0	250	0 0 0 0 0 0 1 0 0 0 0 0 0 1 0 0
0	250	0 1 0 0 0 1 0 0 1 0 0 1 0 0 0 1
0	250	0 0 0 0 0 0 0 0 0 0 0 0 0 0 0 0
0	250	1 0 0 0 0 0 0 0 0 0 1 0 0 0 0 0
20	221	0 0 0 0 0 0 1 0 0 0 0 0 0 1 0 0
20	197	0 1 0 0 0 1 0 0 1 0 0 1 0 0 0 1
20	81	0 0 0 0 0 0 0 0 0 0 0 0 0 0 0 0
20	87	1 0 0 0 0 0 0 0 0 0 1 0 0 0 0 0
20	1	1 0 0 0 0 0 0 0 0 0 0 0 0 0 0 0
20	23	1 0 0 0 0 0 0 0 0 0 1 0 0 0 1 0
20	9	0 0 0 0 0 0 1 0 0 0 0 0 0 1 0 1
20	12	0 0 0 0 0 0 0 0 0 0 0 0 0 1 0 0
20	1	1 0 0 0 0 0 0 0 1 0 0 1 0 0 0 1
20	9	0 0 0 0 1 0 1 0 0 0 0 0 0 1 0 0
20	12	1 0 0 0 0 0 1 0 0 0 0 0 0 1 0 0
20	22	1 0 0 0 0 0 0 0 0 0 1 0 0 0 0 1
20	8	0 1 0 0 0 1 0 0 1 0 0 1 0 0 1 1
20	1	0 0 0 0 0 0 0 0 0 0 0 1 0 0 0 1
20	27	0 1 0 0 1 1 0 0 1 0 0 1 0 0 0 1
20	20	0 1 0 0 0 0 0 0 1 0 0 0 0 1 0 0
20	12	1 1 0 0 0 1 0 0 1 0 0 1 0 0 0 1
20	22	0 1 0 0 0 1 0 0 1 0 0 1 0 0 0 0
20	10	0 1 0 0 0 0 0 0 0 0 1 0 0 0 0 0
20	22	0 1 1 0 0 1 0 0 1 0 0 1 0 0 0 1
20	2	1 0 0 0 0 0 0 0 0 0 1 0 1 0 0 0
20	18	0 1 0 0 0 1 0 0 1 0 0 1 0 1 0 1
20	19	0 1 0 0 0 0 1 0 0 0 0 0 0 1 0 0
20	5	0 0 0 0 0 0 1 0 0 0 1 0 0 0 0 0
20	10	0 1 0 0 0 0 0 0 1 0 0 1 0 0 0 1
20	2	0 1 0 0 0 1 1 0 1 0 0 1 0 1 0 0
20	1	0 0 0 0 0 0 1 0 0 0 0 1 0 0 0 1
20	1	0 1 0 0 0 1 0 0 1 0 0 0 0 1 0 0
20	2	0 1 0 0 0 1 0 0 1 0 0 0 0 0 0 0
20	31	0 0 1 0 0 0 1 0 0 0 0 0 0 1 0 0
20	5	0 0 0 0 0 0 1 0 0 0 0 0 0 1 1 0
20	3	1 1 0 0 0 1 0 0 1 0 1 1 0 0 0 1
20	2	0 0 0 0 1 0 1 0 0 0 0 1 0 0 0 1
20	1	0 0 0 0 0 0 0 0 0 1 0 0 0 0 0 0
20	1	1 0 0 0 0 0 0 0 0 0 1 0 0 1 0 0
20	10	0 1 0 0 0 1 0 0 1 0 0 1 0 1 0 0
20	2	0 0 0 0 0 1 1 0 0 0 0 0 0 1 0 0
20	1	0 1 0 0 0 0 0 1 0 0 1 0 0 0 0 0
20	7	1 1 0 0 0 1 0 0 0 1 1 0 0 0 0 0
20	7	0 0 0 0 0 1 0 0 1 0 0 1 0 0 0 1
20	3	0 1 0 0 0 0 0 0 0 0 0 0 0 0 0 0
20	4	0 1 0 0 1 1 0 0 1 0 0 1 1 0 0 1
20	1	0 1 0 0 0 1 0 0 1 0 1 1 0 1 0 1
20	2	0 1 0 0 0 0 0 0 0 0 1 0 0 0 0 1
20	3	0 0 0 0 0 1 0 0 1 0 0 1 0 1 0 1
20	2	0 0 0 0 0 0 0 0 0 0 0 0 0 0 0 1
20	7	1 0 0 0 0 0 0 0 0 0 0 1 0 0 0 1
20	13	0 0 0 0 0 1 0 1 1 0 0 1 0 0 0 1
20	2	0 1 0 0 0 1 0 0 0 0 0 0 0 0 0 0
20	4	0 1 0 0 0 1 0 0 1 0 0 0 0 0 1 0
20	1	0 1 0 0 0 1 1 0 1 0 0 1 0 0 0 1
20	1	1 0 0 0 0 0 0 0 1 0 0 0 0 0 0 1
20	4	0 0 1 0 0 1 0 0 1 0 0 1 0 0 0 1
20	6	1 1 0 0 0 1 0 0 1 0 1 1 1 0 0 1
20	4	0 0 0 0 0 0 1 0 0 0 0 0 0 0 0 0
20	2	1 0 0 0 0 0 1 0 0 0 0 0 0 1 0 1
20	2	0 0 0 0 0 0 0 0 0 0 1 0 0 0 0 0
20	2	1 0 0 0 0 0 1 0 0 0 0 0 0 1 1 0
20	1	1 1 0 0 0 0 0 0 0 0 1 0 0 0 0 1
20	1	1 1 0 0 0 0 0 0 1 0 0 0 0 1 0 0
20	1	1 0 0 0 0 1 0 0 1 0 0 1 0 0 0 1
20	1	0 0 0 0 0 1 0 0 0 0 0 0 0 0 0 0
20	1	0 1 1 0 0 1 0 0 1 0 0 1 0 1 0 1
20	5	0 0 1 0 0 1 0 0 1 0 1 1 0 0 0 1
40	66	0 0 0 0 0 0 1 0 0 0 0 0 0 1 0 0
40	222	0 1 0 0 0 1 0 0 1 0 0 1 0 0 0 1
40	27	0 0 0 0 0 0 0 0 0 0 0 0 0 0 0 0
40	6	1 0 0 0 0 0 0 0 0 0 1 0 0 0 0 0
40	3	1 0 0 0 0 0 0 0 0 0 1 0 0 0 1 0
40	7	1 0 0 0 0 0 1 0 0 0 0 0 0 1 0 0
40	13	1 0 0 0 0 0 0 0 0 0 1 0 0 0 0 1
40	35	0 1 0 0 0 0 0 0 1 0 0 0 0 1 0 0
40	70	1 1 0 0 0 1 0 0 1 0 0 1 0 0 0 1
40	50	0 1 0 0 0 1 0 0 1 0 0 1 0 0 0 0
40	17	0 1 0 0 0 0 0 0 0 0 1 0 0 0 0 0
40	3	0 1 0 0 0 1 0 0 1 0 0 1 0 1 0 1
40	21	0 1 0 0 0 0 1 0 0 0 0 0 0 1 0 0
40	5	0 0 0 0 0 0 1 0 0 0 0 1 0 0 0 1
40	6	0 1 0 0 0 1 0 0 1 0 0 0 0 1 0 0
40	64	0 0 1 0 0 0 1 0 0 0 0 0 0 1 0 0
40	5	0 0 0 0 1 0 1 0 0 0 0 1 0 0 0 1
40	4	0 1 0 0 0 1 0 0 1 0 0 1 0 1 0 0
40	12	0 1 0 0 0 0 0 0 0 0 0 0 0 0 0 0
40	2	0 0 0 0 0 1 0 0 1 0 0 1 0 1 0 1
40	1	1 0 0 0 0 0 0 0 0 0 0 1 0 0 0 1
40	2	0 1 0 0 0 1 0 0 1 0 0 0 0 0 1 0
40	41	0 0 1 0 0 1 0 0 1 0 0 1 0 0 0 1
40	10	1 1 0 0 0 1 0 0 1 0 1 1 1 0 0 1
40	23	0 0 0 0 0 0 1 0 0 0 0 0 0 0 0 0
40	18	1 1 0 0 0 0 1 0 0 0 0 0 0 1 0 0
40	6	1 0 0 0 0 0 1 0 0 0 0 1 0 1 0 0
40	5	0 0 0 0 0 0 0 0 1 0 0 1 0 0 0 1
40	2	1 0 1 0 0 0 1 0 0 0 0 0 0 1 0 0
40	9	0 1 0 1 0 1 0 0 1 0 0 1 0 0 0 1
40	50	0 1 0 0 0 1 0 0 1 1 0 1 0 0 0 1
40	2	0 0 0 0 0 0 0 0 0 1 0 0 0 1 0 0
40	3	0 0 0 0 0 0 1 1 0 0 0 0 0 1 0 0
40	12	0 1 0 0 0 0 0 0 1 0 0 1 0 0 0 1
40	10	0 1 0 0 0 0 0 0 0 0 1 0 0 0 1 0
40	10	0 0 1 0 1 0 1 0 0 0 0 0 0 1 0 0
40	13	0 0 0 0 0 1 0 1 1 0 0 0 0 0 0 1
40	10	0 1 0 0 0 1 0 0 1 0 0 0 0 0 0 0
40	4	0 0 0 0 0 1 1 0 0 0 0 0 0 1 0 0
40	3	0 0 0 0 0 0 0 0 0 0 0 0 0 0 0 1
40	5	0 0 0 0 0 1 1 0 0 0 0 0 0 0 0 0
40	1	0 0 1 0 0 0 1 0 0 0 0 0 0 1 0 1
40	7	1 0 0 0 1 0 1 0 0 0 0 1 0 0 0 1
40	2	0 0 0 0 0 0 1 0 0 0 1 0 0 1 0 0
40	9	0 1 0 0 0 1 0 1 1 0 0 1 0 0 0 1
40	1	0 0 0 0 0 0 1 0 0 0 0 0 0 1 0 1
40	3	0 1 0 0 0 1 1 0 1 0 0 1 0 0 0 1
40	4	0 1 0 0 1 1 0 0 1 0 0 1 0 0 0 1
40	9	0 0 0 1 0 1 0 0 1 0 0 1 0 0 0 1
40	4	0 0 0 0 1 0 1 0 0 0 1 0 0 0 0 1
40	13	0 0 1 0 1 0 1 1 0 0 0 0 0 1 0 0
40	3	0 1 0 0 0 0 1 0 0 0 0 0 0 0 0 0
40	5	0 1 0 0 0 1 0 0 1 1 0 1 0 0 0 0
40	3	0 1 0 1 0 1 0 0 1 0 0 1 0 0 0 0
40	7	1 1 0 0 0 0 0 0 1 1 0 1 0 0 0 1
40	1	0 1 0 0 0 1 0 0 1 0 0 0 0 0 0 1
40	5	1 1 0 0 0 1 0 0 1 0 0 1 1 0 0 1
40	1	0 0 0 0 0 1 0 1 1 0 0 1 0 0 1 1
40	2	0 0 1 0 0 0 1 0 0 0 0 0 1 1 0 1
40	1	0 1 0 0 0 1 0 0 0 0 0 0 0 0 0 0
40	4	0 0 0 0 0 0 1 0 0 0 0 0 1 1 0 0
40	5	1 1 1 0 0 1 0 0 1 0 0 1 0 0 0 1
40	1	1 0 0 0 0 0 0 0 0 0 0 0 0 0 1 0
40	1	0 0 1 0 0 1 0 0 1 0 0 0 0 1 0 0
40	4	1 1 0 0 0 1 0 0 1 0 0 0 0 0 0 0
40	2	1 1 0 0 0 1 0 0 1 0 0 1 0 0 0 0
40	3	1 0 0 0 0 1 0 0 0 0 1 0 0 0 1 0
40	3	0 1 0 0 0 1 0 0 0 0 0 1 0 0 0 0
40	1	0 0 1 0 0 1 0 1 1 0 0 1 0 0 0 1
40	4	0 1 0 0 0 0 1 0 0 0 0 1 0 0 1 1
40	1	0 0 0 0 0 1 0 0 1 0 0 1 0 0 0 1
40	2	0 0 0 0 0 0 0 0 1 0 0 0 0 1 0 0
40	1	1 0 0 0 0 0 0 0 1 0 0 1 0 0 0 1
40	2	0 1 0 0 0 0 0 1 1 0 0 0 0 1 0 0
40	2	1 1 0 0 0 1 0 0 1 0 0 0 0 0 0 1
40	2	0 1 0 0 0 0 1 0 0 1 0 0 0 1 0 0
40	2	0 0 1 0 0 1 1 0 0 0 0 0 0 1 0 0
40	1	0 1 0 0 1 1 0 0 1 1 0 1 0 0 0 1
40	1	0 1 1 0 0 0 1 0 0 0 0 0 0 1 0 1
60	89	0 0 0 0 0 0 1 0 0 0 0 0 0 1 0 0
60	110	0 1 0 0 0 1 0 0 1 0 0 1 0 0 0 1
60	12	1 0 0 0 0 0 1 0 0 0 0 0 0 1 0 0
60	24	0 1 0 0 0 0 0 0 1 0 0 0 0 1 0 0
60	32	1 1 0 0 0 1 0 0 1 0 0 1 0 0 0 1
60	38	0 1 0 0 0 1 0 0 1 0 0 1 0 0 0 0
60	23	0 1 0 0 0 0 0 0 0 0 1 0 0 0 0 0
60	20	0 1 0 0 0 0 1 0 0 0 0 0 0 1 0 0
60	3	0 1 0 0 0 1 0 0 1 0 0 0 0 1 0 0
60	14	0 0 1 0 0 0 1 0 0 0 0 0 0 1 0 0
60	23	0 0 0 0 1 0 1 0 0 0 0 1 0 0 0 1
60	5	0 1 0 0 0 1 0 0 1 0 0 0 0 0 1 0
60	4	0 0 1 0 0 1 0 0 1 0 0 1 0 0 0 1
60	105	0 0 0 0 0 0 1 0 0 0 0 0 0 0 0 0
60	6	1 1 0 0 0 0 1 0 0 0 0 0 0 1 0 0
60	34	0 1 0 0 0 1 0 0 1 1 0 1 0 0 0 1
60	2	0 1 0 0 0 0 0 0 1 0 0 1 0 0 0 1
60	9	0 1 0 0 0 0 0 0 0 0 1 0 0 0 1 0
60	9	0 0 0 0 0 1 0 1 1 0 0 0 0 0 0 1
60	13	0 1 0 0 0 1 0 0 1 0 0 0 0 0 0 0
60	7	0 0 0 0 0 0 0 0 0 0 0 0 0 0 0 1
60	16	0 1 0 0 0 1 0 1 1 0 0 1 0 0 0 1
60	24	0 1 0 0 1 1 0 0 1 0 0 1 0 0 0 1
60	6	0 0 0 0 1 0 1 0 0 0 1 0 0 0 0 1
60	7	0 1 0 0 0 0 1 0 0 0 0 0 0 0 0 0
60	27	0 1 0 1 0 1 0 0 1 0 0 1 0 0 0 0
60	13	1 1 0 0 0 0 0 0 1 1 0 1 0 0 0 1
60	5	0 1 0 0 0 1 0 0 0 0 0 1 0 0 0 0
60	19	0 0 0 0 0 1 0 0 1 0 0 1 0 0 0 1
60	14	0 1 1 0 0 1 0 0 1 0 0 1 0 0 0 1
60	5	1 1 0 0 1 1 0 0 1 0 0 1 0 0 0 1
60	19	0 1 0 0 0 1 0 0 1 0 0 1 1 0 0 1
60	14	0 0 1 0 0 1 1 0 0 1 0 1 0 0 0 1
60	4	0 1 0 0 0 1 0 0 0 0 0 0 0 0 0 0
60	8	0 0 1 0 1 0 1 1 0 0 0 1 0 0 0 1
60	7	1 0 0 0 0 1 0 0 1 0 0 1 0 1 0 1
60	2	1 0 1 0 0 1 0 0 1 0 0 1 0 0 0 1
60	11	0 1 0 0 1 1 0 1 1 0 0 1 0 0 0 1
60	7	0 1 0 0 0 1 0 0 1 0 0 0 0 0 0 1
60	1	0 0 0 0 0 1 0 0 1 0 0 0 0 0 0 0
60	4	1 1 0 1 0 1 0 0 1 0 0 0 0 1 0 0
60	2	1 0 0 0 1 0 0 0 1 1 0 1 0 0 0 1
60	15	1 1 0 0 0 1 0 1 1 0 0 1 0 0 0 0
60	8	0 0 0 0 0 1 0 1 1 0 0 0 0 0 1 1
60	13	0 1 0 0 1 1 0 0 1 0 0 1 0 0 0 0
60	8	1 0 1 0 0 1 0 0 0 0 0 0 0 1 0 0
60	4	0 1 0 0 0 1 0 1 1 0 0 1 0 0 0 0
60	11	0 0 1 1 0 0 1 0 0 0 0 0 0 1 0 0
60	7	0 1 0 0 0 1 0 1 1 0 0 0 0 0 1 0
60	7	0 1 0 0 0 1 0 0 0 0 0 0 0 1 0 0
60	8	0 1 0 0 0 0 0 0 1 0 0 1 0 0 0 0
60	3	0 0 1 0 0 0 1 0 0 0 0 0 0 1 0 1
60	4	0 1 0 0 0 0 0 0 1 0 0 1 0 1 0 1
60	2	0 1 1 0 0 1 0 0 1 0 0 1 0 0 1 1
60	6	1 1 0 0 0 0 1 0 0 0 0 0 0 0 1 0
60	1	0 1 0 0 0 0 0 0 0 0 1 0 1 0 0 1
60	2	0 0 0 0 0 1 0 0 1 0 0 1 0 0 0 0
60	1	0 0 0 0 1 0 1 0 0 0 0 0 0 0 0 0
60	13	0 1 0 0 0 0 0 0 0 0 0 0 0 1 0 0
60	6	0 0 0 0 0 0 1 0 0 0 0 0 0 0 0 1
60	1	0 1 0 0 0 1 0 0 0 0 0 0 0 1 0 1
60	1	0 0 0 1 0 0 1 0 0 0 0 0 0 1 0 0
60	5	0 0 0 0 0 0 1 1 0 0 0 0 0 0 0 0
60	3	0 1 1 0 0 1 0 1 1 0 0 1 0 0 0 1
60	2	0 0 0 0 0 0 1 0 1 0 0 0 0 0 0 0
60	1	1 1 0 0 0 0 0 0 1 0 0 0 0 1 0 0
60	4	0 1 0 0 0 0 1 0 0 0 1 0 0 1 0 0
60	5	0 0 0 0 0 0 1 0 0 0 1 0 0 0 0 0
60	4	0 1 0 0 0 0 0 0 1 1 0 1 0 0 0 1
60	6	1 1 0 0 0 1 0 0 1 0 0 1 0 0 0 0
60	1	0 0 0 0 0 0 1 0 1 0 0 1 0 0 0 1
60	4	0 0 1 0 0 0 1 0 0 0 0 0 0 0 0 0
60	4	0 0 0 0 0 0 1 0 1 0 0 0 0 1 0 0
60	1	0 1 1 0 0 1 1 0 1 0 0 1 0 0 1 1
60	7	0 0 0 0 0 0 1 0 0 0 0 0 0 1 0 1
60	4	1 1 0 0 0 1 0 0 1 1 0 1 0 0 0 1
60	1	0 0 0 0 0 0 1 0 0 0 0 1 0 0 0 0
60	1	1 1 0 0 0 0 1 0 0 1 0 0 0 1 0 0
60	3	1 1 1 0 0 0 0 0 1 1 0 1 0 0 0 1
60	2	0 0 0 0 0 1 0 0 1 0 0 1 1 0 0 1
60	3	0 1 0 1 0 1 0 0 1 0 0 0 0 1 0 0
60	3	0 0 0 0 1 0 0 0 0 0 0 1 0 0 1 1
60	5	1 1 0 0 1 1 0 0 0 0 0 1 0 1 0 1
60	1	1 0 0 0 1 1 1 0 1 0 0 1 0 0 1 1
60	1	0 1 0 0 0 1 0 1 1 0 0 0 0 0 0 1
60	1	0 1 0 1 0 1 0 0 1 0 0 1 0 0 0 1
60	3	0 1 0 0 0 1 0 0 1 0 1 1 0 0 0 0
60	1	0 0 1 0 0 0 0 0 0 0 0 0 0 1 0 0
60	1	0 0 0 0 0 1 1 0 0 0 0 0 0 0 0 0
60	2	0 1 0 0 0 0 0 0 0 0 0 1 0 0 0 1
60	2	0 1 0 0 1 1 0 0 0 0 0 1 0 0 0 1
60	1	0 1 0 1 0 1 0 0 1 0 1 1 0 0 0 0
80	39	0 0 0 0 0 0 1 0 0 0 0 0 0 1 0 0
80	79	0 1 0 0 0 1 0 0 1 0 0 1 0 0 0 1
80	8	1 0 0 0 0 0 1 0 0 0 0 0 0 1 0 0
80	22	0 1 0 0 0 0 0 0 1 0 0 0 0 1 0 0
80	55	1 1 0 0 0 1 0 0 1 0 0 1 0 0 0 1
80	1	0 1 0 0 0 1 0 0 1 0 0 1 0 0 0 0
80	1	0 1 0 0 0 0 0 0 0 0 1 0 0 0 0 0
80	12	0 1 0 0 0 0 1 0 0 0 0 0 0 1 0 0
80	14	0 1 0 0 0 1 0 0 1 0 0 0 0 1 0 0
80	17	0 0 1 0 0 0 1 0 0 0 0 0 0 1 0 0
80	26	0 0 0 0 1 0 1 0 0 0 0 1 0 0 0 1
80	55	0 0 0 0 0 0 1 0 0 0 0 0 0 0 0 0
80	16	1 1 0 0 0 0 1 0 0 0 0 0 0 1 0 0
80	17	0 1 0 0 0 1 0 0 1 1 0 1 0 0 0 1
80	19	0 1 0 0 0 0 0 0 0 0 1 0 0 0 1 0
80	8	0 1 0 0 0 1 0 0 1 0 0 0 0 0 0 0
80	38	0 1 0 0 0 1 0 1 1 0 0 1 0 0 0 1
80	3	0 1 0 0 1 1 0 0 1 0 0 1 0 0 0 1
80	18	0 1 0 1 0 1 0 0 1 0 0 1 0 0 0 0
80	33	1 1 0 0 0 0 0 0 1 1 0 1 0 0 0 1
80	16	0 0 0 0 0 1 0 0 1 0 0 1 0 0 0 1
80	8	0 1 0 0 0 1 0 0 1 0 0 1 1 0 0 1
80	5	0 0 1 0 0 1 1 0 0 1 0 1 0 0 0 1
80	8	0 0 1 0 1 0 1 1 0 0 0 1 0 0 0 1
80	3	0 1 0 0 0 1 0 0 1 0 0 0 0 0 0 1
80	4	1 1 0 1 0 1 0 0 1 0 0 0 0 1 0 0
80	21	1 1 0 0 0 1 0 1 1 0 0 1 0 0 0 0
80	6	0 1 0 0 1 1 0 0 1 0 0 1 0 0 0 0
80	4	0 0 1 1 0 0 1 0 0 0 0 0 0 1 0 0
80	2	0 1 0 0 0 1 0 0 0 0 0 0 0 1 0 0
80	4	0 1 0 0 0 0 0 0 0 0 0 0 0 1 0 0
80	4	0 0 0 0 0 0 1 0 0 0 0 0 0 0 0 1
80	28	1 1 0 0 0 0 0 0 1 0 0 0 0 1 0 0
80	13	0 1 0 0 0 0 0 0 1 1 0 1 0 0 0 1
80	1	1 1 0 0 0 1 0 0 1 0 0 1 0 0 0 0
80	3	0 0 0 0 0 0 1 0 0 0 0 0 0 1 0 1
80	7	1 1 0 0 0 1 0 0 1 1 0 1 0 0 0 1
80	16	1 1 1 0 0 0 0 0 1 1 0 1 0 0 0 1
80	15	0 0 0 0 1 0 0 0 0 0 0 1 0 0 1 1
80	8	0 1 0 1 0 1 0 0 1 0 1 1 0 0 0 0
80	3	0 0 0 0 0 0 1 0 0 0 0 0 1 0 0 0
80	9	0 0 0 0 0 0 0 0 1 0 0 1 0 0 0 1
80	15	0 0 0 0 0 0 1 0 0 0 0 1 0 0 0 1
80	1	0 1 0 0 0 1 0 0 0 0 0 0 0 0 1 0
80	10	0 1 0 0 0 0 0 0 1 0 0 0 0 1 0 1
80	43	1 1 0 0 0 0 0 0 1 0 0 1 0 0 0 1
80	11	1 1 0 0 0 1 0 0 0 0 0 1 0 0 0 0
80	1	0 1 0 0 0 1 1 0 1 1 0 1 0 0 0 1
80	6	0 1 0 1 0 1 0 0 1 0 0 0 0 0 0 1
80	2	0 0 0 0 0 0 0 0 1 0 0 0 0 1 0 0
80	6	0 1 1 0 0 1 0 1 1 0 0 1 0 0 0 1
80	31	0 1 1 0 0 1 0 0 1 0 0 0 0 0 0 1
80	11	0 0 0 0 1 0 0 0 0 0 0 1 0 0 1 0
80	6	0 1 0 0 0 1 0 1 1 0 0 1 0 0 0 0
80	6	0 0 0 0 0 0 1 0 1 0 0 0 0 0 0 0
80	1	0 1 1 0 0 1 0 0 1 0 0 1 0 1 0 0
80	6	0 1 1 0 0 0 0 0 0 0 1 0 0 0 1 0
80	3	0 0 1 0 1 0 1 1 0 1 0 1 0 0 0 1
80	4	0 1 0 1 1 1 0 0 1 0 0 1 0 0 0 0
80	1	1 0 0 0 0 0 1 0 0 0 0 1 0 0 0 1
80	6	0 1 1 0 0 1 0 0 0 0 0 0 0 0 1 0
80	10	0 1 1 0 0 1 0 0 1 0 0 1 1 0 0 1
80	4	1 1 0 0 0 1 0 0 0 0 0 1 0 0 0 1
80	19	1 1 0 0 0 1 0 0 1 0 0 0 0 0 0 0
80	3	1 1 0 0 0 1 1 0 1 0 0 1 0 0 0 1
80	1	0 1 1 0 1 0 1 1 0 0 0 1 0 0 0 1
80	2	1 1 0 0 0 0 0 0 0 0 1 0 0 0 0 0
80	1	1 0 0 0 1 0 1 0 0 0 0 1 0 0 0 1
80	1	1 1 0 0 0 1 0 0 0 0 0 0 1 0 0 0
80	7	1 1 0 0 0 0 0 0 1 0 0 1 0 0 0 0
80	4	0 0 0 0 0 0 0 0 0 0 0 0 0 0 1 0
80	2	1 1 0 0 0 0 1 0 0 0 0 0 0 0 0 0
80	3	0 1 0 0 0 1 0 1 1 1 0 1 0 0 0 1
80	2	1 1 0 0 0 1 0 0 1 0 0 1 0 0 1 0
80	2	1 1 0 0 0 0 1 0 1 0 0 1 0 0 0 1
80	5	1 1 0 1 0 1 0 0 1 0 0 1 0 0 1 1
80	3	0 1 1 0 0 0 0 0 0 0 1 0 0 0 0 0
80	1	0 0 0 0 0 0 0 0 0 0 0 0 0 0 0 0
80	3	1 1 0 0 0 1 1 0 0 0 0 0 0 1 0 0
80	2	1 1 0 0 0 0 0 0 0 0 1 0 0 0 1 0
80	4	0 1 0 0 0 1 0 1 1 0 1 1 0 0 0 1
80	10	0 1 0 1 0 1 0 1 1 0 0 1 0 0 0 0
80	9	1 0 0 0 1 0 1 0 0 0 0 1 0 0 1 1
80	2	0 1 0 0 1 1 0 0 1 0 0 0 0 1 0 0
80	1	0 1 0 0 0 1 0 0 0 0 1 0 0 0 0 0
80	4	0 1 0 0 0 0 0 0 0 0 1 1 0 0 1 0
80	1	0 1 0 1 1 1 0 0 1 0 0 1 0 0 0 1
80	2	0 1 0 1 0 1 0 0 1 0 0 0 0 0 0 0
80	6	0 0 0 0 1 1 0 0 0 0 0 1 0 0 1 0
80	2	0 1 0 0 0 1 0 1 1 0 0 1 0 1 0 0
80	6	1 0 0 0 0 1 0 0 1 0 0 1 0 0 0 1
80	1	0 1 0 0 0 0 0 0 1 0 1 0 0 1 0 1
80	1	0 1 0 0 0 0 0 0 1 0 0 0 0 0 0 1
80	1	0 0 0 0 1 0 1 1 1 1 0 1 0 0 0 1
80	2	1 1 1 0 0 0 0 0 1 1 0 1 0 0 0 0
80	2	0 1 0 0 0 0 0 0 0 0 1 0 0 1 1 0
80	1	0 0 0 0 0 0 1 0 0 0 0 0 0 0 1 1
80	2	1 1 1 0 0 1 0 0 1 0 0 0 0 0 0 1
80	2	0 1 0 1 1 1 0 0 1 0 1 1 0 0 0 0
80	2	1 1 1 0 0 1 0 0 1 0 0 1 1 0 0 1
80	1	0 1 0 0 0 1 0 0 1 0 0 1 0 1 0 0
80	1	0 1 0 0 0 1 0 0 1 1 0 0 0 1 0 0
80	2	1 1 0 0 0 0 0 0 1 1 0 0 0 1 0 0
80	1	0 0 0 0 0 0 1 0 0 0 0 0 1 1 0 0
80	1	0 1 0 0 0 1 0 0 0 0 0 0 1 1 0 0
80	3	0 1 0 0 0 1 0 0 1 0 1 1 0 0 0 0
80	1	0 0 1 0 0 0 1 0 0 0 0 0 1 0 0 0
80	3	1 1 0 0 0 0 0 0 1 0 1 1 0 0 0 1
80	1	1 1 0 0 0 1 0 0 0 0 0 1 0 1 0 0
80	1	0 0 0 0 0 0 1 0 1 0 0 0 0 0 1 0
80	1	1 0 1 1 0 0 1 0 0 0 0 1 0 0 0 1
80	3	0 1 1 0 0 0 0 0 1 0 0 1 1 0 0 1
80	1	0 1 1 0 0 0 0 0 0 0 1 0 0 1 0 0
80	1	0 1 0 0 0 0 0 0 0 0 1 1 0 0 1 1
80	2	0 1 0 1 1 1 0 0 1 0 1 1 0 0 0 1
80	2	1 1 1 0 0 1 0 0 1 0 1 0 0 0 0 1
100	17	0 0 0 0 0 0 1 0 0 0 0 0 0 1 0 0
100	44	0 1 0 0 0 1 0 0 1 0 0 1 0 0 0 1
100	24	1 0 0 0 0 0 1 0 0 0 0 0 0 1 0 0
100	28	0 1 0 0 0 0 0 0 1 0 0 0 0 1 0 0
100	27	1 1 0 0 0 1 0 0 1 0 0 1 0 0 0 1
100	7	0 1 0 0 0 0 1 0 0 0 0 0 0 1 0 0
100	20	0 0 0 0 1 0 1 0 0 0 0 1 0 0 0 1
100	45	0 0 0 0 0 0 1 0 0 0 0 0 0 0 0 0
100	25	1 1 0 0 0 0 1 0 0 0 0 0 0 1 0 0
100	11	0 1 0 0 0 0 0 0 0 0 1 0 0 0 1 0
100	17	0 1 0 0 0 1 0 0 1 0 0 0 0 0 0 0
100	33	0 1 0 0 0 1 0 1 1 0 0 1 0 0 0 1
100	9	0 1 0 1 0 1 0 0 1 0 0 1 0 0 0 0
100	17	0 1 0 0 1 1 0 0 1 0 0 1 0 0 0 0
100	11	0 0 1 1 0 0 1 0 0 0 0 0 0 1 0 0
100	14	0 1 0 0 0 1 0 0 0 0 0 0 0 1 0 0
100	2	0 1 0 0 0 0 0 0 0 0 0 0 0 1 0 0
100	1	0 0 0 0 0 0 1 0 0 0 0 0 0 0 0 1
100	31	1 1 0 0 0 0 0 0 1 0 0 0 0 1 0 0
100	15	0 1 0 0 0 0 0 0 1 1 0 1 0 0 0 1
100	3	1 1 0 0 0 1 0 0 1 0 0 1 0 0 0 0
100	6	0 0 0 0 1 0 0 0 0 0 0 1 0 0 1 1
100	7	0 1 0 1 0 1 0 0 1 0 1 1 0 0 0 0
100	2	0 0 0 0 0 0 0 0 1 0 0 1 0 0 0 1
100	7	0 0 0 0 0 0 1 0 0 0 0 1 0 0 0 1
100	9	1 1 0 0 0 0 0 0 1 0 0 1 0 0 0 1
100	33	0 1 1 0 0 1 0 0 1 0 0 0 0 0 0 1
100	16	0 0 0 0 0 0 1 0 1 0 0 0 0 0 0 0
100	4	0 0 1 0 1 0 1 1 0 1 0 1 0 0 0 1
100	1	0 1 0 1 1 1 0 0 1 0 0 1 0 0 0 0
100	8	0 1 1 0 0 1 0 0 1 0 0 1 1 0 0 1
100	73	1 1 0 0 0 1 0 0 1 0 0 0 0 0 0 0
100	3	1 1 0 0 0 0 0 0 1 0 0 1 0 0 0 0
100	1	1 1 0 0 0 0 1 0 0 0 0 0 0 0 0 0
100	6	1 1 0 1 0 1 0 0 1 0 0 1 0 0 1 1
100	7	1 1 0 0 0 1 1 0 0 0 0 0 0 1 0 0
100	3	1 1 0 0 0 0 0 0 0 0 1 0 0 0 1 0
100	9	0 1 0 0 0 1 0 1 1 0 1 1 0 0 0 1
100	9	0 1 0 1 0 1 0 1 1 0 0 1 0 0 0 0
100	14	0 1 0 0 0 0 0 0 0 0 1 1 0 0 1 0
100	16	1 0 0 0 0 1 0 0 1 0 0 1 0 0 0 1
100	9	0 1 0 1 1 1 0 0 1 0 1 1 0 0 0 0
100	2	0 0 0 0 0 0 1 0 0 0 0 0 1 1 0 0
100	14	0 1 0 0 0 1 0 0 1 0 1 1 0 0 0 0
100	6	0 0 0 0 0 0 1 0 0 1 0 1 0 0 0 1
100	6	0 1 0 0 0 1 0 0 1 0 1 1 0 0 0 1
100	30	1 1 0 0 0 0 0 0 0 1 1 0 0 0 1 0
100	4	0 1 0 0 1 0 0 0 0 0 0 1 0 0 1 1
100	21	0 1 0 0 0 0 0 0 0 0 0 1 0 0 1 1
100	12	0 1 0 0 0 0 0 0 1 0 0 1 0 0 0 1
100	10	1 0 0 1 0 0 1 0 0 0 0 0 0 1 0 0
100	2	1 1 1 0 0 1 0 0 1 0 0 0 0 0 0 1
100	1	0 1 0 0 0 1 0 0 1 0 1 1 0 1 0 0
100	9	0 1 1 0 0 1 0 0 1 0 0 1 0 0 0 0
100	3	0 1 1 0 0 1 0 0 1 0 0 1 0 1 0 0
100	21	0 1 0 0 0 1 0 0 1 0 0 0 0 0 0 1
100	2	1 1 0 0 0 1 0 1 1 0 0 1 0 0 0 1
100	1	0 1 1 0 0 1 0 0 1 0 0 1 1 0 0 0
100	1	1 1 0 0 0 1 0 0 0 1 0 1 0 0 0 0
100	1	0 1 0 1 0 0 0 0 0 0 0 1 0 0 1 1
100	36	0 1 0 1 0 1 1 0 0 0 0 0 0 1 0 0
100	6	1 1 0 0 0 0 1 0 0 0 0 0 0 0 0 1
100	4	1 1 0 0 0 1 0 0 1 0 1 0 0 0 0 0
100	9	0 1 0 1 1 1 0 0 1 0 0 1 0 0 0 1
100	3	0 0 1 0 0 1 0 0 1 0 0 1 0 0 0 1
100	9	1 1 0 0 0 1 1 1 1 0 0 1 0 0 0 0
100	8	0 1 0 1 0 1 0 0 0 0 1 1 0 0 1 0
100	1	0 1 0 1 1 1 0 0 1 0 0 0 0 0 0 1
100	2	0 1 0 0 0 1 1 0 1 1 0 1 0 0 0 1
100	2	0 1 0 0 0 0 1 0 1 1 0 1 0 0 0 1
100	7	0 1 0 0 0 1 0 1 1 0 0 0 0 1 0 0
100	1	0 1 0 0 0 0 0 0 1 1 0 1 0 1 0 0
100	5	0 1 0 0 0 0 0 0 1 1 0 0 0 0 0 1
100	1	1 1 0 1 0 0 0 0 1 0 0 1 0 0 0 1
100	6	0 1 0 1 1 1 0 0 1 0 0 1 0 1 0 0
100	3	1 0 0 0 0 1 0 0 1 0 0 0 0 0 0 0
100	1	1 1 0 0 0 0 1 0 0 1 1 0 0 0 1 0
100	6	1 0 0 0 0 1 0 1 1 0 0 1 0 0 0 0
100	1	1 1 0 0 0 0 0 0 1 0 0 0 0 1 1 0
100	5	0 1 0 0 0 1 0 0 0 0 0 1 0 1 0 0
100	4	0 1 0 0 1 1 0 0 1 0 0 1 0 0 0 1
100	2	0 1 0 1 0 1 0 0 1 0 1 1 0 0 0 1
100	4	0 1 0 1 0 1 0 1 1 0 0 1 0 0 0 1
100	2	0 1 0 0 0 1 0 1 1 0 1 0 0 0 1 0
100	2	1 1 0 0 0 1 0 1 0 0 1 1 0 0 1 0
100	2	0 0 0 0 0 0 1 0 0 0 0 1 0 1 0 0
100	3	0 1 0 0 0 0 0 0 1 0 1 0 0 0 1 0
100	1	0 1 0 0 0 1 0 0 0 0 1 1 0 0 1 0
100	1	0 1 1 0 0 1 0 0 1 0 0 0 1 0 0 0
100	2	1 1 1 0 0 0 0 0 0 0 1 1 0 0 1 0
100	2	0 1 1 0 0 1 0 1 1 0 0 0 0 0 0 0
100	2	0 1 0 1 0 1 0 0 1 0 0 0 0 0 0 0
100	4	0 1 0 1 0 1 1 0 0 0 1 0 0 1 0 0
100	2	1 0 1 0 0 1 0 0 1 0 0 1 0 0 0 1
100	5	1 1 0 0 0 0 1 0 0 0 0 1 0 0 0 1
100	2	0 1 1 0 0 1 0 0 1 0 0 1 0 0 0 1
100	3	1 1 0 0 0 0 1 0 1 0 0 1 0 0 0 1
100	3	0 1 0 0 0 1 0 0 0 0 0 0 0 0 0 0
100	1	0 1 1 0 0 0 0 0 1 1 0 1 0 0 0 1
100	1	0 0 0 0 0 0 1 1 0 0 0 1 0 0 0 1
100	2	0 1 0 0 0 0 0 1 1 0 1 1 0 0 0 0
100	2	0 1 0 1 1 1 0 0 1 1 0 1 0 0 0 1
100	1	1 0 0 0 0 0 1 0 1 0 0 1 0 0 0 0
100	4	1 1 0 0 0 1 0 0 1 0 0 0 0 1 0 0
100	2	0 0 0 0 0 1 0 0 1 0 0 1 0 0 0 1
100	1	0 0 0 0 0 1 0 0 1 0 0 0 0 0 0 1
100	2	0 1 0 0 0 0 0 0 1 1 1 1 0 0 0 0
100	1	0 0 0 0 0 0 0 0 1 0 0 1 0 0 0 0
100	3	1 0 0 1 0 1 0 0 1 0 0 1 0 0 0 1
100	4	0 1 0 1 0 1 0 0 1 0 0 1 0 0 0 1
100	1	0 1 0 0 0 1 0 0 1 0 1 0 0 0 0 0
100	1	1 1 0 0 1 1 0 0 1 0 0 1 0 0 0 0
100	2	0 0 0 0 0 1 1 0 1 0 0 0 0 0 0 0
100	2	1 1 1 0 0 0 0 0 1 0 0 1 0 0 0 0
100	1	1 1 0 0 0 1 1 0 0 0 1 0 0 1 0 0
100	2	1 1 0 0 0 1 0 0 0 0 1 0 0 0 1 0
100	2	1 0 1 1 0 0 1 0 0 0 0 0 0 1 0 0
100	2	0 0 0 0 0 1 0 0 0 0 1 1 0 0 1 0
100	1	0 1 0 1 1 1 0 0 1 0 0 1 0 1 0 1
100	2	1 0 0 0 0 0 1 0 1 0 0 0 0 1 0 0
100	1	1 1 0 0 0 0 1 0 0 0 1 0 0 1 0 0
100	1	1 1 0 0 0 0 1 0 0 0 0 0 1 1 0 0
100	1	0 1 0 0 0 1 0 1 1 1 0 1 0 0 0 1
100	1	1 1 0 1 1 1 0 0 1 0 0 1 0 0 1 1
100	1	1 1 1 0 0 1 1 0 0 0 0 0 0 1 0 0
100	1	0 1 0 0 0 1 0 1 1 0 1 1 0 0 0 0
100	1	0 1 0 1 0 1 0 0 1 0 1 1 0 0 1 0
100	1	0 0 0 0 0 1 1 0 1 0 0 0 0 0 0 1
120	5	0 0 0 0 0 0 1 0 0 0 0 0 0 1 0 0
120	21	0 1 0 0 0 1 0 0 1 0 0 1 0 0 0 1
120	12	0 1 0 0 0 0 0 0 1 0 0 0 0 1 0 0
120	18	1 1 0 0 0 1 0 0 1 0 0 1 0 0 0 1
120	12	0 1 0 0 0 0 1 0 0 0 0 0 0 1 0 0
120	7	0 0 0 0 1 0 1 0 0 0 0 1 0 0 0 1
120	5	0 0 0 0 0 0 1 0 0 0 0 0 0 0 0 0
120	15	1 1 0 0 0 0 1 0 0 0 0 0 0 1 0 0
120	2	0 1 0 0 0 0 0 0 0 0 1 0 0 0 1 0
120	25	0 1 0 0 0 1 0 0 1 0 0 0 0 0 0 0
120	6	0 1 0 0 0 1 0 1 1 0 0 1 0 0 0 1
120	4	0 1 0 1 0 1 0 0 1 0 0 1 0 0 0 0
120	16	0 1 0 0 1 1 0 0 1 0 0 1 0 0 0 0
120	15	1 1 0 0 0 0 0 0 1 0 0 0 0 1 0 0
120	6	0 1 0 0 0 0 0 0 1 1 0 1 0 0 0 1
120	6	0 0 0 0 1 0 0 0 0 0 0 1 0 0 1 1
120	12	1 1 0 0 0 0 0 0 1 0 0 1 0 0 0 1
120	32	0 1 1 0 0 1 0 0 1 0 0 0 0 0 0 1
120	17	0 0 0 0 0 0 1 0 1 0 0 0 0 0 0 0
120	14	0 0 1 0 1 0 1 1 0 1 0 1 0 0 0 1
120	76	1 1 0 0 0 1 0 0 1 0 0 0 0 0 0 0
120	5	1 1 0 1 0 1 0 0 1 0 0 1 0 0 1 1
120	2	1 1 0 0 0 1 1 0 0 0 0 0 0 1 0 0
120	9	0 1 0 0 0 0 0 0 0 0 1 1 0 0 1 0
120	9	0 1 0 1 1 1 0 0 1 0 1 1 0 0 0 0
120	13	0 1 0 0 0 1 0 0 1 0 1 1 0 0 0 0
120	27	1 1 0 0 0 0 0 0 0 1 1 0 0 0 1 0
120	1	0 1 0 0 1 0 0 0 0 0 0 1 0 0 1 1
120	1	0 1 0 0 0 0 0 0 0 0 0 1 0 0 1 1
120	4	0 1 0 0 0 0 0 0 1 0 0 1 0 0 0 1
120	19	1 0 0 1 0 0 1 0 0 0 0 0 0 1 0 0
120	4	0 1 0 0 0 1 0 0 1 0 0 0 0 0 0 1
120	30	0 1 0 1 0 1 1 0 0 0 0 0 0 1 0 0
120	9	1 1 0 0 0 1 0 0 1 0 1 0 0 0 0 0
120	31	0 1 0 1 1 1 0 0 1 0 0 1 0 1 0 0
120	1	1 0 0 0 0 1 0 0 1 0 0 0 0 0 0 0
120	23	1 1 1 0 0 0 0 0 0 0 1 1 0 0 1 0
120	20	0 1 0 1 0 1 0 0 1 0 0 0 0 0 0 0
120	7	1 1 0 0 0 0 1 0 0 0 0 1 0 0 0 1
120	13	1 1 0 0 0 1 0 0 1 0 0 0 0 1 0 0
120	5	0 1 0 1 0 1 0 0 1 0 0 1 0 0 0 1
120	11	1 0 1 1 0 0 1 0 0 0 0 0 0 1 0 0
120	11	1 1 0 0 0 0 1 0 0 0 1 0 0 1 0 0
120	4	1 1 0 0 0 0 1 0 0 0 0 0 0 0 1 0
120	6	0 0 1 0 0 1 0 0 1 0 0 1 0 1 0 0
120	11	1 1 0 0 0 1 0 0 1 0 1 1 0 0 0 1
120	1	1 1 0 0 1 0 0 0 1 0 0 0 0 1 0 0
120	16	1 1 0 0 0 1 0 0 1 0 0 0 0 0 0 1
120	4	1 1 0 0 0 1 0 0 1 0 0 1 0 0 0 0
120	9	0 0 0 0 0 0 1 0 0 1 0 1 0 1 0 0
120	10	0 1 0 0 0 0 1 0 0 0 0 0 0 0 0 0
120	12	0 0 0 1 0 0 1 0 0 0 0 0 0 0 0 0
120	3	1 1 0 0 0 0 0 0 0 1 1 1 0 0 1 0
120	17	0 1 0 0 1 1 0 0 1 0 1 1 0 0 0 0
120	10	0 1 1 0 0 0 0 0 0 0 0 1 0 0 1 1
120	3	1 1 0 1 0 1 0 0 1 0 0 1 1 0 1 1
120	1	0 1 0 0 0 1 0 0 1 0 1 1 0 0 1 0
120	5	0 0 1 0 0 1 1 0 1 0 0 1 0 1 0 0
120	7	0 0 0 0 0 1 1 0 0 0 0 1 0 0 1 0
120	16	0 1 0 1 1 1 0 0 1 0 0 0 0 1 0 0
120	4	1 0 0 0 0 0 1 0 1 0 0 0 0 0 0 0
120	18	0 1 0 0 0 1 0 0 0 0 1 1 0 0 1 0
120	34	0 1 0 0 1 1 1 0 0 0 0 0 0 0 0 0
120	1	0 0 0 0 1 0 0 0 0 0 1 0 0 0 1 0
120	7	0 1 0 0 1 0 0 0 0 0 0 1 0 0 0 1
120	2	0 1 0 0 0 0 1 0 0 0 0 0 0 0 0 1
120	9	1 1 0 0 0 0 0 0 0 1 1 1 0 1 0 0
120	5	0 1 0 1 1 1 0 0 1 0 1 1 0 1 0 0
120	3	0 0 0 0 0 0 1 0 0 0 0 1 0 0 0 0
120	2	0 0 0 0 1 0 0 0 0 0 0 1 0 1 0 0
120	9	0 1 0 1 0 1 0 0 1 0 0 1 0 1 0 0
120	1	0 1 0 1 0 1 1 0 0 0 0 0 0 0 0 1
120	1	1 1 0 1 0 1 0 1 1 0 0 1 0 0 1 1
120	2	0 1 0 0 0 1 0 0 1 0 1 0 0 0 0 0
120	3	0 0 0 0 1 1 0 0 1 0 1 1 0 1 0 0
120	1	0 1 0 0 1 0 0 0 1 0 0 0 0 0 0 0
120	19	0 1 0 1 0 1 1 0 0 0 0 1 0 1 0 0
120	2	1 1 0 0 0 0 1 0 0 0 0 0 0 0 0 0
120	1	1 1 0 0 0 0 0 0 0 0 0 0 0 1 0 0
120	3	0 1 0 0 0 1 0 0 1 0 0 1 0 0 0 0
120	5	0 0 0 0 0 1 0 0 1 0 0 1 0 0 0 1
120	2	0 1 1 0 1 1 0 0 1 0 0 1 0 0 0 0
120	4	0 1 0 1 1 1 0 0 1 0 0 1 0 0 1 0
120	5	0 1 0 0 1 0 0 0 0 0 0 0 0 1 0 0
120	2	1 0 0 0 0 0 0 0 0 1 1 0 0 0 1 0
120	3	1 1 0 0 1 0 0 0 0 0 0 1 0 0 1 1
120	3	0 1 0 1 1 1 0 0 1 0 0 1 0 1 0 1
120	2	1 1 0 1 0 1 0 0 1 0 0 1 0 0 0 1
120	3	1 0 0 0 0 0 0 0 1 0 0 0 0 0 0 0
120	4	0 0 0 0 1 1 1 0 0 0 0 0 0 0 0 0
120	1	0 0 0 0 0 0 1 0 0 0 1 0 0 0 1 0
120	1	1 1 0 0 0 0 0 0 0 1 1 0 0 0 0 1
120	12	1 1 1 0 0 1 0 0 1 0 0 1 0 0 0 1
120	2	1 1 0 0 0 0 1 0 0 0 1 1 0 0 1 0
120	3	1 1 0 0 0 0 0 0 0 1 1 0 0 0 1 1
120	7	1 1 1 0 0 0 0 0 0 1 1 0 0 0 1 0
120	19	0 1 0 1 1 1 0 0 0 0 0 1 0 1 0 0
120	5	0 0 0 0 0 0 1 0 0 1 0 0 0 1 0 0
120	2	0 0 0 1 0 1 1 0 0 0 0 1 0 1 0 0
120	1	0 1 0 0 0 0 0 0 1 1 0 1 0 1 0 0
120	3	0 1 1 0 0 1 0 0 1 0 0 0 0 0 0 0
120	1	1 1 0 0 0 1 0 0 1 0 0 1 0 1 0 0
120	2	0 1 0 1 1 1 0 0 1 0 0 0 0 0 0 0
120	2	1 1 1 0 0 0 0 0 1 0 0 1 0 0 0 1
120	2	0 0 0 0 1 0 0 0 0 0 0 1 0 0 0 0
120	2	1 1 0 0 0 0 0 0 0 1 1 0 0 0 0 0
120	2	1 1 0 0 0 0 0 0 0 1 1 0 1 0 1 0
120	4	1 1 0 0 0 0 1 0 0 0 0 0 0 0 1 1
120	2	1 1 0 0 1 1 0 0 1 0 1 1 0 0 0 0
120	3	0 1 0 1 1 1 0 0 1 0 0 0 0 0 0 1
120	1	0 0 0 0 0 0 0 0 0 0 0 1 0 0 1 1
120	2	0 0 0 0 0 0 1 0 0 0 0 1 0 0 0 1
120	3	0 1 0 0 1 1 0 0 0 0 0 1 0 0 0 0
120	5	1 1 0 0 0 0 1 0 0 1 0 0 0 0 1 0
120	2	1 1 0 0 0 1 0 0 1 1 1 1 0 0 0 1
120	1	0 1 0 1 0 1 0 0 0 0 0 1 0 1 0 0
120	3	0 1 1 0 0 1 0 0 1 0 0 0 0 0 1 0
120	2	0 0 0 0 0 0 1 0 0 1 0 1 0 0 0 0
120	4	0 1 0 0 1 1 0 0 0 0 0 1 0 0 0 1
120	8	1 0 0 1 0 1 0 0 1 0 0 1 0 1 0 0
120	4	1 1 1 1 0 0 0 0 0 0 1 1 0 0 1 0
120	1	1 1 1 0 0 0 0 0 0 0 1 1 1 0 1 0
120	1	0 1 0 1 0 1 0 0 1 1 0 0 0 0 0 0
120	2	0 0 1 0 0 1 0 0 1 0 0 1 0 0 0 0
120	1	1 1 1 0 0 0 0 0 0 0 1 1 0 0 0 1
120	3	0 0 0 1 0 0 1 0 0 0 0 0 0 0 0 1
120	2	0 1 0 0 1 1 0 1 1 0 0 1 0 0 0 1
120	2	0 0 0 1 0 0 1 1 0 0 0 0 0 0 0 0
120	1	0 1 0 0 1 1 0 0 1 0 1 1 0 0 0 1
140	12	0 1 0 0 0 1 0 0 1 0 0 1 0 0 0 1
140	11	0 1 0 0 0 0 0 0 1 0 0 0 0 1 0 0
140	78	1 1 0 0 0 1 0 0 1 0 0 1 0 0 0 1
140	38	1 1 0 0 0 0 1 0 0 0 0 0 0 1 0 0
140	5	0 1 0 0 0 0 0 0 0 0 1 0 0 0 1 0
140	24	0 1 0 0 0 1 0 0 1 0 0 0 0 0 0 0
140	38	0 1 0 0 1 1 0 0 1 0 0 1 0 0 0 0
140	43	1 1 0 0 0 0 0 0 1 0 0 0 0 1 0 0
140	13	0 1 1 0 0 1 0 0 1 0 0 0 0 0 0 1
140	54	1 1 0 0 0 1 0 0 1 0 0 0 0 0 0 0
140	16	1 1 0 1 0 1 0 0 1 0 0 1 0 0 1 1
140	10	0 1 0 0 0 1 0 0 1 0 1 1 0 0 0 0
140	11	1 1 0 0 0 0 0 0 0 1 1 0 0 0 1 0
140	9	0 1 0 0 0 1 0 0 1 0 0 0 0 0 0 1
140	54	0 1 0 1 0 1 1 0 0 0 0 0 0 1 0 0
140	21	0 1 0 1 1 1 0 0 1 0 0 1 0 1 0 0
140	30	1 1 1 0 0 0 0 0 0 0 1 1 0 0 1 0
140	7	0 1 0 1 0 1 0 0 1 0 0 0 0 0 0 0
140	2	0 0 1 0 0 1 0 0 1 0 0 1 0 1 0 0
140	16	1 1 0 0 0 1 0 0 1 0 1 1 0 0 0 1
140	1	1 1 0 0 0 1 0 0 1 0 0 1 0 0 0 0
140	8	0 0 0 0 0 0 1 0 0 1 0 1 0 1 0 0
140	2	0 0 0 1 0 0 1 0 0 0 0 0 0 0 0 0
140	3	0 1 0 0 1 1 0 0 1 0 1 1 0 0 0 0
140	1	0 1 0 1 1 1 0 0 1 0 0 0 0 1 0 0
140	24	0 1 0 0 0 1 0 0 0 0 1 1 0 0 1 0
140	15	1 1 0 0 0 0 0 0 0 1 1 1 0 1 0 0
140	1	0 1 0 1 1 1 0 0 1 0 1 1 0 1 0 0
140	52	0 1 0 1 0 1 0 0 1 0 0 1 0 1 0 0
140	20	0 1 0 1 0 1 1 0 0 0 0 1 0 1 0 0
140	4	1 1 0 0 0 0 1 0 0 0 0 0 0 0 0 0
140	16	1 1 0 1 0 1 0 0 1 0 0 1 0 0 0 1
140	3	1 1 0 0 0 0 0 0 0 1 1 0 0 0 0 1
140	8	1 1 0 0 0 0 1 0 0 0 1 1 0 0 1 0
140	1	1 1 1 0 0 0 0 0 0 1 1 0 0 0 1 0
140	9	0 1 0 1 1 1 0 0 0 0 0 1 0 1 0 0
140	7	0 1 1 0 0 1 0 0 1 0 0 0 0 0 0 0
140	1	1 1 0 0 0 0 0 0 0 1 1 0 1 0 1 0
140	11	0 1 0 1 1 1 0 0 1 0 0 0 0 0 0 1
140	1	0 1 0 0 1 1 0 0 0 0 0 1 0 0 0 0
140	5	1 1 0 0 0 0 1 0 0 1 0 0 0 0 1 0
140	23	0 1 0 0 1 1 0 0 0 0 0 1 0 0 0 1
140	8	0 1 0 1 1 1 0 0 1 0 0 1 0 0 0 1
140	6	0 1 1 0 0 0 0 0 0 0 1 1 0 0 1 1
140	5	1 1 0 1 1 1 0 0 1 0 0 0 0 1 0 0
140	2	0 1 0 1 1 0 0 0 0 1 1 0 0 0 1 0
140	6	0 1 0 1 0 0 1 0 0 0 0 0 0 1 0 0
140	5	0 1 0 1 0 1 1 0 0 0 0 1 0 0 0 1
140	1	0 1 0 0 1 1 0 0 1 0 0 1 1 0 0 0
140	10	0 1 0 1 0 1 0 0 1 0 1 0 0 0 0 0
140	7	0 1 0 0 1 0 0 0 0 0 0 1 0 0 0 0
140	1	1 1 0 0 1 0 0 0 0 1 1 0 1 0 1 0
140	6	1 1 0 0 0 0 0 0 1 0 0 0 0 0 0 1
140	3	0 1 1 0 0 1 0 0 1 0 0 0 0 1 0 0
140	14	1 1 0 0 0 1 0 0 1 0 1 1 0 0 0 0
140	16	0 1 1 0 0 0 0 0 0 1 1 0 0 0 1 0
140	9	0 1 0 0 1 1 0 0 0 0 0 1 0 1 0 0
140	4	1 1 0 0 0 0 0 0 1 0 0 0 0 0 0 0
140	3	1 1 0 0 0 0 0 0 0 1 1 1 0 0 1 0
140	9	1 1 0 0 0 1 1 0 0 0 0 1 0 1 0 0
140	2	1 1 0 0 0 0 1 0 0 1 1 0 0 0 1 0
140	2	0 1 0 1 1 1 0 0 1 0 0 1 0 0 0 0
140	1	0 1 1 0 0 0 0 0 0 0 0 1 0 0 0 1
140	2	1 1 0 0 0 0 0 0 0 1 0 0 0 0 0 1
140	1	0 1 1 0 0 0 0 0 0 0 1 1 0 0 1 0
140	5	0 1 0 0 1 1 0 0 1 0 0 1 0 1 0 0
140	5	1 1 0 1 0 1 1 0 0 0 0 1 0 1 0 0
140	5	1 1 0 0 0 1 0 0 0 0 0 1 0 0 0 1
140	1	1 1 0 0 0 1 0 0 0 0 0 0 0 1 0 0
140	4	0 0 1 0 0 1 0 0 0 0 1 1 0 0 1 0
140	5	0 1 0 0 0 1 0 0 1 0 0 0 0 0 1 0
140	10	1 0 0 0 0 1 0 0 1 0 0 0 0 0 0 0
140	6	1 1 0 0 0 1 0 0 1 0 0 0 0 1 0 1
140	7	1 1 0 1 0 1 1 0 1 0 0 1 0 0 1 1
140	10	0 1 0 0 1 1 0 0 0 0 1 1 0 0 1 0
140	1	1 1 0 0 0 0 0 0 0 0 1 0 0 0 0 1
140	1	1 0 0 1 0 0 1 0 0 0 0 0 0 0 0 0
140	2	0 1 0 1 0 1 1 0 0 0 1 1 0 0 0 1
140	4	0 1 0 1 0 1 0 0 1 0 0 1 0 0 0 1
140	13	0 1 0 0 0 1 0 0 1 0 0 0 1 0 0 0
140	8	1 1 0 0 0 0 0 0 1 0 0 0 0 1 0 1
140	1	0 1 0 1 0 1 0 0 1 0 0 0 0 1 0 0
140	1	0 0 0 1 0 0 1 0 0 0 0 0 0 0 0 1
140	1	0 1 0 0 0 0 1 0 0 0 0 0 0 1 1 0
140	11	0 1 0 0 0 1 0 0 0 0 0 0 0 0 0 0
140	1	1 1 0 1 0 0 1 0 1 0 0 1 0 0 1 1
140	3	1 1 0 0 0 0 1 0 1 0 0 0 0 0 0 0
140	1	1 1 0 1 0 1 0 0 1 0 0 0 0 0 0 0
140	1	0 1 0 0 0 0 0 0 0 1 1 1 0 1 0 0
140	2	1 1 0 0 1 0 1 0 0 0 0 0 0 1 0 0
140	3	0 1 0 0 0 1 0 0 0 0 1 1 0 0 1 1
140	3	1 1 0 0 0 1 0 0 1 0 0 0 0 0 0 1
140	5	1 1 0 1 0 1 1 0 0 1 0 1 0 0 1 0
140	3	1 1 0 0 0 0 1 0 0 1 0 0 0 1 0 0
140	9	0 0 1 0 1 1 0 0 1 0 0 1 0 1 0 0
140	3	0 0 0 1 1 1 0 0 0 0 0 1 0 1 0 0
140	1	1 1 0 0 0 0 0 0 1 0 0 1 0 0 0 0
140	3	1 1 0 0 0 0 0 0 0 1 1 0 0 0 0 0
140	3	0 1 0 0 0 0 0 1 1 0 0 0 0 1 0 0
140	1	0 1 0 0 0 1 0 0 1 0 0 1 0 0 0 0
140	1	0 1 1 1 0 1 1 0 0 0 0 0 0 1 0 0
140	4	0 0 1 0 0 1 1 0 1 0 0 1 0 1 0 0
140	3	1 1 0 0 1 0 1 0 0 0 0 0 0 0 0 0
140	1	0 1 1 1 0 0 0 0 0 1 1 0 0 0 1 0
140	1	1 1 0 1 0 1 1 0 0 0 0 1 0 1 0 1
140	1	0 1 0 0 0 1 0 0 1 0 0 1 0 1 0 1
140	2	0 1 0 0 0 0 0 0 1 0 0 0 0 0 0 0
140	2	0 1 1 0 1 1 0 0 1 0 0 0 0 0 0 1
140	1	1 1 1 0 0 0 0 0 0 0 1 1 0 0 0 0
140	2	1 1 0 0 0 0 0 0 0 0 1 1 0 0 1 0
140	1	1 1 0 0 0 0 0 0 1 0 1 1 0 0 0 1
140	1	0 1 0 0 0 1 0 0 0 0 0 1 0 0 1 0
140	2	1 1 0 0 0 0 0 0 0 0 1 1 0 1 0 0
140	1	0 1 1 0 0 1 0 0 0 0 0 0 0 1 0 0
140	1	0 1 0 1 0 0 1 0 0 0 1 1 0 0 0 1
140	2	1 1 0 1 1 1 1 0 0 1 0 1 0 0 1 0
160	9	0 1 0 0 0 1 0 0 1 0 0 1 0 0 0 1
160	1	0 1 0 0 0 0 0 0 1 0 0 0 0 1 0 0
160	64	1 1 0 0 0 1 0 0 1 0 0 1 0 0 0 1
160	14	1 1 0 0 0 0 1 0 0 0 0 0 0 1 0 0
160	5	0 1 0 0 0 1 0 0 1 0 0 0 0 0 0 0
160	22	0 1 0 0 1 1 0 0 1 0 0 1 0 0 0 0
160	36	1 1 0 0 0 0 0 0 1 0 0 0 0 1 0 0
160	75	1 1 0 0 0 1 0 0 1 0 0 0 0 0 0 0
160	25	1 1 0 0 0 0 0 0 0 1 1 0 0 0 1 0
160	6	0 1 0 0 0 1 0 0 1 0 0 0 0 0 0 1
160	38	0 1 0 1 0 1 1 0 0 0 0 0 0 1 0 0
160	15	0 1 0 1 1 1 0 0 1 0 0 1 0 1 0 0
160	36	1 1 1 0 0 0 0 0 0 0 1 1 0 0 1 0
160	6	1 1 0 0 0 1 0 0 1 0 1 1 0 0 0 1
160	1	0 1 0 0 0 1 0 0 0 0 1 1 0 0 1 0
160	6	1 1 0 0 0 0 0 0 0 1 1 1 0 1 0 0
160	12	0 1 0 1 0 1 0 0 1 0 0 1 0 1 0 0
160	12	1 1 0 0 0 0 1 0 0 0 0 0 0 0 0 0
160	29	1 1 0 0 0 0 1 0 0 0 1 1 0 0 1 0
160	15	0 1 0 1 1 1 0 0 0 0 0 1 0 1 0 0
160	4	1 1 0 0 0 0 0 0 0 1 1 0 1 0 1 0
160	8	0 1 0 1 1 1 0 0 1 0 0 0 0 0 0 1
160	13	0 1 0 0 1 1 0 0 0 0 0 1 0 0 0 1
160	28	0 1 0 1 1 1 0 0 1 0 0 1 0 0 0 1
160	6	1 1 0 1 1 1 0 0 1 0 0 0 0 1 0 0
160	3	0 1 0 1 0 0 1 0 0 0 0 0 0 1 0 0
160	1	0 1 0 1 0 1 1 0 0 0 0 1 0 0 0 1
160	6	1 1 0 0 1 0 0 0 0 1 1 0 1 0 1 0
160	8	1 1 0 0 0 0 0 0 1 0 0 0 0 0 0 1
160	22	1 1 0 0 0 1 0 0 1 0 1 1 0 0 0 0
160	5	0 1 0 0 1 1 0 0 0 0 0 1 0 1 0 0
160	3	1 1 0 0 0 0 0 0 0 1 1 1 0 0 1 0
160	14	1 1 0 0 0 0 1 0 0 1 1 0 0 0 1 0
160	10	0 1 1 0 0 0 0 0 0 0 0 1 0 0 0 1
160	1	0 1 0 0 1 1 0 0 1 0 0 1 0 1 0 0
160	3	1 1 0 1 0 1 1 0 0 0 0 1 0 1 0 0
160	4	0 1 0 0 1 1 0 0 0 0 1 1 0 0 1 0
160	15	0 1 0 0 0 1 0 0 1 0 0 0 1 0 0 0
160	10	1 1 0 0 0 0 0 0 1 0 0 0 0 1 0 1
160	10	0 1 0 0 0 1 0 0 0 0 0 0 0 0 0 0
160	6	0 1 0 0 0 1 0 0 0 0 1 1 0 0 1 1
160	11	1 1 0 0 0 1 0 0 1 0 0 0 0 0 0 1
160	22	1 1 0 1 0 1 1 0 0 1 0 1 0 0 1 0
160	1	1 1 0 0 0 0 1 0 0 1 0 0 0 1 0 0
160	3	0 1 0 0 0 1 0 0 1 0 0 1 0 1 0 1
160	4	0 1 1 0 1 1 0 0 1 0 0 0 0 0 0 1
160	4	1 1 0 0 0 0 0 0 1 1 0 0 0 1 0 0
160	11	1 1 1 0 0 0 0 0 0 0 1 0 0 0 1 0
160	5	1 1 0 0 0 1 0 0 1 0 0 1 0 1 0 0
160	5	0 1 0 0 0 0 0 1 1 0 0 0 0 0 0 0
160	6	1 1 0 0 1 0 0 0 0 1 1 0 0 0 1 0
160	12	1 0 0 0 0 0 0 0 0 1 1 1 0 1 0 0
160	26	1 1 0 0 0 1 1 0 1 0 0 1 0 0 0 1
160	6	1 1 0 0 0 1 0 0 1 0 0 0 1 0 1 0
160	2	0 1 0 0 1 1 1 0 1 0 0 1 0 0 0 0
160	3	1 1 0 1 1 1 0 0 1 0 0 1 0 1 0 0
160	8	1 1 0 0 1 1 0 0 1 0 0 0 0 0 0 1
160	1	1 1 0 0 0 0 0 0 1 0 0 0 0 0 1 0
160	5	1 1 0 0 0 0 0 0 1 0 0 1 0 0 0 1
160	14	1 0 0 1 0 0 1 0 0 1 1 1 0 1 0 0
160	8	0 1 0 0 0 1 1 0 0 0 0 1 0 0 0 1
160	2	0 1 0 1 0 1 0 0 1 0 0 1 0 0 0 0
160	4	0 0 0 0 0 0 1 0 0 1 0 1 0 0 1 1
160	1	0 1 0 0 0 0 0 0 0 1 1 0 0 0 1 0
160	21	1 1 0 0 0 1 1 0 0 0 0 0 0 0 0 0
160	4	0 1 0 0 1 1 0 0 0 0 0 1 1 0 0 1
160	3	0 1 0 1 0 1 0 0 1 0 1 1 0 0 0 0
160	6	1 1 0 0 0 1 0 0 0 0 0 1 0 0 0 1
160	3	1 1 1 0 0 0 0 0 0 1 1 0 0 0 1 0
160	12	1 1 0 0 0 1 0 0 1 0 0 1 1 1 0 0
160	7	1 1 0 0 1 0 0 0 0 1 1 0 0 1 0 0
160	2	1 1 0 0 0 1 0 0 1 1 0 1 0 0 0 1
160	7	1 1 0 0 0 0 1 0 0 0 0 0 1 1 0 0
160	1	1 1 0 0 0 1 1 0 0 1 1 0 0 0 1 0
160	9	0 1 0 1 1 1 0 0 0 0 1 0 0 0 1 0
160	1	0 1 0 0 0 1 0 0 0 0 0 0 0 0 1 0
160	5	1 0 0 0 0 0 0 0 0 1 1 0 0 0 0 0
160	1	0 0 0 0 0 1 0 0 0 0 0 1 0 1 0 0
160	6	1 0 0 0 0 1 0 0 0 0 0 1 0 0 1 0
160	9	0 1 0 1 0 1 0 0 1 0 0 1 1 1 0 0
160	5	0 1 0 0 1 0 1 0 1 0 1 1 0 0 0 0
160	3	1 1 0 1 1 1 0 0 1 0 0 1 0 0 0 1
160	1	1 1 0 0 0 1 0 1 1 0 0 1 0 0 0 1
160	2	0 1 0 0 1 1 0 0 0 1 0 1 0 0 1 0
160	4	0 1 1 0 0 1 0 0 1 0 0 0 0 1 0 0
160	5	1 1 0 1 0 1 1 0 0 1 0 1 0 0 0 0
160	7	0 1 0 0 0 1 0 0 1 0 0 1 0 0 0 0
160	1	1 1 0 0 0 1 0 0 1 1 0 0 0 0 0 0
160	4	1 0 0 0 0 0 1 0 0 0 1 1 0 0 1 0
160	3	0 1 0 1 1 1 0 1 1 0 0 0 0 0 0 1
160	5	1 1 0 0 0 1 0 1 1 0 1 1 0 0 0 0
160	2	0 1 0 0 0 1 0 1 1 0 0 0 1 0 0 0
160	3	0 1 0 1 0 1 0 0 0 0 0 1 0 1 0 0
160	5	0 1 0 1 0 1 0 0 0 0 1 1 0 0 1 0
160	1	1 1 0 1 0 1 0 0 1 0 0 1 0 0 0 1
160	2	1 1 0 0 0 1 0 0 1 0 0 0 0 0 1 0
160	1	0 1 0 0 0 1 0 0 1 1 0 0 0 0 0 1
160	2	0 0 0 0 0 1 0 0 1 0 0 0 1 0 0 0
160	1	1 1 1 0 0 0 0 1 0 0 1 0 0 0 1 0
160	10	1 1 0 0 0 1 0 0 0 0 1 1 0 0 0 1
160	4	1 1 0 0 0 0 0 0 0 1 1 0 0 0 0 1
160	2	1 1 1 0 0 0 0 0 0 0 1 0 0 0 0 0
160	1	1 1 0 0 0 1 0 0 1 1 0 1 0 0 0 0
160	3	0 1 0 0 0 1 0 1 1 0 0 1 0 0 0 1
160	1	0 1 0 1 1 1 0 0 1 0 0 0 0 0 0 0
160	2	0 1 0 1 1 1 0 0 0 0 0 1 1 0 0 1
160	3	1 1 0 0 0 0 0 0 1 0 0 0 1 0 1 0
160	2	0 1 0 0 0 1 0 0 0 0 1 1 0 0 0 0
160	3	1 1 0 0 0 1 0 0 1 1 1 1 0 1 0 0
160	2	1 0 0 1 0 0 1 0 0 0 0 0 0 0 0 1
160	3	1 0 0 0 0 0 1 0 0 0 0 0 0 1 0 0
160	7	0 1 1 1 0 1 1 0 0 0 0 0 0 1 0 0
160	1	0 1 0 1 1 1 0 0 1 1 0 1 0 1 0 0
160	2	1 1 0 1 0 1 1 0 0 0 0 1 0 0 0 1
160	3	0 1 0 0 0 1 0 0 1 0 1 1 0 0 0 0
160	6	1 1 0 0 1 1 0 0 1 0 0 1 0 1 0 0
160	1	1 0 0 1 0 1 1 0 0 1 1 1 0 1 0 0
160	2	1 1 0 0 0 1 0 0 0 1 1 1 0 1 0 0
160	1	1 1 0 0 0 0 0 0 1 0 0 0 0 1 1 0
160	2	0 1 0 0 0 1 1 0 0 0 0 0 0 0 0 0
160	2	1 1 0 0 0 1 1 0 1 0 0 1 0 1 0 0
160	1	1 1 0 0 1 1 0 0 0 0 0 1 0 0 0 1
160	1	1 1 0 0 0 1 1 0 0 1 0 1 0 0 1 0
160	1	1 1 0 1 1 1 0 0 1 0 0 1 0 0 0 0
160	2	1 1 1 0 0 0 0 0 0 0 1 1 1 0 1 0
160	3	1 1 0 1 0 0 1 0 0 0 1 1 0 0 1 0
160	2	1 1 0 0 0 0 0 0 1 0 0 0 1 1 0 1
160	1	1 1 0 0 0 1 0 0 1 0 1 0 0 0 0 1
160	1	1 1 0 0 0 1 1 0 1 0 0 1 1 0 0 1
180	90	1 1 0 0 0 1 0 0 1 0 0 1 0 0 0 1
180	16	0 1 0 0 1 1 0 0 1 0 0 1 0 0 0 0
180	29	1 1 0 0 0 0 0 0 1 0 0 0 0 1 0 0
180	45	1 1 0 0 0 1 0 0 1 0 0 0 0 0 0 0
180	13	1 1 0 0 0 0 0 0 0 1 1 0 0 0 1 0
180	24	0 1 0 1 0 1 1 0 0 0 0 0 0 1 0 0
180	16	1 1 1 0 0 0 0 0 0 0 1 1 0 0 1 0
180	22	1 1 0 0 0 0 1 0 0 0 0 0 0 0 0 0
180	73	1 1 0 0 0 0 1 0 0 0 1 1 0 0 1 0
180	42	0 1 0 1 1 1 0 0 0 0 0 1 0 1 0 0
180	15	1 1 0 0 0 0 0 0 0 1 1 0 1 0 1 0
180	3	0 1 0 0 1 1 0 0 0 0 0 1 0 0 0 1
180	2	0 1 0 1 1 1 0 0 1 0 0 1 0 0 0 1
180	23	1 1 0 1 1 1 0 0 1 0 0 0 0 1 0 0
180	3	1 1 0 0 0 0 0 0 1 0 0 0 0 0 0 1
180	12	1 1 0 0 0 1 0 0 1 0 1 1 0 0 0 0
180	2	1 1 0 0 0 0 0 0 0 1 1 1 0 0 1 0
180	18	1 1 0 0 0 0 1 0 0 1 1 0 0 0 1 0
180	3	0 1 0 0 1 1 0 0 0 0 1 1 0 0 1 0
180	6	0 1 0 0 0 1 0 0 0 0 1 1 0 0 1 1
180	4	1 1 0 0 0 1 0 0 1 0 0 0 0 0 0 1
180	8	1 1 0 1 0 1 1 0 0 1 0 1 0 0 1 0
180	3	0 1 0 0 0 1 0 0 1 0 0 1 0 1 0 1
180	7	1 1 1 0 0 0 0 0 0 0 1 0 0 0 1 0
180	2	0 1 0 0 0 0 0 1 1 0 0 0 0 0 0 0
180	29	1 1 0 0 0 1 1 0 1 0 0 1 0 0 0 1
180	29	1 0 0 1 0 0 1 0 0 1 1 1 0 1 0 0
180	9	0 1 0 0 0 1 1 0 0 0 0 1 0 0 0 1
180	12	1 1 0 0 0 1 1 0 0 0 0 0 0 0 0 0
180	11	1 1 0 0 1 0 0 0 0 1 1 0 0 1 0 0
180	1	0 1 0 1 1 1 0 0 0 0 1 0 0 0 1 0
180	4	1 0 0 0 0 0 0 0 0 1 1 0 0 0 0 0
180	2	1 0 0 0 0 1 0 0 0 0 0 1 0 0 1 0
180	12	1 1 0 1 1 1 0 0 1 0 0 1 0 0 0 1
180	2	0 1 1 0 0 1 0 0 1 0 0 0 0 1 0 0
180	34	0 1 0 0 0 1 0 0 1 1 0 0 0 0 0 1
180	2	1 1 0 0 0 0 0 0 0 1 1 0 0 0 0 1
180	17	1 1 1 0 0 0 0 0 0 0 1 0 0 0 0 0
180	13	0 1 0 1 1 1 0 0 0 0 0 1 1 0 0 1
180	6	1 1 0 0 0 1 0 0 0 1 1 1 0 1 0 0
180	4	1 1 0 1 1 1 0 0 1 0 0 1 0 0 0 0
180	6	1 1 0 1 0 0 1 0 0 0 1 1 0 0 1 0
180	13	1 1 0 0 0 1 0 0 0 1 1 0 0 0 1 0
180	2	1 0 0 0 0 0 0 0 1 0 0 0 0 0 0 1
180	16	0 1 1 0 1 1 1 0 1 0 0 1 0 0 0 0
180	9	0 1 0 1 0 1 0 0 0 0 1 1 0 0 0 0
180	5	1 1 1 0 0 1 0 0 1 0 0 0 0 0 0 0
180	1	0 1 0 1 0 1 1 0 0 0 1 0 0 1 0 0
180	1	0 1 1 0 0 0 0 0 0 0 0 0 0 0 0 0
180	1	1 1 1 0 0 0 1 0 0 0 1 1 0 0 1 0
180	2	0 1 0 1 0 1 1 0 1 0 0 1 0 1 0 0
180	1	1 1 0 0 0 0 1 1 0 0 1 1 0 0 1 0
180	6	0 1 0 0 1 1 0 1 0 0 0 1 0 0 0 1
180	10	1 1 0 0 0 1 0 0 0 0 1 1 0 0 0 0
180	10	1 0 0 0 0 0 0 0 0 1 0 0 0 0 0 0
180	4	1 1 0 0 0 0 1 0 0 0 0 0 0 0 0 1
180	2	1 1 1 0 0 0 0 0 0 0 1 1 0 1 1 0
180	1	1 1 0 0 0 1 0 0 1 1 0 0 0 0 0 1
180	5	0 0 0 0 0 0 0 0 1 0 0 0 0 1 0 0
180	10	1 1 0 0 0 1 0 0 1 0 0 1 0 0 0 0
180	8	0 1 0 1 0 1 1 0 0 0 0 1 0 1 0 0
180	5	1 1 1 0 0 0 1 0 0 1 1 0 0 0 1 0
180	3	1 0 0 0 0 1 0 0 0 1 1 0 0 0 0 0
180	9	1 1 0 0 0 0 0 0 0 0 0 0 0 1 0 0
180	5	1 1 0 0 0 0 1 0 0 0 1 0 0 0 0 0
180	6	0 1 0 0 0 1 1 0 0 0 0 1 0 1 0 1
180	13	0 1 0 0 0 0 1 0 0 0 1 1 0 0 1 0
180	2	1 0 0 0 0 0 1 0 0 0 0 0 0 0 1 1
180	5	0 1 0 0 0 1 0 0 1 0 0 0 0 0 1 0
180	7	1 1 0 0 0 1 0 0 1 0 1 1 0 0 0 1
180	3	0 1 0 0 1 1 0 0 1 0 0 1 0 0 0 1
180	11	1 1 0 0 0 0 0 0 0 1 1 0 0 0 0 0
180	10	0 1 0 1 1 1 0 0 0 0 0 1 0 0 1 0
180	4	1 1 0 0 0 1 1 0 1 0 1 1 0 0 1 0
180	2	1 1 0 0 0 0 1 0 0 1 1 1 0 1 0 0
180	3	1 1 0 0 0 1 1 0 0 0 1 0 0 0 0 0
180	9	1 1 0 0 0 1 0 0 1 1 1 0 0 0 1 0
180	7	1 1 0 0 0 0 1 0 1 0 0 1 0 0 0 0
180	4	1 1 0 0 0 0 0 0 0 1 1 0 0 1 0 0
180	2	1 0 0 1 0 0 1 0 0 1 1 1 0 0 0 1
180	6	1 1 0 0 1 0 1 0 0 0 1 1 0 0 1 0
180	2	1 1 1 1 1 1 0 0 1 0 0 0 0 1 0 0
180	3	1 1 0 1 0 1 1 0 0 1 0 1 0 0 0 1
180	3	1 0 0 0 0 1 0 0 1 0 0 1 0 0 0 1
180	9	1 0 0 0 0 0 0 0 0 1 1 0 0 0 1 0
180	1	1 1 1 0 0 0 1 0 0 1 0 1 0 1 0 0
180	2	0 1 0 1 1 1 0 0 1 0 0 1 0 1 0 1
180	2	0 1 0 1 1 1 0 0 1 0 0 0 0 1 0 0
180	1	1 1 0 1 1 1 0 0 1 0 0 1 0 1 0 0
180	6	1 1 0 0 0 1 1 0 1 0 1 1 0 0 0 0
180	6	1 1 0 1 0 0 1 0 0 1 1 1 0 1 0 0
180	3	0 1 0 1 1 1 1 0 0 0 0 0 0 0 0 0
180	1	1 1 0 0 0 0 0 0 1 1 1 0 0 0 1 0
180	6	1 1 0 1 0 0 1 0 0 0 0 0 0 0 0 0
180	4	1 1 0 0 0 0 1 0 0 0 0 0 1 0 0 0
180	2	1 1 0 0 0 0 0 0 0 1 1 0 1 0 0 0
180	4	1 1 0 1 1 1 0 0 1 0 0 0 1 1 0 0
180	2	0 1 1 0 0 1 0 0 1 0 0 1 0 1 0 0
180	1	1 1 0 0 0 0 1 0 0 1 1 0 0 1 0 0
180	3	1 1 1 0 0 0 0 0 0 0 0 1 0 1 0 0
180	3	1 1 0 0 0 0 0 0 1 0 0 0 0 0 0 0
180	1	1 1 0 1 1 1 0 0 1 0 0 0 0 1 0 1
180	1	1 1 0 0 0 1 1 0 0 0 1 0 0 0 1 0
180	2	0 1 0 0 0 1 0 0 1 1 0 0 0 1 0 0
180	1	1 1 0 0 0 1 0 0 1 0 0 1 0 1 0 1
180	1	1 1 0 1 0 1 0 0 1 0 0 1 0 0 0 1
180	2	1 1 0 0 0 0 0 0 0 0 1 0 1 0 1 0
180	1	1 0 0 1 0 1 1 0 0 1 1 1 0 1 0 0
180	1	1 1 0 0 0 1 0 0 1 0 0 1 0 1 0 0
180	3	0 1 0 0 1 1 0 0 0 0 1 0 0 0 0 0
180	1	1 1 0 0 0 1 0 0 0 1 1 0 1 0 1 0
180	2	1 0 0 0 0 0 0 0 0 1 1 0 0 1 0 0
180	2	0 1 0 1 0 1 1 0 0 0 0 0 1 1 0 0
180	4	1 1 1 0 0 0 1 0 0 0 0 0 0 0 0 0
180	2	1 1 0 1 0 0 0 0 1 0 0 0 0 1 0 1
180	1	1 1 0 0 1 1 0 0 1 0 1 1 0 0 0 1
180	3	0 1 0 0 0 1 0 0 1 0 1 1 0 0 0 1
180	1	1 0 0 0 0 0 0 0 0 1 1 0 0 0 1 1
180	3	1 1 0 1 0 1 1 0 1 0 0 1 0 0 0 1
180	1	1 1 0 0 0 1 1 0 1 0 1 1 0 1 0 0
180	1	0 1 0 1 1 1 0 1 0 0 0 1 0 1 0 0
180	1	1 1 0 0 0 0 1 0 0 0 0 1 0 1 0 0
180	1	1 1 0 0 1 1 1 0 0 0 1 0 0 0 0 0
180	1	1 1 0 0 0 1 1 0 0 0 0 1 0 0 0 1
180	1	0 1 0 0 0 1 1 1 0 0 0 1 0 0 0 1
180	1	1 1 0 0 0 1 0 0 1 0 0 0 0 1 0 1
200	44	1 1 0 0 0 1 0 0 1 0 0 1 0 0 0 1
200	7	0 1 0 0 1 1 0 0 1 0 0 1 0 0 0 0
200	6	1 1 0 0 0 0 0 0 1 0 0 0 0 1 0 0
200	87	1 1 0 0 0 1 0 0 1 0 0 0 0 0 0 0
200	3	0 1 0 1 0 1 1 0 0 0 0 0 0 1 0 0
200	6	1 1 1 0 0 0 0 0 0 0 1 1 0 0 1 0
200	38	1 1 0 0 0 0 1 0 0 0 0 0 0 0 0 0
200	34	1 1 0 0 0 0 1 0 0 0 1 1 0 0 1 0
200	21	0 1 0 1 1 1 0 0 0 0 0 1 0 1 0 0
200	44	1 1 0 0 0 1 0 0 1 0 1 1 0 0 0 0
200	4	1 1 0 0 0 0 1 0 0 1 1 0 0 0 1 0
200	3	0 1 0 0 0 1 0 0 0 0 1 1 0 0 1 1
200	14	1 1 0 1 0 1 1 0 0 1 0 1 0 0 1 0
200	1	1 1 1 0 0 0 0 0 0 0 1 0 0 0 1 0
200	17	0 1 0 0 0 0 0 1 1 0 0 0 0 0 0 0
200	12	1 1 0 0 0 1 1 0 1 0 0 1 0 0 0 1
200	4	1 0 0 1 0 0 1 0 0 1 1 1 0 1 0 0
200	12	1 1 0 0 0 1 1 0 0 0 0 0 0 0 0 0
200	24	1 1 0 1 1 1 0 0 1 0 0 1 0 0 0 1
200	4	0 1 0 0 0 1 0 0 1 1 0 0 0 0 0 1
200	23	1 1 1 0 0 0 0 0 0 0 1 0 0 0 0 0
200	40	1 1 0 0 0 1 0 0 0 1 1 1 0 1 0 0
200	3	1 1 0 1 0 0 1 0 0 0 1 1 0 0 1 0
200	29	1 1 0 0 0 1 0 0 0 1 1 0 0 0 1 0
200	2	0 1 0 1 0 1 0 0 0 0 1 1 0 0 0 0
200	10	1 1 0 0 0 1 0 0 0 0 1 1 0 0 0 0
200	7	1 0 0 0 0 0 0 0 0 1 0 0 0 0 0 0
200	18	1 1 0 0 0 1 0 0 1 0 0 1 0 0 0 0
200	56	0 1 0 1 0 1 1 0 0 0 0 1 0 1 0 0
200	3	1 1 1 0 0 0 1 0 0 1 1 0 0 0 1 0
200	51	1 1 0 0 0 0 1 0 0 0 1 0 0 0 0 0
200	9	0 1 0 0 0 0 1 0 0 0 1 1 0 0 1 0
200	12	1 1 0 0 0 1 0 0 1 0 1 1 0 0 0 1
200	26	1 1 0 0 0 0 0 0 0 1 1 0 0 0 0 0
200	1	1 1 0 0 0 0 1 0 1 0 0 1 0 0 0 0
200	3	1 1 0 0 0 0 0 0 0 1 1 0 1 0 0 0
200	2	1 0 0 1 0 1 1 0 0 1 1 1 0 1 0 0
200	32	0 1 0 0 1 1 0 0 0 0 1 0 0 0 0 0
200	1	1 1 0 0 0 1 0 0 0 0 1 1 0 0 0 1
200	10	1 1 0 0 0 0 1 0 0 0 1 0 0 0 1 0
200	1	0 1 0 1 1 1 0 0 0 1 0 1 0 1 0 0
200	7	0 1 0 1 0 1 1 0 0 1 0 1 0 1 0 0
200	3	1 1 0 0 1 0 0 0 0 1 1 0 0 0 0 0
200	6	0 1 0 1 1 1 0 0 0 0 1 1 0 1 0 0
200	7	1 1 0 0 0 1 1 0 0 1 0 1 0 0 1 0
200	1	0 1 0 0 0 0 1 0 0 0 0 0 1 0 0 0
200	3	1 1 1 0 0 0 1 0 0 0 0 0 0 0 1 0
200	2	1 1 0 0 0 0 0 0 1 0 0 0 0 0 0 0
200	5	0 1 0 0 0 1 0 0 1 0 0 1 0 0 0 1
200	5	1 1 0 0 0 0 0 0 1 0 0 1 0 0 0 1
200	2	1 0 1 1 0 0 1 0 0 1 1 1 0 1 0 0
200	4	0 1 0 1 0 1 1 0 0 0 0 1 0 0 0 0
200	3	1 1 0 0 0 1 0 0 1 0 0 1 0 1 0 0
200	3	0 1 0 1 1 1 0 0 1 0 0 1 0 0 0 1
200	11	0 1 0 0 1 1 0 0 1 1 0 1 0 0 0 0
200	12	1 1 0 1 0 1 0 0 0 1 1 1 0 1 0 0
200	28	1 0 0 1 0 0 1 0 0 0 1 0 0 0 0 0
200	2	1 1 0 0 0 0 0 0 0 1 1 1 0 1 0 0
200	2	1 1 0 0 0 0 0 0 0 0 0 1 0 1 0 0
200	3	1 1 0 0 0 1 1 0 0 1 0 1 0 0 1 1
200	1	0 1 0 0 0 1 1 0 0 0 0 0 1 0 0 0
200	6	1 1 0 0 0 0 0 0 0 1 0 0 0 0 0 0
200	2	0 1 0 0 0 1 1 0 1 0 0 1 0 0 0 1
200	3	1 1 0 0 1 0 1 0 0 0 1 1 0 0 1 0
200	4	1 1 0 0 0 0 1 0 0 0 1 1 0 0 0 0
200	4	1 1 0 0 0 0 0 0 0 0 1 1 0 0 1 0
200	6	0 1 0 1 0 1 1 0 0 0 0 1 0 1 1 0
200	14	1 1 0 0 0 0 1 0 1 0 1 0 0 0 0 0
200	3	0 1 1 0 0 0 1 0 0 0 0 0 1 0 0 0
200	4	1 1 1 0 0 0 1 0 0 1 0 1 0 0 1 0
200	6	1 1 1 0 0 1 0 0 1 0 0 0 0 0 0 0
200	8	1 1 0 0 0 1 0 0 0 1 1 0 0 0 0 0
200	3	1 1 0 0 0 0 1 0 1 0 0 0 0 0 0 0
200	3	0 1 0 0 0 0 1 0 0 0 1 1 0 0 0 0
200	5	0 1 0 0 0 0 0 0 1 0 0 0 0 1 0 0
200	5	1 1 0 0 0 1 1 0 0 1 0 1 0 0 0 0
200	3	0 1 0 1 1 1 0 0 1 0 0 1 0 0 0 0
200	1	1 1 0 0 0 1 0 0 1 0 0 0 0 1 0 0
200	1	0 1 0 0 0 1 0 0 1 0 0 0 0 0 0 0
200	5	0 1 0 1 1 1 0 0 0 1 1 1 0 1 0 0
200	2	1 1 0 0 0 0 1 1 0 0 1 0 0 0 0 0
200	1	0 1 0 0 0 0 1 0 0 0 1 1 1 0 1 0
200	2	1 1 0 0 0 0 1 0 1 1 0 1 0 0 0 0
200	1	1 1 0 1 0 1 1 0 0 1 1 1 0 1 0 0
200	2	1 1 0 1 0 1 0 0 0 0 1 0 0 0 0 0
200	7	1 1 0 0 0 1 0 0 1 0 1 0 0 0 0 0
200	2	1 1 0 0 0 1 0 1 1 0 1 1 0 0 0 0
200	6	1 1 0 0 0 1 0 0 0 1 1 1 0 0 0 0
200	2	1 1 1 0 0 1 0 0 0 1 1 0 0 0 1 0
200	3	0 1 0 1 0 1 1 0 0 0 0 1 1 1 0 0
200	11	1 0 0 0 0 0 1 0 0 0 1 0 0 0 0 0
200	2	0 1 0 0 0 0 0 0 0 1 1 0 0 0 0 0
200	1	1 1 0 0 0 0 1 0 1 0 0 1 1 0 0 0
200	1	1 1 0 0 1 0 1 0 0 0 1 0 0 0 1 0
200	2	0 1 0 0 0 1 1 1 1 0 0 1 0 0 0 1
200	1	1 1 0 0 0 0 1 0 1 0 1 1 0 0 0 0
200	4	1 1 0 0 0 1 1 0 0 0 0 1 0 1 0 0
200	2	0 1 0 0 0 0 1 0 0 0 0 1 0 0 0 1
200	3	0 1 1 0 0 0 0 0 0 0 1 0 0 0 0 0
200	3	1 1 0 1 0 0 1 0 0 1 1 1 0 0 1 0
200	1	0 1 0 0 1 1 0 0 0 0 1 0 0 0 1 0
200	2	1 1 0 0 0 0 1 0 1 1 0 1 0 0 1 0
200	1	1 1 0 1 1 1 0 0 1 0 0 1 0 1 0 0
200	1	0 1 0 0 0 1 0 0 1 1 0 1 0 0 0 1
200	1	1 1 0 0 0 1 0 0 1 0 0 1 0 1 0 1
200	1	1 0 0 0 0 0 1 0 0 1 1 1 0 1 0 0
200	2	0 0 0 0 0 1 0 0 1 1 0 0 0 0 0 1
200	2	1 1 0 0 0 0 0 0 1 1 1 0 0 0 0 0
200	2	1 0 0 0 0 0 1 0 0 0 1 0 0 0 1 0
200	2	1 1 0 0 1 0 0 0 0 0 1 0 0 0 0 0
200	2	1 1 0 1 0 1 0 0 0 1 1 1 0 1 0 1
200	3	0 1 1 1 0 0 1 0 0 0 0 0 1 0 0 0
200	1	1 0 0 0 0 0 0 0 0 0 1 0 0 0 0 0
200	1	1 1 0 0 0 0 1 1 1 0 0 1 1 0 0 0
220	8	1 1 0 0 0 1 0 0 1 0 0 1 0 0 0 1
220	6	0 1 0 0 1 1 0 0 1 0 0 1 0 0 0 0
220	63	1 1 0 0 0 1 0 0 1 0 0 0 0 0 0 0
220	5	1 1 1 0 0 0 0 0 0 0 1 1 0 0 1 0
220	39	1 1 0 0 0 0 1 0 0 0 0 0 0 0 0 0
220	16	1 1 0 0 0 0 1 0 0 0 1 1 0 0 1 0
220	7	0 1 0 1 1 1 0 0 0 0 0 1 0 1 0 0
220	14	1 1 0 0 0 1 0 0 1 0 1 1 0 0 0 0
220	27	1 1 0 1 0 1 1 0 0 1 0 1 0 0 1 0
220	2	1 1 1 0 0 0 0 0 0 0 1 0 0 0 1 0
220	9	0 1 0 0 0 0 0 1 1 0 0 0 0 0 0 0
220	20	1 1 0 0 0 1 1 0 1 0 0 1 0 0 0 1
220	39	1 1 0 0 0 1 1 0 0 0 0 0 0 0 0 0
220	27	1 1 0 1 1 1 0 0 1 0 0 1 0 0 0 1
220	26	1 1 1 0 0 0 0 0 0 0 1 0 0 0 0 0
220	16	1 1 0 0 0 1 0 0 0 1 1 1 0 1 0 0
220	4	1 1 0 0 0 1 0 0 0 1 1 0 0 0 1 0
220	25	0 1 0 1 0 1 0 0 0 0 1 1 0 0 0 0
220	6	1 1 0 0 0 1 0 0 0 0 1 1 0 0 0 0
220	5	1 0 0 0 0 0 0 0 0 1 0 0 0 0 0 0
220	6	1 1 0 0 0 1 0 0 1 0 0 1 0 0 0 0
220	40	0 1 0 1 0 1 1 0 0 0 0 1 0 1 0 0
220	28	1 1 0 0 0 0 1 0 0 0 1 0 0 0 0 0
220	21	1 1 0 0 0 1 0 0 1 0 1 1 0 0 0 1
220	38	1 1 0 0 0 0 0 0 0 1 1 0 0 0 0 0
220	6	0 1 0 0 1 1 0 0 0 0 1 0 0 0 0 0
220	4	1 1 0 0 0 0 1 0 0 0 1 0 0 0 1 0
220	1	0 1 0 1 1 1 0 0 0 0 1 1 0 1 0 0
220	11	1 1 1 0 0 0 1 0 0 0 0 0 0 0 1 0
220	6	1 1 0 0 0 0 0 0 1 0 0 1 0 0 0 1
220	15	1 0 1 1 0 0 1 0 0 1 1 1 0 1 0 0
220	5	1 1 0 0 0 1 0 0 1 0 0 1 0 1 0 0
220	8	0 1 0 0 1 1 0 0 1 1 0 1 0 0 0 0
220	9	1 1 0 1 0 1 0 0 0 1 1 1 0 1 0 0
220	11	1 0 0 1 0 0 1 0 0 0 1 0 0 0 0 0
220	2	1 1 0 0 0 0 0 0 0 1 1 1 0 1 0 0
220	6	1 1 0 0 0 0 0 0 0 1 0 0 0 0 0 0
220	16	1 1 0 0 1 0 1 0 0 0 1 1 0 0 1 0
220	4	1 1 0 0 0 0 0 0 0 0 1 1 0 0 1 0
220	4	0 1 0 1 0 1 1 0 0 0 0 1 0 1 1 0
220	8	1 1 0 0 0 0 1 0 1 0 1 0 0 0 0 0
220	22	1 1 0 0 0 1 0 0 0 1 1 0 0 0 0 0
220	5	0 1 0 0 0 0 1 0 0 0 1 1 0 0 0 0
220	52	1 1 0 0 0 1 0 0 1 0 1 0 0 0 0 0
220	7	1 1 1 0 0 1 0 0 0 1 1 0 0 0 1 0
220	1	1 0 0 0 0 0 1 0 0 0 1 0 0 0 0 0
220	5	1 1 0 0 0 0 1 0 1 0 0 1 1 0 0 0
220	3	1 1 0 0 0 1 1 0 0 0 0 1 0 1 0 0
220	13	0 1 0 0 1 1 0 0 0 1 0 1 0 0 0 0
220	15	1 1 0 1 0 1 0 0 0 1 1 0 0 0 0 0
220	6	0 1 1 1 0 1 1 0 0 0 0 1 0 1 0 0
220	3	1 0 0 1 0 0 1 0 1 0 0 1 0 0 0 1
220	3	1 1 0 0 0 1 0 0 0 0 0 1 0 1 0 0
220	18	0 1 0 0 1 1 0 0 1 0 1 0 0 0 0 0
220	1	1 1 0 0 0 1 1 0 0 0 1 0 0 0 1 0
220	8	0 1 0 1 0 1 1 0 0 1 1 1 0 1 0 0
220	11	1 1 0 0 1 1 0 0 1 0 0 1 0 0 0 1
220	3	1 1 0 0 0 1 1 0 1 1 0 1 0 0 1 1
220	2	0 1 1 0 0 0 1 0 0 1 0 1 0 0 1 0
220	1	1 1 0 0 1 1 0 0 1 0 0 0 0 0 0 0
220	33	1 1 0 0 0 1 0 0 0 0 0 0 0 0 0 0
220	3	0 1 0 0 0 0 0 0 0 1 1 0 0 0 0 0
220	7	0 1 0 0 1 1 0 0 0 0 1 1 0 0 0 1
220	13	0 1 0 0 1 1 0 0 0 1 1 0 0 0 0 0
220	4	0 1 0 0 1 0 1 0 0 0 0 0 0 0 0 0
220	11	1 1 0 0 0 0 1 0 0 0 1 1 1 0 1 0
220	2	1 1 0 0 0 1 0 0 0 0 1 0 0 0 0 0
220	1	1 1 1 0 0 1 0 0 1 0 1 0 0 0 0 0
220	12	1 1 0 0 0 1 0 0 0 0 1 1 0 1 0 0
220	3	0 1 0 1 0 1 1 0 1 0 0 1 0 1 0 0
220	3	1 1 0 0 0 0 0 0 0 1 1 0 0 0 1 0
220	1	1 1 0 0 0 0 1 0 0 0 0 0 0 0 1 0
220	1	0 1 0 0 0 1 0 0 1 0 0 0 0 0 0 1
220	6	1 1 0 0 0 0 0 0 0 0 1 0 0 0 0 0
220	7	1 1 0 0 0 0 1 0 0 0 1 1 0 0 1 1
220	2	0 1 0 1 0 1 1 0 0 1 0 1 0 0 1 0
220	1	0 1 1 0 0 0 0 0 0 0 1 0 0 0 0 0
220	7	0 1 0 1 0 1 1 0 0 1 0 1 0 1 0 0
220	3	0 1 0 1 0 1 1 0 0 0 1 1 0 0 1 0
220	1	1 1 0 1 0 1 1 0 0 0 0 1 0 1 0 0
220	1	1 1 0 0 0 0 1 1 0 0 0 0 0 0 0 0
220	2	1 1 0 1 1 1 0 0 0 0 0 1 0 1 0 0
220	4	1 1 0 0 0 0 1 0 0 0 0 0 1 0 0 0
220	1	1 1 0 0 0 1 1 0 1 0 1 1 0 0 0 1
220	4	1 1 0 0 1 1 0 0 0 1 1 1 0 1 0 0
220	1	0 1 0 1 0 1 0 0 0 0 1 1 1 0 0 0
220	5	1 1 0 0 0 0 0 1 0 1 1 0 0 0 0 0
220	2	1 1 0 1 0 0 0 0 0 0 1 1 0 0 1 0
220	1	0 1 0 1 0 1 0 0 0 1 1 0 0 0 0 0
220	2	1 1 0 0 0 1 1 0 0 0 0 1 0 1 1 0
220	2	1 1 1 0 0 0 1 0 0 0 1 1 0 0 1 0
220	5	0 1 0 1 1 1 0 1 0 0 0 1 0 1 0 0
220	4	1 0 0 1 1 1 0 0 1 0 0 1 0 0 0 1
220	4	0 1 1 0 0 0 0 0 0 1 1 0 0 0 0 0
220	2	1 1 0 0 0 0 1 0 0 0 1 1 0 0 0 0
220	1	0 1 0 1 1 1 0 0 0 0 1 1 0 0 0 1
220	2	1 1 0 1 0 1 0 0 1 0 0 0 0 0 0 0
220	1	1 1 0 1 0 1 1 0 0 0 1 0 0 0 0 0
220	2	1 1 0 1 1 1 0 0 0 1 1 1 0 1 0 0
220	3	1 1 1 0 0 0 0 0 0 0 0 0 0 0 0 0
220	4	1 0 1 1 0 0 1 0 0 1 1 0 0 0 0 0
220	2	1 1 0 0 0 1 1 0 0 1 0 1 0 1 0 0
220	5	0 1 0 1 0 1 1 0 0 0 0 1 0 0 1 1
220	1	1 1 0 0 0 0 1 0 1 0 0 1 0 1 0 0
220	1	1 1 0 1 1 1 1 0 1 0 0 1 0 0 0 1
220	3	1 1 0 0 0 1 0 0 0 1 1 1 0 1 1 0
220	3	0 1 0 0 0 1 1 0 0 0 0 1 0 1 0 0
220	3	1 1 1 0 1 0 1 0 0 0 1 1 0 0 1 0
220	1	1 1 1 1 0 0 1 1 0 1 1 1 0 1 0 0
220	2	1 1 0 1 1 1 0 0 1 0 0 1 0 0 1 0
220	1	0 1 0 0 0 1 0 0 0 0 1 1 0 1 0 0
220	1	1 1 0 0 0 1 0 1 0 1 1 0 0 0 1 0
220	2	1 1 0 1 0 1 0 0 0 0 1 1 0 0 0 0
220	4	1 1 0 0 0 1 0 0 0 0 1 1 0 0 0 1
220	3	0 1 0 0 0 0 1 0 0 0 1 0 0 0 0 0
220	1	1 1 0 0 0 1 1 1 1 0 1 0 0 0 0 0
220	1	0 1 1 0 0 1 1 0 0 1 0 1 0 0 1 1
240	28	1 1 0 0 0 1 0 0 1 0 0 0 0 0 0 0
240	1	1 1 1 0 0 0 0 0 0 0 1 1 0 0 1 0
240	9	1 1 0 0 0 0 1 0 0 0 1 1 0 0 1 0
240	6	1 1 0 0 0 1 0 0 1 0 1 1 0 0 0 0
240	12	1 1 0 1 0 1 1 0 0 1 0 1 0 0 1 0
240	3	1 1 1 0 0 0 0 0 0 0 1 0 0 0 1 0
240	6	1 1 0 0 0 1 1 0 1 0 0 1 0 0 0 1
240	33	1 1 0 1 1 1 0 0 1 0 0 1 0 0 0 1
240	35	1 1 1 0 0 0 0 0 0 0 1 0 0 0 0 0
240	41	0 1 0 1 0 1 0 0 0 0 1 1 0 0 0 0
240	2	1 1 0 0 0 1 0 0 0 0 1 1 0 0 0 0
240	2	1 1 0 0 0 1 0 0 1 0 0 1 0 0 0 0
240	39	0 1 0 1 0 1 1 0 0 0 0 1 0 1 0 0
240	4	1 1 0 0 0 0 1 0 0 0 1 0 0 0 0 0
240	5	1 1 0 0 0 1 0 0 1 0 1 1 0 0 0 1
240	44	1 1 0 0 0 0 0 0 0 1 1 0 0 0 0 0
240	18	1 1 0 0 0 0 1 0 0 0 1 0 0 0 1 0
240	3	0 1 0 1 1 1 0 0 0 0 1 1 0 1 0 0
240	22	1 1 1 0 0 0 1 0 0 0 0 0 0 0 1 0
240	2	1 1 0 0 0 0 0 0 1 0 0 1 0 0 0 1
240	1	1 0 1 1 0 0 1 0 0 1 1 1 0 1 0 0
240	35	1 0 0 1 0 0 1 0 0 0 1 0 0 0 0 0
240	2	1 1 0 0 0 0 0 0 0 1 1 1 0 1 0 0
240	2	1 1 0 0 1 0 1 0 0 0 1 1 0 0 1 0
240	3	1 1 0 0 0 0 0 0 0 0 1 1 0 0 1 0
240	37	1 1 0 0 0 0 1 0 1 0 1 0 0 0 0 0
240	18	1 1 0 0 0 1 0 0 0 1 1 0 0 0 0 0
240	36	1 1 0 0 0 1 0 0 1 0 1 0 0 0 0 0
240	21	1 1 1 0 0 1 0 0 0 1 1 0 0 0 1 0
240	15	1 1 0 1 0 1 0 0 0 1 1 0 0 0 0 0
240	26	0 1 1 1 0 1 1 0 0 0 0 1 0 1 0 0
240	6	0 1 0 0 1 1 0 0 1 0 1 0 0 0 0 0
240	24	1 1 0 0 1 1 0 0 1 0 0 1 0 0 0 1
240	23	1 1 0 0 0 1 0 0 0 0 0 0 0 0 0 0
240	6	0 1 0 0 1 1 0 0 0 1 1 0 0 0 0 0
240	3	1 1 0 0 0 0 1 0 0 0 1 1 1 0 1 0
240	27	1 1 0 0 0 1 0 0 0 0 1 1 0 1 0 0
240	2	1 1 0 0 0 0 0 0 0 1 1 0 0 0 1 0
240	3	1 1 0 0 0 0 1 0 0 0 1 1 0 0 1 1
240	11	1 1 0 1 1 1 0 0 0 0 0 1 0 1 0 0
240	6	0 1 0 1 1 1 0 1 0 0 0 1 0 1 0 0
240	2	0 1 1 0 0 0 0 0 0 1 1 0 0 0 0 0
240	7	1 1 0 1 0 1 0 0 1 0 0 0 0 0 0 0
240	37	0 1 1 1 0 1 1 0 0 0 0 0 0 1 0 0
240	5	0 1 0 0 0 1 0 0 0 1 1 0 0 0 0 0
240	6	0 1 0 1 0 1 1 0 0 0 0 1 0 0 0 0
240	1	1 1 0 0 1 0 1 1 0 0 1 1 0 0 1 0
240	2	0 1 0 1 0 1 1 0 0 1 0 1 0 0 1 0
240	16	0 1 0 1 1 1 0 0 0 0 1 1 0 0 1 0
240	2	1 1 0 0 0 0 0 0 0 1 0 1 0 0 0 1
240	7	1 0 0 0 0 1 0 0 1 0 1 1 0 0 0 0
240	4	1 1 0 0 0 1 1 0 0 0 0 0 1 0 0 0
240	8	1 1 1 0 0 0 1 0 0 0 1 0 0 0 0 0
240	4	1 1 0 0 0 0 1 0 1 0 0 0 0 0 0 0
240	3	1 1 0 0 0 1 0 1 1 0 1 0 0 0 0 0
240	2	1 1 0 0 0 0 0 0 0 0 0 0 0 0 1 0
240	1	1 1 0 1 1 1 1 0 1 0 0 1 0 0 0 1
240	12	1 1 1 0 0 0 0 0 0 0 1 1 0 0 0 0
240	5	1 1 0 0 0 1 0 0 0 0 0 0 0 0 1 0
240	13	1 1 0 1 0 1 1 0 0 1 1 0 0 0 0 0
240	3	1 1 1 0 0 0 0 0 0 0 1 0 0 1 0 0
240	10	1 1 0 0 0 0 0 0 0 0 0 1 0 1 0 0
240	8	0 1 0 1 1 1 0 1 0 0 0 0 0 0 1 0
240	1	1 0 0 0 0 1 0 0 1 0 1 1 0 0 0 1
240	7	1 1 1 0 0 0 0 0 1 0 1 0 0 0 0 0
240	6	1 1 0 1 1 1 0 0 1 1 0 1 0 0 0 1
240	3	1 1 0 0 1 1 0 0 1 0 1 1 0 0 0 1
240	4	1 1 0 1 0 1 0 0 0 1 1 1 0 0 0 0
240	2	1 1 1 1 0 1 0 0 0 1 1 0 0 0 1 0
240	13	1 1 0 0 0 1 0 1 1 0 0 0 0 0 0 0
240	7	1 1 0 0 0 1 0 1 1 1 1 0 0 0 0 0
240	6	1 1 0 0 0 1 0 0 0 1 1 1 0 0 0 0
240	1	0 1 0 0 0 0 0 0 0 0 1 1 1 0 1 0
240	9	0 1 0 1 1 1 0 0 0 0 1 1 0 0 0 0
240	4	1 1 0 0 0 1 0 0 0 1 0 0 0 0 0 0
240	3	1 1 0 1 1 1 0 0 1 0 1 0 0 0 0 0
240	3	1 1 1 0 0 0 0 0 0 1 1 0 0 0 0 0
240	6	1 1 1 0 0 0 0 0 0 0 0 1 0 0 1 0
240	3	1 1 0 0 0 0 1 0 0 0 1 1 0 1 1 0
240	4	0 1 0 0 1 1 0 0 1 1 1 0 0 0 1 1
240	1	0 1 0 1 0 1 1 0 0 0 1 0 0 0 1 0
240	3	1 1 0 0 0 0 0 0 0 1 1 1 0 0 0 0
240	1	1 1 0 0 0 0 0 0 0 0 1 0 0 0 0 0
240	3	0 1 1 1 0 1 1 0 0 0 0 0 0 0 1 0
240	1	1 1 0 0 1 0 1 1 1 0 1 0 0 0 0 0
240	1	1 1 0 0 0 1 0 1 0 0 0 0 0 0 0 0
240	2	1 1 1 0 0 0 0 0 1 0 1 0 1 0 0 0
240	3	1 1 1 0 1 1 0 0 1 0 0 1 0 0 0 1
240	15	1 1 1 0 0 1 0 0 0 1 1 0 0 0 0 0
240	3	1 1 0 0 0 1 0 0 1 0 0 1 0 0 0 1
240	7	1 1 0 1 1 1 1 0 0 1 0 1 0 0 1 0
240	2	0 1 0 0 0 0 0 0 0 1 0 0 0 0 0 0
240	1	1 1 0 0 0 1 0 0 1 0 0 0 0 0 0 1
240	4	1 1 1 0 0 1 0 0 1 0 1 0 0 0 0 0
240	2	1 1 0 0 1 0 0 0 0 0 0 0 0 0 1 0
240	2	1 1 0 0 0 1 1 0 0 1 0 1 0 0 1 0
240	1	1 1 0 1 0 0 0 0 0 1 1 0 0 0 0 0
240	9	0 1 0 0 0 1 0 0 1 0 1 0 0 0 0 0
240	1	0 1 1 1 0 1 1 0 0 0 0 0 1 1 0 0
240	5	1 1 1 0 0 0 0 0 0 0 1 1 0 0 0 1
240	2	1 1 1 0 0 0 0 0 0 1 1 0 0 0 0 1
240	5	1 1 0 0 0 0 0 0 1 0 0 0 0 0 0 0
240	2	1 1 0 0 1 0 1 0 0 0 0 1 0 1 0 0
240	1	0 1 1 1 0 1 1 0 0 0 1 0 0 0 0 0
240	5	0 1 0 1 1 1 0 0 1 0 0 1 0 0 0 1
240	2	1 1 0 1 0 1 0 0 0 1 0 1 0 0 1 0
240	1	0 1 1 0 0 0 0 0 0 0 1 0 0 0 0 0
240	1	1 1 0 0 1 0 0 0 0 1 1 0 0 0 0 0
240	1	1 1 0 0 0 0 0 0 0 0 1 1 0 1 1 0
240	2	1 0 0 0 0 0 1 0 1 0 1 0 0 0 0 0
240	4	0 1 1 0 1 1 0 0 0 0 1 1 0 0 0 1
240	1	0 1 1 1 0 1 1 0 0 0 0 0 0 1 1 0
240	3	1 1 0 1 0 1 1 0 0 0 1 0 0 0 0 0
240	1	1 1 0 1 1 0 1 1 1 0 1 0 0 0 0 0
240	5	0 1 0 1 0 1 0 0 1 0 0 0 0 0 0 0
240	2	0 1 1 0 1 1 0 0 1 0 1 1 0 0 0 1
240	5	1 1 0 0 1 1 0 0 1 0 1 0 0 0 0 0
240	5	1 1 0 0 0 1 0 0 0 0 1 0 0 0 0 0
240	1	0 1 0 1 0 1 0 0 0 0 0 1 0 1 0 0
240	1	1 1 0 0 0 0 1 0 0 1 1 0 0 0 0 0
240	1	1 1 1 0 1 1 0 0 0 1 1 0 0 0 1 0
240	1	1 1 0 0 1 1 0 0 0 0 1 1 0 1 0 0
240	2	1 1 0 1 0 1 0 0 0 1 0 0 0 0 0 0
240	3	1 1 0 0 0 0 1 0 1 0 0 1 0 1 0 0
240	1	1 1 1 0 0 0 0 1 0 0 1 0 0 0 0 0
240	3	0 1 0 1 0 1 0 0 0 0 1 1 0 1 0 0
240	2	1 1 1 0 0 0 1 1 0 0 0 0 0 0 1 0
240	3	1 1 0 0 0 0 0 0 1 0 1 0 0 0 0 0
240	2	0 1 0 0 1 1 0 1 0 0 0 1 0 1 0 0
240	1	1 1 1 0 0 0 0 0 1 0 1 0 0 1 0 0
240	1	1 1 0 1 0 1 0 1 1 1 1 0 0 0 0 0
240	1	1 1 0 1 0 1 0 0 0 1 0 1 0 0 1 1
260	27	1 1 0 0 0 1 0 0 1 0 0 0 0 0 0 0
260	1	1 1 1 0 0 0 0 0 0 0 1 1 0 0 1 0
260	8	1 1 0 1 0 1 1 0 0 1 0 1 0 0 1 0
260	16	1 1 0 0 0 1 1 0 1 0 0 1 0 0 0 1
260	33	1 1 0 1 1 1 0 0 1 0 0 1 0 0 0 1
260	8	1 1 1 0 0 0 0 0 0 0 1 0 0 0 0 0
260	30	0 1 0 1 0 1 0 0 0 0 1 1 0 0 0 0
260	20	0 1 0 1 0 1 1 0 0 0 0 1 0 1 0 0
260	42	1 1 0 0 0 0 0 0 0 1 1 0 0 0 0 0
260	29	1 1 0 0 0 0 1 0 0 0 1 0 0 0 1 0
260	9	0 1 0 1 1 1 0 0 0 0 1 1 0 1 0 0
260	36	1 0 0 1 0 0 1 0 0 0 1 0 0 0 0 0
260	2	1 1 0 0 0 0 0 0 0 0 1 1 0 0 1 0
260	13	1 1 0 0 0 0 1 0 1 0 1 0 0 0 0 0
260	46	1 1 0 0 0 1 0 0 0 1 1 0 0 0 0 0
260	50	1 1 0 0 0 1 0 0 1 0 1 0 0 0 0 0
260	45	1 1 1 0 0 1 0 0 0 1 1 0 0 0 1 0
260	56	1 1 0 1 0 1 0 0 0 1 1 0 0 0 0 0
260	17	0 1 1 1 0 1 1 0 0 0 0 1 0 1 0 0
260	5	1 1 0 0 0 1 0 0 0 0 0 0 0 0 0 0
260	15	1 1 0 0 0 1 0 0 0 0 1 1 0 1 0 0
260	7	1 1 0 0 0 0 1 0 0 0 1 1 0 0 1 1
260	30	0 1 1 1 0 1 1 0 0 0 0 0 0 1 0 0
260	6	0 1 0 1 0 1 1 0 0 0 0 1 0 0 0 0
260	1	1 1 1 0 0 0 1 0 0 0 1 0 0 0 0 0
260	5	1 1 1 0 0 0 0 0 0 0 1 1 0 0 0 0
260	19	0 1 0 1 1 1 0 1 0 0 0 0 0 0 1 0
260	3	1 1 0 1 1 1 0 0 1 1 0 1 0 0 0 1
260	11	1 1 0 0 0 1 0 1 1 0 0 0 0 0 0 0
260	8	1 1 0 0 0 1 0 1 1 1 1 0 0 0 0 0
260	10	1 1 0 0 0 1 0 0 1 0 0 1 0 0 0 1
260	12	1 1 0 1 1 1 1 0 0 1 0 1 0 0 1 0
260	21	1 1 1 0 0 0 0 0 0 0 1 1 0 0 0 1
260	18	1 1 0 1 0 1 0 0 0 1 0 1 0 0 1 0
260	2	0 1 1 0 1 1 0 0 0 0 1 1 0 0 0 1
260	4	0 1 0 1 0 1 0 0 1 0 0 0 0 0 0 0
260	4	1 1 0 0 1 1 0 0 1 0 1 0 0 0 0 0
260	23	1 1 0 0 0 1 0 0 0 0 1 0 0 0 0 0
260	12	1 1 0 0 0 0 1 0 1 0 0 1 0 1 0 0
260	7	0 1 0 1 0 1 0 0 0 0 1 1 0 1 0 0
260	6	1 1 0 1 0 1 1 0 0 0 0 1 0 0 0 1
260	4	1 1 1 0 0 0 0 0 0 0 1 0 1 1 0 0
260	17	0 1 1 1 0 1 0 0 0 0 1 1 0 0 0 0
260	4	1 0 0 1 0 0 1 0 0 0 1 0 0 0 1 0
260	4	1 1 0 0 1 1 1 0 1 0 1 0 0 0 0 0
260	4	1 1 0 0 0 1 0 1 0 0 0 0 0 0 0 0
260	2	1 0 0 1 0 0 1 1 0 0 1 0 1 0 0 0
260	6	1 1 0 0 0 1 0 0 1 0 1 1 0 0 1 0
260	3	1 1 0 0 0 1 1 0 0 0 0 1 0 1 0 0
260	2	1 1 0 1 1 1 0 0 1 0 1 1 0 0 0 1
260	6	1 1 0 1 0 1 1 0 0 0 0 0 0 0 0 0
260	5	1 1 0 1 1 0 0 0 1 0 0 1 0 0 0 1
260	3	0 0 0 1 0 1 1 0 0 0 0 1 0 1 0 0
260	3	0 1 0 0 0 0 0 0 0 1 1 0 0 0 0 0
260	1	0 1 1 1 1 1 1 0 0 0 0 0 0 1 0 0
260	4	0 1 1 0 1 1 0 0 0 0 1 1 0 1 0 0
260	3	1 1 0 0 0 1 0 0 1 0 1 0 0 0 1 0
260	2	1 1 0 0 0 1 0 0 0 0 0 0 0 1 0 0
260	4	0 1 0 1 0 1 0 0 1 0 1 0 0 0 0 0
260	11	0 0 0 1 0 1 1 0 1 0 1 0 0 0 0 0
260	1	1 0 0 0 0 0 0 0 0 0 1 0 0 0 0 0
260	7	1 1 0 1 1 1 0 0 1 0 0 1 0 1 0 1
260	1	1 1 0 0 0 0 0 0 0 1 1 1 0 0 0 0
260	5	1 1 0 0 0 1 0 0 0 0 1 1 0 0 0 0
260	3	1 1 0 1 1 1 0 0 1 0 0 0 0 0 0 0
260	2	1 0 0 1 0 0 1 0 0 0 1 0 0 0 0 1
260	4	1 1 1 0 0 1 0 0 0 1 1 0 0 0 1 1
260	1	1 1 0 0 0 1 0 0 1 0 1 1 0 1 0 0
260	2	1 0 0 1 1 1 0 0 1 0 0 1 0 1 0 0
260	1	1 1 0 0 0 1 0 0 1 0 0 0 0 1 0 0
260	4	1 1 0 0 0 1 0 1 0 0 0 0 0 1 0 0
260	2	1 1 0 1 1 1 1 0 0 0 0 1 0 0 0 1
260	10	1 1 0 1 1 1 0 0 0 0 0 1 0 0 0 1
260	15	1 1 0 0 0 1 0 1 1 0 1 0 0 0 0 0
260	3	1 1 0 1 0 1 1 0 0 0 1 0 0 0 0 0
260	7	1 1 0 0 1 1 0 0 1 0 0 0 0 0 0 0
260	2	1 1 0 0 0 1 0 1 0 1 1 0 0 1 1 0
260	9	1 0 0 0 0 0 1 0 1 0 0 1 0 1 0 0
260	4	1 1 0 1 0 1 0 0 0 1 0 0 0 0 0 0
260	14	1 1 0 0 0 0 0 0 0 1 1 1 0 0 1 0
260	1	1 1 0 0 0 0 0 0 0 1 1 0 0 0 1 0
260	1	1 1 1 0 0 1 0 0 0 0 1 1 0 0 0 1
260	3	0 1 1 1 0 1 1 0 0 0 1 1 0 0 0 1
260	6	1 1 0 0 1 1 0 0 1 0 0 1 0 0 0 1
260	1	1 1 1 0 0 0 1 0 0 0 1 0 0 0 1 0
260	2	0 0 0 0 0 1 0 0 1 0 1 1 0 0 0 0
260	7	0 1 0 1 0 1 1 0 0 0 0 0 0 0 0 0
260	4	1 1 0 1 0 1 0 0 1 0 0 0 0 0 0 0
260	1	1 1 0 0 0 1 0 0 1 0 0 0 1 0 0 0
260	3	1 1 0 1 0 1 0 0 1 0 1 0 0 0 0 0
260	1	1 1 1 0 0 1 0 0 0 1 1 0 1 0 1 0
260	1	1 1 0 1 0 1 0 0 0 0 1 0 0 0 0 0
260	3	0 1 0 1 0 1 1 0 0 0 0 0 0 1 0 0
260	3	0 1 0 1 0 1 1 0 0 1 0 1 0 0 0 0
260	2	1 1 0 0 0 1 0 0 0 0 1 0 1 0 0 0
260	10	1 1 0 0 0 0 1 0 0 1 1 0 0 0 1 0
260	5	0 1 0 0 0 0 0 0 0 0 1 0 0 0 0 0
260	3	0 1 0 1 1 1 0 0 0 0 1 1 0 0 1 0
260	4	1 1 0 1 1 1 1 0 0 1 1 0 0 0 0 0
260	1	0 1 1 1 0 1 1 0 0 0 0 1 0 0 0 0
260	1	1 1 0 1 0 1 1 0 0 0 0 0 0 1 0 0
260	3	1 1 0 1 1 1 0 0 1 0 0 0 0 0 0 1
260	7	1 1 1 0 1 0 0 0 0 0 1 1 0 0 0 0
260	2	0 1 0 1 0 1 0 0 0 0 1 0 0 0 1 0
260	1	1 1 0 0 0 1 1 0 0 0 0 0 0 0 0 0
260	2	1 1 0 0 0 1 0 0 1 0 1 0 0 0 0 1
260	3	1 1 1 0 0 1 0 0 1 0 1 0 0 0 0 0
260	1	1 1 1 0 0 1 0 0 0 1 1 1 0 0 1 0
260	3	1 1 1 0 0 0 0 0 0 0 0 1 0 0 0 1
260	1	1 0 0 1 0 0 1 1 0 0 0 1 0 0 0 1
260	1	0 1 0 1 0 1 1 0 1 0 0 1 0 0 0 1
260	1	1 1 0 0 0 1 0 1 0 0 0 0 0 0 1 1
260	1	1 1 0 0 0 0 0 0 0 1 1 0 0 0 0 1
260	2	1 1 0 0 0 0 1 0 0 0 1 0 0 0 0 0
260	1	1 0 0 0 0 1 0 0 0 1 1 0 0 0 0 0
260	4	1 1 1 0 0 0 0 0 0 0 1 1 0 1 0 1
260	1	0 1 1 1 0 1 0 0 0 0 1 1 0 1 0 0
260	1	0 1 1 0 1 1 0 0 0 0 1 0 0 1 0 0
280	33	1 1 0 0 0 1 0 0 1 0 0 0 0 0 0 0
280	3	1 1 1 0 0 0 0 0 0 0 1 1 0 0 1 0
280	11	1 1 0 1 0 1 1 0 0 1 0 1 0 0 1 0
280	15	1 1 0 1 1 1 0 0 1 0 0 1 0 0 0 1
280	8	1 1 1 0 0 0 0 0 0 0 1 0 0 0 0 0
280	3	0 1 0 1 0 1 0 0 0 0 1 1 0 0 0 0
280	39	1 1 0 0 0 0 0 0 0 1 1 0 0 0 0 0
280	19	1 1 0 0 0 0 1 0 0 0 1 0 0 0 1 0
280	4	1 1 0 0 0 0 0 0 0 0 1 1 0 0 1 0
280	23	1 1 0 0 0 1 0 0 0 1 1 0 0 0 0 0
280	42	1 1 0 0 0 1 0 0 1 0 1 0 0 0 0 0
280	60	1 1 1 0 0 1 0 0 0 1 1 0 0 0 1 0
280	141	1 1 0 1 0 1 0 0 0 1 1 0 0 0 0 0
280	8	0 1 1 1 0 1 1 0 0 0 0 1 0 1 0 0
280	3	1 1 0 0 0 1 0 0 0 0 1 1 0 1 0 0
280	1	1 1 0 0 0 0 1 0 0 0 1 1 0 0 1 1
280	32	0 1 1 1 0 1 1 0 0 0 0 0 0 1 0 0
280	9	0 1 0 1 0 1 1 0 0 0 0 1 0 0 0 0
280	6	1 1 1 0 0 0 0 0 0 0 1 1 0 0 0 0
280	24	1 1 0 0 0 1 0 1 1 0 0 0 0 0 0 0
280	2	1 1 0 1 1 1 1 0 0 1 0 1 0 0 1 0
280	2	1 1 0 1 0 1 0 0 0 1 0 1 0 0 1 0
280	9	1 1 0 0 0 1 0 0 0 0 1 0 0 0 0 0
280	10	1 1 0 0 0 0 1 0 1 0 0 1 0 1 0 0
280	2	0 1 0 1 0 1 0 0 0 0 1 1 0 1 0 0
280	3	1 1 1 0 0 0 0 0 0 0 1 0 1 1 0 0
280	2	0 1 1 1 0 1 0 0 0 0 1 1 0 0 0 0
280	11	1 1 0 0 0 1 0 0 1 0 1 1 0 0 1 0
280	17	0 0 0 1 0 1 1 0 1 0 1 0 0 0 0 0
280	8	1 1 0 0 0 1 0 1 1 0 1 0 0 0 0 0
280	1	1 1 0 1 0 1 1 0 0 0 1 0 0 0 0 0
280	3	1 1 0 1 0 1 0 0 0 0 1 0 0 0 0 0
280	11	0 1 0 1 0 1 1 0 0 0 0 0 0 1 0 0
280	3	1 1 0 0 0 0 1 0 0 1 1 0 0 0 1 0
280	13	1 1 1 0 0 1 0 0 1 0 1 0 0 0 0 0
280	20	0 1 1 1 0 1 0 0 0 0 1 1 0 1 0 0
280	19	1 1 0 0 0 0 0 0 0 0 1 0 0 0 0 0
280	16	1 0 0 1 0 1 0 0 0 1 1 0 0 0 1 0
280	16	1 0 0 0 0 0 1 0 1 0 0 0 0 0 0 0
280	3	1 1 0 1 0 1 0 0 0 1 1 0 1 0 0 0
280	8	0 1 0 1 1 1 0 0 1 0 0 1 0 0 0 1
280	2	1 1 0 0 0 0 1 0 0 0 1 1 0 0 1 0
280	7	1 1 0 0 0 0 1 0 1 0 1 0 0 0 1 0
280	12	1 1 0 1 0 1 0 0 0 1 1 1 0 0 1 0
280	6	1 1 0 1 0 1 1 0 0 1 0 1 0 0 0 0
280	2	0 1 1 1 0 1 1 0 1 0 0 0 0 0 0 0
280	23	1 1 0 0 0 0 0 0 1 0 0 0 0 0 0 0
280	19	1 1 1 0 0 1 0 0 0 1 1 0 0 0 0 0
280	7	1 1 0 0 0 1 0 0 0 0 0 1 0 0 0 1
280	5	1 1 1 0 0 0 0 0 0 0 1 0 0 0 1 0
280	3	1 1 0 0 1 1 1 0 0 0 1 0 0 0 0 0
280	4	1 1 0 1 1 1 0 0 1 1 0 1 0 1 0 1
280	3	1 1 0 1 0 1 0 1 0 0 1 0 0 0 0 0
280	9	1 1 1 0 0 1 0 0 0 0 1 1 0 0 0 0
280	6	1 1 1 0 1 0 0 0 0 0 1 0 0 0 1 0
280	6	0 1 1 0 0 1 0 0 0 1 1 0 0 0 1 0
280	9	0 1 1 1 0 1 1 0 0 0 0 1 0 0 0 0
280	3	1 1 0 1 1 1 0 0 0 1 0 1 0 0 1 0
280	5	1 1 0 0 0 0 1 0 1 0 1 0 0 1 0 0
280	3	1 1 1 0 0 0 0 1 1 0 0 0 0 0 0 0
280	2	1 1 0 0 1 1 1 0 0 1 0 1 0 0 1 0
280	2	0 1 1 0 1 1 1 0 0 1 1 0 0 0 1 0
280	4	0 1 0 1 1 1 0 0 1 0 0 1 0 0 0 0
280	2	1 1 1 0 1 0 0 0 0 0 1 1 0 0 1 0
280	4	1 1 0 0 1 0 0 0 0 1 1 0 0 0 0 0
280	6	1 1 0 0 1 1 0 0 1 0 1 0 0 0 0 0
280	1	0 0 0 1 0 1 1 0 1 0 0 0 0 0 0 0
280	1	1 1 1 0 0 1 0 0 1 1 1 0 0 0 0 0
280	7	1 1 0 0 0 1 0 0 0 1 1 1 0 0 1 0
280	5	1 1 0 1 0 1 0 1 0 0 0 0 0 0 1 0
280	2	0 1 0 0 0 1 0 0 0 1 1 0 0 0 0 0
280	3	1 1 0 1 0 1 1 0 0 1 1 0 0 0 0 0
280	1	1 1 0 1 1 1 0 0 0 1 1 0 0 0 0 0
280	2	0 0 0 1 0 1 1 0 1 0 1 0 0 0 1 0
280	13	0 1 0 0 0 0 1 0 0 1 1 0 0 0 1 0
280	4	1 1 0 0 0 1 0 0 1 1 0 0 0 0 0 0
280	21	1 1 1 0 0 0 1 0 0 0 1 1 0 0 0 0
280	4	1 1 1 0 0 0 0 0 0 1 0 1 0 0 1 0
280	9	0 1 0 1 0 1 1 0 0 0 1 0 0 0 0 0
280	3	1 1 0 1 1 1 0 0 1 0 0 1 0 1 0 0
280	4	1 1 0 0 0 1 0 0 0 1 1 1 0 0 0 0
280	4	1 1 1 0 0 0 0 0 0 1 1 0 0 0 1 0
280	4	1 1 0 0 0 0 1 0 1 0 0 0 0 0 0 0
280	4	0 1 1 1 0 1 1 0 0 1 0 1 1 0 1 0
280	1	0 1 1 1 0 1 1 0 0 0 0 0 0 0 0 0
280	4	0 1 1 1 0 1 0 0 0 1 1 0 0 0 0 0
280	3	1 1 0 0 0 0 1 0 1 0 1 0 1 0 0 0
280	2	1 1 1 0 0 1 0 0 0 1 1 0 0 0 1 1
280	3	1 1 1 0 1 1 0 0 0 1 1 0 0 0 1 0
280	3	0 1 1 1 0 1 1 0 0 0 1 0 0 1 0 0
280	2	0 1 0 1 0 1 1 1 0 0 1 0 0 0 0 0
280	2	1 1 0 1 0 1 0 0 0 1 0 1 0 0 0 0
280	5	1 1 0 0 0 1 1 0 1 0 0 0 0 0 0 0
280	7	1 1 1 0 0 0 0 0 0 1 1 0 0 0 0 0
280	1	1 1 1 0 1 0 0 0 0 0 1 1 0 0 0 0
280	8	1 1 0 1 0 1 0 0 0 1 0 0 0 0 1 0
280	1	1 0 0 1 0 0 1 0 1 0 0 0 0 0 0 0
280	2	0 1 0 0 0 0 0 0 1 0 0 0 0 0 0 0
280	1	1 1 0 0 0 1 0 0 0 1 1 0 0 0 1 0
280	1	1 1 0 1 0 1 0 0 0 1 0 0 0 1 0 0
280	1	0 0 1 1 0 1 1 0 0 0 0 0 0 1 0 0
280	2	1 1 1 0 0 1 0 0 1 0 0 0 0 0 0 0
280	1	1 1 1 0 0 0 0 0 1 0 1 1 0 0 1 0
280	3	1 0 1 0 0 1 0 0 0 1 1 0 0 0 1 0
280	1	1 1 1 0 0 1 0 0 1 1 1 0 0 0 1 0
280	1	1 1 1 0 0 1 0 1 0 1 1 0 0 0 1 0
280	2	1 1 0 1 0 1 0 0 0 1 1 0 0 1 0 0
280	1	1 1 0 1 0 1 0 0 0 0 0 1 0 0 1 0
280	1	1 0 0 1 0 1 0 0 0 1 0 0 0 0 1 0
280	3	1 0 0 1 0 1 0 0 0 0 1 0 0 0 1 0
280	1	1 1 0 1 0 1 0 0 0 1 1 0 0 0 1 0
280	1	0 1 0 0 0 0 0 0 0 1 1 0 0 0 1 0
280	1	1 1 0 1 0 1 1 0 1 0 1 0 0 0 0 0
280	2	1 1 0 0 0 0 0 0 0 0 1 1 0 0 0 0
280	3	1 1 0 1 1 1 0 0 0 1 1 0 0 0 1 0
280	2	1 1 0 1 0 1 0 1 0 1 1 0 0 0 0 0
280	4	1 1 0 0 0 0 1 0 0 0 0 1 0 0 1 1
280	1	1 1 0 1 0 1 0 0 0 0 1 1 0 0 1 0
280	1	1 1 0 0 0 1 0 0 0 1 0 1 0 0 0 1
280	4	1 1 0 0 0 0 0 0 0 0 1 0 0 0 1 0
280	3	0 1 0 1 0 1 0 1 0 0 0 0 0 0 1 0
280	2	0 1 0 0 0 1 1 0 0 1 1 0 0 0 1 0
280	2	1 1 0 0 0 1 1 0 0 1 1 1 0 0 0 0
280	2	0 1 0 1 0 1 1 1 0 0 0 0 0 0 0 0
300	4	1 1 0 0 0 1 0 0 1 0 0 0 0 0 0 0
300	24	1 1 0 1 1 1 0 0 1 0 0 1 0 0 0 1
300	50	1 1 1 0 0 0 0 0 0 0 1 0 0 0 0 0
300	9	1 1 0 0 0 0 0 0 0 1 1 0 0 0 0 0
300	12	1 1 0 0 0 0 1 0 0 0 1 0 0 0 1 0
300	5	1 1 0 0 0 1 0 0 0 1 1 0 0 0 0 0
300	32	1 1 0 0 0 1 0 0 1 0 1 0 0 0 0 0
300	10	1 1 1 0 0 1 0 0 0 1 1 0 0 0 1 0
300	176	1 1 0 1 0 1 0 0 0 1 1 0 0 0 0 0
300	1	0 1 1 1 0 1 1 0 0 0 0 1 0 1 0 0
300	40	0 1 1 1 0 1 1 0 0 0 0 0 0 1 0 0
300	2	0 1 0 1 0 1 1 0 0 0 0 1 0 0 0 0
300	3	1 1 0 1 1 1 1 0 0 1 0 1 0 0 1 0
300	5	1 1 0 0 0 1 0 0 0 0 1 0 0 0 0 0
300	9	1 1 0 0 0 0 1 0 1 0 0 1 0 1 0 0
300	20	0 0 0 1 0 1 1 0 1 0 1 0 0 0 0 0
300	35	1 1 0 1 0 1 0 0 0 0 1 0 0 0 0 0
300	4	1 1 1 0 0 1 0 0 1 0 1 0 0 0 0 0
300	26	1 1 0 0 0 0 0 0 0 0 1 0 0 0 0 0
300	23	1 0 0 1 0 1 0 0 0 1 1 0 0 0 1 0
300	12	1 1 0 0 0 0 1 0 0 0 1 1 0 0 1 0
300	19	1 1 0 1 0 1 0 0 0 1 1 1 0 0 1 0
300	27	1 1 0 1 0 1 1 0 0 1 0 1 0 0 0 0
300	9	1 1 1 0 0 1 0 0 0 1 1 0 0 0 0 0
300	5	1 1 0 0 0 1 0 0 0 0 0 1 0 0 0 1
300	19	1 1 1 0 0 0 0 0 0 0 1 0 0 0 1 0
300	4	1 1 1 0 1 0 0 0 0 0 1 0 0 0 1 0
300	9	0 1 1 0 0 1 0 0 0 1 1 0 0 0 1 0
300	8	1 1 1 0 0 0 0 1 1 0 0 0 0 0 0 0
300	6	1 1 0 0 1 0 0 0 0 1 1 0 0 0 0 0
300	3	1 1 0 0 0 1 0 0 0 1 1 1 0 0 1 0
300	4	1 1 0 1 0 1 1 0 0 1 1 0 0 0 0 0
300	6	0 1 0 1 0 1 1 0 0 0 1 0 0 0 0 0
300	3	1 1 0 0 0 0 1 0 1 0 0 0 0 0 0 0
300	7	1 1 1 0 1 1 0 0 0 1 1 0 0 0 1 0
300	3	0 1 1 1 0 1 1 0 0 0 1 0 0 1 0 0
300	2	1 1 1 0 0 0 0 0 0 1 1 0 0 0 0 0
300	13	1 1 0 1 0 1 0 0 0 1 0 0 0 0 1 0
300	3	1 1 0 0 0 1 0 0 0 1 1 0 0 0 1 0
300	11	1 1 1 0 0 1 0 0 1 0 0 0 0 0 0 0
300	1	1 1 1 0 0 0 0 0 1 0 1 1 0 0 1 0
300	9	1 1 0 0 0 0 0 0 0 0 1 1 0 0 0 0
300	27	1 1 1 0 0 0 0 0 0 0 1 0 1 0 0 0
300	1	1 0 0 0 0 1 0 1 1 0 0 0 0 0 0 0
300	1	0 1 1 1 1 0 0 0 0 0 1 0 0 0 1 0
300	2	1 1 0 0 0 0 1 0 0 0 1 1 0 0 0 0
300	7	1 1 1 0 0 1 0 0 0 0 1 0 0 0 1 0
300	5	1 1 0 1 0 1 1 0 0 0 1 0 0 0 0 0
300	12	1 1 0 1 1 1 1 0 0 1 0 1 0 1 0 0
300	7	1 1 0 0 0 1 1 0 0 0 1 1 0 0 0 0
300	3	1 1 0 1 0 0 1 0 0 0 1 0 0 0 1 0
300	27	1 1 0 0 0 1 1 0 0 0 1 0 0 0 1 0
300	11	1 1 1 0 0 0 0 0 1 0 1 0 0 0 0 0
300	4	1 1 0 0 1 0 1 0 0 0 1 0 0 0 1 0
300	1	1 1 0 0 0 1 1 0 0 1 1 0 0 0 0 0
300	5	0 1 1 1 1 0 0 0 0 1 0 1 0 0 0 0
300	20	1 1 1 0 0 1 1 0 0 0 1 1 0 0 0 0
300	3	0 1 0 1 0 1 1 0 0 1 1 0 0 0 0 0
300	5	1 1 0 0 0 0 1 0 0 0 1 0 0 1 0 0
300	6	1 1 0 0 0 0 1 0 0 0 1 0 0 0 0 0
300	4	1 1 0 0 0 0 1 0 0 0 1 1 0 0 1 1
300	3	1 1 1 1 0 0 0 0 0 0 1 0 1 0 0 0
300	5	1 1 0 0 0 0 0 0 0 0 1 0 0 0 1 0
300	15	1 0 0 1 0 1 0 0 0 0 1 0 0 0 0 0
300	7	1 1 0 1 1 1 0 0 0 0 0 1 0 0 0 1
300	2	1 1 0 1 0 1 1 0 0 0 0 1 0 0 0 0
300	11	1 1 1 1 0 1 0 0 0 1 1 0 0 0 0 0
300	3	1 1 0 1 0 1 0 0 0 0 1 0 0 0 1 0
300	8	1 1 0 1 0 1 1 0 1 0 0 1 0 1 0 0
300	6	1 1 0 1 0 1 0 1 0 1 1 0 0 0 0 0
300	4	1 1 0 0 1 1 0 0 0 0 1 0 0 0 0 0
300	1	1 1 0 0 1 1 0 0 0 0 0 1 0 0 0 1
300	3	0 0 0 1 0 1 1 1 0 0 1 0 0 0 0 0
300	5	1 1 0 0 1 0 1 0 0 0 1 0 0 0 1 1
300	2	1 1 0 0 1 0 0 0 0 0 1 0 0 0 1 0
300	1	1 1 0 1 0 1 1 0 1 0 0 0 0 0 0 0
300	1	1 1 0 0 0 1 1 1 1 0 0 0 0 0 0 0
300	4	1 1 1 0 1 1 0 0 0 1 1 0 0 0 0 0
300	4	1 0 0 1 0 0 0 0 0 0 1 0 0 0 0 0
300	6	1 1 0 1 1 1 0 0 1 0 1 0 0 0 0 0
300	6	1 1 0 0 0 1 0 0 0 0 1 0 1 0 0 0
300	1	1 0 0 1 0 1 1 0 1 0 1 0 0 0 0 0
300	3	1 1 1 0 0 1 1 0 0 0 0 1 0 0 0 0
300	8	1 1 0 0 0 1 0 0 0 1 0 1 0 0 0 0
300	3	1 1 0 0 0 1 0 1 0 1 1 0 0 0 1 0
300	2	0 1 0 1 0 1 1 1 0 1 1 0 0 0 0 0
300	3	1 1 1 0 1 0 0 0 0 0 1 0 0 0 1 1
300	2	1 1 1 1 0 1 0 0 0 0 1 0 0 0 1 0
300	4	1 1 0 1 0 1 1 0 1 0 1 0 0 0 0 0
300	3	1 1 1 0 0 1 0 0 1 1 1 0 0 0 0 0
300	1	1 1 0 0 0 0 1 0 1 0 1 0 0 0 1 0
300	6	1 1 1 1 0 1 0 0 0 0 1 0 0 0 0 0
300	1	1 1 0 0 0 1 0 0 1 1 1 0 0 0 0 0
300	12	1 1 0 1 0 1 0 0 0 1 1 1 0 0 1 1
300	2	1 1 1 1 0 1 1 0 0 0 1 0 0 0 0 0
300	1	1 1 0 0 0 0 1 0 0 0 1 0 1 0 0 0
300	3	1 0 1 1 0 1 0 0 0 1 1 0 0 0 1 0
300	2	1 1 0 1 0 1 1 0 0 1 0 1 0 0 0 1
300	3	1 1 1 1 0 1 1 0 0 1 1 0 0 0 0 0
300	1	1 1 0 1 1 1 0 0 0 1 0 1 0 0 0 1
300	3	0 1 1 1 0 1 1 0 0 0 0 1 1 0 1 0
300	3	0 1 0 0 0 1 0 0 0 0 1 0 0 0 1 0
300	3	1 1 1 0 0 0 0 1 0 0 1 0 0 0 0 0
300	2	1 1 0 1 0 1 0 0 0 1 1 0 0 1 0 0
300	1	0 1 0 1 0 1 0 0 0 1 1 0 0 0 0 0
300	1	1 1 0 1 0 1 0 0 0 1 1 1 1 0 1 0
300	1	0 1 0 1 0 1 1 0 0 1 0 1 0 0 0 0
300	1	1 1 1 0 0 0 0 1 1 0 1 0 0 0 0 0
300	3	1 1 1 1 1 1 0 0 0 1 1 0 0 0 0 0
320	33	1 1 0 1 1 1 0 0 1 0 0 1 0 0 0 1
320	40	1 1 1 0 0 0 0 0 0 0 1 0 0 0 0 0
320	12	1 1 0 0 0 0 0 0 0 1 1 0 0 0 0 0
320	2	1 1 0 0 0 1 0 0 0 1 1 0 0 0 0 0
320	9	1 1 0 0 0 1 0 0 1 0 1 0 0 0 0 0
320	12	1 1 1 0 0 1 0 0 0 1 1 0 0 0 1 0
320	223	1 1 0 1 0 1 0 0 0 1 1 0 0 0 0 0
320	30	0 1 1 1 0 1 1 0 0 0 0 0 0 1 0 0
320	4	1 1 0 1 1 1 1 0 0 1 0 1 0 0 1 0
320	8	1 1 0 0 0 0 1 0 1 0 0 1 0 1 0 0
320	6	0 0 0 1 0 1 1 0 1 0 1 0 0 0 0 0
320	86	1 1 0 1 0 1 0 0 0 0 1 0 0 0 0 0
320	6	1 1 0 0 0 0 0 0 0 0 1 0 0 0 0 0
320	10	1 0 0 1 0 1 0 0 0 1 1 0 0 0 1 0
320	5	1 1 0 0 0 0 1 0 0 0 1 1 0 0 1 0
320	4	1 1 0 1 0 1 0 0 0 1 1 1 0 0 1 0
320	7	1 1 1 0 0 1 0 0 0 1 1 0 0 0 0 0
320	1	1 1 1 0 0 0 0 0 0 0 1 0 0 0 1 0
320	7	1 1 1 0 0 0 0 1 1 0 0 0 0 0 0 0
320	7	1 1 0 1 0 1 0 0 0 1 0 0 0 0 1 0
320	10	1 1 0 0 0 1 0 0 0 1 1 0 0 0 1 0
320	11	1 1 0 0 0 0 0 0 0 0 1 1 0 0 0 0
320	14	1 1 0 1 1 1 1 0 0 1 0 1 0 1 0 0
320	1	1 1 0 0 0 1 1 0 0 0 1 1 0 0 0 0
320	10	1 1 0 0 0 1 1 0 0 0 1 0 0 0 1 0
320	44	1 1 1 0 0 0 0 0 1 0 1 0 0 0 0 0
320	19	1 1 1 1 0 0 0 0 0 0 1 0 1 0 0 0
320	5	1 1 0 0 0 0 0 0 0 0 1 0 0 0 1 0
320	17	1 0 0 1 0 1 0 0 0 0 1 0 0 0 0 0
320	27	1 1 0 1 0 1 0 1 0 1 1 0 0 0 0 0
320	8	1 0 0 1 0 0 0 0 0 0 1 0 0 0 0 0
320	2	1 1 0 0 0 1 0 0 0 1 0 1 0 0 0 0
320	16	0 1 0 1 0 1 1 1 0 1 1 0 0 0 0 0
320	5	1 1 1 1 0 1 0 0 0 0 1 0 0 0 0 0
320	2	1 1 1 1 0 1 1 0 0 0 1 0 0 0 0 0
320	15	1 1 0 1 0 1 0 0 0 1 1 0 0 0 1 0
320	3	0 1 0 1 0 1 0 0 0 0 1 0 0 0 0 0
320	24	1 1 0 1 0 1 0 0 0 1 1 1 0 0 0 1
320	21	1 1 1 0 1 0 0 0 0 0 1 0 0 0 0 0
320	8	1 1 0 1 0 1 1 0 1 0 0 0 0 1 0 0
320	8	1 1 0 1 0 1 0 0 0 0 1 1 0 0 1 0
320	8	1 1 0 1 0 0 0 0 0 1 1 0 0 0 0 0
320	5	1 1 1 1 0 1 0 0 0 0 0 1 0 0 0 0
320	2	1 1 0 1 1 1 1 0 0 1 0 1 1 1 0 0
320	2	1 1 0 0 0 1 1 0 0 0 1 1 0 0 1 0
320	20	1 1 0 1 0 1 0 0 0 0 1 0 1 0 0 0
320	6	1 1 0 1 0 1 0 0 0 1 1 0 1 0 0 0
320	1	1 0 0 1 0 1 0 0 0 1 1 0 0 0 0 0
320	3	1 1 1 1 0 1 0 0 0 0 1 0 0 1 0 0
320	4	1 0 0 1 0 1 0 0 0 0 1 0 0 0 1 0
320	9	1 1 0 0 0 0 0 0 0 1 1 0 0 0 0 1
320	13	1 1 1 1 0 1 0 0 0 1 1 0 0 0 0 0
320	11	1 1 0 1 0 1 0 1 0 0 1 0 0 0 0 0
320	4	1 1 0 0 0 0 0 0 0 0 1 0 1 0 0 0
320	2	0 0 0 1 0 1 1 0 0 0 1 0 0 0 0 0
320	1	1 1 0 1 0 1 0 0 0 1 1 1 0 0 0 0
320	5	1 1 0 1 0 1 0 0 1 0 0 1 0 0 0 1
320	4	1 1 0 1 0 1 1 0 0 1 0 0 0 0 0 0
320	1	1 1 0 1 0 1 0 0 0 0 0 1 0 1 0 1
320	4	1 1 0 1 1 0 0 0 1 0 0 1 0 0 0 1
320	6	1 1 0 1 0 1 0 0 1 1 1 0 0 0 0 0
320	5	1 1 0 1 0 1 0 0 0 1 0 0 1 0 1 0
320	12	1 1 0 0 0 1 0 0 0 1 1 0 1 0 1 0
320	3	1 1 0 0 0 0 0 0 1 0 1 1 0 0 0 0
320	6	0 1 1 1 0 0 0 0 0 0 1 0 1 0 0 0
320	1	1 1 0 1 1 1 0 0 1 0 1 1 0 0 0 1
320	3	1 1 1 0 0 0 0 0 0 1 1 0 0 0 1 0
320	6	1 1 0 1 0 1 0 0 0 1 1 0 0 0 0 1
320	1	1 1 0 1 0 0 0 0 0 0 1 0 0 0 0 0
320	1	0 1 0 1 0 0 1 0 0 0 1 0 0 0 0 0
320	1	1 1 0 0 0 1 0 0 0 0 1 0 0 0 1 0
320	4	1 1 1 0 0 0 0 1 1 1 0 0 0 0 0 0
320	2	1 1 0 1 0 0 0 0 0 1 1 1 0 0 0 1
320	4	1 1 1 0 0 0 0 0 0 0 1 0 0 0 0 1
320	6	1 1 0 1 0 1 0 0 0 1 0 0 0 0 0 0
320	4	1 1 1 1 0 0 0 0 0 0 1 0 0 0 0 0
320	2	0 0 0 1 0 0 1 0 1 0 1 0 0 0 0 0
320	2	1 1 0 0 0 1 0 0 0 1 1 0 0 0 1 1
320	2	1 1 0 1 0 1 0 0 0 0 1 0 0 0 1 0
320	4	0 1 1 1 0 1 1 0 0 0 1 0 1 0 0 0
320	5	0 0 0 1 0 1 1 0 0 0 1 0 0 0 1 0
320	3	1 1 0 0 0 0 1 0 0 0 1 0 0 0 0 0
320	3	0 1 0 1 0 1 1 0 0 1 1 0 0 0 1 0
320	1	1 1 1 0 0 0 1 0 0 0 1 0 0 0 0 0
320	1	0 0 0 1 0 1 1 0 1 0 1 0 1 0 0 0
320	3	1 1 1 0 0 0 0 0 1 0 1 1 0 0 0 0
320	1	1 1 0 1 0 1 0 0 0 1 1 1 0 0 1 1
320	6	1 1 0 1 1 1 1 0 0 1 0 1 1 1 0 1
320	1	1 1 0 1 0 1 0 0 0 0 1 0 0 1 0 0
320	3	1 1 0 1 0 1 0 1 0 0 1 0 0 0 0 1
320	3	1 1 0 1 0 1 0 0 0 1 0 0 0 1 0 0
320	1	1 1 0 0 0 0 0 0 1 1 1 0 0 0 0 0
320	2	1 1 0 1 1 1 0 1 1 0 0 1 0 0 0 1
320	1	1 1 0 0 0 0 0 0 1 0 0 1 0 1 0 0
320	1	1 1 1 0 0 0 0 0 1 0 1 0 1 0 0 0
320	1	1 0 0 0 0 0 0 0 0 1 1 0 0 0 0 1
320	1	1 1 0 1 0 1 0 0 1 0 0 0 0 0 0 1
320	1	1 1 0 0 0 1 0 1 0 0 1 0 0 0 1 0
340	7	1 1 1 0 0 0 0 0 0 0 1 0 0 0 0 0
340	21	1 1 0 0 0 0 0 0 0 1 1 0 0 0 0 0
340	21	1 1 1 0 0 1 0 0 0 1 1 0 0 0 1 0
340	249	1 1 0 1 0 1 0 0 0 1 1 0 0 0 0 0
340	11	0 1 1 1 0 1 1 0 0 0 0 0 0 1 0 0
340	24	0 0 0 1 0 1 1 0 1 0 1 0 0 0 0 0
340	117	1 1 0 1 0 1 0 0 0 0 1 0 0 0 0 0
340	1	1 1 0 0 0 0 0 0 0 0 1 0 0 0 0 0
340	21	1 1 1 0 0 0 0 1 1 0 0 0 0 0 0 0
340	36	1 1 0 1 1 1 1 0 0 1 0 1 0 1 0 0
340	10	1 1 1 0 0 0 0 0 1 0 1 0 0 0 0 0
340	37	1 1 1 1 0 0 0 0 0 0 1 0 1 0 0 0
340	3	1 0 0 1 0 1 0 0 0 0 1 0 0 0 0 0
340	10	0 1 0 1 0 1 1 1 0 1 1 0 0 0 0 0
340	17	1 1 0 1 0 1 0 0 0 1 1 0 0 0 1 0
340	7	1 1 0 1 0 1 1 0 1 0 0 0 0 1 0 0
340	7	1 1 0 1 0 0 0 0 0 1 1 0 0 0 0 0
340	2	1 1 1 1 0 1 0 0 0 0 0 1 0 0 0 0
340	25	1 1 0 1 0 1 0 0 0 0 1 0 1 0 0 0
340	27	1 1 0 1 0 1 0 0 0 1 1 0 1 0 0 0
340	5	1 1 1 1 0 1 0 0 0 1 1 0 0 0 0 0
340	26	1 1 0 1 0 1 0 1 0 0 1 0 0 0 0 0
340	9	1 1 0 0 0 0 0 0 0 0 1 0 1 0 0 0
340	16	0 0 0 1 0 1 1 0 0 0 1 0 0 0 0 0
340	21	1 1 0 1 0 1 0 0 0 1 1 1 0 0 0 0
340	7	1 1 0 1 0 1 0 0 1 0 0 1 0 0 0 1
340	15	1 1 0 1 0 1 0 0 1 1 1 0 0 0 0 0
340	10	1 1 0 1 0 1 0 0 0 1 0 0 1 0 1 0
340	11	1 1 0 1 0 1 0 0 0 1 1 0 0 0 0 1
340	2	1 1 1 0 0 0 0 1 1 1 0 0 0 0 0 0
340	16	1 1 0 1 0 1 0 0 0 0 1 0 0 1 0 0
340	10	0 1 0 1 0 1 1 0 0 1 1 0 0 0 0 0
340	13	1 1 1 1 1 1 0 0 0 1 1 0 0 0 0 0
340	14	1 1 0 1 0 1 0 0 0 0 1 1 0 0 0 1
340	8	1 1 0 1 0 1 0 0 0 1 1 0 0 1 0 0
340	4	1 1 1 0 0 1 1 0 1 0 1 0 0 0 1 0
340	7	0 1 0 1 0 1 0 0 0 1 1 0 0 0 0 0
340	4	1 1 1 0 0 0 0 0 0 1 1 1 0 0 0 1
340	2	1 1 0 0 0 1 0 0 0 0 1 0 0 0 0 0
340	15	1 1 0 1 0 1 1 1 0 1 1 0 0 0 0 0
340	21	1 1 0 1 0 1 0 0 0 0 1 0 0 0 1 0
340	5	1 0 0 1 0 1 0 0 0 0 1 0 0 1 0 0
340	3	1 1 1 1 1 0 0 0 0 1 1 0 0 0 0 0
340	12	1 1 0 1 0 1 0 0 1 0 0 1 0 0 0 0
340	13	1 1 0 1 1 1 0 0 0 1 1 0 0 0 0 0
340	3	1 1 1 1 0 1 0 0 1 0 0 1 0 0 0 0
340	2	1 1 1 0 0 0 0 1 0 0 1 0 0 0 0 0
340	2	0 0 0 1 1 1 1 0 0 0 1 0 0 0 1 0
340	6	0 1 0 1 0 1 1 0 0 1 1 1 0 0 0 0
340	6	1 1 0 1 1 1 1 0 0 1 0 0 0 1 0 0
340	2	1 1 1 1 0 0 0 0 0 0 0 0 1 0 0 0
340	3	1 0 0 1 0 1 0 0 0 1 1 0 0 0 0 0
340	5	1 1 1 0 0 0 0 1 1 0 0 0 0 1 0 0
340	3	1 1 1 0 0 1 0 0 0 1 1 0 0 0 1 1
340	1	1 0 1 0 0 1 0 0 0 1 1 0 0 0 1 0
340	1	1 1 0 0 0 1 0 0 0 1 1 0 0 0 0 0
340	1	1 1 1 1 0 1 0 0 0 0 1 0 0 0 0 0
340	6	1 1 0 1 0 1 0 0 1 0 1 0 0 0 0 0
340	2	1 1 0 1 0 1 0 1 0 0 0 0 0 0 0 0
340	2	1 1 0 0 0 1 0 0 0 0 1 0 0 1 0 0
340	1	1 1 1 1 0 1 0 0 1 0 0 1 0 1 0 0
340	2	1 1 0 1 0 1 0 0 0 1 0 0 0 0 0 0
340	2	1 1 0 1 0 1 0 1 0 1 1 0 0 0 0 0
340	2	1 0 1 1 0 0 0 0 0 0 1 0 1 0 0 0
340	3	1 1 0 1 1 1 0 0 0 1 1 0 1 0 0 0
340	1	1 1 0 1 0 1 0 1 1 0 1 0 0 0 0 0
340	1	1 1 0 1 0 1 0 0 0 1 1 1 0 1 0 0
340	1	1 1 0 1 0 1 0 0 1 1 1 0 0 0 0 1
340	2	1 1 0 1 0 1 1 0 0 1 1 0 0 1 0 0
340	2	1 1 1 1 0 0 0 0 0 0 1 0 1 1 0 0
340	1	1 1 0 1 0 1 0 0 1 0 0 0 0 1 0 0
340	6	1 1 1 1 1 0 0 0 0 1 0 1 0 1 0 0
340	1	1 1 1 0 0 0 0 0 1 0 0 0 0 0 0 0
340	2	1 0 0 1 0 1 0 0 1 0 1 0 0 0 0 0
340	2	1 1 0 1 0 1 1 0 1 0 1 0 0 1 0 0
340	1	0 0 0 1 0 1 1 0 0 0 1 0 0 0 1 0
340	1	1 1 0 0 0 1 0 0 0 1 1 0 0 1 0 0
340	1	1 1 0 1 0 1 1 1 0 1 1 1 0 0 0 0
340	1	1 0 0 1 0 1 0 0 0 1 0 0 0 0 0 0
360	2	1 1 1 0 0 1 0 0 0 1 1 0 0 0 1 0
360	213	1 1 0 1 0 1 0 0 0 1 1 0 0 0 0 0
360	6	0 1 1 1 0 1 1 0 0 0 0 0 0 1 0 0
360	21	0 0 0 1 0 1 1 0 1 0 1 0 0 0 0 0
360	153	1 1 0 1 0 1 0 0 0 0 1 0 0 0 0 0
360	11	1 1 1 0 0 0 0 1 1 0 0 0 0 0 0 0
360	24	1 1 0 1 1 1 1 0 0 1 0 1 0 1 0 0
360	27	1 1 1 0 0 0 0 0 1 0 1 0 0 0 0 0
360	65	1 1 1 1 0 0 0 0 0 0 1 0 1 0 0 0
360	20	1 1 0 1 0 1 0 0 0 1 1 0 0 0 1 0
360	9	1 1 0 1 0 0 0 0 0 1 1 0 0 0 0 0
360	13	1 1 0 1 0 1 0 0 0 0 1 0 1 0 0 0
360	23	1 1 0 1 0 1 0 0 0 1 1 0 1 0 0 0
360	9	1 1 0 1 0 1 0 1 0 0 1 0 0 0 0 0
360	1	0 0 0 1 0 1 1 0 0 0 1 0 0 0 0 0
360	32	1 1 0 1 0 1 0 0 0 1 1 1 0 0 0 0
360	2	1 1 0 1 0 1 0 0 1 0 0 1 0 0 0 1
360	3	1 1 0 1 0 1 0 0 1 1 1 0 0 0 0 0
360	7	0 1 0 1 0 1 1 0 0 1 1 0 0 0 0 0
360	19	1 1 0 1 0 1 0 0 0 1 1 0 0 1 0 0
360	2	1 1 0 1 0 1 0 0 0 0 1 0 0 0 1 0
360	26	0 1 0 1 0 1 1 0 0 1 1 1 0 0 0 0
360	10	1 1 1 1 0 0 0 0 0 0 0 0 1 0 0 0
360	2	1 1 1 0 0 0 0 1 1 0 0 0 0 1 0 0
360	17	1 1 0 1 0 1 0 0 1 0 1 0 0 0 0 0
360	9	1 0 1 1 0 0 0 0 0 0 1 0 1 0 0 0
360	4	1 1 1 1 0 0 0 0 1 0 1 0 1 0 0 0
360	18	1 1 0 0 0 0 0 0 0 1 1 1 0 0 0 0
360	5	1 1 1 0 0 0 0 0 1 0 1 0 0 1 0 0
360	14	1 1 0 1 0 1 0 1 0 1 1 0 0 0 0 0
360	9	0 0 0 1 0 1 1 0 0 1 0 0 0 1 0 0
360	5	1 1 0 1 0 0 0 0 0 0 1 0 0 0 0 0
360	2	1 1 0 0 0 0 0 0 0 1 1 0 0 0 1 0
360	1	1 0 0 1 0 1 0 0 0 0 1 0 0 0 0 0
360	4	1 1 0 1 0 1 0 0 0 1 0 1 0 0 0 0
360	20	1 0 1 0 0 0 0 0 0 0 1 0 0 0 0 0
360	15	0 1 0 1 0 0 1 0 0 1 1 0 0 0 0 0
360	3	1 1 1 1 0 1 0 0 0 1 1 0 1 0 0 0
360	28	1 1 0 1 0 1 1 0 0 1 1 0 0 0 0 0
360	16	1 1 0 1 0 1 0 0 1 0 1 0 1 0 0 0
360	3	1 1 1 0 0 1 0 1 1 0 0 0 0 0 0 0
360	6	1 1 0 1 0 1 0 0 0 1 0 0 0 0 0 0
360	3	1 1 1 1 0 1 0 0 1 1 1 0 0 0 0 1
360	3	1 1 0 1 0 1 1 0 0 1 0 1 0 1 0 0
360	9	1 1 0 1 0 1 0 0 1 0 1 1 0 0 0 1
360	6	1 1 1 0 0 1 0 0 0 1 1 0 0 0 0 0
360	5	0 1 0 1 0 1 0 0 0 1 1 0 0 0 0 0
360	3	1 1 0 1 1 1 1 0 0 1 0 1 0 1 1 0
360	3	1 1 1 0 0 0 0 1 1 1 1 0 0 0 0 0
360	5	0 0 0 1 0 1 1 0 0 0 0 1 0 0 0 1
360	1	1 1 0 1 0 1 0 0 0 1 1 0 1 1 0 0
360	2	1 1 0 1 0 1 0 1 1 0 1 0 0 0 0 0
360	5	1 1 0 1 0 1 1 0 0 0 0 0 0 1 0 0
360	5	1 1 0 1 0 1 0 0 0 0 0 0 0 0 0 0
360	2	1 1 0 1 0 1 0 0 1 1 1 1 0 0 0 0
360	17	1 1 0 1 0 1 1 0 1 0 0 1 0 0 0 1
360	3	1 1 0 1 0 0 1 0 0 1 1 0 0 0 0 0
360	7	1 0 1 0 0 0 1 0 0 0 1 0 0 0 0 0
360	1	1 1 0 1 0 1 1 0 0 1 1 0 1 0 0 0
360	2	1 0 1 0 0 1 0 0 0 1 1 0 1 0 0 0
360	4	1 1 0 1 1 1 1 0 0 1 1 0 0 0 0 0
360	1	1 1 0 1 0 1 1 0 0 1 1 1 0 0 0 0
360	1	1 1 0 0 0 1 0 0 0 1 1 0 0 0 1 0
360	1	1 1 0 1 1 1 1 0 0 0 0 1 0 1 0 0
360	1	1 1 1 1 0 0 0 0 0 0 1 0 1 1 0 0
360	4	0 1 0 1 0 1 1 0 0 0 1 1 0 0 0 0
360	1	0 1 1 1 0 0 0 0 0 0 0 0 1 0 0 0
360	2	1 1 1 1 0 1 0 1 0 1 1 0 0 0 0 0
360	1	1 0 1 0 0 0 0 0 0 0 1 0 0 0 1 0
360	4	1 1 0 0 0 1 0 0 0 1 1 0 0 0 0 0
360	2	1 1 1 1 0 0 0 0 0 0 1 0 0 0 0 0
360	2	1 1 0 0 0 1 0 0 0 0 1 0 0 0 0 0
360	2	1 0 1 1 0 1 0 0 0 1 1 0 0 0 0 0
360	1	1 1 0 1 1 1 1 0 0 1 0 1 0 0 0 0
360	1	1 1 1 0 0 0 0 0 1 1 1 0 0 0 0 0
360	1	1 0 0 1 0 1 1 0 0 0 1 0 0 0 0 0
360	3	1 1 1 1 0 0 0 0 0 0 0 0 1 1 0 0
360	1	1 0 1 1 0 1 0 0 0 0 1 0 1 0 0 0
360	1	1 0 0 1 0 1 0 0 0 0 1 0 0 0 1 0
360	1	1 1 1 1 0 0 0 0 0 1 1 0 1 0 0 0
360	2	1 1 0 1 1 1 0 0 1 0 1 0 1 0 0 0
360	2	1 1 1 1 0 1 1 0 0 1 0 1 0 1 0 0
380	15	1 1 1 0 0 1 0 0 0 1 1 0 0 0 1 0
380	143	1 1 0 1 0 1 0 0 0 1 1 0 0 0 0 0
380	3	0 0 0 1 0 1 1 0 1 0 1 0 0 0 0 0
380	175	1 1 0 1 0 1 0 0 0 0 1 0 0 0 0 0
380	27	1 1 0 1 1 1 1 0 0 1 0 1 0 1 0 0
380	2	1 1 1 0 0 0 0 0 1 0 1 0 0 0 0 0
380	65	1 1 1 1 0 0 0 0 0 0 1 0 1 0 0 0
380	3	1 1 0 1 0 0 0 0 0 1 1 0 0 0 0 0
380	22	1 1 0 1 0 1 0 0 0 1 1 0 1 0 0 0
380	12	1 1 0 1 0 1 0 1 0 0 1 0 0 0 0 0
380	7	1 1 0 1 0 1 0 0 0 1 1 1 0 0 0 0
380	4	1 1 0 1 0 1 0 0 1 1 1 0 0 0 0 0
380	18	1 1 0 1 0 1 0 0 0 1 1 0 0 1 0 0
380	4	0 1 0 1 0 1 1 0 0 1 1 1 0 0 0 0
380	17	1 1 0 1 0 1 0 0 1 0 1 0 0 0 0 0
380	12	1 1 1 1 0 0 0 0 1 0 1 0 1 0 0 0
380	32	1 1 0 1 0 1 0 1 0 1 1 0 0 0 0 0
380	19	1 1 0 1 0 0 0 0 0 0 1 0 0 0 0 0
380	12	0 1 0 1 0 0 1 0 0 1 1 0 0 0 0 0
380	9	1 1 1 1 0 1 0 0 0 1 1 0 1 0 0 0
380	3	1 1 0 1 0 1 1 0 0 1 1 0 0 0 0 0
380	37	1 1 0 1 0 1 0 0 1 0 1 0 1 0 0 0
380	17	1 1 1 0 0 1 0 1 1 0 0 0 0 0 0 0
380	7	1 1 1 1 0 1 0 0 1 1 1 0 0 0 0 1
380	7	0 1 0 1 0 1 0 0 0 1 1 0 0 0 0 0
380	6	1 1 0 1 0 1 1 0 0 0 0 0 0 1 0 0
380	21	1 1 0 1 0 1 1 0 1 0 0 1 0 0 0 1
380	1	1 1 0 1 0 0 1 0 0 1 1 0 0 0 0 0
380	4	1 0 1 0 0 1 0 0 0 1 1 0 1 0 0 0
380	7	1 1 0 1 1 1 1 0 0 1 1 0 0 0 0 0
380	3	0 1 0 1 0 1 1 0 0 0 1 1 0 0 0 0
380	14	1 1 0 0 0 1 0 0 0 1 1 0 0 0 0 0
380	3	1 1 1 1 0 0 0 0 0 0 1 0 0 0 0 0
380	9	1 1 0 0 0 1 0 0 0 0 1 0 0 0 0 0
380	1	1 1 0 1 1 1 1 0 0 1 0 1 0 0 0 0
380	12	1 1 1 0 0 0 0 0 0 1 0 1 0 0 0 0
380	1	1 1 1 1 0 1 0 0 0 1 1 0 0 0 0 0
380	19	1 0 1 1 0 0 0 0 0 0 1 0 1 0 0 1
380	4	1 0 1 1 0 0 0 0 0 0 0 0 1 0 0 0
380	21	1 1 1 1 0 0 0 0 1 0 1 0 0 0 0 0
380	3	1 1 0 1 0 1 1 0 1 1 0 1 0 0 0 1
380	25	1 1 0 0 0 1 0 0 1 0 1 0 0 0 0 0
380	1	1 1 1 1 0 0 0 1 0 1 1 0 0 0 0 0
380	12	1 1 0 0 0 1 1 0 1 0 0 1 0 0 0 1
380	5	1 1 0 0 0 0 0 0 0 1 0 0 0 0 1 0
380	11	1 1 0 1 0 0 0 0 0 1 1 0 0 0 0 1
380	8	1 1 1 1 0 1 0 0 0 1 1 1 0 0 0 1
380	7	1 1 0 1 0 1 0 0 1 0 0 0 0 0 0 0
380	3	1 1 0 1 1 1 1 0 1 0 0 0 0 0 0 0
380	2	1 1 1 1 0 1 0 0 0 1 1 1 0 0 0 0
380	26	1 1 0 1 1 1 0 0 0 1 1 0 0 1 0 0
380	3	1 1 0 1 1 1 1 0 0 1 0 0 0 0 0 0
380	6	1 1 0 1 0 1 1 0 1 0 1 0 0 0 0 0
380	7	1 1 1 1 0 0 0 0 1 1 1 0 0 0 0 0
380	3	1 0 0 1 0 1 0 0 0 0 1 0 0 0 0 0
380	3	1 1 0 1 0 1 0 0 0 1 1 1 1 0 0 0
380	4	1 1 0 1 0 0 0 0 1 0 1 0 1 0 0 0
380	1	1 1 1 1 0 1 0 0 0 0 1 1 0 0 0 0
380	3	1 1 0 1 0 1 0 0 0 0 1 1 0 0 0 0
380	2	0 1 0 1 0 1 0 0 0 1 1 1 0 0 0 0
380	2	1 1 0 1 0 1 1 0 0 1 0 1 0 0 0 0
380	1	1 1 1 0 0 0 0 0 0 1 0 0 0 0 0 0
380	3	1 1 0 0 0 1 0 0 1 0 1 0 1 0 0 0
380	4	1 1 0 1 0 1 1 0 0 1 1 1 0 1 0 0
380	7	1 1 1 0 0 1 0 0 0 1 1 0 0 0 0 0
380	1	1 1 0 1 0 1 0 0 0 0 1 0 1 0 0 0
380	2	1 1 1 1 0 1 0 0 1 0 1 0 1 0 0 0
380	4	1 1 0 1 0 1 0 0 0 0 1 0 0 0 1 0
380	1	1 1 0 1 0 1 0 1 0 1 0 1 0 1 0 0
380	2	1 0 0 1 0 0 0 0 0 0 1 0 1 0 0 0
380	3	1 1 0 1 0 1 1 0 0 1 1 0 0 1 0 0
380	2	1 1 0 1 0 1 0 1 0 1 1 0 1 0 0 0
380	2	0 1 0 1 0 1 0 1 0 1 1 0 0 0 0 0
380	6	1 1 1 1 0 1 0 0 0 0 1 0 0 0 0 0
380	2	1 1 1 1 0 0 0 0 1 0 1 0 0 0 0 1
380	3	1 1 0 1 1 1 0 0 0 1 1 0 0 0 0 0
380	1	1 1 1 1 0 1 0 0 0 1 1 0 0 1 0 0
380	1	1 1 0 1 0 1 0 0 1 0 1 0 1 0 0 1
380	4	1 1 0 1 0 0 1 0 0 1 1 0 0 1 0 0
380	1	1 1 0 1 0 0 0 0 0 0 1 0 1 0 0 0
380	2	1 1 0 1 0 0 0 0 0 1 1 0 1 0 0 0
380	1	1 1 1 1 0 0 0 0 0 1 1 1 1 0 0 0
380	1	1 1 0 1 1 1 0 0 0 0 1 0 0 0 0 0
380	2	1 1 0 1 0 1 0 0 0 0 1 0 0 1 0 0
380	1	1 1 1 1 0 0 0 0 0 1 1 0 1 0 0 0
380	1	1 1 0 1 0 1 0 0 1 1 1 1 0 0 0 0
380	1	0 1 1 1 0 1 0 0 0 1 1 0 0 0 0 0
380	1	0 1 0 1 0 1 1 0 1 0 1 1 0 0 0 0
380	1	1 1 1 0 0 1 0 0 0 1 1 1 0 0 0 1
380	1	1 1 0 1 0 0 0 0 1 0 0 0 0 0 0 0
380	2	1 1 0 1 0 1 1 0 1 0 1 0 0 0 0 1
380	1	1 1 0 0 0 0 0 0 1 0 1 0 1 0 0 0
400	18	1 1 1 0 0 1 0 0 0 1 1 0 0 0 1 0
400	104	1 1 0 1 0 1 0 0 0 1 1 0 0 0 0 0
400	109	1 1 0 1 0 1 0 0 0 0 1 0 0 0 0 0
400	26	1 1 0 1 1 1 1 0 0 1 0 1 0 1 0 0
400	40	1 1 1 1 0 0 0 0 0 0 1 0 1 0 0 0
400	8	1 1 0 1 0 0 0 0 0 1 1 0 0 0 0 0
400	15	1 1 0 1 0 1 0 0 0 1 1 0 1 0 0 0
400	18	1 1 0 1 0 1 0 1 0 0 1 0 0 0 0 0
400	16	1 1 0 1 0 1 0 1 0 1 1 0 0 0 0 0
400	10	1 1 0 1 0 0 0 0 0 0 1 0 0 0 0 0
400	37	1 1 1 1 0 1 0 0 0 1 1 0 1 0 0 0
400	15	1 1 0 1 0 1 0 0 1 0 1 0 1 0 0 0
400	11	1 1 1 0 0 1 0 1 1 0 0 0 0 0 0 0
400	1	0 1 0 1 0 1 0 0 0 1 1 0 0 0 0 0
400	6	1 1 0 1 0 1 1 0 1 0 0 1 0 0 0 1
400	3	1 1 0 1 1 1 1 0 0 1 1 0 0 0 0 0
400	16	0 1 0 1 0 1 1 0 0 0 1 1 0 0 0 0
400	10	1 1 0 0 0 1 0 0 0 1 1 0 0 0 0 0
400	8	1 0 1 1 0 0 0 0 0 0 1 0 1 0 0 1
400	68	1 1 1 1 0 0 0 0 1 0 1 0 0 0 0 0
400	30	1 1 0 0 0 1 0 0 1 0 1 0 0 0 0 0
400	8	1 1 0 1 0 0 0 0 0 1 1 0 0 0 0 1
400	3	1 1 0 1 1 1 1 0 1 0 0 0 0 0 0 0
400	24	1 1 0 1 1 1 0 0 0 1 1 0 0 1 0 0
400	7	1 1 1 1 0 1 0 0 0 1 1 0 0 1 0 0
400	25	1 1 1 0 0 1 0 1 1 0 0 1 0 0 0 0
400	25	1 1 1 1 0 1 0 0 1 0 1 0 0 0 0 0
400	2	1 1 0 1 0 1 1 0 0 0 1 0 0 0 0 0
400	6	1 1 1 0 0 0 0 1 1 0 0 0 0 0 0 0
400	16	1 1 0 1 0 1 0 0 0 0 1 0 1 0 0 1
400	21	1 0 0 1 0 1 0 0 0 0 1 0 0 0 1 0
400	2	1 1 0 1 1 1 0 0 0 1 1 0 1 0 0 0
400	9	1 1 0 1 0 1 0 0 1 1 1 0 1 0 0 0
400	8	1 1 0 1 0 1 0 0 0 1 1 0 1 1 0 0
400	7	1 1 0 1 0 1 0 0 0 1 1 0 0 0 1 0
400	2	1 1 0 1 1 1 1 1 0 1 0 1 0 1 0 0
400	3	1 1 0 1 1 1 0 0 0 1 1 1 1 0 0 0
400	1	1 1 0 1 0 1 0 0 0 1 0 1 0 0 0 0
400	10	1 1 0 0 0 1 0 0 0 1 1 0 0 0 1 0
400	15	1 1 0 1 0 1 0 1 0 1 0 0 0 0 0 0
400	3	1 1 0 1 1 0 1 0 1 0 0 0 0 0 0 0
400	16	1 1 1 1 1 0 0 0 1 0 1 0 0 0 0 1
400	8	1 1 0 1 0 0 0 1 0 1 1 0 0 0 0 0
400	16	1 0 1 0 0 1 0 0 0 1 1 0 0 0 1 0
400	3	1 1 0 1 0 1 1 0 0 1 0 1 0 1 0 0
400	1	1 0 0 1 0 1 0 1 0 1 1 0 0 0 0 0
400	14	1 1 0 0 0 0 0 0 0 1 1 0 0 0 0 0
400	6	1 1 1 1 0 0 0 0 1 0 0 0 0 0 0 0
400	2	1 1 0 0 0 0 0 0 0 1 1 0 0 0 0 1
400	12	1 1 0 1 1 1 0 0 0 1 1 0 0 0 0 0
400	1	1 1 1 1 1 0 0 0 1 0 1 0 0 0 0 0
400	8	1 0 0 1 0 0 0 1 0 1 1 0 0 0 0 0
400	8	1 1 1 0 0 1 0 1 0 0 1 0 0 0 0 0
400	1	0 1 0 1 0 0 1 0 0 1 1 1 0 0 0 0
400	15	1 0 0 1 1 1 0 0 0 1 1 0 0 0 0 0
400	4	1 1 0 1 0 1 0 0 0 0 1 0 1 0 0 0
400	1	1 1 0 1 0 1 0 0 0 1 1 1 0 0 0 0
400	2	0 1 0 1 0 1 0 0 0 1 1 1 1 0 0 0
400	14	1 1 0 0 0 1 0 0 0 0 1 0 0 0 0 0
400	1	1 1 1 0 0 1 0 1 0 1 1 0 0 0 0 0
400	19	0 1 1 1 0 0 0 0 0 1 1 0 0 0 1 0
400	1	1 1 0 1 0 1 0 0 0 1 0 0 1 0 0 0
400	2	1 1 0 1 0 1 0 0 1 0 1 0 1 1 0 0
400	1	1 1 1 0 0 0 0 0 0 1 0 1 1 0 0 0
400	2	1 1 0 1 1 1 1 0 0 1 1 0 0 0 0 1
400	17	1 0 0 1 0 1 0 0 0 1 1 0 0 0 0 0
400	6	1 1 0 1 1 1 0 1 0 1 1 0 0 0 0 0
400	3	1 1 0 1 0 1 0 0 1 0 0 0 0 0 0 0
400	1	1 1 0 1 0 1 0 1 0 0 1 0 1 0 0 0
400	1	1 1 0 1 0 1 0 0 1 0 1 0 0 0 0 0
400	3	1 1 0 1 0 1 0 0 0 1 0 0 1 1 0 0
400	7	0 1 1 1 0 1 0 0 0 1 1 0 0 0 0 0
400	3	1 1 1 1 1 1 0 0 0 1 1 0 0 0 0 0
400	3	1 1 1 0 0 1 0 0 0 1 1 0 0 0 0 0
400	1	1 0 1 1 0 0 0 0 0 0 1 0 1 0 0 0
400	2	1 1 0 1 0 1 0 0 0 1 1 0 1 0 0 1
400	1	1 1 1 0 0 0 1 0 0 1 1 1 0 0 0 0
400	3	1 1 1 0 0 1 0 0 0 0 1 0 0 0 0 0
400	1	1 1 0 1 0 0 1 0 0 1 1 0 0 0 0 1
400	3	1 1 0 1 0 1 0 0 1 0 0 0 1 1 0 0
400	2	0 1 1 1 0 1 0 0 1 1 1 0 0 0 0 0
400	1	1 1 0 1 0 1 1 0 1 0 1 1 0 0 0 0
400	1	1 1 0 0 0 1 0 1 0 1 1 0 0 0 0 0
400	2	1 0 0 1 0 1 0 0 0 0 1 0 0 0 0 0
400	3	1 1 1 1 0 0 0 0 0 0 0 0 1 0 0 0
400	1	1 1 1 1 0 0 0 0 0 0 1 1 1 0 0 0
400	1	0 1 0 1 0 1 0 0 0 1 1 0 0 0 0 1
400	1	0 1 0 1 0 1 1 0 0 0 1 1 0 0 0 1
400	1	1 1 1 1 0 0 0 0 1 0 1 0 0 1 0 0
400	2	1 1 0 1 1 1 0 0 1 1 1 0 0 1 0 0
400	2	1 1 1 0 0 1 0 1 0 0 0 1 0 0 0 0
400	1	1 1 0 1 0 0 0 0 0 0 1 0 1 0 0 1
400	2	1 1 1 0 0 1 0 0 0 1 0 0 0 0 0 0
400	1	1 0 1 0 1 1 0 1 1 0 0 0 0 0 0 0
