0	250	0 0 0 0 0 0 0 0 1 0 0 0 1 0 0 0
0	250	1 1 0 0 0 0 0 0 1 0 0 0 0 0 0 0
0	250	1 0 0 0 0 0 1 0 0 1 1 1 0 0 0 0
0	250	0 0 0 0 1 0 1 0 0 1 0 0 0 0 0 1
20	17	0 0 0 0 0 0 0 0 1 0 0 0 1 0 0 0
20	171	1 1 0 0 0 0 0 0 1 0 0 0 0 0 0 0
20	287	1 0 0 0 0 0 1 0 0 1 1 1 0 0 0 0
20	165	0 0 0 0 1 0 1 0 0 1 0 0 0 0 0 1
20	4	1 0 0 0 0 0 1 0 0 1 0 0 0 0 0 1
20	2	0 0 0 1 0 0 0 0 1 0 0 0 1 0 0 0
20	12	1 0 0 0 0 0 1 0 0 1 1 1 1 0 0 0
20	5	0 0 0 0 1 0 1 0 0 1 1 0 0 0 0 1
20	3	0 1 0 0 1 0 1 0 0 1 0 0 0 0 0 1
20	10	1 0 0 0 0 0 0 0 1 0 0 0 1 0 0 0
20	8	0 0 0 0 1 1 1 0 0 1 0 0 0 0 0 1
20	5	1 1 0 0 0 0 0 0 1 0 0 1 0 0 0 0
20	20	0 0 0 0 1 0 1 0 0 1 0 0 0 1 0 1
20	8	0 1 0 0 1 0 1 0 1 1 0 0 0 0 0 1
20	11	0 0 0 0 0 0 1 0 0 1 1 1 0 0 0 0
20	9	1 1 0 0 0 0 0 0 1 0 0 0 1 0 0 0
20	8	1 1 0 0 0 0 1 0 0 1 1 1 0 0 0 0
20	13	1 0 0 0 0 0 0 0 1 0 0 0 0 0 0 0
20	5	1 1 0 0 0 0 0 1 1 0 0 0 0 0 0 0
20	5	0 0 0 0 0 0 0 0 1 0 0 1 0 0 0 0
20	3	1 1 0 0 0 0 1 0 0 1 0 0 0 0 0 1
20	1	1 0 0 0 0 0 0 0 0 1 1 1 0 0 0 0
20	4	1 0 0 0 0 0 1 0 0 1 0 0 0 0 0 0
20	6	1 0 0 0 0 0 1 0 0 1 0 1 0 0 0 0
20	9	0 0 1 0 1 0 1 0 0 1 0 0 0 0 0 1
20	26	1 1 0 0 0 0 1 1 1 0 0 0 0 0 0 0
20	14	1 0 0 0 1 0 1 0 0 1 0 0 0 0 0 1
20	1	1 0 0 0 0 0 1 0 0 1 0 0 1 0 0 0
20	4	1 1 0 0 0 0 0 0 1 0 0 0 0 0 0 1
20	11	1 0 1 0 0 0 1 0 0 1 1 1 0 0 0 0
20	16	1 1 0 0 0 0 0 0 0 1 1 1 0 0 0 0
20	1	1 0 0 0 0 0 1 0 0 1 1 1 0 1 0 0
20	9	0 0 0 1 1 0 1 0 0 1 0 0 0 0 0 1
20	7	1 1 0 0 0 0 1 0 1 0 0 0 0 0 0 0
20	5	1 0 0 0 0 0 1 0 0 1 1 1 0 0 1 0
20	9	1 0 0 0 0 0 0 0 1 0 0 0 0 0 1 0
20	2	0 1 0 0 1 0 1 0 1 1 0 0 0 0 0 0
20	3	1 1 0 0 0 0 0 0 1 0 0 0 0 0 1 0
20	10	0 0 0 0 1 0 1 0 0 1 0 0 0 0 0 0
20	4	0 1 0 1 0 0 0 0 1 0 0 0 0 0 0 0
20	1	1 0 0 0 0 0 1 1 0 1 1 1 0 0 0 0
20	9	0 1 0 0 0 0 0 0 1 0 0 0 0 0 0 0
20	7	1 1 0 0 0 0 0 0 0 0 0 0 0 0 0 0
20	1	1 0 0 0 0 0 1 0 1 1 1 1 0 0 0 0
20	5	1 0 0 1 0 0 1 0 0 1 1 1 0 0 0 0
20	3	0 0 0 0 0 0 1 0 0 1 0 0 0 0 0 1
20	10	1 0 0 0 0 0 1 0 0 1 1 1 0 0 0 1
20	2	0 0 0 0 1 0 1 1 0 1 0 0 0 0 0 1
20	5	1 0 0 0 0 0 0 0 0 0 0 0 1 0 0 0
20	4	0 1 0 0 0 0 0 0 1 0 0 0 1 0 0 0
20	1	0 0 1 0 0 0 0 0 1 0 0 0 0 0 0 0
20	1	1 0 0 0 0 0 1 0 0 1 1 0 0 0 0 0
20	3	1 0 0 0 0 0 1 0 1 0 0 0 0 0 0 0
20	2	1 1 0 0 0 0 1 1 1 0 1 1 0 0 0 1
20	8	1 0 0 0 1 0 1 0 0 1 1 1 0 0 0 0
20	2	0 1 0 0 0 0 1 1 1 0 0 0 0 0 0 0
20	1	1 1 0 0 0 0 0 0 1 0 1 0 0 0 0 0
20	1	1 0 0 0 0 0 1 0 0 0 1 1 0 0 0 0
20	3	1 0 0 0 1 0 0 0 0 1 1 1 0 0 0 0
20	1	1 0 0 0 0 0 0 0 0 1 1 1 0 0 1 0
20	2	1 1 0 0 1 0 1 0 0 1 0 0 0 0 0 1
20	1	1 1 0 0 0 0 0 0 0 1 0 0 0 0 0 1
20	2	1 0 0 0 0 0 0 0 1 0 0 0 0 0 0 1
20	2	1 1 1 0 0 0 0 0 1 0 0 0 0 0 0 0
20	1	0 0 0 1 0 1 0 0 1 0 0 0 1 0 0 0
20	1	0 0 0 0 0 0 0 0 1 0 1 1 0 0 0 0
20	1	1 1 0 0 0 1 1 1 1 0 0 0 0 0 0 0
20	1	1 0 0 0 0 0 1 0 0 1 0 1 0 0 1 0
20	1	1 0 0 0 1 0 1 0 0 1 0 0 0 0 0 0
20	2	1 0 0 0 0 0 1 1 0 1 1 1 0 1 0 0
20	1	0 0 0 0 0 0 0 0 1 0 0 0 0 0 0 0
20	1	1 1 0 0 0 0 1 0 1 1 1 1 0 0 0 0
20	1	1 1 0 0 0 0 0 0 1 0 1 0 0 0 1 0
40	194	1 1 0 0 0 0 0 0 1 0 0 0 0 0 0 0
40	185	1 0 0 0 0 0 1 0 0 1 1 1 0 0 0 0
40	46	0 0 0 0 1 0 1 0 0 1 0 0 0 0 0 1
40	33	1 0 0 0 0 0 1 0 0 1 1 1 1 0 0 0
40	5	0 1 0 0 1 0 1 0 0 1 0 0 0 0 0 1
40	3	1 0 0 0 0 0 0 0 1 0 0 0 1 0 0 0
40	5	0 0 0 0 0 0 1 0 0 1 1 1 0 0 0 0
40	13	1 1 0 0 0 0 1 0 0 1 1 1 0 0 0 0
40	12	1 0 0 0 0 0 0 0 1 0 0 0 0 0 0 0
40	3	1 1 0 0 0 0 1 0 0 1 0 0 0 0 0 1
40	5	1 0 0 0 0 0 0 0 0 1 1 1 0 0 0 0
40	43	1 0 0 0 0 0 1 0 0 1 0 1 0 0 0 0
40	9	1 1 0 0 0 0 1 1 1 0 0 0 0 0 0 0
40	14	1 0 0 0 1 0 1 0 0 1 0 0 0 0 0 1
40	28	1 1 0 0 0 0 0 0 1 0 0 0 0 0 0 1
40	22	1 1 0 0 0 0 0 0 0 1 1 1 0 0 0 0
40	10	0 0 0 1 1 0 1 0 0 1 0 0 0 0 0 1
40	6	1 0 0 0 0 0 1 0 0 1 1 1 0 0 1 0
40	5	1 0 0 0 0 0 0 0 1 0 0 0 0 0 1 0
40	6	0 0 0 0 1 0 1 0 0 1 0 0 0 0 0 0
40	50	1 1 0 0 0 0 0 0 0 0 0 0 0 0 0 0
40	35	1 0 0 1 0 0 1 0 0 1 1 1 0 0 0 0
40	1	0 1 0 0 0 0 0 0 1 0 0 0 1 0 0 0
40	1	1 0 0 0 1 0 0 0 0 1 1 1 0 0 0 0
40	4	1 1 0 0 1 0 1 0 0 1 0 0 0 0 0 1
40	4	1 1 0 0 0 1 1 1 1 0 0 0 0 0 0 0
40	4	0 0 0 1 0 0 0 0 1 0 0 0 1 1 0 0
40	2	1 1 0 0 0 0 0 0 1 1 0 0 0 0 0 0
40	24	1 1 0 0 0 0 0 0 0 1 1 1 0 0 0 1
40	4	1 0 0 0 0 0 1 0 0 1 1 0 0 0 0 0
40	5	0 0 0 0 0 0 1 0 0 1 1 1 0 0 0 1
40	3	0 0 0 0 0 0 1 0 0 1 0 1 0 0 0 0
40	12	1 1 0 0 0 0 0 0 0 1 1 1 1 0 0 0
40	13	1 1 0 0 1 0 1 0 1 0 0 0 0 0 0 0
40	14	0 0 0 1 1 0 1 0 0 1 0 0 0 0 0 0
40	18	0 0 0 0 1 1 1 0 0 1 0 0 0 0 0 1
40	2	1 0 0 0 0 0 1 0 0 1 0 0 0 0 0 1
40	1	1 1 0 0 0 1 0 0 1 0 0 0 0 0 0 0
40	5	1 1 0 0 0 0 0 1 1 0 1 0 0 0 0 0
40	7	1 1 0 0 1 0 1 1 1 0 0 0 0 0 0 0
40	6	1 1 0 0 0 0 1 0 0 1 1 0 0 0 0 1
40	11	1 0 0 0 0 0 1 1 0 1 1 1 0 0 0 0
40	4	1 1 0 0 0 0 1 0 0 1 0 0 0 0 1 1
40	6	0 0 0 0 1 1 1 0 0 1 0 0 0 0 0 0
40	1	1 0 0 0 0 0 1 0 0 1 1 1 0 0 0 1
40	7	1 1 0 0 0 0 0 0 1 1 1 1 0 0 0 0
40	5	0 0 0 0 1 0 1 0 0 1 1 1 0 0 0 0
40	3	0 0 0 0 1 0 1 0 0 1 0 1 0 0 0 0
40	8	1 0 0 0 0 0 1 0 0 1 1 1 1 0 0 1
40	2	0 0 0 1 1 1 1 0 0 1 0 0 0 0 0 0
40	7	0 0 0 1 0 0 0 0 1 0 0 0 1 0 0 0
40	2	1 0 0 0 0 0 1 0 0 1 1 0 0 0 0 1
40	3	1 0 0 0 0 0 0 0 1 0 0 1 0 0 0 0
40	4	0 0 0 0 0 0 0 0 1 0 0 0 0 0 0 0
40	4	1 1 0 1 0 0 0 0 1 0 0 0 0 0 0 0
40	6	1 1 0 0 0 0 1 0 0 1 1 1 1 0 0 0
40	1	1 1 1 0 0 0 1 1 1 0 0 0 0 0 0 0
40	2	1 1 0 0 0 0 0 0 0 1 1 0 0 0 0 0
40	2	1 0 1 0 0 0 0 0 1 0 0 0 0 0 1 0
40	4	1 1 0 0 0 1 0 0 0 0 0 0 0 0 0 0
40	3	0 1 0 0 0 0 0 0 1 1 0 0 0 0 0 0
40	1	1 1 0 1 0 1 0 0 1 0 0 0 0 0 0 0
40	2	1 0 0 0 0 0 1 0 0 1 0 0 0 0 0 0
40	1	0 0 0 0 0 0 0 0 1 0 0 0 0 0 0 1
40	2	0 0 0 0 1 1 1 0 0 1 0 1 0 0 0 0
40	7	1 1 0 0 0 0 0 0 1 0 0 0 0 0 1 0
40	2	1 1 0 0 0 0 1 0 1 0 0 0 0 0 0 0
40	1	1 0 0 1 0 0 1 0 0 1 1 1 0 1 0 0
40	3	1 1 0 0 0 0 0 0 1 0 0 1 0 0 0 0
40	2	1 0 0 0 0 0 1 0 0 0 1 1 0 0 0 0
40	4	1 1 0 0 1 0 0 0 0 1 1 1 0 0 0 1
40	1	1 0 0 0 0 0 1 0 1 0 0 0 0 0 0 0
40	7	1 0 0 0 1 0 1 0 0 1 1 1 0 0 0 0
40	4	0 0 0 0 1 0 1 0 1 1 0 0 0 0 0 1
40	1	0 0 0 0 1 0 1 1 0 1 0 0 0 0 0 1
40	5	0 0 0 0 1 0 1 0 0 1 0 0 1 0 0 1
40	1	1 1 0 0 0 0 0 1 1 0 1 0 1 0 0 0
40	4	1 1 0 1 0 0 0 0 1 0 0 1 0 0 0 0
40	1	1 1 0 0 0 0 1 0 0 1 0 0 0 0 0 0
40	1	0 1 0 0 0 0 0 0 0 1 1 1 1 0 0 0
40	1	1 1 0 0 0 0 0 1 1 0 0 0 0 0 0 0
40	1	1 1 0 1 0 0 0 0 1 0 0 0 0 0 0 1
40	1	1 1 0 0 0 0 1 0 0 1 1 1 1 0 1 0
60	274	1 1 0 0 0 0 0 0 1 0 0 0 0 0 0 0
60	49	1 0 0 0 0 0 1 0 0 1 1 1 0 0 0 0
60	22	0 0 0 0 1 0 1 0 0 1 0 0 0 0 0 1
60	8	1 0 0 0 0 0 1 0 0 1 1 1 1 0 0 0
60	1	1 0 0 0 0 0 0 0 1 0 0 0 1 0 0 0
60	26	1 1 0 0 0 0 1 0 0 1 1 1 0 0 0 0
60	32	1 0 0 0 0 0 0 0 1 0 0 0 0 0 0 0
60	22	1 0 0 0 0 0 0 0 0 1 1 1 0 0 0 0
60	80	1 0 0 0 0 0 1 0 0 1 0 1 0 0 0 0
60	18	1 1 0 0 0 0 0 0 1 0 0 0 0 0 0 1
60	10	1 1 0 0 0 0 0 0 0 1 1 1 0 0 0 0
60	47	1 1 0 0 0 0 0 0 0 0 0 0 0 0 0 0
60	84	1 0 0 1 0 0 1 0 0 1 1 1 0 0 0 0
60	16	1 1 0 0 0 0 0 0 1 1 0 0 0 0 0 0
60	20	1 1 0 0 0 0 0 0 0 1 1 1 0 0 0 1
60	19	1 0 0 0 0 0 1 0 0 1 1 0 0 0 0 0
60	16	1 1 0 0 1 0 1 1 1 0 0 0 0 0 0 0
60	3	1 1 0 0 0 0 1 0 0 1 1 0 0 0 0 1
60	7	1 0 0 0 0 0 1 1 0 1 1 1 0 0 0 0
60	19	1 1 0 0 0 0 0 0 1 1 1 1 0 0 0 0
60	5	1 0 0 0 0 0 1 0 0 1 1 1 1 0 0 1
60	8	1 1 0 0 0 0 0 0 0 1 1 0 0 0 0 0
60	5	1 1 0 0 0 0 0 0 1 0 0 0 0 0 1 0
60	16	1 1 0 0 0 0 0 0 1 0 0 1 0 0 0 0
60	4	1 1 0 1 0 0 0 0 1 0 0 1 0 0 0 0
60	26	1 1 0 0 0 0 0 1 1 0 0 0 0 0 0 0
60	2	1 0 0 1 0 0 1 0 1 1 1 1 0 0 0 0
60	3	1 0 0 0 0 0 0 0 1 1 1 1 1 0 0 0
60	1	1 1 0 0 0 0 0 0 1 0 1 1 0 0 0 0
60	2	1 0 0 0 1 0 1 0 0 1 1 1 0 0 0 0
60	3	1 0 0 0 0 0 1 0 1 1 0 1 0 0 0 0
60	2	1 0 0 1 0 0 1 0 0 0 1 1 0 0 0 0
60	7	1 0 0 0 0 0 1 0 1 0 0 0 0 0 0 0
60	2	1 1 0 0 0 0 0 0 0 0 0 0 0 0 0 1
60	10	1 0 0 0 0 1 1 1 0 1 1 1 0 0 0 0
60	3	1 1 0 0 0 0 0 0 1 0 1 0 0 0 0 0
60	4	1 0 1 0 0 0 1 0 0 1 1 1 0 0 0 0
60	5	1 1 0 0 0 0 0 1 1 0 0 0 0 0 1 0
60	1	1 0 0 1 0 0 1 0 0 1 1 1 1 0 0 1
60	4	1 1 0 0 0 0 0 1 0 0 0 0 0 0 0 0
60	1	0 1 0 0 0 0 0 0 1 0 0 0 1 0 0 1
60	5	1 1 0 0 0 0 0 1 0 1 1 1 0 0 0 1
60	1	1 0 0 1 0 0 1 0 0 1 0 1 0 0 0 0
60	6	1 1 0 0 0 0 0 0 1 0 0 1 0 0 1 0
60	11	1 0 0 0 1 0 1 0 0 1 1 0 0 0 0 0
60	1	1 0 0 0 0 0 1 0 1 0 0 1 0 0 0 0
60	3	1 0 0 0 0 0 1 0 0 1 1 0 0 0 0 1
60	1	1 0 0 0 0 0 1 0 0 0 0 0 0 0 0 0
60	3	1 1 0 0 0 0 0 0 0 1 0 0 0 0 0 1
60	7	0 1 0 0 0 1 0 0 0 1 1 1 0 0 0 1
60	6	1 1 0 0 0 0 0 0 1 0 0 1 1 0 0 0
60	4	1 0 0 1 0 0 1 0 1 0 0 0 0 0 0 0
60	2	1 0 0 1 0 0 1 0 0 1 1 0 0 0 0 1
60	3	0 1 0 0 0 0 0 0 1 0 0 0 0 0 0 0
60	1	1 1 0 1 0 0 0 0 1 0 0 0 0 0 0 0
60	5	1 1 0 0 0 0 1 0 0 0 0 0 0 0 0 0
60	2	1 0 0 0 0 0 1 0 0 0 1 1 0 0 0 0
60	2	1 1 0 0 0 0 0 0 1 1 1 0 0 0 0 0
60	1	1 0 0 1 0 0 1 0 1 0 1 1 0 0 0 0
60	1	0 1 0 0 0 0 0 0 1 0 0 1 1 0 0 1
60	3	1 0 0 0 0 0 1 0 1 1 0 0 0 0 0 0
60	1	1 0 0 1 0 0 1 0 0 1 0 1 0 0 1 0
60	1	1 0 0 0 1 0 0 0 1 0 0 0 0 0 0 0
60	2	1 0 0 0 0 0 1 0 0 0 0 1 0 0 0 0
60	4	1 1 0 0 0 1 0 1 0 1 1 1 0 0 0 1
60	1	1 1 0 0 0 1 1 1 0 1 1 1 0 0 0 0
60	3	0 1 0 0 0 0 0 0 1 0 0 1 0 0 0 0
60	4	1 1 0 0 1 0 0 0 1 0 0 0 0 0 0 0
60	4	1 0 0 0 0 0 1 0 1 1 1 1 0 0 0 0
60	1	1 0 0 0 0 0 1 0 0 1 0 1 0 1 0 0
60	1	1 1 0 0 0 0 0 1 1 0 0 0 0 0 0 1
60	1	1 1 0 0 0 0 0 0 1 0 0 0 0 1 0 1
60	6	1 1 0 0 0 0 0 0 0 0 0 1 0 0 0 0
60	2	1 1 0 0 0 0 0 0 1 1 1 1 0 0 0 1
60	2	1 1 0 0 0 0 0 1 0 1 1 0 0 0 0 0
60	1	1 1 0 0 0 0 1 0 1 0 0 0 0 0 0 0
60	2	1 0 0 0 0 1 1 0 0 1 0 1 0 0 0 0
60	2	1 0 0 0 0 0 1 0 0 1 0 1 1 0 0 0
60	2	0 1 0 0 0 0 0 0 0 0 0 0 0 0 0 0
60	2	1 0 0 0 0 0 1 1 1 0 0 0 0 0 0 0
60	1	1 0 0 0 0 1 1 1 1 1 1 1 0 0 0 0
60	2	0 1 0 0 0 0 1 1 0 1 1 1 0 0 0 0
80	172	1 1 0 0 0 0 0 0 1 0 0 0 0 0 0 0
80	11	1 0 0 0 0 0 1 0 0 1 1 1 0 0 0 0
80	3	0 0 0 0 1 0 1 0 0 1 0 0 0 0 0 1
80	41	1 1 0 0 0 0 1 0 0 1 1 1 0 0 0 0
80	12	1 0 0 0 0 0 0 0 1 0 0 0 0 0 0 0
80	17	1 0 0 0 0 0 0 0 0 1 1 1 0 0 0 0
80	74	1 0 0 0 0 0 1 0 0 1 0 1 0 0 0 0
80	26	1 1 0 0 0 0 0 0 1 0 0 0 0 0 0 1
80	8	1 1 0 0 0 0 0 0 0 1 1 1 0 0 0 0
80	49	1 1 0 0 0 0 0 0 0 0 0 0 0 0 0 0
80	36	1 0 0 1 0 0 1 0 0 1 1 1 0 0 0 0
80	15	1 1 0 0 0 0 0 0 1 1 0 0 0 0 0 0
80	24	1 1 0 0 0 0 0 0 0 1 1 1 0 0 0 1
80	17	1 0 0 0 0 0 1 0 0 1 1 0 0 0 0 0
80	18	1 1 0 0 1 0 1 1 1 0 0 0 0 0 0 0
80	13	1 1 0 0 0 0 0 0 1 1 1 1 0 0 0 0
80	1	1 1 0 0 0 0 0 0 1 0 0 0 0 0 1 0
80	19	1 1 0 0 0 0 0 0 1 0 0 1 0 0 0 0
80	5	1 1 0 0 0 0 0 1 1 0 0 0 0 0 0 0
80	10	1 0 0 0 0 0 1 0 1 1 0 1 0 0 0 0
80	38	1 1 0 0 0 0 0 0 1 0 1 0 0 0 0 0
80	4	1 1 0 0 0 0 0 1 1 0 0 0 0 0 1 0
80	20	1 1 0 0 0 0 0 1 0 0 0 0 0 0 0 0
80	24	1 1 0 0 0 0 0 0 1 0 0 1 1 0 0 0
80	10	1 1 0 0 0 0 1 0 0 0 0 0 0 0 0 0
80	3	0 1 0 0 0 0 0 0 1 0 0 1 1 0 0 1
80	4	1 1 0 0 1 0 0 0 1 0 0 0 0 0 0 0
80	2	1 1 0 0 0 0 0 0 0 0 0 1 0 0 0 0
80	13	1 1 0 0 0 0 1 0 1 0 0 0 0 0 0 0
80	16	1 0 0 0 0 0 1 0 0 1 0 1 1 0 0 0
80	5	1 1 0 0 0 0 1 1 0 1 1 1 0 0 0 1
80	11	1 0 0 0 0 0 0 1 1 0 0 0 0 0 1 0
80	26	1 1 0 0 0 0 0 0 1 0 0 0 0 1 0 0
80	33	1 0 0 1 1 0 1 0 0 1 1 1 0 0 0 0
80	9	1 0 0 1 0 0 1 0 0 1 1 1 1 0 0 0
80	4	1 1 0 0 0 0 0 0 0 1 1 1 1 0 0 0
80	6	1 1 0 1 0 0 0 0 1 0 0 0 0 0 0 0
80	9	1 1 0 0 0 0 0 0 1 0 0 0 1 0 0 0
80	8	1 1 0 0 0 0 0 0 1 0 0 0 1 0 0 1
80	14	1 1 1 0 1 0 1 1 1 0 0 0 0 0 0 1
80	8	1 1 0 0 1 0 0 0 0 1 0 1 0 0 0 0
80	3	1 1 0 0 0 1 0 0 1 0 0 0 0 0 0 0
80	6	1 0 0 0 0 0 1 0 0 1 0 0 0 0 0 0
80	15	1 1 0 0 0 0 0 1 0 1 1 1 0 0 0 1
80	5	1 1 0 0 1 0 0 0 0 1 1 1 0 0 0 1
80	2	0 0 0 0 0 0 0 0 1 1 1 1 0 0 0 1
80	5	1 1 0 0 0 0 1 1 1 0 0 0 0 0 0 0
80	1	1 1 0 0 0 0 0 1 1 0 0 0 0 1 1 0
80	2	1 1 0 0 0 0 0 0 1 0 0 1 1 0 0 1
80	6	0 1 0 0 0 0 0 0 1 0 0 0 0 0 0 0
80	2	1 1 0 0 0 0 1 0 0 1 1 1 0 0 1 0
80	9	0 1 0 0 0 0 0 0 1 0 0 0 0 1 0 0
80	8	1 1 1 0 0 0 0 1 0 1 1 1 0 0 0 1
80	6	1 1 0 0 1 0 1 1 1 0 0 0 0 0 1 0
80	7	1 1 0 0 0 0 1 1 1 1 1 1 0 0 0 1
80	2	1 0 0 0 1 0 1 0 0 1 1 1 0 0 0 0
80	3	1 1 0 0 0 0 0 0 1 0 0 0 0 1 0 1
80	10	1 1 0 0 0 1 1 0 0 0 0 0 0 0 0 0
80	1	1 0 0 1 1 0 1 0 0 1 1 1 0 0 0 1
80	1	1 0 0 0 0 0 0 1 0 1 1 1 0 0 0 1
80	7	1 1 1 0 0 0 0 1 1 0 0 0 0 1 1 0
80	12	1 0 0 1 0 0 1 0 0 1 0 0 0 0 0 0
80	4	1 1 1 0 1 0 1 0 0 1 1 1 0 0 0 0
80	5	1 1 0 0 0 0 0 0 0 0 0 0 0 0 0 1
80	1	0 1 0 0 0 0 1 0 0 1 1 1 0 0 0 0
80	1	1 1 0 1 1 0 0 0 1 0 0 0 0 0 0 0
80	2	1 1 0 1 0 0 0 0 1 0 0 1 0 0 0 0
80	1	1 1 0 0 0 0 0 0 1 0 0 1 1 1 1 0
80	1	1 0 0 0 0 0 1 0 0 0 0 0 0 0 0 0
80	7	1 0 0 0 0 0 1 1 0 1 0 1 0 0 0 0
80	3	1 1 0 0 0 0 0 0 1 1 1 1 0 1 0 0
80	1	1 1 0 0 0 0 1 1 0 1 1 1 0 0 0 0
80	2	1 1 0 0 0 0 1 0 0 1 0 1 1 0 0 0
80	3	1 0 0 0 0 0 1 0 0 1 0 1 0 0 0 1
80	1	1 1 0 0 0 0 1 0 0 1 0 1 0 0 0 0
80	1	1 0 0 0 0 0 1 0 1 0 0 0 0 0 0 0
80	1	1 1 0 0 0 0 0 0 0 0 0 1 0 0 0 1
80	1	1 1 0 0 0 0 0 0 1 1 1 0 0 1 0 0
80	1	1 1 0 0 0 0 1 0 1 0 0 0 0 0 1 0
80	3	1 0 0 1 1 0 0 0 0 1 0 1 0 0 0 0
80	2	1 1 0 1 0 0 1 0 0 1 1 1 0 0 0 0
80	1	1 0 0 0 0 0 0 0 0 1 1 0 0 0 0 0
80	1	1 0 0 0 0 0 0 1 0 1 1 1 0 0 0 0
80	1	1 1 0 0 0 0 0 0 1 0 0 1 1 0 1 0
80	1	1 1 0 0 1 0 0 0 1 0 0 1 1 0 0 0
80	2	1 0 0 0 0 0 0 0 1 0 0 0 1 0 0 0
80	2	1 1 0 0 1 0 0 0 1 1 0 1 0 0 0 0
100	223	1 1 0 0 0 0 0 0 1 0 0 0 0 0 0 0
100	12	1 0 0 0 0 0 1 0 0 1 1 1 0 0 0 0
100	22	1 1 0 0 0 0 1 0 0 1 1 1 0 0 0 0
100	12	1 0 0 0 0 0 0 0 1 0 0 0 0 0 0 0
100	36	1 0 0 0 0 0 0 0 0 1 1 1 0 0 0 0
100	13	1 0 0 0 0 0 1 0 0 1 0 1 0 0 0 0
100	12	1 1 0 0 0 0 0 0 1 0 0 0 0 0 0 1
100	15	1 1 0 0 0 0 0 0 0 1 1 1 0 0 0 0
100	27	1 1 0 0 0 0 0 0 0 0 0 0 0 0 0 0
100	30	1 0 0 1 0 0 1 0 0 1 1 1 0 0 0 0
100	52	1 1 0 0 0 0 0 0 1 1 0 0 0 0 0 0
100	4	1 1 0 0 0 0 0 0 0 1 1 1 0 0 0 1
100	7	1 1 0 0 0 0 0 0 1 1 1 1 0 0 0 0
100	66	1 1 0 0 0 0 0 0 1 0 0 1 0 0 0 0
100	37	1 1 0 0 0 0 0 0 1 0 1 0 0 0 0 0
100	25	1 1 0 0 0 0 0 1 0 0 0 0 0 0 0 0
100	11	1 1 0 0 0 0 0 0 1 0 0 1 1 0 0 0
100	7	1 1 0 0 0 0 1 0 0 0 0 0 0 0 0 0
100	1	1 1 0 0 1 0 0 0 1 0 0 0 0 0 0 0
100	5	1 1 0 0 0 0 1 0 1 0 0 0 0 0 0 0
100	3	1 0 0 0 0 0 1 0 0 1 0 1 1 0 0 0
100	4	1 1 0 0 0 0 0 0 1 0 0 0 0 1 0 0
100	11	1 0 0 1 1 0 1 0 0 1 1 1 0 0 0 0
100	9	1 1 0 0 0 0 0 0 1 0 0 0 1 0 0 0
100	4	1 1 1 0 1 0 1 1 1 0 0 0 0 0 0 1
100	7	1 1 0 0 1 0 0 0 0 1 1 1 0 0 0 1
100	18	0 1 0 0 0 0 0 0 1 0 0 0 0 0 0 0
100	8	0 1 0 0 0 0 0 0 1 0 0 0 0 1 0 0
100	3	1 0 0 0 1 0 1 0 0 1 1 1 0 0 0 0
100	28	1 1 0 0 0 1 1 0 0 0 0 0 0 0 0 0
100	11	1 1 0 0 0 0 0 0 0 0 0 0 0 0 0 1
100	9	1 1 0 0 0 0 1 0 0 1 0 1 1 0 0 0
100	2	1 0 0 0 0 0 1 1 0 1 1 1 0 0 0 0
100	10	1 1 0 0 0 0 1 0 0 1 0 1 0 0 0 0
100	4	1 0 0 1 0 0 1 0 0 1 0 1 1 0 0 0
100	9	1 0 0 0 0 0 1 0 0 1 0 0 0 0 0 0
100	4	1 1 1 0 0 0 0 0 1 1 1 1 0 0 0 0
100	2	1 1 0 0 0 0 0 0 1 1 0 1 0 0 0 0
100	1	1 0 0 1 1 0 0 0 0 1 1 1 0 0 0 1
100	25	1 0 0 0 1 0 1 0 0 1 0 1 0 0 0 0
100	6	1 0 0 0 0 0 1 0 0 0 0 0 0 0 0 0
100	9	0 1 0 0 0 0 0 0 1 0 0 1 1 0 0 0
100	14	0 1 0 0 0 0 0 1 0 1 1 1 0 0 0 1
100	2	1 1 0 0 0 1 1 0 0 0 0 0 0 1 0 0
100	5	1 1 0 0 0 0 1 0 0 1 0 0 0 0 0 0
100	21	1 1 1 0 0 0 0 0 1 0 0 0 0 0 0 0
100	5	1 0 0 0 0 0 0 0 1 1 1 1 0 0 0 0
100	4	1 1 0 0 0 1 0 0 0 1 1 1 0 0 0 1
100	2	1 1 0 0 0 0 0 0 1 0 1 0 0 0 0 1
100	1	1 0 0 0 1 0 1 0 0 1 0 1 0 0 0 1
100	4	1 1 0 0 0 0 0 0 0 0 0 0 0 0 1 0
100	7	1 1 0 0 0 0 0 0 1 0 1 0 0 0 1 1
100	4	1 0 0 1 1 0 0 0 1 0 0 0 0 0 0 0
100	5	1 0 0 1 1 1 1 0 0 1 1 1 0 0 0 0
100	2	1 0 0 0 0 0 1 0 0 1 0 1 1 0 1 0
100	11	0 1 0 0 0 0 0 0 1 0 0 1 0 0 0 0
100	17	1 0 0 0 0 0 0 0 0 1 1 1 0 0 0 1
100	4	1 0 1 1 1 0 1 0 0 1 1 1 0 0 0 0
100	2	0 0 0 1 1 0 1 0 0 1 1 1 0 0 1 0
100	2	1 0 0 0 0 0 0 1 0 0 0 0 0 0 0 0
100	2	1 1 0 0 0 0 0 1 0 0 0 0 0 0 1 0
100	4	1 1 0 0 0 1 0 0 1 0 0 0 0 0 0 0
100	3	1 1 0 0 0 1 0 0 0 0 0 0 0 0 0 0
100	3	1 0 0 0 0 0 0 0 1 0 0 1 0 0 0 1
100	1	1 1 0 0 0 0 0 1 1 1 0 0 0 0 0 0
100	2	1 1 0 0 1 0 0 0 0 0 0 0 0 0 0 1
100	3	1 0 0 0 0 0 0 0 1 1 1 1 0 0 0 1
100	6	1 1 0 0 0 0 0 0 1 0 1 1 0 0 0 0
100	1	1 1 1 0 1 0 1 1 1 0 1 0 0 0 0 0
100	2	1 1 0 0 0 0 1 0 1 1 0 0 0 0 0 0
100	3	1 1 1 0 0 0 1 0 0 1 1 1 0 0 0 0
100	11	1 0 0 0 0 0 0 0 1 0 0 0 1 0 0 0
100	1	1 1 0 0 0 0 0 0 0 0 0 1 0 0 0 0
100	4	1 0 0 0 0 0 0 0 1 0 0 1 0 0 0 0
100	1	1 1 0 0 1 0 0 1 0 0 0 0 0 0 0 0
100	4	1 1 0 0 0 0 1 0 1 0 0 0 1 0 0 0
100	1	1 1 0 0 1 0 0 0 1 0 1 0 0 0 0 0
100	4	0 1 0 0 0 0 0 0 0 0 0 0 0 0 1 0
100	1	1 1 0 0 0 0 0 1 0 1 1 1 0 0 0 1
100	3	1 1 0 0 1 0 1 0 1 0 0 0 0 0 0 0
100	1	1 1 0 0 0 1 1 1 0 1 1 1 0 0 0 0
100	3	1 1 0 0 0 0 1 1 1 0 0 0 0 0 0 1
100	1	1 0 0 0 1 1 0 0 1 0 0 0 0 0 0 0
100	2	0 1 0 0 0 0 1 0 0 1 1 1 0 0 0 0
100	2	0 0 0 0 0 0 1 0 0 1 0 0 0 0 0 0
100	1	1 0 0 1 0 0 0 0 0 1 1 1 0 0 0 0
100	3	0 0 0 1 0 0 1 0 0 1 1 1 0 0 0 0
100	1	1 1 1 0 0 0 0 0 1 1 0 0 0 0 0 0
100	1	0 1 0 0 0 0 0 0 1 1 0 0 0 0 0 0
100	2	1 0 0 0 0 0 0 0 1 1 0 0 0 0 0 0
100	1	1 1 0 0 0 0 0 0 0 0 1 0 0 0 0 0
100	3	1 1 0 0 0 1 1 0 1 0 0 0 0 0 0 0
100	2	1 1 1 0 0 0 0 1 1 0 0 0 0 0 0 0
100	1	1 0 0 0 0 0 1 0 1 1 1 1 0 0 0 0
120	121	1 1 0 0 0 0 0 0 1 0 0 0 0 0 0 0
120	4	1 0 0 0 0 0 1 0 0 1 1 1 0 0 0 0
120	40	1 1 0 0 0 0 1 0 0 1 1 1 0 0 0 0
120	37	1 0 0 0 0 0 0 0 1 0 0 0 0 0 0 0
120	5	1 0 0 0 0 0 0 0 0 1 1 1 0 0 0 0
120	13	1 0 0 0 0 0 1 0 0 1 0 1 0 0 0 0
120	15	1 1 0 0 0 0 0 0 1 0 0 0 0 0 0 1
120	34	1 1 0 0 0 0 0 0 0 0 0 0 0 0 0 0
120	31	1 0 0 1 0 0 1 0 0 1 1 1 0 0 0 0
120	18	1 1 0 0 0 0 0 0 1 1 0 0 0 0 0 0
120	72	1 1 0 0 0 0 0 0 1 0 0 1 0 0 0 0
120	66	1 1 0 0 0 0 0 0 1 0 1 0 0 0 0 0
120	3	1 1 0 0 0 0 0 1 0 0 0 0 0 0 0 0
120	2	1 1 0 0 0 0 0 0 1 0 0 1 1 0 0 0
120	33	1 1 0 0 0 0 1 0 0 0 0 0 0 0 0 0
120	9	1 1 0 0 0 0 1 0 1 0 0 0 0 0 0 0
120	18	1 1 0 0 0 0 0 0 1 0 0 0 0 1 0 0
120	78	1 1 0 0 0 0 0 0 1 0 0 0 1 0 0 0
120	27	0 1 0 0 0 0 0 0 1 0 0 0 0 0 0 0
120	10	0 1 0 0 0 0 0 0 1 0 0 0 0 1 0 0
120	13	1 1 0 0 0 1 1 0 0 0 0 0 0 0 0 0
120	8	1 1 0 0 0 0 0 0 0 0 0 0 0 0 0 1
120	6	1 1 0 0 0 0 1 0 0 1 0 1 1 0 0 0
120	10	1 0 0 0 0 0 1 0 0 1 0 0 0 0 0 0
120	8	1 0 0 0 1 0 1 0 0 1 0 1 0 0 0 0
120	3	1 0 0 0 0 0 1 0 0 0 0 0 0 0 0 0
120	19	0 1 0 0 0 0 0 1 0 1 1 1 0 0 0 1
120	19	1 1 1 0 0 0 0 0 1 0 0 0 0 0 0 0
120	9	1 1 0 0 0 0 0 0 0 0 0 0 0 0 1 0
120	36	1 1 0 0 0 1 0 0 1 0 0 0 0 0 0 0
120	9	1 1 0 0 0 1 0 0 0 0 0 0 0 0 0 0
120	16	1 0 0 0 0 0 0 0 1 0 0 0 1 0 0 0
120	3	1 1 0 0 0 0 1 0 1 0 0 0 1 0 0 0
120	7	1 1 0 0 0 0 1 1 1 0 0 0 0 0 0 1
120	7	1 0 0 1 0 0 1 0 0 1 0 1 0 0 0 0
120	10	1 1 0 0 0 0 0 1 1 0 1 1 0 0 0 0
120	1	1 1 0 0 0 0 0 0 1 1 0 0 0 1 0 0
120	29	1 1 0 0 0 1 0 0 0 0 1 0 0 0 0 0
120	1	1 1 1 0 0 0 0 0 0 0 0 0 0 0 0 0
120	2	1 1 0 0 1 0 0 1 0 0 0 0 0 0 0 0
120	5	1 1 1 0 0 0 1 0 0 0 0 0 0 0 0 0
120	17	1 1 0 0 0 0 1 1 1 1 0 0 0 0 0 1
120	6	1 0 0 0 0 0 0 1 1 0 1 1 0 0 0 0
120	8	0 1 0 0 0 0 0 0 1 0 1 0 0 0 0 0
120	7	1 1 0 0 0 0 0 0 1 0 0 0 1 1 0 0
120	4	1 0 0 1 0 0 0 0 1 0 0 0 0 0 0 0
120	7	1 0 0 0 1 0 0 0 0 1 1 1 0 0 0 0
120	3	1 1 0 0 0 0 0 0 1 0 1 0 0 1 0 0
120	4	0 1 0 0 0 0 0 0 1 1 0 0 0 1 0 0
120	3	1 1 0 0 1 0 0 0 1 0 0 0 0 0 0 0
120	7	1 1 0 0 0 0 1 0 0 1 1 1 1 0 0 0
120	9	1 1 0 0 0 0 0 0 1 0 0 1 0 0 0 1
120	5	1 1 0 0 0 0 0 0 1 1 0 0 0 0 0 1
120	1	1 1 0 0 0 0 0 0 1 1 0 0 0 0 1 0
120	5	1 1 0 0 0 0 0 0 1 0 1 0 1 0 0 0
120	2	1 1 0 0 0 1 1 0 0 0 1 0 0 0 0 0
120	3	1 1 0 0 0 1 1 1 0 0 0 0 0 0 0 0
120	4	0 1 0 0 0 0 1 1 0 1 1 1 0 0 0 1
120	7	1 1 0 0 0 0 1 0 0 0 1 0 0 0 0 0
120	5	1 0 1 0 0 0 0 0 1 0 0 0 0 0 1 0
120	2	1 1 0 0 0 0 1 1 0 1 1 1 0 0 0 0
120	1	1 0 0 0 0 0 0 0 1 0 0 0 0 0 1 0
120	3	1 0 0 0 0 0 0 1 1 0 0 0 0 0 0 0
120	1	0 1 0 0 0 0 0 0 0 0 0 0 0 0 0 0
120	5	1 0 0 0 0 0 0 0 0 0 0 0 0 0 0 0
120	6	1 1 0 0 0 0 0 0 1 1 0 1 0 0 0 0
120	1	1 1 0 0 0 0 0 1 1 0 0 1 0 0 0 0
120	1	0 1 0 0 0 0 1 0 1 0 0 0 0 1 0 0
120	1	1 0 0 0 0 0 0 0 1 0 0 1 0 0 0 0
120	1	1 1 0 0 0 0 0 0 1 0 1 1 0 0 0 0
120	1	1 1 0 0 0 0 0 0 0 1 0 0 0 0 0 0
120	2	1 1 0 0 0 0 1 0 0 1 1 1 0 1 0 0
120	1	1 1 0 0 0 0 1 0 0 0 0 0 0 1 0 0
120	1	1 0 0 0 1 0 0 0 0 0 1 0 0 0 0 0
120	1	1 0 1 0 0 0 0 0 1 1 0 0 0 0 0 1
120	1	1 1 0 0 0 0 0 1 0 1 1 1 0 0 0 0
120	2	1 0 0 1 0 1 1 0 0 1 1 1 0 0 0 0
120	2	0 1 0 0 0 0 0 0 1 0 1 0 0 0 1 0
120	2	1 0 1 0 0 0 0 0 1 0 0 0 1 0 1 0
120	1	0 1 0 0 0 1 1 0 1 0 0 0 0 1 0 0
140	112	1 1 0 0 0 0 0 0 1 0 0 0 0 0 0 0
140	21	1 0 0 0 0 0 1 0 0 1 1 1 0 0 0 0
140	55	1 1 0 0 0 0 1 0 0 1 1 1 0 0 0 0
140	13	1 0 0 0 0 0 0 0 1 0 0 0 0 0 0 0
140	18	1 1 0 0 0 0 0 0 1 0 0 0 0 0 0 1
140	9	1 1 0 0 0 0 0 0 0 0 0 0 0 0 0 0
140	14	1 0 0 1 0 0 1 0 0 1 1 1 0 0 0 0
140	16	1 1 0 0 0 0 0 0 1 1 0 0 0 0 0 0
140	18	1 1 0 0 0 0 0 0 1 0 0 1 0 0 0 0
140	67	1 1 0 0 0 0 0 0 1 0 1 0 0 0 0 0
140	90	1 1 0 0 0 0 1 0 0 0 0 0 0 0 0 0
140	51	1 1 0 0 0 0 1 0 1 0 0 0 0 0 0 0
140	1	1 1 0 0 0 0 0 0 1 0 0 0 0 1 0 0
140	39	1 1 0 0 0 0 0 0 1 0 0 0 1 0 0 0
140	18	0 1 0 0 0 0 0 0 1 0 0 0 0 0 0 0
140	3	0 1 0 0 0 0 0 0 1 0 0 0 0 1 0 0
140	6	1 1 0 0 0 0 1 0 0 1 0 1 1 0 0 0
140	1	0 1 0 0 0 0 0 1 0 1 1 1 0 0 0 1
140	7	1 1 1 0 0 0 0 0 1 0 0 0 0 0 0 0
140	20	1 1 0 0 0 0 0 0 0 0 0 0 0 0 1 0
140	62	1 1 0 0 0 1 0 0 1 0 0 0 0 0 0 0
140	13	1 0 0 0 0 0 0 0 1 0 0 0 1 0 0 0
140	10	1 1 0 0 0 0 1 0 1 0 0 0 1 0 0 0
140	26	1 1 0 0 0 0 1 1 1 0 0 0 0 0 0 1
140	42	1 1 0 0 0 1 0 0 0 0 1 0 0 0 0 0
140	9	1 1 1 0 0 0 1 0 0 0 0 0 0 0 0 0
140	4	1 0 0 0 0 0 0 1 1 0 1 1 0 0 0 0
140	10	1 0 0 0 1 0 0 0 0 1 1 1 0 0 0 0
140	17	1 1 0 0 0 0 0 0 1 0 1 0 0 1 0 0
140	1	1 1 0 0 1 0 0 0 1 0 0 0 0 0 0 0
140	4	1 1 0 0 0 0 1 0 0 1 1 1 1 0 0 0
140	2	1 1 0 0 0 1 1 0 0 0 1 0 0 0 0 0
140	2	1 0 0 0 0 0 0 0 0 0 0 0 0 0 0 0
140	1	0 0 0 0 0 0 0 0 1 0 0 0 0 0 0 0
140	1	1 0 0 0 1 0 0 0 0 1 1 0 0 0 0 0
140	7	1 1 0 0 0 0 1 0 0 0 0 0 0 0 1 0
140	32	1 1 1 0 0 0 0 0 0 1 0 0 0 0 0 0
140	3	1 0 0 1 0 0 0 0 1 0 1 0 0 0 0 0
140	3	1 1 0 0 0 0 0 1 1 1 0 0 0 0 0 1
140	3	1 1 0 0 0 0 0 0 1 0 0 1 0 1 0 0
140	1	0 1 0 0 0 0 1 0 0 1 0 1 0 0 0 0
140	12	1 1 0 0 0 0 1 0 1 0 0 1 0 0 0 0
140	5	1 1 0 0 0 0 0 0 1 0 0 0 0 0 1 0
140	16	1 1 0 0 0 0 0 0 1 0 1 1 0 0 0 0
140	3	1 1 0 0 0 0 1 1 1 0 0 0 0 0 0 0
140	7	1 1 0 0 1 0 1 0 0 1 0 1 0 0 0 0
140	3	1 1 0 0 0 0 1 1 0 0 0 0 0 0 0 0
140	8	0 1 0 0 0 0 0 0 1 0 0 0 1 0 0 0
140	1	1 1 0 0 0 1 0 0 0 0 1 0 0 0 1 0
140	5	0 1 0 0 0 0 1 0 0 1 1 1 0 0 0 0
140	12	0 1 0 0 0 0 1 0 1 0 0 0 0 0 0 0
140	1	1 1 0 0 1 1 1 0 0 1 0 1 0 0 0 0
140	5	1 1 0 0 1 1 0 0 1 0 0 0 0 0 0 0
140	2	1 1 0 0 0 0 1 1 1 0 0 0 1 0 0 0
140	2	1 0 0 1 0 0 1 0 0 0 0 1 0 0 0 0
140	1	1 0 0 0 0 0 0 0 0 0 0 0 0 1 0 0
140	3	1 1 0 0 0 1 0 0 1 0 1 0 0 0 0 1
140	18	1 1 0 1 0 0 0 0 0 0 0 0 0 0 1 0
140	5	1 1 1 0 0 0 0 0 0 1 0 0 0 0 1 0
140	7	1 1 0 0 0 0 1 0 1 0 1 0 1 0 0 0
140	1	1 1 0 0 0 0 0 0 0 1 0 0 0 0 0 0
140	6	1 1 0 0 0 1 0 0 1 0 1 0 0 0 0 0
140	1	1 1 0 0 0 0 1 0 1 1 1 1 1 0 0 0
140	3	1 0 0 1 0 0 1 0 0 0 0 1 0 0 1 0
140	1	0 1 1 1 0 0 0 0 0 1 0 0 0 0 0 0
140	6	1 1 0 0 0 0 0 0 0 0 0 0 0 1 0 0
140	1	1 1 1 0 0 0 1 0 0 1 1 1 0 0 0 0
140	2	1 1 1 0 1 0 0 0 1 0 0 0 0 0 0 0
140	2	1 0 0 0 0 1 0 0 1 0 0 0 0 0 0 0
140	3	1 1 0 0 0 0 1 0 1 0 0 0 1 1 0 0
140	3	1 1 0 1 0 0 0 0 0 0 0 0 0 0 1 1
140	3	1 1 0 0 0 0 0 0 1 0 0 0 1 0 0 1
140	2	1 1 0 0 0 1 0 0 1 0 0 0 1 0 0 0
140	3	1 1 1 0 0 0 1 0 0 0 0 0 0 1 0 0
140	1	1 1 1 0 0 0 0 0 1 0 1 0 0 1 0 0
140	2	1 1 0 0 0 1 1 0 0 0 0 0 0 0 0 0
140	1	1 0 0 0 0 1 0 0 0 0 1 0 0 0 0 0
140	2	1 1 0 0 0 0 1 0 0 0 0 1 0 0 0 0
140	2	1 1 1 0 0 0 1 0 1 0 0 1 0 0 0 0
140	2	1 1 0 0 0 0 1 0 1 1 1 1 0 0 0 0
140	1	0 1 0 0 0 0 0 0 1 0 0 1 0 0 0 0
140	2	0 1 0 0 0 0 0 1 1 0 0 0 0 0 0 0
140	2	1 1 0 1 0 1 0 0 1 0 0 0 0 0 0 0
160	145	1 1 0 0 0 0 0 0 1 0 0 0 0 0 0 0
160	113	1 1 0 0 0 0 1 0 0 1 1 1 0 0 0 0
160	11	1 1 0 0 0 0 0 0 1 0 0 0 0 0 0 1
160	7	1 0 0 1 0 0 1 0 0 1 1 1 0 0 0 0
160	40	1 1 0 0 0 0 0 0 1 0 0 1 0 0 0 0
160	14	1 1 0 0 0 0 0 0 1 0 1 0 0 0 0 0
160	52	1 1 0 0 0 0 1 0 0 0 0 0 0 0 0 0
160	49	1 1 0 0 0 0 1 0 1 0 0 0 0 0 0 0
160	29	1 1 0 0 0 0 0 0 1 0 0 0 1 0 0 0
160	18	0 1 0 0 0 0 0 0 1 0 0 0 0 0 0 0
160	2	1 1 1 0 0 0 0 0 1 0 0 0 0 0 0 0
160	9	1 1 0 0 0 0 0 0 0 0 0 0 0 0 1 0
160	24	1 1 0 0 0 1 0 0 1 0 0 0 0 0 0 0
160	2	1 1 0 0 0 0 1 0 1 0 0 0 1 0 0 0
160	21	1 1 0 0 0 0 1 1 1 0 0 0 0 0 0 1
160	15	1 1 0 0 0 1 0 0 0 0 1 0 0 0 0 0
160	23	1 1 1 0 0 0 1 0 0 0 0 0 0 0 0 0
160	14	1 0 0 0 1 0 0 0 0 1 1 1 0 0 0 0
160	23	1 1 0 0 0 0 0 0 1 0 1 0 0 1 0 0
160	2	1 1 0 0 0 0 1 0 0 1 1 1 1 0 0 0
160	9	1 1 1 0 0 0 0 0 0 1 0 0 0 0 0 0
160	8	1 1 0 0 0 0 0 1 1 1 0 0 0 0 0 1
160	26	1 1 0 0 0 0 1 0 1 0 0 1 0 0 0 0
160	13	1 1 0 0 0 0 0 0 1 0 1 1 0 0 0 0
160	10	1 1 0 0 0 0 1 1 1 0 0 0 0 0 0 0
160	17	0 1 0 0 0 0 1 0 1 0 0 0 0 0 0 0
160	5	1 1 0 0 1 1 0 0 1 0 0 0 0 0 0 0
160	3	1 1 0 0 0 0 1 1 1 0 0 0 1 0 0 0
160	21	1 1 0 1 0 0 0 0 0 0 0 0 0 0 1 0
160	13	1 1 0 0 0 1 0 0 1 0 1 0 0 0 0 0
160	7	1 1 0 0 0 0 0 0 0 0 0 0 0 1 0 0
160	2	1 1 0 0 0 0 0 0 1 0 0 0 1 0 0 1
160	14	1 1 1 0 0 0 1 0 1 0 0 1 0 0 0 0
160	12	1 1 0 1 0 1 0 0 1 0 0 0 0 0 0 0
160	4	1 1 0 0 0 1 0 0 0 1 1 1 1 0 0 0
160	9	1 1 0 0 0 0 0 0 1 0 1 0 1 0 0 0
160	7	0 1 0 0 0 0 1 0 0 1 1 1 1 0 0 0
160	11	1 0 0 1 0 0 1 0 0 1 0 0 0 0 0 0
160	16	1 1 0 0 1 0 1 0 1 0 0 0 0 0 0 0
160	9	1 1 1 1 0 0 0 0 1 0 0 0 0 0 0 0
160	1	1 1 1 0 0 0 0 0 1 0 0 0 1 0 0 0
160	14	1 1 1 1 0 0 0 0 0 0 0 0 0 0 1 0
160	8	1 1 0 0 0 1 0 0 0 1 1 1 0 0 0 0
160	2	1 1 0 0 0 1 0 0 0 0 1 0 0 1 0 0
160	5	1 1 1 0 0 1 0 0 1 0 0 0 1 0 0 0
160	4	1 0 0 1 0 0 1 0 1 0 0 0 0 0 0 0
160	6	1 1 0 1 0 0 0 0 0 0 0 0 0 0 0 0
160	1	0 1 0 0 0 0 1 0 0 1 1 1 0 0 0 0
160	10	1 1 0 0 0 0 0 0 0 1 1 1 1 0 0 0
160	9	1 1 0 0 0 0 1 0 0 1 0 1 0 0 0 0
160	2	1 1 0 0 0 0 1 0 1 0 0 0 0 0 0 1
160	2	1 1 0 0 0 0 1 0 1 1 0 0 0 0 0 0
160	7	1 1 0 1 0 0 0 0 0 0 0 0 0 0 1 1
160	7	1 0 0 0 0 0 1 0 1 0 1 0 1 0 0 0
160	3	1 1 0 0 0 1 0 0 1 0 0 0 0 0 0 1
160	5	1 1 1 1 1 0 0 0 1 0 0 0 0 0 0 0
160	4	1 1 1 0 0 0 0 0 0 1 1 0 0 0 0 0
160	1	1 1 0 0 0 0 0 0 1 0 0 0 0 0 1 0
160	5	1 1 0 0 0 0 0 0 1 0 1 0 0 1 0 1
160	4	1 1 0 1 0 0 1 0 0 1 1 1 0 0 0 0
160	4	0 1 0 0 0 0 0 0 1 0 0 1 0 0 0 0
160	2	1 1 1 0 0 0 1 0 0 0 0 0 0 1 0 0
160	1	1 1 0 0 0 0 0 0 0 0 0 1 0 0 0 0
160	8	1 1 1 0 1 0 1 0 0 0 0 0 0 0 0 0
160	2	1 1 1 0 0 0 1 0 0 0 0 0 1 0 0 0
160	5	1 1 0 0 0 0 1 0 0 0 1 1 1 0 0 0
160	2	1 1 0 0 0 0 1 0 0 1 1 0 0 0 0 0
160	3	1 1 0 0 0 0 0 1 1 1 0 0 0 0 0 0
160	1	1 1 0 0 0 0 0 0 1 0 0 0 0 1 0 0
160	8	1 1 1 1 0 0 0 0 1 0 0 0 0 1 0 0
160	4	1 1 1 0 0 0 1 0 1 0 0 1 0 0 0 1
160	2	1 1 1 1 1 0 0 0 0 1 1 0 0 0 0 0
160	1	1 1 0 1 0 0 1 0 0 0 0 0 0 0 0 0
160	3	0 1 0 0 0 1 0 0 1 0 0 0 0 0 0 0
160	8	0 1 0 0 0 0 0 1 1 1 0 0 0 0 0 1
160	1	1 1 0 0 0 0 1 0 0 1 1 1 0 1 0 0
160	3	1 1 1 0 1 0 1 0 1 0 0 1 0 0 0 0
160	3	1 1 0 0 0 0 0 1 1 0 0 0 0 0 0 0
160	1	1 1 0 0 1 0 1 0 1 0 0 0 0 0 1 0
160	2	1 1 1 0 0 1 0 0 1 0 0 0 0 0 0 0
160	4	1 1 1 0 0 0 1 0 0 0 0 1 0 0 0 0
160	1	1 1 0 1 0 0 1 0 1 0 0 0 0 0 0 0
160	1	1 1 0 0 0 1 0 0 1 0 0 1 0 0 0 0
160	1	1 1 0 0 0 1 0 0 1 0 1 1 0 0 0 0
180	118	1 1 0 0 0 0 0 0 1 0 0 0 0 0 0 0
180	34	1 1 0 0 0 0 1 0 0 1 1 1 0 0 0 0
180	11	1 1 0 0 0 0 0 0 1 0 0 0 0 0 0 1
180	24	1 1 0 0 0 0 0 0 1 0 0 1 0 0 0 0
180	11	1 1 0 0 0 0 0 0 1 0 1 0 0 0 0 0
180	61	1 1 0 0 0 0 1 0 0 0 0 0 0 0 0 0
180	29	1 1 0 0 0 0 1 0 1 0 0 0 0 0 0 0
180	29	1 1 0 0 0 0 0 0 1 0 0 0 1 0 0 0
180	50	1 1 0 0 0 1 0 0 1 0 0 0 0 0 0 0
180	29	1 1 0 0 0 0 1 1 1 0 0 0 0 0 0 1
180	13	1 1 0 0 0 1 0 0 0 0 1 0 0 0 0 0
180	11	1 1 1 0 0 0 1 0 0 0 0 0 0 0 0 0
180	13	1 1 0 0 0 0 0 0 1 0 1 0 0 1 0 0
180	12	1 1 1 0 0 0 0 0 0 1 0 0 0 0 0 0
180	9	1 1 0 0 0 0 1 0 1 0 0 1 0 0 0 0
180	2	1 1 0 0 0 0 0 0 1 0 1 1 0 0 0 0
180	9	0 1 0 0 0 0 1 0 1 0 0 0 0 0 0 0
180	2	1 1 0 0 0 0 1 1 1 0 0 0 1 0 0 0
180	6	1 1 0 0 0 1 0 0 1 0 1 0 0 0 0 0
180	7	1 1 1 0 0 0 1 0 1 0 0 1 0 0 0 0
180	16	1 1 0 0 0 1 0 0 0 1 1 1 1 0 0 0
180	9	1 1 0 0 0 0 0 0 1 0 1 0 1 0 0 0
180	6	0 1 0 0 0 0 1 0 0 1 1 1 1 0 0 0
180	29	1 1 0 0 1 0 1 0 1 0 0 0 0 0 0 0
180	35	1 1 1 1 0 0 0 0 0 0 0 0 0 0 1 0
180	3	1 1 0 0 0 1 0 0 0 1 1 1 0 0 0 0
180	8	1 1 1 0 0 1 0 0 1 0 0 0 1 0 0 0
180	18	1 1 0 0 0 0 0 0 0 1 1 1 1 0 0 0
180	29	1 1 1 1 1 0 0 0 1 0 0 0 0 0 0 0
180	8	1 1 1 0 0 0 0 0 0 1 1 0 0 0 0 0
180	6	1 1 1 0 0 0 1 0 0 0 0 0 0 1 0 0
180	3	1 1 1 0 1 0 1 0 0 0 0 0 0 0 0 0
180	5	1 1 1 0 0 0 1 0 1 0 0 1 0 0 0 1
180	25	1 1 1 1 1 0 0 0 0 1 1 0 0 0 0 0
180	5	1 1 0 0 0 0 1 0 0 1 1 1 0 1 0 0
180	3	1 1 0 1 0 0 1 0 1 0 0 0 0 0 0 0
180	1	1 1 1 0 0 1 0 0 1 0 0 1 1 0 0 0
180	10	1 1 0 0 0 1 1 0 1 0 0 0 0 0 0 1
180	15	1 1 1 0 0 0 1 0 1 0 0 0 0 0 0 0
180	2	1 0 0 0 0 1 0 0 1 0 1 0 0 0 0 0
180	4	1 0 0 1 0 0 1 0 0 0 0 0 0 0 0 0
180	11	1 1 0 0 0 0 1 1 0 1 1 1 0 0 0 0
180	15	1 1 0 0 0 0 0 0 1 1 0 0 0 0 0 0
180	4	1 1 0 0 0 0 1 0 0 1 1 1 0 0 0 1
180	15	1 1 0 0 0 0 0 0 0 0 0 0 0 0 0 1
180	12	1 1 0 0 1 0 1 0 0 0 0 0 0 0 0 0
180	1	1 1 0 0 0 1 0 0 1 0 1 1 0 0 0 0
180	6	1 1 1 0 0 1 0 0 1 0 0 1 1 0 0 1
180	5	1 0 0 0 0 1 0 1 1 0 0 0 0 0 0 0
180	4	1 1 0 0 0 0 0 0 0 0 0 0 1 0 0 0
180	2	1 1 0 0 0 0 0 0 0 0 0 0 0 0 0 0
180	1	1 1 0 0 0 0 1 0 1 0 1 1 1 0 0 0
180	12	1 1 1 0 0 0 0 0 0 1 1 1 1 0 0 0
180	3	1 1 1 1 0 0 0 0 1 1 0 0 0 0 0 0
180	1	1 1 0 1 0 0 0 0 1 0 0 0 1 0 0 0
180	5	1 1 0 0 0 1 0 0 1 0 1 0 0 0 1 0
180	5	0 1 0 0 0 0 0 0 0 1 1 1 1 0 0 0
180	5	1 1 1 0 0 0 0 0 1 0 0 0 0 0 0 0
180	11	0 1 0 0 0 0 1 0 0 1 1 1 0 0 0 0
180	7	1 1 1 0 0 0 0 1 0 1 0 0 0 0 0 0
180	1	1 1 1 0 0 0 1 1 1 0 0 0 0 0 0 0
180	2	1 0 0 0 0 1 0 1 1 0 0 0 0 1 0 0
180	1	1 1 1 0 0 0 0 0 1 0 0 0 0 0 0 1
180	1	1 1 0 0 0 0 0 0 1 0 0 1 1 0 0 0
180	6	1 1 0 1 0 0 1 0 0 0 0 0 0 0 0 1
180	9	1 1 1 0 0 0 1 1 1 0 0 0 0 0 1 0
180	1	1 1 0 0 0 0 1 0 1 0 0 0 0 0 0 1
180	11	1 1 0 0 0 1 0 1 0 1 1 1 1 0 0 0
180	3	1 1 1 0 0 0 0 0 1 1 0 0 0 0 0 0
180	1	1 0 0 0 0 1 0 1 1 0 0 0 0 0 1 0
180	2	1 1 0 0 0 0 1 0 0 0 1 1 1 0 0 0
180	2	1 1 0 0 1 0 1 0 1 0 0 1 1 0 0 0
180	12	1 1 0 1 0 0 0 0 1 0 0 0 0 0 0 0
180	2	1 1 0 0 0 0 1 0 0 0 0 0 0 0 0 1
180	1	1 1 0 0 0 0 0 1 1 0 0 0 0 0 0 1
180	7	1 1 0 0 0 0 1 0 0 1 0 1 0 0 0 1
180	5	1 1 0 0 0 0 0 0 0 1 1 1 0 0 0 1
180	2	0 1 0 0 0 0 0 0 1 0 0 0 0 0 0 0
180	5	1 0 0 0 0 0 1 0 1 0 0 0 0 0 0 0
180	6	1 1 0 0 1 0 1 0 0 1 1 1 0 0 0 0
180	1	1 1 0 1 0 1 0 0 1 0 0 0 0 0 0 0
180	1	0 1 0 0 1 0 1 0 0 1 1 1 1 0 0 0
180	2	1 1 0 0 0 1 0 0 0 1 1 0 0 0 0 0
180	1	1 1 1 0 0 1 0 0 0 0 0 1 1 0 0 1
180	6	1 1 1 0 0 1 1 0 1 0 0 1 1 0 0 1
180	5	1 1 1 0 0 1 0 0 1 0 0 0 0 0 0 0
180	2	1 1 0 0 0 0 1 0 1 0 0 1 1 0 0 0
180	5	1 1 0 0 0 0 1 1 0 0 0 0 0 0 0 0
180	5	1 1 1 1 0 1 0 0 0 0 0 0 0 0 1 0
180	2	1 1 0 0 0 1 0 0 1 0 0 1 1 0 0 1
180	1	1 1 0 1 0 0 1 1 0 0 0 0 0 0 0 1
180	1	1 1 1 0 0 0 1 0 0 0 0 0 0 0 1 0
180	1	1 1 0 0 1 0 1 0 1 0 0 0 0 0 0 1
180	1	1 0 0 0 0 1 0 1 1 0 0 0 1 0 0 0
180	2	1 1 1 1 0 0 0 0 1 0 0 0 0 0 0 0
180	2	1 1 1 0 0 1 1 0 1 0 0 1 0 0 0 0
180	2	1 1 0 0 0 0 1 0 0 1 0 0 0 0 0 0
180	6	1 1 1 1 0 0 0 0 0 0 1 0 0 0 1 0
180	3	1 1 1 0 0 0 1 0 1 0 0 1 0 1 0 1
180	1	1 0 1 0 0 1 0 1 1 0 0 0 0 1 0 0
180	1	1 1 0 0 0 0 1 1 1 0 0 0 0 0 0 0
180	4	1 1 1 0 0 1 0 0 1 0 1 0 0 0 0 0
180	2	1 1 1 0 0 0 0 0 0 0 0 0 0 0 0 1
180	1	1 1 0 0 0 0 0 1 1 1 1 0 0 0 0 0
180	1	1 1 0 0 0 1 0 0 1 0 0 1 0 0 0 0
180	1	1 1 0 0 0 1 0 0 0 0 0 0 0 0 0 0
180	2	0 1 0 0 0 1 0 0 1 0 1 0 0 0 0 0
180	1	1 1 0 0 0 1 0 0 0 1 1 1 1 0 1 0
180	2	1 1 1 0 0 1 0 0 0 0 0 0 1 0 0 0
180	1	1 1 1 1 1 0 0 0 1 0 0 1 0 0 0 0
180	4	1 1 1 0 1 0 1 0 0 0 0 0 0 0 0 1
180	2	1 1 0 0 0 0 0 0 0 0 0 0 0 1 0 1
180	2	0 1 0 0 0 0 0 0 0 1 1 1 0 0 0 0
180	1	1 1 0 0 1 0 1 0 1 0 0 1 1 1 0 0
200	70	1 1 0 0 0 0 0 0 1 0 0 0 0 0 0 0
200	2	1 1 0 0 0 0 1 0 0 1 1 1 0 0 0 0
200	29	1 1 0 0 0 0 0 0 1 0 0 0 0 0 0 1
200	61	1 1 0 0 0 0 0 0 1 0 0 1 0 0 0 0
200	19	1 1 0 0 0 0 0 0 1 0 1 0 0 0 0 0
200	74	1 1 0 0 0 0 1 0 0 0 0 0 0 0 0 0
200	15	1 1 0 0 0 0 1 0 1 0 0 0 0 0 0 0
200	11	1 1 0 0 0 1 0 0 1 0 0 0 0 0 0 0
200	18	1 1 0 0 0 0 1 1 1 0 0 0 0 0 0 1
200	4	1 1 0 0 0 1 0 0 0 0 1 0 0 0 0 0
200	4	1 1 1 0 0 0 1 0 0 0 0 0 0 0 0 0
200	2	1 1 0 0 0 0 0 0 1 0 1 0 0 1 0 0
200	11	1 1 0 0 0 0 1 0 1 0 0 1 0 0 0 0
200	27	1 1 0 0 0 1 0 0 1 0 1 0 0 0 0 0
200	20	1 1 1 0 0 0 1 0 1 0 0 1 0 0 0 0
200	45	1 1 0 0 0 0 0 0 0 1 1 1 1 0 0 0
200	72	1 1 1 1 1 0 0 0 1 0 0 0 0 0 0 0
200	38	1 1 1 0 1 0 1 0 0 0 0 0 0 0 0 0
200	4	1 1 1 1 1 0 0 0 0 1 1 0 0 0 0 0
200	21	1 1 0 0 0 1 1 0 1 0 0 0 0 0 0 1
200	3	1 1 1 0 0 0 1 0 1 0 0 0 0 0 0 0
200	22	1 1 0 0 0 0 0 0 1 1 0 0 0 0 0 0
200	6	1 1 0 0 1 0 1 0 0 0 0 0 0 0 0 0
200	2	1 1 1 0 0 0 0 0 0 1 1 1 1 0 0 0
200	8	1 1 1 0 0 0 0 0 1 0 0 0 0 0 0 0
200	3	0 1 0 0 0 0 1 0 0 1 1 1 0 0 0 0
200	4	1 1 1 0 0 0 1 1 1 0 0 0 0 0 1 0
200	17	1 1 0 1 0 0 0 0 1 0 0 0 0 0 0 0
200	2	1 0 0 0 0 0 1 0 1 0 0 0 0 0 0 0
200	13	1 1 0 0 0 1 0 0 0 1 1 0 0 0 0 0
200	8	1 1 0 0 1 0 1 0 1 0 0 0 0 0 0 1
200	21	1 1 1 1 0 0 0 0 1 0 0 0 0 0 0 0
200	1	1 1 1 0 0 1 1 0 1 0 0 1 0 0 0 0
200	27	1 1 1 1 0 0 0 0 0 0 1 0 0 0 1 0
200	4	0 1 0 0 0 1 0 0 1 0 1 0 0 0 0 0
200	18	1 1 1 0 0 1 0 0 0 0 0 0 1 0 0 0
200	7	1 1 1 1 1 0 0 0 1 0 0 0 0 0 0 1
200	6	0 1 0 0 0 0 0 0 0 1 1 0 0 0 0 0
200	14	1 1 0 0 0 0 0 0 0 1 1 0 0 0 0 0
200	2	1 0 0 1 0 0 1 0 1 0 0 0 0 0 0 0
200	4	1 1 1 1 1 0 1 0 0 0 0 0 0 0 0 0
200	1	1 1 0 0 1 0 1 0 1 0 0 0 0 1 0 0
200	4	1 1 0 0 0 0 0 0 1 0 0 1 0 0 0 1
200	21	1 1 0 0 0 0 1 0 0 0 0 0 0 0 1 0
200	5	1 1 0 0 0 0 0 0 0 0 1 1 0 0 0 0
200	3	1 1 0 0 1 0 1 0 0 0 0 0 0 1 0 0
200	2	1 1 1 0 0 0 0 1 0 1 1 1 1 0 0 0
200	9	1 1 0 0 0 0 1 1 1 0 0 0 0 0 0 0
200	4	1 1 0 0 1 0 0 0 1 0 0 0 0 0 0 0
200	2	1 1 0 0 0 1 1 0 0 1 1 1 0 0 0 0
200	10	1 1 1 1 1 0 0 0 1 1 1 0 0 0 0 0
200	11	1 1 1 0 0 0 0 0 1 1 1 1 0 0 0 0
200	15	1 0 0 0 0 0 1 0 0 0 0 0 0 0 0 0
200	1	1 1 1 0 0 0 1 1 1 0 0 1 0 0 0 0
200	4	1 1 0 0 0 0 0 1 1 0 0 1 0 0 0 0
200	6	1 1 1 0 0 1 0 0 1 1 1 1 1 0 0 0
200	12	1 1 1 1 1 0 0 0 1 0 0 1 0 0 0 0
200	3	1 1 1 0 0 0 0 0 0 1 1 0 0 0 0 0
200	4	1 0 0 0 0 0 1 0 0 1 1 1 0 0 0 0
200	5	1 1 0 0 0 0 0 0 1 1 0 1 0 0 0 0
200	3	1 1 0 0 1 0 1 0 0 0 0 1 0 1 0 0
200	8	1 0 1 0 0 0 0 1 0 1 1 1 1 0 0 0
200	4	1 1 0 0 0 0 0 0 0 0 0 0 0 0 0 0
200	11	1 1 1 0 0 0 1 0 0 0 1 1 1 0 0 0
200	2	1 1 0 0 0 0 0 0 0 1 1 1 0 0 0 1
200	5	1 1 0 0 0 0 1 0 0 0 0 0 0 0 0 1
200	3	1 1 1 0 0 0 0 1 0 1 0 0 1 0 0 0
200	4	1 1 0 0 1 0 0 0 1 0 0 1 0 0 0 0
200	1	1 1 0 0 0 0 1 1 0 0 0 0 0 0 0 0
200	4	1 1 0 1 0 0 0 0 0 0 0 0 0 0 1 0
200	3	1 1 0 0 0 0 1 0 1 0 0 0 0 0 0 1
200	4	1 1 1 1 1 0 0 0 1 1 1 1 1 0 0 0
200	6	1 1 0 0 1 1 1 0 0 1 1 1 0 0 0 0
200	6	1 1 0 0 0 0 0 0 1 0 1 0 0 0 0 1
200	5	1 1 1 0 0 0 1 0 0 0 0 1 0 0 0 0
200	1	0 1 0 0 0 0 0 1 1 1 0 0 0 0 0 0
200	3	1 0 0 0 0 0 0 0 1 0 0 0 0 0 0 1
200	10	1 0 0 0 0 0 1 0 1 0 0 1 0 0 0 0
200	5	1 1 0 0 0 0 0 0 0 1 1 1 1 0 0 1
200	1	1 1 1 1 1 1 0 0 1 0 0 0 0 0 0 0
200	2	1 1 0 0 0 0 1 0 0 1 1 1 1 0 0 0
200	4	1 1 0 0 0 0 0 0 1 0 0 1 0 0 1 0
200	7	1 1 0 0 0 1 1 0 0 0 0 0 0 0 0 0
200	3	1 1 0 1 0 0 1 0 0 0 0 0 0 0 1 0
200	2	1 1 0 0 0 0 1 0 1 0 1 0 0 0 0 1
200	1	1 1 0 0 0 0 1 0 1 1 0 0 0 0 0 0
200	1	1 1 0 1 0 0 0 0 0 1 1 1 1 0 0 0
200	3	1 0 1 1 1 0 0 0 0 1 1 0 0 0 0 0
200	2	1 0 0 0 0 0 1 0 0 0 0 0 0 0 0 1
200	3	1 1 1 0 0 0 1 0 0 0 1 1 1 0 1 0
200	2	1 1 0 0 0 0 0 0 0 1 1 1 0 0 0 0
200	1	1 1 1 0 1 0 1 0 1 1 0 0 0 0 0 0
200	1	1 1 0 0 1 0 1 0 0 0 0 0 0 0 0 1
200	2	1 0 0 0 0 0 0 0 1 0 0 0 0 0 0 0
200	4	1 0 0 0 0 0 0 0 0 1 1 1 1 0 0 0
200	2	1 1 0 0 0 0 0 0 1 0 0 0 0 0 1 0
200	1	1 1 0 0 0 0 0 0 1 0 1 1 0 0 0 0
200	3	1 1 1 0 0 0 0 0 1 0 0 1 0 0 0 0
200	1	1 1 0 0 0 1 0 0 1 0 0 0 0 1 0 0
200	2	1 1 1 0 1 0 1 1 0 0 0 0 0 0 0 0
200	1	0 1 0 0 0 0 0 0 1 0 0 1 0 0 0 1
200	1	0 1 0 0 0 0 1 0 0 0 0 0 0 0 1 0
200	1	1 1 0 0 1 0 0 0 1 0 0 1 0 0 1 0
220	110	1 1 0 0 0 0 0 0 1 0 0 0 0 0 0 0
220	72	1 1 0 0 0 0 0 0 1 0 0 1 0 0 0 0
220	6	1 1 0 0 0 0 0 0 1 0 1 0 0 0 0 0
220	24	1 1 0 0 0 0 1 0 0 0 0 0 0 0 0 0
220	13	1 1 0 0 0 0 1 1 1 0 0 0 0 0 0 1
220	75	1 1 0 0 0 1 0 0 1 0 1 0 0 0 0 0
220	7	1 1 1 0 0 0 1 0 1 0 0 1 0 0 0 0
220	17	1 1 0 0 0 0 0 0 0 1 1 1 1 0 0 0
220	145	1 1 1 1 1 0 0 0 1 0 0 0 0 0 0 0
220	42	1 1 1 0 1 0 1 0 0 0 0 0 0 0 0 0
220	5	1 1 0 0 0 1 1 0 1 0 0 0 0 0 0 1
220	4	1 1 0 0 0 0 0 0 1 1 0 0 0 0 0 0
220	1	1 1 1 0 0 0 0 0 1 0 0 0 0 0 0 0
220	3	1 1 0 1 0 0 0 0 1 0 0 0 0 0 0 0
220	3	1 1 0 0 0 1 0 0 0 1 1 0 0 0 0 0
220	17	1 1 0 0 1 0 1 0 1 0 0 0 0 0 0 1
220	14	1 1 1 1 0 0 0 0 1 0 0 0 0 0 0 0
220	5	0 1 0 0 0 1 0 0 1 0 1 0 0 0 0 0
220	9	1 1 0 0 0 0 0 0 0 1 1 0 0 0 0 0
220	4	1 1 0 0 0 0 0 0 1 0 0 1 0 0 0 1
220	14	1 1 0 0 0 0 1 0 0 0 0 0 0 0 1 0
220	3	1 1 0 0 0 0 1 1 1 0 0 0 0 0 0 0
220	23	1 1 1 1 1 0 0 0 1 1 1 0 0 0 0 0
220	3	1 0 0 0 0 0 1 0 0 0 0 0 0 0 0 0
220	4	1 1 0 0 0 0 0 0 1 1 0 1 0 0 0 0
220	4	1 1 0 0 1 0 1 0 0 0 0 1 0 1 0 0
220	9	1 0 1 0 0 0 0 1 0 1 1 1 1 0 0 0
220	19	1 1 0 0 0 0 1 1 0 0 0 0 0 0 0 0
220	2	1 1 0 1 0 0 0 0 0 0 0 0 0 0 1 0
220	3	1 1 0 0 0 0 1 0 1 0 0 0 0 0 0 1
220	32	1 1 1 1 1 0 0 0 1 1 1 1 1 0 0 0
220	6	1 1 0 0 0 0 0 0 1 0 1 0 0 0 0 1
220	50	1 1 1 0 0 0 1 0 0 0 0 1 0 0 0 0
220	6	0 1 0 0 0 0 0 1 1 1 0 0 0 0 0 0
220	14	1 1 0 0 0 0 0 0 0 1 1 1 1 0 0 1
220	5	1 1 0 1 0 0 1 0 0 0 0 0 0 0 1 0
220	28	1 0 1 1 1 0 0 0 0 1 1 0 0 0 0 0
220	1	1 1 1 1 1 0 0 0 1 0 1 0 0 0 0 0
220	6	1 0 0 0 0 0 1 0 1 0 0 1 1 0 0 0
220	1	1 1 1 0 1 0 1 0 0 0 0 0 0 0 0 1
220	8	1 0 1 0 0 0 0 1 0 1 1 1 1 1 0 0
220	9	1 1 1 1 1 0 0 0 1 0 0 0 0 1 0 0
220	9	1 1 1 1 1 0 0 0 1 0 0 1 0 0 0 0
220	1	1 1 0 0 1 1 0 1 0 1 1 0 0 0 0 0
220	4	1 1 0 0 0 1 0 0 0 0 0 0 0 0 0 0
220	2	1 1 1 0 0 1 0 0 1 0 1 0 0 0 0 0
220	6	1 0 1 0 0 0 1 1 0 1 1 1 1 0 0 0
220	6	1 1 1 0 1 0 0 0 1 0 0 0 0 0 0 0
220	11	1 1 1 1 1 1 0 0 1 0 0 0 0 0 0 0
220	1	1 1 1 0 1 0 0 0 0 0 0 0 0 0 0 0
220	2	1 1 1 0 1 0 0 0 0 0 0 0 0 0 0 1
220	18	1 1 1 1 1 0 1 0 1 1 1 0 0 0 0 0
220	1	1 0 1 0 0 0 0 1 0 1 0 1 1 1 0 0
220	4	1 1 0 0 1 0 1 0 1 0 0 0 0 0 0 0
220	4	1 1 0 0 0 0 0 1 1 0 0 0 0 0 0 0
220	3	1 1 0 0 1 1 0 0 1 0 1 0 0 0 0 0
220	5	1 1 0 1 1 0 0 0 1 0 0 0 1 1 0 0
220	2	1 1 1 0 1 0 0 0 0 1 1 0 0 0 0 0
220	1	1 1 1 0 0 0 1 0 0 0 1 1 1 0 1 0
220	6	1 0 1 1 1 0 0 0 0 1 1 0 0 0 1 0
220	5	1 1 1 0 0 0 0 0 1 0 1 0 0 0 0 0
220	3	1 0 0 0 0 0 1 0 0 0 0 1 0 0 0 0
220	2	0 1 0 0 0 0 0 0 1 0 0 1 0 0 0 0
220	1	1 1 0 0 0 0 0 0 0 0 1 1 1 0 0 0
220	3	1 1 0 0 0 0 0 0 0 1 1 1 1 1 0 0
220	7	1 0 1 1 1 0 0 0 1 0 0 0 0 0 0 0
220	4	1 1 0 0 0 0 0 0 1 0 0 0 0 0 0 1
220	2	1 1 1 0 0 0 1 0 0 0 0 1 0 1 0 0
220	4	1 0 1 0 0 0 1 1 0 1 1 1 1 1 0 0
220	4	1 1 1 0 0 0 1 0 0 0 0 0 0 0 0 0
220	1	1 1 0 0 0 0 1 1 0 0 0 1 1 0 0 0
220	1	1 1 0 1 0 1 0 0 1 0 1 0 0 0 0 0
220	2	1 1 1 1 1 0 0 0 1 1 1 1 0 0 0 0
220	4	1 1 0 0 0 0 1 1 0 0 1 0 0 0 0 0
220	2	1 1 1 0 0 0 1 1 0 0 0 1 0 0 0 0
220	3	0 0 0 0 0 0 1 0 1 0 0 1 1 0 0 0
220	7	0 1 0 0 1 0 1 0 0 0 0 1 0 1 0 0
220	3	1 1 1 1 1 0 0 0 1 0 1 0 0 0 1 0
220	3	1 1 0 0 1 0 0 1 1 1 0 0 1 0 0 0
220	2	1 1 1 1 1 0 1 0 0 0 0 1 0 0 0 0
220	4	1 1 0 0 0 0 0 1 1 0 0 1 0 0 0 0
220	2	1 1 1 1 1 0 0 0 1 0 0 0 0 0 1 0
220	2	1 1 1 1 1 0 1 0 1 0 0 0 0 0 0 0
220	3	1 1 0 0 0 0 0 0 0 0 1 0 0 0 0 1
220	1	1 1 1 0 0 1 1 0 0 0 0 1 0 0 0 0
220	2	1 1 1 0 1 0 1 0 0 0 0 1 0 1 0 0
220	2	1 0 1 0 0 0 0 0 1 0 0 0 0 0 0 0
220	1	1 1 1 1 0 0 1 0 0 0 0 0 0 0 1 0
220	1	1 1 0 0 0 1 0 0 1 0 1 0 0 0 1 0
220	2	1 1 0 0 0 0 0 0 0 1 0 1 1 0 0 0
220	2	1 1 0 0 0 0 1 0 1 0 0 1 1 0 0 0
220	2	0 1 1 0 0 0 0 0 0 0 0 0 0 0 1 0
220	1	1 0 1 0 0 0 0 0 1 0 1 0 0 0 0 0
240	53	1 1 0 0 0 0 0 0 1 0 0 0 0 0 0 0
240	28	1 1 0 0 0 0 0 0 1 0 0 1 0 0 0 0
240	8	1 1 0 0 0 0 0 0 1 0 1 0 0 0 0 0
240	4	1 1 0 0 0 0 1 0 0 0 0 0 0 0 0 0
240	28	1 1 0 0 0 0 1 1 1 0 0 0 0 0 0 1
240	43	1 1 0 0 0 1 0 0 1 0 1 0 0 0 0 0
240	191	1 1 1 1 1 0 0 0 1 0 0 0 0 0 0 0
240	15	1 1 1 0 1 0 1 0 0 0 0 0 0 0 0 0
240	6	1 1 1 0 0 0 0 0 1 0 0 0 0 0 0 0
240	5	1 1 0 1 0 0 0 0 1 0 0 0 0 0 0 0
240	34	1 1 0 0 1 0 1 0 1 0 0 0 0 0 0 1
240	47	1 1 1 1 0 0 0 0 1 0 0 0 0 0 0 0
240	3	0 1 0 0 0 1 0 0 1 0 1 0 0 0 0 0
240	5	1 1 0 0 0 0 0 0 1 0 0 1 0 0 0 1
240	21	1 1 0 0 0 0 1 1 1 0 0 0 0 0 0 0
240	23	1 1 1 1 1 0 0 0 1 1 1 0 0 0 0 0
240	3	1 0 0 0 0 0 1 0 0 0 0 0 0 0 0 0
240	18	1 0 1 0 0 0 0 1 0 1 1 1 1 0 0 0
240	6	1 1 0 0 0 0 1 1 0 0 0 0 0 0 0 0
240	22	1 1 1 1 1 0 0 0 1 1 1 1 1 0 0 0
240	51	1 1 1 0 0 0 1 0 0 0 0 1 0 0 0 0
240	7	1 1 0 0 0 0 0 0 0 1 1 1 1 0 0 1
240	19	1 0 1 1 1 0 0 0 0 1 1 0 0 0 0 0
240	24	1 1 1 1 1 0 0 0 1 0 0 0 0 1 0 0
240	27	1 1 1 1 1 0 0 0 1 0 0 1 0 0 0 0
240	2	1 1 1 0 1 0 0 0 1 0 0 0 0 0 0 0
240	10	1 1 1 1 1 1 0 0 1 0 0 0 0 0 0 0
240	4	1 1 1 1 1 0 1 0 1 1 1 0 0 0 0 0
240	3	1 0 1 1 1 0 0 0 0 1 1 0 0 0 1 0
240	2	1 1 1 0 0 0 0 0 1 0 1 0 0 0 0 0
240	6	1 1 0 0 0 0 0 0 0 1 1 1 1 1 0 0
240	6	1 0 1 1 1 0 0 0 1 0 0 0 0 0 0 0
240	28	1 1 1 0 0 0 1 0 0 0 0 0 0 0 0 0
240	19	0 1 0 0 1 0 1 0 0 0 0 1 0 1 0 0
240	17	1 1 1 1 1 0 1 0 1 0 0 0 0 0 0 0
240	3	1 1 1 0 1 0 1 0 0 0 0 1 0 1 0 0
240	6	1 1 1 1 0 0 1 0 0 0 0 0 0 0 1 0
240	8	0 1 1 0 0 0 0 0 0 0 0 0 0 0 1 0
240	1	1 1 0 0 0 0 1 0 1 0 0 1 0 0 0 0
240	7	1 1 1 1 1 0 0 0 1 1 1 0 0 0 0 1
240	5	1 1 1 0 0 1 1 0 0 0 0 0 0 0 0 0
240	8	1 1 0 1 1 0 0 0 1 0 0 0 0 0 0 0
240	1	1 1 1 0 1 0 1 0 0 0 0 0 0 0 0 1
240	1	0 1 0 1 0 0 0 0 1 0 0 1 0 0 0 1
240	4	1 1 0 0 0 0 0 0 1 0 0 0 0 0 0 1
240	6	1 1 0 0 0 0 1 0 1 0 0 0 0 0 0 0
240	3	1 1 0 0 0 1 0 0 1 0 0 0 0 0 0 0
240	12	1 1 0 0 0 0 1 0 0 0 0 1 0 0 0 0
240	7	1 1 1 1 1 1 0 0 1 0 1 0 0 0 0 0
240	10	1 1 1 0 1 0 0 0 1 1 1 1 1 0 0 0
240	1	1 0 0 0 0 1 0 0 1 0 1 0 0 0 0 0
240	4	0 1 1 0 0 0 0 0 0 0 0 0 0 0 0 0
240	5	1 0 1 1 1 0 0 0 0 1 1 1 0 0 0 0
240	8	1 1 0 0 1 0 1 0 0 0 0 0 0 0 0 0
240	1	1 1 1 1 1 0 0 0 1 0 0 0 0 0 0 1
240	3	1 1 1 0 0 0 0 0 1 0 0 0 0 0 0 1
240	4	1 0 1 0 1 0 0 1 0 0 0 0 0 0 0 0
240	7	1 1 1 0 0 0 1 0 0 0 1 1 1 0 0 0
240	4	1 0 1 0 1 0 0 1 0 0 1 0 0 0 1 0
240	3	1 0 1 0 0 0 0 0 1 0 0 0 0 0 0 0
240	8	1 1 1 1 1 0 0 1 1 0 0 0 0 0 0 0
240	4	1 1 1 1 0 1 0 1 1 0 0 0 0 0 0 0
240	2	0 1 0 0 0 0 0 0 1 0 0 0 0 0 0 0
240	3	1 0 1 1 1 0 0 0 0 0 0 1 0 0 0 0
240	1	1 1 1 0 1 0 0 0 1 1 1 0 0 0 0 0
240	4	1 1 0 0 1 0 1 0 1 0 0 0 0 0 0 0
240	1	1 1 1 1 1 1 0 0 1 1 1 0 0 0 0 0
240	1	1 1 1 0 0 0 0 1 0 1 1 1 1 0 0 0
240	4	1 1 1 1 1 0 0 0 1 0 0 0 0 1 1 0
240	3	1 1 1 0 1 0 1 0 1 1 1 0 0 0 0 0
240	2	1 0 1 1 1 0 1 0 1 1 1 0 0 1 0 0
240	4	1 1 1 0 1 0 1 0 0 0 1 0 0 0 0 0
240	2	1 1 1 1 1 0 1 0 0 0 0 1 0 0 0 0
240	1	1 1 1 1 1 0 1 0 1 0 0 1 1 0 0 0
240	1	1 1 1 1 0 0 1 0 0 0 0 0 0 0 0 0
240	1	1 0 0 0 0 1 1 0 0 0 0 0 0 0 0 0
240	5	1 1 1 1 1 0 0 0 1 1 1 1 0 0 0 0
240	4	1 1 0 0 0 1 1 0 1 0 0 1 0 0 0 0
240	4	1 1 0 0 0 0 1 0 0 0 0 0 0 0 0 1
240	2	1 1 0 1 0 1 0 1 1 0 0 0 0 0 0 0
240	3	1 1 1 1 1 0 1 0 1 0 0 0 0 0 0 1
240	1	1 1 0 0 0 0 1 0 0 0 0 1 0 0 0 1
240	1	1 1 0 0 0 0 0 0 1 0 0 0 0 0 1 0
240	1	1 1 0 0 0 0 1 0 1 0 0 0 0 0 0 1
240	2	1 1 1 0 0 0 0 0 1 0 0 0 0 1 0 0
240	1	1 1 1 1 0 0 0 0 1 0 0 0 1 0 0 0
240	3	1 1 0 0 1 0 1 1 1 0 0 0 0 0 0 0
240	3	0 1 1 0 0 0 0 0 0 0 1 0 0 0 1 0
240	2	1 0 0 0 0 1 1 0 0 0 1 0 0 0 0 0
240	4	0 1 1 1 1 0 0 0 1 0 0 0 0 0 0 0
240	2	1 1 0 0 0 0 1 1 1 1 0 0 0 0 0 0
240	2	1 1 1 1 1 0 0 1 1 1 1 1 1 0 0 0
240	2	1 1 1 0 0 0 1 0 0 0 0 1 0 1 0 0
240	1	1 1 1 0 0 0 1 0 0 0 1 1 0 0 0 0
240	2	1 1 1 1 1 1 0 0 1 0 0 0 0 0 1 0
240	1	1 0 1 0 0 0 1 0 0 0 0 0 0 0 0 0
240	2	1 1 1 0 1 0 0 0 1 1 1 1 1 1 0 0
260	19	1 1 0 0 0 0 0 0 1 0 0 0 0 0 0 0
260	16	1 1 0 0 0 0 0 0 1 0 0 1 0 0 0 0
260	7	1 1 0 0 0 0 0 0 1 0 1 0 0 0 0 0
260	24	1 1 0 0 0 1 0 0 1 0 1 0 0 0 0 0
260	195	1 1 1 1 1 0 0 0 1 0 0 0 0 0 0 0
260	14	1 1 1 0 1 0 1 0 0 0 0 0 0 0 0 0
260	31	1 1 1 0 0 0 0 0 1 0 0 0 0 0 0 0
260	6	1 1 0 1 0 0 0 0 1 0 0 0 0 0 0 0
260	5	1 1 0 0 1 0 1 0 1 0 0 0 0 0 0 1
260	31	1 1 1 1 0 0 0 0 1 0 0 0 0 0 0 0
260	19	1 1 1 1 1 0 0 0 1 1 1 0 0 0 0 0
260	30	1 1 0 0 0 0 1 1 0 0 0 0 0 0 0 0
260	9	1 1 1 1 1 0 0 0 1 1 1 1 1 0 0 0
260	29	1 1 1 0 0 0 1 0 0 0 0 1 0 0 0 0
260	5	1 1 0 0 0 0 0 0 0 1 1 1 1 0 0 1
260	8	1 0 1 1 1 0 0 0 0 1 1 0 0 0 0 0
260	17	1 1 1 1 1 0 0 0 1 0 0 0 0 1 0 0
260	16	1 1 1 1 1 0 0 0 1 0 0 1 0 0 0 0
260	18	1 1 1 0 1 0 0 0 1 0 0 0 0 0 0 0
260	4	1 1 1 1 1 1 0 0 1 0 0 0 0 0 0 0
260	32	1 1 1 0 0 0 1 0 0 0 0 0 0 0 0 0
260	10	0 1 0 0 1 0 1 0 0 0 0 1 0 1 0 0
260	8	1 1 1 1 0 0 1 0 0 0 0 0 0 0 1 0
260	10	0 1 1 0 0 0 0 0 0 0 0 0 0 0 1 0
260	4	1 1 1 1 1 0 0 0 1 1 1 0 0 0 0 1
260	19	1 1 1 0 0 1 1 0 0 0 0 0 0 0 0 0
260	9	1 1 0 1 1 0 0 0 1 0 0 0 0 0 0 0
260	8	1 1 0 0 0 1 0 0 1 0 0 0 0 0 0 0
260	23	1 0 1 0 0 0 0 0 1 0 0 0 0 0 0 0
260	1	1 1 1 1 0 1 0 1 1 0 0 0 0 0 0 0
260	8	1 0 1 1 1 0 0 0 0 0 0 1 0 0 0 0
260	19	1 1 0 0 1 0 1 0 1 0 0 0 0 0 0 0
260	4	1 1 1 0 1 0 1 0 0 0 1 0 0 0 0 0
260	31	1 1 1 1 1 0 1 0 1 0 0 0 0 0 0 1
260	6	1 1 0 0 0 0 1 0 1 0 0 0 0 0 0 1
260	7	1 1 0 0 0 0 1 1 1 1 0 0 0 0 0 0
260	9	1 1 1 1 1 0 1 0 0 1 1 0 0 0 0 0
260	6	1 1 1 1 0 0 0 0 1 0 0 1 0 0 0 0
260	15	1 1 0 0 0 0 1 1 1 0 0 0 1 0 0 1
260	11	1 1 1 1 1 1 0 1 1 0 1 0 0 0 0 0
260	4	1 1 1 1 1 0 1 0 0 0 0 0 0 0 1 0
260	22	1 1 1 0 0 0 0 0 0 0 0 0 0 0 1 0
260	34	1 1 1 1 1 0 0 0 0 0 0 0 0 0 0 0
260	5	1 1 0 0 0 1 0 0 1 0 0 0 0 0 1 0
260	3	0 1 1 0 0 0 1 1 1 0 0 0 0 0 0 1
260	2	1 1 0 0 0 0 1 0 1 0 0 0 0 0 0 0
260	1	1 0 1 1 1 1 0 0 1 0 0 0 0 0 0 0
260	4	1 1 0 1 0 0 1 0 0 0 1 0 0 0 1 0
260	2	0 1 0 0 0 0 0 0 1 0 0 0 0 0 0 0
260	1	1 1 0 0 0 0 0 1 1 0 0 1 0 0 0 0
260	3	1 1 1 0 0 0 1 0 0 0 1 0 0 0 0 0
260	3	1 1 1 1 1 1 0 1 1 0 0 0 0 0 0 0
260	2	0 1 1 0 0 0 1 0 0 0 0 1 0 0 0 0
260	4	1 1 0 1 0 0 1 0 0 0 0 1 0 0 0 0
260	7	1 0 1 1 1 0 0 0 0 0 0 1 0 0 0 1
260	11	1 1 1 0 0 0 1 0 1 0 0 0 0 0 0 1
260	1	1 1 0 1 1 0 0 0 0 0 0 0 0 0 0 0
260	4	1 1 0 0 0 0 0 1 1 0 0 0 0 0 0 1
260	7	1 1 1 1 0 0 0 0 0 0 0 0 0 0 0 0
260	2	1 1 0 0 1 0 0 0 1 0 0 0 0 0 0 0
260	6	1 0 1 1 1 0 0 0 1 0 0 0 0 0 0 0
260	2	1 1 1 1 0 0 0 1 1 0 0 0 0 0 0 0
260	10	1 1 1 0 0 0 1 1 0 0 0 0 0 0 0 0
260	3	1 1 1 1 1 1 0 1 1 0 0 0 0 0 0 1
260	7	1 1 1 1 1 0 0 0 0 0 0 1 0 0 0 0
260	4	1 1 1 1 1 0 0 0 0 0 0 0 0 0 0 1
260	7	1 1 1 0 1 0 1 0 0 0 0 0 1 0 0 0
260	1	1 1 1 1 0 1 1 0 0 0 0 0 0 0 0 0
260	4	1 1 0 0 0 0 1 0 0 0 0 1 0 0 0 1
260	1	1 1 1 0 0 0 1 0 1 0 0 0 0 0 0 0
260	1	1 1 1 1 0 0 1 0 1 0 0 1 0 0 0 0
260	3	1 1 0 0 0 0 1 1 1 0 0 1 0 0 0 0
260	2	1 1 0 0 0 0 1 0 1 0 1 0 0 0 0 1
260	2	1 0 1 1 1 0 0 0 1 0 0 0 0 1 0 0
260	9	1 1 1 0 0 1 1 1 0 0 0 0 0 0 0 0
260	8	1 0 1 0 0 0 1 0 1 0 0 0 0 0 0 0
260	1	0 1 0 0 1 0 1 1 1 0 0 1 0 1 0 0
260	2	1 1 1 1 1 0 0 0 1 0 1 1 1 0 0 1
260	4	1 1 1 0 0 0 1 0 1 0 1 0 0 0 0 0
260	1	1 1 1 0 0 0 1 0 0 0 0 1 0 0 0 1
260	1	1 1 1 0 1 0 1 0 0 0 1 0 0 0 1 0
260	2	1 1 1 1 1 0 0 1 1 0 0 0 0 0 0 0
260	3	1 1 1 1 1 0 0 1 1 0 0 0 0 1 0 0
260	2	1 1 1 0 1 0 0 0 1 0 0 1 0 0 0 0
260	3	1 1 1 0 0 0 1 0 0 0 0 0 1 0 0 0
260	1	0 0 0 0 1 0 1 0 0 0 0 1 0 1 0 0
260	11	0 1 0 0 0 1 0 0 1 0 0 0 0 0 1 0
260	1	1 1 1 1 1 0 0 0 0 1 1 0 0 0 0 0
260	3	1 1 1 1 0 0 0 0 1 0 0 0 1 0 0 0
260	3	0 1 0 0 1 0 1 1 0 0 0 0 0 0 0 0
260	2	1 1 1 1 1 0 0 0 1 0 0 0 0 0 0 1
260	5	1 1 1 1 1 0 0 0 1 0 1 0 0 0 0 0
260	1	1 1 1 0 0 0 1 1 1 0 0 0 0 0 0 1
260	1	1 1 0 1 1 0 0 1 0 0 0 0 0 0 0 0
260	1	1 1 1 0 0 1 0 0 1 0 0 0 0 0 0 0
260	1	1 1 1 1 1 0 0 0 0 1 0 1 0 0 0 0
260	1	1 1 1 0 1 0 0 0 1 0 0 1 0 0 0 1
260	1	0 1 1 0 0 0 0 0 0 0 0 0 0 0 0 0
260	1	1 1 1 0 0 0 0 0 1 1 1 0 0 0 0 1
260	1	1 1 0 0 0 0 0 0 0 0 0 0 0 0 0 0
260	1	1 1 1 0 0 0 0 0 1 0 1 0 0 0 0 0
260	1	1 1 1 1 1 0 1 0 1 0 0 0 0 0 0 0
260	2	1 1 0 0 0 0 1 1 1 1 0 0 0 1 0 0
260	5	1 1 0 0 0 0 1 1 1 0 1 0 1 0 0 1
260	1	1 1 1 1 1 0 0 1 0 0 0 0 0 0 0 0
260	1	0 1 0 0 0 0 1 0 1 0 0 0 0 0 0 0
260	1	0 1 0 0 1 0 1 1 1 0 0 0 0 1 0 0
280	26	1 1 0 0 0 0 0 0 1 0 0 0 0 0 0 0
280	1	1 1 0 0 0 0 0 0 1 0 1 0 0 0 0 0
280	49	1 1 0 0 0 1 0 0 1 0 1 0 0 0 0 0
280	239	1 1 1 1 1 0 0 0 1 0 0 0 0 0 0 0
280	22	1 1 1 0 1 0 1 0 0 0 0 0 0 0 0 0
280	36	1 1 1 0 0 0 0 0 1 0 0 0 0 0 0 0
280	23	1 1 1 1 0 0 0 0 1 0 0 0 0 0 0 0
280	7	1 1 1 1 1 0 0 0 1 1 1 0 0 0 0 0
280	10	1 1 0 0 0 0 1 1 0 0 0 0 0 0 0 0
280	3	1 1 1 1 1 0 0 0 1 1 1 1 1 0 0 0
280	30	1 1 1 0 0 0 1 0 0 0 0 1 0 0 0 0
280	22	1 1 1 1 1 0 0 0 1 0 0 0 0 1 0 0
280	26	1 1 1 1 1 0 0 0 1 0 0 1 0 0 0 0
280	4	1 1 1 0 1 0 0 0 1 0 0 0 0 0 0 0
280	4	1 1 1 1 1 1 0 0 1 0 0 0 0 0 0 0
280	18	1 1 1 0 0 0 1 0 0 0 0 0 0 0 0 0
280	3	0 1 1 0 0 0 0 0 0 0 0 0 0 0 1 0
280	6	1 1 0 1 1 0 0 0 1 0 0 0 0 0 0 0
280	11	1 1 0 0 0 1 0 0 1 0 0 0 0 0 0 0
280	4	1 1 0 0 1 0 1 0 1 0 0 0 0 0 0 0
280	6	1 1 1 1 1 0 1 0 1 0 0 0 0 0 0 1
280	6	1 1 1 0 0 0 0 0 0 0 0 0 0 0 1 0
280	61	1 1 1 1 1 0 0 0 0 0 0 0 0 0 0 0
280	9	1 1 0 1 0 0 1 0 0 0 1 0 0 0 1 0
280	17	1 1 1 1 1 1 0 1 1 0 0 0 0 0 0 0
280	2	1 1 1 0 0 0 1 0 1 0 0 0 0 0 0 1
280	2	1 1 0 1 1 0 0 0 0 0 0 0 0 0 0 0
280	39	1 1 1 1 0 0 0 0 0 0 0 0 0 0 0 0
280	3	1 1 1 0 0 0 1 1 0 0 0 0 0 0 0 0
280	39	1 1 1 1 0 1 1 0 0 0 0 0 0 0 0 0
280	18	1 1 1 1 1 0 0 0 1 0 1 0 0 0 0 0
280	7	1 1 1 1 1 0 1 0 1 0 0 0 0 0 0 0
280	18	1 1 1 1 1 0 1 0 0 0 0 0 0 0 0 0
280	7	1 1 1 1 1 0 1 0 1 1 0 0 0 0 0 1
280	9	1 1 1 1 1 0 0 0 0 0 0 1 0 0 0 1
280	2	1 0 1 0 0 0 0 0 0 0 0 0 0 0 0 0
280	20	1 1 1 0 1 1 1 0 0 0 0 0 1 0 0 0
280	17	1 1 1 1 1 0 0 0 1 0 0 0 0 0 0 1
280	1	1 1 1 0 0 0 1 0 0 0 1 1 0 0 0 0
280	3	1 0 1 0 0 1 1 0 0 0 0 0 0 0 0 0
280	3	0 1 0 0 1 0 1 1 0 0 0 0 0 1 0 0
280	14	1 1 0 0 1 1 0 0 1 0 1 0 0 0 0 0
280	3	1 1 1 1 1 0 0 0 1 0 0 0 0 0 1 0
280	5	1 1 0 0 0 1 1 0 1 0 1 0 0 0 0 0
280	17	1 1 1 1 1 0 0 0 0 0 0 0 0 0 1 0
280	6	1 1 1 1 1 0 0 1 1 0 0 0 0 0 0 0
280	12	1 1 0 0 0 0 1 0 1 1 0 0 0 0 0 1
280	2	1 1 0 0 0 0 1 0 0 0 0 1 0 0 0 0
280	9	1 1 0 0 0 0 0 0 1 0 0 1 0 0 0 1
280	8	1 1 1 0 0 0 0 0 0 0 0 0 0 0 0 0
280	5	1 1 1 1 0 0 0 0 0 0 0 0 0 1 0 0
280	3	1 1 1 1 0 0 0 0 0 0 1 0 0 0 0 0
280	1	1 0 1 1 1 0 0 0 0 0 0 0 0 0 1 1
280	7	1 0 1 1 1 0 0 0 0 0 0 0 0 0 0 0
280	2	1 1 1 1 1 0 0 0 0 0 0 0 0 0 0 1
280	2	1 1 1 1 1 0 0 0 1 0 0 0 1 0 0 0
280	5	1 1 1 1 1 0 1 0 1 1 0 0 0 1 0 0
280	4	1 1 0 0 1 1 0 0 0 0 0 0 0 0 0 0
280	13	1 1 0 1 1 0 0 0 1 0 1 0 0 0 0 0
280	2	1 1 1 1 1 0 1 0 1 1 0 0 0 0 0 0
280	2	1 1 1 1 1 1 1 0 0 0 0 0 0 0 0 0
280	3	1 1 1 1 1 0 0 1 1 1 0 0 0 0 0 0
280	7	1 1 1 1 1 0 0 1 1 0 0 0 1 0 0 0
280	2	1 1 0 0 0 0 0 0 1 0 0 0 0 0 0 1
280	1	1 1 0 0 0 0 1 1 0 0 0 0 0 1 0 0
280	4	1 1 1 1 1 0 0 0 0 0 0 0 1 0 0 0
280	1	1 1 1 1 1 0 0 0 1 0 0 0 0 1 0 1
280	3	1 1 1 1 1 0 1 0 1 0 0 0 0 0 1 0
280	2	1 1 0 1 0 1 0 0 1 0 1 0 0 0 0 0
280	2	1 1 1 1 0 0 0 0 0 1 0 0 0 0 0 0
280	2	1 1 1 1 0 0 0 0 1 0 0 0 0 1 0 0
280	2	1 1 1 0 0 0 0 0 0 0 0 0 0 1 0 0
280	2	1 1 1 0 0 0 1 0 0 1 0 1 0 0 0 0
280	2	1 1 1 1 0 0 0 0 0 0 0 0 0 0 0 1
280	3	1 0 1 0 0 1 1 0 0 0 0 1 0 0 0 0
280	3	1 1 1 1 0 0 0 0 1 0 0 0 1 0 1 0
280	2	0 1 0 0 0 1 0 0 1 0 1 0 0 0 0 0
280	1	1 1 1 0 0 1 0 0 1 0 0 0 0 0 0 0
280	2	1 1 1 0 0 0 1 1 0 0 0 1 0 0 0 0
280	1	1 1 1 1 0 1 0 0 0 0 0 0 1 1 0 0
300	16	1 1 0 0 0 1 0 0 1 0 1 0 0 0 0 0
300	255	1 1 1 1 1 0 0 0 1 0 0 0 0 0 0 0
300	25	1 1 1 0 0 0 1 0 0 0 0 1 0 0 0 0
300	11	1 1 1 1 1 0 0 0 1 0 0 0 0 1 0 0
300	74	1 1 1 1 1 0 0 0 1 0 0 1 0 0 0 0
300	36	1 1 1 0 0 0 1 0 0 0 0 0 0 0 0 0
300	3	1 1 0 1 1 0 0 0 1 0 0 0 0 0 0 0
300	15	1 1 0 0 0 1 0 0 1 0 0 0 0 0 0 0
300	3	1 1 1 1 1 0 1 0 1 0 0 0 0 0 0 1
300	95	1 1 1 1 1 0 0 0 0 0 0 0 0 0 0 0
300	2	1 1 0 1 0 0 1 0 0 0 1 0 0 0 1 0
300	54	1 1 1 1 0 0 0 0 0 0 0 0 0 0 0 0
300	40	1 1 1 1 0 1 1 0 0 0 0 0 0 0 0 0
300	14	1 1 1 1 1 0 0 0 1 0 1 0 0 0 0 0
300	26	1 1 1 1 1 0 1 0 0 0 0 0 0 0 0 0
300	3	1 1 1 1 1 0 0 0 1 0 0 0 0 0 0 1
300	13	1 1 1 0 0 0 1 0 0 0 1 1 0 0 0 0
300	1	1 1 0 0 1 1 0 0 1 0 1 0 0 0 0 0
300	1	1 1 1 1 1 0 0 0 0 0 0 0 0 0 1 0
300	27	1 1 1 1 1 0 0 1 1 0 0 0 0 0 0 0
300	10	1 1 1 0 0 0 0 0 0 0 0 0 0 0 0 0
300	8	1 1 1 1 1 0 0 0 1 0 0 0 1 0 0 0
300	23	1 1 1 1 1 0 0 1 1 0 0 0 1 0 0 0
300	4	1 1 1 1 1 1 0 1 1 1 0 0 0 0 0 0
300	20	1 1 1 1 0 0 0 1 0 0 0 0 0 0 0 0
300	3	1 1 1 1 1 1 0 0 0 0 0 0 0 0 0 0
300	3	1 1 1 1 1 0 0 0 1 1 1 0 1 0 0 0
300	7	1 1 1 1 0 0 0 0 0 0 0 0 1 0 0 0
300	23	0 1 1 1 1 0 0 0 1 0 0 0 0 0 0 0
300	6	1 1 0 0 1 1 0 1 1 0 1 0 0 0 0 0
300	6	0 1 0 0 1 0 1 0 1 0 0 0 0 0 0 0
300	4	1 1 1 1 0 1 0 0 1 0 1 0 0 0 0 0
300	14	1 1 0 1 0 0 1 0 0 0 1 1 0 0 1 0
300	8	1 1 0 1 1 0 0 0 1 1 0 0 0 0 0 0
300	1	1 1 1 1 1 1 0 0 1 0 0 0 0 0 0 0
300	10	1 1 0 0 0 0 0 0 1 0 0 1 0 0 0 0
300	4	1 1 1 1 0 1 0 0 0 0 0 0 0 1 0 0
300	3	1 1 0 1 0 0 0 0 1 0 0 0 0 0 0 0
300	7	1 1 1 1 0 1 0 0 1 0 0 0 0 0 0 0
300	1	1 1 1 1 0 1 0 0 0 0 1 0 1 1 0 0
300	10	1 1 1 1 1 0 1 1 0 0 0 0 0 1 0 0
300	6	1 1 1 1 1 0 0 0 1 0 0 1 0 1 0 0
300	5	1 1 1 0 0 0 1 0 0 0 1 0 0 0 0 0
300	3	1 1 0 1 1 0 1 0 1 0 0 0 0 0 0 0
300	5	1 1 0 1 0 0 1 0 1 0 0 0 0 0 0 0
300	1	1 1 1 1 1 0 0 0 0 0 0 0 0 0 0 1
300	2	0 1 1 1 1 0 0 0 0 0 0 1 0 0 0 1
300	3	1 1 0 1 1 0 0 0 0 0 0 0 0 0 0 0
300	9	1 1 1 1 1 0 0 0 0 0 0 1 0 0 0 0
300	6	1 1 0 1 0 0 0 0 1 0 0 0 1 0 0 0
300	3	1 1 1 1 1 0 0 0 1 0 0 1 1 0 0 0
300	4	1 1 1 1 0 0 0 0 0 1 0 0 0 0 0 0
300	2	1 1 0 1 0 1 1 0 0 0 0 0 0 0 0 0
300	2	1 1 1 0 0 0 1 1 0 1 0 1 0 0 0 0
300	1	1 1 0 0 0 1 0 0 1 0 0 1 0 1 0 0
300	3	1 1 0 0 1 1 0 1 1 0 0 0 0 0 0 0
300	5	1 1 1 1 1 0 1 0 1 0 0 1 0 0 0 0
300	8	1 1 1 1 0 1 0 0 0 0 0 0 0 0 0 0
300	4	0 1 1 1 1 0 0 0 1 0 0 0 0 0 0 1
300	9	1 1 1 1 0 1 0 1 1 0 1 0 0 0 0 0
300	1	1 1 0 0 0 0 0 0 0 0 0 0 0 0 0 0
300	2	0 1 0 0 1 0 0 0 0 0 0 0 0 0 0 0
300	1	1 0 1 1 1 0 0 0 0 0 0 0 0 0 0 0
300	4	1 1 1 1 0 1 1 0 0 0 0 1 0 0 0 0
300	1	1 1 1 1 0 0 0 1 0 1 0 0 0 0 0 0
300	2	1 1 1 1 0 0 0 0 1 0 0 0 0 0 0 0
300	2	1 0 1 1 1 0 0 0 1 0 0 1 0 0 0 0
300	2	1 0 0 0 0 0 0 0 1 0 0 1 0 0 0 0
300	4	1 1 0 1 0 0 0 0 1 0 0 0 1 0 1 0
300	4	1 1 1 0 0 0 1 0 0 0 0 1 0 1 0 0
300	1	1 1 1 0 0 0 1 0 0 0 0 1 1 0 0 0
300	1	1 1 0 1 0 0 0 0 0 0 0 0 0 0 0 0
300	3	1 1 1 1 1 1 0 0 1 0 0 0 1 0 0 0
300	2	1 0 0 1 0 0 1 0 0 0 1 1 0 0 1 0
320	1	1 1 0 0 0 1 0 0 1 0 1 0 0 0 0 0
320	313	1 1 1 1 1 0 0 0 1 0 0 0 0 0 0 0
320	6	1 1 1 0 0 0 1 0 0 0 0 1 0 0 0 0
320	114	1 1 1 1 1 0 0 0 1 0 0 1 0 0 0 0
320	6	1 1 1 0 0 0 1 0 0 0 0 0 0 0 0 0
320	7	1 1 0 1 1 0 0 0 1 0 0 0 0 0 0 0
320	8	1 1 0 0 0 1 0 0 1 0 0 0 0 0 0 0
320	152	1 1 1 1 1 0 0 0 0 0 0 0 0 0 0 0
320	33	1 1 1 1 0 0 0 0 0 0 0 0 0 0 0 0
320	10	1 1 1 1 0 1 1 0 0 0 0 0 0 0 0 0
320	11	1 1 1 1 1 0 1 0 0 0 0 0 0 0 0 0
320	25	1 1 1 1 1 0 0 1 1 0 0 0 0 0 0 0
320	13	1 1 1 1 1 0 0 0 1 0 0 0 1 0 0 0
320	10	1 1 1 1 0 0 0 1 0 0 0 0 0 0 0 0
320	5	1 1 1 1 0 0 0 0 0 0 0 0 1 0 0 0
320	1	1 1 0 1 1 0 0 0 1 1 0 0 0 0 0 0
320	2	1 1 1 1 1 0 0 0 1 0 0 1 0 1 0 0
320	14	1 1 1 1 1 0 0 0 0 0 0 0 0 0 0 1
320	29	1 1 0 1 1 0 0 0 0 0 0 0 0 0 0 0
320	36	1 1 1 1 1 0 0 0 0 0 0 1 0 0 0 0
320	4	1 1 1 1 1 0 1 0 1 0 0 1 0 0 0 0
320	10	1 1 1 1 0 1 0 1 1 0 1 0 0 0 0 0
320	6	1 1 1 1 0 0 0 0 1 0 0 0 0 0 0 0
320	8	1 1 0 1 0 0 1 0 0 0 1 1 0 1 1 0
320	4	1 1 1 1 1 0 0 0 1 0 0 0 0 0 1 0
320	1	1 1 1 1 1 0 0 0 0 0 0 0 0 0 1 0
320	4	1 1 1 1 0 0 0 1 1 0 0 0 0 0 0 0
320	5	1 1 1 1 1 0 0 0 1 1 0 0 0 0 0 0
320	5	1 1 1 0 0 0 1 0 0 0 1 1 0 0 1 0
320	4	1 1 1 1 1 0 1 0 0 0 1 1 0 0 0 0
320	20	1 1 0 1 1 0 0 0 1 0 0 0 0 0 1 0
320	14	1 1 1 1 1 0 0 0 0 0 1 0 0 0 0 0
320	9	1 1 1 1 1 0 0 1 0 0 0 0 0 0 0 0
320	1	1 1 1 1 1 0 1 1 1 0 0 0 0 0 0 0
320	3	1 1 0 0 0 1 0 0 1 0 0 0 1 0 0 0
320	2	1 1 1 1 1 0 1 0 0 0 0 1 0 0 0 0
320	3	1 1 1 1 0 1 1 1 0 0 0 0 0 0 0 0
320	1	1 1 1 1 1 0 0 0 0 0 0 0 0 1 0 0
320	10	1 1 1 1 0 0 0 0 1 0 0 1 0 0 0 0
320	13	1 1 1 1 1 0 0 1 1 1 0 0 0 0 0 0
320	3	1 1 1 0 0 0 0 0 1 0 0 0 0 0 0 0
320	4	1 1 0 0 1 0 0 0 0 0 0 1 0 1 0 0
320	4	1 1 1 1 0 0 1 0 0 0 0 0 0 0 0 0
320	13	1 1 1 0 1 0 0 0 0 0 0 1 0 0 0 0
320	1	1 1 1 1 1 0 0 0 1 0 0 0 0 0 0 1
320	2	1 1 1 1 1 1 0 0 1 0 0 0 0 0 0 0
320	1	1 1 1 0 0 0 1 0 0 0 0 0 0 1 0 0
320	1	0 1 1 0 0 0 1 0 0 0 0 0 0 0 0 0
320	1	0 1 1 1 1 0 0 0 0 0 0 0 0 0 0 0
320	2	1 1 1 1 1 0 0 0 0 0 0 1 0 1 0 0
320	2	1 1 1 1 1 0 0 0 1 1 0 1 0 0 0 0
320	3	1 1 1 1 1 0 0 0 1 0 1 0 0 0 0 0
320	2	1 1 1 1 1 0 1 0 1 0 0 0 0 0 0 0
320	3	1 1 1 1 0 1 0 0 1 0 0 0 0 0 0 0
320	2	0 1 1 1 1 0 0 0 0 0 1 0 0 0 0 0
320	2	1 1 1 1 1 0 1 1 1 0 1 0 0 0 0 0
320	3	1 1 1 0 1 0 0 0 1 0 0 0 0 0 0 0
320	2	1 0 1 1 1 0 0 0 1 0 0 1 0 0 0 0
320	4	1 0 1 1 1 0 0 1 1 0 0 0 0 0 0 0
320	3	1 1 1 1 1 0 0 1 1 0 1 0 0 0 0 0
320	1	1 1 1 0 0 0 0 1 0 0 0 0 0 0 0 0
320	5	1 0 1 1 1 0 0 0 0 0 0 1 0 0 0 0
320	2	1 1 1 1 1 0 0 0 0 0 0 0 0 1 1 0
320	1	1 1 1 1 1 0 0 1 1 0 0 0 0 0 0 1
320	2	1 1 1 1 1 0 0 0 1 0 0 1 1 0 0 0
320	1	1 1 1 1 1 0 0 0 0 1 0 0 0 0 0 0
320	2	1 0 1 1 1 0 0 0 0 0 0 0 0 0 0 1
320	3	1 0 1 1 0 0 0 0 1 0 0 0 0 0 0 0
320	1	1 1 1 0 0 0 1 0 0 0 1 1 0 0 1 1
320	1	1 1 0 1 1 0 0 0 1 0 1 0 0 0 1 0
340	261	1 1 1 1 1 0 0 0 1 0 0 0 0 0 0 0
340	98	1 1 1 1 1 0 0 0 1 0 0 1 0 0 0 0
340	155	1 1 1 1 1 0 0 0 0 0 0 0 0 0 0 0
340	19	1 1 1 1 0 0 0 0 0 0 0 0 0 0 0 0
340	25	1 1 1 1 1 0 1 0 0 0 0 0 0 0 0 0
340	57	1 1 1 1 1 0 0 1 1 0 0 0 0 0 0 0
340	14	1 1 1 1 0 0 0 1 0 0 0 0 0 0 0 0
340	20	1 1 1 1 1 0 0 0 0 0 0 0 0 0 0 1
340	19	1 1 0 1 1 0 0 0 0 0 0 0 0 0 0 0
340	25	1 1 1 1 1 0 0 0 0 0 0 1 0 0 0 0
340	5	1 1 1 1 1 0 1 0 1 0 0 1 0 0 0 0
340	22	1 1 1 1 0 0 0 0 1 0 0 0 0 0 0 0
340	10	1 1 1 1 1 0 0 0 1 1 0 0 0 0 0 0
340	32	1 1 0 1 1 0 0 0 1 0 0 0 0 0 1 0
340	25	1 1 1 1 1 0 0 1 0 0 0 0 0 0 0 0
340	16	1 1 1 1 0 1 1 1 0 0 0 0 0 0 0 0
340	1	1 1 1 1 1 0 0 0 0 0 0 0 0 1 0 0
340	2	1 1 1 1 0 0 0 0 1 0 0 1 0 0 0 0
340	17	1 1 1 1 1 0 0 1 1 1 0 0 0 0 0 0
340	14	1 1 1 1 0 0 1 0 0 0 0 0 0 0 0 0
340	6	1 1 1 0 1 0 0 0 0 0 0 1 0 0 0 0
340	17	1 1 1 1 1 0 0 0 1 0 1 0 0 0 0 0
340	7	1 1 1 1 1 0 1 0 1 0 0 0 0 0 0 0
340	2	1 1 1 1 0 1 0 0 1 0 0 0 0 0 0 0
340	3	1 1 1 1 1 0 1 1 1 0 1 0 0 0 0 0
340	4	1 1 1 1 1 0 0 1 1 0 1 0 0 0 0 0
340	2	1 1 1 1 1 0 0 0 1 0 0 1 1 0 0 0
340	3	1 1 1 1 1 0 0 0 0 0 0 0 0 0 1 0
340	15	1 1 1 1 1 0 0 0 0 0 1 1 0 0 0 0
340	8	1 0 1 1 1 0 0 0 1 0 0 1 0 0 0 0
340	14	1 1 1 1 1 0 0 0 1 0 0 1 0 0 0 1
340	1	1 1 1 1 0 0 0 1 0 0 0 1 0 0 0 0
340	4	1 1 0 0 1 0 1 0 1 0 0 0 0 0 0 0
340	10	1 1 1 1 0 0 1 1 0 0 0 0 0 0 0 0
340	8	1 1 1 1 1 0 0 1 1 1 0 1 0 0 0 0
340	3	1 1 1 1 1 0 0 0 1 0 0 0 0 0 1 0
340	5	1 1 0 1 1 0 0 0 1 0 0 0 0 0 1 1
340	1	1 1 0 1 1 0 0 0 1 0 0 0 0 1 0 0
340	7	1 1 1 1 1 0 0 0 1 0 0 0 0 0 0 1
340	1	1 1 1 0 1 0 0 0 0 0 0 0 0 0 0 0
340	4	1 0 1 1 1 0 0 0 1 0 0 0 0 0 0 0
340	8	1 0 1 1 1 0 0 1 0 0 0 0 0 0 0 0
340	7	1 1 1 1 1 0 0 0 0 0 0 0 0 1 1 0
340	1	1 1 0 1 1 1 0 0 1 0 0 0 0 0 1 0
340	3	1 1 1 0 0 0 1 0 0 0 0 1 0 0 0 0
340	4	0 1 1 1 1 0 0 0 1 0 0 1 0 0 0 0
340	1	1 1 1 1 1 0 1 0 0 0 0 0 1 0 0 0
340	2	0 1 1 1 1 0 0 0 1 0 0 0 0 0 0 0
340	1	1 1 1 0 1 0 0 0 1 0 0 0 0 0 0 0
340	1	1 1 0 1 1 0 0 0 1 0 0 1 0 0 1 0
340	3	1 1 1 1 1 0 1 0 1 0 0 0 0 0 1 0
340	1	1 1 0 1 1 0 0 0 1 0 0 0 0 0 0 0
340	2	1 1 1 1 1 0 0 0 1 1 0 1 0 0 0 0
340	1	1 1 1 1 1 0 1 0 0 0 0 1 0 0 0 0
340	1	1 1 0 1 1 0 0 1 1 0 0 0 0 0 0 0
340	2	1 1 1 1 1 0 0 0 0 0 0 0 0 1 0 1
360	275	1 1 1 1 1 0 0 0 1 0 0 0 0 0 0 0
360	38	1 1 1 1 1 0 0 0 1 0 0 1 0 0 0 0
360	167	1 1 1 1 1 0 0 0 0 0 0 0 0 0 0 0
360	1	1 1 1 1 0 0 0 0 0 0 0 0 0 0 0 0
360	13	1 1 1 1 1 0 1 0 0 0 0 0 0 0 0 0
360	27	1 1 1 1 1 0 0 1 1 0 0 0 0 0 0 0
360	13	1 1 1 1 0 0 0 1 0 0 0 0 0 0 0 0
360	49	1 1 1 1 1 0 0 0 0 0 0 0 0 0 0 1
360	4	1 1 0 1 1 0 0 0 0 0 0 0 0 0 0 0
360	1	1 1 1 1 1 0 0 0 0 0 0 1 0 0 0 0
360	6	1 1 1 1 1 0 1 0 1 0 0 1 0 0 0 0
360	10	1 1 1 1 0 0 0 0 1 0 0 0 0 0 0 0
360	14	1 1 1 1 1 0 0 0 1 1 0 0 0 0 0 0
360	71	1 1 1 1 1 0 0 1 0 0 0 0 0 0 0 0
360	1	1 1 1 1 0 0 1 0 0 0 0 0 0 0 0 0
360	7	1 1 1 0 1 0 0 0 0 0 0 1 0 0 0 0
360	37	1 1 1 1 1 0 1 0 1 0 0 0 0 0 0 0
360	1	1 1 1 1 1 0 0 0 1 0 0 1 0 0 0 1
360	40	1 1 1 1 0 0 1 1 0 0 0 0 0 0 0 0
360	5	1 1 1 1 1 0 0 0 1 0 0 0 0 0 0 1
360	18	1 0 1 1 1 0 0 1 0 0 0 0 0 0 0 0
360	9	0 1 1 1 1 0 0 0 1 0 0 0 0 0 0 0
360	8	1 1 1 1 1 0 1 0 1 0 0 0 0 0 1 0
360	13	1 1 0 1 1 0 0 0 1 0 0 0 0 0 0 0
360	4	1 1 0 1 1 0 0 0 1 0 0 1 0 0 0 0
360	5	1 1 1 1 1 0 0 0 1 0 0 0 0 1 0 0
360	2	1 1 0 1 1 0 0 1 0 0 0 0 0 0 0 0
360	18	1 1 1 1 0 0 0 0 1 0 0 1 0 0 0 0
360	4	1 0 1 1 1 0 0 0 1 0 0 0 0 0 0 0
360	12	1 1 1 1 0 0 0 0 0 0 0 0 1 0 0 0
360	16	1 1 1 1 1 1 0 1 1 0 0 0 0 0 0 0
360	10	1 0 0 1 1 0 0 0 1 0 0 1 0 0 0 0
360	3	1 1 0 1 1 0 0 0 1 1 0 0 0 0 0 0
360	7	1 1 1 1 1 0 1 0 1 0 0 0 0 0 0 1
360	13	1 1 1 0 1 0 0 0 1 0 0 0 0 0 0 0
360	1	1 1 1 1 1 0 0 0 1 0 0 0 0 0 1 0
360	2	1 1 1 1 1 0 0 1 0 0 0 0 0 0 1 0
360	21	1 1 1 0 0 0 0 0 0 0 0 0 0 0 0 0
360	2	1 1 1 1 1 0 1 0 1 0 1 0 0 0 0 0
360	2	1 1 1 0 1 0 0 0 0 0 0 0 0 0 0 0
360	3	1 1 1 1 1 0 0 0 1 0 0 0 1 0 0 0
360	1	1 0 1 1 1 0 0 0 0 0 0 0 0 0 0 0
360	1	1 1 1 1 1 1 1 0 1 0 0 1 0 0 0 0
360	4	1 1 1 1 0 0 1 1 0 0 0 0 0 1 0 0
360	3	1 1 1 1 0 0 1 0 1 0 0 1 0 0 0 0
360	3	1 1 1 1 1 0 0 0 0 0 0 0 1 0 0 0
360	7	1 0 1 1 1 0 0 0 0 0 0 0 0 0 0 1
360	4	0 1 1 1 1 0 1 0 1 0 0 1 0 0 0 0
360	2	1 1 1 1 1 1 0 0 1 0 0 0 0 0 0 0
360	2	1 1 1 1 1 0 0 0 1 0 1 0 0 0 0 0
360	6	1 1 1 1 1 0 0 0 0 0 1 0 0 0 0 0
360	1	1 0 1 0 1 0 0 0 0 0 0 1 0 0 0 0
360	2	1 0 1 1 1 0 0 0 1 0 0 1 0 0 0 0
360	2	1 1 1 0 1 0 0 0 1 0 0 1 0 0 0 0
360	1	1 1 1 1 0 1 0 1 0 0 0 0 0 0 0 0
360	2	1 0 1 1 1 0 0 0 1 1 0 0 0 0 0 0
360	1	1 1 1 1 1 0 0 0 1 0 0 0 0 0 1 1
360	2	1 1 0 0 1 0 0 1 1 1 0 0 0 0 0 0
360	2	1 1 1 1 1 0 0 0 0 0 0 0 0 0 1 0
360	1	1 1 1 1 1 0 0 1 1 1 0 1 0 0 1 0
380	213	1 1 1 1 1 0 0 0 1 0 0 0 0 0 0 0
380	12	1 1 1 1 1 0 0 0 1 0 0 1 0 0 0 0
380	77	1 1 1 1 1 0 0 0 0 0 0 0 0 0 0 0
380	1	1 1 1 1 0 0 0 0 0 0 0 0 0 0 0 0
380	45	1 1 1 1 1 0 1 0 0 0 0 0 0 0 0 0
380	44	1 1 1 1 1 0 0 1 1 0 0 0 0 0 0 0
380	70	1 1 1 1 0 0 0 1 0 0 0 0 0 0 0 0
380	18	1 1 1 1 1 0 0 0 0 0 0 0 0 0 0 1
380	4	1 1 1 1 1 0 1 0 1 0 0 1 0 0 0 0
380	100	1 1 1 1 0 0 0 0 1 0 0 0 0 0 0 0
380	32	1 1 1 1 1 0 0 0 1 1 0 0 0 0 0 0
380	34	1 1 1 1 1 0 0 1 0 0 0 0 0 0 0 0
380	29	1 1 1 1 0 0 1 1 0 0 0 0 0 0 0 0
380	26	1 1 1 1 1 0 1 0 1 0 0 0 0 0 1 0
380	3	1 1 0 1 1 0 0 0 1 0 0 0 0 0 0 0
380	13	1 1 0 1 1 0 0 0 1 0 0 1 0 0 0 0
380	6	1 1 1 1 0 0 0 0 1 0 0 1 0 0 0 0
380	1	1 0 0 1 1 0 0 0 1 0 0 1 0 0 0 0
380	3	1 1 1 1 1 0 0 1 0 0 0 0 0 0 1 0
380	26	1 1 1 0 0 0 0 0 0 0 0 0 0 0 0 0
380	2	0 1 1 1 1 0 1 0 1 0 0 1 0 0 0 0
380	25	1 0 1 1 1 0 1 0 1 0 0 1 0 0 0 0
380	2	1 1 1 1 1 0 0 0 0 0 0 1 0 0 0 1
380	7	0 1 1 1 1 1 0 0 1 0 0 0 0 0 0 0
380	3	1 1 1 1 1 1 0 1 0 0 0 0 0 0 0 0
380	7	1 1 1 1 0 0 1 1 1 0 0 0 0 0 0 0
380	8	1 1 1 1 1 0 0 0 0 0 1 0 0 1 0 0
380	2	1 1 1 0 1 0 0 0 0 0 0 0 0 0 0 1
380	3	1 1 1 0 1 0 1 0 0 0 0 1 0 0 0 0
380	34	1 1 0 0 1 0 0 0 1 0 0 1 0 0 0 0
380	1	1 1 1 1 1 0 0 1 1 0 0 0 0 1 0 0
380	2	1 1 1 1 1 0 0 0 0 0 0 0 0 0 1 0
380	22	1 1 1 1 1 1 0 0 0 0 0 0 0 0 0 0
380	11	1 0 1 1 1 0 0 0 1 0 0 0 0 0 0 0
380	6	1 1 1 1 1 0 0 0 1 0 1 0 0 0 0 0
380	6	0 1 1 1 1 0 0 1 0 1 0 0 0 0 0 0
380	6	0 1 1 1 0 0 1 1 1 0 0 0 0 0 0 0
380	5	1 1 1 0 0 0 0 0 1 0 0 0 0 0 0 0
380	8	1 1 0 1 1 0 0 0 1 0 0 0 0 0 0 1
380	1	1 1 1 1 1 1 0 0 1 0 0 0 0 0 0 0
380	6	1 1 1 1 0 0 0 0 1 0 0 0 0 0 1 0
380	5	1 1 1 1 1 0 0 0 1 0 0 1 0 1 0 0
380	12	1 0 1 1 1 0 1 0 1 0 0 0 0 0 0 0
380	1	1 1 1 1 1 0 0 0 1 0 0 1 0 0 0 1
380	5	1 1 1 0 1 0 0 0 0 0 0 0 0 0 0 0
380	1	0 1 1 1 0 0 0 0 1 0 0 0 0 0 0 0
380	3	1 1 1 1 1 0 1 0 0 1 0 0 0 0 0 0
380	2	1 1 1 1 0 0 0 1 0 0 0 0 0 0 1 0
380	7	1 1 0 0 1 0 0 0 0 0 0 0 0 0 0 1
380	3	0 1 1 1 1 1 0 1 0 1 0 0 0 0 0 0
380	1	1 1 1 1 1 0 1 0 0 0 0 1 0 0 0 0
380	5	1 1 1 1 0 0 0 0 1 0 0 0 1 0 0 0
380	3	1 1 1 1 0 0 1 0 1 0 0 1 0 0 0 0
380	4	1 1 1 0 1 0 1 1 0 0 0 0 0 0 0 0
380	1	1 1 1 0 0 0 1 0 1 0 0 1 0 0 0 0
380	3	0 1 1 1 0 0 0 1 0 0 0 0 0 0 0 0
380	1	0 1 1 1 1 0 0 0 0 0 0 0 0 0 0 0
380	1	1 1 1 1 0 1 0 0 1 0 0 0 0 0 0 0
380	1	1 1 1 1 0 0 1 1 0 0 1 0 0 0 0 0
380	1	1 0 0 1 1 0 1 0 1 0 0 1 0 0 0 0
380	3	1 1 0 1 1 0 0 0 0 0 0 0 0 0 0 1
380	1	0 1 1 1 0 0 0 0 1 1 0 0 0 0 0 0
380	2	1 1 1 0 0 0 0 0 0 0 0 0 0 0 0 1
380	2	1 1 1 0 0 0 0 0 0 0 0 0 0 0 1 0
380	2	0 1 1 0 0 0 0 0 0 0 0 0 0 0 0 0
380	2	1 1 1 1 1 0 1 0 0 0 0 0 0 0 1 0
380	1	1 1 1 1 0 0 1 0 0 0 0 0 0 0 0 0
380	2	1 1 0 1 0 0 0 0 1 0 0 0 0 0 0 0
380	1	1 1 1 0 0 0 0 0 1 0 1 0 0 0 0 0
400	218	1 1 1 1 1 0 0 0 1 0 0 0 0 0 0 0
400	5	1 1 1 1 1 0 0 0 1 0 0 1 0 0 0 0
400	3	1 1 1 1 1 0 0 0 0 0 0 0 0 0 0 0
400	45	1 1 1 1 1 0 1 0 0 0 0 0 0 0 0 0
400	58	1 1 1 1 1 0 0 1 1 0 0 0 0 0 0 0
400	65	1 1 1 1 0 0 0 1 0 0 0 0 0 0 0 0
400	14	1 1 1 1 1 0 0 0 0 0 0 0 0 0 0 1
400	113	1 1 1 1 0 0 0 0 1 0 0 0 0 0 0 0
400	31	1 1 1 1 1 0 0 0 1 1 0 0 0 0 0 0
400	30	1 1 1 1 1 0 0 1 0 0 0 0 0 0 0 0
400	17	1 1 1 1 0 0 1 1 0 0 0 0 0 0 0 0
400	5	1 1 1 1 1 0 1 0 1 0 0 0 0 0 1 0
400	25	1 1 1 0 0 0 0 0 0 0 0 0 0 0 0 0
400	3	0 1 1 1 1 0 1 0 1 0 0 1 0 0 0 0
400	2	1 0 1 1 1 0 1 0 1 0 0 1 0 0 0 0
400	22	1 1 1 1 0 0 1 1 1 0 0 0 0 0 0 0
400	10	1 1 0 0 1 0 0 0 1 0 0 1 0 0 0 0
400	30	1 1 1 1 1 1 0 0 0 0 0 0 0 0 0 0
400	6	1 0 1 1 1 0 0 0 1 0 0 0 0 0 0 0
400	2	1 1 1 0 0 0 0 0 1 0 0 0 0 0 0 0
400	14	1 1 1 1 1 1 0 0 1 0 0 0 0 0 0 0
400	1	1 0 1 1 1 0 1 0 1 0 0 0 0 0 0 0
400	3	1 1 1 0 1 0 0 0 0 0 0 0 0 0 0 0
400	8	0 1 1 1 0 0 0 0 1 0 0 0 0 0 0 0
400	11	1 1 1 1 0 1 0 0 1 0 0 0 0 0 0 0
400	16	1 1 0 1 1 0 0 0 0 0 0 0 0 0 0 1
400	6	0 1 1 1 0 0 0 0 1 1 0 0 0 0 0 0
400	4	1 1 1 1 1 0 1 0 0 0 0 0 0 0 1 0
400	7	0 1 1 1 1 0 0 1 0 0 0 0 0 0 0 0
400	21	1 1 1 0 1 0 0 0 1 0 0 0 0 0 0 0
400	2	1 1 1 1 0 0 0 0 0 0 0 0 0 0 0 0
400	1	1 1 1 1 1 1 0 0 0 0 0 0 0 0 0 1
400	15	1 1 1 1 1 0 1 0 1 0 0 0 0 0 0 0
400	2	1 1 1 1 0 1 1 1 0 0 0 1 0 0 0 0
400	2	1 1 1 0 0 0 0 0 0 0 0 0 1 0 1 0
400	10	1 1 1 1 0 0 0 0 1 1 0 0 0 0 0 0
400	2	1 1 1 0 1 1 0 0 1 0 0 1 0 0 0 0
400	6	1 1 1 1 1 0 0 0 1 0 0 0 0 0 0 1
400	7	1 1 1 1 0 1 0 0 1 0 1 0 0 0 0 0
400	3	0 1 1 1 1 0 0 0 1 0 0 0 0 0 0 0
400	1	1 1 1 1 1 0 1 0 0 0 1 0 0 0 0 0
400	1	1 1 1 1 1 0 1 0 1 1 0 0 0 0 0 0
400	6	1 1 1 1 0 0 1 1 0 0 0 0 1 0 0 0
400	30	1 1 1 1 1 0 0 0 0 0 0 1 0 0 0 0
400	7	1 1 1 1 1 0 0 1 1 0 0 0 1 0 0 0
400	2	1 1 1 1 1 1 0 1 0 0 0 0 0 0 0 1
400	4	1 1 0 1 1 0 0 0 0 0 0 0 0 0 0 0
400	2	1 1 1 1 0 0 0 0 1 0 0 0 0 0 1 0
400	2	0 1 1 1 1 0 1 0 1 0 0 0 0 0 0 0
400	2	1 1 1 1 0 1 1 0 1 0 0 0 1 0 0 0
400	2	1 1 1 1 0 0 0 0 1 0 0 1 0 0 0 0
400	9	1 0 1 1 1 0 1 0 0 0 0 1 0 0 0 0
400	3	1 1 1 1 0 0 0 0 1 0 1 0 0 0 0 0
400	5	1 1 0 1 0 0 0 0 0 0 0 0 0 0 0 1
400	5	1 1 1 0 0 0 0 0 1 0 0 1 0 0 0 0
400	3	0 1 1 1 0 0 0 0 0 0 0 0 0 0 0 0
400	8	1 1 1 1 1 0 0 1 1 0 0 0 0 0 1 0
400	2	1 1 1 1 0 0 0 1 0 0 0 1 0 0 0 0
400	11	1 1 1 1 1 1 0 0 0 0 0 1 0 0 0 0
400	3	1 1 1 1 1 0 0 0 1 0 0 0 1 0 0 0
400	3	1 1 1 1 1 0 0 1 1 0 0 1 0 0 0 0
400	2	1 1 1 0 1 1 0 0 1 0 0 0 0 0 0 0
400	4	1 1 1 0 1 0 1 0 1 0 0 0 0 0 0 0
400	4	1 1 1 0 0 0 0 0 0 0 0 0 1 0 0 0
400	2	1 1 1 1 0 0 1 1 1 0 0 1 0 0 0 0
400	1	1 1 1 1 0 1 0 0 1 0 1 0 0 0 1 0
400	3	1 1 1 1 0 0 1 0 1 0 0 0 0 0 0 0
400	1	1 1 1 1 0 0 1 1 0 0 0 1 0 0 0 0
400	1	1 1 0 1 0 0 0 1 0 0 0 0 0 0 1 0
400	4	1 1 1 1 1 0 0 0 1 0 0 0 0 1 0 0
400	6	1 1 1 1 0 0 0 0 1 0 0 0 0 0 0 1
400	1	1 1 1 1 1 0 0 0 1 1 1 0 0 0 0 0
400	1	1 1 1 1 1 0 0 0 1 0 0 0 0 0 1 0
400	1	1 1 1 1 1 0 0 0 1 1 0 0 0 0 1 0
400	1	1 1 1 1 1 0 0 0 1 1 0 0 0 1 0 0
400	4	1 1 1 1 1 1 0 0 1 0 1 0 0 0 0 0
400	1	1 1 1 0 1 0 0 0 1 1 0 0 0 0 0 0
400	1	1 1 0 1 1 0 1 0 0 0 0 0 0 0 0 0
400	1	1 1 1 1 1 0 0 1 1 1 0 0 0 0 0 0
400	1	1 1 1 1 0 0 0 0 1 0 0 0 1 0 0 0
400	2	1 1 1 1 1 0 1 1 1 0 0 0 0 0 1 0
400	2	1 1 1 1 1 0 0 1 1 0 1 1 0 0 0 0
