0	250	0 0 0 0 1 0 1 1 1 0 0 0 0 0 0 0
0	250	0 0 0 0 0 1 0 0 0 0 0 1 0 0 0 1
0	250	0 0 0 0 0 0 0 0 1 0 0 1 1 1 0 0
0	250	0 0 0 1 0 1 0 0 0 0 0 1 0 1 0 1
8	133	0 0 0 0 1 0 1 1 1 0 0 0 0 0 0 0
8	270	0 0 0 0 0 1 0 0 0 0 0 1 0 0 0 1
8	225	0 0 0 0 0 0 0 0 1 0 0 1 1 1 0 0
8	183	0 0 0 1 0 1 0 0 0 0 0 1 0 1 0 1
8	6	0 0 0 0 0 1 0 0 0 0 0 1 0 1 0 1
8	11	0 0 0 0 0 0 0 0 1 0 0 1 1 1 0 1
8	10	0 0 0 1 0 1 0 0 0 0 0 1 1 1 0 0
8	1	0 0 0 0 0 0 0 0 0 0 0 1 1 1 0 0
8	5	0 0 0 1 0 1 1 0 0 0 0 1 0 1 0 1
8	12	0 0 0 0 1 0 1 0 0 0 0 1 0 0 0 1
8	7	0 0 0 0 0 0 0 0 0 0 0 1 0 0 0 1
8	10	0 0 0 1 0 1 0 0 0 0 0 1 0 0 0 1
8	4	0 0 0 1 1 0 1 1 1 0 0 0 0 0 0 0
8	10	0 0 1 0 0 0 0 0 1 0 0 1 1 1 0 1
8	12	0 0 0 0 0 0 0 0 1 0 0 1 0 0 0 1
8	2	0 0 0 0 1 1 1 1 1 0 0 0 0 0 0 0
8	8	1 0 0 0 1 0 1 1 1 0 0 0 0 0 0 0
8	3	0 0 1 0 1 0 1 1 1 0 0 0 0 0 0 0
8	5	0 1 0 1 0 1 0 0 0 0 0 1 0 1 0 1
8	2	0 0 1 0 0 1 0 0 0 0 0 1 0 0 0 1
8	2	0 0 0 0 1 0 1 1 1 0 0 1 1 1 0 0
8	4	0 0 0 0 1 0 0 0 0 0 0 1 0 0 0 1
8	5	0 0 0 0 0 1 0 0 0 0 0 1 1 1 0 0
8	3	0 0 0 0 0 0 0 0 0 0 0 1 0 1 0 1
8	5	0 0 0 1 0 1 0 0 0 0 0 1 0 1 0 0
8	1	0 0 0 0 1 0 1 1 1 0 0 1 0 0 0 0
8	5	0 0 0 0 1 0 1 0 1 0 0 0 0 0 0 0
8	8	0 0 0 0 1 0 1 1 1 0 0 0 0 0 0 1
8	3	1 0 0 0 0 1 0 0 0 0 0 1 0 0 0 1
8	1	0 0 0 0 0 1 0 0 0 1 0 1 0 0 0 1
8	2	0 0 0 0 1 0 1 1 1 0 0 1 0 0 0 1
8	3	0 0 0 0 0 1 0 0 0 0 0 0 0 0 0 0
8	4	0 0 0 0 0 1 0 0 0 0 0 1 0 0 0 0
8	2	0 0 0 1 0 1 0 0 0 0 0 0 0 0 0 0
8	4	0 0 1 0 0 0 0 0 1 0 0 1 0 0 0 1
8	1	0 0 0 0 0 1 0 0 0 0 0 1 0 0 1 1
8	4	0 0 0 0 0 1 0 0 1 0 0 1 0 0 0 1
8	2	0 0 0 1 0 1 0 0 0 1 0 1 0 1 0 0
8	4	0 0 0 0 0 0 0 0 1 0 0 1 0 1 0 0
8	2	0 0 0 0 0 0 0 0 1 0 0 1 0 1 0 1
8	3	0 0 1 0 0 0 0 0 1 0 0 1 1 0 0 1
8	4	0 0 0 0 0 1 0 0 0 0 1 1 0 0 0 1
8	2	0 0 0 0 0 0 0 0 1 1 0 1 1 0 0 0
8	1	0 0 0 1 0 1 0 0 1 0 0 1 1 0 0 1
8	4	0 0 0 0 0 0 0 0 1 0 0 0 1 1 0 0
8	1	0 0 0 0 0 1 1 0 0 0 0 1 0 1 0 1
8	1	1 0 0 0 0 0 0 0 1 0 0 1 0 0 0 1
45	29	0 0 0 0 1 0 1 1 1 0 0 0 0 0 0 0
45	152	0 0 0 0 0 1 0 0 0 0 0 1 0 0 0 1
45	91	0 0 0 0 0 0 0 0 1 0 0 1 1 1 0 0
45	59	0 0 0 1 0 1 0 0 0 0 0 1 0 1 0 1
45	12	0 0 0 0 0 1 0 0 0 0 0 1 0 1 0 1
45	12	0 0 0 0 1 0 1 0 0 0 0 1 0 0 0 1
45	15	0 0 0 1 0 1 0 0 0 0 0 1 0 0 0 1
45	10	0 0 1 0 0 0 0 0 1 0 0 1 1 1 0 1
45	22	0 1 0 1 0 1 0 0 0 0 0 1 0 1 0 1
45	85	0 0 0 1 0 1 0 0 0 0 0 1 0 1 0 0
45	5	0 0 0 0 1 0 1 1 1 0 0 1 0 0 0 1
45	35	0 0 0 0 0 1 0 0 0 0 0 1 0 0 0 0
45	20	0 0 0 0 0 1 0 0 1 0 0 1 0 0 0 1
45	13	0 0 0 0 0 0 0 0 1 0 0 1 0 1 0 0
45	7	0 0 0 0 1 0 0 0 1 0 0 1 1 1 0 0
45	27	0 0 0 0 0 1 0 0 0 0 0 1 0 1 0 0
45	50	0 0 0 0 1 1 0 0 0 0 0 1 0 0 0 1
45	5	0 1 0 0 0 0 0 0 1 0 0 1 1 1 0 0
45	18	0 1 0 1 0 1 0 0 0 0 0 1 0 1 0 0
45	20	0 0 0 1 0 1 0 0 0 0 0 1 0 0 0 0
45	3	0 0 0 0 1 0 1 1 1 0 0 1 0 1 0 1
45	39	1 0 0 1 0 1 1 0 0 0 0 1 0 1 0 1
45	47	0 0 0 1 1 1 0 0 0 0 0 1 0 1 0 1
45	2	0 0 0 0 0 0 0 0 1 0 0 1 0 1 0 1
45	13	0 0 0 1 1 1 0 0 0 0 0 1 0 0 0 1
45	6	0 0 0 0 0 0 0 0 1 1 0 1 1 1 0 0
45	8	0 0 0 0 0 1 0 1 0 0 0 1 0 0 0 1
45	2	0 0 0 0 1 0 1 0 0 1 0 1 0 0 0 1
45	3	0 1 1 0 0 1 0 0 0 0 0 1 0 0 0 1
45	3	0 0 0 0 1 0 1 0 0 1 0 1 0 0 1 1
45	3	0 1 0 0 0 1 0 0 0 0 0 1 0 0 0 1
45	5	0 0 0 0 1 1 0 0 0 0 0 1 0 0 0 0
45	2	0 1 0 1 0 1 0 0 0 0 0 1 1 0 0 1
45	2	1 0 0 0 0 1 0 1 0 0 0 1 0 0 0 1
45	6	0 0 0 1 0 1 0 0 1 0 0 1 1 1 0 0
45	5	0 0 0 1 0 1 0 0 1 0 0 1 0 1 0 1
45	1	0 0 0 1 1 1 0 0 0 0 0 1 0 0 0 0
45	7	0 0 0 1 1 0 1 1 1 0 0 0 0 0 0 0
45	7	0 0 0 1 0 1 0 0 0 0 0 0 0 1 0 1
45	6	1 0 0 1 0 1 0 0 0 0 0 1 0 1 0 0
45	1	0 0 0 0 1 0 1 1 1 0 0 0 0 1 0 0
45	17	0 1 0 1 0 1 1 0 0 0 0 1 0 1 0 1
45	8	0 0 1 0 0 0 0 0 1 1 0 1 1 1 0 0
45	8	0 0 0 1 1 1 0 0 0 0 0 0 0 1 0 1
45	3	0 0 0 1 0 0 0 0 1 1 0 1 1 1 0 0
45	8	0 1 0 1 0 1 0 0 0 0 0 1 0 0 0 0
45	5	0 0 0 0 0 1 0 1 0 0 0 1 0 0 0 0
45	8	0 0 0 1 0 0 0 0 1 0 0 1 1 1 0 0
45	3	0 0 0 1 0 1 0 0 0 0 0 1 1 0 0 1
45	2	0 0 0 0 0 0 0 0 0 0 0 1 0 0 0 1
45	1	0 1 0 1 0 1 0 0 0 0 0 0 1 0 0 1
45	1	0 0 0 1 0 1 0 0 0 0 0 1 1 1 0 0
45	5	1 0 0 0 0 1 0 1 0 0 0 1 0 0 0 0
45	9	0 0 0 0 0 0 0 1 1 0 0 1 0 0 0 1
45	1	1 0 0 0 1 1 0 0 0 0 0 1 0 0 0 0
45	2	0 0 0 0 1 0 1 1 1 0 0 1 0 1 0 0
45	6	0 0 0 1 0 1 1 0 0 0 0 1 0 1 0 0
45	3	0 0 0 0 1 1 1 0 0 0 0 1 0 0 0 1
45	2	0 0 0 0 1 0 1 1 1 0 0 1 0 0 0 0
45	7	1 0 0 0 0 1 0 0 0 0 0 1 0 0 0 1
45	1	0 1 0 0 0 1 0 0 0 0 0 1 0 1 0 1
45	4	0 0 0 0 0 0 0 0 1 0 0 1 1 1 0 1
45	1	0 0 0 1 1 0 1 1 1 0 0 1 0 1 0 1
45	1	0 0 1 0 0 0 0 0 1 0 0 1 1 1 0 0
45	2	0 0 0 0 0 1 0 0 0 0 0 1 1 0 0 1
45	1	0 0 0 0 0 1 1 0 0 0 0 1 0 0 0 1
45	4	0 0 0 0 0 0 0 0 0 0 0 1 1 1 0 0
45	3	0 0 0 0 1 1 0 0 0 0 0 1 0 0 1 1
45	1	0 1 0 1 1 1 0 0 0 0 0 1 0 1 0 0
45	4	1 0 0 0 0 1 0 1 0 0 0 0 0 0 0 1
45	1	0 1 0 1 0 1 0 0 0 0 0 1 0 0 0 1
45	5	0 0 0 1 1 1 0 0 0 0 0 1 0 1 0 0
45	1	0 0 0 0 0 0 0 0 1 0 0 1 1 1 1 0
45	1	0 0 0 0 1 0 0 0 0 0 0 1 0 0 0 1
45	1	0 1 0 0 1 0 1 0 0 0 0 1 0 0 0 1
45	2	0 0 0 0 1 0 1 1 1 0 1 1 0 1 0 0
45	1	0 0 0 0 0 0 0 1 0 0 0 1 0 1 0 0
45	2	1 0 0 0 1 0 1 0 0 0 0 1 0 0 0 1
45	2	0 0 0 0 0 1 0 0 1 0 0 1 0 0 0 0
45	3	0 0 0 0 0 0 1 0 1 0 0 1 0 1 0 0
45	2	0 0 0 0 1 1 0 1 0 0 0 1 0 0 0 0
85	4	0 0 0 0 0 1 0 0 0 0 0 1 0 0 0 1
85	34	0 0 0 0 0 0 0 0 1 0 0 1 1 1 0 0
85	15	0 0 0 1 0 1 0 0 0 0 0 1 0 1 0 1
85	5	0 0 0 1 0 1 0 0 0 0 0 1 0 0 0 1
85	3	0 1 0 1 0 1 0 0 0 0 0 1 0 1 0 1
85	86	0 0 0 1 0 1 0 0 0 0 0 1 0 1 0 0
85	19	0 0 0 0 0 1 0 0 0 0 0 1 0 0 0 0
85	4	0 0 0 0 0 0 0 0 1 0 0 1 0 1 0 0
85	32	0 0 0 0 0 1 0 0 0 0 0 1 0 1 0 0
85	2	0 0 0 0 1 1 0 0 0 0 0 1 0 0 0 1
85	28	0 1 0 1 0 1 0 0 0 0 0 1 0 1 0 0
85	73	0 0 0 1 0 1 0 0 0 0 0 1 0 0 0 0
85	22	1 0 0 1 0 1 1 0 0 0 0 1 0 1 0 1
85	113	1 0 0 1 0 1 0 0 0 0 0 1 0 1 0 0
85	3	0 0 0 0 0 0 0 1 1 0 0 1 0 0 0 1
85	28	0 0 0 1 0 1 1 0 0 0 0 1 0 1 0 0
85	10	0 1 0 0 1 0 1 0 0 0 0 1 0 0 0 1
85	43	0 0 1 0 0 1 0 0 0 0 0 1 0 0 0 0
85	31	0 0 0 0 1 1 0 0 0 0 0 1 1 0 0 1
85	1	0 0 0 0 0 0 0 1 1 0 0 1 0 1 0 0
85	32	0 1 0 1 0 1 0 0 0 0 0 1 0 0 0 0
85	47	1 0 1 1 0 1 1 0 0 0 0 1 0 1 0 1
85	23	0 0 0 0 1 0 0 0 0 0 0 1 0 0 0 1
85	2	0 0 0 0 1 1 1 0 0 0 0 1 0 1 0 0
85	9	0 0 1 1 1 1 0 0 0 0 0 1 0 0 1 1
85	5	0 1 0 1 0 1 0 0 0 0 0 0 0 1 0 1
85	21	0 0 1 1 0 1 0 0 0 0 0 1 0 1 0 0
85	16	0 0 0 1 1 1 0 0 1 0 0 1 0 1 0 1
85	3	0 0 0 1 0 0 0 0 1 0 1 1 1 1 0 0
85	3	1 0 0 1 0 0 1 0 0 0 0 1 0 1 0 1
85	8	0 0 0 0 0 1 0 1 0 0 1 1 0 0 0 0
85	4	0 0 0 1 0 1 0 0 0 0 0 0 0 0 0 0
85	6	1 0 0 1 0 1 1 0 0 0 0 1 0 1 0 0
85	3	0 0 0 1 0 1 1 0 0 0 0 1 0 0 0 0
85	16	0 0 0 1 0 1 1 0 0 0 0 1 0 0 0 1
85	14	0 0 0 1 0 1 0 0 0 1 1 1 0 1 0 0
85	3	0 0 0 0 1 1 0 1 1 0 0 1 0 0 0 1
85	8	0 0 0 1 0 1 0 0 0 1 0 1 0 0 0 1
85	3	0 0 1 0 0 1 0 0 0 0 0 1 0 1 0 0
85	5	0 0 1 1 1 1 0 0 0 0 0 1 0 1 1 1
85	14	1 0 1 1 0 1 1 0 0 0 1 1 0 1 0 1
85	4	0 0 0 0 0 0 1 0 1 0 0 1 1 1 0 0
85	9	0 0 0 0 0 1 0 0 0 0 1 1 0 0 0 0
85	13	0 0 0 0 0 1 1 0 0 0 0 1 0 1 0 0
85	2	1 0 0 1 0 0 1 0 1 0 0 1 0 1 0 1
85	21	1 0 1 1 0 1 1 0 0 0 0 1 0 0 0 1
85	10	0 0 1 1 0 1 1 0 0 0 0 1 0 1 0 1
85	4	0 1 0 1 1 1 0 0 0 0 0 1 0 1 0 1
85	1	0 0 0 0 0 1 0 0 0 1 0 1 0 1 0 0
85	5	0 1 0 0 1 0 1 0 1 0 0 1 0 0 0 1
85	8	1 0 0 0 0 1 0 1 1 0 0 1 0 0 0 1
85	2	0 0 0 0 0 0 0 0 1 0 0 1 0 1 0 1
85	5	0 0 1 0 0 0 0 0 1 0 1 1 1 0 0 0
85	1	0 0 0 1 0 1 0 0 1 0 0 1 0 0 0 1
85	1	0 0 0 0 1 0 0 0 0 1 0 1 0 0 0 1
85	4	0 0 1 1 0 1 0 0 0 0 0 1 0 1 0 1
85	2	0 0 0 0 0 0 0 0 1 0 0 1 0 0 0 0
85	4	0 0 1 1 1 1 0 1 0 0 0 1 0 1 1 1
85	2	1 0 0 1 0 1 0 0 0 0 0 1 0 1 0 1
85	7	1 1 0 1 0 1 0 0 0 0 0 1 0 1 0 0
85	3	0 0 1 0 0 1 0 0 0 0 0 1 0 0 0 1
85	3	1 0 1 1 0 1 1 1 0 0 0 1 0 1 0 0
85	8	0 1 0 0 1 0 1 0 1 0 0 1 0 0 0 0
85	2	0 0 0 0 0 0 1 0 1 0 0 1 0 1 0 1
85	1	0 0 1 0 0 1 0 0 0 0 0 1 0 1 0 1
85	6	0 0 1 0 0 1 0 1 1 0 0 1 0 0 0 1
85	9	0 0 0 0 1 1 1 0 0 0 0 1 0 1 0 1
85	3	1 1 0 1 0 1 0 0 0 0 0 1 0 1 0 1
85	4	0 1 0 1 0 1 0 0 0 1 0 1 0 1 0 0
85	1	1 0 0 1 0 1 0 0 0 0 1 1 0 1 0 0
85	4	0 0 0 0 0 1 1 0 0 0 0 1 0 0 0 1
85	1	1 0 0 1 0 1 0 0 0 0 0 1 1 1 0 0
85	2	1 0 0 1 0 1 0 0 0 1 0 1 0 1 0 1
85	1	0 1 0 1 0 1 0 0 0 0 0 0 0 0 0 0
85	1	0 0 0 0 1 1 0 1 0 0 1 1 0 0 0 0
85	1	1 0 1 0 0 0 0 0 1 0 1 1 1 0 0 0
85	5	1 0 0 0 1 0 1 0 0 0 0 1 0 0 0 1
85	7	0 0 0 1 0 1 0 0 0 0 0 1 0 1 1 0
85	5	0 0 0 1 0 0 0 0 1 0 0 1 0 1 0 0
85	5	1 0 0 1 0 1 0 0 0 0 0 1 0 0 0 0
85	1	1 0 0 1 0 1 0 0 1 0 0 1 0 1 0 0
85	1	1 0 1 1 0 1 0 0 0 0 0 1 0 1 0 0
85	1	0 1 0 0 1 1 1 0 0 0 0 1 0 1 0 0
85	1	0 0 0 1 1 1 0 0 0 0 0 1 0 1 0 1
85	1	1 0 0 0 0 1 0 0 0 0 1 1 0 0 0 0
85	4	1 0 0 0 0 1 0 1 1 0 0 1 0 0 0 0
85	2	0 0 0 1 0 1 0 1 0 0 0 1 0 1 0 1
85	1	1 0 0 1 0 1 0 0 0 0 0 1 0 1 1 0
85	1	0 0 0 1 0 1 1 0 0 0 1 1 0 1 0 0
85	1	0 0 1 0 0 1 0 0 0 0 0 1 0 0 1 0
85	3	0 0 0 1 1 1 0 0 0 0 0 1 1 1 0 0
85	2	1 0 1 1 0 1 1 0 0 0 0 0 0 1 0 1
85	2	1 1 1 1 0 1 1 0 0 0 0 1 0 1 0 1
85	1	1 0 0 0 1 1 0 1 1 0 0 1 0 0 0 1
154	37	0 0 0 1 0 1 0 0 0 0 0 1 0 1 0 0
154	2	0 0 0 1 0 1 0 0 0 0 0 1 0 0 0 0
154	27	1 0 0 1 0 1 0 0 0 0 0 1 0 1 0 0
154	12	0 1 0 1 0 1 0 0 0 0 0 1 0 0 0 0
154	4	1 0 1 1 0 1 1 0 0 0 0 1 0 1 0 1
154	2	0 0 0 0 0 1 1 0 0 0 0 1 0 1 0 0
154	101	1 1 0 1 0 1 0 0 0 0 0 1 0 1 0 0
154	1	0 0 0 1 0 1 0 0 0 0 0 1 0 1 1 0
154	40	1 0 0 1 0 1 0 0 0 0 0 1 0 0 0 0
154	12	0 0 0 1 0 1 0 0 0 1 1 1 1 1 0 0
154	20	1 0 0 1 0 1 0 0 0 0 0 1 0 1 0 1
154	17	0 1 0 1 0 0 0 0 0 0 0 1 0 0 0 0
154	4	1 0 1 1 0 1 1 0 0 0 1 1 0 0 0 1
154	35	1 0 0 1 1 1 0 0 1 0 0 1 0 1 0 1
154	31	0 1 0 1 1 1 0 0 0 0 0 1 0 0 0 0
154	4	0 0 0 1 0 1 0 0 0 0 0 1 1 0 0 0
154	7	0 0 0 0 1 1 0 0 0 0 1 1 0 1 0 0
154	7	1 0 1 1 0 1 1 0 0 0 0 1 0 1 0 0
154	14	0 1 0 1 0 1 0 0 0 0 0 1 0 1 0 0
154	6	1 0 0 1 0 0 0 0 0 0 0 1 0 0 0 0
154	38	1 0 0 1 0 1 1 0 1 0 0 1 0 0 0 0
154	10	1 1 0 1 0 1 0 0 0 0 1 1 0 1 0 0
154	22	1 1 0 1 0 1 0 0 0 0 0 1 0 1 0 1
154	6	1 0 0 1 1 0 0 0 0 0 0 1 0 1 0 0
154	5	0 0 0 0 0 1 0 0 0 0 0 1 0 1 0 1
154	24	1 1 0 1 0 1 0 0 0 0 1 1 0 0 0 0
154	16	0 1 0 1 0 1 0 0 0 0 0 1 1 0 0 0
154	51	1 1 0 1 0 1 0 0 0 0 0 1 0 0 0 0
154	13	1 1 0 1 0 1 1 0 0 0 0 1 0 1 0 0
154	14	0 0 0 1 0 1 0 0 0 0 1 1 0 1 0 0
154	10	1 0 1 1 0 1 1 0 0 0 0 0 1 0 0 0
154	7	0 1 0 1 0 1 0 0 0 0 0 0 0 1 0 0
154	20	1 0 0 1 0 1 0 0 1 0 0 1 0 1 0 0
154	24	0 0 0 1 0 1 1 0 0 0 0 1 0 0 0 0
154	3	0 0 0 1 0 1 1 0 0 0 0 1 0 1 0 0
154	6	0 0 0 1 0 0 0 0 0 0 0 1 0 1 0 0
154	2	1 1 0 1 0 1 0 0 0 0 1 1 0 0 1 0
154	31	0 0 0 1 0 0 1 0 1 0 0 1 0 0 0 0
154	3	1 1 0 1 0 1 0 0 0 0 0 1 0 1 1 1
154	15	1 0 0 1 1 0 0 1 0 0 0 1 0 1 0 0
154	10	1 0 0 1 0 1 0 0 1 0 0 1 0 0 0 0
154	13	0 0 0 1 0 1 0 1 0 0 0 1 0 1 0 0
154	3	0 0 0 1 0 1 0 0 0 1 1 1 0 0 0 0
154	5	1 0 0 1 0 1 1 0 0 0 0 1 0 1 0 0
154	12	1 1 0 1 0 0 0 0 0 0 0 1 0 1 0 0
154	7	1 1 0 1 0 1 0 0 0 0 0 1 1 1 0 0
154	4	1 0 0 1 0 1 0 1 0 0 0 1 0 1 0 0
154	2	0 1 0 1 0 1 1 0 0 0 0 1 0 0 0 0
154	9	1 1 0 1 0 1 0 0 0 1 0 1 0 1 0 0
154	1	0 0 0 1 0 1 0 0 1 1 1 1 1 1 0 0
154	26	1 1 0 1 0 1 1 0 0 0 1 1 0 0 1 0
154	21	1 1 0 1 1 1 0 0 0 0 0 1 0 1 0 0
154	26	1 1 0 1 0 1 0 1 0 0 0 1 0 1 0 0
154	4	1 0 0 0 1 1 0 0 0 0 0 1 0 0 0 0
154	2	1 0 0 1 1 1 0 0 0 0 0 1 0 0 0 0
154	6	1 1 1 1 0 1 0 0 0 0 0 1 0 1 0 0
154	7	0 0 0 1 0 0 1 0 0 0 0 1 0 0 0 1
154	10	1 0 0 1 0 1 0 0 0 0 1 1 0 1 0 1
154	3	0 0 0 0 0 1 1 0 0 0 0 1 0 0 0 1
154	5	1 1 0 0 0 1 1 0 0 0 0 1 0 1 0 0
154	13	0 1 0 1 0 0 1 0 1 0 0 1 0 0 0 0
154	4	1 1 0 1 1 1 0 0 1 0 0 1 0 1 0 1
154	5	1 0 0 1 1 1 0 0 1 0 0 1 0 1 0 0
154	2	0 0 0 0 1 1 0 0 0 0 1 1 1 1 0 0
154	1	1 0 1 1 0 1 1 0 0 1 0 0 1 0 0 0
154	11	1 1 0 1 0 0 0 0 0 0 0 1 0 0 0 0
154	5	1 0 0 1 0 1 0 0 1 0 1 1 0 1 0 0
154	9	1 1 0 1 0 1 1 0 0 1 1 1 0 0 1 0
154	6	1 1 0 1 0 1 1 0 1 0 1 1 0 0 0 1
154	11	1 0 0 1 1 1 0 0 1 0 0 1 0 0 0 0
154	2	1 1 0 1 0 1 1 0 0 1 1 1 1 1 0 0
154	7	1 1 0 1 0 1 0 0 0 0 0 0 0 1 0 0
154	1	1 1 0 1 0 1 1 0 0 0 0 1 0 0 0 0
154	3	1 0 1 1 0 1 1 0 1 0 0 0 1 0 0 0
154	1	0 0 0 1 0 1 0 0 1 0 1 1 0 1 0 0
154	1	1 0 0 1 0 1 0 0 1 0 0 1 0 1 0 1
154	4	0 1 0 1 0 1 0 0 1 0 0 1 0 0 0 0
154	1	0 0 0 1 1 1 1 0 0 0 0 1 0 1 0 0
154	2	0 1 0 1 0 0 1 0 0 0 0 1 0 0 0 0
154	1	1 1 0 0 0 1 0 0 0 0 0 0 0 1 0 0
154	2	0 1 0 1 0 1 0 0 0 0 0 1 0 0 0 1
154	6	0 0 1 0 0 1 1 0 0 0 0 1 0 0 0 0
154	3	1 0 0 1 0 0 0 0 0 0 0 1 0 0 0 1
154	3	0 1 0 1 0 1 0 0 0 0 0 0 1 0 0 0
154	1	1 1 0 1 0 0 0 1 0 0 0 1 0 1 0 0
154	1	1 0 1 1 0 1 1 0 1 0 0 1 0 0 0 0
154	1	0 1 0 1 1 1 0 0 1 0 0 1 0 1 0 1
154	1	1 1 0 0 0 1 0 0 0 0 0 1 0 0 0 0
154	1	0 0 0 1 0 1 0 0 1 0 0 1 0 0 0 0
154	2	0 1 0 1 1 1 0 0 0 0 1 1 0 0 0 1
154	1	1 1 0 1 0 1 0 1 0 0 0 1 0 0 0 0
154	1	1 0 0 1 0 1 0 1 0 0 0 1 0 0 0 0
154	3	1 0 0 1 0 0 0 0 0 0 0 1 0 1 0 1
154	1	1 1 0 1 0 1 0 0 0 0 0 0 0 1 0 1
154	4	0 0 0 1 0 0 1 0 0 0 0 1 0 0 0 0
239	2	0 0 0 1 0 1 0 0 0 0 0 1 0 1 0 0
239	1	1 0 0 1 0 1 0 0 0 0 0 1 0 1 0 0
239	35	1 1 0 1 0 1 0 0 0 0 0 1 0 1 0 0
239	2	1 0 0 1 0 1 0 0 0 0 0 1 0 0 0 0
239	5	1 0 1 1 0 1 1 0 0 0 0 1 0 1 0 0
239	22	1 0 0 1 0 1 1 0 1 0 0 1 0 0 0 0
239	80	1 1 0 1 0 1 0 0 0 0 1 1 0 0 0 0
239	13	1 1 0 1 0 1 0 0 0 0 0 1 0 0 0 0
239	9	0 0 0 1 0 1 0 0 0 0 1 1 0 1 0 0
239	9	1 1 0 1 0 1 1 0 0 0 1 1 0 0 1 0
239	82	1 1 1 1 0 1 0 0 0 0 0 1 0 1 0 0
239	57	1 0 0 1 1 1 0 0 0 0 0 1 0 0 0 0
239	31	1 0 1 1 0 1 0 0 0 0 0 1 0 0 0 0
239	23	1 1 0 1 0 1 0 0 1 0 0 1 0 1 0 0
239	21	1 0 0 1 0 1 1 0 0 0 1 1 0 0 0 0
239	27	1 1 1 1 0 1 0 0 0 0 1 1 0 0 0 0
239	11	1 1 0 1 0 1 1 0 0 0 1 1 0 0 0 0
239	85	1 0 1 1 0 1 0 0 0 0 0 0 0 0 0 0
239	47	1 1 0 1 0 1 0 0 0 0 0 0 0 0 0 0
239	22	1 0 0 1 0 1 1 0 0 0 0 1 1 0 0 0
239	5	0 0 0 1 0 1 0 0 1 0 0 1 0 0 0 0
239	14	1 0 1 1 0 0 0 0 1 0 1 1 0 0 0 0
239	1	1 0 0 1 0 1 1 0 0 1 1 1 1 0 1 0
239	2	1 1 0 1 0 1 1 0 0 0 0 1 1 0 0 0
239	24	1 1 1 1 0 1 0 0 0 0 0 1 0 0 0 0
239	5	1 1 1 1 0 1 1 0 1 0 0 1 0 0 0 0
239	2	1 1 0 1 0 1 0 0 1 0 1 1 0 0 0 0
239	13	1 1 0 1 0 1 0 0 1 0 0 1 0 0 0 0
239	38	1 1 0 1 0 0 1 0 0 0 0 0 0 0 0 0
239	5	1 1 0 1 1 0 0 0 0 0 0 1 0 1 0 1
239	1	1 1 0 1 0 1 0 0 0 0 1 1 1 0 0 0
239	9	1 1 0 1 0 1 1 0 1 0 0 1 0 0 0 0
239	3	1 1 0 1 0 1 0 0 0 0 1 1 0 1 0 0
239	11	1 1 1 1 0 0 0 0 0 0 0 1 0 0 0 0
239	21	1 1 0 1 0 1 0 1 1 0 0 1 0 1 0 0
239	15	0 1 1 1 0 1 0 0 0 0 0 1 0 0 0 0
239	26	1 1 0 1 0 0 0 1 0 0 0 0 0 0 0 0
239	3	1 0 0 1 0 1 1 0 0 0 1 0 0 0 1 0
239	5	1 0 1 1 0 1 0 0 0 0 1 1 1 0 1 0
239	13	1 0 1 1 0 1 1 0 0 0 0 1 1 1 0 0
239	3	1 1 1 0 0 1 0 0 0 0 1 1 0 0 0 0
239	1	0 1 1 1 0 1 0 0 0 0 1 1 0 0 0 0
239	2	1 1 1 1 0 1 1 0 0 0 0 1 0 1 0 0
239	11	1 1 1 1 1 1 0 0 0 0 0 1 0 1 0 0
239	1	1 1 1 0 0 1 0 0 0 0 0 1 1 1 0 0
239	3	1 1 0 1 0 1 1 0 0 0 0 1 0 1 0 0
239	6	1 1 1 1 0 1 0 0 0 0 1 1 0 0 0 1
239	13	1 1 1 1 0 1 0 0 0 0 1 0 0 0 0 0
239	5	1 0 0 1 0 1 1 0 0 0 0 1 0 0 0 0
239	4	1 1 0 1 0 1 0 0 1 1 1 1 0 0 0 0
239	4	0 0 0 1 0 0 0 0 1 0 0 1 1 0 0 0
239	7	1 0 1 0 0 1 0 0 0 0 0 0 0 0 0 0
239	4	1 0 1 1 0 1 1 1 0 0 1 1 0 0 1 0
239	1	1 0 1 1 0 1 1 0 0 0 0 1 0 0 0 0
239	5	1 1 0 1 0 0 0 1 0 0 0 0 1 0 0 0
239	4	1 1 1 1 0 1 0 0 0 0 1 1 0 1 0 0
239	7	1 0 0 1 0 1 0 0 1 0 0 0 0 0 0 0
239	1	1 0 1 0 0 0 1 0 0 0 0 1 0 0 0 1
239	3	1 0 0 0 1 1 1 0 0 0 1 1 0 0 1 0
239	7	1 1 0 1 0 1 0 0 0 0 1 0 0 0 0 0
239	5	1 0 0 1 0 1 1 0 0 0 0 1 1 0 1 0
239	8	0 0 0 1 0 1 0 0 1 0 0 0 0 0 0 0
239	5	1 0 1 1 0 1 1 0 0 0 0 0 0 0 0 0
239	2	1 0 0 1 0 1 1 0 1 0 1 1 1 0 0 0
239	1	1 1 0 1 1 1 0 0 1 0 0 1 0 0 0 0
239	3	1 1 0 1 0 1 0 1 1 0 0 1 0 1 1 0
239	4	1 1 1 1 0 1 0 0 0 0 1 1 0 1 1 0
239	4	1 0 1 1 0 0 0 0 0 0 0 1 0 0 0 1
239	1	1 0 0 1 0 1 0 0 0 0 1 0 0 0 1 0
239	2	1 0 0 1 0 1 1 0 1 0 0 1 0 1 0 0
239	2	1 1 1 1 0 1 0 0 0 0 1 1 1 0 1 0
239	7	1 1 1 1 0 1 0 0 0 0 0 1 1 1 0 0
239	11	1 1 0 1 0 0 0 0 0 0 0 0 0 0 1 0
239	6	1 1 0 1 0 1 0 0 0 0 0 0 0 0 0 1
239	5	0 1 1 1 1 1 0 0 0 0 1 1 0 0 0 0
239	2	1 0 1 1 0 1 0 0 0 0 0 1 0 0 0 1
239	4	1 0 1 1 0 1 0 0 0 0 1 1 0 1 0 0
239	3	1 0 1 1 0 1 0 1 0 0 0 0 0 0 0 0
239	1	1 1 1 1 0 0 0 0 1 0 1 1 0 0 0 0
239	2	1 0 0 1 0 1 0 0 0 0 0 1 1 0 0 0
239	1	1 0 1 1 0 0 0 0 0 0 0 1 0 0 0 0
239	9	1 1 0 1 0 1 0 1 0 0 0 0 0 0 0 0
239	3	1 0 1 1 0 0 0 0 1 0 0 1 0 0 0 0
239	1	1 0 1 0 0 1 0 0 0 0 0 0 0 1 0 0
239	2	1 0 1 0 0 0 1 0 1 0 0 1 0 0 0 1
239	1	1 0 0 1 0 1 1 0 0 1 0 1 1 0 1 0
239	2	1 1 0 1 0 1 0 0 1 0 0 0 0 0 0 0
239	1	1 0 0 1 0 1 0 0 1 0 0 1 0 0 0 0
239	2	1 0 0 1 0 1 1 0 1 0 0 0 0 0 0 0
239	2	1 0 0 1 0 1 0 0 0 0 1 1 0 0 0 0
239	1	1 1 0 1 0 1 1 1 0 0 1 1 0 0 0 0
239	1	1 0 0 1 0 1 1 0 0 0 0 0 1 0 0 0
239	1	1 0 1 1 0 0 0 0 1 0 1 0 0 0 0 0
239	1	1 1 1 0 0 0 0 0 0 0 0 1 0 0 0 0
239	2	1 0 1 1 0 1 0 0 0 0 1 1 0 1 0 1
252	32	1 1 0 1 0 1 0 0 0 0 0 1 0 1 0 0
252	1	1 0 0 1 0 1 0 0 0 0 0 1 0 0 0 0
252	11	1 0 1 1 0 1 1 0 0 0 0 1 0 1 0 0
252	40	1 0 0 1 0 1 1 0 1 0 0 1 0 0 0 0
252	9	1 1 0 1 0 1 0 0 0 0 1 1 0 0 0 0
252	17	1 1 0 1 0 1 0 0 0 0 0 1 0 0 0 0
252	5	1 1 0 1 0 1 1 0 0 0 1 1 0 0 1 0
252	115	1 1 1 1 0 1 0 0 0 0 0 1 0 1 0 0
252	9	1 0 0 1 1 1 0 0 0 0 0 1 0 0 0 0
252	49	1 0 1 1 0 1 0 0 0 0 0 1 0 0 0 0
252	23	1 1 0 1 0 1 0 0 1 0 0 1 0 1 0 0
252	7	1 0 0 1 0 1 1 0 0 0 1 1 0 0 0 0
252	18	1 1 1 1 0 1 0 0 0 0 1 1 0 0 0 0
252	2	1 1 0 1 0 1 1 0 0 0 1 1 0 0 0 0
252	51	1 0 1 1 0 1 0 0 0 0 0 0 0 0 0 0
252	56	1 1 0 1 0 1 0 0 0 0 0 0 0 0 0 0
252	6	1 0 0 1 0 1 1 0 0 0 0 1 1 0 0 0
252	3	0 0 0 1 0 1 0 0 1 0 0 1 0 0 0 0
252	13	1 0 1 1 0 0 0 0 1 0 1 1 0 0 0 0
252	3	1 1 0 1 0 1 1 0 0 0 0 1 1 0 0 0
252	2	1 1 1 1 0 1 0 0 0 0 0 1 0 0 0 0
252	5	1 1 1 1 0 1 1 0 1 0 0 1 0 0 0 0
252	27	1 1 0 1 0 1 0 0 1 0 0 1 0 0 0 0
252	61	1 1 0 1 0 0 1 0 0 0 0 0 0 0 0 0
252	7	1 1 1 1 0 0 0 0 0 0 0 1 0 0 0 0
252	17	1 1 0 1 0 1 0 1 1 0 0 1 0 1 0 0
252	14	0 1 1 1 0 1 0 0 0 0 0 1 0 0 0 0
252	16	1 1 0 1 0 0 0 1 0 0 0 0 0 0 0 0
252	5	1 0 1 1 0 1 0 0 0 0 1 1 1 0 1 0
252	11	1 0 1 1 0 1 1 0 0 0 0 1 1 1 0 0
252	25	1 1 1 1 0 1 0 0 0 0 1 0 0 0 0 0
252	5	1 1 0 1 0 1 0 0 1 1 1 1 0 0 0 0
252	6	1 0 1 1 0 1 1 1 0 0 1 1 0 0 1 0
252	8	1 1 1 1 0 1 0 0 0 0 1 1 0 1 0 0
252	20	1 1 0 1 0 1 0 0 0 0 1 0 0 0 0 0
252	14	1 0 1 1 0 1 1 0 0 0 0 0 0 0 0 0
252	29	1 1 1 1 0 1 0 0 0 0 0 1 1 1 0 0
252	7	1 1 0 1 0 0 0 0 0 0 0 0 0 0 1 0
252	10	1 0 1 1 0 1 0 0 0 0 1 1 0 1 0 0
252	13	1 1 0 1 0 1 0 1 0 0 0 0 0 0 0 0
252	5	1 0 1 0 0 0 1 0 1 0 0 1 0 0 0 1
252	7	1 0 0 1 0 1 1 0 1 0 0 0 0 0 0 0
252	6	1 0 1 1 0 1 0 0 1 0 0 0 0 0 0 0
252	21	1 1 0 1 0 0 1 0 0 0 1 1 0 0 0 0
252	8	1 1 1 1 0 0 0 1 0 0 0 0 0 0 0 0
252	26	1 1 1 1 0 1 0 0 1 0 0 1 0 0 0 0
252	1	1 1 0 1 0 1 0 0 0 0 1 1 0 0 0 1
252	10	1 1 1 1 0 1 0 0 0 1 0 1 0 1 0 0
252	1	0 0 0 1 0 0 0 0 1 0 0 1 1 1 0 0
252	2	1 1 1 1 0 1 0 0 0 0 0 1 1 0 1 0
252	2	1 1 0 1 0 1 0 0 0 0 1 1 1 0 0 0
252	4	1 1 0 1 0 1 0 0 0 0 0 0 0 0 1 0
252	7	1 1 1 1 0 1 0 1 0 0 0 1 0 1 0 0
252	2	1 1 1 1 0 1 1 0 0 0 0 1 0 0 0 0
252	3	1 1 1 1 0 1 0 0 0 0 0 1 0 1 0 1
252	4	0 0 0 1 0 1 1 0 1 0 0 1 0 0 0 0
252	10	1 1 0 1 0 1 1 0 0 0 0 1 0 0 0 0
252	4	1 1 1 1 0 1 0 0 0 0 1 1 0 1 1 1
252	9	1 1 0 1 1 1 0 0 0 0 1 1 0 0 0 0
252	6	1 0 0 1 0 1 0 0 0 0 1 1 0 0 0 0
252	4	1 1 1 1 1 1 0 0 0 0 0 1 0 0 0 0
252	8	1 0 0 1 0 1 0 0 1 0 0 1 0 1 0 0
252	2	1 0 1 1 0 1 0 0 0 0 1 1 0 0 0 0
252	5	1 1 0 1 1 1 0 0 0 0 0 0 0 0 0 0
252	2	1 1 1 1 0 1 0 0 0 0 0 0 0 0 0 0
252	3	1 0 1 1 0 1 0 0 0 0 0 1 1 1 0 0
252	2	1 0 0 1 0 1 1 0 0 0 0 1 0 0 0 0
252	5	1 1 0 1 1 0 0 1 0 0 0 0 0 0 0 0
252	2	1 1 0 1 0 1 0 0 0 0 1 0 0 1 0 0
252	1	0 1 1 1 0 1 0 0 0 0 1 1 0 1 1 1
252	2	1 0 0 1 0 0 0 1 0 0 0 0 0 0 0 0
252	2	1 1 1 1 0 1 0 0 0 0 0 0 0 1 0 0
252	5	1 1 0 1 0 1 0 0 0 0 0 1 1 1 0 0
252	3	1 1 1 1 0 1 0 0 0 0 0 1 0 1 1 0
252	4	1 0 1 1 0 1 1 0 0 0 0 1 0 0 0 0
252	1	1 1 0 1 0 0 1 1 0 0 0 0 0 0 0 0
252	5	0 1 1 1 0 1 0 0 0 1 0 1 0 0 0 0
252	3	1 1 1 1 0 1 0 1 0 0 0 1 1 1 0 0
252	1	1 1 1 1 0 1 0 0 1 0 0 1 0 1 0 0
252	2	1 1 0 1 1 1 1 0 0 0 0 1 1 1 0 0
252	1	1 0 0 1 1 1 0 0 0 0 0 1 1 0 0 0
252	2	1 0 1 1 0 1 1 1 0 0 1 1 1 0 1 0
252	2	1 0 1 1 0 1 1 1 0 0 1 1 0 0 0 0
252	2	1 1 0 1 0 1 0 0 0 0 1 0 0 0 0 1
252	4	1 1 0 0 0 1 0 0 0 0 1 1 0 0 0 1
252	3	1 1 0 1 0 1 0 0 1 0 0 0 1 1 0 0
252	1	1 0 1 1 0 0 0 0 1 0 0 1 0 1 0 0
252	1	1 1 0 1 0 0 1 0 0 0 0 1 0 1 0 1
252	1	1 0 0 1 0 1 1 0 1 0 1 1 0 0 0 0
252	2	1 0 0 1 0 1 1 1 1 0 0 1 0 0 0 0
252	1	1 0 1 1 0 1 0 0 0 0 0 1 0 1 0 0
252	1	1 0 1 1 0 1 0 0 0 0 0 1 1 0 0 0
252	1	1 1 0 0 0 1 0 0 1 0 0 1 0 1 0 0
252	3	1 0 0 1 0 1 0 0 0 0 0 0 0 0 0 0
252	2	1 0 1 1 0 1 0 0 0 0 0 0 0 1 0 0
252	1	1 0 1 1 0 1 1 1 0 1 1 1 0 0 1 0
350	47	1 1 1 1 0 1 0 0 0 0 0 1 0 1 0 0
350	2	1 0 1 1 0 1 0 0 0 0 0 1 0 0 0 0
350	27	1 1 1 1 0 1 0 0 0 0 1 1 0 0 0 0
350	24	1 0 1 1 0 1 0 0 0 0 0 0 0 0 0 0
350	27	1 1 0 1 0 1 0 0 0 0 0 0 0 0 0 0
350	33	1 1 1 1 0 1 0 0 0 0 0 1 0 0 0 0
350	149	1 1 1 1 0 1 1 0 1 0 0 1 0 0 0 0
350	2	1 1 0 1 0 1 0 0 1 0 0 1 0 0 0 0
350	74	1 1 1 1 0 1 0 0 0 0 1 0 0 0 0 0
350	2	1 1 0 1 0 1 0 0 0 0 0 0 0 1 0 0
350	22	1 1 0 1 0 1 0 1 0 0 0 1 0 1 0 0
350	1	1 1 1 1 0 1 1 0 0 0 0 1 0 0 0 0
350	1	1 0 1 1 0 0 0 0 0 0 0 0 0 0 1 0
350	25	1 1 1 1 0 1 1 0 1 0 0 0 0 0 0 0
350	9	1 0 1 1 0 0 1 0 1 0 0 1 0 0 0 0
350	8	1 1 1 1 0 1 0 0 1 1 0 0 0 0 0 0
350	49	1 1 1 1 0 1 1 0 1 0 1 1 0 0 0 0
350	3	1 1 1 1 0 1 0 0 1 0 1 0 0 0 0 0
350	30	1 1 1 1 0 1 1 0 1 0 0 1 0 1 0 0
350	7	1 0 1 1 0 0 0 0 0 0 0 0 0 0 0 0
350	6	1 0 1 1 0 1 0 0 0 0 0 0 0 0 1 0
350	17	1 1 1 0 0 1 1 0 1 0 0 1 0 0 1 0
350	5	1 1 1 1 0 1 0 0 0 0 0 1 1 1 1 0
350	17	1 1 1 0 0 1 0 0 0 0 1 0 0 0 0 0
350	2	1 1 1 1 0 1 1 0 1 0 0 0 1 0 0 0
350	4	1 0 1 1 0 0 1 0 1 0 0 1 0 0 0 1
350	6	1 1 0 1 0 1 1 0 0 0 0 1 1 0 0 0
350	13	1 0 0 1 0 1 0 0 1 0 0 1 0 1 0 0
350	2	1 1 1 1 0 1 0 0 1 0 0 0 0 0 0 0
350	10	1 1 1 1 0 1 1 1 1 0 1 1 0 0 0 0
350	4	1 1 1 1 0 1 0 1 0 0 0 1 0 1 0 0
350	24	1 0 1 1 0 0 0 0 0 0 0 1 1 0 0 1
350	26	1 1 1 1 0 1 1 0 1 0 1 0 0 0 0 0
350	11	1 1 0 1 0 1 1 1 0 0 0 1 0 0 0 1
350	6	1 0 1 1 0 1 0 0 0 0 1 1 0 0 0 0
350	19	1 1 1 1 1 1 0 0 0 0 0 1 0 1 0 0
350	2	0 1 1 1 0 1 0 0 0 0 0 1 0 0 0 0
350	10	1 1 0 1 1 1 0 0 1 0 0 1 0 1 0 0
350	20	1 1 1 1 0 1 1 0 0 0 0 0 0 0 0 0
350	3	1 1 0 1 0 1 0 1 0 0 0 0 0 0 0 0
350	6	1 1 1 1 0 1 0 0 0 1 1 0 0 0 0 0
350	2	1 0 0 1 0 1 0 0 0 0 0 0 0 0 0 0
350	3	1 0 1 1 1 1 0 0 0 0 0 0 0 0 1 0
350	12	1 1 0 1 0 1 0 0 1 0 0 1 0 1 0 0
350	16	1 1 1 0 0 1 1 0 1 0 0 1 0 0 0 0
350	1	1 1 1 1 0 0 0 0 0 0 0 1 0 0 0 0
350	2	1 1 1 1 0 1 1 0 0 0 1 0 0 0 0 0
350	2	1 1 1 1 1 1 0 0 0 0 0 1 0 0 0 0
350	2	1 1 0 1 0 1 0 1 0 0 1 1 0 1 0 0
350	1	1 1 1 1 0 1 0 0 0 0 0 1 0 0 0 1
350	6	1 1 1 1 1 1 0 0 0 0 1 0 0 0 0 0
350	8	0 1 1 1 0 1 1 0 1 0 0 1 0 1 0 0
350	10	1 1 1 1 0 1 1 0 0 0 0 0 1 0 0 0
350	2	1 1 1 1 1 1 0 1 0 0 0 1 0 1 0 0
350	6	1 1 1 0 0 1 0 0 0 0 0 0 0 1 0 0
350	13	1 1 1 1 0 1 0 0 0 1 1 0 1 0 0 0
350	5	1 1 1 1 0 1 1 0 1 1 0 1 0 0 0 0
350	4	1 1 1 1 0 1 0 0 1 0 0 0 1 0 0 0
350	6	1 1 1 1 0 1 0 0 0 0 1 1 0 1 0 0
350	2	1 1 1 1 0 1 0 0 0 0 1 0 0 1 0 0
350	3	1 1 1 1 1 1 1 0 1 0 0 0 0 0 0 0
350	1	1 0 1 1 0 1 1 0 1 0 1 1 0 0 0 0
350	2	1 1 1 1 0 0 0 0 0 0 0 0 0 0 0 0
350	4	1 1 0 1 0 1 0 0 0 0 0 1 0 1 1 0
350	8	1 1 0 1 1 1 0 0 1 0 0 1 1 1 0 0
350	8	1 0 1 1 0 0 0 0 0 0 0 1 0 0 0 0
350	3	1 1 1 1 0 1 0 0 1 0 1 1 0 0 0 0
350	6	1 1 1 1 0 1 1 0 1 0 0 0 1 1 0 0
350	2	1 0 0 1 0 1 0 0 1 0 0 1 0 1 1 0
350	5	1 1 1 1 0 1 0 0 1 0 0 1 0 0 0 0
350	1	1 0 1 1 0 1 1 0 1 0 0 1 0 0 0 0
350	1	1 1 1 0 0 1 1 0 1 0 0 0 0 0 0 0
350	3	1 1 1 1 0 1 1 0 1 0 1 1 0 0 1 0
350	2	1 1 1 1 0 1 1 0 1 0 0 0 0 1 0 0
350	3	1 1 0 0 1 1 0 0 1 0 0 0 0 0 0 0
350	3	1 0 1 1 0 1 1 0 0 0 0 0 0 0 0 0
350	4	1 1 0 1 0 1 0 0 0 0 0 1 0 1 0 0
350	6	1 0 1 0 0 1 0 0 0 0 1 0 0 0 0 0
350	2	1 0 1 1 0 1 1 0 0 0 1 1 0 0 0 0
350	5	1 0 0 1 0 1 0 0 0 0 0 0 1 0 0 0
350	6	1 1 1 1 0 1 0 0 0 0 1 1 0 1 0 1
350	3	1 1 0 1 0 1 0 0 0 0 0 1 1 1 1 0
350	2	1 1 1 1 0 1 1 0 1 0 0 1 0 0 0 1
350	4	1 1 1 1 0 1 1 0 1 0 0 1 1 0 0 0
350	1	1 1 1 1 0 1 0 1 0 0 0 1 0 1 0 1
350	1	1 1 1 1 0 1 0 0 0 0 0 0 1 0 0 0
350	3	1 0 1 1 0 0 1 0 1 0 0 1 0 1 0 0
350	2	1 0 1 1 0 0 0 0 0 0 0 1 0 1 0 0
350	1	1 1 1 1 0 1 1 0 0 0 0 0 0 1 0 0
350	11	1 1 1 1 0 0 1 0 1 0 1 1 0 0 0 0
350	3	1 1 1 1 0 1 0 0 1 0 1 0 0 0 0 1
350	1	1 0 1 1 0 1 1 0 1 0 0 1 0 0 0 1
350	2	1 0 1 1 0 0 0 0 0 0 0 1 1 0 0 0
350	2	1 1 0 1 0 1 0 0 1 0 0 1 0 1 1 0
350	3	1 1 1 1 1 1 0 0 0 0 1 1 0 0 0 0
350	1	1 0 1 1 1 1 0 0 0 0 0 0 0 0 0 0
350	5	1 1 0 1 0 1 0 1 0 1 0 1 0 1 0 0
350	1	1 0 1 1 0 0 1 0 0 0 0 0 0 0 0 0
350	5	1 0 1 1 0 1 1 1 1 0 1 1 0 0 0 0
350	1	1 0 1 1 0 0 0 0 0 0 1 1 0 1 0 0
350	3	1 0 1 1 0 0 1 0 0 0 0 1 1 0 0 0
350	1	1 1 0 1 0 1 1 1 0 0 0 1 0 1 0 0
350	2	1 1 1 1 0 0 0 0 0 0 1 0 0 0 0 0
350	2	1 1 1 1 0 1 1 0 1 0 1 1 0 1 0 0
350	1	1 0 1 1 0 1 0 0 0 0 0 1 1 0 0 1
350	1	1 0 0 1 0 1 0 0 0 1 0 0 0 0 0 0
350	1	1 1 1 1 0 1 0 0 1 0 0 0 1 0 0 1
350	1	1 1 1 1 0 0 1 0 0 0 0 0 0 0 0 0
400	27	1 1 1 1 0 1 0 0 0 0 0 1 0 1 0 0
400	32	1 1 1 1 0 1 0 0 0 0 1 1 0 0 0 0
400	28	1 1 1 1 0 1 0 0 0 0 0 1 0 0 0 0
400	285	1 1 1 1 0 1 1 0 1 0 0 1 0 0 0 0
400	17	1 1 1 1 0 1 0 0 0 0 1 0 0 0 0 0
400	8	1 1 0 1 0 1 0 1 0 0 0 1 0 1 0 0
400	18	1 1 1 1 0 1 1 0 1 0 0 0 0 0 0 0
400	15	1 1 1 1 0 1 1 0 1 0 1 1 0 0 0 0
400	14	1 1 1 1 0 1 1 0 1 0 0 1 0 1 0 0
400	29	1 1 1 1 0 1 1 1 1 0 1 1 0 0 0 0
400	2	1 1 0 1 0 1 1 1 0 0 0 1 0 0 0 1
400	24	1 1 1 1 1 1 0 0 0 0 0 1 0 1 0 0
400	6	1 0 0 1 0 1 0 0 0 0 0 0 0 0 0 0
400	6	1 1 1 0 0 1 1 0 1 0 0 1 0 0 0 0
400	27	1 1 1 1 0 1 0 0 0 1 1 0 1 0 0 0
400	7	1 1 1 1 0 1 1 0 1 1 0 1 0 0 0 0
400	9	1 1 1 1 0 1 1 0 1 0 0 1 1 0 0 0
400	4	1 0 1 1 0 0 0 0 0 0 0 1 0 1 0 0
400	13	1 1 1 1 0 1 1 0 0 0 0 0 0 1 0 0
400	10	1 1 1 1 0 0 0 0 0 0 1 0 0 0 0 0
400	7	1 1 1 1 0 1 0 0 0 0 0 0 0 0 0 0
400	44	1 1 1 1 0 1 0 0 0 0 1 0 1 0 0 0
400	29	0 1 1 1 0 1 1 0 1 0 0 1 0 0 0 0
400	11	1 1 1 1 1 1 0 0 0 0 1 1 0 0 0 0
400	8	1 1 0 1 0 1 0 0 1 0 0 1 0 0 0 0
400	16	1 0 1 1 0 1 1 0 1 0 0 1 0 0 0 0
400	11	1 1 1 1 1 1 1 0 0 0 1 1 0 1 0 0
400	11	1 1 1 1 0 1 0 0 0 0 1 1 0 0 0 1
400	13	1 1 1 0 0 1 0 0 0 0 1 1 0 0 0 0
400	18	1 1 1 1 0 1 1 0 0 1 1 0 1 0 0 0
400	13	1 1 0 1 0 1 1 0 1 0 0 1 0 0 0 0
400	19	1 1 1 1 0 0 0 0 1 0 1 0 0 0 0 0
400	4	1 1 1 1 0 1 0 0 1 0 1 0 1 0 0 0
400	7	1 0 1 1 1 0 0 0 0 0 0 0 0 0 0 0
400	6	1 1 1 1 0 1 1 0 1 0 0 0 1 0 0 0
400	3	0 1 1 1 1 0 1 0 0 1 0 1 0 1 0 0
400	14	0 1 1 1 0 1 1 0 0 0 0 1 0 0 0 0
400	3	1 1 1 1 0 0 0 0 1 0 1 1 0 0 0 0
400	9	1 0 1 1 0 1 1 0 1 0 0 1 0 1 0 0
400	26	1 1 1 1 0 1 1 1 1 0 0 1 0 0 0 0
400	8	1 1 1 1 0 1 0 0 0 0 1 0 0 0 1 0
400	3	0 1 1 1 1 1 1 0 0 0 1 1 0 1 0 0
400	2	1 1 1 1 0 1 1 1 0 0 0 1 0 0 0 0
400	2	1 1 1 1 0 1 1 0 0 0 0 0 1 0 0 0
400	1	1 1 1 1 0 1 0 0 0 0 1 1 1 0 0 0
400	3	1 1 1 1 0 1 1 0 0 0 0 0 1 1 0 0
400	2	1 1 1 1 0 1 1 0 0 1 0 1 0 1 0 0
400	1	1 1 0 1 1 0 1 0 1 1 0 1 0 1 0 0
400	3	1 1 1 1 1 1 0 0 0 0 0 1 0 0 0 0
400	4	0 1 1 1 0 1 1 0 1 0 0 0 0 0 0 0
400	1	0 1 1 1 0 1 0 0 0 0 0 1 0 1 0 0
400	7	1 1 1 1 1 1 0 0 0 0 1 1 0 1 0 0
400	5	1 1 1 1 0 0 0 1 0 0 1 0 0 0 0 0
400	13	1 1 1 1 0 0 0 0 0 0 0 1 0 0 1 0
400	2	1 1 1 1 0 1 1 0 0 0 0 1 0 1 0 0
400	9	1 1 1 1 0 1 1 0 1 0 0 0 0 0 1 0
400	7	1 1 1 1 0 0 0 0 0 0 1 0 0 1 0 0
400	8	1 1 1 0 0 1 0 0 0 0 0 1 0 0 0 0
400	9	1 1 1 1 0 1 1 0 1 0 0 1 0 0 0 1
400	6	1 1 0 1 0 1 1 0 0 0 0 0 1 1 0 0
400	5	0 1 1 1 0 1 0 0 0 0 0 1 0 0 0 0
400	4	1 1 1 1 1 1 1 0 1 0 0 1 0 0 0 0
400	4	1 0 1 1 0 1 1 0 1 0 0 1 1 0 0 0
400	1	0 1 1 1 0 1 1 0 1 0 0 0 1 0 0 0
400	1	1 0 0 1 0 1 0 0 0 0 0 1 0 0 0 0
400	1	1 1 0 1 0 1 0 0 0 0 0 1 0 0 0 0
400	1	1 1 0 1 0 1 1 1 1 0 0 1 0 0 0 0
400	1	1 1 0 1 0 1 1 0 1 0 1 0 0 1 0 0
400	1	1 0 1 1 0 1 1 0 1 0 1 1 0 0 0 0
400	1	1 1 1 1 0 1 0 0 0 1 0 0 1 0 0 0
400	5	1 1 1 1 1 1 0 0 1 0 1 1 1 1 0 0
400	1	1 1 0 1 0 0 1 0 1 0 0 1 0 0 0 0
400	2	1 0 1 1 0 1 1 0 1 0 0 0 0 0 0 0
400	1	1 1 1 1 0 1 1 0 1 0 0 1 1 0 0 1
400	3	1 1 1 0 0 0 0 0 0 0 0 1 0 0 1 0
400	5	1 1 1 1 1 1 0 0 0 0 1 0 1 0 0 0
400	3	1 1 1 1 0 0 0 1 0 0 0 1 0 0 0 0
400	3	1 1 1 1 0 0 0 0 0 0 0 1 0 0 0 0
400	1	1 0 1 1 0 1 1 0 1 0 0 1 0 0 0 1
400	2	1 1 1 1 0 1 1 0 0 0 0 1 0 0 0 0
400	1	1 1 1 1 0 1 0 0 1 0 0 1 0 0 0 0
400	2	1 0 0 1 0 1 1 0 1 0 0 1 0 0 0 0
400	2	1 1 1 0 0 0 0 0 0 0 1 1 0 0 1 0
