0	17	1 0 0 1 1 0 0 0 0 0 0 0 0 1 1 0
0	14	1 1 0 0 0 0 0 0 1 0 1 1 0 0 1 0
0	12	0 0 0 0 0 0 0 1 0 0 0 0 0 1 0 0
0	7	0 0 1 0 0 0 0 0 0 0 0 0 1 0 0 1
10	6	1 0 0 1 1 0 0 0 0 0 0 0 0 1 1 0
10	11	1 1 0 0 0 0 0 0 1 0 1 1 0 0 1 0
10	7	0 0 0 0 0 0 0 1 0 0 0 0 0 1 0 0
10	12	0 0 1 0 0 0 0 0 0 0 0 0 1 0 0 1
10	1	0 0 0 0 0 0 0 0 1 0 1 1 0 0 1 0
10	1	1 1 0 0 0 0 0 0 0 0 0 0 0 1 1 0
10	1	0 0 0 0 0 0 0 0 0 0 0 0 1 0 0 1
10	1	0 0 0 1 1 0 0 0 0 0 0 0 0 1 1 0
10	1	1 0 0 1 1 0 0 0 0 0 0 0 1 1 1 0
10	2	0 0 0 1 0 0 0 0 1 0 1 1 0 0 1 0
10	1	1 1 0 0 0 0 0 0 1 0 1 1 0 0 0 1
10	2	1 1 0 0 0 0 0 0 0 0 1 1 0 0 1 0
10	1	1 1 0 0 0 0 0 0 1 0 1 1 0 0 1 1
10	1	0 0 1 0 0 0 0 0 0 1 0 0 1 0 0 1
10	1	1 0 1 0 0 0 1 0 0 0 0 0 1 0 0 1
10	1	1 0 1 1 1 0 0 0 0 0 0 0 1 0 0 0
20	2	1 0 0 1 1 0 0 0 0 0 0 0 0 1 1 0
20	16	1 1 0 0 0 0 0 0 1 0 1 1 0 0 1 0
20	3	0 0 0 0 0 0 0 1 0 0 0 0 0 1 0 0
20	3	0 0 1 0 0 0 0 0 0 0 0 0 1 0 0 1
20	1	1 1 0 1 1 0 0 0 0 0 0 0 0 1 1 0
20	1	0 1 0 1 1 0 0 0 0 0 0 0 0 1 1 0
20	3	1 0 0 1 1 0 1 0 0 0 0 0 0 1 1 0
20	1	1 1 0 0 0 0 0 0 1 0 1 1 0 0 0 0
20	2	1 0 0 1 1 0 0 0 0 0 0 0 1 0 0 0
20	1	1 1 0 0 0 0 0 0 0 0 0 0 1 0 0 1
20	1	1 1 1 0 0 0 0 0 1 0 1 1 0 0 1 0
20	1	1 0 1 0 0 0 1 0 0 0 0 0 1 0 0 1
20	1	0 0 0 0 0 0 0 1 0 0 0 0 0 1 1 0
20	1	1 0 1 0 0 0 0 0 1 1 1 1 0 0 1 0
20	1	1 1 0 0 0 0 0 0 1 0 1 1 1 0 1 0
20	1	1 1 0 0 0 0 0 0 1 0 1 1 0 1 1 0
20	2	1 1 0 0 0 1 0 0 1 0 1 1 0 0 0 0
20	2	1 0 0 1 1 0 0 0 0 1 0 0 1 1 1 0
20	1	1 0 0 1 1 0 0 0 1 0 1 1 0 0 1 0
20	1	1 1 0 0 0 0 0 0 0 0 0 0 0 0 0 1
20	1	0 0 1 1 1 0 0 0 0 0 0 0 1 0 0 0
20	2	1 1 0 0 0 0 0 0 0 0 0 0 1 0 0 0
20	1	1 0 1 1 1 0 0 0 0 0 0 0 0 0 0 1
20	1	1 1 1 1 0 0 0 0 0 0 0 0 1 0 0 1
30	19	1 1 0 0 0 0 0 0 1 0 1 1 0 0 1 0
30	1	0 0 0 0 0 0 0 1 0 0 0 0 0 1 0 0
30	4	0 0 1 0 0 0 0 0 0 0 0 0 1 0 0 1
30	1	1 1 0 0 0 0 0 0 1 0 1 1 0 0 0 0
30	1	1 1 0 0 0 0 0 0 1 0 1 0 1 0 0 1
30	1	1 1 0 0 0 0 0 0 1 0 1 0 0 0 1 0
30	2	1 0 0 1 1 0 0 0 0 0 0 0 1 0 0 0
30	1	0 1 0 0 0 0 0 0 1 0 1 1 0 0 1 0
30	1	1 0 1 1 1 0 0 0 0 0 0 0 0 1 0 1
30	2	1 0 1 0 0 0 0 0 1 1 1 1 0 0 1 0
30	1	1 0 1 1 1 0 0 0 0 0 0 0 1 0 0 0
30	3	1 1 0 0 0 0 0 0 1 0 1 1 0 1 1 0
30	1	1 0 0 1 1 0 0 0 0 1 0 0 1 1 1 0
30	1	1 1 0 0 0 0 0 0 1 0 1 1 0 1 0 0
30	1	0 0 1 0 0 0 0 0 0 1 0 0 1 0 0 1
30	2	1 0 0 1 1 0 0 0 1 0 0 0 1 0 1 0
30	1	1 1 0 0 0 0 0 0 1 0 1 1 0 0 0 1
30	1	0 0 1 0 0 0 0 0 1 0 0 0 0 1 0 0
30	1	1 1 0 0 0 0 0 0 1 0 0 1 0 0 1 0
30	3	0 0 1 0 0 0 0 0 0 0 0 0 1 0 0 0
30	1	1 1 0 0 0 0 0 0 1 0 1 1 1 0 0 1
30	1	1 0 0 1 1 0 0 0 1 0 0 0 1 0 0 0
40	14	1 1 0 0 0 0 0 0 1 0 1 1 0 0 1 0
40	5	0 0 1 0 0 0 0 0 0 0 0 0 1 0 0 1
40	4	1 1 0 0 0 0 0 0 1 0 1 1 0 0 0 0
40	1	1 0 0 1 1 0 0 0 0 0 0 0 1 0 0 0
40	2	0 1 0 0 0 0 0 0 1 0 1 1 0 0 1 0
40	1	1 0 1 0 0 0 0 0 0 0 0 0 1 0 0 0
40	2	1 1 1 0 0 0 0 0 1 0 1 1 0 0 1 0
40	1	1 0 1 0 0 0 0 0 1 1 1 1 0 0 1 0
40	2	1 0 1 1 1 0 0 0 0 0 0 0 1 0 0 0
40	2	1 1 0 0 0 1 0 0 1 0 1 1 0 0 0 0
40	2	1 1 1 0 0 0 0 0 0 0 0 0 1 0 0 1
40	1	0 0 1 0 0 0 0 0 0 1 0 0 1 0 0 1
40	1	1 1 0 0 0 0 0 0 1 0 0 1 0 0 1 0
40	2	1 1 0 0 0 0 0 0 1 0 1 0 0 0 0 1
40	1	1 1 0 0 0 0 0 0 1 0 1 1 1 0 0 1
40	1	1 0 1 1 1 0 0 0 1 0 1 1 0 0 0 0
40	1	1 1 0 0 0 0 0 0 1 0 0 1 0 0 0 0
40	1	1 1 1 0 0 0 0 0 0 0 0 0 1 0 0 0
40	2	1 1 0 0 0 0 0 0 0 1 1 1 0 0 0 0
40	2	1 0 1 1 1 0 0 0 0 0 0 0 0 0 0 0
40	1	1 1 1 0 0 1 0 0 1 0 1 0 0 0 0 0
40	1	1 1 0 0 0 1 0 0 1 0 1 0 0 0 0 1
50	11	1 1 0 0 0 0 0 0 1 0 1 1 0 0 1 0
50	3	0 0 1 0 0 0 0 0 0 0 0 0 1 0 0 1
50	6	1 1 0 0 0 0 0 0 1 0 1 1 0 0 0 0
50	1	0 0 1 0 0 0 0 0 0 0 0 0 0 0 0 1
50	1	1 1 1 0 0 0 0 0 1 0 1 1 0 0 1 0
50	1	1 0 1 0 0 0 0 0 1 1 1 1 0 0 1 0
50	1	1 1 1 0 0 0 0 0 0 0 0 0 1 0 0 1
50	4	1 1 0 0 0 0 0 0 1 0 1 1 0 1 0 0
50	1	1 1 0 0 0 0 0 0 1 0 0 1 0 0 1 0
50	1	1 1 0 0 0 0 0 0 1 0 1 1 0 0 1 1
50	1	1 0 1 1 1 0 0 0 1 0 1 1 0 0 0 0
50	1	1 1 0 0 0 0 0 0 1 1 1 1 0 0 1 0
50	1	1 0 1 0 0 1 0 0 0 0 0 0 1 1 0 0
50	1	1 1 0 0 0 0 0 0 1 0 0 1 0 0 0 0
50	2	1 1 0 0 0 1 0 0 1 0 1 0 0 0 0 0
50	1	1 0 1 1 1 0 0 0 0 0 0 0 0 0 0 0
50	2	0 0 0 0 0 0 0 0 0 0 0 0 1 0 0 1
50	3	1 1 1 1 1 0 0 0 0 0 0 0 0 1 0 1
50	1	1 1 1 0 0 1 0 0 1 0 1 0 0 0 0 0
50	1	1 1 0 0 0 1 0 0 1 0 1 0 0 0 0 1
50	1	1 0 1 0 0 0 0 0 1 0 1 1 0 0 1 0
50	1	1 1 0 1 0 0 0 0 1 0 1 1 0 1 0 0
50	1	1 0 1 0 1 0 0 0 0 0 0 0 0 1 0 1
50	1	1 1 1 1 0 0 0 0 1 0 1 1 0 0 1 0
50	1	1 1 0 0 1 0 0 0 1 0 1 1 0 0 0 0
50	1	1 1 1 0 0 0 0 0 1 0 1 1 0 1 1 0
60	17	1 1 0 0 0 0 0 0 1 0 1 1 0 0 1 0
60	1	1 1 0 0 0 0 0 0 1 0 1 1 0 0 0 0
60	1	1 1 0 0 0 0 0 0 1 0 1 0 1 0 0 1
60	2	1 1 0 1 0 0 0 0 1 0 1 1 0 0 1 0
60	2	0 1 0 0 0 0 0 0 1 0 1 1 0 0 1 0
60	3	1 1 1 0 0 0 0 0 1 0 1 1 0 0 1 0
60	2	1 1 0 0 0 0 0 0 1 0 1 1 1 0 1 0
60	3	1 1 0 0 0 0 0 0 1 0 1 1 0 1 0 0
60	1	1 1 0 0 0 1 0 0 1 0 1 0 0 0 0 0
60	3	1 1 1 1 1 0 0 0 0 0 0 0 0 1 0 1
60	4	1 1 0 0 0 1 0 0 1 0 1 0 0 0 0 1
60	1	1 1 1 0 0 0 0 0 1 0 1 1 0 0 0 0
60	1	1 1 0 1 0 0 0 0 1 0 1 1 0 1 0 0
60	2	1 1 0 0 0 0 0 0 0 1 1 1 0 0 0 1
60	1	0 0 1 0 0 0 0 1 0 0 0 0 1 0 0 1
60	1	1 1 0 0 0 0 0 0 1 0 1 1 0 0 0 1
60	1	1 1 1 0 0 0 0 0 1 0 1 1 0 1 1 0
60	1	1 0 1 0 0 0 0 0 1 0 0 1 0 0 1 0
60	2	1 1 0 1 1 0 0 0 1 0 0 1 0 0 0 0
60	1	1 1 1 1 1 0 0 0 0 0 0 0 0 1 0 0
70	5	1 1 0 0 0 0 0 0 1 0 1 1 0 0 1 0
70	4	1 1 0 0 0 0 0 0 1 0 1 1 0 0 0 0
70	1	0 0 1 0 0 0 0 0 0 0 0 0 0 0 0 1
70	7	1 1 1 0 0 0 0 0 1 0 1 1 0 0 1 0
70	1	1 1 1 0 0 0 0 0 0 0 0 0 1 0 0 1
70	1	1 1 0 0 0 0 0 0 1 0 1 1 0 1 0 0
70	1	1 0 1 0 0 1 0 0 0 0 0 0 1 1 0 0
70	1	1 1 0 0 0 1 0 0 1 0 1 0 0 0 0 0
70	1	1 1 1 1 1 0 0 0 0 0 0 0 0 1 0 1
70	1	1 1 0 0 1 1 0 0 1 0 1 1 0 0 0 0
70	1	1 1 1 0 0 0 0 0 1 0 1 1 0 0 0 0
70	1	1 1 0 0 0 0 0 0 0 1 1 1 0 0 0 1
70	3	1 1 0 0 0 0 0 0 1 1 1 1 0 0 0 0
70	1	1 1 0 0 0 0 0 0 1 0 1 0 0 0 0 0
70	1	1 0 1 1 0 0 0 0 1 0 1 1 0 1 0 0
70	2	1 1 0 0 0 1 0 0 1 0 1 1 0 0 1 0
70	2	1 1 1 0 0 0 0 0 1 0 1 1 0 1 1 0
70	2	1 0 1 0 0 0 0 0 1 0 0 1 0 0 1 0
70	1	1 0 0 0 0 0 0 0 1 0 1 1 0 0 1 0
70	2	1 1 0 1 1 0 0 0 1 0 0 1 0 0 0 0
70	1	1 1 1 1 1 0 0 0 0 0 0 0 0 1 0 0
70	2	1 1 1 1 1 0 0 0 0 1 1 1 0 0 0 1
70	1	1 1 0 1 0 1 0 0 1 0 1 0 0 0 0 1
70	1	0 0 0 0 0 0 0 1 0 0 0 0 1 0 0 0
70	1	1 1 1 1 1 0 0 0 0 0 0 0 0 1 1 0
70	1	1 1 1 0 0 0 0 0 1 1 1 1 0 0 1 0
70	1	1 1 0 0 0 1 0 0 0 1 1 1 0 0 1 1
70	1	1 1 1 1 1 0 0 0 0 0 0 0 0 0 0 1
70	1	1 1 1 0 0 1 0 0 1 0 1 1 0 0 1 0
70	1	1 1 0 0 0 0 0 0 1 0 1 0 0 0 1 0
80	4	1 1 0 0 0 0 0 0 1 0 1 1 0 0 1 0
80	3	1 1 0 0 0 0 0 0 1 0 1 1 0 0 0 0
80	2	1 0 1 1 1 0 0 0 0 0 0 0 0 1 0 1
80	2	1 1 1 0 0 0 0 0 1 0 1 1 0 0 1 0
80	1	1 1 0 0 0 0 0 0 1 0 1 1 0 1 0 0
80	1	1 0 1 0 0 1 0 0 0 0 0 0 1 1 0 0
80	2	1 1 0 0 0 1 0 0 1 0 1 0 0 0 0 0
80	1	1 1 0 0 1 0 0 0 1 0 1 1 0 0 1 0
80	2	1 1 1 1 1 0 0 0 0 0 0 0 0 1 0 1
80	1	1 1 0 0 1 1 0 0 1 0 1 1 0 0 0 0
80	2	1 1 0 0 0 0 0 0 0 1 1 1 0 0 0 1
80	3	1 1 0 0 0 0 0 0 1 1 1 1 0 0 0 0
80	1	1 1 0 0 0 0 0 0 1 0 1 0 0 0 0 0
80	1	1 0 1 1 0 0 0 0 1 0 1 1 0 1 0 0
80	2	1 1 0 0 0 0 0 0 1 0 1 1 0 0 0 1
80	1	1 1 0 0 0 1 0 0 1 0 1 1 0 0 1 0
80	2	1 1 1 0 0 0 0 0 1 0 1 1 0 1 1 0
80	1	1 0 1 0 0 0 0 0 1 0 0 1 0 0 1 0
80	1	0 0 1 0 0 0 0 0 1 0 1 1 0 1 0 0
80	2	1 1 0 0 0 0 0 1 1 0 1 1 0 0 1 0
80	1	1 1 1 1 1 0 0 0 0 0 0 0 0 1 0 0
80	1	1 1 1 1 1 0 0 0 0 1 1 1 0 0 0 1
80	1	1 1 1 0 0 1 0 0 0 1 1 1 0 0 0 0
80	4	1 1 0 1 0 0 0 0 1 0 1 1 0 0 0 0
80	2	1 1 0 0 0 0 0 0 1 1 1 1 0 0 0 1
80	1	1 1 1 1 1 0 0 0 0 0 0 0 0 0 1 0
80	1	1 1 0 0 1 0 0 0 0 0 0 0 0 1 0 1
80	1	1 1 1 0 0 0 0 0 1 1 1 1 0 1 1 0
80	1	1 1 1 1 1 0 0 0 1 0 1 0 0 0 0 0
80	2	1 1 1 1 1 0 0 0 1 0 1 1 0 0 1 0
90	4	1 1 0 0 0 0 0 0 1 0 1 1 0 0 0 0
90	2	1 1 1 0 0 0 0 0 1 0 1 1 0 0 1 0
90	3	1 1 0 0 0 0 0 0 1 0 0 1 0 0 1 0
90	2	1 1 0 0 0 1 0 0 1 0 1 0 0 0 0 0
90	1	1 1 1 1 1 0 0 0 0 0 0 0 0 1 0 1
90	1	1 1 0 0 0 0 0 0 1 1 1 1 0 0 0 0
90	5	1 1 1 0 0 0 0 0 1 0 1 1 0 1 1 0
90	2	1 1 0 0 0 0 0 1 1 0 1 1 0 0 1 0
90	1	1 1 1 0 0 0 0 0 0 0 1 1 0 0 1 0
90	3	1 1 1 1 1 0 0 0 0 0 0 0 0 0 0 0
90	4	1 1 0 0 0 0 0 0 1 1 1 1 0 0 0 1
90	1	1 1 1 1 1 0 0 0 0 0 0 0 0 0 1 0
90	1	1 0 1 1 0 0 0 0 1 0 1 0 0 0 1 0
90	1	1 1 1 0 0 0 0 0 1 1 1 1 0 0 0 0
90	1	1 1 0 1 1 0 0 0 0 0 0 0 0 1 1 0
90	1	1 1 1 1 1 0 0 0 1 0 1 0 0 0 0 0
90	1	1 1 1 1 1 0 0 0 1 0 1 1 0 0 1 0
90	1	1 1 1 0 0 0 0 0 1 0 1 1 1 0 0 0
90	1	1 1 0 0 0 0 1 0 1 0 1 0 0 0 0 0
90	2	1 1 0 1 0 0 0 0 1 0 1 1 0 0 0 1
90	1	1 0 1 1 1 0 0 0 0 1 1 1 0 0 0 0
90	1	1 1 0 0 0 0 0 1 1 0 1 1 0 0 0 0
90	2	1 1 0 0 0 1 0 0 0 0 1 1 1 0 0 0
90	1	1 1 1 1 1 1 0 0 1 0 0 0 0 1 0 0
90	1	1 0 0 1 0 0 0 0 1 0 1 1 0 0 0 1
90	1	1 1 0 0 1 0 0 0 1 0 0 1 0 0 0 0
90	1	1 1 0 0 0 0 0 1 1 0 0 1 0 0 1 0
90	1	1 1 1 0 0 0 0 0 1 1 1 1 0 0 0 1
90	1	1 0 0 0 0 0 0 1 0 0 0 1 0 0 0 0
90	2	1 1 0 0 0 0 0 1 1 1 1 1 0 0 0 1
100	1	1 1 0 0 0 0 0 0 1 0 1 1 0 0 1 0
100	1	1 1 0 0 0 0 0 0 1 0 1 1 0 0 0 0
100	2	1 1 1 0 0 0 0 0 1 0 1 1 0 0 1 0
100	3	1 1 0 0 0 1 0 0 1 0 1 1 0 0 0 0
100	4	1 1 0 0 0 0 0 0 1 0 0 1 0 0 1 0
100	1	1 1 0 0 1 1 0 0 1 0 1 1 0 0 0 0
100	2	1 1 1 0 0 0 0 0 1 0 1 1 0 0 0 0
100	2	1 0 1 1 0 0 0 0 1 0 1 1 0 1 0 0
100	1	1 1 0 0 0 1 0 0 1 0 1 1 0 0 1 0
100	1	1 1 1 0 0 0 0 0 1 0 1 1 0 1 1 0
100	2	1 1 0 1 0 0 0 0 1 0 1 1 0 0 0 0
100	3	1 1 1 1 1 0 0 0 0 0 0 0 0 0 0 0
100	2	1 0 1 1 1 0 0 0 0 0 0 0 0 0 0 0
100	2	1 0 0 0 0 0 0 1 0 0 0 0 1 0 0 0
100	1	1 1 1 1 1 0 0 0 1 0 1 0 0 0 0 0
100	1	1 1 0 0 0 0 1 0 1 0 1 0 0 0 0 0
100	1	1 1 0 1 0 0 0 0 1 0 1 1 0 0 0 1
100	1	1 0 1 1 1 0 0 0 0 1 1 1 0 0 0 0
100	2	1 1 0 0 0 0 0 0 1 0 1 0 0 0 1 0
100	1	1 1 1 1 1 0 0 1 1 0 1 1 0 0 1 0
100	1	1 1 0 1 0 0 0 0 1 1 1 1 0 0 0 0
100	2	1 0 1 1 0 0 0 0 1 0 1 0 0 0 1 1
100	1	1 1 1 0 0 0 0 0 1 0 1 1 0 0 0 1
100	1	1 1 0 0 0 1 0 0 1 0 0 1 0 0 1 0
100	1	1 1 1 0 0 0 0 0 1 0 1 0 0 0 1 0
100	1	1 0 1 0 0 1 0 0 1 0 1 1 0 0 0 0
100	1	1 0 0 0 0 0 0 0 0 0 0 0 1 0 0 0
100	3	1 1 1 1 1 0 0 0 1 0 0 0 0 0 1 0
100	1	1 0 1 1 0 0 0 0 1 0 1 1 0 0 0 0
100	1	1 1 1 1 1 0 0 0 1 0 0 0 0 1 0 1
100	1	1 1 0 0 0 0 0 0 1 1 1 1 0 0 1 0
100	1	1 1 1 1 1 0 0 0 0 1 0 0 0 0 0 0
100	1	1 1 1 1 0 0 0 0 1 0 1 0 0 0 1 0
110	1	1 1 1 0 0 0 0 0 1 0 1 1 0 0 1 0
110	1	1 0 1 1 1 0 0 0 0 0 0 0 1 0 0 0
110	3	1 1 0 0 0 1 0 0 1 0 1 1 0 0 0 0
110	3	1 1 0 0 0 0 0 0 1 0 0 1 0 0 1 0
110	1	1 1 0 0 0 1 0 0 1 0 1 0 0 0 0 0
110	1	1 1 0 0 1 1 0 0 1 0 1 1 0 0 0 0
110	1	1 1 1 0 0 0 0 0 1 0 1 1 0 0 0 0
110	1	1 1 0 0 0 0 0 0 0 1 1 1 0 0 0 1
110	1	1 1 0 0 0 0 0 0 1 1 1 1 0 0 0 0
110	1	1 1 0 0 0 0 0 0 1 0 1 0 0 0 0 0
110	2	1 1 1 0 0 0 0 0 1 0 1 1 0 1 1 0
110	1	1 1 1 1 1 0 0 0 0 0 0 0 0 1 1 0
110	1	1 1 0 1 0 0 0 0 1 0 1 1 0 0 0 0
110	1	1 1 1 0 0 0 0 0 0 0 1 1 0 0 1 0
110	1	1 1 0 0 0 0 0 0 0 1 1 1 0 0 1 1
110	3	1 1 1 1 1 0 0 0 0 0 0 0 0 0 0 0
110	1	1 0 1 1 1 0 0 0 0 0 0 0 0 0 0 0
110	1	1 0 0 0 0 0 0 1 0 0 0 0 1 0 0 0
110	1	1 1 1 1 1 0 0 0 1 0 1 0 0 0 0 0
110	1	1 1 0 1 0 0 0 0 1 0 1 1 0 0 0 1
110	1	1 1 0 0 0 1 0 0 0 0 1 1 1 0 0 0
110	2	1 1 0 1 0 0 0 0 1 1 1 1 0 0 0 0
110	1	1 1 0 0 1 0 0 0 0 0 0 1 0 0 1 0
110	1	1 1 1 0 0 0 0 0 1 0 1 0 0 0 1 0
110	2	1 1 1 1 1 0 0 0 0 0 1 1 0 0 1 0
110	1	1 0 0 0 0 0 0 0 0 0 0 0 1 0 0 0
110	3	1 1 1 0 0 0 0 1 0 0 0 0 1 0 0 0
110	2	1 1 0 0 0 0 0 0 0 0 1 1 0 0 0 1
110	2	1 1 1 1 1 0 0 0 1 0 0 0 0 1 0 1
110	1	1 1 1 1 1 1 0 0 0 0 0 0 0 0 0 0
110	1	1 1 0 0 0 0 0 0 1 1 1 1 1 0 0 1
110	1	1 1 0 0 0 0 0 0 0 0 0 0 0 0 0 0
110	1	1 1 1 1 1 0 0 0 0 1 1 1 0 0 1 1
110	1	1 1 1 1 1 1 0 0 0 0 0 0 0 1 1 0
110	1	1 1 0 0 1 0 0 0 1 0 1 1 0 0 0 0
110	1	1 1 1 0 0 1 0 0 0 0 1 1 0 0 1 0
110	1	1 1 1 1 1 1 0 0 1 0 1 1 0 0 0 0
120	1	1 1 0 0 0 0 0 0 1 0 1 1 0 0 0 0
120	1	1 1 1 0 0 0 0 0 1 0 1 1 0 0 1 0
120	3	1 1 0 0 0 1 0 0 1 0 1 1 0 0 0 0
120	2	1 1 0 0 0 0 0 0 1 0 0 1 0 0 1 0
120	2	1 1 0 0 1 1 0 0 1 0 1 1 0 0 0 0
120	1	0 0 1 0 0 0 0 0 1 0 1 1 0 1 0 0
120	1	1 1 1 1 1 0 0 0 0 0 0 0 0 1 1 0
120	1	1 1 0 1 0 0 0 0 1 0 1 1 0 0 0 0
120	2	1 1 1 0 0 0 0 0 0 0 1 1 0 0 1 0
120	4	1 1 1 1 1 0 0 0 0 0 0 0 0 0 0 0
120	1	1 0 1 1 1 0 0 0 0 0 0 0 0 0 0 0
120	2	1 1 1 1 1 0 0 0 1 0 1 0 0 0 0 0
120	2	1 1 1 1 1 0 0 0 1 0 1 1 0 0 1 0
120	1	1 1 0 1 0 0 0 0 1 0 1 1 0 0 0 1
120	1	1 1 0 0 0 0 0 0 1 0 1 0 0 0 1 0
120	1	1 1 1 1 1 0 0 1 0 0 0 0 0 0 0 0
120	1	1 1 0 1 0 0 0 0 1 1 1 1 0 0 0 0
120	1	1 1 1 0 0 0 0 1 0 0 0 0 1 0 0 0
120	1	1 1 1 1 1 1 0 0 0 1 1 1 0 0 1 1
120	3	1 1 1 1 1 0 0 0 1 0 0 0 0 0 1 0
120	1	1 0 1 1 0 0 0 0 1 0 1 1 0 0 0 0
120	3	1 1 1 1 1 0 0 0 1 0 0 0 0 1 0 1
120	1	1 1 0 0 0 0 0 0 1 1 1 1 0 0 1 0
120	1	1 1 0 0 0 0 0 0 0 0 0 0 0 0 0 0
120	2	1 1 1 0 0 0 0 0 1 0 1 1 1 1 1 0
120	1	1 1 1 1 1 0 1 1 1 0 1 1 0 0 1 0
120	1	1 1 1 1 1 0 0 0 0 0 1 1 0 1 0 0
120	1	1 1 1 0 0 0 0 0 1 0 1 0 0 0 0 0
120	3	1 1 1 1 1 0 0 1 0 0 1 1 0 0 1 0
120	1	1 0 0 0 0 0 0 1 0 0 1 0 1 0 0 0
120	2	1 0 1 1 0 0 0 0 1 0 1 0 1 0 1 0
120	1	0 1 1 0 0 0 0 0 1 0 1 0 0 0 1 0
130	3	1 1 1 0 0 0 0 0 1 0 1 1 0 0 1 0
130	1	1 1 0 0 0 1 0 0 1 0 1 1 0 0 0 0
130	2	1 1 0 0 0 0 0 0 1 0 0 1 0 0 1 0
130	2	1 1 1 0 0 0 0 0 1 0 1 1 0 1 1 0
130	3	1 1 1 1 1 0 0 0 0 0 0 0 0 1 1 0
130	1	1 1 0 1 0 0 0 0 1 0 1 1 0 0 0 0
130	4	1 1 1 1 1 0 0 0 0 0 0 0 0 0 0 0
130	1	1 1 0 0 0 0 0 0 1 1 1 1 0 0 0 1
130	1	1 0 1 1 1 0 0 0 0 0 0 0 0 0 0 0
130	1	1 1 1 1 1 0 0 0 1 0 1 0 0 0 0 0
130	2	1 1 1 1 1 0 0 1 0 0 0 0 0 0 0 0
130	1	1 1 0 1 0 0 0 0 1 1 1 1 0 0 0 0
130	1	1 0 1 1 0 0 0 0 1 0 1 0 0 0 1 1
130	4	1 1 1 1 1 1 0 0 0 1 1 1 0 0 1 1
130	5	1 1 1 1 1 0 0 0 1 0 0 0 0 0 1 0
130	1	1 1 0 0 1 1 0 0 1 0 1 0 1 0 0 0
130	1	1 1 1 1 1 0 1 1 1 0 1 1 0 0 1 0
130	4	0 1 0 0 1 1 0 0 1 0 1 0 1 0 0 0
130	1	1 1 1 1 1 0 0 0 0 0 1 1 1 1 0 0
130	1	1 0 0 0 0 0 0 1 0 0 1 0 1 0 0 0
130	1	1 1 1 0 0 0 0 0 0 0 1 0 0 0 1 0
130	1	1 1 0 1 0 0 0 0 1 1 1 0 0 0 0 0
130	2	1 1 1 1 1 1 1 1 1 0 1 1 0 0 1 0
130	1	1 1 0 1 0 0 0 0 1 1 1 1 1 1 0 1
130	1	1 1 1 1 1 0 0 0 1 1 1 1 0 0 0 0
130	1	1 1 1 1 1 0 0 0 1 0 0 0 0 1 1 1
130	1	1 1 1 1 0 0 0 0 0 0 0 0 0 0 0 0
130	1	1 1 0 0 0 0 0 0 1 0 1 1 0 0 0 1
130	1	1 1 1 1 1 0 0 0 0 0 0 0 0 0 1 0
140	2	1 1 0 0 0 1 0 0 1 0 1 1 0 0 0 0
140	1	1 1 1 0 0 0 0 0 1 0 1 1 0 1 1 0
140	1	1 1 0 1 0 0 0 0 1 0 1 1 0 0 0 0
140	7	1 1 1 1 1 0 0 0 0 0 0 0 0 0 0 0
140	1	1 1 0 0 0 0 0 0 1 1 1 1 0 0 0 1
140	1	1 1 1 1 1 0 0 0 1 0 1 0 0 0 0 0
140	2	1 1 1 1 1 0 0 0 1 0 1 1 0 0 1 0
140	2	1 1 0 1 0 0 0 0 1 1 1 1 0 0 0 0
140	6	1 1 1 1 1 0 0 0 1 0 0 0 0 0 1 0
140	1	1 0 1 1 0 0 0 0 1 0 1 1 0 0 0 0
140	1	1 1 1 1 1 1 0 0 0 0 0 0 0 0 0 0
140	1	1 1 0 0 1 0 0 0 1 0 0 1 0 0 1 0
140	1	1 1 1 1 1 0 1 1 1 0 1 1 0 0 1 0
140	1	0 1 1 1 1 0 0 1 0 0 0 0 0 0 0 0
140	2	1 1 1 1 1 1 0 1 0 1 1 1 0 0 1 1
140	2	1 1 1 1 0 0 0 0 1 0 1 1 1 1 1 0
140	1	1 0 1 0 0 0 0 0 1 0 1 1 0 0 1 0
140	3	1 1 1 1 1 0 0 0 0 0 0 0 0 0 1 0
140	1	1 1 1 1 1 0 0 0 0 0 0 1 0 0 0 0
140	2	1 1 1 1 1 1 0 0 0 1 0 1 0 0 1 1
140	1	1 1 1 1 0 0 0 0 1 0 1 1 0 0 0 0
140	1	1 1 1 1 1 0 0 0 1 0 1 1 0 0 1 1
140	2	1 1 0 0 0 1 0 0 1 0 1 1 0 0 1 0
140	1	1 1 1 0 0 0 1 0 0 0 1 1 0 0 1 0
140	1	1 1 0 1 0 1 0 0 1 0 1 1 0 0 0 0
140	3	1 1 1 0 0 0 0 0 1 0 1 1 0 1 1 1
140	2	1 0 1 1 1 0 0 1 1 0 0 0 0 0 0 0
150	1	1 1 0 0 0 0 0 0 0 1 1 1 0 0 0 1
150	1	1 1 0 1 0 0 0 0 1 0 1 1 0 0 0 0
150	3	1 1 1 0 0 0 0 0 0 0 1 1 0 0 1 0
150	4	1 1 1 1 1 0 0 0 0 0 0 0 0 0 0 0
150	1	1 1 0 0 0 0 0 0 1 1 1 1 0 0 0 1
150	1	1 1 1 1 1 0 0 0 1 0 1 0 0 0 0 0
150	3	1 1 1 1 1 0 0 0 1 0 1 1 0 0 1 0
150	1	1 1 0 1 0 0 0 0 1 1 1 1 0 0 0 0
150	1	1 1 1 1 1 1 0 0 0 1 1 1 0 0 1 1
150	5	1 1 1 1 1 0 0 0 1 0 0 0 0 0 1 0
150	1	1 1 0 0 0 0 0 0 0 0 1 1 0 0 0 1
150	1	1 1 0 0 1 0 0 0 1 0 0 1 0 0 1 0
150	2	1 1 1 1 1 0 1 1 1 0 1 1 0 0 1 0
150	1	1 1 0 1 0 0 0 0 0 0 0 0 0 0 0 0
150	1	1 1 1 0 0 0 0 0 1 0 1 0 0 0 0 0
150	1	0 1 0 0 1 1 0 0 1 0 1 0 1 0 0 0
150	1	1 1 1 1 1 0 0 0 1 0 0 0 0 0 0 0
150	1	1 0 0 0 0 0 0 1 0 0 1 0 1 0 0 0
150	1	1 1 1 1 1 0 1 0 0 0 0 0 0 0 0 0
150	1	1 1 0 1 1 1 0 0 1 0 1 0 1 0 0 0
150	1	1 0 1 0 0 0 0 0 1 0 1 1 0 0 1 0
150	5	1 1 1 1 1 0 0 0 0 0 0 0 0 0 1 0
150	1	1 1 0 0 0 1 0 0 1 0 1 1 0 0 1 0
150	1	1 1 0 1 0 1 0 0 1 0 1 1 0 0 0 0
150	1	1 1 0 0 0 0 0 0 0 1 1 1 0 0 1 0
150	2	1 1 0 0 0 0 0 0 0 0 0 0 0 0 1 0
150	1	1 1 1 1 1 0 0 0 0 1 1 1 0 0 0 0
150	2	1 0 1 1 0 1 0 0 1 0 1 1 0 0 0 0
150	1	1 1 0 0 0 0 1 0 1 1 1 1 0 0 0 1
150	1	0 1 0 1 0 0 0 0 1 0 1 1 0 0 0 0
150	1	1 1 0 0 0 0 1 0 1 1 1 0 0 0 0 1
150	1	1 0 1 1 0 1 0 0 1 0 1 0 0 0 0 0
160	1	1 1 1 0 0 0 0 0 0 0 1 1 0 0 1 0
160	5	1 1 1 1 1 0 0 0 0 0 0 0 0 0 0 0
160	4	1 1 1 1 1 0 0 0 1 0 1 1 0 0 1 0
160	5	1 1 1 1 1 0 1 1 1 0 1 1 0 0 1 0
160	1	1 1 0 1 0 0 0 0 0 0 0 0 0 0 0 0
160	1	1 1 1 0 0 0 0 0 1 0 1 0 0 0 0 0
160	1	1 0 1 1 1 0 0 1 0 0 0 0 0 0 0 0
160	1	1 1 1 1 1 1 0 1 0 1 1 1 0 0 1 1
160	1	1 1 1 1 1 1 1 1 1 0 1 1 0 0 1 0
160	1	1 0 1 0 0 0 0 0 1 0 1 1 0 0 1 0
160	9	1 1 1 1 1 0 0 0 0 0 0 0 0 0 1 0
160	1	1 1 0 1 0 1 0 0 1 0 1 1 0 0 0 0
160	1	1 1 1 1 1 0 0 0 0 0 1 0 0 0 1 0
160	1	1 1 0 0 0 0 0 0 0 0 0 1 0 0 0 0
160	1	1 0 1 1 0 0 0 0 1 1 1 1 0 0 0 0
160	1	1 1 1 1 1 0 0 1 0 0 0 0 0 0 0 0
160	1	1 1 0 1 1 0 0 0 0 0 0 0 0 0 0 0
160	1	1 1 1 1 1 1 0 0 1 1 1 0 1 0 0 0
160	1	1 1 0 0 1 1 0 1 1 0 1 1 0 0 1 0
160	1	1 1 0 1 1 0 0 0 1 0 0 0 0 0 0 0
160	1	1 1 0 1 0 0 0 1 0 0 0 0 0 0 0 0
160	1	1 1 1 1 1 0 1 0 1 0 1 1 0 0 1 0
160	2	1 1 0 0 0 1 0 0 1 0 1 1 1 0 1 0
160	1	1 1 1 1 1 0 0 0 0 0 0 0 1 0 0 0
160	1	1 1 1 1 1 0 0 0 1 1 1 1 0 0 0 1
160	1	1 1 1 1 1 0 0 0 0 0 1 0 0 1 1 0
160	1	1 1 1 0 0 0 1 0 0 0 1 1 0 0 1 0
160	1	1 1 1 1 1 0 0 0 0 0 0 0 0 0 1 1
160	1	1 1 1 1 1 0 0 1 0 0 1 0 0 0 1 0
160	1	1 0 0 0 0 0 0 0 1 1 1 1 0 0 1 0
170	3	1 1 0 0 0 1 0 0 1 0 1 1 0 0 0 0
170	1	1 1 1 0 0 0 0 0 0 0 1 1 0 0 1 0
170	5	1 1 1 1 1 0 0 0 0 0 0 0 0 0 0 0
170	1	1 1 0 0 0 0 0 0 1 1 1 1 0 0 0 1
170	1	1 1 1 1 1 0 0 0 1 0 1 0 0 0 0 0
170	3	1 1 1 1 1 0 0 0 1 0 0 0 0 0 1 0
170	3	1 1 1 1 1 0 1 1 1 0 1 1 0 0 1 0
170	1	1 1 0 1 0 0 0 0 0 0 0 0 0 0 0 0
170	1	1 0 1 1 1 0 0 1 0 0 0 0 0 0 0 0
170	1	1 1 1 1 1 1 0 1 0 1 1 1 0 0 1 1
170	3	1 1 1 1 1 0 0 0 0 0 0 0 0 0 1 0
170	2	1 1 0 1 0 1 0 0 1 0 1 1 0 0 0 0
170	1	1 1 1 1 1 0 0 0 0 0 1 0 0 0 1 0
170	3	1 1 1 0 0 0 1 0 1 0 1 1 0 1 1 0
170	1	1 1 0 1 1 0 0 0 0 0 0 0 0 0 0 0
170	2	1 1 0 0 0 0 1 0 1 1 1 0 0 0 0 1
170	1	1 1 0 0 1 1 0 1 1 0 1 1 0 0 1 0
170	1	1 0 1 1 1 1 0 0 1 0 1 1 0 0 0 0
170	1	1 1 0 1 0 0 0 1 0 0 0 0 0 0 0 0
170	1	1 1 1 1 1 0 0 1 0 0 1 1 1 1 1 0
170	1	1 0 1 1 0 0 0 0 0 0 0 0 0 0 0 0
170	1	1 1 1 1 1 0 0 0 1 1 1 1 0 0 0 1
170	1	1 1 0 1 0 1 0 0 1 0 0 1 0 0 0 0
170	1	1 1 1 1 1 1 1 0 0 1 1 1 0 0 1 1
170	2	1 1 1 1 0 0 0 0 0 0 0 0 0 0 0 0
170	1	1 1 1 1 1 0 0 1 0 0 1 1 0 0 1 0
170	1	1 1 1 0 0 0 0 0 0 0 1 0 0 0 1 0
170	1	1 1 1 1 0 0 1 0 0 0 1 1 0 0 1 0
170	1	1 1 1 1 1 0 1 1 1 0 1 0 0 0 1 0
170	1	1 1 0 1 0 0 1 1 1 0 1 1 0 0 1 0
170	1	1 1 1 1 1 0 1 1 1 0 1 1 0 1 1 0
170	1	1 1 1 1 1 0 1 1 1 1 1 1 0 0 1 0
170	1	1 1 1 1 0 0 0 0 0 0 1 0 0 1 1 0
180	3	1 1 0 0 0 1 0 0 1 0 1 1 0 0 0 0
180	1	1 1 0 1 0 0 0 0 1 0 1 1 0 0 0 0
180	5	1 1 1 1 1 0 0 0 0 0 0 0 0 0 0 0
180	2	1 1 1 1 1 1 0 0 0 1 1 1 0 0 1 1
180	8	1 1 1 1 1 0 0 0 1 0 0 0 0 0 1 0
180	1	1 1 1 1 1 0 0 0 1 0 0 0 0 0 0 0
180	1	1 1 1 1 1 1 0 1 0 1 1 1 0 0 1 1
180	1	1 1 1 1 1 0 0 0 0 0 0 0 0 0 1 0
180	2	1 1 1 1 1 0 0 1 0 0 1 1 0 1 1 0
180	2	1 1 0 1 0 1 0 0 1 0 1 1 0 0 0 0
180	2	1 1 1 1 1 0 0 0 0 0 1 0 0 0 1 0
180	1	1 1 1 1 0 0 0 0 1 0 1 1 0 0 1 0
180	2	1 1 0 0 1 1 0 1 1 0 1 1 0 0 1 0
180	1	1 0 1 1 1 0 0 0 1 0 1 1 0 0 1 0
180	1	1 0 1 1 0 0 0 0 0 0 0 0 0 0 0 0
180	1	1 1 1 1 1 0 0 0 1 0 0 1 0 0 1 0
180	4	1 1 1 1 0 0 0 0 0 0 0 0 0 0 0 0
180	1	1 0 1 1 0 0 0 1 0 0 0 0 0 0 0 0
180	3	1 0 1 1 1 0 0 0 1 0 1 1 0 0 0 0
180	2	1 1 1 0 1 0 0 0 1 0 1 1 0 0 1 0
180	1	1 1 1 1 1 0 1 1 1 0 1 1 0 1 1 0
180	1	1 1 1 0 0 1 0 0 1 0 1 0 0 0 0 0
180	1	1 0 1 0 0 0 0 0 1 0 1 0 0 0 0 1
180	1	1 1 1 1 0 1 0 0 1 0 1 1 0 0 0 0
180	1	1 1 1 1 1 1 0 1 0 0 1 1 0 1 1 0
180	1	1 1 0 1 1 0 0 0 0 0 0 0 0 0 0 1
190	2	1 1 0 0 0 1 0 0 1 0 1 1 0 0 0 0
190	1	1 1 0 1 0 0 0 0 1 0 1 1 0 0 0 0
190	4	1 1 1 1 1 0 0 0 0 0 0 0 0 0 0 0
190	4	1 1 1 1 1 0 0 0 1 0 1 1 0 0 1 0
190	4	1 1 1 1 1 0 1 1 1 0 1 1 0 0 1 0
190	1	0 1 1 1 1 0 0 1 0 0 0 0 0 0 0 0
190	2	1 1 1 1 1 1 0 1 0 1 1 1 0 0 1 1
190	3	1 1 1 1 1 0 0 0 0 0 0 0 0 0 1 0
190	1	1 1 1 1 1 0 0 0 0 0 0 1 0 0 0 0
190	1	1 1 1 0 0 0 1 0 1 0 1 1 0 1 1 0
190	3	1 1 0 1 1 0 0 0 0 0 0 0 0 0 0 0
190	2	1 0 1 1 0 1 0 0 1 0 1 1 0 0 0 0
190	2	1 1 1 1 0 0 0 0 1 0 1 1 0 0 1 0
190	1	1 1 1 1 1 0 0 0 1 1 0 0 0 0 1 0
190	1	1 0 1 1 0 0 0 0 0 0 0 0 0 0 0 0
190	1	1 1 1 1 1 0 0 0 1 0 0 1 0 0 1 0
190	2	1 1 1 0 0 0 0 0 0 0 0 0 0 0 1 0
190	1	1 1 1 1 1 0 0 0 1 1 1 1 0 0 0 1
190	1	1 1 1 1 0 0 0 0 0 0 0 0 0 0 0 0
190	2	1 1 1 1 1 0 0 0 0 0 0 1 0 0 1 0
190	1	1 0 1 1 1 0 0 0 1 0 1 1 0 0 0 0
190	1	1 1 1 0 1 0 1 1 1 0 1 1 0 0 1 0
190	2	1 1 1 1 0 0 0 0 0 0 1 1 0 0 1 0
190	2	1 1 1 1 0 1 0 0 1 0 1 1 0 0 0 0
190	1	1 0 1 0 1 0 1 1 1 0 1 1 0 0 1 0
190	1	1 1 1 1 1 0 1 1 1 0 1 1 0 0 0 0
190	1	1 1 1 1 0 0 0 0 1 0 1 0 0 0 1 0
190	2	1 1 1 1 1 0 1 1 1 0 1 0 0 0 0 1
200	5	1 1 0 0 0 1 0 0 1 0 1 1 0 0 0 0
200	1	1 1 0 1 0 0 0 0 1 0 1 1 0 0 0 0
200	5	1 1 1 1 1 0 0 0 0 0 0 0 0 0 0 0
200	3	1 1 1 1 1 0 0 0 1 0 0 0 0 0 1 0
200	5	1 1 1 1 1 0 1 1 1 0 1 1 0 0 1 0
200	1	0 1 1 1 1 0 0 1 0 0 0 0 0 0 0 0
200	2	1 1 1 1 1 0 0 0 0 0 0 1 0 0 0 0
200	2	1 0 1 1 0 0 0 0 0 0 0 0 0 0 0 0
200	1	1 1 1 1 1 0 0 0 1 1 1 1 0 0 0 1
200	1	1 1 1 1 0 0 0 0 0 0 0 0 0 0 0 0
200	1	1 1 0 1 0 0 1 1 1 0 1 1 0 0 1 0
200	1	1 1 0 0 0 1 0 0 1 0 1 1 1 0 0 0
200	1	1 1 1 1 0 0 0 0 0 0 1 1 0 0 1 0
200	1	1 1 1 1 1 0 0 0 1 0 1 1 0 1 1 0
200	1	1 1 1 1 1 0 1 1 1 0 1 0 0 0 0 0
200	1	0 0 1 1 1 0 0 0 1 0 0 1 0 0 0 0
200	2	1 1 1 1 0 1 0 0 1 0 1 1 0 0 0 0
200	1	0 1 0 0 0 1 0 0 1 0 1 1 0 0 0 0
200	2	1 1 1 1 1 0 1 1 1 0 1 1 0 0 0 0
200	1	1 1 0 0 0 1 0 0 1 0 0 1 1 0 0 0
200	2	1 1 1 0 1 1 1 1 1 0 1 1 1 0 0 1
200	1	1 1 1 0 1 1 0 0 1 0 1 1 0 0 0 0
200	1	1 1 1 1 0 0 0 0 0 0 1 1 0 0 0 0
200	1	1 1 0 0 1 0 0 1 1 0 1 1 0 0 1 0
200	1	1 0 1 1 1 0 0 0 1 0 0 1 0 0 1 0
200	1	1 1 1 1 0 1 0 0 1 0 0 1 0 0 0 0
200	1	0 1 1 1 1 0 1 1 0 0 0 0 0 0 0 0
200	1	1 1 1 1 1 0 0 0 1 0 1 0 0 0 0 0
200	1	1 1 1 1 1 0 0 0 1 0 0 0 0 0 0 0
200	2	1 0 1 1 0 0 1 0 0 0 0 0 0 0 0 0
210	2	1 1 0 0 0 1 0 0 1 0 1 1 0 0 0 0
210	3	1 1 1 1 1 0 0 0 0 0 0 0 0 0 0 0
210	2	1 1 1 1 1 0 0 0 1 0 1 1 0 0 1 0
210	1	1 1 1 1 1 0 0 0 1 0 0 0 0 0 1 0
210	3	1 1 1 1 1 0 1 1 1 0 1 1 0 0 1 0
210	1	1 0 1 1 0 0 0 0 0 0 0 0 0 0 0 0
210	1	1 1 1 0 0 0 0 0 0 0 0 0 0 0 1 0
210	4	1 1 1 1 1 0 0 0 1 1 1 1 0 0 0 1
210	5	1 1 1 1 0 0 0 0 0 0 0 0 0 0 0 0
210	1	1 0 1 1 1 0 0 0 1 0 1 1 0 0 0 0
210	1	1 1 1 0 1 0 1 1 1 0 1 1 0 0 1 0
210	1	1 1 1 1 0 0 0 0 0 0 1 1 0 0 1 0
210	5	1 1 1 1 0 1 0 0 1 0 1 1 0 0 0 0
210	2	1 1 1 1 0 0 0 1 0 0 1 1 0 1 1 0
210	2	1 1 1 1 1 0 0 0 0 0 1 0 0 0 0 1
210	1	1 0 1 1 1 0 0 0 1 0 1 1 1 0 0 0
210	1	1 1 1 1 1 0 0 0 0 0 1 0 0 0 0 0
210	1	1 1 0 0 0 1 0 0 1 0 0 1 1 0 0 0
210	1	1 1 1 1 0 1 0 0 0 0 0 0 0 0 0 0
210	1	1 1 1 0 1 1 0 0 1 0 1 1 0 0 0 0
210	1	1 1 1 1 1 1 0 0 0 0 0 0 0 0 0 0
210	1	1 0 1 1 1 0 0 0 0 0 1 1 0 0 1 0
210	1	0 1 1 0 0 1 0 0 1 0 1 1 0 0 0 0
210	1	1 1 0 0 0 0 0 0 1 0 1 1 0 0 0 0
210	1	0 1 0 1 1 0 0 0 0 0 0 0 0 0 0 0
210	1	1 1 0 1 1 0 1 1 1 0 1 1 0 0 1 1
210	2	1 1 1 1 1 0 1 0 1 0 1 1 0 0 1 0
210	2	1 1 1 1 1 0 0 0 0 0 0 1 0 0 0 1
210	1	1 1 1 1 1 0 1 1 1 1 1 1 0 0 1 0
220	1	1 1 0 0 0 1 0 0 1 0 1 1 0 0 0 0
220	2	1 1 1 1 1 0 0 0 0 0 0 0 0 0 0 0
220	2	1 1 1 1 1 0 0 0 1 0 1 1 0 0 1 0
220	1	1 1 1 1 1 0 0 0 1 0 0 0 0 0 1 0
220	2	1 1 1 1 1 0 1 1 1 0 1 1 0 0 1 0
220	2	1 0 1 1 0 0 0 0 0 0 0 0 0 0 0 0
220	2	1 1 1 1 1 0 0 0 1 1 1 1 0 0 0 1
220	8	1 1 1 1 0 0 0 0 0 0 0 0 0 0 0 0
220	2	1 0 1 1 1 0 0 0 1 0 1 1 0 0 0 0
220	3	1 1 1 1 0 0 0 0 0 0 1 1 0 0 1 0
220	1	1 1 1 1 1 0 0 0 1 0 1 1 0 1 1 0
220	3	1 1 1 1 0 1 0 0 1 0 1 1 0 0 0 0
220	1	1 1 1 1 1 0 1 1 1 0 1 1 0 0 0 0
220	1	1 1 0 0 0 1 0 0 1 0 1 1 0 0 1 0
220	2	1 0 1 1 0 0 0 0 1 0 0 1 0 0 1 0
220	1	1 1 1 1 1 0 0 0 0 0 0 1 0 1 1 0
220	2	1 0 1 1 1 0 0 0 0 0 1 1 0 0 1 0
220	2	1 1 1 1 0 0 1 1 1 0 1 1 0 0 1 0
220	1	1 0 1 1 0 0 1 0 0 0 0 0 0 0 0 0
220	1	1 1 1 1 1 0 0 1 0 0 0 0 0 0 0 0
220	1	0 1 0 1 1 0 0 0 0 0 0 0 0 0 0 0
220	1	1 1 1 1 1 0 1 0 1 1 1 1 0 0 0 1
220	1	1 0 0 1 0 1 0 0 0 0 0 0 0 0 0 0
220	2	1 1 1 1 0 1 0 0 1 0 1 1 0 0 1 0
220	1	1 0 1 1 1 0 1 0 0 0 0 0 0 0 0 0
220	1	1 1 1 1 1 0 1 1 1 0 0 1 0 0 1 0
220	1	1 1 1 1 1 0 1 1 0 0 1 1 0 0 1 0
220	1	1 1 1 1 0 1 0 0 0 0 0 0 0 1 0 0
220	1	1 0 1 1 1 0 0 0 1 0 1 1 0 0 1 0
230	3	1 1 0 0 0 1 0 0 1 0 1 1 0 0 0 0
230	6	1 1 1 1 1 0 0 0 0 0 0 0 0 0 0 0
230	2	1 1 1 1 1 0 0 0 1 0 0 0 0 0 1 0
230	3	1 1 1 1 1 0 1 1 1 0 1 1 0 0 1 0
230	1	1 0 1 1 1 0 0 0 1 0 1 1 0 0 0 0
230	1	1 1 1 1 0 0 0 0 0 0 1 1 0 0 1 0
230	2	1 1 1 1 0 1 0 0 1 0 1 1 0 0 0 0
230	1	1 1 1 1 1 0 1 1 1 0 1 1 0 0 0 0
230	4	1 1 1 1 1 0 0 0 0 0 1 0 0 0 0 0
230	1	1 1 1 1 0 1 0 0 0 0 1 1 0 0 0 0
230	2	1 1 1 1 1 0 0 0 1 0 1 1 0 0 0 0
230	1	1 1 1 1 1 1 0 0 0 0 0 0 0 0 0 0
230	1	1 1 1 1 0 0 1 1 1 0 1 1 0 0 1 0
230	1	1 1 0 1 1 0 1 1 1 0 1 1 0 0 1 1
230	1	1 1 1 1 0 0 0 0 0 0 0 1 0 0 0 0
230	1	1 1 1 0 0 1 0 0 1 0 1 1 0 0 0 0
230	1	0 1 1 1 0 0 0 0 0 0 0 0 0 0 0 0
230	1	1 1 1 1 0 0 0 1 0 0 0 0 0 0 0 0
230	2	1 0 1 1 0 0 0 0 0 0 0 0 0 0 0 1
230	1	1 1 1 1 1 1 0 0 0 0 0 0 0 1 0 0
230	1	1 1 1 1 0 1 0 0 1 0 1 1 0 0 0 1
230	2	1 1 0 0 0 1 0 0 1 0 0 1 1 0 0 0
230	1	1 1 1 1 0 1 0 0 0 0 0 0 0 1 0 0
230	1	1 1 1 1 1 0 0 0 1 1 1 0 0 0 0 1
230	1	1 1 1 1 1 0 1 1 1 0 1 0 0 0 0 0
230	1	0 0 1 1 1 0 1 1 0 0 1 0 0 0 0 0
230	1	0 0 1 1 0 0 0 0 0 0 0 0 0 1 0 0
230	1	0 1 1 1 0 0 0 0 0 0 0 0 0 1 0 0
230	1	1 1 0 1 0 0 1 0 0 0 0 0 0 0 0 0
230	3	1 1 1 1 0 1 0 0 1 0 1 1 1 0 0 1
230	1	1 1 1 0 1 1 0 1 1 1 1 1 0 0 0 1
240	5	1 1 1 1 1 0 0 0 0 0 0 0 0 0 0 0
240	2	1 1 1 1 1 0 1 1 1 0 1 1 0 0 1 0
240	1	1 1 1 1 1 0 0 0 1 0 0 1 0 0 1 0
240	1	1 1 1 1 1 0 0 0 1 1 1 1 0 0 0 1
240	1	1 1 1 1 0 0 0 0 0 0 0 0 0 0 0 0
240	1	1 1 1 1 0 0 0 0 0 0 1 1 0 0 1 0
240	2	1 1 1 1 0 1 0 0 1 0 1 1 0 0 0 0
240	3	1 1 1 1 1 0 1 1 1 0 1 1 0 0 0 0
240	2	1 1 1 1 1 0 0 0 0 0 1 0 0 0 0 0
240	1	0 1 1 0 0 1 0 0 1 0 1 1 0 0 0 0
240	1	1 0 1 1 0 0 1 0 0 0 0 0 0 0 0 0
240	2	1 1 1 0 1 1 0 1 1 0 1 0 1 0 1 0
240	1	1 1 1 1 1 0 0 0 0 0 0 0 0 1 0 0
240	2	1 1 0 1 0 0 0 0 0 0 0 0 0 0 0 0
240	1	0 1 1 0 0 1 0 1 1 0 1 1 0 0 0 0
240	1	1 1 1 1 1 1 0 0 0 0 0 0 0 1 0 0
240	2	1 0 1 1 1 0 1 0 0 0 0 0 0 0 0 0
240	1	1 0 0 1 0 0 0 0 0 0 0 0 0 0 0 0
240	2	1 0 1 1 0 1 0 0 1 0 1 1 0 0 0 0
240	1	1 0 1 1 1 0 0 1 0 0 0 0 0 0 0 0
240	2	1 0 1 1 0 0 0 0 0 0 0 0 0 0 1 0
240	1	1 1 1 1 1 0 0 0 1 1 0 0 0 0 1 0
240	1	1 1 1 1 1 0 0 0 0 0 0 0 0 0 1 0
240	1	1 1 0 1 1 0 1 1 1 0 1 0 0 0 1 0
240	2	1 1 1 1 1 0 1 1 1 0 0 0 0 1 0 0
240	1	1 1 1 0 1 1 0 1 1 1 1 1 0 0 0 1
240	2	1 0 1 1 0 0 0 0 0 0 0 1 0 0 0 0
240	1	1 1 1 1 0 1 0 0 0 0 1 0 0 0 1 0
240	1	1 1 1 0 0 0 0 0 1 0 1 1 0 0 0 0
240	1	1 1 1 1 1 0 0 0 1 0 0 0 1 0 1 0
240	1	1 1 1 0 1 1 0 1 1 0 1 0 1 0 1 1
240	1	1 0 1 0 0 0 0 0 0 0 0 0 0 0 0 0
240	1	1 1 1 1 0 1 0 0 1 0 1 1 1 0 0 0
240	1	1 1 1 1 0 0 1 0 1 0 0 0 0 0 1 0
250	4	1 1 1 1 1 0 0 0 0 0 0 0 0 0 0 0
250	1	1 1 1 1 1 0 1 1 1 0 1 1 0 0 1 0
250	1	1 0 1 1 0 0 0 0 0 0 0 0 0 0 0 0
250	4	1 1 1 1 1 0 0 0 1 1 1 1 0 0 0 1
250	3	1 1 1 1 0 0 0 0 0 0 0 0 0 0 0 0
250	1	1 0 1 1 1 0 0 0 1 0 1 1 0 0 0 0
250	3	1 1 1 1 0 0 0 0 0 0 1 1 0 0 1 0
250	1	1 1 1 1 1 0 1 1 1 0 1 1 0 0 0 0
250	10	1 1 1 1 1 0 0 0 0 0 1 0 0 0 0 0
250	2	1 1 1 1 0 0 0 0 0 0 0 1 0 0 0 0
250	2	1 1 0 1 0 0 0 0 0 0 0 0 0 0 0 0
250	1	1 1 1 1 0 0 0 1 0 0 0 0 0 0 0 0
250	1	1 0 1 1 0 0 0 0 0 0 0 0 0 0 0 1
250	1	1 1 1 1 1 1 0 0 0 0 0 0 0 1 0 0
250	1	1 1 1 1 1 0 1 1 0 0 1 1 0 0 0 0
250	1	1 0 1 1 1 0 0 1 0 0 0 0 0 0 0 0
250	1	1 0 1 1 0 0 0 0 0 0 0 1 0 0 0 0
250	2	1 0 0 1 1 0 0 0 1 0 1 1 0 0 0 0
250	1	1 1 1 1 0 1 0 0 1 0 1 0 0 0 0 0
250	1	1 0 1 1 1 0 0 0 0 0 0 0 0 0 0 0
250	1	1 1 1 0 1 1 0 0 0 0 1 0 0 0 0 0
250	2	1 1 1 1 1 0 0 0 1 0 1 0 0 0 0 0
250	1	0 0 1 1 0 0 0 0 0 0 0 0 0 0 1 0
250	2	0 0 1 1 0 0 1 1 0 0 1 0 0 0 0 0
250	1	1 1 1 1 1 0 0 0 0 0 1 1 0 0 0 0
250	1	0 1 0 1 1 0 0 0 1 0 1 1 0 0 0 0
260	3	1 1 1 1 1 0 0 0 0 0 0 0 0 0 0 0
260	4	1 1 1 1 1 0 1 1 1 0 1 1 0 0 1 0
260	2	1 1 1 1 0 0 0 0 0 0 0 0 0 0 0 0
260	3	1 0 1 1 1 0 0 0 1 0 1 1 0 0 0 0
260	1	1 1 1 1 0 0 0 0 0 0 1 1 0 0 1 0
260	3	1 1 1 1 1 0 1 1 1 0 1 1 0 0 0 0
260	5	1 1 1 1 1 0 0 0 0 0 1 0 0 0 0 0
260	1	1 0 1 1 0 0 1 0 0 0 0 0 0 0 0 0
260	1	1 1 0 1 0 0 0 0 0 0 0 0 0 0 0 0
260	1	1 1 1 1 0 0 0 1 0 0 0 0 0 0 0 0
260	1	1 1 1 1 1 1 0 0 0 0 0 0 0 1 0 0
260	2	1 1 1 1 1 0 1 1 1 0 1 0 0 0 0 0
260	2	1 0 1 1 0 0 0 0 0 0 0 1 0 0 0 0
260	1	1 1 1 1 0 1 0 0 0 0 0 1 0 0 0 0
260	1	1 1 1 1 1 0 0 0 1 1 0 0 0 0 0 1
260	3	1 0 1 1 1 0 0 0 0 0 0 0 0 0 0 0
260	1	1 1 1 0 1 0 0 0 0 0 0 0 0 0 0 0
260	1	1 1 1 1 0 1 0 1 1 0 1 1 0 0 0 0
260	1	1 1 1 1 1 0 1 0 0 0 1 0 0 0 0 0
260	1	1 0 1 0 0 1 0 0 1 0 0 1 0 0 0 0
260	1	1 1 1 1 0 0 0 1 1 1 1 1 0 0 0 1
260	2	1 1 1 1 0 0 0 1 1 0 1 1 0 0 0 0
260	1	0 1 0 1 1 0 0 0 1 0 0 1 0 0 0 0
260	1	1 1 1 1 1 0 1 1 0 0 0 0 0 0 0 1
260	1	1 0 1 1 0 0 0 0 1 0 1 1 0 0 1 0
260	2	1 1 0 1 1 0 0 1 1 0 1 1 0 0 0 0
260	1	1 1 1 0 1 1 0 0 0 0 1 0 0 0 1 0
260	1	1 1 1 0 1 0 0 0 0 0 0 0 0 0 1 0
260	1	1 1 1 0 1 0 0 1 1 0 1 1 0 0 0 0
260	1	1 1 1 1 0 0 0 1 0 1 1 1 0 0 0 1
270	1	1 1 0 0 0 1 0 0 1 0 1 1 0 0 0 0
270	6	1 1 1 1 1 0 0 0 0 0 0 0 0 0 0 0
270	1	1 1 1 1 0 0 0 0 0 0 0 0 0 0 0 0
270	3	1 0 1 1 1 0 0 0 1 0 1 1 0 0 0 0
270	5	1 1 1 1 0 1 0 0 1 0 1 1 0 0 0 0
270	3	1 1 1 1 1 0 1 1 1 0 1 1 0 0 0 0
270	5	1 1 1 1 0 0 0 1 0 0 0 0 0 0 0 0
270	2	1 1 1 1 0 0 0 0 1 0 0 0 0 0 1 0
270	4	1 0 1 1 0 0 0 0 0 0 0 1 0 0 0 0
270	1	1 1 1 1 0 1 0 0 0 0 0 1 0 0 0 0
270	3	1 0 1 1 1 0 0 0 0 0 0 0 0 0 0 0
270	1	1 1 1 0 1 0 0 0 0 0 0 0 0 0 0 0
270	1	1 1 1 1 1 0 1 1 1 0 1 0 0 0 1 0
270	1	1 1 1 1 1 0 0 0 1 0 1 0 0 0 0 0
270	1	1 1 1 1 0 1 0 1 1 0 1 1 0 0 0 0
270	2	1 1 1 1 1 0 0 0 1 0 1 0 0 0 0 1
270	1	1 1 1 1 0 1 0 1 1 0 1 1 0 0 0 1
270	1	1 1 1 1 0 0 0 1 1 1 1 1 0 0 0 1
270	2	1 0 0 1 0 0 0 0 0 0 0 1 0 0 0 0
270	1	1 1 1 1 1 0 0 1 0 0 0 0 0 0 0 0
270	1	1 1 1 1 0 1 0 1 1 1 1 1 0 0 0 1
270	1	1 0 1 1 0 0 0 0 1 0 0 1 0 0 0 0
270	1	1 0 0 1 0 1 1 0 0 0 0 0 0 0 0 0
270	2	1 1 0 1 0 1 0 1 1 1 1 1 0 0 0 1
280	10	1 1 1 1 1 0 0 0 0 0 0 0 0 0 0 0
280	1	1 1 1 1 0 0 0 0 0 0 0 0 0 0 0 0
280	3	1 0 1 1 1 0 0 0 1 0 1 1 0 0 0 0
280	1	1 1 1 1 0 1 0 0 1 0 1 1 0 0 0 0
280	2	1 1 1 1 1 0 1 1 1 0 1 1 0 0 0 0
280	1	1 1 1 1 0 0 0 1 0 0 0 0 0 0 0 0
280	1	1 1 1 1 0 0 0 0 1 0 0 0 0 0 1 0
280	2	1 1 1 1 1 0 1 1 1 0 1 0 0 0 0 0
280	3	1 0 1 1 0 0 0 0 0 0 0 1 0 0 0 0
280	1	1 0 1 1 1 0 0 0 0 0 0 0 0 0 0 0
280	1	1 1 1 0 1 0 0 0 0 0 0 0 0 0 0 0
280	2	1 1 1 1 1 0 1 1 1 0 1 0 0 0 1 0
280	3	1 1 1 1 1 0 0 0 1 0 1 0 0 0 0 0
280	3	1 1 1 1 1 0 0 0 1 0 1 0 0 0 0 1
280	1	1 1 1 1 0 0 0 1 1 1 1 1 0 0 0 1
280	1	0 1 0 1 1 0 0 0 1 0 0 1 0 0 0 0
280	1	1 1 1 1 1 0 0 1 0 0 0 0 0 0 0 0
280	1	1 1 1 1 1 0 0 0 1 0 1 1 0 0 0 0
280	1	1 1 1 1 1 1 1 1 0 0 0 0 0 0 0 1
280	1	1 0 1 1 1 0 0 0 1 0 1 1 0 0 0 1
280	1	0 0 1 1 0 0 0 0 0 0 0 0 0 0 0 1
280	1	1 1 1 1 0 0 0 0 0 1 0 0 0 0 0 0
280	1	1 1 0 1 0 1 0 0 1 0 1 1 0 0 0 0
280	1	1 1 1 1 1 0 1 1 1 1 1 1 0 0 0 0
280	1	1 0 1 1 1 0 0 0 1 0 0 0 0 0 0 0
280	1	1 1 1 0 1 1 0 0 0 0 0 1 0 0 0 0
280	1	1 1 1 1 0 0 0 1 0 1 0 0 0 0 0 0
280	1	1 1 1 1 0 1 1 0 0 0 0 1 0 0 0 0
280	1	1 1 1 0 1 0 0 0 1 0 1 0 0 0 0 1
280	1	1 0 1 1 1 0 0 0 1 1 1 1 0 0 0 0
290	6	1 1 1 1 1 0 0 0 0 0 0 0 0 0 0 0
290	1	1 1 1 1 1 0 1 1 1 0 1 1 0 0 1 0
290	1	1 1 1 1 0 0 0 0 0 0 0 0 0 0 0 0
290	7	1 0 1 1 1 0 0 0 1 0 1 1 0 0 0 0
290	1	1 1 1 1 0 1 0 0 1 0 1 1 0 0 0 0
290	5	1 1 1 1 1 0 1 1 1 0 1 1 0 0 0 0
290	1	1 1 1 1 0 0 0 0 0 0 0 1 0 0 0 0
290	1	1 1 1 1 0 0 0 1 0 0 0 0 0 0 0 0
290	3	1 1 1 1 0 0 0 0 1 0 0 0 0 0 1 0
290	1	1 0 1 1 0 0 0 0 0 0 0 1 0 0 0 0
290	2	1 0 1 1 1 0 0 0 0 0 0 0 0 0 0 0
290	2	1 1 1 1 1 0 1 1 1 0 1 0 0 0 1 0
290	4	1 1 1 1 1 0 0 0 1 0 1 0 0 0 0 0
290	1	1 1 1 1 1 0 0 0 1 0 1 0 0 0 0 1
290	3	1 1 1 0 1 0 0 0 0 0 1 0 0 0 0 0
290	1	1 1 1 1 1 0 0 1 1 1 1 1 0 0 0 1
290	1	1 0 1 1 1 0 0 0 1 0 1 1 0 0 0 1
290	1	1 0 1 1 1 0 0 0 1 0 0 0 0 0 0 0
290	2	1 1 1 1 1 0 0 1 1 0 1 0 0 0 0 0
290	3	1 0 1 1 0 0 0 0 0 0 1 1 0 0 0 0
290	1	1 0 1 1 1 0 0 0 1 1 1 1 0 0 0 0
290	1	1 1 1 1 1 0 1 1 1 0 0 0 0 0 0 0
290	1	1 0 1 1 1 0 0 0 0 0 1 1 0 0 0 0
300	6	1 1 1 1 1 0 0 0 0 0 0 0 0 0 0 0
300	1	1 1 1 1 0 0 0 0 0 0 0 0 0 0 0 0
300	9	1 1 1 1 1 0 1 1 1 0 1 1 0 0 0 0
300	2	1 1 1 1 0 0 0 0 1 0 0 0 0 0 1 0
300	2	1 1 1 1 1 0 1 1 1 0 1 0 0 0 0 0
300	1	1 0 1 1 0 0 0 0 0 0 0 1 0 0 0 0
300	2	1 1 1 1 0 1 0 0 0 0 0 1 0 0 0 0
300	2	1 1 1 1 1 0 0 0 1 0 1 0 0 0 0 0
300	2	1 1 1 1 1 0 0 0 1 0 1 0 0 0 0 1
300	1	1 1 1 1 1 0 0 1 1 1 1 1 0 0 0 1
300	2	1 1 1 1 1 0 1 0 0 0 0 0 0 0 0 0
300	2	1 1 1 1 1 0 0 1 1 0 1 0 0 0 0 0
300	1	1 1 1 1 0 0 0 1 0 1 0 0 0 0 0 0
300	4	1 1 1 1 1 1 0 0 1 0 1 0 0 0 0 0
300	1	0 1 1 1 1 0 0 0 1 0 1 0 0 0 0 0
300	1	1 1 1 1 1 0 0 0 1 0 1 0 0 1 0 1
300	3	1 1 1 1 1 0 1 1 1 0 0 1 0 0 0 0
300	1	1 0 1 0 1 0 0 0 1 1 1 1 0 0 0 0
300	1	1 1 1 0 1 0 0 0 0 0 0 0 0 0 0 0
300	1	1 1 1 1 1 0 0 0 0 0 0 1 0 0 0 0
300	1	1 0 1 1 0 0 0 1 0 1 0 0 0 0 0 0
300	1	1 0 1 1 1 0 0 0 0 1 1 0 0 0 0 0
300	1	1 1 1 1 1 0 1 0 0 0 0 0 1 0 0 0
300	1	1 0 1 1 0 1 1 0 0 0 0 1 0 0 0 0
300	1	1 1 1 1 1 0 0 0 0 0 1 0 0 1 0 0
310	9	1 1 1 1 1 0 0 0 0 0 0 0 0 0 0 0
310	3	1 1 1 1 0 0 0 0 0 0 0 0 0 0 0 0
310	3	1 1 1 1 1 0 1 1 1 0 1 1 0 0 0 0
310	2	1 1 1 1 1 0 1 1 1 0 1 0 0 0 0 0
310	1	1 0 1 1 0 0 0 0 0 0 0 1 0 0 0 0
310	3	1 0 1 1 1 0 0 0 0 0 0 0 0 0 0 0
310	1	1 1 1 1 1 0 0 0 1 0 1 0 0 0 0 0
310	1	1 1 1 1 1 0 0 0 1 0 1 0 0 0 0 1
310	4	1 1 1 1 1 0 0 1 0 0 0 0 0 0 0 0
310	1	1 1 1 1 1 0 0 0 1 0 1 1 0 0 0 0
310	3	1 1 1 1 1 0 1 0 0 0 0 0 0 0 0 0
310	1	1 1 1 1 1 0 0 1 1 0 1 0 0 0 0 0
310	1	1 1 1 1 1 1 0 1 1 0 1 1 0 0 0 0
310	1	1 0 1 1 0 0 0 0 0 0 1 1 0 0 0 0
310	1	1 1 1 1 1 0 1 0 1 0 1 0 0 0 0 0
310	1	1 1 1 1 0 1 1 1 1 0 0 1 0 0 0 0
310	1	1 1 1 1 0 1 0 0 1 0 1 1 1 0 0 0
310	1	1 0 1 0 1 0 0 0 1 1 1 1 0 0 0 0
310	1	1 1 1 1 1 0 0 1 0 0 0 0 0 0 0 1
310	1	1 0 1 1 1 0 0 0 0 1 1 0 0 0 0 0
310	1	1 1 1 1 1 0 0 0 1 0 0 0 0 0 0 1
310	3	1 0 1 1 0 1 1 0 0 0 0 1 0 0 0 0
310	1	1 1 1 1 1 0 0 1 1 0 1 0 0 0 0 1
310	1	1 1 1 1 1 0 1 1 1 0 0 0 0 0 0 0
310	1	1 0 1 1 1 0 1 0 0 0 0 1 0 0 0 0
310	1	1 1 1 0 0 0 0 1 0 1 1 1 0 0 0 1
310	1	0 1 0 1 1 0 1 1 1 0 1 1 0 0 0 0
310	1	1 0 0 1 0 1 1 0 0 0 0 0 0 0 0 1
320	4	1 1 1 1 1 0 0 0 0 0 0 0 0 0 0 0
320	8	1 1 1 1 1 0 1 1 1 0 1 1 0 0 0 0
320	1	1 1 1 1 1 0 1 1 1 0 1 0 0 0 0 0
320	1	1 0 1 1 0 0 0 0 0 0 0 1 0 0 0 0
320	1	1 1 1 1 1 0 1 1 1 0 1 0 0 0 1 0
320	3	1 1 1 1 1 0 0 0 1 0 1 0 0 0 0 0
320	1	1 1 1 1 1 0 0 0 1 0 1 0 0 0 0 1
320	2	1 1 1 1 1 0 0 0 1 0 0 0 0 0 0 0
320	3	1 1 1 1 1 0 0 1 1 0 1 0 0 0 0 0
320	1	1 1 1 1 1 1 0 0 1 0 1 0 0 0 0 0
320	1	0 1 1 1 1 0 0 0 1 0 1 0 0 0 0 0
320	1	1 0 1 0 1 0 0 0 1 1 1 1 0 0 0 0
320	1	1 1 1 0 1 0 1 1 1 0 1 1 0 0 0 0
320	1	1 0 1 1 1 0 0 0 0 1 1 0 0 0 0 0
320	2	1 0 1 1 0 1 1 0 0 0 0 1 0 0 0 0
320	6	1 1 1 1 0 0 0 1 1 0 1 1 0 0 0 0
320	1	1 1 1 1 0 0 0 0 1 0 0 1 0 0 1 1
320	2	1 1 1 1 1 0 0 0 1 0 1 1 1 0 0 0
320	2	1 1 1 1 1 0 1 1 1 0 0 0 0 0 0 0
320	1	1 0 1 0 1 0 0 0 1 1 1 1 0 0 0 1
320	1	1 0 1 1 1 1 0 0 0 0 0 0 0 0 0 0
320	1	1 1 1 1 0 0 0 0 1 0 1 0 0 0 0 0
320	1	1 1 1 1 1 0 1 0 1 0 1 1 0 0 0 0
320	1	1 1 1 1 1 1 0 1 1 0 1 0 0 0 0 0
320	1	1 0 1 1 1 1 0 0 1 0 0 0 0 0 0 0
320	1	1 0 1 0 1 0 0 0 1 1 0 0 0 0 0 0
320	1	1 1 1 1 1 0 1 0 0 0 0 0 0 1 0 0
330	6	1 1 1 1 1 0 0 0 0 0 0 0 0 0 0 0
330	1	1 1 1 1 0 0 0 0 0 0 0 0 0 0 0 0
330	4	1 1 1 1 1 0 1 1 1 0 1 1 0 0 0 0
330	2	1 1 1 1 1 0 1 1 1 0 1 0 0 0 0 0
330	2	1 0 1 1 0 0 0 0 0 0 0 1 0 0 0 0
330	1	1 1 1 1 1 0 1 1 1 0 1 0 0 0 1 0
330	2	1 1 1 1 1 0 0 0 1 0 1 0 0 0 0 0
330	1	1 1 1 1 1 0 0 1 0 0 0 0 0 0 0 0
330	2	1 1 1 1 1 0 1 0 0 0 0 0 0 0 0 0
330	1	1 1 1 1 1 0 0 1 1 0 1 0 0 0 0 0
330	2	1 1 1 1 1 0 1 0 1 0 1 0 0 0 0 0
330	1	1 1 1 0 1 0 1 1 1 0 1 1 0 0 0 0
330	1	1 0 1 1 1 0 0 0 0 1 1 0 0 0 0 0
330	1	1 1 1 1 0 0 0 1 1 0 1 1 0 0 0 0
330	1	1 1 1 1 0 0 0 1 1 1 1 0 0 0 0 1
330	1	1 1 1 1 0 0 0 0 1 0 0 1 0 0 1 1
330	1	1 1 1 1 1 0 0 0 1 0 1 1 1 0 0 0
330	1	1 0 1 1 1 0 0 0 1 0 0 0 0 0 0 0
330	3	1 1 1 1 1 0 0 0 0 0 0 0 0 0 1 0
330	1	0 1 1 1 0 0 0 0 0 0 0 0 0 0 0 0
330	2	1 1 1 1 1 0 1 1 1 0 1 1 1 0 0 0
330	1	1 1 1 1 1 0 1 0 0 0 0 0 0 1 0 0
330	2	0 1 1 1 1 0 1 0 0 0 0 0 1 0 0 0
330	1	1 1 1 1 1 0 0 0 0 0 0 0 0 1 0 0
330	1	1 1 1 0 1 0 0 0 0 0 0 0 0 0 0 0
330	1	1 1 1 1 0 1 0 1 1 0 1 1 0 0 0 0
330	1	1 1 1 1 0 1 0 0 1 0 1 0 0 0 0 0
330	1	1 1 0 1 0 1 0 0 1 0 1 0 0 0 0 0
330	1	1 1 1 1 1 0 1 0 0 0 0 0 1 0 0 0
330	1	1 1 1 1 1 1 1 0 0 0 0 0 0 1 0 0
330	1	1 0 1 1 1 1 1 0 1 1 0 0 0 0 0 0
330	1	1 1 1 1 1 0 0 0 0 0 0 0 1 0 0 0
330	1	1 1 1 1 1 0 0 1 1 0 0 0 0 0 0 0
340	9	1 1 1 1 1 0 0 0 0 0 0 0 0 0 0 0
340	2	1 1 1 1 1 0 1 1 1 0 1 1 0 0 0 0
340	3	1 1 1 1 1 0 0 0 1 0 1 0 0 0 0 0
340	2	1 1 1 1 1 0 0 0 1 0 0 0 0 0 0 0
340	1	1 1 1 1 1 0 1 0 0 0 0 0 0 0 0 0
340	1	1 1 1 1 1 0 0 1 1 0 1 0 0 0 0 0
340	1	1 1 1 1 0 1 0 0 1 0 1 1 1 0 0 0
340	3	1 0 1 1 0 1 1 0 0 0 0 1 0 0 0 0
340	3	1 1 1 1 0 0 0 1 1 0 1 1 0 0 0 0
340	1	1 1 1 1 0 0 0 1 1 1 1 0 0 0 0 1
340	1	1 1 1 1 1 0 0 0 1 0 1 1 1 0 0 0
340	1	1 0 1 1 1 0 0 0 1 0 0 0 0 0 0 0
340	7	1 1 1 0 1 0 1 1 1 0 1 0 0 0 0 0
340	2	1 1 1 1 0 0 1 1 1 0 1 0 0 0 1 0
340	1	1 1 1 0 1 1 0 0 1 0 1 1 0 0 0 0
340	1	1 1 1 1 1 0 1 1 0 0 0 0 0 1 0 0
340	1	1 1 1 1 1 0 0 0 0 1 1 0 0 0 0 0
340	1	1 1 1 1 1 0 1 1 1 0 1 0 0 0 1 1
340	3	0 1 1 1 1 0 0 0 1 0 1 1 1 0 0 0
340	2	1 0 1 1 0 0 1 0 0 0 0 1 0 0 0 0
340	1	1 0 1 0 1 0 0 0 1 1 1 1 0 0 0 0
340	1	1 1 1 1 1 1 1 0 0 0 0 1 0 0 0 0
340	1	1 1 1 1 1 0 1 1 0 1 1 0 0 0 1 0
340	1	1 0 1 0 1 0 0 0 1 1 1 1 1 0 0 0
350	8	1 1 1 1 1 0 0 0 0 0 0 0 0 0 0 0
350	5	1 1 1 1 0 0 0 0 0 0 0 0 0 0 0 0
350	3	1 1 1 1 1 0 1 1 1 0 1 1 0 0 0 0
350	3	1 1 1 1 1 0 0 0 1 0 1 0 0 0 0 1
350	2	1 1 1 1 1 0 0 0 1 0 1 1 0 0 0 0
350	1	1 1 1 1 1 0 1 0 0 0 0 0 0 0 0 0
350	3	1 1 1 1 1 1 0 1 1 0 1 1 0 0 0 0
350	1	1 1 1 1 1 0 1 0 1 0 1 0 0 0 0 0
350	4	1 0 1 1 0 1 1 0 0 0 0 1 0 0 0 0
350	1	1 1 1 1 0 0 0 1 1 0 1 1 0 0 0 0
350	1	1 1 1 1 0 0 0 1 1 1 1 0 0 0 0 1
350	1	1 1 1 1 1 0 0 0 1 0 1 1 1 0 0 0
350	1	1 0 1 1 1 0 0 0 1 0 0 0 0 0 0 0
350	1	1 1 1 1 0 0 1 1 1 0 1 0 0 0 1 0
350	1	0 1 1 1 1 0 1 0 0 0 0 0 1 0 0 0
350	1	1 1 1 1 0 0 1 1 1 0 1 1 0 0 0 0
350	1	1 1 1 1 1 0 1 1 0 0 0 0 0 1 0 0
350	1	1 1 0 1 1 0 0 1 1 0 1 0 0 0 0 0
350	1	1 0 1 1 0 0 1 0 0 0 0 1 0 0 0 0
350	1	1 1 1 1 1 0 1 0 0 0 0 1 0 0 0 0
350	1	1 0 1 1 0 1 1 1 0 0 0 1 0 0 0 0
350	1	0 1 1 0 1 0 1 1 1 0 1 0 0 0 0 0
350	1	1 1 1 1 1 0 1 1 1 1 1 1 0 0 0 0
350	2	0 1 1 1 1 0 1 1 0 0 0 1 1 0 0 0
350	1	1 1 1 1 1 0 0 1 1 0 0 0 0 0 0 0
350	1	1 1 1 0 1 0 1 0 0 0 0 0 0 0 0 0
350	1	1 1 1 1 1 0 1 0 1 0 1 0 0 1 0 0
350	1	0 1 1 0 1 0 1 1 1 0 1 1 0 0 0 0
360	6	1 1 1 1 1 0 0 0 0 0 0 0 0 0 0 0
360	4	1 1 1 1 1 0 1 1 1 0 1 1 0 0 0 0
360	2	1 1 1 1 1 0 1 1 1 0 1 0 0 0 0 0
360	1	1 1 1 1 1 0 0 0 1 0 1 0 0 0 0 0
360	5	1 1 1 1 1 0 1 0 0 0 0 0 0 0 0 0
360	2	1 0 1 1 0 1 1 0 0 0 0 1 0 0 0 0
360	5	1 1 1 1 0 0 0 1 1 1 1 0 0 0 0 1
360	3	1 1 1 1 1 0 1 0 1 0 1 1 0 0 0 0
360	2	0 1 1 1 1 0 1 0 0 0 0 0 1 0 0 0
360	2	1 1 1 1 1 0 0 0 0 0 0 0 0 1 0 0
360	1	1 1 0 1 1 0 0 1 1 0 1 0 0 0 0 0
360	1	1 1 1 1 1 0 1 1 1 0 1 1 0 1 0 0
360	1	0 1 1 0 0 0 0 0 0 0 0 0 0 0 0 0
360	1	1 1 1 1 1 0 0 1 0 1 0 0 0 0 0 0
360	1	0 0 1 1 0 1 1 0 1 0 0 1 0 0 0 0
360	1	1 1 1 1 1 0 0 1 1 0 0 0 0 0 0 0
360	2	1 0 1 0 1 0 0 0 1 1 1 0 0 0 0 0
360	1	1 1 1 0 0 0 0 0 0 0 0 0 0 0 0 0
360	1	1 1 1 0 1 0 1 0 0 0 1 1 1 1 0 0
360	1	1 0 1 1 0 1 0 0 0 0 0 0 0 1 0 0
360	1	1 0 1 0 1 0 0 0 1 0 1 1 0 0 0 0
360	2	0 1 1 1 1 0 0 0 0 0 0 0 0 0 0 0
360	1	0 1 1 1 1 0 0 0 0 0 0 1 0 0 0 0
360	1	0 1 1 1 1 0 1 0 0 0 0 1 1 0 0 0
360	1	1 1 1 0 1 0 0 0 0 0 0 0 0 0 0 0
360	1	1 1 1 0 1 0 1 1 1 1 1 0 0 1 0 0
370	9	1 1 1 1 1 0 0 0 0 0 0 0 0 0 0 0
370	5	1 1 1 1 1 0 1 1 1 0 1 1 0 0 0 0
370	1	1 0 1 1 1 0 0 0 0 0 0 0 0 0 0 0
370	3	1 1 1 1 1 0 0 0 1 0 0 0 0 0 0 0
370	2	1 1 1 1 1 0 1 0 0 0 0 0 0 0 0 0
370	1	1 1 1 1 1 0 0 0 0 1 0 0 0 0 0 0
370	3	1 1 1 1 0 0 0 1 1 1 1 0 0 0 0 1
370	3	0 1 1 1 1 0 1 0 0 0 0 0 1 0 0 0
370	2	1 1 1 1 1 0 0 0 0 0 0 0 0 1 0 0
370	1	1 1 1 1 0 0 1 1 1 0 1 1 0 0 0 0
370	2	1 1 1 1 1 0 1 1 1 0 1 1 0 1 0 0
370	1	1 0 1 1 0 1 1 1 0 0 0 1 0 0 0 0
370	3	1 1 1 0 1 0 1 1 1 0 1 0 0 1 0 0
370	2	1 1 1 1 1 0 0 1 1 0 0 0 0 0 0 0
370	1	1 1 1 0 1 0 1 1 1 0 1 1 0 0 0 0
370	3	1 1 1 1 1 0 0 1 1 0 0 0 0 1 0 0
370	1	1 1 1 0 1 0 1 1 1 0 1 0 0 0 1 0
370	2	1 0 1 1 0 0 0 1 1 1 1 0 0 0 0 1
370	1	1 1 1 1 1 0 1 1 1 0 0 0 0 1 0 0
370	1	1 0 1 1 1 0 0 0 1 1 1 0 0 0 0 0
370	2	1 1 1 1 1 0 1 1 1 1 1 0 0 0 0 0
370	1	1 1 1 1 1 0 1 0 1 0 1 1 1 0 0 0
380	11	1 1 1 1 1 0 0 0 0 0 0 0 0 0 0 0
380	6	1 1 1 1 1 0 1 1 1 0 1 1 0 0 0 0
380	1	1 1 1 1 1 0 1 1 1 0 1 0 0 0 0 0
380	1	1 1 1 1 1 0 1 0 0 0 0 0 0 0 0 0
380	2	1 1 1 1 1 0 1 0 1 0 1 0 0 0 0 0
380	1	1 0 1 1 0 1 1 0 0 0 0 1 0 0 0 0
380	1	1 1 1 1 0 0 0 1 1 1 1 0 0 0 0 1
380	3	1 1 1 1 1 0 1 1 1 0 1 1 1 0 0 0
380	1	0 1 1 1 1 0 1 0 0 0 0 0 1 0 0 0
380	1	1 1 0 1 1 0 0 1 1 0 1 0 0 0 0 0
380	1	1 0 1 1 0 1 1 1 0 0 0 1 0 0 0 0
380	1	1 1 1 0 1 0 1 1 1 0 1 0 0 1 0 0
380	1	1 1 1 1 1 0 0 1 1 0 0 0 0 0 0 0
380	2	0 1 1 1 1 0 0 0 1 0 1 0 0 0 0 0
380	2	1 1 1 1 0 0 1 1 1 1 1 1 0 0 0 0
380	3	1 1 1 1 1 0 1 1 1 1 1 1 0 0 0 0
380	3	0 1 1 1 1 0 0 0 0 0 0 1 0 0 0 0
380	1	1 1 1 1 1 0 1 1 0 0 1 1 0 0 0 0
380	2	1 1 0 1 1 0 0 0 0 0 0 0 0 0 0 0
380	1	1 1 1 1 1 1 0 0 0 0 0 0 0 0 0 0
380	2	1 1 1 1 0 0 1 1 1 0 1 1 1 1 0 0
380	1	1 1 1 1 0 0 0 0 1 0 0 0 0 0 0 0
380	1	0 1 1 1 0 0 0 1 1 0 1 1 0 0 0 0
380	1	1 1 1 1 1 1 1 1 1 1 1 1 0 0 0 0
390	6	1 1 1 1 1 0 0 0 0 0 0 0 0 0 0 0
390	1	1 1 1 1 1 0 1 1 1 0 1 1 0 0 0 0
390	1	1 0 1 1 1 0 0 0 0 0 0 0 0 0 0 0
390	4	1 1 1 1 1 0 0 0 1 0 1 1 0 0 0 0
390	3	1 1 1 1 1 0 0 0 1 0 0 0 0 0 0 0
390	2	1 1 1 1 1 0 1 0 0 0 0 0 0 0 0 0
390	1	1 1 1 1 0 0 0 1 1 0 1 1 0 0 0 0
390	5	1 1 1 1 1 0 1 1 1 0 1 1 1 0 0 0
390	2	1 1 1 1 0 0 1 1 1 0 1 1 0 0 0 0
390	3	1 1 1 1 1 0 1 1 1 0 1 1 0 1 0 0
390	1	1 0 1 1 0 1 1 1 0 0 0 1 0 0 0 0
390	2	1 1 1 1 1 0 1 1 1 1 1 1 0 0 0 0
390	1	1 0 1 0 1 0 0 0 1 1 1 0 0 0 0 0
390	4	1 1 1 1 1 1 0 0 1 0 1 0 0 0 0 1
390	1	1 1 0 1 1 0 0 0 0 0 0 0 0 0 0 0
390	1	1 0 1 1 0 1 1 0 0 0 0 1 0 1 0 0
390	1	1 1 1 1 0 0 0 0 1 0 0 0 0 0 0 0
390	1	1 1 1 1 1 0 0 0 0 0 1 1 0 0 0 0
390	2	0 1 1 1 1 0 0 0 1 0 1 1 0 0 1 0
390	1	1 0 1 1 1 0 0 0 0 0 0 0 1 0 0 0
390	1	1 1 1 1 1 0 1 1 1 0 1 1 1 1 0 0
390	1	1 1 1 1 0 0 0 0 1 0 1 1 0 0 0 0
390	2	1 1 1 1 0 1 1 1 0 0 1 1 0 0 0 0
390	1	0 1 0 1 1 0 0 0 0 0 0 1 0 0 0 0
390	1	1 1 1 1 1 0 0 1 1 0 1 0 0 1 0 0
390	1	1 0 0 1 0 1 1 0 0 0 0 1 0 0 0 0
400	8	1 1 1 1 1 0 0 0 0 0 0 0 0 0 0 0
400	4	1 1 1 1 1 0 1 1 1 0 1 1 0 0 0 0
400	1	1 1 1 1 1 0 0 0 1 0 1 1 0 0 0 0
400	2	1 1 1 1 1 0 0 0 1 0 0 0 0 0 0 0
400	4	1 1 1 1 1 0 1 0 0 0 0 0 0 0 0 0
400	3	1 1 1 1 1 0 1 0 1 0 1 0 0 0 0 0
400	4	1 1 1 1 1 0 1 1 1 0 1 1 1 0 0 0
400	1	1 1 1 1 1 0 1 1 1 0 1 1 0 1 0 0
400	1	1 1 1 1 1 0 1 0 0 0 1 1 0 0 0 0
400	1	0 1 1 1 1 0 0 0 0 0 0 1 0 0 0 0
400	2	1 1 1 1 1 1 0 0 1 0 1 0 0 0 0 1
400	1	1 1 1 1 1 0 1 1 0 0 1 1 0 0 0 0
400	1	1 1 1 1 1 1 0 0 0 0 0 0 0 0 0 0
400	1	0 1 1 1 1 0 0 0 1 1 1 1 1 0 0 0
400	1	1 0 1 1 1 0 1 1 1 0 1 1 1 0 0 0
400	1	1 0 1 1 1 0 0 0 0 0 0 0 1 0 0 0
400	2	1 1 1 1 0 1 1 1 0 0 1 1 0 0 0 0
400	1	1 1 0 1 1 0 1 0 1 0 1 0 0 0 0 0
400	1	1 1 1 1 0 0 0 0 0 0 0 0 0 0 0 0
400	1	0 1 1 1 1 0 1 1 1 0 1 0 0 0 0 0
400	1	1 1 1 1 1 0 0 1 1 0 1 0 0 1 0 0
400	1	1 1 1 1 1 0 0 0 0 1 0 0 0 0 0 0
400	1	0 1 1 1 1 0 0 0 1 0 0 0 0 0 0 0
400	1	1 1 1 1 0 0 1 1 1 0 1 1 0 1 0 0
400	1	1 1 1 1 1 0 0 0 1 0 0 0 0 1 0 0
400	1	1 1 1 1 1 0 1 1 1 1 1 1 1 0 0 0
400	1	1 1 1 1 1 0 0 1 1 0 1 1 0 1 0 0
400	1	1 1 1 1 1 0 1 0 0 0 0 1 0 0 0 1
400	1	1 1 1 1 1 0 1 1 1 0 0 0 0 0 0 0
