0	250	1 0 0 1 0 0 0 1 0 1 0 0 1 0 0 0
0	250	1 0 1 0 0 0 1 0 1 0 0 1 0 0 0 0
0	250	1 0 0 0 1 0 0 1 0 0 1 0 0 0 0 0
0	250	1 0 0 0 0 0 0 0 1 1 0 0 0 1 1 1
8	250	1 0 0 1 0 0 0 1 0 1 0 0 1 0 0 0
8	281	1 0 1 0 0 0 1 0 1 0 0 1 0 0 0 0
8	171	1 0 0 0 1 0 0 1 0 0 1 0 0 0 0 0
8	103	1 0 0 0 0 0 0 0 1 1 0 0 0 1 1 1
8	3	1 0 0 0 0 0 0 0 1 1 1 0 0 0 0 0
8	5	1 0 0 0 0 0 0 1 0 0 1 0 0 0 0 0
8	7	1 0 0 0 0 0 1 0 1 0 0 1 0 0 0 0
8	4	1 0 0 1 0 0 1 1 0 1 0 0 1 0 0 0
8	7	0 0 0 1 0 0 0 1 0 1 0 0 1 0 0 0
8	10	1 0 1 0 1 0 1 0 1 0 0 1 0 0 0 0
8	2	1 0 1 0 0 0 1 0 1 0 0 1 0 1 0 0
8	2	1 0 0 0 0 0 0 1 1 1 0 0 0 1 1 1
8	2	1 0 0 0 0 0 0 0 1 1 0 0 1 1 1 1
8	2	1 0 0 0 0 0 0 0 1 0 0 0 0 1 1 1
8	1	1 0 1 0 0 0 0 1 0 1 0 0 1 0 0 0
8	7	1 0 0 0 0 0 0 0 1 0 1 0 0 0 0 0
8	13	1 0 1 1 0 0 0 1 0 1 0 0 1 0 0 0
8	6	1 0 1 0 0 0 1 0 1 0 1 1 0 0 0 0
8	3	1 1 0 0 1 0 0 1 0 0 1 0 0 0 0 0
8	5	1 0 0 0 1 0 0 1 0 1 1 0 0 0 0 0
8	1	1 0 0 0 1 0 0 1 0 0 1 1 0 0 0 0
8	2	0 0 0 0 1 0 0 1 0 0 1 0 0 0 0 0
8	11	1 0 0 1 0 0 0 1 0 1 0 0 0 0 0 0
8	5	1 0 0 1 0 0 0 0 1 0 0 1 0 0 0 0
8	1	1 0 0 0 0 0 0 1 1 0 1 0 0 0 0 0
8	4	1 0 0 1 1 0 0 1 0 0 1 0 0 0 0 0
8	1	1 0 0 0 1 0 0 1 0 0 1 0 0 0 1 0
8	1	1 0 0 1 0 0 0 0 1 1 0 0 0 1 1 1
8	8	1 0 1 0 0 0 1 0 1 0 1 0 0 0 0 0
8	3	1 0 0 1 0 0 0 1 0 0 0 0 1 0 0 0
8	2	1 0 0 0 1 0 1 1 0 0 1 0 0 0 0 0
8	4	1 0 0 0 0 0 0 0 1 1 0 0 0 1 0 1
8	2	1 0 0 0 0 0 1 0 1 0 1 0 0 0 0 0
8	5	1 0 0 0 0 0 0 0 1 1 0 1 0 0 0 0
8	3	1 0 0 1 0 0 0 1 0 0 1 0 0 0 0 0
8	1	1 0 1 0 0 0 1 1 1 0 0 1 0 0 0 0
8	11	1 0 0 0 1 0 0 1 0 0 1 0 0 1 0 0
8	2	1 0 0 0 0 0 1 0 1 1 0 0 0 1 1 1
8	1	1 0 0 0 0 1 0 0 1 1 0 0 0 1 1 1
8	2	1 0 0 0 0 0 0 0 0 1 0 0 1 0 0 0
8	3	1 0 0 1 0 0 0 1 0 1 0 1 1 0 0 0
8	3	1 0 0 1 0 0 0 1 0 1 0 0 1 0 1 0
8	1	1 0 0 1 1 0 0 1 0 1 0 0 1 0 0 0
8	4	1 0 0 1 0 0 0 0 0 1 0 0 1 0 0 0
8	3	1 0 1 0 1 0 0 1 0 1 0 0 1 0 0 0
8	5	1 0 1 0 0 0 1 0 0 0 1 0 0 0 0 0
8	3	1 0 0 0 1 0 0 1 0 0 1 0 0 0 1 1
8	1	1 0 0 1 0 0 0 1 0 1 1 0 1 0 0 0
8	1	1 0 1 0 0 0 1 0 1 0 0 1 0 0 0 1
8	2	1 0 0 0 0 0 0 0 1 1 1 0 0 1 1 1
8	1	1 0 1 0 0 0 0 0 1 1 0 0 0 1 1 1
8	4	1 0 0 0 1 0 0 0 1 1 0 0 0 1 1 1
8	3	1 0 0 0 1 0 0 1 1 0 1 1 0 0 0 0
8	2	1 0 1 1 0 0 1 0 1 0 1 1 0 0 0 0
8	2	1 1 0 0 1 0 0 1 0 0 1 1 0 0 0 0
8	3	1 0 0 0 1 0 1 0 1 0 0 1 0 0 0 0
8	3	1 0 0 0 0 0 0 0 1 1 0 0 0 1 1 0
8	1	1 0 0 0 0 0 0 0 1 1 0 0 0 0 1 1
8	1	1 0 1 1 0 0 0 1 0 1 1 0 1 0 0 0
45	62	1 0 0 1 0 0 0 1 0 1 0 0 1 0 0 0
45	264	1 0 1 0 0 0 1 0 1 0 0 1 0 0 0 0
45	70	1 0 0 0 1 0 0 1 0 0 1 0 0 0 0 0
45	7	0 0 0 1 0 0 0 1 0 1 0 0 1 0 0 0
45	30	1 0 1 1 0 0 0 1 0 1 0 0 1 0 0 0
45	35	1 0 1 0 0 0 1 0 1 0 1 1 0 0 0 0
45	12	1 0 0 0 1 0 0 1 0 1 1 0 0 0 0 0
45	3	1 0 0 1 0 0 0 1 0 1 0 0 0 0 0 0
45	7	1 0 0 1 1 0 0 1 0 0 1 0 0 0 0 0
45	8	1 0 1 0 0 0 1 0 1 0 1 0 0 0 0 0
45	32	1 0 1 0 0 0 1 1 1 0 0 1 0 0 0 0
45	4	1 0 0 0 1 0 0 1 0 0 1 0 0 1 0 0
45	1	1 0 0 1 0 0 0 1 0 1 0 1 1 0 0 0
45	5	1 0 0 1 0 0 0 1 0 1 1 0 1 0 0 0
45	35	1 0 1 0 0 0 1 0 1 0 0 1 0 0 0 1
45	14	1 0 1 0 0 0 1 0 1 0 0 1 1 0 0 0
45	31	1 0 1 0 0 0 1 0 0 0 0 1 0 0 0 0
45	21	1 0 1 0 0 0 1 0 1 0 0 1 0 0 1 0
45	27	1 0 0 1 0 1 0 1 0 1 0 0 1 0 0 0
45	4	1 0 1 0 0 0 1 0 1 1 0 0 1 0 0 0
45	8	1 1 1 0 0 0 1 0 1 0 0 1 0 0 0 0
45	9	1 0 0 1 0 1 0 1 0 0 1 0 0 0 0 0
45	2	1 0 1 0 0 0 1 0 1 1 1 0 0 0 0 0
45	17	1 0 1 0 0 0 1 0 0 0 1 1 0 0 0 0
45	7	0 0 0 1 0 0 0 1 0 1 0 0 1 1 0 0
45	15	0 0 1 0 0 0 1 0 1 0 0 1 0 0 0 0
45	36	1 0 0 1 0 0 1 0 1 0 0 1 0 0 0 0
45	20	1 0 1 0 0 0 1 0 1 0 0 0 0 0 0 0
45	5	1 0 0 1 1 0 0 1 0 1 0 0 1 1 0 0
45	4	0 0 0 1 0 0 1 0 1 0 0 1 0 0 0 0
45	30	1 0 0 0 1 0 0 0 0 0 1 0 0 0 0 0
45	6	1 0 1 0 0 0 0 1 0 1 0 0 1 1 0 0
45	4	1 0 0 0 1 0 0 1 0 0 1 0 0 0 0 1
45	1	1 0 1 0 0 0 1 0 1 1 0 0 0 0 0 0
45	4	1 0 1 0 0 0 1 0 1 0 0 0 1 0 0 0
45	1	1 0 0 0 0 0 1 0 0 1 0 0 1 0 0 0
45	1	1 0 1 1 0 0 1 0 0 0 0 1 0 0 0 0
45	13	1 0 1 0 0 0 1 0 1 1 1 0 1 0 0 0
45	10	1 0 0 1 0 1 1 1 0 0 1 0 0 0 0 0
45	5	1 1 0 1 0 0 0 1 0 1 0 0 1 0 0 0
45	2	1 0 1 0 0 0 1 0 1 0 0 1 0 0 1 1
45	3	1 0 1 0 0 1 1 0 1 0 0 1 0 0 0 0
45	14	1 0 0 1 1 0 0 1 0 0 1 1 0 0 0 0
45	1	1 0 0 1 0 0 1 1 0 1 0 0 1 1 0 0
45	2	1 0 1 0 1 0 1 0 1 0 0 1 0 0 0 0
45	3	1 0 1 0 0 0 1 0 1 0 0 1 0 1 0 0
45	3	1 0 0 0 0 0 1 0 0 0 0 1 0 0 0 0
45	10	1 0 1 0 0 1 0 1 0 1 0 0 1 1 0 0
45	4	1 0 1 0 0 0 1 1 0 1 0 0 1 1 0 0
45	6	1 0 1 0 0 0 0 1 0 1 0 0 1 0 0 0
45	1	1 0 0 0 1 0 0 1 1 0 0 1 0 0 0 0
45	1	1 0 1 0 0 0 1 0 1 1 0 1 0 0 0 0
45	5	1 0 1 1 0 0 0 1 0 1 1 0 1 0 0 0
45	2	1 0 0 1 0 1 0 1 1 0 1 1 0 0 0 0
45	4	1 0 1 0 0 0 1 1 1 0 0 1 1 0 0 0
45	5	0 0 0 1 0 0 0 1 0 0 1 0 0 0 0 0
45	2	1 0 0 1 1 0 0 1 0 0 0 1 0 0 0 0
45	2	1 0 0 1 0 0 0 1 0 1 1 0 0 0 0 0
45	1	0 0 0 1 0 0 0 1 0 0 0 0 0 0 0 0
45	3	1 0 1 0 0 0 1 0 0 1 0 0 1 0 0 0
45	6	0 0 1 0 0 0 1 0 0 0 0 1 0 0 0 0
45	2	1 0 0 1 0 0 0 1 0 1 1 1 0 0 0 0
45	1	1 0 0 1 0 1 1 0 0 0 1 0 0 0 0 0
45	8	1 1 1 1 0 0 0 0 1 0 0 1 0 1 0 0
45	3	1 0 1 0 0 0 0 0 1 0 0 1 0 0 0 0
45	2	1 0 1 1 0 0 0 0 0 1 0 0 1 0 0 0
45	4	0 0 1 0 1 0 1 0 1 0 0 1 0 0 0 0
45	1	1 0 0 1 1 0 0 1 0 1 0 0 0 1 0 0
45	2	1 0 0 0 1 0 0 0 0 0 1 0 1 0 0 0
45	1	1 0 0 0 0 0 0 1 0 1 0 0 1 0 0 0
45	1	1 0 0 1 0 0 0 1 1 1 0 0 1 0 0 0
45	2	1 0 0 0 0 0 0 0 0 1 0 0 1 0 0 0
45	1	0 0 1 1 0 0 1 0 0 0 0 1 0 0 0 0
45	2	1 0 1 0 0 0 1 0 0 0 0 0 1 0 0 0
45	2	1 0 0 1 0 1 0 1 1 0 0 1 0 0 0 0
45	1	1 0 0 1 0 0 1 1 0 1 0 0 1 0 0 0
45	4	1 0 0 0 0 0 1 0 1 0 1 1 0 0 0 0
45	3	1 0 1 0 0 0 1 0 0 0 0 1 0 0 0 1
45	1	1 0 1 0 0 0 1 0 0 0 1 1 1 0 0 0
45	1	1 0 1 0 0 0 1 0 0 0 1 1 0 0 1 0
45	2	0 0 0 1 0 0 0 1 0 0 0 0 1 1 0 0
45	1	1 1 0 1 0 0 0 1 1 1 0 0 1 0 0 0
45	2	1 0 1 0 0 0 0 1 0 1 0 0 1 0 1 0
45	3	1 0 0 1 1 0 1 1 0 0 0 1 0 0 0 0
85	203	1 0 1 0 0 0 1 0 1 0 0 1 0 0 0 0
85	22	1 0 0 0 1 0 0 1 0 0 1 0 0 0 0 0
85	46	1 0 1 0 0 0 1 0 1 0 1 1 0 0 0 0
85	8	1 0 0 0 1 0 0 1 0 1 1 0 0 0 0 0
85	11	1 0 1 0 0 0 1 1 1 0 0 1 0 0 0 0
85	14	1 0 1 0 0 0 1 0 1 0 0 1 0 0 0 1
85	30	1 0 1 0 0 0 1 0 1 0 0 1 1 0 0 0
85	77	1 0 0 1 0 1 0 1 0 1 0 0 1 0 0 0
85	65	1 1 1 0 0 0 1 0 1 0 0 1 0 0 0 0
85	22	0 0 1 0 0 0 1 0 1 0 0 1 0 0 0 0
85	54	1 0 0 1 0 0 1 0 1 0 0 1 0 0 0 0
85	82	1 0 1 0 0 0 1 0 1 0 0 0 0 0 0 0
85	9	1 0 0 0 1 0 0 0 0 0 1 0 0 0 0 0
85	4	1 0 1 0 0 1 0 1 0 1 0 0 1 1 0 0
85	14	1 0 1 0 0 0 1 0 1 1 0 1 0 0 0 0
85	3	1 0 0 1 0 0 0 1 0 1 1 0 0 0 0 0
85	1	1 0 1 0 0 0 1 0 0 1 1 0 1 0 0 0
85	9	1 0 0 0 1 0 0 0 1 0 1 1 0 0 0 0
85	13	1 0 0 1 0 0 0 1 0 1 1 0 1 0 0 0
85	7	1 0 1 0 0 0 1 1 1 0 1 1 0 0 0 0
85	8	1 0 1 1 0 0 1 0 1 0 0 1 0 0 0 0
85	13	0 0 1 0 0 0 1 1 1 0 0 1 0 0 0 0
85	8	1 0 1 0 0 0 1 1 0 1 0 0 1 0 0 0
85	43	1 0 1 1 0 0 1 1 1 1 1 0 1 0 0 0
85	17	1 0 1 0 0 0 1 0 1 0 1 1 0 0 0 1
85	17	0 0 1 0 0 0 1 0 0 0 0 1 0 0 0 0
85	4	1 0 1 0 0 1 1 0 1 0 0 1 0 0 0 0
85	4	1 0 1 0 0 0 1 0 1 0 0 1 0 0 1 0
85	3	1 1 0 1 0 0 0 1 0 1 0 1 0 0 0 0
85	13	1 0 1 0 0 0 1 0 1 1 1 0 0 0 0 0
85	3	1 0 1 0 0 1 0 0 1 0 0 1 0 0 0 0
85	3	1 1 1 0 0 0 1 0 1 0 0 1 0 1 0 0
85	9	1 0 1 0 0 0 1 0 1 0 0 1 1 0 0 1
85	1	1 1 1 0 0 0 1 1 0 1 0 0 1 0 0 0
85	21	1 0 1 1 0 0 1 0 1 0 0 1 0 0 1 0
85	1	1 0 1 0 0 0 1 0 1 0 0 0 1 0 0 0
85	3	1 1 0 1 0 1 0 1 0 1 0 0 1 0 0 1
85	4	1 1 0 1 0 0 0 0 0 1 0 0 0 0 0 0
85	10	1 0 1 1 0 0 1 0 1 0 1 0 0 0 0 0
85	1	1 0 1 1 0 0 1 1 1 1 1 0 1 1 0 0
85	17	1 0 0 1 0 1 0 0 1 0 0 1 0 0 0 0
85	3	1 0 0 1 0 0 0 1 0 1 0 0 1 0 0 0
85	4	1 1 1 0 0 1 1 0 1 0 0 1 0 0 0 0
85	10	0 0 1 0 1 0 1 1 1 0 0 1 0 0 0 0
85	4	1 0 0 0 1 1 0 0 1 0 1 1 0 0 0 0
85	4	1 0 0 1 0 0 1 0 1 0 0 0 0 0 0 0
85	3	1 0 1 1 0 0 1 1 1 0 0 1 0 0 1 0
85	1	1 1 1 0 0 0 1 0 1 0 1 1 0 0 0 0
85	3	1 0 0 0 1 0 0 0 0 1 1 0 0 0 0 0
85	2	1 0 1 0 0 0 1 1 0 1 0 0 0 0 0 0
85	1	1 0 1 0 1 0 0 1 0 1 1 0 0 0 0 0
85	3	1 0 0 0 1 0 0 1 0 1 1 0 0 0 0 1
85	4	0 0 1 0 0 0 1 0 0 0 0 1 1 0 0 0
85	1	1 0 1 0 0 1 0 0 1 0 1 1 0 0 0 0
85	1	1 0 1 0 0 0 1 0 0 1 0 1 0 0 0 0
85	8	1 0 0 0 1 0 0 1 0 1 1 1 0 0 0 0
85	1	1 0 1 0 0 1 0 1 0 1 0 1 1 0 0 1
85	1	1 0 1 0 0 1 0 0 1 0 0 0 0 0 0 0
85	1	1 0 0 1 0 1 0 1 0 1 1 0 1 0 0 0
85	3	1 0 0 1 0 0 0 1 1 1 1 0 1 0 0 0
85	3	0 0 1 0 0 0 1 1 1 0 1 1 0 0 0 0
85	5	0 0 1 0 0 0 1 0 0 0 0 0 0 0 0 0
85	1	1 0 0 1 0 1 0 1 0 1 0 1 0 0 0 0
85	2	1 0 0 1 0 0 1 0 1 0 0 1 0 0 0 1
85	3	1 0 0 1 0 0 1 1 1 0 0 1 0 0 0 0
85	2	1 0 0 0 1 0 0 1 0 1 1 0 0 0 1 0
85	3	1 0 0 0 0 0 1 0 1 0 0 0 0 0 0 0
85	1	1 0 1 0 0 0 1 0 0 1 0 0 1 0 0 0
85	1	1 0 0 0 1 0 0 0 0 1 1 0 0 0 0 1
85	1	1 0 1 0 1 0 1 1 1 0 0 1 0 0 0 0
85	5	1 0 1 0 0 0 1 1 1 0 0 1 0 1 0 0
85	1	0 0 1 0 0 0 0 0 0 0 1 0 0 0 0 0
85	4	1 0 0 1 0 0 1 1 0 1 1 0 1 0 0 0
85	2	1 0 1 1 0 1 0 0 1 0 0 1 0 0 0 0
85	1	1 0 0 0 0 0 0 1 0 1 0 0 1 0 0 0
85	2	1 0 1 0 0 1 1 0 0 1 1 0 0 0 0 0
85	1	1 1 0 1 0 0 0 1 0 0 1 0 0 0 0 0
85	1	1 0 1 1 0 0 1 0 1 1 1 0 1 0 0 0
85	1	1 0 1 0 0 0 1 0 1 0 0 1 0 1 0 0
85	1	1 0 0 1 0 0 1 0 1 0 0 1 0 0 1 0
85	1	1 0 1 1 0 0 0 0 1 0 1 0 0 0 0 0
85	2	1 0 1 1 0 0 1 1 0 1 0 0 0 0 0 0
85	1	0 0 1 0 0 1 1 0 1 1 0 1 0 0 0 0
154	68	1 0 1 0 0 0 1 0 1 0 0 1 0 0 0 0
154	25	1 0 1 0 0 0 1 0 1 0 1 1 0 0 0 0
154	32	1 1 1 0 0 0 1 0 1 0 0 1 0 0 0 0
154	3	1 0 0 1 0 0 1 0 1 0 0 1 0 0 0 0
154	11	1 0 1 0 0 0 1 0 1 0 0 0 0 0 0 0
154	19	1 0 1 0 0 0 1 0 1 1 0 1 0 0 0 0
154	27	1 0 1 1 0 0 1 0 1 0 0 1 0 0 0 0
154	23	1 0 1 1 0 0 1 1 1 1 1 0 1 0 0 0
154	16	1 0 1 0 0 0 1 0 0 1 0 1 0 0 0 0
154	9	1 0 1 1 0 0 1 0 1 0 0 1 0 0 1 1
154	11	1 0 1 0 0 0 0 0 1 0 0 1 0 0 0 0
154	2	1 0 1 0 1 0 1 0 1 0 0 1 1 1 0 0
154	20	1 0 0 1 0 0 1 0 1 0 0 1 0 1 0 0
154	106	1 0 1 1 1 0 1 0 1 0 1 0 0 0 0 0
154	9	1 0 1 1 0 0 1 0 1 0 1 0 1 0 0 0
154	17	1 0 1 0 1 0 1 0 1 0 1 0 0 0 0 0
154	31	1 0 1 1 0 0 1 0 1 1 0 1 0 0 0 0
154	46	1 0 1 0 0 0 1 1 1 0 0 1 0 0 0 0
154	2	1 0 1 1 0 1 0 1 0 0 0 0 1 0 0 0
154	13	1 1 1 0 0 0 0 0 0 0 0 1 0 0 0 0
154	6	1 0 0 1 0 0 1 0 1 1 0 1 0 0 0 0
154	6	1 0 1 1 0 0 1 0 1 0 1 0 0 0 0 0
154	10	1 0 0 1 0 1 0 1 0 1 0 0 1 0 0 1
154	28	1 0 0 0 0 0 1 1 1 0 0 1 0 0 0 0
154	5	1 0 1 0 0 0 1 0 1 0 0 1 0 0 1 0
154	15	1 0 1 1 1 0 1 0 1 0 0 1 0 0 0 0
154	7	1 0 1 0 0 0 1 1 1 0 0 1 1 0 1 0
154	4	1 0 1 0 1 0 0 0 1 0 0 1 0 0 0 0
154	10	1 0 1 0 0 1 1 1 1 1 0 1 0 0 0 0
154	2	1 0 1 1 0 1 0 1 0 1 0 1 1 0 0 0
154	29	1 1 1 1 0 0 1 0 1 0 0 1 0 0 0 0
154	13	1 0 1 1 0 1 1 0 1 0 0 1 0 0 0 0
154	9	1 0 1 1 1 0 1 0 1 0 1 1 1 1 0 0
154	15	1 0 1 1 1 0 1 0 1 0 1 1 0 0 0 0
154	6	0 0 1 0 0 0 1 0 0 0 1 0 0 1 0 0
154	1	1 0 1 0 0 0 1 0 1 1 0 1 1 0 0 0
154	9	1 1 0 1 0 0 1 0 1 1 0 1 0 0 0 0
154	9	1 0 0 1 0 0 1 1 1 1 0 1 0 0 0 0
154	10	1 1 1 1 0 0 1 1 1 0 1 0 1 1 0 0
154	11	1 0 1 1 1 0 1 0 1 1 0 1 0 0 0 0
154	5	1 0 1 0 0 0 1 0 1 0 0 1 0 0 1 1
154	6	1 0 1 0 0 0 1 0 1 1 0 1 0 1 0 0
154	15	1 0 0 1 0 0 1 0 1 0 1 1 0 0 0 0
154	16	1 1 1 1 0 0 1 1 1 0 1 0 0 0 0 1
154	13	1 0 0 0 0 0 1 0 1 0 0 1 0 0 1 1
154	30	1 0 0 1 1 0 1 0 1 0 1 0 0 0 0 0
154	2	1 0 1 0 1 0 1 0 1 1 1 0 0 0 0 0
154	16	1 0 1 0 0 0 0 0 1 0 0 0 0 0 0 0
154	5	1 0 1 0 0 1 0 1 1 1 0 1 0 0 0 0
154	8	1 0 0 0 0 0 1 0 1 0 0 1 0 0 0 0
154	7	1 0 1 1 1 1 1 0 1 0 0 1 0 0 0 0
154	10	1 0 0 0 0 0 1 0 1 1 0 1 0 0 0 0
154	8	0 0 1 1 1 0 1 0 1 0 1 0 0 0 0 0
154	4	1 0 0 1 0 0 1 0 1 0 0 1 0 1 1 0
154	3	1 0 1 0 0 0 1 0 1 0 1 0 0 1 0 0
154	2	1 0 0 1 1 1 1 0 1 0 1 0 0 0 0 0
154	2	1 0 1 0 1 0 1 0 1 0 1 0 0 0 0 1
154	8	1 0 1 0 0 0 1 1 1 0 0 0 1 0 1 0
154	2	1 0 1 0 0 0 0 0 1 1 0 1 1 0 0 0
154	3	1 0 1 1 1 0 0 0 1 0 0 0 0 1 0 0
154	3	0 0 1 0 0 0 1 0 0 0 1 1 0 0 0 0
154	11	1 1 1 1 0 0 0 0 0 0 0 1 0 0 0 0
154	3	1 0 1 0 1 0 1 0 1 0 0 1 0 0 0 0
154	2	1 0 1 1 0 1 0 1 0 0 0 0 1 0 1 0
154	2	0 0 1 0 0 1 1 1 1 1 0 1 0 0 0 0
154	2	0 0 1 0 0 0 1 0 0 1 1 0 0 1 0 0
154	8	1 1 1 0 0 0 1 0 1 0 1 0 0 0 0 1
154	3	1 0 1 1 0 0 1 1 1 1 1 1 1 0 0 0
154	3	1 0 1 1 0 0 1 0 1 0 1 0 1 0 0 1
154	14	1 0 1 1 0 1 1 1 1 1 0 1 0 0 0 0
154	7	1 1 1 1 0 0 1 0 1 0 0 1 0 0 0 1
154	5	1 0 1 0 0 0 0 0 1 1 0 1 0 1 0 0
154	3	1 0 1 1 0 0 1 1 1 0 1 0 0 1 0 0
154	4	1 0 1 0 0 0 0 0 1 0 0 0 1 0 0 0
154	3	1 0 1 0 0 1 1 1 1 0 1 0 0 0 0 0
154	4	1 1 1 1 0 0 1 0 1 0 0 1 0 1 1 0
154	7	1 0 1 1 0 0 0 0 1 0 0 1 0 0 0 0
154	7	1 0 1 1 0 0 0 0 1 1 0 1 0 0 0 0
154	4	1 0 0 0 0 0 1 1 1 0 0 1 1 0 0 0
154	3	1 0 0 0 0 0 1 1 1 1 0 1 0 0 0 0
154	7	1 0 0 0 0 1 1 1 1 0 0 0 0 0 0 0
154	1	1 0 1 0 0 0 1 0 1 0 1 0 0 0 0 0
154	2	0 0 1 0 0 0 1 0 1 0 0 1 0 0 0 0
154	1	1 0 1 0 0 0 1 0 0 0 0 1 0 0 0 0
154	1	1 0 1 1 1 0 1 0 0 0 1 0 0 0 0 0
154	1	1 0 1 0 0 0 1 1 1 0 0 0 0 0 0 0
154	1	1 1 1 1 0 1 1 1 1 0 1 0 0 0 0 1
154	1	0 0 1 0 0 0 1 0 0 1 0 0 0 1 0 0
154	1	1 0 1 1 0 0 1 0 1 0 0 1 0 0 0 1
154	1	1 0 1 1 1 0 1 1 1 0 0 1 1 0 1 0
154	3	1 0 1 0 1 0 1 0 1 0 1 1 0 0 0 0
154	1	1 1 1 0 0 1 0 1 1 1 0 1 0 0 0 0
154	1	1 0 1 0 0 0 0 0 1 1 0 1 0 0 0 0
154	1	1 0 1 0 0 0 0 1 1 0 0 1 0 0 0 0
154	1	1 1 1 0 0 0 0 0 0 0 0 1 0 1 0 0
154	2	1 1 1 1 0 0 1 0 1 1 0 1 0 0 0 0
154	3	1 0 1 1 1 1 1 0 1 0 1 1 1 1 0 0
154	6	1 0 1 0 0 0 1 0 1 0 1 0 1 1 0 0
154	1	1 1 1 1 1 0 1 0 1 0 1 1 0 0 0 0
154	3	1 0 1 0 1 0 1 0 0 1 0 1 0 0 0 0
154	1	1 0 0 1 1 0 1 0 1 0 0 1 0 1 0 0
154	1	1 0 1 0 0 0 1 0 1 0 1 0 1 0 0 0
154	1	1 0 0 1 0 1 0 1 0 1 0 0 1 1 0 1
239	5	1 0 1 1 0 0 1 0 1 0 0 1 0 0 0 0
239	47	1 0 1 1 1 0 1 0 1 0 1 0 0 0 0 0
239	8	1 0 1 1 0 0 1 0 1 0 1 0 0 0 0 0
239	60	1 0 1 1 1 0 1 0 1 0 0 1 0 0 0 0
239	90	1 1 1 1 0 0 1 0 1 0 0 1 0 0 0 0
239	18	1 0 1 1 1 0 1 0 1 1 0 1 0 0 0 0
239	24	1 1 1 1 0 0 1 1 1 0 1 0 0 0 0 1
239	84	1 1 1 1 1 0 1 0 1 0 0 1 0 0 0 0
239	28	1 1 1 1 0 0 1 1 1 0 1 0 0 0 0 0
239	28	1 1 1 1 1 0 1 0 1 0 1 0 0 0 0 0
239	17	1 1 1 1 0 0 1 0 1 0 1 0 0 0 0 0
239	18	1 1 1 1 0 0 1 1 1 0 1 1 0 0 0 0
239	11	1 0 1 1 0 0 1 0 0 0 1 0 0 0 0 0
239	24	1 1 1 1 0 0 1 1 1 0 0 1 0 0 0 0
239	1	1 1 1 1 1 0 0 0 0 0 0 1 0 0 1 0
239	8	1 1 1 1 0 0 0 0 1 0 1 0 0 0 0 0
239	32	1 1 1 1 0 0 1 0 0 0 0 1 0 0 0 0
239	12	1 1 1 1 0 0 1 0 1 0 1 0 1 0 0 0
239	5	1 0 1 1 0 0 1 1 1 0 1 1 0 0 0 0
239	75	1 1 1 1 1 0 1 0 1 0 0 0 0 0 0 0
239	1	1 0 1 1 0 0 1 0 1 0 0 1 0 0 0 1
239	63	1 0 1 1 0 0 1 0 1 1 0 0 0 0 0 0
239	2	1 0 1 1 0 1 1 1 1 1 1 0 1 0 0 0
239	18	1 1 1 0 0 0 1 1 1 0 0 1 1 0 0 0
239	8	1 0 1 1 1 1 1 0 0 0 0 1 0 0 0 0
239	22	0 1 1 1 1 0 1 0 1 0 0 1 0 0 0 0
239	3	1 1 1 1 0 0 0 0 1 1 0 1 0 0 0 0
239	15	1 1 1 0 0 0 1 1 1 0 0 1 0 0 0 0
239	10	1 1 1 1 1 0 1 0 0 0 0 1 0 0 0 0
239	4	1 1 1 1 1 0 1 0 1 0 0 1 0 0 1 0
239	7	1 1 1 1 0 0 1 0 1 0 1 0 1 0 0 1
239	10	1 1 1 0 0 0 1 1 1 1 0 1 1 0 0 0
239	49	1 1 1 1 0 0 1 0 1 0 1 1 0 0 0 0
239	7	1 1 1 1 1 0 0 1 0 0 0 1 0 0 1 0
239	2	1 0 1 1 1 0 1 0 1 0 1 0 1 0 0 0
239	1	1 1 1 0 1 0 0 0 1 0 0 0 0 0 0 0
239	5	1 1 1 1 0 0 1 1 0 0 1 0 0 0 0 0
239	2	1 0 0 1 1 0 1 0 1 0 0 1 0 0 0 0
239	2	1 1 1 1 1 0 1 1 1 0 0 1 0 0 0 0
239	17	1 1 1 1 0 0 0 0 1 0 1 0 1 0 0 0
239	1	1 0 1 1 1 0 1 0 1 0 0 0 0 0 0 0
239	1	1 1 1 1 0 0 1 0 1 1 0 1 0 0 0 0
239	17	1 1 1 1 0 0 1 0 1 0 0 1 0 0 0 1
239	2	1 1 1 1 0 0 1 1 1 0 1 1 1 0 0 0
239	2	1 1 1 1 0 0 0 0 1 0 0 1 0 0 0 0
239	1	1 0 1 0 1 0 1 0 1 0 1 0 0 0 0 0
239	1	1 0 1 1 0 0 1 0 1 0 1 0 0 0 1 0
239	4	0 1 1 1 1 0 1 0 1 0 0 0 0 0 0 0
239	2	1 0 0 0 0 0 0 0 0 0 1 0 0 0 0 0
239	4	1 0 0 1 0 0 1 0 0 0 1 0 0 0 0 0
239	4	1 1 1 1 0 0 1 1 1 0 0 0 0 0 0 1
239	16	1 1 1 1 0 0 1 0 0 1 0 1 0 0 0 0
239	11	1 1 1 0 0 0 0 0 1 0 1 1 0 0 0 0
239	1	0 1 1 1 1 0 1 0 1 0 1 0 0 0 0 0
239	2	1 1 1 1 0 0 1 0 1 1 0 0 0 0 0 0
239	1	1 1 1 0 0 0 1 1 0 0 1 0 0 0 0 0
239	6	1 1 1 0 0 0 1 0 0 0 0 1 1 0 0 0
239	4	0 1 1 1 0 0 1 0 1 0 0 1 1 0 0 1
239	2	1 0 1 1 0 0 1 0 1 0 0 1 0 1 0 0
239	2	1 1 1 1 1 0 1 0 1 0 1 1 0 0 0 0
239	7	1 1 1 1 0 0 1 1 0 0 1 1 0 0 0 0
239	2	1 1 0 1 0 0 1 0 1 0 1 0 1 0 0 0
239	2	1 0 1 1 1 0 1 1 1 0 0 1 1 0 0 0
239	9	1 1 1 1 0 0 1 0 1 0 0 0 0 0 0 0
239	2	1 1 1 1 0 0 1 1 1 0 1 1 0 0 0 1
239	4	0 1 1 1 0 0 1 1 1 0 1 0 0 0 0 1
239	3	1 0 1 1 0 0 0 0 1 1 0 0 0 0 0 0
239	5	1 0 1 1 1 0 1 0 1 0 1 0 0 1 0 0
239	3	1 0 1 1 1 0 1 0 1 0 0 1 0 0 1 0
239	1	1 0 1 1 0 0 0 0 1 0 0 0 0 0 0 0
239	3	1 1 1 0 1 0 1 0 1 0 0 0 0 0 0 0
239	2	1 0 1 1 0 0 1 0 0 0 0 1 0 0 0 1
239	2	1 0 1 0 0 0 1 1 1 0 0 1 1 0 0 0
239	3	1 0 1 1 1 0 1 0 1 0 1 0 0 0 1 0
239	3	1 0 1 1 1 0 1 0 1 1 0 1 0 0 0 1
239	2	1 1 1 1 1 1 1 0 1 0 0 1 0 0 0 0
239	1	1 1 0 1 1 0 1 0 1 0 1 0 0 0 0 0
239	1	1 1 1 1 0 0 0 1 1 0 1 1 0 0 0 0
239	1	1 1 1 1 1 0 1 1 1 0 0 0 0 0 0 0
239	3	1 0 1 1 0 0 1 0 0 1 0 0 0 0 0 0
239	2	1 1 1 1 0 0 0 0 1 0 0 1 0 0 1 0
239	1	1 0 1 1 0 0 1 0 0 0 1 1 0 0 0 0
239	2	1 1 1 1 0 0 1 0 0 0 0 0 0 0 0 0
239	2	1 1 1 1 1 0 1 0 1 1 0 1 0 0 0 0
239	1	1 0 1 0 0 0 1 0 1 0 0 1 0 0 0 0
239	1	1 0 1 1 0 0 1 0 1 1 0 1 0 0 0 0
239	1	1 1 0 1 1 0 1 0 1 0 0 1 0 0 0 0
239	1	1 0 1 1 0 1 1 0 1 1 0 0 0 0 0 0
239	1	1 1 1 1 0 0 1 0 1 0 1 1 0 0 0 1
239	2	1 1 1 1 0 0 1 0 1 0 0 0 0 0 0 1
252	18	1 0 1 1 1 0 1 0 1 0 1 0 0 0 0 0
252	9	1 0 1 1 0 0 1 0 1 0 1 0 0 0 0 0
252	5	1 0 1 1 1 0 1 0 1 0 0 1 0 0 0 0
252	75	1 1 1 1 0 0 1 0 1 0 0 1 0 0 0 0
252	9	1 0 1 1 1 0 1 0 1 1 0 1 0 0 0 0
252	3	1 1 1 1 0 0 1 1 1 0 1 0 0 0 0 1
252	67	1 1 1 1 1 0 1 0 1 0 0 1 0 0 0 0
252	41	1 1 1 1 0 0 1 1 1 0 1 0 0 0 0 0
252	21	1 1 1 1 1 0 1 0 1 0 1 0 0 0 0 0
252	40	1 1 1 1 0 0 1 0 1 0 1 0 0 0 0 0
252	1	1 1 1 1 0 0 1 1 1 0 1 1 0 0 0 0
252	5	1 0 1 1 0 0 1 0 0 0 1 0 0 0 0 0
252	6	1 1 1 1 0 0 1 1 1 0 0 1 0 0 0 0
252	1	1 1 1 1 0 0 0 0 1 0 1 0 0 0 0 0
252	39	1 1 1 1 0 0 1 0 0 0 0 1 0 0 0 0
252	3	1 1 1 1 0 0 1 0 1 0 1 0 1 0 0 0
252	6	1 0 1 1 0 0 1 1 1 0 1 1 0 0 0 0
252	114	1 1 1 1 1 0 1 0 1 0 0 0 0 0 0 0
252	18	1 0 1 1 0 0 1 0 1 1 0 0 0 0 0 0
252	13	1 0 1 1 0 1 1 1 1 1 1 0 1 0 0 0
252	17	1 1 1 0 0 0 1 1 1 0 0 1 1 0 0 0
252	1	1 0 1 1 1 1 1 0 0 0 0 1 0 0 0 0
252	8	0 1 1 1 1 0 1 0 1 0 0 1 0 0 0 0
252	8	1 1 1 1 1 0 1 0 0 0 0 1 0 0 0 0
252	12	1 1 1 0 0 0 1 1 1 1 0 1 1 0 0 0
252	83	1 1 1 1 0 0 1 0 1 0 1 1 0 0 0 0
252	7	1 1 1 1 1 0 0 1 0 0 0 1 0 0 1 0
252	8	1 1 1 1 0 0 0 0 1 0 1 0 1 0 0 0
252	16	1 1 1 1 0 0 1 0 1 0 0 1 0 0 0 1
252	7	1 1 1 1 0 0 1 1 1 0 1 1 1 0 0 0
252	2	1 1 1 1 0 0 1 0 0 1 0 1 0 0 0 0
252	20	1 1 1 0 0 0 0 0 1 0 1 1 0 0 0 0
252	18	1 1 1 0 0 0 1 0 0 0 0 1 1 0 0 0
252	13	1 1 1 1 1 0 1 0 1 0 1 1 0 0 0 0
252	8	1 1 1 1 0 0 1 1 0 0 1 1 0 0 0 0
252	22	1 1 1 1 0 0 1 0 1 0 0 0 0 0 0 0
252	5	1 0 1 1 0 0 0 0 1 1 0 0 0 0 0 0
252	24	1 0 1 1 1 0 1 0 1 0 1 0 0 1 0 0
252	5	1 0 1 1 1 0 1 0 1 0 1 0 0 0 1 0
252	1	1 1 0 1 1 0 1 0 1 0 0 1 0 0 0 0
252	6	1 1 1 1 0 0 1 0 1 0 1 1 0 0 0 1
252	4	1 0 0 1 1 0 1 0 1 0 0 1 0 0 1 0
252	14	1 1 1 1 1 1 1 0 1 0 0 0 0 0 0 0
252	9	1 1 1 1 0 0 1 0 1 0 0 1 0 0 1 0
252	12	1 0 1 1 1 0 0 0 1 1 0 1 0 0 0 1
252	9	1 1 1 1 0 0 1 1 1 0 1 0 0 1 0 0
252	7	1 1 1 1 1 0 1 0 1 0 0 0 0 1 0 0
252	7	1 1 1 1 0 1 1 0 1 0 0 0 0 0 0 0
252	9	1 1 1 1 1 0 1 0 0 0 0 0 0 0 0 0
252	4	1 1 1 1 0 0 1 0 1 1 0 1 0 0 0 0
252	1	0 1 1 1 0 0 1 0 1 0 0 1 0 0 0 0
252	5	1 1 1 1 1 0 1 0 0 0 0 1 1 0 0 0
252	1	1 0 1 1 1 0 1 0 1 0 1 1 0 0 0 0
252	3	1 1 1 0 0 0 1 1 1 0 1 0 0 0 0 0
252	4	1 1 1 1 0 0 1 1 1 0 0 1 0 1 0 0
252	3	1 1 1 1 0 0 1 0 0 0 1 1 0 0 0 1
252	6	1 0 1 1 0 0 1 0 1 0 0 1 0 0 0 0
252	3	1 1 1 0 0 0 1 0 1 0 0 1 0 0 0 0
252	9	1 1 1 1 0 1 1 0 0 0 0 1 0 0 0 0
252	4	1 0 1 1 0 0 1 0 1 1 0 0 1 0 0 0
252	4	0 1 1 1 0 0 1 0 1 0 1 1 1 0 0 1
252	2	1 1 1 1 0 0 1 0 0 1 1 0 0 0 0 0
252	3	1 1 1 0 0 0 0 0 1 0 1 1 1 0 0 0
252	4	1 1 1 1 0 0 1 1 1 0 1 1 0 0 0 1
252	11	1 1 1 1 1 0 1 0 1 0 1 0 1 0 0 0
252	7	1 0 1 1 0 0 1 0 1 1 1 0 0 0 0 0
252	6	1 1 1 0 0 0 0 0 0 0 1 1 0 0 0 0
252	5	1 0 1 1 0 0 1 0 1 0 1 1 0 0 0 0
252	3	1 0 1 1 0 1 1 0 1 0 0 0 0 0 0 0
252	4	1 0 1 1 1 0 1 0 1 0 0 0 0 0 0 0
252	3	1 1 1 1 1 1 1 0 0 0 0 1 0 0 0 0
252	1	1 0 1 1 1 0 0 0 1 1 1 0 0 0 1 0
252	2	1 0 1 0 1 0 1 0 1 1 0 1 0 0 0 0
252	1	1 1 1 1 0 0 1 0 1 0 1 1 1 0 0 0
252	5	1 1 1 1 0 0 1 0 1 1 0 0 0 0 0 0
252	3	1 1 1 1 1 0 0 0 1 0 0 1 0 0 0 0
252	3	0 1 1 1 0 0 1 0 1 0 0 0 0 0 0 0
252	5	1 1 1 1 1 0 0 0 1 0 1 1 0 0 0 0
252	2	1 1 1 1 1 1 1 0 1 0 1 0 0 0 0 0
252	1	1 0 1 1 1 1 1 0 0 0 0 1 0 0 1 0
252	2	0 1 1 1 1 0 1 0 1 0 0 1 0 1 0 0
252	1	1 1 1 1 0 0 0 0 1 0 0 1 0 0 0 1
252	1	1 1 1 0 0 0 1 1 0 0 0 1 0 0 1 0
252	1	1 1 1 1 0 1 1 0 1 0 0 1 0 0 0 0
252	1	1 1 1 1 0 1 1 1 1 0 1 0 0 0 0 0
252	2	1 1 1 1 1 0 1 1 1 0 0 0 0 0 0 0
252	2	1 1 1 1 0 0 1 1 1 0 0 1 1 0 0 0
252	3	0 1 1 1 1 1 1 0 1 0 0 1 0 0 0 0
252	3	1 1 0 1 0 0 1 0 1 0 1 1 0 0 0 0
252	1	1 1 0 1 1 0 0 1 0 0 0 1 0 0 1 0
252	3	1 1 1 1 0 0 0 1 0 0 0 1 0 0 1 0
252	1	1 0 1 1 0 0 0 0 1 1 0 0 0 0 1 0
252	1	1 0 0 1 0 0 0 0 1 1 0 0 0 0 0 0
252	4	1 0 1 1 1 0 1 0 0 0 1 0 0 1 0 0
350	47	1 1 1 1 0 0 1 0 1 0 0 1 0 0 0 0
350	80	1 1 1 1 1 0 1 0 1 0 0 1 0 0 0 0
350	91	1 1 1 1 0 0 1 1 1 0 1 0 0 0 0 0
350	53	1 1 1 1 1 0 1 0 1 0 1 0 0 0 0 0
350	76	1 1 1 1 1 0 1 0 1 0 0 0 0 0 0 0
350	16	1 1 1 1 0 0 0 0 1 0 1 0 1 0 0 0
350	11	1 1 1 1 1 0 1 0 1 0 1 1 0 0 0 0
350	33	1 1 1 1 0 0 1 0 1 0 0 0 0 0 0 0
350	16	1 1 1 1 0 0 1 0 1 0 0 1 0 0 1 0
350	3	1 0 1 1 1 0 1 0 1 1 1 0 0 0 0 0
350	26	1 1 1 1 0 0 1 0 1 1 1 0 0 0 0 0
350	13	1 1 1 1 0 0 1 0 1 1 0 0 0 0 0 0
350	6	1 1 1 1 0 0 0 0 1 0 1 0 0 0 0 0
350	4	1 1 1 1 0 0 1 0 0 1 0 1 0 0 0 0
350	20	1 1 1 1 1 0 1 0 0 0 1 0 0 0 0 0
350	3	1 0 1 1 0 0 1 0 1 0 0 1 0 0 1 0
350	6	1 1 1 1 1 0 1 0 1 0 1 0 0 0 0 1
350	7	1 1 1 1 1 0 1 0 1 0 0 0 1 0 0 0
350	15	1 1 1 1 1 1 1 0 1 0 0 0 0 0 0 0
350	37	1 1 1 1 0 0 1 0 0 0 1 1 0 0 1 0
350	7	1 1 1 1 1 1 1 0 1 0 0 1 0 0 0 0
350	6	1 1 1 1 1 0 1 0 1 1 1 1 0 0 0 0
350	21	1 1 1 1 0 0 1 0 1 0 1 0 0 0 0 0
350	9	1 1 1 1 1 0 1 0 1 1 1 0 0 1 0 0
350	8	0 1 1 1 1 0 1 0 1 1 1 0 0 0 0 0
350	4	1 1 1 0 0 0 1 1 1 0 1 0 0 0 0 0
350	18	1 1 1 1 1 0 1 1 1 0 1 0 0 0 0 0
350	8	1 1 1 0 1 0 1 0 1 0 0 0 0 0 0 0
350	9	1 1 1 1 1 0 1 0 1 0 0 1 0 0 0 1
350	5	1 1 1 1 1 0 0 0 1 1 1 0 0 0 0 0
350	11	1 0 1 1 1 0 1 0 1 0 0 0 0 0 0 0
350	5	1 1 1 1 1 0 1 0 1 0 0 1 0 0 1 0
350	34	1 1 1 1 1 1 0 1 1 0 1 0 0 0 0 0
350	19	1 1 0 1 0 0 1 0 1 0 0 1 0 0 0 0
350	30	1 1 1 1 1 0 1 0 0 0 0 0 0 0 0 0
350	5	1 0 1 1 0 0 0 1 1 0 1 0 0 0 0 0
350	1	1 1 1 1 0 0 1 0 1 0 0 0 1 0 0 0
350	6	1 1 1 1 0 0 1 1 1 0 1 0 0 0 1 0
350	2	1 1 1 1 1 1 1 0 0 1 0 1 0 0 0 0
350	3	1 1 1 1 0 0 1 0 1 0 1 0 1 0 0 0
350	12	0 1 1 1 1 0 1 0 1 1 0 0 0 0 0 0
350	14	1 1 1 1 1 0 1 1 0 0 1 0 0 0 0 0
350	2	1 1 1 1 0 0 1 0 0 1 1 1 0 0 1 0
350	3	1 1 1 1 1 0 1 0 0 1 0 1 0 0 1 0
350	3	1 0 1 1 1 0 1 0 1 1 0 0 0 0 0 0
350	10	0 1 0 1 1 0 1 0 1 1 1 0 0 0 0 0
350	13	1 1 1 1 0 0 1 0 1 0 0 0 0 0 1 0
350	1	1 1 1 1 0 0 1 0 1 1 0 1 1 0 0 0
350	3	1 1 1 1 1 0 1 0 1 1 0 0 0 0 0 0
350	3	1 1 1 1 1 0 1 1 1 0 1 0 0 1 0 0
350	2	1 1 1 1 1 1 1 0 1 0 1 0 0 0 0 0
350	2	1 0 1 1 0 0 0 0 1 0 1 0 0 0 0 0
350	6	1 0 1 1 1 0 1 0 1 0 1 0 0 0 0 1
350	7	1 1 1 1 0 0 1 0 0 0 1 0 0 0 0 0
350	5	1 1 1 1 0 0 1 1 1 0 1 0 0 0 0 1
350	11	1 1 1 1 1 0 1 1 1 0 0 0 0 0 0 0
350	7	1 0 1 1 0 1 1 0 1 0 0 1 0 0 1 0
350	3	1 1 1 0 1 1 0 1 1 0 1 0 0 0 0 0
350	2	1 0 1 1 0 0 1 0 1 0 0 0 0 0 0 0
350	6	1 0 1 1 0 0 1 1 1 0 1 0 0 0 0 0
350	3	1 1 1 0 1 1 1 0 1 0 0 1 0 0 0 0
350	3	1 1 1 1 1 0 1 0 1 0 0 0 0 0 1 0
350	1	1 1 1 1 0 0 1 0 0 0 1 1 0 1 1 0
350	3	0 1 1 1 1 0 0 0 1 1 1 0 0 0 0 0
350	12	1 1 1 1 1 0 1 1 1 1 1 0 0 0 0 0
350	18	1 1 1 1 1 0 1 1 0 0 1 0 1 0 0 0
350	7	1 1 1 1 0 0 1 0 0 0 0 0 0 0 0 0
350	1	1 1 0 0 0 0 1 1 1 0 1 0 0 0 0 0
350	1	1 1 1 1 1 0 1 0 1 0 0 1 0 1 0 1
350	1	0 0 1 1 1 0 0 0 1 1 1 0 0 0 0 0
350	5	1 1 0 1 0 0 1 1 0 0 1 0 0 0 0 0
350	4	1 1 1 1 0 0 1 0 0 0 0 1 0 0 0 0
350	3	0 1 1 1 0 0 1 1 1 0 1 0 0 0 0 0
350	6	1 1 1 1 1 0 1 0 0 0 0 0 1 0 0 0
350	2	1 1 1 0 1 0 1 0 0 0 0 0 0 0 0 0
350	1	1 1 0 1 0 0 1 1 1 0 1 0 0 0 0 0
350	1	1 1 1 1 0 0 1 0 0 0 1 1 0 0 1 1
350	1	0 1 1 1 1 0 1 0 1 1 0 0 0 0 1 0
350	1	1 1 1 1 0 0 1 1 1 1 1 0 0 0 0 0
350	4	1 1 1 1 1 0 1 0 1 0 1 0 1 0 0 0
350	1	1 1 1 1 1 0 1 0 0 1 1 0 0 0 0 0
350	4	0 1 0 1 1 0 1 0 1 1 1 0 0 0 1 0
350	2	1 1 1 1 1 1 1 1 0 0 1 0 1 0 0 0
350	3	1 1 1 1 0 0 1 0 0 0 0 0 1 0 0 0
350	3	1 1 1 1 0 0 1 0 0 1 0 0 0 0 0 0
350	1	0 1 1 1 1 1 1 0 1 0 0 0 0 0 0 0
350	4	0 1 1 1 0 0 1 0 1 1 1 0 0 0 0 0
350	2	1 1 1 1 0 0 1 0 0 0 1 1 1 1 1 0
350	4	1 1 1 1 0 0 1 0 1 1 1 0 0 0 1 0
350	2	1 1 1 1 1 0 1 0 1 1 1 0 0 0 0 0
350	1	1 1 1 1 1 0 0 0 1 0 1 1 0 0 0 0
350	1	1 1 1 1 1 0 1 1 1 0 1 0 0 0 1 0
350	2	1 0 1 1 0 1 1 0 1 0 0 1 0 0 1 1
350	1	1 0 1 1 0 0 1 1 1 0 1 0 0 0 1 0
350	2	1 1 1 0 0 0 1 0 0 0 0 0 0 0 0 0
400	114	1 1 1 1 1 0 1 0 1 0 0 1 0 0 0 0
400	19	1 1 1 1 0 0 1 1 1 0 1 0 0 0 0 0
400	23	1 1 1 1 1 0 1 0 1 0 1 0 0 0 0 0
400	45	1 1 1 1 1 0 1 0 1 0 0 0 0 0 0 0
400	12	1 1 1 1 0 0 0 0 1 0 1 0 1 0 0 0
400	33	1 1 1 1 0 0 1 0 1 0 0 0 0 0 0 0
400	25	1 1 1 1 0 0 1 0 1 0 0 1 0 0 1 0
400	15	1 1 1 1 1 0 1 0 0 0 1 0 0 0 0 0
400	23	1 0 1 1 0 0 1 0 1 0 0 1 0 0 1 0
400	6	1 1 1 1 1 1 1 0 1 0 0 0 0 0 0 0
400	17	1 1 1 1 0 0 1 0 1 0 1 0 0 0 0 0
400	17	0 1 1 1 1 0 1 0 1 1 1 0 0 0 0 0
400	87	1 1 1 1 1 0 1 1 1 0 1 0 0 0 0 0
400	1	1 1 1 0 1 0 1 0 1 0 0 0 0 0 0 0
400	52	1 1 1 1 1 1 0 1 1 0 1 0 0 0 0 0
400	45	1 1 1 1 1 0 1 0 0 0 0 0 0 0 0 0
400	18	1 1 1 1 1 0 1 1 1 0 1 0 0 1 0 0
400	41	1 1 1 1 1 0 1 1 1 0 0 0 0 0 0 0
400	43	1 0 1 1 0 0 1 1 1 0 1 0 0 0 0 0
400	8	1 1 1 1 1 0 1 0 1 0 0 0 0 0 1 0
400	32	1 1 1 1 0 0 1 0 0 0 0 1 0 0 0 0
400	1	1 1 1 1 1 0 1 1 1 0 0 0 0 0 1 0
400	17	1 1 1 1 1 0 0 0 1 1 1 1 0 0 0 0
400	21	1 1 1 1 0 0 1 0 0 0 0 0 0 0 0 0
400	21	1 1 1 1 1 0 1 0 1 1 1 0 0 0 0 0
400	3	1 1 1 1 1 0 1 1 1 1 1 1 0 0 0 0
400	15	1 1 1 1 1 1 1 0 1 0 0 1 0 0 0 0
400	2	1 1 1 1 1 0 1 1 1 1 1 0 0 1 0 0
400	15	1 1 1 1 1 0 1 1 1 0 0 1 0 0 0 0
400	11	1 0 1 1 0 0 1 1 1 1 0 1 0 0 1 0
400	2	1 1 1 0 1 0 1 0 1 0 0 1 0 0 0 0
400	3	0 1 1 1 0 0 1 1 1 0 1 0 0 0 0 0
400	7	1 1 0 1 0 0 1 0 0 1 1 1 0 0 0 0
400	11	1 1 0 1 1 1 0 1 1 0 1 0 0 0 0 0
400	14	1 1 1 1 0 0 1 0 1 0 0 1 0 0 0 0
400	6	1 1 1 1 1 1 0 1 1 0 1 0 0 0 1 0
400	9	1 1 1 1 0 1 1 1 1 0 1 0 0 1 0 0
400	10	1 1 1 1 1 0 1 1 1 0 1 0 1 0 0 0
400	3	1 0 1 1 1 1 0 1 1 0 1 0 0 0 1 0
400	11	1 1 1 1 0 0 1 1 1 0 1 0 0 1 0 0
400	9	1 1 1 1 0 0 0 0 0 0 0 0 0 0 0 0
400	8	1 1 0 1 1 0 1 1 1 0 1 0 0 0 0 0
400	2	1 1 1 1 0 1 1 0 0 0 0 1 0 0 1 0
400	18	1 1 1 1 1 1 1 0 1 0 1 0 0 0 0 0
400	13	1 1 1 1 0 0 1 1 0 0 0 1 0 0 0 0
400	4	1 1 1 1 0 0 1 0 1 0 1 1 0 0 0 0
400	4	1 1 1 1 1 1 0 1 1 0 1 0 0 0 0 1
400	3	1 1 1 1 1 1 1 1 1 0 1 0 0 1 0 0
400	2	1 0 1 1 0 0 1 0 1 0 0 0 0 0 0 0
400	7	1 1 1 1 1 1 0 1 1 0 1 1 0 0 0 0
400	4	1 1 1 1 1 0 1 1 1 0 0 0 1 0 0 0
400	17	1 1 1 1 0 0 1 0 0 0 0 1 0 0 1 0
400	1	1 1 1 1 0 0 1 0 1 0 0 0 1 0 0 0
400	3	1 0 1 1 0 0 1 0 1 0 0 1 0 0 0 0
400	4	1 1 1 1 1 0 1 0 0 1 1 1 0 0 0 0
400	2	1 1 1 1 1 0 1 0 0 0 1 0 0 1 0 0
400	3	1 1 1 1 1 0 1 0 0 0 0 1 0 0 0 0
400	1	1 0 1 1 0 0 1 1 1 0 0 1 0 0 0 0
400	2	1 1 1 1 1 0 1 0 1 0 0 0 0 1 0 0
400	1	0 1 1 0 1 0 1 0 1 1 1 0 0 0 0 0
400	4	1 1 1 1 1 1 1 0 1 0 0 1 0 0 0 1
400	4	1 1 1 1 0 1 1 0 1 0 0 1 0 0 0 0
400	1	1 0 1 1 0 0 1 0 1 1 1 0 0 0 0 0
400	1	1 1 1 1 0 1 1 1 1 0 0 0 0 0 0 0
400	2	1 0 1 0 0 0 1 0 1 0 0 1 0 0 1 0
400	3	1 1 0 1 1 0 1 1 1 0 0 1 0 0 0 0
400	3	1 0 1 1 1 1 0 1 1 0 1 0 0 0 0 0
400	1	1 1 1 1 1 0 1 0 1 1 0 0 0 0 0 0
400	3	1 1 1 1 1 0 1 0 1 0 1 0 1 0 0 0
400	1	1 1 1 1 1 0 1 0 1 0 0 1 0 1 0 0
400	1	1 1 1 1 1 0 1 0 1 0 1 0 0 1 0 0
400	1	1 1 1 1 1 0 1 1 1 1 1 0 0 0 0 0
400	4	1 1 1 1 1 0 1 1 1 0 0 0 0 0 0 1
400	1	1 1 1 0 0 0 1 0 0 0 0 1 0 0 0 0
400	1	1 1 1 1 0 0 1 0 1 0 0 0 0 0 1 0
400	1	1 1 1 1 1 1 1 0 0 0 0 0 0 0 0 0
400	1	1 1 1 1 1 0 1 0 1 1 1 0 1 0 0 0
400	1	1 0 1 1 1 1 0 1 1 1 1 0 0 0 1 0
