0	250	0 0 0 0 0 0 1 0 0 0 0 1 1 0 0 1
0	250	1 0 0 0 0 0 0 0 0 1 0 0 0 0 0 0
0	250	0 0 0 0 0 0 0 0 0 0 0 0 0 0 0 0
0	250	0 0 0 0 1 0 0 0 0 0 1 0 1 1 0 0
20	134	0 0 0 0 0 0 1 0 0 0 0 1 1 0 0 1
20	152	1 0 0 0 0 0 0 0 0 1 0 0 0 0 0 0
20	201	0 0 0 0 0 0 0 0 0 0 0 0 0 0 0 0
20	64	0 0 0 0 1 0 0 0 0 0 1 0 1 1 0 0
20	13	0 0 0 0 0 0 0 0 0 0 0 1 1 0 0 1
20	2	0 0 0 0 0 0 1 0 0 0 0 1 0 0 0 1
20	14	0 1 0 0 0 0 1 0 0 0 0 1 1 0 0 1
20	47	0 0 0 0 0 0 0 1 0 0 0 0 0 0 0 0
20	3	1 0 0 0 1 0 0 0 0 0 1 0 1 1 0 0
20	8	0 0 0 0 1 1 0 0 0 0 1 0 1 1 0 0
20	4	1 0 0 0 0 0 0 0 0 1 0 0 0 0 0 1
20	16	1 0 0 0 0 0 0 0 0 0 0 0 0 0 0 0
20	18	1 0 0 1 0 0 0 0 0 1 0 0 0 0 0 0
20	12	0 0 0 0 0 0 0 0 0 0 1 0 0 0 0 0
20	4	0 0 0 0 0 1 0 0 0 0 0 0 0 0 0 0
20	3	0 0 0 0 1 0 0 0 1 0 1 0 1 1 0 0
20	51	0 0 1 0 0 0 0 0 0 0 0 0 0 0 0 0
20	5	0 0 0 0 0 0 1 0 0 1 0 1 1 0 0 1
20	1	0 0 0 0 1 1 0 0 0 0 1 0 1 0 0 0
20	2	0 0 1 0 0 0 0 0 1 0 0 1 1 0 0 1
20	13	1 0 0 0 0 0 0 0 0 1 0 0 0 0 1 0
20	11	0 0 0 0 0 0 1 0 0 0 0 1 1 0 0 0
20	12	0 0 0 0 0 0 1 0 0 0 0 0 1 0 0 1
20	6	0 1 0 0 0 0 0 0 0 0 0 0 0 0 0 0
20	19	0 0 0 0 0 0 1 0 0 0 0 0 0 0 0 0
20	46	1 0 0 0 0 0 0 0 0 1 0 1 0 0 0 0
20	17	1 0 1 0 0 0 0 0 0 1 0 0 0 0 0 0
20	2	1 0 0 0 0 0 0 0 0 1 0 0 0 1 0 0
20	12	0 0 0 0 0 0 0 0 0 0 0 0 0 1 0 0
20	2	1 0 0 0 0 0 0 0 0 1 0 0 1 0 0 1
20	4	0 0 0 0 0 0 0 0 0 0 1 0 1 1 0 0
20	1	0 1 0 0 0 0 0 0 0 0 0 1 1 0 0 1
20	3	1 0 0 0 0 0 0 0 1 1 0 0 0 0 0 0
20	12	1 1 0 0 0 1 0 0 0 1 0 0 0 0 0 0
20	7	0 0 0 0 1 1 0 0 0 0 0 0 0 0 0 0
20	5	0 0 0 0 1 0 1 0 0 1 0 0 0 0 0 0
20	3	1 0 0 0 0 0 1 0 0 1 0 0 0 0 0 0
20	6	0 0 0 0 1 0 0 0 0 0 1 0 1 1 1 0
20	5	0 0 0 0 0 0 1 0 0 0 0 1 1 1 0 1
20	7	0 0 1 1 1 0 0 0 0 0 1 0 1 0 0 0
20	1	1 0 0 0 0 0 0 0 0 1 0 1 1 0 0 1
20	5	1 0 0 0 0 0 0 0 0 0 1 0 1 1 0 0
20	8	1 0 0 1 0 0 0 0 0 0 0 1 1 0 0 1
20	3	1 0 0 0 0 0 0 0 0 0 0 1 1 0 0 1
20	4	0 0 0 1 0 0 0 0 0 0 0 0 0 0 0 0
20	3	1 0 0 0 0 0 0 0 0 1 0 0 1 1 0 0
20	8	0 0 1 0 0 0 0 0 1 0 0 0 0 0 0 0
20	1	1 0 0 0 0 0 1 0 0 0 0 1 1 0 0 1
20	3	0 0 0 0 0 0 0 0 0 0 0 0 0 0 1 0
20	2	0 1 1 0 0 0 0 0 0 0 0 0 0 0 0 0
20	3	0 0 0 0 0 0 0 1 0 0 0 1 1 0 0 1
20	1	1 0 0 0 0 0 0 0 0 1 0 0 1 0 0 0
20	1	1 0 0 1 0 0 0 0 0 1 0 0 1 0 0 0
20	1	0 0 0 0 0 0 1 1 0 0 0 1 1 0 0 0
20	1	1 0 0 0 0 0 0 0 1 1 0 1 0 0 0 0
20	1	0 0 0 0 0 0 0 0 0 0 0 0 1 1 0 0
20	2	1 0 0 0 1 0 1 0 0 1 0 0 0 0 0 0
20	2	0 0 0 0 0 0 0 1 0 1 0 1 0 0 0 0
20	1	1 0 0 0 0 0 0 1 0 0 0 0 0 0 0 0
20	1	0 0 0 0 0 0 0 1 0 0 0 1 0 0 0 0
20	1	1 0 0 0 1 0 0 0 0 0 1 0 1 1 0 1
40	6	0 0 0 0 0 0 1 0 0 0 0 1 1 0 0 1
40	127	1 0 0 0 0 0 0 0 0 1 0 0 0 0 0 0
40	90	0 0 0 0 0 0 0 0 0 0 0 0 0 0 0 0
40	35	0 0 0 0 1 0 0 0 0 0 1 0 1 1 0 0
40	10	0 0 0 0 0 0 0 0 0 0 0 1 1 0 0 1
40	65	0 0 0 0 0 0 0 1 0 0 0 0 0 0 0 0
40	8	1 0 0 0 0 0 0 0 0 1 0 0 0 0 0 1
40	16	1 0 0 0 0 0 0 0 0 0 0 0 0 0 0 0
40	2	1 0 0 1 0 0 0 0 0 1 0 0 0 0 0 0
40	2	0 0 0 0 0 1 0 0 0 0 0 0 0 0 0 0
40	68	0 0 1 0 0 0 0 0 0 0 0 0 0 0 0 0
40	5	0 0 0 0 0 0 1 0 0 1 0 1 1 0 0 1
40	20	1 0 0 0 0 0 0 0 0 1 0 0 0 0 1 0
40	13	0 0 0 0 0 0 1 0 0 0 0 0 1 0 0 1
40	27	0 1 0 0 0 0 0 0 0 0 0 0 0 0 0 0
40	9	0 0 0 0 0 0 1 0 0 0 0 0 0 0 0 0
40	48	1 0 0 0 0 0 0 0 0 1 0 1 0 0 0 0
40	21	1 0 1 0 0 0 0 0 0 1 0 0 0 0 0 0
40	3	1 0 0 0 0 0 0 0 0 1 0 0 0 1 0 0
40	10	0 0 0 0 0 0 0 0 0 0 0 0 0 1 0 0
40	4	1 0 0 0 0 0 0 0 0 1 0 0 1 0 0 1
40	11	1 0 0 0 0 0 0 0 1 1 0 0 0 0 0 0
40	33	1 1 0 0 0 1 0 0 0 1 0 0 0 0 0 0
40	14	0 0 0 0 1 0 1 0 0 1 0 0 0 0 0 0
40	1	0 0 0 0 1 0 0 0 0 0 1 0 1 1 1 0
40	3	0 0 0 0 0 0 1 0 0 0 0 1 1 1 0 1
40	2	1 0 0 0 0 0 0 0 0 1 0 1 1 0 0 1
40	9	0 1 1 0 0 0 0 0 0 0 0 0 0 0 0 0
40	7	0 0 0 1 0 0 0 0 0 1 0 0 0 0 0 0
40	9	1 0 0 0 0 1 0 0 0 1 0 0 0 0 0 0
40	12	0 0 1 0 0 0 0 1 0 0 0 0 0 0 0 0
40	8	1 0 0 0 0 0 1 0 0 1 0 0 0 0 0 0
40	2	0 0 1 0 1 0 0 0 0 0 1 0 1 1 0 0
40	1	1 0 0 1 0 0 0 0 1 1 0 0 0 0 0 0
40	13	0 0 0 0 0 0 0 0 0 1 0 0 0 0 0 0
40	6	0 0 0 0 0 0 1 0 0 1 0 1 0 0 0 0
40	17	0 0 0 0 1 0 0 0 0 0 1 0 0 0 0 0
40	22	0 0 0 0 1 0 0 1 0 0 0 0 0 0 0 0
40	3	1 0 0 0 0 0 0 0 0 0 0 0 0 0 1 0
40	26	1 0 0 0 0 0 0 1 0 0 0 0 0 0 0 0
40	3	1 1 0 0 0 1 1 0 0 1 0 0 0 0 0 0
40	4	0 0 1 1 0 0 0 0 0 0 0 0 0 0 0 0
40	26	0 0 0 1 0 0 0 1 0 0 0 0 0 0 0 0
40	7	0 0 0 0 0 0 1 0 0 0 0 0 1 0 0 0
40	1	1 1 0 0 0 1 0 0 0 0 0 0 0 0 0 0
40	3	0 0 0 0 1 1 0 0 1 0 1 0 1 1 0 0
40	5	0 0 0 0 0 0 1 0 0 0 0 0 0 0 0 1
40	3	0 1 0 0 0 0 0 0 0 0 1 0 0 0 0 0
40	11	1 0 0 0 0 0 0 0 0 1 0 1 0 0 0 1
40	3	0 0 0 1 0 0 0 0 0 0 0 0 0 0 0 0
40	1	1 0 1 0 0 0 0 0 0 1 0 0 0 0 0 1
40	22	1 0 0 0 0 0 0 1 0 1 0 1 1 0 0 1
40	12	1 0 0 0 0 0 1 0 0 0 0 0 1 0 0 1
40	5	0 1 0 0 0 0 0 0 0 1 0 1 0 0 0 0
40	8	0 0 0 0 0 0 1 0 0 0 0 1 1 0 1 0
40	13	1 0 0 0 0 0 1 0 0 1 0 1 0 0 0 0
40	2	0 1 0 0 0 0 0 1 0 0 0 0 0 0 0 0
40	3	1 0 0 0 0 0 0 0 0 0 0 1 0 0 0 0
40	1	0 0 0 0 0 0 1 0 1 1 0 0 0 0 0 0
40	1	0 0 0 0 0 1 0 0 0 1 0 0 0 0 0 0
40	2	1 1 0 0 0 1 0 0 0 1 0 0 0 0 1 0
40	3	0 0 0 1 1 0 0 0 0 0 1 0 1 1 1 0
40	3	0 0 1 0 1 0 1 0 0 0 0 0 0 0 0 0
40	3	1 0 0 0 0 1 0 0 0 0 0 0 0 0 0 0
40	3	0 0 0 0 0 1 0 0 0 0 1 0 0 0 0 0
40	3	0 0 0 0 1 0 0 0 0 0 1 0 0 0 0 1
40	1	0 1 0 0 0 0 0 0 1 1 0 1 0 0 0 0
40	4	0 0 0 0 0 0 1 0 0 1 0 0 0 0 0 0
40	2	0 0 0 0 1 0 0 0 0 0 1 0 1 0 0 0
40	7	1 0 0 0 0 0 0 1 0 1 0 0 0 0 0 0
40	2	1 0 0 0 0 1 0 1 0 0 0 0 0 0 0 0
40	2	0 0 0 0 0 0 0 0 0 0 1 0 0 0 0 0
40	2	1 1 0 1 0 1 0 0 0 1 0 0 0 0 0 0
40	4	1 0 0 0 0 0 1 0 0 1 0 1 0 1 0 0
40	2	1 0 0 0 1 0 0 0 0 0 1 0 1 1 0 0
40	3	0 0 0 0 0 0 0 1 0 0 1 0 0 0 0 0
40	2	0 1 0 0 0 0 1 0 0 0 0 0 0 0 0 0
40	1	1 0 0 0 0 0 0 0 1 1 0 1 0 0 0 0
40	2	0 0 0 0 1 0 1 0 0 1 0 1 0 0 0 0
40	2	1 0 0 0 0 0 0 1 0 1 0 0 1 0 0 1
40	4	0 0 0 0 0 0 1 0 0 1 0 1 0 1 0 0
40	3	0 0 0 0 0 0 0 0 0 0 1 0 1 1 1 0
40	1	0 0 0 0 1 0 0 0 0 0 0 0 0 0 0 0
40	2	0 0 0 0 0 0 0 0 0 1 0 1 0 0 0 0
40	4	1 0 0 0 1 0 0 0 0 0 1 0 0 0 0 0
40	1	0 0 1 0 0 0 0 0 0 0 1 0 1 1 0 0
40	1	1 0 0 0 0 0 1 0 0 1 0 1 1 0 0 1
40	1	0 0 0 0 0 0 0 0 0 0 0 1 0 0 0 0
40	2	0 0 0 0 0 0 0 0 0 1 0 0 0 0 1 0
40	1	1 0 0 0 0 0 0 1 0 1 0 1 0 0 0 0
40	2	0 0 1 0 1 0 1 0 0 1 0 0 0 0 0 0
40	1	1 0 1 0 0 0 0 1 0 0 0 0 0 0 0 0
40	1	1 0 0 0 0 0 0 1 1 1 0 1 1 0 0 1
40	1	0 0 0 1 1 0 0 0 0 0 0 0 1 1 1 0
60	63	1 0 0 0 0 0 0 0 0 1 0 0 0 0 0 0
60	17	0 0 0 0 0 0 0 0 0 0 0 0 0 0 0 0
60	1	0 0 0 0 0 0 0 0 0 0 0 1 1 0 0 1
60	139	0 0 0 0 0 0 0 1 0 0 0 0 0 0 0 0
60	12	1 0 0 0 0 0 0 0 0 0 0 0 0 0 0 0
60	1	1 0 0 1 0 0 0 0 0 1 0 0 0 0 0 0
60	78	0 0 1 0 0 0 0 0 0 0 0 0 0 0 0 0
60	8	0 0 0 0 0 0 1 0 0 1 0 1 1 0 0 1
60	22	1 0 0 0 0 0 0 0 0 1 0 0 0 0 1 0
60	15	0 1 0 0 0 0 0 0 0 0 0 0 0 0 0 0
60	19	1 0 0 0 0 0 0 0 0 1 0 1 0 0 0 0
60	63	1 0 1 0 0 0 0 0 0 1 0 0 0 0 0 0
60	34	1 1 0 0 0 1 0 0 0 1 0 0 0 0 0 0
60	1	0 0 0 0 1 0 1 0 0 1 0 0 0 0 0 0
60	5	0 1 1 0 0 0 0 0 0 0 0 0 0 0 0 0
60	6	0 0 0 1 0 0 0 0 0 1 0 0 0 0 0 0
60	4	1 0 0 0 0 0 1 0 0 1 0 0 0 0 0 0
60	8	0 0 1 0 1 0 0 0 0 0 1 0 1 1 0 0
60	3	0 0 0 0 0 0 0 0 0 1 0 0 0 0 0 0
60	32	0 0 0 0 1 0 0 1 0 0 0 0 0 0 0 0
60	19	0 0 1 1 0 0 0 0 0 0 0 0 0 0 0 0
60	68	0 0 0 1 0 0 0 1 0 0 0 0 0 0 0 0
60	8	0 0 0 0 1 1 0 0 1 0 1 0 1 1 0 0
60	5	1 0 0 0 0 0 0 0 0 1 0 1 0 0 0 1
60	6	1 0 0 0 0 0 1 0 0 0 0 0 1 0 0 1
60	14	1 0 0 0 0 0 1 0 0 1 0 1 0 0 0 0
60	14	0 1 0 0 0 0 0 1 0 0 0 0 0 0 0 0
60	19	1 0 0 0 0 1 0 0 0 0 0 0 0 0 0 0
60	7	0 0 0 0 0 0 1 0 0 1 0 0 0 0 0 0
60	4	1 0 0 0 0 0 1 0 0 1 0 1 0 1 0 0
60	14	1 0 0 0 1 0 0 0 0 0 1 0 1 1 0 0
60	7	0 0 0 0 0 0 0 0 0 1 0 1 0 0 0 0
60	42	1 0 1 0 0 0 0 1 0 0 0 0 0 0 0 0
60	2	0 0 0 1 0 0 0 0 0 0 0 0 0 1 0 0
60	20	0 0 1 0 0 0 0 0 0 0 0 0 0 0 1 0
60	7	1 1 0 0 0 1 0 0 0 1 1 0 0 0 0 0
60	8	0 0 1 0 0 0 0 0 0 0 0 1 0 0 0 0
60	6	0 1 1 1 0 0 0 1 0 1 0 1 0 1 0 0
60	9	0 0 1 0 0 0 0 0 0 0 1 0 0 0 0 0
60	11	1 0 0 0 1 0 0 0 0 0 1 0 1 1 0 1
60	8	0 1 0 0 0 0 0 1 0 1 0 0 1 0 0 1
60	9	0 0 0 1 0 0 0 1 0 0 0 0 0 1 0 0
60	4	0 0 0 0 0 1 0 1 0 0 0 0 0 0 0 0
60	2	0 0 0 0 0 0 0 1 0 0 0 0 0 0 1 0
60	3	1 0 0 0 0 0 0 0 0 1 0 0 1 0 1 0
60	3	1 0 1 0 0 0 0 0 0 0 0 0 0 0 0 0
60	4	0 0 1 0 0 0 0 0 0 1 0 0 0 0 0 0
60	3	0 0 0 0 1 0 0 1 0 1 0 0 0 0 0 0
60	14	0 0 1 1 0 0 0 1 0 0 0 0 0 0 1 0
60	1	0 0 0 0 0 0 0 0 0 0 0 0 0 1 0 0
60	7	1 1 0 0 0 0 0 0 0 1 0 1 0 0 0 0
60	2	1 0 0 0 0 0 0 1 0 1 0 0 1 0 0 0
60	14	0 0 0 1 0 0 0 0 0 0 0 0 0 0 0 0
60	6	1 0 0 1 0 0 0 0 1 1 0 0 0 0 0 0
60	5	1 0 0 0 0 0 0 0 1 1 0 0 0 0 1 0
60	3	1 0 0 1 0 0 0 1 0 0 0 0 0 0 0 0
60	2	1 0 0 0 0 0 1 0 0 0 0 0 1 0 0 0
60	3	0 1 1 0 0 0 0 0 0 1 0 0 0 0 0 0
60	5	0 0 0 0 0 0 0 0 1 0 0 0 0 0 0 0
60	15	1 0 1 0 0 0 0 1 0 0 0 0 1 0 0 0
60	6	1 1 0 0 0 1 0 0 0 1 1 1 0 0 0 0
60	2	0 0 0 1 0 0 0 1 0 1 0 0 0 0 0 0
60	3	1 0 0 1 0 0 0 0 1 1 1 0 0 0 0 0
60	1	1 1 0 0 0 1 0 1 0 0 0 0 0 0 0 0
60	3	0 0 0 1 0 0 0 1 0 0 0 0 0 0 0 1
60	4	1 1 0 0 0 0 0 0 0 1 0 0 0 0 0 0
60	3	1 1 0 0 0 0 0 0 0 0 0 0 0 0 0 0
60	1	1 1 0 0 0 1 0 0 0 1 1 0 0 1 0 0
60	2	0 0 1 0 0 0 0 1 0 0 0 0 0 0 0 0
60	3	1 0 1 0 0 0 0 0 0 0 0 1 0 0 0 0
60	1	0 1 1 0 0 0 0 0 0 0 0 0 0 1 0 0
60	1	0 0 1 1 0 0 0 0 0 0 0 1 0 0 0 0
60	4	1 0 1 0 0 0 0 1 0 0 0 0 0 1 0 0
60	1	1 0 0 0 0 0 1 0 1 1 0 0 0 0 1 0
60	3	1 1 1 0 0 0 0 0 0 1 0 0 0 0 0 0
60	1	1 0 0 0 0 0 0 0 0 0 0 0 0 0 1 0
60	1	1 0 0 0 0 0 0 0 0 0 0 0 0 0 0 1
60	2	0 0 1 1 0 0 0 1 0 0 0 0 0 0 0 0
60	6	0 0 0 1 0 0 1 1 0 0 0 0 0 0 0 0
60	2	0 0 0 1 0 1 0 1 0 0 0 0 0 0 0 0
60	1	0 0 1 0 0 1 0 0 0 1 1 0 0 1 0 0
60	2	1 0 0 0 0 0 0 0 0 1 1 0 0 0 0 0
60	1	0 0 0 0 0 0 0 1 0 0 0 0 0 1 0 0
60	1	0 0 1 0 0 0 0 0 1 0 0 0 0 0 0 0
60	1	1 0 1 0 0 0 0 0 0 1 0 0 0 0 1 0
60	1	0 1 0 0 0 1 0 0 0 0 0 0 0 0 0 0
60	1	1 0 0 0 0 1 0 0 0 1 0 0 0 0 0 0
60	1	1 0 0 0 0 1 1 0 0 1 0 0 0 0 0 0
60	1	0 0 0 0 0 0 0 1 0 1 0 0 0 0 0 0
60	1	0 0 0 0 1 0 0 1 1 0 0 0 0 0 0 0
60	2	0 0 0 1 0 0 0 1 1 0 0 0 0 0 0 0
60	1	1 0 0 0 1 0 0 0 1 0 1 0 1 1 0 0
60	1	1 0 0 0 1 0 1 0 0 0 1 0 1 1 0 0
60	1	1 0 1 0 0 0 0 1 0 0 0 0 0 0 1 0
80	16	1 0 0 0 0 0 0 0 0 1 0 0 0 0 0 0
80	2	0 0 0 0 0 0 0 0 0 0 0 0 0 0 0 0
80	57	0 0 0 0 0 0 0 1 0 0 0 0 0 0 0 0
80	101	0 0 1 0 0 0 0 0 0 0 0 0 0 0 0 0
80	19	1 0 0 0 0 0 0 0 0 1 0 0 0 0 1 0
80	2	0 1 0 0 0 0 0 0 0 0 0 0 0 0 0 0
80	4	1 0 0 0 0 0 0 0 0 1 0 1 0 0 0 0
80	131	1 0 1 0 0 0 0 0 0 1 0 0 0 0 0 0
80	6	1 1 0 0 0 1 0 0 0 1 0 0 0 0 0 0
80	5	0 1 1 0 0 0 0 0 0 0 0 0 0 0 0 0
80	4	1 0 0 0 0 0 1 0 0 1 0 0 0 0 0 0
80	11	0 0 0 0 1 0 0 1 0 0 0 0 0 0 0 0
80	16	0 0 1 1 0 0 0 0 0 0 0 0 0 0 0 0
80	44	0 0 0 1 0 0 0 1 0 0 0 0 0 0 0 0
80	7	0 1 0 0 0 0 0 1 0 0 0 0 0 0 0 0
80	8	1 0 0 0 0 1 0 0 0 0 0 0 0 0 0 0
80	1	1 0 0 0 1 0 0 0 0 0 1 0 1 1 0 0
80	3	0 0 0 0 0 0 0 0 0 1 0 1 0 0 0 0
80	15	1 0 1 0 0 0 0 1 0 0 0 0 0 0 0 0
80	17	0 0 1 0 0 0 0 0 0 0 0 0 0 0 1 0
80	2	1 1 0 0 0 1 0 0 0 1 1 0 0 0 0 0
80	27	0 0 1 0 0 0 0 0 0 0 0 1 0 0 0 0
80	3	0 0 1 0 0 0 0 0 0 0 1 0 0 0 0 0
80	24	0 1 0 0 0 0 0 1 0 1 0 0 1 0 0 1
80	11	0 0 0 1 0 0 0 1 0 0 0 0 0 1 0 0
80	35	0 0 0 0 0 1 0 1 0 0 0 0 0 0 0 0
80	33	1 0 1 0 0 0 0 0 0 0 0 0 0 0 0 0
80	5	0 0 1 0 0 0 0 0 0 1 0 0 0 0 0 0
80	8	0 0 0 0 1 0 0 1 0 1 0 0 0 0 0 0
80	5	0 0 1 1 0 0 0 1 0 0 0 0 0 0 1 0
80	7	1 0 0 0 0 0 0 0 1 1 0 0 0 0 1 0
80	9	1 0 0 1 0 0 0 1 0 0 0 0 0 0 0 0
80	6	1 1 0 0 0 1 0 0 0 1 1 1 0 0 0 0
80	21	0 0 0 1 0 0 0 1 0 1 0 0 0 0 0 0
80	6	1 1 0 0 0 0 0 0 0 0 0 0 0 0 0 0
80	12	1 0 1 0 0 0 0 1 0 0 0 0 0 1 0 0
80	2	0 0 1 0 0 0 0 0 1 0 0 0 0 0 0 0
80	10	0 0 0 0 0 0 0 1 0 1 0 0 0 0 0 0
80	2	1 0 1 1 0 0 0 0 0 1 0 0 0 0 0 0
80	8	0 0 0 1 0 0 1 1 1 0 0 0 0 0 0 0
80	1	1 1 0 0 0 0 0 1 0 1 0 0 1 0 0 0
80	15	0 0 1 0 1 0 0 0 0 1 0 0 0 0 0 0
80	4	0 0 1 1 0 0 0 1 0 1 0 0 0 0 0 0
80	31	1 0 1 0 0 0 0 0 0 0 0 0 0 0 1 0
80	3	0 0 0 0 0 0 0 1 1 0 0 0 0 0 0 0
80	3	0 0 1 0 0 1 0 0 0 0 0 0 0 0 0 0
80	4	0 0 0 0 1 1 0 1 0 0 0 0 0 0 0 0
80	2	0 0 0 0 0 0 0 0 0 1 0 0 0 1 0 0
80	2	0 0 0 0 1 0 0 1 0 0 0 1 0 0 0 0
80	3	1 0 1 0 0 0 0 0 0 1 0 0 0 1 0 0
80	16	0 0 0 0 0 0 0 1 0 0 0 1 0 0 0 0
80	2	0 1 0 0 0 1 0 0 0 1 0 0 0 0 0 0
80	16	0 1 1 0 0 0 0 1 0 0 0 0 0 0 0 0
80	4	0 0 0 0 1 0 0 1 0 0 0 0 0 0 1 0
80	2	0 1 1 1 0 0 0 1 0 1 0 0 0 0 0 0
80	1	1 0 0 1 0 0 0 0 0 0 0 1 0 0 0 0
80	19	1 1 0 1 1 0 0 1 0 0 0 0 0 0 0 0
80	11	0 0 1 0 0 0 0 0 0 1 0 0 0 0 1 0
80	2	1 0 1 0 0 0 1 0 0 1 0 1 0 1 0 0
80	4	0 0 0 0 0 0 0 0 0 1 0 0 0 0 0 0
80	16	1 0 1 0 0 0 0 0 0 1 0 1 0 0 0 0
80	6	0 1 0 0 0 0 0 1 0 1 1 0 1 0 0 1
80	3	1 1 1 1 1 0 0 1 0 0 0 0 0 0 0 0
80	1	1 0 0 0 0 0 0 1 0 0 0 0 0 1 0 0
80	8	1 1 0 0 1 0 0 1 0 0 0 0 0 0 1 1
80	2	0 0 1 0 0 0 0 0 1 0 0 0 0 1 0 0
80	5	0 0 1 0 0 0 0 1 1 0 0 0 0 0 0 0
80	1	0 1 1 0 0 0 0 1 1 0 0 0 0 0 0 0
80	1	0 0 1 0 0 0 0 0 0 0 0 0 1 0 0 0
80	1	0 0 0 0 0 0 0 0 0 0 0 1 0 0 0 0
80	3	1 1 0 1 1 0 0 1 1 0 0 0 0 0 0 0
80	7	1 0 1 0 0 0 0 1 0 1 0 0 0 0 0 0
80	1	1 0 0 0 0 0 0 1 0 0 0 0 0 0 0 0
80	3	0 0 1 0 0 0 1 0 0 0 0 0 0 0 0 0
80	10	1 0 1 0 0 0 0 0 1 1 0 0 0 0 0 0
80	3	0 0 1 1 0 0 0 0 0 0 0 1 0 0 0 0
80	7	0 0 0 1 0 0 0 1 1 0 0 0 0 0 0 0
80	2	0 0 0 1 0 0 0 0 0 0 0 0 0 1 0 0
80	1	1 1 0 1 0 0 0 1 0 0 0 0 0 0 0 0
80	9	1 0 0 0 1 0 0 0 0 0 1 0 1 0 0 0
80	1	1 0 1 0 0 1 0 0 0 1 0 0 0 0 0 0
80	2	0 0 1 0 0 1 0 1 0 0 0 0 0 0 0 0
80	1	1 0 1 0 0 0 0 0 0 0 1 0 0 0 0 0
80	2	0 0 0 0 0 0 0 0 1 1 0 0 0 0 1 0
80	9	0 1 0 0 0 1 0 0 1 1 0 0 0 0 0 0
80	3	0 0 1 0 0 0 0 1 0 0 0 0 0 0 0 0
80	4	0 1 0 0 0 0 0 0 0 1 0 0 0 0 0 0
80	2	1 0 0 0 0 0 0 1 0 1 0 0 0 0 0 0
80	5	0 0 1 0 0 0 0 0 0 0 1 0 0 1 0 0
80	3	0 0 0 0 0 1 0 1 0 1 0 0 0 0 0 0
80	2	1 0 1 0 1 0 0 0 0 0 0 0 0 0 0 0
80	1	1 0 0 0 0 0 0 0 0 1 0 0 0 1 0 0
80	1	1 0 0 0 1 0 0 1 0 0 0 0 0 0 0 0
80	1	1 0 1 0 0 1 0 0 0 0 0 0 0 0 0 0
80	1	1 0 1 0 0 0 0 0 0 0 0 0 0 1 1 0
80	4	1 0 1 0 1 0 0 0 0 1 0 0 0 1 0 0
80	2	0 0 1 0 0 0 1 0 0 0 0 1 0 0 0 0
80	2	1 0 1 0 0 1 0 1 0 0 0 0 0 0 1 1
80	1	0 0 1 0 0 0 0 0 0 0 0 0 0 1 1 0
80	1	1 0 0 0 0 0 0 0 0 0 0 0 0 1 0 0
80	3	1 0 1 0 0 0 0 0 0 1 0 0 0 0 1 0
80	2	1 0 1 0 0 1 0 1 0 0 0 1 0 0 0 0
80	1	1 1 0 0 0 1 0 0 0 1 0 1 0 0 0 0
80	2	0 0 0 1 1 0 0 1 0 1 0 0 0 0 0 0
80	1	1 1 0 0 0 0 0 1 0 0 0 0 0 0 0 0
80	3	0 0 0 1 0 0 1 1 1 0 0 0 0 0 1 0
100	10	0 0 0 0 0 0 0 1 0 0 0 0 0 0 0 0
100	66	0 0 1 0 0 0 0 0 0 0 0 0 0 0 0 0
100	3	1 0 0 0 0 0 0 0 0 1 0 0 0 0 1 0
100	132	1 0 1 0 0 0 0 0 0 1 0 0 0 0 0 0
100	43	0 1 1 0 0 0 0 0 0 0 0 0 0 0 0 0
100	22	0 0 0 0 1 0 0 1 0 0 0 0 0 0 0 0
100	35	0 0 1 1 0 0 0 0 0 0 0 0 0 0 0 0
100	9	0 0 0 1 0 0 0 1 0 0 0 0 0 0 0 0
100	25	1 0 1 0 0 0 0 1 0 0 0 0 0 0 0 0
100	12	0 0 1 0 0 0 0 0 0 0 0 1 0 0 0 0
100	5	0 0 0 1 0 0 0 1 0 0 0 0 0 1 0 0
100	22	0 0 0 0 0 1 0 1 0 0 0 0 0 0 0 0
100	21	1 0 1 0 0 0 0 0 0 0 0 0 0 0 0 0
100	31	0 0 1 0 0 0 0 0 0 1 0 0 0 0 0 0
100	5	0 0 0 0 1 0 0 1 0 1 0 0 0 0 0 0
100	2	1 0 0 1 0 0 0 1 0 0 0 0 0 0 0 0
100	7	1 1 0 0 0 1 0 0 0 1 1 1 0 0 0 0
100	21	0 0 0 1 0 0 0 1 0 1 0 0 0 0 0 0
100	1	1 0 1 0 0 0 0 1 0 0 0 0 0 1 0 0
100	1	0 0 1 1 0 0 0 1 0 1 0 0 0 0 0 0
100	19	1 0 1 0 0 0 0 0 0 0 0 0 0 0 1 0
100	11	0 0 0 0 1 0 0 1 0 0 0 1 0 0 0 0
100	6	0 0 0 0 0 0 0 1 0 0 0 1 0 0 0 0
100	28	0 1 1 0 0 0 0 1 0 0 0 0 0 0 0 0
100	6	0 1 1 1 0 0 0 1 0 1 0 0 0 0 0 0
100	12	1 1 0 1 1 0 0 1 0 0 0 0 0 0 0 0
100	6	1 0 1 0 0 0 0 0 0 1 0 1 0 0 0 0
100	22	0 0 1 0 0 0 0 1 1 0 0 0 0 0 0 0
100	43	1 0 1 0 0 0 0 1 0 1 0 0 0 0 0 0
100	4	1 0 0 0 0 0 0 1 0 0 0 0 0 0 0 0
100	27	1 0 1 0 0 0 0 0 1 1 0 0 0 0 0 0
100	5	1 0 0 0 1 0 0 0 0 0 1 0 1 0 0 0
100	13	0 0 1 0 0 0 0 1 0 0 0 0 0 0 0 0
100	20	0 1 0 0 0 0 0 0 0 1 0 0 0 0 0 0
100	13	1 0 1 0 0 0 0 0 0 1 0 0 0 0 1 0
100	16	1 1 0 0 0 0 0 1 0 0 0 0 0 0 0 0
100	15	0 0 1 1 0 0 0 0 0 1 0 0 0 0 0 0
100	14	0 0 1 0 0 0 0 0 1 0 0 0 0 0 0 0
100	8	1 0 1 0 0 0 0 0 0 1 0 0 0 1 0 0
100	9	1 0 1 0 0 1 0 0 0 1 0 0 0 0 0 0
100	8	0 0 1 0 1 0 0 0 1 1 0 0 0 0 0 0
100	8	1 0 1 0 0 0 0 0 0 0 0 1 1 0 0 0
100	18	1 0 1 0 0 0 1 0 0 1 0 0 0 0 0 0
100	10	1 0 1 0 0 0 0 0 1 1 1 0 0 0 0 0
100	12	1 1 0 0 0 0 0 0 0 0 0 0 1 0 0 0
100	5	1 1 0 1 1 0 0 1 0 1 0 0 0 0 0 0
100	7	1 0 1 0 0 0 0 0 0 0 0 1 0 0 0 0
100	6	1 0 1 0 0 0 0 0 0 0 0 0 0 1 1 0
100	3	1 0 1 0 0 0 0 0 0 1 0 1 0 1 0 0
100	14	0 1 0 0 0 0 0 1 0 1 1 0 1 0 0 0
100	7	0 0 0 1 0 0 1 1 1 1 0 0 0 0 0 0
100	10	0 1 1 0 1 0 0 1 0 0 0 0 0 0 0 0
100	2	1 0 1 0 0 0 0 0 1 1 0 0 0 1 0 0
100	6	0 0 1 0 0 0 0 1 0 0 0 0 0 1 0 0
100	9	0 0 1 1 0 1 0 0 0 0 0 0 0 0 0 0
100	6	0 0 0 1 0 0 1 1 1 0 0 0 1 0 0 0
100	3	0 0 1 1 0 0 0 0 0 1 0 0 0 0 0 1
100	1	0 0 1 0 0 1 0 1 0 0 0 0 0 0 1 0
100	5	0 0 0 1 0 0 0 0 0 1 0 0 0 0 0 0
100	7	0 0 0 1 0 0 0 0 0 0 0 0 0 0 0 0
100	3	0 0 1 1 1 0 1 0 0 1 0 0 0 0 0 0
100	8	0 0 1 0 0 0 1 0 0 1 0 0 0 0 0 0
100	1	0 0 0 1 0 0 1 1 1 0 0 0 0 0 0 1
100	4	1 0 1 0 0 0 0 1 0 1 1 0 0 0 0 0
100	2	1 0 1 0 0 0 0 0 1 0 0 0 0 0 0 0
100	3	0 0 0 1 1 0 1 1 1 0 0 0 0 0 0 0
100	1	0 0 0 0 1 1 0 1 0 0 0 1 0 0 0 0
100	4	1 0 0 1 1 0 0 1 0 0 0 0 0 0 0 0
100	2	0 0 1 1 1 0 0 0 0 0 0 1 0 0 0 0
100	3	1 0 1 0 0 0 1 0 0 0 0 0 0 0 0 0
100	1	1 1 0 0 0 0 0 1 0 0 0 0 0 0 0 1
100	8	0 0 1 0 1 1 0 0 1 1 0 0 0 0 0 0
100	13	1 0 1 1 0 0 0 0 1 1 0 0 0 1 0 0
100	2	0 0 0 0 0 0 0 0 0 1 0 0 0 0 0 0
100	4	0 0 1 0 0 0 0 1 0 0 0 1 0 0 0 0
100	2	1 1 0 1 1 0 0 1 0 1 0 0 0 0 1 0
100	1	1 1 1 1 1 0 0 1 0 1 0 0 0 0 0 0
100	1	1 1 1 0 0 0 0 0 1 1 0 0 0 1 0 0
100	2	0 0 0 1 0 0 0 1 0 0 0 1 0 0 0 0
100	3	1 0 1 0 0 0 0 1 0 1 1 0 1 0 0 0
100	1	0 0 0 0 1 0 0 0 0 0 0 0 0 0 1 0
100	1	1 0 1 0 0 0 0 0 0 1 1 0 1 0 0 0
100	1	0 1 1 0 0 0 0 0 0 0 0 1 0 0 0 0
100	1	0 0 0 1 0 0 1 1 0 1 0 0 0 0 0 0
100	4	1 0 1 0 0 0 0 1 1 1 0 0 0 0 0 0
100	2	0 1 1 0 0 0 0 0 0 1 0 0 0 0 0 0
100	1	1 0 1 0 0 0 0 1 0 0 0 0 0 0 1 0
100	1	1 0 1 0 0 0 0 0 0 0 0 0 1 0 0 0
100	1	0 0 0 0 1 0 0 1 0 1 0 1 0 0 0 0
100	2	1 0 1 0 0 0 0 0 1 1 1 1 0 0 0 0
120	8	0 0 1 0 0 0 0 0 0 0 0 0 0 0 0 0
120	85	1 0 1 0 0 0 0 0 0 1 0 0 0 0 0 0
120	8	0 1 1 0 0 0 0 0 0 0 0 0 0 0 0 0
120	17	0 0 1 1 0 0 0 0 0 0 0 0 0 0 0 0
120	26	1 0 1 0 0 0 0 1 0 0 0 0 0 0 0 0
120	10	0 0 0 0 0 1 0 1 0 0 0 0 0 0 0 0
120	59	1 0 1 0 0 0 0 0 0 0 0 0 0 0 0 0
120	8	0 0 1 0 0 0 0 0 0 1 0 0 0 0 0 0
120	9	0 0 0 1 0 0 0 1 0 1 0 0 0 0 0 0
120	26	1 0 1 0 0 0 0 1 0 0 0 0 0 1 0 0
120	9	1 0 1 0 0 0 0 0 0 0 0 0 0 0 1 0
120	6	0 0 0 0 0 0 0 1 0 0 0 1 0 0 0 0
120	22	0 1 1 0 0 0 0 1 0 0 0 0 0 0 0 0
120	3	1 1 0 1 1 0 0 1 0 0 0 0 0 0 0 0
120	11	1 0 1 0 0 0 0 0 0 1 0 1 0 0 0 0
120	30	0 0 1 0 0 0 0 1 1 0 0 0 0 0 0 0
120	80	1 0 1 0 0 0 0 1 0 1 0 0 0 0 0 0
120	20	1 0 1 0 0 0 0 0 1 1 0 0 0 0 0 0
120	5	0 0 1 0 0 0 0 1 0 0 0 0 0 0 0 0
120	23	0 1 0 0 0 0 0 0 0 1 0 0 0 0 0 0
120	24	1 1 0 0 0 0 0 1 0 0 0 0 0 0 0 0
120	13	0 0 1 1 0 0 0 0 0 1 0 0 0 0 0 0
120	6	1 0 1 0 0 0 0 0 0 1 0 0 0 1 0 0
120	56	1 0 1 0 0 1 0 0 0 1 0 0 0 0 0 0
120	8	1 0 1 0 0 0 1 0 0 1 0 0 0 0 0 0
120	6	1 0 1 0 0 0 0 0 1 1 1 0 0 0 0 0
120	18	1 1 0 1 1 0 0 1 0 1 0 0 0 0 0 0
120	10	1 0 1 0 0 0 0 0 0 0 0 1 0 0 0 0
120	5	1 0 1 0 0 0 0 0 0 0 0 0 0 1 1 0
120	6	0 0 0 1 0 0 1 1 1 1 0 0 0 0 0 0
120	19	0 1 1 0 1 0 0 1 0 0 0 0 0 0 0 0
120	19	0 0 1 1 0 1 0 0 0 0 0 0 0 0 0 0
120	23	0 0 0 1 0 0 1 1 1 0 0 0 1 0 0 0
120	22	0 0 0 1 0 0 0 0 0 0 0 0 0 0 0 0
120	13	0 0 1 0 0 0 1 0 0 1 0 0 0 0 0 0
120	21	1 0 1 1 0 0 0 0 1 1 0 0 0 1 0 0
120	6	1 1 1 1 1 0 0 1 0 1 0 0 0 0 0 0
120	6	1 0 1 0 0 0 0 0 1 1 1 1 0 0 0 0
120	14	1 0 1 0 0 0 0 1 0 0 0 1 0 0 0 0
120	2	0 0 1 0 1 0 0 0 1 1 0 0 0 0 1 0
120	4	0 0 1 0 0 0 0 0 0 1 1 0 0 0 0 0
120	2	0 1 0 0 0 0 0 0 0 1 1 0 0 0 0 0
120	8	1 0 1 1 0 0 0 0 0 1 0 0 0 0 0 0
120	4	0 1 0 0 0 0 0 0 0 1 0 0 0 0 0 1
120	5	0 0 0 1 1 0 0 1 0 0 0 1 0 0 0 0
120	4	1 0 1 0 0 1 0 0 0 1 0 1 0 0 0 0
120	11	0 1 0 1 0 0 0 1 0 1 0 0 0 0 0 0
120	1	1 0 1 0 0 0 0 0 0 0 0 1 0 0 1 0
120	2	0 0 1 0 0 0 0 0 0 1 1 1 0 0 1 0
120	5	1 0 1 0 0 0 0 0 0 1 0 0 0 0 0 1
120	3	0 1 0 0 1 0 1 1 1 1 0 0 0 0 0 0
120	7	1 0 0 1 1 0 0 1 0 1 0 0 0 0 0 0
120	16	0 1 0 0 0 0 0 0 0 1 0 1 0 0 0 0
120	1	1 0 0 0 0 0 0 0 0 1 0 0 0 0 0 0
120	14	1 0 1 1 0 0 0 1 0 1 0 0 0 0 0 0
120	2	1 0 1 0 0 1 0 0 0 0 0 0 0 0 0 0
120	8	0 0 1 1 0 1 0 0 0 0 0 1 0 0 0 0
120	2	0 0 1 0 0 0 1 0 0 1 0 0 0 1 0 0
120	2	1 0 1 0 0 0 0 1 0 1 1 0 0 0 0 0
120	8	0 1 1 0 1 0 0 1 0 0 0 0 0 0 0 1
120	4	0 1 0 0 1 0 0 1 0 0 0 0 0 0 0 1
120	10	0 0 1 1 0 0 0 0 0 1 1 0 0 0 0 0
120	3	0 0 1 0 0 1 0 0 0 1 0 0 0 0 0 0
120	4	0 0 0 1 0 0 1 1 1 1 0 1 0 0 0 0
120	1	0 0 1 1 0 0 0 1 0 1 0 0 0 0 0 0
120	7	0 1 0 0 1 0 0 1 0 0 0 0 0 0 0 0
120	1	0 0 1 0 0 0 0 0 0 0 1 0 0 0 0 0
120	8	1 0 1 0 0 1 0 1 0 0 1 0 0 0 0 0
120	2	1 0 1 1 0 0 0 0 0 0 0 0 0 0 0 0
120	5	1 0 1 0 0 0 0 1 0 1 0 0 0 1 0 0
120	1	1 0 0 0 0 0 0 1 0 1 0 0 0 0 0 0
120	5	1 0 1 0 1 0 0 0 1 1 0 0 0 0 0 0
120	1	1 1 1 0 0 0 0 0 0 1 0 0 0 1 0 0
120	8	1 0 1 1 0 0 0 0 1 1 0 0 0 0 0 0
120	1	0 0 0 1 0 0 0 1 0 1 0 0 0 0 1 0
120	1	1 0 0 0 0 0 0 0 0 0 0 0 0 0 1 0
120	3	1 0 1 0 0 0 0 1 0 1 0 0 0 0 0 1
120	18	0 0 1 1 0 0 0 1 0 0 0 0 0 0 0 0
120	3	1 0 1 1 0 0 0 0 1 1 1 0 0 1 0 0
120	4	0 0 1 0 0 1 0 0 0 1 0 1 0 0 0 0
120	5	0 1 1 0 0 0 0 1 1 0 0 0 1 0 0 0
120	2	0 0 1 0 0 0 1 1 1 0 0 0 0 0 0 0
120	4	1 1 1 0 0 1 0 0 0 1 0 0 0 0 0 0
120	2	1 1 1 1 1 0 0 0 0 1 0 0 0 0 0 0
120	6	0 1 0 0 0 0 0 0 0 0 0 0 0 0 0 0
120	1	1 0 0 1 0 0 0 1 0 1 0 0 0 0 0 0
120	1	1 0 1 0 0 0 0 1 1 1 0 0 0 0 0 0
120	1	0 1 1 0 1 0 0 0 0 0 1 0 0 0 0 0
120	2	0 1 0 0 1 0 0 0 0 1 0 0 0 0 0 1
120	1	1 0 0 1 0 0 1 1 1 0 0 0 1 0 0 0
120	1	1 1 0 0 0 0 0 0 0 0 0 0 0 0 0 0
120	2	1 0 1 0 0 1 1 0 0 1 0 0 0 0 0 0
120	1	1 0 1 0 0 0 0 1 1 0 0 0 0 0 0 0
120	4	0 0 0 0 0 0 1 1 0 0 0 1 0 0 0 0
120	1	0 0 1 0 0 0 0 1 0 1 0 0 0 0 0 0
120	1	1 0 1 0 0 0 1 1 0 1 0 0 0 0 0 0
120	2	0 0 1 1 0 1 0 0 1 0 0 0 0 0 0 0
120	1	0 0 0 1 1 0 0 1 0 1 0 0 0 0 0 0
120	1	0 0 1 0 0 1 0 1 0 0 1 0 0 0 0 0
140	53	1 0 1 0 0 0 0 0 0 1 0 0 0 0 0 0
140	3	0 0 1 1 0 0 0 0 0 0 0 0 0 0 0 0
140	54	1 0 1 0 0 0 0 1 0 0 0 0 0 0 0 0
140	64	1 0 1 0 0 0 0 0 0 0 0 0 0 0 0 0
140	20	1 0 1 0 0 0 0 1 0 0 0 0 0 1 0 0
140	10	0 0 0 0 0 0 0 1 0 0 0 1 0 0 0 0
140	13	0 1 1 0 0 0 0 1 0 0 0 0 0 0 0 0
140	9	1 1 0 1 1 0 0 1 0 0 0 0 0 0 0 0
140	109	1 0 1 0 0 0 0 1 0 1 0 0 0 0 0 0
140	12	1 0 1 0 0 0 0 0 1 1 0 0 0 0 0 0
140	14	0 1 0 0 0 0 0 0 0 1 0 0 0 0 0 0
140	28	1 1 0 0 0 0 0 1 0 0 0 0 0 0 0 0
140	15	0 0 1 1 0 0 0 0 0 1 0 0 0 0 0 0
140	58	1 0 1 0 0 1 0 0 0 1 0 0 0 0 0 0
140	43	1 0 1 0 0 0 1 0 0 1 0 0 0 0 0 0
140	28	1 1 0 1 1 0 0 1 0 1 0 0 0 0 0 0
140	12	1 0 1 0 0 0 0 0 0 0 0 1 0 0 0 0
140	2	0 1 1 0 1 0 0 1 0 0 0 0 0 0 0 0
140	12	0 0 0 1 0 0 1 1 1 0 0 0 1 0 0 0
140	25	0 0 1 0 0 0 1 0 0 1 0 0 0 0 0 0
140	19	1 0 1 1 0 0 0 0 1 1 0 0 0 1 0 0
140	2	1 1 1 1 1 0 0 1 0 1 0 0 0 0 0 0
140	7	1 0 1 0 0 0 0 1 0 0 0 1 0 0 0 0
140	9	0 0 1 0 0 0 0 0 0 1 1 0 0 0 0 0
140	60	1 0 1 1 0 0 0 0 0 1 0 0 0 0 0 0
140	4	1 0 1 0 0 0 0 0 0 1 0 0 0 0 0 1
140	10	0 1 0 0 0 0 0 0 0 1 0 1 0 0 0 0
140	22	1 0 0 0 0 0 0 0 0 1 0 0 0 0 0 0
140	11	1 0 1 0 0 1 0 0 0 0 0 0 0 0 0 0
140	8	0 0 1 1 0 0 0 0 0 1 1 0 0 0 0 0
140	4	0 0 0 1 0 0 1 1 1 1 0 1 0 0 0 0
140	3	1 0 1 0 0 0 0 1 0 1 0 0 0 1 0 0
140	4	1 0 1 0 0 0 0 1 0 1 0 0 0 0 0 1
140	2	0 1 1 0 0 0 0 1 1 0 0 0 1 0 0 0
140	2	1 0 0 1 0 0 1 1 1 0 0 0 1 0 0 0
140	5	1 0 1 0 0 1 1 0 0 1 0 0 0 0 0 0
140	3	0 1 1 0 1 0 0 0 0 1 1 0 0 0 0 0
140	6	1 0 1 0 0 0 0 1 0 1 0 0 1 0 0 0
140	2	1 0 1 0 1 0 0 1 0 0 0 0 0 0 0 1
140	9	1 0 1 0 0 0 0 0 1 0 0 0 0 0 0 0
140	11	1 0 1 0 0 0 0 0 0 0 1 0 0 0 0 0
140	2	1 0 1 0 0 1 0 0 0 0 0 0 1 0 0 0
140	1	0 0 1 1 0 0 0 0 1 1 0 0 0 1 0 0
140	14	0 0 1 1 0 1 0 1 0 0 0 0 0 0 0 0
140	1	0 0 1 1 0 1 0 0 0 0 0 0 0 0 0 1
140	5	1 0 0 0 0 0 0 1 0 0 0 0 0 0 0 0
140	1	1 0 1 1 1 0 0 0 0 1 0 0 0 0 0 0
140	10	1 0 1 0 0 0 0 1 1 0 0 0 1 0 0 0
140	10	1 0 1 1 0 0 0 0 0 0 0 0 0 0 0 0
140	3	1 0 1 1 0 0 0 0 0 1 0 0 0 1 0 0
140	6	0 0 1 0 0 0 0 0 0 1 0 0 0 0 0 0
140	1	1 0 1 0 0 0 0 1 1 1 0 0 0 1 0 0
140	17	0 0 1 0 0 0 0 1 0 1 0 0 0 0 0 0
140	5	1 0 1 0 0 0 0 0 0 0 0 0 0 1 0 0
140	5	0 0 0 1 0 0 0 0 0 1 0 0 0 0 0 0
140	2	0 0 0 1 0 1 0 1 0 0 0 0 0 0 0 0
140	4	0 0 1 0 0 0 0 1 0 0 0 0 0 1 0 0
140	1	1 0 1 0 0 0 0 1 0 1 1 0 0 0 0 0
140	18	0 0 1 1 0 0 0 1 0 1 1 0 0 0 0 0
140	1	0 0 0 1 1 0 0 1 0 1 0 0 0 0 0 0
140	6	1 0 1 0 0 0 0 1 0 0 0 0 0 0 0 1
140	10	0 0 0 1 0 0 1 1 1 0 1 0 1 0 0 0
140	5	1 0 1 0 0 0 1 1 0 0 1 0 0 0 0 0
140	4	1 0 0 0 0 0 0 1 0 1 0 0 0 0 0 0
140	6	1 0 1 1 0 0 0 0 0 0 0 0 0 0 0 1
140	2	0 1 0 1 0 1 0 1 0 0 0 0 0 0 0 0
140	4	1 1 0 0 0 0 0 0 0 0 0 0 0 0 0 0
140	1	1 0 0 1 1 0 0 1 0 1 0 0 0 0 0 0
140	3	1 0 1 0 0 0 0 1 0 1 0 1 0 0 0 1
140	2	1 0 1 1 0 0 0 0 0 0 0 0 0 1 0 0
140	3	1 0 1 0 0 0 1 1 0 1 1 0 0 0 0 0
140	3	1 0 1 0 0 0 0 0 0 0 0 0 1 0 0 0
140	7	0 1 0 0 0 0 0 1 0 0 0 0 0 0 0 0
140	2	0 0 1 1 0 0 0 0 1 1 0 0 0 1 1 0
140	7	0 0 1 1 0 1 0 1 0 0 1 0 0 0 0 0
140	4	0 0 1 1 0 0 0 1 1 1 1 0 0 0 0 0
140	3	1 1 0 1 0 0 0 0 0 1 0 0 0 0 0 0
140	2	1 0 1 1 0 0 1 0 0 1 0 0 0 0 0 0
140	1	1 1 0 1 1 0 0 1 0 1 0 1 0 0 0 0
140	4	1 0 1 0 0 1 0 0 0 0 0 1 0 0 0 0
140	4	1 0 1 0 0 1 0 0 1 0 0 0 0 0 0 0
140	1	1 1 1 0 1 0 0 0 0 1 1 0 0 0 0 0
140	3	1 0 1 0 0 0 0 1 1 0 0 1 1 0 0 0
140	2	1 0 1 1 0 0 0 0 1 1 0 0 0 0 0 0
140	1	1 0 1 0 1 0 0 1 0 0 0 0 0 1 0 0
140	1	1 1 0 0 0 0 0 1 0 0 1 0 0 0 0 0
140	2	1 0 1 0 0 1 0 0 0 1 0 0 1 0 0 0
140	2	0 0 1 0 0 0 1 1 0 0 0 0 0 1 0 0
140	1	1 0 1 0 0 0 0 0 0 1 0 0 0 1 0 0
140	1	1 0 1 0 0 0 0 0 0 1 0 1 0 0 0 0
140	2	1 0 1 0 0 0 0 1 0 0 0 1 0 1 0 0
140	1	0 0 0 0 1 0 0 1 0 0 0 1 0 0 0 0
140	1	1 0 1 0 0 1 0 1 0 1 0 0 0 0 0 0
140	2	1 0 1 0 1 0 0 1 0 1 0 0 0 0 0 0
140	2	1 0 1 1 0 0 0 0 0 1 0 0 0 0 0 1
140	1	1 0 1 0 0 0 1 1 1 0 0 0 1 0 0 0
160	46	1 0 1 0 0 0 0 0 0 1 0 0 0 0 0 0
160	33	1 0 1 0 0 0 0 1 0 0 0 0 0 0 0 0
160	83	1 0 1 0 0 0 0 0 0 0 0 0 0 0 0 0
160	2	1 0 1 0 0 0 0 1 0 0 0 0 0 1 0 0
160	18	0 1 1 0 0 0 0 1 0 0 0 0 0 0 0 0
160	49	1 1 0 1 1 0 0 1 0 0 0 0 0 0 0 0
160	66	1 0 1 0 0 0 0 1 0 1 0 0 0 0 0 0
160	17	1 1 0 0 0 0 0 1 0 0 0 0 0 0 0 0
160	7	0 0 1 1 0 0 0 0 0 1 0 0 0 0 0 0
160	71	1 0 1 0 0 1 0 0 0 1 0 0 0 0 0 0
160	51	1 0 1 0 0 0 1 0 0 1 0 0 0 0 0 0
160	5	1 0 1 0 0 0 0 0 0 0 0 1 0 0 0 0
160	39	0 0 1 0 0 0 1 0 0 1 0 0 0 0 0 0
160	3	1 0 1 0 0 0 0 1 0 0 0 1 0 0 0 0
160	57	1 0 1 1 0 0 0 0 0 1 0 0 0 0 0 0
160	13	1 0 1 0 0 0 0 0 0 1 0 0 0 0 0 1
160	5	0 0 1 1 0 0 0 0 0 1 1 0 0 0 0 0
160	3	1 0 1 0 0 1 1 0 0 1 0 0 0 0 0 0
160	5	1 0 1 0 0 1 0 0 0 0 0 0 1 0 0 0
160	17	0 0 1 1 0 1 0 1 0 0 0 0 0 0 0 0
160	9	1 0 1 0 0 0 0 1 1 0 0 0 1 0 0 0
160	47	1 0 1 1 0 0 0 0 0 0 0 0 0 0 0 0
160	23	1 0 1 1 0 0 0 0 0 1 0 0 0 1 0 0
160	11	0 0 1 0 0 0 0 0 0 1 0 0 0 0 0 0
160	2	0 0 0 1 0 1 0 1 0 0 0 0 0 0 0 0
160	6	1 0 1 0 0 0 0 1 0 0 0 0 0 0 0 1
160	4	0 0 0 1 0 0 1 1 1 0 1 0 1 0 0 0
160	13	1 0 1 1 0 0 0 0 0 0 0 0 0 1 0 0
160	4	0 0 1 1 0 1 0 1 0 0 1 0 0 0 0 0
160	8	1 1 1 0 1 0 0 0 0 1 1 0 0 0 0 0
160	3	1 0 1 0 0 1 0 1 0 1 0 0 0 0 0 0
160	16	0 0 1 0 0 0 0 1 0 0 0 1 0 1 0 0
160	4	1 0 0 1 0 0 0 0 0 1 0 0 0 0 0 0
160	1	1 0 1 1 0 1 0 0 0 1 0 0 0 0 0 0
160	7	1 0 1 0 0 0 0 0 1 1 0 1 0 0 0 0
160	2	1 1 0 0 0 0 0 1 0 1 0 0 0 0 0 0
160	10	1 0 1 0 0 0 1 0 0 0 0 0 0 0 0 0
160	6	1 0 1 1 0 0 0 0 1 1 1 0 0 0 0 0
160	5	0 0 1 1 1 0 0 0 0 1 1 0 0 0 0 0
160	8	1 0 1 0 0 0 0 0 0 1 0 0 0 1 0 0
160	1	1 1 1 0 0 1 0 0 0 1 0 0 0 0 0 0
160	7	1 0 1 1 0 1 0 1 0 0 0 0 0 0 0 0
160	11	1 0 1 0 0 0 0 0 1 0 0 0 0 0 0 0
160	4	0 0 0 1 1 0 1 1 1 0 0 0 1 0 0 0
160	8	0 0 1 0 0 0 0 0 0 0 0 0 1 0 0 0
160	6	1 1 0 1 1 0 0 0 0 0 0 0 0 0 0 0
160	5	0 0 1 0 0 0 0 1 0 0 0 0 0 0 0 0
160	1	1 0 1 0 0 0 0 1 0 0 0 0 1 0 0 0
160	6	0 1 0 1 1 0 0 1 0 0 0 0 0 0 0 0
160	15	1 0 1 0 0 1 0 0 0 1 1 0 0 0 0 0
160	4	1 1 1 1 0 0 0 0 1 1 1 0 0 0 0 0
160	19	1 0 1 1 1 0 0 0 0 1 1 0 0 0 0 0
160	3	0 0 0 1 1 0 1 1 0 0 0 0 0 0 0 0
160	3	1 0 1 0 0 0 0 0 0 0 0 0 0 0 0 1
160	2	0 0 1 0 1 0 1 1 0 0 0 0 0 1 1 0
160	6	1 0 1 1 1 0 0 1 0 0 0 0 0 0 0 0
160	15	1 1 0 1 1 0 0 0 0 1 0 0 0 0 0 0
160	3	1 0 1 0 0 0 0 0 1 1 0 0 0 0 0 0
160	5	1 0 1 0 0 0 0 1 1 0 0 0 0 0 0 1
160	9	1 1 0 1 0 0 0 0 1 1 1 0 0 0 0 0
160	6	0 0 1 0 0 0 0 0 0 0 0 0 0 0 0 0
160	4	1 0 1 0 0 0 0 1 0 0 1 0 1 0 0 0
160	6	1 0 1 0 0 0 0 0 0 1 0 1 0 0 0 0
160	2	1 0 1 0 0 0 0 1 0 1 0 0 0 1 0 0
160	8	0 0 1 1 0 0 0 0 0 0 0 0 0 0 0 0
160	4	1 0 1 0 1 0 0 1 0 0 0 0 1 0 0 0
160	2	0 0 1 0 0 1 0 0 0 1 0 0 0 0 0 0
160	1	1 1 0 1 0 0 0 0 0 1 0 0 0 0 0 0
160	5	1 0 1 0 0 0 1 0 0 0 0 0 0 1 0 0
160	1	0 1 1 0 0 0 0 0 0 0 0 0 0 0 0 1
160	3	1 0 1 1 1 0 0 1 0 1 0 0 0 0 0 0
160	2	1 1 1 0 0 0 1 0 0 1 0 0 0 0 0 0
160	1	1 0 1 0 0 0 0 1 1 0 0 0 0 0 0 0
160	3	0 0 1 0 0 0 0 0 0 1 0 0 1 0 0 0
160	1	1 0 1 0 0 0 0 1 0 0 0 1 0 1 0 0
160	3	1 1 1 0 0 1 0 0 0 1 1 0 0 0 0 0
160	1	0 0 1 0 0 0 1 0 0 0 0 0 0 0 0 0
160	2	1 1 0 1 1 0 0 1 0 0 0 0 0 1 0 0
160	2	1 0 1 1 0 0 0 1 0 1 0 0 0 0 0 0
160	2	0 0 1 1 0 1 0 1 0 0 0 0 0 0 0 1
160	1	1 0 1 0 0 0 0 1 0 0 0 1 0 0 0 1
160	2	0 0 0 1 0 0 1 1 1 0 1 1 1 0 0 0
160	1	1 1 1 0 1 0 1 0 0 1 1 0 0 0 0 0
160	7	0 1 0 1 1 0 0 1 0 0 0 0 0 0 0 1
160	1	1 0 1 0 0 0 0 0 0 1 1 0 0 0 0 0
160	1	1 1 1 0 0 0 0 0 0 0 0 0 0 0 0 0
160	2	1 0 0 1 1 0 0 1 0 0 0 0 0 0 0 0
160	1	1 1 0 1 1 1 0 0 0 1 0 0 0 0 0 0
160	1	1 0 1 0 0 0 0 0 0 0 1 0 0 0 0 0
160	1	1 1 1 0 0 0 0 1 0 1 0 0 0 0 0 0
160	3	1 0 0 0 0 0 0 1 0 0 0 0 0 0 0 0
160	1	1 0 1 0 0 0 1 0 0 1 0 0 1 0 0 0
160	1	0 1 1 0 0 0 1 0 0 1 0 0 0 0 0 0
160	1	1 0 1 1 0 0 0 0 0 1 0 0 1 0 0 0
160	1	1 0 1 1 0 1 0 0 0 0 0 0 0 0 0 0
160	4	1 0 1 0 0 1 1 0 0 0 0 0 0 1 0 0
180	65	1 0 1 0 0 0 0 0 0 1 0 0 0 0 0 0
180	10	1 0 1 0 0 0 0 1 0 0 0 0 0 0 0 0
180	115	1 0 1 0 0 0 0 0 0 0 0 0 0 0 0 0
180	64	1 1 0 1 1 0 0 1 0 0 0 0 0 0 0 0
180	75	1 0 1 0 0 0 0 1 0 1 0 0 0 0 0 0
180	10	0 0 1 1 0 0 0 0 0 1 0 0 0 0 0 0
180	37	1 0 1 0 0 1 0 0 0 1 0 0 0 0 0 0
180	23	1 0 1 0 0 0 1 0 0 1 0 0 0 0 0 0
180	1	1 0 1 0 0 0 0 0 0 0 0 1 0 0 0 0
180	36	0 0 1 0 0 0 1 0 0 1 0 0 0 0 0 0
180	31	1 0 1 1 0 0 0 0 0 1 0 0 0 0 0 0
180	1	0 0 1 1 0 1 0 1 0 0 0 0 0 0 0 0
180	4	1 0 1 0 0 0 0 1 1 0 0 0 1 0 0 0
180	64	1 0 1 1 0 0 0 0 0 0 0 0 0 0 0 0
180	7	1 0 1 1 0 0 0 0 0 1 0 0 0 1 0 0
180	13	0 0 1 0 0 0 0 0 0 1 0 0 0 0 0 0
180	20	0 0 1 1 0 1 0 1 0 0 1 0 0 0 0 0
180	4	1 1 1 0 1 0 0 0 0 1 1 0 0 0 0 0
180	3	1 1 0 0 0 0 0 1 0 1 0 0 0 0 0 0
180	24	1 0 1 0 0 0 1 0 0 0 0 0 0 0 0 0
180	19	1 0 1 1 0 0 0 0 1 1 1 0 0 0 0 0
180	4	0 0 1 1 1 0 0 0 0 1 1 0 0 0 0 0
180	2	1 0 1 1 0 1 0 1 0 0 0 0 0 0 0 0
180	36	1 0 1 0 0 0 0 0 1 0 0 0 0 0 0 0
180	4	1 1 0 1 1 0 0 0 0 0 0 0 0 0 0 0
180	22	1 0 1 1 1 0 0 0 0 1 1 0 0 0 0 0
180	7	1 1 0 1 1 0 0 0 0 1 0 0 0 0 0 0
180	18	1 1 0 1 0 0 0 0 1 1 1 0 0 0 0 0
180	2	0 0 1 0 0 0 0 0 0 0 0 0 0 0 0 0
180	1	1 0 1 0 0 0 0 1 0 1 0 0 0 1 0 0
180	2	0 0 1 1 0 0 0 0 0 0 0 0 0 0 0 0
180	4	0 1 0 1 1 0 0 1 0 0 0 0 0 0 0 1
180	19	1 0 1 0 0 1 1 0 0 0 0 0 0 1 0 0
180	34	1 0 1 0 0 0 1 1 0 0 0 0 0 0 0 0
180	3	1 0 1 1 0 1 0 0 0 1 0 0 0 0 0 1
180	23	1 0 1 1 0 0 0 1 0 1 0 0 0 0 0 0
180	11	1 1 0 0 1 0 0 0 0 1 0 0 0 0 0 0
180	3	1 0 1 1 0 0 0 1 0 0 0 0 0 0 0 0
180	1	0 0 0 1 1 0 1 1 1 0 0 0 0 0 0 0
180	2	0 0 1 0 0 0 0 0 0 1 0 0 1 0 0 1
180	4	0 0 1 0 0 0 0 1 0 0 0 0 1 0 0 0
180	16	1 0 1 1 1 0 0 0 0 1 0 0 0 0 0 0
180	30	1 1 1 1 0 0 0 0 1 0 0 0 0 0 0 0
180	3	1 0 1 0 0 1 0 1 0 0 0 0 1 0 0 0
180	12	1 1 1 0 0 0 0 1 1 0 1 0 0 0 0 0
180	5	1 0 1 0 0 0 0 1 1 0 0 0 0 0 0 0
180	3	1 1 0 1 1 0 0 1 1 0 0 0 0 0 0 0
180	5	0 1 1 0 0 0 0 1 0 0 0 0 0 0 1 0
180	2	1 0 1 0 0 0 0 1 1 0 0 0 1 1 0 0
180	3	1 0 1 1 0 0 0 1 1 1 1 0 0 0 0 0
180	8	0 0 1 0 0 0 0 1 0 0 0 0 0 0 0 0
180	2	1 0 1 1 1 0 0 1 0 0 0 0 0 0 0 0
180	4	1 1 0 1 1 0 0 0 0 0 0 0 0 0 0 1
180	4	1 1 1 0 0 1 0 0 0 1 0 0 0 0 0 0
180	10	1 0 1 0 0 1 1 0 0 0 1 0 0 1 0 0
180	3	1 1 1 1 0 0 0 0 1 0 0 0 1 0 0 0
180	2	1 0 1 0 0 1 0 1 0 0 0 0 0 0 0 0
180	7	1 0 1 1 1 0 0 0 1 1 1 0 0 0 0 0
180	2	0 0 1 0 0 0 0 0 0 1 0 0 1 1 0 1
180	1	1 0 1 0 0 1 0 0 1 0 0 0 0 0 0 0
180	4	1 0 1 0 0 0 1 1 1 1 0 0 0 0 0 0
180	2	1 0 1 1 0 0 0 1 1 1 1 0 0 0 1 0
180	2	1 0 1 0 0 1 0 1 0 1 0 0 0 0 0 0
180	1	1 0 1 0 0 0 0 0 0 0 0 0 0 0 0 1
180	2	0 0 1 0 0 1 0 0 0 1 0 0 0 0 0 0
180	4	1 0 0 1 0 0 0 0 0 0 0 0 0 0 0 0
180	5	1 0 1 1 0 1 0 0 0 0 0 0 0 0 0 0
180	1	0 0 1 1 1 0 0 0 0 1 1 0 0 0 0 1
180	1	1 0 1 0 0 0 0 0 1 0 0 0 0 0 0 1
180	2	1 0 1 0 0 0 0 1 0 0 0 0 0 0 0 1
180	2	1 0 1 0 0 0 0 0 0 1 0 0 0 1 0 0
180	1	1 0 1 0 0 1 0 0 0 1 0 1 0 0 0 0
180	2	0 0 1 0 0 0 0 0 0 1 0 0 0 1 0 0
180	1	1 0 1 1 0 0 0 0 0 1 0 1 0 1 0 0
180	1	1 0 1 1 1 0 0 0 0 0 0 0 0 0 0 0
180	1	1 1 0 0 1 0 0 0 0 0 0 0 0 0 0 0
180	1	1 1 0 1 1 0 1 1 0 0 0 0 0 0 0 0
180	1	1 1 0 1 0 0 0 1 0 0 0 0 0 0 0 0
180	1	1 0 1 0 0 1 0 0 0 0 0 0 0 0 0 0
180	4	0 0 1 0 0 0 1 1 0 1 0 0 0 0 0 0
180	1	0 0 1 1 0 0 0 0 0 1 0 0 0 1 0 0
180	1	0 0 1 1 0 1 1 1 0 0 1 0 0 0 0 0
180	3	1 0 1 0 1 1 1 0 0 0 0 0 0 1 0 0
180	1	1 0 1 1 0 1 0 0 0 1 0 0 0 0 1 1
180	2	1 0 1 1 0 0 0 1 0 1 0 1 0 0 0 0
180	1	0 0 0 1 1 0 1 1 1 1 0 0 0 0 0 0
180	2	0 0 0 1 1 0 1 1 1 0 0 0 0 0 1 1
200	32	1 0 1 0 0 0 0 0 0 1 0 0 0 0 0 0
200	1	1 0 1 0 0 0 0 1 0 0 0 0 0 0 0 0
200	124	1 0 1 0 0 0 0 0 0 0 0 0 0 0 0 0
200	85	1 1 0 1 1 0 0 1 0 0 0 0 0 0 0 0
200	42	1 0 1 0 0 0 0 1 0 1 0 0 0 0 0 0
200	23	1 0 1 0 0 1 0 0 0 1 0 0 0 0 0 0
200	6	1 0 1 0 0 0 1 0 0 1 0 0 0 0 0 0
200	5	1 0 1 0 0 0 0 0 0 0 0 1 0 0 0 0
200	32	1 0 1 1 0 0 0 0 0 1 0 0 0 0 0 0
200	75	1 0 1 1 0 0 0 0 0 0 0 0 0 0 0 0
200	22	0 0 1 0 0 0 0 0 0 1 0 0 0 0 0 0
200	5	0 0 1 1 0 1 0 1 0 0 1 0 0 0 0 0
200	10	1 0 1 0 0 0 1 0 0 0 0 0 0 0 0 0
200	6	1 0 1 1 0 0 0 0 1 1 1 0 0 0 0 0
200	4	0 0 1 1 1 0 0 0 0 1 1 0 0 0 0 0
200	14	1 0 1 0 0 0 0 0 1 0 0 0 0 0 0 0
200	11	1 0 1 1 1 0 0 0 0 1 1 0 0 0 0 0
200	5	1 1 0 1 1 0 0 0 0 1 0 0 0 0 0 0
200	5	1 1 0 1 0 0 0 0 1 1 1 0 0 0 0 0
200	5	1 0 1 0 0 1 1 0 0 0 0 0 0 1 0 0
200	9	1 0 1 0 0 0 1 1 0 0 0 0 0 0 0 0
200	69	1 0 1 1 0 0 0 1 0 1 0 0 0 0 0 0
200	9	1 1 0 0 1 0 0 0 0 1 0 0 0 0 0 0
200	48	1 1 1 1 0 0 0 0 1 0 0 0 0 0 0 0
200	28	1 1 1 0 0 0 0 1 1 0 1 0 0 0 0 0
200	7	1 1 1 0 0 1 0 0 0 1 0 0 0 0 0 0
200	4	1 0 0 1 0 0 0 0 0 0 0 0 0 0 0 0
200	1	0 0 1 1 0 1 1 1 0 0 1 0 0 0 0 0
200	7	1 1 1 1 1 0 0 0 0 1 0 0 0 0 0 0
200	9	1 0 1 0 1 0 0 0 0 1 0 0 0 0 0 0
200	19	1 1 0 1 0 0 0 1 1 1 1 0 0 0 0 0
200	2	1 1 0 0 1 0 0 0 0 0 0 0 0 0 0 0
200	2	1 0 1 0 0 0 0 0 0 0 0 0 0 0 0 1
200	12	1 1 1 0 0 0 0 0 0 0 0 0 0 0 0 0
200	4	1 0 1 0 0 0 1 0 0 1 1 0 0 0 0 0
200	23	1 0 1 0 0 0 1 0 1 0 0 0 0 0 0 0
200	6	1 0 1 0 0 0 0 0 0 1 1 0 0 0 0 0
200	6	1 1 0 1 0 0 0 0 1 0 0 0 0 0 0 0
200	7	1 1 1 1 1 0 0 0 0 1 1 0 0 0 0 0
200	6	0 0 1 1 0 1 0 1 0 0 1 1 0 0 0 0
200	5	1 0 1 1 0 1 0 0 1 1 1 0 0 0 0 0
200	6	1 0 1 0 0 0 0 0 0 1 0 0 0 0 0 1
200	13	1 1 1 0 0 0 0 0 0 1 0 0 0 0 0 0
200	7	1 0 1 0 0 0 0 0 1 1 0 0 0 0 0 0
200	2	1 0 1 0 0 1 0 0 1 1 0 0 0 0 0 0
200	4	1 0 1 1 0 0 0 0 0 0 0 0 0 1 0 0
200	3	0 0 1 0 0 0 0 0 0 1 1 0 0 0 0 0
200	10	0 0 1 0 0 1 0 0 0 0 0 0 0 0 0 0
200	6	1 1 0 1 0 0 0 0 0 0 0 0 0 0 0 1
200	23	1 0 1 0 1 0 0 0 0 0 0 0 0 0 0 0
200	2	1 0 1 0 0 0 1 0 0 0 0 1 0 0 0 0
200	12	1 0 1 0 0 0 0 0 0 1 0 0 1 0 0 0
200	2	1 1 0 0 1 0 0 1 1 0 1 0 0 0 0 0
200	7	1 0 1 0 0 0 0 1 0 1 0 0 0 1 0 0
200	2	1 0 1 1 0 0 0 1 0 0 0 0 0 0 0 0
200	4	1 0 1 0 0 0 1 1 0 0 0 0 1 0 0 0
200	2	1 0 1 0 1 0 0 0 0 1 0 0 1 0 0 0
200	7	1 0 1 1 0 0 0 0 1 0 0 0 0 0 0 0
200	3	1 0 1 0 0 1 1 1 0 0 0 0 0 1 0 0
200	3	0 0 1 1 0 0 0 1 0 1 0 0 0 0 0 0
200	3	1 0 1 1 1 0 0 0 0 0 0 0 0 0 0 0
200	7	1 0 1 1 0 1 0 1 0 0 1 1 0 0 0 0
200	1	1 0 1 0 1 0 0 1 0 1 0 0 0 0 0 0
200	6	1 0 1 0 0 0 0 0 0 0 1 0 0 0 0 1
200	1	1 1 0 1 1 0 0 0 1 1 1 0 0 0 0 0
200	4	0 0 1 1 0 0 0 0 0 1 0 0 0 0 0 0
200	1	0 0 1 1 0 0 0 0 0 0 0 0 0 0 0 0
200	3	1 0 1 1 0 0 1 0 1 1 1 0 0 0 0 0
200	1	1 1 1 0 0 0 0 1 1 0 1 0 0 0 0 1
200	2	1 1 1 1 0 1 0 0 0 1 0 0 0 0 0 0
200	7	1 0 1 0 0 0 0 0 0 0 0 0 0 1 0 0
200	1	1 1 0 1 1 0 0 1 0 0 0 0 0 1 0 0
200	1	0 1 0 1 1 0 0 1 0 0 0 0 0 0 0 0
200	4	0 0 1 0 0 0 0 1 0 1 0 0 0 0 0 0
200	7	1 0 1 0 1 1 0 0 0 1 0 0 0 0 0 0
200	4	1 0 1 0 0 1 0 0 0 1 0 0 0 1 0 0
200	4	1 1 1 1 0 0 0 0 1 0 0 0 0 0 1 0
200	3	1 0 1 0 0 0 1 1 0 0 0 1 0 0 0 0
200	1	1 0 1 0 0 0 0 1 1 0 1 0 0 0 0 0
200	2	1 0 1 0 1 0 1 0 1 0 0 0 0 0 0 0
200	1	1 0 1 0 0 0 0 0 0 0 1 0 0 0 0 0
200	2	1 1 0 1 1 0 0 1 0 0 0 1 0 0 0 0
200	2	1 1 0 1 1 0 1 1 0 0 0 0 0 0 0 0
200	1	1 1 1 0 0 0 0 0 0 0 0 1 0 0 0 0
200	1	1 0 0 1 0 0 0 0 1 1 1 0 0 0 0 0
200	2	1 1 0 1 0 0 0 1 0 1 0 0 0 0 0 0
200	1	1 1 0 1 0 0 0 0 0 0 0 0 0 0 0 0
200	1	1 0 1 0 0 0 0 0 1 1 1 0 0 0 0 0
200	2	1 1 1 1 0 0 0 0 0 0 0 0 0 0 0 0
200	1	1 1 0 0 0 0 0 0 0 1 0 0 0 0 0 0
200	1	0 0 1 1 1 1 1 1 0 0 1 0 0 0 0 0
200	2	1 1 1 0 1 0 0 0 0 1 0 0 0 0 0 0
200	1	1 0 1 0 1 0 0 0 0 0 1 0 0 0 0 0
200	2	0 0 1 1 0 0 0 1 0 0 0 0 0 0 0 0
200	3	1 0 1 0 1 0 0 0 0 0 0 0 1 0 0 0
200	1	1 0 1 1 0 0 0 0 1 0 0 0 0 0 1 0
220	21	1 0 1 0 0 0 0 0 0 1 0 0 0 0 0 0
220	47	1 0 1 0 0 0 0 0 0 0 0 0 0 0 0 0
220	45	1 1 0 1 1 0 0 1 0 0 0 0 0 0 0 0
220	26	1 0 1 0 0 0 0 1 0 1 0 0 0 0 0 0
220	11	1 0 1 1 0 0 0 0 0 1 0 0 0 0 0 0
220	46	1 0 1 1 0 0 0 0 0 0 0 0 0 0 0 0
220	6	0 0 1 0 0 0 0 0 0 1 0 0 0 0 0 0
220	3	1 0 1 1 0 0 0 0 1 1 1 0 0 0 0 0
220	12	1 0 1 0 0 0 0 0 1 0 0 0 0 0 0 0
220	27	1 0 1 1 1 0 0 0 0 1 1 0 0 0 0 0
220	11	1 0 1 0 0 1 1 0 0 0 0 0 0 1 0 0
220	27	1 0 1 1 0 0 0 1 0 1 0 0 0 0 0 0
220	137	1 1 1 1 0 0 0 0 1 0 0 0 0 0 0 0
220	9	1 1 1 0 0 0 0 1 1 0 1 0 0 0 0 0
220	22	1 1 1 0 0 1 0 0 0 1 0 0 0 0 0 0
220	9	1 1 0 1 0 0 0 1 1 1 1 0 0 0 0 0
220	3	1 0 1 0 0 0 1 0 1 0 0 0 0 0 0 0
220	6	1 0 1 0 0 0 0 0 0 1 1 0 0 0 0 0
220	3	1 1 0 1 0 0 0 0 1 0 0 0 0 0 0 0
220	36	0 0 1 1 0 1 0 1 0 0 1 1 0 0 0 0
220	10	1 1 1 0 0 0 0 0 0 1 0 0 0 0 0 0
220	5	1 1 0 1 0 0 0 0 0 0 0 0 0 0 0 1
220	23	1 0 1 0 1 0 0 0 0 0 0 0 0 0 0 0
220	2	1 0 1 0 0 1 1 1 0 0 0 0 0 1 0 0
220	16	1 0 1 1 0 1 0 1 0 0 1 1 0 0 0 0
220	3	1 1 1 0 0 0 0 1 1 0 1 0 0 0 0 1
220	10	1 1 1 1 0 0 0 0 1 0 0 0 0 0 1 0
220	3	1 1 0 1 1 0 1 1 0 0 0 0 0 0 0 0
220	4	1 0 0 1 0 0 0 0 1 1 1 0 0 0 0 0
220	12	1 1 0 1 0 0 0 0 0 0 0 0 0 0 0 0
220	4	1 1 1 1 0 0 0 0 0 0 0 0 0 0 0 0
220	20	1 0 1 1 0 0 0 1 1 0 1 0 0 0 0 0
220	10	0 0 1 0 0 0 0 0 0 0 0 0 0 0 0 0
220	7	1 0 0 0 0 0 0 0 0 0 0 0 0 0 0 0
220	1	1 0 1 0 0 1 0 0 0 1 1 0 0 0 0 0
220	24	1 0 1 0 0 1 1 0 0 1 0 0 0 0 0 0
220	8	1 1 1 1 1 0 0 1 0 0 0 0 0 0 0 0
220	10	1 0 1 1 1 1 0 0 0 1 0 0 0 0 0 0
220	5	1 1 1 0 0 0 0 1 1 0 1 1 0 0 0 0
220	5	1 1 0 1 0 1 0 1 1 1 1 0 0 0 0 0
220	35	1 0 1 1 0 0 0 1 1 0 1 0 1 0 0 0
220	1	1 0 1 1 0 0 0 0 0 0 0 0 0 1 0 1
220	13	1 1 1 1 0 0 0 0 1 0 1 0 0 0 0 0
220	1	1 0 1 1 0 0 0 1 0 1 1 0 0 0 0 0
220	2	1 0 1 1 0 1 0 1 0 0 1 1 0 0 0 1
220	10	1 1 1 0 0 0 1 1 0 0 0 1 0 0 0 0
220	14	1 1 1 1 0 0 0 0 1 0 0 0 0 0 0 1
220	2	0 1 1 0 0 1 0 0 0 0 0 0 0 0 0 0
220	4	0 0 1 0 0 0 0 1 0 1 0 0 0 0 0 0
220	9	1 0 1 1 0 0 1 1 0 1 0 0 0 0 0 0
220	11	1 1 1 1 0 1 0 0 1 0 0 0 0 0 0 0
220	13	1 0 1 0 1 0 0 0 0 0 0 0 0 0 1 0
220	7	1 1 0 1 0 0 0 0 1 0 0 0 0 0 1 0
220	1	1 1 0 1 1 0 0 1 0 1 0 0 0 0 0 0
220	1	1 1 0 1 1 0 0 1 0 0 0 0 1 0 0 0
220	5	1 0 1 1 1 0 0 1 0 1 1 0 0 0 0 0
220	6	1 0 1 1 0 0 0 1 0 1 0 1 0 0 0 0
220	6	1 1 0 1 0 0 0 0 0 0 0 0 0 0 1 1
220	12	1 0 1 0 1 0 0 0 0 0 0 0 0 1 0 0
220	9	1 1 0 1 0 0 0 1 0 0 0 0 0 0 0 0
220	9	1 0 1 0 0 0 1 1 0 1 0 0 0 0 0 0
220	4	1 0 0 0 0 0 1 1 1 0 1 0 0 0 0 1
220	9	1 0 1 0 0 0 1 0 1 0 1 0 0 0 0 1
220	4	1 0 0 1 0 0 0 0 1 0 0 0 0 0 0 0
220	3	1 0 0 0 0 0 0 1 0 1 0 0 0 0 0 0
220	3	1 1 1 0 0 0 0 0 1 0 0 0 0 0 0 0
220	2	1 1 1 1 1 0 0 1 0 0 0 0 0 0 0 1
220	3	1 0 1 1 1 0 0 0 0 0 0 0 0 0 0 0
220	2	1 0 1 1 0 1 0 1 0 0 1 1 1 0 0 0
220	3	1 1 0 1 0 1 0 1 1 1 0 0 0 0 0 0
220	2	0 0 1 1 0 1 0 1 0 0 1 1 0 0 0 1
220	3	1 1 1 1 0 0 0 1 0 1 0 0 0 0 0 0
220	8	1 1 1 1 0 1 0 1 0 0 1 1 0 0 0 0
220	3	1 1 0 1 0 0 0 0 1 1 1 0 0 0 0 0
220	6	1 0 1 0 0 0 0 1 1 0 1 0 0 0 0 0
220	3	1 0 1 0 0 0 0 0 0 0 0 0 0 0 1 0
220	4	1 0 0 1 0 0 0 1 1 1 1 0 0 0 0 0
220	6	1 0 1 0 0 0 0 0 0 0 0 1 0 0 0 0
220	9	1 0 1 1 1 0 0 0 0 0 1 0 0 0 0 0
220	3	1 1 1 1 0 0 0 0 1 1 0 0 0 0 0 0
220	6	0 0 1 1 0 1 1 1 0 0 1 1 0 0 0 0
220	5	1 1 0 1 0 0 0 0 0 0 0 0 0 1 0 0
220	3	1 0 1 1 0 1 0 1 0 0 0 0 0 0 0 0
220	1	0 0 1 0 0 0 0 0 0 1 1 0 0 0 0 0
220	2	0 0 1 0 0 0 0 0 0 1 0 0 0 0 1 0
220	2	1 0 1 1 0 0 0 1 0 1 0 0 0 0 1 0
220	7	1 1 1 0 0 1 0 0 0 0 0 0 0 0 0 0
220	2	1 1 1 0 0 0 0 0 0 1 0 1 0 0 0 0
220	1	0 1 1 0 0 0 0 1 0 1 0 0 0 0 0 0
220	1	1 0 1 1 0 0 1 1 0 1 0 0 0 0 0 1
220	2	1 0 1 1 0 0 0 0 1 0 0 0 0 0 0 0
220	3	0 0 1 1 0 1 0 0 1 0 0 0 0 0 0 0
220	1	1 1 1 1 1 0 0 0 1 0 0 0 0 0 0 0
220	4	0 0 1 1 0 1 0 1 0 0 1 1 1 0 0 0
220	1	1 1 0 1 1 0 1 1 0 1 0 0 0 0 0 0
220	1	1 0 1 1 0 1 0 1 0 0 1 1 1 0 1 0
220	2	1 1 1 0 0 0 0 1 0 1 0 0 0 0 0 0
220	2	1 0 1 1 1 0 0 0 0 0 1 0 0 0 0 1
220	1	1 1 1 1 0 0 0 0 1 0 1 0 0 0 0 1
220	5	1 1 0 1 0 0 0 0 1 1 0 0 0 0 0 0
220	1	1 0 1 0 1 0 0 0 0 1 0 0 0 0 0 0
220	1	1 1 1 1 0 0 0 1 1 0 0 0 0 0 0 0
220	1	0 1 1 0 0 1 0 0 0 1 0 0 0 0 0 0
220	1	1 1 1 0 1 1 0 0 0 1 0 0 0 0 0 0
220	1	0 0 1 1 0 1 0 1 0 0 1 0 0 0 0 0
220	2	1 1 0 1 0 1 0 0 1 1 1 0 0 0 0 0
220	1	1 0 1 1 0 1 0 1 0 1 1 1 1 0 0 0
240	20	1 1 0 1 1 0 0 1 0 0 0 0 0 0 0 0
240	6	1 0 1 0 0 0 0 1 0 1 0 0 0 0 0 0
240	5	1 0 1 1 0 0 0 0 0 1 0 0 0 0 0 0
240	20	1 0 1 1 0 0 0 0 0 0 0 0 0 0 0 0
240	2	1 0 1 0 0 0 0 0 1 0 0 0 0 0 0 0
240	11	1 0 1 0 0 1 1 0 0 0 0 0 0 1 0 0
240	28	1 0 1 1 0 0 0 1 0 1 0 0 0 0 0 0
240	149	1 1 1 1 0 0 0 0 1 0 0 0 0 0 0 0
240	6	1 0 1 0 0 0 0 0 0 1 1 0 0 0 0 0
240	26	1 1 0 1 0 0 0 0 1 0 0 0 0 0 0 0
240	4	1 1 0 1 0 0 0 0 0 0 0 0 0 0 0 1
240	14	1 0 1 0 0 1 1 1 0 0 0 0 0 1 0 0
240	33	1 0 1 1 0 1 0 1 0 0 1 1 0 0 0 0
240	18	1 1 1 0 0 0 0 1 1 0 1 0 0 0 0 1
240	25	1 1 1 1 0 0 0 0 1 0 0 0 0 0 1 0
240	10	1 0 1 0 0 1 1 0 0 1 0 0 0 0 0 0
240	35	1 0 1 1 1 1 0 0 0 1 0 0 0 0 0 0
240	11	1 1 0 1 0 1 0 1 1 1 1 0 0 0 0 0
240	29	1 1 1 1 0 0 0 0 1 0 1 0 0 0 0 0
240	33	1 1 1 1 0 0 0 0 1 0 0 0 0 0 0 1
240	2	1 0 1 1 0 0 1 1 0 1 0 0 0 0 0 0
240	27	1 1 1 1 0 1 0 0 1 0 0 0 0 0 0 0
240	27	1 0 1 0 1 0 0 0 0 0 0 0 0 0 1 0
240	8	1 1 0 1 0 0 0 0 1 0 0 0 0 0 1 0
240	12	1 0 1 1 0 0 0 1 0 1 0 1 0 0 0 0
240	15	1 0 1 0 0 0 1 1 0 1 0 0 0 0 0 0
240	12	1 1 1 0 0 0 0 0 1 0 0 0 0 0 0 0
240	25	1 1 0 1 0 0 0 0 1 1 1 0 0 0 0 0
240	4	1 0 1 0 0 0 0 1 1 0 1 0 0 0 0 0
240	13	1 0 1 0 0 0 0 0 0 0 0 1 0 0 0 0
240	1	1 1 0 1 0 0 0 0 0 0 0 0 0 1 0 0
240	47	1 1 1 1 1 0 0 0 1 0 0 0 0 0 0 0
240	17	1 0 1 1 0 1 0 1 0 0 1 1 1 0 1 0
240	5	1 1 1 1 0 0 0 1 1 0 0 0 0 0 0 0
240	3	0 1 1 0 0 1 0 0 0 1 0 0 0 0 0 0
240	5	0 0 1 1 0 1 0 1 0 1 0 0 0 0 0 0
240	7	1 0 1 0 0 1 1 0 0 0 0 0 0 0 0 0
240	2	1 1 0 1 0 0 0 1 0 0 0 0 0 1 0 0
240	3	1 0 1 1 1 1 0 0 0 0 0 0 0 0 0 1
240	3	1 0 1 1 0 0 0 1 1 0 1 1 0 0 0 0
240	15	1 1 0 1 0 0 0 0 1 0 0 0 0 0 1 1
240	18	1 0 1 1 0 0 0 0 0 0 1 0 0 0 0 0
240	15	1 0 1 0 1 0 0 0 0 0 0 1 0 0 0 0
240	7	1 0 1 1 0 0 0 0 0 0 0 1 0 0 0 0
240	4	1 0 1 1 0 0 0 1 1 0 1 0 1 0 0 1
240	7	1 1 1 0 0 1 0 0 1 0 1 1 0 0 0 0
240	5	1 0 1 0 0 0 1 0 1 0 0 0 0 0 0 0
240	6	1 1 1 0 0 0 1 0 1 0 1 0 0 0 0 1
240	9	0 1 0 1 0 0 0 0 0 0 0 0 0 1 0 0
240	10	1 1 1 0 0 0 0 0 0 0 0 0 0 0 0 0
240	2	1 0 1 1 0 0 0 0 1 0 1 0 0 0 0 0
240	4	1 0 1 1 0 1 0 1 1 0 1 1 0 0 0 0
240	18	1 1 1 0 0 0 0 0 0 0 0 1 0 0 0 0
240	3	1 0 0 0 0 0 1 0 1 0 1 0 0 0 0 0
240	3	1 0 1 0 0 1 1 0 1 1 0 0 0 0 0 0
240	6	1 1 1 1 0 1 0 0 1 0 1 0 0 0 0 0
240	2	1 1 1 0 0 0 0 0 1 0 1 0 0 0 0 0
240	1	1 0 1 0 0 0 0 0 1 0 0 0 0 0 0 1
240	7	1 0 1 1 1 1 0 1 0 0 1 1 0 0 0 0
240	9	1 0 1 1 0 0 0 1 0 0 0 0 0 0 0 0
240	9	1 0 1 1 0 1 0 1 0 0 1 0 0 0 0 0
240	6	1 1 1 0 0 0 0 1 1 0 1 0 1 0 0 1
240	4	1 1 1 1 0 0 0 0 1 0 1 1 1 0 1 0
240	5	1 0 1 1 0 0 0 0 0 1 1 0 0 0 0 0
240	14	1 1 0 1 1 0 0 1 0 0 0 0 1 0 0 0
240	9	1 1 1 1 0 0 0 0 1 0 0 1 0 0 0 0
240	1	1 1 1 1 0 0 0 1 1 0 1 1 0 0 0 0
240	4	1 0 1 1 0 0 0 0 1 0 0 0 0 0 0 0
240	2	1 1 1 0 0 0 0 0 1 0 0 0 0 1 0 0
240	6	1 0 0 1 0 0 0 0 0 0 1 0 0 0 0 0
240	2	1 0 1 1 0 1 0 1 0 0 1 1 0 1 0 0
240	3	1 1 1 1 0 0 0 0 1 0 0 0 1 0 1 0
240	2	1 0 1 0 0 1 1 0 0 0 0 1 0 0 0 0
240	1	1 0 1 1 0 0 0 0 0 0 1 1 1 0 1 0
240	1	1 0 1 0 0 1 1 0 0 1 0 0 0 1 0 0
240	3	1 1 1 1 0 0 0 0 1 0 0 0 0 1 0 1
240	9	1 0 0 1 0 0 0 1 0 1 0 1 0 0 0 0
240	4	1 1 1 0 0 0 0 0 0 1 0 0 0 0 0 0
240	3	1 0 1 0 0 0 0 0 0 1 0 0 0 0 0 0
240	2	1 1 0 1 1 0 0 1 0 0 1 0 1 0 0 0
240	3	1 1 1 1 0 0 0 0 0 1 0 0 0 0 0 0
240	1	1 0 1 1 1 0 0 0 1 0 0 0 0 0 0 0
240	2	1 1 1 1 0 0 0 0 1 0 0 0 1 0 0 0
240	3	1 0 1 0 0 0 0 0 0 0 1 0 0 0 0 0
240	1	1 0 1 1 0 1 0 1 0 0 0 1 0 0 0 0
240	2	1 0 1 0 1 0 0 0 0 1 0 0 0 0 1 0
240	1	1 0 1 1 0 0 0 1 0 0 1 1 1 0 1 0
240	4	1 0 1 1 0 0 0 1 0 0 0 1 0 0 0 0
240	1	1 0 1 1 0 0 0 1 1 0 1 1 1 0 0 1
240	1	1 0 0 1 0 0 0 1 0 0 0 0 0 0 0 0
240	2	1 0 1 0 0 0 0 0 1 0 0 0 0 1 0 0
240	1	1 1 1 0 0 0 0 1 1 0 0 0 0 0 0 0
240	1	1 1 1 1 1 0 0 1 0 0 0 0 0 0 0 0
240	4	1 0 0 0 0 0 0 0 1 0 0 0 0 0 0 0
240	1	1 0 1 1 0 0 0 1 0 1 0 0 0 0 1 0
240	2	1 1 1 1 0 0 1 0 1 0 0 0 0 0 0 0
240	1	0 0 1 0 0 0 0 0 0 1 1 0 0 0 0 0
240	1	1 1 1 1 0 0 0 0 1 0 1 1 0 0 0 0
240	1	1 1 1 0 0 0 0 0 1 0 0 0 0 0 1 0
240	2	1 0 1 1 0 1 0 1 0 0 1 1 1 0 1 1
240	1	1 1 1 0 0 0 0 1 1 0 0 1 0 0 0 0
260	8	1 0 1 1 0 0 0 0 0 0 0 0 0 0 0 0
260	14	1 0 1 0 0 1 1 0 0 0 0 0 0 1 0 0
260	2	1 0 1 1 0 0 0 1 0 1 0 0 0 0 0 0
260	235	1 1 1 1 0 0 0 0 1 0 0 0 0 0 0 0
260	26	1 1 0 1 0 0 0 0 1 0 0 0 0 0 0 0
260	1	1 0 1 0 0 1 1 1 0 0 0 0 0 1 0 0
260	46	1 0 1 1 0 1 0 1 0 0 1 1 0 0 0 0
260	25	1 1 1 0 0 0 0 1 1 0 1 0 0 0 0 1
260	2	1 1 1 1 0 0 0 0 1 0 0 0 0 0 1 0
260	6	1 0 1 0 0 1 1 0 0 1 0 0 0 0 0 0
260	7	1 0 1 1 1 1 0 0 0 1 0 0 0 0 0 0
260	27	1 1 1 1 0 0 0 0 1 0 1 0 0 0 0 0
260	93	1 1 1 1 0 1 0 0 1 0 0 0 0 0 0 0
260	9	1 0 1 0 1 0 0 0 0 0 0 0 0 0 1 0
260	4	1 0 1 1 0 0 0 1 0 1 0 1 0 0 0 0
260	2	1 1 1 0 0 0 0 0 1 0 0 0 0 0 0 0
260	4	1 1 0 1 0 0 0 0 1 1 1 0 0 0 0 0
260	2	1 0 1 0 0 0 0 0 0 0 0 1 0 0 0 0
260	19	1 1 1 1 1 0 0 0 1 0 0 0 0 0 0 0
260	12	0 0 1 1 0 1 0 1 0 1 0 0 0 0 0 0
260	10	1 0 1 1 0 0 0 0 0 0 1 0 0 0 0 0
260	38	1 1 1 0 0 1 0 0 1 0 1 1 0 0 0 0
260	28	1 1 1 0 0 0 0 0 0 0 0 0 0 0 0 0
260	2	1 0 1 1 0 1 0 1 1 0 1 1 0 0 0 0
260	35	1 1 1 0 0 0 0 0 0 0 0 1 0 0 0 0
260	14	1 1 1 1 0 1 0 0 1 0 1 0 0 0 0 0
260	2	1 1 1 0 0 0 0 0 1 0 1 0 0 0 0 0
260	4	1 0 1 1 0 0 0 1 0 0 0 0 0 0 0 0
260	3	1 1 1 0 0 0 0 1 1 0 1 0 1 0 0 1
260	24	1 1 0 1 1 0 0 1 0 0 0 0 1 0 0 0
260	1	1 1 1 1 0 0 0 0 1 0 0 1 0 0 0 0
260	8	1 0 1 1 0 0 0 0 1 0 0 0 0 0 0 0
260	19	1 0 1 1 0 0 0 1 0 0 0 1 0 0 0 0
260	18	1 1 1 0 0 0 0 1 1 0 0 0 0 0 0 0
260	1	1 0 0 0 0 0 0 0 1 0 0 0 0 0 0 0
260	16	1 1 1 1 0 0 1 0 1 0 0 0 0 0 0 0
260	7	1 1 1 1 0 0 0 0 0 0 0 0 0 0 0 0
260	11	1 0 1 0 0 1 0 1 0 0 1 1 0 0 0 0
260	5	1 1 1 1 1 0 0 1 1 0 0 0 0 0 0 0
260	8	1 0 1 1 1 0 0 1 1 0 1 1 0 0 0 0
260	1	0 1 0 1 0 0 0 0 0 0 0 0 0 0 0 0
260	10	1 0 1 1 1 0 0 0 1 0 0 0 0 0 0 0
260	7	1 1 1 1 0 0 0 0 1 0 0 0 0 0 1 1
260	2	1 0 1 0 1 0 0 0 0 0 0 0 1 0 1 0
260	10	1 1 0 1 0 1 0 0 1 0 0 0 0 0 0 0
260	18	1 1 1 0 0 0 0 1 1 0 1 0 0 0 0 0
260	11	1 1 1 0 0 1 0 1 0 1 0 1 0 0 0 0
260	2	1 1 0 1 1 0 0 1 0 0 0 0 0 0 0 1
260	3	1 1 1 1 0 0 0 1 0 0 0 0 0 0 0 0
260	6	1 1 1 0 0 0 0 1 1 0 1 0 1 0 0 0
260	2	1 0 1 1 1 1 0 0 0 1 0 1 0 0 0 0
260	1	1 0 1 1 0 0 0 0 0 0 1 0 0 1 0 0
260	4	1 1 1 0 0 0 0 0 1 0 0 0 0 0 1 0
260	16	1 1 1 0 1 0 0 0 0 0 0 0 0 0 1 0
260	1	1 1 1 0 0 0 0 0 0 0 0 1 0 1 0 0
260	2	1 0 1 0 1 0 0 0 0 0 0 0 0 0 0 0
260	1	1 0 1 1 0 1 1 0 0 0 0 0 0 1 0 0
260	3	1 0 0 1 0 0 0 0 1 0 0 0 0 0 0 0
260	4	1 0 1 1 1 1 0 0 1 0 1 0 0 0 0 0
260	12	1 1 1 1 0 0 0 1 1 0 0 0 0 0 0 0
260	2	1 1 1 0 0 0 0 0 1 0 1 0 0 0 1 0
260	3	1 1 0 0 1 0 0 0 0 0 0 0 0 0 1 0
260	2	1 0 1 1 0 0 0 1 0 1 0 0 0 1 0 0
260	7	0 0 1 1 0 0 0 0 0 0 1 0 0 0 0 0
260	2	1 0 0 1 1 1 0 0 1 0 0 0 0 0 1 1
260	6	1 1 1 1 0 0 0 0 1 1 0 0 0 0 0 0
260	9	1 1 0 1 0 0 0 1 1 0 0 0 0 0 0 0
260	2	1 1 0 1 0 1 0 0 1 0 1 0 0 0 0 0
260	5	1 1 0 0 0 0 0 0 0 0 0 1 0 0 0 0
260	4	1 0 1 1 1 1 0 0 0 1 0 1 0 0 0 1
260	1	1 1 1 1 0 0 0 0 1 0 0 0 1 0 0 0
260	1	1 0 1 1 1 1 0 1 0 0 1 1 0 0 0 0
260	1	1 1 1 0 0 0 0 0 1 0 1 0 0 0 0 1
260	1	1 0 0 0 1 0 0 0 0 0 0 0 0 0 1 0
260	3	1 1 0 1 0 0 0 0 1 1 0 0 0 0 0 0
260	1	1 1 1 0 0 0 0 0 0 1 0 0 0 0 0 0
260	4	1 1 1 1 0 0 0 1 1 0 0 1 0 0 0 0
260	2	1 0 1 0 1 1 0 0 1 0 1 0 0 0 0 0
260	1	0 0 1 1 0 0 0 0 0 1 1 0 0 0 0 0
260	3	1 0 1 0 0 1 1 0 1 0 0 0 0 0 0 0
260	5	1 0 1 1 0 0 0 0 1 0 1 0 0 0 0 0
260	6	1 1 1 1 0 0 0 0 1 0 0 0 0 0 0 1
260	1	1 1 0 1 0 0 0 0 1 0 0 0 0 0 1 0
260	1	1 1 1 1 0 1 0 0 1 1 1 0 0 0 0 0
260	4	1 0 1 1 0 0 0 0 0 0 0 0 0 1 0 0
260	3	0 0 1 1 0 0 0 0 0 0 1 0 0 1 0 0
260	2	1 1 1 1 0 0 0 0 0 0 1 0 0 0 0 0
260	3	1 1 0 1 1 0 0 0 1 0 0 0 0 0 0 0
260	1	1 1 0 1 1 0 0 1 0 0 0 0 1 1 0 0
280	14	1 0 1 1 0 0 0 0 0 0 0 0 0 0 0 0
280	273	1 1 1 1 0 0 0 0 1 0 0 0 0 0 0 0
280	15	1 1 0 1 0 0 0 0 1 0 0 0 0 0 0 0
280	21	1 0 1 1 0 1 0 1 0 0 1 1 0 0 0 0
280	4	1 1 1 1 0 0 0 0 1 0 0 0 0 0 1 0
280	60	1 1 1 1 0 1 0 0 1 0 0 0 0 0 0 0
280	6	1 0 1 1 0 0 0 1 0 1 0 1 0 0 0 0
280	30	1 1 1 0 0 0 0 0 1 0 0 0 0 0 0 0
280	24	1 1 0 1 0 0 0 0 1 1 1 0 0 0 0 0
280	11	1 1 1 0 0 1 0 0 1 0 1 1 0 0 0 0
280	5	1 1 1 0 0 0 0 0 0 0 0 0 0 0 0 0
280	25	1 1 1 0 0 0 0 0 0 0 0 1 0 0 0 0
280	20	1 1 1 1 0 1 0 0 1 0 1 0 0 0 0 0
280	22	1 1 1 1 0 0 0 0 1 0 0 1 0 0 0 0
280	1	1 0 1 1 0 0 0 1 0 0 0 1 0 0 0 0
280	23	1 1 1 0 0 0 0 1 1 0 0 0 0 0 0 0
280	27	1 1 1 1 0 0 1 0 1 0 0 0 0 0 0 0
280	20	1 1 1 1 0 0 0 0 0 0 0 0 0 0 0 0
280	4	1 0 1 0 1 0 0 0 0 0 0 0 1 0 1 0
280	12	1 1 1 0 0 0 0 1 1 0 1 0 0 0 0 0
280	15	1 0 0 1 0 0 0 0 1 0 0 0 0 0 0 0
280	3	1 0 1 1 1 1 0 0 1 0 1 0 0 0 0 0
280	39	1 1 1 1 0 0 0 1 1 0 0 0 0 0 0 0
280	1	1 1 1 0 0 0 0 0 1 0 1 0 0 0 1 0
280	20	1 1 1 1 0 0 0 0 1 1 0 0 0 0 0 0
280	6	1 1 0 1 0 0 0 1 1 0 0 0 0 0 0 0
280	9	1 0 1 1 1 1 0 0 0 1 0 1 0 0 0 1
280	8	1 0 1 1 1 1 0 1 0 0 1 1 0 0 0 0
280	10	1 1 1 1 0 0 0 1 1 0 0 1 0 0 0 0
280	3	1 0 1 0 0 1 1 0 1 0 0 0 0 0 0 0
280	24	1 1 1 1 0 0 0 0 1 0 0 0 0 0 0 1
280	12	1 1 1 0 1 0 0 1 0 1 0 0 0 0 0 0
280	29	1 0 1 1 0 1 0 0 0 1 0 0 0 0 0 0
280	2	1 1 1 1 0 0 0 0 1 1 0 0 0 0 1 0
280	7	1 1 0 1 1 0 0 1 0 0 0 0 0 0 0 0
280	2	1 1 1 1 0 1 1 0 1 0 0 0 0 0 0 0
280	8	1 1 1 1 1 0 0 1 1 0 1 1 0 0 0 0
280	1	1 1 1 0 0 0 0 1 1 0 1 1 0 0 0 0
280	2	1 0 1 1 0 1 0 0 0 1 0 1 0 0 0 0
280	4	1 1 0 1 0 0 0 0 1 0 0 1 0 0 0 0
280	6	1 1 1 1 0 0 0 1 1 0 0 0 0 0 1 0
280	12	1 0 1 1 0 1 0 0 1 0 0 0 0 0 0 0
280	1	0 0 1 1 0 1 0 1 1 1 0 0 0 0 0 0
280	4	0 0 1 1 0 1 0 1 0 1 1 0 0 0 0 0
280	13	1 1 0 1 0 0 0 0 1 1 0 0 0 0 0 0
280	10	1 1 1 1 0 0 1 0 1 0 0 0 0 0 0 1
280	10	0 0 1 1 0 1 0 0 0 0 0 1 0 0 0 0
280	3	1 1 0 1 1 0 0 1 0 0 1 0 0 0 0 0
280	11	1 1 1 1 0 0 0 0 1 0 1 1 0 0 0 0
280	8	1 0 1 1 0 0 0 0 1 0 0 0 0 0 0 0
280	1	1 1 0 1 0 0 1 0 1 0 0 0 0 0 0 0
280	6	1 1 1 1 0 1 0 0 1 0 0 0 0 0 0 1
280	16	1 1 1 1 0 1 1 1 1 0 0 0 0 0 0 0
280	7	1 1 1 1 0 1 0 1 0 0 1 1 0 0 0 0
280	9	1 0 0 1 1 0 0 0 1 0 0 0 0 0 0 0
280	1	1 0 1 1 1 0 0 1 0 0 1 0 0 0 0 0
280	15	1 1 1 1 1 0 0 0 1 0 0 0 0 0 0 0
280	4	1 0 1 0 0 0 0 0 0 0 0 1 0 1 0 0
280	2	1 0 0 0 1 1 1 0 0 0 0 0 0 1 0 0
280	1	0 0 1 1 0 0 0 0 1 0 0 0 0 0 0 0
280	6	1 1 1 0 1 0 0 1 1 0 1 0 0 0 0 0
280	3	1 1 1 1 0 1 0 1 1 0 0 1 0 0 0 0
280	4	1 1 1 1 1 1 0 1 1 0 1 1 0 0 0 0
280	4	0 1 0 1 0 0 0 1 1 0 0 0 0 0 0 0
280	1	1 1 1 0 0 1 0 0 0 0 0 1 0 1 0 0
280	2	1 1 1 1 0 1 0 0 0 0 0 1 0 0 0 0
280	1	1 1 1 1 0 0 0 0 0 1 0 0 0 0 0 0
280	1	1 0 1 1 0 0 0 0 0 0 0 1 0 1 0 0
280	3	1 1 0 0 0 0 0 0 1 0 0 0 0 0 0 0
280	1	1 1 1 1 0 1 0 0 1 0 0 0 0 1 0 0
280	1	1 0 0 0 0 1 0 0 1 0 0 0 0 0 0 0
280	2	1 1 1 1 1 0 0 1 0 0 1 0 0 0 0 0
280	5	1 1 1 1 0 1 0 0 1 0 0 1 0 0 0 0
280	1	1 1 1 0 0 0 0 0 0 0 0 1 0 0 1 0
280	2	1 1 1 1 0 0 0 1 1 0 0 0 0 0 0 1
280	1	0 0 1 1 0 1 0 0 0 1 0 0 0 0 0 0
300	218	1 1 1 1 0 0 0 0 1 0 0 0 0 0 0 0
300	2	1 1 0 1 0 0 0 0 1 0 0 0 0 0 0 0
300	20	1 0 1 1 0 1 0 1 0 0 1 1 0 0 0 0
300	92	1 1 1 1 0 1 0 0 1 0 0 0 0 0 0 0
300	21	1 1 1 0 0 0 0 0 1 0 0 0 0 0 0 0
300	17	1 1 0 1 0 0 0 0 1 1 1 0 0 0 0 0
300	5	1 1 1 0 0 1 0 0 1 0 1 1 0 0 0 0
300	1	1 1 1 0 0 0 0 0 0 0 0 1 0 0 0 0
300	26	1 1 1 1 0 1 0 0 1 0 1 0 0 0 0 0
300	17	1 1 1 1 0 0 0 0 1 0 0 1 0 0 0 0
300	7	1 1 1 0 0 0 0 1 1 0 0 0 0 0 0 0
300	7	1 1 1 1 0 0 1 0 1 0 0 0 0 0 0 0
300	19	1 1 1 1 0 0 0 0 0 0 0 0 0 0 0 0
300	1	1 1 1 0 0 0 0 1 1 0 1 0 0 0 0 0
300	4	1 0 0 1 0 0 0 0 1 0 0 0 0 0 0 0
300	3	1 0 1 1 1 1 0 0 1 0 1 0 0 0 0 0
300	35	1 1 1 1 0 0 0 1 1 0 0 0 0 0 0 0
300	27	1 1 1 1 0 0 0 0 1 1 0 0 0 0 0 0
300	21	1 0 1 1 1 1 0 1 0 0 1 1 0 0 0 0
300	10	1 1 1 1 0 0 0 0 1 0 0 0 0 0 0 1
300	12	1 1 1 0 1 0 0 1 0 1 0 0 0 0 0 0
300	34	1 0 1 1 0 1 0 0 0 1 0 0 0 0 0 0
300	5	1 0 1 1 0 1 0 0 0 1 0 1 0 0 0 0
300	43	1 0 1 1 0 1 0 0 1 0 0 0 0 0 0 0
300	6	1 1 1 1 0 0 1 0 1 0 0 0 0 0 0 1
300	13	0 0 1 1 0 1 0 0 0 0 0 1 0 0 0 0
300	4	1 1 1 1 0 0 0 0 1 0 1 1 0 0 0 0
300	27	1 0 1 1 0 0 0 0 1 0 0 0 0 0 0 0
300	19	1 1 1 1 1 1 0 1 1 0 1 1 0 0 0 0
300	12	0 1 0 1 0 0 0 1 1 0 0 0 0 0 0 0
300	5	1 1 1 1 0 1 0 0 1 0 0 1 0 0 0 0
300	4	1 1 1 1 0 0 0 1 1 0 0 0 0 0 0 1
300	21	1 1 1 0 0 1 0 0 1 0 0 0 0 0 0 0
300	7	0 1 1 1 0 0 1 0 1 0 0 0 0 0 0 0
300	2	1 1 1 1 0 1 1 1 1 1 0 0 0 0 0 0
300	1	1 1 1 0 0 1 0 0 1 0 1 1 0 1 0 0
300	15	1 0 1 1 1 1 0 1 0 0 0 1 0 0 0 0
300	1	1 1 0 1 0 0 1 0 1 1 1 0 0 0 0 0
300	11	1 1 1 1 0 1 0 0 1 0 0 0 1 0 0 0
300	23	1 1 1 1 0 0 0 0 1 0 0 0 0 1 0 0
300	9	1 0 1 1 0 1 0 0 1 1 0 0 0 0 0 0
300	25	1 0 1 1 0 1 0 0 1 0 0 1 0 0 0 0
300	1	1 1 1 1 0 0 0 0 1 0 1 0 0 0 0 0
300	10	1 1 1 1 0 0 0 0 1 0 0 0 1 0 0 0
300	2	1 0 1 1 0 0 0 1 0 0 1 1 0 0 0 0
300	4	1 1 1 1 0 0 1 0 1 0 1 1 0 0 0 0
300	2	1 1 1 1 0 0 1 1 1 0 0 0 0 0 0 0
300	2	1 0 1 1 0 1 0 0 0 1 0 0 0 1 0 0
300	2	1 0 1 1 0 0 0 1 1 0 1 1 0 0 0 0
300	2	1 1 1 1 0 1 0 0 0 0 0 0 0 0 0 0
300	2	1 1 1 1 0 0 0 1 1 0 1 1 0 0 0 0
300	3	0 1 1 1 0 0 0 0 1 0 0 0 0 0 0 0
300	14	1 1 0 1 0 0 1 1 1 1 1 0 0 0 0 0
300	5	1 1 0 1 0 0 0 0 1 0 0 0 0 0 0 1
300	6	1 1 1 0 0 1 0 0 0 0 0 1 0 0 0 0
300	4	1 0 1 1 0 1 1 0 0 1 0 0 0 0 0 0
300	2	1 0 1 1 0 1 0 0 1 0 1 0 0 0 0 0
300	2	1 1 1 1 0 1 0 0 1 1 0 0 0 0 0 0
300	1	0 0 1 1 1 1 0 0 1 0 1 0 0 0 0 0
300	3	0 0 1 1 0 1 0 0 1 1 0 0 0 0 0 0
300	6	1 0 1 1 0 0 0 0 0 1 0 0 0 0 0 0
300	3	1 1 1 1 1 1 0 0 0 1 0 0 0 0 0 0
300	3	1 1 0 1 0 0 1 0 1 0 0 0 0 0 0 0
300	2	1 1 1 1 0 0 0 0 1 0 0 0 0 0 1 0
300	7	1 1 1 1 0 0 0 0 0 1 0 0 0 0 0 0
300	5	1 1 0 1 0 0 0 0 1 0 0 1 0 0 0 1
300	2	1 0 1 1 0 1 0 0 0 0 1 1 0 0 0 0
300	3	0 0 1 1 0 1 0 0 1 0 0 0 0 0 1 0
300	1	1 1 1 1 0 1 0 0 1 0 0 0 0 1 0 0
300	2	1 1 1 0 0 0 0 0 0 1 0 0 0 0 0 0
300	9	1 1 1 1 1 1 0 1 0 1 0 0 0 0 0 0
300	4	1 1 1 1 0 0 0 1 1 1 0 0 0 0 0 0
300	1	1 1 1 0 0 0 0 0 1 0 0 0 1 0 0 0
300	3	1 1 1 1 0 1 0 0 1 0 1 0 0 1 0 0
300	4	1 1 1 1 1 0 0 0 0 0 0 0 0 0 0 0
300	5	1 1 1 1 0 1 0 0 0 1 0 0 0 0 0 0
300	2	1 0 1 1 0 1 0 0 1 0 0 0 0 0 1 0
300	5	1 1 1 1 0 1 0 0 1 0 1 1 0 0 0 0
300	2	1 1 1 1 0 1 1 1 1 1 0 0 0 0 1 0
300	3	1 1 1 0 0 0 0 0 1 0 0 1 0 0 0 0
300	3	1 1 0 1 0 0 0 0 1 1 0 0 0 0 0 0
300	1	1 0 1 1 0 0 0 1 1 0 0 0 0 0 0 0
300	1	0 0 1 1 0 0 1 0 1 0 0 0 0 0 0 0
300	1	1 1 1 1 0 1 1 1 1 0 0 0 0 0 0 0
300	1	1 1 1 1 0 0 0 0 1 1 1 0 0 0 0 0
300	1	1 1 1 1 1 1 0 1 0 0 1 0 0 0 0 0
300	1	1 1 0 0 0 0 0 0 1 0 0 1 0 0 0 1
320	148	1 1 1 1 0 0 0 0 1 0 0 0 0 0 0 0
320	56	1 0 1 1 0 1 0 1 0 0 1 1 0 0 0 0
320	61	1 1 1 1 0 1 0 0 1 0 0 0 0 0 0 0
320	8	1 1 0 1 0 0 0 0 1 1 1 0 0 0 0 0
320	11	1 1 1 1 0 1 0 0 1 0 1 0 0 0 0 0
320	3	1 1 1 1 0 0 0 0 1 0 0 1 0 0 0 0
320	30	1 1 1 1 0 0 1 0 1 0 0 0 0 0 0 0
320	1	1 1 1 1 0 0 0 0 0 0 0 0 0 0 0 0
320	43	1 1 1 1 0 0 0 1 1 0 0 0 0 0 0 0
320	11	1 1 1 1 0 0 0 0 1 1 0 0 0 0 0 0
320	34	1 0 1 1 1 1 0 1 0 0 1 1 0 0 0 0
320	50	1 1 1 1 0 0 0 0 1 0 0 0 0 0 0 1
320	14	1 1 1 0 1 0 0 1 0 1 0 0 0 0 0 0
320	3	1 0 1 1 0 1 0 0 0 1 0 0 0 0 0 0
320	8	1 0 1 1 0 1 0 0 1 0 0 0 0 0 0 0
320	22	1 0 1 1 0 0 0 0 1 0 0 0 0 0 0 0
320	36	1 1 1 1 0 1 0 0 1 0 0 1 0 0 0 0
320	9	0 1 1 1 0 0 1 0 1 0 0 0 0 0 0 0
320	3	1 0 1 1 1 1 0 1 0 0 0 1 0 0 0 0
320	19	1 1 1 1 0 0 0 0 1 0 0 0 0 1 0 0
320	4	1 0 1 1 0 1 0 0 1 1 0 0 0 0 0 0
320	39	1 0 1 1 0 1 0 0 1 0 0 1 0 0 0 0
320	37	1 1 1 1 0 0 0 0 1 0 0 0 1 0 0 0
320	1	1 0 1 1 0 0 0 1 0 0 1 1 0 0 0 0
320	10	1 1 1 1 0 0 1 0 1 0 1 1 0 0 0 0
320	14	1 1 0 1 0 0 1 1 1 1 1 0 0 0 0 0
320	14	1 1 1 0 0 1 0 0 0 0 0 1 0 0 0 0
320	18	1 0 1 1 0 1 0 0 1 0 1 0 0 0 0 0
320	6	1 1 1 1 0 0 0 0 0 1 0 0 0 0 0 0
320	18	1 0 1 1 0 1 0 0 0 0 1 1 0 0 0 0
320	30	1 1 1 0 0 0 0 0 0 1 0 0 0 0 0 0
320	9	1 1 1 1 1 0 0 0 0 0 0 0 0 0 0 0
320	9	1 1 1 1 0 0 0 0 1 1 1 0 0 0 0 0
320	7	1 1 0 1 0 0 0 1 1 1 1 0 0 0 0 0
320	3	1 0 1 1 0 0 0 0 1 0 0 0 0 0 0 1
320	6	1 1 1 1 1 1 0 1 0 0 1 1 0 0 0 0
320	7	1 1 1 1 0 1 0 0 0 0 1 0 0 1 0 0
320	5	1 1 1 1 0 1 0 0 1 0 0 0 1 0 0 0
320	20	1 1 0 1 0 0 0 0 1 0 0 0 0 0 0 0
320	4	1 1 1 1 0 0 0 0 1 1 0 0 0 0 1 0
320	15	0 0 1 1 0 1 0 1 0 0 0 1 0 0 0 0
320	10	0 1 1 1 1 1 0 1 0 0 1 1 0 0 0 0
320	5	1 1 0 1 0 1 0 0 1 0 0 0 1 0 0 0
320	2	1 0 1 1 0 0 1 0 1 0 1 1 0 0 0 0
320	6	1 1 1 1 0 1 0 1 1 0 0 0 0 0 0 0
320	7	1 1 1 1 0 1 0 0 0 0 1 1 0 0 0 0
320	2	1 0 1 1 0 1 0 0 1 0 0 0 0 1 0 0
320	2	1 1 0 1 0 0 1 1 1 1 1 0 0 0 0 1
320	1	1 1 1 1 0 0 0 0 1 0 0 0 0 1 0 1
320	3	1 1 1 0 0 0 0 0 0 0 1 0 0 0 0 0
320	11	1 1 1 1 0 0 0 0 1 0 1 0 0 0 1 0
320	4	1 0 1 0 0 0 0 0 0 1 0 0 0 0 0 0
320	4	1 0 1 1 0 0 0 0 1 1 1 0 0 0 0 0
320	2	1 1 1 1 0 0 1 0 1 0 1 0 0 0 0 0
320	15	1 0 1 1 1 1 0 1 1 0 1 1 0 0 0 0
320	2	0 1 1 1 1 1 0 1 1 0 1 1 0 0 0 0
320	3	1 0 1 1 1 1 0 1 0 0 1 0 0 0 0 0
320	8	1 1 1 1 0 0 0 1 1 0 0 0 0 1 0 0
320	2	1 1 1 1 0 0 0 1 1 1 0 0 0 0 0 0
320	1	1 1 1 1 0 1 0 0 1 0 0 1 1 0 0 0
320	1	1 0 1 1 0 0 0 1 1 0 0 0 0 0 0 0
320	2	1 0 1 1 0 0 1 0 1 0 0 0 0 0 0 0
320	6	1 0 1 1 0 1 0 0 1 0 0 0 1 0 0 0
320	7	1 1 1 1 0 0 0 0 1 0 1 0 0 0 0 0
320	1	1 1 1 0 0 0 0 1 0 1 0 0 0 0 0 0
320	1	1 1 1 0 0 1 0 0 0 0 0 1 0 0 0 1
320	1	1 0 1 1 0 1 0 0 1 0 1 0 0 1 0 0
320	4	1 0 0 1 0 0 0 0 1 0 0 1 0 0 0 1
320	7	1 1 1 1 0 1 0 0 1 0 1 1 0 0 0 0
320	5	1 1 1 1 0 1 0 1 0 0 1 1 0 0 0 0
320	2	1 0 1 1 0 1 0 1 0 0 1 0 0 0 0 0
320	3	1 1 1 1 0 1 0 0 1 0 0 1 0 0 1 0
320	1	1 0 1 1 0 1 0 0 1 0 0 1 0 0 0 1
320	2	1 0 1 1 1 1 0 0 1 0 1 0 0 0 0 0
320	4	0 0 1 1 0 0 0 0 1 0 0 0 0 0 0 1
320	1	1 1 1 1 0 1 0 0 1 0 1 1 1 0 0 0
320	1	1 1 1 1 0 0 0 1 1 0 0 0 0 0 0 1
320	3	1 0 1 1 1 1 0 0 1 0 0 0 0 0 0 0
320	1	1 0 1 1 0 1 0 0 1 0 0 0 0 0 0 1
320	2	0 1 0 1 0 0 0 0 1 1 1 0 0 0 0 0
320	4	1 1 1 0 0 0 1 0 1 0 0 0 0 0 0 0
320	1	1 1 1 1 0 0 0 0 0 1 0 0 0 0 1 0
320	2	1 1 1 1 0 0 0 0 1 1 1 0 0 0 0 1
320	1	0 0 1 1 0 1 0 1 0 0 0 1 1 0 0 0
320	1	1 1 0 1 0 0 0 1 1 1 1 0 0 0 0 1
340	181	1 1 1 1 0 0 0 0 1 0 0 0 0 0 0 0
340	43	1 0 1 1 0 1 0 1 0 0 1 1 0 0 0 0
340	22	1 1 1 1 0 1 0 0 1 0 0 0 0 0 0 0
340	8	1 1 1 1 0 1 0 0 1 0 1 0 0 0 0 0
340	41	1 1 1 1 0 0 0 0 1 0 0 1 0 0 0 0
340	15	1 1 1 1 0 0 1 0 1 0 0 0 0 0 0 0
340	7	1 1 1 1 0 0 0 0 0 0 0 0 0 0 0 0
340	48	1 1 1 1 0 0 0 1 1 0 0 0 0 0 0 0
340	26	1 0 1 1 1 1 0 1 0 0 1 1 0 0 0 0
340	57	1 1 1 1 0 0 0 0 1 0 0 0 0 0 0 1
340	11	1 0 1 1 0 0 0 0 1 0 0 0 0 0 0 0
340	45	1 1 1 1 0 1 0 0 1 0 0 1 0 0 0 0
340	62	0 1 1 1 0 0 1 0 1 0 0 0 0 0 0 0
340	21	1 0 1 1 1 1 0 1 0 0 0 1 0 0 0 0
340	2	1 1 1 1 0 0 0 0 1 0 0 0 0 1 0 0
340	5	1 0 1 1 0 1 0 0 1 0 0 1 0 0 0 0
340	45	1 1 1 1 0 0 0 0 1 0 0 0 1 0 0 0
340	13	1 0 1 1 0 1 0 0 1 0 1 0 0 0 0 0
340	6	1 1 1 1 0 0 0 0 0 1 0 0 0 0 0 0
340	8	1 0 1 1 0 1 0 0 0 0 1 1 0 0 0 0
340	24	1 1 1 0 0 0 0 0 0 1 0 0 0 0 0 0
340	5	1 1 1 1 0 0 0 0 1 1 1 0 0 0 0 0
340	4	1 0 1 1 0 0 0 0 1 0 0 0 0 0 0 1
340	5	1 1 0 1 0 0 0 0 1 0 0 0 0 0 0 0
340	6	1 1 1 1 0 0 0 0 1 1 0 0 0 0 1 0
340	4	1 1 1 1 0 1 0 1 1 0 0 0 0 0 0 0
340	2	1 0 1 1 0 1 0 0 1 0 0 0 0 1 0 0
340	13	0 1 1 1 1 1 0 1 1 0 1 1 0 0 0 0
340	4	1 1 1 1 0 0 0 0 1 0 1 0 0 0 0 0
340	8	1 1 1 1 0 1 0 0 1 0 0 1 0 0 1 0
340	1	1 1 1 1 0 0 1 0 1 0 1 1 1 0 0 0
340	3	1 0 0 1 0 1 0 0 1 0 1 0 0 0 0 0
340	21	1 1 1 1 0 1 1 0 1 0 0 1 0 0 0 0
340	5	1 1 0 1 0 0 0 0 0 1 0 0 0 0 0 0
340	14	1 1 1 1 1 0 0 0 1 0 0 1 0 0 0 0
340	10	1 1 1 1 0 1 0 0 0 0 1 0 0 0 0 0
340	7	1 1 0 1 0 0 1 0 1 1 1 0 0 0 0 0
340	9	0 0 1 1 0 0 0 0 1 1 1 0 0 0 0 0
340	7	1 1 1 1 0 0 0 0 1 1 0 0 0 0 0 1
340	6	1 1 1 1 1 1 0 1 0 0 0 1 0 0 0 0
340	16	1 1 1 1 0 1 0 0 1 0 0 0 1 0 0 0
340	3	1 1 1 0 0 0 0 0 0 1 0 0 0 0 0 1
340	20	1 0 1 1 1 1 0 0 1 0 1 1 0 0 0 0
340	7	0 1 0 1 0 0 1 0 1 0 0 0 0 0 0 0
340	2	1 1 1 0 0 1 0 1 0 0 0 1 0 0 0 0
340	6	1 0 1 1 0 1 0 0 1 0 0 0 1 0 0 0
340	9	1 1 1 1 0 1 0 0 1 0 1 0 0 1 0 0
340	3	1 1 1 0 0 0 0 1 1 0 0 0 0 1 0 0
340	3	1 0 1 1 0 0 0 0 1 1 0 0 0 0 0 0
340	6	1 0 1 1 1 1 1 1 0 0 1 1 0 0 0 0
340	3	1 1 1 1 0 1 0 1 1 0 0 1 0 0 0 0
340	4	1 0 0 1 0 1 0 0 1 0 1 1 0 0 0 0
340	1	1 1 1 1 0 0 0 1 0 0 1 1 0 0 0 0
340	3	1 1 0 1 0 1 0 0 1 0 1 0 0 0 0 0
340	7	1 0 1 1 1 1 0 1 0 0 0 0 0 0 0 0
340	14	1 1 1 1 0 0 0 0 1 1 0 0 1 0 0 0
340	2	0 1 1 1 0 1 0 1 1 0 0 0 0 0 0 0
340	1	1 0 1 1 0 1 0 1 0 0 0 0 0 0 0 0
340	2	1 1 1 1 0 0 1 0 1 0 1 1 0 0 0 0
340	6	0 0 1 1 0 0 0 0 1 0 0 0 0 0 0 0
340	4	1 1 1 1 0 0 0 0 0 0 1 1 0 0 0 0
340	6	1 1 1 1 1 0 0 0 1 0 0 0 0 0 0 0
340	1	1 0 1 1 0 1 1 1 0 0 1 1 0 0 0 0
340	4	1 1 1 1 1 0 1 0 1 0 0 0 0 0 0 0
340	2	1 1 1 1 0 0 1 0 1 1 0 0 0 0 0 0
340	3	1 1 1 1 0 1 0 0 0 0 0 1 0 0 0 0
340	5	0 1 1 1 0 0 1 1 1 0 0 0 0 0 0 0
340	1	1 1 1 1 0 0 0 0 1 0 0 0 1 0 0 1
340	2	0 1 0 1 0 1 0 1 1 0 0 0 0 0 0 0
340	2	1 0 1 1 0 1 0 0 1 0 0 0 0 0 0 0
340	3	1 1 1 0 0 1 0 0 1 0 0 0 0 0 0 0
340	1	1 1 1 1 0 0 0 1 0 0 0 0 0 0 0 0
340	2	1 1 1 1 0 0 0 0 1 0 1 0 0 0 0 1
340	3	1 0 1 1 0 1 0 0 0 0 1 0 0 0 0 0
340	3	1 0 1 1 0 1 0 0 1 0 0 1 0 0 1 0
340	1	1 0 1 1 0 1 1 0 1 0 0 1 0 0 0 0
340	1	1 0 1 1 0 1 0 1 0 0 1 1 0 1 0 0
340	2	1 1 1 1 0 0 1 0 1 0 0 0 0 1 0 0
340	1	1 1 1 1 0 0 0 1 1 0 1 0 0 0 0 0
340	4	1 0 1 1 1 1 0 0 0 0 1 1 0 0 0 0
340	1	1 1 0 1 0 1 0 0 1 0 0 1 0 0 0 0
340	3	0 1 1 1 1 0 1 0 1 0 0 0 0 0 0 0
340	1	0 1 1 1 0 0 1 0 1 0 0 1 0 0 0 0
340	1	1 0 1 1 0 0 0 0 1 1 1 0 0 0 0 0
340	1	1 1 1 1 0 0 0 0 0 1 0 0 1 0 0 0
360	176	1 1 1 1 0 0 0 0 1 0 0 0 0 0 0 0
360	22	1 0 1 1 0 1 0 1 0 0 1 1 0 0 0 0
360	21	1 1 1 1 0 1 0 0 1 0 0 0 0 0 0 0
360	32	1 1 1 1 0 0 0 0 1 0 0 1 0 0 0 0
360	26	1 1 1 1 0 0 1 0 1 0 0 0 0 0 0 0
360	126	1 1 1 1 0 0 0 1 1 0 0 0 0 0 0 0
360	34	1 1 1 1 0 0 0 0 1 0 0 0 0 0 0 1
360	25	1 1 1 1 0 1 0 0 1 0 0 1 0 0 0 0
360	7	0 1 1 1 0 0 1 0 1 0 0 0 0 0 0 0
360	23	1 0 1 1 1 1 0 1 0 0 0 1 0 0 0 0
360	11	1 0 1 1 0 1 0 0 1 0 0 1 0 0 0 0
360	56	1 1 1 1 0 0 0 0 1 0 0 0 1 0 0 0
360	2	1 1 1 1 0 0 0 0 0 1 0 0 0 0 0 0
360	14	1 1 1 0 0 0 0 0 0 1 0 0 0 0 0 0
360	8	1 1 1 1 0 0 0 0 1 1 0 0 0 0 1 0
360	56	1 1 1 1 0 1 1 0 1 0 0 1 0 0 0 0
360	13	1 1 1 1 1 0 0 0 1 0 0 1 0 0 0 0
360	2	1 1 1 1 0 1 0 0 0 0 1 0 0 0 0 0
360	32	1 1 1 1 1 1 0 1 0 0 0 1 0 0 0 0
360	5	1 1 1 1 0 1 0 0 1 0 0 0 1 0 0 0
360	1	1 0 1 1 1 1 0 0 1 0 1 1 0 0 0 0
360	4	0 1 0 1 0 0 1 0 1 0 0 0 0 0 0 0
360	2	1 0 1 1 1 1 1 1 0 0 1 1 0 0 0 0
360	4	1 1 1 1 0 0 0 0 1 1 0 0 1 0 0 0
360	15	1 1 1 1 1 0 1 0 1 0 0 0 0 0 0 0
360	19	1 1 0 1 0 1 0 0 1 0 0 1 0 0 0 0
360	1	1 1 1 0 0 0 0 0 1 0 0 0 0 0 0 0
360	16	1 1 1 1 0 1 1 0 0 0 1 0 0 0 0 0
360	1	1 1 1 1 0 1 0 0 0 0 0 0 0 0 0 0
360	39	1 1 0 1 0 0 0 0 1 0 0 1 0 0 0 0
360	8	1 1 1 1 0 1 1 0 1 0 0 1 0 0 0 1
360	5	1 1 0 0 0 0 0 0 1 0 0 0 0 0 0 0
360	3	1 1 1 1 0 0 0 0 1 0 1 0 1 0 0 0
360	3	1 1 1 1 0 0 0 0 0 1 1 1 0 0 0 0
360	13	1 1 1 1 0 1 0 1 1 0 0 1 0 0 0 0
360	20	1 1 1 1 0 0 0 0 1 1 0 0 0 0 0 0
360	1	1 1 1 1 0 0 0 0 1 0 0 1 0 0 0 1
360	6	1 1 1 1 1 0 0 0 1 0 0 0 0 0 0 1
360	2	1 0 1 1 1 0 0 0 1 0 0 1 0 0 0 0
360	3	1 1 1 1 0 0 0 1 0 0 0 1 0 0 0 0
360	2	1 1 1 1 0 0 0 0 0 0 1 1 0 0 0 0
360	4	1 0 1 1 0 0 0 0 1 0 0 0 0 1 0 1
360	7	1 1 1 1 0 1 1 0 1 0 1 0 0 0 0 0
360	3	1 0 0 1 0 0 0 0 1 0 0 0 0 0 0 1
360	6	0 1 1 1 0 1 0 0 0 0 0 0 0 0 0 0
360	11	1 1 1 1 0 0 1 0 1 0 0 0 0 0 0 1
360	1	1 1 0 0 0 0 0 0 1 0 0 0 1 0 0 0
360	10	1 1 1 1 0 0 1 0 1 0 0 0 0 0 1 0
360	5	1 1 1 1 0 0 0 0 0 1 1 0 0 0 0 0
360	5	1 1 1 1 0 1 0 1 0 0 0 1 0 0 0 0
360	1	1 1 1 1 0 1 0 0 1 0 1 0 1 0 0 0
360	3	1 0 0 1 0 1 0 0 1 0 0 1 0 0 0 0
360	1	1 1 1 1 1 1 0 1 0 0 0 1 0 0 1 0
360	4	1 1 0 0 1 0 0 0 1 0 0 0 0 0 0 0
360	4	1 0 1 1 0 0 0 1 0 0 1 1 0 0 0 0
360	5	1 1 1 0 0 0 1 0 1 0 0 0 0 0 0 0
360	3	1 1 1 1 0 0 0 0 1 1 0 0 0 0 0 1
360	2	1 1 1 1 1 1 1 1 0 0 0 1 0 0 0 0
360	2	1 1 1 1 1 1 0 0 1 0 0 0 1 0 0 0
360	7	1 1 1 1 0 0 0 0 0 0 1 0 0 0 0 0
360	2	1 1 1 0 0 1 0 0 1 0 0 1 0 0 0 0
360	5	1 1 1 1 0 0 0 0 1 0 0 0 1 0 1 0
360	4	1 1 1 1 0 0 0 0 1 0 0 1 1 0 0 0
360	1	1 1 0 1 0 0 0 0 1 0 0 0 0 1 0 0
360	1	1 1 1 0 0 0 0 0 1 0 1 0 1 0 0 0
360	6	1 1 1 1 1 0 0 1 1 0 0 0 0 0 0 0
360	7	1 1 1 1 0 0 0 0 1 0 0 0 0 0 1 0
360	1	1 0 1 0 0 1 0 1 0 0 1 1 0 0 0 0
360	1	1 0 1 1 1 1 0 1 0 0 0 0 0 0 0 0
360	2	1 1 1 1 0 1 0 0 0 0 1 1 0 0 0 0
360	2	1 1 1 1 1 0 0 0 1 0 0 0 1 0 1 0
360	3	1 1 1 1 0 1 0 1 0 0 1 1 0 0 0 0
360	2	1 0 0 1 1 0 0 0 1 0 0 0 0 0 0 0
360	1	1 1 1 1 1 1 0 1 0 0 0 0 1 0 0 0
360	3	1 1 1 1 0 0 0 0 0 0 0 0 0 0 0 0
360	3	1 1 1 1 0 0 1 0 1 0 0 0 0 1 0 0
360	4	1 1 0 1 0 1 1 0 1 0 0 1 0 0 0 0
360	2	1 0 1 1 1 1 1 1 0 0 1 1 1 0 0 0
360	1	1 1 1 1 1 0 1 0 1 1 0 0 0 0 0 0
360	1	1 0 0 1 1 1 0 0 0 0 0 1 0 0 0 0
360	2	1 1 1 1 0 0 1 1 1 0 0 0 0 0 0 1
360	1	1 1 1 1 1 0 1 0 1 0 0 0 0 0 1 0
360	2	1 1 1 1 0 0 0 0 0 1 1 0 0 0 0 1
380	79	1 1 1 1 0 0 0 0 1 0 0 0 0 0 0 0
380	2	1 0 1 1 0 1 0 1 0 0 1 1 0 0 0 0
380	51	1 1 1 1 0 1 0 0 1 0 0 0 0 0 0 0
380	38	1 1 1 1 0 0 0 0 1 0 0 1 0 0 0 0
380	6	1 1 1 1 0 0 1 0 1 0 0 0 0 0 0 0
380	173	1 1 1 1 0 0 0 1 1 0 0 0 0 0 0 0
380	9	1 1 1 1 0 0 0 0 1 0 0 0 0 0 0 1
380	23	1 1 1 1 0 1 0 0 1 0 0 1 0 0 0 0
380	20	1 0 1 1 1 1 0 1 0 0 0 1 0 0 0 0
380	27	1 0 1 1 0 1 0 0 1 0 0 1 0 0 0 0
380	1	1 1 1 1 0 0 0 0 1 0 0 0 1 0 0 0
380	19	1 1 1 1 0 1 1 0 1 0 0 1 0 0 0 0
380	24	1 1 1 1 1 0 0 0 1 0 0 1 0 0 0 0
380	40	1 1 1 1 1 1 0 1 0 0 0 1 0 0 0 0
380	14	1 0 1 1 1 1 1 1 0 0 1 1 0 0 0 0
380	7	1 1 1 1 1 0 1 0 1 0 0 0 0 0 0 0
380	3	1 1 0 1 0 1 0 0 1 0 0 1 0 0 0 0
380	43	1 1 1 1 0 1 1 0 0 0 1 0 0 0 0 0
380	14	1 1 0 1 0 0 0 0 1 0 0 1 0 0 0 0
380	10	1 1 1 1 0 0 0 0 1 1 0 0 0 0 0 0
380	3	1 1 1 1 1 0 0 0 1 0 0 0 0 0 0 1
380	7	1 1 1 1 0 0 0 0 0 0 1 1 0 0 0 0
380	11	1 1 1 1 0 1 1 0 1 0 1 0 0 0 0 0
380	1	1 1 1 1 0 0 1 0 1 0 0 0 0 0 0 1
380	4	1 1 1 1 0 0 0 0 0 1 1 0 0 0 0 0
380	1	1 0 0 1 0 1 0 0 1 0 0 1 0 0 0 0
380	18	1 0 1 1 0 0 0 1 0 0 1 1 0 0 0 0
380	18	1 1 1 0 0 0 1 0 1 0 0 0 0 0 0 0
380	11	1 1 1 1 0 0 0 0 0 0 1 0 0 0 0 0
380	10	1 1 1 1 0 0 0 0 1 0 0 0 0 0 1 0
380	15	1 1 1 1 0 1 0 0 0 0 1 1 0 0 0 0
380	26	1 1 1 1 0 0 0 0 0 0 0 0 0 0 0 0
380	4	1 1 1 1 0 0 0 0 0 1 1 0 0 1 0 1
380	3	1 0 1 1 0 1 0 0 1 0 0 0 0 0 0 0
380	19	1 1 0 1 0 0 0 0 1 0 0 0 0 0 0 0
380	1	1 0 0 1 1 0 0 0 1 0 0 0 1 0 0 0
380	10	1 1 1 1 1 1 1 0 1 0 0 1 0 0 0 0
380	19	1 1 1 1 0 0 1 0 1 0 1 0 0 0 0 0
380	23	1 0 1 1 1 1 1 1 0 1 1 1 0 0 0 0
380	5	1 1 0 1 0 1 0 1 0 0 0 1 0 0 0 0
380	3	1 1 1 1 0 0 0 0 0 0 0 1 0 0 0 0
380	3	1 1 1 1 0 1 0 0 1 1 0 0 1 0 0 0
380	15	1 1 0 1 0 0 0 0 1 0 1 0 1 0 0 0
380	9	1 1 1 1 0 0 0 0 1 0 1 1 0 0 0 0
380	13	1 1 0 1 0 0 0 0 0 0 0 1 0 0 0 0
380	11	1 0 1 1 0 0 0 1 1 0 0 0 0 0 0 0
380	10	1 1 1 1 0 0 0 1 1 0 0 0 1 0 0 0
380	2	1 0 1 1 0 1 0 0 0 0 0 1 0 0 0 0
380	4	1 1 1 1 0 1 0 0 1 0 0 0 0 0 1 0
380	10	1 0 1 1 0 1 0 0 1 0 0 1 0 1 0 0
380	14	1 1 1 1 0 0 0 1 1 0 0 1 0 0 0 0
380	1	1 1 0 1 0 1 0 1 1 0 0 1 0 0 0 0
380	1	1 0 1 1 1 0 0 0 1 0 0 0 0 0 0 0
380	3	1 1 1 1 1 0 0 0 1 1 1 0 0 1 0 1
380	1	1 0 1 1 0 0 0 0 1 0 0 0 0 0 0 1
380	3	1 0 0 1 1 1 0 0 1 0 0 0 0 0 0 0
380	2	1 1 1 0 0 0 1 0 1 0 1 0 0 0 0 0
380	1	1 1 1 1 0 1 0 0 1 0 0 0 0 0 0 1
380	5	1 0 1 1 0 0 0 0 1 0 0 1 0 0 0 0
380	2	1 1 1 1 0 0 0 0 1 0 0 1 0 1 0 0
380	4	0 1 1 1 0 0 0 1 1 0 0 0 0 0 0 0
380	12	1 1 0 1 1 1 0 1 0 0 0 1 0 0 0 0
380	2	1 0 0 1 0 1 0 0 1 0 1 1 0 0 0 0
380	1	1 1 1 1 0 0 0 0 1 0 0 0 0 1 1 0
380	5	1 1 1 1 1 1 1 0 1 0 0 1 1 0 0 0
380	3	1 1 1 0 0 0 1 1 1 0 0 0 0 0 0 0
380	4	1 1 1 1 1 0 0 1 1 0 0 0 0 0 0 0
380	3	1 1 1 1 0 0 0 1 1 0 0 0 0 0 1 0
380	1	1 1 1 1 1 1 0 0 1 0 0 1 0 0 0 0
380	2	1 1 1 1 0 0 1 0 1 0 0 0 1 0 0 0
380	3	1 1 0 1 0 1 1 0 1 0 0 1 0 0 0 0
380	4	1 1 1 1 1 1 1 0 1 0 0 0 0 0 0 0
380	2	1 1 1 1 1 1 1 0 1 0 0 1 0 0 0 1
380	1	1 0 1 1 0 1 0 1 1 0 0 0 0 0 0 0
380	4	1 1 1 1 1 1 0 0 1 0 0 0 0 0 0 0
380	1	1 0 1 1 0 0 0 1 0 0 0 1 0 1 0 0
380	2	1 0 1 1 1 1 1 0 1 0 0 1 0 0 0 0
380	2	1 1 1 1 0 0 0 0 1 0 0 0 0 1 0 0
380	1	1 0 1 1 0 1 0 1 0 0 1 0 0 0 0 0
380	2	1 1 1 1 0 0 0 1 1 0 1 0 0 0 0 0
380	1	1 1 1 1 0 1 1 0 1 0 0 1 0 1 0 0
380	1	1 0 1 1 0 0 0 1 0 1 1 0 0 0 0 0
380	1	1 1 1 1 0 1 0 0 0 0 1 0 0 0 0 0
380	1	1 0 1 1 0 0 0 0 1 0 0 0 0 0 0 0
380	2	1 1 1 1 0 0 0 0 1 1 0 1 0 0 0 0
380	3	1 1 1 1 0 1 0 1 1 0 0 1 0 0 0 0
380	1	1 1 1 1 0 0 0 0 1 1 1 0 0 0 0 0
380	1	1 1 1 1 0 0 0 0 0 0 0 0 1 0 0 0
380	1	1 0 0 1 0 1 0 0 1 0 0 0 0 0 0 0
380	3	1 1 0 1 0 0 0 0 1 0 0 0 0 1 0 0
380	1	1 0 1 1 1 0 0 1 1 0 0 0 0 0 0 0
400	16	1 1 1 1 0 0 0 0 1 0 0 0 0 0 0 0
400	65	1 1 1 1 0 1 0 0 1 0 0 0 0 0 0 0
400	52	1 1 1 1 0 0 0 0 1 0 0 1 0 0 0 0
400	137	1 1 1 1 0 0 0 1 1 0 0 0 0 0 0 0
400	4	1 1 1 1 0 0 0 0 1 0 0 0 0 0 0 1
400	58	1 1 1 1 0 1 0 0 1 0 0 1 0 0 0 0
400	6	1 1 1 1 0 1 1 0 1 0 0 1 0 0 0 0
400	6	1 1 1 1 1 0 0 0 1 0 0 1 0 0 0 0
400	2	1 1 1 1 1 1 0 1 0 0 0 1 0 0 0 0
400	1	1 0 1 1 1 1 1 1 0 0 1 1 0 0 0 0
400	1	1 1 1 1 1 0 1 0 1 0 0 0 0 0 0 0
400	19	1 1 0 1 0 1 0 0 1 0 0 1 0 0 0 0
400	36	1 1 1 1 0 1 1 0 0 0 1 0 0 0 0 0
400	7	1 1 1 1 0 0 0 0 1 1 0 0 0 0 0 0
400	1	1 1 1 1 0 0 0 0 0 0 1 1 0 0 0 0
400	29	1 1 1 0 0 0 1 0 1 0 0 0 0 0 0 0
400	13	1 1 1 1 0 0 0 0 0 0 1 0 0 0 0 0
400	41	1 1 1 1 0 0 0 0 0 0 0 0 0 0 0 0
400	4	1 1 0 1 0 0 0 0 1 0 0 0 0 0 0 0
400	3	1 1 1 1 1 1 1 0 1 0 0 1 0 0 0 0
400	3	1 1 1 1 0 0 1 0 1 0 1 0 0 0 0 0
400	24	1 0 1 1 1 1 1 1 0 1 1 1 0 0 0 0
400	4	1 1 1 1 0 0 0 0 0 0 0 1 0 0 0 0
400	23	1 1 1 1 0 1 0 0 1 1 0 0 1 0 0 0
400	10	1 1 0 1 0 0 0 0 0 0 0 1 0 0 0 0
400	2	1 0 1 1 0 0 0 1 1 0 0 0 0 0 0 0
400	10	1 1 1 1 0 0 0 1 1 0 0 0 1 0 0 0
400	2	1 1 1 1 0 1 0 0 1 0 0 0 0 0 1 0
400	1	1 0 0 1 1 1 0 0 1 0 0 0 0 0 0 0
400	12	1 1 1 1 1 1 1 0 1 0 0 1 1 0 0 0
400	6	1 1 1 1 0 0 0 1 1 0 0 0 0 0 1 0
400	6	1 1 1 1 1 1 0 0 1 0 0 1 0 0 0 0
400	17	1 0 1 1 0 1 0 1 1 0 0 0 0 0 0 0
400	3	1 0 1 1 1 1 1 0 1 0 0 1 0 0 0 0
400	18	1 1 1 1 0 0 0 1 1 0 1 0 0 0 0 0
400	6	0 1 1 1 0 0 0 0 0 1 1 0 0 1 0 1
400	2	1 0 1 1 0 1 0 1 1 0 0 1 0 1 0 0
400	3	1 1 1 1 1 0 0 0 0 0 0 1 0 0 0 0
400	26	1 1 0 1 0 0 0 0 1 0 1 1 0 0 0 0
400	22	1 1 1 1 0 1 0 0 0 0 0 1 0 0 0 0
400	40	1 1 1 1 0 1 1 0 0 0 1 0 0 1 0 0
400	13	1 0 1 1 0 0 1 0 1 0 0 1 0 0 0 0
400	5	1 1 1 1 0 1 0 0 1 1 0 1 0 0 0 0
400	4	0 1 1 1 0 1 1 0 0 0 1 0 0 0 0 0
400	4	1 1 1 0 0 0 0 0 1 0 0 1 0 0 0 0
400	14	1 1 1 1 0 0 0 0 1 0 0 1 1 0 0 0
400	8	1 0 1 1 0 1 1 1 0 1 1 1 0 0 0 0
400	8	1 0 0 1 1 1 0 1 1 0 0 0 0 0 0 0
400	6	1 0 1 1 0 1 0 0 1 1 0 0 1 0 0 0
400	6	1 1 1 1 0 1 0 0 0 0 0 1 1 0 0 0
400	4	1 0 1 1 0 1 0 1 1 0 0 1 0 0 0 0
400	2	1 1 1 1 1 0 0 1 1 0 0 1 0 0 0 0
400	1	1 1 1 0 0 0 1 0 1 0 0 0 0 0 1 0
400	1	1 1 1 1 0 1 0 1 1 0 0 0 0 0 1 0
400	17	1 1 1 1 1 1 1 0 1 1 1 1 1 0 0 0
400	1	1 1 1 1 0 1 1 1 1 0 0 0 0 0 0 0
400	3	1 1 1 1 0 0 1 0 1 0 0 0 0 0 0 0
400	7	1 1 1 1 1 0 1 0 1 1 0 0 0 0 0 0
400	18	1 1 0 1 0 1 0 1 1 0 1 1 0 0 0 0
400	8	1 1 1 1 0 0 0 1 1 0 0 1 0 0 0 0
400	4	1 1 1 1 1 0 0 1 1 0 0 0 0 0 0 0
400	11	1 1 1 1 0 1 0 1 1 0 0 0 0 0 0 0
400	5	1 1 1 1 0 0 0 1 1 0 0 0 0 0 0 1
400	3	1 1 1 1 0 0 0 0 0 0 0 0 0 1 0 0
400	1	1 0 0 1 0 1 0 1 1 0 0 1 0 1 0 0
400	6	1 1 1 1 0 0 0 1 1 0 1 1 0 0 0 0
400	33	1 0 1 1 0 0 0 0 1 0 0 1 0 0 0 0
400	5	1 0 1 1 0 0 0 1 1 0 0 0 0 0 1 0
400	2	1 0 1 1 0 0 1 0 1 0 0 0 0 0 0 0
400	1	1 1 1 1 1 0 0 0 1 1 0 0 0 0 0 0
400	2	1 0 1 1 0 0 0 1 0 0 1 1 0 0 1 0
400	1	1 1 1 1 1 0 0 0 1 0 0 1 0 0 1 0
400	2	1 1 1 1 1 0 1 0 0 0 0 0 0 0 0 0
400	3	1 0 1 1 0 0 0 0 0 0 0 1 0 0 0 0
400	2	1 1 1 1 0 0 1 0 1 0 1 0 0 0 0 1
400	2	1 1 1 1 0 0 0 1 1 0 0 1 0 1 0 0
400	2	1 0 1 1 0 1 0 1 1 0 0 0 1 0 0 0
400	3	1 1 1 1 0 0 1 1 0 1 1 1 0 0 0 0
400	2	1 1 1 1 1 1 1 1 0 1 1 1 0 0 0 0
400	4	1 1 0 1 0 0 0 1 1 0 0 0 0 0 0 0
400	5	1 1 0 1 0 0 0 0 1 0 0 0 0 0 0 1
400	5	0 1 1 1 0 0 0 1 1 0 0 0 0 0 1 0
400	4	1 0 1 1 1 1 1 0 1 0 0 1 0 1 0 0
400	3	0 1 1 1 0 1 1 0 0 0 1 0 1 0 0 0
400	1	1 0 1 1 0 1 0 1 1 0 1 1 0 0 0 0
400	1	1 1 1 0 0 1 1 0 1 0 0 0 0 0 0 0
400	2	1 0 1 1 0 1 0 1 1 1 0 1 0 1 0 0
400	4	1 1 1 1 1 0 0 0 0 0 0 0 0 0 0 0
400	1	1 0 1 1 0 0 0 0 1 0 0 1 0 0 0 1
400	1	1 1 1 1 0 0 0 0 1 1 0 0 1 0 0 0
400	1	1 1 1 1 0 1 1 0 1 1 1 1 1 0 0 0
400	1	1 1 1 1 0 0 0 0 0 0 0 1 0 0 1 0
400	1	1 0 1 1 0 1 0 1 1 1 0 0 0 0 0 0
400	4	1 1 1 1 0 1 1 0 0 0 1 0 0 1 0 1
400	1	1 1 1 1 0 1 1 0 1 0 1 0 0 1 0 0
