0	250	0 0 0 0 1 0 0 1 0 1 1 0 1 0 0 0
0	500	0 0 1 0 0 0 1 0 0 0 0 0 0 0 0 0
0	250	0 0 0 0 1 0 1 1 0 0 0 0 0 0 0 1
20	129	0 0 0 0 1 0 0 1 0 1 1 0 1 0 0 0
20	355	0 0 1 0 0 0 1 0 0 0 0 0 0 0 0 0
20	89	0 0 0 0 1 0 1 1 0 0 0 0 0 0 0 1
20	6	0 0 1 0 1 0 1 1 0 0 0 0 0 0 0 1
20	2	0 0 1 0 0 0 1 0 1 0 0 0 0 0 0 0
20	11	0 0 1 0 0 1 1 0 0 0 0 0 0 0 0 0
20	43	0 0 1 1 0 0 1 0 0 0 0 0 0 0 0 0
20	28	0 0 1 0 0 0 1 0 0 0 0 0 0 0 0 1
20	41	0 0 0 1 1 0 1 1 0 0 0 0 0 0 0 1
20	8	0 0 1 0 0 0 1 1 0 0 0 0 0 0 0 1
20	44	0 0 0 0 1 0 1 1 0 0 0 0 0 0 0 0
20	3	0 0 1 0 0 0 1 0 0 0 0 0 0 0 1 0
20	7	0 0 1 0 0 0 1 0 0 0 0 0 1 0 0 0
20	38	0 0 1 0 1 0 1 0 0 0 0 0 0 0 0 0
20	2	0 0 1 0 0 0 1 0 0 1 0 0 0 0 0 0
20	23	0 0 1 0 0 0 1 1 0 0 0 0 0 0 0 0
20	1	0 1 1 0 0 0 1 0 0 0 0 0 0 0 0 0
20	9	0 0 0 0 1 0 1 0 0 0 0 0 0 0 0 0
20	4	0 0 0 0 1 0 1 1 0 0 1 0 0 0 0 1
20	27	0 0 1 1 0 0 1 0 0 1 0 0 0 0 0 0
20	8	0 0 0 0 1 0 0 1 0 1 0 0 0 0 0 0
20	7	0 0 1 1 0 0 1 0 0 0 0 0 1 0 0 0
20	1	0 0 0 0 1 0 0 1 0 1 1 0 1 1 0 0
20	3	0 0 0 1 1 0 1 1 0 0 0 0 0 0 0 0
20	5	0 1 0 0 1 0 1 1 0 0 0 0 0 0 0 1
20	11	0 0 1 1 0 1 1 0 0 0 0 0 0 0 0 0
20	7	0 0 0 0 1 0 0 1 0 1 0 0 1 0 1 0
20	8	0 0 0 0 1 0 0 1 0 1 1 0 0 0 0 0
20	10	0 0 0 1 1 0 1 1 0 0 0 0 0 0 1 1
20	2	0 0 0 0 1 0 0 1 0 1 0 0 0 0 0 1
20	1	0 0 1 0 0 0 0 1 0 1 1 0 1 0 0 0
20	2	0 0 1 0 0 1 1 0 0 0 0 0 0 0 0 1
20	6	0 0 0 0 0 0 0 1 0 0 1 0 1 0 0 0
20	6	0 0 1 0 0 0 0 1 0 0 0 0 0 0 0 0
20	2	0 0 0 0 1 0 1 0 0 0 0 0 0 0 0 1
20	3	0 0 1 1 0 0 1 0 0 0 0 1 0 0 0 0
20	4	0 0 0 0 0 0 1 0 0 0 0 0 0 0 1 0
20	2	1 0 1 0 0 0 1 0 0 0 0 0 0 0 0 0
20	5	0 0 1 1 0 0 0 0 0 1 0 0 0 0 0 0
20	1	0 0 1 0 0 0 1 0 0 0 0 0 0 1 0 0
20	2	0 0 1 0 0 0 1 1 0 0 0 0 0 0 1 0
20	2	0 0 1 0 0 0 1 1 0 1 1 0 1 0 0 0
20	3	0 0 0 0 0 0 0 1 0 0 0 0 0 0 0 0
20	3	0 0 0 0 1 0 0 0 0 1 1 0 1 0 0 0
20	4	0 0 1 0 0 0 0 0 0 0 0 0 0 0 0 0
20	3	0 0 0 0 0 0 1 1 0 0 0 0 0 0 0 1
20	3	0 0 0 0 0 0 1 0 0 0 0 0 0 0 0 1
20	3	0 0 0 1 1 0 1 1 1 0 0 0 0 0 0 1
20	1	0 0 1 0 0 0 1 1 1 0 0 0 0 0 0 1
20	2	0 0 1 0 1 0 1 0 0 0 1 0 0 0 0 0
20	1	0 0 0 1 1 0 0 1 0 1 1 0 1 0 0 0
20	1	0 0 0 0 1 0 0 1 1 1 1 0 1 0 0 0
20	1	0 0 1 0 0 0 1 0 0 0 0 1 0 0 0 0
20	1	0 0 0 0 0 0 1 0 0 0 0 0 0 0 0 0
20	1	0 0 0 1 1 1 1 1 0 0 0 0 0 0 0 1
20	1	0 0 1 0 1 0 1 0 0 0 0 0 0 1 0 0
20	1	0 0 0 0 0 0 1 1 0 0 0 0 0 0 0 0
20	1	0 0 1 1 0 0 1 0 1 0 0 0 1 0 0 0
20	2	0 0 0 1 1 0 1 1 0 0 1 0 0 0 1 1
40	33	0 0 0 0 1 0 0 1 0 1 1 0 1 0 0 0
40	130	0 0 1 0 0 0 1 0 0 0 0 0 0 0 0 0
40	16	0 0 0 0 1 0 1 1 0 0 0 0 0 0 0 1
40	2	0 0 1 0 1 0 1 1 0 0 0 0 0 0 0 1
40	3	0 0 1 0 0 1 1 0 0 0 0 0 0 0 0 0
40	111	0 0 1 1 0 0 1 0 0 0 0 0 0 0 0 0
40	9	0 0 1 0 0 0 1 0 0 0 0 0 0 0 0 1
40	89	0 0 0 1 1 0 1 1 0 0 0 0 0 0 0 1
40	23	0 0 0 0 1 0 1 1 0 0 0 0 0 0 0 0
40	3	0 0 1 0 0 0 1 0 0 0 0 0 0 0 1 0
40	40	0 0 1 0 1 0 1 0 0 0 0 0 0 0 0 0
40	2	0 0 1 0 0 0 1 0 0 1 0 0 0 0 0 0
40	9	0 0 1 0 0 0 1 1 0 0 0 0 0 0 0 0
40	8	0 0 0 0 1 0 1 0 0 0 0 0 0 0 0 0
40	7	0 0 0 0 1 0 1 1 0 0 1 0 0 0 0 1
40	79	0 0 1 1 0 0 1 0 0 1 0 0 0 0 0 0
40	4	0 0 1 1 0 0 1 0 0 0 0 0 1 0 0 0
40	7	0 0 0 1 1 0 1 1 0 0 0 0 0 0 0 0
40	46	0 0 1 1 0 1 1 0 0 0 0 0 0 0 0 0
40	9	0 0 0 0 1 0 0 1 0 1 0 0 1 0 1 0
40	9	0 0 1 0 0 0 0 1 0 0 0 0 0 0 0 0
40	36	1 0 1 0 0 0 1 0 0 0 0 0 0 0 0 0
40	5	0 0 1 0 0 0 0 0 0 0 0 0 0 0 0 0
40	19	0 0 1 0 0 0 1 0 0 0 0 1 0 0 0 0
40	7	0 0 0 1 1 1 1 1 0 0 0 0 0 0 0 1
40	11	0 0 0 1 0 0 1 0 0 0 0 0 0 0 0 0
40	5	0 0 1 0 1 0 1 1 0 0 0 0 0 0 0 0
40	52	0 0 1 1 1 0 1 0 0 0 0 0 0 0 0 0
40	5	0 0 1 0 1 0 0 1 0 1 1 0 1 0 0 0
40	14	0 1 1 0 0 0 1 0 0 0 0 0 0 0 0 0
40	12	1 0 1 1 0 0 1 0 0 0 0 0 0 0 0 0
40	9	0 0 0 0 0 0 1 0 0 0 0 0 0 0 0 0
40	6	0 0 1 0 1 0 1 1 0 0 0 0 0 1 0 1
40	12	0 0 1 1 1 1 1 1 0 0 0 0 0 0 0 1
40	3	0 0 1 0 1 0 1 1 0 1 0 0 0 0 0 0
40	9	0 0 0 0 1 1 0 1 0 1 1 0 1 0 0 0
40	6	1 0 1 0 0 0 1 0 1 0 0 0 0 0 0 0
40	4	0 0 0 0 1 0 0 1 0 1 1 0 1 0 1 0
40	1	0 1 0 0 1 0 1 1 0 1 1 0 1 0 0 0
40	5	0 0 0 0 1 0 0 1 0 1 1 0 0 0 0 1
40	1	0 0 0 1 1 0 1 1 0 1 0 0 1 0 1 0
40	2	0 0 0 1 1 0 1 1 0 0 0 0 1 0 1 1
40	2	0 0 1 1 1 1 1 0 0 0 0 0 0 0 0 0
40	3	0 0 1 1 0 0 1 0 0 0 1 0 0 0 0 0
40	17	0 0 1 1 1 0 1 1 1 0 0 0 0 0 0 0
40	23	0 0 1 1 0 0 1 0 1 0 0 0 0 0 0 0
40	4	0 0 0 1 1 0 1 1 0 0 0 0 1 0 0 1
40	2	0 0 1 0 0 0 1 1 1 0 0 0 0 0 0 0
40	4	0 0 0 0 1 0 1 1 0 1 1 0 0 0 0 1
40	9	0 0 1 1 0 0 1 0 0 1 0 0 0 0 1 0
40	9	0 0 1 0 0 0 1 0 1 0 0 0 0 0 0 0
40	2	0 0 1 0 0 1 1 0 0 0 0 0 0 0 0 1
40	6	0 0 1 1 0 0 1 0 1 1 0 0 0 0 0 0
40	4	0 0 1 1 1 0 0 1 0 1 1 0 1 0 0 0
40	1	0 1 1 1 0 0 1 0 0 0 0 0 0 0 0 0
40	2	0 0 1 1 0 0 1 1 0 0 0 0 0 0 0 0
40	8	0 0 0 1 0 0 1 0 0 0 0 1 0 0 0 0
40	2	0 0 0 0 0 0 1 0 0 1 0 0 0 0 0 0
40	1	0 0 1 0 1 0 1 0 0 0 0 0 0 0 0 1
40	2	0 0 1 1 1 0 1 0 0 1 0 0 0 0 0 0
40	3	1 1 1 1 0 0 1 0 0 0 0 0 0 0 0 0
40	3	0 0 1 0 1 0 1 0 0 1 0 0 0 0 0 0
40	2	0 0 0 1 0 1 1 0 0 0 0 0 0 0 0 0
40	5	0 1 1 0 0 0 1 0 0 0 0 0 0 1 0 0
40	1	1 0 0 0 0 0 1 0 0 0 0 0 0 1 0 0
40	2	0 0 1 1 0 0 1 0 0 1 1 0 0 0 0 0
40	2	0 0 0 1 1 0 1 1 0 1 0 0 0 0 0 0
40	1	0 0 0 0 1 0 1 1 0 0 1 0 0 0 0 0
40	4	1 0 1 1 0 0 1 0 0 0 0 0 1 0 0 0
40	2	0 0 1 1 1 0 1 1 1 0 0 0 0 1 0 0
40	1	0 0 1 1 1 0 1 1 0 0 1 0 0 0 0 1
40	1	0 0 1 1 1 0 1 1 1 0 0 0 0 1 0 1
40	1	0 0 1 1 0 0 1 1 0 0 0 0 0 0 0 1
40	2	0 0 1 0 0 0 1 0 0 0 0 0 1 0 0 0
40	2	0 0 1 1 0 0 1 0 0 0 0 0 0 1 0 0
40	1	0 0 1 1 0 0 0 0 0 1 0 0 0 0 0 0
40	1	0 1 1 1 1 0 1 0 0 0 0 0 0 0 0 0
40	2	0 1 1 0 0 1 1 0 0 0 0 0 0 0 0 0
60	9	0 0 1 0 0 0 1 0 0 0 0 0 0 0 0 0
60	109	0 0 1 1 0 0 1 0 0 0 0 0 0 0 0 0
60	22	0 0 0 1 1 0 1 1 0 0 0 0 0 0 0 1
60	30	0 0 0 0 1 0 1 0 0 0 0 0 0 0 0 0
60	154	0 0 1 1 0 0 1 0 0 1 0 0 0 0 0 0
60	8	0 0 0 1 1 0 1 1 0 0 0 0 0 0 0 0
60	57	0 0 1 1 0 1 1 0 0 0 0 0 0 0 0 0
60	5	0 0 1 0 0 0 0 1 0 0 0 0 0 0 0 0
60	1	1 0 1 0 0 0 1 0 0 0 0 0 0 0 0 0
60	11	0 0 1 0 0 0 1 0 0 0 0 1 0 0 0 0
60	5	0 0 0 1 1 1 1 1 0 0 0 0 0 0 0 1
60	15	0 0 0 1 0 0 1 0 0 0 0 0 0 0 0 0
60	115	0 0 1 1 1 0 1 0 0 0 0 0 0 0 0 0
60	21	0 1 1 0 0 0 1 0 0 0 0 0 0 0 0 0
60	30	1 0 1 1 0 0 1 0 0 0 0 0 0 0 0 0
60	5	0 0 0 0 0 0 1 0 0 0 0 0 0 0 0 0
60	6	0 0 1 1 1 1 1 1 0 0 0 0 0 0 0 1
60	30	0 0 1 1 0 0 1 0 0 0 1 0 0 0 0 0
60	35	0 0 1 1 1 0 1 1 1 0 0 0 0 0 0 0
60	8	0 0 1 1 0 0 1 0 1 0 0 0 0 0 0 0
60	10	0 0 1 1 0 0 1 0 0 1 0 0 0 0 1 0
60	8	0 0 1 1 0 0 1 0 1 1 0 0 0 0 0 0
60	4	0 0 1 1 0 0 1 1 0 0 0 0 0 0 0 0
60	2	0 0 0 1 0 0 1 0 0 0 0 1 0 0 0 0
60	9	0 1 1 0 0 0 1 0 0 0 0 0 0 1 0 0
60	2	0 0 1 1 0 0 1 0 0 0 0 0 0 1 0 0
60	49	0 1 1 0 0 1 1 0 0 0 0 0 0 0 0 0
60	1	0 0 1 0 0 1 1 0 0 0 0 0 0 0 0 0
60	4	0 0 0 1 1 0 1 1 0 0 0 0 1 0 0 0
60	1	1 1 1 0 0 0 1 0 0 0 0 0 0 0 0 0
60	2	0 0 1 1 0 0 1 0 1 0 0 0 0 0 0 1
60	5	1 1 1 1 0 0 1 0 1 0 0 0 0 0 0 0
60	1	0 1 1 0 0 0 1 0 1 0 0 0 0 0 0 0
60	2	0 1 1 1 0 1 1 0 0 0 0 0 0 0 0 0
60	4	0 0 0 0 0 1 1 0 0 0 0 0 0 0 0 0
60	5	0 0 1 1 0 0 1 0 0 1 0 0 1 0 0 0
60	6	0 0 1 1 1 1 1 1 0 0 0 0 0 0 0 0
60	23	0 0 1 1 1 0 1 0 1 0 0 0 0 0 0 0
60	4	0 0 1 1 0 0 1 0 1 0 0 0 1 0 0 0
60	18	0 0 1 1 0 0 1 0 0 1 0 0 0 1 0 0
60	1	0 0 0 1 0 0 1 1 0 0 0 0 0 0 0 0
60	7	0 0 1 1 1 0 1 0 0 0 0 0 1 0 0 0
60	2	0 0 0 0 0 0 1 0 0 0 0 0 1 0 0 0
60	2	0 1 1 1 0 0 1 0 0 0 0 0 0 1 0 0
60	4	0 0 1 1 0 1 1 0 0 0 0 0 1 0 1 0
60	2	0 0 1 1 1 0 1 0 0 0 1 0 0 0 0 0
60	6	0 0 1 1 0 1 1 1 0 0 1 0 0 0 0 1
60	15	0 0 1 1 0 1 0 0 0 0 0 0 0 0 0 0
60	11	0 0 1 1 1 0 1 0 0 1 0 0 0 0 0 0
60	1	0 1 1 0 0 1 1 1 0 0 0 0 0 0 0 0
60	5	0 1 1 0 0 1 1 0 0 0 0 0 0 0 0 1
60	1	1 0 0 1 1 0 1 0 0 0 0 0 0 0 0 0
60	7	0 0 1 0 0 0 1 0 0 0 0 1 0 1 0 0
60	2	0 0 0 1 1 0 1 1 0 0 0 0 0 0 1 1
60	14	0 0 1 1 0 0 1 0 0 1 1 0 0 0 0 0
60	3	1 0 1 1 0 1 1 0 0 0 0 0 0 0 0 0
60	2	0 0 1 1 1 0 1 1 0 0 0 0 0 0 0 0
60	2	0 0 1 1 0 0 1 0 0 1 0 1 0 1 0 0
60	1	1 0 1 1 1 0 1 0 0 0 0 0 0 0 1 0
60	1	0 0 1 1 0 0 0 0 0 1 0 0 0 0 0 0
60	4	0 0 1 0 0 0 1 0 0 1 0 0 0 0 0 0
60	3	1 0 1 0 0 0 0 0 0 0 0 0 0 0 0 0
60	13	0 0 1 0 0 0 1 0 1 0 0 1 0 0 0 0
60	4	0 0 1 1 1 0 1 0 0 0 0 1 0 0 0 0
60	3	0 0 1 1 1 0 1 1 0 0 0 0 0 0 0 1
60	1	0 0 1 1 0 0 1 1 0 0 0 0 0 0 0 1
60	1	1 0 1 0 0 0 0 0 0 0 0 0 1 0 0 0
60	1	0 0 1 1 0 0 1 0 0 0 0 0 0 0 1 0
60	5	0 0 1 0 0 0 0 1 0 0 1 0 0 0 0 0
60	5	0 0 1 1 1 0 1 0 0 0 0 0 0 0 0 1
60	1	0 0 1 1 0 1 1 1 0 0 0 0 0 0 0 0
60	1	0 0 0 1 1 0 1 1 0 1 0 0 0 0 0 1
60	1	0 0 0 1 1 0 0 1 0 0 0 0 0 0 0 1
60	4	1 0 1 1 0 0 1 0 0 1 0 0 0 0 0 0
60	1	1 0 0 1 0 0 1 0 0 0 0 0 0 0 0 0
60	1	1 0 1 0 1 0 1 0 1 0 0 0 0 0 0 0
60	2	0 0 1 0 1 0 1 1 1 0 0 0 0 0 0 0
60	1	0 1 1 0 0 1 1 0 0 0 0 0 1 0 0 0
60	2	1 0 1 1 0 0 1 0 0 1 0 0 0 1 0 0
60	4	0 0 1 1 1 0 1 0 1 1 0 0 0 0 0 0
60	3	0 0 0 0 1 0 1 1 1 0 0 0 0 0 0 0
60	2	0 0 1 1 0 0 1 0 0 1 0 1 0 0 0 0
60	1	0 1 1 1 0 0 1 0 0 0 0 0 0 0 0 0
60	2	0 0 1 1 0 1 1 0 0 1 0 0 0 0 0 0
60	2	0 0 0 1 1 0 1 1 0 0 0 0 0 1 0 0
60	2	0 0 1 1 1 1 1 0 0 0 0 0 0 0 0 0
60	2	0 0 1 1 0 0 1 0 0 0 1 0 0 0 0 1
60	1	0 0 1 1 0 0 1 0 1 1 0 1 0 0 0 0
60	2	0 1 1 0 0 0 1 0 0 0 0 0 1 1 0 0
80	8	0 0 1 0 0 0 1 0 0 0 0 0 0 0 0 0
80	141	0 0 1 1 0 0 1 0 0 0 0 0 0 0 0 0
80	10	0 0 0 1 1 0 1 1 0 0 0 0 0 0 0 1
80	160	0 0 1 1 0 0 1 0 0 1 0 0 0 0 0 0
80	11	0 0 0 1 1 0 1 1 0 0 0 0 0 0 0 0
80	59	0 0 1 1 0 1 1 0 0 0 0 0 0 0 0 0
80	1	0 0 0 1 1 1 1 1 0 0 0 0 0 0 0 1
80	2	0 0 0 1 0 0 1 0 0 0 0 0 0 0 0 0
80	72	0 0 1 1 1 0 1 0 0 0 0 0 0 0 0 0
80	26	0 1 1 0 0 0 1 0 0 0 0 0 0 0 0 0
80	9	1 0 1 1 0 0 1 0 0 0 0 0 0 0 0 0
80	1	0 0 1 1 0 0 1 0 0 0 1 0 0 0 0 0
80	15	0 0 1 1 1 0 1 1 1 0 0 0 0 0 0 0
80	56	0 0 1 1 0 0 1 0 1 0 0 0 0 0 0 0
80	4	0 0 1 1 0 0 1 0 1 1 0 0 0 0 0 0
80	14	0 0 1 1 0 0 1 1 0 0 0 0 0 0 0 0
80	78	0 1 1 0 0 1 1 0 0 0 0 0 0 0 0 0
80	4	0 0 1 1 0 0 1 0 0 1 0 0 1 0 0 0
80	15	0 0 1 1 1 1 1 1 0 0 0 0 0 0 0 0
80	5	0 0 1 1 1 0 1 0 1 0 0 0 0 0 0 0
80	10	0 0 1 1 0 0 1 0 0 1 0 0 0 1 0 0
80	8	0 0 1 1 1 0 1 0 0 0 0 0 1 0 0 0
80	11	0 0 1 1 0 1 1 1 0 0 1 0 0 0 0 1
80	13	0 0 1 1 1 0 1 0 0 1 0 0 0 0 0 0
80	24	0 0 1 1 0 0 1 0 0 1 1 0 0 0 0 0
80	12	1 0 1 1 0 1 1 0 0 0 0 0 0 0 0 0
80	8	0 0 1 1 1 0 1 1 0 0 0 0 0 0 0 0
80	6	0 0 1 1 0 0 0 0 0 1 0 0 0 0 0 0
80	2	0 0 1 0 0 0 1 0 1 0 0 1 0 0 0 0
80	3	0 0 1 0 0 0 0 1 0 0 1 0 0 0 0 0
80	30	1 0 1 1 0 0 1 0 0 1 0 0 0 0 0 0
80	3	0 0 1 1 0 0 1 0 0 0 0 0 0 0 0 1
80	9	0 0 1 1 1 0 1 0 0 0 1 0 0 0 0 0
80	7	0 0 0 0 0 0 1 1 0 0 0 0 0 0 0 1
80	3	1 0 1 1 0 0 1 0 0 1 0 0 0 0 1 0
80	3	0 0 0 1 0 0 1 0 0 1 0 0 0 0 0 0
80	12	0 1 1 0 0 1 1 0 0 0 1 0 0 0 0 0
80	5	0 0 1 1 0 1 1 0 0 0 0 0 1 0 0 0
80	4	0 0 1 1 1 0 1 0 0 0 0 0 0 0 0 1
80	5	0 0 1 1 1 1 1 0 0 0 0 0 1 0 0 1
80	8	0 0 1 1 0 1 1 0 0 0 0 1 0 0 0 0
80	2	0 0 1 1 1 0 0 1 1 1 0 0 0 0 0 0
80	17	0 0 1 1 0 0 1 0 0 1 0 0 0 0 0 1
80	7	0 0 1 1 0 0 1 0 0 0 0 0 0 0 1 0
80	13	0 0 1 1 1 0 0 1 1 0 0 0 0 0 0 0
80	6	1 0 1 1 0 0 1 0 0 1 0 0 1 0 0 0
80	2	1 0 1 1 0 0 1 1 0 1 0 0 0 0 0 0
80	1	0 0 1 1 1 1 1 1 0 0 1 0 0 0 0 0
80	2	0 0 1 1 1 1 1 0 0 0 0 0 0 0 0 0
80	2	1 0 1 1 0 0 1 0 0 0 0 0 0 1 0 0
80	8	0 1 1 0 0 1 1 0 0 0 0 0 0 0 1 0
80	5	0 1 1 1 1 0 1 0 0 0 1 0 0 0 0 1
80	5	0 0 1 1 1 0 0 1 0 1 0 0 0 0 0 0
80	6	0 0 1 1 0 1 1 0 0 1 0 0 0 0 0 0
80	3	1 0 1 1 0 1 1 0 1 0 0 0 0 0 0 0
80	2	0 1 1 0 0 1 1 0 0 0 0 0 1 0 0 0
80	3	0 0 1 1 0 1 0 0 0 0 0 0 0 0 0 0
80	6	0 0 1 1 0 1 1 0 0 0 0 0 0 1 0 0
80	6	0 0 1 1 0 1 1 1 0 0 1 0 0 0 0 0
80	4	0 0 1 1 0 0 1 0 0 0 1 1 0 0 0 0
80	2	0 1 1 0 0 1 1 0 0 1 0 0 0 0 0 0
80	3	0 1 1 0 0 1 1 0 0 0 0 0 0 0 0 1
80	1	0 0 1 1 1 0 1 0 0 0 0 1 0 0 0 0
80	1	0 0 1 1 0 1 1 0 1 0 0 0 0 0 0 0
80	1	1 0 1 1 1 0 0 1 1 0 0 0 0 0 0 0
80	1	0 0 1 1 0 0 1 0 0 1 0 0 1 1 0 0
80	4	1 1 1 0 0 1 1 0 0 0 1 0 0 0 0 0
80	1	0 0 0 1 1 0 1 0 0 0 0 0 0 0 0 0
80	1	0 0 1 1 0 0 1 0 0 0 0 0 1 0 0 0
80	3	0 0 1 1 0 0 1 0 1 0 0 0 0 0 1 0
80	1	0 1 0 0 0 1 1 0 0 0 0 0 0 0 0 0
80	1	0 0 1 1 1 0 0 1 0 0 0 0 0 0 0 0
80	1	0 0 0 0 0 0 1 1 0 0 0 0 0 1 0 1
80	1	1 0 1 1 0 0 1 1 0 1 1 0 0 0 0 0
80	1	1 1 1 0 0 1 1 1 0 0 1 0 0 0 0 0
100	34	0 0 1 1 0 0 1 0 0 0 0 0 0 0 0 0
100	110	0 0 1 1 0 0 1 0 0 1 0 0 0 0 0 0
100	3	0 0 0 1 1 0 1 1 0 0 0 0 0 0 0 0
100	38	0 0 1 1 0 1 1 0 0 0 0 0 0 0 0 0
100	112	0 0 1 1 1 0 1 0 0 0 0 0 0 0 0 0
100	11	0 1 1 0 0 0 1 0 0 0 0 0 0 0 0 0
100	32	1 0 1 1 0 0 1 0 0 0 0 0 0 0 0 0
100	55	0 0 1 1 0 0 1 0 1 0 0 0 0 0 0 0
100	2	0 0 1 1 0 0 1 0 1 1 0 0 0 0 0 0
100	4	0 0 1 1 0 0 1 1 0 0 0 0 0 0 0 0
100	134	0 1 1 0 0 1 1 0 0 0 0 0 0 0 0 0
100	11	0 0 1 1 1 1 1 1 0 0 0 0 0 0 0 0
100	6	0 0 1 1 0 0 1 0 0 1 0 0 0 1 0 0
100	22	0 0 1 1 0 1 1 1 0 0 1 0 0 0 0 1
100	19	0 0 1 1 1 0 1 0 0 1 0 0 0 0 0 0
100	11	0 0 1 1 0 0 1 0 0 1 1 0 0 0 0 0
100	5	0 0 1 1 1 0 1 1 0 0 0 0 0 0 0 0
100	16	1 0 1 1 0 0 1 0 0 1 0 0 0 0 0 0
100	15	0 0 1 1 1 0 1 0 0 0 1 0 0 0 0 0
100	7	0 0 1 1 1 0 0 1 1 1 0 0 0 0 0 0
100	26	0 0 1 1 0 0 1 0 0 1 0 0 0 0 0 1
100	27	0 1 1 0 0 1 1 0 0 0 0 0 0 0 1 0
100	12	0 0 1 1 0 1 1 1 0 0 1 0 0 0 0 0
100	8	0 1 1 0 0 1 1 0 0 1 0 0 0 0 0 0
100	9	0 0 0 1 1 0 1 0 0 0 0 0 0 0 0 0
100	4	0 1 0 0 0 1 1 0 0 0 0 0 0 0 0 0
100	5	1 0 1 1 0 1 1 0 0 0 0 0 0 0 0 1
100	2	0 0 1 1 0 1 1 0 0 1 0 0 0 0 0 1
100	12	0 0 1 1 0 0 1 0 0 0 0 1 0 0 0 0
100	19	0 0 1 0 0 0 1 0 0 0 0 0 0 1 0 0
100	6	0 1 1 1 1 0 1 0 0 0 0 0 0 0 0 0
100	8	0 0 1 1 1 1 1 0 0 0 0 0 0 0 0 0
100	10	0 0 1 1 1 0 1 1 1 0 0 1 0 0 0 0
100	1	0 0 1 1 0 0 1 0 0 1 0 1 0 1 0 0
100	15	0 0 1 0 0 1 1 0 0 0 0 0 0 0 0 0
100	3	0 0 0 1 1 0 1 1 0 0 0 0 0 0 1 0
100	23	0 0 0 1 1 1 1 1 0 0 0 0 0 0 0 0
100	6	0 1 1 1 0 1 1 0 0 0 0 0 0 0 0 0
100	3	0 0 1 0 0 1 1 0 1 0 0 1 0 0 0 0
100	6	0 0 0 1 0 0 1 0 0 0 0 0 0 0 0 1
100	7	0 0 1 1 0 1 1 1 0 0 1 0 0 0 1 1
100	3	1 0 1 1 1 0 1 1 1 0 0 0 0 0 0 0
100	11	0 0 1 1 0 0 1 1 0 1 0 0 0 0 0 0
100	9	1 1 1 1 0 0 1 0 0 0 0 0 0 0 0 0
100	5	0 1 1 0 0 1 1 0 0 0 0 0 0 1 0 0
100	6	0 1 1 1 0 0 1 0 0 1 0 0 0 0 0 0
100	2	1 1 1 0 0 1 1 0 0 0 0 0 0 0 0 0
100	3	0 1 1 0 1 0 1 0 0 0 1 0 0 0 0 1
100	2	0 0 1 1 0 1 1 0 0 1 0 0 0 0 0 0
100	1	0 1 1 0 0 1 1 0 0 0 1 0 0 0 0 1
100	10	0 1 1 0 1 0 1 0 0 1 0 0 0 0 0 0
100	2	0 1 1 0 1 0 1 0 0 0 1 0 0 0 1 0
100	1	0 0 1 1 0 1 0 0 0 0 0 0 0 0 0 0
100	8	0 0 0 1 0 0 1 0 1 0 0 0 0 0 0 0
100	3	0 1 1 0 0 1 1 0 0 0 0 1 0 0 0 0
100	6	1 0 1 1 1 0 1 0 0 1 0 0 0 0 0 0
100	6	1 0 1 1 0 0 1 0 0 0 0 0 0 1 0 0
100	4	1 0 1 1 0 0 1 1 0 0 0 0 0 0 0 0
100	2	0 0 1 1 1 0 0 0 0 1 0 0 0 0 0 0
100	1	0 0 1 1 1 1 1 1 0 0 0 0 1 0 0 1
100	2	0 0 1 1 0 0 1 0 0 1 0 0 1 0 0 0
100	5	0 0 1 1 0 0 1 1 0 0 1 0 0 0 0 1
100	2	0 0 1 1 1 0 0 0 0 0 1 0 0 0 0 0
100	1	0 0 1 1 0 0 1 0 0 0 0 0 0 1 0 0
100	5	0 0 1 1 1 0 1 0 0 0 0 1 0 0 0 0
100	3	0 0 1 0 1 0 1 0 0 0 0 0 0 0 0 0
100	2	0 0 1 1 1 0 1 0 0 1 0 1 0 0 0 0
100	2	0 0 1 1 1 0 1 1 0 1 0 0 0 0 0 0
100	1	0 0 1 0 1 0 1 0 0 0 0 0 0 1 0 0
100	1	0 0 1 1 1 1 0 1 1 1 1 0 0 0 0 0
100	3	0 1 1 0 0 1 1 0 0 0 0 1 0 1 0 0
100	1	0 0 1 1 0 1 0 0 0 0 0 0 0 0 1 0
100	3	0 0 1 1 0 1 1 0 0 0 0 0 0 0 1 0
100	3	0 0 1 1 1 0 1 1 0 0 1 0 0 0 0 1
100	2	0 0 0 1 0 0 1 1 0 0 0 0 0 0 0 0
100	2	0 0 1 1 0 0 0 0 0 1 0 0 0 0 0 1
100	1	0 0 1 0 0 0 1 0 0 1 0 0 0 0 0 1
100	3	0 1 1 0 1 0 1 0 0 1 0 0 0 0 0 1
100	1	0 0 1 1 1 0 1 0 0 0 0 0 0 0 1 0
100	1	0 0 1 1 1 0 1 0 1 0 0 0 0 0 0 0
100	4	0 1 1 0 0 1 1 0 0 0 0 0 1 0 0 0
100	1	0 0 1 1 0 0 1 0 0 1 1 0 1 0 0 0
100	1	0 0 1 1 0 0 1 0 0 0 0 0 0 0 0 1
100	2	0 0 1 0 0 1 1 0 0 0 0 0 0 1 0 0
100	1	1 0 1 0 0 1 1 0 0 0 0 0 0 0 0 0
100	3	1 1 1 0 0 1 1 0 0 1 0 0 0 0 0 0
120	74	0 0 1 1 0 0 1 0 0 0 0 0 0 0 0 0
120	96	0 0 1 1 0 0 1 0 0 1 0 0 0 0 0 0
120	33	0 0 1 1 0 1 1 0 0 0 0 0 0 0 0 0
120	61	0 0 1 1 1 0 1 0 0 0 0 0 0 0 0 0
120	3	0 1 1 0 0 0 1 0 0 0 0 0 0 0 0 0
120	84	1 0 1 1 0 0 1 0 0 0 0 0 0 0 0 0
120	61	0 0 1 1 0 0 1 0 1 0 0 0 0 0 0 0
120	70	0 1 1 0 0 1 1 0 0 0 0 0 0 0 0 0
120	4	0 0 1 1 0 1 1 1 0 0 1 0 0 0 0 1
120	18	0 0 1 1 1 0 1 0 0 1 0 0 0 0 0 0
120	29	1 0 1 1 0 0 1 0 0 1 0 0 0 0 0 0
120	12	0 0 1 1 1 0 1 0 0 0 1 0 0 0 0 0
120	41	0 0 1 1 0 0 1 0 0 1 0 0 0 0 0 1
120	33	0 1 1 0 0 1 1 0 0 0 0 0 0 0 1 0
120	3	0 0 1 1 0 1 1 1 0 0 1 0 0 0 0 0
120	28	0 1 1 0 0 1 1 0 0 1 0 0 0 0 0 0
120	3	0 0 1 1 0 0 1 0 0 0 0 1 0 0 0 0
120	6	0 0 1 0 0 1 1 0 0 0 0 0 0 0 0 0
120	8	0 0 0 1 1 1 1 1 0 0 0 0 0 0 0 0
120	19	0 1 1 1 0 1 1 0 0 0 0 0 0 0 0 0
120	2	0 0 0 1 0 0 1 0 0 0 0 0 0 0 0 1
120	2	0 0 1 1 0 0 1 1 0 1 0 0 0 0 0 0
120	31	1 1 1 1 0 0 1 0 0 0 0 0 0 0 0 0
120	3	0 1 1 0 0 1 1 0 0 0 0 0 0 1 0 0
120	7	0 1 1 1 0 0 1 0 0 1 0 0 0 0 0 0
120	1	1 1 1 0 0 1 1 0 0 0 0 0 0 0 0 0
120	30	0 0 1 1 0 1 1 0 0 1 0 0 0 0 0 0
120	4	0 1 1 0 1 0 1 0 0 1 0 0 0 0 0 0
120	3	1 0 1 1 1 0 1 0 0 1 0 0 0 0 0 0
120	5	0 0 1 1 0 0 1 0 0 1 0 0 1 0 0 0
120	36	0 0 1 1 1 0 1 0 0 0 0 0 0 0 0 1
120	5	0 1 1 0 0 1 1 0 0 0 1 0 0 0 0 0
120	5	0 1 1 0 0 1 1 1 0 0 0 0 0 0 1 0
120	40	1 1 1 0 0 1 1 0 0 0 0 1 0 0 0 0
120	4	0 0 0 1 0 0 1 1 0 0 1 0 0 0 0 1
120	8	0 0 1 1 0 0 1 0 0 1 0 1 0 0 0 0
120	3	0 0 1 1 1 1 1 1 0 0 0 0 0 0 1 0
120	4	0 0 1 1 1 1 1 0 0 1 0 1 0 1 0 0
120	1	0 0 1 1 1 0 1 0 0 1 0 0 0 0 0 1
120	7	0 0 1 1 0 0 1 0 1 0 0 0 0 0 1 0
120	1	1 0 1 1 0 0 1 0 0 0 0 1 0 0 0 0
120	2	0 1 1 0 0 1 1 0 0 0 0 1 0 0 0 0
120	7	0 0 1 1 0 1 1 0 0 0 0 0 0 0 1 0
120	1	0 0 1 1 0 0 1 0 1 1 0 0 0 0 0 0
120	5	0 0 1 1 0 0 1 0 0 0 1 0 0 0 0 0
120	4	1 0 1 1 0 0 1 0 0 0 0 0 0 0 1 0
120	1	0 0 1 1 0 0 1 0 0 0 0 1 0 0 0 1
120	3	0 0 1 1 1 1 1 0 0 0 0 0 0 0 0 1
120	2	0 0 0 1 0 0 1 0 1 0 0 0 0 1 0 0
120	6	0 0 1 0 0 1 1 0 0 1 0 0 0 0 0 0
120	1	0 0 1 1 1 1 1 1 0 0 0 0 0 0 0 0
120	2	1 1 1 1 0 0 1 0 0 1 0 0 0 0 0 1
120	3	0 1 1 1 0 1 1 1 0 0 1 0 0 0 0 1
120	8	0 1 1 1 0 1 1 0 0 0 0 0 0 0 0 1
120	5	1 0 1 1 0 0 1 0 0 0 0 0 1 0 0 0
120	1	0 0 1 1 1 0 1 0 1 0 0 0 0 0 0 0
120	1	0 0 1 1 0 0 1 0 1 0 0 1 0 0 0 0
120	2	0 1 1 0 0 1 1 0 0 0 0 0 0 0 0 1
120	5	0 0 1 1 0 0 1 0 0 0 0 0 1 0 0 0
120	1	1 0 1 1 0 0 1 0 0 0 0 0 0 0 0 1
120	6	1 0 1 1 0 0 0 0 0 0 0 0 0 0 0 0
120	4	0 1 1 0 0 1 1 0 1 0 0 0 0 0 0 0
120	1	0 1 1 1 1 0 1 0 0 1 0 0 0 0 0 0
120	10	1 0 0 1 1 1 1 1 0 0 0 0 0 0 0 0
120	2	0 1 1 0 0 1 1 0 0 0 1 0 0 0 0 1
120	1	0 1 0 0 0 0 1 0 0 0 0 0 0 0 0 0
120	1	0 1 0 0 0 1 1 0 0 0 0 0 0 0 1 0
120	1	0 0 0 1 0 0 1 0 0 1 0 0 1 0 0 0
120	3	0 0 1 1 1 1 1 0 0 1 0 1 0 0 0 0
120	1	0 0 1 1 0 0 1 0 0 0 0 0 0 1 0 0
120	1	0 0 1 1 1 1 1 0 0 0 0 0 0 0 0 0
120	2	0 0 1 1 1 0 1 0 0 0 1 0 0 1 0 0
120	2	0 0 1 1 1 0 1 0 0 0 1 0 0 0 1 0
120	3	0 1 1 1 0 1 1 0 0 1 0 0 0 0 0 0
120	2	0 0 1 1 0 0 1 0 0 0 0 0 0 0 0 1
120	1	0 0 1 1 0 1 1 0 1 0 0 0 0 0 1 0
120	1	1 0 1 1 0 0 1 0 1 0 0 0 0 0 1 0
120	2	1 1 1 0 0 1 1 0 0 0 0 0 0 0 0 1
120	1	0 0 1 1 0 0 1 0 0 1 0 0 0 0 1 0
120	1	0 0 1 1 1 0 1 0 0 1 0 1 0 0 0 0
120	1	0 0 1 1 0 0 1 0 0 1 0 0 0 1 0 1
120	1	0 0 1 0 0 0 1 0 0 1 0 0 0 0 0 1
120	1	0 0 1 0 1 1 1 0 0 0 0 0 0 0 0 0
120	1	0 0 1 1 0 1 1 0 0 1 0 0 1 0 0 0
120	2	1 0 1 1 0 0 1 0 0 0 0 0 1 0 0 1
140	91	0 0 1 1 0 0 1 0 0 0 0 0 0 0 0 0
140	46	0 0 1 1 0 0 1 0 0 1 0 0 0 0 0 0
140	14	0 0 1 1 0 1 1 0 0 0 0 0 0 0 0 0
140	31	0 0 1 1 1 0 1 0 0 0 0 0 0 0 0 0
140	36	1 0 1 1 0 0 1 0 0 0 0 0 0 0 0 0
140	87	0 0 1 1 0 0 1 0 1 0 0 0 0 0 0 0
140	15	0 1 1 0 0 1 1 0 0 0 0 0 0 0 0 0
140	18	0 0 1 1 1 0 1 0 0 1 0 0 0 0 0 0
140	18	1 0 1 1 0 0 1 0 0 1 0 0 0 0 0 0
140	28	0 0 1 1 0 0 1 0 0 1 0 0 0 0 0 1
140	3	0 1 1 0 0 1 1 0 0 0 0 0 0 0 1 0
140	47	0 1 1 0 0 1 1 0 0 1 0 0 0 0 0 0
140	8	0 0 1 0 0 1 1 0 0 0 0 0 0 0 0 0
140	41	0 1 1 1 0 1 1 0 0 0 0 0 0 0 0 0
140	12	1 1 1 1 0 0 1 0 0 0 0 0 0 0 0 0
140	3	0 1 1 1 0 0 1 0 0 1 0 0 0 0 0 0
140	21	0 0 1 1 0 1 1 0 0 1 0 0 0 0 0 0
140	13	0 0 1 1 0 0 1 0 0 1 0 0 1 0 0 0
140	21	0 0 1 1 1 0 1 0 0 0 0 0 0 0 0 1
140	1	0 1 1 0 0 1 1 1 0 0 0 0 0 0 1 0
140	48	1 1 1 0 0 1 1 0 0 0 0 1 0 0 0 0
140	9	0 0 1 1 0 0 1 0 1 0 0 0 0 0 1 0
140	6	0 0 1 1 0 1 1 0 0 0 0 0 0 0 1 0
140	5	0 0 1 1 0 0 1 0 1 1 0 0 0 0 0 0
140	9	0 0 0 1 0 0 1 0 1 0 0 0 0 1 0 0
140	7	1 0 1 1 0 0 1 0 0 0 0 0 1 0 0 0
140	4	1 0 1 1 0 0 0 0 0 0 0 0 0 0 0 0
140	8	0 0 1 1 0 0 1 0 0 1 0 0 0 0 1 0
140	3	0 0 1 1 1 0 1 0 0 1 0 1 0 1 0 0
140	17	1 0 1 1 0 0 1 1 0 0 0 0 0 0 0 0
140	4	1 1 1 1 0 0 1 0 0 0 0 0 0 1 0 0
140	10	1 0 1 1 0 0 1 0 1 0 0 0 0 0 0 0
140	22	1 0 1 1 0 1 1 0 0 0 0 1 0 0 0 0
140	8	1 0 1 0 0 0 1 0 0 0 0 0 0 0 0 0
140	7	0 1 1 1 0 0 1 0 1 0 0 0 0 0 0 0
140	24	0 0 1 1 0 0 1 0 1 0 0 1 0 0 0 1
140	1	0 0 1 1 0 1 1 0 0 1 1 0 0 1 0 0
140	13	0 1 1 1 1 0 1 0 0 0 0 0 0 0 0 0
140	13	1 1 1 0 0 1 1 0 0 0 0 0 0 0 1 0
140	11	0 0 1 1 0 1 1 0 0 0 0 0 0 0 0 1
140	1	1 1 1 1 0 0 1 0 0 0 0 0 1 0 0 0
140	1	1 1 0 0 0 1 1 0 0 0 0 1 0 0 0 0
140	4	0 0 1 0 0 0 1 0 0 0 0 0 0 0 0 0
140	8	0 0 0 1 1 0 1 0 0 0 0 0 0 0 0 0
140	6	1 0 1 0 0 0 1 0 0 1 0 0 0 0 0 0
140	6	1 1 1 0 0 1 1 0 0 0 1 1 0 0 0 0
140	15	0 0 1 1 1 1 1 0 0 1 0 0 0 0 0 1
140	12	0 0 1 1 1 0 1 0 0 0 0 0 0 1 0 0
140	12	1 1 1 1 0 1 1 0 0 0 0 0 0 0 0 0
140	4	1 0 1 1 0 0 1 0 0 0 0 1 0 0 0 0
140	5	0 0 1 1 0 0 0 0 0 0 0 0 0 0 0 0
140	27	1 0 1 0 0 0 1 1 0 0 0 0 0 0 0 0
140	10	0 0 1 1 1 0 1 1 0 1 0 1 1 1 0 0
140	3	1 0 1 1 0 0 1 0 0 1 0 0 0 0 0 1
140	6	1 1 1 1 0 0 1 0 0 1 1 0 0 0 0 0
140	1	1 0 1 1 0 1 1 0 0 1 0 0 0 0 0 0
140	1	1 0 1 1 1 0 1 0 0 1 0 0 0 0 0 0
140	3	1 1 1 1 0 0 1 0 0 1 0 0 0 0 0 0
140	3	0 0 1 1 0 0 1 0 1 0 0 1 0 0 0 0
140	4	1 1 1 0 0 1 1 0 1 0 0 0 0 0 0 0
140	5	0 0 1 1 0 0 1 0 0 1 0 0 0 0 1 1
140	1	1 1 1 0 0 1 1 0 0 0 0 1 0 1 0 0
140	4	1 0 1 1 0 0 1 0 0 0 0 0 0 0 1 0
140	9	1 0 1 1 0 0 1 0 0 0 1 0 0 0 0 0
140	2	0 0 1 1 0 1 1 1 0 1 0 0 0 0 0 0
140	2	1 0 1 1 0 1 1 0 0 0 0 0 1 0 0 0
140	1	0 1 1 0 0 1 0 0 0 1 0 0 0 0 0 0
140	4	1 0 1 0 0 1 1 1 0 0 0 0 0 0 0 0
140	2	1 1 1 1 0 0 1 0 0 0 0 1 0 0 0 0
140	4	0 0 0 1 0 0 1 0 1 0 0 0 0 0 0 0
140	1	0 0 1 1 0 1 1 0 0 1 1 1 0 1 0 0
140	2	0 0 1 1 0 1 1 0 1 0 0 0 0 0 0 1
140	7	0 0 1 1 1 0 1 0 0 1 0 0 1 1 0 0
140	4	1 1 1 1 0 0 1 0 0 0 0 0 0 0 0 1
140	3	0 1 1 1 0 1 1 0 0 1 1 0 0 1 0 0
140	2	0 0 1 1 1 0 1 0 0 0 0 0 1 0 0 0
140	2	0 1 1 1 0 1 1 0 0 1 0 0 0 0 0 0
140	2	1 0 1 1 0 0 1 1 0 0 0 1 0 0 0 0
140	1	0 1 1 1 1 0 1 0 0 1 0 0 0 0 0 0
140	2	1 0 1 0 0 0 1 1 0 0 0 0 0 1 0 0
140	1	1 0 1 1 0 1 1 0 0 0 0 0 0 0 0 0
140	2	1 0 1 1 1 0 1 0 0 0 0 0 0 0 0 0
140	1	0 0 1 1 0 1 1 0 1 0 0 1 0 0 0 1
140	4	1 0 1 1 0 0 1 0 0 0 0 0 1 0 0 1
140	1	0 0 1 1 0 0 1 0 0 0 0 0 1 0 0 0
140	4	1 1 1 0 0 1 1 0 0 0 0 1 0 1 0 1
140	1	1 0 1 1 0 0 1 0 0 0 1 0 1 0 0 0
140	2	0 0 1 1 0 0 1 0 1 0 0 1 1 0 0 1
140	1	1 0 1 1 0 1 1 0 0 1 0 0 0 0 1 0
140	1	1 0 1 1 1 0 1 0 0 1 1 0 0 1 0 0
140	1	1 0 1 1 0 0 1 0 0 1 0 0 1 0 0 0
140	2	0 1 1 1 0 1 1 0 0 0 0 0 0 0 0 1
140	2	0 0 1 1 1 1 1 0 0 0 0 0 0 0 0 0
140	2	0 0 1 1 0 0 0 0 1 0 0 0 0 0 0 0
160	50	0 0 1 1 0 0 1 0 0 0 0 0 0 0 0 0
160	13	0 0 1 1 0 0 1 0 0 1 0 0 0 0 0 0
160	12	0 0 1 1 0 1 1 0 0 0 0 0 0 0 0 0
160	36	0 0 1 1 1 0 1 0 0 0 0 0 0 0 0 0
160	50	1 0 1 1 0 0 1 0 0 0 0 0 0 0 0 0
160	111	0 0 1 1 0 0 1 0 1 0 0 0 0 0 0 0
160	3	0 0 1 1 1 0 1 0 0 1 0 0 0 0 0 0
160	8	1 0 1 1 0 0 1 0 0 1 0 0 0 0 0 0
160	8	0 0 1 1 0 0 1 0 0 1 0 0 0 0 0 1
160	8	0 1 1 0 0 1 1 0 0 1 0 0 0 0 0 0
160	50	0 1 1 1 0 1 1 0 0 0 0 0 0 0 0 0
160	29	1 1 1 1 0 0 1 0 0 0 0 0 0 0 0 0
160	2	0 1 1 1 0 0 1 0 0 1 0 0 0 0 0 0
160	8	0 0 1 1 0 1 1 0 0 1 0 0 0 0 0 0
160	36	0 0 1 1 1 0 1 0 0 0 0 0 0 0 0 1
160	14	1 1 1 0 0 1 1 0 0 0 0 1 0 0 0 0
160	5	0 0 1 1 0 0 1 0 1 0 0 0 0 0 1 0
160	6	1 0 1 1 0 0 1 0 0 0 0 0 1 0 0 0
160	6	1 0 1 1 0 0 1 1 0 0 0 0 0 0 0 0
160	21	1 0 1 1 0 1 1 0 0 0 0 1 0 0 0 0
160	8	1 0 1 0 0 0 1 0 0 0 0 0 0 0 0 0
160	4	0 0 1 1 0 0 1 0 1 0 0 1 0 0 0 1
160	8	0 1 1 1 1 0 1 0 0 0 0 0 0 0 0 0
160	12	1 1 1 0 0 1 1 0 0 0 0 0 0 0 1 0
160	14	0 0 1 1 0 1 1 0 0 0 0 0 0 0 0 1
160	18	1 0 1 0 0 0 1 0 0 1 0 0 0 0 0 0
160	3	0 0 1 1 1 0 1 0 0 0 0 0 0 1 0 0
160	10	1 1 1 1 0 1 1 0 0 0 0 0 0 0 0 0
160	3	0 0 1 1 0 0 0 0 0 0 0 0 0 0 0 0
160	49	1 0 1 0 0 0 1 1 0 0 0 0 0 0 0 0
160	3	0 0 1 1 1 0 1 1 0 1 0 1 1 1 0 0
160	34	1 1 1 1 0 0 1 0 0 1 1 0 0 0 0 0
160	52	1 1 1 1 0 0 1 0 0 1 0 0 0 0 0 0
160	20	0 0 1 1 0 0 1 0 1 0 0 1 0 0 0 0
160	3	1 1 1 1 0 0 1 0 0 0 0 0 0 0 0 1
160	8	0 1 1 1 0 1 1 0 0 1 0 0 0 0 0 0
160	6	1 0 1 1 0 0 1 0 0 0 0 0 1 0 0 1
160	26	0 1 1 1 0 1 1 0 0 0 0 0 0 0 0 1
160	11	0 0 1 1 0 1 1 0 1 0 0 0 0 0 0 0
160	12	1 0 1 1 0 1 1 0 0 1 0 0 0 0 0 0
160	5	0 1 1 0 0 1 1 0 0 0 0 1 0 0 0 0
160	1	1 0 1 0 0 1 1 0 0 0 0 0 0 0 1 0
160	6	0 1 1 0 0 0 1 0 0 0 0 0 0 0 0 0
160	9	0 0 1 1 1 0 0 0 0 0 0 0 0 0 0 0
160	25	1 1 1 1 1 0 1 0 0 1 0 0 0 0 0 0
160	11	1 0 1 1 1 0 1 1 0 1 0 1 1 1 0 0
160	10	0 1 1 1 0 1 1 0 0 1 1 0 0 0 1 0
160	4	0 1 1 1 0 0 1 0 0 1 0 0 0 0 0 1
160	5	0 0 1 1 0 0 1 0 0 0 0 0 0 0 0 1
160	2	0 0 1 1 1 1 1 0 0 0 0 0 0 0 0 0
160	2	1 1 1 1 0 1 1 0 0 0 0 1 0 0 0 0
160	2	1 0 1 0 0 1 1 0 1 0 0 0 0 0 0 0
160	3	0 1 1 1 0 1 1 0 0 0 0 0 1 0 0 0
160	14	1 0 1 1 0 0 1 0 1 0 0 0 0 0 1 0
160	2	1 1 1 1 0 1 1 1 0 0 0 0 0 0 0 0
160	2	1 0 1 1 0 0 1 0 0 1 1 0 0 0 0 0
160	11	0 0 1 1 1 0 1 0 1 0 0 0 0 0 0 1
160	5	1 1 1 1 0 0 0 0 0 1 0 0 0 0 1 0
160	6	0 1 1 1 0 0 1 1 0 0 0 0 0 0 0 0
160	4	0 1 1 1 1 0 1 0 0 0 0 1 1 1 0 0
160	5	0 1 1 1 1 1 1 0 0 1 0 0 0 0 0 0
160	10	0 1 1 1 0 0 1 0 0 0 0 0 0 0 0 1
160	11	0 0 1 1 0 0 1 0 1 0 0 0 1 0 0 1
160	4	1 0 1 0 0 0 1 1 0 0 0 0 0 0 0 1
160	4	0 1 1 0 1 0 1 0 0 0 0 0 0 0 0 0
160	1	0 1 1 1 0 1 1 0 0 0 0 0 0 0 1 0
160	5	1 1 1 1 0 0 1 1 0 0 0 0 0 0 0 0
160	4	0 1 1 1 0 0 1 0 0 1 0 0 0 1 0 0
160	1	0 0 1 0 1 0 0 0 0 0 0 0 0 0 0 0
160	4	0 1 1 1 0 0 1 0 0 0 1 0 0 0 0 0
160	1	1 0 1 1 0 1 1 1 0 0 0 0 0 0 0 0
160	1	1 0 1 1 1 0 1 1 0 1 0 1 1 1 0 1
160	4	0 1 1 1 0 0 1 0 1 0 0 0 0 0 0 0
160	1	0 0 1 0 0 0 1 0 0 1 0 0 0 0 0 1
160	5	0 0 1 1 1 0 1 0 0 1 0 0 0 0 0 1
160	3	1 1 1 1 0 1 1 0 0 0 0 0 0 0 0 1
160	2	0 0 1 0 0 0 1 0 1 0 0 0 0 0 0 0
160	6	0 0 1 1 0 0 1 1 1 0 0 1 0 0 0 1
160	1	1 0 1 0 0 0 1 1 1 0 0 0 0 0 0 0
160	1	1 1 0 1 0 0 1 0 0 1 0 0 0 0 0 0
160	2	1 1 1 1 0 0 1 0 0 0 0 1 0 0 0 1
160	2	0 0 1 1 1 0 0 0 1 0 0 0 0 0 0 0
160	1	1 0 1 1 0 0 1 0 0 0 0 1 0 0 0 0
160	1	0 1 1 1 0 0 1 0 1 0 0 1 0 0 0 0
160	3	0 1 1 1 0 0 1 0 0 0 0 0 1 0 0 0
160	1	0 0 1 1 0 0 1 0 1 1 0 0 0 0 0 0
160	1	0 0 1 1 0 0 1 0 1 0 1 0 0 0 0 0
160	1	0 0 1 1 0 0 1 0 0 1 0 0 0 0 1 1
160	2	1 0 1 0 0 0 1 0 0 1 0 0 0 0 1 0
160	1	1 0 1 0 0 0 1 1 0 1 0 0 0 0 0 0
160	2	0 1 1 1 0 1 1 0 0 1 0 0 0 0 1 0
180	50	0 0 1 1 0 0 1 0 0 0 0 0 0 0 0 0
180	15	0 0 1 1 0 0 1 0 0 1 0 0 0 0 0 0
180	7	0 0 1 1 0 1 1 0 0 0 0 0 0 0 0 0
180	5	0 0 1 1 1 0 1 0 0 0 0 0 0 0 0 0
180	65	1 0 1 1 0 0 1 0 0 0 0 0 0 0 0 0
180	52	0 0 1 1 0 0 1 0 1 0 0 0 0 0 0 0
180	28	0 0 1 1 1 0 1 0 0 1 0 0 0 0 0 0
180	8	1 0 1 1 0 0 1 0 0 1 0 0 0 0 0 0
180	54	0 1 1 1 0 1 1 0 0 0 0 0 0 0 0 0
180	20	1 1 1 1 0 0 1 0 0 0 0 0 0 0 0 0
180	3	0 1 1 1 0 0 1 0 0 1 0 0 0 0 0 0
180	26	0 0 1 1 0 1 1 0 0 1 0 0 0 0 0 0
180	8	0 0 1 1 0 0 1 0 1 0 0 0 0 0 1 0
180	5	1 0 1 0 0 0 1 0 0 0 0 0 0 0 0 0
180	26	0 1 1 1 1 0 1 0 0 0 0 0 0 0 0 0
180	1	0 0 1 1 0 1 1 0 0 0 0 0 0 0 0 1
180	1	1 0 1 0 0 0 1 0 0 1 0 0 0 0 0 0
180	19	0 0 1 1 1 0 1 0 0 0 0 0 0 1 0 0
180	24	1 0 1 0 0 0 1 1 0 0 0 0 0 0 0 0
180	24	1 1 1 1 0 0 1 0 0 1 1 0 0 0 0 0
180	75	1 1 1 1 0 0 1 0 0 1 0 0 0 0 0 0
180	1	0 0 1 1 0 0 1 0 1 0 0 1 0 0 0 0
180	30	0 1 1 1 0 1 1 0 0 1 0 0 0 0 0 0
180	18	0 0 1 1 0 1 1 0 1 0 0 0 0 0 0 0
180	19	1 0 1 1 0 1 1 0 0 1 0 0 0 0 0 0
180	85	1 1 1 1 1 0 1 0 0 1 0 0 0 0 0 0
180	5	1 0 1 1 1 0 1 1 0 1 0 1 1 1 0 0
180	4	1 1 1 1 0 1 1 0 0 0 0 1 0 0 0 0
180	9	0 1 1 1 0 1 1 0 0 0 0 0 1 0 0 0
180	1	0 1 1 1 0 0 1 0 0 0 0 0 0 0 0 1
180	11	0 1 1 1 0 0 1 0 0 0 1 0 0 0 0 0
180	13	0 0 1 1 1 0 1 0 0 1 0 0 0 0 0 1
180	17	1 0 1 0 0 0 1 1 0 1 0 0 0 0 0 0
180	3	0 0 1 1 0 0 1 0 1 0 0 0 0 0 0 1
180	16	1 0 1 1 0 1 1 0 0 0 0 0 0 0 0 0
180	9	0 1 1 1 0 1 1 0 0 0 0 1 0 0 0 0
180	2	0 0 1 1 0 0 1 0 1 0 0 1 1 0 0 1
180	3	0 0 1 1 0 0 1 1 1 0 0 0 0 0 0 1
180	1	1 0 1 1 0 0 1 1 0 0 0 0 0 0 0 0
180	7	0 0 1 0 0 0 1 0 1 0 0 0 0 0 0 0
180	1	1 0 1 1 0 1 1 0 1 0 1 0 0 0 0 0
180	23	1 0 1 1 1 0 1 0 0 0 0 0 0 1 0 0
180	5	1 0 1 1 1 0 1 0 0 0 0 0 0 0 0 0
180	16	1 0 1 1 0 0 1 0 0 1 1 0 0 0 0 0
180	3	1 1 1 1 0 0 1 0 0 1 0 0 0 0 1 0
180	4	0 0 1 1 1 0 1 0 1 0 0 0 0 0 0 0
180	2	1 1 1 0 0 1 1 0 0 0 0 1 0 0 1 0
180	5	1 1 1 1 0 0 1 0 1 0 0 0 0 0 0 0
180	1	0 0 1 1 1 0 1 0 0 0 0 0 0 1 1 0
180	4	1 1 1 1 0 0 1 0 1 1 1 0 0 0 0 0
180	6	1 1 1 1 0 0 1 0 0 1 0 1 0 0 0 0
180	5	1 1 1 1 1 0 1 0 0 1 0 0 1 0 0 0
180	1	0 1 1 1 0 0 1 0 0 1 0 0 0 0 1 0
180	7	0 1 1 1 0 0 1 0 1 0 0 0 0 0 0 0
180	2	1 0 1 1 0 1 1 0 0 0 0 0 0 0 0 1
180	6	1 1 1 1 0 1 1 0 0 1 0 0 0 0 0 0
180	10	1 1 1 1 0 1 1 0 0 0 1 1 0 0 0 0
180	10	0 1 1 1 0 1 1 0 1 0 0 0 1 0 0 0
180	2	1 1 1 1 0 1 0 1 0 0 0 0 0 0 0 0
180	11	1 0 1 1 0 0 1 0 0 0 0 1 0 0 0 0
180	9	0 0 1 1 0 1 1 0 0 0 0 1 0 0 0 0
180	2	1 1 1 1 0 1 1 0 0 0 0 0 0 0 0 0
180	5	0 0 1 1 0 1 1 0 0 1 1 0 0 0 0 0
180	4	0 1 1 1 0 0 1 0 0 0 0 0 0 0 0 0
180	3	1 0 1 1 0 0 1 0 0 0 0 0 0 1 0 0
180	6	0 1 1 1 0 1 1 0 0 0 0 0 0 1 0 0
180	4	0 1 1 0 0 1 1 0 0 0 0 0 0 0 0 0
180	5	1 1 1 1 0 0 0 0 0 1 0 0 0 0 0 0
180	7	1 0 1 1 0 1 1 0 1 1 0 0 0 0 0 0
180	1	0 0 0 1 1 0 1 0 1 0 0 0 0 0 0 0
180	6	0 1 1 1 1 0 1 0 0 0 0 0 1 0 0 0
180	2	0 0 1 1 0 1 1 0 0 0 0 0 1 0 0 0
180	1	0 0 1 1 0 0 1 1 0 0 0 0 0 0 0 1
180	3	0 0 1 1 1 0 1 0 1 0 0 1 0 0 0 0
180	3	1 1 1 1 0 1 1 0 0 0 1 1 0 0 0 1
180	1	0 0 1 1 0 0 0 0 0 0 0 0 0 0 0 0
180	1	1 0 1 1 0 0 1 0 0 0 1 0 0 0 0 0
180	6	1 0 1 1 0 0 1 0 0 1 0 0 0 0 1 0
180	3	0 0 1 1 0 0 1 1 0 0 0 0 0 0 1 0
180	5	1 0 1 0 0 0 1 0 1 0 0 1 0 0 1 0
180	3	1 1 1 1 0 0 1 0 1 1 1 0 1 0 0 0
180	2	0 1 0 1 0 1 1 0 0 0 0 0 0 1 0 0
180	1	0 0 1 1 0 0 1 0 0 1 1 0 0 0 0 0
180	2	1 1 1 1 0 0 1 0 0 0 0 0 1 0 0 0
180	3	0 1 1 1 0 0 1 1 0 0 0 0 0 0 0 0
180	3	0 0 0 1 0 0 1 0 1 0 0 0 0 0 0 0
180	1	1 0 1 0 1 0 1 0 0 1 0 0 0 0 0 0
180	1	0 0 1 1 1 0 1 1 0 1 0 1 1 1 0 0
180	3	1 0 0 1 0 1 1 0 0 0 0 0 0 0 0 0
180	5	0 1 1 1 0 0 1 0 0 0 0 0 0 0 1 0
180	1	0 0 1 1 0 1 1 0 0 0 1 0 0 0 0 0
180	1	1 0 1 1 0 0 1 0 1 0 0 0 0 0 1 0
180	1	1 1 1 0 0 1 1 0 1 0 0 0 0 0 0 0
180	2	0 0 1 1 0 0 1 0 0 0 0 0 0 0 1 0
200	5	0 0 1 1 0 0 1 0 0 0 0 0 0 0 0 0
200	15	0 0 1 1 0 0 1 0 0 1 0 0 0 0 0 0
200	51	1 0 1 1 0 0 1 0 0 0 0 0 0 0 0 0
200	29	0 0 1 1 0 0 1 0 1 0 0 0 0 0 0 0
200	31	0 0 1 1 1 0 1 0 0 1 0 0 0 0 0 0
200	61	1 0 1 1 0 0 1 0 0 1 0 0 0 0 0 0
200	11	0 1 1 1 0 1 1 0 0 0 0 0 0 0 0 0
200	36	1 1 1 1 0 0 1 0 0 0 0 0 0 0 0 0
200	11	0 0 1 1 0 1 1 0 0 1 0 0 0 0 0 0
200	6	0 0 1 1 0 0 1 0 1 0 0 0 0 0 1 0
200	43	0 1 1 1 1 0 1 0 0 0 0 0 0 0 0 0
200	2	0 0 1 1 0 1 1 0 0 0 0 0 0 0 0 1
200	27	1 0 1 0 0 0 1 1 0 0 0 0 0 0 0 0
200	26	1 1 1 1 0 0 1 0 0 1 1 0 0 0 0 0
200	33	1 1 1 1 0 0 1 0 0 1 0 0 0 0 0 0
200	18	0 1 1 1 0 1 1 0 0 1 0 0 0 0 0 0
200	9	0 0 1 1 0 1 1 0 1 0 0 0 0 0 0 0
200	1	1 0 1 1 0 1 1 0 0 1 0 0 0 0 0 0
200	83	1 1 1 1 1 0 1 0 0 1 0 0 0 0 0 0
200	4	0 1 1 1 0 1 1 0 0 0 0 0 1 0 0 0
200	6	1 0 1 0 0 0 1 1 0 1 0 0 0 0 0 0
200	15	0 1 1 1 0 1 1 0 0 0 0 1 0 0 0 0
200	6	0 0 1 0 0 0 1 0 1 0 0 0 0 0 0 0
200	9	1 0 1 1 1 0 1 0 0 0 0 0 0 1 0 0
200	23	0 1 1 1 0 0 1 0 0 1 0 0 0 0 1 0
200	57	1 1 1 1 0 1 1 0 0 1 0 0 0 0 0 0
200	7	1 1 1 1 0 1 1 0 0 0 1 1 0 0 0 0
200	3	0 1 1 1 0 1 1 0 1 0 0 0 1 0 0 0
200	5	0 0 1 1 0 1 1 0 0 0 0 1 0 0 0 0
200	22	0 0 1 1 0 1 1 0 0 1 1 0 0 0 0 0
200	8	1 0 1 1 0 1 1 0 1 1 0 0 0 0 0 0
200	13	0 0 1 1 1 0 1 0 1 0 0 1 0 0 0 0
200	5	1 0 1 1 0 0 1 0 0 0 1 0 0 0 0 0
200	5	1 0 1 0 1 0 1 0 0 1 0 0 0 0 0 0
200	10	0 0 1 1 0 1 1 0 0 0 1 0 0 0 0 0
200	19	1 0 1 1 1 0 1 0 0 1 0 0 0 0 0 0
200	31	1 1 1 1 1 1 1 0 0 0 0 0 0 0 0 0
200	2	1 0 1 1 0 0 1 0 1 0 0 0 0 0 0 0
200	36	1 1 1 1 0 1 0 0 0 0 1 0 0 0 0 0
200	14	0 1 1 1 1 1 1 0 0 0 0 0 0 0 0 0
200	3	1 1 0 1 1 0 1 0 0 1 0 0 0 0 0 0
200	9	1 1 1 0 0 1 1 0 1 0 1 0 0 0 0 0
200	8	1 1 1 0 1 0 1 0 0 1 0 0 0 0 0 0
200	5	1 1 1 1 1 0 1 1 0 1 0 0 0 0 0 0
200	3	1 1 1 1 0 0 1 0 1 1 0 0 0 0 0 0
200	4	1 1 1 1 0 0 1 0 0 0 0 0 0 1 0 0
200	9	0 1 1 1 0 0 1 1 0 1 0 0 0 0 0 0
200	11	0 1 1 1 0 0 1 0 0 1 0 0 0 0 0 0
200	14	0 1 1 1 1 0 1 0 0 0 0 0 0 1 0 0
200	4	0 0 1 1 0 0 0 0 0 1 0 0 0 0 0 0
200	12	1 1 1 1 1 0 1 0 0 1 0 0 0 0 1 0
200	4	1 0 1 1 1 0 1 0 0 0 0 0 0 0 0 0
200	6	1 1 1 1 0 1 1 0 0 0 0 0 0 0 0 0
200	5	0 0 0 1 1 0 1 0 1 0 0 1 0 0 0 0
200	3	1 1 0 1 0 0 1 0 0 1 0 0 0 0 0 0
200	6	0 1 1 1 1 0 1 0 0 1 0 0 0 0 0 0
200	3	1 1 1 1 1 0 0 0 0 1 0 0 0 0 0 0
200	3	0 0 1 0 1 0 1 0 0 1 0 0 0 0 0 0
200	5	1 0 1 0 1 0 0 0 0 1 0 0 0 0 0 0
200	4	1 1 1 1 1 0 1 1 0 1 0 1 0 0 0 0
200	2	0 0 1 1 0 0 1 0 0 1 1 0 0 0 0 0
200	6	0 0 0 1 1 0 1 0 0 0 0 0 0 0 0 0
200	2	0 0 0 1 1 0 1 0 0 1 0 0 0 0 1 0
200	1	1 1 0 1 1 1 1 0 0 0 0 0 0 0 0 0
200	2	0 1 1 1 1 0 1 0 1 0 0 0 0 1 0 0
200	3	1 0 1 1 0 0 1 1 0 1 0 0 0 0 0 0
200	4	1 1 1 1 0 1 0 0 0 0 0 0 0 0 0 0
200	3	0 1 1 1 0 1 0 0 0 0 1 0 0 0 0 0
200	2	0 0 1 1 0 1 1 0 1 1 0 0 0 0 0 0
200	2	1 1 1 1 0 0 1 0 0 1 0 0 0 0 0 1
200	3	1 0 1 1 1 0 1 1 0 1 0 0 0 0 0 0
200	1	1 1 1 1 1 1 1 0 0 1 0 0 0 0 0 0
200	1	1 0 1 0 0 0 1 0 1 0 0 0 0 0 0 0
200	1	1 1 1 1 0 0 1 0 0 1 0 0 0 0 1 0
200	5	1 1 1 1 1 0 0 0 0 1 0 0 0 1 0 0
200	2	1 0 1 1 0 0 1 0 1 0 0 0 0 0 1 0
200	5	1 0 1 1 0 1 1 0 0 0 0 0 0 0 0 0
200	1	0 1 1 1 1 0 0 0 0 0 0 0 0 0 0 0
200	2	1 1 1 1 0 1 1 1 0 1 0 0 0 0 0 0
200	2	1 1 1 1 1 1 1 0 0 0 1 0 0 0 0 0
200	7	1 1 1 1 1 0 1 1 0 0 0 0 0 0 0 0
200	1	1 0 1 0 1 0 0 0 0 1 0 0 1 0 0 0
200	1	1 0 0 1 1 0 1 0 0 1 0 0 0 1 0 0
200	1	1 0 1 1 0 0 1 0 0 0 0 0 0 1 0 0
200	1	1 1 1 1 0 0 1 1 0 0 0 0 0 0 0 0
200	1	1 1 1 1 1 0 1 0 0 1 1 0 0 0 0 0
200	1	1 0 1 0 1 0 1 0 0 0 0 0 0 0 0 0
200	2	0 0 1 1 0 0 1 0 1 0 0 0 0 1 0 0
200	2	1 1 1 0 0 0 1 0 0 0 0 0 0 0 0 0
200	2	0 1 1 0 0 1 1 0 0 0 0 1 0 0 0 0
200	1	1 0 1 1 1 0 1 1 0 0 0 0 0 1 0 0
200	2	1 1 0 1 0 1 1 0 0 1 0 0 0 0 0 0
200	2	0 0 1 1 0 1 1 1 0 0 1 0 0 0 0 0
200	1	1 1 1 0 0 1 1 0 1 0 1 0 0 0 0 1
200	3	1 1 1 1 1 0 1 0 0 1 0 0 0 0 1 1
200	2	0 1 1 1 0 1 0 0 0 0 1 1 0 0 0 0
200	1	0 1 1 1 0 1 1 0 1 1 0 0 0 0 0 0
220	38	1 0 1 1 0 0 1 0 0 0 0 0 0 0 0 0
220	29	0 0 1 1 1 0 1 0 0 1 0 0 0 0 0 0
220	29	1 0 1 1 0 0 1 0 0 1 0 0 0 0 0 0
220	12	0 1 1 1 0 1 1 0 0 0 0 0 0 0 0 0
220	30	1 1 1 1 0 0 1 0 0 0 0 0 0 0 0 0
220	4	0 1 1 1 1 0 1 0 0 0 0 0 0 0 0 0
220	69	1 1 1 1 0 0 1 0 0 1 1 0 0 0 0 0
220	90	1 1 1 1 0 0 1 0 0 1 0 0 0 0 0 0
220	31	0 1 1 1 0 1 1 0 0 1 0 0 0 0 0 0
220	18	1 1 1 1 1 0 1 0 0 1 0 0 0 0 0 0
220	5	0 1 1 1 0 1 1 0 0 0 0 0 1 0 0 0
220	35	0 1 1 1 0 1 1 0 0 0 0 1 0 0 0 0
220	75	1 1 1 1 0 1 1 0 0 1 0 0 0 0 0 0
220	10	1 1 1 1 0 1 1 0 0 0 1 1 0 0 0 0
220	7	0 0 1 1 0 1 1 0 0 1 1 0 0 0 0 0
220	2	0 0 1 1 1 0 1 0 1 0 0 1 0 0 0 0
220	2	1 0 1 1 0 0 1 0 0 0 1 0 0 0 0 0
220	9	1 1 1 1 1 1 1 0 0 0 0 0 0 0 0 0
220	93	1 1 1 1 0 1 0 0 0 0 1 0 0 0 0 0
220	3	0 1 1 1 1 1 1 0 0 0 0 0 0 0 0 0
220	1	1 1 1 1 1 0 1 1 0 1 0 0 0 0 0 0
220	2	0 1 1 1 0 0 1 1 0 1 0 0 0 0 0 0
220	6	0 1 1 1 0 0 1 0 0 1 0 0 0 0 0 0
220	2	0 1 1 1 1 0 1 0 0 0 0 0 0 1 0 0
220	3	1 1 1 1 1 0 1 0 0 1 0 0 0 0 1 0
220	3	1 0 1 1 1 0 1 0 0 0 0 0 0 0 0 0
220	23	1 1 1 1 0 1 1 0 0 0 0 0 0 0 0 0
220	20	0 1 1 1 1 0 1 0 0 1 0 0 0 0 0 0
220	6	1 1 1 1 1 0 0 0 0 1 0 0 0 0 0 0
220	5	1 1 1 1 1 0 0 0 0 1 0 0 0 1 0 0
220	6	1 1 1 1 1 1 1 0 0 0 1 0 0 0 0 0
220	20	1 1 1 1 1 0 1 1 0 0 0 0 0 0 0 0
220	5	1 0 1 1 0 0 1 0 0 0 0 0 0 1 0 0
220	4	1 0 1 1 1 0 1 1 0 0 0 0 0 1 0 0
220	7	1 1 1 0 0 1 1 0 1 0 1 0 0 0 0 1
220	10	1 1 1 1 0 1 1 0 0 1 1 0 0 0 0 0
220	26	1 1 1 1 1 1 1 1 0 0 0 0 0 0 0 0
220	30	1 1 1 1 1 1 1 0 0 1 0 0 0 0 0 0
220	4	1 0 1 1 1 0 1 0 1 0 0 0 0 0 0 0
220	10	1 1 1 1 0 1 1 0 0 0 1 0 0 0 0 0
220	3	0 0 1 1 0 0 1 0 1 0 1 0 0 1 0 0
220	5	1 1 1 1 0 1 0 0 0 0 1 1 0 0 0 0
220	4	1 1 1 1 0 1 1 0 0 0 0 0 0 0 0 1
220	14	0 0 1 0 1 0 1 0 0 1 0 0 0 0 0 1
220	3	0 1 1 1 1 1 1 0 0 0 0 0 0 0 1 0
220	22	1 1 1 1 0 1 0 0 0 1 1 0 0 0 0 0
220	1	1 0 1 0 0 0 1 0 0 1 0 0 0 0 0 0
220	4	0 1 1 1 0 1 1 0 0 1 1 0 0 0 0 0
220	2	0 0 1 1 0 1 1 0 0 0 0 0 0 0 0 0
220	10	1 1 1 1 1 0 1 0 0 0 0 0 0 0 0 0
220	9	0 1 1 1 0 0 1 0 0 1 1 0 0 0 0 0
220	6	0 1 1 1 0 1 1 1 0 1 0 0 0 0 0 0
220	8	0 1 1 1 0 1 1 1 0 0 0 1 0 0 0 0
220	7	1 1 1 1 0 0 1 0 1 1 0 0 0 0 0 0
220	1	0 1 1 1 1 0 0 0 0 1 0 0 0 1 0 0
220	5	0 0 1 1 1 0 1 0 0 0 0 0 0 0 0 0
220	10	0 1 1 1 0 1 1 0 0 1 0 0 0 1 0 0
220	3	1 1 1 1 1 0 1 0 0 1 1 0 0 0 0 0
220	7	1 0 1 1 0 0 1 0 0 1 1 0 0 0 0 0
220	3	0 0 1 1 0 0 1 0 0 0 0 0 0 0 0 0
220	4	0 0 0 1 1 0 1 0 0 1 0 0 0 0 0 0
220	12	1 0 1 1 0 1 1 0 0 0 1 0 0 0 0 0
220	7	1 0 1 1 0 1 0 0 0 0 1 0 0 0 0 0
220	6	0 1 1 1 0 0 1 1 0 1 1 0 0 0 0 0
220	3	0 1 1 1 0 1 1 0 0 1 0 0 0 0 1 0
220	4	1 1 1 1 0 0 1 0 0 0 0 0 0 0 0 1
220	3	1 1 1 0 0 1 1 0 0 1 0 0 0 0 0 0
220	2	1 1 1 1 0 1 0 0 1 0 1 0 0 0 0 0
220	1	1 1 1 1 0 0 1 0 0 1 1 0 0 0 0 1
220	3	1 1 0 1 1 0 1 0 0 1 0 0 0 0 0 0
220	1	1 1 1 0 0 1 1 0 0 0 1 0 0 0 0 0
220	1	1 1 1 1 0 0 1 0 0 1 1 1 0 0 0 0
220	5	1 1 1 1 0 1 1 1 0 0 1 1 0 0 0 0
220	2	0 0 1 1 1 0 0 0 0 0 0 0 0 0 0 0
220	2	1 1 1 1 0 0 1 0 0 1 0 0 0 0 0 1
220	2	0 1 1 1 1 1 1 1 0 0 0 0 0 0 0 0
220	2	1 0 1 1 0 0 1 0 1 1 0 0 0 0 0 0
220	1	1 0 0 1 0 0 1 0 0 1 0 0 0 0 0 0
220	4	1 0 1 1 0 1 1 0 0 1 0 0 0 0 0 0
220	2	1 1 1 1 0 1 1 0 0 1 0 0 0 0 1 0
220	2	1 1 1 1 0 1 0 0 0 1 0 0 0 0 0 0
220	2	0 0 1 0 1 0 1 0 0 0 0 0 0 0 0 0
220	4	0 1 1 1 0 1 1 1 0 0 0 0 0 0 0 0
220	1	0 1 1 1 0 1 1 0 0 0 1 0 0 0 0 0
220	1	0 0 1 0 1 0 1 0 0 1 0 0 0 0 0 0
220	2	1 0 1 1 0 0 1 0 0 1 0 0 1 0 0 0
220	1	1 1 1 1 0 0 1 1 0 1 0 0 0 0 0 0
220	2	1 1 1 1 0 0 1 0 0 1 0 0 0 1 0 0
220	1	1 1 1 1 1 1 0 0 0 0 1 0 0 0 0 0
220	2	0 1 1 1 1 0 1 0 0 1 0 0 0 0 1 0
220	3	1 1 1 1 0 0 1 0 1 1 0 0 0 0 0 1
220	1	1 0 1 1 0 0 1 0 1 1 1 0 0 0 0 0
240	28	1 0 1 1 0 0 1 0 0 0 0 0 0 0 0 0
240	6	0 0 1 1 1 0 1 0 0 1 0 0 0 0 0 0
240	4	1 0 1 1 0 0 1 0 0 1 0 0 0 0 0 0
240	6	1 1 1 1 0 0 1 0 0 0 0 0 0 0 0 0
240	68	1 1 1 1 0 0 1 0 0 1 1 0 0 0 0 0
240	93	1 1 1 1 0 0 1 0 0 1 0 0 0 0 0 0
240	20	0 1 1 1 0 1 1 0 0 1 0 0 0 0 0 0
240	15	1 1 1 1 1 0 1 0 0 1 0 0 0 0 0 0
240	26	0 1 1 1 0 1 1 0 0 0 0 1 0 0 0 0
240	84	1 1 1 1 0 1 1 0 0 1 0 0 0 0 0 0
240	3	1 1 1 1 0 1 1 0 0 0 1 1 0 0 0 0
240	70	1 1 1 1 0 1 0 0 0 0 1 0 0 0 0 0
240	11	0 1 1 1 1 1 1 0 0 0 0 0 0 0 0 0
240	9	1 1 1 1 1 0 1 0 0 1 0 0 0 0 1 0
240	2	1 1 1 1 0 1 1 0 0 0 0 0 0 0 0 0
240	9	0 1 1 1 1 0 1 0 0 1 0 0 0 0 0 0
240	12	1 1 1 1 1 0 0 0 0 1 0 0 0 0 0 0
240	12	1 1 1 1 1 1 1 0 0 0 1 0 0 0 0 0
240	17	1 1 1 1 1 0 1 1 0 0 0 0 0 0 0 0
240	3	1 0 1 1 1 0 1 1 0 0 0 0 0 1 0 0
240	5	1 1 1 1 1 1 1 0 0 1 0 0 0 0 0 0
240	12	0 0 1 1 0 0 1 0 1 0 1 0 0 1 0 0
240	44	1 1 1 1 0 1 0 0 0 1 1 0 0 0 0 0
240	11	1 0 1 0 0 0 1 0 0 1 0 0 0 0 0 0
240	32	0 1 1 1 0 1 1 0 0 1 1 0 0 0 0 0
240	15	1 0 1 1 0 1 1 0 0 0 1 0 0 0 0 0
240	7	1 0 1 1 0 1 0 0 0 0 1 0 0 0 0 0
240	3	0 1 1 1 0 1 1 0 0 1 0 0 0 0 1 0
240	2	1 1 1 1 0 1 1 1 0 0 1 1 0 0 0 0
240	15	1 0 1 1 0 0 1 0 1 1 0 0 0 0 0 0
240	16	0 1 1 1 0 1 1 1 0 1 1 0 0 0 0 0
240	6	1 0 1 1 0 0 1 0 1 0 0 0 0 0 0 0
240	7	0 0 1 1 1 0 1 0 0 0 0 0 1 0 0 0
240	3	1 1 1 1 1 1 0 0 0 1 0 0 0 0 0 0
240	14	1 1 0 1 1 1 1 0 0 1 0 0 0 0 0 0
240	1	1 1 1 1 1 0 0 0 0 0 0 0 0 0 0 0
240	3	0 1 1 1 1 0 1 0 1 1 0 0 0 0 0 1
240	8	0 1 1 1 1 1 1 0 0 1 0 1 0 0 0 0
240	15	1 1 1 1 0 1 0 0 0 1 0 0 0 0 0 0
240	5	0 0 1 1 0 1 1 0 0 0 1 0 0 0 0 0
240	8	1 1 1 1 0 0 1 1 0 1 0 0 0 0 0 0
240	11	1 0 1 1 0 1 0 0 0 0 1 1 0 0 0 0
240	4	1 1 1 1 1 0 1 0 0 0 0 0 0 1 0 0
240	16	1 1 1 1 0 0 0 0 0 1 1 0 0 0 0 0
240	13	1 1 1 1 0 1 0 0 0 0 0 1 0 0 0 0
240	2	1 1 1 1 0 0 1 0 0 1 1 1 0 0 0 0
240	5	0 1 1 1 0 1 1 1 0 0 0 1 0 0 0 0
240	13	0 1 1 1 1 1 1 0 0 1 0 0 0 0 0 0
240	14	0 1 1 1 0 1 1 0 0 0 0 0 0 0 0 0
240	8	1 1 0 1 1 1 0 0 0 0 1 0 0 0 0 0
240	1	0 0 1 1 0 1 1 0 0 0 0 1 0 0 0 0
240	3	1 0 1 1 1 1 1 0 0 1 0 0 0 0 0 0
240	21	0 1 1 1 0 0 1 1 0 1 1 0 0 0 1 0
240	7	1 1 1 1 0 0 1 0 0 1 0 0 1 0 0 0
240	1	0 1 1 1 0 1 1 1 0 1 1 0 0 1 0 0
240	11	0 1 1 1 0 1 0 0 0 0 1 0 0 0 0 0
240	1	1 0 1 1 0 1 0 0 0 0 0 0 0 0 0 0
240	8	0 0 1 1 0 0 1 0 1 0 1 1 0 1 0 0
240	2	0 1 1 1 0 1 1 0 0 1 1 0 0 0 1 0
240	26	1 0 1 1 0 0 1 0 1 1 0 0 0 0 1 0
240	4	0 1 1 1 0 1 1 0 1 1 0 0 0 0 0 0
240	6	1 1 1 1 1 0 1 0 0 1 1 0 0 0 0 0
240	9	1 1 0 1 0 1 0 0 0 0 1 0 0 0 0 0
240	1	0 1 1 1 0 0 1 0 0 0 0 0 0 0 0 0
240	1	0 1 1 1 0 1 1 0 0 1 0 0 1 0 0 0
240	1	1 1 1 1 1 0 1 0 1 1 0 0 0 0 0 0
240	1	1 0 1 1 0 1 0 0 0 1 1 0 0 0 0 0
240	2	1 0 1 1 0 0 1 0 1 0 0 1 0 0 0 0
240	2	1 0 1 1 0 0 0 0 0 1 1 0 0 0 0 0
240	2	1 1 0 1 0 0 1 0 0 1 0 0 0 0 0 0
240	3	1 1 1 1 0 1 0 1 0 0 1 0 0 0 0 0
240	1	1 1 1 1 0 0 1 0 0 1 1 1 1 0 0 0
240	3	1 0 1 1 0 1 1 0 0 0 0 0 0 0 0 0
240	1	1 1 1 1 0 1 0 0 0 0 1 0 0 0 0 1
240	2	1 1 1 1 1 0 1 1 0 0 0 0 1 0 0 0
240	2	0 1 1 1 1 1 1 1 0 1 1 0 0 0 0 0
240	5	0 1 1 1 0 1 1 1 0 0 1 0 0 0 0 0
240	3	0 1 1 1 0 1 0 0 0 0 1 0 0 0 0 1
240	6	1 1 1 1 0 1 0 0 0 0 0 0 0 0 0 0
240	1	0 1 1 1 0 1 1 1 0 1 0 0 0 0 0 1
240	4	1 0 1 1 0 1 0 0 0 1 0 0 0 0 0 0
240	1	1 1 0 1 1 1 0 0 0 1 0 0 0 0 0 0
240	3	0 1 1 1 0 0 1 0 0 1 0 0 0 0 0 0
240	5	1 1 1 1 0 0 1 0 0 1 0 0 0 0 0 1
240	1	0 1 1 1 0 1 0 0 0 1 1 0 0 0 0 0
240	3	1 1 1 1 0 1 0 0 0 1 1 0 0 0 1 0
240	6	1 0 1 1 0 1 1 0 0 0 1 1 0 0 0 0
240	1	0 1 1 1 0 1 1 1 0 0 0 0 0 0 0 0
240	4	1 0 1 1 1 0 1 0 0 1 0 0 0 0 0 0
240	1	0 1 1 1 1 1 1 1 1 1 1 0 0 0 0 0
240	2	1 1 1 1 1 1 1 0 0 1 0 1 0 0 0 0
240	1	1 0 1 1 0 0 1 0 0 0 0 0 1 0 0 0
240	2	1 1 0 1 0 0 1 0 0 1 1 0 0 0 0 0
240	1	0 1 1 0 0 1 1 0 0 1 0 0 0 0 0 0
240	2	1 1 1 1 0 1 0 0 0 0 1 0 0 1 0 0
240	1	1 1 1 0 0 1 0 0 0 0 1 0 0 0 0 0
240	2	0 0 1 1 0 0 1 0 1 1 0 0 0 0 0 0
240	2	1 1 0 1 1 1 0 0 0 0 1 0 0 0 0 1
240	4	0 1 1 1 0 1 1 1 0 1 0 0 1 0 0 0
240	1	1 1 0 1 1 1 0 0 0 1 1 0 1 0 0 0
260	29	1 0 1 1 0 0 1 0 0 0 0 0 0 0 0 0
260	16	1 1 1 1 0 0 1 0 0 0 0 0 0 0 0 0
260	47	1 1 1 1 0 0 1 0 0 1 1 0 0 0 0 0
260	81	1 1 1 1 0 0 1 0 0 1 0 0 0 0 0 0
260	10	0 1 1 1 0 1 1 0 0 1 0 0 0 0 0 0
260	72	1 1 1 1 1 0 1 0 0 1 0 0 0 0 0 0
260	22	0 1 1 1 0 1 1 0 0 0 0 1 0 0 0 0
260	127	1 1 1 1 0 1 1 0 0 1 0 0 0 0 0 0
260	11	1 1 1 1 0 1 0 0 0 0 1 0 0 0 0 0
260	19	0 1 1 1 1 1 1 0 0 0 0 0 0 0 0 0
260	2	1 1 1 1 1 0 1 0 0 1 0 0 0 0 1 0
260	6	0 1 1 1 1 0 1 0 0 1 0 0 0 0 0 0
260	28	1 1 1 1 1 1 1 0 0 0 1 0 0 0 0 0
260	36	1 1 1 1 1 0 1 1 0 0 0 0 0 0 0 0
260	14	1 1 1 1 0 1 0 0 0 1 1 0 0 0 0 0
260	14	1 0 1 0 0 0 1 0 0 1 0 0 0 0 0 0
260	15	0 1 1 1 0 1 1 0 0 1 1 0 0 0 0 0
260	2	0 1 1 1 0 1 1 0 0 1 0 0 0 0 1 0
260	12	1 1 1 1 0 1 1 1 0 0 1 1 0 0 0 0
260	7	1 0 1 1 0 0 1 0 1 1 0 0 0 0 0 0
260	10	0 1 1 1 0 1 1 1 0 1 1 0 0 0 0 0
260	5	1 1 1 1 0 1 0 0 0 1 0 0 0 0 0 0
260	31	1 1 1 1 0 0 0 0 0 1 1 0 0 0 0 0
260	8	1 1 1 1 0 1 0 0 0 0 0 1 0 0 0 0
260	13	0 1 1 1 1 1 1 0 0 1 0 0 0 0 0 0
260	9	0 1 1 1 0 1 1 0 0 0 0 0 0 0 0 0
260	3	1 1 1 1 0 0 1 0 0 1 0 0 1 0 0 0
260	2	1 0 1 1 0 0 1 0 1 1 0 0 0 0 1 0
260	5	1 1 0 1 0 1 0 0 0 0 1 0 0 0 0 0
260	3	1 1 1 1 0 0 1 0 1 1 0 0 0 0 1 0
260	8	0 1 1 1 0 1 0 0 0 1 0 0 0 0 0 0
260	6	1 1 1 1 0 0 1 0 0 1 0 0 0 0 1 0
260	4	1 1 1 1 0 1 1 0 1 1 0 0 0 0 0 0
260	2	0 0 0 1 0 1 0 0 0 0 1 0 0 0 0 0
260	30	1 0 1 1 0 1 0 0 0 0 1 1 0 1 0 0
260	1	1 0 1 0 0 0 1 0 1 1 0 0 0 0 1 0
260	24	1 1 1 1 0 0 1 0 1 1 0 0 0 0 0 0
260	12	1 1 1 1 0 1 1 0 0 1 1 0 0 0 0 0
260	11	1 1 1 1 0 1 1 0 0 0 1 0 0 0 0 0
260	6	1 0 1 1 0 0 1 0 1 1 0 1 0 0 1 0
260	30	1 1 0 1 1 1 0 0 0 1 1 0 0 0 0 0
260	9	1 1 1 1 0 1 1 0 0 1 0 0 1 0 0 0
260	1	1 0 1 1 0 0 1 0 0 1 0 0 0 0 0 0
260	2	1 1 0 1 0 1 0 0 0 0 1 1 0 1 0 0
260	4	1 1 0 1 0 0 1 0 0 1 0 0 0 0 0 0
260	18	1 1 1 1 0 1 1 1 0 1 1 1 0 0 0 0
260	13	1 1 1 0 0 0 0 0 0 1 0 0 0 0 0 0
260	6	1 1 0 1 0 1 1 0 0 1 0 0 0 0 0 0
260	4	1 1 0 1 0 0 0 0 0 0 1 0 0 0 0 0
260	7	0 1 1 1 0 1 1 1 0 0 0 1 0 0 0 0
260	2	1 1 0 1 0 1 0 0 0 1 0 0 0 0 0 0
260	4	1 0 1 1 0 1 1 0 0 1 0 0 0 0 0 0
260	2	1 1 1 1 0 0 1 0 0 1 0 1 0 0 0 0
260	13	0 1 1 1 1 1 1 0 0 1 1 0 0 0 0 0
260	9	0 1 1 1 0 0 0 0 0 1 1 0 0 0 0 0
260	1	1 0 1 0 0 0 1 0 0 1 0 0 1 0 0 0
260	1	0 1 1 1 0 0 1 0 1 1 0 0 0 0 1 0
260	5	1 1 1 1 0 1 1 0 0 1 0 0 0 0 1 0
260	4	1 1 1 1 1 1 1 0 0 1 0 1 0 0 0 0
260	1	1 1 1 1 1 0 1 0 0 0 1 0 0 0 0 0
260	4	1 1 1 0 0 1 1 0 0 1 1 0 0 0 0 0
260	2	1 1 1 1 0 0 1 0 0 1 1 0 1 0 0 0
260	4	0 1 0 1 0 1 1 0 0 1 1 0 0 0 0 0
260	1	1 1 1 1 0 0 1 1 0 0 1 0 0 0 0 0
260	1	1 1 1 1 0 0 0 0 0 0 0 1 1 0 0 0
260	1	1 0 1 0 0 1 1 0 0 1 1 0 0 0 0 0
260	19	0 1 1 0 0 0 1 0 0 1 0 0 0 0 0 0
260	8	1 1 0 1 1 1 1 0 0 1 0 0 0 0 0 0
260	2	1 1 1 1 0 0 0 0 0 1 0 0 0 0 0 0
260	1	1 1 1 1 0 0 0 0 0 1 1 0 0 0 1 0
260	2	1 1 1 1 1 0 1 1 0 0 1 0 0 0 0 0
260	1	1 1 1 1 1 1 0 0 0 1 1 0 0 0 0 0
260	5	1 1 1 1 0 0 1 0 1 1 1 0 0 0 0 0
260	3	1 1 1 1 1 1 1 0 0 0 1 0 0 0 0 1
260	2	1 1 1 1 0 1 1 0 0 1 0 0 1 0 1 0
260	1	1 1 1 1 0 1 0 0 0 0 0 0 0 0 0 0
260	1	1 1 1 1 0 0 1 0 0 0 1 1 0 1 0 0
260	5	1 1 1 1 0 0 1 0 1 0 0 0 0 0 0 0
260	3	1 1 1 1 1 0 1 0 0 1 0 0 0 1 0 0
260	2	1 1 1 0 1 0 1 1 0 0 0 0 0 0 0 0
260	2	1 1 1 1 1 1 1 1 0 0 1 1 0 0 0 0
260	3	1 1 0 1 0 1 0 0 0 1 0 0 1 0 0 0
260	3	1 0 1 1 0 1 0 0 0 1 1 0 0 0 0 0
260	3	0 1 1 1 0 0 1 0 1 1 0 0 0 0 0 0
260	1	1 1 1 1 1 0 1 0 0 1 1 0 0 0 0 0
260	1	1 1 1 1 0 0 1 0 0 1 0 0 0 0 0 1
260	1	1 1 1 1 0 0 1 1 0 0 0 0 0 0 0 0
260	2	1 1 1 1 1 1 1 0 0 0 0 0 0 0 0 0
260	3	1 1 1 1 1 0 1 0 1 1 0 0 0 0 0 0
260	1	1 0 1 1 0 0 1 0 0 1 1 0 0 0 0 0
260	2	0 1 1 1 0 1 1 0 0 0 0 1 0 0 1 0
260	1	1 1 1 1 0 1 1 0 0 0 0 0 0 0 0 0
260	2	1 1 1 1 1 1 1 1 0 0 1 0 0 0 0 0
260	1	1 0 1 1 0 0 1 1 0 1 0 0 0 0 0 0
260	2	1 1 1 1 0 0 1 0 0 1 0 0 1 0 0 1
260	3	0 0 1 1 0 0 1 0 1 1 0 0 0 0 1 0
260	2	0 1 0 1 0 1 1 0 0 1 1 0 0 0 1 0
280	41	1 0 1 1 0 0 1 0 0 0 0 0 0 0 0 0
280	3	1 1 1 1 0 0 1 0 0 0 0 0 0 0 0 0
280	27	1 1 1 1 0 0 1 0 0 1 1 0 0 0 0 0
280	71	1 1 1 1 0 0 1 0 0 1 0 0 0 0 0 0
280	50	1 1 1 1 1 0 1 0 0 1 0 0 0 0 0 0
280	14	0 1 1 1 0 1 1 0 0 0 0 1 0 0 0 0
280	150	1 1 1 1 0 1 1 0 0 1 0 0 0 0 0 0
280	2	1 1 1 1 0 1 0 0 0 0 1 0 0 0 0 0
280	13	0 1 1 1 1 1 1 0 0 0 0 0 0 0 0 0
280	26	1 1 1 1 1 1 1 0 0 0 1 0 0 0 0 0
280	22	1 1 1 1 1 0 1 1 0 0 0 0 0 0 0 0
280	19	0 1 1 1 0 1 1 0 0 1 1 0 0 0 0 0
280	21	1 1 1 1 0 0 0 0 0 1 1 0 0 0 0 0
280	21	0 1 1 1 1 1 1 0 0 1 0 0 0 0 0 0
280	8	0 1 1 1 0 1 0 0 0 1 0 0 0 0 0 0
280	29	1 1 1 1 0 1 1 0 1 1 0 0 0 0 0 0
280	28	1 0 1 1 0 1 0 0 0 0 1 1 0 1 0 0
280	5	1 1 1 1 0 1 1 0 0 1 1 0 0 0 0 0
280	32	1 1 0 1 1 1 0 0 0 1 1 0 0 0 0 0
280	15	1 1 1 1 0 1 1 0 0 1 0 0 1 0 0 0
280	7	1 0 1 1 0 0 1 0 0 1 0 0 0 0 0 0
280	15	1 1 0 1 0 0 1 0 0 1 0 0 0 0 0 0
280	10	1 1 1 1 0 1 1 1 0 1 1 1 0 0 0 0
280	9	1 1 1 0 0 0 0 0 0 1 0 0 0 0 0 0
280	17	1 1 0 1 0 1 1 0 0 1 0 0 0 0 0 0
280	5	1 0 1 1 0 1 1 0 0 1 0 0 0 0 0 0
280	27	1 1 1 1 0 0 1 0 0 1 0 1 0 0 0 0
280	28	0 1 1 0 0 0 1 0 0 1 0 0 0 0 0 0
280	2	1 1 1 1 0 0 0 0 0 1 0 0 0 0 0 0
280	7	1 1 1 0 1 0 1 1 0 0 0 0 0 0 0 0
280	20	1 1 1 1 1 1 1 0 0 0 0 0 0 0 0 0
280	7	0 1 1 1 0 1 1 0 0 0 0 1 0 0 1 0
280	3	1 1 1 1 1 0 1 0 0 1 0 1 0 0 0 0
280	9	0 1 1 1 0 0 0 0 0 1 1 0 1 0 0 0
280	1	0 1 1 0 0 0 1 0 0 0 0 0 0 0 0 0
280	6	1 1 1 1 1 1 1 0 0 1 0 0 0 0 0 0
280	5	1 0 1 1 0 1 0 0 0 0 1 0 0 0 0 0
280	8	0 0 1 1 0 0 1 0 0 0 0 0 0 0 0 0
280	2	1 1 1 1 0 1 1 1 0 1 1 0 0 0 0 0
280	1	1 1 1 1 0 0 0 0 0 1 0 0 1 0 0 0
280	13	1 1 0 1 0 0 0 0 0 1 1 0 0 0 0 0
280	13	1 1 1 1 1 0 1 0 0 1 0 0 1 0 0 0
280	4	1 1 1 0 0 1 1 0 1 1 0 0 0 0 0 0
280	9	0 0 0 1 1 1 0 0 0 1 1 0 0 0 0 0
280	7	1 1 1 1 0 0 1 0 0 0 0 0 0 1 0 0
280	7	1 1 1 1 1 0 1 0 0 1 0 0 0 0 0 1
280	8	1 1 1 1 0 1 1 1 0 1 0 0 0 0 0 0
280	1	1 1 1 1 1 0 1 1 0 0 0 0 0 0 0 1
280	8	1 1 1 1 1 1 0 0 0 1 1 0 0 0 0 0
280	3	1 1 1 1 0 0 1 0 0 0 1 0 0 0 0 0
280	6	1 1 1 0 0 0 1 0 0 1 0 0 0 0 0 0
280	7	1 1 1 1 0 1 1 0 0 1 0 1 0 0 0 0
280	2	1 0 1 1 0 1 0 0 0 0 1 1 0 0 0 0
280	15	1 1 0 1 0 1 1 0 0 1 0 0 1 0 0 0
280	8	0 1 1 1 0 0 1 1 1 1 0 0 0 0 0 0
280	1	0 1 1 1 0 1 1 0 0 1 1 0 1 0 0 0
280	1	1 0 1 1 0 0 1 0 1 1 0 0 0 0 0 0
280	2	1 1 1 1 0 0 1 0 0 0 1 0 0 0 0 1
280	1	1 1 1 1 0 1 1 0 0 0 0 1 0 0 0 0
280	4	1 1 1 1 0 0 1 1 0 1 0 0 0 0 0 0
280	3	1 1 0 1 0 1 1 0 0 1 0 1 0 0 0 0
280	8	1 0 1 1 1 1 1 0 0 0 1 1 0 0 0 0
280	4	1 1 1 1 1 1 1 0 0 0 1 0 1 0 0 0
280	8	0 0 0 1 1 1 0 0 0 1 0 0 0 0 0 0
280	1	0 1 1 1 1 1 1 0 0 0 0 0 0 0 0 1
280	7	1 1 0 1 0 1 0 0 0 1 1 0 0 0 0 0
280	2	1 1 1 1 0 0 1 0 0 1 0 1 0 0 0 1
280	2	0 0 0 1 0 1 0 0 0 1 1 0 0 0 0 0
280	1	1 1 1 1 1 0 1 0 0 1 0 0 0 0 1 0
280	1	1 1 1 1 0 1 0 0 0 1 0 0 0 0 0 0
280	1	0 1 1 0 0 0 1 0 0 1 0 0 1 0 0 0
280	1	1 1 1 1 0 0 0 0 0 0 0 0 0 0 0 0
280	4	1 1 1 1 0 0 0 0 0 0 1 1 0 1 0 0
280	1	1 1 1 0 0 1 0 0 0 0 1 0 0 0 0 0
280	4	1 1 1 1 0 0 1 0 0 1 0 0 0 1 0 0
280	2	1 1 1 1 0 0 1 0 0 1 0 0 1 0 0 0
280	3	1 1 0 1 0 0 1 0 0 1 0 1 0 0 0 0
280	4	0 1 1 1 0 1 1 0 0 0 1 1 0 0 1 0
280	3	1 1 1 1 0 0 0 0 1 1 0 0 1 0 0 0
280	1	0 0 1 1 0 0 1 0 0 1 0 0 0 0 0 0
280	2	1 1 1 1 1 0 1 0 0 0 0 0 0 0 0 0
280	3	1 1 1 0 1 0 1 0 0 1 0 0 0 0 0 0
280	1	1 1 1 1 0 1 1 0 0 1 0 0 0 1 0 0
280	4	1 1 1 1 1 1 1 0 1 0 1 0 0 0 0 0
280	2	1 0 1 1 0 0 0 0 0 1 1 0 0 0 0 0
280	1	0 0 0 1 1 1 0 0 0 1 0 0 0 0 0 1
280	3	1 1 1 0 0 1 0 1 0 0 1 0 0 0 0 0
280	1	1 1 1 1 0 1 0 0 0 0 1 1 0 1 0 0
280	3	1 1 0 1 0 1 1 0 0 0 1 1 0 0 0 0
280	2	1 1 1 1 0 0 1 0 1 1 0 0 0 0 0 0
280	2	1 1 1 1 1 0 1 1 0 1 0 0 0 0 0 0
280	2	0 1 1 1 0 0 1 0 0 0 0 1 0 0 0 0
280	2	1 1 1 0 0 1 1 0 0 1 0 0 0 0 0 0
280	3	1 1 1 1 1 1 1 0 0 0 0 0 0 0 0 1
280	1	0 0 1 1 0 0 1 0 0 0 0 0 0 1 0 0
280	1	0 1 1 1 0 0 1 0 0 1 1 0 0 0 0 0
300	18	1 0 1 1 0 0 1 0 0 0 0 0 0 0 0 0
300	48	1 1 1 1 0 0 1 0 0 1 0 0 0 0 0 0
300	2	1 1 1 1 1 0 1 0 0 1 0 0 0 0 0 0
300	1	0 1 1 1 0 1 1 0 0 0 0 1 0 0 0 0
300	163	1 1 1 1 0 1 1 0 0 1 0 0 0 0 0 0
300	8	0 1 1 1 1 1 1 0 0 0 0 0 0 0 0 0
300	1	1 1 1 1 1 1 1 0 0 0 1 0 0 0 0 0
300	17	1 1 1 1 1 0 1 1 0 0 0 0 0 0 0 0
300	33	1 1 1 1 0 0 0 0 0 1 1 0 0 0 0 0
300	43	0 1 1 1 1 1 1 0 0 1 0 0 0 0 0 0
300	47	1 1 1 1 0 1 1 0 1 1 0 0 0 0 0 0
300	2	1 0 1 1 0 1 0 0 0 0 1 1 0 1 0 0
300	10	1 1 0 1 1 1 0 0 0 1 1 0 0 0 0 0
300	16	1 1 1 1 0 1 1 0 0 1 0 0 1 0 0 0
300	27	1 1 0 1 0 0 1 0 0 1 0 0 0 0 0 0
300	20	1 1 1 1 0 1 1 1 0 1 1 1 0 0 0 0
300	17	1 1 0 1 0 1 1 0 0 1 0 0 0 0 0 0
300	27	1 1 1 1 0 0 1 0 0 1 0 1 0 0 0 0
300	27	0 1 1 0 0 0 1 0 0 1 0 0 0 0 0 0
300	13	1 1 1 1 0 0 0 0 0 1 0 0 0 0 0 0
300	20	1 1 1 1 1 1 1 0 0 0 0 0 0 0 0 0
300	16	1 1 1 1 1 0 1 0 0 1 0 0 1 0 0 0
300	10	1 1 1 1 0 0 1 0 0 0 0 0 0 1 0 0
300	4	1 1 0 1 0 1 1 0 0 1 0 0 1 0 0 0
300	2	0 1 1 1 0 1 1 0 0 1 1 0 1 0 0 0
300	13	1 1 1 1 0 0 1 1 0 1 0 0 0 0 0 0
300	7	0 0 0 1 1 1 0 0 0 1 0 0 0 0 0 0
300	2	1 1 1 1 0 0 1 0 0 1 0 1 0 0 0 1
300	7	1 1 1 1 0 0 0 0 0 0 0 0 0 0 0 0
300	4	1 1 1 1 0 0 1 0 0 1 0 0 0 1 0 0
300	33	1 1 1 1 1 1 1 0 1 0 1 0 0 0 0 0
300	3	1 1 1 1 1 0 1 1 0 1 0 0 0 0 0 0
300	1	1 1 1 0 0 1 1 0 0 1 0 0 0 0 0 0
300	12	0 1 1 1 0 1 1 0 0 1 0 0 0 0 0 0
300	17	1 1 1 1 0 1 1 0 0 0 0 0 0 0 0 0
300	24	1 1 1 1 0 1 0 0 1 1 0 0 0 0 0 0
300	6	1 1 1 1 0 1 0 0 0 0 1 1 0 1 0 0
300	4	0 1 1 1 0 1 1 0 0 1 1 1 0 0 1 0
300	22	1 1 1 1 0 1 0 0 0 1 0 0 0 0 0 0
300	30	1 1 1 1 0 0 0 0 0 1 1 0 1 0 0 0
300	1	1 0 0 1 0 1 1 0 0 1 0 0 1 0 0 0
300	15	1 1 1 1 1 1 1 0 0 0 1 0 1 0 1 0
300	3	1 1 1 1 1 0 1 1 0 0 0 0 1 0 0 0
300	6	0 0 1 0 0 0 1 0 0 1 0 0 0 0 0 0
300	6	1 1 1 1 1 1 1 1 0 0 0 0 0 0 0 0
300	1	1 1 1 1 0 0 1 1 0 0 0 0 0 0 0 0
300	6	1 0 1 1 0 1 1 0 0 1 0 0 0 0 0 0
300	1	1 1 1 1 0 0 0 0 0 1 1 0 0 1 0 0
300	23	1 1 0 1 1 1 1 0 0 1 1 0 0 0 0 0
300	3	1 1 1 1 0 1 1 0 0 0 0 0 0 1 0 0
300	2	1 1 0 1 0 1 0 0 0 1 0 0 0 0 0 0
300	5	1 1 1 1 0 1 1 0 0 1 0 1 0 0 0 0
300	8	1 1 1 0 0 0 0 0 0 1 1 0 0 0 0 0
300	2	0 1 1 0 0 0 1 0 0 1 1 0 0 0 0 0
300	4	1 0 1 1 0 1 0 0 1 0 1 0 0 0 0 0
300	11	1 1 1 1 0 0 1 0 0 0 0 0 0 0 0 0
300	11	1 1 1 1 0 1 0 0 1 1 0 0 0 0 0 1
300	3	1 0 0 1 0 1 1 0 0 1 0 0 0 0 0 0
300	3	1 1 1 1 0 1 1 0 0 1 0 0 0 0 1 0
300	19	1 1 1 1 0 0 0 0 1 1 1 0 0 0 0 0
300	5	1 1 1 1 0 1 1 0 1 1 0 1 0 0 0 0
300	1	0 1 1 1 1 1 1 0 0 0 1 0 0 0 0 0
300	3	1 1 1 1 1 0 1 1 0 1 0 1 0 0 0 0
300	5	0 0 1 1 0 1 1 0 0 1 0 0 0 0 0 0
300	6	0 1 1 0 0 0 1 1 0 1 0 0 0 0 0 0
300	10	1 1 1 1 0 1 0 0 0 1 0 0 0 0 0 1
300	3	0 1 1 1 1 1 1 0 0 0 0 0 0 0 0 1
300	3	0 1 1 1 0 0 1 0 0 1 0 1 0 0 0 0
300	3	1 1 1 1 0 1 1 0 1 1 0 0 1 0 0 0
300	1	1 1 1 0 0 0 1 0 0 1 0 1 0 0 0 0
300	2	0 1 1 1 0 0 1 0 0 1 0 0 0 0 0 0
300	1	1 1 1 1 0 1 0 0 0 1 1 0 0 0 0 0
300	4	1 1 1 1 1 0 1 1 0 1 0 0 1 0 0 0
300	2	1 1 1 0 0 0 1 0 0 1 0 0 0 0 0 0
300	2	1 1 0 1 0 0 0 0 0 1 0 0 0 0 0 0
300	5	1 1 1 1 0 1 1 1 0 0 1 1 0 0 0 0
300	3	1 1 0 1 1 1 1 0 0 1 0 0 0 0 0 0
300	1	0 0 0 1 0 1 1 0 0 1 0 0 1 0 0 0
300	1	1 1 1 1 0 0 1 0 0 1 0 0 0 0 1 0
300	2	0 0 1 1 0 0 1 0 0 0 0 0 0 1 0 0
300	1	1 1 1 1 1 1 1 1 1 0 1 0 0 0 0 0
300	1	1 1 0 0 1 1 1 0 0 1 1 0 0 0 0 0
300	2	1 1 1 1 1 0 0 1 0 1 1 0 0 0 0 0
300	2	1 1 1 1 0 0 0 0 0 1 1 0 0 0 0 1
300	2	1 1 0 1 1 1 1 0 0 1 0 0 0 1 0 0
300	5	1 1 1 1 0 0 1 0 1 1 0 0 0 0 0 0
300	3	1 1 1 1 1 0 1 1 0 0 1 0 0 0 0 0
300	1	0 1 1 1 0 0 0 0 0 1 1 0 0 0 0 0
300	1	0 1 1 0 0 0 1 0 0 1 0 0 0 0 1 0
300	2	1 1 1 1 0 0 1 0 0 1 0 0 1 0 0 0
300	1	1 1 1 1 0 1 1 0 0 0 0 0 1 0 0 0
300	1	0 1 1 1 0 1 1 0 0 0 0 0 0 0 0 0
300	1	1 1 0 1 1 0 1 1 0 0 0 0 1 0 0 0
300	1	1 1 1 1 0 0 0 0 0 1 1 1 0 1 0 0
300	3	0 1 1 1 1 1 1 0 0 1 0 0 1 1 0 0
320	40	1 1 1 1 0 0 1 0 0 1 0 0 0 0 0 0
320	51	1 1 1 1 1 0 1 0 0 1 0 0 0 0 0 0
320	104	1 1 1 1 0 1 1 0 0 1 0 0 0 0 0 0
320	8	0 1 1 1 1 1 1 0 0 0 0 0 0 0 0 0
320	32	1 1 1 1 1 0 1 1 0 0 0 0 0 0 0 0
320	27	1 1 1 1 0 0 0 0 0 1 1 0 0 0 0 0
320	21	0 1 1 1 1 1 1 0 0 1 0 0 0 0 0 0
320	28	1 1 1 1 0 1 1 0 1 1 0 0 0 0 0 0
320	7	1 1 0 1 1 1 0 0 0 1 1 0 0 0 0 0
320	1	1 1 1 1 0 1 1 0 0 1 0 0 1 0 0 0
320	7	1 1 0 1 0 0 1 0 0 1 0 0 0 0 0 0
320	12	1 1 1 1 0 1 1 1 0 1 1 1 0 0 0 0
320	2	1 1 0 1 0 1 1 0 0 1 0 0 0 0 0 0
320	60	1 1 1 1 0 0 1 0 0 1 0 1 0 0 0 0
320	8	0 1 1 0 0 0 1 0 0 1 0 0 0 0 0 0
320	21	1 1 1 1 0 0 0 0 0 1 0 0 0 0 0 0
320	60	1 1 1 1 1 1 1 0 0 0 0 0 0 0 0 0
320	4	1 1 1 1 1 0 1 0 0 1 0 0 1 0 0 0
320	13	1 1 1 1 0 0 1 1 0 1 0 0 0 0 0 0
320	11	1 1 1 1 1 1 1 0 1 0 1 0 0 0 0 0
320	43	0 1 1 1 0 1 1 0 0 1 0 0 0 0 0 0
320	20	1 1 1 1 0 1 0 0 0 1 0 0 0 0 0 0
320	5	1 1 1 1 0 0 0 0 0 1 1 0 1 0 0 0
320	1	1 1 1 1 1 1 1 0 0 0 1 0 1 0 1 0
320	2	0 0 1 0 0 0 1 0 0 1 0 0 0 0 0 0
320	16	1 1 0 1 1 1 1 0 0 1 1 0 0 0 0 0
320	13	1 1 1 1 0 1 1 0 0 1 0 1 0 0 0 0
320	29	1 1 1 1 0 0 1 0 0 0 0 0 0 0 0 0
320	7	1 1 1 1 0 1 0 0 1 1 0 0 0 0 0 1
320	15	1 0 0 1 0 1 1 0 0 1 0 0 0 0 0 0
320	3	0 1 1 1 1 1 1 0 0 0 1 0 0 0 0 0
320	5	0 0 1 1 0 1 1 0 0 1 0 0 0 0 0 0
320	1	1 1 1 1 0 1 0 0 0 1 0 0 0 0 0 1
320	47	1 1 1 0 0 0 1 0 0 1 0 0 0 0 0 0
320	12	1 1 1 1 0 1 1 1 0 0 1 1 0 0 0 0
320	8	1 1 0 1 1 1 1 0 0 1 0 0 0 0 0 0
320	9	1 1 0 0 1 1 1 0 0 1 1 0 0 0 0 0
320	14	1 1 0 1 1 1 1 0 0 1 0 0 0 1 0 0
320	35	1 1 1 1 0 0 1 0 1 1 0 0 0 0 0 0
320	1	1 1 1 1 1 0 0 0 0 1 0 0 0 0 0 0
320	8	1 1 0 1 1 1 0 0 1 1 1 0 0 0 0 0
320	3	1 1 1 1 0 0 1 0 1 1 0 1 0 0 0 0
320	12	1 1 1 1 1 0 1 0 1 1 0 0 1 0 0 0
320	4	0 1 1 1 0 1 1 0 0 1 0 0 0 0 0 1
320	14	1 1 1 1 1 1 1 0 0 1 0 0 0 0 0 0
320	10	1 1 0 1 0 1 1 0 0 0 0 0 0 0 0 0
320	7	1 1 1 1 0 0 0 0 0 0 0 1 0 0 0 0
320	6	1 1 1 1 0 1 1 1 0 0 1 1 0 0 1 0
320	4	1 1 1 1 0 0 1 1 1 1 0 0 0 0 0 0
320	5	1 1 0 1 0 1 1 0 0 1 0 0 0 1 0 0
320	4	0 1 1 1 1 1 1 0 0 1 0 1 0 0 0 0
320	4	0 1 1 1 1 1 1 0 0 1 0 0 0 0 1 0
320	25	1 1 1 1 0 1 1 0 0 0 0 0 0 0 0 0
320	1	1 1 0 0 0 0 1 0 0 1 0 0 0 0 0 0
320	2	1 1 0 1 1 1 1 0 0 1 0 0 0 1 1 0
320	3	1 1 1 1 1 0 1 0 0 0 0 0 0 0 0 0
320	3	0 1 1 1 0 0 1 0 0 1 0 1 0 0 0 0
320	3	1 0 1 1 0 1 1 0 0 1 0 1 0 0 0 0
320	1	1 0 0 1 1 1 1 0 0 1 0 0 0 0 0 0
320	1	1 1 1 1 0 0 0 0 0 0 0 0 0 0 1 1
320	1	1 1 0 1 1 0 0 0 0 1 0 0 0 0 0 0
320	1	1 1 1 1 0 0 1 1 1 1 0 0 0 0 0 1
320	3	1 1 1 1 0 1 0 0 1 1 0 0 0 0 0 0
320	2	1 1 1 1 0 0 1 0 0 1 0 0 0 0 0 1
320	5	1 1 1 1 0 1 0 0 1 1 0 0 0 0 1 1
320	4	0 1 1 1 1 1 1 0 0 1 1 0 0 0 0 0
320	8	1 1 1 1 1 0 1 0 0 1 1 0 1 0 0 0
320	2	1 1 1 1 0 1 0 1 0 1 0 0 0 0 0 0
320	1	1 1 0 1 0 1 1 0 0 1 0 0 1 1 0 0
320	6	0 1 1 1 0 1 0 0 1 1 0 0 0 0 0 0
320	5	0 1 1 1 1 0 1 0 0 1 0 0 0 0 0 0
320	3	1 1 0 1 1 1 0 0 0 0 1 0 0 0 0 0
320	1	1 1 1 1 0 0 1 0 0 0 0 0 0 0 1 0
320	1	1 1 1 1 1 0 1 1 1 1 0 0 0 0 0 0
320	4	1 1 1 1 0 0 1 1 0 1 0 0 0 0 1 0
320	3	1 1 1 1 1 1 0 0 1 1 1 0 0 0 0 0
320	1	1 1 1 1 1 0 1 1 0 0 0 1 0 0 0 0
320	1	0 1 1 1 1 1 1 0 0 1 0 0 1 0 0 0
320	1	1 1 1 1 0 0 1 1 0 1 0 1 0 0 0 0
320	1	1 1 1 1 0 0 1 0 0 1 0 1 0 0 1 0
320	1	1 1 1 1 1 1 1 1 0 0 0 0 0 0 0 0
320	3	1 1 1 1 0 1 1 1 0 0 1 1 0 0 0 1
320	3	0 1 1 1 0 0 1 1 0 1 0 0 0 0 0 0
320	3	1 1 1 1 0 0 1 0 0 0 0 0 1 0 0 0
320	1	1 1 1 1 1 0 0 0 0 1 1 0 0 0 0 0
320	2	1 1 1 1 1 0 1 1 0 0 0 0 0 0 1 0
320	1	1 1 1 1 1 0 1 1 0 0 0 0 0 1 0 0
320	1	1 1 0 1 0 1 0 0 0 1 0 0 0 0 0 0
320	1	1 1 0 1 0 1 1 0 0 1 0 0 0 0 1 0
320	2	1 1 1 1 1 0 1 1 0 1 0 0 1 0 0 0
320	1	1 1 1 1 0 1 1 1 0 1 0 1 0 0 0 0
320	1	0 0 1 1 0 0 1 0 0 1 0 0 0 0 0 0
320	2	1 0 1 1 1 1 1 0 0 1 0 0 0 0 0 0
320	1	1 1 1 1 0 0 1 0 1 1 1 0 0 1 0 0
340	33	1 1 1 1 0 0 1 0 0 1 0 0 0 0 0 0
340	58	1 1 1 1 1 0 1 0 0 1 0 0 0 0 0 0
340	108	1 1 1 1 0 1 1 0 0 1 0 0 0 0 0 0
340	49	1 1 1 1 1 0 1 1 0 0 0 0 0 0 0 0
340	54	1 1 1 1 0 0 0 0 0 1 1 0 0 0 0 0
340	8	0 1 1 1 1 1 1 0 0 1 0 0 0 0 0 0
340	25	1 1 1 1 0 1 1 0 1 1 0 0 0 0 0 0
340	25	1 1 1 1 0 0 1 0 0 1 0 1 0 0 0 0
340	73	1 1 1 1 1 1 1 0 0 0 0 0 0 0 0 0
340	18	1 1 1 1 0 0 1 1 0 1 0 0 0 0 0 0
340	33	0 1 1 1 0 1 1 0 0 1 0 0 0 0 0 0
340	4	1 1 1 1 0 1 0 0 0 1 0 0 0 0 0 0
340	34	1 1 0 1 1 1 1 0 0 1 1 0 0 0 0 0
340	48	1 1 1 1 0 1 1 0 0 1 0 1 0 0 0 0
340	26	1 1 1 1 0 0 1 0 0 0 0 0 0 0 0 0
340	27	1 1 1 1 0 1 0 0 1 1 0 0 0 0 0 1
340	1	0 0 1 1 0 1 1 0 0 1 0 0 0 0 0 0
340	40	1 1 1 0 0 0 1 0 0 1 0 0 0 0 0 0
340	16	1 1 1 1 0 1 1 1 0 0 1 1 0 0 0 0
340	7	1 1 0 1 1 1 1 0 0 1 0 0 0 0 0 0
340	11	1 1 0 0 1 1 1 0 0 1 1 0 0 0 0 0
340	15	1 1 1 1 0 0 1 0 1 1 0 0 0 0 0 0
340	2	1 1 1 1 1 0 0 0 0 1 0 0 0 0 0 0
340	13	1 1 1 1 1 0 1 0 1 1 0 0 1 0 0 0
340	3	1 1 1 1 1 1 1 0 0 1 0 0 0 0 0 0
340	12	1 1 1 1 0 1 1 1 0 0 1 1 0 0 1 0
340	25	1 1 1 1 0 0 1 1 1 1 0 0 0 0 0 0
340	7	1 1 1 1 0 1 1 0 0 0 0 0 0 0 0 0
340	20	0 1 1 1 0 0 1 0 0 1 0 1 0 0 0 0
340	2	1 1 1 1 0 0 1 0 0 1 0 0 0 0 0 1
340	5	0 1 1 1 1 1 1 0 0 1 1 0 0 0 0 0
340	11	1 1 1 1 1 0 1 0 0 1 1 0 1 0 0 0
340	3	1 1 0 1 1 1 0 0 0 0 1 0 0 0 0 0
340	6	1 1 1 1 0 1 1 1 0 0 1 1 0 0 0 1
340	8	1 1 1 1 1 0 0 0 0 1 1 0 0 0 0 0
340	5	1 1 1 1 1 0 1 0 1 1 0 0 0 0 0 0
340	10	1 1 0 1 0 1 0 0 0 1 0 0 0 0 0 0
340	2	1 1 1 0 1 0 1 0 0 1 0 0 0 0 0 0
340	3	1 1 1 1 0 0 0 0 0 1 0 1 0 0 0 0
340	10	1 1 0 1 1 1 1 0 0 0 1 0 0 0 0 0
340	3	1 1 0 1 1 0 1 0 0 1 0 0 0 0 1 0
340	15	1 1 0 1 1 1 1 0 0 0 0 0 0 0 0 0
340	8	1 1 1 1 1 0 1 0 0 1 0 0 0 0 0 1
340	6	1 1 1 1 0 1 1 1 0 1 0 0 0 0 0 0
340	1	1 1 0 1 0 0 1 0 1 1 0 0 0 0 0 1
340	6	1 1 1 1 0 0 1 0 0 1 0 0 0 0 1 0
340	3	1 1 1 1 0 1 1 0 0 1 0 0 0 0 0 1
340	2	1 1 0 1 0 0 0 0 0 1 1 0 0 0 0 0
340	4	1 1 0 1 1 1 0 0 0 1 1 0 0 0 1 0
340	1	1 1 1 1 0 0 0 1 0 1 0 0 0 0 0 0
340	2	1 1 1 0 0 0 1 0 0 1 1 0 0 0 0 0
340	3	1 1 1 0 0 0 1 0 0 1 0 1 0 0 0 0
340	4	1 1 1 1 1 0 1 1 0 1 0 0 0 0 0 0
340	7	0 1 0 1 1 1 1 0 0 1 1 0 0 0 0 0
340	3	1 1 0 1 0 0 0 0 0 0 1 0 0 0 0 0
340	2	1 1 1 1 0 0 0 0 0 1 1 0 0 0 0 1
340	4	0 1 1 0 0 1 1 0 0 1 0 0 0 0 0 0
340	3	0 1 0 1 1 1 1 0 0 0 1 0 0 0 0 0
340	4	1 1 1 1 1 0 1 0 0 0 0 0 0 0 0 0
340	2	1 1 1 1 0 0 1 0 1 1 0 0 0 1 0 0
340	1	1 1 1 1 0 0 1 1 1 0 0 0 0 0 0 0
340	4	1 1 1 1 1 1 1 0 0 1 0 1 0 0 0 0
340	2	1 1 1 1 1 0 1 1 0 0 0 0 0 0 0 1
340	4	1 1 1 1 1 0 1 0 0 1 0 0 0 0 1 0
340	4	1 1 1 0 0 1 1 0 1 1 0 0 0 0 0 0
340	2	1 1 1 1 1 0 0 0 0 1 0 0 1 0 0 0
340	2	1 1 0 1 1 0 1 0 0 1 1 0 1 0 0 0
340	2	1 1 1 1 1 0 1 0 1 1 0 0 0 0 0 1
340	2	1 1 1 1 1 0 1 0 0 0 0 0 0 0 0 1
340	2	1 1 1 1 0 0 0 0 0 0 0 0 0 0 0 0
340	1	1 1 1 1 0 1 0 0 1 1 0 1 0 0 0 0
340	1	1 1 0 1 1 0 1 0 0 1 0 0 0 0 0 0
340	1	1 1 0 1 1 1 1 0 0 0 0 0 1 0 0 0
340	1	0 0 0 1 1 1 1 0 0 1 1 0 0 0 0 0
340	3	1 1 1 1 1 0 1 0 1 0 0 0 0 0 0 1
340	2	1 1 1 1 0 0 1 0 0 0 1 0 0 0 0 0
340	2	1 1 1 0 1 1 1 0 0 0 0 0 0 0 0 0
340	3	1 1 1 1 0 1 0 0 1 1 1 1 0 0 0 0
340	1	1 1 0 1 1 1 0 0 0 1 0 0 0 0 0 0
340	1	1 0 1 1 0 0 1 0 0 1 0 0 0 0 0 0
340	2	1 0 1 1 1 0 1 1 0 0 0 0 0 0 0 0
340	3	1 1 1 1 0 0 0 0 1 1 1 0 0 0 0 0
340	2	1 1 1 1 1 1 1 1 0 0 0 0 0 0 0 0
340	1	0 1 1 1 0 1 1 0 0 1 0 0 1 0 0 0
340	4	0 1 1 1 0 1 1 0 0 1 0 0 0 0 0 1
340	1	1 1 0 1 0 1 1 0 0 1 0 1 0 0 0 0
340	1	1 1 1 1 0 1 0 0 0 1 0 1 0 0 0 0
340	1	1 1 1 0 1 0 1 0 0 1 0 1 0 1 0 0
340	1	0 1 1 0 0 1 1 0 0 1 0 0 1 0 0 0
360	25	1 1 1 1 0 0 1 0 0 1 0 0 0 0 0 0
360	49	1 1 1 1 1 0 1 0 0 1 0 0 0 0 0 0
360	134	1 1 1 1 0 1 1 0 0 1 0 0 0 0 0 0
360	6	1 1 1 1 1 0 1 1 0 0 0 0 0 0 0 0
360	25	1 1 1 1 0 0 0 0 0 1 1 0 0 0 0 0
360	43	1 1 1 1 0 1 1 0 1 1 0 0 0 0 0 0
360	10	1 1 1 1 0 0 1 0 0 1 0 1 0 0 0 0
360	32	1 1 1 1 1 1 1 0 0 0 0 0 0 0 0 0
360	1	0 1 1 1 0 1 1 0 0 1 0 0 0 0 0 0
360	4	1 1 1 1 0 1 0 0 0 1 0 0 0 0 0 0
360	48	1 1 0 1 1 1 1 0 0 1 1 0 0 0 0 0
360	66	1 1 1 1 0 1 1 0 0 1 0 1 0 0 0 0
360	33	1 1 1 1 0 1 0 0 1 1 0 0 0 0 0 1
360	8	1 1 1 0 0 0 1 0 0 1 0 0 0 0 0 0
360	9	1 1 1 1 0 0 1 0 1 1 0 0 0 0 0 0
360	5	1 1 1 1 1 0 0 0 0 1 0 0 0 0 0 0
360	40	1 1 1 1 1 0 1 0 1 1 0 0 1 0 0 0
360	16	1 1 1 1 1 1 1 0 0 1 0 0 0 0 0 0
360	14	1 1 1 1 0 1 1 1 0 0 1 1 0 0 1 0
360	30	1 1 1 1 0 0 1 1 1 1 0 0 0 0 0 0
360	32	0 1 1 1 0 0 1 0 0 1 0 1 0 0 0 0
360	3	0 1 1 1 1 1 1 0 0 1 1 0 0 0 0 0
360	11	1 1 1 1 1 0 1 0 0 1 1 0 1 0 0 0
360	23	1 1 0 1 1 1 0 0 0 0 1 0 0 0 0 0
360	4	1 1 1 1 1 0 0 0 0 1 1 0 0 0 0 0
360	4	1 1 1 1 1 0 1 0 1 1 0 0 0 0 0 0
360	21	1 1 0 1 0 1 0 0 0 1 0 0 0 0 0 0
360	3	1 1 1 0 1 0 1 0 0 1 0 0 0 0 0 0
360	3	1 1 0 1 1 1 1 0 0 0 1 0 0 0 0 0
360	21	1 1 0 1 1 0 1 0 0 1 0 0 0 0 1 0
360	2	1 1 0 1 1 1 1 0 0 0 0 0 0 0 0 0
360	16	1 1 1 1 1 0 1 0 0 1 0 0 0 0 0 1
360	10	1 1 1 1 0 0 1 0 0 1 0 0 0 0 1 0
360	5	1 1 0 1 0 0 0 0 0 1 1 0 0 0 0 0
360	18	1 1 1 1 1 0 1 1 0 1 0 0 0 0 0 0
360	3	1 1 0 1 0 0 0 0 0 0 1 0 0 0 0 0
360	4	1 1 1 1 1 0 1 0 0 0 0 0 0 0 0 0
360	3	1 1 1 1 0 0 1 0 1 1 0 0 0 1 0 0
360	6	1 1 1 1 0 0 0 0 1 1 1 0 0 0 0 0
360	1	0 1 1 1 0 1 1 0 0 1 0 0 1 0 0 0
360	14	1 0 1 1 0 0 1 0 0 0 0 0 0 0 0 0
360	7	0 1 1 1 0 0 1 0 0 1 0 0 0 0 0 1
360	10	0 1 1 1 0 1 1 1 0 1 0 0 0 0 0 0
360	2	1 1 1 1 0 0 0 0 0 1 1 1 0 0 0 0
360	6	1 1 0 1 0 1 1 0 0 1 0 1 0 0 0 0
360	5	1 1 0 1 1 1 1 0 0 1 1 0 0 0 0 1
360	16	1 1 0 1 1 0 1 0 0 1 1 0 0 0 0 0
360	11	1 1 0 1 0 0 0 0 0 0 1 0 1 0 0 0
360	7	1 1 1 1 0 1 1 0 0 1 0 1 0 0 0 1
360	4	1 1 1 1 0 1 1 0 0 0 0 1 0 0 0 0
360	1	1 1 1 1 1 0 1 0 0 1 1 0 0 0 0 1
360	3	1 1 1 1 0 1 1 1 0 0 0 0 0 0 0 0
360	1	1 1 1 1 1 0 1 1 0 0 0 1 0 0 0 0
360	5	1 1 0 1 0 1 1 0 1 1 0 0 0 0 0 0
360	2	1 1 1 1 0 1 1 0 0 1 0 0 0 0 1 0
360	4	1 0 1 1 0 1 1 0 0 0 0 1 0 0 0 0
360	4	1 1 1 1 0 1 1 0 0 1 1 0 0 0 0 0
360	1	1 1 1 1 0 0 1 1 1 1 0 0 0 1 0 0
360	1	0 1 1 0 0 0 1 0 0 1 0 1 0 0 0 0
360	1	0 1 1 1 0 0 1 0 0 0 0 1 0 0 0 0
360	3	1 1 1 1 0 1 1 0 0 1 0 1 1 0 0 0
360	3	1 1 1 1 0 1 1 1 1 0 1 1 0 0 1 0
360	1	1 0 1 1 1 0 1 0 0 1 1 0 1 0 0 0
360	5	0 1 0 1 1 1 1 0 0 0 0 0 0 0 0 0
360	5	1 1 1 1 0 0 1 1 1 1 0 1 0 0 0 0
360	2	1 1 0 1 0 0 1 0 0 1 0 1 0 0 1 0
360	15	1 1 1 1 0 1 1 1 0 1 1 1 0 0 1 0
360	1	1 1 0 1 1 0 1 1 1 1 0 0 0 0 0 0
360	9	1 1 1 1 0 1 1 1 1 1 0 0 0 0 0 0
360	1	1 1 1 1 0 1 1 0 0 1 0 0 0 0 0 1
360	3	1 1 1 1 0 1 1 0 0 1 0 0 0 1 0 0
360	4	1 1 1 1 0 1 0 0 0 1 0 1 0 0 0 0
360	1	0 1 0 1 1 1 1 0 0 0 1 0 0 0 1 0
360	6	1 1 0 1 1 0 1 0 0 1 1 1 1 0 0 0
360	1	1 0 1 1 0 1 1 0 0 1 0 0 0 0 0 0
360	2	1 1 1 1 0 0 1 0 1 1 0 0 0 0 1 0
360	3	1 1 1 1 0 0 0 0 0 0 0 0 0 0 0 0
360	1	1 1 1 1 1 0 1 0 0 1 0 0 0 0 1 0
360	1	1 1 1 1 1 0 0 1 0 0 0 0 0 0 0 0
360	3	0 1 1 1 1 1 1 1 0 0 1 1 0 0 0 0
360	11	1 1 0 1 0 0 1 1 1 1 0 0 0 1 0 0
360	1	1 1 1 1 0 1 1 1 0 1 1 1 0 0 0 0
360	4	1 1 1 1 1 1 0 0 0 0 0 0 0 0 0 0
360	4	1 1 1 1 1 1 1 0 0 1 1 0 0 0 0 0
360	2	1 1 0 1 0 1 0 0 0 1 1 0 0 0 0 0
360	2	1 1 1 1 1 0 1 0 0 1 0 1 0 0 0 0
360	1	1 1 1 1 0 1 1 0 0 0 0 0 0 0 0 0
360	2	1 1 1 1 0 1 1 1 0 1 0 0 0 0 0 0
360	3	1 1 1 0 1 0 0 0 0 1 0 0 0 0 0 0
360	1	1 0 1 1 0 0 1 0 0 0 0 0 0 0 0 1
360	1	1 1 0 1 0 0 0 0 0 0 1 0 1 0 1 0
360	2	0 1 1 0 0 0 1 0 0 1 1 0 0 0 0 0
380	30	1 1 1 1 0 0 1 0 0 1 0 0 0 0 0 0
380	99	1 1 1 1 1 0 1 0 0 1 0 0 0 0 0 0
380	178	1 1 1 1 0 1 1 0 0 1 0 0 0 0 0 0
380	6	1 1 1 1 0 0 0 0 0 1 1 0 0 0 0 0
380	47	1 1 1 1 0 1 1 0 1 1 0 0 0 0 0 0
380	19	1 1 1 1 0 0 1 0 0 1 0 1 0 0 0 0
380	17	1 1 1 1 1 1 1 0 0 0 0 0 0 0 0 0
380	17	1 1 0 1 1 1 1 0 0 1 1 0 0 0 0 0
380	30	1 1 1 1 0 1 1 0 0 1 0 1 0 0 0 0
380	1	1 1 1 1 0 1 0 0 1 1 0 0 0 0 0 1
380	45	1 1 1 1 1 0 1 0 1 1 0 0 1 0 0 0
380	19	1 1 1 1 0 0 1 1 1 1 0 0 0 0 0 0
380	16	0 1 1 1 0 0 1 0 0 1 0 1 0 0 0 0
380	20	1 1 1 1 1 0 1 0 0 1 1 0 1 0 0 0
380	37	1 1 0 1 1 1 0 0 0 0 1 0 0 0 0 0
380	2	1 1 0 1 0 1 0 0 0 1 0 0 0 0 0 0
380	4	1 1 0 1 1 0 1 0 0 1 0 0 0 0 1 0
380	17	1 1 1 1 1 0 1 0 0 1 0 0 0 0 0 1
380	7	1 1 1 1 0 0 1 0 0 1 0 0 0 0 1 0
380	26	1 1 0 1 0 0 0 0 0 0 1 0 0 0 0 0
380	10	1 0 1 1 0 0 1 0 0 0 0 0 0 0 0 0
380	7	1 1 0 1 0 1 1 0 0 1 0 1 0 0 0 0
380	9	1 1 0 1 1 1 1 0 0 1 1 0 0 0 0 1
380	8	1 1 0 1 1 0 1 0 0 1 1 0 0 0 0 0
380	4	1 1 0 1 0 0 0 0 0 0 1 0 1 0 0 0
380	4	1 1 1 1 0 1 1 0 0 1 0 1 0 0 0 1
380	16	1 1 0 1 0 1 1 0 1 1 0 0 0 0 0 0
380	11	1 1 1 1 0 1 1 0 0 1 1 0 0 0 0 0
380	5	0 1 0 1 1 1 1 0 0 0 0 0 0 0 0 0
380	16	1 1 0 1 1 0 1 0 0 1 1 1 1 0 0 0
380	2	0 1 1 1 1 1 1 1 0 0 1 1 0 0 0 0
380	2	0 1 0 1 1 1 1 0 0 1 1 0 0 0 0 0
380	6	1 1 1 1 0 1 1 1 0 1 1 1 0 0 0 0
380	16	1 0 1 1 0 1 1 0 0 1 0 0 0 0 0 0
380	13	1 1 1 1 0 0 0 0 0 1 0 0 0 0 1 0
380	19	1 1 1 1 0 0 0 0 1 1 0 0 0 0 0 0
380	3	1 1 1 1 0 1 1 0 1 0 0 0 0 0 0 0
380	9	1 1 1 1 0 0 1 1 0 1 0 1 0 0 0 0
380	5	1 1 1 1 1 1 1 0 0 0 0 0 0 1 0 0
380	5	1 1 1 1 0 1 1 0 0 1 0 1 0 1 0 0
380	1	1 1 1 0 1 0 1 0 0 1 0 0 0 0 1 0
380	1	1 1 1 1 0 0 1 0 1 1 0 0 0 0 0 0
380	1	1 1 0 1 1 0 1 0 0 1 0 0 0 0 0 0
380	9	1 1 1 1 0 0 1 1 0 0 0 1 0 0 0 0
380	7	1 0 1 1 0 0 1 0 0 1 0 1 0 0 0 0
380	16	1 1 1 1 1 0 1 1 0 1 0 0 1 0 0 0
380	12	1 1 1 0 0 0 1 0 1 1 0 0 0 0 0 0
380	3	1 1 0 1 0 1 0 0 1 1 0 0 0 0 0 0
380	2	1 0 1 1 0 0 0 0 0 1 0 1 0 0 0 0
380	1	1 1 1 1 0 1 1 0 0 1 0 0 0 0 1 0
380	2	1 1 1 1 0 1 1 0 0 1 0 0 1 0 0 0
380	2	1 1 1 1 1 0 1 0 1 1 0 0 1 0 1 0
380	6	1 1 0 1 1 1 0 0 0 1 0 0 0 0 0 0
380	11	1 0 0 1 0 0 0 0 0 0 1 0 0 0 0 0
380	10	1 1 0 1 0 1 0 0 0 0 1 0 0 0 0 0
380	5	0 1 0 1 1 1 1 0 0 0 1 0 0 0 0 0
380	7	1 1 0 1 0 0 1 0 1 1 0 0 1 0 0 0
380	1	1 0 1 1 0 0 1 0 0 1 0 1 0 0 0 1
380	4	1 1 1 1 0 0 1 0 0 1 0 0 1 0 0 0
380	6	1 1 1 1 1 0 1 0 0 1 0 0 1 0 0 0
380	10	1 1 1 1 0 1 1 0 0 0 0 0 0 0 0 0
380	4	1 1 1 1 0 0 1 1 1 1 0 0 0 0 0 1
380	9	0 1 1 1 1 0 1 0 0 0 0 0 0 0 0 0
380	1	1 0 1 1 0 1 1 0 1 1 0 0 0 0 0 0
380	3	1 1 1 1 0 1 1 0 1 1 0 0 1 0 0 0
380	1	1 1 1 1 0 1 1 1 1 1 0 0 0 0 0 0
380	3	1 1 0 1 1 0 0 0 0 1 0 0 0 0 1 0
380	10	1 1 1 1 0 0 1 0 1 1 0 0 0 0 1 0
380	3	1 1 0 1 1 1 0 0 0 1 1 0 0 0 0 1
380	8	1 1 0 1 0 1 1 0 1 1 1 0 0 0 0 0
380	3	1 1 1 0 1 0 1 0 0 1 0 0 0 0 0 0
380	5	1 1 1 1 1 1 1 0 0 1 0 0 0 0 0 0
380	2	1 1 0 1 1 1 0 0 0 1 1 1 0 0 0 1
380	7	1 1 1 1 1 0 0 0 0 1 0 0 0 0 0 0
380	2	1 1 1 1 1 1 1 0 0 0 0 1 0 0 0 0
380	1	1 1 1 1 0 0 1 1 1 1 0 1 0 0 0 0
380	4	1 1 1 1 1 0 1 0 0 1 1 0 1 0 1 0
380	2	1 1 1 1 0 0 0 0 0 0 1 0 0 0 0 0
380	1	1 1 1 1 0 1 1 0 0 0 0 1 0 0 0 0
380	1	1 1 1 1 0 0 1 1 0 0 0 1 0 1 0 0
380	1	1 0 1 1 0 0 1 1 1 1 0 0 0 0 0 1
380	1	1 1 0 0 1 1 1 0 0 1 1 0 0 0 0 1
380	2	1 1 0 1 0 0 1 1 0 0 0 1 0 0 0 0
380	2	1 0 1 1 0 0 0 0 0 0 1 0 0 0 0 0
400	29	1 1 1 1 0 0 1 0 0 1 0 0 0 0 0 0
400	78	1 1 1 1 1 0 1 0 0 1 0 0 0 0 0 0
400	153	1 1 1 1 0 1 1 0 0 1 0 0 0 0 0 0
400	71	1 1 1 1 0 1 1 0 1 1 0 0 0 0 0 0
400	20	1 1 0 1 1 1 1 0 0 1 1 0 0 0 0 0
400	63	1 1 1 1 0 1 1 0 0 1 0 1 0 0 0 0
400	9	1 1 1 1 1 0 1 0 1 1 0 0 1 0 0 0
400	4	1 1 1 1 0 0 1 1 1 1 0 0 0 0 0 0
400	17	0 1 1 1 0 0 1 0 0 1 0 1 0 0 0 0
400	7	1 1 1 1 1 0 1 0 0 1 1 0 1 0 0 0
400	25	1 1 0 1 1 1 0 0 0 0 1 0 0 0 0 0
400	11	1 1 0 1 1 0 1 0 0 1 0 0 0 0 1 0
400	17	1 1 0 1 0 0 0 0 0 0 1 0 0 0 0 0
400	2	1 1 0 1 1 0 1 0 0 1 1 1 1 0 0 0
400	3	0 1 0 1 1 1 1 0 0 1 1 0 0 0 0 0
400	18	1 0 1 1 0 1 1 0 0 1 0 0 0 0 0 0
400	18	1 1 1 1 0 0 0 0 0 1 0 0 0 0 1 0
400	58	1 1 1 1 0 0 0 0 1 1 0 0 0 0 0 0
400	6	1 1 1 1 0 0 1 1 0 1 0 1 0 0 0 0
400	13	1 1 1 1 1 1 1 0 0 0 0 0 0 1 0 0
400	10	1 1 1 1 0 1 1 0 0 1 0 1 0 1 0 0
400	46	1 1 1 0 0 0 1 0 1 1 0 0 0 0 0 0
400	9	1 1 1 1 0 1 1 0 0 1 0 0 1 0 0 0
400	6	1 1 1 1 0 0 1 1 1 1 0 0 0 0 0 1
400	8	0 1 1 1 1 0 1 0 0 0 0 0 0 0 0 0
400	8	1 1 1 1 0 0 1 0 1 1 0 0 0 0 1 0
400	17	1 1 1 0 1 0 1 0 0 1 0 0 0 0 0 0
400	8	1 1 1 1 1 1 1 0 0 1 0 0 0 0 0 0
400	25	1 1 1 1 1 0 1 0 0 1 1 0 1 0 1 0
400	7	1 1 1 1 1 0 1 0 0 0 1 0 0 0 0 0
400	2	1 1 0 1 0 1 0 0 0 0 0 0 0 0 0 0
400	11	1 1 1 0 0 1 1 0 0 1 0 0 0 0 0 0
400	11	1 1 0 1 0 1 0 0 1 1 0 1 0 0 0 0
400	18	0 1 1 1 0 1 1 0 0 1 0 0 0 0 0 0
400	2	1 1 1 0 1 0 1 0 0 1 1 0 1 0 0 0
400	2	1 1 0 1 1 1 0 1 0 0 1 0 0 0 0 0
400	20	0 1 1 1 0 1 1 0 0 1 0 0 1 0 0 0
400	8	0 1 1 1 1 1 1 0 0 0 0 0 0 0 0 0
400	1	1 1 1 1 0 1 0 0 0 1 0 1 0 1 0 0
400	4	1 1 0 1 0 0 1 0 0 1 1 0 0 0 1 0
400	4	1 1 1 1 0 0 1 0 0 1 0 1 0 0 0 0
400	6	1 1 1 1 0 1 1 0 1 0 0 0 0 0 0 0
400	17	1 1 1 1 1 0 1 0 0 0 1 0 0 0 1 0
400	1	1 0 1 1 0 1 1 0 0 1 0 1 0 0 0 0
400	8	1 1 1 1 1 0 1 0 1 1 1 0 0 0 0 1
400	1	1 1 0 1 0 0 0 0 0 0 1 1 0 0 0 0
400	2	1 1 1 1 1 1 1 0 0 0 0 0 0 1 0 1
400	4	1 1 1 0 1 0 1 0 0 1 1 0 0 0 0 0
400	2	0 1 0 1 0 1 0 0 1 1 0 1 0 0 0 0
400	2	1 1 0 1 0 0 0 0 1 1 0 0 0 0 0 0
400	2	1 1 1 1 0 1 1 0 0 1 0 0 0 1 0 0
400	4	1 1 1 1 0 1 1 0 0 1 0 0 0 0 1 0
400	12	1 1 0 1 0 0 0 1 0 0 1 0 0 0 0 0
400	5	1 1 0 1 1 1 1 0 0 0 0 0 0 1 0 0
400	2	1 1 1 1 1 1 0 1 0 0 1 0 0 0 0 0
400	1	1 1 0 1 1 1 0 0 1 1 0 1 0 0 0 0
400	1	1 1 1 1 0 0 0 0 0 1 0 1 0 1 0 0
400	1	1 1 1 1 1 1 0 0 0 0 0 0 0 1 0 1
400	13	0 1 1 1 1 0 1 0 0 1 0 0 0 0 0 0
400	5	1 0 1 1 0 1 1 1 0 1 0 0 0 0 0 0
400	5	1 1 1 1 0 0 0 1 1 1 0 0 0 0 0 0
400	2	0 1 1 1 1 0 1 0 1 1 0 0 0 0 0 0
400	4	1 1 1 1 0 0 0 0 0 1 0 0 1 0 1 0
400	3	1 1 1 1 1 0 1 0 0 0 1 0 0 0 1 1
400	2	1 0 1 1 0 1 1 1 1 1 0 0 1 0 0 0
400	1	1 1 1 1 1 0 1 0 0 0 0 0 0 0 0 0
400	2	1 1 0 1 0 1 1 0 0 1 0 0 0 0 0 0
400	7	1 1 1 1 0 1 1 0 1 1 0 0 0 0 1 0
400	1	1 1 1 1 1 1 1 0 0 1 0 0 0 1 0 0
400	4	1 1 1 1 0 0 1 0 0 1 1 0 1 0 0 0
400	5	1 1 1 1 1 1 0 0 0 0 1 0 0 0 0 0
400	1	1 1 1 1 1 1 1 0 1 1 0 0 0 0 0 0
400	2	1 1 0 1 0 1 1 0 0 1 0 1 0 0 0 0
400	3	1 1 1 1 0 0 1 0 1 1 0 0 0 0 0 0
400	1	1 1 0 1 1 1 0 0 0 1 1 0 0 0 0 0
400	2	1 1 1 1 0 1 1 0 1 1 0 1 0 0 0 0
400	5	1 1 1 1 1 0 1 0 1 1 0 0 0 0 0 0
400	5	1 1 1 0 1 0 1 0 1 1 0 0 0 0 0 0
400	2	1 1 1 0 1 1 1 0 0 1 0 0 0 0 0 0
400	1	1 1 1 1 0 1 1 0 0 1 1 0 0 0 0 0
400	1	1 1 0 1 1 0 1 0 0 1 0 0 0 0 0 0
400	1	1 1 0 1 1 1 1 0 0 0 1 0 0 0 0 0
400	2	1 1 1 1 0 1 1 0 0 0 0 0 0 1 0 0
