0	14	0 0 0 1 1 0 0 0 0 0 1 0 0 1 1 0
0	11	0 1 0 0 0 0 0 1 0 1 0 0 0 1 0 0
0	12	0 0 0 0 0 0 0 0 0 0 0 0 0 0 0 0
0	13	0 0 1 0 0 0 0 0 1 1 0 0 1 1 1 0
8	13	0 0 0 1 1 0 0 0 0 0 1 0 0 1 1 0
8	8	0 1 0 0 0 0 0 1 0 1 0 0 0 1 0 0
8	13	0 0 0 0 0 0 0 0 0 0 0 0 0 0 0 0
8	9	0 0 1 0 0 0 0 0 1 1 0 0 1 1 1 0
8	1	0 0 0 0 0 0 0 0 0 0 0 0 0 1 1 0
8	1	0 0 1 0 0 0 0 0 0 0 0 0 0 0 0 0
8	1	0 0 0 1 0 0 0 0 0 0 0 0 0 0 0 0
8	2	0 0 0 1 1 0 0 0 1 0 1 0 0 1 1 0
8	1	0 1 0 1 1 0 0 0 0 0 1 0 0 1 1 0
8	1	0 1 0 0 0 0 0 0 1 1 0 0 1 1 1 0
45	7	0 0 0 1 1 0 0 0 0 0 1 0 0 1 1 0
45	1	0 1 0 0 0 0 0 1 0 1 0 0 0 1 0 0
45	1	0 0 0 1 1 0 0 0 0 0 1 0 0 0 1 0
45	2	0 1 0 1 1 0 0 0 0 0 1 0 0 1 1 0
45	8	0 0 0 1 1 0 0 0 0 0 1 0 0 0 0 0
45	2	0 0 1 0 0 0 0 0 0 0 1 0 0 1 1 0
45	1	0 1 0 1 1 0 0 0 0 0 1 0 0 0 1 0
45	2	0 1 0 1 1 0 0 0 0 0 1 0 0 0 0 0
45	1	0 0 0 1 1 0 0 0 0 0 1 0 0 1 0 0
45	2	0 1 0 0 0 0 0 1 0 1 0 0 0 0 0 0
45	2	0 1 0 1 1 0 1 0 0 0 1 0 0 1 1 0
45	2	0 0 0 1 0 0 0 0 0 0 1 0 0 1 0 1
45	1	0 0 0 1 1 0 1 0 0 0 1 0 0 0 0 0
45	2	1 0 0 1 0 0 0 0 0 0 1 1 1 1 1 0
45	1	1 1 0 0 0 0 1 1 0 1 0 0 0 1 0 0
45	2	0 1 0 1 1 1 0 0 0 0 1 0 0 0 1 0
45	1	0 0 0 1 1 0 0 0 0 0 1 1 1 1 1 0
45	1	0 0 1 1 1 0 0 0 0 0 1 0 0 1 1 0
45	1	0 0 0 1 0 0 1 0 0 0 1 0 0 1 1 0
45	2	0 0 0 1 0 0 0 0 0 0 1 0 0 1 0 0
45	1	0 0 1 0 0 0 0 0 0 0 1 0 0 0 0 0
45	1	0 1 0 1 1 0 0 0 1 0 1 0 0 0 1 0
45	1	0 1 0 1 1 0 0 0 1 1 0 0 1 1 0 0
45	1	0 0 0 1 1 0 1 0 1 0 1 0 0 1 0 0
45	2	1 0 0 0 0 0 0 0 0 0 1 0 0 0 0 0
45	1	0 0 0 1 0 0 0 1 0 1 0 0 0 1 0 0
45	1	1 0 0 0 1 0 0 0 0 0 1 0 0 0 0 0
85	1	0 0 0 1 1 0 0 0 0 0 1 0 0 1 1 0
85	1	0 0 0 1 1 0 0 0 0 0 1 1 0 1 1 0
85	10	0 0 0 1 1 0 0 0 0 0 1 0 0 0 0 0
85	2	0 1 0 1 1 0 0 0 0 0 1 0 0 0 1 0
85	3	0 1 0 1 1 0 0 0 0 0 1 0 0 0 0 0
85	3	0 0 0 1 1 0 1 0 0 0 1 0 0 0 0 0
85	1	1 0 0 1 0 0 0 0 0 0 1 1 1 1 1 0
85	4	1 0 0 1 1 0 0 0 0 0 1 0 0 0 0 0
85	1	0 0 1 1 1 0 0 0 0 0 1 0 0 1 1 0
85	1	0 0 0 1 0 0 0 0 0 0 1 0 0 1 0 0
85	2	0 0 1 1 1 0 0 0 0 0 1 0 0 0 0 0
85	1	0 0 1 1 1 0 0 0 0 0 1 0 0 1 0 0
85	2	0 0 0 1 0 0 0 0 0 0 1 0 0 0 0 0
85	1	0 1 0 1 1 0 0 0 0 0 1 1 1 1 1 0
85	2	0 0 0 0 1 0 0 0 0 0 1 0 0 0 0 0
85	1	0 0 0 1 1 0 0 0 0 0 0 0 0 1 0 0
85	1	0 1 0 1 1 0 0 0 0 0 1 0 0 1 1 1
85	1	0 0 0 1 1 1 0 0 1 0 1 0 1 0 0 0
85	1	1 1 0 1 1 0 0 1 0 0 1 1 0 0 0 0
85	2	0 0 0 1 0 0 0 0 0 0 1 0 0 0 1 0
85	1	1 1 0 1 1 0 0 0 0 0 0 0 0 0 0 0
85	1	0 0 1 1 1 1 0 0 0 0 1 0 0 1 0 0
85	1	0 1 1 1 1 0 0 0 0 0 1 0 0 1 0 0
85	1	1 0 1 0 0 1 0 0 1 1 0 1 0 1 0 0
85	1	0 1 1 1 1 0 1 0 0 0 1 0 0 1 1 0
85	1	0 0 1 1 0 0 0 0 0 0 1 0 0 0 0 0
85	1	0 1 0 1 1 0 0 1 0 0 1 0 0 1 0 0
85	1	0 0 0 1 1 0 0 0 0 0 0 0 0 0 0 0
85	1	0 0 0 0 1 0 1 0 0 0 1 0 0 0 0 0
154	1	0 0 0 1 1 0 0 0 0 0 1 0 0 0 0 0
154	3	0 1 0 1 1 0 0 0 0 0 1 0 0 0 1 0
154	2	0 1 0 1 1 0 0 0 0 0 1 0 0 0 0 0
154	9	1 0 0 1 1 0 0 0 0 0 1 0 0 0 0 0
154	1	0 0 1 1 1 0 0 0 0 0 1 0 0 1 1 0
154	5	0 0 1 1 1 0 0 0 0 0 1 0 0 0 0 0
154	2	0 1 0 1 1 0 0 0 1 0 1 0 0 0 0 0
154	1	0 0 1 1 1 0 1 0 0 0 1 0 0 0 0 0
154	3	0 1 0 1 1 0 0 1 0 0 1 0 0 0 0 0
154	1	0 0 1 0 0 0 1 0 1 0 1 0 1 0 0 0
154	1	1 1 0 0 1 0 0 1 0 0 1 0 0 0 0 0
154	3	0 0 0 1 1 0 0 0 1 0 1 0 0 0 0 0
154	1	0 0 1 0 1 0 0 0 0 0 1 0 0 0 0 0
154	1	1 0 0 1 1 0 0 0 0 0 1 0 1 0 0 0
154	2	1 1 0 1 1 0 0 0 1 0 1 0 0 0 0 0
154	1	0 1 0 1 1 0 0 0 1 0 1 0 0 0 1 0
154	2	0 0 1 1 1 0 1 0 0 0 1 0 0 1 1 0
154	1	0 0 0 1 1 0 0 0 0 0 1 0 0 1 0 0
154	1	1 0 0 0 1 0 0 0 0 0 1 0 0 0 0 0
154	3	0 0 0 1 1 0 0 0 0 0 1 0 0 0 1 0
154	1	0 1 1 1 1 0 0 0 1 0 1 0 0 0 0 0
154	3	0 0 0 1 1 0 0 0 1 0 1 0 1 1 0 0
154	1	0 0 1 1 1 0 0 0 0 0 1 0 0 1 0 0
154	1	1 0 0 1 1 0 0 0 1 0 1 0 0 0 0 0
239	1	1 0 0 1 1 0 0 0 0 0 1 0 0 0 0 0
239	2	0 1 0 1 1 0 0 0 1 0 1 0 0 0 0 0
239	2	0 1 0 1 0 0 0 0 0 0 1 0 0 0 0 0
239	3	0 1 0 1 1 0 0 1 0 0 1 0 0 0 0 0
239	4	0 1 1 1 0 0 0 0 0 0 1 0 0 0 0 0
239	2	0 1 0 1 0 0 0 0 0 1 1 0 0 0 0 0
239	3	1 1 0 1 1 0 0 0 1 0 1 0 0 0 0 0
239	1	1 0 0 1 1 0 0 0 0 0 1 0 1 0 0 0
239	2	0 1 1 1 0 0 0 1 1 0 1 0 0 0 0 0
239	8	0 1 1 1 0 0 0 1 0 0 1 0 0 0 0 0
239	1	1 1 1 1 0 0 0 0 0 1 1 0 0 0 0 0
239	1	0 0 1 1 1 0 0 0 0 1 1 1 0 0 0 0
239	1	0 1 0 1 1 0 0 1 0 0 0 0 0 0 0 0
239	1	0 1 0 1 1 0 0 1 0 0 0 0 0 1 0 0
239	1	1 0 0 1 1 0 0 0 0 1 1 0 0 0 0 0
239	1	0 1 1 1 0 0 1 1 0 0 1 0 0 0 0 0
239	1	1 0 1 1 0 0 0 0 1 1 1 0 0 0 0 0
239	1	1 0 0 1 0 0 0 0 0 1 1 0 0 0 0 0
239	1	1 0 0 1 1 0 0 0 0 1 1 1 0 0 0 0
239	1	0 1 1 1 1 0 0 0 0 1 1 1 0 0 0 0
239	1	1 0 0 1 1 0 0 0 1 0 1 0 0 0 0 0
239	3	0 1 1 1 1 0 0 0 0 1 1 1 0 0 0 1
239	1	0 1 1 1 1 0 0 1 1 0 1 0 0 0 0 0
239	1	1 0 1 1 0 1 0 0 0 0 1 0 0 0 0 0
239	2	0 1 1 1 0 0 0 0 1 0 1 0 0 0 0 0
239	1	1 0 1 1 1 0 0 1 1 0 1 0 0 0 0 0
239	1	0 1 1 1 0 0 0 1 0 0 1 0 1 0 0 0
239	1	1 1 0 1 0 0 0 0 1 1 0 0 0 1 0 0
239	1	0 1 1 1 1 0 0 1 1 0 1 0 0 0 1 0
252	1	0 1 0 1 1 0 0 0 1 0 1 0 0 0 0 0
252	5	0 1 0 1 0 0 0 0 0 0 1 0 0 0 0 0
252	1	0 1 0 1 1 0 0 1 0 0 1 0 0 0 0 0
252	2	0 1 1 1 0 0 0 0 0 0 1 0 0 0 0 0
252	1	0 1 0 1 0 0 0 0 0 1 1 0 0 0 0 0
252	1	0 1 1 1 0 0 0 0 0 1 1 0 0 0 0 0
252	3	1 1 0 1 1 0 0 1 0 0 1 0 0 0 0 0
252	1	0 1 1 1 0 0 0 1 1 0 1 0 0 0 0 0
252	6	0 1 1 1 0 0 0 1 0 0 1 0 0 0 0 0
252	1	1 0 0 1 1 0 0 0 0 1 1 0 0 1 0 0
252	1	1 0 0 1 1 0 1 0 0 0 0 0 0 0 0 0
252	3	0 1 0 1 0 0 0 0 0 0 1 0 1 0 0 0
252	2	1 0 1 1 0 0 0 0 1 1 1 0 0 0 0 0
252	1	1 0 0 1 0 0 0 0 0 1 1 0 0 0 0 0
252	1	0 1 1 1 1 0 0 0 0 1 1 1 0 0 0 1
252	3	0 1 1 1 0 0 0 1 0 0 0 0 0 0 0 0
252	1	1 0 1 1 0 1 0 0 0 0 1 0 0 0 0 0
252	2	0 1 1 1 1 0 0 0 0 0 1 0 0 0 0 0
252	1	1 0 1 1 1 1 0 0 0 0 1 0 0 1 0 0
252	1	1 0 0 1 1 0 0 1 0 0 1 0 0 0 0 0
252	1	0 0 1 1 0 0 0 0 1 1 1 0 0 0 0 0
252	1	1 1 0 1 1 0 0 1 1 0 1 0 0 0 0 0
252	1	1 1 0 1 1 0 0 1 0 0 1 0 1 0 0 0
252	1	1 0 1 1 1 0 1 1 0 0 1 0 0 0 0 0
252	1	1 0 0 1 1 1 0 0 1 0 1 1 0 0 0 0
252	1	0 1 1 1 0 0 0 0 0 1 1 1 0 0 0 1
252	1	1 1 0 1 1 0 0 0 1 0 1 1 0 0 0 0
252	1	1 0 0 1 1 0 1 1 0 0 0 0 0 0 0 0
252	1	1 0 1 1 0 0 0 0 0 0 1 0 0 0 0 0
252	2	0 1 1 1 0 0 0 0 0 0 1 1 0 0 0 0
252	1	0 0 0 1 0 0 0 0 0 1 1 0 0 0 0 0
350	2	0 1 0 1 0 0 0 0 0 0 1 0 0 0 0 0
350	5	1 1 0 1 1 0 0 1 0 0 1 0 0 0 0 0
350	1	0 1 1 1 0 0 0 1 0 0 1 0 0 0 0 0
350	2	0 1 1 1 0 1 0 0 0 1 1 0 0 0 0 0
350	3	1 1 1 1 1 0 1 1 0 0 1 0 0 0 0 0
350	2	1 1 0 1 1 1 0 1 0 0 1 0 0 0 0 0
350	1	1 1 0 1 1 0 0 0 0 0 0 0 0 0 0 0
350	1	0 1 1 1 0 0 0 1 0 1 1 0 0 0 0 0
350	1	0 1 1 1 1 0 0 0 0 1 1 1 0 0 0 0
350	2	1 1 1 1 0 0 0 1 0 0 1 0 0 0 0 0
350	2	1 0 0 1 1 0 0 1 0 1 0 0 0 0 0 0
350	1	0 1 0 1 1 0 0 1 0 0 1 0 1 0 0 0
350	1	1 1 0 1 0 0 0 1 0 0 1 0 0 0 0 0
350	1	1 0 0 1 1 0 0 1 0 0 1 0 0 0 0 0
350	1	1 1 0 1 0 1 0 1 0 0 1 0 0 0 0 0
350	1	0 1 1 1 0 0 0 1 1 1 1 1 0 0 0 0
350	1	1 0 0 1 0 0 0 1 0 0 1 0 0 0 0 0
350	2	0 0 1 1 0 0 0 0 0 1 1 1 0 0 0 0
350	1	1 1 1 1 1 1 1 1 0 1 1 0 0 0 0 0
350	2	1 1 1 1 0 0 0 1 0 1 1 1 0 0 0 0
350	1	1 1 1 1 1 0 0 0 0 1 1 1 0 1 0 0
350	1	1 1 1 1 0 0 0 1 0 1 1 0 0 0 0 0
350	1	0 0 1 1 0 0 0 1 0 1 1 0 0 0 0 0
350	1	1 1 0 1 1 1 0 1 0 0 1 1 1 0 0 1
350	1	0 1 1 1 1 0 0 1 1 0 1 0 0 0 0 1
350	1	1 1 0 1 0 1 0 1 0 0 0 0 0 0 0 0
350	2	0 1 1 1 0 1 0 0 1 0 1 0 0 0 0 0
350	1	0 0 1 1 0 0 0 0 0 0 1 1 0 0 0 0
350	1	1 1 1 1 0 0 0 1 1 0 1 0 0 1 0 0
350	1	1 1 1 1 0 1 0 0 0 0 1 0 0 0 0 0
350	1	0 1 0 1 0 0 0 1 0 0 0 0 1 0 0 0
350	1	0 1 1 1 1 0 0 0 0 0 1 0 0 0 0 0
350	1	0 1 1 0 0 0 0 0 0 0 1 0 0 0 0 0
350	2	1 1 0 1 1 1 0 1 0 0 1 1 1 0 0 0
350	1	0 1 1 1 0 1 0 0 0 1 1 0 1 0 0 0
400	1	1 1 1 1 0 0 0 1 0 0 1 0 0 0 0 0
400	1	1 1 1 1 0 1 0 0 0 1 1 0 0 0 0 0
400	3	1 1 1 1 0 0 0 1 1 0 1 0 0 0 0 0
400	2	1 1 1 1 1 1 1 1 0 1 1 0 0 0 0 0
400	10	1 1 1 1 0 0 0 1 0 1 1 1 0 0 0 0
400	6	1 1 1 1 0 0 0 1 0 1 1 0 0 0 0 0
400	3	0 0 1 1 0 0 0 1 0 1 1 0 0 0 0 0
400	1	1 1 0 1 1 1 0 1 0 0 1 1 1 0 0 1
400	3	1 1 1 1 0 0 0 0 0 0 1 0 0 0 0 0
400	1	0 0 1 1 1 0 0 0 1 1 0 1 0 0 0 0
400	1	0 1 1 1 0 0 0 1 0 1 1 1 0 0 0 0
400	3	1 1 1 0 1 1 1 0 0 1 1 0 0 0 0 0
400	1	1 0 1 1 0 1 0 0 0 0 1 0 0 0 0 0
400	1	1 1 1 1 0 0 0 1 1 0 1 0 0 0 0 1
400	1	1 1 1 1 0 0 0 1 0 1 0 0 0 0 0 0
400	2	1 1 0 1 0 1 0 0 1 0 1 0 0 1 0 0
400	2	0 1 1 1 0 0 0 0 1 0 1 0 1 0 0 0
400	2	0 1 1 1 0 0 0 1 0 0 1 0 0 0 0 0
400	1	1 1 1 1 1 0 0 0 1 1 0 1 0 0 0 0
400	1	0 1 1 0 0 0 0 1 0 0 1 0 0 0 0 0
400	1	1 1 1 0 1 1 1 0 0 1 1 1 1 0 0 0
400	1	1 1 1 1 0 0 0 1 0 1 1 0 0 0 0 1
400	1	0 1 1 1 0 0 1 1 0 1 1 0 0 0 0 0
400	1	1 1 1 1 1 1 1 1 0 1 0 0 1 0 0 0
