0	250	0 0 0 0 0 0 0 0 0 0 0 0 0 0 0 0
0	250	0 0 1 0 0 0 1 0 0 0 0 0 0 0 0 0
0	250	0 0 0 0 1 0 0 0 0 0 1 1 1 0 1 0
0	250	0 1 0 0 0 0 1 1 0 0 0 0 0 1 0 1
8	166	0 0 0 0 0 0 0 0 0 0 0 0 0 0 0 0
8	157	0 0 1 0 0 0 1 0 0 0 0 0 0 0 0 0
8	241	0 0 0 0 1 0 0 0 0 0 1 1 1 0 1 0
8	271	0 1 0 0 0 0 1 1 0 0 0 0 0 1 0 1
8	5	0 0 0 0 0 0 0 0 0 0 0 0 0 1 0 1
8	5	0 0 0 0 0 0 0 0 0 0 1 1 1 0 1 0
8	4	0 0 0 0 0 0 1 0 0 0 0 0 0 0 0 0
8	6	0 1 0 0 0 0 1 1 0 0 0 0 0 1 0 0
8	1	0 1 0 0 0 0 1 1 0 0 0 0 0 0 0 0
8	6	0 0 0 1 1 0 0 0 0 0 1 1 1 0 1 0
8	1	0 1 0 0 0 0 1 1 0 0 0 0 1 1 0 1
8	1	0 1 0 0 0 0 1 1 0 1 0 0 0 1 0 1
8	5	0 1 1 0 0 0 1 1 0 0 0 0 0 1 0 1
8	4	0 0 0 0 1 0 0 1 0 0 0 0 0 1 0 1
8	14	0 0 1 0 0 0 1 0 0 0 1 0 0 0 0 0
8	6	0 0 0 0 0 0 1 1 0 0 0 0 0 1 0 1
8	2	0 1 0 0 0 0 1 1 0 0 0 1 0 1 0 1
8	7	0 0 0 0 1 0 0 0 0 0 1 1 1 0 0 0
8	3	0 0 0 0 0 0 0 0 0 1 0 0 0 0 0 0
8	2	0 0 1 0 0 1 1 0 0 0 0 0 0 0 0 0
8	1	0 0 1 0 0 0 1 1 0 0 0 0 0 0 0 0
8	15	0 0 1 0 1 0 1 0 0 0 0 0 0 0 0 0
8	1	1 0 0 0 1 0 0 0 0 0 1 1 1 0 1 0
8	2	0 0 0 0 1 0 0 0 0 0 0 1 1 0 1 0
8	1	0 0 1 0 0 0 1 0 0 0 0 0 1 0 1 0
8	4	0 0 1 0 1 0 0 0 0 0 1 1 1 0 1 0
8	1	0 0 1 0 0 0 1 0 0 0 0 0 0 1 0 1
8	5	0 1 0 0 0 0 0 0 0 0 1 1 1 0 1 0
8	3	0 1 0 0 0 0 0 0 0 0 0 0 0 0 0 0
8	5	0 0 0 1 0 0 0 0 0 0 0 0 0 0 0 0
8	1	0 0 1 0 0 0 1 0 0 0 0 0 0 1 0 0
8	4	0 1 0 0 0 1 1 1 0 0 0 0 0 1 0 1
8	1	0 0 1 0 0 0 1 0 0 0 0 0 0 0 1 0
8	10	0 0 1 0 0 0 1 0 0 0 1 1 1 0 1 0
8	1	0 1 0 0 0 0 1 1 0 0 0 0 0 1 1 0
8	2	0 0 0 0 1 0 0 0 0 0 1 1 1 1 1 0
8	1	0 0 1 0 0 0 1 1 0 0 0 0 0 0 0 1
8	2	0 0 0 0 1 0 0 0 0 0 1 0 0 0 0 0
8	3	0 0 0 0 0 0 0 0 0 0 0 1 0 0 0 0
8	2	0 0 0 0 1 0 1 0 0 0 1 1 1 0 1 0
8	3	0 1 0 0 1 0 1 1 0 0 0 0 0 1 0 1
8	1	0 1 0 0 0 0 1 0 0 0 0 0 0 1 0 1
8	3	0 1 1 0 0 0 1 0 0 0 0 0 0 1 0 0
8	1	0 0 1 0 0 0 1 0 0 0 0 0 0 0 0 1
8	4	0 0 0 0 1 0 0 0 0 0 0 0 0 0 0 0
8	1	0 1 0 0 1 0 0 0 0 0 1 1 1 0 1 0
8	1	0 0 0 0 0 0 1 0 0 0 0 0 0 0 0 1
8	1	0 0 0 0 1 0 0 1 0 0 1 1 1 0 1 0
8	1	0 1 0 0 0 0 1 1 1 0 0 0 0 1 0 1
8	4	0 1 0 0 0 0 1 1 0 0 0 0 0 1 1 1
8	3	0 1 0 0 0 0 1 1 0 0 1 0 0 1 0 1
8	2	0 0 0 0 0 0 1 0 0 0 0 0 0 1 0 1
8	1	0 0 0 0 1 0 0 0 0 1 0 0 0 0 0 0
8	2	0 1 0 0 0 1 0 0 0 0 1 1 1 0 1 0
45	7	0 0 0 0 0 0 0 0 0 0 0 0 0 0 0 0
45	20	0 0 1 0 0 0 1 0 0 0 0 0 0 0 0 0
45	31	0 0 0 0 1 0 0 0 0 0 1 1 1 0 1 0
45	145	0 1 0 0 0 0 1 1 0 0 0 0 0 1 0 1
45	39	0 1 0 0 0 0 1 1 0 0 0 0 0 1 0 0
45	4	0 0 0 1 1 0 0 0 0 0 1 1 1 0 1 0
45	4	0 1 0 0 0 0 1 1 0 1 0 0 0 1 0 1
45	191	0 1 1 0 0 0 1 1 0 0 0 0 0 1 0 1
45	23	0 0 1 0 0 0 1 0 0 0 1 0 0 0 0 0
45	6	0 1 0 0 0 0 1 1 0 0 0 1 0 1 0 1
45	8	0 0 0 0 1 0 0 0 0 0 1 1 1 0 0 0
45	26	0 0 1 0 1 0 1 0 0 0 0 0 0 0 0 0
45	37	1 1 0 0 0 0 1 1 0 0 0 0 0 1 0 1
45	11	0 1 1 0 0 0 1 1 1 0 0 0 0 1 0 1
45	64	0 1 1 0 0 0 1 0 0 1 0 0 0 1 0 0
45	13	0 1 0 0 0 1 1 1 0 0 0 0 0 0 0 0
45	2	0 1 0 0 0 0 1 1 0 0 0 0 0 0 1 0
45	25	0 1 0 0 0 0 1 1 0 0 0 0 0 0 0 1
45	2	0 0 0 1 0 0 1 0 0 0 0 0 0 0 0 0
45	22	1 0 0 0 1 0 0 0 0 0 1 1 1 0 1 0
45	10	0 0 0 0 1 0 1 0 0 0 0 0 0 0 0 0
45	5	0 1 1 0 0 0 1 0 0 0 0 0 0 0 0 1
45	6	0 1 0 0 1 0 0 1 0 0 1 1 1 0 1 0
45	11	0 1 0 0 0 0 0 0 0 0 1 0 0 0 0 0
45	3	0 0 1 0 1 0 1 0 0 0 0 0 1 1 0 0
45	11	0 1 1 0 0 0 1 1 0 0 0 0 0 1 0 0
45	6	0 1 0 0 0 0 1 1 1 0 0 0 0 0 0 1
45	6	0 1 0 0 0 0 0 0 0 0 0 0 0 0 0 0
45	16	0 1 1 0 0 0 1 0 0 0 0 0 0 1 0 1
45	5	0 1 1 0 0 0 0 0 0 0 0 0 0 0 0 0
45	13	0 0 0 0 1 0 0 0 0 0 0 1 1 0 1 1
45	4	0 1 0 0 0 0 1 1 1 0 1 0 0 1 0 1
45	3	0 1 1 0 1 0 1 1 0 0 0 0 0 1 0 1
45	5	0 0 0 1 1 0 0 0 0 0 0 1 1 0 1 0
45	4	0 1 1 0 0 0 1 1 0 1 0 0 0 1 0 0
45	4	1 1 0 0 0 0 1 1 0 0 0 0 0 0 1 0
45	2	0 0 0 0 0 0 0 0 0 0 0 0 0 1 0 1
45	11	1 1 1 0 0 0 1 0 0 1 0 0 0 1 0 0
45	24	1 1 1 0 0 0 1 1 0 0 0 0 0 1 0 1
45	8	0 1 1 0 0 0 1 1 0 0 0 0 0 1 1 1
45	16	0 1 0 0 0 0 1 0 0 0 1 0 0 0 0 0
45	9	0 1 1 1 0 0 1 1 1 0 0 0 0 1 0 1
45	1	0 1 1 0 0 0 1 0 0 0 0 0 0 1 0 0
45	6	0 1 1 1 0 0 1 1 0 0 0 0 0 1 0 1
45	2	0 1 0 0 0 0 0 0 0 0 0 0 0 1 0 1
45	4	0 0 0 0 1 0 1 0 1 0 0 0 0 0 0 0
45	6	0 0 0 0 1 0 1 0 0 0 0 1 1 0 1 0
45	1	0 0 0 0 0 0 1 1 0 1 0 0 0 1 0 1
45	3	0 1 1 0 1 0 1 0 0 0 0 0 1 1 0 0
45	8	0 0 0 0 1 0 0 0 0 1 1 1 1 0 1 0
45	5	1 0 0 0 1 0 0 0 0 0 1 1 1 0 1 1
45	4	0 0 0 0 1 0 0 0 0 0 1 0 0 1 0 1
45	5	0 0 0 0 1 0 0 1 0 0 1 1 1 0 1 0
45	1	0 1 1 0 0 0 1 0 0 0 1 1 1 0 1 0
45	6	1 1 0 0 0 0 1 1 0 0 0 0 0 1 0 0
45	6	0 1 0 0 1 0 0 0 0 0 1 1 1 0 1 0
45	6	1 0 1 0 0 0 1 0 0 0 0 0 0 0 0 0
45	3	0 1 0 0 0 0 1 0 0 0 0 0 0 1 0 1
45	2	0 0 1 0 0 0 1 0 0 0 1 0 0 0 1 0
45	4	0 1 0 0 0 0 1 0 0 1 0 0 0 0 0 0
45	4	1 1 1 1 0 0 1 0 0 1 0 0 0 1 0 0
45	6	0 1 0 0 0 0 1 0 0 0 1 0 0 0 0 1
45	3	0 1 1 0 1 0 1 0 0 0 1 1 1 0 1 0
45	3	0 1 0 0 1 0 1 1 0 0 0 0 0 1 0 1
45	4	0 1 0 0 0 0 1 1 0 0 1 0 0 1 0 1
45	2	0 1 0 0 0 0 1 1 0 0 0 0 0 1 1 1
45	4	0 1 1 0 0 1 1 1 0 0 0 0 0 1 0 1
45	1	1 1 1 0 0 0 1 0 0 0 0 0 0 1 0 1
45	2	0 0 0 0 1 0 0 0 0 0 1 1 0 0 1 0
45	1	0 1 1 0 0 0 1 1 0 0 0 1 0 1 0 1
45	4	0 0 0 0 1 0 1 0 0 0 0 0 0 0 1 0
45	2	0 1 0 1 0 0 1 0 0 0 0 0 0 0 0 0
45	1	1 1 1 0 0 0 1 1 0 0 0 1 0 1 0 1
45	1	1 0 0 0 1 0 1 1 0 0 0 0 0 1 0 1
45	1	0 1 0 0 0 0 0 0 0 0 1 0 0 1 0 1
45	2	1 1 1 0 0 0 1 1 1 0 0 0 0 1 0 1
45	3	0 0 1 0 0 1 1 0 0 0 0 0 0 0 0 0
45	4	0 1 0 0 0 1 1 1 0 0 0 0 0 1 0 1
45	1	0 1 0 0 1 0 1 1 0 0 0 0 0 0 0 1
45	1	0 1 1 1 0 0 1 1 0 0 0 0 0 1 1 1
45	2	0 1 0 0 0 0 1 0 0 0 1 0 0 1 0 1
45	3	0 1 0 0 0 0 0 1 0 0 0 0 0 1 0 1
45	1	0 1 0 0 0 1 1 1 0 1 0 0 0 0 0 0
45	1	1 0 0 0 1 0 1 0 0 0 1 1 1 0 1 0
45	2	1 0 0 0 1 0 0 0 0 0 1 1 0 0 1 0
45	2	1 1 1 0 0 0 1 1 0 1 0 0 0 1 0 1
45	1	0 1 0 0 0 0 1 0 0 0 1 0 0 1 0 0
45	1	0 0 0 0 1 0 1 0 1 0 0 0 0 0 0 1
45	2	0 0 1 0 0 1 1 0 1 0 0 0 0 0 0 0
85	6	0 0 0 0 1 0 0 0 0 0 1 1 1 0 1 0
85	33	0 1 0 0 0 0 1 1 0 0 0 0 0 1 0 1
85	48	0 1 1 0 0 0 1 1 0 0 0 0 0 1 0 1
85	7	0 0 1 0 0 0 1 0 0 0 1 0 0 0 0 0
85	11	0 1 0 0 0 0 1 1 0 0 0 1 0 1 0 1
85	60	0 0 1 0 1 0 1 0 0 0 0 0 0 0 0 0
85	10	1 1 0 0 0 0 1 1 0 0 0 0 0 1 0 1
85	53	0 1 1 0 0 0 1 1 1 0 0 0 0 1 0 1
85	19	0 1 1 0 0 0 1 0 0 1 0 0 0 1 0 0
85	5	0 1 0 0 0 0 1 1 0 0 0 0 0 0 0 1
85	4	0 0 0 0 1 0 1 0 0 0 0 0 0 0 0 0
85	4	0 1 0 0 0 0 0 0 0 0 1 0 0 0 0 0
85	31	0 1 1 0 0 0 1 1 0 0 0 0 0 1 0 0
85	5	0 1 0 0 0 0 0 0 0 0 0 0 0 0 0 0
85	25	0 1 1 0 0 0 1 0 0 0 0 0 0 1 0 1
85	41	1 1 1 0 0 0 1 0 0 1 0 0 0 1 0 0
85	67	1 1 1 0 0 0 1 1 0 0 0 0 0 1 0 1
85	47	0 1 1 1 0 0 1 1 0 0 0 0 0 1 0 1
85	15	0 1 0 0 1 0 0 0 0 0 1 1 1 0 1 0
85	7	0 1 1 1 0 0 1 1 0 0 0 0 0 1 1 1
85	34	0 1 1 0 0 0 0 1 0 0 0 0 0 1 0 1
85	8	0 1 1 0 0 0 1 1 0 1 0 0 0 1 0 1
85	44	0 1 1 0 0 0 1 0 0 0 0 0 0 0 0 0
85	9	1 1 1 0 0 0 1 0 0 0 0 0 0 0 0 0
85	10	0 1 1 0 0 1 0 1 0 0 0 0 0 1 0 1
85	7	0 1 1 0 1 0 1 0 0 0 0 0 0 0 0 0
85	6	0 1 1 1 0 0 0 0 0 0 0 1 0 0 1 0
85	2	0 0 0 0 1 0 0 1 0 1 0 0 0 1 0 0
85	17	0 0 1 0 1 0 1 0 0 0 0 0 0 1 0 1
85	13	1 1 1 0 0 0 1 0 0 1 0 0 0 1 0 1
85	4	0 1 0 0 1 0 0 0 0 0 1 0 1 0 1 0
85	6	1 1 1 1 0 0 0 0 0 0 0 0 0 0 1 0
85	5	0 1 0 0 0 0 1 1 0 1 1 0 1 1 0 1
85	7	0 0 1 0 1 0 1 0 0 0 1 1 0 1 0 0
85	16	0 1 1 0 0 0 1 1 0 0 1 1 1 0 1 0
85	9	0 1 1 0 0 0 1 0 0 1 0 0 0 1 0 1
85	3	1 1 1 0 0 0 1 0 0 0 0 0 0 1 0 0
85	6	0 1 1 1 0 0 1 0 0 0 1 0 0 0 0 0
85	3	1 1 0 0 0 0 1 0 0 0 0 0 0 1 0 1
85	21	1 1 1 0 0 0 1 1 0 0 0 0 0 1 0 0
85	7	1 1 1 0 0 0 1 1 0 0 0 0 0 1 1 1
85	9	0 0 1 0 0 0 1 0 0 0 0 0 0 1 0 1
85	6	1 1 0 0 0 0 1 1 0 0 0 1 0 1 0 1
85	27	1 1 1 0 1 0 1 1 0 0 0 0 0 1 0 1
85	18	0 0 1 0 1 0 1 0 0 0 0 0 0 0 0 1
85	6	1 1 0 0 0 0 0 0 0 0 1 1 1 0 1 0
85	3	0 1 1 1 0 0 1 1 0 0 0 0 0 0 0 1
85	1	0 1 1 0 0 0 1 0 0 0 0 0 0 0 1 0
85	5	0 1 0 0 0 1 1 1 0 0 0 1 0 1 0 1
85	2	0 0 1 0 0 0 1 0 0 0 0 0 0 0 0 0
85	23	0 1 1 0 0 0 1 1 1 0 0 0 1 1 0 1
85	4	0 0 0 0 0 0 1 1 0 0 0 1 0 1 0 1
85	3	0 1 1 0 0 1 0 1 0 0 0 0 0 0 0 1
85	5	0 0 0 0 1 0 0 0 0 0 1 1 1 0 0 0
85	3	1 1 0 0 1 0 1 1 0 0 0 0 0 1 0 1
85	13	0 1 1 0 0 0 1 1 0 0 0 0 0 0 0 0
85	2	1 0 0 0 1 1 0 0 0 0 1 1 1 0 1 1
85	2	1 0 1 0 1 0 1 0 0 0 0 0 0 0 0 0
85	5	0 1 1 0 0 0 0 0 0 0 0 1 0 0 1 0
85	3	0 0 1 0 1 0 1 1 0 0 0 0 0 1 0 1
85	8	1 1 1 0 0 0 0 1 0 0 0 0 0 1 0 1
85	3	0 1 0 0 0 0 1 1 0 1 1 1 0 1 0 1
85	15	0 1 1 0 0 1 0 1 1 0 1 1 1 0 1 0
85	1	1 1 1 0 0 0 1 1 1 0 0 0 0 1 0 1
85	12	1 0 0 0 1 0 0 1 0 1 0 0 0 1 0 0
85	1	1 1 1 0 0 0 1 1 0 0 1 0 0 1 1 1
85	4	0 1 1 0 0 0 1 1 0 0 0 1 0 1 0 1
85	2	0 1 1 0 0 1 1 1 1 0 0 0 0 1 0 1
85	7	1 1 0 0 0 0 1 1 1 0 0 0 0 1 0 1
85	6	1 1 0 0 0 0 1 1 0 0 0 0 0 1 0 0
85	2	0 1 0 0 0 0 1 1 0 1 1 0 0 0 0 1
85	3	0 0 0 0 1 0 1 0 0 0 0 0 0 0 0 1
85	7	0 0 0 0 0 0 1 1 0 0 0 1 0 1 1 1
85	2	0 1 1 1 0 0 1 0 0 1 0 0 0 1 0 0
85	4	0 1 1 0 0 0 0 0 0 1 0 0 0 1 0 0
85	6	1 1 1 0 0 0 1 0 0 1 0 0 1 1 0 0
85	3	1 1 0 0 0 0 1 0 0 1 0 0 0 1 0 0
85	2	0 1 1 0 0 0 1 1 0 0 0 0 0 1 1 1
85	2	1 1 1 0 0 0 1 0 1 0 0 0 0 0 0 0
85	3	0 1 1 1 0 0 1 0 0 0 0 1 0 0 1 0
85	8	0 1 0 0 0 0 0 0 0 1 0 0 0 1 0 0
85	2	0 1 1 0 0 0 1 1 1 0 0 1 0 1 0 1
85	2	0 1 0 0 1 0 0 1 0 0 1 1 1 0 1 0
85	2	0 1 1 1 0 0 1 0 0 0 1 0 0 1 0 0
85	2	0 0 1 0 0 1 1 0 0 0 0 0 0 1 0 1
85	5	0 0 1 0 0 0 1 1 0 0 0 0 0 1 0 1
85	2	0 1 1 0 0 0 1 0 0 1 0 0 0 0 0 0
85	1	0 1 1 0 0 1 0 1 0 0 0 0 0 1 1 0
85	1	0 1 1 0 1 0 1 0 0 0 1 1 0 1 0 0
85	1	1 1 1 0 0 0 1 0 0 0 0 0 0 1 0 1
85	2	0 0 1 0 1 0 1 1 0 0 0 0 0 0 0 0
85	2	1 1 0 1 0 0 1 1 0 0 0 0 0 1 0 1
85	1	1 1 1 0 0 1 1 0 0 1 0 0 0 1 0 0
85	1	0 1 0 0 0 0 1 1 1 1 1 1 0 1 0 1
154	19	0 1 1 0 0 0 1 1 1 0 0 0 0 1 0 1
154	8	0 1 1 0 0 0 1 1 0 0 0 0 0 1 0 0
154	71	1 1 1 0 0 0 1 0 0 1 0 0 0 1 0 0
154	10	1 1 1 0 0 0 1 1 0 0 0 0 0 1 0 1
154	8	0 1 0 0 1 0 0 0 0 0 1 1 1 0 1 0
154	15	1 1 1 0 0 0 1 0 0 0 0 0 0 0 0 0
154	14	0 0 1 0 1 0 1 0 0 0 0 0 0 1 0 1
154	1	1 1 1 0 0 0 1 0 0 1 0 0 0 1 0 1
154	12	0 1 1 0 0 0 1 1 0 0 1 1 1 0 1 0
154	6	0 1 1 1 0 0 1 0 0 0 0 1 0 0 1 0
154	13	0 1 1 0 0 0 1 0 0 0 0 1 0 0 1 0
154	7	0 1 1 1 0 0 1 1 0 0 1 0 0 1 0 1
154	65	0 1 1 1 0 0 1 0 0 0 1 1 0 0 0 0
154	15	1 1 1 0 1 0 0 0 0 0 1 0 1 0 1 0
154	3	0 1 1 1 0 1 1 1 0 0 1 0 0 1 0 1
154	24	0 1 1 1 0 0 1 0 0 1 0 0 0 1 0 0
154	14	0 0 1 0 1 0 1 0 0 0 0 0 0 1 0 0
154	2	0 1 0 0 1 0 0 0 0 1 0 0 0 1 0 0
154	3	1 1 1 0 0 1 1 1 0 0 0 0 0 1 0 1
154	15	1 1 0 0 0 0 1 0 0 1 0 0 0 1 0 0
154	1	0 1 1 1 0 0 1 0 0 0 0 1 0 0 0 0
154	1	1 0 0 0 1 0 0 1 0 1 0 0 0 1 0 0
154	3	0 1 0 1 0 0 1 1 0 0 0 0 0 1 0 0
154	4	0 1 0 1 0 0 1 0 0 1 1 0 0 0 0 0
154	20	0 0 1 0 1 0 1 1 0 0 0 0 0 0 0 0
154	6	1 1 1 0 0 0 1 0 0 1 0 0 0 0 0 1
154	5	1 1 1 0 0 1 1 1 0 0 0 0 0 1 1 0
154	12	0 1 1 1 0 1 1 1 0 0 0 1 0 0 1 0
154	16	0 1 1 0 0 0 1 0 0 1 0 1 0 1 0 0
154	7	0 1 1 0 0 0 1 0 0 0 1 1 0 0 1 0
154	6	0 1 1 1 0 1 1 1 0 1 0 0 0 1 0 0
154	2	1 1 1 1 0 0 1 1 0 0 1 1 1 0 1 0
154	9	0 1 1 1 0 1 1 1 0 0 1 0 1 0 1 0
154	6	0 0 1 0 0 0 1 1 0 0 0 0 0 1 0 1
154	9	0 1 1 1 0 0 1 0 0 0 1 1 0 0 1 0
154	4	0 1 1 1 0 0 1 1 0 1 0 0 0 1 1 0
154	4	1 1 1 0 1 0 0 1 0 0 1 0 1 0 1 0
154	22	0 1 1 0 0 0 1 0 0 0 0 1 0 0 0 0
154	8	0 0 1 0 0 0 1 0 0 1 0 0 0 1 0 0
154	2	1 1 1 0 0 0 0 0 0 1 0 0 0 1 0 0
154	9	1 1 1 1 0 0 1 0 0 0 1 1 1 0 1 0
154	38	1 1 1 0 1 0 0 0 0 1 0 0 0 1 0 0
154	8	0 0 1 1 0 1 1 1 1 0 1 0 0 1 0 1
154	2	0 1 1 1 0 0 1 0 0 0 1 0 1 0 1 0
154	13	0 1 1 1 0 0 1 1 0 1 0 1 0 0 1 0
154	26	0 1 1 0 0 0 1 0 0 1 0 0 0 1 0 0
154	25	0 1 1 1 0 0 1 1 0 0 0 0 0 1 0 0
154	29	1 1 1 1 0 0 1 0 0 1 0 0 0 1 0 0
154	14	0 1 1 1 0 0 1 0 0 0 1 1 1 0 1 0
154	2	1 1 1 0 0 0 1 1 0 0 0 0 0 1 0 0
154	4	1 0 0 0 1 0 0 0 0 0 1 0 1 0 1 0
154	54	0 1 1 0 0 0 1 1 0 1 0 0 0 1 0 0
154	11	0 1 0 0 1 0 1 0 0 0 1 1 1 0 1 0
154	6	0 1 1 0 1 0 0 0 0 0 1 1 1 0 1 0
154	5	0 1 1 0 1 0 0 0 0 0 0 0 0 0 1 0
154	1	0 1 1 0 0 0 1 1 0 1 0 0 0 0 0 0
154	11	0 1 1 1 0 1 1 1 0 0 0 0 0 0 0 0
154	8	0 0 1 0 1 0 1 0 0 0 0 0 0 0 0 0
154	7	0 1 1 1 0 0 1 1 0 0 0 0 0 1 1 0
154	3	0 0 1 0 0 0 1 0 0 1 1 0 0 1 0 0
154	3	0 0 1 0 1 0 1 0 0 0 0 0 1 1 0 0
154	5	0 1 1 0 0 0 1 0 0 0 0 0 0 1 1 0
154	13	1 1 1 0 0 0 1 0 0 1 1 0 0 1 0 0
154	18	1 1 1 0 0 0 1 0 0 1 0 0 0 0 0 0
154	15	0 0 1 0 1 0 1 0 0 0 0 1 0 1 0 0
154	10	1 1 1 0 1 0 0 1 0 0 1 0 1 0 0 0
154	5	1 1 1 1 0 0 1 1 0 1 0 0 0 1 1 0
154	15	0 1 1 0 0 0 0 1 0 0 0 0 0 1 0 0
154	14	0 0 1 0 1 0 1 0 0 1 0 0 0 1 0 0
154	4	0 0 1 0 1 0 1 1 0 0 0 0 0 0 1 0
154	4	1 0 1 0 0 0 1 0 0 1 0 0 0 0 0 0
154	3	0 1 1 1 1 0 1 0 0 0 1 1 0 0 0 0
154	4	1 1 1 0 0 0 1 1 0 0 1 0 1 0 1 0
154	8	0 0 1 1 0 0 1 0 0 0 1 1 0 0 0 0
154	5	0 1 1 1 0 0 1 0 0 0 0 0 0 1 0 0
154	12	0 1 1 0 0 1 1 1 0 0 1 0 0 1 0 0
154	3	1 1 1 0 1 0 1 0 0 1 0 0 0 1 0 0
154	10	1 1 1 0 0 0 1 0 0 0 1 0 0 0 0 0
154	2	0 1 1 1 0 1 1 0 0 0 0 1 0 0 1 0
154	1	0 1 1 0 0 0 1 1 1 1 0 0 0 1 0 0
154	3	0 0 1 0 1 0 1 1 1 0 0 0 0 1 0 1
154	4	1 1 1 0 0 0 1 0 0 0 1 1 1 1 0 0
154	6	1 1 1 0 0 0 1 0 0 1 0 1 0 1 0 0
154	2	0 0 1 0 1 0 1 1 0 0 0 0 0 1 0 1
154	1	0 1 1 0 1 0 0 0 0 0 1 0 1 0 1 0
154	6	0 1 0 1 1 0 1 0 0 1 1 0 0 0 0 0
154	4	0 1 1 0 0 0 1 1 0 0 0 0 0 1 0 1
154	1	1 1 1 0 0 0 1 0 0 0 0 1 0 0 1 0
154	3	0 1 1 1 0 0 1 0 0 0 0 1 0 0 0 1
154	5	0 1 1 0 0 0 1 0 0 1 0 0 0 0 0 0
154	1	1 1 1 1 0 0 1 0 0 1 0 1 0 1 0 0
154	3	0 1 1 0 0 0 0 0 0 0 0 1 0 0 1 0
154	2	0 0 1 0 0 0 1 1 0 0 0 0 0 0 0 0
154	4	0 1 1 0 0 0 1 0 0 0 0 1 0 0 0 1
154	2	0 0 1 0 1 0 1 0 0 1 0 0 0 0 0 0
154	1	1 1 1 0 0 0 1 0 0 0 0 1 0 0 0 0
154	6	0 1 1 1 0 0 1 1 0 0 0 1 0 0 1 0
154	4	0 1 1 1 0 0 1 0 1 0 0 1 0 0 1 0
154	2	0 1 1 0 0 0 1 0 0 1 0 1 0 1 0 1
154	1	0 1 1 1 0 1 1 0 0 0 1 1 1 0 1 0
154	1	0 1 1 1 0 0 1 0 0 0 1 0 0 1 0 1
154	3	0 1 1 1 0 0 0 0 0 0 1 0 1 0 1 0
154	1	1 0 1 0 0 0 1 0 0 1 0 0 0 1 0 0
154	4	1 1 1 0 1 0 0 0 1 0 1 0 1 0 1 0
154	2	0 1 0 0 1 0 0 0 0 1 0 0 0 1 0 1
154	1	0 0 1 0 1 0 1 1 0 0 0 0 1 0 0 0
154	1	0 1 1 0 0 0 0 1 0 0 0 0 1 1 0 0
154	1	1 1 1 0 0 0 1 0 0 0 0 0 0 1 0 0
154	2	0 1 1 0 0 1 1 1 0 0 1 0 1 0 1 0
154	1	0 1 1 0 0 0 1 1 0 0 0 0 0 0 0 0
154	4	0 1 1 1 0 0 1 0 1 0 1 1 0 0 0 0
154	1	0 1 0 1 0 0 1 1 0 1 0 0 0 1 0 0
154	2	0 1 1 1 0 0 1 0 0 1 1 1 0 0 1 0
154	1	0 1 1 0 0 0 1 0 0 0 0 1 0 1 0 0
154	2	0 1 1 0 0 0 1 1 0 0 0 1 0 0 0 0
154	1	0 1 1 0 0 0 1 0 0 0 0 0 0 0 0 0
154	1	1 1 1 1 1 0 0 0 0 1 0 0 0 1 0 0
154	1	0 0 1 1 1 1 1 1 1 0 1 0 0 1 0 1
154	1	0 0 1 1 0 1 1 0 1 0 1 0 0 1 0 1
154	2	0 1 1 0 1 0 0 1 0 0 0 0 0 0 1 0
154	1	0 1 1 0 1 0 1 0 0 0 0 0 0 0 0 0
154	3	0 0 1 0 1 0 1 0 0 0 0 0 0 0 0 1
239	129	1 1 1 0 0 0 1 0 0 1 0 0 0 1 0 0
239	45	0 1 1 1 0 0 1 0 0 0 1 1 0 0 0 0
239	66	0 1 1 1 0 0 1 0 0 1 0 0 0 1 0 0
239	43	0 1 1 1 0 0 1 1 0 0 0 0 0 1 0 0
239	74	1 1 1 1 0 0 1 0 0 1 0 0 0 1 0 0
239	69	1 1 1 0 0 0 1 0 0 1 0 0 0 0 0 0
239	17	0 1 0 1 1 0 1 0 0 1 1 0 0 0 0 0
239	18	1 1 1 0 1 0 1 0 0 1 1 0 0 1 0 0
239	5	1 1 1 0 0 0 1 0 0 0 1 1 1 0 1 0
239	4	0 1 1 1 0 0 1 1 0 0 1 0 0 1 0 0
239	33	1 1 1 1 0 0 1 0 0 1 0 0 0 0 0 0
239	17	1 1 1 0 0 1 1 1 0 0 0 0 0 0 1 0
239	8	1 1 1 1 0 0 1 0 0 1 0 0 0 1 0 1
239	19	0 1 1 1 0 0 1 0 0 1 0 0 0 0 0 0
239	4	0 1 1 1 0 0 1 0 1 1 0 0 0 1 0 0
239	3	1 1 1 0 1 0 0 1 0 0 1 0 1 0 1 0
239	6	1 1 1 0 0 0 0 0 0 1 0 0 0 0 0 0
239	27	1 1 1 1 0 0 1 0 0 0 1 1 0 0 0 0
239	6	1 1 1 1 0 0 1 1 0 0 0 1 0 0 0 0
239	19	1 1 1 0 0 0 1 0 0 0 0 0 0 1 0 0
239	2	1 1 1 0 0 0 1 0 0 0 0 1 0 0 0 1
239	5	1 1 1 0 1 0 1 0 0 0 0 1 0 0 0 0
239	25	1 1 1 1 0 0 1 0 0 0 0 0 0 1 0 0
239	9	1 1 1 0 0 0 1 0 0 1 0 1 0 0 0 0
239	20	0 1 0 1 0 0 1 1 1 0 0 0 0 1 0 0
239	10	0 1 1 1 1 0 1 1 0 1 0 1 0 0 1 0
239	23	1 1 0 0 0 0 1 0 0 1 0 1 0 0 0 0
239	3	1 1 1 0 0 0 1 1 0 1 1 0 0 0 0 0
239	20	1 0 1 1 0 0 1 0 0 1 0 0 0 0 0 0
239	6	0 1 1 1 0 0 1 1 0 0 1 1 0 0 0 0
239	5	0 1 1 1 0 0 1 0 0 0 0 1 0 0 0 0
239	4	1 1 1 1 0 0 1 0 0 1 1 1 0 0 0 0
239	3	1 1 1 0 0 0 1 0 0 0 0 1 0 0 0 0
239	8	0 1 1 0 0 1 1 1 0 0 0 0 0 0 1 0
239	4	1 1 0 0 0 1 1 1 0 0 0 0 0 0 1 0
239	11	1 1 1 0 0 0 1 0 1 1 0 0 0 0 0 0
239	10	1 1 1 1 0 0 1 0 0 0 0 0 0 1 0 1
239	3	1 1 1 1 0 0 0 0 0 1 0 0 0 0 0 0
239	3	1 1 1 0 1 0 1 1 0 0 1 1 0 1 0 0
239	3	1 1 1 0 1 0 1 1 0 0 1 0 1 0 0 1
239	6	0 1 1 1 0 0 1 0 0 0 0 0 0 1 0 0
239	18	1 1 1 0 1 0 1 0 0 1 0 0 0 0 0 0
239	7	1 1 1 1 0 0 0 0 0 1 0 0 0 1 0 0
239	10	1 1 1 1 0 0 1 0 1 0 0 0 0 1 0 0
239	12	0 1 1 1 1 0 1 0 0 0 1 1 0 0 0 0
239	3	1 1 1 1 0 0 1 0 0 0 1 1 0 0 1 0
239	7	1 1 1 0 0 0 1 1 0 1 1 0 0 1 0 0
239	1	0 1 1 1 0 0 1 0 0 1 0 1 0 0 0 0
239	5	1 1 1 0 0 1 1 0 0 1 0 0 0 1 0 0
239	7	0 1 1 1 0 0 1 0 0 1 0 0 0 0 1 0
239	19	0 1 1 1 0 0 1 0 0 0 0 1 0 1 0 0
239	2	1 1 1 1 0 0 1 0 0 0 1 1 1 0 1 0
239	6	1 1 1 0 1 1 1 1 0 0 1 0 1 0 0 1
239	3	1 1 1 1 0 0 1 0 1 0 0 0 1 1 0 0
239	2	0 1 1 1 0 0 1 0 0 0 1 0 0 0 0 0
239	9	1 1 1 1 0 0 1 0 0 0 0 0 0 0 0 0
239	2	0 1 1 0 0 1 1 0 0 0 0 0 0 0 1 0
239	1	1 1 1 0 0 0 1 0 0 0 0 0 0 0 1 0
239	6	0 1 1 1 1 0 1 0 0 1 0 0 0 1 0 0
239	6	1 1 1 0 0 0 1 0 1 1 0 0 0 1 0 0
239	1	1 0 1 0 0 0 1 1 0 1 1 0 0 1 0 0
239	1	1 1 1 1 0 0 1 1 0 0 1 0 0 1 0 0
239	3	1 1 1 0 1 0 1 0 0 1 0 0 0 1 0 0
239	1	1 1 0 0 0 0 1 0 0 1 0 0 0 0 0 0
239	3	0 1 0 1 1 0 1 0 0 1 1 0 0 1 0 0
239	2	1 1 1 1 0 0 1 0 0 0 0 0 1 1 0 1
239	15	1 1 1 0 0 1 1 0 1 1 0 0 0 1 0 0
239	1	0 1 0 1 0 0 1 1 0 1 0 0 0 1 0 0
239	3	0 1 0 1 0 0 1 0 0 1 0 0 0 1 0 0
239	4	0 1 1 0 0 0 1 0 0 0 0 0 0 1 0 0
239	6	1 1 1 0 1 0 1 0 0 0 0 1 0 0 1 0
239	2	1 1 0 0 0 0 1 0 0 1 0 1 0 0 0 1
239	1	0 1 1 1 0 0 1 1 0 0 0 1 0 0 0 0
239	3	0 1 1 1 1 0 1 0 0 1 0 0 0 1 1 0
239	2	0 1 0 1 0 0 1 1 0 0 1 0 0 1 0 0
239	1	1 1 0 0 1 0 1 0 0 0 0 1 0 0 0 0
239	2	1 1 1 0 0 1 1 1 0 0 0 0 0 1 0 0
239	3	1 0 1 1 0 0 1 0 0 1 0 1 0 0 0 0
239	1	1 1 1 0 1 0 1 0 0 1 1 0 0 0 0 0
239	1	1 1 1 1 1 0 1 0 0 0 1 1 0 0 0 0
239	1	1 1 1 0 0 0 1 1 0 0 0 0 0 1 0 0
239	2	0 1 0 1 0 0 1 1 1 0 1 0 0 1 0 0
239	3	0 0 0 1 0 0 1 1 1 0 0 0 0 1 0 0
239	6	0 1 1 1 0 0 1 0 0 0 0 0 1 1 0 0
239	1	0 1 1 1 0 0 0 0 0 1 0 0 0 0 0 0
239	1	0 1 0 1 1 0 1 0 0 0 0 0 0 1 0 0
239	1	0 1 0 1 1 0 1 0 0 1 1 0 0 0 1 0
239	2	1 1 1 1 0 0 1 0 1 1 0 0 0 0 0 0
239	1	0 1 1 1 1 0 1 1 0 1 0 1 0 0 0 0
239	1	1 1 1 1 0 0 1 1 0 0 1 1 0 0 0 0
239	1	0 1 1 0 0 0 1 0 0 1 0 0 0 0 0 0
239	1	1 1 1 1 0 0 1 0 0 1 1 0 0 1 0 0
239	2	1 1 1 0 0 1 1 0 1 0 0 0 0 1 0 0
252	59	1 1 1 0 0 0 1 0 0 1 0 0 0 1 0 0
252	72	0 1 1 1 0 0 1 0 0 0 1 1 0 0 0 0
252	32	0 1 1 1 0 0 1 0 0 1 0 0 0 1 0 0
252	44	0 1 1 1 0 0 1 1 0 0 0 0 0 1 0 0
252	67	1 1 1 1 0 0 1 0 0 1 0 0 0 1 0 0
252	76	1 1 1 0 0 0 1 0 0 1 0 0 0 0 0 0
252	1	1 1 1 0 1 0 1 0 0 1 1 0 0 1 0 0
252	12	0 1 1 1 0 0 1 1 0 0 1 0 0 1 0 0
252	26	1 1 1 1 0 0 1 0 0 1 0 0 0 0 0 0
252	33	1 1 1 0 0 1 1 1 0 0 0 0 0 0 1 0
252	7	1 1 1 1 0 0 1 0 0 1 0 0 0 1 0 1
252	22	0 1 1 1 0 0 1 0 0 1 0 0 0 0 0 0
252	2	0 1 1 1 0 0 1 0 1 1 0 0 0 1 0 0
252	3	1 1 1 0 0 0 0 0 0 1 0 0 0 0 0 0
252	38	1 1 1 1 0 0 1 0 0 0 1 1 0 0 0 0
252	19	1 1 1 0 0 0 1 0 0 0 0 0 0 1 0 0
252	26	1 1 1 1 0 0 1 0 0 0 0 0 0 1 0 0
252	2	1 1 1 0 0 0 1 0 0 1 0 1 0 0 0 0
252	2	0 1 0 1 0 0 1 1 1 0 0 0 0 1 0 0
252	7	1 1 0 0 0 0 1 0 0 1 0 1 0 0 0 0
252	10	1 1 1 0 0 0 1 1 0 1 1 0 0 0 0 0
252	22	1 0 1 1 0 0 1 0 0 1 0 0 0 0 0 0
252	4	0 1 1 1 0 0 1 1 0 0 1 1 0 0 0 0
252	1	1 1 1 0 0 0 1 0 0 0 0 1 0 0 0 0
252	10	0 1 1 0 0 1 1 1 0 0 0 0 0 0 1 0
252	8	1 1 1 0 0 0 1 0 1 1 0 0 0 0 0 0
252	13	1 1 1 1 0 0 1 0 0 0 0 0 0 1 0 1
252	18	1 1 1 0 1 0 1 1 0 0 1 1 0 1 0 0
252	11	1 1 1 0 1 0 1 0 0 1 0 0 0 0 0 0
252	14	1 1 1 1 0 0 1 0 1 0 0 0 0 1 0 0
252	8	0 1 1 1 1 0 1 0 0 0 1 1 0 0 0 0
252	5	1 1 1 0 0 0 1 1 0 1 1 0 0 1 0 0
252	1	0 1 1 1 0 0 1 0 0 1 0 1 0 0 0 0
252	10	1 1 1 0 0 1 1 0 0 1 0 0 0 1 0 0
252	4	0 1 1 1 0 0 1 0 0 1 0 0 0 0 1 0
252	10	0 1 1 1 0 0 1 0 0 0 0 1 0 1 0 0
252	47	1 1 1 1 0 0 1 0 0 0 0 0 0 0 0 0
252	4	1 1 1 0 0 0 1 0 1 1 0 0 0 1 0 0
252	9	1 1 1 0 1 0 1 0 0 1 0 0 0 1 0 0
252	17	1 1 0 0 0 0 1 0 0 1 0 0 0 0 0 0
252	3	0 1 0 1 1 0 1 0 0 1 1 0 0 1 0 0
252	5	1 1 1 0 0 1 1 0 1 1 0 0 0 1 0 0
252	20	1 1 1 0 1 0 1 0 0 0 0 1 0 0 1 0
252	1	1 1 0 0 0 0 1 0 0 1 0 1 0 0 0 1
252	1	0 1 1 1 0 0 0 0 0 1 0 0 0 0 0 0
252	8	0 1 0 1 0 0 1 0 0 0 0 0 0 1 0 1
252	4	1 1 1 0 0 0 1 1 0 1 0 0 0 1 0 0
252	8	0 1 1 0 0 0 1 0 0 1 0 0 0 1 0 0
252	5	1 1 1 0 0 0 1 0 0 0 0 1 0 1 0 0
252	5	1 1 1 0 0 1 1 1 1 1 0 0 0 1 0 0
252	7	1 0 1 1 0 0 1 0 0 1 0 0 0 1 0 0
252	16	1 0 1 0 0 0 1 0 0 1 0 0 0 0 0 0
252	6	0 1 1 0 1 0 1 0 0 1 0 0 0 0 0 0
252	13	1 1 1 0 1 0 1 0 0 1 1 1 0 0 0 0
252	2	0 1 1 1 0 0 1 0 0 1 0 1 0 1 0 0
252	11	1 1 1 1 0 0 1 0 0 0 0 1 0 0 0 0
252	1	1 1 1 0 0 0 1 1 0 1 0 1 0 0 0 0
252	1	1 1 1 0 0 0 1 0 0 0 1 1 0 1 0 0
252	3	0 1 1 1 1 0 1 0 0 1 0 0 0 1 0 0
252	3	1 1 1 0 0 0 1 0 0 0 1 1 0 0 0 0
252	2	0 1 1 1 0 1 1 0 0 1 0 0 0 1 0 0
252	14	0 1 0 1 0 0 1 0 0 1 1 0 0 0 0 0
252	4	1 1 1 0 0 0 1 1 0 1 1 0 0 1 0 1
252	1	1 1 1 1 0 1 1 0 0 0 1 0 0 1 0 0
252	5	0 1 1 0 0 1 1 1 0 0 1 1 0 0 0 0
252	6	1 1 0 1 0 0 1 0 0 1 1 0 0 0 0 0
252	1	1 1 1 1 0 0 1 0 1 0 0 0 0 1 1 0
252	1	1 1 1 1 0 1 1 1 1 1 0 0 0 1 0 0
252	5	1 1 1 0 1 0 1 1 0 0 1 1 1 0 0 1
252	1	0 1 1 1 0 0 1 1 0 1 0 0 0 0 0 0
252	3	1 1 1 0 0 0 1 1 0 0 1 1 0 1 0 0
252	5	1 1 1 1 0 0 1 0 0 0 0 0 1 0 0 0
252	7	1 1 0 0 0 0 1 0 0 0 0 0 0 0 0 0
252	1	1 1 1 1 0 0 1 1 0 0 1 0 0 1 0 0
252	1	1 1 1 0 0 0 1 0 0 1 1 0 0 0 0 0
252	4	1 1 1 0 0 0 1 0 0 0 0 0 0 0 0 0
252	1	1 1 1 0 0 0 1 1 0 1 0 0 0 0 0 0
252	1	1 1 1 0 0 1 1 1 0 1 0 0 0 0 1 0
252	6	1 1 1 1 0 0 1 0 0 0 0 0 0 0 0 1
252	2	1 1 1 0 1 0 1 1 1 0 1 1 0 1 0 0
252	2	0 1 1 0 1 0 1 0 0 1 0 0 0 1 0 0
252	1	1 1 1 1 0 0 1 0 0 1 0 0 0 0 1 0
252	3	1 1 1 1 0 0 1 0 0 0 1 0 0 0 0 0
252	3	0 1 1 1 0 0 1 0 0 0 1 0 0 0 0 0
252	1	0 1 1 1 0 0 1 1 0 0 0 0 1 1 0 0
252	1	0 1 0 1 0 0 1 1 0 0 1 0 0 1 0 0
252	3	1 1 1 0 0 1 0 0 0 1 0 0 0 0 0 0
252	3	0 1 0 1 0 0 1 0 0 0 0 0 1 1 0 1
252	1	1 1 1 0 1 0 1 1 0 0 0 0 0 1 0 0
252	1	1 1 0 0 0 0 1 0 0 1 0 0 0 1 0 0
252	1	0 1 1 1 0 1 1 0 0 0 1 1 0 0 0 0
252	2	0 1 1 1 0 0 1 1 0 0 0 0 0 1 0 1
252	3	0 1 0 1 0 0 1 1 0 0 0 0 0 1 0 0
252	2	1 0 1 1 0 0 1 0 0 0 0 0 0 1 0 0
252	2	0 1 1 0 1 0 1 0 0 0 1 1 0 0 0 0
252	1	1 1 0 1 0 0 1 0 0 1 0 0 0 0 0 0
350	3	0 1 1 1 0 0 1 0 0 0 1 1 0 0 0 0
350	62	1 1 1 1 0 0 1 0 0 1 0 0 0 1 0 0
350	44	1 1 1 1 0 0 1 0 0 1 0 0 0 0 0 0
350	64	1 1 1 1 0 0 1 0 0 0 1 1 0 0 0 0
350	36	1 1 1 1 0 0 1 0 0 0 0 0 0 1 0 0
350	16	1 1 1 0 1 0 1 0 0 1 0 0 0 0 0 0
350	4	1 1 1 1 0 0 1 0 0 1 0 1 0 0 0 0
350	84	1 1 1 1 1 0 1 0 0 1 0 0 0 0 0 0
350	55	1 1 1 1 1 0 1 0 0 1 0 0 1 0 0 0
350	61	1 1 1 1 1 0 1 0 0 0 1 1 0 0 0 0
350	8	1 1 1 1 0 0 1 0 0 1 1 1 0 0 0 0
350	23	1 1 1 1 0 0 0 0 0 1 0 0 0 1 0 0
350	13	1 0 1 1 0 0 1 0 0 0 1 1 0 0 0 0
350	1	1 1 1 1 0 0 0 0 0 0 0 0 0 0 0 0
350	58	1 1 1 1 0 0 1 0 0 0 0 1 0 1 0 0
350	22	1 1 1 1 1 0 1 0 1 0 1 1 0 0 0 0
350	17	0 1 1 0 0 0 1 0 0 0 0 0 0 0 0 0
350	19	1 1 1 1 0 0 1 0 0 0 1 1 1 0 0 0
350	3	0 1 1 1 0 0 1 0 0 0 0 1 0 0 0 0
350	10	1 1 1 1 0 0 1 0 0 0 1 0 0 0 0 0
350	10	1 1 1 1 1 0 1 0 1 1 0 0 0 0 0 0
350	5	1 1 1 0 0 0 1 0 0 1 0 1 1 0 0 0
350	14	1 1 1 1 0 0 0 0 0 0 0 0 0 1 0 0
350	57	1 1 1 1 0 0 1 0 0 0 0 0 0 0 0 0
350	1	1 1 1 1 1 1 0 1 0 0 0 0 0 0 0 0
350	12	1 1 1 1 1 1 0 0 0 1 0 0 0 0 0 0
350	5	1 0 1 1 1 0 1 0 0 0 1 1 0 0 0 0
350	6	1 1 1 1 0 0 1 0 1 1 0 0 0 1 0 0
350	12	1 0 1 1 0 0 1 0 0 0 0 0 0 0 0 0
350	19	1 1 1 1 1 1 1 0 0 1 0 0 0 0 0 0
350	14	1 1 1 1 0 0 0 0 0 0 1 0 0 0 0 0
350	9	1 1 1 1 0 0 0 0 0 1 0 0 0 1 1 0
350	4	0 1 1 1 0 0 1 0 0 0 1 1 0 0 1 0
350	8	1 1 1 1 0 0 1 0 1 1 0 0 0 0 0 0
350	2	1 1 1 1 0 0 1 1 1 0 0 0 0 0 1 0
350	20	1 1 0 1 1 0 1 0 1 1 0 0 0 0 0 0
350	11	1 1 1 1 0 0 1 0 0 1 0 1 0 1 0 0
350	10	1 1 1 0 1 0 1 1 0 1 0 1 0 0 0 0
350	7	1 1 1 1 1 0 1 0 0 1 1 1 0 0 0 0
350	4	1 1 1 1 0 0 1 0 1 0 0 1 0 1 0 0
350	4	1 1 1 1 1 0 1 0 1 1 0 0 0 0 1 0
350	18	1 1 1 1 0 0 1 0 0 0 1 1 1 1 0 0
350	14	1 1 1 1 0 0 1 0 0 1 0 0 0 0 1 0
350	5	1 1 1 1 0 0 1 0 1 0 0 0 0 0 0 0
350	7	1 1 1 1 1 1 0 1 0 0 0 0 0 0 0 1
350	2	1 1 1 1 0 0 1 0 0 0 1 1 0 0 1 0
350	2	0 1 1 0 0 0 1 0 0 0 1 0 0 0 0 0
350	6	1 1 1 1 0 0 1 0 0 0 1 1 0 1 0 0
350	17	1 1 1 1 1 1 1 0 1 0 1 1 1 0 1 0
350	3	1 1 1 1 1 0 1 0 1 0 0 1 0 0 0 0
350	1	1 1 1 1 0 1 1 0 0 0 1 0 0 0 0 0
350	3	1 0 1 1 1 0 1 0 0 0 0 0 0 0 0 0
350	2	0 1 1 1 1 0 1 0 0 0 1 1 0 0 0 1
350	10	1 1 1 1 0 0 1 0 0 0 0 0 0 0 1 0
350	1	1 1 1 1 1 1 1 0 1 1 0 0 0 1 0 0
350	7	1 1 1 1 1 0 1 0 0 1 0 0 0 1 0 0
350	3	1 1 1 1 0 1 1 0 0 1 0 0 0 1 0 0
350	6	1 1 1 1 0 0 1 1 0 0 1 1 0 0 0 0
350	7	1 1 1 1 0 0 0 0 0 0 0 1 0 1 0 0
350	2	0 1 1 1 0 1 1 0 0 1 0 0 0 1 0 0
350	8	1 1 1 0 1 1 1 1 0 1 0 1 0 0 0 0
350	2	1 1 1 0 1 0 1 1 0 0 0 0 0 1 0 0
350	3	1 1 1 0 0 0 1 0 0 0 0 0 0 1 0 0
350	1	0 1 1 1 0 0 1 0 0 1 0 0 0 1 0 0
350	1	1 1 1 1 1 0 0 0 0 0 1 1 0 0 0 0
350	2	1 1 1 1 1 0 1 1 0 0 1 1 0 0 0 0
350	1	1 1 1 1 0 1 0 0 0 0 0 0 0 0 0 0
350	3	1 1 1 1 1 0 1 0 1 1 0 0 1 0 0 0
350	1	1 1 0 1 1 0 1 0 1 1 0 0 0 1 0 0
350	1	1 1 1 1 1 0 1 1 0 1 0 0 1 0 0 0
350	1	1 1 1 1 1 1 1 0 0 0 1 1 0 0 0 0
350	4	1 1 1 1 0 0 1 0 0 1 0 0 0 0 0 1
350	2	1 1 1 1 0 0 1 0 0 0 0 1 0 0 0 0
350	2	1 1 1 0 0 0 1 0 0 0 0 1 0 1 0 0
350	1	1 1 1 1 0 0 1 0 0 0 1 1 1 0 0 1
350	1	1 1 0 1 1 1 0 0 0 1 0 0 0 0 0 0
350	3	1 1 1 1 1 0 1 0 0 1 1 0 0 0 0 0
350	1	0 1 1 0 0 0 1 0 0 1 0 0 0 1 0 0
350	2	1 1 1 1 0 0 0 0 0 1 0 0 0 0 0 0
350	1	1 1 0 1 1 0 1 0 0 1 0 0 0 0 0 0
350	1	1 1 1 1 0 1 1 0 0 0 1 1 0 0 0 0
350	1	1 1 0 1 0 0 1 0 0 0 1 1 0 0 0 0
350	2	1 1 1 1 1 0 1 0 0 1 1 0 1 0 0 0
350	1	1 1 1 1 1 0 1 0 0 0 1 1 0 1 0 0
350	1	1 1 1 1 0 0 1 0 0 1 0 1 1 1 0 0
400	16	1 1 1 1 0 0 1 0 0 1 0 0 0 1 0 0
400	54	1 1 1 1 0 0 1 0 0 0 1 1 0 0 0 0
400	53	1 1 1 1 0 0 1 0 0 0 0 0 0 1 0 0
400	48	1 1 1 1 0 0 1 0 0 1 0 1 0 0 0 0
400	37	1 1 1 1 1 0 1 0 0 1 0 0 0 0 0 0
400	2	1 1 1 1 1 0 1 0 0 1 0 0 1 0 0 0
400	50	1 1 1 1 1 0 1 0 0 0 1 1 0 0 0 0
400	5	0 1 1 0 0 0 1 0 0 0 0 0 0 0 0 0
400	61	1 1 1 1 1 0 1 0 1 1 0 0 0 0 0 0
400	15	1 1 1 1 1 1 1 0 0 1 0 0 0 0 0 0
400	4	1 1 1 1 0 0 1 1 1 0 0 0 0 0 1 0
400	4	1 1 0 1 1 0 1 0 1 1 0 0 0 0 0 0
400	54	1 1 1 1 1 0 1 0 0 1 1 1 0 0 0 0
400	48	1 1 1 1 1 0 1 0 1 1 0 0 0 0 1 0
400	21	1 1 1 0 1 1 1 1 0 1 0 1 0 0 0 0
400	37	1 1 1 1 0 0 1 0 0 0 0 1 0 0 0 0
400	63	1 1 1 1 1 0 1 0 0 1 1 0 0 0 0 0
400	11	1 1 1 1 1 0 1 0 0 1 0 0 0 1 0 0
400	7	1 1 1 1 0 0 1 1 0 1 0 0 0 0 0 0
400	16	1 1 1 1 0 0 1 1 0 1 0 1 0 0 0 0
400	8	1 1 0 1 0 0 1 0 0 0 1 1 0 0 0 0
400	17	1 1 1 1 0 0 1 1 0 1 0 1 0 1 0 0
400	12	1 1 1 1 0 1 1 1 1 0 0 0 0 0 1 0
400	35	1 1 1 1 1 0 1 0 0 1 0 0 0 0 1 0
400	32	1 1 1 1 0 0 1 0 0 0 0 1 1 1 0 0
400	1	1 1 1 1 0 1 0 0 0 1 0 0 0 0 0 0
400	38	1 1 1 0 0 0 1 0 0 0 0 1 0 0 0 0
400	1	1 1 1 1 0 0 1 1 0 1 0 0 0 1 0 0
400	7	1 1 0 1 1 0 1 0 0 1 1 1 0 0 0 0
400	14	1 1 1 1 0 0 1 0 0 1 1 1 0 0 0 0
400	11	1 1 0 1 0 0 1 0 0 1 0 1 0 0 0 0
400	2	1 1 0 1 0 0 0 0 0 0 1 1 1 1 0 0
400	12	1 1 0 1 1 0 1 0 1 1 0 1 0 0 0 0
400	4	1 1 1 1 0 0 1 0 0 0 1 1 1 0 0 0
400	4	1 1 1 1 0 0 0 0 0 0 1 1 1 0 0 0
400	5	1 1 1 1 1 0 1 0 0 1 0 1 0 0 0 1
400	1	1 1 1 1 0 0 1 1 0 1 0 0 1 0 0 0
400	3	1 1 1 1 0 0 0 0 0 1 0 1 0 0 0 0
400	16	1 1 1 1 0 0 0 0 0 1 0 0 0 1 0 0
400	5	1 1 1 1 0 0 1 0 0 1 1 0 0 0 0 0
400	6	0 1 1 1 1 0 1 1 0 1 0 0 0 0 0 0
400	2	1 1 1 1 0 0 1 0 1 1 0 0 0 0 1 0
400	3	1 1 1 1 1 0 1 0 0 0 1 1 0 0 1 0
400	3	1 1 1 1 1 1 1 0 0 1 1 1 0 0 0 0
400	8	1 1 1 1 1 0 1 0 0 1 1 1 0 0 0 1
400	9	1 1 0 1 1 0 0 0 0 1 1 1 0 0 0 0
400	3	1 1 1 1 1 0 1 0 0 0 1 1 0 1 0 0
400	18	1 1 0 1 0 0 1 0 0 0 0 1 0 0 0 0
400	2	1 1 0 1 1 0 1 0 1 1 0 0 0 0 1 0
400	1	0 1 1 1 1 0 1 0 1 1 0 0 0 0 1 0
400	2	1 1 1 1 1 1 1 0 0 1 1 0 0 0 0 0
400	2	1 1 1 1 1 0 1 1 0 1 0 0 0 1 0 0
400	1	1 1 1 1 0 0 0 1 0 1 0 1 0 0 0 0
400	3	1 1 1 0 0 0 1 0 1 1 0 1 0 0 0 0
400	4	1 1 1 1 0 0 1 0 0 0 0 0 0 0 0 0
400	1	1 1 1 1 0 0 1 0 0 0 0 0 0 0 1 0
400	2	1 1 1 1 0 1 1 0 0 0 0 0 0 1 0 0
400	5	1 1 0 0 1 0 1 0 1 1 0 0 0 0 0 0
400	11	1 1 1 1 1 0 1 0 1 1 1 1 0 0 0 0
400	1	1 1 1 1 1 0 0 0 0 1 1 1 0 0 0 0
400	3	1 1 1 1 1 0 1 0 0 0 0 0 0 1 0 0
400	3	1 1 1 1 0 0 1 0 0 1 0 0 0 0 1 0
400	1	1 1 1 0 0 0 1 0 0 0 1 1 0 0 0 0
400	6	1 1 1 1 1 0 0 0 0 1 0 0 0 0 0 0
400	1	1 1 1 1 1 1 1 0 0 1 0 0 0 1 0 0
400	8	1 1 1 1 1 0 1 0 0 1 0 0 1 0 1 0
400	4	1 1 1 1 0 1 1 1 0 1 0 0 0 1 0 0
400	5	1 1 0 1 1 0 0 0 1 1 1 1 0 0 0 0
400	3	0 1 1 1 0 0 1 0 0 1 0 1 0 0 0 0
400	1	0 1 1 1 1 0 1 1 0 1 0 0 0 0 1 0
400	2	1 1 1 0 0 0 1 0 0 1 0 0 0 1 0 0
400	4	1 0 1 1 1 1 1 0 0 1 0 0 0 0 0 0
400	2	1 1 1 1 1 0 1 0 0 0 0 1 0 0 0 1
400	3	1 1 1 1 1 0 1 0 0 1 0 1 0 0 0 0
400	3	1 1 1 1 1 0 1 0 0 0 1 1 0 0 0 1
400	1	1 0 1 1 1 0 1 0 0 1 1 0 0 0 0 0
400	4	1 1 1 1 1 0 1 0 0 0 0 0 0 0 1 0
400	4	1 1 1 0 0 0 1 0 0 0 0 1 0 1 0 0
400	1	1 1 1 1 1 0 1 0 1 1 1 1 1 0 0 0
400	2	1 1 1 0 1 1 1 1 0 1 0 0 0 1 0 0
400	2	1 1 1 0 1 1 1 1 0 1 0 1 0 1 0 0
400	2	1 1 1 1 0 0 1 0 0 0 0 1 0 1 0 0
400	3	1 1 1 1 0 0 1 0 0 1 0 0 0 0 0 0
400	1	1 1 1 1 0 0 0 0 0 1 1 1 0 0 0 0
400	1	0 1 1 1 0 0 1 0 0 0 0 0 0 1 0 0
400	2	1 1 1 1 0 1 1 0 0 1 0 1 0 0 0 0
400	1	1 1 1 1 1 0 1 1 0 1 1 1 0 0 0 0
400	1	1 1 1 0 1 0 1 0 0 1 1 0 0 0 0 0
400	1	1 1 1 1 0 0 1 1 0 0 0 1 0 0 0 0
400	2	1 0 1 1 0 0 1 0 0 0 0 1 1 1 0 0
400	1	1 1 1 0 0 0 1 1 0 0 0 1 0 0 0 0
400	1	1 1 0 1 0 0 1 0 0 0 0 1 0 1 0 0
