0	23	1 0 0 0 0 0 0 0 1 1 0 0 0 0 0 0
0	32	0 0 0 0 0 0 0 0 0 1 1 0 0 1 0 0
0	20	0 0 0 0 1 0 0 0 1 0 1 0 0 0 0 0
0	25	0 0 0 0 0 0 1 0 0 1 0 1 1 0 1 0
8	19	1 0 0 0 0 0 0 0 1 1 0 0 0 0 0 0
8	12	0 0 0 0 0 0 0 0 0 1 1 0 0 1 0 0
8	30	0 0 0 0 1 0 0 0 1 0 1 0 0 0 0 0
8	26	0 0 0 0 0 0 1 0 0 1 0 1 1 0 1 0
8	1	1 0 0 0 0 0 0 0 0 1 1 0 0 1 0 0
8	1	0 0 0 0 0 0 0 0 1 1 0 0 0 0 0 0
8	1	1 1 0 0 0 0 0 0 1 1 0 0 0 0 0 0
8	1	0 0 0 0 0 0 1 0 0 1 1 0 0 1 0 0
8	1	1 0 0 0 0 1 0 0 1 1 0 0 0 0 0 0
8	1	0 0 0 0 0 0 0 0 1 1 1 0 0 1 0 0
8	1	0 0 0 0 0 0 0 0 0 1 1 0 0 0 0 0
8	1	0 0 0 0 1 0 0 0 1 0 1 0 0 1 0 0
8	1	1 0 0 0 0 0 0 0 1 1 0 0 0 1 0 0
8	1	1 0 0 0 0 0 0 1 1 1 0 0 0 0 0 0
8	2	0 0 0 0 0 0 0 0 0 1 1 0 0 1 0 1
8	1	0 0 0 0 0 1 0 0 1 1 0 0 0 0 0 0
45	30	1 0 0 0 0 0 0 0 1 1 0 0 0 0 0 0
45	9	0 0 0 0 0 0 0 0 0 1 1 0 0 1 0 0
45	6	0 0 0 0 1 0 0 0 1 0 1 0 0 0 0 0
45	1	0 0 0 0 0 0 1 0 0 1 0 1 1 0 1 0
45	3	0 0 0 0 0 0 0 0 1 1 0 0 0 0 0 0
45	1	0 0 0 0 1 0 0 0 1 0 1 0 0 1 0 0
45	2	1 0 0 0 0 0 0 0 1 0 1 0 0 0 0 0
45	2	0 0 0 0 1 0 0 0 1 0 1 0 0 0 1 0
45	1	1 0 0 0 0 0 1 0 1 1 0 0 0 0 0 0
45	1	0 0 0 1 1 0 0 0 1 0 1 0 0 0 0 0
45	2	0 0 0 0 0 0 1 0 1 1 0 0 0 0 0 0
45	3	1 0 0 0 0 0 0 0 1 0 0 0 0 0 0 0
45	2	1 0 0 0 0 0 0 0 1 1 1 0 0 0 0 0
45	1	0 0 0 0 0 1 0 0 0 1 1 0 0 1 0 0
45	1	0 0 0 0 1 0 0 0 1 0 1 0 1 0 0 0
45	6	0 0 0 0 0 0 0 0 1 0 1 0 0 0 0 0
45	2	1 0 0 0 0 0 0 0 1 1 0 0 0 0 1 0
45	1	0 0 0 0 1 1 0 0 1 0 1 0 0 0 1 0
45	1	0 0 0 0 1 1 0 0 0 1 1 0 0 1 0 0
45	3	1 0 0 0 0 0 1 0 0 1 0 1 1 0 1 0
45	1	0 0 0 0 1 0 0 0 1 1 1 0 0 0 0 0
45	1	1 0 0 0 1 0 0 0 1 0 1 0 0 0 0 0
45	1	1 0 0 1 0 0 0 0 1 1 0 0 0 0 0 0
45	1	0 0 0 0 1 0 1 0 1 0 1 0 0 0 0 0
45	2	0 0 0 0 0 0 1 0 0 1 0 0 0 0 0 0
45	1	0 0 1 0 1 0 0 0 1 0 1 0 0 0 0 0
45	1	1 0 0 0 0 0 0 0 1 1 0 1 1 1 0 0
45	1	0 0 0 0 1 0 0 0 0 0 1 0 0 0 1 0
45	3	1 0 0 0 0 1 0 0 0 1 1 0 0 1 0 0
45	1	0 0 0 0 1 0 0 0 1 0 0 0 0 0 0 0
45	1	0 0 0 0 1 0 0 0 1 0 1 0 0 0 0 1
45	1	1 0 0 0 0 0 1 0 1 1 0 1 0 0 0 0
45	1	1 1 0 0 0 0 0 0 1 1 0 0 0 0 0 0
45	1	1 0 0 0 1 0 0 0 0 0 1 0 0 0 0 0
45	1	0 1 0 0 0 0 0 0 1 1 0 0 0 0 0 0
45	2	0 0 0 0 1 0 1 0 1 1 0 0 0 0 0 0
45	1	0 0 0 0 1 0 0 0 1 1 0 0 0 0 1 0
45	1	1 0 0 0 0 0 0 0 1 0 1 0 0 1 1 0
85	25	1 0 0 0 0 0 0 0 1 1 0 0 0 0 0 0
85	1	0 0 0 0 0 0 0 0 1 1 0 0 0 0 0 0
85	1	1 0 0 0 0 1 0 0 1 1 0 0 0 0 0 0
85	19	1 0 0 0 0 0 0 0 1 0 1 0 0 0 0 0
85	8	1 0 0 0 0 0 0 0 1 1 1 0 0 0 0 0
85	2	1 0 0 1 0 0 0 0 1 1 0 0 0 0 0 0
85	4	0 0 0 0 1 0 1 0 1 0 1 0 0 0 0 0
85	3	0 0 1 0 1 0 0 0 1 0 1 0 0 0 0 0
85	1	1 0 0 0 0 0 0 0 1 1 0 0 1 0 0 0
85	1	1 1 0 0 0 0 0 0 1 1 0 0 0 0 0 0
85	1	1 0 0 0 1 0 0 0 1 0 1 0 0 1 0 0
85	4	1 0 0 0 1 0 0 0 1 1 0 1 1 0 0 0
85	1	1 0 0 0 0 0 0 0 1 1 1 0 0 1 0 0
85	1	1 0 0 1 1 0 0 0 1 1 0 0 0 0 0 0
85	2	1 0 1 1 0 0 0 0 1 1 1 0 0 0 0 0
85	1	0 0 0 0 1 0 0 1 1 0 1 0 0 1 0 0
85	4	1 0 0 0 0 0 0 0 0 1 1 0 0 0 0 0
85	2	1 0 0 0 0 0 0 0 1 1 0 0 0 0 1 0
85	2	1 0 0 0 0 0 1 0 1 1 1 0 0 0 0 0
85	2	1 0 0 0 1 0 1 0 1 0 1 0 0 0 1 0
85	1	1 1 1 0 0 0 0 0 1 1 0 0 0 0 0 0
85	2	1 0 1 0 0 0 0 1 1 1 1 0 0 0 0 0
85	1	0 0 0 0 0 0 0 0 1 1 1 0 0 0 0 0
85	1	0 0 1 0 1 0 0 0 1 1 0 0 1 0 0 0
85	1	1 0 0 0 0 1 0 0 1 1 1 0 0 0 0 0
85	1	1 0 0 0 0 0 0 0 1 1 0 0 0 0 0 1
85	1	1 0 0 0 0 0 0 0 1 1 1 0 0 1 0 1
85	1	1 0 1 0 0 0 0 0 1 1 1 0 0 0 0 0
85	1	1 0 0 0 0 0 0 0 1 1 0 0 0 1 0 0
85	2	0 0 0 0 0 0 0 0 1 1 0 0 0 1 0 0
85	1	0 0 0 0 1 0 0 0 1 1 1 0 0 1 0 0
85	1	1 1 0 1 0 0 0 0 1 1 0 0 0 0 0 0
85	1	1 0 0 0 0 1 0 0 1 1 1 0 0 0 1 0
154	3	1 0 0 0 0 0 0 0 1 1 0 0 0 0 0 0
154	3	1 0 0 0 0 1 0 0 1 1 0 0 0 0 0 0
154	3	1 0 0 0 0 0 0 0 1 0 1 0 0 0 0 0
154	19	1 0 1 1 0 0 0 0 1 1 1 0 0 0 0 0
154	2	1 0 0 0 0 0 1 0 1 1 1 0 0 0 0 0
154	3	1 0 0 0 0 0 1 0 1 1 0 0 0 0 0 0
154	1	1 1 0 1 0 0 0 0 1 1 0 0 0 0 0 0
154	5	1 1 1 1 0 0 0 0 1 1 1 0 0 0 0 0
154	4	1 1 0 0 0 0 0 0 1 0 1 0 0 0 0 0
154	3	1 0 1 1 0 0 0 0 1 1 0 0 0 0 0 0
154	5	1 0 0 0 0 0 0 0 1 0 0 0 0 0 0 0
154	3	1 0 0 1 0 0 0 0 1 0 1 0 0 0 0 0
154	3	1 0 0 0 0 0 0 0 0 1 0 0 0 0 0 1
154	5	1 1 0 1 1 0 0 0 1 1 0 0 0 0 0 0
154	2	1 0 0 0 0 0 0 0 1 0 1 0 0 1 0 0
154	1	1 1 1 1 0 0 0 0 1 1 1 0 0 1 0 0
154	2	1 1 0 1 0 0 0 0 1 1 0 0 0 0 1 0
154	1	1 0 0 0 0 1 0 0 1 1 1 0 0 0 0 0
154	2	1 0 0 0 0 0 0 0 1 1 0 0 1 0 0 0
154	1	1 1 1 1 1 0 0 0 1 1 1 0 0 0 0 0
154	1	1 0 0 0 0 0 0 0 1 1 0 0 0 1 0 0
154	1	1 1 0 1 0 0 0 0 0 1 0 0 0 0 0 0
154	4	1 0 1 1 0 1 0 0 1 1 0 0 0 0 0 0
154	2	1 0 0 0 0 0 0 1 1 1 0 0 0 0 0 0
154	3	1 0 1 0 1 0 0 0 1 1 1 0 0 0 0 0
154	2	1 0 0 1 0 0 0 0 1 1 0 1 0 0 0 0
154	1	1 0 0 0 0 0 0 1 1 0 1 0 0 0 0 0
154	1	1 0 0 0 0 0 0 0 1 1 0 0 0 0 1 0
154	1	0 0 0 0 0 0 0 0 1 0 0 0 0 0 0 0
154	2	1 0 1 1 0 0 0 0 1 1 0 0 0 1 0 0
154	2	1 0 0 0 0 0 0 0 1 0 0 0 0 0 1 0
154	1	1 1 1 1 1 0 0 0 1 0 1 0 0 0 0 0
154	1	1 1 1 1 1 0 0 0 1 1 0 0 0 0 0 1
154	1	1 0 1 1 0 0 0 0 0 1 1 0 0 0 0 0
154	1	0 1 1 0 0 0 0 0 1 0 0 0 0 0 0 0
154	1	1 0 0 1 1 0 0 0 1 0 1 0 0 0 0 0
154	1	1 0 1 1 0 0 0 0 1 1 0 0 1 0 0 0
154	1	1 0 0 0 0 1 0 0 1 0 1 0 0 0 0 0
154	1	1 0 1 0 1 0 0 0 1 1 1 0 1 0 0 0
154	1	0 1 1 1 0 1 0 0 1 1 1 0 0 0 0 0
239	4	1 1 0 1 0 0 0 0 1 1 0 0 0 0 0 0
239	12	1 0 1 1 0 0 0 0 1 1 0 0 0 0 0 0
239	4	1 1 1 1 1 0 0 0 1 0 1 0 0 0 0 0
239	2	1 1 1 1 0 0 0 0 1 0 1 0 0 1 0 0
239	2	1 1 1 1 0 1 0 0 1 1 0 0 0 0 0 0
239	3	1 0 1 0 0 0 0 1 1 1 0 0 0 0 0 0
239	5	1 1 1 1 1 0 0 0 0 1 0 0 0 0 0 0
239	1	0 1 1 0 1 0 0 0 1 1 0 0 0 0 0 0
239	6	1 0 0 1 0 1 0 0 1 1 0 0 0 0 0 0
239	2	1 1 0 0 0 0 0 0 1 0 1 0 0 0 0 0
239	1	1 0 0 0 0 0 1 0 1 0 0 0 0 0 0 0
239	3	1 1 1 1 0 0 0 0 1 1 0 0 0 0 0 0
239	3	1 1 0 1 1 1 0 0 1 0 0 0 0 0 0 0
239	7	1 0 1 1 0 0 0 0 1 0 1 0 0 0 0 0
239	2	1 1 1 0 0 1 0 0 1 1 0 0 0 0 0 0
239	2	1 1 1 1 0 0 0 0 1 0 1 0 0 0 0 0
239	3	1 1 1 1 1 0 0 0 1 0 1 0 0 1 0 0
239	1	1 0 1 1 0 0 1 0 1 1 1 0 0 0 1 0
239	2	1 0 1 0 0 0 0 1 1 1 0 0 0 1 0 0
239	2	0 1 1 0 0 0 0 0 1 1 0 0 0 0 0 0
239	1	1 0 0 1 0 0 0 0 1 0 1 0 0 0 0 0
239	2	1 1 1 1 0 1 0 0 1 1 1 0 0 0 0 0
239	5	1 1 1 1 1 1 0 0 1 0 0 0 0 0 0 0
239	3	1 1 1 1 1 0 0 0 1 0 1 0 0 0 1 0
239	1	1 1 1 1 1 0 0 0 0 1 0 0 0 1 0 0
239	1	1 1 0 1 1 0 1 0 0 1 0 0 0 1 0 0
239	2	1 0 1 0 0 0 0 0 1 0 0 0 0 0 0 0
239	1	1 0 1 1 1 1 0 0 1 0 0 0 0 0 0 0
239	1	1 0 1 0 0 0 0 1 1 1 1 0 0 0 0 0
239	1	1 1 1 1 0 0 1 1 1 1 0 0 0 1 0 0
239	1	1 0 1 0 0 0 1 1 1 1 0 0 0 0 0 0
239	2	1 0 0 1 0 0 0 0 1 1 1 0 0 0 0 0
239	1	0 0 1 1 0 0 0 0 1 1 0 0 0 0 0 0
239	1	1 0 0 0 0 0 1 0 1 0 0 0 1 0 0 0
239	1	0 1 1 1 0 0 1 0 1 1 0 0 0 0 1 0
239	2	1 0 1 1 0 0 0 0 1 1 0 1 0 0 0 0
239	2	1 1 1 1 0 1 0 0 1 0 1 0 0 1 0 0
239	1	1 0 0 0 0 0 1 0 0 0 0 0 0 0 0 0
239	1	1 1 1 1 0 1 0 0 1 0 1 0 0 0 0 0
239	1	1 0 1 1 0 0 1 1 1 1 0 0 0 0 0 0
239	1	1 1 1 1 1 1 0 1 1 0 0 0 0 0 0 0
239	1	1 1 1 1 1 1 0 0 1 0 1 0 0 1 0 0
252	2	1 1 0 1 0 0 0 0 1 1 0 0 0 0 0 0
252	14	1 0 1 1 0 0 0 0 1 1 0 0 0 0 0 0
252	2	1 1 1 1 1 0 0 0 1 0 1 0 0 0 0 0
252	1	1 1 1 1 0 0 0 0 1 0 1 0 0 1 0 0
252	2	1 1 1 1 0 1 0 0 1 1 0 0 0 0 0 0
252	3	1 0 1 1 1 0 0 0 1 1 0 0 0 0 0 0
252	1	1 1 0 1 1 0 0 0 0 1 0 0 0 1 0 0
252	1	1 1 1 1 1 0 0 0 0 1 0 0 0 0 0 0
252	1	0 1 1 0 1 0 0 0 1 1 0 0 0 0 0 0
252	1	1 0 0 1 0 1 0 0 1 1 0 0 0 0 0 0
252	1	1 1 0 0 0 0 0 0 1 0 1 0 0 0 0 0
252	4	1 1 1 1 0 0 0 0 1 1 0 0 0 0 0 0
252	9	1 0 1 1 0 0 0 0 1 0 1 0 0 0 0 0
252	1	1 1 1 1 0 0 1 0 1 1 0 0 0 0 0 1
252	2	1 1 1 0 0 1 0 0 1 1 0 0 0 0 0 0
252	4	1 1 1 1 0 0 0 0 1 0 1 0 0 0 0 0
252	1	1 1 1 1 1 0 0 0 1 0 1 0 0 1 0 0
252	1	1 0 1 0 0 0 0 1 1 1 0 0 0 1 0 0
252	4	1 1 1 1 0 0 0 0 1 0 1 0 0 1 0 1
252	3	1 1 1 1 0 0 0 0 1 1 0 0 0 1 0 0
252	4	1 1 1 1 1 0 0 0 0 1 0 0 0 1 0 0
252	4	1 1 0 1 1 0 1 0 0 1 0 0 0 1 0 0
252	1	1 0 1 0 0 0 0 0 1 0 0 0 0 0 0 0
252	3	1 1 1 1 1 0 0 0 0 1 0 1 0 0 0 0
252	1	1 0 1 1 1 0 0 0 1 1 1 0 0 0 0 0
252	1	1 1 1 0 0 0 0 0 1 1 0 0 0 0 0 0
252	3	1 1 1 1 0 0 1 1 1 1 0 0 0 1 0 0
252	1	1 1 1 0 0 0 0 0 1 0 1 0 0 0 0 0
252	1	1 1 1 1 1 0 0 0 1 1 0 0 0 0 0 0
252	1	1 0 1 1 0 0 0 0 0 1 0 0 0 0 0 0
252	1	1 0 1 1 1 0 0 0 0 1 0 1 0 0 0 0
252	1	1 1 1 1 0 0 0 0 1 1 1 0 0 1 0 0
252	1	1 1 1 1 0 1 0 0 1 0 1 0 0 0 0 0
252	1	1 0 1 1 1 0 1 1 1 1 1 0 0 0 0 0
252	3	1 0 1 0 1 0 0 0 1 1 0 0 0 0 0 0
252	3	1 1 1 1 0 0 0 0 1 0 1 0 1 1 0 0
252	2	1 1 1 1 1 1 0 0 1 0 0 0 0 1 0 0
252	1	1 0 0 1 1 0 0 0 1 0 1 0 0 1 0 0
252	1	1 0 1 0 0 0 1 1 1 1 0 0 0 1 0 0
252	1	1 1 0 1 1 1 0 0 1 0 0 0 1 0 0 0
252	1	0 0 1 1 1 0 0 0 1 1 0 0 0 0 0 0
252	1	0 0 0 0 0 0 1 0 1 0 0 0 1 0 0 0
252	1	1 1 0 1 1 1 1 0 0 1 0 0 0 1 0 0
252	1	1 1 1 1 0 1 0 0 0 0 0 0 0 0 0 0
252	1	1 1 1 0 0 0 0 0 0 1 0 1 0 0 0 0
252	1	1 0 1 1 0 1 0 0 1 1 0 0 0 0 0 0
252	1	1 0 0 1 0 0 1 0 1 0 0 0 0 0 0 0
350	7	1 1 1 1 0 0 0 0 1 1 0 0 0 0 0 0
350	7	1 0 1 1 0 0 0 0 1 0 1 0 0 0 0 0
350	3	1 1 1 1 0 0 0 0 1 0 1 0 0 0 0 0
350	8	1 1 1 1 1 1 0 0 1 0 0 0 0 0 0 0
350	5	1 1 1 1 1 0 0 0 1 1 0 0 0 0 0 0
350	2	1 1 1 1 0 0 1 0 1 0 1 0 0 0 0 0
350	12	1 1 1 1 0 0 0 0 1 1 1 0 0 0 0 0
350	1	1 1 1 1 1 0 0 0 0 1 0 1 0 0 0 0
350	1	1 0 1 0 1 0 0 0 1 0 0 0 0 0 0 0
350	1	1 1 1 1 0 0 0 1 1 1 0 0 0 0 0 0
350	2	1 0 1 1 0 0 0 1 1 1 0 0 0 0 0 0
350	6	1 1 1 1 0 0 0 0 1 0 0 0 0 0 0 0
350	1	0 1 1 1 0 0 0 0 1 1 0 0 0 0 0 0
350	1	1 1 1 1 0 0 1 0 0 1 0 0 0 0 0 0
350	2	1 1 0 1 1 0 0 0 1 0 1 0 0 1 0 0
350	1	1 1 1 1 1 0 0 0 0 1 0 1 0 0 0 1
350	3	0 1 1 1 0 0 0 0 1 0 1 0 0 0 0 0
350	1	1 1 1 1 0 0 0 0 1 0 0 1 0 0 0 0
350	1	1 1 1 1 0 1 0 0 1 1 0 0 0 0 0 0
350	1	1 0 1 1 0 0 0 0 1 0 0 1 0 0 0 0
350	1	1 0 1 1 0 0 0 0 1 1 0 1 1 0 0 0
350	1	0 1 0 1 1 0 0 0 1 0 1 0 0 1 0 0
350	6	1 0 0 1 1 0 0 0 1 0 1 0 0 1 0 0
350	1	1 0 1 1 0 1 0 1 1 0 1 0 0 0 0 0
350	3	1 1 0 1 0 0 0 0 1 0 1 0 0 1 0 0
350	1	1 1 1 1 0 0 0 0 1 0 1 1 0 0 0 0
350	1	1 1 1 1 0 0 0 0 0 1 1 0 0 1 0 0
350	1	1 0 1 1 0 0 0 0 1 1 0 0 0 1 0 0
350	1	0 1 1 1 0 1 0 1 1 1 1 0 0 1 0 0
350	1	1 0 1 1 1 1 0 0 0 1 0 1 0 0 0 0
350	1	1 0 1 1 0 0 0 0 1 1 0 0 0 0 0 0
350	1	1 1 1 1 0 1 0 0 1 0 1 0 0 0 0 0
350	2	0 1 1 1 0 0 0 0 1 1 1 0 0 1 0 0
350	1	1 1 1 1 0 0 1 0 1 0 0 0 0 0 0 0
350	1	1 0 1 1 0 0 0 0 1 0 1 1 0 0 0 0
350	1	1 1 0 1 1 1 0 0 1 0 0 0 0 0 0 0
350	2	1 1 1 1 0 0 0 0 1 1 1 1 0 0 0 0
350	1	0 1 1 1 0 1 0 1 1 0 0 0 0 0 0 0
350	1	1 1 1 1 0 1 0 1 1 0 1 0 0 1 0 0
350	1	1 0 1 1 1 0 0 0 1 0 0 0 0 0 0 0
350	1	1 1 1 0 0 0 0 0 1 1 0 0 0 0 0 0
350	2	1 0 1 1 1 1 0 0 1 0 0 0 0 0 0 0
350	1	0 1 0 1 1 0 0 0 1 1 0 0 0 0 0 0
350	1	1 0 0 1 1 0 0 0 1 0 1 0 0 0 0 0
400	10	1 1 1 1 0 0 0 0 1 1 0 0 0 0 0 0
400	5	1 0 1 1 0 0 0 0 1 0 1 0 0 0 0 0
400	4	1 1 1 1 0 0 0 0 1 0 1 0 0 0 0 0
400	5	1 1 1 1 1 1 0 0 1 0 0 0 0 0 0 0
400	3	1 1 1 1 0 0 0 0 1 1 1 0 0 0 0 0
400	8	1 1 1 1 0 0 0 0 1 0 0 0 0 0 0 0
400	1	1 1 1 1 1 0 0 0 0 1 0 1 0 0 0 1
400	6	0 1 1 1 0 0 0 0 1 0 1 0 0 0 0 0
400	1	1 1 1 1 0 1 0 0 1 0 1 0 0 0 0 0
400	4	1 1 0 1 1 1 0 0 1 0 0 0 0 0 0 0
400	6	1 1 1 1 0 0 1 0 1 0 1 1 0 0 0 0
400	1	1 1 1 1 0 0 0 0 1 1 0 0 0 0 1 0
400	1	1 1 1 0 0 0 0 0 1 1 1 0 0 0 0 0
400	1	1 1 1 1 0 0 0 0 1 1 0 0 1 0 0 0
400	10	1 1 1 1 0 1 0 0 1 0 0 0 0 0 0 0
400	2	1 1 1 1 0 0 0 0 0 1 0 1 0 0 0 1
400	1	1 1 1 1 1 0 0 0 1 0 0 0 0 0 1 0
400	2	1 0 1 1 1 1 0 0 1 1 1 0 0 0 0 0
400	3	1 1 1 0 0 1 0 0 1 0 0 0 0 0 0 0
400	3	1 1 0 1 1 0 0 0 0 1 0 1 0 0 0 0
400	3	1 0 1 1 0 1 0 1 0 0 0 0 0 0 0 0
400	1	1 1 1 1 0 0 1 0 1 0 0 0 0 0 1 0
400	1	1 1 1 1 1 1 0 0 1 0 1 0 0 0 0 0
400	1	1 0 1 1 0 0 1 0 1 0 1 1 0 0 0 0
400	2	1 1 1 1 0 0 0 1 1 0 1 0 0 0 0 0
400	1	1 1 1 0 0 1 0 1 1 1 0 0 1 0 0 0
400	1	1 1 1 1 0 0 0 0 1 0 1 0 0 0 0 1
400	1	1 1 1 1 1 1 0 0 0 0 0 0 0 0 0 0
400	3	0 1 1 1 0 0 1 0 1 0 1 1 0 0 0 0
400	2	1 1 0 0 0 0 0 0 1 0 0 0 0 0 1 0
400	1	1 1 0 0 0 0 0 0 1 1 0 0 0 0 0 0
400	1	1 1 1 1 1 1 0 0 1 1 0 0 1 0 0 0
400	1	1 1 1 1 0 0 0 0 0 1 0 0 0 0 0 0
400	2	0 1 1 1 0 0 0 0 1 1 0 0 0 0 1 0
400	1	1 1 1 1 0 0 0 0 0 0 0 0 0 0 0 0
400	1	1 0 1 1 0 1 0 0 1 1 0 0 0 0 0 0
