0	10	0 0 1 0 0 0 1 1 0 0 0 1 0 0 0 0
0	20	0 0 0 0 0 1 0 0 0 0 0 0 0 0 0 0
0	12	1 1 0 0 0 0 0 0 0 0 0 0 0 0 1 0
0	8	0 0 0 0 1 0 0 0 0 0 1 0 0 1 1 1
10	25	0 0 1 0 0 0 1 1 0 0 0 1 0 0 0 0
10	3	0 0 0 0 0 1 0 0 0 0 0 0 0 0 0 0
10	5	1 1 0 0 0 0 0 0 0 0 0 0 0 0 1 0
10	7	0 0 0 0 1 0 0 0 0 0 1 0 0 1 1 1
10	1	0 0 1 0 0 0 1 0 0 0 0 0 0 0 0 0
10	1	0 1 0 0 0 0 0 0 0 0 0 0 0 0 1 0
10	1	0 0 0 0 1 0 0 1 0 0 1 0 0 1 1 1
10	1	0 0 1 0 0 0 1 1 0 0 0 1 1 0 0 0
10	1	0 0 1 0 0 0 1 1 1 0 0 1 0 0 0 0
10	1	0 0 1 0 0 0 1 1 0 0 0 0 0 0 0 0
10	1	1 0 1 0 0 0 1 1 0 0 0 1 0 0 0 0
10	1	1 1 1 0 0 0 0 0 0 0 0 0 0 0 1 0
10	2	1 1 0 0 0 0 0 0 0 0 1 0 0 0 1 0
20	24	0 0 1 0 0 0 1 1 0 0 0 1 0 0 0 0
20	2	1 1 0 0 0 0 0 0 0 0 0 0 0 0 1 0
20	3	0 0 0 0 1 0 0 0 0 0 1 0 0 1 1 1
20	2	0 0 1 0 1 0 1 1 0 0 0 1 0 0 0 0
20	2	0 0 0 0 1 0 0 0 0 0 1 0 0 0 1 1
20	2	1 1 1 0 0 0 1 1 0 0 0 1 0 0 0 0
20	1	0 0 1 0 0 0 1 1 0 0 0 1 1 0 0 0
20	1	1 0 1 0 0 0 1 1 0 0 0 1 0 0 0 0
20	1	0 0 0 0 0 1 0 0 0 0 0 0 1 0 0 0
20	1	1 0 0 0 0 1 0 0 0 0 0 0 0 0 0 0
20	1	0 0 0 0 1 0 0 0 0 0 0 1 0 0 0 0
20	2	0 0 0 0 0 0 1 1 0 0 0 1 0 0 0 0
20	3	1 1 0 0 0 0 1 1 0 0 0 1 0 0 0 0
20	1	0 0 1 0 0 0 1 1 0 0 0 0 0 0 0 1
20	1	0 0 1 0 1 0 0 0 0 0 1 0 0 0 0 0
20	1	0 0 1 0 1 0 1 0 0 0 1 0 0 1 1 0
20	1	0 0 1 0 0 1 1 1 0 0 0 1 0 0 0 0
20	1	0 0 0 0 0 0 0 0 0 0 0 0 0 0 1 0
30	20	0 0 1 0 0 0 1 1 0 0 0 1 0 0 0 0
30	1	0 0 0 0 0 1 0 0 0 0 0 0 0 0 0 0
30	1	1 1 0 0 0 0 0 0 0 0 0 0 0 0 1 0
30	3	0 0 0 0 1 0 0 0 0 0 1 0 0 1 1 1
30	2	0 0 1 0 1 0 1 1 0 0 0 1 0 0 0 0
30	2	0 0 0 0 1 0 0 0 0 0 1 0 0 0 1 1
30	1	1 1 1 0 0 0 1 1 0 0 0 1 0 0 0 0
30	1	1 1 0 0 0 0 0 0 0 0 0 0 0 0 0 0
30	1	1 0 1 0 0 0 1 1 0 0 0 1 0 0 0 0
30	1	0 0 0 0 1 0 1 0 0 0 1 0 0 1 1 1
30	2	0 0 1 0 0 0 1 1 0 0 0 1 0 1 0 0
30	5	1 1 0 0 0 0 1 1 0 0 0 1 0 0 0 0
30	1	0 0 1 1 0 0 1 1 0 0 0 1 0 0 0 0
30	2	0 0 1 0 0 0 1 1 0 0 0 0 0 0 0 1
30	1	0 0 1 0 0 0 1 1 0 0 0 1 0 0 0 1
30	1	0 0 0 0 0 1 0 0 0 0 1 0 0 0 0 0
30	1	1 1 0 0 0 0 0 0 0 0 0 1 0 0 0 0
30	1	0 0 1 0 0 0 1 1 0 0 0 1 0 0 1 0
30	1	1 1 0 1 0 0 1 1 0 0 0 1 0 0 0 0
30	1	1 0 1 0 0 0 1 0 0 0 1 0 0 0 1 0
30	1	0 0 1 1 0 0 1 1 0 0 1 1 0 0 0 0
40	28	0 0 1 0 0 0 1 1 0 0 0 1 0 0 0 0
40	2	1 1 1 0 0 0 1 1 0 0 0 1 0 0 0 0
40	2	0 0 1 0 0 0 1 1 0 0 1 1 0 0 0 0
40	1	0 0 1 0 0 0 1 1 0 0 0 0 0 0 0 0
40	1	1 0 1 0 0 0 1 1 0 0 0 1 0 0 0 0
40	1	0 0 1 0 0 0 1 1 0 0 0 1 0 1 0 0
40	5	1 1 0 0 0 0 1 1 0 0 0 1 0 0 0 0
40	3	1 1 1 0 0 0 1 1 1 0 0 1 0 0 0 0
40	3	0 1 1 0 0 0 1 1 0 0 0 1 0 0 0 0
40	1	0 0 1 0 0 1 1 1 0 0 0 1 0 0 0 0
40	1	0 1 1 0 0 0 1 1 0 0 1 1 0 0 0 0
40	1	1 1 0 0 0 0 1 0 0 0 0 1 0 0 0 0
40	1	1 1 0 0 0 0 1 0 0 0 1 1 0 0 0 0
50	15	0 0 1 0 0 0 1 1 0 0 0 1 0 0 0 0
50	1	0 0 1 0 1 0 1 1 0 0 0 1 0 0 0 0
50	3	0 0 1 0 0 0 1 1 0 0 1 1 0 0 0 0
50	1	0 0 1 0 0 0 1 1 0 0 0 0 0 0 0 0
50	1	1 0 1 0 0 0 1 1 0 0 0 1 0 0 0 0
50	2	0 0 1 0 0 0 1 1 0 0 0 1 0 1 0 0
50	6	1 1 0 0 0 0 1 1 0 0 0 1 0 0 0 0
50	1	1 1 1 1 0 0 1 1 0 0 0 1 0 0 0 0
50	3	0 1 1 0 0 0 1 1 0 0 0 1 0 0 0 0
50	1	0 0 1 0 0 1 1 1 0 0 0 1 0 0 0 0
50	8	0 0 1 0 0 0 1 0 0 0 0 1 0 0 0 0
50	1	0 1 0 0 0 0 1 1 0 0 0 1 0 0 0 0
50	1	0 0 1 0 0 0 0 1 0 0 0 1 0 0 0 0
50	2	0 0 1 0 0 0 1 1 0 0 0 0 0 1 0 0
50	1	0 0 1 0 0 1 1 1 0 0 1 1 0 0 0 0
50	1	1 0 1 0 0 0 1 0 0 0 0 1 0 0 0 0
50	1	0 0 1 0 0 0 1 1 0 0 0 1 0 1 1 0
50	1	1 1 0 0 0 0 1 1 0 0 1 1 0 1 0 0
60	10	0 0 1 0 0 0 1 1 0 0 0 1 0 0 0 0
60	4	0 0 1 0 1 0 1 1 0 0 0 1 0 0 0 0
60	1	0 0 1 0 0 0 1 1 0 0 0 1 1 0 0 0
60	3	0 0 1 0 0 0 1 1 0 0 1 1 0 0 0 0
60	9	1 1 0 0 0 0 1 1 0 0 0 1 0 0 0 0
60	4	1 1 1 0 0 0 1 1 1 0 0 1 0 0 0 0
60	1	0 0 0 0 1 0 0 0 0 0 1 0 0 0 0 0
60	1	1 1 1 1 0 0 1 1 0 0 0 1 0 0 0 0
60	1	0 1 1 0 0 0 1 1 0 0 0 1 0 0 0 0
60	4	0 0 1 0 0 1 1 1 0 0 0 1 0 0 0 0
60	2	0 0 1 0 0 0 1 0 0 0 0 1 0 0 0 0
60	2	0 0 1 0 0 0 0 1 0 0 0 1 0 0 0 0
60	2	0 0 1 0 0 0 1 1 0 0 0 0 0 1 0 0
60	1	0 1 1 0 0 0 1 1 0 1 0 1 0 0 0 0
60	1	0 0 1 0 0 1 1 1 0 0 1 1 0 0 0 0
60	1	0 0 1 0 0 0 0 1 0 0 0 1 0 0 1 0
60	1	1 1 0 0 0 0 1 1 0 1 0 1 0 0 0 0
60	1	0 0 0 0 0 0 1 1 0 0 0 0 0 1 0 0
60	1	0 0 1 0 1 0 1 0 0 0 0 1 0 0 0 0
70	13	0 0 1 0 0 0 1 1 0 0 0 1 0 0 0 0
70	1	0 0 1 0 0 0 1 1 0 0 0 0 0 0 0 0
70	3	1 0 1 0 0 0 1 1 0 0 0 1 0 0 0 0
70	5	1 1 0 0 0 0 1 1 0 0 0 1 0 0 0 0
70	1	0 0 0 0 1 0 0 0 0 0 1 1 0 0 0 0
70	1	1 1 1 0 0 0 1 1 1 0 0 1 0 0 0 0
70	1	1 1 1 1 0 0 1 1 0 0 0 1 0 0 0 0
70	3	0 1 1 0 0 0 1 1 0 0 0 1 0 0 0 0
70	1	0 0 1 0 0 1 1 1 0 0 0 1 0 0 0 0
70	1	0 0 1 0 0 0 1 0 0 0 0 1 0 0 0 0
70	1	0 0 1 0 0 0 0 1 0 0 0 1 0 0 0 0
70	2	0 1 1 0 0 0 1 1 0 0 0 1 0 0 0 1
70	1	0 0 1 0 0 0 1 1 0 0 0 0 0 1 0 0
70	2	0 0 1 0 0 0 1 1 0 0 0 1 0 0 1 0
70	4	0 0 1 0 0 1 1 1 0 0 1 1 0 0 0 0
70	1	1 1 0 0 0 0 1 1 0 1 0 1 0 0 0 0
70	1	1 1 1 0 1 0 0 1 0 0 0 1 0 0 0 0
70	1	0 0 1 0 1 0 1 1 0 0 0 0 0 1 0 0
70	1	0 1 1 0 0 0 1 1 0 1 1 1 0 0 0 0
70	1	0 1 1 0 0 0 1 1 0 0 0 1 0 0 1 0
70	1	0 0 1 0 0 1 1 1 0 0 0 0 0 1 0 0
70	1	1 0 1 0 0 0 1 1 0 0 0 1 0 0 1 0
70	1	1 0 1 0 0 0 1 1 0 0 1 1 0 0 0 0
70	1	0 0 1 0 1 0 0 1 0 0 0 1 0 0 0 0
70	1	0 1 1 0 0 0 1 0 0 1 1 1 0 0 0 0
80	10	0 0 1 0 0 0 1 1 0 0 0 1 0 0 0 0
80	2	1 0 1 0 0 0 1 1 0 0 0 1 0 0 0 0
80	1	0 0 1 0 0 0 1 1 0 0 0 1 0 1 0 0
80	7	1 1 0 0 0 0 1 1 0 0 0 1 0 0 0 0
80	1	1 1 1 0 0 0 1 1 1 0 0 1 0 0 0 0
80	2	1 1 1 1 0 0 1 1 0 0 0 1 0 0 0 0
80	7	0 1 1 0 0 0 1 1 0 0 0 1 0 0 0 0
80	3	0 0 1 0 0 1 1 1 0 0 0 1 0 0 0 0
80	2	0 0 1 0 0 0 1 1 0 0 0 1 0 0 1 0
80	1	0 0 1 0 0 1 1 1 0 0 1 1 0 0 0 0
80	1	1 0 1 0 0 0 1 0 0 0 0 1 0 0 0 0
80	3	1 1 1 0 1 0 0 1 0 0 0 1 0 0 0 0
80	1	0 1 1 1 0 0 1 1 0 0 0 1 0 0 0 0
80	2	0 0 0 0 1 1 0 0 0 0 1 1 0 0 0 0
80	2	0 1 1 0 0 0 1 1 0 0 0 1 0 0 1 0
80	1	0 0 1 0 0 0 1 1 0 1 0 1 0 0 0 0
80	1	0 0 1 0 0 1 1 1 0 0 0 0 0 1 0 0
80	1	0 0 1 0 1 1 1 1 0 0 0 1 0 0 0 1
80	1	0 1 1 0 0 0 1 1 0 0 0 0 0 0 0 0
80	1	1 1 0 0 0 0 1 1 0 1 0 1 0 0 1 0
90	10	0 0 1 0 0 0 1 1 0 0 0 1 0 0 0 0
90	1	0 0 1 0 0 0 1 1 0 0 0 0 0 0 0 0
90	2	1 0 1 0 0 0 1 1 0 0 0 1 0 0 0 0
90	3	1 1 0 0 0 0 1 1 0 0 0 1 0 0 0 0
90	4	1 1 1 0 0 0 1 1 1 0 0 1 0 0 0 0
90	2	1 1 1 1 0 0 1 1 0 0 0 1 0 0 0 0
90	2	0 0 1 0 0 1 1 1 0 0 0 1 0 0 0 0
90	1	0 0 1 0 0 1 1 1 0 0 1 1 0 0 0 0
90	4	1 1 0 0 0 0 1 1 0 1 0 1 0 0 0 0
90	6	1 1 1 0 1 0 0 1 0 0 0 1 0 0 0 0
90	1	0 1 1 1 0 0 1 1 0 0 0 1 0 0 0 0
90	1	0 0 0 0 1 1 0 0 0 0 1 1 0 0 0 0
90	1	0 0 1 0 0 0 0 1 0 0 0 0 0 0 0 0
90	2	0 0 1 0 0 0 1 1 0 1 0 1 0 0 1 0
90	1	1 0 1 0 0 0 1 1 0 0 1 1 0 0 0 0
90	1	1 1 0 0 0 0 0 1 0 0 0 1 0 0 1 0
90	1	0 0 1 0 1 0 1 1 0 1 0 0 0 1 0 0
90	1	1 1 0 0 0 0 1 1 0 0 0 1 0 0 1 1
90	1	0 1 0 0 0 0 1 1 0 0 0 1 0 0 0 0
90	1	1 1 0 0 1 0 1 1 1 0 0 1 0 0 0 0
90	1	0 0 1 0 0 1 0 1 0 0 0 0 0 0 0 0
90	1	0 0 0 0 0 1 1 1 0 0 0 1 0 1 0 0
90	1	1 1 0 0 0 0 1 1 0 0 1 1 0 0 0 0
90	1	0 0 1 0 0 1 1 1 0 0 1 1 0 0 0 1
100	4	0 0 1 0 0 0 1 1 0 0 0 1 0 0 0 0
100	1	0 0 1 0 0 0 1 1 0 0 1 1 0 0 0 0
100	2	1 0 1 0 0 0 1 1 0 0 0 1 0 0 0 0
100	3	1 1 0 0 0 0 1 1 0 0 0 1 0 0 0 0
100	3	1 1 1 0 0 0 1 1 1 0 0 1 0 0 0 0
100	6	1 1 1 1 0 0 1 1 0 0 0 1 0 0 0 0
100	1	0 1 1 0 0 0 1 1 0 0 0 1 0 0 0 0
100	1	0 0 1 0 0 1 1 1 0 0 0 1 0 0 0 0
100	3	1 1 0 0 0 0 1 1 0 1 0 1 0 0 0 0
100	1	0 0 1 1 0 0 1 1 0 0 0 1 0 0 0 0
100	1	0 1 1 1 0 0 1 1 0 0 0 1 0 0 0 0
100	1	0 1 1 0 0 0 1 1 0 0 0 1 0 0 1 0
100	1	0 0 1 0 0 0 0 1 0 0 0 0 0 0 0 0
100	1	0 0 1 0 0 1 1 1 0 0 0 0 0 1 0 0
100	1	0 0 1 0 0 0 1 1 0 1 0 1 0 0 1 0
100	2	1 0 1 0 0 0 1 1 0 0 1 1 0 0 0 0
100	2	1 1 0 0 0 0 0 1 0 0 0 1 0 0 1 0
100	4	0 1 1 1 0 1 1 1 0 0 0 1 0 0 0 0
100	2	0 0 1 0 0 0 1 1 0 1 0 0 0 0 0 0
100	2	0 1 1 0 0 0 0 1 0 0 0 1 0 0 0 0
100	2	1 1 0 0 0 0 1 1 0 0 1 1 0 0 0 0
100	1	1 0 1 0 0 0 1 1 0 0 1 0 0 0 0 0
100	1	1 1 0 0 0 0 0 1 0 0 0 1 0 0 0 0
100	1	0 0 1 0 1 0 0 1 0 1 0 0 0 1 0 0
100	1	1 1 1 0 0 0 0 1 0 0 0 1 0 0 0 0
100	1	0 0 1 0 0 0 1 0 0 0 0 1 1 0 1 0
100	1	1 1 0 1 0 0 1 1 0 1 0 1 0 0 0 0
110	2	0 0 1 0 0 0 1 1 0 0 0 1 0 0 0 0
110	2	1 1 1 0 0 0 1 1 0 0 0 1 0 0 0 0
110	3	1 1 0 0 0 0 1 1 0 0 0 1 0 0 0 0
110	1	1 1 1 0 0 0 1 1 1 0 0 1 0 0 0 0
110	5	1 1 1 1 0 0 1 1 0 0 0 1 0 0 0 0
110	2	0 0 1 0 0 1 1 1 0 0 0 1 0 0 0 0
110	1	0 0 1 0 0 0 1 1 0 0 0 1 0 0 1 0
110	4	1 1 1 0 1 0 0 1 0 0 0 1 0 0 0 0
110	4	0 0 1 1 0 0 1 1 0 0 0 1 0 0 0 0
110	1	0 1 1 0 0 0 1 1 0 0 0 1 0 0 1 0
110	1	1 0 1 0 0 0 1 1 0 0 1 1 0 0 0 0
110	1	0 1 1 0 0 0 1 0 0 1 1 1 0 0 0 0
110	1	0 1 1 1 0 1 1 1 0 0 0 1 0 0 0 0
110	1	1 0 1 0 0 0 1 1 0 0 0 1 1 0 0 0
110	1	1 1 0 0 0 0 1 1 0 0 1 1 0 0 0 0
110	1	0 0 0 0 0 0 1 1 0 1 0 0 0 0 0 0
110	1	1 1 0 0 0 0 0 1 0 0 0 1 0 0 0 0
110	2	0 1 0 0 0 0 1 1 0 0 0 0 0 0 0 0
110	2	0 0 1 0 0 1 1 1 1 0 0 1 0 0 0 0
110	1	1 1 1 0 0 0 0 1 0 1 0 1 0 0 0 0
110	1	1 1 1 0 1 0 1 1 0 1 0 0 0 1 0 0
110	1	0 0 1 0 0 0 1 1 0 1 0 0 0 0 1 0
110	1	0 1 1 0 0 0 1 1 0 0 1 0 0 0 0 0
110	1	0 1 0 0 0 0 0 1 0 1 1 1 0 0 0 0
110	1	0 1 1 1 0 1 1 1 1 0 0 1 0 0 0 0
110	1	1 0 1 1 0 0 1 1 0 0 0 1 0 0 0 0
110	1	0 0 1 0 0 0 0 1 0 0 0 1 0 0 0 0
110	1	0 1 1 1 0 0 1 1 0 0 1 1 0 0 0 0
110	2	1 1 1 1 0 0 1 0 0 0 0 1 0 0 0 0
110	1	0 1 0 0 0 0 0 1 0 1 0 1 0 0 0 0
110	1	0 1 1 0 0 0 1 1 0 0 0 1 0 1 0 0
110	1	1 0 1 0 1 0 0 1 0 0 1 1 0 0 0 0
120	1	0 0 1 0 0 0 1 1 0 0 0 1 0 0 0 0
120	4	1 1 1 0 0 0 1 1 0 0 0 1 0 0 0 0
120	1	0 0 1 0 0 0 1 1 0 0 1 1 0 0 0 0
120	1	1 0 1 0 0 0 1 1 0 0 0 1 0 0 0 0
120	1	1 1 0 0 0 0 1 1 0 0 0 1 0 0 0 0
120	4	1 1 1 1 0 0 1 1 0 0 0 1 0 0 0 0
120	1	0 0 1 0 0 0 1 0 0 0 0 1 0 0 0 0
120	1	1 1 0 0 0 0 1 1 0 1 0 1 0 0 0 0
120	4	1 1 1 0 1 0 0 1 0 0 0 1 0 0 0 0
120	3	0 0 1 1 0 0 1 1 0 0 0 1 0 0 0 0
120	1	0 0 1 0 0 0 0 1 0 0 0 0 0 0 0 0
120	1	1 0 1 0 0 0 1 1 0 0 1 1 0 0 0 0
120	1	0 1 1 0 0 0 1 0 0 1 1 1 0 0 0 0
120	1	0 1 1 1 0 1 1 1 0 0 0 1 0 0 0 0
120	1	1 1 0 0 0 0 1 1 0 0 1 1 0 0 0 0
120	1	1 1 1 0 0 1 1 1 0 0 1 1 0 0 0 0
120	1	1 1 0 0 0 0 0 1 0 0 0 1 0 0 0 0
120	1	0 1 0 0 0 0 1 1 0 0 0 0 0 0 0 0
120	1	1 1 1 0 0 0 0 1 0 0 0 1 0 0 0 0
120	1	1 0 1 1 0 0 1 1 0 0 0 1 0 0 0 0
120	1	0 1 1 1 0 0 1 1 0 0 0 0 0 0 0 0
120	1	1 1 1 0 0 0 1 1 0 0 0 1 0 0 1 0
120	2	1 1 1 0 1 0 0 1 0 0 0 0 0 0 0 0
120	2	1 1 1 1 0 0 1 0 0 0 0 1 0 0 0 0
120	2	1 1 1 0 0 0 1 1 0 0 0 1 1 0 0 0
120	1	1 1 0 0 0 0 0 1 0 1 0 0 0 0 1 0
120	1	0 0 1 0 0 0 1 1 1 1 0 0 0 0 0 0
120	2	0 1 0 0 1 0 0 1 0 1 0 1 0 0 0 0
120	1	0 1 1 0 1 0 0 1 0 0 0 1 0 0 0 0
120	1	0 0 1 0 1 0 0 1 0 0 1 1 0 0 0 0
120	1	1 1 0 0 0 0 0 1 0 0 1 1 0 0 0 0
120	1	1 1 1 0 1 0 1 1 0 0 0 1 1 0 0 0
120	1	1 1 1 0 0 1 0 1 0 0 0 1 0 0 0 0
120	1	1 1 1 1 1 0 1 1 0 0 0 1 0 0 0 0
120	1	0 1 1 1 0 1 1 1 0 0 0 1 1 0 0 0
130	2	1 1 1 0 0 0 1 1 0 0 0 1 0 0 0 0
130	3	1 1 0 0 0 0 1 1 0 0 0 1 0 0 0 0
130	4	1 1 1 1 0 0 1 1 0 0 0 1 0 0 0 0
130	10	1 1 1 0 1 0 0 1 0 0 0 1 0 0 0 0
130	2	0 0 1 1 0 0 1 1 0 0 0 1 0 0 0 0
130	2	1 0 1 0 0 0 1 1 0 0 1 1 0 0 0 0
130	2	0 1 1 1 0 1 1 1 0 0 0 1 0 0 0 0
130	1	1 1 0 0 0 0 1 1 0 0 1 1 0 0 0 0
130	1	0 0 1 0 1 0 0 1 0 0 0 1 0 0 0 0
130	4	1 1 1 0 0 0 0 1 0 1 0 1 0 0 0 0
130	1	1 0 1 0 0 0 0 1 0 0 0 1 0 0 0 0
130	3	1 1 1 1 0 0 1 0 0 0 0 1 0 0 0 0
130	1	0 1 1 0 1 0 0 1 0 0 0 1 0 0 0 0
130	1	1 1 1 0 0 0 1 1 0 0 1 1 0 0 0 0
130	2	1 1 0 0 1 0 1 1 0 1 0 1 0 0 0 0
130	1	0 0 1 0 0 1 1 1 1 0 1 1 0 0 0 0
130	2	1 1 1 1 0 0 1 1 1 0 0 1 0 0 0 0
130	2	1 1 1 1 0 0 1 1 0 0 1 1 0 0 0 0
130	1	0 0 0 0 0 0 1 1 0 0 0 0 0 1 0 0
130	1	1 1 0 0 1 0 0 1 0 0 0 1 0 0 0 0
130	1	0 1 0 0 1 0 0 1 0 1 0 0 0 0 0 0
130	1	1 1 1 0 0 0 1 1 0 0 0 1 0 1 0 0
130	2	1 1 1 0 0 1 1 1 0 0 1 0 0 0 0 0
140	2	1 1 1 0 0 0 1 1 0 0 0 1 0 0 0 0
140	3	1 0 1 0 0 0 1 1 0 0 0 1 0 0 0 0
140	2	1 1 0 0 0 0 1 1 0 0 0 1 0 0 0 0
140	9	1 1 1 1 0 0 1 1 0 0 0 1 0 0 0 0
140	1	0 0 1 0 0 0 1 0 0 0 0 1 0 0 0 0
140	2	1 1 1 0 1 0 0 1 0 0 0 1 0 0 0 0
140	1	0 0 1 1 0 0 1 1 0 0 0 1 0 0 0 0
140	7	1 0 1 0 0 0 1 1 0 0 1 1 0 0 0 0
140	1	0 0 1 0 1 0 0 1 0 0 0 1 0 0 0 0
140	1	1 0 1 0 0 0 0 1 0 0 0 1 0 0 0 0
140	2	1 1 1 1 0 0 1 0 0 0 0 1 0 0 0 0
140	1	1 1 0 0 1 0 1 1 0 1 0 1 0 0 0 0
140	1	0 0 1 0 0 1 1 1 1 0 1 1 0 0 0 0
140	1	1 1 1 1 0 0 1 1 1 0 0 1 0 0 0 0
140	3	1 1 1 1 0 0 1 1 0 1 0 1 0 0 0 0
140	2	0 1 1 0 0 0 1 1 1 0 0 1 0 0 0 0
140	1	1 1 1 1 0 0 0 1 0 0 1 1 0 0 0 0
140	1	1 1 1 0 1 0 0 1 0 0 0 1 1 0 0 0
140	1	1 1 0 0 1 0 1 1 0 0 1 1 0 0 0 0
140	1	0 0 1 1 0 0 1 1 0 0 0 1 0 0 1 0
140	1	1 1 1 0 0 0 1 1 0 0 1 1 0 0 0 0
140	2	1 1 1 0 0 0 0 1 0 0 0 1 0 0 0 0
140	1	0 0 1 1 0 0 1 0 0 0 0 1 0 1 0 0
140	1	0 1 1 0 1 0 0 1 0 0 0 1 0 0 0 0
140	1	1 1 1 0 1 0 0 1 0 0 0 0 0 0 0 0
140	1	1 1 0 0 0 0 1 1 0 1 0 0 0 0 0 0
150	1	1 1 1 0 0 0 1 1 0 0 0 1 0 0 0 0
150	2	1 1 0 0 0 0 1 1 0 0 0 1 0 0 0 0
150	10	1 1 1 1 0 0 1 1 0 0 0 1 0 0 0 0
150	13	1 1 1 0 1 0 0 1 0 0 0 1 0 0 0 0
150	4	0 0 1 1 0 0 1 1 0 0 0 1 0 0 0 0
150	3	1 0 1 0 0 0 1 1 0 0 1 1 0 0 0 0
150	2	1 1 1 1 0 0 1 0 0 0 0 1 0 0 0 0
150	1	0 0 1 0 0 1 1 1 1 0 1 1 0 0 0 0
150	1	1 1 1 1 0 0 1 1 1 0 0 1 0 0 0 0
150	1	1 1 1 1 0 0 1 1 0 1 0 1 0 0 0 0
150	1	1 1 1 0 0 0 1 1 0 1 0 0 0 0 0 0
150	1	1 1 1 0 0 0 1 1 0 0 0 1 0 1 0 0
150	1	1 1 1 1 0 0 1 1 1 0 1 1 0 0 0 0
150	2	1 0 1 0 1 0 0 1 0 1 1 0 0 0 0 0
150	1	0 1 1 1 0 0 1 1 0 0 0 1 0 0 0 0
150	1	0 1 1 1 0 0 1 0 0 0 0 1 0 0 0 0
150	2	1 1 1 0 0 1 1 1 1 0 0 1 0 0 0 0
150	1	1 1 1 0 1 0 0 1 0 1 0 1 0 0 0 0
150	1	1 1 0 0 1 0 0 1 0 1 0 1 0 0 0 0
150	1	1 1 1 1 1 0 1 1 0 0 0 1 0 1 0 0
160	1	0 0 1 0 0 0 1 1 0 0 0 1 0 0 0 0
160	2	1 1 1 0 0 0 1 1 0 0 0 1 0 0 0 0
160	1	1 0 1 0 0 0 1 1 0 0 0 1 0 0 0 0
160	2	1 1 0 0 0 0 1 1 0 0 0 1 0 0 0 0
160	4	1 1 1 1 0 0 1 1 0 0 0 1 0 0 0 0
160	7	1 1 1 0 1 0 0 1 0 0 0 1 0 0 0 0
160	1	0 0 1 1 0 0 1 1 0 0 0 1 0 0 0 0
160	1	0 0 1 0 1 0 0 1 0 0 0 1 0 0 0 0
160	1	1 0 1 0 0 0 0 1 0 0 0 1 0 0 0 0
160	4	1 1 1 1 0 0 1 0 0 0 0 1 0 0 0 0
160	1	1 1 0 0 1 0 1 1 0 1 0 1 0 0 0 0
160	1	1 1 1 1 0 0 1 1 1 0 0 1 0 0 0 0
160	1	1 0 1 0 0 0 1 1 0 0 1 1 0 0 1 0
160	1	1 1 1 0 0 0 1 1 0 0 0 1 0 1 0 0
160	2	1 1 1 1 0 0 0 0 0 0 0 1 0 0 0 0
160	3	1 1 1 1 0 0 1 1 1 0 1 1 0 0 0 0
160	2	1 0 1 1 0 0 1 1 0 0 0 1 0 0 0 0
160	2	0 1 1 1 0 0 1 0 0 0 0 1 0 0 0 0
160	4	1 1 1 1 0 0 1 1 0 1 0 0 0 0 0 0
160	1	1 1 1 1 0 0 1 0 0 0 0 1 1 0 0 0
160	1	1 1 1 1 0 0 1 1 0 0 1 1 0 0 0 0
160	1	0 1 1 1 0 0 1 1 0 1 0 1 0 0 0 0
160	1	0 1 1 1 0 1 1 0 0 0 0 1 0 0 0 0
160	1	1 1 0 0 0 0 1 1 0 0 0 0 0 0 0 0
160	1	1 1 0 0 0 0 1 1 0 0 0 1 0 0 0 1
160	1	1 1 1 1 0 0 1 1 0 0 0 1 0 0 0 1
160	1	1 1 1 0 1 0 0 1 0 0 0 1 0 0 0 1
160	1	1 1 1 0 0 1 1 0 0 0 1 0 1 0 0 0
170	9	1 1 1 1 0 0 1 1 0 0 0 1 0 0 0 0
170	8	1 1 1 0 1 0 0 1 0 0 0 1 0 0 0 0
170	1	0 0 1 1 0 0 1 1 0 0 0 1 0 0 0 0
170	3	1 1 1 1 0 0 1 0 0 0 0 1 0 0 0 0
170	1	1 1 1 1 0 0 1 1 1 0 0 1 0 0 0 0
170	1	1 1 1 1 0 0 0 0 0 0 0 1 0 0 0 0
170	1	1 1 1 1 0 0 1 1 1 0 1 1 0 0 0 0
170	1	1 1 1 1 1 0 1 1 0 0 1 1 0 0 0 0
170	6	0 1 1 1 0 0 1 0 0 0 0 1 0 0 0 0
170	1	1 1 1 1 0 0 1 1 0 1 0 0 0 0 0 0
170	1	1 0 1 0 1 0 0 1 0 0 0 1 0 0 0 0
170	1	1 1 1 1 0 1 1 1 0 1 0 1 0 0 0 0
170	1	1 1 1 1 0 0 1 1 0 0 0 1 0 0 0 1
170	2	1 1 1 1 1 0 0 1 0 0 0 1 0 0 0 0
170	1	1 1 1 0 0 0 1 1 0 1 0 1 0 0 0 0
170	1	1 1 1 1 1 0 1 1 1 0 0 1 0 0 0 0
170	2	1 1 1 1 0 0 1 1 0 0 0 1 0 1 0 0
170	1	1 1 1 0 1 0 0 1 0 0 0 1 0 0 0 1
170	1	1 0 1 1 0 0 1 1 0 0 0 1 1 0 0 0
170	2	1 1 1 0 1 0 0 1 0 0 0 1 1 0 0 0
170	1	1 1 1 1 0 0 1 1 0 1 0 1 0 0 1 0
170	1	1 1 1 1 1 0 1 1 0 0 0 1 0 0 0 0
170	1	0 0 1 0 0 1 0 1 1 0 0 1 1 0 0 0
170	1	1 1 1 1 0 0 1 1 0 0 0 0 0 0 0 0
170	1	1 1 1 1 1 0 0 1 0 1 0 0 0 0 0 0
180	3	1 1 1 0 0 0 1 1 0 0 0 1 0 0 0 0
180	11	1 1 1 1 0 0 1 1 0 0 0 1 0 0 0 0
180	8	1 1 1 0 1 0 0 1 0 0 0 1 0 0 0 0
180	2	1 1 1 1 0 0 1 1 1 0 0 1 0 0 0 0
180	1	1 1 1 1 0 0 1 1 0 1 0 1 0 0 0 0
180	2	1 1 1 0 0 0 1 1 0 0 0 1 0 1 0 0
180	3	1 0 1 1 0 0 1 1 0 0 0 1 0 0 0 0
180	1	1 1 1 1 1 0 1 1 0 0 1 1 0 0 0 0
180	2	0 1 1 1 0 0 1 0 0 0 0 1 0 0 0 0
180	1	1 1 1 1 0 0 1 0 0 0 0 1 1 0 0 0
180	1	1 1 1 1 0 0 1 1 0 0 1 1 0 0 0 0
180	1	1 1 1 1 0 1 1 1 0 1 0 1 0 0 0 0
180	1	0 1 1 1 0 1 1 0 0 0 0 1 0 0 0 0
180	1	1 1 1 1 1 0 1 1 1 0 0 1 0 0 0 0
180	2	1 1 1 1 0 0 1 1 0 0 0 1 0 1 0 0
180	3	1 1 1 1 0 0 1 1 0 1 0 1 0 0 1 0
180	1	0 1 1 1 0 1 1 0 1 0 0 1 0 0 0 0
180	1	1 1 1 1 0 0 0 0 0 0 0 1 0 1 0 0
180	1	1 1 1 1 0 0 0 0 0 0 0 1 0 0 1 0
180	1	1 1 1 1 1 0 0 0 0 0 0 1 0 0 0 0
180	1	1 1 1 0 1 0 0 1 0 0 0 1 0 1 0 0
180	1	1 1 1 0 0 0 1 1 0 0 0 0 0 0 0 0
180	1	1 1 1 1 0 1 0 1 1 0 0 1 0 0 0 0
190	2	1 1 1 0 0 0 1 1 0 0 0 1 0 0 0 0
190	9	1 1 1 1 0 0 1 1 0 0 0 1 0 0 0 0
190	3	1 1 1 0 1 0 0 1 0 0 0 1 0 0 0 0
190	1	0 0 1 1 0 0 1 1 0 0 0 1 0 0 0 0
190	4	1 1 1 1 0 0 1 0 0 0 0 1 0 0 0 0
190	3	1 1 1 1 0 0 1 1 0 1 0 1 0 0 0 0
190	1	1 1 1 0 0 0 1 1 0 0 0 1 0 1 0 0
190	3	1 1 1 1 0 0 0 0 0 0 0 1 0 0 0 0
190	1	1 1 1 0 0 0 1 1 1 0 0 1 0 0 0 0
190	2	1 1 1 1 0 0 1 0 0 0 0 1 1 0 0 0
190	2	1 1 1 1 0 0 0 1 0 0 0 1 0 0 0 0
190	5	1 1 1 1 0 0 1 1 0 0 0 1 0 1 0 0
190	2	1 1 1 1 0 0 1 1 0 1 0 1 0 0 1 0
190	2	1 1 1 1 1 0 1 1 0 0 0 1 0 0 0 0
190	1	1 1 1 1 0 0 0 0 0 0 0 1 0 0 1 0
190	1	1 1 1 1 0 0 0 1 0 0 0 1 1 0 0 0
190	1	1 1 1 0 1 0 0 1 0 0 0 1 0 1 0 0
190	2	1 1 1 1 1 0 1 1 0 0 1 0 0 0 0 0
190	2	1 0 1 1 0 0 1 1 0 1 0 1 0 0 1 0
190	1	0 1 1 0 0 0 1 1 0 0 0 1 0 1 0 0
190	1	1 1 1 0 1 0 0 1 0 0 0 1 1 0 0 0
190	1	1 1 1 1 0 1 1 1 0 1 0 1 0 1 0 0
200	7	1 1 1 1 0 0 1 1 0 0 0 1 0 0 0 0
200	6	1 1 1 0 1 0 0 1 0 0 0 1 0 0 0 0
200	1	1 0 1 0 0 0 1 1 0 0 1 1 0 0 0 0
200	8	1 1 1 1 0 0 1 0 0 0 0 1 0 0 0 0
200	3	1 1 1 1 0 0 1 1 1 0 0 1 0 0 0 0
200	2	1 1 1 1 0 0 1 1 0 1 0 1 0 0 0 0
200	3	1 1 1 1 0 0 0 0 0 0 0 1 0 0 0 0
200	1	0 1 1 1 0 0 1 1 0 0 0 1 0 0 0 0
200	1	1 1 1 1 0 0 1 1 0 1 0 0 0 0 0 0
200	2	1 1 1 1 0 0 0 1 0 0 0 1 0 0 0 0
200	1	1 1 1 1 0 0 1 1 0 0 0 1 0 1 0 0
200	3	1 1 1 1 0 0 1 1 0 1 0 1 0 0 1 0
200	1	1 1 1 1 0 0 0 0 1 0 0 1 0 0 1 0
200	1	1 1 1 1 1 0 1 1 0 0 1 0 0 0 0 0
200	1	1 1 1 1 0 1 0 1 0 0 0 1 0 0 0 0
200	1	1 1 1 1 1 0 0 1 0 0 0 1 0 1 0 0
200	1	1 0 1 1 0 0 1 1 0 0 1 1 0 0 0 0
200	1	1 1 1 0 0 0 0 1 0 0 0 1 0 0 0 0
200	1	1 1 1 1 0 0 0 0 0 0 0 0 0 0 0 0
200	1	1 1 1 1 0 0 1 1 0 0 0 0 0 0 0 0
200	1	0 0 1 1 0 0 1 1 0 0 0 1 0 1 0 0
200	1	1 1 1 1 1 0 1 0 0 0 0 1 0 0 0 0
200	1	1 1 1 1 1 0 1 1 0 1 0 0 1 0 1 0
200	1	1 1 1 0 1 0 0 1 0 0 0 1 0 0 1 0
210	1	1 1 1 0 0 0 1 1 0 0 0 1 0 0 0 0
210	11	1 1 1 1 0 0 1 1 0 0 0 1 0 0 0 0
210	7	1 1 1 0 1 0 0 1 0 0 0 1 0 0 0 0
210	2	1 1 1 1 0 0 1 0 0 0 0 1 0 0 0 0
210	1	1 1 1 1 0 0 1 1 1 0 0 1 0 0 0 0
210	1	1 1 1 1 0 0 0 0 0 0 0 1 0 0 0 0
210	1	0 1 1 1 0 0 1 1 0 0 0 1 0 0 0 0
210	3	1 1 1 1 0 0 1 1 0 1 0 0 0 0 0 0
210	4	1 1 1 1 0 0 0 1 0 0 0 1 0 0 0 0
210	1	1 1 1 1 0 0 1 1 0 0 0 1 0 1 0 0
210	1	1 1 1 1 0 0 1 1 0 1 0 1 0 0 1 0
210	1	1 1 1 0 0 0 1 0 1 0 1 1 0 0 0 0
210	1	1 1 1 1 0 1 0 1 0 0 0 1 0 0 0 0
210	1	1 1 1 0 1 0 0 0 0 0 0 1 0 0 0 0
210	1	1 0 1 0 1 0 0 1 0 0 0 1 0 0 0 0
210	2	1 1 1 1 0 1 1 1 0 0 0 1 0 0 0 0
210	1	1 1 1 1 0 0 0 1 0 1 0 1 0 0 1 0
210	3	1 1 1 1 0 0 1 1 0 0 1 1 0 0 0 0
210	1	1 1 1 1 0 0 1 0 0 0 0 1 0 0 0 1
210	1	1 0 1 1 0 0 1 1 0 0 0 1 0 0 0 0
210	1	1 1 1 1 0 0 1 1 0 1 0 0 0 1 0 0
210	1	1 1 1 1 0 0 1 0 0 1 0 1 0 0 0 0
210	1	0 1 1 0 0 0 1 1 0 0 0 1 0 0 0 0
210	1	1 0 1 1 0 1 0 1 0 0 0 1 0 0 0 0
210	1	1 1 1 0 1 0 1 0 0 0 0 1 0 0 0 0
220	3	1 1 1 0 0 0 1 1 0 0 0 1 0 0 0 0
220	3	1 1 1 1 0 0 1 1 0 0 0 1 0 0 0 0
220	5	1 1 1 0 1 0 0 1 0 0 0 1 0 0 0 0
220	6	1 1 1 1 0 0 1 0 0 0 0 1 0 0 0 0
220	2	1 1 1 1 0 0 1 1 1 0 0 1 0 0 0 0
220	2	1 1 1 1 0 0 1 1 0 1 0 1 0 0 0 0
220	2	0 1 1 1 0 0 1 1 0 0 0 1 0 0 0 0
220	3	1 1 1 1 0 0 1 1 0 1 0 0 0 0 0 0
220	1	1 1 1 1 0 0 0 1 0 0 0 1 0 0 0 0
220	1	1 1 1 1 0 1 1 1 0 1 0 1 0 0 0 0
220	3	1 1 1 1 1 0 0 1 0 0 0 1 0 0 0 0
220	1	1 1 1 1 0 1 0 1 0 0 0 1 0 0 0 0
220	4	1 1 1 0 1 0 0 0 0 0 0 1 0 0 0 0
220	3	1 1 1 1 0 0 1 1 0 0 0 1 1 0 0 0
220	1	1 0 1 1 0 0 1 1 0 0 0 1 0 0 0 0
220	1	0 0 1 1 0 0 1 0 0 0 0 1 0 0 0 0
220	1	1 1 1 1 0 0 1 1 0 1 0 0 0 1 0 0
220	1	1 1 0 1 0 0 1 1 0 0 1 1 0 0 0 0
220	2	1 1 1 0 1 0 0 0 0 1 0 1 0 0 0 0
220	3	1 1 0 1 0 0 1 1 0 0 0 1 0 0 0 0
220	1	1 1 1 1 0 0 0 1 0 0 0 1 0 1 0 0
220	1	1 1 1 1 0 1 1 1 0 0 0 1 0 0 0 0
230	14	1 1 1 1 0 0 1 1 0 0 0 1 0 0 0 0
230	1	1 1 1 0 1 0 0 1 0 0 0 1 0 0 0 0
230	6	1 1 1 1 0 0 1 0 0 0 0 1 0 0 0 0
230	1	0 1 1 1 0 0 1 1 0 0 0 1 0 0 0 0
230	1	1 1 1 1 0 0 1 1 0 1 0 0 0 0 0 0
230	6	1 1 1 1 0 0 0 1 0 0 0 1 0 0 0 0
230	3	1 1 1 1 0 1 1 1 0 1 0 1 0 0 0 0
230	1	1 1 1 1 0 0 1 1 0 1 0 1 0 0 1 0
230	2	1 1 1 1 0 1 0 1 0 0 0 1 0 0 0 0
230	1	1 1 1 0 1 0 0 0 0 0 0 1 0 0 0 0
230	1	1 1 1 1 0 0 1 1 0 0 0 1 1 0 0 0
230	2	1 0 1 1 0 0 1 1 0 0 0 1 0 0 0 0
230	1	1 1 1 0 1 0 1 0 0 0 0 1 0 0 0 0
230	3	1 1 1 1 0 0 1 0 0 0 0 0 0 0 0 0
230	1	1 1 0 1 0 0 1 1 0 0 0 1 0 0 0 0
230	1	1 1 1 1 0 1 0 1 0 0 1 1 0 0 0 0
230	1	1 1 1 1 0 0 1 0 0 0 0 1 0 0 0 1
230	1	1 1 1 1 0 0 0 1 1 0 0 1 0 0 0 0
230	2	1 1 1 1 0 1 1 1 0 1 0 1 0 1 0 0
230	1	1 1 1 0 1 0 0 1 0 1 0 1 0 0 0 0
240	12	1 1 1 1 0 0 1 1 0 0 0 1 0 0 0 0
240	4	1 1 1 0 1 0 0 1 0 0 0 1 0 0 0 0
240	1	1 1 1 1 0 0 1 0 0 0 0 1 0 0 0 0
240	1	1 1 1 1 0 0 1 1 1 0 0 1 0 0 0 0
240	2	1 1 1 1 0 0 1 1 0 1 0 1 0 0 0 0
240	1	0 1 1 1 0 0 1 1 0 0 0 1 0 0 0 0
240	2	1 1 1 1 0 0 1 1 0 1 0 0 0 0 0 0
240	4	1 1 1 1 0 0 0 1 0 0 0 1 0 0 0 0
240	1	1 1 1 1 0 1 1 1 0 1 0 1 0 0 0 0
240	2	1 1 1 1 0 1 0 1 0 0 0 1 0 0 0 0
240	3	1 1 1 1 0 0 1 1 0 0 1 1 0 0 0 0
240	2	1 0 1 1 0 0 1 1 0 0 0 1 0 0 0 0
240	2	1 1 1 1 0 0 1 0 0 1 0 1 0 0 0 0
240	1	0 1 1 0 1 0 0 1 0 0 0 1 0 0 0 0
240	1	1 1 1 1 0 0 0 1 0 1 0 1 0 0 0 0
240	2	1 1 0 1 0 0 1 1 0 0 0 1 0 0 0 0
240	1	1 0 1 1 1 0 1 1 0 1 0 0 1 0 0 0
240	1	1 1 1 1 1 0 1 1 0 1 0 0 1 0 0 1
240	1	1 1 1 1 0 0 1 1 0 0 0 1 0 0 1 0
240	1	1 1 1 1 0 0 1 0 1 0 1 1 0 0 0 0
240	1	1 1 1 1 0 0 1 0 0 0 1 1 0 1 0 0
240	1	1 1 1 1 1 0 1 1 0 1 0 0 1 0 0 0
240	1	1 0 1 1 0 0 1 1 0 0 0 1 0 1 0 0
240	1	0 0 1 1 0 0 1 1 0 1 0 0 0 0 0 0
240	1	1 1 1 1 1 1 1 1 0 1 0 1 0 0 0 1
250	12	1 1 1 1 0 0 1 1 0 0 0 1 0 0 0 0
250	3	1 1 1 0 1 0 0 1 0 0 0 1 0 0 0 0
250	1	1 1 1 1 0 0 1 0 0 0 0 1 0 0 0 0
250	3	1 1 1 1 0 0 1 1 1 0 0 1 0 0 0 0
250	2	1 1 1 1 0 0 1 1 0 1 0 1 0 0 0 0
250	7	1 1 1 1 0 0 0 1 0 0 0 1 0 0 0 0
250	1	1 0 1 1 0 0 1 1 0 0 0 1 0 0 0 0
250	1	1 1 1 1 0 0 1 0 0 1 0 1 0 0 0 0
250	1	0 1 1 0 1 0 0 1 0 0 0 1 0 0 0 0
250	1	1 1 0 1 0 0 1 1 0 0 0 1 0 0 0 0
250	3	1 1 1 1 1 0 1 1 0 1 0 0 1 0 0 1
250	5	1 1 1 1 0 0 1 1 0 0 0 1 0 1 0 0
250	2	1 1 1 1 0 0 0 1 0 0 1 1 0 0 0 0
250	1	1 1 1 1 0 0 1 1 0 0 0 1 0 0 0 1
250	1	0 0 1 1 0 0 1 1 0 1 0 0 0 0 0 0
250	1	1 1 1 1 0 1 1 0 0 0 0 1 0 0 0 0
250	1	1 1 1 0 0 0 1 1 0 0 0 1 0 0 0 0
250	1	1 0 1 1 1 0 1 0 0 0 0 1 0 0 0 0
250	1	1 1 0 0 1 1 0 1 0 0 0 1 0 0 0 0
250	1	1 1 1 0 1 0 0 1 0 0 1 1 0 0 0 0
250	1	1 1 1 1 0 0 1 1 1 1 0 1 0 0 0 0
260	13	1 1 1 1 0 0 1 1 0 0 0 1 0 0 0 0
260	1	1 1 1 0 1 0 0 1 0 0 0 1 0 0 0 0
260	1	1 1 1 1 0 0 1 0 0 0 0 1 0 0 0 0
260	1	1 1 1 1 0 0 1 1 1 0 0 1 0 0 0 0
260	6	1 1 1 1 0 0 1 1 0 1 0 1 0 0 0 0
260	1	1 1 1 1 0 0 1 1 0 1 0 0 0 0 0 0
260	3	1 1 1 1 0 0 0 1 0 0 0 1 0 0 0 0
260	2	1 1 1 1 0 1 1 1 0 1 0 1 0 0 0 0
260	2	1 1 1 1 0 1 0 1 0 0 0 1 0 0 0 0
260	2	1 1 1 1 0 0 1 0 0 1 0 1 0 0 0 0
260	1	1 1 1 0 1 0 0 1 0 1 0 1 0 0 0 0
260	1	1 1 1 1 0 0 1 1 0 0 0 1 0 1 0 0
260	1	1 1 1 1 0 0 0 1 0 0 0 1 1 0 0 0
260	4	1 1 1 1 0 0 0 1 0 0 0 1 0 0 0 1
260	1	1 1 1 1 0 0 1 1 0 0 1 1 0 0 0 0
260	1	1 1 1 0 0 0 1 1 0 0 0 0 0 0 0 0
260	1	1 1 1 1 0 0 0 1 0 0 0 0 0 0 0 0
260	2	1 1 1 1 0 0 1 1 0 1 0 0 1 1 0 1
260	1	1 1 1 1 1 1 1 1 0 1 0 1 0 0 0 0
260	2	1 1 0 1 0 0 1 1 1 0 0 1 0 0 0 0
260	2	1 1 1 1 0 0 1 0 0 0 0 1 1 0 0 0
260	1	1 1 1 0 0 0 1 1 0 0 0 1 0 0 1 0
270	9	1 1 1 1 0 0 1 1 0 0 0 1 0 0 0 0
270	4	1 1 1 0 1 0 0 1 0 0 0 1 0 0 0 0
270	2	1 1 1 1 0 0 1 0 0 0 0 1 0 0 0 0
270	1	1 1 1 1 0 0 1 1 1 0 0 1 0 0 0 0
270	4	1 1 1 1 0 0 1 1 0 1 0 1 0 0 0 0
270	1	1 1 1 1 0 0 1 1 0 1 0 0 0 0 0 0
270	12	1 1 1 1 0 0 0 1 0 0 0 1 0 0 0 0
270	3	1 1 1 1 0 1 0 1 0 0 0 1 0 0 0 0
270	1	1 1 1 0 1 0 0 0 0 0 0 1 0 0 0 0
270	2	1 1 1 1 0 0 1 1 0 0 0 1 0 1 0 0
270	1	1 1 1 1 0 0 0 1 0 0 0 1 1 0 0 0
270	1	1 1 0 0 1 1 0 1 0 0 0 1 0 0 0 0
270	3	1 1 1 0 1 0 0 1 0 0 1 1 0 0 0 0
270	1	1 1 1 0 0 0 1 1 0 0 0 0 0 0 0 0
270	1	1 1 1 1 0 0 0 1 0 0 0 0 0 0 0 0
270	1	0 1 1 0 0 0 1 1 0 1 0 1 0 0 0 0
270	1	1 1 1 1 0 0 0 1 0 0 0 1 0 0 1 0
270	1	1 1 1 0 0 0 0 1 0 0 0 1 1 0 0 0
270	1	1 1 1 0 0 0 0 1 0 0 0 1 0 0 0 0
280	11	1 1 1 1 0 0 1 1 0 0 0 1 0 0 0 0
280	2	1 1 1 0 1 0 0 1 0 0 0 1 0 0 0 0
280	1	1 1 1 1 0 0 1 0 0 0 0 1 0 0 0 0
280	8	1 1 1 1 0 0 1 1 0 1 0 1 0 0 0 0
280	10	1 1 1 1 0 0 0 1 0 0 0 1 0 0 0 0
280	1	1 1 1 1 0 0 1 1 0 0 0 1 0 1 0 0
280	2	1 1 0 0 1 1 0 1 0 0 0 1 0 0 0 0
280	1	1 1 1 1 0 0 0 1 0 0 0 0 0 0 0 0
280	1	1 1 1 1 1 1 1 1 0 1 0 1 0 0 0 0
280	1	1 1 1 0 0 0 1 1 0 1 0 1 0 0 0 0
280	4	1 1 1 1 0 0 0 1 0 0 1 1 0 0 0 0
280	1	1 1 1 1 0 0 1 1 1 0 0 1 0 0 0 1
280	1	1 1 0 1 0 0 0 1 0 0 0 1 0 0 0 0
280	1	1 1 1 1 0 0 1 0 0 0 0 0 0 0 0 0
280	1	1 1 1 1 0 0 1 1 0 1 0 1 1 0 0 0
280	1	1 0 1 1 0 0 1 1 0 1 0 1 0 0 0 0
280	1	1 1 1 1 0 0 0 1 1 0 0 1 0 0 0 0
280	1	1 1 0 1 1 0 0 1 0 0 0 1 1 0 0 0
280	1	1 1 0 1 0 0 1 1 0 0 1 1 0 0 0 0
290	8	1 1 1 1 0 0 1 1 0 0 0 1 0 0 0 0
290	1	1 1 1 0 1 0 0 1 0 0 0 1 0 0 0 0
290	1	1 1 1 1 0 0 1 0 0 0 0 1 0 0 0 0
290	2	1 1 1 1 0 0 1 1 1 0 0 1 0 0 0 0
290	6	1 1 1 1 0 0 1 1 0 1 0 1 0 0 0 0
290	6	1 1 1 1 0 0 0 1 0 0 0 1 0 0 0 0
290	1	1 1 1 1 0 1 0 1 0 0 0 1 0 0 0 0
290	1	1 1 1 1 0 0 1 0 0 1 0 1 0 0 0 0
290	2	1 1 1 1 0 0 1 1 0 0 0 1 0 1 0 0
290	3	1 1 0 0 1 1 0 1 0 0 0 1 0 0 0 0
290	1	1 1 1 0 0 0 1 1 0 1 0 1 0 0 0 0
290	1	1 1 1 1 0 0 0 1 0 0 1 1 0 0 0 0
290	4	1 1 1 1 0 0 0 1 0 0 0 0 1 0 0 0
290	1	1 1 1 1 1 0 1 0 0 1 0 1 0 0 0 0
290	1	1 1 1 1 0 0 1 1 1 0 0 1 0 0 0 1
290	4	1 1 0 1 0 0 0 1 0 0 0 1 0 0 0 0
290	2	1 1 1 1 0 0 1 1 0 0 0 0 0 0 0 0
290	1	1 1 1 1 1 0 1 1 0 1 0 1 1 0 0 0
290	1	1 0 1 1 0 0 0 1 0 0 0 1 0 0 0 0
290	1	1 1 1 0 0 1 0 1 0 0 0 1 0 0 0 0
290	1	1 1 1 1 0 0 1 0 1 0 0 1 0 1 0 0
290	1	1 1 1 1 1 0 1 1 1 0 0 1 0 0 0 0
300	5	1 1 1 1 0 0 1 1 0 0 0 1 0 0 0 0
300	1	1 1 1 0 1 0 0 1 0 0 0 1 0 0 0 0
300	3	1 1 1 1 0 0 1 1 1 0 0 1 0 0 0 0
300	8	1 1 1 1 0 0 1 1 0 1 0 1 0 0 0 0
300	1	0 1 1 1 0 0 1 1 0 0 0 1 0 0 0 0
300	4	1 1 1 1 0 0 0 1 0 0 0 1 0 0 0 0
300	1	1 1 1 1 0 1 0 1 0 0 0 1 0 0 0 0
300	1	1 1 1 1 0 0 1 0 0 1 0 1 0 0 0 0
300	1	1 1 0 1 0 0 1 1 0 0 0 1 0 0 0 0
300	1	1 1 0 0 1 1 0 1 0 0 0 1 0 0 0 0
300	2	1 1 1 1 0 0 0 1 0 0 0 0 1 0 0 0
300	1	1 1 1 1 1 0 1 0 0 1 0 1 0 0 0 0
300	2	1 1 1 1 0 0 1 1 1 0 0 1 0 0 0 1
300	1	1 1 0 1 0 0 0 1 0 0 0 1 0 0 0 0
300	3	1 1 1 1 0 0 1 1 0 0 0 0 0 0 0 0
300	1	1 1 1 1 0 0 1 1 0 1 0 1 1 0 0 0
300	2	1 1 1 1 0 0 1 1 0 0 1 1 0 0 0 0
300	1	1 1 1 0 0 0 0 1 0 0 0 1 0 0 0 0
300	1	1 1 1 1 0 0 1 0 1 1 0 1 0 0 0 0
300	1	1 1 1 1 0 0 1 0 1 0 0 1 0 0 0 0
300	1	1 1 1 1 0 0 0 1 1 0 0 1 0 0 0 1
300	1	0 1 1 1 0 1 1 1 0 0 0 1 0 0 0 0
300	1	1 0 1 1 0 0 1 1 0 0 0 1 0 0 0 0
300	1	1 1 1 1 1 1 1 1 0 0 0 1 0 0 0 0
300	1	1 1 1 1 0 0 0 1 1 0 1 1 0 0 0 0
300	1	1 1 1 1 0 0 1 1 1 0 0 1 1 0 0 0
300	1	1 1 1 1 1 0 0 1 0 0 1 1 0 0 0 0
300	2	1 1 1 1 0 0 1 1 0 0 0 1 1 0 0 0
310	9	1 1 1 1 0 0 1 1 0 0 0 1 0 0 0 0
310	4	1 1 1 1 0 0 1 1 0 1 0 1 0 0 0 0
310	3	0 1 1 1 0 0 1 1 0 0 0 1 0 0 0 0
310	2	1 1 1 1 0 0 0 1 0 0 0 1 0 0 0 0
310	2	1 1 1 1 0 1 0 1 0 0 0 1 0 0 0 0
310	2	1 1 1 1 0 0 1 0 0 1 0 1 0 0 0 0
310	2	1 1 0 1 0 0 1 1 0 0 0 1 0 0 0 0
310	3	1 1 0 1 0 0 0 1 0 0 0 1 0 0 0 0
310	2	1 1 1 1 0 0 1 1 0 0 0 0 0 0 0 0
310	1	1 1 1 1 0 0 1 1 0 0 1 1 0 0 0 0
310	1	1 1 1 0 0 0 0 1 0 0 0 1 0 0 0 0
310	1	1 1 1 1 0 0 1 1 1 1 0 1 0 0 0 0
310	1	1 1 1 1 0 0 1 0 1 1 0 1 0 0 0 0
310	1	1 1 1 1 1 0 1 1 0 1 0 1 1 0 0 0
310	1	1 1 1 1 0 1 1 1 0 1 0 1 0 0 0 0
310	1	1 0 1 1 0 0 0 1 0 0 0 1 0 0 0 0
310	2	1 1 1 1 0 0 1 0 1 0 0 1 0 0 0 0
310	1	1 0 1 0 0 0 1 1 0 1 0 1 0 0 0 0
310	1	1 1 1 1 0 0 0 1 1 0 1 1 0 0 0 0
310	2	1 1 1 1 1 0 0 1 0 0 1 1 0 0 0 0
310	1	1 0 1 1 0 0 0 1 1 0 0 1 0 0 0 1
310	1	1 1 1 0 0 1 0 1 0 0 1 1 0 0 0 0
310	1	1 1 1 1 0 0 0 1 1 0 0 1 0 0 0 0
310	1	1 1 1 1 1 0 1 0 0 1 0 1 0 1 0 0
310	1	1 1 0 1 1 0 1 1 0 0 0 1 0 0 0 0
310	1	1 1 1 0 0 1 0 1 0 0 1 0 0 0 0 0
310	1	1 1 1 1 0 1 1 1 1 0 0 1 0 0 0 1
310	1	0 1 1 1 0 0 1 1 1 0 0 1 0 1 0 0
320	3	1 1 1 1 0 0 1 1 0 0 0 1 0 0 0 0
320	9	1 1 1 1 0 0 1 1 0 1 0 1 0 0 0 0
320	1	0 1 1 1 0 0 1 1 0 0 0 1 0 0 0 0
320	3	1 1 1 1 0 0 0 1 0 0 0 1 0 0 0 0
320	2	1 1 1 1 0 1 0 1 0 0 0 1 0 0 0 0
320	2	1 1 0 1 0 0 1 1 0 0 0 1 0 0 0 0
320	1	1 1 1 1 0 0 1 1 0 0 0 0 0 0 0 0
320	3	1 1 1 0 0 0 0 1 0 0 0 1 0 0 0 0
320	1	1 1 1 1 0 0 1 1 1 1 0 1 0 0 0 0
320	1	1 1 1 1 0 0 1 0 1 1 0 1 0 0 0 0
320	2	1 1 1 1 0 1 1 1 0 1 0 1 0 0 0 0
320	2	1 0 1 1 0 0 0 1 0 0 0 1 0 0 0 0
320	1	1 1 1 1 0 0 1 0 1 0 0 1 0 0 0 0
320	1	1 0 1 0 0 0 1 1 0 1 0 1 0 0 0 0
320	6	1 1 1 1 1 0 0 1 0 0 1 1 0 0 0 0
320	2	1 1 1 1 0 1 1 1 0 0 0 1 0 0 0 0
320	1	1 1 0 0 0 1 0 1 0 0 0 1 0 0 0 0
320	1	1 1 1 1 0 0 1 0 1 1 1 1 0 0 0 0
320	1	1 1 1 1 0 1 0 0 0 0 0 1 0 0 0 0
320	1	1 1 1 1 0 0 0 1 0 0 1 1 0 0 0 0
320	1	1 1 1 1 1 0 1 1 0 1 0 1 0 0 0 0
320	1	0 1 1 1 0 1 1 1 0 0 0 1 0 0 0 0
320	1	1 1 1 1 1 0 1 1 0 0 0 0 0 0 0 0
320	1	1 1 1 1 1 0 1 1 0 0 0 1 0 0 0 1
320	1	1 1 1 1 0 0 1 1 0 0 0 1 0 0 0 1
320	1	1 0 1 0 0 0 1 1 0 0 0 1 0 0 0 0
330	4	1 1 1 1 0 0 1 1 0 0 0 1 0 0 0 0
330	3	1 1 1 1 0 0 1 1 1 0 0 1 0 0 0 0
330	2	1 1 1 1 0 0 1 1 0 1 0 1 0 0 0 0
330	1	0 1 1 1 0 0 1 1 0 0 0 1 0 0 0 0
330	3	1 1 1 1 0 0 0 1 0 0 0 1 0 0 0 0
330	1	1 1 0 1 0 0 1 1 0 0 0 1 0 0 0 0
330	1	1 1 1 1 1 0 1 0 0 1 0 1 0 0 0 0
330	2	1 1 1 1 0 0 1 1 0 0 0 0 0 0 0 0
330	2	1 1 1 0 0 0 0 1 0 0 0 1 0 0 0 0
330	3	1 1 1 1 0 0 1 0 1 1 0 1 0 0 0 0
330	1	1 0 1 1 0 0 0 1 0 0 0 1 0 0 0 0
330	3	1 1 1 1 0 0 1 0 1 0 0 1 0 0 0 0
330	1	1 0 1 0 0 0 1 1 0 1 0 1 0 0 0 0
330	1	1 1 1 1 0 1 1 1 0 0 0 1 0 0 0 0
330	1	1 1 0 1 0 0 0 1 0 0 0 0 1 0 0 0
330	1	1 1 1 1 1 0 1 0 1 0 0 1 0 0 0 0
330	2	1 1 1 1 0 1 0 0 0 0 0 1 0 0 0 0
330	2	0 1 1 1 0 0 1 1 0 0 0 1 1 0 0 0
330	1	1 1 1 1 1 0 1 0 0 1 0 0 1 0 0 0
330	1	1 1 0 1 0 0 0 1 0 1 0 1 0 0 0 0
330	1	1 1 1 1 1 0 1 1 0 0 0 0 0 0 0 0
330	2	1 1 1 1 0 0 1 1 0 1 1 1 0 0 0 0
330	2	1 1 0 1 0 0 1 1 0 1 0 1 0 0 0 0
330	1	1 1 1 1 0 0 0 1 0 0 0 1 0 0 0 1
330	1	1 0 1 1 0 0 0 1 0 0 1 1 0 0 0 0
330	1	1 0 1 0 0 0 0 1 0 0 0 1 0 0 0 0
330	1	1 1 1 1 1 0 1 0 0 0 0 1 0 0 0 0
330	1	0 1 1 1 0 0 1 1 0 0 1 0 0 0 0 0
330	1	0 1 1 1 1 0 1 1 0 0 0 1 1 0 0 0
330	1	0 1 1 1 0 0 1 1 0 1 1 1 0 0 0 0
330	1	1 1 0 1 0 0 1 1 0 0 0 1 0 1 0 0
330	1	1 1 1 1 1 0 1 0 0 1 0 1 1 0 0 0
340	4	1 1 1 1 0 0 1 1 0 0 0 1 0 0 0 0
340	2	1 1 1 1 0 0 1 1 1 0 0 1 0 0 0 0
340	9	1 1 1 1 0 0 1 1 0 1 0 1 0 0 0 0
340	2	0 1 1 1 0 0 1 1 0 0 0 1 0 0 0 0
340	2	1 1 1 1 0 0 0 1 0 0 0 1 0 0 0 0
340	1	1 1 1 1 0 0 1 1 0 0 0 1 0 1 0 0
340	4	1 1 1 1 0 0 1 1 0 0 0 0 0 0 0 0
340	5	1 1 1 0 0 0 0 1 0 0 0 1 0 0 0 0
340	1	1 1 1 1 0 0 1 1 1 1 0 1 0 0 0 0
340	1	1 1 1 1 0 0 1 0 1 1 0 1 0 0 0 0
340	1	1 0 1 1 0 0 0 1 0 0 0 1 0 0 0 0
340	2	1 1 1 1 0 0 1 0 1 0 0 1 0 0 0 0
340	2	1 1 1 1 0 1 1 1 0 0 0 1 0 0 0 0
340	2	1 1 1 1 0 1 0 0 0 0 0 1 0 0 0 0
340	2	1 1 1 1 0 0 0 0 0 1 0 1 0 0 0 0
340	1	1 1 1 1 0 0 1 1 0 1 1 1 0 0 0 0
340	1	1 0 1 1 0 0 0 0 0 0 0 1 0 0 0 0
340	2	1 1 0 0 0 0 0 1 0 0 0 1 0 0 0 0
340	1	1 1 1 1 0 0 0 1 0 1 0 1 0 0 0 0
340	1	1 1 1 1 1 0 1 0 0 1 0 1 1 0 0 0
340	1	1 1 1 1 1 0 1 1 0 0 0 0 0 0 0 1
340	1	1 1 1 1 0 0 1 1 0 0 1 0 0 0 0 0
340	1	1 1 1 1 0 0 1 0 0 0 0 1 0 0 0 1
340	1	1 1 0 1 0 0 1 1 0 1 1 1 0 0 0 0
350	1	1 1 1 1 0 0 1 1 0 0 0 1 0 0 0 0
350	4	1 1 1 1 0 0 1 1 1 0 0 1 0 0 0 0
350	5	1 1 1 1 0 0 1 1 0 1 0 1 0 0 0 0
350	1	0 1 1 1 0 0 1 1 0 0 0 1 0 0 0 0
350	2	1 1 1 1 0 0 0 1 0 0 0 1 0 0 0 0
350	1	1 1 1 1 0 0 1 1 0 0 0 1 0 1 0 0
350	1	1 1 1 1 1 0 1 0 0 1 0 1 0 0 0 0
350	2	1 1 1 1 0 0 1 1 0 0 0 0 0 0 0 0
350	1	1 1 1 1 0 0 1 1 1 1 0 1 0 0 0 0
350	1	1 1 1 1 0 0 1 0 1 1 0 1 0 0 0 0
350	5	1 1 1 1 0 0 1 0 1 0 0 1 0 0 0 0
350	1	1 1 1 1 0 1 0 0 0 0 0 1 0 0 0 0
350	2	1 1 1 1 0 0 0 0 0 1 0 1 0 0 0 0
350	1	1 1 1 1 1 0 1 0 0 1 0 0 1 0 0 0
350	1	1 1 1 1 0 0 1 1 0 1 1 1 0 0 0 0
350	2	1 1 0 1 0 0 1 1 0 1 0 1 0 0 0 0
350	3	0 1 1 1 0 0 1 1 1 0 0 1 0 0 0 0
350	1	1 1 1 1 0 0 1 0 1 1 0 1 0 0 1 0
350	1	1 1 1 1 0 0 0 1 0 1 0 1 0 0 0 0
350	1	1 1 0 1 0 0 0 1 0 0 0 0 0 0 0 0
350	2	1 1 1 1 1 0 1 1 0 0 0 0 0 0 0 1
350	1	1 1 1 1 0 0 1 0 0 0 1 1 1 0 0 0
350	2	1 1 0 1 0 0 1 0 0 1 1 1 0 0 0 0
350	1	1 1 1 1 0 0 1 1 0 0 0 1 0 0 1 0
350	1	1 1 1 1 1 0 0 0 0 1 0 1 0 0 0 0
350	1	1 1 1 1 0 0 1 0 0 0 0 0 0 0 0 1
350	1	0 1 1 0 0 0 0 1 0 0 0 1 0 0 0 0
350	2	1 1 1 1 0 1 1 1 0 1 1 1 0 0 0 0
350	1	1 1 1 1 0 0 1 0 1 0 1 1 0 0 0 0
350	1	0 1 0 1 0 0 0 1 0 0 0 0 0 0 0 0
360	3	1 1 1 1 0 0 1 1 1 0 0 1 0 0 0 0
360	3	1 1 1 1 0 0 1 1 0 1 0 1 0 0 0 0
360	2	1 1 1 1 0 0 1 1 0 0 0 0 0 0 0 0
360	3	1 1 1 1 0 0 1 1 1 1 0 1 0 0 0 0
360	1	1 1 1 1 0 0 1 0 1 1 0 1 0 0 0 0
360	1	1 0 1 1 0 0 0 1 0 0 0 1 0 0 0 0
360	7	1 1 1 1 0 0 1 0 1 0 0 1 0 0 0 0
360	2	1 1 1 1 0 1 1 1 0 0 0 1 0 0 0 0
360	1	1 1 1 1 0 1 0 0 0 0 0 1 0 0 0 0
360	2	0 1 1 1 0 0 1 1 1 0 0 1 0 0 0 0
360	2	1 1 1 1 0 0 0 1 0 0 0 1 0 0 0 1
360	3	0 1 1 1 0 0 1 1 0 1 0 1 0 0 0 0
360	1	1 1 1 1 0 0 1 1 1 0 0 1 1 0 0 0
360	1	1 1 1 1 1 0 0 0 0 1 0 1 0 0 0 0
360	1	1 1 1 0 1 0 0 1 0 0 0 0 0 0 0 0
360	1	1 1 1 1 0 0 1 0 1 0 1 1 0 0 0 0
360	1	1 1 1 0 0 0 1 1 0 0 0 1 0 0 0 1
360	1	0 1 1 1 1 1 1 1 0 0 0 1 0 0 0 0
360	1	1 1 1 1 0 1 1 1 0 0 0 1 0 1 0 0
360	1	1 1 1 1 0 1 1 1 0 0 1 1 1 0 0 0
360	1	1 1 1 1 1 0 1 1 0 0 0 0 1 0 0 1
360	1	1 1 0 1 0 0 1 1 0 0 0 1 0 1 0 0
360	1	1 1 1 1 0 0 1 0 1 0 0 1 0 1 0 0
360	1	1 1 1 1 0 0 1 0 0 1 0 1 0 0 0 1
360	1	0 0 1 1 0 0 1 1 0 1 0 1 0 0 0 0
360	1	1 1 1 1 0 1 0 1 0 0 0 1 0 0 0 0
360	1	1 1 1 0 1 0 0 1 0 0 0 1 0 0 0 0
360	1	0 1 1 0 0 0 0 0 0 1 0 1 0 0 0 0
360	1	1 1 1 1 0 0 1 0 1 0 0 1 0 0 0 1
360	1	1 1 1 1 0 1 0 0 0 0 0 0 0 0 0 0
360	1	0 1 1 1 0 0 1 1 0 1 0 0 0 0 0 1
360	1	1 1 1 1 0 1 1 0 1 0 0 1 0 0 0 0
370	5	1 1 1 1 0 0 1 1 0 0 0 1 0 0 0 0
370	1	1 1 1 1 0 0 1 1 1 0 0 1 0 0 0 0
370	5	1 1 1 1 0 0 1 1 0 1 0 1 0 0 0 0
370	1	1 1 1 1 0 0 0 1 0 0 0 1 0 0 0 0
370	3	1 1 1 1 0 0 1 0 0 1 0 1 0 0 0 0
370	2	1 1 1 1 0 0 1 1 0 0 0 0 0 0 0 0
370	5	1 1 1 1 0 0 1 0 1 1 0 1 0 0 0 0
370	2	1 0 1 1 0 0 0 1 0 0 0 1 0 0 0 0
370	3	1 1 1 1 0 0 1 0 1 0 0 1 0 0 0 0
370	1	1 1 1 1 0 1 1 1 0 0 0 1 0 0 0 0
370	3	1 1 1 1 0 1 0 0 0 0 0 1 0 0 0 0
370	1	1 1 1 1 0 0 0 0 0 1 0 1 0 0 0 0
370	2	1 1 1 1 0 0 1 1 0 0 0 1 0 0 0 1
370	1	1 0 1 1 0 0 0 0 0 0 0 1 0 0 0 0
370	1	0 1 1 1 0 0 1 1 1 0 0 1 0 0 0 0
370	1	1 1 1 1 1 0 1 1 0 0 0 0 0 0 0 1
370	1	0 1 1 1 0 0 1 1 0 1 0 1 0 0 0 0
370	2	1 1 1 1 1 0 0 0 0 1 0 1 0 0 0 0
370	1	1 1 1 1 0 0 1 1 0 1 0 1 0 1 0 0
370	2	1 1 1 1 0 0 1 0 1 0 0 1 0 1 0 0
370	1	0 1 1 1 0 0 1 0 0 1 0 1 0 0 0 0
370	1	1 1 1 1 0 1 1 1 0 1 0 1 0 0 0 0
370	1	1 1 1 1 0 1 1 0 1 0 0 1 0 0 0 0
370	1	1 1 1 1 0 0 0 0 0 1 0 1 0 1 0 0
370	1	1 1 1 1 0 0 0 1 0 1 0 1 0 0 0 0
370	1	1 1 1 0 0 0 0 1 0 0 0 1 0 0 0 0
370	1	0 1 1 1 0 0 1 0 1 1 0 1 0 0 0 0
380	6	1 1 1 1 0 0 1 1 1 0 0 1 0 0 0 0
380	3	1 1 1 1 0 0 1 1 0 1 0 1 0 0 0 0
380	2	1 1 1 1 0 0 0 1 0 0 0 1 0 0 0 0
380	1	1 1 1 1 0 0 1 0 0 1 0 1 0 0 0 0
380	1	1 1 1 1 1 0 1 0 0 1 0 1 0 0 0 0
380	3	1 1 1 1 0 0 1 1 0 0 0 0 0 0 0 0
380	1	1 1 1 1 0 0 1 1 1 1 0 1 0 0 0 0
380	1	1 1 1 1 0 0 1 0 1 1 0 1 0 0 0 0
380	5	1 1 1 1 0 0 1 0 1 0 0 1 0 0 0 0
380	4	1 1 1 1 0 1 1 1 0 0 0 1 0 0 0 0
380	4	1 1 1 1 0 1 0 0 0 0 0 1 0 0 0 0
380	1	1 1 1 1 0 0 0 0 0 1 0 1 0 0 0 0
380	2	1 1 1 1 0 0 1 1 0 0 0 1 0 0 0 1
380	1	1 1 1 1 0 0 0 1 0 0 0 1 0 0 0 1
380	2	1 1 1 1 0 0 1 0 1 0 0 1 0 1 0 0
380	1	1 1 1 0 0 0 0 1 1 0 0 1 0 0 0 0
380	1	1 1 1 0 1 0 0 1 0 0 0 1 0 0 0 0
380	1	0 1 1 1 0 0 1 1 0 0 0 0 0 0 0 0
380	1	1 1 0 1 0 0 1 1 1 0 0 1 0 0 0 0
380	1	1 1 1 1 0 0 0 1 0 1 0 1 0 0 0 0
380	1	1 1 1 1 0 0 0 0 1 0 0 1 0 0 0 0
380	1	1 1 1 1 0 0 0 1 0 1 0 1 0 0 0 1
380	1	1 1 1 1 0 0 1 1 1 0 0 0 0 0 0 0
380	1	1 1 0 1 0 0 1 0 0 1 0 1 0 0 0 0
380	1	0 1 1 1 0 1 1 1 0 0 0 0 0 0 0 0
380	1	1 1 0 1 0 0 0 1 0 0 0 1 0 0 0 0
380	1	1 1 0 1 0 0 1 0 0 0 1 1 0 0 0 0
380	1	1 1 1 1 0 0 0 1 1 0 0 1 0 0 0 0
390	4	1 1 1 1 0 0 1 1 0 0 0 1 0 0 0 0
390	6	1 1 1 1 0 0 1 1 1 0 0 1 0 0 0 0
390	2	1 1 1 1 1 0 1 0 0 1 0 1 0 0 0 0
390	2	1 1 1 1 0 0 1 1 0 0 0 0 0 0 0 0
390	1	1 1 1 1 0 0 1 1 1 1 0 1 0 0 0 0
390	1	1 1 1 1 0 0 1 0 1 1 0 1 0 0 0 0
390	2	1 1 1 1 0 0 1 0 1 0 0 1 0 0 0 0
390	3	1 1 1 1 0 1 1 1 0 0 0 1 0 0 0 0
390	1	1 1 1 1 0 0 1 0 1 0 0 1 0 1 0 0
390	1	0 1 1 1 0 0 1 0 0 0 1 1 1 0 0 0
390	4	1 1 1 0 1 0 0 1 0 0 0 1 0 0 0 0
390	1	0 1 1 1 0 0 1 1 0 0 0 0 0 0 0 0
390	2	1 1 1 1 0 0 1 0 0 0 1 1 0 0 0 0
390	1	1 1 1 1 0 0 1 1 0 0 0 0 0 0 0 1
390	6	1 1 1 1 0 0 0 0 1 0 0 1 0 0 0 0
390	2	1 1 1 1 0 1 0 0 0 0 1 1 0 0 0 0
390	1	1 1 1 1 0 0 1 0 0 1 0 1 0 1 0 0
390	1	1 1 1 0 0 0 1 0 1 0 0 1 0 0 0 0
390	3	1 1 1 1 1 1 1 1 0 0 0 1 0 0 0 0
390	1	1 1 1 1 0 0 1 0 0 0 0 1 0 1 0 0
390	1	1 1 1 0 0 0 0 0 0 1 0 1 0 0 0 0
390	1	1 1 0 1 0 0 1 1 1 0 0 1 0 0 0 1
390	1	0 1 1 1 1 0 1 1 1 1 0 1 0 0 0 0
390	1	1 1 1 1 0 0 1 1 1 1 0 0 0 0 0 0
390	1	1 1 1 0 0 1 1 1 0 0 0 1 0 0 0 0
400	3	1 1 1 1 0 0 1 1 0 0 0 1 0 0 0 0
400	4	1 1 1 1 0 0 1 1 1 0 0 1 0 0 0 0
400	2	1 1 1 1 0 0 1 1 0 1 0 1 0 0 0 0
400	4	1 1 1 1 0 0 0 1 0 0 0 1 0 0 0 0
400	1	1 1 1 1 0 0 1 0 0 1 0 1 0 0 0 0
400	3	1 1 1 1 0 0 1 1 0 0 0 0 0 0 0 0
400	3	1 1 1 1 0 0 1 1 1 1 0 1 0 0 0 0
400	1	1 1 1 1 0 0 1 0 1 1 0 1 0 0 0 0
400	4	1 1 1 1 0 0 1 0 1 0 0 1 0 0 0 0
400	2	1 1 1 1 0 0 0 0 0 1 0 1 0 0 0 0
400	1	1 1 1 1 0 0 1 1 0 0 0 1 0 0 0 1
400	3	0 1 1 1 0 0 1 1 0 1 0 1 0 0 0 0
400	1	1 1 1 0 1 0 0 1 0 0 0 1 0 0 0 0
400	1	0 1 1 0 0 0 0 0 0 1 0 1 0 0 0 0
400	2	1 1 1 1 0 0 1 1 0 0 0 0 0 0 0 1
400	2	1 1 1 1 0 0 0 0 1 0 0 1 0 0 0 0
400	2	1 1 1 1 0 1 0 0 0 0 1 1 0 0 0 0
400	1	1 1 1 1 0 0 1 1 1 0 0 0 0 0 0 0
400	2	1 1 1 1 1 1 1 1 0 0 0 1 0 0 0 0
400	1	0 1 1 1 0 0 1 1 0 0 0 0 0 0 1 0
400	1	1 1 1 0 0 0 0 0 0 1 0 1 0 0 0 0
400	1	1 1 1 1 0 1 1 1 0 0 0 0 0 0 0 0
400	1	1 1 1 1 1 1 1 1 0 0 0 1 0 0 1 0
400	1	1 1 1 0 0 0 0 0 0 0 0 1 0 0 0 0
400	1	1 1 1 1 0 1 0 0 0 0 1 1 1 0 0 0
400	1	1 1 1 0 1 0 1 1 1 1 0 1 0 0 0 0
400	1	0 1 0 1 0 0 1 1 0 1 0 1 0 0 0 0
