0	250	0 0 0 0 0 0 1 0 0 1 0 1 1 0 0 0
0	250	0 0 1 0 0 0 0 0 0 1 0 1 1 1 0 1
0	250	0 0 0 0 0 0 0 0 1 0 0 0 0 0 0 0
0	250	0 1 0 0 0 0 0 0 0 0 0 0 0 0 0 0
20	27	0 0 0 0 0 0 1 0 0 1 0 1 1 0 0 0
20	236	0 0 1 0 0 0 0 0 0 1 0 1 1 1 0 1
20	123	0 0 0 0 0 0 0 0 1 0 0 0 0 0 0 0
20	236	0 1 0 0 0 0 0 0 0 0 0 0 0 0 0 0
20	8	0 1 0 0 0 0 0 0 0 1 0 1 1 1 0 1
20	57	0 1 1 0 0 0 0 0 0 1 0 1 1 1 0 1
20	8	0 1 1 0 0 0 0 0 0 0 0 0 0 0 0 0
20	17	0 1 0 0 0 0 0 0 1 0 0 0 0 0 0 0
20	5	1 1 0 0 0 0 0 0 0 0 0 0 0 0 0 0
20	27	0 0 1 0 0 0 0 0 1 1 0 1 1 1 0 1
20	9	0 0 1 0 0 0 0 0 0 1 0 1 1 0 0 0
20	9	1 0 1 0 0 0 0 0 0 1 0 1 1 1 0 1
20	9	0 0 1 0 0 0 0 0 0 1 0 0 1 1 0 1
20	15	0 1 0 0 0 0 0 1 0 0 0 0 0 0 0 0
20	18	0 0 1 0 0 0 0 0 0 1 0 1 1 1 0 0
20	9	0 0 1 0 0 0 0 0 0 0 0 0 0 0 0 0
20	15	0 0 0 0 0 0 0 0 0 0 0 0 0 0 0 0
20	7	0 0 1 0 0 0 0 0 0 1 0 0 0 0 0 0
20	2	0 0 1 1 0 0 0 0 0 1 0 1 1 1 0 1
20	1	0 0 1 0 0 0 0 0 0 0 0 1 1 1 0 1
20	19	0 1 1 0 0 0 0 0 0 1 0 0 0 0 0 0
20	2	0 0 0 0 0 0 1 0 1 0 0 1 1 1 0 1
20	1	1 1 0 0 0 0 0 0 0 0 0 0 0 0 0 1
20	4	0 0 1 0 1 0 0 0 0 1 0 1 1 1 0 1
20	1	0 0 1 0 0 1 0 0 0 1 0 1 1 1 0 0
20	3	0 0 1 0 0 0 0 0 0 1 0 0 0 0 1 0
20	7	0 0 1 0 0 0 0 0 0 1 0 1 0 0 0 0
20	6	0 0 1 0 0 1 0 0 0 1 0 1 1 1 0 1
20	1	0 0 0 1 0 0 0 0 1 0 0 0 0 0 0 0
20	7	0 0 1 0 0 0 1 0 0 1 0 1 1 0 1 0
20	2	0 0 0 0 0 0 0 0 1 0 0 0 0 0 0 1
20	4	0 1 0 0 0 0 0 0 0 0 0 0 0 0 0 1
20	3	0 1 0 0 0 0 1 0 0 0 0 0 0 0 0 0
20	14	0 0 0 0 0 0 1 0 0 1 0 1 0 0 0 0
20	3	0 1 0 0 0 0 0 0 0 1 0 0 0 0 0 0
20	8	0 0 1 0 0 0 0 0 1 0 0 0 0 0 0 1
20	1	0 0 1 1 0 0 0 0 0 1 0 1 1 1 0 0
20	3	0 1 0 0 0 0 0 0 0 0 0 1 1 1 0 1
20	5	0 0 1 0 0 0 1 0 0 1 0 1 1 1 0 1
20	4	0 1 0 0 0 0 0 0 0 0 0 0 0 1 0 0
20	5	0 1 1 0 0 0 0 0 0 1 0 1 1 0 0 0
20	3	0 0 0 0 0 0 0 0 1 0 0 0 1 1 0 1
20	2	0 0 0 0 0 0 0 0 0 1 0 1 1 1 0 1
20	1	0 0 0 0 0 0 0 0 1 0 0 0 0 1 0 0
20	7	1 1 1 0 0 0 0 0 0 0 0 0 0 0 0 0
20	3	0 0 1 0 0 0 0 0 1 1 0 1 1 0 0 0
20	13	0 1 1 0 0 0 0 1 0 0 0 0 0 0 0 0
20	4	0 1 1 1 0 0 0 0 0 1 0 0 0 0 0 0
20	2	0 0 0 0 0 0 1 0 1 0 0 0 0 0 0 0
20	3	0 0 1 0 0 1 0 0 0 1 0 0 1 1 0 1
20	1	1 1 0 0 0 0 0 1 0 0 0 0 0 0 0 0
20	3	0 1 1 0 0 0 0 0 0 1 0 0 0 1 0 0
20	2	0 0 0 0 0 0 0 0 0 0 0 1 1 1 0 1
20	1	0 0 0 0 0 0 1 0 0 1 0 1 1 0 1 0
20	1	0 0 1 0 0 0 1 0 0 0 0 0 0 0 0 1
20	2	0 0 0 0 0 0 0 0 1 0 0 1 0 0 0 0
20	1	0 0 0 0 1 0 0 0 1 0 0 0 0 0 0 0
20	2	0 1 0 0 0 0 0 0 0 0 0 0 0 0 1 0
20	1	0 1 1 0 0 0 0 0 0 1 0 1 1 1 1 1
20	4	1 1 1 0 0 0 0 0 0 1 0 1 1 1 0 1
20	1	0 1 1 0 0 0 0 0 0 1 1 1 1 1 0 1
20	2	0 0 0 0 0 0 0 0 0 1 0 0 0 0 1 0
40	53	0 0 1 0 0 0 0 0 0 1 0 1 1 1 0 1
40	28	0 0 0 0 0 0 0 0 1 0 0 0 0 0 0 0
40	81	0 1 0 0 0 0 0 0 0 0 0 0 0 0 0 0
40	116	0 1 1 0 0 0 0 0 0 1 0 1 1 1 0 1
40	41	0 1 1 0 0 0 0 0 0 0 0 0 0 0 0 0
40	4	0 1 0 0 0 0 0 0 1 0 0 0 0 0 0 0
40	55	1 1 0 0 0 0 0 0 0 0 0 0 0 0 0 0
40	10	0 0 1 0 0 0 0 0 1 1 0 1 1 1 0 1
40	5	1 0 1 0 0 0 0 0 0 1 0 1 1 1 0 1
40	2	0 0 1 0 0 0 0 0 0 1 0 0 1 1 0 1
40	22	0 1 0 0 0 0 0 1 0 0 0 0 0 0 0 0
40	49	0 0 1 0 0 0 0 0 0 1 0 1 1 1 0 0
40	42	0 0 1 0 0 0 0 0 0 0 0 0 0 0 0 0
40	5	0 0 0 0 0 0 0 0 0 0 0 0 0 0 0 0
40	47	0 1 1 0 0 0 0 0 0 1 0 0 0 0 0 0
40	26	0 0 1 0 0 0 0 0 0 1 0 0 0 0 1 0
40	32	0 0 1 0 0 0 0 0 0 1 0 1 0 0 0 0
40	14	0 0 1 0 0 1 0 0 0 1 0 1 1 1 0 1
40	7	0 0 0 0 0 0 1 0 0 1 0 1 0 0 0 0
40	2	0 1 0 0 0 0 0 0 0 1 0 0 0 0 0 0
40	11	0 0 1 0 0 0 0 0 1 0 0 0 0 0 0 1
40	11	0 1 1 0 0 0 0 0 0 1 0 1 1 0 0 0
40	39	1 1 1 0 0 0 0 0 0 0 0 0 0 0 0 0
40	13	0 1 1 0 0 0 0 1 0 0 0 0 0 0 0 0
40	19	0 0 1 0 0 1 0 0 0 1 0 0 1 1 0 1
40	3	1 1 0 0 0 0 0 1 0 0 0 0 0 0 0 0
40	17	1 0 0 0 0 0 0 0 1 0 0 0 0 0 0 0
40	7	0 0 0 0 0 0 0 0 1 0 1 0 0 0 0 0
40	3	0 0 1 0 0 0 1 0 0 1 0 1 1 0 0 0
40	5	0 0 1 0 0 0 0 0 1 1 1 1 1 1 0 1
40	3	0 1 0 0 0 0 0 1 0 0 1 0 0 0 0 0
40	1	0 1 0 1 0 0 0 0 0 0 0 0 0 0 0 0
40	1	0 1 0 0 0 0 0 0 0 0 1 0 0 0 0 0
40	12	0 1 0 0 0 1 0 0 0 0 0 0 0 0 0 0
40	7	0 1 0 0 0 1 0 0 1 0 0 0 0 0 0 0
40	3	0 1 1 0 0 0 0 0 1 1 0 1 1 1 0 1
40	16	0 1 1 0 0 0 0 0 0 1 0 1 1 1 0 0
40	4	0 0 1 0 0 0 0 0 1 0 0 0 0 0 0 0
40	2	0 0 1 0 0 0 0 0 1 1 0 1 0 1 0 1
40	3	0 0 0 0 0 0 0 0 0 1 0 1 1 1 0 0
40	14	0 1 1 0 0 0 0 0 0 1 0 0 1 1 0 1
40	5	0 0 0 0 0 0 0 0 1 0 0 1 1 1 0 1
40	7	0 0 0 1 0 0 0 0 1 0 0 0 0 0 0 0
40	3	0 1 0 0 0 0 0 0 0 1 0 0 0 0 1 0
40	22	1 0 1 0 0 0 0 0 0 0 0 0 0 0 0 0
40	2	0 0 0 0 0 0 0 0 1 0 0 0 0 0 0 1
40	1	0 1 1 0 0 0 0 0 0 1 0 1 1 0 0 1
40	4	0 0 1 0 0 0 0 0 0 1 0 1 0 1 0 0
40	11	0 0 0 0 0 0 1 0 0 1 1 1 0 0 0 0
40	2	0 0 0 0 0 0 1 0 0 1 0 1 0 0 1 0
40	1	0 1 1 0 0 0 0 1 0 0 0 0 0 1 0 0
40	16	0 0 1 0 0 0 0 1 0 0 0 0 0 0 0 0
40	1	1 1 0 0 0 0 1 0 0 0 0 0 0 0 0 0
40	1	0 1 1 0 0 0 0 1 0 0 0 0 0 0 0 1
40	2	0 0 1 0 0 1 0 0 0 1 0 1 1 1 0 0
40	5	1 1 0 0 0 0 0 0 0 0 0 0 1 0 0 0
40	1	0 1 1 0 0 0 1 0 0 1 0 0 0 0 0 0
40	4	0 0 1 0 0 0 0 0 0 0 0 1 0 0 0 0
40	3	0 0 1 0 0 1 0 1 0 1 0 1 1 1 0 1
40	2	1 1 1 0 0 0 0 0 0 1 0 1 1 1 0 1
40	2	0 0 1 0 0 0 0 0 0 1 0 1 1 0 0 1
40	2	0 1 0 0 0 0 0 0 0 1 0 1 1 0 0 0
40	3	0 0 1 0 0 1 0 0 0 1 0 0 1 1 1 1
40	2	0 1 1 0 1 0 0 0 0 1 0 1 1 1 0 0
40	2	0 0 1 0 0 0 0 0 1 1 0 1 0 1 0 0
40	3	1 1 0 0 0 0 1 0 0 0 1 0 0 0 0 0
40	5	0 0 1 0 0 1 1 0 0 1 0 1 1 1 0 0
40	1	1 1 1 0 0 0 0 0 1 0 0 1 1 1 0 1
40	5	0 0 0 0 1 0 0 0 1 0 0 0 0 0 0 0
40	1	0 1 1 0 0 0 0 0 0 0 0 1 1 1 0 1
40	5	0 1 0 1 0 0 0 1 0 0 0 0 0 0 0 0
40	2	0 0 1 0 0 0 0 0 0 1 0 1 1 0 0 0
40	1	0 0 1 1 0 0 0 0 1 1 0 1 0 1 0 1
40	1	0 0 1 0 0 0 0 0 0 1 0 0 0 0 0 0
40	3	0 1 0 0 0 0 0 0 0 1 0 0 0 0 0 1
40	1	0 1 0 0 0 0 0 0 0 0 0 0 0 0 1 0
40	3	0 1 1 0 0 1 0 0 0 0 0 0 0 0 0 0
40	3	0 1 0 0 0 0 0 1 1 0 0 0 0 0 0 0
40	1	0 1 1 0 0 0 1 1 0 0 0 0 0 0 0 0
40	2	0 1 0 0 0 1 0 0 0 0 0 0 0 0 1 0
40	1	0 1 0 0 0 1 0 0 0 0 1 0 0 0 0 0
40	1	1 0 0 0 0 0 0 0 0 0 0 0 0 0 0 0
40	3	0 1 1 0 0 0 0 0 0 1 0 1 0 0 0 0
40	2	0 1 1 0 1 0 0 0 0 1 0 1 1 1 0 1
40	3	0 0 1 0 1 0 0 0 1 1 1 1 1 1 0 1
40	2	1 1 1 0 0 1 0 0 0 1 0 1 1 1 0 1
40	1	0 1 1 0 0 0 0 0 0 1 0 0 1 1 1 1
40	1	1 1 0 0 0 0 0 0 0 0 0 1 1 1 0 1
40	1	0 0 0 0 0 0 0 1 0 0 0 0 0 0 0 0
40	2	0 0 1 0 0 0 0 0 0 1 1 0 0 0 1 0
40	1	1 1 1 0 1 0 0 0 0 0 0 0 0 0 0 0
40	2	0 1 1 0 1 0 0 1 0 0 0 0 0 0 0 0
40	2	0 0 0 0 0 1 0 0 0 1 0 0 1 1 0 1
40	2	1 0 0 1 0 0 0 0 1 0 0 0 0 0 0 0
60	27	0 0 1 0 0 0 0 0 0 1 0 1 1 1 0 1
60	1	0 0 0 0 0 0 0 0 1 0 0 0 0 0 0 0
60	3	0 1 0 0 0 0 0 0 0 0 0 0 0 0 0 0
60	36	0 1 1 0 0 0 0 0 0 1 0 1 1 1 0 1
60	32	0 1 1 0 0 0 0 0 0 0 0 0 0 0 0 0
60	69	1 1 0 0 0 0 0 0 0 0 0 0 0 0 0 0
60	11	0 0 1 0 0 0 0 0 0 1 0 0 1 1 0 1
60	23	0 1 0 0 0 0 0 1 0 0 0 0 0 0 0 0
60	26	0 0 1 0 0 0 0 0 0 1 0 1 1 1 0 0
60	67	0 0 1 0 0 0 0 0 0 0 0 0 0 0 0 0
60	39	0 1 1 0 0 0 0 0 0 1 0 0 0 0 0 0
60	8	0 0 1 0 0 0 0 0 0 1 0 0 0 0 1 0
60	71	0 0 1 0 0 0 0 0 0 1 0 1 0 0 0 0
60	62	1 1 1 0 0 0 0 0 0 0 0 0 0 0 0 0
60	16	0 1 1 0 0 0 0 1 0 0 0 0 0 0 0 0
60	13	1 0 0 0 0 0 0 0 1 0 0 0 0 0 0 0
60	1	0 1 0 0 0 1 0 0 0 0 0 0 0 0 0 0
60	8	0 1 1 0 0 0 0 0 0 1 0 1 1 1 0 0
60	18	0 0 1 0 0 0 0 0 1 0 0 0 0 0 0 0
60	9	0 1 1 0 0 0 0 0 0 1 0 0 1 1 0 1
60	69	1 0 1 0 0 0 0 0 0 0 0 0 0 0 0 0
60	4	0 0 0 0 0 0 1 0 0 1 1 1 0 0 0 0
60	21	0 0 1 0 0 0 0 1 0 0 0 0 0 0 0 0
60	5	0 0 1 0 0 0 0 0 0 1 0 1 1 0 0 1
60	11	0 0 1 0 0 1 0 0 0 1 0 0 1 1 1 1
60	19	0 0 1 0 0 0 0 0 0 1 0 1 1 0 0 0
60	1	0 0 1 1 0 0 0 0 1 1 0 1 0 1 0 1
60	32	0 1 1 0 0 0 0 0 0 1 0 1 0 0 0 0
60	25	1 0 0 1 0 0 0 0 1 0 0 0 0 0 0 0
60	2	0 1 1 0 0 0 0 0 1 0 0 0 0 0 0 0
60	5	0 1 1 0 0 0 0 0 0 0 0 0 0 1 0 0
60	7	0 1 1 0 0 0 0 0 0 1 0 1 1 1 1 1
60	9	0 0 1 0 0 0 0 0 0 1 0 1 0 0 1 0
60	14	0 1 1 0 1 0 0 0 0 1 0 0 0 0 0 1
60	5	1 1 0 0 0 0 0 0 1 0 0 0 0 0 0 0
60	14	0 1 1 0 0 0 0 1 0 0 0 1 0 0 0 0
60	14	0 1 1 0 0 0 0 0 0 0 0 0 0 0 0 1
60	13	0 1 0 0 0 0 0 0 0 0 0 0 0 0 0 1
60	1	0 1 1 1 0 0 0 0 0 1 0 1 1 1 0 1
60	10	0 1 0 0 0 0 0 1 0 0 0 0 1 0 0 0
60	14	1 0 1 0 1 0 0 0 0 0 0 0 0 0 0 0
60	19	0 0 1 0 1 0 0 0 0 0 0 0 0 0 0 0
60	1	0 1 0 0 0 0 0 0 0 1 0 1 1 1 0 0
60	2	1 1 0 0 0 0 0 0 0 1 0 0 1 1 0 1
60	4	1 1 1 0 0 0 0 0 0 0 0 1 1 1 0 1
60	17	0 0 1 0 0 0 0 0 0 1 0 0 1 1 0 0
60	4	0 1 1 0 0 0 0 0 0 1 1 1 1 1 0 0
60	7	1 0 1 0 0 0 0 0 0 0 0 0 0 0 0 1
60	35	1 1 1 0 0 0 0 0 0 0 0 0 0 1 0 0
60	2	1 1 0 0 0 0 0 1 0 0 0 0 0 0 0 0
60	1	1 0 1 0 0 0 0 0 0 1 0 1 0 0 1 0
60	8	0 1 0 0 0 0 0 1 0 0 0 0 0 0 0 1
60	3	1 1 1 0 0 0 0 0 0 0 0 0 0 0 0 1
60	2	0 1 1 1 0 0 0 1 0 1 0 1 1 1 0 1
60	2	1 1 0 0 0 1 0 0 0 0 0 0 0 0 0 0
60	6	0 1 1 0 0 0 0 0 1 1 0 0 0 0 0 0
60	3	1 1 1 0 0 0 0 0 0 0 0 0 0 1 1 0
60	4	1 1 1 0 0 0 0 0 0 1 0 1 0 0 0 0
60	2	0 1 1 0 0 0 0 0 0 1 0 0 0 0 0 1
60	3	1 0 0 0 0 0 0 0 1 0 0 0 0 0 1 0
60	4	0 1 1 0 0 0 0 0 0 0 0 1 0 0 0 0
60	4	1 1 0 0 0 0 0 0 0 0 0 1 1 1 0 1
60	2	0 0 0 0 0 0 0 1 0 0 0 0 0 0 0 0
60	3	0 0 1 0 0 0 1 0 0 1 0 1 0 0 0 0
60	3	1 1 0 0 0 0 0 0 0 1 0 1 1 1 0 1
60	1	0 0 1 0 0 1 0 0 0 0 0 0 0 0 0 0
60	2	1 0 1 0 0 1 0 0 0 0 0 0 0 0 0 0
60	1	1 0 1 0 0 0 0 0 0 0 1 0 0 0 0 0
60	2	1 0 1 0 0 0 0 0 0 0 0 0 0 1 0 0
60	1	0 0 1 0 0 0 0 1 0 0 0 0 0 0 1 0
60	3	0 0 1 0 0 0 0 0 0 1 0 0 0 0 0 0
60	3	0 1 0 0 0 0 0 1 0 1 0 1 1 1 0 1
60	1	0 1 1 0 0 0 1 0 0 0 0 0 0 0 0 0
60	2	0 1 0 0 0 1 0 1 0 0 0 0 0 0 0 0
60	1	1 0 1 0 0 0 0 0 0 1 0 1 0 0 0 0
60	2	1 1 1 0 0 0 0 1 0 0 0 0 0 0 0 0
60	1	0 1 1 0 0 0 0 0 0 1 0 0 0 1 0 1
60	2	1 0 1 0 0 0 0 0 0 1 0 0 0 0 0 0
60	1	0 1 1 0 0 0 0 0 0 1 0 1 0 0 1 0
60	1	0 1 1 0 1 0 0 0 0 0 0 0 0 0 0 0
80	1	0 0 1 0 0 0 0 0 0 1 0 1 1 1 0 1
80	13	0 1 1 0 0 0 0 0 0 1 0 1 1 1 0 1
80	53	0 1 1 0 0 0 0 0 0 0 0 0 0 0 0 0
80	77	1 1 0 0 0 0 0 0 0 0 0 0 0 0 0 0
80	8	0 0 1 0 0 0 0 0 0 1 0 1 1 1 0 0
80	81	0 0 1 0 0 0 0 0 0 0 0 0 0 0 0 0
80	3	0 1 1 0 0 0 0 0 0 1 0 0 0 0 0 0
80	23	0 0 1 0 0 0 0 0 0 1 0 1 0 0 0 0
80	25	1 1 1 0 0 0 0 0 0 0 0 0 0 0 0 0
80	15	0 1 1 0 0 0 0 1 0 0 0 0 0 0 0 0
80	20	1 0 0 0 0 0 0 0 1 0 0 0 0 0 0 0
80	18	0 0 1 0 0 0 0 0 1 0 0 0 0 0 0 0
80	113	1 0 1 0 0 0 0 0 0 0 0 0 0 0 0 0
80	52	0 0 1 0 0 0 0 1 0 0 0 0 0 0 0 0
80	30	0 0 1 0 0 0 0 0 0 1 0 1 1 0 0 0
80	19	0 1 1 0 0 0 0 0 0 1 0 1 0 0 0 0
80	28	1 0 0 1 0 0 0 0 1 0 0 0 0 0 0 0
80	8	0 1 1 0 1 0 0 0 0 1 0 0 0 0 0 1
80	45	0 1 1 0 0 0 0 1 0 0 0 1 0 0 0 0
80	9	1 0 1 0 1 0 0 0 0 0 0 0 0 0 0 0
80	5	0 0 1 0 1 0 0 0 0 0 0 0 0 0 0 0
80	4	0 1 0 0 0 0 0 0 0 1 0 1 1 1 0 0
80	5	0 0 1 0 0 0 0 0 0 1 0 0 1 1 0 0
80	25	1 1 1 0 0 0 0 0 0 0 0 0 0 1 0 0
80	2	0 1 0 0 0 0 0 1 0 0 0 0 0 0 0 1
80	28	1 1 1 0 0 0 0 0 0 1 0 1 0 0 0 0
80	1	1 1 0 0 0 0 0 0 0 1 0 1 1 1 0 1
80	11	1 0 1 0 0 1 0 0 0 0 0 0 0 0 0 0
80	12	1 0 1 0 0 0 0 0 0 0 0 0 0 1 0 0
80	19	0 0 1 0 0 0 0 0 0 1 0 0 0 0 0 0
80	5	0 1 1 0 1 0 0 0 0 0 0 0 0 0 0 0
80	10	1 1 0 1 0 0 0 0 1 0 0 0 0 0 0 0
80	9	1 0 1 0 0 0 0 0 0 0 0 1 0 0 0 0
80	9	0 1 0 0 0 0 1 1 0 0 0 0 0 0 0 0
80	5	1 0 0 0 0 0 0 0 0 0 0 0 0 0 0 0
80	4	0 0 1 1 0 0 0 0 0 1 0 1 1 1 0 1
80	4	0 1 1 0 0 0 0 0 0 0 0 1 0 0 0 0
80	1	0 1 1 1 0 0 0 0 0 0 0 0 0 0 0 0
80	9	1 1 0 1 0 0 0 0 0 0 0 0 0 0 0 0
80	2	0 0 1 0 0 1 0 0 0 1 0 0 1 0 1 1
80	5	1 0 1 0 1 0 0 0 0 0 0 0 1 0 0 0
80	3	0 1 1 0 0 0 0 0 0 0 0 0 0 1 0 1
80	3	0 0 1 0 0 0 0 0 0 0 0 1 0 0 0 0
80	5	0 0 0 0 1 0 0 0 0 0 0 0 0 0 0 0
80	11	0 0 1 0 0 0 0 0 0 0 0 0 0 1 0 1
80	5	1 1 1 0 0 0 0 0 0 1 0 0 0 0 0 0
80	3	1 0 1 1 0 0 0 0 0 0 0 1 0 0 0 0
80	4	0 1 0 0 0 0 0 0 0 0 0 0 0 1 0 0
80	6	0 1 1 0 0 0 0 1 0 0 0 0 0 0 1 0
80	4	0 1 1 0 0 0 0 0 0 1 1 0 0 0 0 1
80	13	0 0 1 0 0 1 0 0 0 0 0 0 0 0 0 0
80	3	0 0 0 0 0 0 0 0 0 0 0 0 0 0 0 0
80	3	1 1 0 0 0 0 0 0 1 0 0 0 0 0 0 0
80	2	0 1 0 0 1 0 0 0 0 0 0 0 0 0 0 1
80	7	0 0 1 1 0 1 0 0 0 1 0 1 1 1 0 1
80	1	1 1 0 1 0 0 0 0 0 0 0 0 0 0 1 0
80	1	0 1 1 0 0 0 0 0 0 0 0 0 0 0 0 1
80	15	0 0 1 0 0 0 1 0 0 0 0 0 0 0 0 0
80	4	1 0 1 0 0 0 0 0 0 0 0 0 1 0 0 0
80	10	0 0 1 0 0 0 0 1 0 0 0 1 0 0 0 0
80	6	0 0 0 0 0 0 0 0 0 1 0 0 0 0 0 0
80	5	1 0 0 0 0 0 0 0 0 0 0 0 0 0 0 1
80	1	0 0 1 0 0 0 0 0 0 1 0 0 1 0 0 0
80	8	0 1 1 0 0 0 0 0 0 1 0 1 0 1 0 0
80	1	1 1 1 0 0 0 0 0 0 0 0 1 0 1 0 0
80	1	1 0 0 0 0 0 0 0 0 0 0 0 0 1 0 0
80	1	1 1 1 0 0 0 0 0 1 0 0 0 0 0 0 0
80	2	1 0 0 1 0 0 0 1 0 0 0 0 0 0 0 0
80	2	1 1 1 0 0 0 0 1 0 0 0 0 0 0 0 0
80	6	1 0 1 0 0 0 0 1 0 0 0 0 0 0 0 0
80	5	1 0 1 1 0 0 0 0 0 0 0 0 0 0 0 0
80	2	0 1 0 0 0 0 0 1 0 0 0 1 0 0 0 0
80	1	0 1 1 0 0 0 0 0 0 0 0 1 0 0 0 1
80	6	1 1 0 1 0 0 0 1 0 0 0 0 0 0 0 0
80	5	0 0 1 1 0 0 0 0 0 1 0 0 1 0 0 0
80	4	0 1 1 0 0 0 0 0 0 0 0 0 0 1 0 0
80	3	0 1 0 0 0 0 0 1 0 0 0 0 0 0 0 0
80	1	1 1 0 1 0 0 0 1 0 0 0 1 0 0 0 0
80	1	0 0 1 0 0 0 0 0 0 1 0 1 0 1 0 0
80	2	0 0 0 0 0 0 0 0 0 1 0 1 1 1 0 0
80	1	0 1 1 0 0 1 0 1 0 0 0 1 0 0 0 0
80	3	1 1 1 0 0 0 0 1 0 0 0 1 0 0 0 0
80	1	0 0 1 0 1 0 0 0 0 1 0 0 0 0 0 0
80	3	0 1 0 0 0 0 1 0 0 0 0 0 0 0 0 0
80	3	0 1 1 0 0 1 0 1 0 1 0 1 0 0 0 0
80	1	0 0 1 0 0 0 0 0 0 0 0 0 0 1 0 0
80	2	1 0 0 0 0 0 0 0 0 1 0 0 0 0 0 0
80	1	1 1 0 0 0 0 0 0 0 0 0 0 0 1 0 0
80	1	1 0 1 1 0 1 0 0 0 0 0 0 0 0 0 0
80	2	0 0 1 0 0 1 0 0 0 1 0 0 0 0 0 0
100	49	0 1 1 0 0 0 0 0 0 0 0 0 0 0 0 0
100	49	1 1 0 0 0 0 0 0 0 0 0 0 0 0 0 0
100	21	0 0 1 0 0 0 0 0 0 0 0 0 0 0 0 0
100	25	0 1 1 0 0 0 0 0 0 1 0 0 0 0 0 0
100	3	0 0 1 0 0 0 0 0 0 1 0 1 0 0 0 0
100	20	1 1 1 0 0 0 0 0 0 0 0 0 0 0 0 0
100	30	0 1 1 0 0 0 0 1 0 0 0 0 0 0 0 0
100	20	1 0 0 0 0 0 0 0 1 0 0 0 0 0 0 0
100	106	1 0 1 0 0 0 0 0 0 0 0 0 0 0 0 0
100	21	0 0 1 0 0 0 0 1 0 0 0 0 0 0 0 0
100	17	0 0 1 0 0 0 0 0 0 1 0 1 1 0 0 0
100	8	0 1 1 0 0 0 0 0 0 1 0 1 0 0 0 0
100	7	0 1 1 0 1 0 0 0 0 1 0 0 0 0 0 1
100	66	0 1 1 0 0 0 0 1 0 0 0 1 0 0 0 0
100	13	1 0 1 0 1 0 0 0 0 0 0 0 0 0 0 0
100	4	0 0 1 0 1 0 0 0 0 0 0 0 0 0 0 0
100	5	1 1 1 0 0 0 0 0 0 1 0 1 0 0 0 0
100	5	1 0 1 0 0 0 0 0 0 0 0 0 0 1 0 0
100	26	0 0 1 0 0 0 0 0 0 1 0 0 0 0 0 0
100	29	1 1 0 1 0 0 0 0 1 0 0 0 0 0 0 0
100	17	1 0 1 0 0 0 0 0 0 0 0 1 0 0 0 0
100	5	0 1 0 0 0 0 1 1 0 0 0 0 0 0 0 0
100	45	1 1 0 1 0 0 0 0 0 0 0 0 0 0 0 0
100	16	0 0 1 0 0 0 0 0 0 0 0 1 0 0 0 0
100	2	0 0 1 0 0 0 0 0 0 0 0 0 0 1 0 1
100	45	1 1 1 0 0 0 0 0 0 1 0 0 0 0 0 0
100	6	0 1 1 0 0 0 0 1 0 0 0 0 0 0 1 0
100	25	1 1 0 0 0 0 0 0 1 0 0 0 0 0 0 0
100	6	0 0 1 0 0 0 1 0 0 0 0 0 0 0 0 0
100	15	1 0 1 0 0 0 0 0 0 0 0 0 1 0 0 0
100	16	0 0 1 0 0 0 0 1 0 0 0 1 0 0 0 0
100	1	0 1 1 0 0 0 0 0 0 0 0 1 0 0 0 1
100	7	0 1 0 0 0 0 0 1 0 0 0 0 0 0 0 0
100	11	0 0 1 0 0 0 1 0 1 0 0 0 0 0 0 0
100	8	1 1 1 0 0 0 0 0 0 1 0 1 0 0 1 0
100	5	1 1 0 0 0 0 0 0 0 1 0 1 1 1 0 0
100	18	0 0 1 0 0 0 0 1 0 1 0 1 1 0 0 0
100	7	0 1 1 0 0 0 0 0 0 0 0 0 0 1 0 1
100	11	1 0 1 0 0 0 0 0 0 0 0 0 0 1 0 1
100	2	1 0 1 0 0 0 0 0 0 1 0 1 0 1 0 0
100	18	0 0 0 1 0 0 0 0 1 0 0 0 0 0 0 0
100	3	1 1 1 0 0 0 0 0 0 0 0 0 0 1 0 1
100	4	1 1 0 0 0 0 0 0 0 0 0 0 0 0 0 1
100	3	0 1 1 0 0 1 0 1 0 0 0 0 0 0 0 0
100	6	0 0 0 0 0 0 0 0 0 1 0 0 0 0 0 0
100	5	0 0 1 0 0 0 1 0 0 0 0 0 0 0 1 0
100	3	1 0 0 0 0 0 0 0 1 0 0 0 1 0 0 0
100	7	0 1 1 0 0 0 0 1 0 0 1 1 0 0 0 0
100	1	1 0 1 0 1 0 0 0 0 1 0 0 0 0 0 0
100	1	1 0 1 0 0 1 0 1 0 0 0 0 0 0 0 0
100	8	1 0 1 0 0 1 0 0 0 0 0 0 1 0 0 0
100	2	1 1 0 0 0 0 1 1 0 0 0 1 0 0 0 0
100	2	0 0 1 0 0 0 0 0 0 0 0 0 0 0 0 1
100	7	0 0 1 0 0 0 0 0 0 1 0 0 0 0 0 1
100	1	0 0 1 0 0 0 0 0 0 0 1 0 0 0 0 0
100	2	1 1 1 0 0 0 0 0 0 0 0 0 1 0 0 0
100	2	0 0 1 0 0 0 0 1 0 0 0 0 0 0 1 0
100	16	1 1 1 0 0 0 0 1 0 1 0 1 0 0 0 0
100	17	1 0 1 0 0 0 1 0 0 0 0 0 0 1 0 0
100	6	0 0 1 1 0 0 0 0 0 1 0 0 0 0 1 0
100	1	0 0 1 0 0 0 1 1 0 0 0 0 0 0 1 0
100	10	0 0 1 0 0 0 0 0 0 0 1 0 0 0 1 0
100	9	0 1 1 0 0 1 0 1 0 0 0 1 0 0 0 0
100	3	1 0 0 1 0 0 1 1 0 0 0 0 0 0 0 0
100	2	0 1 1 0 0 0 0 0 0 0 0 0 1 0 0 0
100	1	0 1 1 1 0 0 0 1 0 0 0 0 0 0 0 0
100	3	1 1 0 1 1 0 0 0 1 0 0 0 0 0 0 0
100	3	1 1 0 1 0 0 0 0 0 1 0 0 0 0 0 0
100	2	0 1 1 0 0 0 0 0 0 1 0 0 1 0 0 0
100	1	0 1 1 0 0 0 1 1 0 0 0 0 0 0 0 0
100	1	1 0 0 0 0 0 0 0 0 0 0 1 0 0 0 0
100	3	1 0 1 1 0 0 0 1 0 0 0 0 0 0 0 0
100	5	0 0 1 0 0 0 0 0 0 0 1 0 0 1 0 0
100	2	0 1 1 0 0 0 0 0 1 0 0 0 0 0 0 0
100	1	0 1 1 1 0 0 0 0 1 0 0 0 0 0 0 0
100	1	0 0 0 0 0 0 0 0 0 0 0 0 0 0 0 0
100	2	0 1 1 0 0 0 0 1 0 1 0 1 1 0 0 0
100	13	1 0 1 0 0 0 0 0 0 1 0 0 0 0 0 0
100	2	1 1 1 0 0 0 0 1 0 0 0 0 0 0 1 0
100	2	0 0 1 0 0 0 1 0 0 1 0 0 0 0 1 0
100	3	0 1 1 0 0 0 1 0 0 0 0 0 0 0 0 0
100	2	1 0 1 0 0 0 1 0 0 0 0 0 0 0 1 0
100	3	0 1 1 0 0 1 0 0 0 1 0 0 0 0 0 0
100	2	0 1 1 0 0 0 0 0 0 1 0 0 0 1 0 0
100	2	0 0 1 0 0 0 0 1 1 0 0 0 0 0 0 0
100	1	0 0 1 1 0 0 0 0 0 0 0 1 0 0 0 0
100	1	1 0 1 0 0 1 0 1 0 0 0 0 0 0 0 1
100	1	1 1 1 0 0 0 0 1 0 0 0 1 0 0 0 0
100	1	1 1 0 0 0 0 0 0 1 0 0 0 0 0 1 0
100	2	0 1 1 1 0 0 0 1 0 0 0 1 0 0 0 0
100	1	0 0 1 0 0 0 0 0 1 0 0 0 0 0 0 0
100	3	1 0 1 0 0 0 1 0 0 0 0 0 0 1 0 1
100	3	1 0 0 1 0 0 1 1 1 0 0 0 0 0 0 0
100	2	0 0 1 0 1 0 0 0 0 0 1 0 0 1 0 0
120	39	0 1 1 0 0 0 0 0 0 0 0 0 0 0 0 0
120	38	1 1 0 0 0 0 0 0 0 0 0 0 0 0 0 0
120	31	0 1 1 0 0 0 0 0 0 1 0 0 0 0 0 0
120	16	0 0 1 0 0 0 0 0 0 1 0 1 0 0 0 0
120	63	0 1 1 0 0 0 0 1 0 0 0 0 0 0 0 0
120	3	1 0 0 0 0 0 0 0 1 0 0 0 0 0 0 0
120	73	1 0 1 0 0 0 0 0 0 0 0 0 0 0 0 0
120	6	0 0 1 0 0 0 0 1 0 0 0 0 0 0 0 0
120	14	0 1 1 0 0 0 0 0 0 1 0 1 0 0 0 0
120	6	0 1 1 0 1 0 0 0 0 1 0 0 0 0 0 1
120	38	0 1 1 0 0 0 0 1 0 0 0 1 0 0 0 0
120	10	1 0 1 0 1 0 0 0 0 0 0 0 0 0 0 0
120	9	0 0 1 0 1 0 0 0 0 0 0 0 0 0 0 0
120	21	1 1 0 1 0 0 0 0 1 0 0 0 0 0 0 0
120	74	1 1 0 1 0 0 0 0 0 0 0 0 0 0 0 0
120	43	1 1 1 0 0 0 0 0 0 1 0 0 0 0 0 0
120	4	0 1 1 0 0 0 0 1 0 0 0 0 0 0 1 0
120	15	1 1 0 0 0 0 0 0 1 0 0 0 0 0 0 0
120	6	1 0 1 0 0 0 0 0 0 0 0 0 1 0 0 0
120	12	1 1 1 0 0 0 0 0 0 1 0 1 0 0 1 0
120	1	0 0 0 1 0 0 0 0 1 0 0 0 0 0 0 0
120	9	0 0 0 0 0 0 0 0 0 1 0 0 0 0 0 0
120	11	0 1 1 0 0 0 0 1 0 0 1 1 0 0 0 0
120	4	1 0 1 0 0 1 0 0 0 0 0 0 1 0 0 0
120	31	1 1 1 0 0 0 0 1 0 1 0 1 0 0 0 0
120	3	0 0 1 1 0 0 0 0 0 1 0 0 0 0 1 0
120	8	0 0 1 0 0 0 0 0 0 0 1 0 0 0 1 0
120	13	0 1 1 0 0 1 0 1 0 0 0 1 0 0 0 0
120	17	1 0 0 1 0 0 1 1 0 0 0 0 0 0 0 0
120	9	1 0 1 1 0 0 0 1 0 0 0 0 0 0 0 0
120	2	0 1 1 0 0 0 0 0 1 0 0 0 0 0 0 0
120	20	1 0 1 0 0 0 0 0 0 1 0 0 0 0 0 0
120	10	0 1 1 1 0 0 0 1 0 0 0 1 0 0 0 0
120	14	1 0 0 1 0 0 1 1 1 0 0 0 0 0 0 0
120	8	1 0 1 1 0 0 0 0 0 1 0 0 0 0 1 0
120	17	1 0 1 0 0 0 1 0 0 0 0 0 0 0 0 0
120	33	1 1 0 1 0 0 0 0 0 0 0 1 0 0 0 0
120	11	0 0 0 0 0 0 0 0 0 0 0 1 0 0 0 0
120	9	0 0 1 1 0 0 0 0 0 0 0 0 0 0 0 0
120	5	1 0 0 0 0 0 1 0 0 0 0 0 0 1 0 0
120	3	1 1 0 0 0 0 0 0 0 0 0 1 0 0 0 0
120	14	1 1 0 0 0 0 0 1 0 1 0 1 0 0 0 0
120	4	0 1 1 0 0 0 0 0 0 0 0 1 0 0 0 0
120	9	0 0 1 0 0 0 0 0 1 0 0 0 0 0 0 0
120	1	0 0 1 1 0 0 0 0 0 0 0 1 0 0 0 0
120	3	1 0 1 0 0 0 0 0 0 0 0 0 0 1 0 0
120	14	1 1 1 0 0 0 0 1 0 0 0 1 0 0 0 0
120	2	1 0 1 0 1 0 0 0 0 0 1 0 0 0 0 0
120	7	0 0 1 0 0 0 0 1 0 1 0 0 0 1 0 1
120	4	1 1 1 0 0 0 0 0 1 1 0 1 0 0 1 0
120	11	1 0 1 0 0 0 0 0 0 0 0 0 0 0 1 0
120	2	0 1 1 0 0 0 0 1 0 0 0 1 0 1 0 0
120	9	1 0 0 1 0 0 0 1 1 0 0 0 0 0 0 0
120	2	1 1 0 0 0 0 1 1 1 0 0 0 0 0 0 0
120	1	0 1 1 0 1 0 0 1 0 0 0 1 0 0 1 0
120	15	0 1 1 0 1 0 0 0 0 0 0 0 0 0 0 1
120	9	0 1 1 0 0 0 0 1 0 1 0 1 0 0 0 0
120	2	1 1 0 0 0 0 1 0 1 0 0 0 0 0 0 0
120	2	1 1 0 1 0 0 0 0 1 0 1 0 0 0 1 0
120	2	1 1 0 1 0 0 0 0 0 0 1 0 0 0 0 0
120	16	0 1 1 0 1 0 0 0 0 1 0 1 0 0 0 1
120	3	0 1 1 0 0 1 0 1 0 1 0 0 0 0 1 0
120	1	1 1 0 0 0 0 0 0 0 0 0 0 0 0 0 1
120	8	1 1 0 0 0 0 0 0 0 0 0 1 0 0 0 1
120	4	1 0 0 0 0 1 0 0 0 0 0 0 1 0 0 0
120	1	0 1 1 0 1 0 0 0 0 1 0 0 0 0 1 0
120	9	0 0 1 0 0 0 0 0 0 1 0 0 0 0 0 0
120	6	1 0 1 1 0 0 0 0 0 0 0 0 0 0 0 0
120	1	1 0 1 0 0 1 0 0 0 0 0 0 0 0 0 0
120	8	0 1 0 0 0 0 0 1 0 0 0 1 0 0 0 0
120	4	1 0 1 0 0 0 1 0 0 0 0 1 0 0 0 0
120	1	1 0 1 0 0 0 0 0 0 0 0 0 0 0 0 1
120	2	0 0 1 0 0 0 0 1 0 1 0 0 0 0 0 0
120	4	1 1 0 1 0 0 0 0 1 0 1 0 0 0 0 0
120	2	1 1 1 1 0 0 0 0 0 1 0 0 0 0 0 0
120	1	0 0 0 1 0 0 0 0 1 0 0 0 0 0 1 0
120	3	1 0 0 1 0 0 0 0 0 0 0 1 0 0 0 0
120	5	0 0 0 0 0 0 0 0 1 0 0 1 0 0 0 0
120	5	0 1 1 0 0 0 1 1 0 1 0 1 0 0 0 0
120	3	1 1 0 0 0 0 0 0 1 0 1 0 0 0 1 0
120	2	0 1 1 0 1 0 0 0 0 0 0 0 0 0 0 0
120	3	1 1 0 1 0 0 1 1 1 0 0 0 0 0 0 0
120	2	1 0 1 0 0 0 0 0 0 0 0 1 0 0 0 0
120	2	1 1 1 0 0 0 0 0 0 1 0 0 1 0 0 0
120	2	1 0 1 0 0 0 1 0 0 0 0 0 0 0 1 0
120	7	1 0 1 0 0 0 1 0 0 0 0 0 1 0 0 0
120	1	0 1 1 1 0 0 0 0 1 0 0 0 0 0 0 0
120	2	1 1 1 0 0 0 0 1 0 0 0 0 0 0 0 0
120	1	0 0 1 0 0 0 0 0 0 0 1 0 0 0 0 1
120	1	1 1 1 0 0 0 0 0 0 0 0 0 0 0 0 0
120	2	1 0 0 0 0 0 0 0 0 0 0 0 0 0 0 0
120	1	0 0 1 0 0 0 0 0 0 1 1 1 0 0 0 0
120	1	0 1 1 0 0 1 0 1 0 0 0 1 0 1 0 0
120	1	1 0 1 0 0 0 0 0 0 1 1 0 0 0 0 0
120	1	0 1 1 1 0 1 0 1 0 1 0 0 0 0 1 0
120	1	1 1 0 1 0 0 0 1 0 0 0 1 0 0 1 0
120	2	0 1 0 0 0 0 0 0 0 1 0 0 0 0 0 0
120	1	0 0 1 1 0 0 0 0 0 1 0 0 0 0 0 0
120	1	1 0 0 1 0 0 0 0 1 0 1 0 0 0 0 0
120	2	1 0 1 1 0 0 0 1 0 0 1 0 0 0 0 0
120	1	0 0 1 0 0 0 0 0 0 0 0 1 0 0 0 0
120	2	0 1 1 0 1 1 0 0 0 0 0 0 0 0 0 1
120	2	0 1 0 0 1 0 0 0 0 0 0 0 0 0 0 1
140	36	0 1 1 0 0 0 0 0 0 0 0 0 0 0 0 0
140	17	1 1 0 0 0 0 0 0 0 0 0 0 0 0 0 0
140	3	0 1 1 0 0 0 0 0 0 1 0 0 0 0 0 0
140	37	0 1 1 0 0 0 0 1 0 0 0 0 0 0 0 0
140	32	1 0 1 0 0 0 0 0 0 0 0 0 0 0 0 0
140	8	0 1 1 0 0 0 0 0 0 1 0 1 0 0 0 0
140	44	0 1 1 0 0 0 0 1 0 0 0 1 0 0 0 0
140	12	1 1 0 1 0 0 0 0 1 0 0 0 0 0 0 0
140	160	1 1 0 1 0 0 0 0 0 0 0 0 0 0 0 0
140	27	1 1 1 0 0 0 0 0 0 1 0 0 0 0 0 0
140	10	1 1 0 0 0 0 0 0 1 0 0 0 0 0 0 0
140	5	1 1 1 0 0 0 0 0 0 1 0 1 0 0 1 0
140	14	0 1 1 0 0 0 0 1 0 0 1 1 0 0 0 0
140	26	1 1 1 0 0 0 0 1 0 1 0 1 0 0 0 0
140	14	0 1 1 0 0 1 0 1 0 0 0 1 0 0 0 0
140	6	1 0 0 1 0 0 1 1 0 0 0 0 0 0 0 0
140	6	1 0 1 1 0 0 0 1 0 0 0 0 0 0 0 0
140	3	1 0 1 0 0 0 0 0 0 1 0 0 0 0 0 0
140	26	1 1 0 1 0 0 0 0 0 0 0 1 0 0 0 0
140	53	0 0 1 1 0 0 0 0 0 0 0 0 0 0 0 0
140	11	1 0 0 0 0 0 1 0 0 0 0 0 0 1 0 0
140	25	1 1 0 0 0 0 0 1 0 1 0 1 0 0 0 0
140	13	0 0 1 0 0 0 0 0 1 0 0 0 0 0 0 0
140	58	1 1 1 0 0 0 0 1 0 0 0 1 0 0 0 0
140	8	0 0 1 0 0 0 0 1 0 1 0 0 0 1 0 1
140	2	1 0 1 0 0 0 0 0 0 0 0 0 0 0 1 0
140	2	0 1 1 0 1 0 0 0 0 0 0 0 0 0 0 1
140	16	0 1 1 0 0 0 0 1 0 1 0 1 0 0 0 0
140	6	1 1 0 0 0 0 0 0 0 0 0 1 0 0 0 1
140	7	1 0 0 0 0 1 0 0 0 0 0 0 1 0 0 0
140	6	1 1 1 1 0 0 0 0 0 1 0 0 0 0 0 0
140	5	0 0 0 1 0 0 0 0 1 0 0 0 0 0 1 0
140	20	1 1 0 1 0 0 1 1 1 0 0 0 0 0 0 0
140	17	1 0 1 0 0 0 0 0 0 0 0 1 0 0 0 0
140	18	1 1 1 0 0 0 0 0 0 1 0 0 1 0 0 0
140	13	1 0 1 0 0 0 1 0 0 0 0 0 1 0 0 0
140	2	1 0 0 0 0 0 0 0 0 0 0 0 0 0 0 0
140	12	1 0 1 0 0 1 0 0 0 0 0 0 0 0 0 0
140	2	1 0 0 0 0 0 1 0 1 0 0 0 0 0 0 0
140	8	0 1 1 0 1 0 0 0 0 1 0 1 0 0 0 0
140	8	0 0 1 0 0 0 0 0 0 0 0 0 0 0 0 0
140	2	1 1 1 1 0 0 1 1 1 0 0 0 0 0 0 0
140	9	1 1 0 0 0 0 0 1 0 1 1 0 0 0 0 0
140	2	0 0 0 0 0 0 0 0 0 1 0 1 0 0 0 0
140	8	1 0 1 0 0 0 1 0 0 0 0 0 0 1 0 0
140	1	1 1 0 0 0 0 0 0 0 1 0 0 0 0 0 0
140	1	0 0 1 1 0 0 0 0 1 1 0 0 0 0 1 0
140	12	1 1 0 0 0 0 0 1 0 0 0 0 0 0 0 0
140	7	1 0 0 0 0 0 0 0 0 0 0 1 0 0 0 0
140	5	1 0 1 0 0 0 1 0 1 0 0 0 0 0 0 0
140	2	1 0 1 0 1 0 0 1 0 0 0 0 0 0 0 0
140	2	1 0 1 0 0 0 0 0 0 0 0 0 0 0 0 1
140	8	1 1 0 1 0 0 1 0 0 0 0 0 0 0 0 0
140	3	1 0 0 1 0 1 0 0 0 0 0 0 1 0 0 0
140	4	1 1 0 1 0 1 0 0 0 0 0 0 0 0 0 0
140	16	0 1 1 0 1 0 0 0 0 0 0 0 0 0 0 0
140	10	1 0 0 1 0 0 0 0 0 0 0 0 0 0 0 0
140	3	0 1 1 0 0 0 0 0 0 0 0 0 0 1 0 0
140	2	1 1 0 0 0 0 0 1 0 0 0 1 0 0 0 0
140	2	1 1 0 1 0 0 0 1 0 1 0 1 0 0 0 0
140	11	1 1 0 0 0 0 0 1 0 1 0 0 0 0 0 0
140	5	1 0 1 0 1 0 0 0 0 0 1 1 0 0 0 0
140	4	1 0 1 0 0 1 0 0 0 0 0 0 1 0 0 0
140	4	1 1 1 0 0 0 0 0 0 1 0 1 0 0 0 0
140	4	1 0 1 0 0 0 0 0 0 0 1 1 0 0 0 0
140	2	0 1 0 1 0 0 0 0 0 0 0 0 0 0 0 0
140	3	1 0 1 0 0 0 0 0 0 1 0 0 0 0 1 0
140	5	1 0 1 1 0 0 0 0 0 0 0 0 0 0 0 0
140	1	1 1 1 0 0 0 0 1 0 0 0 1 0 0 1 0
140	4	0 1 1 0 1 0 0 1 0 0 0 0 0 0 0 0
140	1	1 1 1 0 0 0 1 1 0 0 0 1 0 0 0 0
140	9	1 1 1 0 0 0 0 1 0 0 0 1 0 0 0 1
140	1	1 0 1 0 0 0 0 1 0 0 0 1 0 0 0 0
140	1	0 1 1 0 0 0 0 0 0 0 0 0 1 0 0 0
140	4	0 1 1 0 0 0 0 1 0 0 0 1 0 1 0 0
140	2	1 1 0 1 0 0 0 1 1 0 0 0 0 0 0 0
140	2	1 1 1 0 1 0 0 1 0 1 0 1 0 0 0 0
140	2	1 1 0 0 0 0 0 1 0 1 1 0 0 1 0 0
140	2	1 1 1 0 1 0 0 0 1 1 0 0 1 0 0 0
140	3	1 1 0 1 0 0 0 1 0 1 1 0 0 0 0 0
140	1	0 1 0 0 0 0 0 0 0 0 0 0 0 0 0 0
140	1	0 1 1 0 0 0 1 0 0 0 0 0 0 0 0 0
140	1	1 0 1 0 0 0 0 1 0 0 0 0 0 0 0 0
140	2	1 1 0 1 0 0 0 0 0 0 0 0 0 1 0 0
140	3	1 1 1 1 0 0 0 1 0 1 0 1 0 0 0 0
140	2	1 1 1 0 0 1 0 1 0 1 0 1 0 0 0 0
140	2	1 1 1 0 0 0 1 1 0 0 0 1 0 0 0 1
140	2	1 1 0 1 0 0 0 0 1 0 0 0 0 0 1 0
140	1	0 0 1 1 0 0 0 0 0 0 0 0 1 0 0 0
140	3	1 1 1 0 0 0 0 1 0 0 0 0 0 0 0 0
140	2	0 0 1 1 0 0 0 0 1 1 0 0 0 0 0 0
140	1	1 1 1 1 0 0 0 0 0 0 0 0 0 0 0 0
140	2	0 1 1 1 0 1 0 1 0 0 0 1 0 0 0 0
140	3	1 1 0 0 0 0 0 0 0 0 0 1 0 0 0 0
140	1	1 1 0 1 0 0 0 0 1 0 0 1 0 0 0 0
140	1	1 1 0 0 0 0 0 0 0 1 0 1 0 0 0 0
140	2	1 0 1 0 0 0 0 0 0 0 0 1 0 1 0 0
140	1	1 1 0 0 0 0 0 1 0 0 1 0 0 0 0 0
140	1	1 0 0 0 0 0 0 1 0 1 0 0 0 0 0 0
140	1	1 1 0 1 0 1 0 0 0 0 0 1 1 0 0 1
160	11	0 1 1 0 0 0 0 0 0 0 0 0 0 0 0 0
160	13	1 1 0 0 0 0 0 0 0 0 0 0 0 0 0 0
160	40	0 1 1 0 0 0 0 0 0 1 0 0 0 0 0 0
160	11	0 1 1 0 0 0 0 1 0 0 0 0 0 0 0 0
160	18	1 0 1 0 0 0 0 0 0 0 0 0 0 0 0 0
160	36	0 1 1 0 0 0 0 0 0 1 0 1 0 0 0 0
160	2	0 1 1 0 0 0 0 1 0 0 0 1 0 0 0 0
160	175	1 1 0 1 0 0 0 0 0 0 0 0 0 0 0 0
160	43	1 1 1 0 0 0 0 0 0 1 0 0 0 0 0 0
160	15	1 1 0 0 0 0 0 0 1 0 0 0 0 0 0 0
160	2	0 1 1 0 0 0 0 1 0 0 1 1 0 0 0 0
160	21	1 1 1 0 0 0 0 1 0 1 0 1 0 0 0 0
160	18	1 0 1 1 0 0 0 1 0 0 0 0 0 0 0 0
160	5	1 1 0 1 0 0 0 0 0 0 0 1 0 0 0 0
160	3	1 0 0 0 0 0 1 0 0 0 0 0 0 1 0 0
160	6	1 1 0 0 0 0 0 1 0 1 0 1 0 0 0 0
160	33	1 1 1 0 0 0 0 1 0 0 0 1 0 0 0 0
160	3	1 0 0 0 0 1 0 0 0 0 0 0 1 0 0 0
160	8	1 1 1 1 0 0 0 0 0 1 0 0 0 0 0 0
160	58	1 1 0 1 0 0 1 1 1 0 0 0 0 0 0 0
160	1	1 1 1 0 0 0 0 0 0 1 0 0 1 0 0 0
160	5	0 1 1 0 1 0 0 0 0 1 0 1 0 0 0 0
160	17	0 0 1 0 0 0 0 0 0 0 0 0 0 0 0 0
160	7	0 0 0 0 0 0 0 0 0 1 0 1 0 0 0 0
160	4	1 0 1 0 0 0 1 0 0 0 0 0 0 1 0 0
160	14	1 1 0 0 0 0 0 1 0 0 0 0 0 0 0 0
160	5	1 1 0 1 0 0 1 0 0 0 0 0 0 0 0 0
160	7	1 0 0 1 0 1 0 0 0 0 0 0 1 0 0 0
160	28	0 1 1 0 1 0 0 0 0 0 0 0 0 0 0 0
160	9	1 1 0 0 0 0 0 1 0 0 0 1 0 0 0 0
160	28	1 1 0 1 0 0 0 1 0 1 0 1 0 0 0 0
160	43	1 1 0 0 0 0 0 1 0 1 0 0 0 0 0 0
160	11	1 0 1 0 1 0 0 0 0 0 1 1 0 0 0 0
160	4	1 1 1 0 0 0 0 0 0 1 0 1 0 0 0 0
160	5	1 0 1 1 0 0 0 0 0 0 0 0 0 0 0 0
160	2	1 1 1 0 0 0 0 1 0 0 0 1 0 0 0 1
160	7	1 1 0 1 0 0 0 1 0 1 1 0 0 0 0 0
160	17	0 0 1 1 0 0 0 0 1 1 0 0 0 0 0 0
160	14	1 1 1 1 0 0 0 0 0 0 0 0 0 0 0 0
160	5	0 1 1 1 0 1 0 1 0 0 0 1 0 0 0 0
160	23	0 0 1 1 0 0 0 0 0 0 1 0 0 0 0 0
160	1	0 1 1 0 0 1 0 0 0 0 0 0 1 0 0 0
160	3	1 1 1 0 0 0 0 0 0 1 1 0 1 0 0 0
160	14	0 1 1 0 1 0 0 1 0 1 0 1 0 0 0 0
160	5	0 1 1 0 0 1 0 1 0 0 0 0 0 0 0 0
160	4	0 1 1 1 0 0 0 0 0 0 0 1 0 0 0 0
160	17	0 1 1 0 1 0 0 1 0 1 0 1 0 0 1 0
160	2	1 1 0 0 0 0 0 0 0 1 0 1 0 0 0 0
160	2	0 1 1 0 0 0 0 1 0 0 0 1 0 0 0 1
160	1	1 1 0 1 0 0 0 0 0 1 0 0 0 0 0 0
160	1	1 1 1 1 0 0 0 0 1 0 0 0 0 0 0 0
160	7	1 0 1 0 0 0 0 0 0 1 0 0 0 0 0 0
160	11	1 1 0 0 0 0 0 0 1 0 0 0 1 0 0 0
160	3	1 0 1 0 0 0 0 1 0 0 0 0 0 0 0 0
160	2	0 1 1 0 0 1 1 1 0 0 0 1 0 0 0 0
160	2	1 1 1 0 0 0 0 1 0 0 0 1 0 1 0 0
160	8	1 0 1 0 1 0 0 0 0 0 0 0 0 0 0 0
160	6	1 1 1 1 0 0 0 0 0 0 0 0 0 1 0 0
160	4	1 1 0 1 0 0 0 0 0 0 0 0 0 0 1 0
160	9	0 1 1 0 1 0 0 0 0 0 0 0 0 1 0 0
160	7	0 1 1 0 1 0 0 1 0 0 0 0 0 0 0 0
160	4	1 1 1 1 0 0 0 0 0 1 0 1 1 0 0 0
160	4	1 1 1 0 0 0 0 1 0 1 0 1 1 0 0 0
160	2	1 1 1 0 0 0 0 1 1 1 0 1 0 0 0 0
160	3	0 0 1 1 0 0 0 0 0 1 0 0 0 0 0 0
160	1	1 1 1 1 0 0 1 0 0 0 0 0 0 0 0 0
160	4	0 1 1 1 0 1 0 1 0 1 0 1 0 0 0 0
160	2	1 0 0 0 0 0 0 0 0 0 0 0 0 0 0 0
160	3	1 1 0 1 0 0 0 0 0 0 0 0 0 0 0 1
160	5	1 1 0 0 0 0 0 1 0 1 1 0 0 1 1 0
160	5	1 1 1 0 0 1 0 0 0 1 0 0 0 0 0 0
160	1	1 0 1 0 0 0 0 1 1 0 0 0 1 0 0 0
160	4	1 1 1 1 0 0 0 1 0 1 0 1 0 0 0 0
160	3	1 1 0 1 0 0 0 1 0 0 0 1 0 0 0 1
160	2	1 1 1 0 0 0 0 0 0 0 0 0 0 0 0 0
160	2	0 1 1 0 0 0 0 1 1 1 0 1 0 0 0 0
160	9	1 1 1 1 0 0 0 1 0 0 0 0 0 0 0 0
160	4	0 0 1 0 0 0 0 1 0 0 0 0 0 0 0 0
160	6	1 1 0 1 0 0 0 0 0 0 1 0 0 0 0 0
160	7	1 1 0 1 0 0 0 0 1 0 0 0 0 0 0 0
160	3	0 0 1 1 0 0 0 0 0 0 1 0 0 0 1 0
160	5	1 0 1 0 0 1 0 1 1 0 0 0 0 0 0 0
160	1	0 0 0 0 0 0 0 0 0 1 0 0 0 0 0 0
160	2	1 0 0 1 0 0 0 0 0 0 0 1 0 0 0 0
160	3	0 0 1 1 0 0 0 0 1 1 0 0 1 0 0 0
160	1	0 0 1 1 0 0 0 0 0 0 0 0 0 0 0 0
160	1	0 0 1 0 0 0 0 0 0 1 0 1 0 0 0 0
160	2	1 1 1 0 0 0 1 0 0 1 0 0 0 0 0 0
160	1	1 1 1 0 0 1 0 1 0 0 0 1 0 0 0 0
160	1	0 1 1 0 1 0 0 0 0 1 1 1 0 0 0 0
160	2	0 1 0 0 0 0 0 1 0 1 0 0 0 0 0 0
160	2	1 1 0 0 0 0 0 0 0 0 0 1 0 0 0 0
160	1	1 1 1 1 0 0 0 0 0 1 0 1 0 0 0 0
160	1	1 0 1 0 1 0 0 0 0 1 1 0 1 1 0 0
160	2	1 1 0 0 0 0 0 0 0 0 0 0 0 0 1 0
160	1	0 1 1 0 0 0 0 0 1 1 0 0 0 0 0 0
160	2	0 1 1 0 0 0 0 1 0 0 0 0 0 1 0 0
160	2	0 1 0 1 0 0 0 0 0 0 0 0 0 0 0 0
160	1	1 1 0 1 1 0 0 0 0 0 0 0 0 0 0 0
160	3	1 1 0 0 0 0 0 1 0 1 0 0 1 0 0 0
160	1	1 1 0 0 0 0 0 1 1 1 0 0 0 0 0 0
160	1	1 1 1 0 0 0 1 1 0 0 0 1 0 0 0 1
160	2	1 0 1 1 0 0 0 0 0 0 1 0 0 0 0 0
160	1	0 0 0 1 0 0 0 0 0 0 1 0 0 0 0 0
160	1	1 1 1 0 0 1 0 1 0 0 0 0 0 0 0 0
180	9	1 1 0 0 0 0 0 0 0 0 0 0 0 0 0 0
180	17	0 1 1 0 0 0 0 0 0 1 0 0 0 0 0 0
180	9	1 0 1 0 0 0 0 0 0 0 0 0 0 0 0 0
180	13	0 1 1 0 0 0 0 0 0 1 0 1 0 0 0 0
180	177	1 1 0 1 0 0 0 0 0 0 0 0 0 0 0 0
180	50	1 1 1 0 0 0 0 0 0 1 0 0 0 0 0 0
180	22	0 1 1 0 0 0 0 1 0 0 1 1 0 0 0 0
180	7	1 1 1 0 0 0 0 1 0 1 0 1 0 0 0 0
180	16	1 0 1 1 0 0 0 1 0 0 0 0 0 0 0 0
180	5	1 1 0 1 0 0 0 0 0 0 0 1 0 0 0 0
180	12	1 1 1 0 0 0 0 1 0 0 0 1 0 0 0 0
180	1	1 1 1 1 0 0 0 0 0 1 0 0 0 0 0 0
180	4	1 1 0 1 0 0 1 1 1 0 0 0 0 0 0 0
180	25	0 0 1 0 0 0 0 0 0 0 0 0 0 0 0 0
180	16	1 1 0 1 0 0 1 0 0 0 0 0 0 0 0 0
180	13	1 0 0 1 0 1 0 0 0 0 0 0 1 0 0 0
180	31	0 1 1 0 1 0 0 0 0 0 0 0 0 0 0 0
180	48	1 1 0 1 0 0 0 1 0 1 0 1 0 0 0 0
180	7	1 1 0 0 0 0 0 1 0 1 0 0 0 0 0 0
180	7	1 1 1 0 0 0 0 0 0 1 0 1 0 0 0 0
180	5	1 0 1 1 0 0 0 0 0 0 0 0 0 0 0 0
180	30	0 0 1 1 0 0 0 0 1 1 0 0 0 0 0 0
180	14	1 1 1 1 0 0 0 0 0 0 0 0 0 0 0 0
180	6	0 1 1 1 0 1 0 1 0 0 0 1 0 0 0 0
180	39	0 0 1 1 0 0 0 0 0 0 1 0 0 0 0 0
180	21	0 1 1 0 0 1 0 1 0 0 0 0 0 0 0 0
180	9	0 1 1 0 1 0 0 1 0 1 0 1 0 0 1 0
180	9	0 1 1 0 0 0 0 1 0 0 0 1 0 0 0 1
180	6	1 1 0 1 0 0 0 0 0 1 0 0 0 0 0 0
180	1	1 1 1 1 0 0 0 0 1 0 0 0 0 0 0 0
180	3	1 1 1 1 0 0 0 0 0 1 0 1 1 0 0 0
180	3	1 1 1 1 0 0 1 0 0 0 0 0 0 0 0 0
180	17	0 1 1 1 0 1 0 1 0 1 0 1 0 0 0 0
180	23	1 1 1 1 0 0 0 1 0 1 0 1 0 0 0 0
180	17	1 1 1 1 0 0 0 1 0 0 0 0 0 0 0 0
180	18	1 1 0 1 0 0 0 0 0 0 1 0 0 0 0 0
180	13	1 1 0 1 0 0 0 0 1 0 0 0 0 0 0 0
180	1	0 1 1 0 0 0 0 0 1 1 0 0 0 0 0 0
180	38	0 1 0 1 0 0 0 0 0 0 0 0 0 0 0 0
180	2	1 1 0 0 0 0 1 1 1 0 0 0 0 0 0 0
180	1	0 0 1 1 0 0 0 0 0 1 0 1 0 0 0 0
180	17	0 1 1 0 1 0 0 0 0 1 1 0 0 0 0 0
180	17	1 1 0 1 0 1 0 0 0 0 0 0 0 0 0 0
180	7	1 1 0 1 0 0 1 1 0 0 0 0 0 0 0 0
180	20	1 1 1 0 0 0 1 1 0 1 0 1 0 0 0 0
180	4	1 1 1 0 0 0 0 1 0 0 0 0 0 0 0 0
180	2	1 1 0 1 1 0 0 0 0 0 0 0 0 0 0 0
180	3	1 0 0 1 0 0 0 0 0 1 0 0 0 0 0 0
180	4	1 1 1 0 0 0 0 1 1 0 0 1 0 1 0 0
180	2	1 1 1 1 0 0 0 1 0 1 0 0 0 0 0 0
180	16	1 1 1 0 0 0 0 0 0 0 0 0 0 0 0 0
180	2	0 1 1 1 0 0 0 0 0 1 0 1 1 0 0 0
180	2	1 0 1 0 0 0 0 0 0 1 0 0 0 0 0 0
180	10	1 1 0 1 0 0 0 1 1 0 0 0 0 0 0 0
180	16	1 1 1 1 1 0 0 1 0 0 0 0 0 0 0 0
180	7	1 1 0 1 0 0 0 0 0 0 0 0 0 0 0 1
180	2	1 1 0 1 0 0 0 0 0 0 0 0 0 1 0 0
180	7	1 1 0 1 0 0 1 1 1 0 0 0 1 0 0 0
180	2	0 0 1 1 0 0 0 0 0 0 0 0 0 0 0 0
180	3	0 1 1 1 0 0 0 1 0 0 1 1 0 0 0 0
180	1	1 1 1 0 0 0 0 1 0 0 1 1 0 0 0 0
180	5	0 1 1 0 1 0 0 0 1 0 0 0 0 0 0 0
180	2	0 1 1 0 0 1 0 0 0 0 0 0 0 0 0 0
180	2	0 1 1 1 1 1 0 1 0 1 0 1 0 0 0 0
180	9	1 1 0 1 0 0 0 1 0 0 1 1 0 0 0 0
180	9	1 0 0 1 0 1 0 0 0 0 0 1 0 0 0 0
180	3	1 1 0 1 0 0 0 0 1 0 0 0 0 1 0 0
180	5	1 0 0 1 0 0 0 0 0 1 0 1 0 0 0 0
180	1	0 1 0 1 0 0 0 0 0 1 0 0 0 0 0 0
180	7	1 1 1 0 0 1 0 1 0 0 0 1 0 0 0 0
180	4	1 1 0 1 1 0 1 1 0 0 0 0 0 0 0 0
180	1	1 1 0 0 0 0 0 1 0 0 0 0 0 0 0 0
180	1	0 1 0 0 0 0 0 0 0 0 0 0 0 0 0 0
180	4	0 0 1 0 0 1 0 0 0 0 0 0 0 0 0 0
180	4	1 1 1 1 0 0 0 1 0 0 0 1 0 0 0 0
180	1	0 1 0 1 0 0 0 0 0 0 0 1 0 0 0 0
180	1	1 0 0 0 0 0 0 0 0 0 0 0 0 0 0 0
180	4	1 1 1 1 1 0 0 0 0 1 0 0 0 0 0 0
180	1	0 1 1 0 1 0 0 1 0 0 0 0 0 0 0 0
180	2	1 0 0 1 0 0 0 1 0 1 0 1 0 0 0 0
180	1	1 1 1 1 0 0 1 0 0 0 0 0 0 1 0 0
180	1	1 1 0 1 0 1 0 0 0 0 1 0 0 0 0 0
180	4	0 0 1 1 1 0 0 0 0 1 0 1 0 0 0 0
180	2	0 0 1 1 0 0 0 1 1 1 0 1 0 0 1 0
180	2	0 0 1 0 0 0 0 1 0 0 0 1 0 0 0 0
180	2	0 1 1 0 1 0 0 1 0 1 0 0 0 0 0 0
180	4	0 1 1 0 0 0 0 0 0 1 1 0 0 0 0 0
180	2	0 1 0 1 0 0 0 1 0 1 0 1 0 0 0 0
180	1	0 0 1 1 0 1 0 0 0 0 1 0 0 0 0 0
180	3	0 1 1 1 0 1 0 1 0 1 0 1 1 0 0 0
180	1	1 1 0 0 0 0 0 0 0 0 1 0 0 0 0 0
180	1	1 0 0 1 0 1 0 0 0 1 0 0 0 0 0 0
180	1	0 1 1 1 0 0 0 1 0 1 0 0 0 0 0 0
200	16	1 1 0 0 0 0 0 0 0 0 0 0 0 0 0 0
200	17	0 1 1 0 0 0 0 0 0 1 0 0 0 0 0 0
200	53	1 1 0 1 0 0 0 0 0 0 0 0 0 0 0 0
200	42	1 1 1 0 0 0 0 0 0 1 0 0 0 0 0 0
200	7	0 1 1 0 0 0 0 1 0 0 1 1 0 0 0 0
200	3	1 1 1 0 0 0 0 1 0 1 0 1 0 0 0 0
200	11	1 1 0 1 0 0 0 0 0 0 0 1 0 0 0 0
200	9	1 1 1 0 0 0 0 1 0 0 0 1 0 0 0 0
200	3	0 0 1 0 0 0 0 0 0 0 0 0 0 0 0 0
200	9	1 1 0 1 0 0 1 0 0 0 0 0 0 0 0 0
200	1	1 0 0 1 0 1 0 0 0 0 0 0 1 0 0 0
200	4	0 1 1 0 1 0 0 0 0 0 0 0 0 0 0 0
200	73	1 1 0 1 0 0 0 1 0 1 0 1 0 0 0 0
200	6	1 1 0 0 0 0 0 1 0 1 0 0 0 0 0 0
200	4	1 0 1 1 0 0 0 0 0 0 0 0 0 0 0 0
200	18	0 0 1 1 0 0 0 0 1 1 0 0 0 0 0 0
200	36	1 1 1 1 0 0 0 0 0 0 0 0 0 0 0 0
200	9	0 0 1 1 0 0 0 0 0 0 1 0 0 0 0 0
200	6	1 1 1 1 0 0 0 1 0 1 0 1 0 0 0 0
200	55	1 1 1 1 0 0 0 1 0 0 0 0 0 0 0 0
200	50	1 1 0 1 0 0 0 0 0 0 1 0 0 0 0 0
200	28	1 1 0 1 0 0 0 0 1 0 0 0 0 0 0 0
200	79	0 1 0 1 0 0 0 0 0 0 0 0 0 0 0 0
200	33	0 1 1 0 1 0 0 0 0 1 1 0 0 0 0 0
200	39	1 1 0 1 0 1 0 0 0 0 0 0 0 0 0 0
200	22	1 1 0 1 0 0 1 1 0 0 0 0 0 0 0 0
200	14	1 1 1 0 0 0 1 1 0 1 0 1 0 0 0 0
200	4	1 1 1 0 0 0 0 1 0 0 0 0 0 0 0 0
200	10	1 1 1 1 0 0 0 1 0 1 0 0 0 0 0 0
200	16	1 1 1 0 0 0 0 0 0 0 0 0 0 0 0 0
200	24	1 1 0 1 0 0 0 1 1 0 0 0 0 0 0 0
200	12	1 1 1 1 1 0 0 1 0 0 0 0 0 0 0 0
200	2	1 1 0 1 0 0 0 1 0 0 1 1 0 0 0 0
200	10	1 0 0 1 0 1 0 0 0 0 0 1 0 0 0 0
200	11	1 1 0 1 0 0 0 0 1 0 0 0 0 1 0 0
200	12	1 1 1 0 0 1 0 1 0 0 0 1 0 0 0 0
200	1	1 1 0 0 0 0 0 1 0 0 0 0 0 0 0 0
200	11	1 1 0 0 0 0 0 0 0 0 1 0 0 0 0 0
200	25	0 0 1 1 0 0 0 1 1 1 0 0 0 0 0 0
200	21	0 1 1 0 1 0 0 1 0 1 0 0 0 0 0 0
200	1	0 0 1 1 0 0 0 1 0 0 1 0 0 0 0 0
200	3	1 1 1 0 0 0 0 0 0 1 0 0 0 0 1 0
200	9	1 0 0 1 1 0 0 0 0 0 0 0 0 0 0 0
200	12	1 1 0 1 0 0 0 1 0 0 0 0 0 0 0 0
200	8	1 1 0 1 0 1 0 1 0 1 0 1 0 0 0 0
200	2	1 1 1 1 0 1 0 0 0 0 0 0 0 0 0 0
200	2	1 1 1 0 0 0 0 0 0 1 0 0 1 0 0 0
200	12	1 1 0 1 0 0 0 0 0 0 0 0 1 0 0 0
200	2	0 1 1 0 0 0 0 1 0 0 1 1 1 0 0 0
200	2	1 1 0 1 0 0 1 0 0 0 1 0 0 0 0 0
200	4	1 0 0 1 0 1 0 0 0 1 0 0 0 0 0 0
200	3	0 1 1 0 0 0 0 1 0 1 0 1 0 0 0 0
200	2	1 1 1 0 0 0 1 1 0 0 0 0 0 0 0 0
200	5	1 1 0 0 0 0 0 1 0 0 1 1 0 0 0 0
200	2	1 0 1 1 0 0 0 1 0 0 1 0 0 0 0 0
200	12	1 0 0 1 0 0 0 0 0 0 0 1 0 0 0 0
200	7	0 1 1 0 0 0 0 1 0 1 0 1 1 0 0 0
200	7	0 1 1 0 1 0 0 1 0 0 1 1 0 0 0 0
200	1	1 1 0 0 0 0 0 1 0 0 1 1 0 0 0 1
200	3	1 1 0 1 0 0 0 1 0 1 1 1 0 0 0 0
200	2	0 1 1 1 0 0 0 1 0 0 0 1 0 0 0 1
200	9	1 0 0 1 0 0 0 0 0 0 1 0 0 0 0 0
200	3	1 1 1 0 0 0 0 0 0 1 0 1 0 0 0 0
200	2	1 1 1 1 0 0 0 0 0 0 0 0 0 0 0 1
200	3	1 1 1 0 0 1 0 1 0 0 0 1 0 1 0 0
200	2	1 1 0 1 0 0 0 1 0 0 0 1 0 0 0 0
200	5	1 1 1 0 0 0 0 1 0 0 0 1 0 0 0 1
200	2	1 1 0 1 0 0 0 1 0 1 0 1 1 0 0 0
200	2	1 1 1 1 0 0 0 0 0 0 0 0 0 0 1 0
200	4	1 1 1 1 0 0 0 1 1 0 0 0 0 0 0 0
200	5	1 1 0 1 0 0 0 0 1 0 1 0 0 1 0 0
200	8	1 1 1 0 0 1 0 0 0 1 0 0 1 0 0 0
200	2	1 1 1 0 1 0 0 1 0 0 0 0 0 0 0 0
200	2	0 1 1 1 0 0 0 1 0 0 0 0 0 0 0 1
200	3	1 0 1 1 0 0 0 1 0 0 1 1 0 0 0 0
200	2	1 1 1 0 0 1 0 0 0 0 0 0 1 0 0 0
200	7	1 0 0 1 1 0 0 0 0 1 0 0 0 0 0 0
200	4	0 1 1 1 0 0 0 1 0 0 0 1 0 0 0 0
200	1	0 1 0 1 1 0 0 0 0 0 0 0 0 0 0 0
200	1	0 1 1 0 1 0 0 0 1 1 1 0 0 0 0 0
200	3	0 1 1 1 0 0 0 1 0 0 1 1 1 0 0 0
200	1	0 1 1 0 0 0 0 1 0 1 0 0 1 0 0 0
200	3	1 1 1 0 0 0 0 0 0 0 0 1 0 0 0 0
200	2	1 1 1 1 0 0 0 1 0 0 1 1 0 0 0 0
200	1	1 1 0 1 0 0 0 0 1 0 0 1 0 0 0 0
200	3	1 1 0 1 0 0 0 1 0 0 1 0 0 0 0 0
200	2	0 1 0 1 0 0 0 0 1 0 0 0 0 0 0 0
200	3	1 1 1 0 1 0 0 1 0 1 0 0 0 0 0 0
200	1	1 1 1 1 0 0 0 0 0 0 0 1 0 0 0 0
200	1	1 1 0 1 0 0 0 0 1 0 0 0 1 0 0 0
200	1	0 1 0 1 0 0 0 0 0 0 0 0 0 0 1 0
200	1	1 1 0 1 0 0 1 1 0 0 0 0 1 0 0 0
200	2	1 1 0 1 0 0 1 1 0 0 0 0 0 0 1 0
200	2	1 1 1 0 0 1 0 1 0 0 0 1 0 1 0 1
220	68	1 1 0 1 0 0 0 0 0 0 0 0 0 0 0 0
220	67	1 1 1 0 0 0 0 0 0 1 0 0 0 0 0 0
220	12	0 1 1 0 0 0 0 1 0 0 1 1 0 0 0 0
220	36	1 1 0 1 0 0 0 1 0 1 0 1 0 0 0 0
220	16	1 0 1 1 0 0 0 0 0 0 0 0 0 0 0 0
220	3	1 1 1 1 0 0 0 0 0 0 0 0 0 0 0 0
220	11	1 1 1 1 0 0 0 1 0 1 0 1 0 0 0 0
220	64	1 1 1 1 0 0 0 1 0 0 0 0 0 0 0 0
220	22	1 1 0 1 0 0 0 0 0 0 1 0 0 0 0 0
220	38	0 1 0 1 0 0 0 0 0 0 0 0 0 0 0 0
220	13	0 1 1 0 1 0 0 0 0 1 1 0 0 0 0 0
220	69	1 1 0 1 0 1 0 0 0 0 0 0 0 0 0 0
220	21	1 1 0 1 0 0 1 1 0 0 0 0 0 0 0 0
220	15	1 1 1 0 0 0 1 1 0 1 0 1 0 0 0 0
220	3	1 1 1 0 0 0 0 1 0 0 0 0 0 0 0 0
220	12	1 1 1 1 0 0 0 1 0 1 0 0 0 0 0 0
220	15	1 1 1 0 0 0 0 0 0 0 0 0 0 0 0 0
220	45	1 1 0 1 0 0 0 1 1 0 0 0 0 0 0 0
220	11	1 1 1 1 1 0 0 1 0 0 0 0 0 0 0 0
220	25	1 1 0 1 0 0 0 1 0 0 1 1 0 0 0 0
220	7	1 1 1 0 0 1 0 1 0 0 0 1 0 0 0 0
220	10	0 0 1 1 0 0 0 1 1 1 0 0 0 0 0 0
220	5	0 1 1 0 1 0 0 1 0 1 0 0 0 0 0 0
220	13	1 1 0 1 0 0 0 1 0 0 0 0 0 0 0 0
220	1	1 1 0 1 0 1 0 1 0 1 0 1 0 0 0 0
220	16	1 1 0 1 0 0 0 0 0 0 0 0 1 0 0 0
220	10	1 1 0 0 0 0 0 1 0 0 1 1 0 0 0 0
220	13	1 1 0 1 0 0 0 1 0 1 1 1 0 0 0 0
220	16	1 1 1 1 0 0 0 1 1 0 0 0 0 0 0 0
220	19	1 1 1 0 0 1 0 0 0 1 0 0 1 0 0 0
220	6	1 1 1 0 1 0 0 1 0 0 0 0 0 0 0 0
220	13	1 0 1 1 0 0 0 1 0 0 1 1 0 0 0 0
220	1	1 0 0 1 1 0 0 0 0 1 0 0 0 0 0 0
220	9	0 1 1 1 0 0 0 1 0 0 0 1 0 0 0 0
220	2	1 1 1 0 0 0 0 0 0 0 0 1 0 0 0 0
220	6	0 1 0 1 0 0 0 0 1 0 0 0 0 0 0 0
220	2	1 0 0 1 0 1 0 0 0 0 0 0 0 0 0 0
220	7	1 0 0 1 0 1 0 0 1 0 0 1 0 0 0 0
220	4	0 1 0 0 0 0 0 0 0 0 0 0 0 0 0 0
220	15	1 1 0 1 0 0 0 0 0 0 0 0 0 1 0 0
220	27	1 1 1 0 0 0 0 0 0 1 1 0 0 0 0 0
220	2	1 1 1 1 0 0 0 0 0 0 1 0 0 0 0 0
220	1	1 1 0 1 0 0 0 0 0 0 1 1 0 0 0 0
220	10	0 0 1 1 0 0 0 0 0 0 0 0 0 0 0 0
220	3	1 1 1 0 0 0 0 0 0 0 0 0 0 0 1 0
220	3	1 1 1 0 0 0 0 0 0 0 0 1 1 0 0 0
220	26	1 1 1 1 0 0 0 1 0 0 0 1 0 0 0 0
220	2	1 0 1 0 0 0 0 0 0 0 0 1 0 0 0 0
220	4	1 1 1 0 0 1 0 0 0 1 0 0 0 0 0 0
220	8	1 1 0 1 0 0 0 1 0 1 0 0 0 0 0 0
220	12	1 1 1 1 0 0 0 1 0 0 0 0 0 0 1 0
220	9	0 1 0 1 0 1 0 0 0 0 0 0 0 0 0 0
220	2	0 0 1 1 0 0 0 1 1 1 0 0 1 0 0 0
220	8	1 1 0 0 0 0 0 0 0 0 1 1 0 0 0 0
220	6	1 1 0 1 0 1 0 1 1 0 0 0 0 0 0 0
220	3	1 1 1 1 1 0 0 0 0 0 0 1 0 0 0 0
220	4	0 1 1 1 0 0 1 1 0 0 0 1 0 0 0 0
220	2	1 0 1 0 0 0 1 1 0 1 0 1 0 0 0 0
220	5	1 0 1 0 0 0 0 0 0 1 0 0 0 0 0 0
220	8	0 0 1 1 1 0 0 0 0 0 0 0 0 0 0 0
220	4	1 1 1 0 0 0 0 0 0 1 0 0 0 0 0 1
220	2	1 1 1 0 0 0 0 1 0 1 0 0 0 0 1 0
220	1	1 0 1 1 0 0 0 0 0 0 0 1 0 0 0 0
220	3	0 1 1 0 0 1 0 0 0 1 0 0 0 0 0 0
220	6	0 0 1 1 0 0 0 1 1 0 0 0 0 0 0 0
220	3	1 1 1 1 0 0 0 1 0 1 0 1 0 0 1 0
220	7	1 1 1 0 0 0 0 0 1 0 0 1 0 0 0 0
220	7	1 0 0 1 0 1 0 0 1 0 0 1 0 1 0 0
220	1	1 1 0 1 0 0 1 1 0 1 0 0 0 0 0 0
220	8	1 1 0 0 0 0 0 1 0 0 1 0 0 0 0 0
220	2	1 1 0 1 0 0 1 0 0 0 1 0 0 0 0 0
220	3	1 1 1 0 0 0 0 0 1 1 0 0 0 0 0 0
220	3	0 1 0 1 0 0 0 1 0 0 0 0 0 0 0 0
220	4	0 1 0 0 1 1 0 1 0 0 0 1 0 0 0 0
220	6	1 1 0 0 0 0 1 1 0 0 0 0 0 0 0 0
220	3	1 0 1 0 0 0 0 0 0 0 0 0 0 0 1 0
220	4	1 1 0 1 0 0 0 0 1 0 0 1 0 0 0 0
220	3	1 1 1 0 0 0 0 1 0 0 1 1 0 0 0 0
220	1	1 1 1 0 0 0 0 1 0 1 1 1 0 0 0 0
220	1	1 1 1 0 0 0 0 0 0 1 1 1 0 0 0 0
220	2	1 1 1 1 0 0 0 1 0 1 1 1 0 0 0 0
220	3	1 1 1 0 0 0 1 0 0 1 0 0 0 0 0 0
220	2	1 0 1 1 0 0 0 1 0 1 0 1 0 0 0 0
220	3	1 0 1 1 0 0 0 1 0 0 0 0 0 0 0 0
220	1	1 1 0 1 0 0 1 0 0 0 0 0 0 0 0 0
220	1	1 0 0 1 0 0 1 1 0 0 0 0 0 0 0 0
220	2	1 0 1 1 0 0 0 1 1 0 0 0 0 0 0 0
220	4	1 0 0 1 0 1 0 0 0 0 0 0 0 1 0 0
220	4	0 0 0 0 0 0 0 0 0 0 0 0 0 0 0 0
220	1	1 0 1 0 0 0 0 0 0 1 1 0 0 0 0 0
220	1	0 1 0 1 0 0 0 1 1 1 0 0 0 0 0 0
220	1	1 1 0 1 0 0 0 0 0 1 1 1 0 0 0 0
220	1	1 0 1 1 0 0 0 1 0 0 1 0 0 0 0 0
220	1	1 1 0 0 0 0 0 0 0 0 0 0 0 0 0 0
220	1	1 1 1 0 0 0 0 0 0 1 0 0 1 0 0 0
220	1	1 1 1 0 1 0 0 0 0 1 0 0 0 0 0 0
220	3	1 0 0 1 0 0 0 0 0 0 0 0 0 0 0 0
220	2	1 1 1 1 0 0 0 1 1 1 0 1 0 0 0 0
220	1	1 1 0 1 0 1 0 0 0 0 0 0 0 0 0 1
220	1	1 1 0 1 0 0 0 1 1 0 1 0 0 0 0 0
220	1	1 1 1 1 0 1 0 1 0 1 0 1 0 0 0 0
220	1	1 1 1 0 0 0 0 1 0 0 0 1 1 0 0 0
220	1	1 1 0 1 0 0 0 1 0 1 1 0 0 0 0 0
220	2	1 0 0 1 0 0 0 1 0 1 0 0 0 0 0 0
220	1	1 1 1 1 0 0 0 1 0 0 1 0 0 0 1 0
240	63	1 1 0 1 0 0 0 0 0 0 0 0 0 0 0 0
240	66	1 1 1 0 0 0 0 0 0 1 0 0 0 0 0 0
240	8	0 1 1 0 0 0 0 1 0 0 1 1 0 0 0 0
240	12	1 1 0 1 0 0 0 1 0 1 0 1 0 0 0 0
240	20	1 0 1 1 0 0 0 0 0 0 0 0 0 0 0 0
240	45	1 1 1 1 0 0 0 1 0 1 0 1 0 0 0 0
240	50	1 1 1 1 0 0 0 1 0 0 0 0 0 0 0 0
240	24	1 1 0 1 0 0 0 0 0 0 1 0 0 0 0 0
240	33	0 1 0 1 0 0 0 0 0 0 0 0 0 0 0 0
240	6	1 1 0 1 0 1 0 0 0 0 0 0 0 0 0 0
240	27	1 1 0 1 0 0 1 1 0 0 0 0 0 0 0 0
240	14	1 1 1 1 0 0 0 1 0 1 0 0 0 0 0 0
240	41	1 1 0 1 0 0 0 1 1 0 0 0 0 0 0 0
240	18	1 1 1 1 1 0 0 1 0 0 0 0 0 0 0 0
240	75	1 1 0 1 0 0 0 1 0 0 1 1 0 0 0 0
240	6	0 0 1 1 0 0 0 1 1 1 0 0 0 0 0 0
240	7	1 1 0 1 0 0 0 1 0 0 0 0 0 0 0 0
240	17	1 1 0 1 0 0 0 0 0 0 0 0 1 0 0 0
240	7	1 1 1 1 0 0 0 1 1 0 0 0 0 0 0 0
240	13	1 0 1 1 0 0 0 1 0 0 1 1 0 0 0 0
240	14	0 1 1 1 0 0 0 1 0 0 0 1 0 0 0 0
240	7	0 1 0 1 0 0 0 0 1 0 0 0 0 0 0 0
240	1	1 1 0 1 0 0 0 0 0 0 0 0 0 1 0 0
240	70	1 1 1 0 0 0 0 0 0 1 1 0 0 0 0 0
240	14	0 0 1 1 0 0 0 0 0 0 0 0 0 0 0 0
240	15	1 1 1 1 0 0 0 1 0 0 0 1 0 0 0 0
240	2	1 1 1 1 0 0 0 1 0 0 0 0 0 0 1 0
240	4	0 0 1 1 1 0 0 0 0 0 0 0 0 0 0 0
240	9	1 0 1 1 0 0 0 0 0 0 0 1 0 0 0 0
240	9	1 1 0 0 0 0 0 1 0 0 1 0 0 0 0 0
240	21	1 1 0 1 0 0 1 0 0 0 1 0 0 0 0 0
240	1	1 1 1 0 0 0 0 0 0 1 1 1 0 0 0 0
240	2	1 0 1 1 0 0 0 1 0 1 0 1 0 0 0 0
240	1	1 1 1 1 0 1 0 1 0 1 0 1 0 0 0 0
240	3	1 0 0 1 0 0 0 1 0 1 0 0 0 0 0 0
240	4	1 1 0 1 0 0 0 1 1 0 1 1 0 0 0 0
240	2	1 1 0 1 0 0 1 1 0 1 0 1 0 0 0 0
240	8	1 1 0 1 1 0 0 0 0 0 0 0 0 0 0 0
240	6	1 1 1 1 0 0 0 1 1 0 0 0 0 0 1 0
240	14	1 1 0 0 0 0 0 0 0 1 1 1 0 0 0 0
240	12	1 1 1 1 0 0 0 0 0 1 0 1 0 0 0 0
240	1	0 1 1 0 1 0 0 0 0 1 1 0 0 1 0 0
240	5	1 1 1 1 1 0 0 1 0 0 0 1 0 1 0 0
240	2	1 1 0 1 1 0 0 1 0 0 0 0 0 0 0 0
240	1	1 1 1 1 0 0 0 1 0 1 1 1 0 0 0 0
240	1	0 1 1 1 0 0 0 0 0 0 0 0 0 0 0 0
240	5	1 1 1 1 0 0 1 1 0 1 0 0 0 0 0 0
240	15	1 1 0 1 0 0 0 1 0 0 0 1 0 0 0 0
240	11	1 1 0 1 0 0 0 1 1 0 1 1 1 0 0 0
240	19	1 1 1 1 0 0 0 1 1 0 1 1 0 0 0 0
240	6	1 1 1 0 0 0 0 0 1 1 0 0 0 0 0 0
240	3	1 1 1 1 1 0 0 1 0 1 0 0 0 0 0 0
240	8	1 1 1 0 0 0 0 1 1 0 0 0 0 0 0 0
240	1	1 0 1 0 0 0 0 0 0 1 1 0 0 0 0 0
240	6	1 1 0 1 0 0 1 1 0 1 0 1 0 0 0 1
240	5	1 1 1 1 0 0 0 0 0 1 0 0 0 0 0 0
240	5	1 1 0 0 0 0 0 0 0 1 1 0 0 0 0 0
240	1	1 1 0 0 0 0 0 0 0 0 1 0 0 0 1 0
240	3	1 1 1 1 0 1 0 1 0 1 0 1 0 1 1 0
240	2	1 1 1 1 0 0 1 1 0 0 0 1 0 0 0 0
240	12	1 1 1 1 0 0 1 1 0 1 0 1 0 0 0 0
240	8	1 1 0 1 0 0 0 0 0 1 0 0 0 0 0 0
240	7	1 0 1 1 0 0 0 0 0 0 1 1 0 0 0 0
240	2	1 1 1 0 0 0 0 0 0 0 1 1 0 0 0 0
240	2	0 1 0 1 0 0 0 0 0 0 1 1 0 0 0 0
240	1	0 1 0 1 0 0 1 1 0 1 0 0 0 0 0 0
240	9	1 1 1 1 0 0 0 1 1 1 0 1 0 0 0 0
240	2	1 1 1 1 0 0 0 1 0 0 0 0 0 0 0 1
240	6	0 1 0 1 0 0 0 1 0 0 1 1 0 0 0 0
240	3	1 1 0 1 0 0 0 0 0 0 0 1 0 0 0 0
240	3	1 1 0 1 0 0 0 1 0 0 1 1 1 0 0 0
240	1	1 1 0 1 1 0 1 1 0 0 0 0 0 0 0 0
240	3	1 1 0 0 0 0 0 1 0 0 1 1 0 0 0 0
240	5	1 1 0 0 0 0 0 0 0 0 1 1 0 0 0 0
240	1	0 1 1 1 0 0 1 1 0 1 0 0 0 0 0 0
240	5	0 1 1 1 0 0 0 1 0 0 1 1 0 0 0 0
240	3	1 1 0 1 0 0 1 1 0 0 0 1 0 0 0 0
240	1	0 1 0 1 0 0 0 0 0 1 0 0 0 0 0 0
240	1	1 1 1 1 0 0 1 1 0 0 0 0 0 0 0 0
240	2	1 1 0 1 1 0 0 1 0 0 1 1 0 0 0 0
240	5	1 1 1 1 1 0 0 0 0 0 1 1 0 0 0 0
240	2	1 1 0 1 0 0 0 1 0 0 0 0 0 1 0 0
240	1	0 1 0 1 0 0 0 0 0 1 1 1 0 0 0 0
240	1	1 1 0 1 0 0 0 1 1 0 0 0 1 0 0 0
240	3	1 1 0 1 0 0 0 0 0 0 0 0 0 0 1 0
240	1	1 1 1 1 0 1 0 1 0 0 0 0 0 0 0 0
240	1	1 1 1 1 1 0 0 1 0 0 0 0 0 0 1 0
240	1	1 1 1 1 0 0 0 1 1 0 0 1 0 0 0 0
240	1	1 1 1 0 0 0 0 0 0 1 1 0 0 1 0 0
240	5	1 1 0 1 1 0 0 1 0 0 0 0 0 0 1 0
240	2	1 1 0 1 0 0 0 1 1 0 1 1 1 0 0 1
240	2	1 1 0 1 1 0 0 1 0 0 0 1 0 0 1 0
240	3	1 1 1 1 0 0 0 1 0 0 1 1 0 0 0 0
240	1	1 1 0 1 0 1 0 0 0 0 0 1 0 0 0 0
240	2	1 1 0 1 0 0 0 0 0 1 1 0 0 0 0 0
240	1	1 1 1 1 0 0 0 1 1 0 1 1 1 0 0 0
240	2	1 0 1 1 0 0 0 0 0 1 0 0 0 0 0 0
240	5	1 1 0 1 1 1 0 0 0 0 0 0 0 0 0 0
240	3	0 1 1 1 1 0 0 1 0 0 0 0 0 0 0 0
240	2	1 0 1 1 0 0 0 1 0 0 0 1 0 0 0 0
240	1	1 1 0 1 0 0 1 0 0 0 1 1 0 0 0 0
240	1	1 1 0 1 1 0 0 1 1 0 1 1 0 0 0 0
240	3	1 1 1 0 0 0 0 0 1 1 0 0 1 0 0 0
240	1	0 1 1 1 0 0 1 1 0 0 0 1 0 0 0 0
240	2	0 1 1 1 0 0 0 0 0 0 1 1 0 0 0 0
260	34	1 1 0 1 0 0 0 0 0 0 0 0 0 0 0 0
260	23	1 1 1 0 0 0 0 0 0 1 0 0 0 0 0 0
260	17	1 0 1 1 0 0 0 0 0 0 0 0 0 0 0 0
260	14	1 1 1 1 0 0 0 1 0 1 0 1 0 0 0 0
260	22	1 1 1 1 0 0 0 1 0 0 0 0 0 0 0 0
260	3	1 1 0 1 0 0 0 0 0 0 1 0 0 0 0 0
260	16	0 1 0 1 0 0 0 0 0 0 0 0 0 0 0 0
260	21	1 1 0 1 0 1 0 0 0 0 0 0 0 0 0 0
260	93	1 1 0 1 0 0 1 1 0 0 0 0 0 0 0 0
260	22	1 1 1 1 0 0 0 1 0 1 0 0 0 0 0 0
260	6	1 1 0 1 0 0 0 1 1 0 0 0 0 0 0 0
260	1	1 1 1 1 1 0 0 1 0 0 0 0 0 0 0 0
260	33	1 1 0 1 0 0 0 1 0 0 1 1 0 0 0 0
260	35	1 1 0 1 0 0 0 0 0 0 0 0 1 0 0 0
260	2	1 1 1 1 0 0 0 1 1 0 0 0 0 0 0 0
260	24	0 1 1 1 0 0 0 1 0 0 0 1 0 0 0 0
260	3	0 1 0 1 0 0 0 0 1 0 0 0 0 0 0 0
260	66	1 1 1 0 0 0 0 0 0 1 1 0 0 0 0 0
260	9	1 1 1 1 0 0 0 1 0 0 0 1 0 0 0 0
260	35	1 1 0 1 0 0 1 0 0 0 1 0 0 0 0 0
260	18	1 1 0 1 1 0 0 0 0 0 0 0 0 0 0 0
260	13	1 1 1 1 0 0 0 0 0 1 0 1 0 0 0 0
260	7	1 1 1 1 0 0 0 1 0 1 1 1 0 0 0 0
260	10	1 1 0 1 0 0 0 1 0 0 0 1 0 0 0 0
260	3	1 1 1 1 0 0 0 1 1 0 1 1 0 0 0 0
260	9	1 1 1 0 0 0 0 1 1 0 0 0 0 0 0 0
260	3	1 1 1 1 0 0 0 0 0 1 0 0 0 0 0 0
260	2	1 1 1 1 0 0 1 1 0 1 0 1 0 0 0 0
260	2	1 1 1 0 0 0 0 0 0 0 1 1 0 0 0 0
260	21	1 1 1 1 0 0 0 1 1 1 0 1 0 0 0 0
260	12	1 1 0 0 0 0 0 0 0 0 1 1 0 0 0 0
260	11	0 1 1 1 0 0 0 1 0 0 1 1 0 0 0 0
260	30	1 1 0 1 1 0 0 1 0 0 1 1 0 0 0 0
260	34	1 1 1 1 1 0 0 0 0 0 1 1 0 0 0 0
260	9	0 1 0 1 0 0 0 0 0 1 1 1 0 0 0 0
260	12	1 1 1 1 0 0 0 1 0 0 1 1 0 0 0 0
260	11	1 0 1 1 0 0 0 0 0 1 0 0 0 0 0 0
260	4	1 1 0 1 1 1 0 0 0 0 0 0 0 0 0 0
260	9	1 1 1 0 1 0 0 0 1 1 0 0 0 0 0 0
260	18	1 0 1 1 0 0 0 1 0 1 0 1 0 0 0 0
260	6	0 1 0 1 0 0 0 0 0 0 0 0 0 0 0 1
260	3	1 0 1 1 0 0 0 1 1 0 0 1 0 0 0 0
260	6	1 1 1 0 0 0 0 0 0 0 0 0 0 0 0 0
260	28	1 1 0 1 0 0 0 0 0 1 1 0 0 0 0 0
260	2	1 1 0 1 0 0 0 1 0 0 1 1 0 0 1 0
260	23	0 0 0 1 0 0 0 1 0 0 1 1 0 0 0 0
260	7	1 1 1 1 0 0 0 0 0 0 0 0 0 0 0 0
260	6	1 1 1 0 0 0 0 0 1 1 0 0 0 0 0 0
260	1	1 0 1 1 0 0 0 0 0 1 0 0 0 0 1 0
260	1	1 1 1 0 0 0 0 0 1 1 1 0 0 0 0 0
260	1	1 1 1 1 0 0 1 1 0 0 1 1 0 0 0 0
260	7	1 0 1 1 0 0 0 0 0 1 0 0 0 1 1 0
260	11	1 1 0 1 0 0 1 0 0 1 0 0 0 0 0 0
260	32	1 1 1 1 0 0 0 0 0 0 1 1 0 0 0 0
260	10	1 1 1 1 1 0 1 1 0 0 0 0 0 0 0 0
260	10	1 0 1 0 0 0 0 0 0 1 0 0 0 0 0 0
260	1	0 1 1 1 0 0 1 1 0 0 0 1 0 0 0 0
260	10	1 1 1 0 0 1 0 0 0 1 1 0 0 0 0 0
260	2	1 0 1 1 0 0 0 1 0 0 0 0 0 0 0 0
260	6	1 0 1 1 0 0 0 1 0 0 0 1 0 0 0 0
260	2	1 1 1 0 0 0 0 0 0 0 0 1 0 0 0 0
260	4	1 1 0 1 1 0 0 1 0 0 1 0 0 0 0 0
260	2	1 0 1 1 0 0 0 0 1 1 0 0 0 0 0 0
260	14	1 1 1 0 0 0 0 0 0 1 0 0 1 0 0 0
260	5	1 1 1 1 0 0 0 1 1 1 0 0 0 0 0 0
260	5	0 1 0 1 0 0 0 1 0 0 1 1 0 0 1 0
260	2	1 1 1 0 0 0 0 0 1 1 0 0 1 0 0 0
260	6	1 1 0 0 0 0 0 1 1 0 0 0 0 0 0 0
260	1	1 1 0 1 1 0 0 1 0 0 0 1 0 0 0 0
260	8	1 1 0 1 1 0 0 0 0 0 1 0 0 0 0 0
260	1	1 1 0 1 0 0 1 1 0 0 1 0 0 0 0 0
260	2	1 1 0 1 0 0 0 1 1 0 1 1 0 0 0 0
260	1	1 1 0 1 1 0 0 0 0 0 1 1 0 0 0 0
260	3	1 1 0 0 0 0 0 0 0 0 0 0 0 0 0 0
260	1	0 1 1 1 0 0 1 1 0 0 0 1 0 0 0 1
260	5	1 0 1 1 0 0 0 1 0 0 1 1 0 0 1 0
260	7	1 1 0 1 0 1 1 1 0 0 0 0 0 0 0 0
260	1	1 1 1 0 0 0 0 1 0 1 1 0 0 0 0 0
260	1	1 1 0 0 0 0 0 0 0 0 0 1 0 0 0 0
260	2	1 1 1 0 1 0 0 0 0 1 0 0 0 0 0 0
260	4	0 1 0 1 0 0 1 1 0 0 0 0 0 0 0 0
260	4	1 1 1 1 1 0 0 1 1 1 0 1 0 0 0 0
260	2	0 1 1 1 1 0 0 0 0 0 1 1 0 0 0 0
260	3	1 1 1 1 0 1 0 1 0 0 1 1 0 0 0 0
260	1	1 1 0 1 0 0 1 1 0 0 1 1 0 0 1 0
260	3	1 1 1 1 0 0 1 1 0 0 0 0 0 0 0 0
260	1	1 1 0 1 0 0 0 1 0 0 1 0 0 0 0 0
260	2	0 1 1 1 0 0 1 1 0 0 0 0 0 0 0 0
260	1	1 1 0 1 0 0 0 0 0 1 0 0 1 0 0 0
260	1	1 0 0 1 0 0 1 1 0 0 0 0 0 0 0 0
260	1	1 1 1 0 0 0 0 0 0 1 0 1 0 0 0 0
260	1	1 1 0 1 0 0 0 1 0 0 0 0 0 0 0 0
260	1	1 1 1 1 0 0 1 0 0 1 0 0 0 0 0 0
260	1	1 1 0 1 0 0 0 0 1 0 0 0 0 0 0 0
260	1	1 1 0 1 0 0 1 0 0 0 0 0 0 0 0 0
260	2	1 1 1 1 1 0 0 1 0 1 0 0 0 0 0 0
260	2	1 1 0 1 1 0 0 0 0 0 0 0 0 0 0 1
260	2	1 0 1 1 0 0 0 1 1 0 0 0 0 0 0 0
260	1	1 0 1 0 0 1 0 0 0 1 1 0 0 0 0 0
260	2	1 1 1 1 0 1 0 1 0 1 0 1 1 1 1 1
260	1	1 1 0 1 0 0 1 1 1 0 0 0 1 0 0 0
280	12	1 1 0 1 0 0 0 0 0 0 0 0 0 0 0 0
280	17	1 1 1 0 0 0 0 0 0 1 0 0 0 0 0 0
280	37	1 1 1 1 0 0 0 1 0 0 0 0 0 0 0 0
280	16	1 1 0 1 0 0 0 0 0 0 1 0 0 0 0 0
280	105	1 1 0 1 0 0 1 1 0 0 0 0 0 0 0 0
280	68	1 1 1 1 0 0 0 1 0 1 0 0 0 0 0 0
280	8	1 1 0 1 0 0 0 1 1 0 0 0 0 0 0 0
280	7	1 1 0 1 0 0 0 1 0 0 1 1 0 0 0 0
280	23	1 1 0 1 0 0 0 0 0 0 0 0 1 0 0 0
280	12	0 1 1 1 0 0 0 1 0 0 0 1 0 0 0 0
280	56	1 1 1 0 0 0 0 0 0 1 1 0 0 0 0 0
280	7	1 1 1 1 0 0 0 1 0 0 0 1 0 0 0 0
280	13	1 1 0 1 0 0 0 1 0 0 0 1 0 0 0 0
280	38	1 1 1 1 0 0 0 1 1 0 1 1 0 0 0 0
280	19	1 1 1 0 0 0 0 1 1 0 0 0 0 0 0 0
280	1	1 1 1 1 0 0 0 0 0 1 0 0 0 0 0 0
280	28	1 1 1 1 0 0 1 1 0 1 0 1 0 0 0 0
280	4	1 1 0 0 0 0 0 0 0 0 1 1 0 0 0 0
280	6	0 1 1 1 0 0 0 1 0 0 1 1 0 0 0 0
280	13	1 1 0 1 1 0 0 1 0 0 1 1 0 0 0 0
280	2	1 1 1 1 1 0 0 0 0 0 1 1 0 0 0 0
280	2	0 1 0 1 0 0 0 0 0 1 1 1 0 0 0 0
280	23	1 1 1 1 0 0 0 1 0 0 1 1 0 0 0 0
280	24	1 0 1 1 0 0 0 0 0 1 0 0 0 0 0 0
280	28	1 0 1 1 0 0 0 1 0 1 0 1 0 0 0 0
280	12	1 0 1 1 0 0 0 1 1 0 0 1 0 0 0 0
280	3	1 1 1 0 0 0 0 0 0 0 0 0 0 0 0 0
280	7	1 1 0 1 0 0 0 0 0 1 1 0 0 0 0 0
280	9	1 1 1 1 0 0 0 0 0 0 0 0 0 0 0 0
280	27	1 0 1 1 0 0 0 0 0 1 0 0 0 1 1 0
280	14	1 1 1 1 0 0 0 0 0 0 1 1 0 0 0 0
280	15	1 1 1 1 1 0 1 1 0 0 0 0 0 0 0 0
280	6	1 0 1 0 0 0 0 0 0 1 0 0 0 0 0 0
280	1	1 1 1 0 0 0 0 0 0 1 0 0 1 0 0 0
280	3	1 1 1 1 0 0 0 1 1 1 0 0 0 0 0 0
280	6	1 1 1 0 0 0 0 0 1 1 0 0 1 0 0 0
280	21	1 1 0 0 0 0 0 1 1 0 0 0 0 0 0 0
280	2	0 1 0 1 0 0 1 1 0 0 0 0 0 0 0 0
280	9	1 1 0 1 0 0 0 1 0 0 1 0 0 0 0 0
280	1	1 1 1 0 0 0 0 0 0 1 0 1 0 0 0 0
280	5	1 0 1 1 0 0 0 1 1 0 0 0 0 0 0 0
280	1	1 1 0 1 0 0 0 0 0 1 0 0 0 0 0 0
280	4	1 1 1 1 0 0 0 0 0 1 1 1 0 0 0 0
280	5	1 1 0 1 1 0 0 0 0 1 1 0 0 0 0 0
280	2	0 1 0 1 0 0 0 0 0 1 1 0 0 0 0 0
280	10	1 1 1 0 0 0 0 0 1 1 1 0 0 0 1 0
280	9	1 0 0 1 0 1 0 0 0 0 0 0 0 0 0 0
280	3	1 1 0 1 0 0 0 1 1 1 0 1 0 0 0 0
280	3	1 1 1 1 0 0 0 0 0 0 0 1 0 0 0 0
280	13	0 1 1 1 0 0 0 1 0 0 0 0 0 0 0 0
280	10	1 1 1 0 0 0 0 1 0 1 0 0 0 0 0 0
280	10	1 1 1 1 0 1 0 1 0 1 0 0 0 0 0 0
280	9	1 0 1 1 0 0 0 1 1 0 0 0 0 0 0 1
280	4	0 1 1 0 0 0 0 0 0 1 0 0 0 0 0 0
280	1	0 1 0 1 0 0 0 1 0 0 0 0 0 0 0 0
280	11	1 1 1 1 0 0 0 0 0 1 1 0 0 0 0 0
280	2	1 0 1 1 0 0 0 0 0 0 1 1 0 0 0 0
280	3	0 1 0 1 0 0 0 1 0 0 1 1 0 0 0 0
280	7	1 1 1 1 1 0 1 1 0 0 0 0 1 0 0 0
280	2	1 1 1 0 0 0 1 0 0 1 1 0 0 0 0 0
280	7	1 1 1 1 0 0 0 0 0 1 1 1 0 0 1 0
280	8	0 1 1 1 0 0 0 0 0 1 0 0 0 0 0 0
280	5	1 0 1 1 1 0 0 1 0 1 0 1 0 0 0 0
280	11	1 1 1 1 0 1 0 1 1 0 1 1 0 0 0 0
280	10	1 1 1 1 0 0 1 1 0 1 0 0 0 0 0 0
280	3	1 1 0 1 0 0 1 1 0 0 0 0 0 0 0 1
280	4	1 1 1 1 0 0 0 0 0 1 0 0 1 0 0 0
280	5	0 1 0 1 0 0 0 1 0 0 1 1 0 1 1 0
280	4	1 1 0 0 0 0 0 0 1 0 0 0 0 0 0 0
280	1	1 1 0 1 0 0 0 0 0 1 1 1 0 0 0 0
280	2	1 1 0 1 0 0 1 1 0 0 1 0 0 0 0 0
280	6	0 1 0 0 0 0 1 1 0 0 0 0 0 0 0 0
280	1	1 1 1 1 0 0 1 1 0 0 0 1 0 1 0 0
280	3	1 0 1 1 0 0 0 1 0 1 1 1 0 0 0 0
280	3	1 1 0 1 0 1 1 1 0 0 0 0 0 0 0 0
280	5	1 1 0 1 0 0 0 0 0 0 1 1 0 0 0 0
280	3	1 1 0 1 0 0 0 0 1 0 0 0 0 0 0 0
280	2	0 1 0 1 0 0 0 1 0 0 0 1 0 0 0 0
280	5	1 1 1 1 0 0 1 1 1 1 0 1 0 0 0 0
280	5	1 1 0 1 0 0 0 0 0 1 1 0 0 0 0 1
280	8	0 1 1 1 0 0 0 1 1 0 1 1 0 0 0 0
280	1	1 1 0 1 0 0 1 1 0 1 0 0 0 0 0 0
280	4	1 1 1 0 0 0 0 0 0 1 1 0 0 1 0 0
280	1	1 1 0 1 0 0 1 0 0 0 1 1 0 0 1 0
280	2	1 1 1 1 0 0 0 0 0 1 1 0 1 0 0 0
280	1	1 1 1 1 0 0 0 1 1 0 0 1 0 0 0 0
280	4	1 1 1 0 0 0 0 1 0 0 0 0 0 0 0 0
280	2	1 1 0 1 0 0 0 0 1 0 1 0 0 0 0 0
280	3	1 1 0 1 1 0 1 1 0 0 1 1 0 0 0 0
280	4	1 1 1 1 1 0 1 1 0 0 1 0 0 0 0 0
280	4	1 1 0 1 0 0 0 0 0 1 0 1 0 0 0 0
280	2	1 0 0 1 0 1 0 1 0 0 0 0 0 0 0 0
280	1	0 1 0 1 0 0 0 1 1 1 0 1 0 0 0 0
280	2	1 0 1 1 1 0 1 1 0 0 0 0 1 0 0 0
280	8	1 1 0 1 0 1 1 1 0 0 0 0 0 0 1 0
280	1	1 1 1 0 0 1 0 0 0 1 1 0 0 0 0 0
280	1	1 1 1 1 0 0 0 1 1 0 1 1 0 1 0 0
280	1	1 1 1 1 0 0 1 1 0 1 1 1 0 0 0 0
280	3	1 0 0 1 0 0 0 1 1 0 0 1 0 0 0 0
280	4	1 1 1 0 0 0 0 0 0 0 1 1 0 0 0 0
280	4	0 1 1 1 0 0 0 1 0 0 0 0 0 0 1 0
280	5	1 1 1 1 0 0 0 0 1 0 1 0 0 0 0 0
280	3	0 1 1 1 0 1 0 1 1 0 1 1 0 0 0 0
280	2	1 1 0 0 1 0 0 0 1 0 0 0 0 0 0 0
280	2	1 1 1 0 0 0 0 1 1 0 1 1 0 0 0 0
280	1	1 0 1 1 0 0 0 0 0 0 0 0 1 0 0 0
280	1	1 1 0 1 0 0 0 1 0 0 0 0 0 0 0 0
280	1	1 0 1 0 0 0 1 1 0 0 1 0 0 0 0 0
280	3	0 1 1 1 0 0 0 1 1 0 0 1 0 0 0 0
280	3	1 1 0 1 0 0 1 0 0 0 1 0 0 0 0 0
280	1	1 1 1 0 1 0 0 0 0 1 1 0 0 0 0 0
280	1	1 0 1 1 0 0 1 0 0 1 0 0 0 0 0 0
280	2	1 0 1 1 0 0 0 1 0 1 0 0 0 1 1 0
280	1	1 1 1 1 0 0 0 1 0 1 1 1 0 0 0 0
280	1	1 1 1 1 1 0 1 1 0 1 1 0 0 0 0 0
300	6	1 1 1 0 0 0 0 0 0 1 0 0 0 0 0 0
300	12	1 1 1 1 0 0 0 1 0 0 0 0 0 0 0 0
300	8	1 1 0 1 0 0 0 0 0 0 1 0 0 0 0 0
300	63	1 1 0 1 0 0 1 1 0 0 0 0 0 0 0 0
300	121	1 1 1 1 0 0 0 1 0 1 0 0 0 0 0 0
300	6	1 1 0 1 0 0 0 1 1 0 0 0 0 0 0 0
300	8	1 1 0 1 0 0 0 0 0 0 0 0 1 0 0 0
300	3	0 1 1 1 0 0 0 1 0 0 0 1 0 0 0 0
300	31	1 1 1 0 0 0 0 0 0 1 1 0 0 0 0 0
300	6	1 1 0 1 0 0 0 1 0 0 0 1 0 0 0 0
300	22	1 1 1 1 0 0 0 1 1 0 1 1 0 0 0 0
300	8	1 1 1 0 0 0 0 1 1 0 0 0 0 0 0 0
300	22	1 1 1 1 0 0 1 1 0 1 0 1 0 0 0 0
300	74	1 1 1 1 0 0 0 1 0 0 1 1 0 0 0 0
300	35	1 0 1 1 0 0 0 1 0 1 0 1 0 0 0 0
300	4	1 0 1 1 0 0 0 0 0 1 0 0 0 1 1 0
300	3	1 1 1 1 0 0 0 0 0 0 1 1 0 0 0 0
300	43	1 1 1 1 1 0 1 1 0 0 0 0 0 0 0 0
300	30	1 1 1 1 0 0 0 1 1 1 0 0 0 0 0 0
300	6	1 1 0 0 0 0 0 1 1 0 0 0 0 0 0 0
300	33	1 0 1 1 0 0 0 1 1 0 0 0 0 0 0 0
300	5	1 1 1 1 0 0 0 0 0 1 1 1 0 0 0 0
300	7	0 1 1 1 0 0 0 1 0 0 0 0 0 0 0 0
300	6	1 1 1 1 0 1 0 1 0 1 0 0 0 0 0 0
300	33	1 1 1 1 0 0 0 0 0 1 1 0 0 0 0 0
300	32	1 1 1 1 0 0 0 0 0 1 1 1 0 0 1 0
300	25	1 0 1 1 1 0 0 1 0 1 0 1 0 0 0 0
300	8	1 1 0 1 0 0 1 1 0 0 0 0 0 0 0 1
300	13	1 1 0 0 0 0 0 0 1 0 0 0 0 0 0 0
300	15	1 1 0 1 0 0 0 0 1 0 0 0 0 0 0 0
300	24	0 1 1 1 0 0 0 1 1 0 1 1 0 0 0 0
300	15	1 0 0 1 0 1 0 1 0 0 0 0 0 0 0 0
300	9	1 1 1 1 0 0 1 1 0 0 0 0 0 0 0 0
300	6	1 1 0 1 1 0 0 0 0 0 0 0 1 0 0 0
300	10	1 1 1 1 0 0 0 1 0 1 0 1 0 0 0 0
300	14	1 1 1 1 1 0 0 1 0 0 0 0 0 0 0 0
300	10	1 0 1 1 0 0 0 0 0 1 0 0 1 1 1 0
300	1	1 1 1 1 0 0 1 1 0 1 0 1 1 0 0 0
300	9	1 1 1 1 0 0 0 0 0 0 0 0 1 0 0 0
300	4	1 1 1 1 0 0 1 1 1 1 0 1 1 0 0 0
300	5	1 1 0 1 0 0 0 0 0 0 1 0 1 0 0 0
300	12	1 1 0 1 0 0 0 1 0 0 0 0 0 0 0 0
300	16	1 0 1 1 0 0 0 1 0 1 0 0 0 0 0 0
300	5	1 1 0 1 0 0 1 1 0 0 0 1 0 0 0 0
300	5	1 1 0 1 1 0 0 0 0 1 0 0 0 0 0 0
300	4	1 1 0 1 0 0 1 1 0 1 0 0 0 0 0 0
300	4	1 1 0 1 0 0 1 1 0 0 0 0 1 0 0 0
300	5	1 1 1 1 0 0 0 1 0 1 1 0 0 0 0 0
300	3	0 1 0 1 1 0 0 0 0 1 1 0 0 0 0 0
300	4	1 1 1 1 1 0 0 1 0 0 1 1 0 0 0 0
300	1	1 0 1 1 1 0 0 1 1 0 0 0 0 0 0 0
300	1	0 1 1 1 0 0 1 1 0 0 0 0 0 0 0 0
300	10	1 1 1 1 1 0 0 1 0 1 0 1 0 0 0 0
300	5	0 1 0 1 1 0 0 1 1 0 1 1 0 0 0 0
300	2	1 1 1 0 0 0 0 0 0 1 1 1 0 0 0 0
300	1	1 0 1 1 1 0 0 1 1 1 0 1 0 0 0 0
300	5	1 1 1 1 0 0 0 0 0 0 0 0 0 0 0 0
300	5	1 1 1 1 0 1 0 1 0 1 0 0 1 0 0 0
300	5	1 1 1 0 0 0 0 1 1 0 0 0 0 1 0 0
300	3	1 1 1 1 1 0 0 0 0 0 0 0 1 0 0 0
300	6	1 0 1 1 0 0 0 1 0 0 0 1 0 0 0 0
300	3	1 1 0 1 0 1 0 1 0 0 0 0 0 0 0 0
300	3	1 1 1 1 1 0 1 1 0 0 1 1 0 0 0 0
300	10	1 1 0 0 0 0 1 1 0 0 0 0 0 0 0 0
300	4	1 0 0 1 0 1 0 0 0 0 0 0 0 1 0 0
300	10	0 1 0 1 0 0 1 0 0 0 0 0 1 0 0 0
300	3	1 1 1 1 0 0 0 1 0 0 0 0 0 0 1 1
300	2	1 1 1 0 0 1 0 0 0 1 1 0 0 0 0 0
300	6	1 1 1 1 0 0 0 1 0 0 1 1 0 0 0 1
300	9	1 0 1 1 0 0 0 0 0 1 0 1 0 0 0 0
300	1	1 0 1 1 0 0 0 1 1 1 0 1 1 0 0 0
300	1	1 1 0 1 1 0 0 0 0 1 1 1 0 0 1 0
300	3	1 1 1 1 1 0 0 1 0 1 0 0 0 0 0 0
300	2	1 1 1 1 0 0 0 1 0 1 0 0 0 1 0 0
300	1	1 0 1 1 0 0 0 1 1 0 1 1 0 0 0 0
300	1	1 1 1 1 0 1 0 1 0 0 1 1 0 0 0 0
300	2	1 1 1 1 0 0 0 0 0 1 0 0 1 1 1 0
300	2	1 1 0 1 0 0 0 1 0 0 1 1 0 0 0 0
300	1	1 1 1 1 0 0 0 0 1 0 1 1 0 0 0 0
300	2	1 1 0 1 0 0 0 0 1 1 0 0 0 0 0 0
300	2	1 1 0 0 0 0 0 1 1 0 0 0 0 1 0 0
300	2	1 1 0 0 0 0 1 1 0 0 0 1 0 0 0 0
300	1	0 1 1 0 0 0 0 0 0 1 1 0 0 0 0 0
300	1	0 1 1 1 0 0 0 1 1 1 0 0 0 0 0 0
300	6	0 1 0 1 0 0 0 1 0 0 0 0 0 0 0 0
300	1	1 1 1 1 0 0 0 0 0 1 1 0 0 0 1 0
300	1	1 0 1 1 1 0 0 1 0 1 0 0 0 0 0 0
300	4	1 1 0 0 0 0 0 0 1 1 0 0 0 0 0 0
300	3	1 1 0 1 1 0 1 1 0 0 0 0 1 0 0 0
300	1	1 0 1 1 0 0 0 1 1 0 1 1 0 1 0 0
300	1	1 1 1 1 0 0 0 1 0 0 1 0 0 0 0 0
300	1	0 1 1 1 0 0 0 1 0 0 1 1 0 0 1 0
300	1	0 1 1 1 0 0 0 0 1 0 0 0 0 0 0 0
300	2	1 1 0 1 1 0 0 0 0 0 0 0 0 0 0 0
300	1	0 1 0 1 0 0 1 1 0 0 0 0 0 0 0 0
300	1	1 1 1 0 0 0 0 0 0 1 1 0 0 0 1 0
300	1	1 1 1 1 0 0 0 1 1 0 1 1 1 0 0 0
300	3	1 1 1 1 1 0 1 1 0 1 0 0 0 0 0 0
300	1	1 1 1 1 1 0 1 0 0 0 0 0 0 0 0 0
300	1	1 1 1 1 1 0 1 1 1 0 0 0 0 0 0 0
300	1	0 1 1 1 0 0 0 1 0 0 0 0 0 0 1 0
300	1	0 1 0 1 0 1 1 0 0 0 0 0 1 0 0 0
320	2	1 1 1 0 0 0 0 0 0 1 0 0 0 0 0 0
320	13	1 1 1 1 0 0 0 1 0 0 0 0 0 0 0 0
320	42	1 1 0 1 0 0 1 1 0 0 0 0 0 0 0 0
320	77	1 1 1 1 0 0 0 1 0 1 0 0 0 0 0 0
320	18	1 1 1 0 0 0 0 0 0 1 1 0 0 0 0 0
320	7	1 1 0 1 0 0 0 1 0 0 0 1 0 0 0 0
320	34	1 1 1 1 0 0 0 1 1 0 1 1 0 0 0 0
320	46	1 1 1 1 0 0 1 1 0 1 0 1 0 0 0 0
320	32	1 1 1 1 0 0 0 1 0 0 1 1 0 0 0 0
320	59	1 0 1 1 0 0 0 1 0 1 0 1 0 0 0 0
320	27	1 1 1 1 1 0 1 1 0 0 0 0 0 0 0 0
320	26	1 1 1 1 0 0 0 1 1 1 0 0 0 0 0 0
320	9	1 0 1 1 0 0 0 1 1 0 0 0 0 0 0 0
320	16	1 1 1 1 0 1 0 1 0 1 0 0 0 0 0 0
320	14	1 1 1 1 0 0 0 0 0 1 1 0 0 0 0 0
320	11	1 1 1 1 0 0 0 0 0 1 1 1 0 0 1 0
320	26	1 0 1 1 1 0 0 1 0 1 0 1 0 0 0 0
320	3	1 1 0 1 0 0 1 1 0 0 0 0 0 0 0 1
320	2	1 1 0 0 0 0 0 0 1 0 0 0 0 0 0 0
320	10	1 1 0 1 0 0 0 0 1 0 0 0 0 0 0 0
320	13	0 1 1 1 0 0 0 1 1 0 1 1 0 0 0 0
320	8	1 0 0 1 0 1 0 1 0 0 0 0 0 0 0 0
320	54	1 1 1 1 0 0 1 1 0 0 0 0 0 0 0 0
320	6	1 1 1 1 0 0 0 1 0 1 0 1 0 0 0 0
320	28	1 1 1 1 1 0 0 1 0 0 0 0 0 0 0 0
320	3	1 1 0 1 0 0 0 0 0 0 1 0 1 0 0 0
320	8	1 1 1 1 0 0 0 1 0 1 1 0 0 0 0 0
320	15	1 1 1 1 1 0 0 1 0 0 1 1 0 0 0 0
320	7	1 1 1 1 0 1 0 1 0 1 0 0 1 0 0 0
320	8	1 0 1 1 0 0 0 0 0 1 0 1 0 0 0 0
320	12	1 1 1 1 1 0 0 1 0 1 0 0 0 0 0 0
320	10	0 1 1 1 0 0 0 1 1 1 0 0 0 0 0 0
320	9	1 1 0 0 1 0 0 0 0 0 0 0 1 0 0 0
320	6	1 1 1 0 0 0 0 1 0 1 0 0 0 0 0 0
320	17	1 1 1 1 0 0 0 1 0 1 1 1 0 0 0 0
320	3	1 1 1 1 0 0 0 1 0 1 0 0 1 0 0 0
320	36	1 1 1 1 1 0 1 1 0 0 1 0 0 0 0 0
320	34	1 1 1 1 0 0 0 0 0 0 0 1 0 0 0 0
320	3	1 1 0 1 0 0 1 1 0 0 0 1 0 0 0 0
320	3	1 1 0 1 0 0 0 0 0 0 1 0 1 1 0 0
320	12	1 0 1 1 0 0 0 1 1 0 1 1 0 0 0 0
320	2	1 0 1 1 0 0 0 1 0 1 0 1 0 0 0 1
320	14	1 1 1 1 1 0 0 0 0 1 1 0 0 0 0 0
320	7	1 1 1 1 0 1 0 1 0 1 0 0 0 0 1 0
320	14	1 1 1 1 0 0 0 1 1 0 0 1 0 0 0 0
320	11	1 1 1 1 1 0 0 1 0 0 0 0 0 0 1 0
320	8	0 1 0 1 1 1 0 1 1 0 1 1 0 0 0 0
320	1	1 1 0 0 0 0 0 1 0 1 1 0 0 0 0 0
320	3	1 1 1 1 0 0 0 0 0 1 0 0 0 0 0 0
320	5	0 1 1 1 0 0 0 1 0 0 0 0 0 0 1 0
320	7	1 0 1 1 0 0 0 1 0 0 0 1 0 0 0 0
320	4	1 1 0 1 0 0 0 1 0 1 0 0 0 0 0 0
320	5	1 1 0 1 0 0 0 1 1 0 1 1 0 0 0 0
320	15	1 1 1 0 0 0 1 0 0 1 0 0 0 0 0 0
320	7	1 1 0 1 0 0 1 1 0 0 0 0 0 0 1 0
320	1	1 1 1 1 0 0 0 1 1 1 0 0 1 0 0 0
320	9	1 1 1 1 0 1 0 1 0 1 1 0 0 0 0 0
320	1	1 1 1 1 0 0 1 1 0 1 0 0 0 0 0 0
320	7	1 1 1 1 0 1 1 1 0 0 0 0 0 0 0 0
320	3	1 1 1 1 0 0 0 1 0 1 0 0 0 0 1 0
320	2	1 1 1 1 0 0 0 1 0 0 1 1 1 0 0 0
320	8	1 1 1 1 0 0 0 1 0 1 1 1 0 1 0 0
320	4	1 1 1 1 0 0 0 1 0 0 0 0 1 0 0 0
320	2	1 1 1 1 0 1 0 1 0 1 0 0 1 0 0 1
320	4	1 0 1 1 0 0 0 1 0 0 1 0 0 0 0 0
320	8	1 1 1 1 0 0 0 1 0 0 1 1 0 1 0 0
320	6	1 0 1 1 0 0 0 1 0 1 0 0 0 0 0 0
320	1	1 1 1 1 1 0 1 1 1 0 0 0 0 0 0 0
320	3	0 1 1 1 0 0 1 1 0 0 0 0 0 0 0 0
320	5	1 1 1 1 0 0 1 1 0 0 0 0 1 0 0 0
320	3	1 1 1 1 1 0 1 1 0 1 0 1 0 0 0 0
320	1	1 1 1 1 0 0 0 1 0 0 0 1 0 0 0 0
320	2	1 1 1 1 0 0 0 0 0 1 1 1 0 0 1 1
320	2	1 1 1 1 1 0 1 1 0 0 1 0 1 0 0 0
320	4	1 1 1 1 0 0 0 1 0 0 0 1 1 0 0 0
320	1	1 1 1 1 0 0 1 1 0 0 0 0 0 0 1 0
320	1	1 1 1 1 0 0 0 1 0 1 0 1 0 0 0 1
320	5	1 0 1 1 0 0 0 0 0 1 1 0 0 0 0 0
320	1	1 1 1 1 0 0 0 0 0 1 1 1 0 0 0 0
320	3	1 1 1 1 0 0 1 0 0 0 0 0 0 0 0 0
320	6	1 1 1 0 1 0 0 1 0 1 0 0 0 0 0 0
320	3	1 1 0 1 0 1 1 1 0 0 0 1 0 0 0 0
320	4	1 1 1 1 0 0 0 1 1 0 0 0 0 0 0 0
320	4	1 1 0 1 0 0 0 0 1 0 0 0 0 0 1 0
320	1	1 1 0 1 0 0 1 1 0 0 0 0 1 0 0 0
320	1	1 1 0 0 0 0 0 0 0 1 1 0 0 0 0 0
320	3	0 1 1 1 0 0 0 0 0 1 1 0 0 0 0 0
320	2	1 1 1 1 1 0 0 0 0 0 0 0 0 0 0 0
320	2	1 1 1 1 1 0 1 1 1 1 0 0 0 0 0 0
320	4	1 1 1 1 1 0 0 1 0 0 0 0 1 0 0 0
320	4	1 1 1 1 0 0 0 0 0 0 0 0 0 0 0 0
320	1	1 0 1 1 0 0 0 0 0 1 1 1 0 0 0 0
320	1	1 1 0 1 0 1 1 1 0 0 0 0 0 0 0 0
320	1	0 1 1 1 0 0 0 1 0 1 0 0 0 0 0 0
320	1	1 1 0 0 0 0 0 1 0 0 0 1 0 0 0 0
320	3	1 1 1 1 0 0 0 1 1 1 1 0 0 0 0 0
340	31	1 1 1 1 0 0 0 1 0 0 0 0 0 0 0 0
340	13	1 1 0 1 0 0 1 1 0 0 0 0 0 0 0 0
340	34	1 1 1 1 0 0 0 1 0 1 0 0 0 0 0 0
340	29	1 1 1 0 0 0 0 0 0 1 1 0 0 0 0 0
340	51	1 1 1 1 0 0 0 1 1 0 1 1 0 0 0 0
340	7	1 1 1 1 0 0 1 1 0 1 0 1 0 0 0 0
340	13	1 1 1 1 0 0 0 1 0 0 1 1 0 0 0 0
340	32	1 0 1 1 0 0 0 1 0 1 0 1 0 0 0 0
340	30	1 1 1 1 1 0 1 1 0 0 0 0 0 0 0 0
340	5	1 1 1 1 0 0 0 1 1 1 0 0 0 0 0 0
340	2	1 0 1 1 0 0 0 1 1 0 0 0 0 0 0 0
340	17	1 1 1 1 0 1 0 1 0 1 0 0 0 0 0 0
340	36	1 1 1 1 0 0 0 0 0 1 1 0 0 0 0 0
340	34	1 0 1 1 1 0 0 1 0 1 0 1 0 0 0 0
340	2	0 1 1 1 0 0 0 1 1 0 1 1 0 0 0 0
340	21	1 1 1 1 0 0 1 1 0 0 0 0 0 0 0 0
340	49	1 1 1 1 1 0 0 1 0 0 0 0 0 0 0 0
340	18	1 1 1 1 0 0 0 1 0 1 1 0 0 0 0 0
340	35	1 1 1 1 1 0 0 1 0 0 1 1 0 0 0 0
340	9	1 1 1 1 1 0 0 1 0 1 0 0 0 0 0 0
340	4	1 1 0 0 1 0 0 0 0 0 0 0 1 0 0 0
340	21	1 1 1 1 0 0 0 1 0 1 1 1 0 0 0 0
340	29	1 1 1 1 1 0 1 1 0 0 1 0 0 0 0 0
340	4	1 1 1 1 0 0 0 0 0 0 0 1 0 0 0 0
340	2	1 0 1 1 0 0 0 1 1 0 1 1 0 0 0 0
340	2	1 0 1 1 0 0 0 1 0 1 0 1 0 0 0 1
340	7	1 1 1 1 1 0 0 0 0 1 1 0 0 0 0 0
340	1	0 1 0 1 1 1 0 1 1 0 1 1 0 0 0 0
340	4	1 1 0 1 0 0 0 1 0 1 0 0 0 0 0 0
340	30	1 1 1 0 0 0 1 0 0 1 0 0 0 0 0 0
340	19	1 1 1 1 0 1 0 1 0 1 1 0 0 0 0 0
340	6	1 1 1 1 0 0 0 1 0 1 0 0 0 0 1 0
340	4	1 1 1 1 0 0 0 1 0 0 1 1 1 0 0 0
340	22	1 0 1 1 0 0 0 1 0 1 0 0 0 0 0 0
340	7	1 1 1 1 0 0 1 1 0 0 0 0 1 0 0 0
340	7	1 1 1 1 0 0 1 0 0 0 0 0 0 0 0 0
340	6	1 1 0 1 0 1 1 1 0 0 0 1 0 0 0 0
340	14	1 1 0 1 0 0 0 1 0 1 1 0 0 0 0 0
340	7	1 1 0 1 1 0 0 1 0 0 1 1 0 0 0 0
340	3	1 1 1 1 1 1 0 1 0 0 0 0 0 0 1 0
340	2	1 1 0 1 0 0 0 1 0 0 1 1 0 0 0 0
340	19	1 1 1 1 0 0 0 1 0 0 1 1 0 0 0 1
340	9	1 0 1 1 0 0 0 1 0 0 0 0 0 0 0 0
340	8	1 1 1 1 1 0 1 1 0 0 1 0 1 0 0 0
340	9	0 1 1 1 0 0 0 1 0 0 0 1 1 0 0 0
340	3	1 0 1 1 0 1 0 0 0 1 0 1 0 0 0 0
340	2	1 1 1 1 0 0 1 0 0 0 0 1 0 0 0 0
340	1	1 1 0 1 0 0 1 1 1 0 0 0 0 0 1 0
340	7	0 0 1 1 0 0 0 1 0 1 0 0 0 0 0 0
340	4	1 1 1 1 1 0 0 1 0 1 1 0 0 0 0 0
340	16	1 1 1 1 0 0 0 0 0 1 0 1 0 0 0 0
340	2	1 0 1 1 0 0 0 1 0 1 0 1 0 1 0 0
340	1	0 1 1 1 0 1 1 1 0 1 0 0 1 0 0 0
340	30	1 1 0 1 0 0 1 1 0 0 0 0 1 0 0 0
340	2	1 1 1 1 0 0 1 1 0 1 1 0 0 0 0 0
340	8	1 1 1 1 0 1 0 1 0 1 1 0 0 0 1 0
340	6	1 0 1 1 0 0 1 1 0 0 0 0 0 0 0 0
340	3	1 1 1 1 1 0 1 1 0 0 0 1 0 0 0 0
340	1	1 1 1 1 1 0 1 1 1 0 0 0 0 0 0 0
340	2	1 1 1 0 0 0 0 0 0 1 1 1 0 0 0 0
340	8	1 1 1 0 0 0 0 0 0 0 0 1 0 0 0 0
340	1	1 1 1 1 0 1 0 0 0 1 1 0 0 0 1 0
340	17	1 1 1 1 1 0 1 1 0 1 1 0 0 0 0 0
340	9	1 1 1 1 0 0 0 1 1 1 1 1 0 0 0 0
340	17	1 1 1 1 0 0 0 1 1 0 1 0 0 0 0 0
340	5	1 1 0 1 0 0 0 0 0 1 1 0 0 0 0 0
340	5	0 1 1 1 0 0 1 0 0 0 0 0 0 0 0 0
340	3	1 1 1 0 1 0 0 0 0 0 0 0 1 0 0 0
340	3	0 1 1 1 0 0 1 1 0 1 0 1 0 0 0 0
340	2	0 1 1 1 0 0 0 1 1 0 1 1 1 0 0 0
340	3	1 1 1 1 1 0 1 1 1 0 1 0 0 0 0 0
340	4	1 1 0 1 1 0 0 1 0 0 1 1 0 0 0 1
340	3	1 0 1 1 1 0 0 1 0 0 0 1 0 0 0 1
340	1	0 1 1 1 0 0 0 0 0 1 1 0 0 0 0 0
340	5	1 0 1 1 0 1 0 1 1 0 1 1 0 0 0 0
340	2	1 1 1 1 0 0 1 0 0 0 0 0 0 0 1 0
340	1	0 1 0 1 0 0 1 1 0 1 0 1 0 0 0 0
340	5	1 1 1 1 0 0 0 1 0 1 0 1 0 0 0 0
340	1	1 1 1 1 0 1 0 1 0 1 0 0 1 0 0 0
340	1	1 1 1 0 0 0 0 0 0 0 1 0 0 0 0 0
340	11	1 0 1 0 1 0 0 1 0 1 0 1 0 0 0 0
340	3	1 0 1 0 0 0 1 0 0 1 0 0 0 0 0 0
340	1	1 1 1 1 0 0 1 1 1 0 1 0 0 0 0 0
340	7	1 1 0 1 0 1 1 1 0 0 0 0 0 0 0 0
340	4	1 1 0 1 0 0 0 1 1 0 1 1 0 0 0 0
340	1	1 1 1 1 0 0 0 1 1 1 1 0 0 0 0 0
340	11	1 1 1 1 0 0 0 0 0 0 1 0 0 0 0 0
340	3	1 0 1 1 0 0 0 1 1 0 1 0 0 0 0 0
340	1	1 1 1 1 0 1 0 1 0 1 1 0 0 0 0 1
340	5	1 1 1 1 0 1 0 1 1 1 1 1 0 0 0 0
340	1	1 1 1 1 0 0 0 1 1 0 0 1 0 0 0 0
340	2	1 1 0 1 1 0 1 1 0 0 1 0 0 0 0 0
340	3	0 1 1 0 0 0 1 0 0 1 0 0 0 0 0 0
340	5	1 0 1 1 0 0 0 0 0 0 1 1 0 0 0 0
340	1	1 1 1 1 1 0 0 1 1 1 1 1 0 0 0 0
340	2	1 1 1 1 0 1 0 0 0 1 1 0 0 0 0 1
340	1	1 1 1 1 0 0 1 1 0 0 0 0 0 0 1 0
340	2	1 1 1 1 1 0 0 0 0 0 0 0 1 0 0 0
340	3	0 1 1 1 0 0 1 1 0 0 0 0 0 0 0 0
340	1	1 1 0 1 0 0 1 1 0 0 0 0 0 1 0 0
340	1	1 1 1 1 0 0 0 0 1 0 1 1 0 0 0 0
340	9	1 1 1 1 0 1 0 0 0 1 0 0 0 0 0 0
340	1	1 1 1 1 1 0 0 1 1 0 0 0 0 0 0 0
340	1	1 1 0 1 1 0 1 1 0 0 1 1 0 0 0 0
340	2	1 1 0 1 1 0 1 1 0 0 0 0 1 0 0 0
340	2	1 0 1 1 1 0 1 1 1 0 1 0 0 0 0 0
340	1	1 0 1 1 1 0 0 1 1 0 1 0 0 0 0 0
340	2	1 1 1 1 0 0 0 0 0 1 0 0 0 0 0 0
340	1	1 1 1 1 0 0 0 1 1 0 1 0 1 0 0 0
340	1	1 0 1 0 1 0 0 1 0 0 0 0 0 0 0 0
340	1	1 0 1 1 0 0 0 0 0 0 0 0 0 0 0 0
340	3	1 1 1 1 0 0 0 1 0 0 0 1 0 0 0 0
340	2	1 1 1 1 1 1 0 1 0 1 0 0 0 0 0 0
340	2	1 1 1 1 0 1 0 0 0 1 1 0 0 0 0 0
340	1	1 0 1 1 0 0 0 0 0 1 1 0 0 0 0 0
340	2	1 1 0 1 0 0 0 1 1 1 0 0 0 0 0 0
340	1	1 1 1 1 0 0 0 1 1 0 1 1 0 0 0 1
340	1	1 1 1 1 0 0 1 1 1 1 1 1 0 0 0 0
360	104	1 1 1 1 0 0 0 1 0 0 0 0 0 0 0 0
360	4	1 1 1 1 0 0 0 1 0 1 0 0 0 0 0 0
360	14	1 1 1 0 0 0 0 0 0 1 1 0 0 0 0 0
360	68	1 1 1 1 0 0 0 1 1 0 1 1 0 0 0 0
360	2	1 0 1 1 0 0 0 1 0 1 0 1 0 0 0 0
360	6	1 1 1 1 1 0 1 1 0 0 0 0 0 0 0 0
360	24	1 0 1 1 0 0 0 1 1 0 0 0 0 0 0 0
360	39	1 1 1 1 0 1 0 1 0 1 0 0 0 0 0 0
360	64	1 1 1 1 0 0 0 0 0 1 1 0 0 0 0 0
360	38	1 0 1 1 1 0 0 1 0 1 0 1 0 0 0 0
360	3	0 1 1 1 0 0 0 1 1 0 1 1 0 0 0 0
360	17	1 1 1 1 0 0 1 1 0 0 0 0 0 0 0 0
360	40	1 1 1 1 1 0 0 1 0 0 0 0 0 0 0 0
360	13	1 1 1 1 0 0 0 1 0 1 1 0 0 0 0 0
360	22	1 1 1 1 1 0 0 1 0 0 1 1 0 0 0 0
360	33	1 1 1 1 1 0 0 1 0 1 0 0 0 0 0 0
360	41	1 1 1 1 0 0 0 1 0 1 1 1 0 0 0 0
360	11	1 1 1 1 1 0 1 1 0 0 1 0 0 0 0 0
360	2	1 1 1 0 0 0 1 0 0 1 0 0 0 0 0 0
360	14	1 1 1 1 0 1 0 1 0 1 1 0 0 0 0 0
360	14	1 1 1 1 0 0 0 1 0 1 0 0 0 0 1 0
360	9	1 1 0 1 0 1 1 1 0 0 0 1 0 0 0 0
360	39	1 1 0 1 0 0 0 1 0 1 1 0 0 0 0 0
360	15	1 1 1 1 0 0 0 1 0 0 1 1 0 0 0 1
360	3	0 1 1 1 0 0 0 1 0 0 0 1 1 0 0 0
360	10	0 0 1 1 0 0 0 1 0 1 0 0 0 0 0 0
360	5	1 1 1 1 1 0 1 1 0 1 1 0 0 0 0 0
360	28	1 1 1 1 0 0 0 1 1 1 1 1 0 0 0 0
360	10	1 1 1 1 0 0 0 1 1 0 1 0 0 0 0 0
360	3	1 1 0 1 0 0 0 0 0 1 1 0 0 0 0 0
360	10	0 1 1 1 0 0 1 0 0 0 0 0 0 0 0 0
360	2	1 1 1 1 0 0 0 1 0 1 0 1 0 0 0 0
360	19	1 1 0 1 0 1 1 1 0 0 0 0 0 0 0 0
360	12	1 1 0 1 0 0 0 1 1 0 1 1 0 0 0 0
360	4	1 1 1 1 0 0 0 1 1 0 0 1 0 0 0 0
360	5	1 0 1 1 0 0 0 0 0 0 1 1 0 0 0 0
360	6	1 0 1 1 1 0 1 1 1 0 1 0 0 0 0 0
360	11	1 1 1 1 0 0 0 0 0 0 0 0 0 0 0 0
360	32	1 1 1 1 1 0 1 1 0 1 0 0 0 0 0 0
360	4	1 0 1 1 0 0 0 1 0 0 0 1 0 0 0 0
360	6	1 1 0 1 1 0 0 1 0 0 1 0 0 0 0 0
360	18	1 1 1 1 0 0 0 1 0 0 1 1 0 0 0 0
360	4	1 0 1 1 1 0 0 1 0 1 0 0 0 0 0 0
360	15	1 1 0 1 1 0 1 1 0 0 1 0 0 0 0 0
360	1	1 0 0 1 0 1 1 1 0 0 0 0 0 0 0 0
360	1	1 1 1 1 0 0 0 1 0 0 0 0 1 0 0 0
360	1	1 1 1 0 0 0 1 1 0 0 0 0 0 0 0 0
360	10	1 0 1 1 0 1 0 1 1 1 1 1 0 0 0 0
360	2	1 1 1 0 0 0 1 0 0 0 1 0 0 0 0 0
360	11	1 0 1 1 1 0 0 1 0 0 1 1 0 0 0 0
360	9	1 1 0 1 1 0 0 1 1 0 1 1 0 0 0 0
360	11	1 1 1 1 0 0 1 1 0 1 1 0 0 0 0 0
360	1	1 1 1 1 1 0 1 1 0 1 0 1 0 0 0 0
360	5	1 1 1 1 1 0 1 1 0 0 1 1 0 0 0 0
360	2	1 0 0 1 1 0 1 1 0 1 0 0 0 0 0 0
360	6	1 1 1 1 0 0 1 1 1 0 1 1 0 0 0 0
360	3	1 1 1 1 0 1 1 1 0 1 0 0 0 0 0 0
360	1	1 1 1 1 0 0 0 1 0 0 1 0 0 0 0 1
360	2	1 0 1 1 0 0 0 1 0 0 0 0 0 1 0 0
360	13	1 1 1 1 1 0 0 1 0 0 1 0 0 0 0 0
360	3	1 1 1 1 1 1 0 1 0 0 0 0 0 0 0 0
360	5	1 1 1 1 1 0 1 1 0 0 1 0 0 0 1 0
360	6	1 0 1 1 1 1 0 1 0 1 0 1 0 0 0 0
360	1	1 1 1 1 1 0 0 1 0 0 1 1 0 0 0 1
360	1	1 0 1 1 0 0 0 1 1 0 1 1 0 0 0 0
360	1	1 1 1 1 1 0 1 1 1 0 1 0 0 0 0 0
360	7	1 1 1 0 0 0 0 1 1 0 1 1 0 0 0 0
360	5	1 0 0 1 0 1 0 1 1 1 1 1 0 0 0 0
360	2	1 1 0 0 0 0 0 0 0 1 0 0 0 0 0 0
360	1	1 1 1 1 1 0 0 1 1 0 0 1 0 0 0 0
360	4	0 1 1 1 0 0 0 1 0 1 0 0 0 0 0 0
360	1	1 1 1 1 0 0 0 1 1 1 1 1 0 1 0 0
360	2	1 1 1 1 0 0 0 1 1 0 0 0 0 0 0 0
360	2	1 0 1 1 1 0 0 1 0 1 0 1 0 1 0 0
360	2	1 1 1 1 0 0 0 1 0 1 1 1 0 1 0 0
360	1	1 1 1 1 0 0 0 1 1 0 1 0 0 1 0 0
360	2	1 1 0 1 0 0 1 1 1 0 1 1 0 0 0 0
360	2	1 1 0 1 0 0 0 0 1 0 1 1 0 0 0 0
360	2	1 1 1 1 0 0 1 1 0 0 1 1 0 0 0 0
360	3	1 1 1 1 0 0 0 1 0 0 0 0 0 0 1 0
360	2	1 1 1 0 1 0 0 1 0 1 0 1 0 0 0 0
360	1	1 1 1 1 1 0 1 0 0 0 0 0 0 0 0 0
360	1	1 0 1 1 0 0 0 1 1 1 1 1 0 0 0 0
360	2	1 1 1 1 0 0 0 1 1 0 1 1 0 0 0 1
360	3	1 1 1 1 1 0 1 1 1 1 1 1 0 0 0 0
360	3	1 0 1 1 1 0 0 1 0 1 1 0 0 0 0 0
360	1	1 0 1 1 1 0 0 1 0 0 0 0 0 0 0 0
360	2	1 1 1 1 1 0 0 0 0 1 1 0 0 0 0 0
360	1	1 1 0 1 0 1 0 1 0 1 0 0 0 0 0 0
360	1	1 0 1 1 0 0 1 1 0 1 0 0 0 0 0 0
360	1	1 0 1 1 1 0 1 0 0 0 0 0 0 0 0 0
360	2	1 0 1 1 0 0 0 1 0 0 0 0 0 0 0 0
360	1	1 0 1 1 1 0 0 1 0 1 0 1 1 0 0 0
360	1	0 1 1 1 0 0 0 1 1 0 1 1 0 0 0 1
360	2	1 1 0 1 0 0 0 1 0 0 1 0 0 0 0 0
360	1	1 0 1 1 1 0 0 1 0 1 0 1 0 1 0 1
380	108	1 1 1 1 0 0 0 1 0 0 0 0 0 0 0 0
380	29	1 1 1 1 0 0 0 1 1 0 1 1 0 0 0 0
380	12	1 1 1 1 1 0 1 1 0 0 0 0 0 0 0 0
380	1	1 0 1 1 0 0 0 1 1 0 0 0 0 0 0 0
380	6	1 1 1 1 0 1 0 1 0 1 0 0 0 0 0 0
380	26	1 1 1 1 0 0 0 0 0 1 1 0 0 0 0 0
380	7	1 0 1 1 1 0 0 1 0 1 0 1 0 0 0 0
380	21	0 1 1 1 0 0 0 1 1 0 1 1 0 0 0 0
380	8	1 1 1 1 0 0 1 1 0 0 0 0 0 0 0 0
380	34	1 1 1 1 1 0 0 1 0 0 0 0 0 0 0 0
380	23	1 1 1 1 0 0 0 1 0 1 1 0 0 0 0 0
380	32	1 1 1 1 1 0 0 1 0 0 1 1 0 0 0 0
380	24	1 1 1 1 1 0 0 1 0 1 0 0 0 0 0 0
380	67	1 1 1 1 0 0 0 1 0 1 1 1 0 0 0 0
380	8	1 1 1 1 0 1 0 1 0 1 1 0 0 0 0 0
380	3	1 1 0 1 0 0 0 1 0 1 1 0 0 0 0 0
380	29	1 1 1 1 0 0 0 1 0 0 1 1 0 0 0 1
380	7	1 1 1 1 1 0 1 1 0 1 1 0 0 0 0 0
380	16	1 1 1 1 0 0 0 1 1 1 1 1 0 0 0 0
380	24	1 1 0 1 0 1 1 1 0 0 0 0 0 0 0 0
380	37	1 1 0 1 0 0 0 1 1 0 1 1 0 0 0 0
380	7	1 0 1 1 0 0 0 0 0 0 1 1 0 0 0 0
380	9	1 1 1 1 1 0 1 1 0 1 0 0 0 0 0 0
380	28	1 0 1 1 0 0 0 1 0 0 0 1 0 0 0 0
380	15	1 1 1 1 0 0 0 1 0 0 1 1 0 0 0 0
380	5	1 1 0 1 1 0 1 1 0 0 1 0 0 0 0 0
380	9	1 0 0 1 0 1 1 1 0 0 0 0 0 0 0 0
380	8	1 0 1 1 1 0 0 1 0 0 1 1 0 0 0 0
380	7	1 1 0 1 1 0 0 1 1 0 1 1 0 0 0 0
380	15	1 1 1 1 1 0 1 1 0 0 1 1 0 0 0 0
380	50	1 1 1 1 1 0 0 1 0 0 1 0 0 0 0 0
380	11	1 1 1 1 1 1 0 1 0 0 0 0 0 0 0 0
380	12	1 1 1 1 1 0 1 1 0 0 1 0 0 0 1 0
380	26	1 0 1 1 1 1 0 1 0 1 0 1 0 0 0 0
380	9	1 1 1 1 1 0 0 1 1 0 0 1 0 0 0 0
380	6	1 1 0 1 0 0 1 1 1 0 1 1 0 0 0 0
380	1	1 1 1 1 0 0 0 1 1 0 1 1 0 0 0 1
380	13	1 0 1 1 1 0 0 1 0 1 1 0 0 0 0 0
380	9	1 1 1 1 0 0 0 0 1 0 1 1 0 0 0 0
380	9	1 1 1 1 0 0 0 0 0 1 0 1 0 0 0 0
380	6	1 1 1 1 0 0 1 1 0 1 0 0 0 0 0 0
380	1	1 1 1 1 1 0 0 1 0 1 0 1 0 0 0 0
380	9	1 1 0 1 1 0 0 1 1 0 0 0 0 0 0 0
380	5	0 1 1 1 0 0 0 1 1 0 0 1 0 0 0 0
380	1	1 1 1 1 0 0 1 1 1 0 0 1 0 0 0 0
380	3	1 1 1 0 1 0 0 1 0 1 0 0 0 0 0 0
380	2	1 1 0 1 1 0 0 1 1 0 1 1 0 0 1 0
380	6	1 1 1 1 0 0 1 1 0 0 1 0 0 0 0 0
380	14	1 1 1 0 0 0 0 0 0 1 1 0 0 0 0 0
380	4	1 1 1 0 0 0 1 1 1 0 1 1 0 0 0 0
380	11	1 1 0 1 0 1 1 1 0 0 1 1 0 0 0 0
380	5	1 1 0 0 1 0 0 1 0 0 1 0 0 0 0 0
380	1	1 1 1 1 0 0 0 0 0 1 0 0 0 0 0 0
380	13	1 1 1 1 0 0 1 1 1 0 0 0 0 0 0 0
380	6	1 1 1 0 0 0 0 1 0 0 0 0 0 0 0 0
380	7	1 1 1 1 0 0 0 0 0 1 1 0 0 1 0 0
380	2	1 0 1 1 1 1 0 1 0 1 1 0 0 0 0 0
380	7	1 1 0 1 0 0 0 1 1 1 1 0 0 0 1 0
380	5	1 1 1 1 0 0 1 1 0 0 0 1 0 0 0 0
380	7	1 1 1 0 1 0 0 1 1 0 1 1 0 0 0 0
380	5	1 0 1 1 0 0 0 1 0 0 0 0 0 0 0 0
380	4	1 1 1 1 0 0 1 1 1 0 1 1 0 0 0 0
380	4	1 1 1 1 0 0 0 1 1 1 1 1 0 0 1 0
380	8	1 1 1 1 0 0 0 1 0 0 0 0 0 0 0 1
380	17	1 1 1 1 0 0 0 1 0 1 1 0 1 0 0 0
380	3	1 1 1 1 0 0 0 1 1 1 1 1 0 1 0 0
380	4	1 1 1 1 0 0 1 1 0 1 1 0 0 0 0 0
380	3	1 0 1 1 0 0 0 1 0 1 1 1 0 0 0 0
380	1	1 1 1 1 1 0 0 1 0 0 1 0 0 1 0 0
380	2	1 1 1 1 0 0 0 1 1 0 0 0 0 0 0 1
380	2	1 1 1 1 0 0 0 1 0 0 0 1 0 0 0 0
380	3	1 0 1 1 0 0 0 1 0 1 1 0 0 0 0 0
380	5	1 1 0 1 0 1 0 1 0 0 0 0 0 0 0 0
380	1	1 1 1 0 0 0 1 1 0 1 0 0 0 0 0 0
380	1	1 1 0 0 1 0 0 1 1 0 0 0 0 0 0 0
380	11	1 1 1 1 1 0 0 1 1 0 0 0 0 0 0 0
380	3	0 1 1 1 0 0 0 1 0 0 0 0 0 0 0 0
380	1	1 0 1 1 1 0 0 1 0 0 1 1 0 0 0 1
380	1	1 0 1 1 1 1 0 1 0 1 0 0 0 0 0 0
380	2	1 1 1 0 0 0 0 1 0 0 1 1 0 0 0 0
380	1	1 0 1 1 0 0 0 0 0 1 1 0 0 0 0 0
380	2	0 1 1 1 0 0 0 1 1 1 1 1 0 0 0 0
380	1	1 0 0 1 1 0 0 1 0 1 1 0 0 0 0 0
380	2	1 1 0 0 1 0 0 1 1 0 1 0 0 0 0 0
380	3	1 1 1 1 0 0 0 1 1 1 0 1 0 0 0 0
380	4	1 1 1 1 0 0 0 1 0 0 0 0 0 0 1 0
380	1	0 1 0 1 0 0 0 1 1 0 1 1 0 0 0 0
380	1	1 1 0 1 0 1 1 1 0 0 0 0 0 0 0 1
380	2	1 1 0 1 0 1 1 1 0 0 1 0 0 0 0 0
380	1	1 0 1 1 0 0 1 1 1 0 0 0 0 0 0 0
380	2	1 1 0 1 0 0 0 1 1 0 0 1 0 0 0 0
380	2	1 0 1 1 1 0 0 1 0 1 0 0 0 0 0 0
380	2	1 1 0 1 0 0 0 1 1 1 1 0 0 0 0 0
380	1	1 1 0 1 1 0 0 1 0 0 0 0 0 0 0 0
380	1	1 1 0 1 0 0 0 1 0 1 1 1 0 0 0 0
380	2	1 1 1 1 0 0 1 1 0 0 1 0 0 0 1 0
380	2	1 1 0 1 1 0 0 1 1 0 1 0 0 0 0 0
380	1	1 1 1 0 0 0 0 1 0 0 0 0 1 0 0 0
380	2	1 0 1 1 1 1 0 1 1 1 0 1 0 0 0 1
400	81	1 1 1 1 0 0 0 1 0 0 0 0 0 0 0 0
400	36	1 1 1 1 0 0 0 1 1 0 1 1 0 0 0 0
400	5	1 1 1 1 1 0 1 1 0 0 0 0 0 0 0 0
400	6	1 1 1 1 0 1 0 1 0 1 0 0 0 0 0 0
400	4	1 1 1 1 0 0 0 0 0 1 1 0 0 0 0 0
400	35	0 1 1 1 0 0 0 1 1 0 1 1 0 0 0 0
400	10	1 1 1 1 1 0 0 1 0 0 0 0 0 0 0 0
400	77	1 1 1 1 0 0 0 1 0 1 1 0 0 0 0 0
400	78	1 1 1 1 1 0 0 1 0 0 1 1 0 0 0 0
400	77	1 1 1 1 0 0 0 1 0 1 1 1 0 0 0 0
400	23	1 1 1 1 0 1 0 1 0 1 1 0 0 0 0 0
400	6	1 1 1 1 0 0 0 1 0 0 1 1 0 0 0 1
400	9	1 1 1 1 1 0 1 1 0 1 1 0 0 0 0 0
400	14	1 1 1 1 0 0 0 1 1 1 1 1 0 0 0 0
400	11	1 1 0 1 0 1 1 1 0 0 0 0 0 0 0 0
400	24	1 1 0 1 0 0 0 1 1 0 1 1 0 0 0 0
400	12	1 0 1 1 0 0 0 1 0 0 0 1 0 0 0 0
400	4	1 1 1 1 0 0 0 1 0 0 1 1 0 0 0 0
400	7	1 0 0 1 0 1 1 1 0 0 0 0 0 0 0 0
400	8	1 1 0 1 1 0 0 1 1 0 1 1 0 0 0 0
400	17	1 1 1 1 1 0 1 1 0 0 1 1 0 0 0 0
400	23	1 1 1 1 1 0 0 1 0 0 1 0 0 0 0 0
400	7	1 1 1 1 1 1 0 1 0 0 0 0 0 0 0 0
400	9	1 1 1 1 0 0 0 1 1 0 1 1 0 0 0 1
400	1	1 1 1 1 0 0 0 0 1 0 1 1 0 0 0 0
400	34	1 1 1 1 1 0 0 1 0 1 0 1 0 0 0 0
400	12	0 1 1 1 0 0 0 1 1 0 0 1 0 0 0 0
400	4	1 1 0 1 0 1 1 1 0 0 1 1 0 0 0 0
400	12	1 1 0 0 1 0 0 1 0 0 1 0 0 0 0 0
400	11	1 1 1 1 0 0 1 1 1 0 0 0 0 0 0 0
400	1	1 1 1 0 0 0 0 1 0 0 0 0 0 0 0 0
400	3	1 1 0 1 0 0 0 1 1 1 1 0 0 0 1 0
400	11	1 1 1 1 0 0 1 1 0 0 0 1 0 0 0 0
400	3	1 1 1 1 0 0 0 1 0 1 1 0 1 0 0 0
400	7	1 0 1 1 0 0 0 1 0 1 1 1 0 0 0 0
400	4	1 1 1 1 0 0 0 1 1 1 0 1 0 0 0 0
400	12	1 0 1 1 0 0 1 1 1 0 0 0 0 0 0 0
400	6	1 1 0 1 0 0 0 1 1 1 1 0 0 0 0 0
400	24	1 1 1 1 0 0 0 1 0 0 1 0 0 0 0 0
400	43	1 1 1 1 1 0 0 1 0 1 0 0 0 0 0 1
400	21	1 1 1 1 1 0 0 1 0 0 0 0 0 0 1 0
400	16	1 1 1 1 0 0 0 0 0 0 0 0 0 0 0 0
400	4	1 1 0 1 1 0 0 1 0 1 0 0 0 0 0 0
400	6	1 1 0 1 0 0 0 1 0 1 1 1 0 0 0 0
400	5	1 1 1 1 0 0 1 1 0 0 0 1 0 0 1 0
400	2	1 1 1 1 1 0 1 1 0 1 1 0 0 1 0 0
400	8	1 1 1 1 0 1 0 1 0 0 0 0 0 0 0 0
400	3	0 0 1 1 0 0 0 1 1 0 1 1 0 0 0 0
400	2	1 1 0 1 0 0 0 1 1 1 1 1 0 0 0 0
400	15	1 1 0 1 1 1 0 1 0 0 0 0 0 0 0 0
400	23	1 1 1 1 0 0 0 1 1 0 0 0 0 0 0 0
400	4	1 0 1 1 0 0 0 1 1 0 1 1 0 0 0 0
400	1	1 1 1 1 0 0 0 1 0 1 1 0 0 0 1 0
400	5	1 1 0 1 0 1 0 1 0 0 1 1 0 0 0 0
400	1	1 1 0 0 1 0 0 1 0 0 1 0 0 1 0 0
400	3	1 1 1 1 0 0 0 0 1 0 1 1 0 1 0 0
400	6	1 1 1 1 1 0 1 1 0 0 0 1 0 0 0 0
400	1	1 1 1 0 0 0 0 1 0 1 1 1 0 0 0 0
400	1	1 1 0 1 0 0 0 1 0 1 0 1 0 0 0 0
400	1	1 1 1 1 1 0 0 1 0 1 0 0 0 0 0 0
400	2	1 1 1 1 0 0 0 1 1 1 1 0 0 0 0 0
400	4	0 0 1 1 0 0 0 0 1 0 1 1 0 0 0 0
400	2	0 1 1 1 0 0 0 0 1 0 1 1 0 0 0 0
400	4	1 1 0 1 0 0 0 1 1 1 1 0 1 0 1 0
400	11	1 1 1 1 1 0 0 1 0 1 1 0 0 0 0 1
400	4	1 1 1 1 1 1 0 1 0 0 1 0 0 0 1 0
400	3	1 1 1 1 0 0 0 1 0 1 1 0 0 1 1 0
400	4	1 1 1 1 1 0 0 1 0 0 1 1 0 0 0 1
400	2	1 1 1 1 0 0 0 1 1 0 1 1 1 0 0 0
400	2	1 1 1 1 0 0 0 1 0 0 0 0 0 0 1 0
400	2	0 0 1 1 0 0 0 1 0 1 1 0 0 0 0 0
400	1	1 1 1 1 0 0 0 1 0 1 0 0 0 0 0 0
400	3	1 1 1 1 0 1 1 1 0 1 1 0 0 0 0 0
400	2	1 1 1 1 1 0 0 1 0 0 0 1 0 0 0 0
400	7	1 1 1 1 0 0 0 1 0 0 0 1 0 0 0 0
400	5	1 1 1 1 1 1 0 1 0 0 1 1 0 0 0 0
400	4	1 0 1 1 1 0 0 1 0 1 0 1 0 0 0 0
400	4	1 1 0 0 1 0 0 1 0 0 1 0 0 0 1 0
400	3	1 1 1 1 0 0 1 0 0 0 0 1 0 0 0 0
400	7	1 1 1 1 0 0 0 0 0 1 1 0 0 0 0 1
400	2	0 1 1 1 0 0 0 1 0 1 1 1 0 0 0 0
400	1	1 1 1 1 1 0 0 1 0 1 1 1 0 0 0 0
400	1	1 1 1 1 0 0 0 1 0 0 0 0 1 0 0 0
400	1	1 0 1 1 0 0 0 1 0 0 1 1 0 0 0 0
400	2	1 1 1 1 1 0 0 1 0 1 1 0 0 0 1 0
400	3	1 1 1 1 1 0 0 1 0 0 0 1 0 0 1 0
400	1	1 1 1 1 0 0 0 1 0 0 0 1 0 0 1 0
400	1	1 1 1 1 1 0 0 1 1 0 0 0 1 0 0 0
400	2	1 1 1 1 0 1 0 1 0 1 0 0 1 0 0 0
400	2	1 0 1 1 0 1 0 1 0 1 1 0 0 0 0 0
400	3	1 1 1 1 0 0 0 0 0 0 1 1 0 0 0 1
400	1	1 1 1 1 1 0 1 1 0 1 1 1 0 0 0 0
400	1	1 1 1 1 0 0 0 0 1 0 1 1 0 0 0 1
400	1	1 0 1 1 0 0 0 1 0 1 1 1 1 0 0 0
400	1	1 1 1 1 1 1 0 1 0 1 0 0 0 0 0 1
400	2	1 1 1 1 1 0 0 0 0 0 0 0 0 0 1 0
