0	250	1 1 0 0 0 0 1 0 0 0 0 0 0 0 0 0
0	250	1 0 0 0 0 0 0 0 0 0 1 0 1 1 0 0
0	250	0 0 0 0 0 0 0 0 0 1 1 0 0 0 0 0
0	250	0 1 0 0 1 1 1 0 1 0 0 0 0 1 1 0
20	207	1 1 0 0 0 0 1 0 0 0 0 0 0 0 0 0
20	92	1 0 0 0 0 0 0 0 0 0 1 0 1 1 0 0
20	168	0 0 0 0 0 0 0 0 0 1 1 0 0 0 0 0
20	116	0 1 0 0 1 1 1 0 1 0 0 0 0 1 1 0
20	24	1 1 0 0 0 1 1 0 0 0 0 0 0 0 0 0
20	20	1 1 0 0 0 0 1 0 0 0 0 0 0 0 1 0
20	19	1 1 0 0 0 0 1 0 0 1 1 0 0 0 0 0
20	8	1 0 0 0 0 0 0 0 0 1 1 0 0 0 0 0
20	7	0 0 0 0 0 0 0 0 0 1 1 0 0 0 1 0
20	22	0 1 0 0 0 0 1 0 0 0 0 0 0 0 0 0
20	8	0 1 0 0 0 0 0 0 0 1 1 0 0 0 0 0
20	5	1 1 0 0 1 0 1 0 0 0 0 0 0 0 0 0
20	2	0 0 0 0 0 0 0 0 0 1 1 1 0 0 0 0
20	11	0 1 0 0 1 1 1 0 1 0 1 0 0 1 1 0
20	15	1 1 0 0 0 0 1 0 1 0 0 0 0 1 1 0
20	15	1 1 0 0 0 0 1 0 0 0 0 0 1 0 0 0
20	7	1 1 0 0 1 0 1 0 0 0 0 0 0 0 1 0
20	8	0 1 0 0 0 0 1 0 0 1 1 0 0 0 0 0
20	10	0 1 0 0 1 1 1 0 1 1 0 0 0 1 1 0
20	1	0 1 0 1 1 1 1 0 1 0 0 0 0 1 1 0
20	3	0 1 0 0 1 1 1 0 1 0 0 0 1 1 1 0
20	16	1 1 0 0 0 0 1 0 0 1 0 0 0 1 0 0
20	1	1 1 0 0 0 1 1 0 0 0 0 1 0 0 0 0
20	4	0 0 0 0 0 0 1 0 0 0 0 0 0 0 0 0
20	3	0 0 0 0 0 0 0 0 0 0 0 0 0 0 0 0
20	12	0 1 0 0 1 1 1 0 1 0 1 0 1 1 0 0
20	13	0 1 0 0 1 1 1 0 1 0 0 1 0 1 1 0
20	12	0 1 0 0 1 1 1 1 1 0 0 0 0 1 1 0
20	7	1 1 0 0 0 1 1 0 0 0 0 0 1 0 0 0
20	10	1 1 0 0 0 0 1 0 0 0 1 0 0 0 0 0
20	1	0 1 0 0 1 1 1 1 1 0 1 0 0 1 1 0
20	4	0 1 0 0 1 1 1 0 1 1 1 0 0 0 1 0
20	3	1 0 0 0 0 0 0 0 0 0 1 0 1 0 0 0
20	20	0 0 0 0 0 0 0 0 0 1 1 0 0 1 0 0
20	3	0 0 0 0 0 0 0 0 0 1 1 0 1 1 0 0
20	1	1 1 0 0 0 0 0 0 0 0 0 0 0 0 0 0
20	5	0 0 0 0 0 0 0 0 0 1 1 0 0 0 0 1
20	1	1 0 0 1 0 0 1 0 0 0 0 0 0 0 0 0
20	8	1 1 0 0 0 0 0 0 0 0 1 0 1 1 0 0
20	3	1 0 0 0 0 0 0 0 0 0 0 0 1 1 0 0
20	3	1 0 0 0 0 0 0 0 0 1 1 0 0 0 0 1
20	2	1 0 0 0 0 0 0 0 0 0 1 0 0 0 0 0
20	7	0 1 0 0 1 1 1 0 0 1 1 0 0 0 0 0
20	8	1 1 1 0 0 0 1 0 0 0 0 0 0 0 0 0
20	2	1 0 0 0 0 1 0 0 0 0 1 0 1 1 0 0
20	1	1 0 0 0 1 0 1 0 0 0 0 0 0 0 1 0
20	1	0 1 0 0 0 0 1 0 1 1 1 0 0 0 0 0
20	2	1 1 0 0 0 0 1 0 0 0 0 0 0 1 1 0
20	2	1 0 0 0 0 0 0 0 0 0 0 0 0 0 0 0
20	6	1 1 0 0 0 0 1 0 0 0 0 0 1 1 0 0
20	5	1 1 0 1 0 0 1 0 0 0 0 0 0 0 0 0
20	1	1 0 0 0 1 0 0 0 0 0 1 0 1 1 0 0
20	1	1 1 0 0 0 1 1 0 1 0 0 0 0 1 1 0
20	1	1 1 0 0 0 0 1 0 1 0 1 0 1 1 0 0
20	3	0 0 0 0 0 1 0 0 0 1 1 0 0 0 0 0
20	6	0 1 0 0 1 1 1 0 1 0 0 0 0 1 1 1
20	5	0 1 0 0 0 0 1 0 0 1 0 0 0 1 0 0
20	5	1 1 1 0 0 0 1 0 0 0 1 0 0 0 0 0
20	2	0 1 0 0 1 0 1 0 0 1 1 0 0 0 0 0
20	2	1 0 0 0 0 0 0 0 0 0 1 0 0 1 0 0
20	2	0 0 1 0 0 0 0 0 0 1 1 0 0 0 0 0
20	1	1 1 0 0 0 0 1 0 0 1 1 0 0 0 1 0
20	5	0 1 0 0 0 0 1 0 0 1 1 0 0 1 0 0
20	1	1 1 0 0 0 0 0 0 0 1 1 0 0 0 0 0
20	1	1 0 0 0 0 0 0 0 0 0 1 0 1 1 1 0
20	5	0 0 0 0 0 0 0 0 0 0 1 0 1 1 0 0
20	2	0 1 0 0 0 0 1 0 0 0 0 0 0 1 0 0
20	2	1 1 0 0 0 0 1 0 1 0 0 0 1 1 1 0
20	1	0 1 0 0 0 1 1 0 1 0 0 0 0 1 1 0
20	1	1 1 1 0 0 0 1 0 0 0 0 0 0 0 1 0
20	2	1 1 0 0 0 0 1 0 0 1 1 0 0 1 0 0
20	2	0 1 1 0 0 0 0 0 0 1 1 0 0 0 0 0
20	1	1 1 0 0 1 0 1 0 0 0 0 1 0 0 0 0
20	2	1 1 0 0 1 0 1 0 0 0 0 0 1 0 0 0
20	3	1 1 0 0 1 1 1 0 1 0 0 0 1 1 1 0
20	3	0 1 0 0 1 1 1 1 1 0 1 0 1 1 0 0
20	4	0 1 0 0 1 1 1 0 1 0 0 1 0 1 1 1
20	2	1 1 0 0 0 0 0 0 0 0 0 1 0 0 0 0
40	228	1 1 0 0 0 0 1 0 0 0 0 0 0 0 0 0
40	28	1 0 0 0 0 0 0 0 0 0 1 0 1 1 0 0
40	48	0 0 0 0 0 0 0 0 0 1 1 0 0 0 0 0
40	47	0 1 0 0 1 1 1 0 1 0 0 0 0 1 1 0
40	10	1 1 0 0 0 0 1 0 0 0 0 0 0 0 1 0
40	9	1 1 0 0 0 0 1 0 0 1 1 0 0 0 0 0
40	14	1 0 0 0 0 0 0 0 0 1 1 0 0 0 0 0
40	16	0 1 0 0 0 0 1 0 0 0 0 0 0 0 0 0
40	2	0 1 0 0 0 0 0 0 0 1 1 0 0 0 0 0
40	14	1 1 0 0 1 0 1 0 0 0 0 0 0 0 0 0
40	5	0 0 0 0 0 0 0 0 0 1 1 1 0 0 0 0
40	2	0 1 0 0 1 1 1 0 1 0 1 0 0 1 1 0
40	5	1 1 0 0 0 0 1 0 1 0 0 0 0 1 1 0
40	41	1 1 0 0 0 0 1 0 0 0 0 0 1 0 0 0
40	4	1 1 0 0 1 0 1 0 0 0 0 0 0 0 1 0
40	6	0 1 0 1 1 1 1 0 1 0 0 0 0 1 1 0
40	8	0 0 0 0 0 0 0 0 0 0 0 0 0 0 0 0
40	7	0 1 0 0 1 1 1 0 1 0 0 1 0 1 1 0
40	7	0 1 0 0 1 1 1 1 1 0 0 0 0 1 1 0
40	2	1 1 0 0 0 0 1 0 0 0 1 0 0 0 0 0
40	1	0 1 0 0 1 1 1 0 1 1 1 0 0 0 1 0
40	12	0 0 0 0 0 0 0 0 0 1 1 0 0 1 0 0
40	11	1 1 0 0 0 0 0 0 0 0 1 0 1 1 0 0
40	37	1 1 1 0 0 0 1 0 0 0 0 0 0 0 0 0
40	8	1 1 0 0 0 0 1 0 0 0 0 0 1 1 0 0
40	76	1 1 0 1 0 0 1 0 0 0 0 0 0 0 0 0
40	11	1 1 0 0 0 1 1 0 1 0 0 0 0 1 1 0
40	5	0 1 1 0 0 0 0 0 0 1 1 0 0 0 0 0
40	2	1 1 0 0 1 0 1 0 0 0 0 0 1 0 0 0
40	4	1 0 0 0 1 1 1 1 1 0 1 0 1 1 0 0
40	20	1 1 0 0 0 0 1 0 1 0 0 0 0 0 0 0
40	6	1 0 0 1 0 0 0 0 0 0 1 0 1 1 0 0
40	11	1 1 0 0 0 0 1 0 0 1 1 0 0 1 0 0
40	11	0 1 0 1 1 1 1 0 1 0 0 1 0 1 1 0
40	11	1 1 0 0 0 0 1 1 0 0 1 0 0 0 0 0
40	12	0 0 0 1 0 0 0 0 0 1 1 0 0 1 0 0
40	8	0 0 0 0 0 0 0 0 1 1 1 0 0 0 1 0
40	6	0 0 1 0 1 0 0 0 0 1 1 0 0 0 0 0
40	5	1 1 0 0 0 0 0 0 0 1 1 0 0 0 0 0
40	6	0 1 0 0 0 0 1 0 0 0 1 0 1 0 0 0
40	5	1 1 0 0 0 0 1 0 0 0 1 0 1 1 0 0
40	38	1 1 0 0 0 1 1 0 0 1 1 0 0 0 0 0
40	6	0 0 0 1 0 0 0 0 0 1 1 0 0 0 0 0
40	1	0 1 0 0 1 1 1 1 1 0 0 0 0 1 1 1
40	2	1 1 1 0 1 0 1 0 0 0 0 0 0 0 0 0
40	7	1 1 0 0 0 0 0 0 0 0 1 0 0 0 0 0
40	7	1 0 0 0 0 0 1 0 0 0 1 0 0 0 0 0
40	8	0 1 0 0 1 0 1 0 0 0 0 0 0 0 0 0
40	2	1 1 0 0 0 0 0 0 0 1 1 1 0 0 0 0
40	2	0 1 0 0 0 0 1 0 0 0 0 0 1 0 0 0
40	1	0 0 1 0 0 0 1 0 0 0 0 0 0 0 0 0
40	1	0 1 0 0 1 1 1 0 1 0 0 0 1 1 1 0
40	1	0 0 0 0 0 1 0 0 0 1 1 0 0 0 1 0
40	5	1 1 0 0 0 0 1 0 0 0 0 1 0 1 1 0
40	13	1 1 0 0 0 0 1 0 0 0 0 0 0 1 1 0
40	7	1 0 0 0 0 0 0 0 0 1 1 0 1 1 0 0
40	9	1 1 0 0 0 1 1 0 0 0 1 0 0 0 0 0
40	3	1 1 0 0 1 0 1 1 0 0 0 0 0 0 1 0
40	6	1 1 0 0 0 0 1 0 1 0 0 1 0 1 1 0
40	3	1 1 1 0 1 0 1 0 0 0 0 0 0 0 1 0
40	2	0 0 0 0 1 0 0 0 1 1 1 0 0 0 1 0
40	4	1 1 0 0 0 0 1 1 0 1 0 0 0 0 0 1
40	6	0 0 0 0 0 0 1 0 0 0 1 0 1 0 0 0
40	3	0 0 0 0 0 0 0 0 0 0 1 0 0 0 0 0
40	5	1 1 0 0 0 0 0 0 0 0 0 0 0 0 1 0
40	8	0 1 0 1 0 0 1 0 0 0 0 0 0 0 0 0
40	5	1 1 0 0 1 0 1 0 0 1 1 0 0 0 0 1
40	4	1 1 0 0 1 1 1 0 1 0 1 0 0 1 1 0
40	5	1 1 1 0 0 0 1 0 0 0 0 0 0 1 0 0
40	1	1 0 0 1 0 0 0 0 0 0 1 0 0 0 0 0
40	1	0 1 0 1 1 1 1 0 0 0 0 0 1 0 0 0
40	3	1 0 0 0 0 0 0 0 0 1 1 0 1 1 1 0
40	2	1 1 0 0 0 0 1 1 0 0 0 0 0 0 0 0
40	2	0 1 0 0 0 0 0 0 0 1 1 0 0 0 0 1
40	1	0 1 0 0 0 1 1 0 0 0 0 0 0 0 0 0
40	4	0 1 0 0 1 1 0 0 0 0 1 0 1 1 0 0
40	5	1 0 0 0 0 0 1 0 0 0 0 0 0 0 0 0
40	1	0 1 0 0 1 1 1 0 1 0 1 0 0 1 0 0
40	1	1 1 0 0 0 1 1 0 0 0 0 0 0 0 0 0
40	5	0 1 0 0 1 0 1 0 1 0 0 0 0 1 1 0
40	1	0 0 0 0 0 0 1 0 0 1 1 0 0 0 1 0
40	6	1 1 0 1 0 0 1 0 0 0 0 0 0 0 0 1
40	4	0 1 1 0 0 0 0 1 0 1 1 0 0 0 0 0
40	2	1 0 0 0 0 0 0 0 1 1 1 0 0 0 1 0
40	1	1 1 0 0 0 0 0 0 0 1 1 0 0 1 0 0
40	4	1 1 0 0 1 0 1 0 1 0 0 0 1 1 1 0
40	4	1 1 0 1 0 0 1 0 0 0 0 0 0 0 1 0
40	2	1 1 1 0 1 1 1 0 1 0 0 0 0 1 1 0
40	1	1 0 0 0 0 0 1 0 0 1 1 0 0 0 0 0
40	1	0 0 0 0 0 0 0 0 0 1 1 0 0 1 1 0
40	1	0 1 1 0 0 0 0 0 0 1 0 0 1 0 0 0
40	1	1 0 0 0 0 0 0 0 0 0 0 0 0 0 0 0
40	1	1 1 0 0 1 0 1 0 0 1 0 0 0 0 0 0
40	1	1 1 0 0 0 0 1 0 0 1 0 0 0 0 0 0
40	1	1 1 0 0 0 0 1 0 1 1 1 0 0 0 0 0
40	1	0 0 0 0 0 0 0 0 0 0 0 1 0 0 0 0
40	1	1 1 0 1 0 0 1 0 0 0 1 0 0 0 0 0
40	2	1 1 1 0 0 0 1 1 0 0 0 0 0 0 0 0
40	1	1 1 0 0 0 0 1 1 1 0 0 0 0 0 0 0
40	1	1 0 0 1 0 0 0 0 0 1 1 0 0 1 0 0
40	2	1 1 0 1 0 0 1 1 0 0 0 0 0 0 0 1
60	130	1 1 0 0 0 0 1 0 0 0 0 0 0 0 0 0
60	15	1 0 0 0 0 0 0 0 0 0 1 0 1 1 0 0
60	34	0 0 0 0 0 0 0 0 0 1 1 0 0 0 0 0
60	17	0 1 0 0 1 1 1 0 1 0 0 0 0 1 1 0
60	44	1 1 0 0 0 0 1 0 0 0 0 0 0 0 1 0
60	29	1 0 0 0 0 0 0 0 0 1 1 0 0 0 0 0
60	16	0 1 0 0 0 0 1 0 0 0 0 0 0 0 0 0
60	4	1 1 0 0 1 0 1 0 0 0 0 0 0 0 0 0
60	1	1 1 0 0 0 0 1 0 1 0 0 0 0 1 1 0
60	32	1 1 0 0 0 0 1 0 0 0 0 0 1 0 0 0
60	3	1 1 0 0 1 0 1 0 0 0 0 0 0 0 1 0
60	2	0 0 0 0 0 0 0 0 0 0 0 0 0 0 0 0
60	4	0 1 0 0 1 1 1 0 1 0 0 1 0 1 1 0
60	2	1 1 0 0 0 0 0 0 0 0 1 0 1 1 0 0
60	27	1 1 1 0 0 0 1 0 0 0 0 0 0 0 0 0
60	93	1 1 0 1 0 0 1 0 0 0 0 0 0 0 0 0
60	1	1 0 0 0 1 1 1 1 1 0 1 0 1 1 0 0
60	48	1 1 0 0 0 0 1 0 1 0 0 0 0 0 0 0
60	20	1 1 0 0 0 0 1 1 0 0 1 0 0 0 0 0
60	8	0 0 0 1 0 0 0 0 0 1 1 0 0 1 0 0
60	8	0 0 1 0 1 0 0 0 0 1 1 0 0 0 0 0
60	3	1 1 0 0 0 0 0 0 0 1 1 0 0 0 0 0
60	22	1 1 0 0 0 1 1 0 0 1 1 0 0 0 0 0
60	22	0 0 0 1 0 0 0 0 0 1 1 0 0 0 0 0
60	19	1 1 0 0 0 0 1 0 0 0 0 0 0 1 1 0
60	9	1 1 1 0 1 0 1 0 0 0 0 0 0 0 1 0
60	7	1 1 0 0 0 0 1 1 0 1 0 0 0 0 0 1
60	9	1 1 0 0 1 1 1 0 1 0 1 0 0 1 1 0
60	1	1 1 1 0 0 0 1 0 0 0 0 0 0 1 0 0
60	10	0 1 0 0 0 0 0 0 0 1 1 0 0 0 0 1
60	20	1 0 0 0 0 0 1 0 0 0 0 0 0 0 0 0
60	2	1 1 0 0 0 1 1 0 0 0 0 0 0 0 0 0
60	4	1 1 0 0 1 0 1 0 1 0 0 0 1 1 1 0
60	9	1 1 0 0 0 0 1 1 1 0 0 0 0 0 0 0
60	3	1 1 0 1 1 1 1 0 1 0 0 0 0 1 1 0
60	4	0 0 0 0 0 0 0 0 0 0 0 0 0 1 0 0
60	2	0 1 1 0 0 0 0 0 0 1 1 0 0 0 1 0
60	4	1 0 0 1 0 0 0 0 0 0 1 0 1 1 1 0
60	7	1 1 0 1 0 0 1 0 1 0 0 0 0 0 0 0
60	11	1 1 0 0 0 0 1 0 1 0 0 0 1 0 0 0
60	12	1 1 1 0 0 1 1 0 0 1 1 0 0 0 0 0
60	9	1 1 1 0 0 0 1 0 0 0 0 0 0 1 1 0
60	5	1 0 0 0 1 1 1 1 0 0 1 0 1 1 0 0
60	8	0 1 0 0 1 1 1 0 0 0 0 0 0 0 0 0
60	2	1 1 0 1 1 1 1 0 1 0 0 0 1 0 0 0
60	14	1 1 0 1 1 0 1 0 0 0 0 0 0 0 1 0
60	18	1 1 0 0 0 1 0 0 0 1 1 0 0 0 0 0
60	4	1 1 0 0 0 1 1 0 0 1 1 0 0 1 0 0
60	5	1 0 0 1 0 0 0 0 0 1 1 0 0 0 0 0
60	16	0 1 0 0 0 0 1 1 0 0 0 0 0 0 0 0
60	18	1 1 0 0 0 0 1 0 0 0 0 1 0 0 0 0
60	10	0 0 0 0 0 0 0 0 0 1 1 0 0 0 0 1
60	1	1 1 0 1 0 0 1 0 0 1 0 0 0 0 0 0
60	1	1 1 0 0 0 0 1 0 0 1 0 0 0 1 1 0
60	17	1 1 0 0 0 0 1 0 1 0 0 0 0 0 0 1
60	7	0 1 0 0 1 1 1 0 0 0 0 0 0 1 1 0
60	7	1 0 0 0 0 0 1 0 0 0 0 0 1 0 0 0
60	4	0 0 1 1 0 0 0 0 0 1 1 0 0 0 0 0
60	7	1 1 0 1 1 0 1 0 0 0 0 0 0 1 1 0
60	4	1 1 0 1 0 0 0 0 0 1 1 0 0 0 0 0
60	1	1 1 0 0 0 0 1 0 0 0 0 0 0 1 0 0
60	4	0 1 0 0 0 0 1 0 0 0 1 0 0 0 0 0
60	5	1 0 0 1 0 0 1 0 0 0 0 0 0 0 0 0
60	1	1 1 0 0 1 0 1 0 1 0 0 0 1 0 1 0
60	2	1 1 0 0 0 1 0 0 0 1 1 0 0 1 0 0
60	9	1 1 0 1 0 0 1 0 0 0 0 1 0 0 1 0
60	6	1 1 0 0 0 1 0 0 0 1 1 0 0 0 1 0
60	1	1 1 0 1 0 0 1 0 0 1 0 0 0 1 1 0
60	1	0 0 1 1 0 0 0 0 0 1 1 0 0 1 1 0
60	1	1 0 0 0 0 0 0 0 1 0 1 0 1 1 0 0
60	2	0 0 1 1 1 0 0 0 0 1 1 0 0 0 0 0
60	4	0 0 0 0 0 0 0 0 0 1 1 0 0 1 1 0
60	3	1 0 0 0 1 1 1 1 0 0 1 0 0 0 0 0
60	3	1 1 1 0 0 0 1 0 0 0 0 1 0 0 0 0
60	9	1 1 0 1 1 0 1 1 0 0 0 0 0 0 0 0
60	2	1 1 1 0 0 0 1 0 0 0 1 0 0 0 0 0
60	2	1 1 0 1 0 0 1 0 0 0 0 0 1 0 1 0
60	4	1 0 0 0 1 1 1 1 1 0 0 0 0 0 0 0
60	1	1 0 0 0 0 0 0 0 0 1 1 0 0 0 0 1
60	3	1 1 0 1 1 0 1 0 0 0 0 0 0 0 0 0
60	2	0 0 0 0 0 0 0 0 0 1 1 0 0 0 1 0
60	3	1 1 0 0 0 0 1 0 0 1 0 0 1 0 0 0
60	4	0 1 0 0 0 0 1 1 0 0 1 0 0 0 0 0
60	6	0 0 0 1 0 1 0 0 0 1 1 0 0 0 0 0
60	1	1 1 0 1 1 1 1 0 1 0 1 0 0 1 1 0
60	2	1 1 0 1 0 0 1 0 1 0 0 0 0 0 1 0
60	8	1 0 0 1 1 0 1 0 0 0 0 0 0 0 1 0
60	2	1 1 0 0 0 1 1 1 0 0 0 0 0 0 0 1
60	1	1 1 1 0 0 0 1 0 0 0 0 0 0 1 0 1
60	4	1 0 0 0 0 1 0 0 0 1 1 0 0 0 0 0
60	4	1 1 0 1 0 0 1 0 0 0 1 0 0 0 0 0
60	1	1 1 0 1 0 0 1 0 0 0 0 0 0 0 1 0
60	4	1 1 0 0 1 1 1 0 1 1 1 0 0 1 1 0
60	1	1 1 0 0 1 0 1 0 0 1 0 0 1 0 0 0
60	1	1 1 0 0 0 0 0 0 0 0 0 0 0 0 0 0
60	1	0 1 0 0 0 0 0 0 0 1 0 0 0 1 1 0
60	3	0 1 1 0 0 0 0 0 1 0 0 0 0 0 0 0
60	1	1 1 0 0 0 0 1 0 0 1 0 0 0 0 1 0
60	3	1 1 0 0 1 0 1 0 0 0 0 0 1 0 0 0
60	1	1 1 0 0 0 0 1 1 0 0 0 0 0 0 0 0
60	2	1 1 0 1 0 0 1 0 1 0 0 1 0 0 0 0
60	3	1 1 1 1 1 0 1 0 0 0 0 0 0 0 1 0
60	1	1 0 0 1 0 0 0 0 0 1 1 1 0 0 0 0
60	2	1 1 0 1 0 0 1 0 0 1 1 0 0 0 0 0
80	73	1 1 0 0 0 0 1 0 0 0 0 0 0 0 0 0
80	8	1 0 0 0 0 0 0 0 0 0 1 0 1 1 0 0
80	20	0 1 0 0 1 1 1 0 1 0 0 0 0 1 1 0
80	24	1 1 0 0 0 0 1 0 0 0 0 0 0 0 1 0
80	12	1 0 0 0 0 0 0 0 0 1 1 0 0 0 0 0
80	23	1 1 0 0 1 0 1 0 0 0 0 0 0 0 0 0
80	31	1 1 0 0 0 0 1 0 0 0 0 0 1 0 0 0
80	8	1 1 0 0 0 0 0 0 0 0 1 0 1 1 0 0
80	5	1 1 1 0 0 0 1 0 0 0 0 0 0 0 0 0
80	72	1 1 0 1 0 0 1 0 0 0 0 0 0 0 0 0
80	30	1 1 0 0 0 0 1 0 1 0 0 0 0 0 0 0
80	5	1 1 0 0 0 0 1 1 0 0 1 0 0 0 0 0
80	2	0 0 0 1 0 0 0 0 0 1 1 0 0 1 0 0
80	2	0 0 1 0 1 0 0 0 0 1 1 0 0 0 0 0
80	12	1 1 0 0 0 1 1 0 0 1 1 0 0 0 0 0
80	18	0 0 0 1 0 0 0 0 0 1 1 0 0 0 0 0
80	10	1 1 0 0 0 0 1 0 0 0 0 0 0 1 1 0
80	20	1 1 1 0 1 0 1 0 0 0 0 0 0 0 1 0
80	6	0 1 0 0 0 0 0 0 0 1 1 0 0 0 0 1
80	21	1 1 0 0 0 0 1 1 1 0 0 0 0 0 0 0
80	14	1 1 0 1 0 0 1 0 1 0 0 0 0 0 0 0
80	6	1 1 0 0 0 0 1 0 1 0 0 0 1 0 0 0
80	48	1 1 1 0 0 1 1 0 0 1 1 0 0 0 0 0
80	30	1 1 1 0 0 0 1 0 0 0 0 0 0 1 1 0
80	9	0 1 0 0 1 1 1 0 0 0 0 0 0 0 0 0
80	15	1 1 0 1 1 0 1 0 0 0 0 0 0 0 1 0
80	3	1 1 0 0 0 1 0 0 0 1 1 0 0 0 0 0
80	18	0 1 0 0 0 0 1 1 0 0 0 0 0 0 0 0
80	31	1 1 0 0 0 0 1 0 0 0 0 1 0 0 0 0
80	3	0 0 0 0 0 0 0 0 0 1 1 0 0 0 0 1
80	8	1 1 0 0 0 0 1 0 1 0 0 0 0 0 0 1
80	3	0 1 0 0 1 1 1 0 0 0 0 0 0 1 1 0
80	3	1 0 0 0 0 0 1 0 0 0 0 0 1 0 0 0
80	2	1 1 0 0 0 0 1 0 0 0 0 0 0 1 0 0
80	2	0 1 0 0 0 0 1 0 0 0 1 0 0 0 0 0
80	7	1 0 0 1 0 0 1 0 0 0 0 0 0 0 0 0
80	13	1 1 0 0 0 1 0 0 0 1 1 0 0 1 0 0
80	19	1 1 0 1 0 0 1 0 0 0 0 1 0 0 1 0
80	10	1 1 0 0 0 1 0 0 0 1 1 0 0 0 1 0
80	17	1 1 1 0 0 0 1 0 0 0 0 1 0 0 0 0
80	5	1 0 0 0 1 1 1 1 1 0 0 0 0 0 0 0
80	9	1 1 0 1 1 0 1 0 0 0 0 0 0 0 0 0
80	9	1 1 1 0 0 0 1 0 0 0 0 0 0 1 0 1
80	2	1 1 0 1 0 0 1 0 0 0 1 0 0 0 0 0
80	3	0 1 0 0 0 1 1 0 1 0 0 0 0 1 1 0
80	6	1 1 0 0 0 1 1 0 0 0 0 1 0 0 0 0
80	4	1 1 0 1 1 1 1 0 0 0 0 0 0 0 0 0
80	12	1 1 1 1 0 0 1 0 0 0 0 0 0 0 0 0
80	9	0 1 1 1 1 0 1 0 0 0 0 0 0 0 1 0
80	5	0 1 0 0 0 0 0 0 0 0 0 0 0 1 1 0
80	7	0 0 0 0 0 0 0 1 0 1 1 0 0 0 0 0
80	14	1 0 0 0 0 0 1 0 0 0 0 1 0 0 0 0
80	3	1 0 0 0 0 0 1 0 0 0 1 0 0 0 0 0
80	11	1 1 0 1 0 0 1 0 0 0 1 0 0 1 0 0
80	1	0 0 0 0 1 1 1 0 1 0 0 1 0 1 1 0
80	11	1 1 1 0 0 0 1 0 0 1 1 0 0 0 0 0
80	18	1 1 0 1 0 1 0 0 0 1 1 0 0 0 0 0
80	1	1 1 0 1 1 0 1 0 0 0 0 0 1 0 1 0
80	1	1 1 0 0 0 0 1 0 0 0 1 0 0 0 0 0
80	13	1 1 0 0 1 1 1 0 0 1 1 0 0 0 0 0
80	4	1 1 0 1 0 0 0 0 1 0 0 0 0 0 0 1
80	22	1 1 0 0 0 0 1 0 1 1 1 0 0 0 0 0
80	6	0 1 1 0 0 1 1 0 0 1 1 0 0 0 0 0
80	4	0 1 1 0 0 0 1 0 0 0 0 1 0 0 0 0
80	2	1 1 0 1 1 1 1 0 1 0 0 0 0 0 0 0
80	2	1 1 0 1 0 1 1 1 1 1 0 1 0 0 0 0
80	3	0 0 0 0 1 1 1 1 1 0 0 0 0 0 0 0
80	1	1 1 0 0 0 0 1 0 0 0 0 1 0 0 1 0
80	16	1 1 0 1 0 0 1 0 0 0 0 0 0 0 1 0
80	8	1 1 0 0 0 1 1 0 1 1 1 0 0 1 1 0
80	7	1 1 0 1 0 0 1 0 1 0 0 1 0 1 0 0
80	8	1 1 0 1 0 1 0 0 0 1 1 0 0 1 0 0
80	1	0 1 0 0 0 0 0 0 0 0 1 1 0 0 0 1
80	3	1 0 0 0 1 1 1 0 1 0 0 1 0 1 1 0
80	6	1 1 0 1 0 1 0 0 1 1 1 0 0 0 0 0
80	5	1 1 1 0 0 0 1 1 1 0 0 0 0 0 0 0
80	8	1 1 0 1 0 0 1 0 0 0 0 0 0 0 0 1
80	2	1 1 0 1 0 0 1 0 1 0 0 1 0 0 0 0
80	2	1 1 0 0 0 0 1 0 1 0 0 0 1 1 0 0
80	2	1 0 1 0 1 1 1 1 1 0 0 0 0 0 0 0
80	5	1 1 0 0 1 1 1 0 0 1 1 0 1 0 0 0
80	1	1 1 0 0 0 0 1 0 1 1 1 1 0 0 0 0
80	2	1 0 1 0 0 0 0 0 0 1 1 0 0 0 0 0
80	9	1 1 0 1 0 0 1 1 0 0 0 0 0 0 0 0
80	3	0 1 0 0 0 0 1 1 1 0 0 0 0 0 0 0
80	6	1 1 1 0 0 1 1 1 0 1 1 0 0 0 0 0
80	3	1 1 0 0 0 0 1 0 0 0 1 1 0 0 1 0
80	5	0 0 0 0 1 1 1 0 1 1 1 0 0 1 1 0
80	7	0 1 0 0 1 0 1 0 1 0 0 0 0 1 1 0
80	1	1 1 0 1 0 0 1 0 0 0 0 1 0 1 1 0
80	1	1 1 0 1 1 1 1 0 0 0 0 0 0 0 0 1
80	1	1 0 0 0 1 1 1 1 1 0 1 0 1 0 0 0
80	1	1 1 0 0 0 0 1 0 0 1 0 0 0 0 0 0
80	1	1 1 0 1 0 0 1 0 0 0 0 0 1 0 0 0
80	4	1 1 0 1 0 0 1 0 0 0 0 0 0 1 0 0
80	1	1 1 0 0 0 0 0 1 1 0 0 0 0 0 0 0
80	4	1 0 0 1 0 0 1 0 1 0 0 0 0 0 0 0
80	3	1 1 1 0 0 1 1 0 0 0 0 0 0 1 1 0
80	1	1 1 0 0 0 0 1 0 0 0 0 1 0 1 0 0
80	2	1 1 1 0 1 0 1 1 0 0 0 0 0 0 0 0
80	2	1 0 0 0 0 0 1 0 0 0 0 0 0 1 1 0
80	2	0 1 0 0 0 0 1 1 0 0 0 0 1 0 0 0
80	1	1 1 1 0 0 1 0 0 0 1 1 0 0 0 0 0
80	3	1 1 0 1 0 1 1 1 1 1 0 0 1 0 0 0
80	3	0 1 0 1 1 1 1 0 1 0 0 0 0 1 1 0
80	2	1 1 0 0 1 0 1 0 0 0 0 1 0 0 0 0
80	1	1 1 0 0 0 1 0 0 0 1 1 1 0 1 0 0
80	1	1 1 0 1 0 0 1 0 0 0 1 0 0 0 0 1
80	2	1 1 0 0 0 1 1 0 1 1 1 0 0 0 0 0
80	1	1 1 0 0 0 0 1 0 1 1 1 0 1 0 0 0
80	1	1 1 0 0 0 1 1 0 1 0 0 0 1 1 0 0
80	1	1 1 0 1 0 0 1 1 0 0 0 0 1 0 0 0
100	42	1 1 0 0 0 0 1 0 0 0 0 0 0 0 0 0
100	7	1 0 0 0 0 0 0 0 0 0 1 0 1 1 0 0
100	25	1 1 0 0 0 0 1 0 0 0 0 0 0 0 1 0
100	2	1 1 0 0 0 0 1 0 0 0 0 0 1 0 0 0
100	80	1 1 0 1 0 0 1 0 0 0 0 0 0 0 0 0
100	11	1 1 0 0 0 0 1 0 1 0 0 0 0 0 0 0
100	3	0 0 0 1 0 0 0 0 0 1 1 0 0 0 0 0
100	3	1 1 0 0 0 0 1 0 0 0 0 0 0 1 1 0
100	46	1 1 1 0 1 0 1 0 0 0 0 0 0 0 1 0
100	17	1 1 0 1 0 0 1 0 1 0 0 0 0 0 0 0
100	63	1 1 1 0 0 1 1 0 0 1 1 0 0 0 0 0
100	20	1 1 1 0 0 0 1 0 0 0 0 0 0 1 1 0
100	24	0 1 0 0 1 1 1 0 0 0 0 0 0 0 0 0
100	5	1 1 0 1 1 0 1 0 0 0 0 0 0 0 1 0
100	22	0 1 0 0 0 0 1 1 0 0 0 0 0 0 0 0
100	19	1 1 0 0 0 0 1 0 0 0 0 1 0 0 0 0
100	8	1 0 0 0 0 0 1 0 0 0 0 0 1 0 0 0
100	25	1 1 0 1 0 0 1 0 0 0 0 1 0 0 1 0
100	4	1 1 1 0 0 0 1 0 0 0 0 1 0 0 0 0
100	11	1 1 0 1 1 0 1 0 0 0 0 0 0 0 0 0
100	11	1 1 1 0 0 0 1 0 0 0 0 0 0 1 0 1
100	6	1 1 0 1 0 0 1 0 0 0 1 0 0 0 0 0
100	30	1 1 0 0 0 1 1 0 0 0 0 1 0 0 0 0
100	15	0 1 1 1 1 0 1 0 0 0 0 0 0 0 1 0
100	2	1 0 0 0 0 0 1 0 0 0 0 1 0 0 0 0
100	28	1 1 0 1 0 0 1 0 0 0 1 0 0 1 0 0
100	25	1 1 1 0 0 0 1 0 0 1 1 0 0 0 0 0
100	6	1 1 0 1 0 1 0 0 0 1 1 0 0 0 0 0
100	74	1 1 0 0 0 0 1 0 1 1 1 0 0 0 0 0
100	4	1 1 0 0 0 0 1 0 0 0 0 1 0 0 1 0
100	36	1 1 0 1 0 0 1 0 0 0 0 0 0 0 1 0
100	1	1 1 0 1 0 1 0 0 0 1 1 0 0 1 0 0
100	15	1 1 0 1 0 0 1 0 0 0 0 0 0 0 0 1
100	7	1 1 0 0 0 0 1 0 1 0 0 0 1 1 0 0
100	7	1 1 1 0 1 0 1 1 0 0 0 0 0 0 0 0
100	14	1 1 0 0 1 0 1 0 0 0 0 0 0 0 1 0
100	32	1 1 0 0 0 0 0 0 0 1 1 0 0 0 0 0
100	9	1 1 0 1 0 0 1 0 0 0 0 1 0 0 0 0
100	18	1 0 0 1 0 0 0 0 0 0 0 0 0 0 0 0
100	1	1 1 0 1 0 0 1 0 1 1 1 0 0 0 0 0
100	18	1 1 0 0 0 0 0 0 0 0 0 0 0 0 0 0
100	3	0 1 0 1 0 0 1 1 0 0 0 0 0 0 0 0
100	5	0 1 1 0 1 0 1 0 0 0 0 0 0 0 1 0
100	5	1 1 0 1 0 1 1 1 1 0 1 0 1 0 0 0
100	3	1 1 0 0 0 0 1 0 0 0 0 0 1 0 0 1
100	1	1 1 0 1 0 1 1 0 0 0 0 1 0 0 0 0
100	2	1 1 0 0 1 0 1 0 1 0 0 0 1 1 0 0
100	10	1 0 0 0 0 0 1 0 0 0 0 1 0 1 0 0
100	2	1 1 0 1 0 1 1 0 0 0 0 0 0 1 1 0
100	3	0 1 1 0 1 0 1 1 1 1 0 1 0 0 0 0
100	8	1 1 0 1 0 1 0 0 1 1 0 0 0 0 0 0
100	11	1 1 1 0 0 0 1 0 0 0 0 0 1 1 1 0
100	4	0 1 1 1 1 0 1 0 0 0 0 0 0 1 0 1
100	3	1 1 0 0 0 0 0 1 0 0 0 0 0 0 0 0
100	8	1 1 0 1 1 0 1 1 0 0 0 0 0 0 0 0
100	5	1 1 1 0 0 0 1 0 0 0 0 1 0 0 1 0
100	6	1 1 0 1 0 0 1 0 1 0 0 0 0 1 0 0
100	1	1 0 0 0 0 0 1 0 0 0 0 0 0 0 0 0
100	3	1 1 1 0 0 1 0 0 0 1 1 0 0 0 0 0
100	1	1 0 0 0 0 0 1 0 0 0 0 0 1 0 1 0
100	2	0 1 0 0 0 0 1 0 1 1 1 0 0 0 0 0
100	5	1 1 0 0 0 0 1 1 1 0 0 0 1 1 0 0
100	3	0 0 0 0 0 0 1 0 0 1 1 0 0 0 0 0
100	8	0 1 1 0 0 0 1 0 0 0 1 0 0 0 0 0
100	9	1 0 0 0 0 0 1 0 1 0 0 0 0 0 1 0
100	2	1 0 0 1 0 0 0 0 1 0 0 0 0 0 0 0
100	8	1 1 1 0 0 0 1 0 0 0 0 0 0 1 0 0
100	2	1 1 0 1 0 0 1 0 0 0 0 0 0 1 0 0
100	2	1 1 1 0 1 0 1 0 0 0 0 0 1 0 1 0
100	3	1 1 1 0 1 0 1 0 0 1 0 0 0 0 1 0
100	3	1 1 1 0 0 0 1 0 0 0 0 0 0 1 1 1
100	3	0 1 0 0 0 0 1 0 0 0 0 0 0 0 0 0
100	2	0 0 1 1 1 0 1 0 0 0 0 0 0 0 1 0
100	2	1 1 1 0 1 0 1 1 0 0 0 0 1 0 0 0
100	5	1 0 1 0 0 0 1 0 0 0 1 1 0 0 0 0
100	2	1 1 0 1 0 0 1 0 1 0 0 0 1 1 0 0
100	3	1 1 0 0 0 1 1 0 0 1 1 0 0 0 0 0
100	3	1 1 0 0 0 0 0 0 0 0 0 0 0 0 1 0
100	2	1 1 1 0 0 1 1 0 0 0 1 0 0 0 0 0
100	3	1 1 0 0 0 0 1 0 0 0 0 1 0 0 1 1
100	2	1 1 0 0 0 0 0 0 0 1 1 0 0 1 0 0
100	2	1 1 0 1 0 0 1 0 0 0 0 1 1 0 0 0
100	7	1 1 0 1 0 1 1 0 1 0 0 1 0 0 0 0
100	1	1 1 1 0 0 1 0 0 0 1 1 0 0 0 1 0
100	1	0 1 0 0 0 0 1 1 1 0 0 0 0 0 0 0
100	1	1 1 0 1 0 0 0 0 0 0 0 0 0 0 0 0
100	2	1 0 0 0 0 0 1 0 0 0 1 0 0 1 0 0
100	2	0 1 0 0 0 0 1 0 0 0 0 0 0 0 1 0
100	3	0 1 0 1 0 0 1 0 0 0 0 0 0 0 0 0
100	1	1 1 0 1 0 0 1 0 1 0 0 1 0 0 0 0
100	2	1 1 1 0 0 1 1 0 0 1 1 0 1 0 0 0
100	1	1 0 0 1 0 0 1 0 0 0 0 1 0 0 1 0
100	1	1 1 1 0 1 0 1 1 0 0 0 0 0 1 0 0
100	1	1 1 0 0 0 0 0 0 0 1 1 1 0 0 0 0
100	1	1 1 0 1 0 1 1 1 1 0 0 0 1 0 0 0
100	7	0 0 0 0 0 0 1 0 0 0 0 0 0 0 0 0
100	1	1 1 0 0 0 0 1 0 1 0 0 0 0 0 1 0
100	3	1 1 0 0 0 0 1 0 0 0 0 1 1 0 0 0
100	1	0 1 0 0 1 1 1 0 0 0 0 0 0 1 0 0
100	2	1 1 1 0 0 0 1 0 0 0 1 0 0 1 0 1
100	1	0 1 1 1 1 0 1 0 1 0 0 0 0 0 1 0
100	3	1 1 0 0 0 0 1 0 1 1 1 0 0 1 0 0
100	1	1 1 1 0 1 1 1 1 0 0 0 0 0 0 0 0
100	1	1 0 0 0 0 0 0 0 1 0 0 0 0 0 1 0
120	41	1 1 0 0 0 0 1 0 0 0 0 0 0 0 0 0
120	33	1 1 0 0 0 0 1 0 0 0 0 0 0 0 1 0
120	85	1 1 0 1 0 0 1 0 0 0 0 0 0 0 0 0
120	15	1 1 0 0 0 0 1 0 1 0 0 0 0 0 0 0
120	28	1 1 1 0 1 0 1 0 0 0 0 0 0 0 1 0
120	20	1 1 0 1 0 0 1 0 1 0 0 0 0 0 0 0
120	109	1 1 1 0 0 1 1 0 0 1 1 0 0 0 0 0
120	1	0 1 0 0 1 1 1 0 0 0 0 0 0 0 0 0
120	4	0 1 0 0 0 0 1 1 0 0 0 0 0 0 0 0
120	5	1 1 0 0 0 0 1 0 0 0 0 1 0 0 0 0
120	8	1 0 0 0 0 0 1 0 0 0 0 0 1 0 0 0
120	23	1 1 0 1 0 0 1 0 0 0 0 1 0 0 1 0
120	9	1 1 1 0 0 0 1 0 0 0 0 0 0 1 0 1
120	36	1 1 0 0 0 1 1 0 0 0 0 1 0 0 0 0
120	8	0 1 1 1 1 0 1 0 0 0 0 0 0 0 1 0
120	12	1 1 0 1 0 0 1 0 0 0 1 0 0 1 0 0
120	18	1 1 1 0 0 0 1 0 0 1 1 0 0 0 0 0
120	9	1 1 0 1 0 1 0 0 0 1 1 0 0 0 0 0
120	106	1 1 0 0 0 0 1 0 1 1 1 0 0 0 0 0
120	9	1 1 0 1 0 0 1 0 0 0 0 0 0 0 1 0
120	9	1 1 0 1 0 0 1 0 0 0 0 0 0 0 0 1
120	7	1 1 0 0 1 0 1 0 0 0 0 0 0 0 1 0
120	10	1 1 0 0 0 0 0 0 0 1 1 0 0 0 0 0
120	13	1 1 0 1 0 0 1 0 0 0 0 1 0 0 0 0
120	10	1 0 0 1 0 0 0 0 0 0 0 0 0 0 0 0
120	1	1 1 0 0 0 0 1 0 0 0 0 0 1 0 0 1
120	17	0 1 1 0 1 0 1 1 1 1 0 1 0 0 0 0
120	23	1 1 0 1 1 0 1 1 0 0 0 0 0 0 0 0
120	1	1 1 0 1 0 0 1 0 1 0 0 0 0 1 0 0
120	11	1 1 1 0 0 1 0 0 0 1 1 0 0 0 0 0
120	3	1 1 1 0 0 0 1 0 0 0 0 0 0 1 0 0
120	11	1 1 0 1 0 0 1 0 1 0 0 0 1 1 0 0
120	5	0 0 0 0 0 0 1 0 0 0 0 0 0 0 0 0
120	12	0 1 1 1 1 0 1 0 1 0 0 0 0 0 1 0
120	9	1 1 0 0 0 1 1 0 0 0 0 0 0 0 0 0
120	20	1 1 0 0 0 0 0 0 1 1 1 0 0 0 0 0
120	9	1 1 0 1 0 1 1 0 0 0 0 1 0 0 0 0
120	5	1 1 0 1 0 0 1 0 1 1 1 0 0 0 0 0
120	21	1 1 1 1 0 1 1 0 0 1 1 0 0 0 0 0
120	2	1 1 0 0 0 1 1 0 0 0 0 1 1 0 0 0
120	1	1 1 0 1 0 0 0 0 0 1 1 0 0 0 0 0
120	3	1 1 0 1 0 0 0 0 0 0 0 0 0 0 1 0
120	1	1 1 0 0 0 0 1 1 0 0 0 0 0 0 0 0
120	8	1 1 0 0 0 0 0 0 0 0 0 0 0 0 1 0
120	7	1 1 1 0 0 1 1 0 0 1 0 0 0 0 0 0
120	13	1 1 1 0 0 1 1 0 1 1 1 0 0 0 0 0
120	2	1 0 1 0 1 0 1 0 0 0 0 0 0 0 1 0
120	21	1 1 1 0 0 1 1 0 0 1 1 0 1 0 0 0
120	2	1 1 0 1 1 0 1 0 0 0 0 0 0 0 0 0
120	11	1 1 1 0 1 0 1 0 0 0 0 1 0 0 0 0
120	4	1 1 1 0 0 0 1 0 1 0 0 0 0 1 1 0
120	17	1 1 0 1 0 1 1 0 0 1 1 0 0 0 0 0
120	8	1 1 0 0 1 0 1 0 0 0 0 1 0 0 1 0
120	10	1 1 1 0 1 1 1 0 0 1 1 0 0 0 0 0
120	2	1 1 1 0 0 0 1 0 0 0 1 0 0 0 0 0
120	3	1 1 1 0 0 0 1 0 1 1 1 0 0 0 0 0
120	4	1 1 0 0 0 0 0 0 0 1 0 0 0 0 0 0
120	11	1 1 0 0 0 0 1 1 1 0 0 0 0 0 0 0
120	8	1 1 1 1 0 1 1 0 0 1 1 0 1 0 0 0
120	3	1 1 0 0 0 0 1 0 1 0 1 0 0 0 0 0
120	1	1 1 0 1 0 1 1 0 0 0 0 1 1 0 0 0
120	4	1 1 0 1 0 0 0 0 0 1 1 1 0 0 0 0
120	1	1 1 1 0 1 0 1 0 0 0 0 0 0 0 0 0
120	3	1 1 1 0 0 1 1 0 0 1 0 0 0 1 0 1
120	3	1 1 0 0 0 0 1 0 1 1 1 0 0 1 0 0
120	6	1 1 1 0 0 1 1 0 1 0 0 0 0 1 0 0
120	1	0 1 1 1 0 0 1 0 0 0 0 0 0 0 1 0
120	3	1 1 0 0 0 1 1 0 1 1 1 0 0 0 0 0
120	3	1 1 0 0 0 0 1 0 1 1 0 0 0 0 0 0
120	2	1 1 1 0 1 1 1 0 0 0 0 1 0 0 0 0
120	8	1 1 0 1 0 1 1 0 1 1 1 0 0 0 0 0
120	4	1 1 1 0 0 1 1 0 0 1 1 0 0 0 1 0
120	3	1 1 0 0 0 0 1 1 1 1 1 0 0 0 0 0
120	4	1 1 0 0 0 0 1 0 0 1 0 0 0 0 0 0
120	1	1 1 0 0 1 0 1 0 0 0 0 0 0 0 0 0
120	3	0 1 1 0 0 1 1 0 0 1 1 0 0 0 0 0
120	5	0 1 1 1 1 0 1 0 0 0 1 0 0 0 1 0
120	1	1 1 0 1 0 0 1 0 0 1 1 0 0 0 0 0
120	1	1 1 0 1 0 0 1 0 0 0 1 0 0 0 0 0
120	2	1 1 0 1 0 0 1 1 0 0 0 0 0 0 1 0
120	2	1 1 0 0 0 1 1 1 0 0 0 0 0 0 0 0
120	3	1 1 1 0 0 1 1 0 1 1 1 0 0 0 1 0
120	1	1 1 0 0 0 0 1 1 1 0 0 1 0 0 0 0
120	1	1 1 1 0 0 0 0 0 0 0 0 0 0 0 1 0
120	1	1 1 0 0 0 0 1 0 1 0 0 0 1 0 0 1
120	1	0 1 1 1 1 0 1 0 1 1 1 0 0 0 0 0
120	3	1 1 0 0 0 1 1 0 1 0 0 0 0 0 0 0
120	2	1 1 1 0 0 1 1 0 0 1 1 0 0 0 0 1
120	1	1 1 0 1 0 0 1 0 0 0 1 1 0 0 1 0
120	2	1 1 0 1 0 0 0 0 0 0 1 0 0 1 0 0
120	2	1 1 0 1 0 0 1 0 0 0 0 0 1 0 1 0
120	1	1 1 1 1 0 1 1 1 0 1 1 0 0 0 0 0
120	1	1 1 0 1 1 0 1 0 1 0 0 0 0 0 0 0
120	2	1 1 0 1 1 1 1 0 0 1 1 0 0 0 0 0
120	1	0 1 1 1 0 1 1 0 0 1 1 0 0 0 0 0
140	21	1 1 0 0 0 0 1 0 0 0 0 0 0 0 0 0
140	36	1 1 0 0 0 0 1 0 0 0 0 0 0 0 1 0
140	49	1 1 0 1 0 0 1 0 0 0 0 0 0 0 0 0
140	4	1 1 0 0 0 0 1 0 1 0 0 0 0 0 0 0
140	29	1 1 1 0 1 0 1 0 0 0 0 0 0 0 1 0
140	8	1 1 0 1 0 0 1 0 1 0 0 0 0 0 0 0
140	106	1 1 1 0 0 1 1 0 0 1 1 0 0 0 0 0
140	9	0 1 0 0 0 0 1 1 0 0 0 0 0 0 0 0
140	1	1 1 0 0 0 0 1 0 0 0 0 1 0 0 0 0
140	36	1 1 0 1 0 0 1 0 0 0 0 1 0 0 1 0
140	24	1 1 1 0 0 0 1 0 0 0 0 0 0 1 0 1
140	15	0 1 1 1 1 0 1 0 0 0 0 0 0 0 1 0
140	21	1 1 0 1 0 1 0 0 0 1 1 0 0 0 0 0
140	43	1 1 0 0 0 0 1 0 1 1 1 0 0 0 0 0
140	20	1 1 0 1 0 0 1 0 0 0 0 0 0 0 1 0
140	3	1 1 0 0 1 0 1 0 0 0 0 0 0 0 1 0
140	15	1 1 0 1 0 0 1 0 0 0 0 1 0 0 0 0
140	7	1 0 0 1 0 0 0 0 0 0 0 0 0 0 0 0
140	6	0 1 1 0 1 0 1 1 1 1 0 1 0 0 0 0
140	10	1 1 1 0 0 1 0 0 0 1 1 0 0 0 0 0
140	16	1 1 1 0 0 0 1 0 0 0 0 0 0 1 0 0
140	15	0 0 0 0 0 0 1 0 0 0 0 0 0 0 0 0
140	5	0 1 1 1 1 0 1 0 1 0 0 0 0 0 1 0
140	69	1 1 0 0 0 0 0 0 1 1 1 0 0 0 0 0
140	1	1 1 0 1 0 1 1 0 0 0 0 1 0 0 0 0
140	8	1 1 1 1 0 1 1 0 0 1 1 0 0 0 0 0
140	2	1 1 1 0 0 1 1 0 0 1 0 0 0 0 0 0
140	5	1 1 1 0 0 1 1 0 1 1 1 0 0 0 0 0
140	7	1 1 1 0 0 1 1 0 0 1 1 0 1 0 0 0
140	37	1 1 1 0 1 0 1 0 0 0 0 1 0 0 0 0
140	44	1 1 0 1 0 1 1 0 0 1 1 0 0 0 0 0
140	13	1 1 0 0 0 0 1 1 1 0 0 0 0 0 0 0
140	4	1 1 0 1 0 0 0 0 0 1 1 1 0 0 0 0
140	8	1 1 1 0 0 1 1 0 1 0 0 0 0 1 0 0
140	34	1 1 0 1 0 1 1 0 1 1 1 0 0 0 0 0
140	5	1 1 0 1 0 0 1 0 0 0 1 0 0 0 0 0
140	20	1 1 0 0 0 1 1 0 1 0 0 0 0 0 0 0
140	5	1 1 0 1 0 0 1 0 0 0 0 0 1 0 1 0
140	2	0 1 1 1 0 1 1 0 0 1 1 0 0 0 0 0
140	12	1 1 0 1 0 1 0 0 0 1 1 0 0 1 0 0
140	25	1 0 1 0 0 1 1 0 0 1 1 0 0 0 0 0
140	2	1 1 0 0 0 1 1 0 0 1 0 1 0 0 0 0
140	14	1 1 0 0 0 0 0 0 0 1 1 0 0 1 0 0
140	27	1 1 0 0 0 1 1 0 0 1 1 1 0 0 0 0
140	1	1 1 1 0 0 1 0 0 0 1 1 0 1 0 0 0
140	1	0 0 0 0 0 0 1 0 0 0 0 1 0 0 1 0
140	7	1 1 1 0 0 0 0 0 1 1 0 0 0 0 0 0
140	5	1 1 1 0 1 0 1 1 0 0 1 0 0 0 0 0
140	5	1 1 0 1 0 0 1 0 0 1 1 0 1 0 0 0
140	3	1 1 1 0 0 1 1 0 1 1 1 0 1 0 0 0
140	7	1 1 1 0 0 1 1 0 0 1 1 1 0 0 0 0
140	7	1 1 1 1 0 1 1 0 1 0 0 0 0 0 0 0
140	3	1 1 0 0 0 1 1 0 1 1 1 1 0 0 0 0
140	4	1 1 1 0 0 1 1 0 0 0 0 0 0 0 1 0
140	1	1 1 1 0 0 0 1 0 1 0 0 0 0 0 0 0
140	2	1 1 1 0 1 0 1 0 0 1 0 0 0 0 1 0
140	4	1 1 0 1 0 0 1 1 0 0 0 1 0 0 1 0
140	1	0 1 1 1 1 0 1 1 1 1 0 1 0 0 0 0
140	1	1 1 0 0 0 0 0 0 1 1 0 0 0 0 0 0
140	5	1 1 0 1 0 0 0 0 0 0 1 1 0 0 0 0
140	9	1 1 0 0 0 1 1 0 0 1 1 0 0 0 0 0
140	6	1 1 1 0 1 1 1 0 0 0 0 0 0 0 1 0
140	1	1 1 0 1 0 1 1 0 0 0 0 1 0 1 0 0
140	1	1 1 0 0 0 0 0 0 0 0 1 0 0 0 0 0
140	2	1 0 0 1 0 1 0 0 0 1 1 0 0 1 0 0
140	3	1 0 1 0 0 1 1 0 0 1 1 1 0 0 0 0
140	2	1 1 1 0 1 1 1 1 0 0 1 0 0 0 0 0
140	5	1 1 0 0 0 0 1 0 0 1 1 0 0 0 0 0
140	2	1 1 1 1 0 0 1 0 0 0 0 1 0 0 0 0
140	4	0 0 0 0 0 0 1 0 0 0 0 0 0 1 0 0
140	5	1 1 0 0 0 0 1 0 0 0 0 0 0 0 0 1
140	1	1 0 0 0 0 1 1 0 1 0 0 0 0 0 0 0
140	5	1 1 0 0 0 0 1 0 1 1 1 1 0 0 0 0
140	1	0 1 0 1 0 0 1 0 1 0 0 0 0 0 0 0
140	7	1 1 1 0 0 0 1 0 0 0 0 0 0 1 1 1
140	4	1 0 0 1 0 0 1 0 0 0 0 0 0 0 1 0
140	6	1 1 0 1 0 1 1 0 0 1 1 0 0 1 0 0
140	1	1 1 0 1 0 1 1 1 0 1 1 0 0 0 0 0
140	1	1 0 0 1 0 1 1 0 1 0 0 0 0 0 0 0
140	5	1 0 0 1 0 1 0 0 0 1 1 0 0 0 0 0
140	3	1 1 0 0 0 0 1 0 1 1 1 0 0 0 0 1
140	4	1 1 0 1 0 0 1 0 0 1 1 0 0 0 0 0
140	2	1 0 1 0 0 0 1 0 0 1 1 0 0 0 0 0
140	1	1 1 1 0 0 1 1 0 0 0 1 1 0 0 0 0
140	1	0 1 0 0 0 0 1 1 0 0 1 0 0 0 0 0
140	1	1 1 0 1 0 1 0 0 1 1 1 0 0 0 0 0
140	1	1 1 0 0 0 0 1 0 1 1 0 0 0 0 0 0
140	3	1 1 0 1 0 0 1 0 1 0 0 0 0 0 1 0
140	2	1 1 0 0 0 0 0 0 0 0 0 0 0 0 1 0
140	1	1 1 1 0 1 0 1 0 0 0 0 0 0 0 0 0
140	1	1 1 0 0 0 1 1 0 1 0 0 0 0 1 0 0
140	1	1 1 0 1 0 0 1 1 1 1 1 0 0 0 0 0
140	2	1 1 1 0 1 1 1 0 0 0 0 0 0 0 0 0
140	2	1 1 1 0 0 0 1 0 0 1 1 0 0 0 0 0
140	2	1 1 0 1 0 0 1 0 0 0 0 1 0 0 1 1
140	1	0 0 0 0 0 0 0 0 0 0 0 0 0 0 0 0
140	1	1 1 0 1 0 1 1 0 1 1 0 0 0 0 0 0
160	6	1 1 0 0 0 0 1 0 0 0 0 0 0 0 0 0
160	32	1 1 0 0 0 0 1 0 0 0 0 0 0 0 1 0
160	88	1 1 0 1 0 0 1 0 0 0 0 0 0 0 0 0
160	45	1 1 1 0 1 0 1 0 0 0 0 0 0 0 1 0
160	69	1 1 1 0 0 1 1 0 0 1 1 0 0 0 0 0
160	1	0 1 0 0 0 0 1 1 0 0 0 0 0 0 0 0
160	11	1 1 1 0 0 0 1 0 0 0 0 0 0 1 0 1
160	18	0 1 1 1 1 0 1 0 0 0 0 0 0 0 1 0
160	37	1 1 0 0 0 0 1 0 1 1 1 0 0 0 0 0
160	9	1 1 0 1 0 0 1 0 0 0 0 0 0 0 1 0
160	6	1 1 0 1 0 0 1 0 0 0 0 1 0 0 0 0
160	7	1 1 1 0 0 1 0 0 0 1 1 0 0 0 0 0
160	4	0 0 0 0 0 0 1 0 0 0 0 0 0 0 0 0
160	47	1 1 0 0 0 0 0 0 1 1 1 0 0 0 0 0
160	32	1 1 1 0 1 0 1 0 0 0 0 1 0 0 0 0
160	43	1 1 0 1 0 1 1 0 0 1 1 0 0 0 0 0
160	15	1 1 0 0 0 0 1 1 1 0 0 0 0 0 0 0
160	9	1 1 0 1 0 0 0 0 0 1 1 1 0 0 0 0
160	13	1 1 0 1 0 1 1 0 1 1 1 0 0 0 0 0
160	6	1 1 0 0 0 1 1 0 1 0 0 0 0 0 0 0
160	28	1 0 1 0 0 1 1 0 0 1 1 0 0 0 0 0
160	22	1 1 0 0 0 0 0 0 0 1 1 0 0 1 0 0
160	18	1 1 0 0 0 1 1 0 0 1 1 1 0 0 0 0
160	10	1 1 1 0 0 0 0 0 1 1 0 0 0 0 0 0
160	4	1 1 0 1 0 0 1 0 0 1 1 0 1 0 0 0
160	21	1 1 1 0 0 1 1 0 0 1 1 1 0 0 0 0
160	3	1 1 1 0 0 1 1 0 0 0 0 0 0 0 1 0
160	9	1 1 0 0 0 0 0 0 1 1 0 0 0 0 0 0
160	15	0 0 0 0 0 0 1 0 0 0 0 0 0 1 0 0
160	11	1 1 0 0 0 0 1 0 1 1 1 1 0 0 0 0
160	4	1 1 0 1 0 0 1 0 0 1 1 0 0 0 0 0
160	3	1 1 0 0 0 0 0 0 0 0 0 0 0 0 1 0
160	3	1 1 1 0 1 0 1 0 0 0 0 0 0 0 0 0
160	7	1 1 0 1 0 0 1 1 1 1 1 0 0 0 0 0
160	47	1 1 0 1 0 0 0 0 1 1 1 0 0 0 0 0
160	11	1 1 1 0 1 0 0 0 0 0 0 1 0 0 0 0
160	6	1 1 0 1 0 0 1 0 1 0 0 1 0 0 1 0
160	2	1 1 0 1 0 1 1 0 1 1 1 0 1 0 0 0
160	19	1 0 0 1 0 1 0 0 0 0 1 0 0 0 0 0
160	3	1 1 1 0 0 0 0 0 1 1 1 0 0 0 0 0
160	19	1 1 0 1 0 1 0 1 0 1 1 0 0 0 0 0
160	5	1 0 0 1 0 1 1 0 0 1 1 0 0 0 0 0
160	4	1 1 0 0 0 0 0 0 1 0 1 0 0 0 0 0
160	3	1 1 0 0 0 0 0 0 0 1 1 0 0 1 0 1
160	1	1 1 1 0 1 0 1 0 1 0 0 0 0 0 1 0
160	10	1 1 0 0 0 0 1 0 0 0 1 0 0 0 0 0
160	1	0 1 1 1 1 0 1 0 0 0 0 0 0 0 0 0
160	23	1 1 1 0 0 0 1 0 0 0 0 0 0 0 1 0
160	1	0 1 1 1 1 0 1 0 0 1 1 0 0 0 0 0
160	5	1 1 1 1 0 1 0 0 0 1 1 0 0 0 0 0
160	2	1 1 1 0 0 1 1 0 0 0 1 0 0 0 0 0
160	1	1 1 1 0 0 1 1 1 0 1 1 0 0 0 0 0
160	3	1 1 0 0 0 1 1 0 0 1 0 0 0 0 0 0
160	4	1 1 1 0 0 1 1 0 0 1 0 0 0 0 1 0
160	7	1 1 0 1 0 0 1 0 0 0 0 0 1 0 0 0
160	13	1 1 1 0 1 1 1 0 0 1 1 0 0 0 0 0
160	6	1 0 0 0 0 0 0 0 1 1 1 0 0 0 0 0
160	12	1 1 1 0 1 0 1 0 1 1 1 1 0 0 0 0
160	3	1 1 1 0 0 1 1 0 0 1 1 1 0 1 0 0
160	9	1 1 1 0 1 0 1 0 1 0 0 0 0 0 0 0
160	4	1 1 1 0 0 1 1 0 0 1 1 0 0 1 0 0
160	3	1 1 1 0 0 1 1 0 0 0 0 0 0 0 0 0
160	1	1 1 0 1 1 0 1 0 0 0 0 0 0 0 1 0
160	2	1 0 1 0 0 1 1 0 0 1 1 1 0 0 0 0
160	10	1 0 1 0 1 1 1 0 0 0 0 0 0 0 0 0
160	2	1 1 0 0 0 0 1 0 0 1 1 0 1 0 0 0
160	1	1 0 0 1 0 1 0 0 0 0 1 0 1 0 0 0
160	6	1 1 0 0 0 0 0 0 0 1 1 1 0 0 0 0
160	1	1 1 0 1 0 0 0 0 0 0 0 0 0 0 0 0
160	4	1 1 1 0 1 0 1 1 0 0 0 0 0 0 1 0
160	1	1 1 0 0 1 0 1 0 0 0 0 0 0 0 1 1
160	2	1 1 0 0 0 1 1 0 1 0 1 0 0 0 0 0
160	5	1 0 0 0 0 0 0 1 1 1 1 0 0 0 0 0
160	1	1 1 0 0 0 0 1 0 0 0 1 0 1 0 0 0
160	9	1 1 0 0 0 1 1 0 0 1 1 0 0 0 0 0
160	1	1 1 0 0 0 0 0 0 0 1 0 0 0 0 0 0
160	2	1 1 0 0 0 0 1 0 0 0 0 1 0 0 0 0
160	7	1 1 0 0 0 0 0 0 1 1 1 0 0 0 0 1
160	4	1 1 1 0 0 1 1 0 0 0 0 0 0 0 1 1
160	6	1 1 1 0 1 1 1 0 0 1 1 1 0 0 0 0
160	3	1 1 0 0 1 0 1 0 0 0 1 1 0 1 0 0
160	3	1 1 0 1 0 1 1 0 0 1 1 1 0 0 0 0
160	2	1 1 0 0 0 0 0 0 0 1 1 0 0 0 0 0
160	3	1 1 0 1 0 0 0 0 1 1 1 0 0 0 0 1
160	1	1 1 1 0 1 0 0 0 1 1 1 0 0 0 0 0
160	3	1 1 0 0 0 0 1 0 1 0 0 0 0 0 1 0
160	3	0 1 1 0 0 1 1 0 0 1 1 0 0 0 0 0
160	1	1 1 0 1 0 0 1 0 1 1 1 0 0 0 0 0
160	2	1 1 0 1 0 0 1 0 1 0 0 0 0 0 1 0
160	1	1 1 0 0 0 1 0 0 1 1 1 0 0 0 0 0
160	1	1 1 0 0 0 0 0 0 1 1 1 0 1 0 0 0
160	1	1 1 0 0 0 0 0 0 0 1 0 0 0 1 0 0
160	2	0 0 0 1 0 0 1 0 0 0 1 0 0 1 0 0
160	1	1 1 0 0 0 0 1 0 0 1 1 0 0 0 0 0
160	3	1 1 1 0 1 0 1 0 0 1 1 1 0 0 0 0
160	2	1 1 0 0 0 0 0 0 1 1 1 0 0 0 1 0
160	2	1 1 1 0 1 0 1 0 0 0 0 1 0 0 1 0
160	3	1 1 1 0 0 0 1 0 1 0 0 1 0 0 1 0
160	1	1 0 0 1 1 1 1 0 0 0 0 0 0 0 0 0
160	1	1 1 1 0 0 0 1 0 0 0 0 0 0 0 0 0
160	2	1 1 1 0 0 0 1 0 0 1 1 0 0 0 0 0
160	1	1 1 1 0 0 1 1 0 0 1 1 0 1 0 0 0
160	2	0 1 1 1 0 0 1 0 0 0 0 0 0 0 1 0
160	3	1 1 0 1 0 0 0 0 0 1 1 1 0 1 0 0
160	2	1 1 0 0 0 0 0 0 0 1 1 1 0 1 0 0
160	1	1 1 1 0 1 0 0 0 0 0 0 1 0 0 1 0
160	1	1 1 0 0 0 1 0 0 0 1 1 0 0 0 0 0
160	1	0 1 0 0 0 0 0 0 0 1 0 0 0 1 0 0
180	39	1 1 0 0 0 0 1 0 0 0 0 0 0 0 1 0
180	14	1 1 0 1 0 0 1 0 0 0 0 0 0 0 0 0
180	76	1 1 1 0 1 0 1 0 0 0 0 0 0 0 1 0
180	112	1 1 1 0 0 1 1 0 0 1 1 0 0 0 0 0
180	9	0 1 1 1 1 0 1 0 0 0 0 0 0 0 1 0
180	37	1 1 0 0 0 0 1 0 1 1 1 0 0 0 0 0
180	7	1 1 0 1 0 0 1 0 0 0 0 1 0 0 0 0
180	99	1 1 0 0 0 0 0 0 1 1 1 0 0 0 0 0
180	17	1 1 1 0 1 0 1 0 0 0 0 1 0 0 0 0
180	45	1 1 0 1 0 1 1 0 0 1 1 0 0 0 0 0
180	6	1 1 0 0 0 0 1 1 1 0 0 0 0 0 0 0
180	35	1 1 0 1 0 1 1 0 1 1 1 0 0 0 0 0
180	16	1 1 0 0 0 1 1 0 1 0 0 0 0 0 0 0
180	10	1 1 0 0 0 1 1 0 0 1 1 1 0 0 0 0
180	41	1 1 1 0 0 1 1 0 0 1 1 1 0 0 0 0
180	8	1 1 0 0 0 0 1 0 1 1 1 1 0 0 0 0
180	17	1 1 0 1 0 0 0 0 1 1 1 0 0 0 0 0
180	8	1 0 0 1 0 1 0 0 0 0 1 0 0 0 0 0
180	1	1 1 1 0 0 0 0 0 1 1 1 0 0 0 0 0
180	3	1 1 0 0 0 0 1 0 0 0 1 0 0 0 0 0
180	28	1 1 1 0 0 0 1 0 0 0 0 0 0 0 1 0
180	10	1 1 1 0 0 1 1 0 0 1 0 0 0 0 1 0
180	22	1 1 0 0 0 0 0 0 1 1 1 0 0 0 0 1
180	4	1 1 0 1 0 0 0 0 1 1 1 0 0 0 0 1
180	3	1 1 0 0 0 0 1 0 1 0 0 0 0 0 1 0
180	6	1 1 0 0 0 0 0 0 1 1 1 0 1 0 0 0
180	3	1 1 0 0 0 0 0 0 0 1 0 0 0 1 0 0
180	26	1 1 1 0 0 0 1 0 1 0 0 1 0 0 1 0
180	1	0 1 1 1 0 0 1 0 0 0 0 0 0 0 1 0
180	7	1 1 0 1 0 0 0 0 0 1 1 1 0 1 0 0
180	3	1 1 0 1 0 0 0 0 1 1 1 0 0 0 1 0
180	2	1 1 0 0 1 0 1 0 0 0 0 0 0 0 1 0
180	2	1 0 0 1 0 1 0 0 0 1 1 0 0 0 0 0
180	1	1 1 1 0 0 1 1 0 1 0 0 0 0 0 1 0
180	6	1 0 0 0 0 0 1 0 0 0 0 0 0 0 1 0
180	12	1 1 1 0 0 0 1 0 0 0 1 0 0 0 0 0
180	1	1 1 1 0 0 0 1 0 1 0 0 0 0 0 0 0
180	2	1 0 1 0 0 1 1 0 0 1 1 0 0 0 0 1
180	1	1 1 0 1 0 0 0 0 1 1 1 1 0 0 0 0
180	7	1 1 1 1 0 1 1 0 0 1 1 0 0 0 0 0
180	7	1 1 0 1 0 0 0 0 1 1 1 0 0 1 0 0
180	5	1 1 0 0 0 1 1 0 0 0 1 0 0 0 0 0
180	2	1 1 1 0 0 0 1 0 0 0 0 0 0 0 0 0
180	21	1 1 0 0 0 1 1 0 1 0 0 0 0 0 1 0
180	7	1 1 0 1 0 0 0 0 1 0 1 0 0 0 0 0
180	3	0 1 1 1 0 1 1 0 0 1 1 0 0 0 0 0
180	10	1 1 0 1 0 1 1 0 0 0 0 0 1 0 0 0
180	9	1 1 0 1 0 0 0 0 1 1 0 0 0 0 0 0
180	11	1 1 0 1 0 0 1 0 1 1 1 0 0 0 0 0
180	5	1 0 1 0 0 0 0 0 1 1 1 0 0 0 0 0
180	4	0 1 0 0 0 1 1 0 1 0 0 0 0 0 0 0
180	1	1 1 1 0 0 1 1 0 1 1 1 1 0 0 0 0
180	1	1 1 1 0 0 0 1 0 0 1 1 0 0 0 0 0
180	2	1 1 1 0 0 1 1 0 0 0 0 0 0 0 0 0
180	27	1 1 0 1 0 1 1 0 0 1 1 0 0 0 1 0
180	1	1 1 0 1 0 1 1 0 0 1 1 1 0 1 0 0
180	5	1 1 1 0 0 1 1 0 1 0 0 0 0 0 0 0
180	1	1 1 0 0 0 0 1 0 1 1 1 0 0 0 0 1
180	4	1 1 0 1 0 1 1 0 0 1 1 0 1 0 0 0
180	11	1 1 0 1 0 1 1 1 0 1 1 1 0 0 0 0
180	2	1 1 1 0 1 1 1 0 0 1 1 0 0 0 0 0
180	6	0 1 0 0 0 0 1 0 1 1 0 1 0 0 0 0
180	2	1 0 0 1 0 0 1 0 0 0 0 0 0 0 1 0
180	5	1 1 1 0 0 0 1 0 1 1 0 0 0 0 0 0
180	5	0 1 1 1 0 0 1 0 0 0 0 0 0 0 0 0
180	2	1 1 0 1 0 1 0 0 1 1 1 0 0 0 1 0
180	2	1 1 0 0 0 0 0 0 0 1 1 0 0 0 1 0
180	13	1 1 0 1 0 0 1 0 0 1 1 0 0 0 0 0
180	2	1 1 0 1 0 1 1 0 0 1 1 0 0 0 0 1
180	5	1 1 0 0 0 0 0 0 0 0 1 0 0 0 0 0
180	2	1 1 0 1 0 0 0 0 1 0 1 0 0 0 1 0
180	5	0 1 0 1 0 1 1 0 0 1 1 1 0 1 0 0
180	1	1 1 1 0 0 0 1 0 1 0 0 1 0 0 0 0
180	1	0 1 1 0 1 0 1 0 0 0 0 0 0 0 1 0
180	1	1 1 0 0 0 0 1 1 1 0 0 0 0 0 1 0
180	12	1 0 1 0 0 1 1 0 0 1 1 1 0 0 0 0
180	1	1 1 0 1 0 1 1 0 0 1 1 1 1 1 0 0
180	1	1 1 0 1 0 1 1 0 0 1 1 0 1 0 1 0
180	2	1 1 0 0 0 0 1 0 0 0 1 1 0 0 0 0
180	1	1 1 1 0 1 0 1 0 0 0 0 0 0 0 0 0
180	10	1 1 0 1 0 0 0 0 0 0 0 0 0 0 1 0
180	1	0 1 0 0 0 1 1 0 1 1 1 0 0 0 1 0
180	1	1 1 0 1 0 0 1 0 0 1 1 0 0 0 1 0
180	2	1 0 0 0 0 0 1 0 1 1 1 0 0 0 0 0
180	2	1 1 0 1 0 1 0 0 0 1 1 0 0 0 0 0
180	3	1 1 1 0 1 0 1 0 0 0 1 0 0 0 0 0
180	3	1 1 0 1 0 0 1 0 1 1 1 1 0 0 0 0
180	2	1 1 1 0 0 1 1 1 0 1 1 0 0 0 0 0
180	3	1 1 1 0 0 1 1 0 0 1 1 1 1 0 0 0
180	1	1 1 0 0 1 0 0 0 1 1 1 0 0 0 0 1
180	1	1 1 1 1 0 1 1 0 0 1 1 1 0 0 0 0
180	1	1 1 1 0 0 1 0 0 1 0 0 0 0 0 0 0
180	1	1 0 0 1 1 0 1 0 0 0 0 0 0 0 1 0
180	1	1 1 1 0 1 0 1 0 0 0 0 1 0 0 1 0
180	1	1 1 0 0 0 0 1 0 0 1 1 1 0 1 0 0
180	1	1 1 0 0 0 0 0 0 1 1 0 0 0 0 1 0
180	2	1 1 0 0 0 1 0 0 1 1 1 0 0 0 0 0
180	1	1 1 0 1 0 0 1 0 0 0 0 0 0 0 1 0
180	1	1 0 1 0 1 0 1 0 0 0 0 0 0 0 1 0
180	2	0 1 1 0 0 1 1 0 0 1 1 0 0 0 0 0
180	1	1 1 0 0 0 1 1 0 1 0 0 0 1 0 1 0
180	2	1 1 0 1 0 0 0 0 1 1 0 1 0 0 0 0
180	1	1 1 1 0 0 0 1 0 1 1 0 0 0 0 1 0
180	1	1 1 1 0 0 1 1 0 0 0 0 1 0 0 0 0
200	15	1 1 0 0 0 0 1 0 0 0 0 0 0 0 1 0
200	109	1 1 1 0 1 0 1 0 0 0 0 0 0 0 1 0
200	122	1 1 1 0 0 1 1 0 0 1 1 0 0 0 0 0
200	1	0 1 1 1 1 0 1 0 0 0 0 0 0 0 1 0
200	32	1 1 0 0 0 0 1 0 1 1 1 0 0 0 0 0
200	1	1 1 0 1 0 0 1 0 0 0 0 1 0 0 0 0
200	36	1 1 0 0 0 0 0 0 1 1 1 0 0 0 0 0
200	25	1 1 1 0 1 0 1 0 0 0 0 1 0 0 0 0
200	73	1 1 0 1 0 1 1 0 0 1 1 0 0 0 0 0
200	2	1 1 0 0 0 0 1 1 1 0 0 0 0 0 0 0
200	9	1 1 0 1 0 1 1 0 1 1 1 0 0 0 0 0
200	19	1 1 1 0 0 1 1 0 0 1 1 1 0 0 0 0
200	43	1 1 0 0 0 0 1 0 1 1 1 1 0 0 0 0
200	9	1 1 0 1 0 0 0 0 1 1 1 0 0 0 0 0
200	21	1 0 0 1 0 1 0 0 0 0 1 0 0 0 0 0
200	17	1 1 1 0 0 0 1 0 0 0 0 0 0 0 1 0
200	2	1 1 1 0 0 1 1 0 0 1 0 0 0 0 1 0
200	5	1 1 0 0 0 0 0 0 1 1 1 0 0 0 0 1
200	8	1 1 0 0 0 0 0 0 1 1 1 0 1 0 0 0
200	20	1 1 0 0 0 0 0 0 0 1 0 0 0 1 0 0
200	5	1 1 1 0 0 0 1 0 1 0 0 1 0 0 1 0
200	10	1 1 1 0 0 0 1 0 0 0 1 0 0 0 0 0
200	6	1 1 0 0 0 1 1 0 1 0 0 0 0 0 1 0
200	12	1 1 0 1 0 0 1 0 1 1 1 0 0 0 0 0
200	30	1 1 0 1 0 1 1 0 0 1 1 0 0 0 1 0
200	5	1 1 0 1 0 1 1 0 0 1 1 0 1 0 0 0
200	1	1 1 0 1 0 1 1 1 0 1 1 1 0 0 0 0
200	10	0 1 0 0 0 0 1 0 1 1 0 1 0 0 0 0
200	4	1 0 0 1 0 0 1 0 0 0 0 0 0 0 1 0
200	31	1 1 1 0 0 0 1 0 1 1 0 0 0 0 0 0
200	1	0 1 1 1 0 0 1 0 0 0 0 0 0 0 0 0
200	1	1 1 0 0 0 0 0 0 0 1 1 0 0 0 1 0
200	35	1 1 0 1 0 0 1 0 0 1 1 0 0 0 0 0
200	11	1 1 1 0 1 0 1 0 0 0 1 0 0 0 0 0
200	2	1 1 1 0 0 1 1 1 0 1 1 0 0 0 0 0
200	2	1 1 1 0 0 1 1 0 0 0 0 0 0 0 1 0
200	15	1 1 0 0 0 0 1 0 0 0 0 1 0 0 1 0
200	24	1 1 1 0 0 1 1 0 0 1 1 0 0 0 1 0
200	6	1 1 0 0 0 0 0 0 1 1 1 0 0 1 0 0
200	16	1 1 0 1 0 1 1 1 0 0 1 1 0 0 0 0
200	8	1 1 1 0 0 1 1 0 0 0 0 1 0 0 0 0
200	4	1 1 1 0 0 0 0 0 1 1 1 0 0 0 0 0
200	9	1 1 0 0 0 1 1 0 0 0 0 1 0 0 0 0
200	2	1 1 0 0 0 0 1 0 0 0 0 0 0 0 0 0
200	1	1 0 1 0 1 0 1 0 0 0 0 0 0 0 1 0
200	2	1 1 1 0 0 1 1 0 0 1 1 0 0 1 0 0
200	8	1 0 0 0 0 0 1 0 1 1 1 0 0 0 0 0
200	6	1 1 0 1 0 1 0 0 1 1 1 0 0 0 0 0
200	16	1 1 0 0 0 1 1 0 1 1 1 1 0 0 0 0
200	5	1 1 1 0 1 0 1 0 0 0 0 0 0 0 0 0
200	4	0 1 0 0 0 0 0 0 1 1 1 0 0 0 0 0
200	3	1 1 0 1 0 0 1 0 0 1 1 1 0 0 0 0
200	1	1 0 0 0 0 0 1 0 1 0 1 0 0 0 0 0
200	12	0 1 1 1 1 0 1 0 0 0 1 0 0 0 1 0
200	1	1 1 1 0 0 1 1 0 0 1 0 0 0 0 0 0
200	4	0 1 1 0 0 1 1 0 0 1 1 1 0 0 0 0
200	12	1 1 1 0 0 1 1 0 1 1 1 0 0 0 0 1
200	3	1 1 0 0 1 0 1 0 1 1 1 1 0 0 0 0
200	7	1 1 1 0 0 1 1 0 1 0 0 0 0 0 1 0
200	8	1 1 1 0 1 0 1 0 0 0 0 1 0 0 1 0
200	2	1 1 0 1 0 1 1 0 0 0 0 1 0 0 0 0
200	2	1 0 1 0 0 0 1 0 0 0 0 1 0 0 1 0
200	3	1 1 0 0 0 1 1 0 0 1 1 1 1 0 0 0
200	2	1 1 0 1 0 1 1 0 1 0 1 0 0 0 0 0
200	2	1 1 0 0 0 0 0 1 1 1 1 0 0 0 0 0
200	2	1 1 0 0 0 0 1 0 1 1 1 1 0 1 0 0
200	4	1 1 0 1 0 0 1 0 0 1 1 0 0 1 0 0
200	2	1 1 0 0 0 0 1 0 0 1 1 0 0 1 0 0
200	4	1 1 0 0 0 0 0 0 1 1 0 0 0 0 1 0
200	3	1 1 0 1 1 1 1 1 0 0 1 1 0 0 0 0
200	1	1 1 0 1 1 0 1 0 0 0 0 0 0 0 1 0
200	3	1 1 0 1 0 1 1 0 0 0 0 0 0 0 1 0
200	1	1 1 1 0 0 0 1 0 0 1 1 1 0 0 0 0
200	4	1 0 0 1 0 0 1 0 0 1 1 0 0 0 0 0
200	3	1 1 0 0 0 0 1 0 0 1 1 0 0 0 0 0
200	1	1 1 0 0 0 0 1 1 1 0 0 0 1 0 0 0
200	5	1 1 0 1 1 1 1 1 0 1 1 1 0 0 0 0
200	2	1 1 1 0 0 0 1 0 1 1 1 1 0 0 0 0
200	1	1 1 0 0 0 0 1 0 0 0 0 1 0 0 0 0
200	1	1 1 0 0 0 0 1 0 0 0 1 0 0 0 0 1
200	2	1 1 1 0 1 1 1 0 0 0 0 0 0 0 1 0
200	3	1 1 1 0 1 0 0 0 0 0 0 0 0 0 1 0
200	2	1 0 1 0 0 1 1 0 0 1 1 0 0 0 0 0
200	3	1 0 0 1 0 1 1 0 0 1 1 0 0 0 0 0
200	1	1 0 1 0 0 0 1 0 0 0 0 0 0 0 1 0
200	2	1 1 1 0 0 0 1 0 1 1 0 0 0 0 1 0
200	1	1 1 0 1 0 0 1 0 0 1 1 0 1 0 0 0
200	2	1 1 1 0 0 1 0 0 0 1 1 0 0 0 1 0
200	2	1 1 0 1 1 0 1 0 0 1 1 1 0 0 0 0
200	2	1 1 0 0 0 0 1 1 1 0 1 0 0 0 0 0
200	4	1 1 1 0 0 0 1 0 0 1 1 0 0 0 1 0
200	1	1 1 0 0 0 0 1 0 0 1 0 0 0 0 0 0
200	1	1 1 0 0 0 1 1 0 0 0 0 0 0 0 1 0
200	1	1 1 1 0 1 0 1 0 0 0 1 0 0 0 1 0
200	1	1 0 1 0 0 1 1 0 0 1 1 1 0 0 0 0
200	3	1 0 0 1 0 1 0 0 1 0 1 0 0 0 0 0
200	1	1 0 0 1 0 1 0 0 0 0 1 1 0 0 0 0
200	1	1 1 1 0 0 0 0 0 0 0 0 0 0 0 1 0
200	1	1 1 1 0 0 0 1 0 1 0 0 1 0 0 0 0
200	1	0 1 0 1 0 0 1 0 1 1 0 1 0 0 0 0
200	5	1 1 1 0 0 1 1 0 0 0 0 0 0 0 0 0
220	17	1 1 0 0 0 0 1 0 0 0 0 0 0 0 1 0
220	53	1 1 1 0 1 0 1 0 0 0 0 0 0 0 1 0
220	63	1 1 1 0 0 1 1 0 0 1 1 0 0 0 0 0
220	1	1 1 0 0 0 0 1 0 1 1 1 0 0 0 0 0
220	3	1 1 0 0 0 0 0 0 1 1 1 0 0 0 0 0
220	22	1 1 1 0 1 0 1 0 0 0 0 1 0 0 0 0
220	106	1 1 0 1 0 1 1 0 0 1 1 0 0 0 0 0
220	24	1 1 0 1 0 1 1 0 1 1 1 0 0 0 0 0
220	25	1 1 1 0 0 1 1 0 0 1 1 1 0 0 0 0
220	1	1 1 0 0 0 0 1 0 1 1 1 1 0 0 0 0
220	34	1 1 0 1 0 0 0 0 1 1 1 0 0 0 0 0
220	28	1 0 0 1 0 1 0 0 0 0 1 0 0 0 0 0
220	5	1 1 1 0 0 0 1 0 0 0 0 0 0 0 1 0
220	2	1 1 0 0 0 0 0 0 1 1 1 0 1 0 0 0
220	10	1 1 1 0 0 0 1 0 0 0 1 0 0 0 0 0
220	31	1 1 0 1 0 1 1 0 0 1 1 0 0 0 1 0
220	20	1 1 1 0 0 0 1 0 1 1 0 0 0 0 0 0
220	16	1 1 0 1 0 0 1 0 0 1 1 0 0 0 0 0
220	7	1 1 1 0 0 1 1 0 0 0 0 0 0 0 1 0
220	6	1 1 1 0 0 1 1 0 0 1 1 0 0 0 1 0
220	7	1 1 0 0 0 0 0 0 1 1 1 0 0 1 0 0
220	11	1 1 0 1 0 1 1 1 0 0 1 1 0 0 0 0
220	6	1 1 0 0 0 1 1 0 0 0 0 1 0 0 0 0
220	22	1 1 0 1 0 1 0 0 1 1 1 0 0 0 0 0
220	48	1 1 0 0 0 1 1 0 1 1 1 1 0 0 0 0
220	37	1 1 1 0 1 0 1 0 0 0 0 0 0 0 0 0
220	3	0 1 1 1 1 0 1 0 0 0 1 0 0 0 1 0
220	28	1 1 1 0 1 0 1 0 0 0 0 1 0 0 1 0
220	31	1 1 0 1 1 1 1 1 0 0 1 1 0 0 0 0
220	4	1 1 0 0 0 0 1 0 0 1 1 0 0 0 0 0
220	7	1 1 0 1 1 1 1 1 0 1 1 1 0 0 0 0
220	7	1 1 1 0 0 0 1 0 1 1 1 1 0 0 0 0
220	6	1 1 1 0 1 1 1 0 0 0 0 0 0 0 1 0
220	8	1 1 1 0 1 0 0 0 0 0 0 0 0 0 1 0
220	19	1 0 0 1 0 1 1 0 0 1 1 0 0 0 0 0
220	5	1 1 1 0 0 0 0 0 0 0 0 0 0 0 1 0
220	17	1 1 0 1 1 0 1 0 0 1 1 0 0 0 0 0
220	3	1 1 1 0 0 0 1 1 1 0 0 0 0 0 0 0
220	1	1 1 1 0 0 1 1 0 0 1 1 0 0 0 0 1
220	5	1 1 1 0 0 0 1 0 1 1 1 0 0 0 0 0
220	9	1 1 0 1 1 0 1 0 0 1 1 0 0 0 0 1
220	7	1 1 0 1 0 0 0 0 1 1 1 0 0 0 0 1
220	8	0 1 0 0 0 0 0 0 1 1 1 0 0 0 0 0
220	22	1 1 0 1 0 1 1 0 0 1 1 0 0 1 0 0
220	2	1 1 0 1 0 1 1 0 0 1 0 0 0 0 1 0
220	25	1 1 1 1 0 1 1 1 0 0 1 1 0 0 0 0
220	1	1 1 1 0 0 0 1 0 1 1 1 0 0 0 1 1
220	3	1 0 0 1 1 1 0 0 0 0 1 0 0 0 1 0
220	4	1 1 0 1 0 1 1 0 0 1 1 0 0 0 0 1
220	2	1 1 1 0 1 0 1 1 0 0 1 0 0 0 1 0
220	8	1 1 1 0 0 1 1 0 1 1 1 0 0 0 0 0
220	7	1 1 0 0 0 1 1 0 0 1 1 1 0 0 0 0
220	5	1 1 0 0 0 0 0 0 1 1 1 1 0 1 0 0
220	4	0 1 1 0 1 0 1 0 0 0 0 0 0 0 0 0
220	4	1 1 1 0 0 0 1 0 0 1 1 0 0 0 0 0
220	12	1 1 1 1 0 1 1 0 0 1 1 0 0 0 0 0
220	9	1 1 0 1 0 1 1 0 0 1 1 1 0 0 1 0
220	1	1 1 1 0 1 0 0 0 0 0 0 0 0 0 0 0
220	15	1 1 0 0 0 0 1 0 0 0 1 0 0 1 0 0
220	2	1 1 0 0 0 1 1 0 0 1 1 0 0 0 0 0
220	1	1 1 0 0 0 1 1 0 1 1 1 0 0 0 0 1
220	4	1 1 1 0 0 1 1 0 0 1 0 1 0 0 0 0
220	7	0 1 1 1 0 0 1 0 0 0 1 0 0 0 1 0
220	2	1 1 0 1 1 0 1 0 0 1 1 0 0 1 0 0
220	2	1 1 1 0 1 0 1 0 0 0 0 0 0 1 1 0
220	8	1 1 1 0 0 1 1 0 0 1 0 0 0 0 0 0
220	1	1 1 0 0 0 0 0 0 1 0 1 0 0 0 0 0
220	4	1 0 0 1 0 1 1 0 0 1 1 1 0 0 0 0
220	3	1 1 0 1 1 0 1 1 0 1 1 0 0 0 1 0
220	4	1 1 1 1 0 0 1 0 0 0 0 0 0 0 1 0
220	3	1 1 1 0 0 0 0 0 1 1 0 0 0 0 0 0
220	2	1 1 1 0 0 1 1 0 0 0 0 1 0 0 0 0
220	4	1 1 0 1 0 0 1 0 0 1 0 0 0 0 1 0
220	1	1 1 0 0 0 0 0 0 1 1 0 0 0 0 0 0
220	2	0 1 1 0 1 0 1 0 0 0 1 0 0 0 0 0
220	2	1 1 1 0 0 1 1 0 1 0 1 0 0 0 0 0
220	2	1 1 1 1 0 1 1 0 1 1 1 1 0 0 0 0
220	1	1 1 0 1 1 1 1 0 0 1 1 0 0 0 0 0
220	2	0 1 1 0 1 0 1 0 0 0 0 0 0 0 1 0
220	8	1 1 0 1 0 1 1 0 0 1 0 0 0 0 0 0
220	2	1 1 1 0 0 1 0 0 1 1 1 0 0 0 0 0
220	3	1 1 0 0 0 1 1 0 0 0 0 1 0 0 1 0
220	2	1 1 1 0 1 0 0 0 1 1 1 0 0 0 0 0
220	1	1 1 1 0 0 1 1 0 1 1 1 1 0 0 0 0
220	1	1 0 1 0 1 0 1 0 0 0 0 0 0 0 1 0
220	1	1 1 1 1 0 1 0 0 1 1 1 0 0 0 0 0
220	1	1 1 1 0 0 0 1 0 1 1 0 0 0 0 1 1
220	5	1 1 0 0 0 0 0 0 0 1 1 1 0 1 0 0
220	1	1 1 1 1 0 1 1 0 0 1 1 0 0 0 1 0
220	2	1 1 1 0 0 0 1 0 0 0 0 0 0 0 0 0
220	2	1 1 1 1 0 1 1 1 0 0 1 0 0 0 1 0
220	2	1 1 0 0 0 0 1 0 1 0 0 0 0 0 1 0
220	3	1 1 1 0 0 1 1 1 0 1 1 0 0 0 0 0
220	1	1 0 0 1 0 1 0 0 0 0 1 0 0 0 1 0
220	2	1 1 1 1 0 0 1 0 0 0 1 0 0 0 0 0
220	1	1 1 0 1 0 1 1 0 0 1 1 0 1 0 1 0
220	1	1 1 1 0 0 0 1 0 0 1 0 0 0 0 0 0
220	1	1 1 0 1 0 0 1 1 0 1 1 0 0 0 0 0
220	2	1 1 0 1 0 1 1 1 0 0 1 1 0 0 0 1
220	1	1 1 1 0 1 0 1 0 1 0 0 0 0 0 0 0
220	1	1 1 1 1 0 1 1 0 0 0 1 1 0 0 0 0
220	2	1 1 1 1 0 1 1 0 0 1 1 0 0 1 0 0
240	16	1 1 1 0 1 0 1 0 0 0 0 0 0 0 1 0
240	43	1 1 1 0 0 1 1 0 0 1 1 0 0 0 0 0
240	2	1 1 1 0 1 0 1 0 0 0 0 1 0 0 0 0
240	35	1 1 0 1 0 1 1 0 0 1 1 0 0 0 0 0
240	6	1 1 0 1 0 1 1 0 1 1 1 0 0 0 0 0
240	28	1 1 1 0 0 1 1 0 0 1 1 1 0 0 0 0
240	11	1 1 0 1 0 0 0 0 1 1 1 0 0 0 0 0
240	7	1 0 0 1 0 1 0 0 0 0 1 0 0 0 0 0
240	15	1 1 1 0 0 0 1 0 0 0 1 0 0 0 0 0
240	36	1 1 1 0 0 0 1 0 1 1 0 0 0 0 0 0
240	3	1 1 1 0 0 1 1 0 0 1 1 0 0 0 1 0
240	28	1 1 0 1 0 1 0 0 1 1 1 0 0 0 0 0
240	17	1 1 0 0 0 1 1 0 1 1 1 1 0 0 0 0
240	30	1 1 1 0 1 0 1 0 0 0 0 0 0 0 0 0
240	20	1 1 1 0 1 0 1 0 0 0 0 1 0 0 1 0
240	44	1 1 0 1 1 1 1 1 0 0 1 1 0 0 0 0
240	27	1 1 0 1 1 1 1 1 0 1 1 1 0 0 0 0
240	36	1 1 1 0 0 0 1 0 1 1 1 1 0 0 0 0
240	3	1 1 1 0 1 1 1 0 0 0 0 0 0 0 1 0
240	24	1 1 1 0 1 0 0 0 0 0 0 0 0 0 1 0
240	10	1 0 0 1 0 1 1 0 0 1 1 0 0 0 0 0
240	17	1 1 1 0 0 0 0 0 0 0 0 0 0 0 1 0
240	5	1 1 0 1 0 0 0 0 1 1 1 0 0 0 0 1
240	44	0 1 0 0 0 0 0 0 1 1 1 0 0 0 0 0
240	14	1 1 0 1 0 1 1 0 0 1 1 0 0 1 0 0
240	7	1 1 1 1 0 1 1 1 0 0 1 1 0 0 0 0
240	5	1 1 1 0 0 0 1 0 1 1 1 0 0 0 1 1
240	7	1 1 0 1 0 1 1 0 0 1 1 0 0 0 0 1
240	3	1 1 1 0 1 0 1 1 0 0 1 0 0 0 1 0
240	11	1 1 1 0 0 1 1 0 1 1 1 0 0 0 0 0
240	8	1 1 0 0 0 1 1 0 0 1 1 1 0 0 0 0
240	18	0 1 1 0 1 0 1 0 0 0 0 0 0 0 0 0
240	45	1 1 1 0 0 0 1 0 0 1 1 0 0 0 0 0
240	52	1 1 1 1 0 1 1 0 0 1 1 0 0 0 0 0
240	1	1 1 1 0 0 1 1 0 0 1 0 1 0 0 0 0
240	38	1 1 0 1 1 0 1 1 0 1 1 0 0 0 1 0
240	5	1 1 1 1 0 0 1 0 0 0 0 0 0 0 1 0
240	2	1 1 1 0 0 0 0 0 1 1 0 0 0 0 0 0
240	9	1 1 0 1 0 0 1 0 0 1 0 0 0 0 1 0
240	3	1 1 0 0 0 0 0 0 1 1 0 0 0 0 0 0
240	2	1 1 1 0 1 0 0 0 1 1 1 0 0 0 0 0
240	1	1 1 1 0 0 1 1 0 1 1 1 1 0 0 0 0
240	2	1 0 1 0 1 0 1 0 0 0 0 0 0 0 1 0
240	5	1 1 1 0 0 0 1 0 0 1 0 0 0 0 0 0
240	5	1 1 1 0 1 0 1 0 1 0 0 0 0 0 0 0
240	6	1 1 1 0 1 1 1 0 0 0 0 1 0 0 1 0
240	9	1 1 0 1 0 1 0 0 1 1 1 1 0 0 0 0
240	4	1 0 0 0 0 0 0 0 0 1 1 1 0 1 0 0
240	1	1 1 1 0 1 0 1 0 0 1 1 0 0 0 0 0
240	7	1 1 0 1 0 0 0 0 1 1 1 0 0 0 1 0
240	11	1 1 1 1 1 1 1 1 0 0 1 1 0 0 0 0
240	15	1 1 1 0 0 1 1 0 0 1 1 0 0 0 1 1
240	1	1 1 1 0 0 0 1 0 0 1 1 1 0 0 0 0
240	13	1 1 0 1 0 1 1 0 0 0 0 0 0 0 0 0
240	7	1 1 0 0 0 0 1 0 0 0 0 0 1 0 1 0
240	3	1 1 1 0 1 0 1 0 0 1 0 0 0 0 1 0
240	4	1 1 0 1 1 0 0 1 0 1 1 0 0 0 1 0
240	4	1 1 0 1 1 1 1 0 0 0 0 1 0 0 1 0
240	3	1 0 0 1 0 1 1 0 0 1 1 0 0 0 1 1
240	6	1 1 0 1 1 1 1 0 0 1 1 0 0 0 0 0
240	6	1 1 1 0 1 0 1 0 0 0 1 0 0 0 0 0
240	7	1 1 0 0 0 1 1 0 0 1 1 0 0 0 0 0
240	2	1 1 1 0 1 0 1 1 0 0 1 0 0 0 0 0
240	2	1 1 0 0 1 0 1 0 0 0 0 1 0 0 1 0
240	5	1 1 1 0 0 0 1 0 1 0 1 0 0 0 1 0
240	6	1 1 1 0 1 1 1 0 0 1 1 1 0 0 0 0
240	10	1 1 0 1 0 1 0 0 1 1 1 1 0 0 0 1
240	2	1 1 0 0 0 1 1 0 1 1 1 1 0 0 1 0
240	4	0 1 0 0 0 0 1 0 0 0 0 0 0 0 0 0
240	4	1 1 0 1 0 0 1 0 0 1 1 0 0 0 1 0
240	7	1 1 1 0 1 0 1 0 0 1 0 0 0 0 0 0
240	2	1 0 1 0 1 0 1 0 0 0 0 0 0 1 0 0
240	2	1 1 1 1 0 0 1 0 0 1 1 0 0 1 0 0
240	8	1 1 1 1 1 1 1 1 0 0 1 1 0 0 1 0
240	2	1 0 1 0 0 1 1 0 0 1 1 0 0 0 0 0
240	2	0 1 0 1 0 0 0 0 1 1 1 0 0 0 0 1
240	3	1 1 0 1 1 1 1 1 0 0 1 1 0 0 0 1
240	2	1 1 1 0 1 0 1 0 0 0 0 1 0 0 1 1
240	5	1 1 1 0 0 0 1 0 0 1 1 0 0 0 1 1
240	2	1 1 0 1 1 1 1 0 0 0 1 1 0 0 0 0
240	2	1 0 1 0 1 0 1 0 0 1 1 0 0 1 0 0
240	2	1 1 1 0 1 0 1 0 1 0 1 0 0 0 1 0
240	1	1 1 0 1 1 1 1 1 0 1 1 0 0 0 0 0
240	4	1 1 0 1 1 0 1 1 0 1 1 1 0 0 0 0
240	2	1 1 1 1 0 0 0 0 1 1 1 0 0 0 1 0
240	1	1 1 0 0 0 0 1 0 1 1 0 0 0 0 0 0
240	4	0 1 1 1 0 1 0 0 1 1 1 0 0 0 0 0
240	2	1 1 1 0 1 0 1 0 0 0 0 1 0 1 1 1
240	1	1 0 1 1 0 1 1 0 0 1 1 0 0 0 0 0
240	4	1 1 1 0 0 0 0 0 1 1 1 0 0 0 0 0
240	3	1 1 1 0 0 0 1 0 0 0 0 0 0 0 0 0
240	2	1 1 0 0 0 0 0 0 1 1 1 0 0 0 0 0
240	3	1 0 0 0 1 0 1 0 0 0 0 0 0 0 1 0
240	3	1 1 1 0 0 0 1 0 0 1 1 0 0 0 1 0
240	2	0 1 1 0 1 0 1 0 0 0 0 0 0 0 1 0
240	1	1 1 0 1 0 0 1 0 1 1 1 0 0 0 0 0
240	1	1 1 0 0 0 0 1 0 0 0 1 0 0 0 0 0
240	5	1 1 1 0 0 0 0 0 1 1 1 1 0 0 0 0
240	1	1 1 1 0 0 1 0 0 1 1 0 0 0 0 0 0
240	1	1 1 1 1 0 1 0 0 1 0 1 0 0 0 0 0
240	2	1 1 1 1 1 0 1 0 0 0 1 1 0 0 1 0
240	2	1 1 0 0 1 0 1 0 0 0 0 0 0 0 1 0
240	1	1 1 1 0 1 1 0 0 1 1 1 0 0 0 0 0
240	4	1 1 1 1 0 0 0 0 1 1 1 0 0 0 0 1
240	3	1 1 1 1 0 0 1 0 0 0 0 0 0 0 0 0
240	3	1 1 1 0 0 0 1 1 0 0 1 1 0 0 1 0
240	2	1 0 0 0 1 0 1 0 0 0 1 0 0 0 0 0
240	1	1 1 1 0 1 0 1 0 1 0 0 0 0 0 1 0
240	1	0 1 1 0 0 1 1 0 0 1 1 0 0 0 0 0
240	1	1 1 1 0 0 0 1 0 0 0 1 1 0 0 0 0
240	1	1 1 1 0 1 0 1 0 0 1 0 1 0 0 1 0
240	1	1 1 0 1 1 1 1 1 0 0 1 1 1 0 0 0
240	2	1 1 1 0 0 0 1 0 1 1 1 0 0 0 0 0
240	1	1 1 1 1 0 0 1 0 0 0 0 0 1 0 1 0
240	1	0 1 1 1 1 1 1 1 0 0 1 1 0 0 0 0
240	2	1 1 0 1 0 1 0 1 1 1 1 1 0 0 0 1
260	38	1 1 1 0 0 1 1 0 0 1 1 0 0 0 0 0
260	64	1 1 0 1 0 1 1 0 0 1 1 0 0 0 0 0
260	12	1 1 0 1 0 1 1 0 1 1 1 0 0 0 0 0
260	21	1 1 1 0 0 1 1 0 0 1 1 1 0 0 0 0
260	16	1 1 0 1 0 0 0 0 1 1 1 0 0 0 0 0
260	40	1 1 1 0 0 0 1 0 1 1 0 0 0 0 0 0
260	1	1 1 0 0 0 1 1 0 1 1 1 1 0 0 0 0
260	61	1 1 1 0 1 0 1 0 0 0 0 0 0 0 0 0
260	21	1 1 1 0 1 0 1 0 0 0 0 1 0 0 1 0
260	14	1 1 0 1 1 1 1 1 0 0 1 1 0 0 0 0
260	7	1 1 1 0 0 0 1 0 1 1 1 1 0 0 0 0
260	8	0 1 0 0 0 0 0 0 1 1 1 0 0 0 0 0
260	12	0 1 1 0 1 0 1 0 0 0 0 0 0 0 0 0
260	25	1 1 1 0 0 0 1 0 0 1 1 0 0 0 0 0
260	151	1 1 1 1 0 1 1 0 0 1 1 0 0 0 0 0
260	12	1 1 0 1 1 0 1 1 0 1 1 0 0 0 1 0
260	7	1 1 0 1 0 0 1 0 0 1 0 0 0 0 1 0
260	1	1 1 0 0 0 0 0 0 1 1 0 0 0 0 0 0
260	8	1 1 1 0 1 1 1 0 0 0 0 1 0 0 1 0
260	8	1 1 0 1 0 1 0 0 1 1 1 1 0 0 0 0
260	4	1 1 0 1 0 0 0 0 1 1 1 0 0 0 1 0
260	27	1 1 1 1 1 1 1 1 0 0 1 1 0 0 0 0
260	24	1 1 0 1 0 1 1 0 0 0 0 0 0 0 0 0
260	4	1 1 0 0 0 0 1 0 0 0 0 0 1 0 1 0
260	44	1 1 0 1 1 1 1 0 0 1 1 0 0 0 0 0
260	14	1 1 1 0 1 0 1 0 0 1 0 0 0 0 0 0
260	7	1 1 1 1 1 1 1 1 0 0 1 1 0 0 1 0
260	4	1 1 0 0 0 0 1 0 1 1 0 0 0 0 0 0
260	34	1 0 1 1 0 1 1 0 0 1 1 0 0 0 0 0
260	5	1 1 1 0 0 0 1 0 0 1 1 0 0 0 1 0
260	1	1 1 0 1 0 0 1 0 1 1 1 0 0 0 0 0
260	6	1 1 1 0 0 0 0 0 1 1 1 1 0 0 0 0
260	6	1 1 1 1 1 0 1 0 0 0 1 1 0 0 1 0
260	1	1 1 0 0 1 0 1 0 0 0 0 0 0 0 1 0
260	12	1 1 1 0 1 0 1 0 0 1 0 1 0 0 1 0
260	1	1 1 1 0 0 0 1 0 1 1 1 0 0 0 0 0
260	1	1 1 0 1 0 1 1 1 0 1 1 0 0 0 1 0
260	3	1 1 1 0 1 0 1 0 1 0 0 0 0 0 1 0
260	8	1 1 1 1 1 0 1 1 0 1 1 0 0 0 1 0
260	13	0 1 0 0 0 0 0 0 1 0 0 0 0 0 0 0
260	8	1 1 0 1 0 1 1 0 1 1 1 1 0 0 0 0
260	8	1 1 1 1 0 1 1 0 0 1 1 0 0 0 1 1
260	6	1 1 1 0 0 1 1 0 0 1 0 0 0 0 0 0
260	3	0 1 0 0 0 1 1 0 1 1 1 1 0 0 0 0
260	28	1 1 1 1 0 0 1 0 0 1 1 0 0 0 0 0
260	3	1 1 0 1 1 1 1 1 0 0 0 1 0 0 1 0
260	2	1 1 0 1 1 1 1 1 1 0 1 1 0 0 0 0
260	9	1 1 1 0 0 0 1 0 0 1 1 1 0 0 0 0
260	15	1 1 1 1 0 1 1 0 0 1 1 1 0 0 0 0
260	5	0 1 0 1 1 0 1 1 0 1 1 1 0 0 0 0
260	3	1 1 0 1 0 1 1 1 0 0 1 1 0 0 0 0
260	12	0 1 1 0 0 1 1 0 0 1 1 0 0 0 1 1
260	6	1 1 0 0 0 0 0 0 1 0 0 0 0 0 0 0
260	5	1 1 0 0 0 0 1 0 1 1 1 1 0 0 0 0
260	2	1 0 1 1 0 0 1 0 0 1 0 0 0 0 0 0
260	1	1 1 1 0 0 0 1 0 1 1 1 0 0 1 1 1
260	3	1 1 1 1 1 1 1 1 0 0 1 0 0 0 0 0
260	1	0 1 1 0 1 1 1 0 0 0 0 0 0 0 0 0
260	1	1 1 1 1 1 1 1 1 0 0 1 1 0 0 0 1
260	3	0 1 1 0 1 0 1 0 0 0 1 0 0 0 0 0
260	1	1 1 1 0 1 1 1 0 0 0 0 0 0 0 0 0
260	1	1 1 0 1 0 1 1 0 0 1 1 0 1 0 0 1
260	1	1 1 1 1 0 0 1 0 0 0 1 0 0 0 0 1
260	16	1 0 1 1 0 1 1 0 0 0 0 0 0 0 0 0
260	5	1 1 1 0 0 0 1 0 0 0 0 1 0 0 1 0
260	10	1 1 0 1 1 0 1 1 0 1 1 0 0 0 0 0
260	23	1 1 1 0 0 0 1 0 0 1 1 1 0 0 0 1
260	8	1 1 0 0 0 0 1 0 1 1 1 0 0 1 1 1
260	3	0 1 1 0 1 0 1 0 0 1 1 0 0 0 1 1
260	1	1 1 1 0 1 0 1 0 1 1 0 0 0 0 1 0
260	1	1 1 0 1 0 1 1 1 0 1 1 0 0 0 0 0
260	3	1 1 0 1 1 0 1 1 0 0 1 0 0 0 1 0
260	1	0 1 1 0 0 0 0 0 1 1 1 1 0 0 0 0
260	1	1 1 1 0 0 0 1 1 0 0 1 0 0 0 1 0
260	2	1 1 0 0 0 0 1 0 0 1 1 1 0 0 0 0
260	4	1 0 1 1 0 0 1 0 0 1 0 0 0 0 1 0
260	3	1 1 1 1 0 0 1 0 0 0 0 0 0 0 0 0
260	3	1 1 0 1 0 1 1 0 1 0 0 0 0 0 0 0
260	1	1 1 1 1 0 1 0 0 0 1 1 0 0 0 1 1
260	4	1 1 1 1 1 1 1 1 0 1 1 0 0 0 0 0
260	4	1 1 1 0 0 0 0 0 1 0 0 0 0 0 0 0
260	3	0 1 0 0 0 0 0 0 0 0 0 0 0 0 1 0
260	3	1 1 1 0 0 0 1 0 1 0 0 0 0 0 0 0
260	1	1 1 1 0 1 0 1 1 0 0 0 0 0 0 0 0
260	3	1 1 0 1 1 1 1 1 0 1 1 0 0 0 0 0
260	1	1 1 0 0 0 1 1 0 0 0 0 0 0 0 0 0
260	4	1 1 0 1 1 1 1 1 0 0 1 1 0 0 1 0
260	1	1 0 0 1 0 1 1 0 0 1 1 0 0 0 0 0
260	1	1 1 0 1 0 0 0 0 1 0 0 0 0 0 0 0
260	3	0 1 1 0 1 0 1 0 0 1 1 0 1 0 1 1
260	3	1 1 0 1 0 1 1 0 0 1 1 0 0 0 1 1
260	2	1 1 0 1 0 0 1 0 1 1 1 1 0 0 0 0
260	1	1 1 1 1 1 1 1 0 0 1 1 1 0 0 0 0
260	2	1 1 0 1 1 0 1 0 1 1 0 0 0 0 0 0
260	1	1 1 1 0 0 1 1 0 0 0 1 0 0 0 0 0
260	2	1 1 1 0 1 0 1 0 0 0 0 1 0 0 1 1
260	3	1 0 1 0 0 0 0 0 1 0 0 0 0 0 0 0
280	11	1 1 1 0 0 1 1 0 0 1 1 0 0 0 0 0
280	39	1 1 0 1 0 1 1 0 0 1 1 0 0 0 0 0
280	57	1 1 0 1 0 0 0 0 1 1 1 0 0 0 0 0
280	1	1 1 1 0 0 0 1 0 1 1 0 0 0 0 0 0
280	57	1 1 1 0 1 0 1 0 0 0 0 0 0 0 0 0
280	11	1 1 1 0 1 0 1 0 0 0 0 1 0 0 1 0
280	2	0 1 0 0 0 0 0 0 1 1 1 0 0 0 0 0
280	4	0 1 1 0 1 0 1 0 0 0 0 0 0 0 0 0
280	20	1 1 1 0 0 0 1 0 0 1 1 0 0 0 0 0
280	118	1 1 1 1 0 1 1 0 0 1 1 0 0 0 0 0
280	5	1 1 0 1 1 0 1 1 0 1 1 0 0 0 1 0
280	4	1 1 1 0 1 1 1 0 0 0 0 1 0 0 1 0
280	74	1 1 1 1 1 1 1 1 0 0 1 1 0 0 0 0
280	18	1 1 0 1 0 1 1 0 0 0 0 0 0 0 0 0
280	46	1 1 0 1 1 1 1 0 0 1 1 0 0 0 0 0
280	6	1 1 1 0 1 0 1 0 0 1 0 0 0 0 0 0
280	18	1 0 1 1 0 1 1 0 0 1 1 0 0 0 0 0
280	1	1 1 1 0 0 0 0 0 1 1 1 1 0 0 0 0
280	8	1 1 1 1 1 0 1 0 0 0 1 1 0 0 1 0
280	4	1 1 1 0 1 0 1 0 0 1 0 1 0 0 1 0
280	14	1 1 1 0 0 0 1 0 1 1 1 0 0 0 0 0
280	29	0 1 0 0 0 0 0 0 1 0 0 0 0 0 0 0
280	13	1 1 0 1 0 1 1 0 1 1 1 1 0 0 0 0
280	24	1 1 1 1 0 0 1 0 0 1 1 0 0 0 0 0
280	5	1 1 1 0 0 0 1 0 0 1 1 1 0 0 0 0
280	7	1 1 1 1 0 1 1 0 0 1 1 1 0 0 0 0
280	13	0 1 0 1 1 0 1 1 0 1 1 1 0 0 0 0
280	2	0 1 1 0 0 1 1 0 0 1 1 0 0 0 1 1
280	19	1 1 1 1 0 0 1 0 0 0 1 0 0 0 0 1
280	6	1 0 1 1 0 1 1 0 0 0 0 0 0 0 0 0
280	10	1 1 1 0 0 0 1 0 0 0 0 1 0 0 1 0
280	4	1 1 1 0 0 0 1 0 0 1 1 1 0 0 0 1
280	33	1 1 1 1 1 1 1 1 0 1 1 0 0 0 0 0
280	6	1 1 1 0 0 0 1 0 1 0 0 0 0 0 0 0
280	1	1 1 0 0 0 1 1 0 0 0 0 0 0 0 0 0
280	4	1 1 0 1 0 0 1 0 1 1 1 1 0 0 0 0
280	1	1 1 1 1 0 1 1 0 0 1 1 0 0 0 1 0
280	1	0 1 1 0 0 1 1 0 0 1 1 1 0 0 0 0
280	11	1 1 0 0 0 0 0 0 1 1 1 0 0 0 0 0
280	14	1 1 0 0 0 0 1 0 0 1 1 1 0 0 0 1
280	12	1 1 0 1 1 1 1 0 0 1 0 0 0 0 0 0
280	6	1 1 0 1 1 0 1 1 0 0 0 1 0 0 1 0
280	12	1 1 1 1 1 1 1 0 0 1 1 0 0 0 0 0
280	6	1 1 1 1 1 1 1 1 0 0 1 1 0 0 0 1
280	3	1 1 1 1 0 0 0 0 1 1 1 0 0 0 0 0
280	6	0 1 1 0 0 1 1 0 0 1 1 0 0 0 0 0
280	4	1 1 1 0 0 0 1 0 0 0 0 0 0 0 0 0
280	13	1 1 1 1 0 0 0 0 1 0 0 0 0 0 0 0
280	7	1 0 1 1 0 1 1 0 0 0 1 1 0 0 0 0
280	11	1 1 0 1 1 1 1 0 0 1 1 0 0 1 0 0
280	6	1 1 0 1 1 1 1 0 0 1 1 0 0 0 0 1
280	19	1 1 1 1 0 1 1 0 0 1 1 0 0 0 0 1
280	6	1 1 1 0 0 1 1 0 0 1 1 1 0 0 0 1
280	3	0 1 0 0 0 0 1 0 1 0 0 0 0 0 0 0
280	4	1 1 0 1 1 1 1 1 0 1 0 0 0 0 0 0
280	8	1 1 1 1 1 1 1 1 0 0 0 1 0 0 1 0
280	1	1 1 1 1 0 1 1 0 0 0 0 0 0 0 0 0
280	6	1 0 0 1 0 0 0 0 1 1 1 0 0 0 0 0
280	7	1 1 1 0 0 1 0 0 0 1 1 1 0 0 0 0
280	2	1 1 0 1 1 1 1 0 0 0 0 1 0 0 1 0
280	3	1 1 1 0 1 0 0 0 0 0 0 0 0 0 0 0
280	4	1 1 1 0 0 0 1 0 0 0 0 1 0 0 0 0
280	4	1 1 0 1 1 0 1 1 0 0 0 1 0 0 0 0
280	1	1 1 1 1 1 0 1 0 0 0 1 0 0 0 0 1
280	4	1 1 1 1 1 1 1 1 0 0 1 1 1 0 0 1
280	10	1 1 1 0 1 0 1 0 0 0 0 0 0 0 1 0
280	4	0 1 0 0 0 1 0 0 1 1 1 0 0 0 0 0
280	3	1 1 1 0 1 0 1 0 1 1 1 0 0 0 0 0
280	6	1 1 0 1 0 0 1 0 1 1 1 1 0 0 0 1
280	2	1 1 1 1 1 0 0 0 1 1 1 0 0 0 0 0
280	15	0 1 1 1 1 1 1 1 0 0 1 1 0 0 0 0
280	3	1 1 1 1 0 1 1 0 0 1 1 0 0 1 0 0
280	1	1 1 1 1 0 1 0 0 1 1 1 0 0 0 0 0
280	3	1 1 0 0 0 1 1 0 0 1 1 0 0 0 0 0
280	4	1 1 1 0 0 0 0 0 0 1 1 0 0 0 0 0
280	2	1 1 0 1 1 0 1 1 0 0 1 0 0 0 1 0
280	2	1 0 1 1 0 1 1 0 0 1 0 0 0 0 0 0
280	4	1 1 1 0 0 1 1 0 0 1 1 0 0 0 1 1
280	4	1 1 1 0 0 0 0 0 1 1 1 0 0 0 0 0
280	3	0 1 0 0 0 0 1 0 0 0 0 1 0 0 1 0
280	1	1 1 1 0 1 0 1 1 0 0 0 0 0 0 0 0
280	1	1 1 0 1 1 0 1 1 0 1 1 1 0 0 1 0
280	1	1 0 1 1 0 1 0 0 0 1 1 0 0 0 0 0
280	5	1 0 1 0 0 1 1 0 0 1 1 0 0 0 0 0
280	1	1 1 1 1 0 0 1 0 0 0 0 0 0 0 0 1
280	1	1 0 1 1 0 1 1 0 0 0 0 0 0 0 1 0
280	3	0 1 0 0 0 0 0 0 1 1 0 1 0 0 0 0
280	3	1 1 1 1 1 0 1 0 0 0 0 1 0 0 1 1
280	1	1 1 0 1 0 0 0 0 1 1 0 0 0 0 0 0
280	1	1 1 1 1 0 1 1 0 0 0 1 0 0 0 0 0
280	2	1 0 1 1 0 1 1 0 0 1 1 0 0 0 0 1
280	2	0 1 1 0 0 1 1 0 0 0 1 0 0 0 1 1
280	1	1 1 0 0 0 0 0 0 1 1 0 0 0 0 0 0
280	1	1 1 1 1 0 0 0 0 0 0 0 0 0 0 0 0
280	2	1 1 0 1 0 0 1 0 1 0 0 0 1 0 0 0
280	1	1 1 1 0 0 0 0 0 1 1 1 1 0 0 1 0
280	1	1 1 0 1 0 0 1 0 0 1 1 0 0 0 0 0
280	2	1 1 0 1 0 0 1 0 0 1 1 0 0 1 0 0
280	5	1 1 0 1 0 1 1 0 0 1 0 0 0 0 0 0
280	2	1 1 0 1 0 0 0 0 1 1 1 0 0 0 1 0
280	1	1 1 1 0 1 1 1 0 0 0 0 0 0 0 0 0
280	3	1 1 0 1 1 0 1 1 1 0 0 1 0 0 1 0
280	1	1 1 1 1 0 1 1 0 0 1 1 0 0 1 1 0
280	1	1 1 1 1 0 0 1 0 1 1 0 0 0 0 0 0
280	1	0 1 0 0 0 0 1 1 0 0 0 1 0 0 0 0
280	1	1 1 1 1 0 0 1 0 0 0 1 0 0 0 0 0
280	2	1 1 0 0 0 0 1 0 1 0 1 1 0 0 0 0
280	2	1 1 1 1 1 0 1 0 0 0 0 0 0 0 0 0
280	2	1 1 0 0 1 0 1 0 0 0 0 0 0 0 0 0
280	1	1 1 1 1 1 1 1 1 0 0 0 1 0 0 0 0
280	1	1 0 0 1 1 1 1 0 0 1 1 0 0 0 0 0
280	2	1 1 1 1 0 0 1 0 0 0 0 0 0 0 0 0
300	6	1 1 1 0 0 1 1 0 0 1 1 0 0 0 0 0
300	39	1 1 0 1 0 1 1 0 0 1 1 0 0 0 0 0
300	23	1 1 0 1 0 0 0 0 1 1 1 0 0 0 0 0
300	18	1 1 1 0 1 0 1 0 0 0 0 0 0 0 0 0
300	7	1 1 1 0 1 0 1 0 0 0 0 1 0 0 1 0
300	1	0 1 1 0 1 0 1 0 0 0 0 0 0 0 0 0
300	8	1 1 1 0 0 0 1 0 0 1 1 0 0 0 0 0
300	136	1 1 1 1 0 1 1 0 0 1 1 0 0 0 0 0
300	4	1 1 0 1 1 0 1 1 0 1 1 0 0 0 1 0
300	117	1 1 1 1 1 1 1 1 0 0 1 1 0 0 0 0
300	77	1 1 0 1 0 1 1 0 0 0 0 0 0 0 0 0
300	41	1 1 0 1 1 1 1 0 0 1 1 0 0 0 0 0
300	7	1 1 1 0 1 0 1 0 0 1 0 0 0 0 0 0
300	28	1 0 1 1 0 1 1 0 0 1 1 0 0 0 0 0
300	2	1 1 1 0 1 0 1 0 0 1 0 1 0 0 1 0
300	2	1 1 1 0 0 0 1 0 1 1 1 0 0 0 0 0
300	9	1 1 0 1 0 1 1 0 1 1 1 1 0 0 0 0
300	16	0 1 0 1 1 0 1 1 0 1 1 1 0 0 0 0
300	13	1 1 1 1 1 1 1 1 0 1 1 0 0 0 0 0
300	4	1 1 1 0 0 0 1 0 1 0 0 0 0 0 0 0
300	21	1 1 0 0 0 0 1 0 0 1 1 1 0 0 0 1
300	29	1 1 1 1 1 1 1 0 0 1 1 0 0 0 0 0
300	13	1 1 1 1 0 0 0 0 1 0 0 0 0 0 0 0
300	7	1 1 0 1 1 1 1 0 0 1 1 0 0 1 0 0
300	6	1 1 1 0 0 1 1 0 0 1 1 1 0 0 0 1
300	5	1 1 1 1 1 1 1 1 0 0 0 1 0 0 1 0
300	4	1 0 0 1 0 0 0 0 1 1 1 0 0 0 0 0
300	1	1 1 1 0 0 0 1 0 0 0 0 1 0 0 0 0
300	25	1 1 1 0 1 0 1 0 0 0 0 0 0 0 1 0
300	21	0 1 1 1 1 1 1 1 0 0 1 1 0 0 0 0
300	17	0 1 0 0 0 0 1 0 0 0 0 1 0 0 1 0
300	1	1 0 1 1 0 1 0 0 0 1 1 0 0 0 0 0
300	10	1 0 1 0 0 1 1 0 0 1 1 0 0 0 0 0
300	7	1 1 0 1 0 0 1 0 0 1 1 0 0 1 0 0
300	4	1 1 0 1 0 1 1 0 0 1 0 0 0 0 0 0
300	12	1 1 1 1 0 0 1 0 0 0 1 1 0 0 0 0
300	8	0 1 1 0 1 0 1 0 0 1 0 0 0 0 0 0
300	1	1 1 0 0 1 1 1 0 0 1 1 0 0 0 0 0
300	21	1 1 1 0 1 0 1 0 0 0 1 0 0 0 0 0
300	2	1 1 0 1 0 1 1 0 0 0 0 0 0 0 1 0
300	19	1 1 1 0 0 0 1 0 0 1 1 1 0 1 0 0
300	2	1 1 0 1 0 0 0 0 0 1 0 1 0 0 1 0
300	10	1 1 1 0 0 0 0 0 1 1 0 0 0 0 0 0
300	12	1 1 0 1 1 0 1 0 0 1 1 0 0 1 0 0
300	2	1 1 1 1 1 1 1 0 0 1 1 0 0 1 0 0
300	3	1 1 0 0 0 0 1 0 1 0 0 0 0 0 0 0
300	16	1 1 0 0 0 0 1 0 0 1 1 0 0 0 0 0
300	3	1 0 1 1 0 1 1 0 1 1 1 0 0 0 0 0
300	2	1 1 1 1 0 0 0 1 1 0 0 0 0 0 0 0
300	6	1 1 1 1 0 0 1 1 0 0 1 0 0 0 0 0
300	2	1 1 0 1 0 0 0 0 1 0 0 0 0 0 0 0
300	2	1 0 1 1 1 1 1 1 0 0 1 1 0 0 0 0
300	11	1 1 1 0 1 0 1 0 1 1 0 0 0 0 0 0
300	6	1 1 1 0 1 0 1 0 0 0 1 1 0 0 0 0
300	3	1 1 1 1 1 1 1 0 0 0 0 0 0 0 0 0
300	2	0 1 0 1 1 0 1 1 0 1 1 1 0 1 0 0
300	1	1 1 0 1 0 0 1 0 0 1 1 0 0 1 0 1
300	2	1 1 1 1 1 1 1 1 0 1 1 1 0 0 0 0
300	7	1 1 1 1 1 1 0 1 0 0 0 1 0 0 1 0
300	2	1 1 0 1 0 1 1 0 1 1 1 1 1 0 0 0
300	1	1 1 1 1 1 1 1 1 1 0 0 1 0 0 1 0
300	1	1 1 1 0 0 0 1 0 0 0 0 0 0 0 0 0
300	8	1 1 0 1 0 1 1 0 0 1 1 0 0 1 0 0
300	3	1 1 0 0 1 0 1 0 0 1 0 0 0 0 0 0
300	9	1 1 0 1 0 1 1 0 1 1 1 1 0 0 1 0
300	1	1 1 1 1 0 1 1 0 0 1 1 0 1 0 0 0
300	3	1 1 0 1 0 1 1 0 0 0 1 0 0 0 0 0
300	3	1 1 0 1 0 0 1 0 0 1 1 1 0 0 0 1
300	13	1 1 0 0 1 0 1 0 0 0 1 0 0 0 0 0
300	2	1 1 1 1 0 1 1 0 1 1 0 0 0 0 0 0
300	8	1 1 1 1 1 1 1 1 0 0 0 0 0 0 0 0
300	7	1 1 0 1 0 1 1 0 0 1 1 0 0 0 1 0
300	7	1 1 1 1 0 0 0 0 1 1 0 0 0 0 0 0
300	1	1 1 0 0 0 0 0 0 1 0 0 0 0 0 0 0
300	2	1 0 1 1 1 0 1 0 0 1 0 0 0 0 0 0
300	2	1 1 1 1 1 1 1 0 0 1 1 1 0 1 0 0
300	3	1 1 0 1 0 0 1 0 0 0 0 0 0 0 0 0
300	2	1 1 1 1 1 1 1 1 0 0 0 1 0 0 0 0
300	1	1 1 0 1 1 1 1 0 0 0 0 0 0 0 0 0
300	5	1 1 0 1 0 1 1 0 1 0 1 1 0 0 0 0
300	5	1 0 1 0 0 1 1 0 0 0 1 1 0 0 0 0
300	2	0 1 1 0 1 1 1 1 0 0 1 1 0 0 0 0
300	2	1 0 1 1 0 1 0 0 0 1 1 0 0 1 0 0
300	4	1 1 0 1 0 0 0 1 0 1 0 1 0 0 1 0
300	5	0 1 0 0 0 0 1 0 0 1 1 0 0 0 0 0
300	3	1 1 0 0 0 0 1 0 0 0 0 1 0 0 1 0
300	1	1 1 0 1 0 1 1 0 0 0 1 1 0 0 0 0
300	2	1 1 0 1 0 1 1 0 0 0 0 0 0 0 0 1
300	1	1 1 0 1 0 0 0 0 0 1 1 0 0 0 0 0
300	1	1 1 0 1 0 0 1 0 0 1 0 0 0 1 0 0
300	1	1 1 0 1 0 0 0 0 1 1 0 0 0 0 0 0
300	2	1 1 1 0 1 0 0 0 1 1 0 0 0 0 0 0
300	1	1 1 1 0 1 0 1 0 0 0 1 1 0 1 0 0
300	2	1 1 1 1 1 1 1 1 1 0 0 0 0 0 1 0
320	17	1 1 1 0 0 1 1 0 0 1 1 0 0 0 0 0
320	92	1 1 0 1 0 1 1 0 0 1 1 0 0 0 0 0
320	5	1 1 1 0 1 0 1 0 0 0 0 0 0 0 0 0
320	3	1 1 1 0 1 0 1 0 0 0 0 1 0 0 1 0
320	13	1 1 1 0 0 0 1 0 0 1 1 0 0 0 0 0
320	206	1 1 1 1 0 1 1 0 0 1 1 0 0 0 0 0
320	182	1 1 1 1 1 1 1 1 0 0 1 1 0 0 0 0
320	10	1 1 0 1 0 1 1 0 0 0 0 0 0 0 0 0
320	13	1 1 0 1 1 1 1 0 0 1 1 0 0 0 0 0
320	9	1 0 1 1 0 1 1 0 0 1 1 0 0 0 0 0
320	14	1 1 0 1 0 1 1 0 1 1 1 1 0 0 0 0
320	8	1 1 1 1 1 1 1 1 0 1 1 0 0 0 0 0
320	6	1 1 0 0 0 0 1 0 0 1 1 1 0 0 0 1
320	23	1 1 1 1 1 1 1 0 0 1 1 0 0 0 0 0
320	15	1 1 1 0 0 1 1 0 0 1 1 1 0 0 0 1
320	17	1 1 1 1 1 1 1 1 0 0 0 1 0 0 1 0
320	7	1 1 1 0 1 0 1 0 0 0 0 0 0 0 1 0
320	1	0 1 1 1 1 1 1 1 0 0 1 1 0 0 0 0
320	17	1 1 0 1 0 0 1 0 0 1 1 0 0 1 0 0
320	1	1 1 1 0 0 0 1 0 0 1 1 1 0 1 0 0
320	1	1 1 0 1 1 0 1 0 0 1 1 0 0 1 0 0
320	29	1 1 0 0 0 0 1 0 1 0 0 0 0 0 0 0
320	8	1 0 1 1 0 1 1 0 1 1 1 0 0 0 0 0
320	19	1 1 1 1 1 1 1 1 0 1 1 1 0 0 0 0
320	5	1 1 1 1 1 1 0 1 0 0 0 1 0 0 1 0
320	4	1 1 0 1 0 1 1 0 0 1 1 0 0 1 0 0
320	12	1 1 0 1 0 1 1 0 0 1 1 0 0 0 1 0
320	2	1 1 1 1 0 0 0 0 1 1 0 0 0 0 0 0
320	3	1 1 1 1 1 1 1 0 0 1 1 1 0 1 0 0
320	7	1 1 0 1 0 1 1 0 1 0 1 1 0 0 0 0
320	3	1 1 0 1 0 0 0 1 0 1 0 1 0 0 1 0
320	1	1 1 0 1 0 0 0 0 1 1 0 0 0 0 0 0
320	7	1 1 1 1 0 1 1 0 1 0 1 1 0 0 0 0
320	2	1 1 0 1 1 1 1 1 0 0 1 1 0 0 0 0
320	12	1 1 1 1 0 1 1 0 0 1 1 0 0 0 0 1
320	3	1 1 0 1 1 1 1 0 0 1 1 1 0 0 0 0
320	9	0 1 1 0 0 0 0 0 1 1 0 0 0 0 0 0
320	2	1 1 1 1 0 1 1 0 0 1 1 1 0 0 0 0
320	6	1 0 1 1 0 0 1 0 0 1 1 0 0 0 0 0
320	7	1 1 0 0 0 1 1 1 0 0 0 0 0 0 0 0
320	4	1 1 0 1 0 0 0 0 1 1 1 0 0 0 1 0
320	24	1 1 1 1 0 1 1 0 0 0 0 0 0 0 0 0
320	3	1 0 1 1 1 1 1 1 0 0 1 1 0 0 0 0
320	8	1 1 0 1 0 1 1 0 1 0 0 0 0 0 0 0
320	2	1 0 1 1 0 1 1 0 0 1 1 0 0 1 0 0
320	1	1 1 1 1 1 1 1 0 1 1 0 0 0 0 0 0
320	17	1 1 1 1 0 1 1 0 0 1 1 0 1 0 0 0
320	19	1 1 0 0 0 0 1 0 1 0 0 0 0 0 1 0
320	6	1 1 0 0 1 0 1 0 0 0 1 1 0 0 0 0
320	1	1 1 1 0 0 1 1 0 0 1 1 1 0 0 0 0
320	4	1 1 0 1 0 1 1 0 0 1 1 1 0 0 0 0
320	3	0 1 0 1 0 0 0 0 1 1 1 0 0 0 0 0
320	4	1 1 1 1 0 1 1 1 0 1 1 1 0 0 0 0
320	9	1 1 1 1 0 1 1 1 0 0 1 1 0 0 0 0
320	1	1 0 1 1 0 1 1 0 0 1 1 1 0 0 0 0
320	2	0 1 0 1 0 1 1 0 0 1 1 0 0 0 0 0
320	6	1 1 1 1 1 1 1 0 0 0 1 1 0 0 0 0
320	2	1 1 0 1 0 1 1 1 0 0 0 0 0 0 0 0
320	4	1 1 1 0 0 0 1 0 1 0 0 0 0 0 0 0
320	13	1 1 1 1 0 1 1 1 0 0 0 1 0 0 0 0
320	4	1 0 1 1 0 0 1 0 0 1 1 1 0 0 0 0
320	1	0 1 1 0 0 0 1 0 0 1 1 0 0 0 0 0
320	7	1 1 1 1 1 1 1 1 1 0 1 1 0 0 0 0
320	2	1 1 0 1 0 0 1 0 1 0 0 0 0 0 0 0
320	3	1 1 1 1 1 1 1 1 0 1 1 1 0 0 1 0
320	1	1 1 1 1 0 1 1 0 0 0 0 0 0 0 1 0
320	1	1 1 1 0 1 1 1 1 0 1 1 0 0 0 0 0
320	5	1 1 0 1 0 0 1 0 0 1 1 0 0 1 1 0
320	6	1 1 1 0 1 0 1 0 0 0 1 1 0 0 0 0
320	1	1 1 1 0 0 1 1 0 0 1 1 0 0 0 0 1
320	3	1 1 1 1 1 1 1 1 0 0 1 1 0 0 0 1
320	2	1 0 1 1 0 1 1 0 0 1 0 0 0 0 0 0
320	1	1 1 1 0 0 1 1 1 0 0 1 1 0 0 0 0
320	1	0 1 1 1 1 1 1 1 0 1 0 0 0 0 0 0
320	8	1 1 1 1 1 0 1 1 0 0 1 1 0 0 1 0
320	1	1 1 1 1 0 1 1 0 0 1 0 0 0 0 1 0
320	2	1 1 1 0 1 0 1 0 0 0 0 1 1 0 1 0
320	1	1 1 0 0 0 0 1 0 0 0 0 0 0 0 0 0
320	2	1 1 1 1 1 1 0 1 0 1 1 1 0 0 0 0
320	1	1 1 1 0 0 1 1 0 0 1 1 0 0 0 1 0
320	1	1 1 1 1 1 1 1 0 1 0 1 1 0 0 0 0
320	1	1 1 1 1 1 1 1 0 0 0 0 0 0 0 0 0
320	2	1 1 1 1 1 1 1 0 1 0 0 0 0 0 0 0
320	1	1 1 1 1 0 1 1 1 0 1 1 0 0 0 0 0
320	1	0 1 0 0 0 0 1 0 1 0 0 0 0 0 0 0
320	1	1 1 1 0 1 1 1 1 0 1 1 1 0 0 0 0
320	3	1 1 1 1 0 0 1 0 0 0 0 0 0 0 0 0
320	1	1 1 1 0 1 1 1 0 0 0 1 1 0 0 0 0
320	1	1 1 1 0 0 0 1 0 1 0 0 0 1 0 0 0
320	1	1 1 1 0 1 0 1 0 1 0 1 1 0 0 0 0
340	9	1 1 1 0 0 1 1 0 0 1 1 0 0 0 0 0
340	56	1 1 0 1 0 1 1 0 0 1 1 0 0 0 0 0
340	106	1 1 1 1 0 1 1 0 0 1 1 0 0 0 0 0
340	232	1 1 1 1 1 1 1 1 0 0 1 1 0 0 0 0
340	1	1 1 0 1 1 1 1 0 0 1 1 0 0 0 0 0
340	12	1 0 1 1 0 1 1 0 0 1 1 0 0 0 0 0
340	4	1 1 1 1 1 1 1 1 0 1 1 0 0 0 0 0
340	26	1 1 1 1 1 1 1 0 0 1 1 0 0 0 0 0
340	33	1 1 1 0 0 1 1 0 0 1 1 1 0 0 0 1
340	2	1 1 1 1 1 1 1 1 0 0 0 1 0 0 1 0
340	5	0 1 1 1 1 1 1 1 0 0 1 1 0 0 0 0
340	15	1 1 0 0 0 0 1 0 1 0 0 0 0 0 0 0
340	32	1 1 1 1 1 1 1 1 0 1 1 1 0 0 0 0
340	26	1 1 0 1 1 1 1 1 0 0 1 1 0 0 0 0
340	10	0 1 1 0 0 0 0 0 1 1 0 0 0 0 0 0
340	19	1 1 1 1 0 1 1 0 0 1 1 1 0 0 0 0
340	5	1 0 1 1 0 0 1 0 0 1 1 0 0 0 0 0
340	1	1 1 0 1 0 0 0 0 1 1 1 0 0 0 1 0
340	12	1 1 1 1 0 1 1 0 0 0 0 0 0 0 0 0
340	26	1 0 1 1 1 1 1 1 0 0 1 1 0 0 0 0
340	31	1 1 0 1 0 1 1 0 1 0 0 0 0 0 0 0
340	12	1 1 1 1 0 1 1 0 0 1 1 0 1 0 0 0
340	12	1 1 0 1 0 1 1 0 0 1 1 1 0 0 0 0
340	19	1 0 1 1 0 1 1 0 0 1 1 1 0 0 0 0
340	34	1 1 1 0 0 0 1 0 1 0 0 0 0 0 0 0
340	9	1 1 1 1 0 1 1 1 0 0 0 1 0 0 0 0
340	5	1 0 1 1 0 0 1 0 0 1 1 1 0 0 0 0
340	7	1 1 1 1 1 1 1 1 1 0 1 1 0 0 0 0
340	8	1 1 1 1 1 1 1 1 0 0 1 1 0 0 0 1
340	10	1 1 1 1 1 0 1 1 0 0 1 1 0 0 1 0
340	2	1 1 1 1 0 1 1 0 0 1 0 0 0 0 1 0
340	24	1 1 1 1 1 1 1 1 0 0 1 0 0 0 0 0
340	3	0 1 1 0 0 1 1 0 0 1 1 1 0 0 0 1
340	3	1 0 1 1 0 1 1 0 0 0 1 1 0 0 0 0
340	4	1 1 1 1 1 1 1 0 0 1 1 0 1 0 0 0
340	10	1 1 1 0 0 1 1 0 0 1 0 0 0 0 0 0
340	7	1 1 0 1 0 1 1 1 0 0 1 1 0 0 0 0
340	9	1 1 1 1 1 1 1 1 0 0 1 1 0 1 0 0
340	2	1 0 1 1 1 1 1 0 0 0 1 1 0 0 0 0
340	3	1 1 1 1 1 1 1 1 0 0 0 0 0 0 1 0
340	16	1 1 1 1 1 1 1 1 0 0 1 1 0 0 1 0
340	4	1 1 1 1 1 1 0 1 1 0 1 1 0 0 0 0
340	3	1 1 0 1 0 1 1 0 0 0 1 1 0 0 0 0
340	4	1 1 1 1 0 1 1 0 1 0 0 0 0 0 0 0
340	5	1 1 1 1 0 1 1 0 0 0 1 1 0 0 0 0
340	6	1 1 1 1 0 1 1 1 1 0 0 1 0 0 0 0
340	1	1 1 1 1 1 1 0 1 0 0 0 0 0 0 1 0
340	12	1 1 1 0 0 0 0 0 1 1 0 0 0 0 0 0
340	2	0 1 1 1 1 1 1 1 0 1 1 1 0 0 0 0
340	2	1 1 1 1 0 1 1 0 0 0 0 0 0 1 0 0
340	6	1 1 1 0 0 0 0 0 1 1 1 0 0 0 0 0
340	12	1 1 0 0 0 1 1 0 0 1 1 0 0 0 0 0
340	6	1 1 1 0 1 1 1 1 0 0 1 1 0 0 0 0
340	1	1 1 1 1 0 1 1 1 0 0 1 0 0 0 0 0
340	4	1 1 0 1 0 1 1 0 0 1 0 0 0 0 0 0
340	3	1 0 0 1 1 1 1 1 0 0 1 1 0 0 0 0
340	2	1 1 0 1 0 1 1 1 0 1 0 1 0 0 0 0
340	3	1 1 0 1 1 1 1 0 0 1 1 0 0 0 1 0
340	5	1 1 1 0 0 0 1 0 0 0 1 1 0 0 0 0
340	2	0 1 1 1 0 1 1 0 0 1 1 0 0 0 0 0
340	4	0 1 1 0 0 0 0 0 1 1 0 0 0 0 1 0
340	4	1 1 1 1 1 1 1 1 0 1 1 1 0 0 0 1
340	7	1 0 1 1 1 1 1 1 0 0 1 0 0 0 0 0
340	2	1 0 1 1 0 1 1 0 0 1 1 0 1 0 0 0
340	2	1 0 1 1 1 1 1 1 0 1 1 1 0 0 0 0
340	2	1 1 1 1 0 1 1 0 0 1 1 0 0 1 0 0
340	5	1 1 1 1 0 1 1 0 0 0 1 0 0 0 0 0
340	1	1 1 1 1 1 1 1 1 0 0 1 1 1 0 0 0
340	10	1 1 1 1 1 0 1 1 0 0 1 1 0 0 0 0
340	2	1 1 0 0 1 1 1 1 0 0 1 1 0 0 0 0
340	1	1 0 1 1 1 1 1 0 0 1 1 0 1 0 0 0
340	1	1 1 0 1 0 1 0 0 0 0 1 1 0 0 0 0
340	1	1 1 1 1 0 1 1 1 0 0 1 1 0 0 0 0
340	1	1 0 1 1 1 1 1 1 0 1 1 0 0 0 0 0
340	1	1 1 1 1 1 1 1 0 0 0 1 1 0 0 0 0
340	1	1 1 0 1 1 1 1 0 1 0 0 0 0 0 0 0
340	1	1 1 1 0 1 0 1 0 1 0 0 0 0 0 0 0
340	1	1 1 1 1 0 1 0 1 1 0 0 1 0 0 0 0
340	4	1 0 1 1 1 0 1 1 0 1 1 1 0 0 0 0
340	3	1 1 1 1 1 1 1 1 0 1 1 0 0 0 1 0
340	1	1 1 1 1 0 1 1 1 0 1 1 0 1 0 0 0
360	21	1 1 0 1 0 1 1 0 0 1 1 0 0 0 0 0
360	100	1 1 1 1 0 1 1 0 0 1 1 0 0 0 0 0
360	218	1 1 1 1 1 1 1 1 0 0 1 1 0 0 0 0
360	21	1 1 1 1 1 1 1 0 0 1 1 0 0 0 0 0
360	12	1 1 1 0 0 1 1 0 0 1 1 1 0 0 0 1
360	1	1 1 0 0 0 0 1 0 1 0 0 0 0 0 0 0
360	25	1 1 1 1 1 1 1 1 0 1 1 1 0 0 0 0
360	27	1 1 0 1 1 1 1 1 0 0 1 1 0 0 0 0
360	5	1 0 1 1 0 0 1 0 0 1 1 0 0 0 0 0
360	15	1 1 0 1 0 1 1 0 1 0 0 0 0 0 0 0
360	59	1 1 0 1 0 1 1 0 0 1 1 1 0 0 0 0
360	6	1 1 1 0 0 0 1 0 1 0 0 0 0 0 0 0
360	3	1 0 1 1 0 0 1 0 0 1 1 1 0 0 0 0
360	17	1 1 1 1 1 1 1 1 0 0 1 1 0 0 0 1
360	8	1 1 1 1 1 0 1 1 0 0 1 1 0 0 1 0
360	31	1 1 1 1 1 1 1 1 0 0 1 0 0 0 0 0
360	3	1 1 1 1 1 1 1 1 0 0 1 1 0 1 0 0
360	28	1 0 1 1 1 1 1 0 0 0 1 1 0 0 0 0
360	6	1 1 1 1 1 1 1 1 0 0 0 0 0 0 1 0
360	8	1 1 1 1 1 1 1 1 0 0 1 1 0 0 1 0
360	5	1 1 0 1 0 1 1 0 0 0 1 1 0 0 0 0
360	5	1 1 1 1 0 1 1 0 1 0 0 0 0 0 0 0
360	20	1 1 1 1 0 1 1 1 1 0 0 1 0 0 0 0
360	8	1 1 1 0 0 0 0 0 1 1 1 0 0 0 0 0
360	6	1 1 1 0 1 1 1 1 0 0 1 1 0 0 0 0
360	19	1 1 0 1 0 1 1 1 0 1 0 1 0 0 0 0
360	2	0 1 1 0 0 0 0 0 1 1 0 0 0 0 1 0
360	5	1 1 1 1 1 1 1 1 0 1 1 1 0 0 0 1
360	29	1 1 1 1 1 0 1 1 0 0 1 1 0 0 0 0
360	24	1 1 1 1 0 1 1 1 0 0 1 1 0 0 0 0
360	15	1 1 1 1 1 1 1 1 0 1 1 0 0 0 1 0
360	29	1 1 0 1 0 1 1 0 0 1 0 1 0 0 0 0
360	1	1 1 1 0 0 1 1 0 0 1 1 0 1 0 0 0
360	5	1 1 1 1 0 1 1 0 1 1 1 0 0 0 0 0
360	6	0 1 1 0 0 0 0 0 1 1 1 0 0 0 0 0
360	4	1 1 0 1 1 1 1 0 0 1 1 1 0 0 0 0
360	8	1 0 0 1 0 0 1 0 1 0 0 0 0 0 0 0
360	1	1 1 1 0 1 1 1 0 0 1 1 0 0 0 0 0
360	2	1 1 0 1 1 1 1 1 0 0 0 1 0 0 0 0
360	1	1 1 1 1 0 1 1 0 0 1 0 0 0 0 0 0
360	15	1 1 1 1 0 1 1 1 0 0 1 1 0 0 1 0
360	18	1 1 1 1 0 1 1 0 0 1 1 1 0 0 0 0
360	3	0 1 1 0 0 0 1 0 1 0 0 0 0 0 0 0
360	11	1 1 1 1 0 1 1 0 0 0 1 1 0 0 0 0
360	3	1 0 1 1 0 1 1 0 0 0 1 1 0 0 0 0
360	8	1 1 0 1 1 1 1 1 0 0 1 1 0 0 0 1
360	11	1 1 1 0 0 0 1 0 1 0 1 0 0 0 0 0
360	5	0 1 1 0 0 0 0 0 1 1 0 0 1 0 1 0
360	7	1 1 1 1 0 0 1 0 0 0 1 0 0 0 0 0
360	4	1 1 0 1 1 1 1 0 0 1 1 0 0 0 0 0
360	10	0 1 1 0 0 1 0 0 1 1 0 0 0 0 0 0
360	1	1 1 1 0 0 0 0 0 1 0 1 0 0 0 0 0
360	12	0 1 1 1 0 1 1 1 0 0 1 1 0 0 0 0
360	3	1 1 0 1 0 1 1 0 0 1 1 0 1 0 0 0
360	2	1 1 1 1 1 1 0 1 0 0 1 1 0 0 0 0
360	1	1 0 1 1 1 1 1 1 0 0 1 1 0 0 0 0
360	13	0 1 1 0 0 0 0 0 0 1 0 0 0 0 1 0
360	8	1 1 1 0 0 0 0 0 1 1 0 0 0 0 0 0
360	4	1 1 1 0 0 1 1 0 1 0 0 0 0 0 0 0
360	2	1 1 1 1 0 0 1 0 1 0 0 0 0 0 0 0
360	1	1 1 1 1 0 1 1 0 0 0 0 1 0 0 0 0
360	1	1 1 1 0 0 0 0 0 1 0 0 0 0 0 0 0
360	9	1 1 1 1 1 1 1 0 0 0 1 0 0 0 0 0
360	4	1 1 0 1 1 1 1 1 1 0 0 1 0 0 0 0
360	3	1 1 1 0 0 1 1 0 1 0 1 0 0 0 0 0
360	1	1 1 1 1 1 1 1 0 0 0 0 0 0 0 1 0
360	3	1 0 0 1 0 0 1 0 1 0 0 0 0 0 0 1
360	6	1 1 0 1 1 1 1 1 0 0 0 0 0 0 0 0
360	2	1 1 0 1 0 1 1 1 0 0 1 1 0 0 0 0
360	1	1 1 0 1 0 1 1 0 0 1 1 1 0 0 0 1
360	2	1 1 1 1 0 1 1 0 0 1 1 0 0 0 1 0
360	2	0 1 1 1 1 1 1 1 0 0 1 1 0 0 0 0
360	1	1 1 0 1 0 1 0 0 0 0 1 1 0 0 0 0
360	2	0 1 0 1 0 1 1 1 0 1 0 1 0 0 0 0
360	1	1 1 1 1 1 1 1 0 0 1 1 1 0 0 0 1
360	2	1 1 0 1 1 1 0 1 0 0 0 1 0 0 0 0
360	2	1 1 1 1 0 1 1 1 0 0 1 1 0 0 0 1
360	4	0 1 1 0 0 0 0 0 1 1 0 1 0 0 0 0
360	2	1 1 1 1 1 1 1 0 0 1 1 1 0 0 0 0
360	1	1 1 1 0 0 0 0 0 1 0 0 0 0 1 0 0
380	9	1 1 0 1 0 1 1 0 0 1 1 0 0 0 0 0
380	64	1 1 1 1 0 1 1 0 0 1 1 0 0 0 0 0
380	153	1 1 1 1 1 1 1 1 0 0 1 1 0 0 0 0
380	60	1 1 1 1 1 1 1 0 0 1 1 0 0 0 0 0
380	4	1 1 1 0 0 1 1 0 0 1 1 1 0 0 0 1
380	40	1 1 1 1 1 1 1 1 0 1 1 1 0 0 0 0
380	3	1 1 0 1 1 1 1 1 0 0 1 1 0 0 0 0
380	19	1 1 0 1 0 1 1 0 0 1 1 1 0 0 0 0
380	39	1 1 1 1 1 1 1 1 0 0 1 1 0 0 0 1
380	24	1 0 1 1 1 1 1 0 0 0 1 1 0 0 0 0
380	1	1 1 1 1 0 1 1 1 1 0 0 1 0 0 0 0
380	24	1 1 1 0 1 1 1 1 0 0 1 1 0 0 0 0
380	6	1 1 1 1 1 1 1 1 0 1 1 1 0 0 0 1
380	96	1 1 1 1 1 0 1 1 0 0 1 1 0 0 0 0
380	25	1 1 1 1 0 1 1 1 0 0 1 1 0 0 0 0
380	1	1 1 1 1 1 1 1 1 0 1 1 0 0 0 1 0
380	3	1 1 0 1 0 1 1 0 0 1 0 1 0 0 0 0
380	20	1 1 1 1 0 1 1 1 0 0 1 1 0 0 1 0
380	6	1 1 1 1 0 1 1 0 0 1 1 1 0 0 0 0
380	3	1 1 1 1 0 1 1 0 0 0 1 1 0 0 0 0
380	27	1 1 0 1 1 1 1 1 0 0 1 1 0 0 0 1
380	4	1 1 1 0 0 0 1 0 1 0 1 0 0 0 0 0
380	2	1 1 1 1 0 0 1 0 0 0 1 0 0 0 0 0
380	3	1 1 0 1 1 1 1 0 0 1 1 0 0 0 0 0
380	6	0 1 1 1 0 1 1 1 0 0 1 1 0 0 0 0
380	11	1 1 0 1 0 1 1 0 0 1 1 0 1 0 0 0
380	16	1 1 1 1 1 1 0 1 0 0 1 1 0 0 0 0
380	3	1 1 1 0 0 0 0 0 1 0 0 0 0 0 0 0
380	4	1 1 1 1 1 1 1 0 0 0 1 0 0 0 0 0
380	14	1 1 1 1 1 1 1 0 0 0 0 0 0 0 1 0
380	22	0 1 1 1 1 1 1 1 0 0 1 1 0 0 0 0
380	4	1 1 0 1 0 1 0 0 0 0 1 1 0 0 0 0
380	7	1 1 0 1 1 1 0 1 0 0 0 1 0 0 0 0
380	11	1 1 1 1 0 1 1 1 0 0 1 1 0 0 0 1
380	17	1 1 1 1 0 1 1 0 0 1 1 1 0 0 0 1
380	6	1 1 1 1 0 1 1 0 0 1 1 0 0 1 0 0
380	9	1 0 1 1 1 1 1 1 0 1 1 1 0 0 0 1
380	10	1 1 1 1 1 1 0 0 0 1 1 0 0 0 0 0
380	1	1 0 1 1 1 1 0 0 0 0 1 1 0 0 0 0
380	2	1 1 0 1 0 1 1 0 0 1 1 0 0 1 0 0
380	2	1 1 1 0 0 1 1 0 0 1 1 0 0 0 0 0
380	15	1 1 1 1 1 1 1 0 0 0 1 1 0 0 0 0
380	5	1 1 1 1 1 0 1 1 0 0 1 1 0 1 0 0
380	6	1 1 1 1 0 1 0 0 0 1 1 0 0 0 0 0
380	5	1 1 1 1 1 1 1 1 0 1 1 1 0 0 1 0
380	5	0 1 1 0 0 0 0 0 0 0 0 0 0 0 1 0
380	3	1 0 1 1 1 1 1 0 0 1 1 0 0 0 0 0
380	12	1 0 1 0 0 0 1 0 1 0 0 0 0 0 0 0
380	8	0 1 1 1 1 0 1 1 0 0 1 1 0 0 0 0
380	6	1 1 1 1 0 0 1 1 0 0 1 0 0 0 0 0
380	1	1 0 1 1 1 1 1 1 0 1 1 1 0 0 0 0
380	3	1 0 1 1 1 0 1 0 0 0 1 1 0 0 0 0
380	14	1 1 1 0 1 1 0 1 0 0 1 1 0 0 0 0
380	6	1 1 1 1 1 0 1 1 0 0 0 1 0 0 0 0
380	2	1 1 0 1 0 1 1 0 1 0 0 0 0 0 1 0
380	7	1 1 0 1 1 1 1 1 0 1 1 1 0 0 0 1
380	5	1 1 1 0 0 1 0 0 0 1 1 0 0 0 0 0
380	16	1 1 0 1 1 0 1 1 0 0 1 1 0 1 0 0
380	2	0 1 1 1 1 1 1 1 1 0 1 1 0 0 0 0
380	6	1 1 1 1 0 0 1 1 0 1 1 0 0 0 0 0
380	6	1 1 1 1 1 1 1 0 0 1 1 1 0 0 0 1
380	1	1 1 0 1 0 0 1 0 0 1 1 0 0 0 0 0
380	1	1 1 0 1 0 1 1 0 0 1 1 1 0 1 0 0
380	2	1 1 1 1 1 0 0 1 0 0 1 1 0 0 0 0
380	10	1 1 1 1 1 1 1 1 0 0 1 1 0 1 0 0
380	7	1 1 1 1 1 1 1 1 0 1 1 0 0 0 0 0
380	7	1 1 1 1 0 1 1 0 1 0 0 1 0 0 0 1
380	5	1 1 1 1 1 1 1 1 0 0 0 1 0 0 0 0
380	3	1 1 1 1 0 1 1 1 0 0 1 1 0 0 1 1
380	9	1 1 1 1 0 1 1 0 0 0 1 0 0 0 0 0
380	6	1 1 1 1 1 1 0 0 0 1 1 1 0 0 0 0
380	1	1 0 1 1 1 1 1 0 0 0 0 0 0 0 1 0
380	1	0 1 1 1 1 1 1 1 0 0 1 1 1 0 0 0
380	1	1 1 1 0 0 0 0 0 0 0 0 0 0 0 1 0
380	8	1 1 1 1 1 1 1 1 1 0 1 1 0 0 0 0
380	2	1 1 0 1 0 1 0 1 0 0 1 1 0 0 0 0
380	6	1 0 1 1 1 1 1 1 0 0 1 1 0 0 0 1
380	1	1 1 1 1 1 1 1 0 0 1 1 0 1 0 0 0
380	1	1 1 0 1 1 1 1 1 0 0 1 0 0 0 0 0
380	1	1 1 1 1 1 1 1 0 0 0 0 1 0 0 0 0
380	1	0 1 1 1 1 0 1 1 0 0 1 1 0 0 0 1
380	2	1 1 1 1 0 0 1 1 0 0 1 1 0 0 0 0
380	1	1 1 1 1 0 1 1 1 1 0 1 1 0 0 0 0
380	3	1 1 0 1 1 1 1 1 1 0 1 1 0 0 0 1
380	3	1 1 0 1 1 1 1 1 0 0 1 0 0 0 0 1
380	1	1 1 1 1 1 1 1 0 0 1 1 1 0 0 1 0
380	2	1 1 1 0 0 1 0 0 0 1 1 0 0 0 0 1
400	27	1 1 1 1 0 1 1 0 0 1 1 0 0 0 0 0
400	191	1 1 1 1 1 1 1 1 0 0 1 1 0 0 0 0
400	66	1 1 1 1 1 1 1 0 0 1 1 0 0 0 0 0
400	66	1 1 0 1 0 1 1 0 0 1 1 1 0 0 0 0
400	27	1 1 1 1 1 1 1 1 0 0 1 1 0 0 0 1
400	12	1 0 1 1 1 1 1 0 0 0 1 1 0 0 0 0
400	8	1 1 1 0 1 1 1 1 0 0 1 1 0 0 0 0
400	84	1 1 1 1 1 0 1 1 0 0 1 1 0 0 0 0
400	4	1 1 1 1 0 1 1 1 0 0 1 1 0 0 1 0
400	1	1 1 1 1 0 0 1 0 0 0 1 0 0 0 0 0
400	11	1 1 0 1 0 1 1 0 0 1 1 0 1 0 0 0
400	5	1 1 1 1 1 1 0 1 0 0 1 1 0 0 0 0
400	4	1 1 1 0 0 0 0 0 1 0 0 0 0 0 0 0
400	8	0 1 1 1 1 1 1 1 0 0 1 1 0 0 0 0
400	4	1 1 0 1 0 1 0 0 0 0 1 1 0 0 0 0
400	12	1 1 1 1 0 1 1 1 0 0 1 1 0 0 0 1
400	28	1 1 1 1 0 1 1 0 0 1 1 1 0 0 0 1
400	13	1 1 1 1 0 1 1 0 0 1 1 0 0 1 0 0
400	20	1 0 1 1 1 1 1 1 0 1 1 1 0 0 0 1
400	54	1 1 1 1 1 1 1 0 0 0 1 1 0 0 0 0
400	11	1 1 1 1 1 0 1 1 0 0 1 1 0 1 0 0
400	3	1 1 1 1 1 1 1 1 0 1 1 1 0 0 1 0
400	11	0 1 1 1 1 0 1 1 0 0 1 1 0 0 0 0
400	10	1 1 1 0 1 1 0 1 0 0 1 1 0 0 0 0
400	5	1 1 1 1 0 0 1 1 0 1 1 0 0 0 0 0
400	9	1 1 1 1 1 1 1 0 0 1 1 1 0 0 0 1
400	5	1 1 1 1 1 1 1 1 0 1 1 0 0 0 0 0
400	11	1 1 1 1 1 1 1 1 0 0 0 1 0 0 0 0
400	1	1 0 1 1 1 1 1 1 0 0 1 1 0 0 0 1
400	7	1 0 1 1 0 1 1 0 0 1 1 0 0 0 0 0
400	3	1 1 1 1 1 1 1 1 0 0 1 1 0 0 1 0
400	18	1 0 1 1 0 1 1 0 0 1 1 1 0 0 0 1
400	5	1 1 0 1 0 1 1 0 0 0 1 0 0 0 0 0
400	6	1 1 1 1 0 1 1 0 1 0 1 1 0 0 0 0
400	10	1 1 1 0 0 0 1 0 1 0 0 0 0 0 0 0
400	5	1 1 1 0 1 0 1 0 1 0 1 0 0 0 0 0
400	1	1 1 1 1 1 1 1 0 0 1 1 1 0 0 0 0
400	8	0 1 0 1 0 1 1 0 0 1 1 0 0 0 0 0
400	3	1 1 1 1 1 1 1 1 0 1 1 1 1 0 1 0
400	4	0 1 1 1 0 1 1 1 0 0 1 1 0 0 1 1
400	7	1 1 0 1 0 1 1 1 0 0 1 1 0 0 0 0
400	6	1 1 1 0 1 1 1 1 0 1 1 1 0 0 0 0
400	1	1 1 1 1 1 0 1 1 0 1 1 0 0 0 0 0
400	4	0 1 0 1 0 1 1 1 0 0 1 1 0 0 0 0
400	16	1 1 1 1 1 1 0 0 0 1 1 1 0 0 0 1
400	2	1 1 1 1 1 1 1 0 0 1 1 0 0 0 0 1
400	3	0 1 1 1 1 1 1 1 0 0 1 1 0 0 0 1
400	14	1 1 1 1 1 0 1 1 0 0 1 0 0 0 0 0
400	14	1 1 0 1 0 1 1 0 0 1 1 1 0 0 0 1
400	9	1 1 1 1 0 0 1 0 0 1 1 1 0 0 0 0
400	3	1 1 1 1 0 0 1 1 0 0 1 1 0 0 0 0
400	4	1 1 1 1 1 1 1 1 0 0 0 0 0 0 0 0
400	4	0 1 1 0 0 1 1 1 0 0 1 1 0 0 1 1
400	2	1 1 1 1 0 1 1 0 0 0 1 1 0 0 0 0
400	2	1 1 1 1 1 1 0 1 0 1 1 1 0 0 0 0
400	6	1 1 0 1 1 1 1 0 0 1 1 0 0 0 0 0
400	3	1 0 1 1 1 0 1 1 0 0 1 1 0 0 0 0
400	2	1 0 1 1 0 1 1 0 0 1 1 0 0 1 0 0
400	7	1 0 1 1 1 1 1 1 0 0 1 1 0 0 0 0
400	13	1 1 1 1 0 1 1 1 0 1 1 0 0 0 0 0
400	4	1 1 1 1 1 1 0 0 0 1 1 0 0 0 0 0
400	2	1 1 0 1 0 0 1 0 0 1 1 1 0 0 0 0
400	3	1 1 1 1 1 1 1 1 0 0 1 1 0 1 0 1
400	2	1 1 1 1 0 1 1 1 0 0 1 1 0 0 0 0
400	8	1 1 0 1 0 1 1 1 0 0 1 1 0 0 0 1
400	1	1 1 0 0 1 1 1 0 0 1 1 0 0 0 0 0
400	1	1 1 0 1 1 1 1 1 0 0 1 1 0 0 0 0
400	4	1 1 1 1 1 0 1 1 0 0 1 1 0 0 0 1
400	5	1 1 1 1 1 0 1 1 0 1 1 1 0 1 0 0
400	7	1 1 1 1 1 1 0 1 0 1 1 1 0 1 0 1
400	1	1 1 1 1 0 0 1 1 0 0 1 0 1 0 0 0
400	1	0 1 1 1 1 1 0 1 0 0 1 1 0 0 0 0
400	4	1 1 1 1 1 1 1 1 0 0 1 1 1 0 0 0
400	3	1 1 1 1 1 1 1 1 0 1 1 1 0 0 0 0
400	2	1 1 1 1 1 1 1 0 0 1 1 0 0 1 0 0
400	3	1 1 1 1 1 1 1 0 0 0 1 0 0 0 0 0
400	2	1 1 1 1 1 0 1 0 0 1 1 1 0 0 0 0
400	3	1 1 1 1 0 1 1 1 0 0 1 1 1 0 0 0
400	1	1 1 1 1 0 1 1 0 0 1 1 1 0 0 0 0
400	2	1 1 1 1 0 1 1 0 0 1 1 1 0 1 0 0
400	6	1 1 1 1 1 1 0 1 0 1 1 0 0 0 0 0
400	2	1 1 0 1 0 1 0 0 0 0 1 0 0 0 0 0
400	2	1 1 1 1 0 1 1 0 0 1 0 0 0 1 0 0
400	3	0 1 1 1 1 0 1 1 0 0 0 1 0 0 0 0
400	2	1 1 1 1 1 1 1 1 0 1 1 1 0 1 0 1
400	1	1 1 0 1 0 1 1 0 0 0 1 1 0 0 0 0
400	1	1 0 1 1 1 1 1 0 0 1 1 1 0 0 0 1
400	2	1 1 1 1 0 1 1 1 0 1 1 1 0 0 0 0
400	2	1 1 1 1 1 1 0 1 0 1 1 1 0 1 0 0
400	4	1 1 1 1 1 1 1 0 1 1 1 0 0 0 0 0
400	2	1 1 1 1 1 0 1 1 0 0 0 1 0 0 0 0
400	4	1 1 1 1 0 1 1 0 0 1 1 0 1 0 0 0
400	2	1 1 1 1 1 1 1 1 0 1 1 0 0 0 1 0
400	2	1 0 1 1 0 1 0 0 0 1 1 1 0 0 0 1
400	2	1 0 1 1 0 1 1 0 0 1 1 1 0 1 0 1
400	1	1 1 0 1 0 1 0 0 0 1 1 1 0 0 0 1
