0	250	0 0 1 0 0 0 0 1 0 0 0 1 1 1 0 0
0	250	0 0 0 0 1 0 1 0 0 0 0 0 0 0 0 0
0	250	0 0 0 0 0 0 0 0 1 0 0 1 0 1 0 0
0	250	0 0 0 0 0 0 0 0 0 0 0 1 0 0 0 0
20	167	0 0 1 0 0 0 0 1 0 0 0 1 1 1 0 0
20	96	0 0 0 0 1 0 1 0 0 0 0 0 0 0 0 0
20	66	0 0 0 0 0 0 0 0 1 0 0 1 0 1 0 0
20	127	0 0 0 0 0 0 0 0 0 0 0 1 0 0 0 0
20	1	0 0 0 0 0 0 0 0 1 0 0 1 1 1 0 0
20	9	0 0 0 0 0 0 0 1 0 0 0 1 1 1 0 0
20	2	0 0 0 0 0 0 0 0 0 0 0 0 0 0 0 0
20	21	0 0 1 0 0 0 0 1 0 0 1 1 1 1 0 0
20	10	0 0 0 0 1 0 1 0 1 0 0 0 0 0 0 0
20	7	0 0 0 1 0 0 0 0 1 0 0 1 0 1 0 0
20	37	0 0 0 0 0 0 0 0 0 0 1 1 0 0 0 0
20	64	1 0 0 1 0 0 0 0 1 0 0 1 0 1 0 0
20	25	0 0 1 0 0 0 0 1 0 0 0 0 1 1 0 0
20	2	0 0 1 0 0 0 0 1 0 1 0 1 1 1 0 0
20	5	0 0 0 0 0 0 1 0 1 0 0 1 0 1 0 0
20	27	0 0 0 1 0 0 0 0 0 0 0 1 0 0 0 0
20	2	0 0 0 0 0 1 0 0 0 0 0 1 0 0 0 0
20	5	0 0 0 0 0 0 0 1 0 0 0 1 0 0 0 0
20	9	0 0 0 0 1 0 0 1 0 0 0 1 1 1 0 0
20	3	0 0 1 0 0 1 0 1 0 0 0 1 1 1 0 0
20	5	0 0 0 0 1 0 1 0 0 0 0 0 0 0 1 0
20	8	0 0 1 0 0 0 0 1 0 0 0 0 0 0 0 0
20	14	0 0 0 0 1 0 0 0 0 0 0 0 0 0 0 0
20	16	0 0 1 0 1 0 1 0 0 0 0 0 0 0 0 0
20	6	1 0 0 0 1 0 1 0 0 0 0 0 0 0 0 0
20	3	0 0 0 1 1 0 1 0 0 0 0 0 0 0 0 0
20	20	0 0 0 0 1 0 0 0 0 0 0 1 0 0 0 0
20	8	0 0 1 1 0 0 0 1 0 0 0 0 1 1 0 0
20	12	0 0 0 0 1 0 1 0 0 0 1 0 0 0 0 0
20	6	0 0 1 0 0 0 0 1 0 0 0 1 0 0 0 0
20	27	0 0 1 0 0 0 1 0 1 0 0 0 0 0 0 0
20	15	0 0 0 0 0 1 0 0 1 0 0 1 0 1 0 0
20	9	0 0 1 0 0 1 0 1 0 0 1 1 1 1 0 0
20	4	0 0 0 0 1 0 1 1 0 0 0 0 0 0 1 0
20	8	0 0 1 0 0 0 0 1 0 0 0 1 0 1 0 0
20	8	0 0 1 0 0 0 0 1 0 0 0 1 1 0 0 0
20	11	0 0 0 0 1 0 1 1 0 0 0 0 0 0 0 0
20	22	0 0 0 0 1 0 0 0 1 0 0 1 0 1 0 0
20	3	0 1 0 0 0 0 0 0 1 0 0 1 0 1 0 0
20	1	0 0 1 0 0 0 0 0 0 0 0 1 0 0 0 0
20	5	0 0 1 0 0 0 1 0 0 0 0 0 0 0 0 0
20	7	0 1 1 0 0 0 0 1 0 0 0 1 1 1 0 0
20	3	0 0 0 0 0 0 0 0 0 0 0 1 0 0 1 0
20	1	0 0 0 0 0 0 0 0 0 0 0 0 0 0 1 0
20	7	1 1 0 1 0 0 0 0 1 0 0 1 0 1 0 0
20	5	0 0 1 0 0 0 1 1 0 0 0 1 1 1 0 0
20	8	1 0 1 0 0 0 0 1 0 0 0 0 1 1 0 0
20	7	1 0 0 0 0 0 0 0 0 0 0 1 0 0 0 0
20	3	0 1 0 0 0 0 0 1 0 0 0 1 1 1 0 0
20	3	0 0 0 0 1 0 0 0 0 0 1 1 0 0 0 0
20	3	0 0 1 0 0 0 0 0 1 0 0 1 0 1 0 0
20	5	0 0 0 0 0 0 0 0 0 0 0 1 0 1 0 0
20	2	0 0 1 0 1 0 1 0 0 0 0 1 0 0 0 0
20	1	0 0 1 0 1 0 0 1 0 0 0 1 1 0 0 0
20	5	0 0 1 0 0 0 0 0 1 0 0 0 0 0 0 0
20	7	0 0 0 0 1 0 1 1 0 0 0 1 0 0 1 0
20	1	0 0 1 0 0 0 0 1 1 0 0 1 1 1 0 0
20	1	0 0 0 0 1 0 1 0 0 0 0 0 1 0 0 0
20	3	0 0 0 0 0 0 0 0 1 0 0 1 0 0 0 0
20	3	0 0 0 1 1 0 0 1 0 0 0 1 1 1 0 0
20	2	1 0 0 0 1 0 1 0 0 0 0 0 0 0 1 0
20	2	0 0 0 0 1 0 1 0 0 0 0 1 1 0 0 0
20	5	0 0 1 0 0 0 0 1 1 0 0 1 0 1 0 0
20	1	0 0 1 0 0 0 0 1 0 0 0 1 1 1 0 1
20	4	1 0 0 0 0 0 0 1 0 0 0 1 1 1 0 0
20	2	0 0 0 1 0 0 0 0 1 0 0 1 0 0 0 0
20	2	0 0 0 0 1 0 1 1 0 0 1 0 0 0 0 0
20	1	1 0 0 0 0 0 0 0 0 0 0 0 0 0 0 0
20	1	0 0 1 0 0 0 0 1 0 0 0 1 1 1 1 0
20	2	0 0 0 0 1 1 1 0 0 0 0 0 0 0 0 0
20	5	1 0 0 1 0 0 0 0 1 0 0 1 0 0 0 0
20	1	0 0 0 1 1 0 1 0 0 0 0 0 0 0 0 1
20	1	0 0 1 0 0 1 1 1 0 0 1 1 1 1 0 0
40	79	0 0 1 0 0 0 0 1 0 0 0 1 1 1 0 0
40	55	0 0 0 0 1 0 1 0 0 0 0 0 0 0 0 0
40	15	0 0 0 0 0 0 0 0 1 0 0 1 0 1 0 0
40	16	0 0 0 0 0 0 0 0 0 0 0 1 0 0 0 0
40	3	0 0 0 0 1 0 1 0 1 0 0 0 0 0 0 0
40	36	0 0 0 1 0 0 0 0 1 0 0 1 0 1 0 0
40	25	0 0 0 0 0 0 0 0 0 0 1 1 0 0 0 0
40	8	1 0 0 1 0 0 0 0 1 0 0 1 0 1 0 0
40	54	0 0 1 0 0 0 0 1 0 0 0 0 1 1 0 0
40	78	0 0 0 1 0 0 0 0 0 0 0 1 0 0 0 0
40	2	0 0 0 0 0 1 0 0 0 0 0 1 0 0 0 0
40	3	0 0 1 0 1 0 1 0 0 0 0 0 0 0 0 0
40	11	1 0 0 0 1 0 1 0 0 0 0 0 0 0 0 0
40	10	0 0 0 1 1 0 1 0 0 0 0 0 0 0 0 0
40	26	0 0 1 1 0 0 0 1 0 0 0 0 1 1 0 0
40	17	0 0 0 0 1 0 1 0 0 0 1 0 0 0 0 0
40	17	0 0 1 0 0 0 0 1 0 0 0 1 0 0 0 0
40	17	0 0 1 0 0 1 0 1 0 0 1 1 1 1 0 0
40	11	0 0 1 0 0 0 0 1 0 0 0 1 1 0 0 0
40	11	0 0 1 0 0 0 0 0 0 0 0 1 0 0 0 0
40	12	0 0 1 0 0 0 1 0 0 0 0 0 0 0 0 0
40	20	0 1 1 0 0 0 0 1 0 0 0 1 1 1 0 0
40	38	1 1 0 1 0 0 0 0 1 0 0 1 0 1 0 0
40	4	1 0 0 0 0 0 0 0 0 0 0 1 0 0 0 0
40	2	0 0 0 0 0 0 0 0 0 0 0 1 0 1 0 0
40	15	0 0 1 0 0 0 0 0 1 0 0 0 0 0 0 0
40	28	0 0 1 0 0 0 0 1 1 0 0 1 1 1 0 0
40	8	0 0 0 1 0 0 0 0 1 0 0 1 0 0 0 0
40	8	0 0 0 0 1 0 1 1 0 0 1 0 0 0 0 0
40	3	0 0 0 0 1 1 1 0 0 0 0 0 0 0 0 0
40	6	1 0 0 1 0 0 0 0 1 0 0 1 0 0 0 0
40	5	0 0 1 0 0 1 1 1 0 0 1 1 1 1 0 0
40	12	0 0 1 0 0 0 0 0 0 0 0 1 1 1 0 0
40	5	1 0 1 1 0 0 0 0 1 0 0 1 0 1 0 0
40	14	1 0 1 0 0 0 0 1 0 0 0 0 1 0 0 0
40	5	1 0 0 1 0 0 0 0 1 0 0 1 1 1 0 0
40	15	1 1 0 1 0 0 0 0 0 0 0 1 0 1 0 0
40	9	0 0 0 0 1 0 0 1 0 0 0 0 1 1 0 0
40	25	0 0 0 1 1 0 0 0 0 0 0 1 0 0 0 0
40	19	0 0 1 0 0 0 0 1 1 0 0 1 0 1 0 0
40	2	0 0 0 0 0 0 1 0 1 0 0 1 1 1 0 0
40	18	0 0 1 0 0 0 1 0 1 0 0 1 1 0 0 0
40	6	0 0 1 0 0 0 0 1 0 0 1 1 0 1 0 0
40	17	0 0 0 0 0 0 0 1 0 0 1 1 0 0 0 0
40	25	0 0 1 1 0 0 0 0 0 0 0 0 1 1 0 0
40	3	0 1 1 1 0 0 0 1 0 0 0 0 1 1 0 0
40	9	0 0 1 0 0 0 0 1 0 0 0 0 0 0 0 0
40	3	0 0 1 0 0 0 0 0 0 0 0 1 1 0 0 0
40	6	1 1 0 0 0 0 0 0 0 0 0 1 0 0 0 0
40	6	0 0 0 0 1 0 0 1 0 0 1 1 0 0 0 0
40	1	0 0 0 0 0 0 0 0 0 0 1 1 0 1 0 0
40	2	0 0 1 0 0 0 1 0 1 0 0 0 1 0 0 0
40	6	1 1 0 1 0 0 1 0 1 0 0 1 0 0 0 0
40	6	0 0 0 1 0 0 0 0 0 0 0 1 0 0 0 1
40	1	0 0 1 1 0 0 1 1 0 0 0 0 1 1 0 0
40	8	0 0 1 0 0 0 0 0 1 0 0 0 1 0 0 0
40	2	0 0 0 1 0 0 0 0 0 1 0 1 0 0 0 0
40	6	0 0 0 1 1 0 1 0 0 0 0 1 1 1 0 0
40	4	0 0 1 0 0 1 0 1 0 0 0 1 1 1 0 0
40	1	1 0 1 0 0 0 0 1 0 0 0 0 1 1 1 0
40	12	0 0 1 1 0 1 0 1 0 0 1 1 0 1 0 0
40	3	1 0 1 0 0 0 0 1 0 0 0 1 1 1 0 0
40	6	0 0 0 0 0 0 0 0 1 0 0 1 0 0 0 0
40	5	0 0 1 0 0 0 0 1 0 0 0 0 1 1 1 0
40	1	0 0 0 1 0 0 0 0 1 0 1 1 1 1 0 0
40	4	0 0 1 0 0 1 0 1 0 0 1 1 1 0 0 0
40	13	1 1 0 1 0 0 0 0 1 0 0 1 1 1 0 0
40	1	1 0 0 0 0 0 0 1 0 0 0 0 1 0 0 0
40	2	0 0 0 0 0 1 0 0 1 0 0 1 0 1 0 0
40	11	0 0 0 0 0 0 0 1 0 0 1 1 0 0 0 1
40	2	0 0 1 1 0 0 1 0 0 1 0 1 0 0 0 0
40	3	0 0 0 0 0 0 0 0 0 0 0 1 0 0 0 1
40	1	0 0 1 0 0 0 0 1 1 1 0 1 0 1 0 0
40	5	0 0 1 1 0 0 0 0 0 1 0 0 1 1 0 0
40	4	0 1 0 1 0 0 0 1 0 0 0 0 1 1 0 0
40	3	0 0 0 1 0 0 0 0 1 0 0 0 0 0 0 1
40	2	0 0 1 0 0 0 0 1 0 0 1 0 0 0 0 0
40	4	1 1 0 1 0 0 0 0 0 0 0 0 0 0 0 0
40	1	0 0 0 0 1 0 1 0 0 0 0 0 0 0 0 1
40	1	0 0 1 1 0 0 0 1 1 0 0 0 1 1 0 0
40	2	0 0 0 0 1 1 1 0 1 0 0 0 0 0 0 0
40	2	1 0 1 0 0 1 0 1 0 0 0 0 1 0 0 0
40	1	0 0 0 1 1 1 0 0 0 0 0 1 0 0 0 0
40	1	0 0 1 0 0 1 0 1 1 0 0 1 0 1 0 0
40	4	0 0 0 1 0 0 1 0 0 0 0 0 0 0 0 0
40	3	0 0 0 1 0 0 0 0 0 0 0 0 1 1 0 0
40	1	0 0 0 0 1 0 1 1 0 0 1 1 0 0 0 0
40	1	0 0 1 0 0 0 0 1 0 0 1 1 1 1 0 0
40	3	0 0 1 1 0 0 0 0 1 0 0 1 0 1 0 0
40	1	0 0 1 0 0 0 0 1 0 0 0 0 0 1 0 0
40	3	0 0 0 1 0 0 0 0 0 0 1 1 0 0 0 0
40	2	0 0 0 1 1 0 1 0 0 0 0 0 0 0 1 0
40	3	0 1 1 0 0 0 0 1 0 0 0 1 1 1 0 1
40	1	1 1 0 1 0 0 0 1 1 0 0 1 0 1 0 0
40	2	0 0 0 1 0 0 0 0 1 0 0 1 0 0 0 1
40	1	0 0 1 0 0 0 0 0 0 0 0 1 1 1 1 0
40	1	1 0 1 0 0 0 0 0 0 0 0 1 1 1 0 0
40	1	0 0 0 1 0 0 0 1 0 0 1 1 0 0 0 1
40	1	0 0 0 1 0 0 0 0 0 0 0 1 0 1 0 0
40	1	0 0 1 0 0 1 0 0 0 0 0 1 0 0 0 0
40	1	0 1 0 1 0 0 0 0 0 1 0 1 0 0 0 0
40	1	0 0 0 0 1 0 0 1 0 0 1 1 0 0 0 1
60	41	0 0 1 0 0 0 0 1 0 0 0 1 1 1 0 0
60	2	0 0 0 0 1 0 1 0 0 0 0 0 0 0 0 0
60	58	0 0 0 1 0 0 0 0 1 0 0 1 0 1 0 0
60	3	0 0 0 0 0 0 0 0 0 0 1 1 0 0 0 0
60	4	1 0 0 1 0 0 0 0 1 0 0 1 0 1 0 0
60	45	0 0 1 0 0 0 0 1 0 0 0 0 1 1 0 0
60	65	0 0 0 1 0 0 0 0 0 0 0 1 0 0 0 0
60	1	1 0 0 0 1 0 1 0 0 0 0 0 0 0 0 0
60	40	0 0 1 1 0 0 0 1 0 0 0 0 1 1 0 0
60	25	0 0 0 0 1 0 1 0 0 0 1 0 0 0 0 0
60	7	0 0 1 0 0 0 0 1 0 0 0 1 0 0 0 0
60	5	0 0 1 0 0 1 0 1 0 0 1 1 1 1 0 0
60	3	0 0 1 0 0 0 1 0 0 0 0 0 0 0 0 0
60	20	0 1 1 0 0 0 0 1 0 0 0 1 1 1 0 0
60	8	1 1 0 1 0 0 0 0 1 0 0 1 0 1 0 0
60	15	0 0 1 0 0 0 0 0 1 0 0 0 0 0 0 0
60	34	0 0 1 0 0 0 0 1 1 0 0 1 1 1 0 0
60	42	0 0 0 1 0 0 0 0 1 0 0 1 0 0 0 0
60	2	0 0 0 0 1 0 1 1 0 0 1 0 0 0 0 0
60	10	1 0 1 0 0 0 0 1 0 0 0 0 1 0 0 0
60	32	1 1 0 1 0 0 0 0 0 0 0 1 0 1 0 0
60	2	0 0 1 0 0 0 0 1 1 0 0 1 0 1 0 0
60	12	0 0 1 0 0 0 1 0 1 0 0 1 1 0 0 0
60	3	0 0 1 0 0 0 0 1 0 0 1 1 0 1 0 0
60	36	0 0 0 0 0 0 0 1 0 0 1 1 0 0 0 0
60	3	0 0 1 1 0 0 0 0 0 0 0 0 1 1 0 0
60	12	0 0 1 0 0 0 0 1 0 0 0 0 0 0 0 0
60	2	0 0 1 0 0 0 0 0 0 0 0 1 1 0 0 0
60	8	0 0 1 0 0 0 1 0 1 0 0 0 1 0 0 0
60	15	1 1 0 1 0 0 1 0 1 0 0 1 0 0 0 0
60	11	0 0 1 0 0 1 0 1 0 0 0 1 1 1 0 0
60	3	0 0 1 1 0 1 0 1 0 0 1 1 0 1 0 0
60	4	1 1 0 1 0 0 0 0 1 0 0 1 1 1 0 0
60	28	0 0 1 1 0 0 0 0 0 1 0 0 1 1 0 0
60	15	0 0 0 1 0 0 1 0 0 0 0 0 0 0 0 0
60	2	0 0 0 1 0 0 0 0 0 0 0 0 1 1 0 0
60	15	0 0 1 0 0 0 0 1 0 0 0 0 0 1 0 0
60	4	0 0 1 0 0 0 0 0 0 0 0 1 1 1 1 0
60	6	0 0 0 1 0 0 0 0 0 0 0 1 0 1 0 0
60	8	0 0 1 0 0 1 0 0 0 0 0 1 0 0 0 0
60	3	1 1 0 1 0 1 0 0 1 0 0 1 0 1 0 0
60	10	0 0 0 1 0 1 0 0 0 0 0 1 0 0 0 0
60	1	1 0 0 0 1 0 1 0 0 0 1 0 0 0 0 0
60	8	0 0 1 0 0 0 0 1 1 0 0 1 0 0 0 0
60	10	0 0 1 0 0 0 0 1 1 0 0 1 0 1 0 1
60	2	1 1 0 1 0 0 1 0 1 0 0 1 1 1 0 0
60	13	0 0 0 1 0 0 0 0 1 0 0 0 0 0 0 0
60	1	0 0 1 0 0 0 0 1 0 0 1 1 0 0 0 0
60	20	1 1 0 1 0 0 0 0 0 0 1 1 0 1 0 0
60	5	1 1 0 1 0 0 0 0 0 0 0 1 1 1 0 0
60	24	0 0 1 1 0 0 0 1 0 0 0 0 1 0 0 0
60	1	1 0 0 1 0 0 0 0 0 0 1 1 0 0 0 0
60	1	0 0 1 0 0 0 0 1 0 0 0 0 1 0 0 0
60	1	1 1 0 1 0 0 0 0 1 0 0 1 0 0 0 0
60	7	0 0 0 0 0 0 0 0 1 0 0 0 0 0 0 0
60	4	0 0 1 0 0 1 0 0 0 0 0 1 0 1 0 0
60	11	0 0 0 1 0 0 0 0 0 0 0 0 0 0 0 0
60	20	1 1 0 1 0 0 0 0 1 0 0 1 0 1 1 0
60	6	1 0 1 0 0 0 0 0 0 0 0 1 1 0 0 0
60	26	0 1 1 0 0 1 0 0 0 0 0 1 0 0 0 0
60	4	0 0 1 1 0 0 0 1 1 0 0 1 0 1 0 1
60	4	1 1 0 1 0 1 0 0 1 0 0 1 0 0 0 0
60	2	0 0 0 0 0 0 1 0 1 0 0 1 1 0 0 0
60	18	1 1 0 1 0 0 1 0 1 0 0 1 0 0 0 1
60	3	1 1 0 1 0 0 1 0 1 0 0 1 0 1 0 0
60	1	0 0 1 0 0 1 1 0 1 0 0 1 1 0 0 0
60	8	0 0 1 1 0 0 0 1 0 0 1 1 0 0 0 1
60	4	1 1 0 1 0 1 0 0 0 0 0 1 1 1 1 0
60	9	0 0 0 1 0 0 1 1 0 0 1 1 0 0 0 1
60	8	1 1 0 1 0 0 0 0 0 0 1 1 0 0 0 0
60	4	0 0 0 1 0 0 0 0 0 0 0 1 0 1 1 0
60	4	1 1 0 1 0 0 0 0 0 0 0 1 0 1 1 0
60	6	1 1 0 0 0 0 1 0 0 0 0 1 0 0 0 0
60	4	0 0 1 1 0 0 0 0 0 1 0 0 0 1 0 0
60	1	0 0 1 1 0 0 0 1 0 0 1 0 1 1 0 0
60	1	0 0 1 0 0 0 0 1 1 1 0 1 1 1 0 0
60	2	0 0 0 1 0 0 0 0 0 1 0 0 0 1 0 0
60	1	0 0 0 0 0 0 0 1 0 0 1 1 0 0 1 0
60	3	0 0 0 0 1 0 1 0 0 0 1 0 0 0 0 1
60	4	1 1 0 1 1 0 0 0 0 0 0 1 0 1 0 0
60	3	0 1 1 1 0 0 0 0 0 0 0 0 1 0 0 0
60	1	0 0 0 0 1 0 1 0 0 0 1 1 0 0 0 0
60	2	0 0 1 0 0 0 1 1 0 0 1 1 0 0 0 0
60	7	0 0 1 1 0 0 0 0 0 1 1 0 1 1 0 0
60	6	0 0 0 1 0 0 0 0 0 1 0 0 0 0 0 0
60	1	0 0 1 1 0 0 0 0 0 0 0 1 0 0 0 0
60	5	0 0 0 0 1 0 0 0 0 1 0 0 1 1 0 0
60	1	0 1 0 1 0 0 0 0 1 0 0 1 0 1 1 0
60	4	0 0 1 0 0 0 0 1 1 0 0 0 1 1 0 0
60	4	0 0 0 0 0 0 0 1 1 0 0 1 1 1 0 0
60	3	0 1 1 0 0 0 0 1 0 0 1 1 0 0 0 0
60	4	0 0 1 0 0 0 0 0 0 0 0 0 0 0 0 0
60	1	0 0 0 1 0 0 0 0 0 0 0 1 1 1 1 0
60	6	0 1 0 1 0 0 0 0 0 0 0 1 0 0 0 0
60	2	0 0 1 0 0 1 0 1 1 0 1 1 1 1 0 0
60	2	1 1 0 1 0 0 0 0 0 0 0 0 0 1 0 0
60	2	0 1 0 1 0 0 0 0 0 0 0 1 0 1 0 0
60	2	0 0 0 0 0 0 0 0 1 0 0 1 0 0 0 0
60	2	0 0 0 1 0 0 1 0 0 0 1 0 0 0 0 0
60	1	0 0 1 0 0 0 0 1 0 0 0 0 1 1 1 0
60	2	0 0 0 0 1 0 1 0 1 0 0 1 1 0 0 0
60	3	0 0 1 0 0 0 1 0 1 1 0 0 1 1 0 0
60	3	0 0 1 1 0 0 0 0 0 1 0 0 1 0 0 0
60	2	0 0 1 1 0 1 0 1 0 0 0 0 1 1 0 0
60	1	1 1 0 1 0 0 0 0 0 1 0 0 1 1 0 0
60	4	1 1 0 1 0 0 1 0 1 0 0 1 1 0 0 0
60	1	0 0 0 0 0 0 0 0 1 0 1 1 0 0 0 0
60	2	0 1 1 1 0 0 0 1 0 0 0 0 1 1 0 0
60	1	0 0 0 1 0 0 0 0 1 0 0 1 1 0 0 0
60	2	0 0 1 0 0 1 0 1 0 0 0 1 1 0 0 0
60	1	0 0 1 1 0 0 0 0 0 1 0 0 1 1 0 1
60	1	0 0 1 1 0 0 0 1 1 0 0 0 1 0 0 0
60	1	1 0 0 0 0 0 1 0 0 0 0 1 0 0 0 0
60	1	0 0 0 1 0 0 0 0 0 1 0 1 0 0 0 0
80	10	0 0 1 0 0 0 0 1 0 0 0 1 1 1 0 0
80	20	0 0 0 1 0 0 0 0 1 0 0 1 0 1 0 0
80	15	0 0 0 0 0 0 0 0 0 0 1 1 0 0 0 0
80	22	1 0 0 1 0 0 0 0 1 0 0 1 0 1 0 0
80	34	0 0 1 0 0 0 0 1 0 0 0 0 1 1 0 0
80	33	0 0 0 1 0 0 0 0 0 0 0 1 0 0 0 0
80	41	0 0 1 1 0 0 0 1 0 0 0 0 1 1 0 0
80	9	0 0 0 0 1 0 1 0 0 0 1 0 0 0 0 0
80	5	0 0 1 0 0 0 0 1 0 0 0 1 0 0 0 0
80	12	0 0 1 0 0 0 1 0 0 0 0 0 0 0 0 0
80	4	0 1 1 0 0 0 0 1 0 0 0 1 1 1 0 0
80	17	1 1 0 1 0 0 0 0 1 0 0 1 0 1 0 0
80	21	0 0 1 0 0 0 0 0 1 0 0 0 0 0 0 0
80	3	0 0 1 0 0 0 0 1 1 0 0 1 1 1 0 0
80	23	0 0 0 1 0 0 0 0 1 0 0 1 0 0 0 0
80	44	1 1 0 1 0 0 0 0 0 0 0 1 0 1 0 0
80	6	0 0 0 0 0 0 0 1 0 0 1 1 0 0 0 0
80	9	0 0 1 1 0 0 0 0 0 0 0 0 1 1 0 0
80	47	0 0 1 0 0 0 0 1 0 0 0 0 0 0 0 0
80	24	1 1 0 1 0 0 1 0 1 0 0 1 0 0 0 0
80	23	0 0 0 1 0 0 1 0 0 0 0 0 0 0 0 0
80	5	0 0 1 0 0 0 0 0 0 0 0 1 1 1 1 0
80	3	0 0 0 1 0 0 0 0 0 0 0 1 0 1 0 0
80	5	0 0 1 0 0 1 0 0 0 0 0 1 0 0 0 0
80	29	0 0 0 1 0 1 0 0 0 0 0 1 0 0 0 0
80	8	0 0 0 1 0 0 0 0 1 0 0 0 0 0 0 0
80	32	1 1 0 1 0 0 0 0 0 0 1 1 0 1 0 0
80	34	0 0 1 1 0 0 0 1 0 0 0 0 1 0 0 0
80	32	1 1 0 1 0 0 0 0 1 0 0 1 0 0 0 0
80	13	0 0 0 1 0 0 0 0 0 0 0 0 0 0 0 0
80	8	1 0 1 0 0 0 0 0 0 0 0 1 1 0 0 0
80	12	0 1 1 0 0 1 0 0 0 0 0 1 0 0 0 0
80	5	0 0 1 1 0 0 0 1 1 0 0 1 0 1 0 1
80	31	1 1 0 1 0 1 0 0 1 0 0 1 0 0 0 0
80	4	1 1 0 1 0 0 1 0 1 0 0 1 0 0 0 1
80	1	1 1 0 1 0 0 1 0 1 0 0 1 0 1 0 0
80	8	0 0 1 1 0 0 0 1 0 0 1 1 0 0 0 1
80	6	0 0 0 1 0 0 1 1 0 0 1 1 0 0 0 1
80	2	1 1 0 1 0 0 0 0 0 0 1 1 0 0 0 0
80	12	1 1 0 1 0 0 0 0 0 0 0 1 0 1 1 0
80	8	0 0 1 0 0 0 1 1 0 0 1 1 0 0 0 0
80	3	0 0 0 1 0 0 0 0 0 1 0 0 0 0 0 0
80	3	0 0 0 0 1 0 0 0 0 1 0 0 1 1 0 0
80	6	0 0 1 0 0 0 0 0 0 0 0 0 0 0 0 0
80	1	0 0 0 0 1 0 1 0 1 0 0 1 1 0 0 0
80	1	1 1 0 1 0 0 1 0 1 0 0 1 1 0 0 0
80	25	0 1 1 1 0 0 0 0 1 0 0 1 0 0 0 0
80	26	0 0 1 0 0 0 0 0 0 1 0 0 0 1 0 0
80	10	0 0 1 1 0 0 0 0 0 0 0 1 0 1 0 0
80	7	0 0 1 0 0 0 0 0 0 0 0 1 0 0 0 0
80	2	1 1 0 1 0 0 0 0 1 0 0 1 0 1 0 1
80	5	1 0 1 0 0 0 0 0 0 0 0 0 1 0 0 0
80	3	0 0 1 0 0 0 1 0 1 0 0 1 0 0 0 1
80	4	0 0 0 0 0 0 0 0 0 0 1 1 0 1 0 0
80	2	1 0 0 0 1 0 1 0 0 0 1 0 0 0 0 1
80	10	1 0 1 0 0 0 0 0 1 0 0 0 0 0 0 0
80	1	0 0 1 0 0 0 0 0 1 0 0 1 1 1 0 0
80	4	1 1 0 1 0 0 1 0 1 1 0 1 0 1 0 0
80	5	0 0 0 1 0 0 1 1 0 0 1 1 0 1 0 1
80	2	0 0 1 1 0 0 0 0 1 0 0 1 0 1 0 0
80	9	0 0 1 0 0 0 0 1 0 0 0 0 1 0 0 0
80	3	1 1 0 1 0 0 0 0 0 0 0 1 0 1 0 1
80	14	1 0 1 0 0 0 0 1 0 0 0 0 0 0 0 0
80	7	0 0 0 1 0 1 0 0 0 0 0 1 1 0 0 0
80	8	1 1 0 1 0 0 0 0 0 0 1 1 0 1 1 0
80	5	0 0 1 1 0 1 0 0 1 0 0 1 0 0 0 0
80	3	1 1 0 1 0 0 0 0 0 0 0 0 0 0 0 0
80	1	0 0 0 1 0 0 0 0 0 1 0 1 0 0 0 0
80	4	0 0 0 1 1 0 1 0 0 0 0 0 0 0 0 0
80	11	1 1 0 1 0 0 0 0 1 0 0 1 0 0 0 1
80	4	0 0 0 1 0 0 0 1 0 0 0 0 1 1 0 0
80	6	0 0 1 1 0 0 0 1 1 0 0 0 1 1 0 0
80	10	0 1 0 1 0 0 0 0 0 0 0 1 0 1 1 0
80	1	0 0 0 0 0 1 0 1 1 1 1 1 0 1 0 0
80	1	0 0 0 1 0 0 1 0 1 0 0 1 0 0 0 0
80	1	0 0 0 1 0 1 0 0 1 0 0 0 0 0 0 0
80	5	0 0 0 1 0 0 0 0 1 0 0 1 1 0 0 0
80	6	0 0 1 1 0 0 0 1 0 0 0 0 1 0 1 0
80	4	1 0 0 1 0 0 0 0 0 0 0 1 0 1 1 0
80	5	1 1 0 1 0 0 1 0 1 1 1 1 0 1 0 0
80	1	0 0 0 1 0 0 1 0 0 0 0 0 0 0 0 1
80	3	0 0 1 1 0 1 0 1 1 0 1 1 1 1 0 0
80	6	0 0 1 1 0 0 0 1 0 0 1 1 0 0 0 0
80	2	1 0 0 0 1 0 0 0 1 0 0 1 0 0 0 0
80	4	0 0 1 0 0 0 0 0 0 0 0 0 1 1 0 0
80	2	0 0 1 0 0 0 0 1 0 0 0 0 0 1 0 0
80	4	0 0 0 0 0 0 0 1 0 1 1 1 0 0 0 0
80	2	0 0 1 1 0 0 0 1 0 0 0 0 0 0 0 0
80	3	1 0 0 1 0 0 0 0 0 0 0 1 0 0 1 0
80	6	0 0 0 1 0 0 0 0 1 1 0 0 0 0 0 1
80	4	0 0 1 0 0 0 0 1 0 0 0 1 0 1 0 0
80	3	0 0 0 1 0 1 0 0 0 0 0 1 0 1 0 0
80	1	0 1 0 1 0 1 0 0 0 0 0 1 0 0 0 0
80	1	1 1 1 0 0 1 0 0 0 0 0 1 0 0 0 0
80	1	0 1 1 1 0 0 0 0 1 0 0 1 0 1 0 0
80	1	0 1 1 1 0 0 0 1 0 0 0 0 1 0 0 0
80	1	0 0 1 0 0 0 0 0 1 1 0 0 0 0 0 1
80	1	1 0 0 0 0 0 0 0 0 0 1 1 0 0 0 0
80	1	0 1 1 0 0 0 0 1 0 0 0 0 1 1 0 0
80	1	1 0 1 0 0 0 0 1 0 0 0 0 1 1 0 0
80	3	0 0 1 1 0 0 0 1 0 0 1 0 1 0 0 0
80	1	1 1 0 1 0 0 0 0 0 1 0 1 0 1 1 0
80	1	0 0 1 0 1 0 0 0 0 0 0 1 0 0 0 0
80	1	0 1 1 0 0 0 0 1 1 0 1 1 0 0 0 0
80	3	0 0 0 1 0 0 0 0 0 0 1 1 0 0 0 0
80	1	1 0 0 1 0 0 0 1 0 0 0 0 0 0 0 0
80	1	0 0 1 0 0 0 0 1 0 0 0 0 1 1 1 0
80	2	0 0 0 1 0 0 1 0 0 0 0 1 0 0 0 0
80	1	0 0 0 1 0 0 0 0 0 0 0 0 1 0 0 0
80	1	1 0 1 1 0 0 0 1 0 0 0 0 1 1 0 0
80	1	0 1 1 1 0 0 0 0 1 0 0 1 0 1 1 0
80	5	1 1 0 1 0 0 0 0 0 0 0 0 0 1 0 0
80	2	0 0 0 0 0 0 0 0 0 0 0 1 0 0 0 0
80	3	0 1 0 1 0 0 0 0 1 0 0 1 0 1 0 0
80	1	0 0 1 0 0 0 0 1 1 0 0 0 0 0 0 0
80	3	0 0 1 0 0 0 0 0 0 0 0 1 1 0 0 0
80	1	1 0 1 1 0 0 0 0 0 0 0 1 1 0 0 0
80	5	0 1 1 0 0 1 0 1 0 0 0 1 0 0 0 0
80	1	1 1 0 1 0 1 1 0 1 0 0 1 0 1 0 0
80	1	0 1 1 0 0 0 0 0 0 0 0 0 0 0 0 0
80	1	1 1 0 1 0 0 0 0 1 0 0 1 1 0 0 0
80	4	0 0 1 1 0 0 0 1 0 0 1 1 1 0 0 0
80	1	0 0 1 1 0 0 0 1 0 0 1 0 1 0 1 0
100	3	0 0 1 0 0 0 0 1 0 0 0 1 1 1 0 0
100	10	0 0 0 0 0 0 0 0 0 0 1 1 0 0 0 0
100	34	1 0 0 1 0 0 0 0 1 0 0 1 0 1 0 0
100	3	0 0 0 1 0 0 0 0 0 0 0 1 0 0 0 0
100	11	0 0 1 1 0 0 0 1 0 0 0 0 1 1 0 0
100	5	0 0 0 0 1 0 1 0 0 0 1 0 0 0 0 0
100	7	0 0 1 0 0 0 0 1 0 0 0 1 0 0 0 0
100	18	0 0 1 0 0 0 1 0 0 0 0 0 0 0 0 0
100	7	1 1 0 1 0 0 0 0 1 0 0 1 0 1 0 0
100	6	0 0 1 0 0 0 0 0 1 0 0 0 0 0 0 0
100	6	0 0 1 0 0 0 0 1 1 0 0 1 1 1 0 0
100	1	0 0 0 1 0 0 0 0 1 0 0 1 0 0 0 0
100	34	1 1 0 1 0 0 0 0 0 0 0 1 0 1 0 0
100	8	0 0 1 0 0 0 0 1 0 0 0 0 0 0 0 0
100	55	1 1 0 1 0 0 1 0 1 0 0 1 0 0 0 0
100	2	0 0 0 1 0 0 1 0 0 0 0 0 0 0 0 0
100	7	0 0 1 0 0 1 0 0 0 0 0 1 0 0 0 0
100	24	0 0 0 1 0 1 0 0 0 0 0 1 0 0 0 0
100	47	1 1 0 1 0 0 0 0 0 0 1 1 0 1 0 0
100	59	0 0 1 1 0 0 0 1 0 0 0 0 1 0 0 0
100	30	1 1 0 1 0 0 0 0 1 0 0 1 0 0 0 0
100	11	0 0 0 1 0 0 0 0 0 0 0 0 0 0 0 0
100	15	1 0 1 0 0 0 0 0 0 0 0 1 1 0 0 0
100	26	0 1 1 0 0 1 0 0 0 0 0 1 0 0 0 0
100	20	1 1 0 1 0 1 0 0 1 0 0 1 0 0 0 0
100	6	1 1 0 1 0 0 1 0 1 0 0 1 0 1 0 0
100	3	1 1 0 1 0 0 0 0 0 0 0 1 0 1 1 0
100	1	0 0 1 0 0 0 1 1 0 0 1 1 0 0 0 0
100	29	0 1 1 1 0 0 0 0 1 0 0 1 0 0 0 0
100	8	0 0 1 0 0 0 0 0 0 1 0 0 0 1 0 0
100	19	0 0 1 1 0 0 0 0 0 0 0 1 0 1 0 0
100	53	1 0 1 0 0 0 0 0 1 0 0 0 0 0 0 0
100	14	0 0 1 0 0 0 0 1 0 0 0 0 1 0 0 0
100	7	1 0 1 0 0 0 0 1 0 0 0 0 0 0 0 0
100	10	1 1 0 1 0 0 0 0 0 0 1 1 0 1 1 0
100	13	1 1 0 1 0 0 0 0 1 0 0 1 0 0 0 1
100	21	1 1 0 1 0 0 1 0 1 1 1 1 0 1 0 0
100	11	0 0 0 0 0 0 0 1 0 1 1 1 0 0 0 0
100	7	0 1 1 1 0 0 0 0 1 0 0 1 0 1 0 0
100	14	0 0 0 1 0 0 0 0 0 0 0 0 1 0 0 0
100	7	0 0 0 0 0 0 0 0 0 0 0 1 0 0 0 0
100	7	0 0 1 1 0 0 0 1 0 0 1 1 1 0 0 0
100	1	1 1 0 1 0 0 0 0 1 1 1 1 0 1 0 0
100	3	1 0 0 1 0 0 0 0 0 0 1 1 0 0 0 0
100	22	1 1 0 1 0 0 0 0 1 1 1 1 0 0 0 0
100	16	0 0 1 1 0 0 0 1 0 0 0 1 0 0 0 0
100	4	0 0 1 1 0 0 0 0 1 0 0 1 0 0 0 0
100	5	0 0 0 1 0 0 0 0 1 1 0 0 0 0 0 0
100	2	0 0 1 1 1 0 0 1 0 0 0 0 1 0 0 0
100	8	0 0 0 0 1 0 0 1 0 0 1 1 0 0 0 0
100	1	0 0 1 1 0 0 1 0 0 0 1 0 0 0 0 0
100	7	0 0 1 0 0 0 0 0 1 1 0 0 0 1 0 0
100	4	0 0 0 1 0 0 1 0 1 0 0 0 0 0 0 0
100	2	1 1 0 1 0 0 0 0 0 0 0 0 1 1 0 0
100	4	0 1 1 1 0 0 0 0 1 0 0 1 1 0 0 0
100	9	0 0 1 0 0 0 0 0 1 0 0 1 0 1 0 0
100	3	0 1 0 1 0 0 0 0 0 0 0 0 0 0 0 0
100	6	0 0 0 1 0 0 0 1 1 0 0 1 0 0 0 0
100	12	1 1 0 1 0 1 1 0 1 0 0 1 0 0 0 0
100	8	0 1 1 0 0 0 0 0 1 0 1 1 0 0 0 0
100	10	1 1 0 1 0 0 1 0 1 1 0 1 0 0 0 0
100	5	0 1 0 1 0 0 1 0 1 0 0 1 0 0 0 0
100	1	0 0 1 1 0 0 0 1 0 0 1 0 1 0 0 0
100	2	0 0 1 1 0 0 1 1 1 0 0 1 0 1 0 1
100	1	0 0 0 1 0 0 1 0 1 1 0 0 0 0 0 0
100	12	1 1 0 1 0 1 0 0 1 0 0 1 0 1 0 0
100	5	0 0 0 0 0 0 0 0 1 0 0 0 0 0 0 0
100	2	0 1 1 1 0 0 0 0 0 0 0 1 0 0 1 0
100	7	0 0 0 0 1 0 0 0 0 0 1 1 0 1 1 0
100	3	1 1 0 1 0 0 0 0 1 1 0 0 0 0 0 0
100	10	1 0 1 0 0 0 0 0 0 0 0 1 0 1 0 0
100	10	0 0 0 1 1 1 0 0 0 0 0 1 0 0 0 0
100	6	0 0 1 0 0 1 1 0 1 0 0 1 0 0 0 1
100	4	1 0 1 0 0 0 0 0 1 0 0 0 0 1 0 0
100	2	1 1 0 1 0 0 1 0 1 1 1 1 1 1 0 0
100	9	0 0 1 1 0 0 0 1 1 0 0 0 0 0 0 0
100	2	0 0 1 1 0 0 0 1 1 0 0 0 1 1 0 0
100	1	1 1 0 0 0 0 0 0 1 0 0 1 0 1 0 0
100	8	1 1 1 1 0 0 0 0 1 0 0 1 0 0 0 0
100	5	1 1 0 1 0 1 0 0 0 0 0 1 0 0 0 0
100	1	1 1 0 0 0 0 0 0 1 0 1 1 0 0 0 0
100	5	1 0 1 0 0 0 0 0 0 0 0 1 0 1 1 0
100	9	1 0 1 0 0 0 0 0 1 0 0 1 0 0 0 0
100	5	1 0 1 0 0 0 0 1 1 0 0 1 1 1 0 0
100	1	1 1 0 1 0 0 1 0 0 0 0 0 1 0 0 0
100	1	1 0 1 0 0 0 0 0 0 1 0 1 0 1 0 0
100	2	0 0 0 1 0 0 0 1 0 0 0 0 1 0 0 0
100	2	0 0 1 1 0 0 0 0 0 0 1 1 0 1 0 0
100	4	1 0 1 1 0 0 0 1 0 0 0 0 1 0 0 0
100	6	1 0 1 0 0 0 0 1 0 0 0 1 0 0 0 0
100	2	0 0 0 0 0 0 0 0 0 1 1 1 0 0 0 0
100	1	0 0 0 0 0 0 0 1 0 1 0 0 0 0 0 0
100	5	1 1 0 0 0 0 0 0 0 0 1 1 0 0 0 0
100	3	0 0 1 0 0 0 0 0 0 0 1 1 0 0 0 0
100	2	0 0 0 1 0 1 0 1 1 0 0 1 0 0 0 0
100	2	1 1 0 1 0 1 0 0 0 1 0 1 0 1 0 0
100	1	0 1 1 1 0 0 0 0 1 0 0 0 0 0 0 0
100	1	0 0 1 1 0 1 0 1 0 0 0 0 1 0 0 0
100	4	1 1 0 1 1 0 0 0 1 0 0 1 0 0 0 0
100	2	1 1 1 1 0 0 1 0 1 1 0 1 0 0 0 0
100	4	0 0 1 1 0 0 0 1 0 0 0 1 1 1 0 0
100	2	1 1 0 1 0 1 0 0 1 0 0 1 1 1 0 0
100	2	1 1 1 0 0 0 0 1 0 0 0 0 1 0 0 0
100	1	0 0 0 1 0 0 1 0 1 1 0 0 0 1 0 0
100	2	0 0 1 0 0 1 1 0 1 0 0 1 0 1 0 0
100	4	1 1 1 1 0 1 0 0 1 0 0 1 0 0 0 0
100	2	0 1 1 0 0 0 0 0 1 0 1 1 0 0 1 0
100	2	1 1 0 0 0 0 0 0 0 1 1 1 0 0 0 0
100	2	1 0 0 1 0 0 0 0 0 0 0 1 0 1 0 0
100	2	0 0 1 1 0 1 1 0 1 0 0 1 0 0 0 0
100	1	0 0 1 1 0 0 0 1 0 0 1 0 0 0 0 0
100	2	0 0 1 1 0 0 1 1 1 0 0 1 0 1 0 0
100	2	0 0 1 0 0 0 0 0 1 1 0 0 0 0 0 0
100	3	1 1 0 1 0 0 1 0 1 0 1 1 0 0 0 0
100	1	1 1 0 1 0 0 1 0 1 0 0 1 0 0 1 0
100	1	1 1 0 1 0 0 0 0 0 1 1 1 0 1 0 0
100	1	0 0 1 1 0 0 0 0 0 0 0 0 1 0 0 0
100	1	1 0 1 0 0 0 0 0 0 0 0 1 1 1 0 0
100	1	0 1 1 1 0 1 0 0 0 0 0 1 0 0 0 0
100	1	1 0 1 0 1 0 0 0 1 0 0 0 0 0 0 0
100	1	1 1 0 1 0 0 1 0 1 0 0 1 0 0 0 1
100	1	0 0 1 0 0 0 0 0 1 0 1 1 0 1 0 0
100	1	1 0 0 0 1 0 0 0 0 0 1 1 0 1 1 0
120	4	0 0 1 0 0 0 0 1 0 0 0 1 0 0 0 0
120	5	0 0 1 0 0 0 0 0 1 0 0 0 0 0 0 0
120	25	1 1 0 1 0 0 0 0 0 0 0 1 0 1 0 0
120	56	1 1 0 1 0 0 1 0 1 0 0 1 0 0 0 0
120	9	0 0 0 1 0 0 1 0 0 0 0 0 0 0 0 0
120	30	0 0 0 1 0 1 0 0 0 0 0 1 0 0 0 0
120	22	1 1 0 1 0 0 0 0 0 0 1 1 0 1 0 0
120	11	0 0 1 1 0 0 0 1 0 0 0 0 1 0 0 0
120	22	1 0 1 0 0 0 0 0 0 0 0 1 1 0 0 0
120	89	0 1 1 0 0 1 0 0 0 0 0 1 0 0 0 0
120	10	1 1 0 1 0 1 0 0 1 0 0 1 0 0 0 0
120	8	1 1 0 1 0 0 1 0 1 0 0 1 0 1 0 0
120	11	1 1 0 1 0 0 0 0 0 0 0 1 0 1 1 0
120	17	0 1 1 1 0 0 0 0 1 0 0 1 0 0 0 0
120	19	0 0 1 0 0 0 0 0 0 1 0 0 0 1 0 0
120	89	1 0 1 0 0 0 0 0 1 0 0 0 0 0 0 0
120	14	1 1 0 1 0 0 1 0 1 1 1 1 0 1 0 0
120	16	0 0 1 1 0 0 0 1 0 0 1 1 1 0 0 0
120	3	1 0 0 1 0 0 0 0 0 0 1 1 0 0 0 0
120	23	1 1 0 1 0 0 0 0 1 1 1 1 0 0 0 0
120	22	0 0 1 1 0 0 0 1 0 0 0 1 0 0 0 0
120	3	0 0 0 1 0 0 0 0 1 1 0 0 0 0 0 0
120	4	0 0 0 0 1 0 0 1 0 0 1 1 0 0 0 0
120	4	0 1 0 1 0 0 0 0 0 0 0 0 0 0 0 0
120	22	1 1 0 1 0 1 1 0 1 0 0 1 0 0 0 0
120	1	0 1 1 0 0 0 0 0 1 0 1 1 0 0 0 0
120	1	1 1 0 1 0 0 1 0 1 1 0 1 0 0 0 0
120	8	0 1 0 1 0 0 1 0 1 0 0 1 0 0 0 0
120	37	1 1 0 1 0 1 0 0 1 0 0 1 0 1 0 0
120	3	0 0 0 0 1 0 0 0 0 0 1 1 0 1 1 0
120	9	1 0 1 0 0 0 0 0 0 0 0 1 0 1 0 0
120	9	0 0 1 1 0 0 0 1 1 0 0 0 0 0 0 0
120	2	0 0 1 1 0 0 0 1 1 0 0 0 1 1 0 0
120	15	1 1 0 1 0 1 0 0 0 0 0 1 0 0 0 0
120	1	1 0 1 0 0 0 0 0 1 0 0 1 0 0 0 0
120	22	1 0 1 0 0 0 0 1 0 0 0 1 0 0 0 0
120	2	1 1 0 1 1 0 0 0 1 0 0 1 0 0 0 0
120	11	1 1 1 1 0 1 0 0 1 0 0 1 0 0 0 0
120	2	0 1 1 0 0 0 0 0 1 0 1 1 0 0 1 0
120	13	1 1 0 1 0 0 0 0 0 1 1 1 0 1 0 0
120	4	1 0 1 0 0 0 0 0 0 0 0 1 1 1 0 0
120	5	0 1 1 1 0 1 0 0 0 0 0 1 0 0 0 0
120	5	0 0 0 1 0 0 0 1 0 0 0 0 0 0 0 0
120	8	0 0 0 1 0 0 0 0 0 0 1 0 1 0 0 0
120	2	1 1 0 1 0 0 0 0 0 0 1 1 0 0 0 0
120	11	1 0 0 0 1 0 1 0 0 0 1 0 0 0 0 0
120	28	1 1 0 1 0 0 0 0 0 1 0 1 0 1 1 0
120	8	1 0 1 0 0 1 0 0 0 0 0 1 0 1 0 0
120	5	1 0 0 1 0 0 0 0 0 0 0 1 0 0 0 0
120	2	1 1 0 1 0 0 1 0 0 0 0 1 0 0 0 0
120	4	0 1 0 1 0 0 0 0 0 0 0 0 0 1 0 0
120	7	0 1 1 0 0 0 0 0 1 0 0 1 0 0 0 0
120	2	1 1 0 1 0 0 0 0 1 1 1 0 0 0 0 0
120	10	1 1 0 1 0 1 0 0 1 0 1 1 1 0 0 0
120	11	0 0 1 1 0 0 0 0 1 1 0 1 0 0 0 0
120	8	1 1 0 1 0 0 1 1 1 0 0 1 0 0 0 0
120	5	1 0 1 0 0 0 0 0 1 0 0 0 1 0 0 0
120	3	0 0 0 1 0 1 0 0 1 0 0 1 0 0 1 0
120	3	0 0 1 1 0 0 0 0 0 0 1 1 0 1 1 0
120	13	0 0 1 1 0 0 1 0 1 1 1 1 0 1 0 0
120	6	1 1 1 1 0 0 1 0 1 0 0 1 0 0 0 0
120	3	1 1 0 1 0 0 0 0 1 0 0 1 0 1 0 0
120	6	0 1 1 1 0 0 0 0 0 0 0 1 0 0 0 0
120	15	1 0 0 0 0 0 0 0 0 0 0 1 0 0 0 0
120	2	1 1 0 1 0 1 0 1 1 0 0 1 0 1 0 0
120	14	1 1 0 1 0 0 1 0 0 0 0 0 0 0 0 0
120	1	1 1 0 1 0 0 1 1 1 0 0 0 0 0 0 0
120	2	1 0 1 0 1 0 0 0 1 0 0 0 0 0 0 0
120	11	0 0 0 0 0 1 0 0 0 0 0 1 0 0 0 0
120	3	0 1 0 1 0 0 1 1 1 0 0 1 0 0 0 0
120	12	1 1 0 1 0 0 0 0 0 1 0 1 0 0 1 0
120	3	1 0 1 0 0 0 0 1 1 0 0 1 0 0 0 0
120	4	1 1 0 1 0 0 0 0 0 1 1 1 0 0 0 0
120	1	1 1 0 1 0 0 1 0 1 0 0 1 0 0 1 0
120	1	0 0 1 0 1 0 0 0 1 0 0 1 0 1 0 0
120	1	1 1 1 0 0 0 0 0 0 0 0 1 0 1 0 0
120	1	0 1 1 0 0 1 0 0 0 0 0 0 0 0 0 0
120	1	1 0 1 0 0 0 0 0 1 0 0 1 0 1 0 0
120	3	0 0 1 1 1 0 0 0 0 0 1 1 0 1 1 0
120	3	0 0 1 0 0 0 0 0 1 0 0 0 0 0 0 1
120	7	1 1 0 1 0 0 0 0 0 0 0 1 0 1 0 1
120	6	0 1 1 0 0 1 0 1 0 0 0 1 0 0 0 0
120	2	0 1 1 0 0 1 1 0 0 0 0 1 0 0 0 0
120	3	1 1 0 1 0 1 0 0 0 0 0 1 0 1 1 0
120	1	1 1 1 1 0 1 1 0 1 0 0 1 0 0 0 0
120	2	1 0 1 1 0 0 0 0 0 0 0 1 1 1 0 0
120	1	1 1 0 0 0 0 0 0 0 0 0 1 0 0 0 0
120	2	0 0 1 1 0 0 0 1 0 0 0 1 0 1 0 0
120	1	1 0 1 0 0 0 1 0 1 0 0 1 0 0 0 0
120	2	0 0 0 0 0 0 0 0 1 0 0 0 1 0 0 0
120	2	1 1 1 0 0 1 0 0 0 0 0 1 0 0 0 0
120	5	1 1 1 0 0 0 0 0 1 0 0 0 0 0 0 0
120	2	1 1 0 1 1 1 0 0 0 0 0 1 0 0 0 0
120	3	0 0 1 1 1 0 1 0 1 1 1 1 0 1 0 0
120	2	0 0 0 0 0 0 0 0 0 0 0 1 0 0 0 0
120	4	1 1 0 1 0 0 0 0 0 0 0 1 0 0 0 0
120	4	1 0 1 0 0 0 0 0 0 0 0 1 0 0 0 0
120	4	0 1 1 0 0 1 0 0 0 0 1 1 0 1 1 0
120	2	1 1 0 1 0 0 1 0 1 1 0 0 0 0 0 0
120	1	1 0 1 0 1 0 0 0 1 0 0 1 0 1 0 0
120	1	1 1 0 1 1 0 0 0 0 0 0 1 0 1 0 0
120	2	1 1 0 1 0 0 1 0 1 0 0 0 0 0 0 0
120	2	1 0 1 0 0 0 0 1 1 0 0 0 0 0 0 0
120	2	1 0 0 1 0 0 0 0 0 1 1 1 0 0 0 0
120	2	0 1 0 1 0 0 0 0 0 0 0 0 0 0 1 0
120	3	1 1 0 1 1 0 0 0 0 1 0 1 0 1 1 0
120	4	0 1 0 1 0 1 0 0 0 0 0 0 0 1 0 0
120	3	0 0 1 1 0 0 0 0 1 1 1 1 0 1 0 0
120	1	0 1 1 1 0 0 0 1 0 0 0 1 0 0 0 0
120	2	0 1 0 1 0 0 0 1 0 0 0 1 0 0 0 0
120	1	1 0 0 1 0 0 0 0 0 0 1 0 1 0 0 0
120	2	0 1 1 1 0 1 0 0 1 0 0 1 0 1 0 0
120	3	0 1 0 1 0 1 0 0 0 0 0 1 0 0 0 0
120	1	0 1 1 0 0 1 0 0 0 0 0 1 1 0 0 0
120	1	1 1 0 0 0 0 1 0 1 0 0 1 0 1 0 0
120	1	1 0 0 0 0 0 0 0 1 0 0 0 0 0 0 0
120	2	1 1 1 1 0 1 0 0 1 0 0 1 0 0 1 0
140	6	0 0 1 0 0 0 0 0 1 0 0 0 0 0 0 0
140	10	1 1 0 1 0 0 0 0 0 0 0 1 0 1 0 0
140	52	1 1 0 1 0 0 1 0 1 0 0 1 0 0 0 0
140	14	0 0 0 1 0 1 0 0 0 0 0 1 0 0 0 0
140	6	1 0 1 0 0 0 0 0 0 0 0 1 1 0 0 0
140	79	0 1 1 0 0 1 0 0 0 0 0 1 0 0 0 0
140	27	1 1 0 1 0 1 0 0 1 0 0 1 0 0 0 0
140	18	1 1 0 1 0 0 0 0 0 0 0 1 0 1 1 0
140	74	1 0 1 0 0 0 0 0 1 0 0 0 0 0 0 0
140	10	1 1 0 1 0 0 0 0 1 1 1 1 0 0 0 0
140	3	0 0 1 1 0 0 0 1 0 0 0 1 0 0 0 0
140	4	0 0 0 0 1 0 0 1 0 0 1 1 0 0 0 0
140	32	1 1 0 1 0 1 1 0 1 0 0 1 0 0 0 0
140	27	0 1 1 0 0 0 0 0 1 0 1 1 0 0 0 0
140	2	0 1 0 1 0 0 1 0 1 0 0 1 0 0 0 0
140	4	1 1 0 1 0 1 0 0 1 0 0 1 0 1 0 0
140	18	1 0 1 0 0 0 0 0 0 0 0 1 0 1 0 0
140	17	0 0 1 1 0 0 0 1 1 0 0 0 0 0 0 0
140	15	1 0 1 0 0 0 0 1 0 0 0 1 0 0 0 0
140	55	1 1 1 1 0 1 0 0 1 0 0 1 0 0 0 0
140	13	0 1 1 0 0 0 0 0 1 0 1 1 0 0 1 0
140	16	1 1 0 1 0 0 0 0 0 1 1 1 0 1 0 0
140	6	0 1 1 1 0 1 0 0 0 0 0 1 0 0 0 0
140	13	0 0 0 1 0 0 0 0 0 0 1 0 1 0 0 0
140	20	1 1 0 1 0 0 0 0 0 0 1 1 0 0 0 0
140	7	1 0 0 0 1 0 1 0 0 0 1 0 0 0 0 0
140	7	1 1 0 1 0 0 0 0 0 1 0 1 0 1 1 0
140	6	1 1 0 1 0 1 0 0 1 0 1 1 1 0 0 0
140	11	0 0 1 1 0 0 0 0 1 1 0 1 0 0 0 0
140	13	0 0 0 1 0 1 0 0 1 0 0 1 0 0 1 0
140	12	0 0 1 1 0 0 1 0 1 1 1 1 0 1 0 0
140	5	1 1 1 1 0 0 1 0 1 0 0 1 0 0 0 0
140	17	0 1 1 1 0 0 0 0 0 0 0 1 0 0 0 0
140	8	1 0 0 0 0 0 0 0 0 0 0 1 0 0 0 0
140	5	1 1 0 1 0 0 1 0 0 0 0 0 0 0 0 0
140	5	0 0 0 0 0 1 0 0 0 0 0 1 0 0 0 0
140	37	1 0 1 0 0 0 0 1 1 0 0 1 0 0 0 0
140	8	1 1 0 1 0 0 0 0 0 0 0 1 0 1 0 1
140	7	1 1 0 1 0 1 0 0 0 0 0 1 0 1 1 0
140	3	0 1 1 0 0 1 0 0 0 0 1 1 0 1 1 0
140	10	0 1 1 0 0 1 0 0 0 0 0 1 1 0 0 0
140	7	1 1 0 1 0 0 0 1 1 0 0 0 0 0 0 0
140	7	1 1 0 1 0 0 0 0 1 0 0 0 0 0 0 0
140	18	1 0 1 0 0 0 0 0 0 0 0 0 0 0 0 0
140	7	0 0 1 1 0 0 0 1 1 0 0 1 0 0 0 0
140	4	1 1 0 1 0 1 1 0 1 0 0 1 0 0 0 1
140	17	1 1 0 1 0 0 1 1 1 0 0 0 0 0 0 1
140	1	1 0 1 0 0 0 1 1 0 0 0 1 0 0 0 0
140	11	1 1 0 1 0 0 0 0 1 0 0 1 0 0 1 0
140	2	0 0 0 1 0 0 1 0 0 0 0 0 0 0 1 0
140	2	0 1 1 0 0 0 0 0 0 0 1 1 0 0 0 0
140	3	1 1 0 1 0 1 0 0 0 0 0 1 0 0 1 0
140	1	0 1 0 1 0 0 0 0 0 0 0 1 0 0 0 0
140	16	0 1 1 1 0 0 1 0 1 0 0 1 0 0 0 0
140	4	1 1 0 1 1 0 1 0 1 0 0 1 0 0 0 0
140	4	1 1 1 1 0 1 0 0 1 0 0 1 0 0 0 1
140	6	0 0 1 0 0 1 0 0 0 0 0 1 0 0 0 0
140	4	1 0 1 0 0 0 1 0 0 0 0 0 0 0 0 0
140	4	1 1 1 1 0 0 0 1 1 0 0 1 0 0 0 0
140	2	1 1 0 1 0 0 0 0 0 0 0 1 1 0 0 0
140	16	1 1 0 0 0 0 1 0 1 0 0 1 0 0 0 0
140	3	0 0 1 0 0 0 0 0 1 1 1 1 0 1 0 0
140	1	1 0 1 0 0 0 1 0 0 0 0 1 0 0 0 0
140	1	0 1 1 0 0 1 1 0 0 0 0 1 0 0 0 0
140	6	1 0 1 0 0 1 0 0 1 0 0 0 0 0 0 0
140	2	1 1 0 1 0 1 0 0 0 0 0 1 0 0 0 0
140	1	1 1 0 1 0 0 1 0 0 0 0 1 0 0 0 0
140	2	0 1 1 1 0 0 0 0 1 0 1 1 0 0 0 0
140	6	0 0 1 1 1 0 0 1 1 0 0 1 0 0 0 0
140	6	1 1 0 1 0 0 1 0 0 0 0 0 0 1 0 0
140	11	0 1 1 0 0 1 0 0 0 0 0 1 0 0 0 1
140	17	1 1 0 0 0 1 0 0 1 0 0 1 0 0 1 0
140	6	1 1 0 1 0 0 1 0 1 0 0 0 0 0 0 0
140	5	1 0 1 0 0 0 1 0 1 0 0 0 0 0 0 0
140	2	0 0 0 1 0 1 0 0 1 0 0 1 0 0 0 0
140	3	1 1 0 1 0 0 0 0 1 0 1 1 0 0 1 0
140	2	1 1 0 1 0 0 1 0 1 0 0 1 0 0 0 1
140	4	1 1 0 1 0 0 0 0 1 0 0 1 0 0 0 0
140	2	1 1 1 0 0 1 0 0 0 0 0 1 0 0 0 0
140	9	1 1 1 1 0 1 0 0 1 0 0 1 0 0 1 0
140	3	1 1 1 0 0 0 1 0 1 0 0 1 0 0 0 0
140	2	1 0 1 0 0 0 0 0 1 0 0 1 0 0 0 0
140	1	0 1 0 1 0 1 0 0 1 0 0 1 0 0 0 0
140	2	1 1 0 1 0 1 1 0 1 0 0 1 0 0 1 0
140	3	0 1 1 1 0 1 0 0 0 0 0 1 0 0 0 1
140	2	0 0 0 1 0 0 0 0 0 0 1 0 1 0 0 1
140	6	1 0 1 0 0 0 0 1 1 0 0 1 0 0 0 1
140	2	0 0 0 1 0 0 0 0 0 0 1 0 0 0 0 0
140	1	1 0 1 0 0 0 0 1 1 0 0 0 0 0 0 0
140	1	1 0 1 0 0 0 0 0 1 1 0 0 0 0 0 0
140	2	0 0 0 1 0 1 0 0 1 0 0 1 0 1 1 0
140	1	1 1 0 1 0 0 1 0 0 0 0 1 0 1 0 1
140	4	0 0 1 1 0 0 0 0 1 0 0 1 0 0 0 0
140	3	0 1 1 0 0 1 0 0 1 0 0 1 0 0 0 0
140	2	0 0 1 1 0 0 1 0 1 1 1 1 0 0 0 0
140	1	0 1 1 1 0 0 0 0 0 0 0 1 0 0 1 0
140	3	0 1 1 0 0 1 0 0 0 0 1 1 0 0 0 0
140	2	1 1 0 1 0 1 1 0 1 0 0 1 0 1 0 0
140	9	1 0 1 0 0 1 0 0 0 0 0 1 0 1 0 0
140	3	0 0 1 1 0 0 1 0 1 1 1 0 0 1 0 0
140	2	1 0 0 0 0 0 0 0 0 0 0 1 1 0 0 0
140	4	1 1 0 1 0 0 1 0 0 0 1 0 0 0 0 0
140	4	1 1 0 1 0 0 0 0 0 1 1 1 0 0 0 0
140	1	1 1 0 1 0 0 0 0 0 0 0 1 0 0 0 0
140	1	1 1 1 1 0 1 0 0 0 0 0 1 1 0 0 0
140	1	1 1 0 0 0 0 1 0 0 0 1 0 0 0 0 0
140	1	0 1 1 1 0 1 0 0 0 0 0 1 1 0 0 0
140	1	1 1 1 1 0 1 1 0 1 0 0 1 0 0 0 0
140	1	1 1 0 1 0 0 0 0 0 1 0 1 0 1 0 1
140	3	1 0 1 0 0 0 0 0 0 0 0 1 0 0 0 0
140	1	0 0 1 0 0 0 0 0 1 1 1 1 0 1 1 0
160	9	1 1 0 1 0 0 0 0 0 0 0 1 0 1 0 0
160	41	1 1 0 1 0 0 1 0 1 0 0 1 0 0 0 0
160	23	0 1 1 0 0 1 0 0 0 0 0 1 0 0 0 0
160	20	1 1 0 1 0 1 0 0 1 0 0 1 0 0 0 0
160	1	1 1 0 1 0 0 0 0 0 0 0 1 0 1 1 0
160	34	1 0 1 0 0 0 0 0 1 0 0 0 0 0 0 0
160	9	1 1 0 1 0 0 0 0 1 1 1 1 0 0 0 0
160	9	0 0 1 1 0 0 0 1 0 0 0 1 0 0 0 0
160	4	1 1 0 1 0 1 1 0 1 0 0 1 0 0 0 0
160	3	1 0 1 0 0 0 0 0 0 0 0 1 0 1 0 0
160	15	0 0 1 1 0 0 0 1 1 0 0 0 0 0 0 0
160	6	1 0 1 0 0 0 0 1 0 0 0 1 0 0 0 0
160	98	1 1 1 1 0 1 0 0 1 0 0 1 0 0 0 0
160	20	1 1 0 1 0 0 0 0 0 1 1 1 0 1 0 0
160	3	0 1 1 1 0 1 0 0 0 0 0 1 0 0 0 0
160	2	0 0 0 1 0 0 0 0 0 0 1 0 1 0 0 0
160	10	1 1 0 1 0 0 0 0 0 0 1 1 0 0 0 0
160	7	1 0 0 0 1 0 1 0 0 0 1 0 0 0 0 0
160	7	1 1 0 1 0 0 0 0 0 1 0 1 0 1 1 0
160	17	0 0 1 1 0 0 0 0 1 1 0 1 0 0 0 0
160	6	0 0 1 1 0 0 1 0 1 1 1 1 0 1 0 0
160	33	0 1 1 1 0 0 0 0 0 0 0 1 0 0 0 0
160	23	1 0 1 0 0 0 0 1 1 0 0 1 0 0 0 0
160	3	0 1 1 0 0 1 0 0 0 0 0 1 1 0 0 0
160	13	1 0 1 0 0 0 0 0 0 0 0 0 0 0 0 0
160	13	1 1 0 1 0 0 1 1 1 0 0 0 0 0 0 1
160	3	1 1 0 1 0 0 0 0 1 0 0 1 0 0 1 0
160	17	0 1 0 1 0 0 0 0 0 0 0 1 0 0 0 0
160	23	0 1 1 1 0 0 1 0 1 0 0 1 0 0 0 0
160	18	1 1 1 1 0 1 0 0 1 0 0 1 0 0 0 1
160	5	0 0 1 0 0 1 0 0 0 0 0 1 0 0 0 0
160	1	1 1 0 1 0 0 1 0 0 0 0 1 0 0 0 0
160	15	1 1 0 1 0 0 1 0 1 0 0 0 0 0 0 0
160	34	1 1 0 1 0 0 0 0 1 0 0 1 0 0 0 0
160	6	1 1 1 1 0 1 0 0 1 0 0 1 0 0 1 0
160	3	1 0 1 0 0 0 0 1 1 0 0 1 0 0 0 1
160	3	0 0 1 1 0 0 1 0 1 1 1 1 0 0 0 0
160	5	1 1 0 1 0 0 0 0 0 0 0 1 0 0 0 0
160	12	1 1 0 1 0 0 1 0 1 1 0 1 0 0 0 0
160	16	1 1 1 1 0 0 0 0 1 0 0 1 0 0 0 0
160	9	1 1 0 0 0 0 1 0 1 0 0 1 0 0 1 0
160	3	0 1 1 0 0 1 0 1 0 0 0 1 0 0 0 0
160	4	1 0 1 0 0 0 0 0 1 0 0 0 0 0 0 1
160	20	1 1 1 1 0 1 0 0 1 0 0 0 0 0 0 0
160	9	1 0 0 1 0 0 1 1 1 0 0 0 0 0 0 1
160	8	0 0 0 1 0 0 0 0 0 0 0 0 0 0 0 0
160	12	0 0 1 0 0 0 0 0 0 0 0 1 0 1 0 0
160	10	1 0 1 0 0 0 0 0 0 0 0 1 0 0 0 0
160	6	1 1 1 1 0 1 0 0 0 0 0 1 0 0 0 0
160	7	1 1 0 1 0 0 0 0 1 0 0 1 0 1 0 0
160	2	1 1 0 0 0 0 1 0 1 0 0 1 1 0 1 0
160	5	1 0 1 0 0 0 0 0 1 0 0 1 0 0 0 0
160	13	1 1 0 1 0 1 0 0 1 0 0 1 0 0 0 1
160	7	1 0 0 1 0 0 0 0 0 0 0 1 0 1 1 0
160	5	0 0 1 1 1 0 0 1 0 0 0 1 0 0 0 0
160	10	1 1 0 0 0 0 0 0 0 1 1 1 0 1 0 0
160	11	0 0 1 1 0 0 0 0 1 0 0 0 0 0 0 0
160	17	0 1 1 1 0 1 1 0 0 0 0 1 0 0 0 0
160	21	1 0 1 0 0 0 0 0 1 1 0 1 0 0 0 0
160	3	0 1 1 0 0 1 0 0 0 0 0 0 0 0 0 0
160	3	1 0 1 0 0 0 0 0 1 0 0 0 1 0 0 0
160	1	0 1 1 0 0 1 0 0 0 0 0 1 0 1 0 0
160	4	0 1 1 0 0 1 0 0 0 0 0 1 0 1 1 0
160	1	0 0 1 1 1 0 0 1 1 0 0 0 0 0 0 0
160	12	1 1 1 0 0 1 0 0 0 0 0 1 1 0 0 0
160	23	1 1 0 1 1 0 0 0 0 1 0 1 0 1 1 0
160	6	0 1 0 0 0 0 1 0 1 0 0 1 0 0 1 0
160	8	0 1 0 1 0 0 0 0 0 0 0 1 0 1 1 0
160	3	1 0 1 0 0 0 0 0 1 1 0 0 0 0 0 0
160	12	0 0 0 1 0 0 1 0 1 1 1 1 0 0 0 0
160	2	1 1 1 1 1 1 0 1 1 0 0 1 0 0 0 0
160	5	1 0 1 0 0 1 0 1 0 0 0 1 0 0 0 0
160	2	0 0 1 1 1 0 0 0 1 1 0 1 0 0 0 0
160	3	0 1 1 1 0 1 0 0 1 0 0 0 0 0 0 0
160	3	0 1 1 1 0 1 0 0 0 0 1 1 0 1 0 0
160	1	0 0 0 1 0 1 0 0 1 1 1 1 0 0 0 0
160	1	1 0 0 1 0 1 0 0 1 0 0 1 0 0 1 0
160	10	1 0 1 0 0 0 0 1 1 0 0 0 0 0 0 0
160	6	1 0 1 0 0 0 0 0 0 0 1 0 0 0 0 0
160	5	1 1 0 0 0 0 0 0 1 0 0 1 0 0 1 0
160	7	1 0 1 0 0 0 0 0 0 0 0 0 0 0 0 1
160	4	0 1 1 1 0 0 1 0 1 0 0 1 0 0 1 0
160	3	0 1 0 1 0 1 0 0 1 0 0 1 0 0 0 0
160	10	1 1 1 1 0 1 0 0 0 0 0 0 0 0 0 0
160	1	1 1 0 0 0 0 0 0 0 1 0 1 0 0 0 0
160	5	0 1 0 1 0 0 1 0 1 0 0 1 0 0 0 0
160	5	1 1 0 1 0 0 0 0 1 0 0 1 0 0 0 1
160	3	1 1 1 1 0 0 0 0 1 0 1 1 0 0 0 0
160	2	1 1 0 1 0 0 1 0 1 1 1 1 0 0 0 0
160	3	0 0 1 0 0 0 0 1 1 0 0 0 0 0 0 0
160	3	1 1 1 1 0 1 1 0 1 0 0 1 0 0 0 0
160	2	0 0 0 1 0 0 0 0 1 1 0 1 0 0 0 0
160	3	1 1 0 0 0 0 0 0 1 0 0 1 0 0 0 0
160	1	0 1 0 1 0 0 0 0 0 0 0 1 1 1 1 0
160	3	0 0 1 1 0 0 0 0 1 0 0 1 0 0 0 0
160	2	1 0 1 1 0 0 0 0 0 0 0 1 0 0 0 0
160	8	0 0 1 0 0 0 0 0 0 0 0 1 0 0 0 0
160	2	1 1 1 1 0 0 0 0 0 0 0 1 0 1 1 0
160	2	1 0 1 1 0 1 0 0 1 0 0 1 0 0 0 0
160	3	0 0 1 1 0 0 1 0 0 1 1 1 0 0 0 0
160	1	0 1 0 1 0 0 0 0 1 0 0 1 0 0 1 0
160	2	0 1 0 1 0 0 0 1 0 0 0 1 0 0 0 0
160	1	0 0 1 1 1 0 1 0 0 0 0 1 0 0 0 0
160	3	0 1 1 0 0 0 0 0 0 0 0 1 0 0 0 0
160	1	1 1 0 1 1 0 0 0 1 0 0 1 0 0 0 0
160	1	1 1 0 1 0 1 0 0 1 0 0 0 0 0 0 0
160	3	1 1 1 0 0 1 0 0 1 0 0 0 0 0 0 0
160	1	0 1 0 0 0 0 1 0 1 0 1 1 0 0 1 0
160	2	0 0 0 1 0 0 1 0 1 1 1 1 0 1 0 0
160	2	0 0 1 1 1 0 0 0 0 1 0 1 0 0 0 0
160	1	0 0 0 0 0 0 1 0 1 0 0 1 0 0 1 0
160	1	0 0 1 1 0 1 0 0 1 0 0 1 0 0 0 0
160	2	1 0 0 1 1 0 0 0 0 1 0 1 0 1 1 0
160	1	0 1 1 1 0 1 0 0 0 0 0 1 0 1 1 0
160	1	0 1 1 0 0 0 0 0 0 1 0 1 0 0 0 0
160	2	0 1 0 0 0 0 0 0 1 0 0 1 0 0 0 1
160	1	0 1 0 1 0 1 0 0 1 0 0 0 0 0 0 0
160	1	1 1 0 0 0 0 0 0 1 0 0 0 0 0 0 0
160	3	0 1 0 0 0 1 0 0 0 0 0 1 0 0 0 0
160	3	0 1 0 0 0 0 0 0 0 0 0 1 0 0 0 0
160	1	0 1 0 1 0 0 0 0 0 0 0 1 1 0 0 0
160	1	1 1 1 1 1 1 0 0 1 0 0 1 0 0 0 1
160	3	1 1 1 1 0 0 1 0 1 0 0 0 0 0 0 0
160	3	0 1 1 1 0 1 0 1 0 0 0 1 0 0 0 0
160	2	0 1 0 1 0 0 0 0 1 0 0 1 0 1 1 0
160	2	0 1 1 1 0 0 1 0 1 0 1 1 0 0 1 0
180	28	1 1 0 1 0 0 1 0 1 0 0 1 0 0 0 0
180	17	1 1 0 1 0 1 0 0 1 0 0 1 0 0 0 0
180	12	1 0 1 0 0 0 0 0 1 0 0 0 0 0 0 0
180	3	1 1 0 1 0 0 0 0 1 1 1 1 0 0 0 0
180	8	1 1 0 1 0 1 1 0 1 0 0 1 0 0 0 0
180	51	0 0 1 1 0 0 0 1 1 0 0 0 0 0 0 0
180	18	1 0 1 0 0 0 0 1 0 0 0 1 0 0 0 0
180	91	1 1 1 1 0 1 0 0 1 0 0 1 0 0 0 0
180	22	1 1 0 1 0 0 0 0 0 1 1 1 0 1 0 0
180	15	1 1 0 1 0 0 0 0 0 0 1 1 0 0 0 0
180	23	1 0 0 0 1 0 1 0 0 0 1 0 0 0 0 0
180	23	0 0 1 1 0 0 0 0 1 1 0 1 0 0 0 0
180	14	0 1 1 1 0 0 0 0 0 0 0 1 0 0 0 0
180	1	1 1 0 1 0 0 1 1 1 0 0 0 0 0 0 1
180	25	0 1 1 1 0 0 1 0 1 0 0 1 0 0 0 0
180	8	1 1 1 1 0 1 0 0 1 0 0 1 0 0 0 1
180	16	1 1 0 1 0 0 1 0 1 0 0 0 0 0 0 0
180	23	1 1 0 1 0 0 0 0 1 0 0 1 0 0 0 0
180	3	1 1 1 1 0 1 0 0 1 0 0 1 0 0 1 0
180	7	0 0 1 1 0 0 1 0 1 1 1 1 0 0 0 0
180	6	1 1 0 1 0 0 0 0 0 0 0 1 0 0 0 0
180	2	1 1 0 1 0 0 1 0 1 1 0 1 0 0 0 0
180	23	1 1 1 1 0 0 0 0 1 0 0 1 0 0 0 0
180	54	1 1 1 1 0 1 0 0 1 0 0 0 0 0 0 0
180	4	1 0 1 0 0 0 0 0 0 0 0 1 0 0 0 0
180	13	1 1 1 1 0 1 0 0 0 0 0 1 0 0 0 0
180	3	1 0 1 0 0 0 0 0 1 0 0 1 0 0 0 0
180	16	1 1 0 0 0 0 0 0 0 1 1 1 0 1 0 0
180	6	0 0 1 1 0 0 0 0 1 0 0 0 0 0 0 0
180	1	0 1 0 0 0 0 1 0 1 0 0 1 0 0 1 0
180	7	1 1 1 1 1 1 0 1 1 0 0 1 0 0 0 0
180	4	1 0 1 0 0 1 0 1 0 0 0 1 0 0 0 0
180	10	1 0 1 0 0 0 0 0 0 0 1 0 0 0 0 0
180	11	1 0 1 0 0 0 0 0 0 0 0 0 0 0 0 1
180	1	0 1 1 1 0 0 1 0 1 0 0 1 0 0 1 0
180	33	1 1 1 1 0 1 0 0 0 0 0 0 0 0 0 0
180	3	1 1 0 1 0 0 0 0 1 0 0 1 0 0 0 1
180	13	0 0 1 0 0 0 0 1 1 0 0 0 0 0 0 0
180	18	0 0 1 0 0 0 0 0 0 0 0 1 0 0 0 0
180	2	0 1 1 0 0 0 0 0 0 0 0 1 0 0 0 0
180	18	0 0 1 1 1 0 0 0 0 1 0 1 0 0 0 0
180	13	1 0 0 1 0 0 0 0 0 0 0 0 0 0 0 0
180	8	0 0 1 0 0 1 0 0 0 0 0 1 0 0 1 0
180	4	1 1 0 1 1 0 1 0 0 1 0 1 0 1 1 0
180	11	1 1 0 1 0 0 1 1 1 0 1 1 0 0 0 0
180	2	1 1 1 1 0 1 0 0 1 0 1 1 0 0 0 0
180	36	1 1 1 1 0 0 1 0 1 0 0 1 0 0 0 0
180	2	0 0 0 1 0 0 0 0 1 1 1 1 0 0 0 0
180	1	1 1 0 0 0 0 0 0 0 0 1 1 0 0 0 0
180	2	1 0 0 0 1 0 0 0 0 0 1 0 0 0 0 0
180	1	0 0 1 1 0 0 0 0 1 1 1 1 0 0 0 0
180	1	1 1 1 1 0 1 1 0 0 0 0 1 0 0 0 0
180	3	1 0 1 0 0 0 0 0 1 0 0 0 0 0 0 1
180	4	1 1 0 1 0 0 0 0 0 0 1 1 0 1 0 0
180	14	0 0 1 1 0 0 1 0 0 1 1 1 0 0 0 0
180	8	0 1 1 0 0 1 0 0 0 0 0 0 1 0 0 0
180	4	0 0 1 1 0 0 0 0 1 0 0 1 0 0 0 0
180	2	0 0 1 0 0 0 0 0 0 0 0 1 0 0 0 1
180	14	0 0 1 1 1 0 0 1 1 0 0 1 0 0 0 1
180	18	1 0 1 1 0 0 0 0 1 0 0 1 0 0 0 0
180	3	1 1 1 0 0 1 0 0 0 0 1 1 1 0 0 0
180	4	0 1 0 1 0 0 1 0 1 0 0 1 0 0 1 0
180	4	1 1 1 1 0 0 1 1 1 0 0 1 0 0 0 0
180	7	1 1 1 1 0 1 0 0 0 0 1 0 0 0 0 0
180	3	0 1 0 1 0 0 0 0 0 1 1 1 0 1 0 0
180	4	0 1 1 1 0 1 1 0 0 0 0 1 0 0 1 0
180	2	0 1 1 0 0 0 0 0 0 0 0 1 1 0 0 0
180	4	0 1 1 1 0 1 0 0 1 0 0 1 0 0 0 0
180	3	1 1 1 1 0 1 1 0 1 0 0 0 0 0 0 0
180	2	1 1 0 1 0 0 0 0 0 0 1 1 1 1 0 0
180	8	1 0 1 0 0 1 0 1 1 0 0 1 0 0 0 0
180	1	1 1 0 1 1 0 0 0 1 0 0 1 0 0 0 0
180	9	1 1 1 1 0 1 0 0 1 0 0 0 1 0 0 0
180	5	0 1 1 0 0 0 0 0 1 0 0 1 0 0 0 0
180	1	0 1 1 1 0 0 0 1 1 0 0 0 0 0 0 0
180	24	1 1 1 1 0 0 0 0 1 0 0 0 0 0 0 0
180	2	0 1 1 0 0 0 0 0 0 1 0 1 0 1 1 0
180	1	1 1 1 1 1 1 0 0 0 0 0 0 0 0 0 0
180	1	1 0 0 1 0 0 1 0 0 0 0 0 0 0 0 0
180	1	1 0 1 0 0 0 0 1 0 0 0 1 0 0 0 1
180	6	1 1 0 1 0 0 0 0 0 1 1 1 0 0 0 0
180	2	1 1 1 0 0 0 0 0 0 0 0 1 0 0 0 0
180	1	1 1 0 1 0 0 1 0 1 1 0 1 1 1 0 0
180	1	0 0 1 0 0 1 0 0 1 0 0 1 0 0 0 0
180	6	1 1 1 1 0 0 0 0 0 0 1 1 0 0 0 0
180	1	1 1 0 1 0 0 1 0 1 0 0 1 0 0 0 1
180	3	1 0 1 1 0 1 0 0 1 0 0 1 0 0 0 0
180	1	1 1 0 1 1 1 0 1 1 0 0 1 0 0 0 0
180	2	0 0 1 1 0 0 0 0 0 0 0 1 0 0 0 0
180	4	0 0 1 0 1 0 0 0 0 1 0 1 0 0 0 0
180	1	1 1 0 1 0 0 1 1 0 0 1 1 0 0 0 0
180	2	1 1 1 1 0 1 0 0 1 0 1 1 1 0 0 0
180	5	1 1 1 1 0 1 0 0 1 1 0 1 0 0 0 0
180	2	0 1 1 1 0 1 0 0 1 0 0 1 0 0 1 0
180	6	0 1 0 1 0 0 1 0 1 0 0 1 0 0 0 0
180	1	1 1 0 1 0 0 0 0 0 1 1 1 0 1 0 1
180	2	0 0 1 1 0 0 1 0 1 1 0 1 0 0 0 0
180	6	0 0 1 1 0 1 0 0 1 1 0 1 0 0 0 0
180	1	0 1 1 1 0 0 1 0 1 0 1 1 0 0 0 0
180	9	0 0 1 1 1 0 1 0 1 1 1 1 0 0 0 0
180	6	1 1 0 1 0 1 1 1 1 0 1 1 0 0 0 0
180	2	0 0 1 1 0 0 1 1 0 1 1 1 0 0 0 0
180	3	1 1 0 1 0 1 1 0 0 0 0 1 0 0 1 0
180	4	1 1 0 1 0 0 0 1 1 0 0 0 0 0 0 0
180	1	0 0 1 1 0 1 0 1 1 0 0 0 0 0 0 0
180	1	0 1 1 1 0 0 0 0 1 0 0 1 0 0 0 0
180	5	0 0 1 1 0 0 1 0 1 0 0 0 0 0 0 0
180	1	1 1 1 1 0 1 1 0 0 0 0 0 0 0 0 0
180	1	0 0 1 0 0 0 0 1 0 0 0 1 0 0 0 0
180	1	1 1 0 1 0 0 1 1 1 0 1 0 0 0 0 0
180	2	0 1 1 1 0 1 0 0 1 1 0 1 0 0 0 0
180	1	1 1 0 1 0 0 1 1 1 0 0 1 0 0 0 1
180	3	0 0 1 1 0 1 0 0 0 0 0 0 0 0 0 0
180	1	1 0 1 0 0 0 1 1 0 1 1 1 0 0 0 0
180	2	1 1 1 1 0 0 0 0 0 0 0 1 0 0 0 0
180	1	1 1 1 1 0 1 1 0 1 0 0 1 0 0 0 0
180	1	0 0 1 1 0 0 0 1 1 0 1 0 0 0 0 0
180	1	1 1 0 0 0 0 1 1 1 0 0 0 0 0 0 1
180	4	1 1 1 0 0 0 0 0 1 0 0 1 0 0 0 0
180	1	1 1 0 1 0 0 0 0 0 0 0 1 0 1 0 0
180	2	1 1 1 1 0 1 0 0 0 0 1 1 0 0 0 0
180	1	1 1 0 1 0 0 0 0 0 0 1 0 1 1 0 0
200	26	1 1 0 1 0 0 1 0 1 0 0 1 0 0 0 0
200	11	1 1 0 1 0 1 0 0 1 0 0 1 0 0 0 0
200	5	1 1 0 1 0 1 1 0 1 0 0 1 0 0 0 0
200	27	0 0 1 1 0 0 0 1 1 0 0 0 0 0 0 0
200	63	1 1 1 1 0 1 0 0 1 0 0 1 0 0 0 0
200	1	1 1 0 1 0 0 0 0 0 1 1 1 0 1 0 0
200	20	1 1 0 1 0 0 0 0 0 0 1 1 0 0 0 0
200	14	1 0 0 0 1 0 1 0 0 0 1 0 0 0 0 0
200	7	0 1 1 1 0 0 1 0 1 0 0 1 0 0 0 0
200	19	1 1 1 1 0 1 0 0 1 0 0 1 0 0 0 1
200	13	1 1 0 1 0 0 0 0 1 0 0 1 0 0 0 0
200	18	1 1 1 1 0 0 0 0 1 0 0 1 0 0 0 0
200	73	1 1 1 1 0 1 0 0 1 0 0 0 0 0 0 0
200	11	1 1 1 1 0 1 0 0 0 0 0 1 0 0 0 0
200	20	1 1 0 0 0 0 0 0 0 1 1 1 0 1 0 0
200	15	1 1 1 1 1 1 0 1 1 0 0 1 0 0 0 0
200	8	1 0 1 0 0 0 0 0 0 0 1 0 0 0 0 0
200	9	1 0 1 0 0 0 0 0 0 0 0 0 0 0 0 1
200	50	1 1 1 1 0 1 0 0 0 0 0 0 0 0 0 0
200	7	0 0 1 1 1 0 0 0 0 1 0 1 0 0 0 0
200	8	1 0 0 1 0 0 0 0 0 0 0 0 0 0 0 0
200	36	1 1 1 1 0 0 1 0 1 0 0 1 0 0 0 0
200	5	0 0 1 1 0 0 1 0 0 1 1 1 0 0 0 0
200	4	0 0 1 1 0 0 0 0 1 0 0 1 0 0 0 0
200	1	0 0 1 1 1 0 0 1 1 0 0 1 0 0 0 1
200	18	1 1 1 0 0 1 0 0 0 0 1 1 1 0 0 0
200	37	1 1 1 1 0 0 1 1 1 0 0 1 0 0 0 0
200	35	1 1 1 1 0 1 0 0 0 0 1 0 0 0 0 0
200	12	0 1 1 1 0 1 1 0 0 0 0 1 0 0 1 0
200	1	1 0 1 0 0 1 0 1 1 0 0 1 0 0 0 0
200	53	1 1 1 1 0 1 0 0 1 0 0 0 1 0 0 0
200	42	1 1 1 1 0 0 0 0 1 0 0 0 0 0 0 0
200	3	1 1 0 1 0 0 0 0 0 1 1 1 0 0 0 0
200	13	1 0 1 1 0 1 0 0 1 0 0 1 0 0 0 0
200	4	0 1 0 1 0 0 1 0 1 0 0 1 0 0 0 0
200	5	0 0 1 1 1 0 1 0 1 1 1 1 0 0 0 0
200	7	1 1 0 1 0 1 1 0 0 0 0 1 0 0 1 0
200	16	1 1 0 1 0 0 0 1 1 0 0 0 0 0 0 0
200	4	0 1 1 1 0 1 0 0 1 1 0 1 0 0 0 0
200	5	1 1 1 1 0 0 0 1 1 0 0 0 0 0 0 0
200	25	1 1 1 1 0 1 0 0 1 0 0 1 0 1 0 0
200	3	1 1 0 1 0 0 0 0 1 0 1 1 0 0 0 0
200	16	1 1 1 1 0 1 0 0 1 0 0 1 0 0 1 1
200	7	0 1 1 1 0 1 0 0 0 0 0 1 0 0 0 0
200	3	1 1 1 1 1 1 0 0 0 0 0 1 0 0 0 0
200	10	0 1 1 1 0 1 0 0 1 0 0 0 0 0 0 0
200	2	1 1 1 1 0 1 1 0 1 0 0 1 0 0 0 0
200	20	0 1 0 1 0 1 1 0 1 0 0 1 0 0 0 0
200	5	0 0 1 1 0 1 0 0 1 0 0 0 1 0 0 0
200	3	0 0 1 0 0 0 0 0 1 1 0 1 0 0 0 0
200	5	1 0 1 1 0 1 0 0 1 0 0 0 0 0 0 0
200	2	0 1 1 1 0 1 0 0 0 0 0 1 0 0 0 1
200	3	0 1 0 1 0 0 0 0 1 0 0 0 0 0 0 0
200	2	1 0 1 1 0 0 1 0 0 1 1 1 0 0 0 0
200	11	1 1 0 1 0 1 1 0 0 0 0 1 0 0 0 0
200	3	1 1 0 0 0 1 1 0 1 0 0 1 0 0 0 0
200	7	1 1 1 1 0 0 1 1 1 1 1 1 0 1 0 0
200	3	1 1 1 1 0 1 0 0 1 0 0 0 1 1 0 0
200	8	0 0 1 1 0 0 0 1 1 0 0 0 0 0 1 0
200	10	0 0 1 1 0 1 0 1 1 0 0 0 0 0 0 0
200	1	1 1 1 1 1 1 0 0 1 0 0 0 0 0 0 0
200	5	1 0 1 1 0 1 0 0 0 0 0 0 0 0 0 0
200	2	1 0 1 0 0 1 0 1 1 0 0 1 0 0 0 1
200	3	1 1 0 1 0 0 0 0 0 1 1 1 0 1 0 1
200	6	1 1 1 0 0 1 0 0 1 0 0 0 0 0 0 0
200	3	1 1 0 1 0 0 1 0 0 1 1 1 0 0 0 0
200	2	0 0 1 1 0 1 0 0 1 0 0 1 0 0 0 0
200	3	1 1 1 1 0 1 0 0 0 1 1 0 0 0 0 0
200	5	0 1 1 1 0 1 0 0 1 1 0 1 1 0 0 0
200	4	0 1 0 1 0 1 1 0 1 0 0 0 0 0 0 0
200	8	1 1 1 1 0 1 0 0 0 0 0 1 0 0 0 1
200	6	1 1 1 1 0 1 0 1 1 0 0 0 0 0 0 0
200	6	0 0 1 1 0 0 1 0 0 1 0 1 0 0 0 0
200	5	1 1 1 0 0 1 0 0 0 0 1 1 0 0 0 0
200	1	1 1 1 1 0 1 1 0 1 0 0 0 0 0 0 0
200	1	1 1 1 1 1 1 0 0 1 0 0 1 0 1 0 0
200	3	0 1 1 1 0 1 0 0 1 1 0 1 1 0 0 1
200	9	1 1 0 1 0 1 0 0 1 0 0 0 0 0 0 0
200	3	0 0 1 1 1 0 0 0 0 1 0 1 1 0 0 0
200	9	1 1 1 1 0 0 0 0 1 0 1 1 0 0 0 0
200	2	1 1 0 1 0 1 0 0 0 0 0 1 0 0 0 1
200	2	1 1 1 1 0 1 0 1 1 0 0 1 0 0 0 1
200	3	1 1 1 1 0 1 1 1 1 0 0 1 0 0 0 0
200	4	1 1 0 1 1 1 0 1 1 0 0 1 0 0 0 0
200	1	1 1 0 1 0 0 0 0 1 0 0 0 0 0 0 0
200	1	0 0 1 1 0 0 0 0 0 0 1 1 0 0 0 0
200	2	0 1 1 0 0 0 0 0 0 1 1 1 0 1 0 0
200	2	0 0 1 1 0 0 1 1 1 0 0 0 0 0 0 0
200	1	1 0 1 1 0 1 0 0 0 0 0 1 0 0 0 0
200	3	1 1 1 1 0 1 0 0 0 0 0 1 0 0 1 1
200	1	0 0 1 1 0 0 0 0 1 1 0 1 1 1 0 0
200	2	1 1 1 1 0 1 0 0 0 0 0 1 1 0 0 1
200	1	1 1 1 1 0 1 1 0 1 0 1 1 1 0 0 0
200	2	0 1 1 1 0 1 1 0 0 0 0 1 0 0 0 0
200	1	1 1 1 1 0 0 0 0 1 0 0 1 0 0 0 1
200	1	1 1 1 1 0 1 0 0 0 0 1 1 0 0 0 0
200	1	1 0 1 1 0 1 1 0 1 0 0 1 0 0 0 0
200	2	1 1 1 1 0 1 0 0 1 1 0 1 0 0 0 0
200	2	1 1 0 1 1 0 0 0 0 0 1 1 0 0 0 0
200	3	1 1 1 1 0 1 0 0 1 1 0 0 0 0 0 0
200	1	1 1 1 1 0 1 1 0 1 0 0 0 1 0 0 0
200	1	1 1 0 0 0 0 0 1 1 0 0 0 0 0 0 0
200	2	0 1 0 1 0 1 1 0 0 0 0 1 0 0 0 0
220	9	1 1 0 1 0 1 0 0 1 0 0 1 0 0 0 0
220	3	0 0 1 1 0 0 0 1 1 0 0 0 0 0 0 0
220	208	1 1 1 1 0 1 0 0 1 0 0 1 0 0 0 0
220	17	1 1 0 1 0 0 0 0 0 0 1 1 0 0 0 0
220	9	1 0 0 0 1 0 1 0 0 0 1 0 0 0 0 0
220	4	0 1 1 1 0 0 1 0 1 0 0 1 0 0 0 0
220	12	1 1 1 1 0 1 0 0 1 0 0 1 0 0 0 1
220	6	1 1 0 1 0 0 0 0 1 0 0 1 0 0 0 0
220	13	1 1 1 1 0 0 0 0 1 0 0 1 0 0 0 0
220	36	1 1 1 1 0 1 0 0 1 0 0 0 0 0 0 0
220	16	1 1 1 1 1 1 0 1 1 0 0 1 0 0 0 0
220	46	1 1 1 1 0 1 0 0 0 0 0 0 0 0 0 0
220	27	1 1 1 1 0 0 1 0 1 0 0 1 0 0 0 0
220	1	1 1 1 0 0 1 0 0 0 0 1 1 1 0 0 0
220	10	1 1 1 1 0 0 1 1 1 0 0 1 0 0 0 0
220	22	1 1 1 1 0 1 0 0 0 0 1 0 0 0 0 0
220	17	0 1 1 1 0 1 1 0 0 0 0 1 0 0 1 0
220	17	1 1 1 1 0 1 0 0 1 0 0 0 1 0 0 0
220	36	1 1 1 1 0 0 0 0 1 0 0 0 0 0 0 0
220	11	1 0 1 1 0 1 0 0 1 0 0 1 0 0 0 0
220	6	0 0 1 1 1 0 1 0 1 1 1 1 0 0 0 0
220	10	1 1 0 1 0 0 0 1 1 0 0 0 0 0 0 0
220	41	1 1 1 1 0 0 0 1 1 0 0 0 0 0 0 0
220	22	1 1 1 1 0 1 0 0 1 0 0 1 0 1 0 0
220	17	1 1 1 1 0 1 0 0 1 0 0 1 0 0 1 1
220	10	0 1 0 1 0 1 1 0 1 0 0 1 0 0 0 0
220	7	1 0 1 1 0 1 0 0 1 0 0 0 0 0 0 0
220	15	1 1 0 1 0 1 1 0 0 0 0 1 0 0 0 0
220	14	1 1 1 1 0 0 1 1 1 1 1 1 0 1 0 0
220	38	0 0 1 1 0 1 0 1 1 0 0 0 0 0 0 0
220	5	1 0 1 1 0 1 0 0 0 0 0 0 0 0 0 0
220	3	1 1 1 0 0 1 0 0 0 0 1 1 0 0 0 0
220	22	1 1 1 1 0 1 1 1 1 0 0 1 0 0 0 0
220	1	1 1 1 1 0 1 0 0 1 1 0 0 0 0 0 0
220	8	0 0 1 1 1 0 0 0 0 0 0 1 0 0 0 0
220	13	1 1 1 1 0 1 0 0 1 0 1 0 0 0 0 0
220	9	1 1 1 1 0 0 0 0 1 0 1 0 0 0 0 0
220	2	1 1 1 1 0 0 0 1 1 0 0 0 0 0 1 0
220	2	1 1 1 1 0 0 1 1 1 0 0 1 1 0 0 0
220	7	1 1 0 1 0 1 0 0 1 0 0 1 0 1 0 0
220	17	1 1 1 0 0 0 0 0 1 0 0 0 0 0 0 0
220	2	0 1 0 1 1 1 1 0 1 0 0 1 0 0 0 0
220	3	1 1 1 1 0 1 0 0 0 0 0 0 0 0 1 0
220	9	1 1 1 1 0 1 0 0 0 0 0 0 0 0 0 1
220	5	1 1 1 0 0 1 1 0 0 0 1 1 1 0 0 0
220	4	1 1 0 1 0 1 1 0 0 1 0 1 0 0 0 0
220	7	1 0 0 1 0 0 0 0 1 0 0 0 0 0 0 0
220	3	1 0 1 1 1 1 0 0 1 0 0 0 0 0 0 0
220	8	1 1 1 1 0 0 1 1 1 0 0 1 1 0 1 0
220	12	1 1 1 1 0 0 0 0 0 0 0 1 0 0 0 1
220	1	1 1 1 1 0 0 1 1 1 1 1 1 0 0 0 0
220	8	1 0 1 1 0 0 0 1 1 0 0 0 0 0 0 0
220	3	1 1 1 1 0 1 0 0 1 0 0 1 1 0 0 0
220	9	1 1 1 1 0 0 0 0 1 0 0 1 1 0 0 0
220	13	1 1 1 1 0 1 0 0 1 1 0 1 0 0 0 0
220	4	1 1 1 1 0 0 0 0 0 0 0 1 0 0 0 0
220	3	1 1 1 1 0 0 0 0 0 0 1 0 0 0 0 0
220	16	1 1 1 1 0 0 0 0 1 1 0 0 0 0 0 0
220	2	0 1 1 1 0 1 0 0 0 0 0 0 0 0 0 0
220	7	1 1 1 0 0 1 0 0 1 0 0 1 0 0 0 0
220	7	1 1 1 1 0 0 1 0 1 0 0 1 0 1 0 0
220	1	1 1 1 1 0 1 1 0 0 1 0 1 0 0 0 0
220	1	0 0 1 1 0 0 0 0 1 0 0 0 0 0 0 0
220	7	0 0 1 1 0 1 0 0 1 0 0 1 0 1 0 0
220	8	1 1 1 1 0 1 1 1 1 0 0 0 0 0 0 0
220	5	1 1 1 0 1 1 0 1 1 0 0 1 0 0 0 0
220	2	1 1 1 1 0 1 0 0 0 0 1 0 0 1 0 0
220	4	1 0 1 1 1 1 0 0 0 0 0 0 0 0 0 0
220	1	1 1 1 1 1 1 0 0 0 0 1 1 0 0 0 0
220	1	0 1 1 1 0 0 0 1 1 0 0 0 0 0 0 0
220	2	1 1 1 1 0 1 0 0 0 0 0 1 0 0 0 0
220	11	0 0 1 1 1 0 0 0 0 0 0 1 0 0 1 0
220	1	0 1 1 1 0 0 0 0 0 0 0 0 0 0 0 0
220	2	1 1 0 1 0 0 0 0 0 0 0 0 0 0 0 0
220	4	1 0 1 1 0 1 0 0 1 0 0 0 1 0 0 0
220	2	0 1 0 1 0 1 1 0 1 0 0 1 1 0 0 0
220	3	0 1 1 1 0 1 0 1 1 0 0 0 0 0 0 0
220	3	1 1 1 0 0 1 0 0 1 0 0 1 0 0 1 0
220	3	1 1 1 1 0 0 0 1 1 0 0 0 1 0 0 0
220	2	1 1 1 0 0 1 1 1 1 0 0 1 0 0 0 0
220	2	0 0 1 1 1 0 1 0 0 0 0 1 0 0 0 0
220	3	0 0 1 1 0 0 0 0 1 0 0 0 1 0 0 0
220	2	0 0 0 1 0 0 0 1 1 0 0 0 0 0 0 0
220	1	0 1 0 1 0 1 1 0 1 0 1 1 0 0 0 0
220	1	1 1 1 1 1 1 0 0 0 0 0 1 0 0 0 0
220	1	1 1 1 1 0 0 0 0 0 0 0 0 0 0 0 0
220	2	0 0 1 1 0 0 0 1 0 0 0 0 0 0 0 0
220	3	1 1 0 1 0 0 1 0 0 0 1 1 0 0 0 0
220	1	1 1 1 1 0 0 1 0 1 1 0 1 0 0 0 0
220	2	1 1 1 1 0 1 0 1 1 0 0 0 0 0 0 0
220	1	1 1 0 1 0 1 1 0 1 0 0 1 0 0 0 0
220	1	1 0 1 0 0 0 0 1 1 0 0 0 0 0 0 0
220	1	0 0 1 1 0 1 0 0 1 0 0 1 0 0 0 0
220	1	1 0 1 0 1 1 0 1 1 0 0 1 0 0 0 0
240	17	1 1 0 1 0 1 0 0 1 0 0 1 0 0 0 0
240	159	1 1 1 1 0 1 0 0 1 0 0 1 0 0 0 0
240	31	1 1 0 1 0 0 0 0 0 0 1 1 0 0 0 0
240	4	1 1 1 1 0 0 0 0 1 0 0 1 0 0 0 0
240	11	1 1 1 1 0 1 0 0 1 0 0 0 0 0 0 0
240	4	1 1 1 1 1 1 0 1 1 0 0 1 0 0 0 0
240	51	1 1 1 1 0 1 0 0 0 0 0 0 0 0 0 0
240	18	1 1 1 1 0 0 1 0 1 0 0 1 0 0 0 0
240	55	1 1 1 1 0 1 0 0 0 0 1 0 0 0 0 0
240	8	0 1 1 1 0 1 1 0 0 0 0 1 0 0 1 0
240	52	1 1 1 1 0 1 0 0 1 0 0 0 1 0 0 0
240	76	1 1 1 1 0 0 0 0 1 0 0 0 0 0 0 0
240	18	1 1 1 1 0 0 0 1 1 0 0 0 0 0 0 0
240	14	1 1 1 1 0 1 0 0 1 0 0 1 0 1 0 0
240	5	1 1 1 1 0 1 0 0 1 0 0 1 0 0 1 1
240	9	0 1 0 1 0 1 1 0 1 0 0 1 0 0 0 0
240	24	0 0 1 1 0 1 0 1 1 0 0 0 0 0 0 0
240	6	1 1 1 1 0 1 0 0 1 0 1 0 0 0 0 0
240	4	1 1 1 0 0 0 0 0 1 0 0 0 0 0 0 0
240	22	1 1 0 1 0 1 1 0 0 1 0 1 0 0 0 0
240	34	1 1 1 1 0 0 0 0 0 0 0 1 0 0 0 1
240	13	1 0 1 1 0 0 0 1 1 0 0 0 0 0 0 0
240	7	1 1 1 1 0 1 0 0 1 0 0 1 1 0 0 0
240	14	1 1 1 1 0 0 0 0 1 0 0 1 1 0 0 0
240	5	1 1 1 1 0 1 0 0 1 1 0 1 0 0 0 0
240	7	1 1 1 0 0 1 0 0 1 0 0 1 0 0 0 0
240	7	1 1 1 1 0 1 1 1 1 0 0 0 0 0 0 0
240	33	1 1 1 1 0 1 0 0 0 0 0 1 0 0 0 0
240	2	0 1 0 1 0 1 1 0 1 0 0 1 1 0 0 0
240	12	0 0 1 1 1 0 1 0 0 0 0 1 0 0 0 0
240	23	1 1 1 1 0 1 0 0 1 0 0 1 0 0 1 0
240	12	1 1 1 1 0 0 1 0 0 0 0 0 0 0 0 0
240	16	1 1 1 1 0 1 0 1 1 0 0 0 0 0 0 0
240	7	1 1 1 1 0 0 0 0 1 0 0 0 1 0 0 0
240	2	1 1 0 0 0 1 1 1 1 0 0 1 0 0 0 0
240	4	0 1 0 1 0 1 1 0 1 0 0 0 0 0 0 0
240	15	1 1 1 1 0 1 0 0 1 0 0 1 0 0 0 1
240	8	1 1 1 1 1 1 0 0 0 0 0 0 0 0 0 0
240	6	1 1 1 0 0 1 0 0 0 0 1 0 0 0 0 0
240	4	1 1 1 0 0 1 0 0 0 0 0 1 0 0 0 0
240	2	0 0 1 1 0 0 0 1 1 0 0 0 0 0 0 0
240	22	1 1 1 1 0 1 0 1 1 0 0 1 0 0 0 0
240	6	1 1 1 1 0 1 0 0 1 0 1 1 0 0 0 0
240	1	0 1 1 1 0 1 0 1 1 0 0 0 0 0 0 0
240	13	1 1 1 1 0 1 0 0 0 0 0 1 1 0 0 0
240	8	1 1 1 1 0 0 0 0 0 0 0 0 0 0 0 0
240	2	1 1 1 1 1 1 1 1 1 0 0 1 0 0 1 0
240	5	1 1 1 1 1 1 0 0 1 0 0 1 0 0 0 0
240	11	1 0 1 1 0 1 0 0 1 0 0 1 0 0 0 0
240	5	0 0 1 1 1 0 1 0 0 0 0 1 0 0 1 0
240	13	1 1 1 1 0 0 0 0 0 0 0 1 0 0 0 0
240	7	1 1 1 1 0 1 0 1 0 1 0 1 0 0 0 0
240	4	1 1 1 1 0 1 0 0 0 1 0 0 0 0 0 0
240	12	1 1 1 1 0 1 1 0 0 0 0 1 0 0 0 0
240	3	1 1 1 1 0 0 1 0 1 0 0 0 0 0 0 0
240	10	1 0 1 1 0 0 0 1 1 0 0 1 0 0 0 0
240	5	1 1 1 0 0 1 0 0 1 0 0 1 0 0 1 0
240	2	1 1 1 1 1 1 0 0 1 0 1 0 1 0 0 0
240	5	1 1 1 1 0 1 0 0 1 1 0 0 1 0 1 0
240	1	0 1 1 1 0 1 0 1 1 0 0 1 0 0 0 0
240	1	1 1 1 1 0 1 0 0 1 0 0 0 1 0 0 1
240	1	1 1 1 1 0 0 1 0 1 0 0 1 1 0 0 0
240	2	1 1 1 1 0 1 1 1 1 0 0 1 0 0 0 0
240	1	1 1 1 0 0 1 0 0 1 0 1 0 0 0 0 0
240	7	1 1 1 1 0 1 0 1 1 0 0 0 0 0 0 1
240	4	1 1 0 1 0 1 0 0 1 0 0 0 0 0 0 0
240	6	1 0 0 1 0 1 1 0 0 1 0 1 0 0 0 0
240	4	1 0 1 1 1 1 0 0 1 0 1 0 1 0 0 0
240	1	1 1 0 1 0 1 0 0 1 0 0 1 1 0 0 0
240	2	1 1 1 1 0 0 0 0 0 0 1 1 0 0 0 0
240	1	1 1 1 1 0 1 0 1 1 0 0 0 1 0 0 0
240	2	1 1 0 1 0 1 0 0 1 0 0 0 0 0 0 1
240	3	1 1 1 1 0 0 0 0 1 0 1 0 0 0 0 0
240	2	1 1 1 1 0 1 0 1 0 0 0 1 0 0 0 0
240	1	1 1 1 1 0 0 0 0 1 1 0 0 1 0 0 0
240	1	0 0 1 1 0 1 0 1 1 0 0 1 1 0 0 0
240	2	1 1 1 1 1 0 0 0 1 0 0 0 0 0 0 0
240	1	1 1 0 0 0 0 0 0 0 0 1 1 0 0 0 0
240	2	1 1 1 1 1 0 0 0 1 0 0 1 1 0 0 0
260	35	1 1 0 1 0 1 0 0 1 0 0 1 0 0 0 0
260	96	1 1 1 1 0 1 0 0 1 0 0 1 0 0 0 0
260	15	1 1 0 1 0 0 0 0 0 0 1 1 0 0 0 0
260	66	1 1 1 1 0 1 0 0 1 0 0 0 0 0 0 0
260	7	1 1 1 1 0 1 0 0 0 0 0 0 0 0 0 0
260	8	1 1 1 1 0 0 1 0 1 0 0 1 0 0 0 0
260	33	1 1 1 1 0 1 0 0 0 0 1 0 0 0 0 0
260	20	1 1 1 1 0 1 0 0 1 0 0 0 1 0 0 0
260	126	1 1 1 1 0 0 0 0 1 0 0 0 0 0 0 0
260	28	1 1 1 1 0 0 0 1 1 0 0 0 0 0 0 0
260	11	1 1 1 1 0 1 0 0 1 0 0 1 0 1 0 0
260	15	1 1 1 1 0 1 0 0 1 0 0 1 0 0 1 1
260	5	0 0 1 1 0 1 0 1 1 0 0 0 0 0 0 0
260	7	1 1 1 0 0 0 0 0 1 0 0 0 0 0 0 0
260	23	1 1 1 1 0 0 0 0 0 0 0 1 0 0 0 1
260	11	1 1 1 1 0 1 0 0 1 0 0 1 1 0 0 0
260	18	1 1 1 0 0 1 0 0 1 0 0 1 0 0 0 0
260	62	1 1 1 1 0 1 0 0 0 0 0 1 0 0 0 0
260	4	0 1 0 1 0 1 1 0 1 0 0 1 1 0 0 0
260	14	1 1 1 1 0 1 0 0 1 0 0 1 0 0 1 0
260	13	1 1 1 1 0 0 1 0 0 0 0 0 0 0 0 0
260	4	1 1 1 1 0 1 0 1 1 0 0 0 0 0 0 0
260	14	1 1 1 1 0 1 0 0 1 0 0 1 0 0 0 1
260	3	1 1 1 0 0 1 0 0 0 0 0 1 0 0 0 0
260	32	1 1 1 1 0 1 0 1 1 0 0 1 0 0 0 0
260	13	1 1 1 1 0 1 0 0 1 0 1 1 0 0 0 0
260	15	1 1 1 1 0 1 0 0 0 0 0 1 1 0 0 0
260	11	1 1 1 1 0 0 0 0 0 0 0 0 0 0 0 0
260	9	1 1 1 1 1 1 0 0 1 0 0 1 0 0 0 0
260	55	1 1 1 1 0 1 1 0 0 0 0 1 0 0 0 0
260	3	1 1 1 1 0 1 1 1 1 0 0 1 0 0 0 0
260	3	1 0 1 1 1 1 0 0 1 0 1 0 1 0 0 0
260	20	1 1 1 1 0 0 1 0 1 0 0 1 0 0 0 1
260	5	1 1 1 1 0 1 1 1 1 0 0 0 0 0 0 1
260	2	0 0 1 1 0 1 0 0 1 0 0 1 0 0 0 0
260	3	1 1 1 1 0 0 0 0 0 0 0 0 1 0 0 0
260	1	1 1 1 1 0 1 0 0 1 1 0 0 1 0 0 0
260	4	1 1 1 1 0 0 0 0 0 0 0 1 1 0 0 1
260	5	1 1 1 1 0 1 0 0 1 0 0 0 0 0 0 1
260	6	1 1 1 1 0 1 0 0 0 1 1 0 0 0 0 0
260	1	1 1 1 1 0 1 0 0 1 0 1 0 0 0 0 0
260	7	1 1 1 0 0 0 0 0 0 0 1 0 0 0 0 0
260	8	1 1 1 1 0 1 0 0 1 0 0 1 0 1 1 1
260	6	0 1 1 1 0 1 0 0 1 0 0 1 0 0 0 0
260	8	1 1 0 1 0 0 0 0 0 1 1 1 0 0 0 0
260	6	1 1 1 1 0 1 0 1 0 0 0 0 0 0 0 0
260	7	0 1 1 1 0 1 0 0 0 0 0 1 0 0 0 0
260	2	1 1 0 1 0 1 0 0 0 0 1 0 0 0 0 0
260	10	1 1 1 1 0 0 0 0 1 0 0 1 0 0 0 0
260	11	1 1 1 1 0 0 0 0 1 0 0 0 0 0 0 1
260	11	1 1 1 1 0 0 0 0 0 1 0 1 0 0 0 1
260	6	1 1 1 1 0 1 0 1 1 0 0 1 0 0 0 1
260	6	1 1 1 1 0 1 1 1 1 0 0 0 0 0 0 0
260	5	1 1 1 1 0 0 0 1 1 0 0 0 0 0 0 1
260	6	0 0 1 1 0 1 0 0 0 0 0 0 0 0 0 0
260	4	1 1 1 1 0 1 0 1 0 0 0 1 1 0 0 0
260	3	1 1 0 0 0 1 0 0 1 0 0 1 0 0 0 0
260	2	1 1 1 1 0 0 0 0 0 0 0 1 0 0 0 0
260	5	1 1 1 1 0 0 0 0 1 0 0 0 1 0 0 0
260	13	1 0 1 1 0 1 0 0 1 0 0 1 0 0 0 0
260	1	1 1 1 1 1 1 0 0 1 0 0 0 0 0 0 0
260	4	1 1 1 1 0 0 0 0 1 0 1 0 0 0 0 0
260	2	1 1 1 0 0 0 0 0 0 0 0 0 0 0 0 0
260	5	1 1 1 1 0 1 0 0 1 0 0 0 1 1 0 0
260	3	1 1 1 1 0 1 0 0 1 1 0 0 0 0 0 0
260	3	1 1 1 1 0 1 0 1 1 0 0 0 0 0 0 1
260	4	1 1 0 1 0 0 0 0 0 1 0 1 0 0 0 0
260	1	1 1 1 0 0 1 0 0 1 0 0 0 0 0 0 0
260	2	0 1 1 1 0 1 1 0 1 0 0 1 1 0 1 0
260	1	1 1 1 0 0 1 0 1 1 0 0 1 0 0 0 0
260	1	1 1 0 1 0 1 0 0 1 0 0 1 0 0 1 0
260	1	1 1 1 0 0 1 0 0 1 0 0 0 1 0 0 0
260	2	0 1 1 1 0 0 1 0 1 0 0 1 0 0 0 1
260	2	1 1 1 0 0 0 0 0 0 1 1 0 0 0 0 0
260	2	0 0 1 1 0 1 0 0 1 0 0 0 0 0 0 0
260	4	1 1 1 1 0 1 1 0 0 0 1 0 0 0 0 0
260	2	1 1 1 1 0 1 1 0 1 0 0 0 0 0 0 0
260	1	1 1 0 1 0 1 1 0 1 0 0 1 0 0 0 0
260	1	0 0 1 1 0 1 0 1 1 0 0 0 0 1 0 0
260	2	1 1 1 0 0 1 0 0 0 0 0 1 0 1 0 0
260	2	1 1 1 1 0 1 1 0 0 0 0 1 1 0 0 0
260	1	1 1 1 1 0 1 1 0 0 0 0 1 0 0 1 0
260	1	1 1 0 1 0 1 0 0 1 1 0 0 0 0 0 0
280	2	1 1 0 1 0 1 0 0 1 0 0 1 0 0 0 0
280	86	1 1 1 1 0 1 0 0 1 0 0 1 0 0 0 0
280	3	1 1 0 1 0 0 0 0 0 0 1 1 0 0 0 0
280	38	1 1 1 1 0 1 0 0 1 0 0 0 0 0 0 0
280	2	1 1 1 1 0 1 0 0 0 0 0 0 0 0 0 0
280	16	1 1 1 1 0 1 0 0 0 0 1 0 0 0 0 0
280	6	1 1 1 1 0 1 0 0 1 0 0 0 1 0 0 0
280	59	1 1 1 1 0 0 0 0 1 0 0 0 0 0 0 0
280	49	1 1 1 1 0 0 0 1 1 0 0 0 0 0 0 0
280	6	1 1 1 1 0 1 0 0 1 0 0 1 0 1 0 0
280	10	1 1 1 1 0 1 0 0 1 0 0 1 0 0 1 1
280	23	1 1 1 0 0 0 0 0 1 0 0 0 0 0 0 0
280	6	1 1 1 1 0 1 0 0 1 0 0 1 1 0 0 0
280	12	1 1 1 0 0 1 0 0 1 0 0 1 0 0 0 0
280	46	1 1 1 1 0 1 0 0 0 0 0 1 0 0 0 0
280	25	1 1 1 1 0 1 0 0 1 0 0 1 0 0 1 0
280	8	1 1 1 1 0 0 1 0 0 0 0 0 0 0 0 0
280	46	1 1 1 1 0 1 0 1 1 0 0 1 0 0 0 0
280	25	1 1 1 1 0 1 0 0 1 0 1 1 0 0 0 0
280	14	1 1 1 1 0 0 0 0 0 0 0 0 0 0 0 0
280	31	1 1 1 1 0 1 1 0 0 0 0 1 0 0 0 0
280	14	1 1 1 1 0 0 1 0 1 0 0 1 0 0 0 1
280	19	1 1 1 1 0 0 0 0 0 0 0 0 1 0 0 0
280	43	1 1 1 0 0 0 0 0 0 0 1 0 0 0 0 0
280	3	0 1 1 1 0 1 0 0 1 0 0 1 0 0 0 0
280	1	1 1 0 1 0 0 0 0 0 1 1 1 0 0 0 0
280	9	1 1 1 1 0 1 0 1 0 0 0 0 0 0 0 0
280	17	1 1 1 1 0 0 0 0 1 0 0 1 0 0 0 0
280	21	1 1 1 1 0 0 0 0 1 0 0 0 0 0 0 1
280	1	0 0 1 1 0 1 0 0 0 0 0 0 0 0 0 0
280	2	1 1 1 1 0 1 0 1 0 0 0 1 1 0 0 0
280	3	1 1 0 0 0 1 0 0 1 0 0 1 0 0 0 0
280	42	1 1 1 1 0 0 0 0 0 0 0 1 0 0 0 0
280	1	1 0 1 1 0 1 0 0 1 0 0 1 0 0 0 0
280	10	1 1 1 1 0 0 0 0 1 0 1 0 0 0 0 0
280	3	1 1 1 1 0 1 0 0 1 0 0 0 1 1 0 0
280	8	1 1 1 0 0 1 0 0 0 0 0 1 0 1 0 0
280	1	1 1 1 1 0 1 0 0 0 0 0 1 0 0 0 1
280	21	1 1 1 1 0 1 0 0 1 1 0 0 1 0 0 0
280	1	1 1 0 1 0 1 0 0 1 0 1 1 0 0 0 0
280	7	1 1 1 1 0 0 0 0 0 0 1 0 0 0 0 0
280	8	1 1 1 1 0 0 0 0 1 0 0 1 0 0 0 1
280	18	1 1 1 1 0 0 0 0 1 1 0 1 0 0 0 1
280	11	1 1 1 1 0 1 0 1 1 0 0 0 0 0 0 0
280	6	1 1 1 1 0 1 0 0 1 1 0 1 0 0 0 0
280	4	1 1 1 1 0 0 1 1 1 0 0 1 0 0 0 0
280	9	0 1 1 1 0 1 0 1 1 0 0 1 0 0 0 0
280	7	1 1 0 1 0 1 0 0 1 0 0 0 0 0 0 0
280	4	1 1 1 1 0 0 1 1 1 0 0 0 0 0 0 0
280	5	1 1 1 1 0 0 0 0 0 0 1 0 1 0 0 0
280	4	1 1 1 1 0 1 1 0 1 0 0 0 0 0 0 0
280	31	1 1 1 1 0 1 0 0 0 1 1 0 0 0 0 0
280	14	0 1 1 1 0 1 0 0 1 0 0 1 0 0 1 1
280	3	1 1 1 1 0 1 0 0 1 0 0 0 0 1 0 0
280	7	1 1 1 1 0 0 0 1 1 0 0 1 0 0 0 1
280	2	1 1 1 1 0 0 0 0 0 0 1 0 0 0 1 0
280	9	1 1 1 1 0 1 1 0 1 0 0 1 0 0 0 0
280	4	1 1 1 1 0 1 0 0 1 0 1 1 1 0 0 0
280	15	1 1 1 1 0 1 0 1 1 0 0 1 1 0 0 0
280	4	1 1 1 1 0 0 0 0 1 1 1 1 0 0 0 0
280	6	1 1 1 1 0 1 0 0 1 1 0 0 1 0 0 1
280	1	1 0 1 1 0 1 0 1 0 0 0 1 0 0 0 0
280	2	1 1 1 1 1 0 0 1 1 0 0 1 0 0 0 1
280	4	1 1 1 1 0 0 0 0 1 0 1 1 0 0 0 1
280	2	1 1 0 1 0 1 0 0 0 0 0 1 0 0 0 0
280	14	1 1 1 1 0 1 0 1 1 0 0 0 1 0 0 0
280	10	1 1 1 0 0 1 0 0 0 0 0 1 0 1 0 1
280	6	1 1 1 1 0 0 0 0 0 0 0 1 0 0 1 0
280	3	1 1 1 1 1 1 0 0 1 0 0 0 0 0 0 0
280	2	1 1 1 1 0 1 0 1 1 0 0 1 0 0 1 0
280	2	1 1 1 0 0 0 0 0 1 0 1 0 0 0 0 0
280	4	1 1 1 1 0 0 0 0 1 1 0 0 0 0 0 1
280	2	0 0 1 1 0 1 0 1 0 0 0 0 0 0 0 0
280	1	1 1 1 1 0 0 1 0 1 0 0 1 1 0 0 1
280	1	1 1 1 1 0 0 1 0 1 0 0 0 0 0 0 1
280	1	1 1 1 0 0 1 0 0 0 0 1 0 0 0 0 0
280	1	1 1 1 1 0 1 1 0 0 0 0 0 0 0 0 0
280	3	1 1 1 1 0 0 0 0 1 0 0 0 1 0 0 0
280	2	1 1 1 1 0 0 0 1 1 0 1 0 0 0 0 0
280	1	0 1 1 1 0 0 0 1 1 0 0 0 0 0 0 0
280	4	1 1 0 1 0 1 0 1 1 0 1 1 0 0 0 0
280	2	1 1 0 1 0 0 0 0 1 0 0 1 0 0 0 1
280	5	1 1 1 1 0 1 0 1 1 1 0 0 1 0 0 0
280	1	1 1 1 1 0 1 0 0 1 0 0 1 0 0 0 1
280	1	1 1 1 1 0 1 0 0 1 0 0 0 0 0 0 1
280	5	1 1 1 1 0 0 0 1 1 1 0 0 0 0 0 0
280	1	1 1 1 1 0 1 0 0 1 1 0 1 0 0 1 0
280	2	1 1 1 1 1 1 0 0 1 0 1 1 0 0 0 0
280	1	1 0 1 1 0 0 1 0 1 0 0 1 0 0 0 1
280	1	0 1 1 1 0 0 0 0 1 0 0 0 0 0 0 1
280	2	1 1 1 1 0 1 0 0 0 1 1 1 0 0 0 0
280	2	1 1 0 1 0 0 1 0 1 0 0 1 1 0 0 1
300	63	1 1 1 1 0 1 0 0 1 0 0 1 0 0 0 0
300	28	1 1 1 1 0 1 0 0 1 0 0 0 0 0 0 0
300	12	1 1 1 1 0 1 0 0 0 0 0 0 0 0 0 0
300	9	1 1 1 1 0 1 0 0 0 0 1 0 0 0 0 0
300	125	1 1 1 1 0 0 0 0 1 0 0 0 0 0 0 0
300	22	1 1 1 1 0 0 0 1 1 0 0 0 0 0 0 0
300	39	1 1 1 1 0 1 0 0 0 0 0 1 0 0 0 0
300	3	1 1 1 1 0 1 0 0 1 0 0 1 0 0 1 0
300	28	1 1 1 1 0 0 1 0 0 0 0 0 0 0 0 0
300	50	1 1 1 1 0 1 0 1 1 0 0 1 0 0 0 0
300	40	1 1 1 1 0 1 0 0 1 0 1 1 0 0 0 0
300	17	1 1 1 1 0 0 0 0 0 0 0 0 0 0 0 0
300	12	1 1 1 1 0 1 1 0 0 0 0 1 0 0 0 0
300	62	1 1 1 1 0 0 0 0 0 0 0 0 1 0 0 0
300	11	1 1 1 0 0 0 0 0 0 0 1 0 0 0 0 0
300	1	1 1 0 1 0 0 0 0 0 1 1 1 0 0 0 0
300	25	1 1 1 1 0 0 0 0 1 0 0 1 0 0 0 0
300	22	1 1 1 1 0 0 0 0 1 0 0 0 0 0 0 1
300	16	1 1 1 1 0 0 0 0 0 0 0 1 0 0 0 0
300	11	1 1 1 0 0 1 0 0 0 0 0 1 0 1 0 0
300	4	1 1 1 1 0 1 0 0 1 1 0 0 1 0 0 0
300	3	1 1 1 1 0 0 0 0 1 0 0 1 0 0 0 1
300	19	1 1 1 1 0 0 0 0 1 1 0 1 0 0 0 1
300	3	1 1 1 1 0 1 0 1 1 0 0 0 0 0 0 0
300	2	0 1 1 1 0 1 0 1 1 0 0 1 0 0 0 0
300	4	1 1 0 1 0 1 0 0 1 0 0 0 0 0 0 0
300	1	1 1 1 1 0 0 0 0 0 0 1 0 1 0 0 0
300	6	1 1 1 1 0 1 1 0 1 0 0 0 0 0 0 0
300	23	1 1 1 1 0 1 0 0 0 1 1 0 0 0 0 0
300	1	0 1 1 1 0 1 0 0 1 0 0 1 0 0 1 1
300	15	1 1 1 1 0 1 1 0 1 0 0 1 0 0 0 0
300	7	1 1 1 1 0 1 0 0 1 1 0 0 1 0 0 1
300	1	1 1 1 1 0 1 0 1 1 0 0 0 1 0 0 0
300	1	1 1 1 0 0 1 0 0 0 0 0 1 0 1 0 1
300	5	1 1 1 0 0 0 0 0 1 0 1 0 0 0 0 0
300	11	1 1 1 1 0 0 0 0 1 0 0 0 1 0 0 0
300	22	1 1 1 1 0 0 0 1 1 0 1 0 0 0 0 0
300	2	1 1 0 1 0 1 0 1 1 0 1 1 0 0 0 0
300	11	1 1 0 1 0 0 0 0 1 0 0 1 0 0 0 1
300	27	1 1 1 0 0 0 0 0 0 0 0 0 1 0 0 0
300	4	0 1 1 1 0 0 0 0 1 0 0 1 0 0 0 0
300	2	1 0 0 1 0 1 0 0 1 0 1 1 0 0 0 0
300	3	0 1 1 1 0 1 0 0 1 0 0 1 0 0 1 0
300	8	1 1 1 1 1 0 0 0 1 0 0 0 0 0 0 0
300	12	1 1 1 1 0 0 0 0 0 0 1 0 0 0 0 0
300	8	1 1 1 1 0 0 0 0 1 0 0 0 0 1 0 1
300	3	1 1 1 1 0 0 0 1 1 0 0 1 0 0 1 0
300	7	1 1 1 0 0 1 0 0 0 1 1 0 0 0 0 0
300	7	0 1 1 1 0 0 0 1 1 0 0 0 0 0 0 0
300	12	1 0 1 1 0 1 0 0 1 0 0 1 0 0 0 0
300	4	1 1 1 0 0 0 0 1 1 0 0 0 0 0 0 0
300	5	1 1 1 0 0 1 0 0 0 0 0 1 0 0 0 0
300	6	1 1 1 1 1 1 0 1 1 0 0 1 0 0 0 0
300	16	1 1 1 1 0 1 0 1 0 1 0 0 0 0 0 0
300	1	0 1 1 1 0 1 0 0 0 0 1 0 0 0 0 0
300	8	1 1 1 1 0 0 0 1 0 0 0 1 0 0 0 0
300	10	1 1 1 0 0 0 0 0 1 1 0 1 0 0 0 1
300	3	0 1 1 1 0 0 1 0 1 0 0 1 0 0 0 0
300	2	1 1 1 1 0 0 0 0 1 0 1 0 1 0 0 0
300	3	1 1 1 1 0 0 1 0 0 0 0 0 0 0 1 0
300	1	1 1 1 1 0 0 0 1 1 0 0 0 1 0 0 0
300	9	1 0 1 1 0 1 0 1 1 0 0 1 0 0 0 1
300	4	1 1 1 1 0 1 0 0 1 0 1 1 0 0 1 1
300	5	1 1 1 0 1 0 0 0 0 0 0 0 1 0 0 0
300	3	1 1 1 1 0 0 0 0 1 1 0 1 0 0 0 0
300	2	0 1 1 1 1 0 1 0 1 0 0 1 0 0 0 0
300	5	1 1 0 1 0 1 0 0 0 0 1 0 0 0 0 0
300	8	1 1 1 0 0 1 0 0 1 0 1 1 0 0 0 0
300	1	1 1 1 1 1 0 1 0 1 0 0 1 0 0 0 0
300	2	1 0 1 1 0 0 0 0 1 0 0 0 0 0 0 0
300	4	1 1 1 1 0 0 0 0 1 0 0 0 0 1 0 0
300	1	1 1 1 1 0 1 0 0 0 1 0 0 1 0 0 0
300	3	1 1 1 0 1 1 0 0 0 0 0 1 0 1 0 1
300	2	1 1 0 0 0 0 0 0 0 0 0 0 1 0 0 0
300	2	1 1 1 0 0 0 0 1 0 0 0 0 1 0 0 0
300	1	1 1 1 1 0 1 0 0 1 1 1 1 0 0 1 1
300	3	1 1 1 1 0 0 0 0 0 1 0 1 0 0 0 1
300	2	1 1 1 1 0 1 0 0 1 0 0 1 0 1 0 0
300	2	1 1 0 1 0 0 0 0 1 0 0 0 0 0 0 0
300	4	1 1 1 1 0 0 0 0 1 0 0 0 0 0 1 0
300	8	1 1 1 1 0 0 0 1 0 0 0 0 1 0 0 0
300	3	0 1 1 1 0 0 0 0 0 0 0 1 0 0 0 0
300	4	1 1 0 1 0 0 0 0 0 0 0 1 0 0 0 0
300	5	1 1 1 1 0 1 1 0 1 0 0 1 0 0 0 1
300	2	1 1 1 1 0 1 0 0 1 0 0 0 0 1 0 0
300	1	1 1 1 1 0 1 0 1 1 1 0 0 0 0 0 0
300	3	1 1 0 1 0 1 0 0 1 1 0 0 0 0 0 0
300	3	1 1 0 1 0 1 0 0 0 1 1 0 0 0 0 0
300	2	1 1 1 0 0 1 0 0 1 0 1 1 0 0 1 1
300	1	1 1 1 0 1 0 0 0 0 0 1 0 1 0 0 0
300	1	1 1 1 1 0 0 0 1 1 0 0 1 0 0 0 0
300	1	1 1 1 1 1 0 1 0 0 0 0 0 0 0 0 0
300	1	1 1 1 1 0 0 1 0 0 0 0 1 0 0 0 0
300	1	1 1 1 1 0 1 0 1 1 0 0 1 0 0 1 0
300	3	1 1 1 1 0 1 0 1 0 0 0 1 0 0 0 0
300	1	1 1 1 1 0 1 0 1 1 0 1 1 0 0 0 0
300	1	1 1 1 1 0 1 0 0 1 0 1 1 0 1 0 0
300	1	1 1 1 1 0 1 0 0 0 1 1 0 1 0 0 0
300	1	1 1 0 1 0 1 0 0 1 1 0 0 1 0 0 1
300	1	1 1 0 1 0 1 0 1 0 0 0 1 0 0 0 0
300	4	1 1 1 1 1 0 0 0 1 0 0 0 0 1 0 0
320	44	1 1 1 1 0 1 0 0 1 0 0 1 0 0 0 0
320	32	1 1 1 1 0 1 0 0 1 0 0 0 0 0 0 0
320	7	1 1 1 1 0 1 0 0 0 0 1 0 0 0 0 0
320	56	1 1 1 1 0 0 0 0 1 0 0 0 0 0 0 0
320	10	1 1 1 1 0 0 0 1 1 0 0 0 0 0 0 0
320	42	1 1 1 1 0 1 0 0 0 0 0 1 0 0 0 0
320	2	1 1 1 1 0 1 0 0 1 0 0 1 0 0 1 0
320	11	1 1 1 1 0 0 1 0 0 0 0 0 0 0 0 0
320	94	1 1 1 1 0 1 0 1 1 0 0 1 0 0 0 0
320	29	1 1 1 1 0 1 0 0 1 0 1 1 0 0 0 0
320	30	1 1 1 1 0 0 0 0 0 0 0 0 0 0 0 0
320	33	1 1 1 1 0 1 1 0 0 0 0 1 0 0 0 0
320	54	1 1 1 1 0 0 0 0 0 0 0 0 1 0 0 0
320	3	1 1 0 1 0 0 0 0 0 1 1 1 0 0 0 0
320	30	1 1 1 1 0 0 0 0 1 0 0 1 0 0 0 0
320	25	1 1 1 1 0 0 0 0 1 0 0 0 0 0 0 1
320	49	1 1 1 1 0 0 0 0 0 0 0 1 0 0 0 0
320	20	1 1 1 0 0 1 0 0 0 0 0 1 0 1 0 0
320	2	1 1 1 1 0 0 0 0 1 1 0 1 0 0 0 1
320	15	1 1 1 1 0 1 0 0 0 1 1 0 0 0 0 0
320	3	1 1 1 1 0 0 0 1 1 0 1 0 0 0 0 0
320	2	1 1 0 1 0 0 0 0 1 0 0 1 0 0 0 1
320	5	1 1 1 1 0 0 0 0 0 0 1 0 0 0 0 0
320	5	1 1 1 1 0 0 0 0 1 0 0 0 0 1 0 1
320	8	1 1 1 0 0 1 0 0 0 1 1 0 0 0 0 0
320	10	0 1 1 1 0 0 0 1 1 0 0 0 0 0 0 0
320	21	1 1 1 1 1 1 0 1 1 0 0 1 0 0 0 0
320	8	1 1 1 1 0 1 0 1 0 1 0 0 0 0 0 0
320	8	1 1 1 0 0 0 0 0 1 1 0 1 0 0 0 1
320	7	1 1 0 1 0 1 0 0 0 0 1 0 0 0 0 0
320	15	1 1 1 0 0 1 0 0 1 0 1 1 0 0 0 0
320	5	1 1 1 1 0 1 0 0 0 1 0 0 1 0 0 0
320	7	1 1 1 1 0 0 0 1 0 0 0 0 1 0 0 0
320	16	1 1 1 1 0 1 1 0 1 0 0 1 0 0 0 1
320	9	1 1 0 1 0 1 0 0 1 1 0 0 0 0 0 0
320	25	1 1 1 1 0 1 0 1 1 0 1 1 0 0 0 0
320	1	1 1 1 1 0 1 1 0 0 0 0 0 0 0 0 0
320	25	1 0 1 1 0 0 0 0 1 0 0 1 0 0 0 0
320	16	1 1 1 1 0 0 1 0 0 0 0 1 0 0 0 0
320	4	1 1 1 1 0 0 0 1 0 1 0 0 0 0 0 0
320	4	1 1 1 0 0 0 0 0 1 0 1 1 0 0 0 0
320	3	1 1 0 0 0 0 0 1 1 0 0 0 0 0 0 0
320	5	1 1 1 0 0 1 0 0 0 0 0 1 0 0 0 0
320	3	1 1 1 0 0 0 0 1 1 0 1 1 0 0 0 0
320	3	1 0 1 1 0 1 0 1 1 0 0 1 0 0 0 0
320	1	1 1 1 0 0 1 1 0 0 0 0 1 0 1 0 0
320	3	1 1 1 1 0 0 0 1 1 0 1 0 1 0 0 0
320	7	1 1 1 1 1 0 1 0 0 0 0 0 0 0 1 0
320	2	1 1 1 0 0 1 0 1 0 1 0 0 0 0 0 0
320	7	1 1 1 1 0 1 0 0 1 1 0 1 0 0 0 1
320	5	1 1 1 1 0 0 0 0 1 0 0 1 0 0 0 1
320	3	1 0 1 1 0 1 0 0 0 1 1 0 0 0 0 0
320	15	1 1 1 1 1 0 0 0 0 0 1 0 0 0 0 0
320	8	1 1 1 1 1 1 0 1 1 0 0 0 0 0 0 0
320	7	1 1 1 1 0 1 0 1 1 0 0 1 0 0 0 1
320	2	1 1 0 1 0 0 0 0 0 0 0 1 0 0 0 0
320	3	1 1 1 1 1 1 0 1 1 0 0 1 1 0 0 0
320	2	1 1 1 0 0 1 1 0 1 0 0 1 0 0 0 1
320	6	1 1 1 1 1 1 1 0 0 0 0 0 0 0 0 0
320	11	1 1 1 1 0 1 1 1 0 0 0 1 0 0 0 0
320	2	1 1 1 1 0 1 1 0 0 0 0 0 1 0 0 0
320	2	1 1 1 1 0 1 0 0 1 0 0 1 0 0 0 1
320	11	1 1 1 1 0 0 1 0 1 0 0 1 0 0 0 0
320	1	0 1 1 1 0 1 0 0 0 0 0 1 0 0 0 0
320	1	1 0 1 1 0 0 1 0 0 0 0 0 0 0 0 0
320	4	1 1 1 0 0 1 0 1 1 0 0 1 0 0 0 0
320	2	1 1 1 1 0 1 1 0 0 0 0 1 0 1 0 0
320	4	1 1 1 0 0 0 0 0 1 1 0 1 0 0 0 0
320	4	0 1 1 1 0 0 0 0 1 0 0 0 0 0 0 0
320	1	1 1 1 0 0 1 0 0 0 1 0 1 0 1 0 0
320	4	1 1 0 0 0 0 0 0 1 0 1 1 0 0 0 0
320	3	1 1 1 1 0 1 0 1 1 1 1 1 0 0 0 0
320	4	1 1 0 1 0 1 0 0 0 0 0 0 0 0 0 0
320	1	1 1 1 0 0 1 0 0 0 0 1 1 0 1 0 0
320	5	1 1 1 1 0 1 0 0 0 1 0 0 0 0 0 0
320	6	1 1 1 1 0 1 1 0 1 0 0 0 0 0 0 1
320	2	1 1 1 1 0 1 0 0 1 0 0 1 0 1 0 0
320	4	1 1 1 1 0 0 0 0 0 1 0 0 0 0 0 0
320	1	1 1 0 1 0 1 0 0 0 0 1 1 0 0 0 0
320	1	1 1 1 1 0 0 1 0 1 1 0 0 0 0 0 0
320	1	1 0 1 1 0 1 0 0 1 0 0 1 0 0 0 0
320	2	1 1 1 1 0 1 0 0 0 0 1 0 0 0 0 1
320	3	1 1 0 1 0 1 0 0 1 0 0 1 0 0 1 0
320	3	1 1 0 0 0 1 0 0 0 0 0 1 0 1 0 0
320	1	1 0 1 1 0 0 0 0 1 0 0 1 1 0 0 0
320	5	1 1 1 1 0 1 1 1 1 0 0 1 0 0 0 0
320	2	1 1 0 1 0 0 0 0 0 0 0 0 1 0 0 0
320	2	1 1 1 0 0 0 0 0 1 0 0 1 0 0 0 0
320	2	1 0 1 1 0 0 0 0 1 0 0 0 0 0 0 1
320	1	1 1 1 1 0 0 0 0 0 0 0 1 1 0 0 0
320	3	0 0 1 1 0 0 0 0 1 0 0 1 0 0 0 0
320	4	1 1 1 0 0 0 0 0 0 0 1 1 0 1 0 0
320	2	1 1 1 1 0 1 0 1 0 0 0 1 0 0 0 1
320	3	1 1 1 1 0 1 0 0 0 0 0 1 0 1 0 0
320	1	0 1 1 1 0 1 0 1 1 0 0 1 0 0 0 0
320	1	1 1 1 1 0 0 0 1 1 0 0 1 0 0 0 0
320	2	1 1 1 1 0 1 0 0 1 0 1 1 0 0 0 1
320	2	1 1 1 1 0 0 0 0 0 0 1 1 0 0 0 0
320	1	1 0 1 1 0 1 0 1 1 0 1 1 0 0 0 0
320	1	1 1 1 0 0 1 0 0 0 0 0 1 0 0 0 1
320	1	0 1 1 1 0 1 0 0 1 1 0 1 0 0 0 1
320	2	1 1 1 1 0 1 0 1 1 1 1 1 0 0 1 0
320	2	1 1 1 1 0 1 0 0 1 1 0 0 0 0 0 0
320	2	1 1 1 1 0 0 0 0 0 1 0 0 0 0 0 1
340	78	1 1 1 1 0 1 0 0 1 0 0 1 0 0 0 0
340	59	1 1 1 1 0 1 0 0 1 0 0 0 0 0 0 0
340	76	1 1 1 1 0 0 0 0 1 0 0 0 0 0 0 0
340	4	1 1 1 1 0 0 0 1 1 0 0 0 0 0 0 0
340	64	1 1 1 1 0 1 0 0 0 0 0 1 0 0 0 0
340	80	1 1 1 1 0 1 0 1 1 0 0 1 0 0 0 0
340	21	1 1 1 1 0 1 0 0 1 0 1 1 0 0 0 0
340	3	1 1 1 1 0 0 0 0 0 0 0 0 0 0 0 0
340	4	1 1 1 1 0 1 1 0 0 0 0 1 0 0 0 0
340	38	1 1 1 1 0 0 0 0 0 0 0 0 1 0 0 0
340	40	1 1 1 1 0 0 0 0 1 0 0 1 0 0 0 0
340	11	1 1 1 1 0 0 0 0 1 0 0 0 0 0 0 1
340	23	1 1 1 1 0 0 0 0 0 0 0 1 0 0 0 0
340	19	1 1 1 0 0 1 0 0 0 0 0 1 0 1 0 0
340	8	1 1 1 1 0 0 0 1 1 0 1 0 0 0 0 0
340	28	1 1 1 1 0 0 0 0 0 0 1 0 0 0 0 0
340	1	1 1 1 1 1 1 0 1 1 0 0 1 0 0 0 0
340	8	1 1 1 1 0 1 0 1 0 1 0 0 0 0 0 0
340	4	1 1 0 1 0 1 0 0 0 0 1 0 0 0 0 0
340	13	1 1 1 0 0 1 0 0 1 0 1 1 0 0 0 0
340	31	1 1 1 1 0 1 0 1 1 0 1 1 0 0 0 0
340	2	1 0 1 1 0 0 0 0 1 0 0 1 0 0 0 0
340	17	1 1 1 1 0 0 1 0 0 0 0 1 0 0 0 0
340	2	1 1 1 1 1 0 1 0 0 0 0 0 0 0 1 0
340	1	1 1 1 1 1 0 0 0 0 0 1 0 0 0 0 0
340	18	1 1 1 1 1 1 0 1 1 0 0 0 0 0 0 0
340	26	1 1 1 1 0 1 0 1 1 0 0 1 0 0 0 1
340	32	1 1 1 1 0 0 1 0 1 0 0 1 0 0 0 0
340	15	1 1 1 0 0 0 0 0 1 1 0 1 0 0 0 0
340	18	1 1 1 1 0 1 0 1 1 1 1 1 0 0 0 0
340	5	1 1 1 1 0 0 0 0 0 1 0 0 0 0 0 0
340	3	1 1 1 0 0 0 0 0 0 0 1 1 0 1 0 0
340	12	1 1 1 1 0 1 0 1 0 0 0 1 0 0 0 1
340	4	1 1 1 1 0 1 0 0 0 0 0 1 0 1 0 0
340	23	1 1 1 1 0 1 1 0 1 0 0 1 0 0 0 0
340	17	1 1 1 1 0 0 0 0 0 1 0 0 1 0 0 0
340	2	1 1 1 1 1 1 1 1 1 0 0 0 0 0 0 0
340	1	1 1 1 1 1 1 0 0 0 0 0 1 0 0 0 0
340	4	1 1 1 1 0 0 0 1 1 0 0 1 0 0 0 0
340	5	1 1 0 1 0 0 0 0 1 0 0 0 0 0 0 0
340	7	1 1 0 1 0 0 0 0 0 0 0 0 1 0 0 0
340	4	1 1 1 0 0 1 0 1 1 0 0 1 0 0 1 0
340	4	1 1 0 1 0 0 0 0 1 0 0 1 0 0 0 0
340	1	1 0 1 0 0 0 0 0 1 0 0 0 0 0 0 0
340	3	1 1 1 0 0 1 0 0 0 0 0 0 0 0 1 0
340	1	1 1 1 1 0 1 0 0 1 0 0 0 0 0 0 1
340	2	1 0 1 1 0 1 0 1 1 0 0 1 0 0 0 1
340	5	1 1 0 1 1 0 1 0 0 0 0 0 0 0 0 0
340	1	1 1 1 1 0 0 0 0 0 0 0 1 0 0 0 1
340	1	1 1 1 1 0 1 0 0 0 0 1 1 0 0 0 0
340	4	1 1 1 0 0 0 0 0 0 0 0 0 1 0 0 0
340	3	0 1 1 1 0 1 0 0 1 0 0 0 0 0 0 0
340	6	1 1 1 1 1 1 0 0 1 0 0 0 0 0 0 0
340	2	1 1 1 1 0 1 0 0 0 0 0 1 0 0 0 1
340	4	1 1 1 1 0 1 0 1 1 0 1 1 0 0 1 0
340	5	1 1 1 1 0 1 0 0 1 1 1 1 0 0 0 0
340	5	1 1 1 1 0 0 0 0 0 0 1 0 0 0 1 0
340	1	1 1 0 1 0 0 0 0 1 0 1 1 0 0 0 0
340	1	1 1 1 1 0 1 0 1 1 0 1 0 1 0 0 0
340	4	1 1 1 1 0 1 1 0 1 0 0 0 0 0 0 0
340	17	1 1 1 1 1 0 0 0 1 0 0 0 0 0 0 1
340	12	1 1 1 1 0 1 0 0 1 1 0 0 0 0 0 0
340	2	1 1 1 1 0 0 0 0 0 0 0 0 0 0 1 0
340	2	1 1 1 1 0 0 1 0 0 0 0 0 0 0 0 0
340	6	1 1 1 0 0 0 0 0 0 0 0 0 0 0 0 0
340	4	0 1 1 1 0 1 0 0 1 0 0 1 0 0 0 0
340	1	1 1 1 1 0 1 0 0 1 0 0 1 0 1 0 0
340	7	1 1 1 1 0 0 0 0 1 0 0 0 1 0 0 0
340	4	1 1 1 1 0 0 0 0 0 1 0 0 1 0 0 1
340	2	0 1 0 1 0 1 1 0 1 0 0 1 0 0 0 1
340	4	1 1 1 1 0 1 1 0 0 0 0 0 1 0 0 0
340	2	0 1 1 1 0 1 0 1 1 0 0 1 0 0 0 0
340	2	1 1 1 1 0 1 0 0 0 1 0 0 1 0 0 0
340	2	1 1 1 1 0 0 0 0 0 1 0 0 1 0 1 0
340	6	1 1 0 1 1 0 0 0 0 0 0 0 1 0 0 0
340	4	1 1 1 1 0 0 1 0 1 0 0 0 0 0 0 0
340	1	1 1 1 1 0 1 0 1 1 0 0 1 1 0 0 0
340	1	1 1 1 1 1 1 0 1 1 0 0 1 0 0 0 1
340	1	1 1 1 1 1 0 0 0 0 0 0 1 0 0 0 1
340	3	1 0 1 1 0 0 0 0 1 0 0 0 0 0 0 1
340	5	1 1 1 1 1 0 0 0 1 0 0 0 0 0 0 0
340	1	1 1 1 1 0 1 0 0 1 0 1 1 0 0 1 0
340	3	1 1 1 1 0 0 0 0 1 1 0 0 0 0 0 1
340	1	1 1 1 1 0 0 0 1 1 0 0 0 0 0 0 1
340	1	1 1 1 0 0 0 0 0 0 0 1 0 0 0 0 0
340	1	1 1 1 0 0 0 0 0 0 1 0 0 0 0 0 0
340	1	1 1 1 1 0 0 0 0 0 0 1 1 0 0 0 0
340	3	1 1 1 1 0 1 0 1 1 0 0 0 0 0 0 1
340	2	1 1 1 1 0 0 0 1 1 0 1 1 0 0 0 0
340	1	1 1 1 0 0 1 0 1 1 0 0 1 0 0 0 0
340	1	0 1 1 1 0 0 0 0 0 0 0 1 0 0 0 0
340	1	1 1 1 1 0 1 0 1 0 1 0 1 0 0 0 0
340	1	1 1 0 1 0 1 0 0 0 1 1 0 0 0 0 0
340	2	1 1 1 1 0 0 1 0 1 1 0 1 0 0 0 0
340	1	1 1 1 1 0 0 1 0 1 0 0 1 0 0 0 1
340	2	1 1 1 0 1 0 0 0 1 1 0 1 0 0 0 0
340	2	1 1 1 1 0 0 0 0 1 1 0 1 0 0 0 0
340	1	1 1 1 1 1 1 1 0 1 0 0 1 0 0 0 0
340	1	1 1 1 1 1 0 0 0 0 1 0 0 1 0 0 0
340	2	1 1 0 1 0 0 0 0 0 0 1 1 0 0 0 0
360	81	1 1 1 1 0 1 0 0 1 0 0 1 0 0 0 0
360	63	1 1 1 1 0 1 0 0 1 0 0 0 0 0 0 0
360	30	1 1 1 1 0 0 0 0 1 0 0 0 0 0 0 0
360	15	1 1 1 1 0 0 0 1 1 0 0 0 0 0 0 0
360	53	1 1 1 1 0 1 0 0 0 0 0 1 0 0 0 0
360	76	1 1 1 1 0 1 0 1 1 0 0 1 0 0 0 0
360	25	1 1 1 1 0 1 0 0 1 0 1 1 0 0 0 0
360	9	1 1 1 1 0 0 0 0 1 0 0 1 0 0 0 0
360	3	1 1 1 1 0 0 0 0 0 0 0 1 0 0 0 0
360	38	1 1 1 1 0 0 0 1 1 0 1 0 0 0 0 0
360	27	1 1 1 1 0 0 0 0 0 0 1 0 0 0 0 0
360	15	1 1 1 1 1 1 0 1 1 0 0 1 0 0 0 0
360	5	1 1 1 1 0 1 0 1 0 1 0 0 0 0 0 0
360	8	1 1 0 1 0 1 0 0 0 0 1 0 0 0 0 0
360	8	1 1 1 1 0 1 0 1 1 0 1 1 0 0 0 0
360	24	1 1 1 1 0 0 1 0 0 0 0 1 0 0 0 0
360	2	1 1 1 1 0 1 0 1 1 0 0 1 0 0 0 1
360	3	1 1 1 1 0 1 0 1 1 1 1 1 0 0 0 0
360	6	1 1 1 1 0 0 0 0 0 1 0 0 0 0 0 0
360	34	1 1 1 1 0 1 0 1 0 0 0 1 0 0 0 1
360	2	1 1 1 1 0 1 1 0 1 0 0 1 0 0 0 0
360	10	1 1 1 1 0 0 0 0 0 1 0 0 1 0 0 0
360	2	1 1 0 1 0 0 0 0 1 0 0 1 0 0 0 0
360	38	1 1 1 1 0 1 0 0 1 1 1 1 0 0 0 0
360	8	1 1 1 1 0 0 0 0 0 0 1 0 0 0 1 0
360	39	1 1 1 1 1 0 0 0 1 0 0 0 0 0 0 1
360	7	1 1 1 1 0 0 0 0 0 1 0 0 1 0 0 1
360	20	0 1 1 1 0 1 0 1 1 0 0 1 0 0 0 0
360	6	1 1 1 1 0 1 0 0 0 1 0 0 1 0 0 0
360	1	1 1 0 1 1 0 0 0 0 0 0 0 1 0 0 0
360	6	1 1 1 0 0 0 0 0 0 0 1 0 0 0 0 0
360	8	1 1 0 1 0 0 0 0 0 0 1 1 0 0 0 0
360	46	1 1 1 1 1 1 0 0 1 0 0 1 0 0 0 0
360	8	1 1 1 1 0 1 1 0 1 0 1 1 0 0 0 0
360	2	0 1 1 1 0 0 0 0 1 0 0 0 1 0 0 0
360	22	1 1 1 1 0 1 0 1 1 0 0 0 0 0 0 0
360	13	0 1 1 1 0 1 0 0 1 0 0 0 0 0 0 0
360	7	0 1 1 1 0 0 0 0 1 0 0 1 0 0 0 1
360	21	1 1 1 1 0 0 0 0 1 0 1 1 0 0 0 0
360	2	1 1 1 1 0 0 0 0 0 0 0 1 0 1 0 0
360	1	1 1 1 0 0 1 0 1 1 0 1 1 0 0 0 0
360	10	1 1 1 0 0 1 0 0 1 0 0 0 0 0 0 0
360	8	1 1 1 1 0 0 0 0 0 0 0 1 1 0 0 0
360	5	1 1 1 1 1 1 0 0 1 0 0 0 0 0 0 1
360	10	1 1 1 1 0 1 1 0 0 1 0 0 0 0 0 0
360	5	1 0 1 1 0 1 0 0 1 0 0 1 0 0 0 0
360	11	1 1 1 1 1 1 0 1 1 0 0 1 0 0 0 1
360	3	1 1 1 1 0 1 0 0 1 0 0 1 0 1 0 0
360	5	1 1 1 1 0 1 0 1 1 0 0 1 0 0 1 0
360	3	0 1 1 1 0 1 0 1 1 0 0 1 0 0 0 1
360	6	1 1 1 1 0 1 0 0 1 1 1 0 0 0 0 0
360	3	1 1 1 1 0 1 0 0 1 0 1 0 0 0 0 0
360	8	1 1 1 1 0 1 0 0 0 0 0 1 1 0 0 0
360	2	1 1 1 1 0 1 0 1 1 1 0 0 0 0 0 0
360	12	0 1 1 1 0 0 1 0 0 0 0 1 0 0 0 0
360	10	1 1 1 1 1 1 0 1 1 0 0 0 1 0 0 0
360	7	1 1 1 1 0 1 0 1 1 0 0 0 0 1 1 0
360	10	1 0 1 1 0 1 0 0 0 0 0 1 0 0 0 0
360	3	1 1 0 1 0 1 0 1 0 0 1 0 0 0 0 0
360	10	1 1 1 1 0 0 0 0 0 0 1 0 0 1 1 0
360	2	1 1 1 1 0 0 0 1 1 1 0 1 0 0 0 0
360	2	0 1 1 1 0 0 0 0 1 0 0 0 0 0 0 1
360	2	1 1 1 1 0 0 0 0 1 0 0 0 0 0 0 1
360	2	0 1 1 1 0 1 0 0 0 0 0 1 0 0 0 0
360	5	1 1 1 1 0 1 1 1 1 0 0 0 0 0 0 1
360	1	1 1 1 1 1 0 0 0 1 0 0 0 1 1 0 0
360	1	1 1 1 1 1 1 0 0 0 0 0 1 0 0 0 0
360	5	1 1 1 1 0 1 0 1 0 0 0 1 0 1 0 1
360	4	1 0 1 1 0 1 0 1 0 0 0 1 0 0 0 1
360	5	1 1 1 1 1 0 0 0 1 0 0 1 0 0 0 1
360	1	1 1 0 1 0 0 0 0 0 1 0 0 1 0 0 1
360	2	1 1 1 1 0 1 1 0 1 1 0 0 0 0 0 1
360	2	1 1 1 1 0 1 0 1 0 0 0 1 0 0 0 0
360	1	1 1 1 1 0 1 0 0 1 0 0 1 1 0 0 0
360	4	1 1 1 1 1 1 0 1 1 1 0 1 0 0 0 1
360	1	1 1 1 1 0 0 0 1 1 0 0 1 0 0 0 0
360	1	1 1 1 1 0 0 0 1 1 1 1 0 0 0 0 0
360	1	1 1 1 1 0 0 0 0 0 0 1 1 0 0 0 0
360	5	1 1 0 0 1 0 0 0 0 0 0 0 1 0 0 0
360	3	1 0 0 1 0 1 0 0 1 0 0 1 0 0 0 0
360	3	1 1 1 1 0 1 1 0 1 0 0 0 0 0 0 1
360	1	1 1 1 1 0 1 0 1 1 1 0 1 0 0 0 0
360	2	1 1 1 1 1 1 0 0 1 0 1 1 0 0 0 0
360	1	1 1 1 1 1 1 0 0 1 0 0 1 0 0 0 1
360	4	1 1 1 1 0 0 0 0 1 0 0 0 0 1 0 0
360	1	0 1 1 1 0 1 0 0 1 0 1 1 0 0 0 0
360	1	1 1 1 1 0 1 0 1 1 0 1 0 0 0 0 0
360	2	1 0 1 1 0 0 0 1 1 0 1 0 0 0 0 0
360	1	1 1 1 0 0 0 0 0 0 1 0 0 0 0 0 0
360	1	1 1 1 1 0 0 1 0 0 0 1 0 0 0 1 0
360	2	1 1 1 1 1 1 0 1 1 0 1 1 0 0 0 1
360	1	1 1 1 1 1 1 0 0 1 0 0 0 0 0 0 0
360	1	1 1 1 1 0 0 1 1 1 0 1 0 0 0 0 0
360	2	1 1 1 1 0 1 1 0 1 0 0 1 0 0 0 1
360	1	1 1 1 0 0 1 0 0 1 0 0 0 0 0 0 1
360	1	1 1 1 1 1 1 0 0 1 0 0 0 1 0 0 0
380	85	1 1 1 1 0 1 0 0 1 0 0 1 0 0 0 0
380	38	1 1 1 1 0 1 0 0 1 0 0 0 0 0 0 0
380	12	1 1 1 1 0 0 0 0 1 0 0 0 0 0 0 0
380	11	1 1 1 1 0 0 0 1 1 0 0 0 0 0 0 0
380	40	1 1 1 1 0 1 0 0 0 0 0 1 0 0 0 0
380	70	1 1 1 1 0 1 0 1 1 0 0 1 0 0 0 0
380	7	1 1 1 1 0 1 0 0 1 0 1 1 0 0 0 0
380	13	1 1 1 1 0 0 0 1 1 0 1 0 0 0 0 0
380	40	1 1 1 1 0 0 0 0 0 0 1 0 0 0 0 0
380	3	1 1 1 1 1 1 0 1 1 0 0 1 0 0 0 0
380	84	1 1 1 1 0 1 0 1 1 0 1 1 0 0 0 0
380	9	1 1 1 1 0 0 1 0 0 0 0 1 0 0 0 0
380	15	1 1 1 1 0 1 0 1 1 1 1 1 0 0 0 0
380	17	1 1 1 1 0 1 0 1 0 0 0 1 0 0 0 1
380	30	1 1 1 1 0 1 1 0 1 0 0 1 0 0 0 0
380	8	1 1 1 1 0 0 0 0 0 1 0 0 1 0 0 0
380	17	1 1 1 1 1 0 0 0 1 0 0 0 0 0 0 1
380	9	0 1 1 1 0 1 0 1 1 0 0 1 0 0 0 0
380	100	1 1 1 1 1 1 0 0 1 0 0 1 0 0 0 0
380	13	1 1 1 1 0 1 0 1 1 0 0 0 0 0 0 0
380	10	0 1 1 1 0 1 0 0 1 0 0 0 0 0 0 0
380	26	1 1 1 1 0 0 0 0 1 0 1 1 0 0 0 0
380	1	1 1 1 1 0 1 0 1 1 0 0 1 0 0 1 0
380	10	1 1 1 1 0 1 0 0 1 1 1 0 0 0 0 0
380	19	1 1 1 1 0 1 0 0 1 0 1 0 0 0 0 0
380	15	1 1 1 1 0 1 0 0 0 0 0 1 1 0 0 0
380	1	0 1 1 1 0 0 1 0 0 0 0 1 0 0 0 0
380	7	1 0 1 1 0 1 0 1 0 0 0 1 0 0 0 1
380	16	1 1 1 1 0 1 0 1 0 0 0 1 0 0 0 0
380	17	1 1 1 1 1 1 0 1 1 1 0 1 0 0 0 1
380	8	1 1 0 0 1 0 0 0 0 0 0 0 1 0 0 0
380	10	0 1 1 1 0 0 1 0 0 0 0 1 1 0 0 0
380	22	1 1 1 1 1 0 0 0 1 1 0 0 0 0 0 1
380	11	1 1 1 1 1 1 0 0 1 1 0 1 0 0 0 0
380	7	0 1 1 1 0 0 0 1 1 0 1 0 0 0 0 0
380	16	1 1 1 1 1 0 0 0 1 0 1 0 0 0 0 1
380	2	1 1 1 1 0 0 0 1 0 0 0 1 0 0 0 0
380	14	0 1 1 1 1 1 0 1 1 0 0 1 0 0 0 0
380	1	1 1 1 1 1 1 0 1 1 0 0 1 0 0 1 0
380	6	1 1 1 1 0 0 0 0 0 0 1 1 1 0 0 0
380	4	1 1 1 1 0 1 0 1 1 0 1 0 0 0 0 0
380	3	1 1 1 1 0 0 1 0 1 0 0 1 0 0 0 0
380	4	1 1 1 1 0 0 0 1 1 1 0 0 0 0 0 0
380	5	1 1 1 1 0 1 0 1 1 0 0 1 0 0 0 1
380	1	1 1 1 1 0 1 0 0 1 1 1 1 0 0 1 0
380	4	1 1 1 1 0 0 0 0 1 1 1 1 0 0 0 0
380	2	0 1 1 1 0 1 0 1 1 0 0 1 0 0 1 0
380	5	1 1 1 1 1 1 1 0 1 0 0 1 0 0 0 1
380	15	1 1 1 1 1 1 0 0 1 0 0 1 0 1 0 0
380	4	1 1 1 1 0 1 1 1 1 1 1 1 0 0 0 0
380	12	1 1 1 1 1 1 0 0 1 0 0 0 0 0 0 0
380	1	1 1 1 1 0 1 0 1 0 1 0 1 0 0 0 0
380	2	0 1 1 1 0 1 0 1 1 0 0 1 1 0 0 0
380	7	1 1 1 1 0 1 0 0 1 0 0 1 0 1 0 0
380	3	1 1 1 1 0 1 0 0 1 0 0 1 0 0 0 1
380	4	1 1 1 1 1 1 0 1 1 0 1 1 0 0 0 0
380	1	1 1 1 1 1 0 0 0 1 0 0 0 0 0 0 0
380	6	1 1 1 1 0 1 0 0 0 0 1 1 0 0 0 0
380	3	1 1 1 1 1 0 0 0 0 0 0 0 0 0 0 1
380	2	0 1 0 1 0 0 0 1 1 0 1 0 0 0 0 0
380	8	1 1 1 1 1 1 0 1 1 0 1 1 1 0 0 0
380	6	1 1 1 1 0 0 0 1 1 0 1 1 0 0 0 0
380	11	1 1 1 1 0 1 0 0 0 0 0 1 1 1 0 0
380	3	1 1 1 1 0 1 0 0 0 1 0 1 0 0 0 0
380	1	1 1 1 1 0 1 0 1 1 0 1 1 0 0 0 1
380	3	1 0 1 1 0 1 0 1 0 0 0 1 0 0 0 0
380	1	1 1 1 1 0 1 0 1 1 0 0 1 0 1 0 0
380	9	1 1 1 1 0 0 0 0 0 0 1 1 0 0 0 0
380	3	1 1 1 1 0 0 0 0 1 0 0 1 0 0 0 0
380	2	1 1 0 1 0 1 1 0 1 0 0 1 0 0 0 0
380	4	1 1 1 1 0 1 1 1 1 0 1 1 0 0 0 0
380	2	1 1 1 1 1 0 0 0 1 0 1 0 0 0 0 0
380	4	1 1 1 1 0 1 0 0 1 0 0 0 0 0 0 1
380	1	1 1 1 1 1 1 1 0 1 0 0 1 0 0 0 0
380	1	1 1 1 0 1 1 0 0 1 0 0 1 0 0 0 0
380	2	0 1 1 1 0 0 0 1 1 0 1 1 0 0 0 0
380	3	1 1 1 1 0 0 0 0 0 0 1 1 1 0 1 0
380	3	1 1 1 1 0 1 0 0 0 1 1 1 0 0 0 0
380	2	1 0 1 1 0 1 0 1 1 0 1 1 0 0 0 1
380	1	0 1 1 1 0 0 1 0 0 0 1 0 0 0 0 0
380	1	1 1 1 1 0 1 0 0 1 1 0 0 0 0 0 0
380	1	1 1 1 1 0 1 0 0 1 0 0 1 1 1 0 0
400	42	1 1 1 1 0 1 0 0 1 0 0 1 0 0 0 0
400	17	1 1 1 1 0 1 0 0 1 0 0 0 0 0 0 0
400	1	1 1 1 1 0 0 0 1 1 0 0 0 0 0 0 0
400	10	1 1 1 1 0 1 0 0 0 0 0 1 0 0 0 0
400	118	1 1 1 1 0 1 0 1 1 0 0 1 0 0 0 0
400	11	1 1 1 1 0 1 0 0 1 0 1 1 0 0 0 0
400	30	1 1 1 1 0 0 0 1 1 0 1 0 0 0 0 0
400	108	1 1 1 1 0 0 0 0 0 0 1 0 0 0 0 0
400	61	1 1 1 1 0 1 0 1 1 0 1 1 0 0 0 0
400	49	1 1 1 1 0 0 1 0 0 0 0 1 0 0 0 0
400	2	1 1 1 1 0 1 0 1 1 1 1 1 0 0 0 0
400	6	1 1 1 1 0 1 0 1 0 0 0 1 0 0 0 1
400	8	1 1 1 1 0 1 1 0 1 0 0 1 0 0 0 0
400	32	1 1 1 1 1 1 0 0 1 0 0 1 0 0 0 0
400	4	1 1 1 1 0 1 0 1 1 0 0 0 0 0 0 0
400	21	1 1 1 1 0 0 0 0 1 0 1 1 0 0 0 0
400	12	1 1 1 1 0 1 0 0 1 1 1 0 0 0 0 0
400	26	1 1 1 1 0 1 0 0 1 0 1 0 0 0 0 0
400	10	1 1 1 1 0 1 0 0 0 0 0 1 1 0 0 0
400	21	1 0 1 1 0 1 0 1 0 0 0 1 0 0 0 1
400	29	1 1 1 1 0 1 0 1 0 0 0 1 0 0 0 0
400	7	1 1 1 1 1 1 0 1 1 1 0 1 0 0 0 1
400	3	0 1 1 1 0 0 1 0 0 0 0 1 1 0 0 0
400	7	1 1 1 1 1 0 0 0 1 1 0 0 0 0 0 1
400	28	1 1 1 1 1 1 0 0 1 1 0 1 0 0 0 0
400	4	0 1 1 1 0 0 0 1 1 0 1 0 0 0 0 0
400	4	1 1 1 1 0 0 1 0 1 0 0 1 0 0 0 0
400	6	1 1 1 1 0 0 0 1 1 1 0 0 0 0 0 0
400	5	1 1 1 1 1 1 0 0 1 0 0 1 0 1 0 0
400	23	1 1 1 1 1 1 0 0 1 0 0 0 0 0 0 0
400	7	1 1 1 1 1 1 0 1 1 0 1 1 0 0 0 0
400	5	1 1 1 1 0 1 0 0 0 0 1 1 0 0 0 0
400	3	1 1 1 1 0 1 0 0 0 1 0 1 0 0 0 0
400	24	1 1 1 1 0 1 0 1 1 0 0 1 0 1 0 0
400	10	1 1 1 1 0 0 0 0 0 0 1 1 0 0 0 0
400	12	1 1 1 1 1 0 0 0 1 0 1 0 0 0 0 0
400	5	1 1 1 1 0 0 0 0 0 0 1 1 1 0 1 0
400	16	1 1 1 1 0 1 0 0 0 1 1 1 0 0 0 0
400	11	1 1 0 1 0 1 0 1 1 0 1 1 0 0 0 0
400	3	1 0 0 1 0 1 0 1 0 0 0 1 0 0 0 0
400	2	1 1 1 1 0 1 1 0 1 0 1 1 0 0 0 0
400	6	1 1 0 1 1 0 0 0 1 1 0 0 0 0 0 1
400	9	1 1 1 1 0 1 1 1 1 1 0 1 0 0 0 0
400	1	1 1 1 1 0 1 0 1 1 0 0 0 0 0 0 1
400	8	1 1 1 1 0 0 0 0 1 1 0 1 0 0 0 0
400	20	1 0 0 1 0 1 0 1 1 0 1 1 0 0 0 0
400	6	0 1 1 1 1 1 1 0 1 0 0 1 0 0 0 1
400	11	1 1 1 1 0 0 1 0 0 1 0 1 0 0 0 0
400	3	1 1 1 1 1 1 0 0 1 1 0 0 0 0 0 0
400	2	1 1 1 1 0 1 0 1 0 0 1 1 0 0 0 0
400	5	1 1 1 1 0 0 0 1 1 1 1 1 0 0 0 0
400	5	1 1 1 1 1 1 0 1 1 0 0 1 0 0 0 1
400	2	1 1 1 0 0 1 0 0 0 0 1 1 0 0 0 0
400	1	1 1 1 1 0 1 0 1 1 0 0 1 1 1 0 0
400	4	1 1 1 1 0 1 1 0 1 1 0 1 0 0 0 0
400	9	1 1 1 0 0 0 0 0 1 0 1 0 0 0 0 0
400	4	0 1 1 1 0 1 0 1 1 0 1 1 0 0 0 0
400	10	1 1 1 1 0 0 1 1 0 0 0 1 0 0 0 0
400	13	1 1 1 1 1 1 0 0 1 0 1 1 0 0 0 0
400	2	1 1 1 1 0 0 0 0 1 0 1 1 0 0 1 0
400	2	1 1 1 1 1 1 0 1 0 1 0 1 0 0 0 1
400	6	1 1 1 1 1 1 0 0 1 0 1 0 0 0 0 0
400	4	1 1 0 1 0 0 1 0 0 0 0 1 0 0 0 0
400	2	1 1 0 0 0 1 0 1 1 1 1 1 0 0 0 0
400	2	1 1 1 1 0 0 0 1 1 0 0 1 0 0 0 0
400	6	1 1 1 1 0 1 0 1 0 0 1 0 0 0 0 0
400	2	1 1 1 1 1 1 0 0 0 1 0 1 0 0 0 0
400	4	1 1 1 1 1 0 0 0 1 0 0 0 0 0 0 0
400	3	1 0 1 1 0 1 0 1 1 0 0 1 0 0 0 0
400	5	1 1 1 1 0 0 0 0 1 1 1 1 0 0 0 0
400	5	1 1 1 1 0 1 0 1 0 0 0 0 0 0 0 0
400	6	1 1 1 1 0 1 0 0 1 0 1 0 1 0 0 0
400	4	1 1 1 1 0 0 0 0 0 0 1 1 0 0 1 0
400	3	1 1 1 1 0 0 0 0 0 0 1 0 1 0 0 0
400	1	1 1 1 0 0 0 1 0 0 0 0 1 0 0 0 0
400	3	1 1 1 1 1 0 0 0 1 0 0 1 0 0 0 0
400	1	1 1 1 1 0 1 0 1 0 0 0 1 0 0 1 0
400	1	1 1 1 1 1 0 0 0 1 1 0 1 0 0 0 1
400	2	1 1 1 1 1 1 0 1 1 0 0 0 0 0 0 0
400	1	1 1 1 0 0 0 0 0 1 0 1 0 0 0 0 1
400	1	1 1 1 1 0 1 1 1 0 0 0 1 0 0 0 0
400	1	1 1 1 1 0 1 0 1 1 0 0 1 1 0 0 0
400	1	1 1 1 1 0 1 0 1 1 0 1 0 0 0 0 0
400	1	1 1 1 0 0 0 0 0 0 0 1 0 0 0 0 0
400	1	1 1 1 1 0 0 1 0 0 0 0 0 0 0 0 0
400	4	1 1 1 1 1 1 0 0 0 0 0 1 0 0 0 0
400	1	1 1 1 1 0 1 0 1 1 0 0 0 1 0 0 0
400	3	1 1 1 1 0 1 0 1 0 0 0 0 0 0 1 0
