0	250	0 0 0 0 0 0 0 0 0 1 0 1 0 0 1 0
0	250	0 0 0 0 1 0 0 1 1 0 0 0 0 0 1 0
0	250	0 0 0 0 0 0 0 0 0 0 0 0 0 0 0 0
0	250	0 1 1 0 0 0 1 0 1 0 0 0 1 0 1 1
20	39	0 0 0 0 0 0 0 0 0 1 0 1 0 0 1 0
20	241	0 0 0 0 1 0 0 1 1 0 0 0 0 0 1 0
20	95	0 0 0 0 0 0 0 0 0 0 0 0 0 0 0 0
20	219	0 1 1 0 0 0 1 0 1 0 0 0 1 0 1 1
20	1	0 0 0 0 1 0 0 1 1 0 0 1 0 0 1 0
20	7	0 0 0 0 0 0 0 0 0 0 0 0 0 0 1 0
20	8	0 0 0 0 1 0 0 1 1 0 0 0 0 0 1 1
20	10	0 1 1 1 0 0 1 0 1 0 0 0 1 0 1 1
20	4	0 0 0 0 1 0 0 0 0 0 0 0 0 0 0 0
20	6	0 1 1 0 0 0 1 0 1 0 0 0 1 0 0 0
20	17	0 1 1 0 0 0 1 0 0 0 0 0 1 0 1 1
20	28	0 1 1 0 0 0 1 0 1 0 0 0 0 0 1 0
20	7	0 0 0 0 1 0 0 0 1 0 0 0 0 0 1 0
20	2	0 0 1 0 1 0 0 1 1 0 0 0 0 0 1 0
20	8	0 0 0 0 0 0 0 0 0 1 0 1 0 0 0 0
20	23	0 0 0 0 1 0 0 1 1 0 0 0 1 0 1 0
20	7	0 0 0 0 0 0 0 1 0 0 0 0 0 0 0 0
20	4	0 1 1 0 0 1 1 0 1 0 0 0 1 0 1 1
20	7	0 0 0 0 0 0 0 0 0 0 0 0 0 0 1 1
20	10	0 0 0 0 0 0 0 0 0 1 0 1 0 0 1 1
20	2	0 0 0 0 0 0 0 0 0 0 1 0 0 0 0 0
20	5	0 1 1 0 0 0 1 0 1 0 0 1 1 0 1 1
20	22	0 1 1 0 0 0 0 0 0 0 0 0 0 0 0 0
20	2	0 0 0 0 0 0 0 0 1 0 0 0 1 0 1 1
20	19	0 1 1 0 0 0 1 0 1 0 0 0 1 0 1 0
20	17	0 0 0 0 1 0 0 1 1 0 0 0 0 0 0 0
20	2	0 1 0 0 0 0 0 0 0 0 0 0 0 0 1 1
20	5	0 1 1 0 0 0 0 1 1 0 0 0 0 0 1 0
20	4	0 0 0 0 0 1 0 0 0 1 0 1 0 0 1 0
20	6	0 0 0 0 0 0 0 0 0 0 0 1 0 0 1 0
20	3	0 0 0 0 0 0 1 0 0 0 0 0 0 0 0 0
20	4	1 0 0 0 0 0 0 0 0 0 0 0 0 0 0 0
20	11	0 1 1 0 0 0 1 0 1 0 1 0 1 0 1 1
20	2	0 0 0 0 0 0 0 0 0 0 1 0 0 0 0 1
20	8	1 0 0 0 1 0 0 1 1 0 0 0 0 0 1 1
20	28	0 0 0 0 0 0 0 1 1 0 0 0 0 0 1 0
20	5	0 0 0 0 1 0 0 1 0 0 0 0 0 0 1 0
20	12	0 1 1 0 0 0 1 0 1 0 0 0 1 0 0 1
20	4	0 1 0 0 0 0 0 1 0 1 0 1 0 0 1 0
20	5	0 0 0 0 0 1 0 0 0 0 0 0 0 0 0 0
20	3	0 1 1 0 0 0 0 0 1 0 0 0 1 0 1 1
20	13	0 1 1 0 0 0 1 0 1 1 0 0 1 0 1 1
20	4	0 0 0 0 1 0 0 1 1 1 0 0 1 0 1 1
20	3	0 0 0 1 1 0 0 1 1 0 0 0 1 0 1 0
20	2	0 0 1 0 0 0 1 0 1 0 0 0 1 0 1 1
20	2	0 1 1 0 0 0 0 1 1 0 0 0 1 0 1 1
20	1	0 1 1 0 0 0 0 0 1 0 0 1 1 0 1 1
20	10	0 0 0 0 0 0 1 0 1 0 0 0 1 0 1 1
20	1	0 1 0 0 1 0 0 1 1 0 0 0 0 0 1 0
20	4	0 0 0 0 1 1 0 1 1 0 0 0 0 0 1 0
20	4	0 1 1 0 0 0 1 0 1 0 0 0 0 0 1 1
20	1	0 0 0 0 1 0 0 1 1 0 0 0 0 0 0 1
20	1	0 1 1 0 0 0 1 0 1 0 1 0 1 0 1 0
20	3	0 0 0 0 0 0 0 0 0 1 0 0 0 0 1 0
20	3	1 0 0 1 1 0 0 1 1 0 0 0 0 0 1 1
20	2	0 1 1 0 0 0 1 1 1 0 0 0 0 0 1 0
20	2	0 1 1 0 0 0 1 0 1 0 0 0 0 0 0 0
20	2	0 1 0 0 0 0 0 0 1 0 0 0 1 0 1 1
20	3	0 1 1 0 0 0 0 0 0 0 0 0 0 0 0 1
20	1	0 0 0 0 0 0 1 0 1 0 0 0 1 0 0 1
20	4	0 0 0 0 1 0 0 1 1 0 0 0 1 0 1 1
20	1	0 0 0 0 1 0 1 1 1 0 0 0 0 0 1 0
20	1	0 0 0 0 1 0 0 1 1 1 0 0 0 0 1 0
20	3	0 1 1 0 0 0 1 0 1 0 0 0 1 1 1 1
20	1	0 1 1 1 0 0 1 0 1 0 0 0 1 0 0 1
20	2	0 1 1 0 0 0 1 0 1 1 0 0 1 0 0 0
20	2	0 1 1 0 0 0 1 0 0 0 1 0 1 0 1 1
20	1	1 0 0 0 0 0 0 1 1 0 0 0 0 0 1 0
20	4	0 0 0 0 0 0 1 0 1 0 0 0 0 0 1 0
20	1	0 0 0 0 1 0 0 1 1 0 1 0 0 0 1 0
20	2	0 0 0 0 1 0 0 1 1 0 0 0 0 1 1 0
20	2	0 1 1 1 0 0 1 0 1 0 0 1 1 0 1 1
20	1	1 0 0 0 1 0 0 1 1 0 0 0 0 0 0 1
20	1	0 0 0 0 0 0 0 1 1 0 0 0 0 0 1 1
40	1	0 0 0 0 0 0 0 0 0 1 0 1 0 0 1 0
40	182	0 0 0 0 1 0 0 1 1 0 0 0 0 0 1 0
40	2	0 0 0 0 0 0 0 0 0 0 0 0 0 0 0 0
40	165	0 1 1 0 0 0 1 0 1 0 0 0 1 0 1 1
40	6	0 0 0 0 1 0 0 0 0 0 0 0 0 0 0 0
40	9	0 1 1 0 0 0 1 0 0 0 0 0 1 0 1 1
40	51	0 1 1 0 0 0 1 0 1 0 0 0 0 0 1 0
40	5	0 0 0 0 1 0 0 1 1 0 0 0 1 0 1 0
40	4	0 0 0 0 0 0 0 1 0 0 0 0 0 0 0 0
40	11	0 0 0 0 0 0 0 0 0 1 0 1 0 0 1 1
40	18	0 1 1 0 0 0 0 0 0 0 0 0 0 0 0 0
40	34	0 1 1 0 0 0 1 0 1 0 0 0 1 0 1 0
40	59	0 0 0 0 1 0 0 1 1 0 0 0 0 0 0 0
40	19	0 1 1 0 0 0 0 1 1 0 0 0 0 0 1 0
40	2	0 1 1 0 0 0 1 0 1 0 1 0 1 0 1 1
40	9	0 1 1 0 0 0 1 0 1 0 0 0 1 0 0 1
40	3	0 0 0 1 1 0 0 1 1 0 0 0 1 0 1 0
40	10	0 0 0 0 0 0 1 0 1 0 0 0 1 0 1 1
40	9	0 0 0 0 1 1 0 1 1 0 0 0 0 0 1 0
40	8	0 1 1 0 0 0 1 0 1 0 0 0 0 0 1 1
40	24	0 1 1 0 0 0 1 0 1 0 0 0 0 0 0 0
40	18	0 0 0 0 1 0 0 1 1 0 0 0 1 0 1 1
40	2	0 1 1 0 0 0 1 0 1 1 0 0 1 0 0 0
40	7	0 1 1 0 0 0 1 0 0 0 1 0 1 0 1 1
40	34	0 0 0 1 1 0 0 1 1 0 0 0 0 0 1 0
40	8	0 1 1 0 1 0 0 0 0 0 0 0 0 0 0 0
40	5	0 0 0 0 0 0 0 0 1 0 0 0 0 0 0 0
40	6	0 1 1 0 0 0 1 1 1 0 0 0 1 0 1 1
40	23	0 1 1 0 0 1 1 0 1 0 0 0 1 0 1 1
40	22	0 0 0 1 1 0 0 1 1 0 0 0 1 0 1 1
40	3	0 0 0 0 1 0 0 1 1 0 0 0 0 0 1 1
40	2	0 0 0 0 1 0 0 0 1 0 0 0 1 0 1 1
40	7	0 1 1 0 0 0 1 0 1 1 0 1 0 0 1 0
40	23	1 0 0 0 1 0 0 0 0 0 0 0 0 0 0 0
40	12	0 0 0 0 1 0 0 1 1 0 0 0 0 1 1 0
40	7	0 0 0 0 0 0 0 1 1 0 0 0 0 0 0 0
40	11	0 1 1 0 0 0 1 0 1 1 0 0 0 0 0 0
40	1	0 1 1 0 0 0 1 0 1 0 0 0 1 1 1 1
40	2	0 1 1 0 0 0 0 0 1 0 0 0 1 0 1 1
40	3	0 1 1 0 0 0 1 1 1 0 0 1 0 0 1 0
40	18	0 0 0 1 1 0 0 1 1 0 0 0 0 0 0 0
40	8	0 1 0 0 1 0 0 1 1 0 0 0 0 0 1 0
40	1	0 1 1 0 0 0 1 1 1 0 0 0 0 0 1 1
40	18	0 1 1 0 0 0 1 1 1 0 0 0 1 0 1 0
40	5	0 0 1 0 0 0 0 0 0 0 0 0 0 0 0 0
40	1	0 0 0 0 1 0 0 1 1 0 1 0 0 0 1 0
40	5	0 1 0 1 1 0 0 1 1 0 0 0 1 0 1 1
40	6	0 1 1 0 1 0 1 0 1 0 0 0 0 0 1 0
40	6	0 0 1 0 0 0 0 1 1 0 0 0 0 0 1 0
40	12	1 1 1 0 0 0 1 1 1 0 0 0 1 0 1 1
40	9	0 1 1 0 1 0 0 0 1 0 0 0 0 0 1 1
40	1	0 0 0 0 0 0 0 1 1 0 0 0 0 0 1 1
40	11	0 0 1 0 0 0 1 0 1 1 0 0 1 0 0 0
40	8	0 1 1 0 0 1 1 1 1 0 0 1 0 0 1 0
40	2	0 0 1 0 0 0 1 0 1 0 0 0 1 0 1 1
40	2	0 0 0 0 1 0 0 1 1 0 0 1 0 0 1 0
40	3	0 0 0 0 0 0 0 1 0 1 0 1 0 0 1 1
40	2	0 0 0 0 1 0 1 0 1 0 0 0 1 0 1 1
40	3	0 1 1 0 0 0 1 0 1 0 0 1 1 0 1 1
40	6	0 1 1 0 0 0 0 0 0 0 0 0 1 0 0 0
40	9	0 1 1 0 0 0 1 0 1 1 0 0 1 0 1 0
40	1	0 1 1 1 0 0 1 0 1 0 1 0 1 0 1 1
40	2	0 0 0 0 1 0 0 1 0 0 0 0 0 0 1 1
40	2	1 1 1 0 0 0 1 0 1 1 0 0 0 0 0 0
40	4	0 0 1 0 1 0 0 1 1 0 0 1 0 0 1 0
40	3	1 1 1 0 0 0 1 0 1 0 0 0 1 0 1 0
40	1	0 0 0 0 1 0 0 1 1 0 0 1 1 0 1 1
40	3	0 0 0 0 0 0 0 0 0 1 0 1 1 0 1 1
40	2	1 0 0 0 1 0 0 1 1 0 0 0 0 0 1 0
40	1	0 1 1 0 0 1 1 1 1 0 0 1 0 0 1 1
40	2	0 1 0 0 1 0 0 1 1 0 0 0 0 0 1 1
40	1	0 0 0 0 0 0 0 0 0 1 0 0 1 0 1 1
40	1	0 0 0 0 1 0 0 1 1 0 0 1 0 0 1 1
40	1	0 0 0 0 1 0 0 1 1 0 1 0 0 0 1 1
40	2	0 0 0 0 1 0 0 1 0 0 0 0 0 0 1 0
40	5	0 1 1 1 0 0 1 0 1 0 0 0 1 0 1 1
40	2	0 1 1 0 0 0 0 0 0 0 0 0 0 1 0 0
40	1	0 1 1 0 0 1 1 1 1 0 0 0 1 0 1 1
40	2	0 0 0 0 1 0 0 1 1 0 0 0 0 1 1 1
40	1	1 1 1 0 0 0 1 1 1 0 0 1 1 0 1 1
60	114	0 0 0 0 1 0 0 1 1 0 0 0 0 0 1 0
60	57	0 1 1 0 0 0 1 0 1 0 0 0 1 0 1 1
60	37	0 1 1 0 0 0 1 0 1 0 0 0 0 0 1 0
60	3	0 0 0 0 1 0 0 1 1 0 0 0 1 0 1 0
60	5	0 0 0 0 0 0 0 0 0 1 0 1 0 0 1 1
60	4	0 1 1 0 0 0 0 0 0 0 0 0 0 0 0 0
60	16	0 1 1 0 0 0 1 0 1 0 0 0 1 0 1 0
60	52	0 0 0 0 1 0 0 1 1 0 0 0 0 0 0 0
60	7	0 1 1 0 0 0 0 1 1 0 0 0 0 0 1 0
60	4	0 1 1 0 0 0 1 0 1 0 0 0 1 0 0 1
60	1	0 0 0 0 1 1 0 1 1 0 0 0 0 0 1 0
60	7	0 1 1 0 0 0 1 0 1 0 0 0 0 0 1 1
60	54	0 1 1 0 0 0 1 0 1 0 0 0 0 0 0 0
60	5	0 0 0 0 1 0 0 1 1 0 0 0 1 0 1 1
60	78	0 0 0 1 1 0 0 1 1 0 0 0 0 0 1 0
60	6	0 0 0 0 0 0 0 0 1 0 0 0 0 0 0 0
60	11	0 0 0 1 1 0 0 1 1 0 0 0 1 0 1 1
60	12	1 0 0 0 1 0 0 0 0 0 0 0 0 0 0 0
60	3	0 0 0 0 1 0 0 1 1 0 0 0 0 1 1 0
60	26	0 1 1 0 0 0 1 0 1 1 0 0 0 0 0 0
60	30	0 0 0 1 1 0 0 1 1 0 0 0 0 0 0 0
60	19	0 1 0 0 1 0 0 1 1 0 0 0 0 0 1 0
60	32	0 1 1 0 0 0 1 1 1 0 0 0 1 0 1 0
60	4	0 1 1 0 1 0 1 0 1 0 0 0 0 0 1 0
60	43	1 1 1 0 0 0 1 1 1 0 0 0 1 0 1 1
60	17	0 0 1 0 0 0 1 0 1 1 0 0 1 0 0 0
60	3	0 0 0 0 1 0 0 1 1 0 0 1 0 0 1 0
60	13	0 0 0 0 1 0 1 0 1 1 0 0 0 0 0 0
60	39	0 1 1 0 0 0 1 0 1 0 0 1 1 0 1 0
60	5	0 0 0 1 1 0 0 1 1 1 0 0 0 0 1 0
60	32	0 1 1 1 0 0 0 1 1 0 0 0 0 0 1 0
60	10	0 0 0 0 0 0 0 0 1 1 0 1 0 0 1 0
60	7	1 1 1 0 0 1 1 1 1 0 0 0 1 0 1 1
60	3	0 1 1 0 0 0 1 1 1 0 0 0 1 0 0 1
60	2	0 1 0 1 1 0 0 1 1 0 0 0 0 0 0 0
60	10	0 0 0 0 1 0 0 1 1 0 0 0 0 0 1 1
60	18	0 1 1 0 0 0 0 1 1 0 1 0 0 0 1 0
60	13	1 1 1 0 0 0 1 0 1 0 1 0 1 0 1 0
60	2	0 0 1 1 1 0 0 1 1 0 0 0 0 0 1 0
60	21	0 1 1 0 1 0 0 0 0 0 1 0 0 0 0 0
60	2	0 0 0 0 1 0 1 0 1 0 0 0 1 0 1 1
60	6	0 0 0 0 1 0 0 0 1 1 0 0 1 0 0 0
60	5	0 0 0 0 1 0 1 1 1 0 0 0 0 0 1 0
60	7	0 1 1 0 0 0 1 0 0 1 0 0 0 0 0 0
60	3	0 1 1 0 0 0 1 0 1 1 0 1 0 0 0 0
60	8	0 0 0 0 1 0 1 0 1 1 1 0 0 0 0 0
60	2	1 1 1 0 0 1 1 0 1 0 0 0 1 0 1 1
60	8	0 1 1 0 0 0 0 1 1 0 0 0 0 0 0 0
60	2	0 1 1 0 1 0 1 0 1 0 0 1 1 0 1 1
60	8	1 1 1 0 0 0 1 1 1 0 0 0 1 0 1 0
60	1	0 0 0 0 1 0 1 1 1 0 0 0 0 0 0 0
60	7	1 0 0 1 1 0 0 1 1 0 0 0 0 0 1 0
60	3	1 0 0 0 0 0 0 0 1 0 0 0 0 0 0 0
60	2	0 1 1 0 0 0 1 0 1 1 0 1 0 0 0 1
60	4	0 0 0 1 1 0 1 1 1 0 0 0 0 0 0 0
60	5	0 0 0 0 1 0 0 1 0 0 0 0 0 0 1 0
60	5	0 1 1 0 0 0 1 0 1 1 0 0 1 0 1 1
60	2	0 1 1 0 0 0 0 0 1 0 0 0 1 0 1 1
60	1	0 1 1 1 0 0 0 0 1 0 0 0 0 0 1 0
60	4	1 1 1 0 0 0 1 1 1 1 0 0 0 0 0 0
60	1	0 1 1 0 0 1 1 0 1 0 0 0 1 0 1 1
60	3	0 1 1 0 1 0 1 1 1 0 0 0 0 0 1 0
60	1	1 1 1 0 0 0 1 0 1 0 0 0 0 0 0 0
60	9	0 0 0 1 1 0 0 1 1 0 0 0 0 0 0 1
60	2	0 1 1 0 1 0 1 0 1 0 0 1 0 0 1 0
60	7	0 0 1 0 0 0 1 0 1 1 0 0 1 0 0 1
60	1	0 0 0 0 0 0 1 0 1 0 1 0 1 0 1 0
60	6	1 0 0 0 1 0 0 1 1 0 0 0 0 0 1 0
60	2	1 1 1 0 1 0 1 1 1 0 0 0 1 0 1 1
60	1	0 1 1 1 1 0 1 0 1 0 0 1 0 0 1 0
60	1	0 1 1 0 1 0 0 1 1 0 0 0 0 0 1 0
60	3	0 1 1 0 0 0 0 1 0 0 0 0 0 0 0 0
60	3	1 0 0 0 0 0 0 0 1 0 0 1 1 0 1 0
60	3	0 1 1 1 1 0 1 0 1 0 0 1 0 0 0 0
60	6	0 1 1 0 0 0 1 0 1 0 0 0 1 0 0 0
60	3	0 0 0 1 1 0 0 1 1 0 0 0 0 1 1 0
60	2	0 1 1 1 0 0 1 1 1 0 0 0 1 0 1 0
60	3	1 1 1 0 0 0 1 1 1 0 0 0 1 0 0 1
60	2	0 0 0 0 0 0 0 0 1 0 0 1 0 0 1 0
60	1	0 0 0 0 1 0 0 1 1 1 0 0 0 0 1 1
60	4	0 1 1 0 1 0 0 0 0 0 1 0 0 1 0 0
60	2	0 0 0 1 1 1 0 1 1 0 0 0 0 0 0 1
60	3	0 1 1 0 0 0 0 1 1 1 1 0 0 0 0 0
60	1	0 0 0 1 1 0 0 1 1 0 1 0 1 0 1 0
60	1	1 1 0 0 1 0 0 1 1 0 0 0 0 0 1 0
60	1	0 1 1 0 0 0 0 1 1 1 0 0 1 0 0 0
60	4	0 1 1 0 1 0 1 0 1 0 0 0 1 0 1 1
60	3	0 0 0 0 0 0 1 0 1 0 0 0 0 0 0 0
60	3	1 1 1 0 0 0 1 1 0 0 0 0 1 0 1 1
60	3	1 0 1 0 0 0 1 1 1 0 0 0 1 0 1 1
60	1	0 0 1 0 0 0 1 0 1 0 0 0 1 0 0 0
60	1	0 1 1 0 0 0 1 0 1 0 0 1 1 1 1 0
60	1	0 1 1 0 0 0 0 0 1 0 0 1 1 0 1 0
60	2	0 1 1 1 1 0 0 0 0 0 1 0 0 0 0 0
80	40	0 0 0 0 1 0 0 1 1 0 0 0 0 0 1 0
80	42	0 1 1 0 0 0 1 0 1 0 0 0 0 0 1 0
80	6	0 1 1 0 0 0 1 0 1 0 0 0 1 0 1 0
80	16	0 0 0 0 1 0 0 1 1 0 0 0 0 0 0 0
80	30	0 1 1 0 0 0 0 1 1 0 0 0 0 0 1 0
80	7	0 1 1 0 0 0 1 0 1 0 0 0 1 0 0 1
80	39	0 1 1 0 0 0 1 0 1 0 0 0 0 0 0 0
80	22	0 0 0 1 1 0 0 1 1 0 0 0 0 0 1 0
80	26	0 1 1 0 0 0 1 0 1 1 0 0 0 0 0 0
80	18	0 0 0 1 1 0 0 1 1 0 0 0 0 0 0 0
80	13	0 1 0 0 1 0 0 1 1 0 0 0 0 0 1 0
80	44	0 1 1 0 0 0 1 1 1 0 0 0 1 0 1 0
80	18	1 1 1 0 0 0 1 1 1 0 0 0 1 0 1 1
80	7	0 0 1 0 0 0 1 0 1 1 0 0 1 0 0 0
80	32	0 1 1 0 0 0 1 0 1 0 0 1 1 0 1 0
80	62	0 1 1 1 0 0 0 1 1 0 0 0 0 0 1 0
80	13	0 0 0 0 0 0 0 0 1 1 0 1 0 0 1 0
80	31	0 1 0 1 1 0 0 1 1 0 0 0 0 0 0 0
80	1	0 0 0 0 1 0 0 1 1 0 0 0 0 0 1 1
80	4	0 1 1 0 0 0 0 1 1 0 1 0 0 0 1 0
80	30	1 1 1 0 0 0 1 0 1 0 1 0 1 0 1 0
80	8	0 0 0 0 1 0 1 1 1 0 0 0 0 0 1 0
80	14	0 0 0 0 1 0 1 0 1 1 1 0 0 0 0 0
80	24	0 1 1 0 0 0 0 1 1 0 0 0 0 0 0 0
80	35	1 1 1 0 0 0 1 1 1 0 0 0 1 0 1 0
80	15	1 0 0 1 1 0 0 1 1 0 0 0 0 0 1 0
80	7	1 1 1 0 0 0 1 1 1 1 0 0 0 0 0 0
80	2	0 1 1 0 1 0 1 1 1 0 0 0 0 0 1 0
80	8	1 1 1 0 0 0 1 0 1 0 0 0 0 0 0 0
80	34	0 1 1 0 1 0 0 1 1 0 0 0 0 0 1 0
80	18	0 1 1 1 0 0 1 1 1 0 0 0 1 0 1 0
80	7	0 0 0 0 0 0 1 0 1 0 0 0 0 0 0 0
80	3	1 0 1 0 0 0 1 1 1 0 0 0 1 0 1 1
80	11	0 0 0 0 1 0 0 1 1 1 0 0 0 0 1 0
80	16	0 0 0 0 1 0 0 1 1 0 0 0 0 0 0 1
80	5	0 1 1 0 0 1 1 0 1 0 0 0 0 0 0 0
80	5	0 1 1 0 0 0 1 0 1 0 0 1 0 0 1 0
80	2	0 0 0 0 1 0 1 0 1 0 0 0 0 0 1 0
80	9	0 1 1 1 0 0 1 0 1 0 0 0 0 0 0 0
80	9	0 1 0 0 0 0 1 0 1 0 0 1 1 0 1 0
80	2	0 1 1 0 0 0 0 0 1 1 0 0 0 0 0 0
80	1	0 0 0 1 1 0 0 0 1 0 0 0 0 0 1 0
80	9	0 1 1 1 0 0 0 1 1 0 0 1 0 0 1 0
80	4	0 1 1 0 0 0 0 0 1 0 0 0 0 0 0 0
80	8	0 1 0 0 1 0 0 1 1 0 0 0 0 0 0 0
80	32	1 1 1 0 0 0 1 1 1 0 0 0 0 0 1 0
80	4	1 1 1 0 0 0 1 1 1 0 1 0 1 0 1 0
80	2	0 0 0 0 1 0 0 0 0 0 1 0 0 1 0 0
80	5	1 1 1 0 0 0 1 0 1 0 1 0 0 0 0 0
80	5	0 0 1 0 0 0 1 0 1 0 0 0 0 0 0 0
80	17	1 1 1 0 0 0 1 1 1 0 0 0 1 0 0 1
80	4	1 1 1 0 0 0 1 0 1 1 1 0 1 0 1 0
80	3	0 0 0 0 1 0 0 1 1 0 0 0 1 0 1 0
80	13	1 0 0 0 1 0 1 0 1 1 1 0 0 0 0 0
80	1	0 0 0 1 1 0 1 0 1 0 0 0 0 0 0 0
80	6	0 1 0 1 1 0 0 1 1 0 0 0 0 0 1 0
80	1	0 1 1 0 0 0 1 1 1 0 0 0 0 0 1 0
80	2	0 1 1 0 0 0 1 0 1 0 0 0 0 1 1 0
80	9	1 0 1 0 0 1 1 1 1 0 0 0 1 0 1 1
80	2	0 0 0 0 1 0 0 1 1 0 0 1 0 0 0 0
80	3	0 1 1 0 0 0 1 0 1 0 0 0 0 0 0 1
80	2	1 1 0 0 0 0 1 0 1 0 0 0 1 0 1 0
80	3	0 1 1 1 0 0 0 1 1 0 0 0 0 0 0 0
80	3	0 1 0 0 0 0 1 0 1 0 0 0 0 0 1 0
80	11	0 1 1 0 0 0 1 0 1 1 0 0 1 0 0 0
80	3	0 1 1 0 0 0 0 0 1 0 0 1 1 0 1 0
80	1	0 0 1 1 0 0 0 1 1 0 0 0 0 0 1 0
80	8	0 0 0 0 0 0 0 0 1 0 0 0 0 0 0 0
80	7	1 0 0 0 1 0 0 1 1 0 0 0 0 0 1 0
80	1	0 1 1 1 0 0 0 1 1 0 0 0 0 0 1 1
80	9	1 1 1 0 1 0 1 1 1 0 0 0 1 0 1 0
80	4	0 1 1 1 0 0 1 0 1 0 1 0 1 0 1 0
80	1	1 1 1 0 0 0 0 1 1 0 0 0 0 0 1 0
80	3	0 0 0 1 1 0 0 1 0 0 0 0 0 0 1 0
80	11	1 1 1 0 0 0 1 0 1 0 0 0 0 0 1 0
80	3	0 1 1 0 0 1 1 0 1 0 0 0 0 0 1 0
80	3	0 0 1 0 0 0 1 0 1 0 0 0 1 0 1 0
80	7	0 1 1 0 1 0 0 1 1 0 0 0 0 0 1 1
80	3	0 0 0 0 0 0 1 0 1 0 0 0 1 0 0 0
80	2	0 1 0 0 0 0 1 0 1 0 0 0 0 0 0 1
80	3	0 1 1 1 0 0 1 0 1 1 1 0 0 0 0 0
80	1	0 1 1 0 1 0 0 0 1 0 0 1 1 0 1 0
80	3	1 1 1 0 1 0 0 1 1 0 0 0 0 0 1 0
80	4	0 1 1 1 0 0 0 1 1 1 0 0 0 0 1 0
80	3	1 0 0 1 1 0 0 1 1 0 0 0 1 0 1 0
80	2	1 0 1 0 0 0 0 0 1 0 0 0 0 0 0 0
80	1	1 1 1 0 0 0 1 0 1 0 1 0 0 0 1 0
80	1	0 1 1 0 0 0 1 1 1 0 0 0 1 0 1 1
80	2	0 0 0 1 1 0 0 1 1 0 0 0 0 0 1 1
80	2	1 1 0 0 1 0 0 1 1 0 0 0 0 0 1 0
80	1	0 1 0 1 0 0 0 1 1 0 0 0 0 0 1 0
80	3	0 0 0 0 0 0 0 0 1 1 1 1 0 0 1 0
80	1	0 1 1 0 0 0 1 0 1 0 1 1 0 0 1 0
80	1	0 1 1 0 0 0 1 0 1 1 0 0 0 0 1 1
80	1	0 1 1 0 0 0 1 0 1 0 0 1 0 0 0 0
80	2	0 0 1 0 1 0 0 1 1 0 0 0 0 0 1 0
80	3	0 1 0 0 0 0 1 0 1 0 0 0 1 0 1 0
80	1	0 0 0 0 1 0 0 1 1 0 1 0 0 0 1 0
80	2	0 0 0 0 1 0 0 1 0 0 0 0 0 0 0 0
80	1	0 1 1 1 0 0 0 1 0 0 0 0 0 0 1 0
80	2	1 1 1 1 0 0 0 1 1 0 0 0 0 0 1 0
80	1	0 0 0 0 1 0 1 1 1 0 0 0 0 1 1 0
80	2	1 1 1 0 0 0 0 1 1 0 0 0 1 0 1 0
80	1	0 1 1 0 1 1 0 1 1 0 0 0 0 0 1 0
80	2	0 0 1 0 1 0 1 0 1 0 0 0 0 0 1 0
80	1	0 1 1 1 0 0 1 1 1 0 0 1 0 0 1 0
80	1	0 0 1 0 0 1 1 0 1 0 0 0 1 0 1 0
80	1	0 1 1 1 0 1 0 1 1 1 0 0 0 0 1 0
100	8	0 0 0 0 1 0 0 1 1 0 0 0 0 0 1 0
100	47	0 1 1 0 0 0 1 0 1 0 0 0 0 0 1 0
100	20	0 1 1 0 0 0 1 0 1 0 0 0 1 0 0 1
100	35	0 1 1 0 0 0 1 0 1 0 0 0 0 0 0 0
100	4	0 0 0 1 1 0 0 1 1 0 0 0 0 0 1 0
100	33	0 1 1 0 0 0 1 0 1 1 0 0 0 0 0 0
100	6	0 0 0 1 1 0 0 1 1 0 0 0 0 0 0 0
100	4	0 1 0 0 1 0 0 1 1 0 0 0 0 0 1 0
100	29	1 1 1 0 0 0 1 1 1 0 0 0 1 0 1 1
100	4	0 0 1 0 0 0 1 0 1 1 0 0 1 0 0 0
100	7	0 1 1 0 0 0 1 0 1 0 0 1 1 0 1 0
100	88	0 1 1 1 0 0 0 1 1 0 0 0 0 0 1 0
100	5	0 1 0 1 1 0 0 1 1 0 0 0 0 0 0 0
100	71	1 1 1 0 0 0 1 0 1 0 1 0 1 0 1 0
100	9	0 0 0 0 1 0 1 1 1 0 0 0 0 0 1 0
100	1	0 1 1 0 0 0 0 1 1 0 0 0 0 0 0 0
100	52	1 1 1 0 0 0 1 1 1 0 0 0 1 0 1 0
100	28	1 0 0 1 1 0 0 1 1 0 0 0 0 0 1 0
100	3	1 1 1 0 0 0 1 1 1 1 0 0 0 0 0 0
100	16	1 1 1 0 0 0 1 0 1 0 0 0 0 0 0 0
100	6	0 1 1 0 1 0 0 1 1 0 0 0 0 0 1 0
100	27	0 1 1 1 0 0 1 1 1 0 0 0 1 0 1 0
100	3	0 1 1 1 0 0 1 0 1 0 0 0 0 0 0 0
100	4	0 1 0 0 0 0 1 0 1 0 0 1 1 0 1 0
100	43	0 1 1 1 0 0 0 1 1 0 0 1 0 0 1 0
100	15	0 1 1 0 0 0 0 0 1 0 0 0 0 0 0 0
100	68	1 1 1 0 0 0 1 1 1 0 0 0 0 0 1 0
100	13	1 1 1 0 0 0 1 0 1 0 1 0 0 0 0 0
100	1	1 1 1 0 0 0 1 1 1 0 0 0 1 0 0 1
100	3	0 1 1 1 0 0 0 1 1 0 0 0 0 0 0 0
100	8	0 0 0 0 0 0 0 0 1 0 0 0 0 0 0 0
100	4	1 0 0 0 1 0 0 1 1 0 0 0 0 0 1 0
100	14	1 1 1 0 0 0 1 0 1 0 0 0 0 0 1 0
100	13	0 1 1 0 1 0 0 1 1 0 0 0 0 0 1 1
100	5	0 1 0 1 0 0 0 1 1 0 0 0 0 0 1 0
100	2	1 1 1 0 0 0 1 0 1 1 0 0 1 0 0 0
100	2	0 0 0 1 1 0 0 1 1 0 0 0 1 0 1 0
100	6	1 1 1 0 0 0 1 0 1 0 0 0 1 0 1 0
100	14	0 1 1 1 0 0 0 1 1 0 0 1 0 0 1 1
100	19	0 1 1 1 0 0 1 0 1 0 0 0 0 0 1 0
100	7	1 1 1 0 0 0 1 0 1 0 1 0 1 0 1 1
100	21	1 1 1 0 0 0 1 1 1 1 0 0 1 0 1 0
100	2	0 1 0 1 1 0 0 1 1 0 0 0 1 0 1 0
100	10	1 1 1 0 0 0 1 0 0 0 1 0 1 0 1 0
100	8	1 1 1 1 0 0 1 1 1 0 0 0 1 0 1 0
100	2	0 1 1 0 0 0 0 0 1 1 0 1 0 0 1 0
100	6	1 1 1 0 0 0 1 0 1 1 0 0 0 0 0 0
100	2	0 1 0 1 0 0 1 0 1 0 0 0 0 0 1 0
100	6	0 1 1 0 0 0 1 0 1 1 0 0 0 0 1 0
100	14	1 0 1 0 0 1 1 1 1 0 0 0 0 0 1 0
100	1	1 0 1 1 0 1 1 1 1 0 0 0 1 0 1 0
100	11	0 0 0 0 1 0 1 0 1 0 0 0 0 0 0 0
100	8	0 1 1 0 1 0 0 1 1 0 0 0 1 0 1 0
100	1	0 0 1 0 0 0 1 0 1 1 0 0 0 0 0 0
100	2	0 1 1 0 0 0 0 1 1 0 1 0 1 0 1 0
100	11	0 1 1 0 1 0 0 0 1 0 0 0 0 0 0 0
100	3	1 1 1 0 0 0 1 0 1 0 0 1 0 0 0 0
100	4	1 1 1 0 0 0 1 1 1 1 0 0 1 0 1 1
100	8	0 1 1 0 0 0 0 0 1 1 0 0 0 0 0 0
100	1	1 1 1 0 0 0 1 0 1 1 0 0 1 0 1 0
100	7	1 1 1 1 1 0 0 1 1 0 0 0 0 0 1 0
100	6	1 1 1 0 0 0 1 1 1 0 0 0 0 0 0 0
100	4	1 1 1 0 0 0 0 1 1 0 0 0 0 0 1 0
100	15	1 1 1 1 0 0 0 1 1 0 0 0 0 0 0 0
100	11	0 1 1 0 0 1 0 0 1 0 0 0 0 0 0 0
100	8	0 0 0 0 1 0 1 1 1 1 0 0 0 0 0 0
100	1	0 1 1 0 0 1 1 0 1 0 0 0 0 0 1 0
100	1	0 1 1 1 0 0 0 1 1 0 0 0 0 1 1 0
100	5	0 1 1 1 1 0 0 1 1 0 0 1 0 0 1 0
100	1	1 1 1 0 0 0 1 0 0 0 1 0 0 0 0 0
100	1	1 1 1 1 0 0 1 0 1 0 0 0 0 0 1 0
100	3	0 1 0 1 0 0 1 0 1 0 0 1 0 0 1 0
100	11	1 1 1 0 0 0 1 1 1 0 0 1 0 0 1 0
100	1	0 1 1 0 0 0 1 0 1 0 0 0 1 0 0 0
100	6	0 1 1 1 0 0 1 1 1 0 0 0 0 0 1 0
100	2	0 1 1 1 0 0 1 1 0 0 0 0 1 0 1 0
100	4	0 0 1 1 0 0 0 1 1 0 0 1 0 0 1 0
100	2	0 0 0 0 0 0 1 0 0 0 0 0 1 0 1 0
100	2	0 1 1 1 0 0 1 0 1 1 0 0 0 0 0 0
100	1	1 0 0 0 0 0 1 0 1 1 0 0 1 0 0 0
100	5	0 0 1 1 0 0 1 0 1 0 0 0 0 0 1 0
100	3	0 1 1 0 0 0 1 0 0 0 0 0 0 0 1 0
100	1	0 1 1 0 0 0 1 0 1 0 0 0 1 0 1 0
100	1	0 1 1 0 0 0 1 0 0 1 0 0 0 0 0 0
100	6	0 1 1 1 0 1 1 1 1 0 0 0 1 0 1 0
100	3	0 1 0 1 1 0 0 1 1 0 0 0 1 0 1 1
100	3	1 0 0 1 1 0 0 1 0 0 0 0 0 0 1 0
100	1	0 1 1 0 0 0 0 0 0 0 0 0 0 0 0 0
100	3	1 0 1 0 0 1 1 1 1 0 0 0 1 0 1 0
100	1	0 0 0 0 0 0 0 1 1 0 0 0 0 0 0 0
100	3	1 1 1 1 0 0 1 0 1 0 0 0 1 0 1 1
100	1	1 1 1 1 0 0 1 0 1 1 0 0 1 0 1 0
100	2	1 1 1 0 0 0 0 1 1 0 0 0 0 0 0 0
100	1	0 1 0 0 0 0 1 0 1 0 0 0 0 0 1 0
100	2	0 1 1 0 0 0 0 0 1 0 0 0 0 0 1 0
100	1	1 1 1 0 1 0 1 0 1 0 1 0 1 0 1 0
100	1	0 1 1 1 0 0 0 1 1 0 0 1 0 0 0 0
100	1	0 1 0 1 1 0 0 1 1 0 0 0 0 0 1 0
100	1	1 1 1 1 0 0 1 1 1 0 0 1 0 0 1 0
120	22	0 0 0 0 1 0 0 1 1 0 0 0 0 0 1 0
120	14	0 1 1 0 0 0 1 0 1 0 0 0 0 0 1 0
120	1	0 1 1 0 0 0 1 0 1 0 0 0 1 0 0 1
120	53	0 1 1 0 0 0 1 0 1 0 0 0 0 0 0 0
120	20	0 0 0 1 1 0 0 1 1 0 0 0 0 0 1 0
120	10	0 1 1 0 0 0 1 0 1 1 0 0 0 0 0 0
120	10	1 1 1 0 0 0 1 1 1 0 0 0 1 0 1 1
120	78	0 1 1 1 0 0 0 1 1 0 0 0 0 0 1 0
120	14	1 1 1 0 0 0 1 0 1 0 1 0 1 0 1 0
120	6	0 0 0 0 1 0 1 1 1 0 0 0 0 0 1 0
120	57	1 1 1 0 0 0 1 1 1 0 0 0 1 0 1 0
120	11	1 1 1 0 0 0 1 1 1 1 0 0 0 0 0 0
120	7	1 1 1 0 0 0 1 0 1 0 0 0 0 0 0 0
120	73	0 1 1 1 0 0 0 1 1 0 0 1 0 0 1 0
120	1	0 1 1 0 0 0 0 0 1 0 0 0 0 0 0 0
120	114	1 1 1 0 0 0 1 1 1 0 0 0 0 0 1 0
120	9	1 1 1 0 0 0 1 0 1 0 1 0 0 0 0 0
120	4	0 1 1 0 1 0 0 1 1 0 0 0 0 0 1 1
120	1	0 1 0 1 0 0 0 1 1 0 0 0 0 0 1 0
120	5	1 1 1 0 0 0 1 0 1 1 0 0 1 0 0 0
120	2	1 1 1 0 0 0 1 0 1 0 0 0 1 0 1 0
120	1	1 1 1 0 0 0 1 0 1 0 1 0 1 0 1 1
120	7	1 1 1 0 0 0 1 1 1 1 0 0 1 0 1 0
120	66	1 1 1 0 0 0 1 0 1 1 0 0 0 0 0 0
120	4	0 1 1 0 0 0 1 0 1 1 0 0 0 0 1 0
120	37	1 0 1 0 0 1 1 1 1 0 0 0 0 0 1 0
120	10	0 1 1 0 1 0 0 1 1 0 0 0 1 0 1 0
120	7	1 1 1 0 0 0 1 0 1 0 0 1 0 0 0 0
120	9	1 1 1 1 1 0 0 1 1 0 0 0 0 0 1 0
120	1	1 1 1 0 0 0 1 1 1 0 0 0 0 0 0 0
120	27	1 1 1 1 0 0 0 1 1 0 0 0 0 0 0 0
120	15	0 1 1 0 0 1 0 0 1 0 0 0 0 0 0 0
120	6	0 0 0 0 1 0 1 1 1 1 0 0 0 0 0 0
120	5	1 1 1 1 0 0 1 0 1 0 0 0 0 0 1 0
120	16	1 1 1 0 0 0 1 1 1 0 0 1 0 0 1 0
120	1	0 1 1 0 0 0 1 0 0 0 0 0 0 0 1 0
120	10	0 1 1 0 0 0 1 0 1 0 0 0 1 0 1 0
120	1	0 1 0 1 1 0 0 1 1 0 0 0 1 0 1 1
120	16	1 1 1 1 0 0 1 0 1 1 0 0 1 0 1 0
120	2	1 1 1 0 1 0 1 0 1 0 1 0 1 0 1 0
120	5	0 1 1 0 1 0 0 1 1 0 0 0 0 0 0 1
120	8	0 1 0 1 0 0 0 1 1 0 0 0 0 0 0 0
120	11	0 1 1 0 0 0 1 1 1 0 0 0 0 0 1 0
120	2	0 1 1 0 1 0 0 1 1 0 0 0 0 0 0 0
120	4	0 0 1 0 1 0 0 1 1 0 0 0 0 0 1 0
120	4	1 1 1 0 0 0 1 1 1 0 1 0 1 0 1 0
120	5	0 1 1 1 1 0 0 1 1 0 0 0 0 0 1 0
120	7	1 1 1 0 0 0 1 0 1 1 0 0 0 0 0 1
120	1	0 0 1 0 0 0 1 0 1 1 0 0 0 0 0 0
120	4	0 1 1 1 0 0 0 1 1 0 0 0 0 0 1 1
120	5	0 1 1 0 0 1 1 0 1 0 0 1 0 0 1 1
120	4	0 1 1 1 0 1 0 1 1 0 0 0 1 0 1 0
120	7	0 1 1 0 0 0 0 1 1 0 0 1 0 0 1 0
120	9	0 1 1 0 1 0 0 1 1 1 0 0 1 0 0 0
120	1	1 1 1 1 0 0 1 0 1 0 0 0 1 0 1 0
120	3	0 1 1 0 1 0 0 1 1 0 0 0 0 1 1 0
120	1	0 1 1 0 0 1 0 0 1 0 0 0 1 0 0 0
120	3	0 1 1 0 1 0 0 1 0 1 0 0 1 0 1 0
120	2	1 1 1 0 0 0 1 0 1 0 1 0 0 0 1 0
120	1	1 1 1 0 0 0 1 1 1 0 0 0 0 1 0 0
120	10	1 1 1 1 0 0 1 1 1 0 0 0 0 0 1 0
120	2	0 1 1 1 0 1 1 0 1 1 0 0 0 0 0 0
120	5	0 1 0 0 1 0 1 1 1 1 0 0 1 0 1 0
120	10	0 1 1 0 0 1 1 0 1 0 0 0 0 0 1 0
120	5	1 1 1 0 0 0 1 1 1 1 0 0 1 0 1 1
120	5	0 1 1 0 0 0 0 1 1 0 0 0 0 0 1 0
120	1	0 1 1 0 0 0 1 0 1 0 1 0 1 0 1 0
120	4	1 1 1 0 0 0 1 1 1 0 0 0 0 1 1 0
120	12	1 0 1 0 0 0 1 1 1 0 0 0 0 0 1 0
120	4	1 1 1 0 0 0 0 1 1 0 0 0 0 0 1 0
120	3	1 0 0 1 1 0 1 0 1 0 0 0 0 0 0 0
120	6	0 0 1 1 0 0 0 1 1 0 0 0 0 0 1 0
120	1	0 0 1 0 0 1 1 1 1 0 0 0 0 0 1 0
120	1	1 1 1 1 0 0 1 1 1 1 0 0 1 0 1 0
120	5	0 1 1 1 1 1 0 1 1 0 0 0 1 0 1 0
120	3	0 1 1 1 0 1 0 0 1 0 0 0 1 0 0 0
120	4	0 1 1 1 0 0 0 1 1 0 0 0 1 0 1 0
120	3	0 0 0 1 0 0 1 1 1 0 0 0 0 0 1 0
120	2	1 1 1 0 0 0 1 0 1 0 1 0 1 0 0 1
120	4	1 0 1 0 1 1 1 1 1 0 0 0 0 0 1 0
120	4	1 1 1 1 0 0 1 0 1 1 0 0 0 0 1 0
120	4	0 1 1 0 1 0 0 1 1 0 0 0 1 0 0 1
120	4	0 1 1 0 0 0 1 1 1 0 0 0 1 0 1 0
120	2	0 1 1 1 0 0 0 1 1 0 0 0 0 1 0 0
120	1	1 1 1 1 1 0 0 1 0 0 0 0 0 0 1 0
120	2	0 1 0 1 0 0 0 1 1 0 0 0 1 0 0 0
120	2	1 0 1 0 1 0 0 1 1 0 0 0 0 0 1 0
120	1	0 0 1 1 0 0 0 1 1 0 0 0 0 0 0 0
120	2	0 0 1 0 0 0 0 1 1 0 0 1 0 0 1 0
120	2	1 1 1 0 1 0 0 1 1 0 0 0 0 0 1 0
120	5	0 1 1 0 1 0 0 1 1 0 0 0 0 0 1 0
120	1	0 1 1 0 1 0 0 1 1 1 0 0 1 0 1 0
120	1	0 0 0 1 0 0 1 1 1 0 0 0 0 0 0 0
120	3	0 1 1 0 1 0 1 0 1 0 0 0 1 0 0 1
120	2	0 1 1 0 0 0 1 1 1 0 0 0 0 0 0 0
120	2	0 1 1 0 0 0 1 0 1 1 0 1 0 0 0 0
120	1	1 1 1 1 0 0 0 1 1 0 0 0 0 0 1 0
120	1	0 0 0 0 1 0 1 1 1 0 0 0 0 0 1 1
120	3	1 1 1 0 1 0 1 0 1 1 0 0 0 0 0 0
120	1	0 1 1 1 0 0 0 1 1 1 0 0 0 0 0 0
120	1	0 0 0 0 1 0 1 1 1 0 0 0 1 0 1 0
120	4	1 1 1 0 0 0 0 1 1 0 0 0 1 0 1 0
120	1	0 0 0 0 1 0 1 1 1 1 0 1 0 0 1 0
120	2	0 0 0 1 1 0 0 1 1 1 0 0 0 0 1 0
120	2	1 1 1 0 0 0 1 1 1 0 0 1 1 0 1 1
120	1	1 1 1 0 0 0 1 1 0 0 0 0 1 0 1 0
120	2	1 1 1 1 0 0 1 1 1 0 0 0 1 0 1 0
120	1	0 1 1 1 0 0 0 0 1 0 0 1 0 0 1 0
120	1	1 1 1 0 0 0 0 0 1 1 0 0 0 0 0 0
120	1	1 0 1 0 0 1 0 1 1 0 0 0 0 0 1 0
120	3	1 1 1 1 0 1 0 1 1 0 0 0 0 0 0 0
120	4	0 0 0 0 1 0 1 1 1 0 0 0 0 0 0 0
120	3	1 0 1 0 0 0 1 1 1 0 1 0 1 0 1 0
140	19	0 1 1 0 0 0 1 0 1 0 0 0 0 0 0 0
140	18	0 0 0 1 1 0 0 1 1 0 0 0 0 0 1 0
140	10	1 1 1 0 0 0 1 1 1 0 0 0 1 0 1 1
140	51	0 1 1 1 0 0 0 1 1 0 0 0 0 0 1 0
140	18	1 1 1 0 0 0 1 1 1 0 0 0 1 0 1 0
140	17	1 1 1 0 0 0 1 1 1 1 0 0 0 0 0 0
140	10	1 1 1 0 0 0 1 0 1 0 0 0 0 0 0 0
140	134	0 1 1 1 0 0 0 1 1 0 0 1 0 0 1 0
140	15	0 1 1 0 0 0 0 0 1 0 0 0 0 0 0 0
140	85	1 1 1 0 0 0 1 1 1 0 0 0 0 0 1 0
140	6	1 1 1 0 0 0 1 0 1 0 0 0 1 0 1 0
140	50	1 1 1 0 0 0 1 0 1 1 0 0 0 0 0 0
140	3	1 0 1 0 0 1 1 1 1 0 0 0 0 0 1 0
140	2	0 1 1 0 1 0 0 1 1 0 0 0 1 0 1 0
140	9	1 1 1 1 0 0 0 1 1 0 0 0 0 0 0 0
140	8	1 1 1 0 0 0 1 1 1 0 0 1 0 0 1 0
140	7	1 1 1 1 0 0 1 0 1 1 0 0 1 0 1 0
140	6	0 1 0 1 0 0 0 1 1 0 0 0 0 0 0 0
140	18	0 1 1 0 0 0 1 1 1 0 0 0 0 0 1 0
140	5	0 1 1 1 1 0 0 1 1 0 0 0 0 0 1 0
140	4	0 0 1 0 0 0 1 0 1 1 0 0 0 0 0 0
140	3	0 1 1 1 0 1 0 1 1 0 0 0 1 0 1 0
140	9	1 1 1 1 0 0 1 0 1 0 0 0 1 0 1 0
140	3	0 1 1 0 1 0 0 1 1 0 0 0 0 1 1 0
140	39	1 1 1 0 0 0 1 0 1 0 1 0 0 0 1 0
140	15	1 1 1 1 0 0 1 1 1 0 0 0 0 0 1 0
140	18	0 1 1 0 0 1 1 0 1 0 0 0 0 0 1 0
140	8	0 1 1 0 0 0 0 1 1 0 0 0 0 0 1 0
140	9	1 1 1 0 0 0 1 1 1 0 0 0 0 1 1 0
140	16	1 0 1 0 0 0 1 1 1 0 0 0 0 0 1 0
140	6	1 0 1 0 1 1 1 1 1 0 0 0 0 0 1 0
140	22	0 1 1 0 1 0 0 1 1 0 0 0 1 0 0 1
140	12	0 1 1 0 0 0 1 1 1 0 0 0 1 0 1 0
140	15	0 0 1 0 0 0 0 1 1 0 0 1 0 0 1 0
140	3	0 1 1 0 1 0 0 1 1 0 0 0 0 0 1 0
140	1	0 1 1 0 1 0 1 0 1 0 0 0 1 0 0 1
140	5	1 1 1 0 0 0 0 1 1 0 0 0 1 0 1 0
140	4	1 0 1 0 0 1 0 1 1 0 0 0 0 0 1 0
140	6	1 1 1 0 0 0 1 0 1 1 0 0 0 0 1 0
140	6	0 1 1 0 0 0 1 0 1 0 1 0 1 0 1 0
140	16	1 1 1 0 0 0 1 1 0 0 0 0 0 0 1 0
140	3	0 1 1 0 1 0 1 1 1 0 0 0 0 0 0 1
140	5	1 1 1 0 0 0 1 0 0 1 0 0 0 0 0 0
140	6	1 1 1 1 0 0 1 1 1 0 0 0 0 1 1 0
140	6	0 1 1 1 0 0 1 1 1 0 0 0 0 0 1 0
140	8	1 1 1 1 1 0 0 1 1 0 0 0 0 0 1 1
140	1	1 1 1 0 0 0 1 1 1 0 0 0 0 0 0 0
140	5	1 0 1 0 0 0 1 0 1 1 0 0 0 0 0 0
140	3	1 1 1 0 1 0 1 0 1 1 0 0 0 0 0 0
140	1	0 0 1 0 0 0 1 0 1 1 0 0 0 1 0 0
140	1	0 1 1 0 0 1 0 0 1 0 0 0 1 0 1 0
140	3	1 1 1 1 0 1 1 0 1 1 0 0 1 0 1 0
140	1	1 1 1 1 0 0 0 0 1 1 0 0 0 0 0 0
140	15	0 1 1 1 0 0 0 1 1 1 0 0 0 1 0 0
140	10	1 1 1 1 0 0 0 1 1 0 0 0 0 0 1 0
140	18	0 1 1 1 0 1 0 1 1 0 0 0 0 0 1 0
140	2	1 1 1 0 0 1 1 1 1 0 0 0 1 0 1 0
140	1	0 1 1 1 1 0 0 1 1 0 0 1 0 0 1 0
140	3	0 0 0 1 1 0 0 1 1 0 0 0 0 0 0 0
140	3	1 1 1 0 0 0 1 1 1 0 0 0 0 0 1 1
140	12	1 1 1 0 0 0 0 1 1 0 0 0 0 1 1 0
140	24	1 1 1 1 0 0 0 0 1 0 0 0 0 0 0 0
140	2	1 1 1 0 1 0 1 0 1 1 0 0 0 0 1 0
140	12	0 1 1 1 0 0 0 1 1 0 0 0 1 0 1 0
140	4	0 1 1 1 0 0 1 0 1 0 0 0 1 0 1 0
140	1	1 1 1 1 1 0 1 0 1 1 0 0 0 0 1 0
140	5	1 1 1 0 0 0 1 1 1 0 0 1 0 0 0 0
140	2	0 1 1 0 0 0 1 0 1 1 0 0 0 0 0 0
140	7	0 0 1 0 0 0 1 1 1 1 0 0 0 0 0 0
140	4	0 1 1 1 0 0 0 1 1 0 0 0 0 0 1 1
140	8	1 1 1 1 0 0 0 1 1 0 0 1 0 0 1 0
140	4	1 0 1 0 0 0 1 1 1 0 0 0 0 0 0 0
140	7	1 1 1 1 0 0 1 0 1 0 0 0 0 0 1 0
140	3	0 1 1 1 0 0 0 0 1 0 0 0 1 0 1 0
140	7	1 1 1 0 0 0 1 0 1 0 1 0 0 0 1 1
140	4	0 1 0 1 0 0 0 1 1 0 0 1 0 0 1 0
140	4	0 1 0 1 0 0 1 1 1 0 0 0 0 0 0 0
140	5	0 1 0 1 0 1 0 1 1 0 0 0 1 0 1 0
140	2	1 1 1 0 0 0 1 0 1 1 0 1 0 0 1 0
140	2	0 1 1 0 0 0 1 0 1 0 0 0 1 0 0 0
140	4	0 1 1 0 0 0 1 1 1 0 0 0 0 0 0 0
140	3	0 1 1 1 0 0 0 1 1 0 0 0 0 1 1 0
140	4	0 1 1 1 0 0 0 1 0 0 0 1 0 0 1 0
140	2	1 1 1 0 0 0 1 0 1 1 0 0 1 0 0 0
140	4	0 1 1 0 1 0 0 1 1 0 0 0 1 0 0 0
140	2	0 1 1 1 1 0 1 0 1 1 0 0 0 0 1 0
140	3	1 1 1 0 1 0 1 1 1 0 0 0 0 0 0 1
140	4	0 1 1 1 0 0 0 1 1 0 0 1 0 0 0 0
140	6	1 1 1 0 0 0 1 0 1 0 0 0 0 0 1 0
140	1	1 1 1 1 0 0 0 0 1 0 0 0 0 1 0 0
140	1	1 1 1 0 0 0 0 0 1 0 0 0 1 0 1 0
140	2	1 1 1 0 0 0 1 0 1 1 0 1 0 0 0 0
140	1	0 1 1 1 1 1 0 1 1 0 0 1 1 0 1 0
140	1	1 1 1 0 0 1 1 1 0 0 0 0 0 0 1 0
140	2	1 1 1 0 0 1 1 0 1 0 0 0 1 0 1 0
140	2	0 1 1 1 0 0 0 1 1 0 0 0 0 0 0 0
140	3	1 1 1 0 0 0 0 1 1 0 0 1 0 0 1 0
140	1	1 1 1 0 0 0 1 1 1 0 0 0 1 0 0 0
140	4	0 1 1 1 1 1 0 1 1 0 0 0 0 0 1 0
140	2	0 1 1 1 0 0 0 1 1 0 0 1 0 0 1 1
140	3	1 1 1 0 0 1 1 1 1 0 0 0 0 0 1 0
140	1	1 0 1 0 0 0 1 1 1 0 0 0 0 0 1 1
140	3	1 1 1 0 0 0 1 0 0 1 0 0 0 0 1 0
140	1	1 0 1 1 0 1 1 0 1 1 0 0 1 0 1 0
140	1	1 1 1 0 0 1 1 1 1 0 0 0 1 0 0 0
140	1	0 0 1 0 0 0 1 1 0 1 0 0 0 0 0 0
140	2	1 1 1 0 0 0 1 1 1 1 0 0 1 0 0 0
140	1	1 1 1 0 0 0 1 0 1 1 0 0 0 1 0 0
140	1	0 1 1 0 1 0 0 1 1 0 0 0 1 1 1 0
140	1	1 1 1 1 0 0 0 0 1 1 0 0 1 0 1 0
140	3	1 1 1 1 0 0 1 1 1 0 0 0 0 0 1 1
140	1	0 1 1 0 1 0 0 1 1 0 1 0 1 0 0 1
140	1	0 1 1 0 1 0 1 1 1 0 0 0 0 1 0 1
140	1	1 1 1 0 0 0 0 1 1 0 0 1 0 1 1 0
140	2	1 1 1 0 0 1 1 0 1 0 1 0 0 0 1 1
160	32	0 1 1 0 0 0 1 0 1 0 0 0 0 0 0 0
160	43	0 1 1 1 0 0 0 1 1 0 0 0 0 0 1 0
160	10	1 1 1 0 0 0 1 0 1 0 0 0 0 0 0 0
160	64	0 1 1 1 0 0 0 1 1 0 0 1 0 0 1 0
160	3	0 1 1 0 0 0 0 0 1 0 0 0 0 0 0 0
160	133	1 1 1 0 0 0 1 1 1 0 0 0 0 0 1 0
160	36	1 1 1 0 0 0 1 0 1 0 0 0 1 0 1 0
160	38	1 1 1 0 0 0 1 0 1 1 0 0 0 0 0 0
160	36	1 1 1 1 0 0 0 1 1 0 0 0 0 0 0 0
160	53	1 1 1 0 0 0 1 1 1 0 0 1 0 0 1 0
160	8	1 1 1 1 0 0 1 0 1 1 0 0 1 0 1 0
160	19	0 1 1 0 0 0 1 1 1 0 0 0 0 0 1 0
160	33	1 1 1 0 0 0 1 0 1 0 1 0 0 0 1 0
160	22	1 1 1 1 0 0 1 1 1 0 0 0 0 0 1 0
160	13	0 1 1 0 0 1 1 0 1 0 0 0 0 0 1 0
160	14	0 1 1 0 1 0 0 1 1 0 0 0 1 0 0 1
160	5	0 1 1 0 0 0 1 0 1 0 1 0 1 0 1 0
160	9	0 1 1 0 1 0 1 1 1 0 0 0 0 0 0 1
160	9	0 1 1 1 0 0 1 1 1 0 0 0 0 0 1 0
160	4	1 1 1 1 1 0 0 1 1 0 0 0 0 0 1 1
160	9	1 1 1 0 0 0 1 1 1 0 0 0 0 0 0 0
160	17	0 1 1 1 0 0 0 1 1 1 0 0 0 1 0 0
160	9	1 1 1 1 0 0 0 1 1 0 0 0 0 0 1 0
160	2	0 1 1 1 0 1 0 1 1 0 0 0 0 0 1 0
160	6	1 1 1 0 0 0 0 1 1 0 0 0 0 1 1 0
160	23	1 1 1 1 0 0 0 0 1 0 0 0 0 0 0 0
160	3	0 1 1 1 0 0 1 0 1 0 0 0 1 0 1 0
160	13	1 1 1 1 0 0 0 1 1 0 0 1 0 0 1 0
160	3	1 1 1 0 0 0 1 0 1 0 1 0 0 0 1 1
160	2	1 1 1 0 0 0 1 0 1 1 0 1 0 0 1 0
160	7	0 1 1 0 0 0 1 1 1 0 0 0 0 0 0 0
160	4	0 1 1 1 0 0 0 1 0 0 0 1 0 0 1 0
160	10	1 1 1 0 0 0 1 0 1 0 0 0 0 0 1 0
160	27	0 1 1 1 0 0 0 1 1 0 0 0 0 0 0 0
160	11	1 1 1 0 0 0 0 1 1 0 0 1 0 0 1 0
160	20	0 1 1 1 0 1 0 1 1 0 0 1 0 0 1 0
160	3	1 1 1 1 0 0 0 1 1 0 0 0 0 1 1 0
160	4	0 1 1 0 0 1 0 1 1 0 0 0 0 0 1 0
160	10	1 1 1 0 0 0 1 1 1 1 0 0 0 0 1 0
160	10	0 1 0 1 0 0 0 1 1 0 0 1 0 0 1 0
160	6	1 1 1 0 0 1 1 0 1 1 0 0 0 0 0 0
160	7	1 1 1 1 0 1 0 1 1 0 0 0 0 0 1 0
160	6	1 1 1 0 0 0 1 0 1 0 0 1 0 0 1 0
160	4	0 1 1 1 0 1 1 1 1 0 0 1 0 0 1 0
160	20	0 1 1 1 0 0 0 0 1 0 0 0 0 0 0 0
160	3	0 1 1 0 0 0 0 0 1 0 0 0 0 0 1 0
160	7	0 1 0 1 0 0 0 1 1 1 0 0 0 0 0 0
160	9	0 1 1 1 1 0 0 1 1 0 0 0 0 0 1 0
160	7	0 1 1 1 0 1 0 1 1 0 0 0 0 0 0 0
160	4	1 1 1 1 0 0 0 0 1 0 0 0 0 0 0 1
160	4	1 1 1 1 0 0 1 0 1 1 0 1 0 0 1 0
160	8	0 1 0 1 0 0 0 1 1 0 0 0 0 0 1 0
160	2	0 1 1 1 0 0 0 1 1 0 0 1 1 0 1 0
160	4	0 1 1 1 0 0 0 0 0 0 0 0 0 0 0 0
160	3	1 1 1 1 0 0 1 1 1 0 0 0 1 0 1 0
160	1	1 1 1 1 0 0 1 0 1 0 1 0 0 0 1 0
160	9	1 1 1 0 0 0 1 1 1 0 1 0 0 0 1 0
160	5	1 1 1 0 0 0 0 1 1 0 1 1 0 0 1 0
160	8	1 1 0 1 0 1 0 1 1 0 0 0 0 0 1 0
160	9	1 1 1 1 0 1 1 0 1 1 0 0 0 0 1 0
160	4	1 1 1 0 0 0 1 0 1 0 1 0 1 0 1 0
160	2	1 1 1 1 0 0 0 1 1 0 0 0 1 0 1 0
160	6	0 0 1 1 0 0 0 1 1 0 0 0 0 0 0 0
160	3	1 1 1 0 0 0 1 0 1 0 1 0 0 1 1 0
160	12	0 1 1 1 0 0 1 0 1 1 0 1 0 0 1 0
160	2	1 1 1 0 1 0 1 0 1 1 0 1 0 0 1 0
160	3	0 0 1 1 0 0 0 1 1 1 0 1 0 0 1 0
160	6	0 1 0 1 0 0 0 1 1 1 0 0 0 0 1 0
160	1	0 1 1 1 0 0 1 0 1 1 0 0 1 0 1 0
160	6	1 1 1 0 0 0 0 1 1 1 0 0 0 0 0 0
160	2	1 1 1 0 0 0 1 1 1 0 0 0 0 0 1 1
160	3	1 1 1 0 0 0 1 0 1 1 0 0 1 0 0 0
160	1	0 1 1 1 0 0 0 0 1 1 0 0 0 0 0 0
160	4	0 1 1 1 0 0 0 0 0 0 0 0 1 0 0 0
160	2	0 1 1 0 0 1 0 1 1 0 0 0 1 0 0 1
160	1	0 1 1 1 0 0 0 1 1 0 0 1 0 1 1 0
160	3	1 1 1 0 0 0 1 1 1 0 0 0 0 1 1 0
160	1	0 1 1 0 1 0 0 1 1 0 0 0 1 0 0 0
160	1	0 1 1 0 0 0 1 1 1 0 0 0 0 1 1 0
160	3	1 1 1 1 0 0 0 1 1 0 0 0 1 0 0 1
160	3	0 1 1 1 0 0 0 1 0 0 0 1 0 0 0 0
160	1	1 1 1 1 1 0 1 1 1 0 0 0 0 0 0 1
160	3	1 1 1 0 0 0 0 1 1 0 0 0 0 0 1 0
160	2	0 1 1 0 0 1 1 0 1 1 0 0 0 0 1 0
160	2	0 1 1 0 1 0 0 1 0 0 0 0 1 0 0 1
160	1	0 1 1 1 0 0 0 0 1 0 1 0 0 0 0 0
160	2	1 1 1 0 0 0 0 0 1 1 0 0 0 0 0 0
160	2	0 1 1 0 1 0 1 1 1 0 0 0 0 0 1 0
160	1	0 1 1 1 0 0 1 0 1 0 0 0 0 0 0 0
160	1	0 1 1 1 0 0 0 1 0 0 0 0 0 0 1 0
160	4	1 0 1 0 0 0 0 1 1 0 0 0 0 1 1 0
160	2	1 1 1 1 0 0 1 1 1 1 0 0 1 0 1 0
160	2	0 1 1 1 0 0 0 0 1 1 0 0 1 0 0 0
160	5	0 1 1 1 1 0 1 1 1 0 0 0 0 0 0 1
180	68	0 1 1 0 0 0 1 0 1 0 0 0 0 0 0 0
180	8	0 1 1 1 0 0 0 1 1 0 0 0 0 0 1 0
180	5	1 1 1 0 0 0 1 0 1 0 0 0 0 0 0 0
180	42	0 1 1 1 0 0 0 1 1 0 0 1 0 0 1 0
180	79	1 1 1 0 0 0 1 1 1 0 0 0 0 0 1 0
180	27	1 1 1 0 0 0 1 0 1 0 0 0 1 0 1 0
180	43	1 1 1 0 0 0 1 0 1 1 0 0 0 0 0 0
180	25	1 1 1 1 0 0 0 1 1 0 0 0 0 0 0 0
180	37	1 1 1 0 0 0 1 1 1 0 0 1 0 0 1 0
180	9	1 1 1 1 0 0 1 0 1 1 0 0 1 0 1 0
180	2	0 1 1 0 0 0 1 1 1 0 0 0 0 0 1 0
180	6	1 1 1 1 0 0 1 1 1 0 0 0 0 0 1 0
180	4	0 1 1 0 1 0 0 1 1 0 0 0 1 0 0 1
180	11	0 1 1 1 0 0 1 1 1 0 0 0 0 0 1 0
180	21	0 1 1 1 0 0 0 1 1 1 0 0 0 1 0 0
180	14	1 1 1 1 0 0 0 1 1 0 0 0 0 0 1 0
180	18	0 1 1 1 0 1 0 1 1 0 0 0 0 0 1 0
180	23	1 1 1 0 0 0 0 1 1 0 0 0 0 1 1 0
180	21	1 1 1 1 0 0 0 0 1 0 0 0 0 0 0 0
180	22	1 1 1 1 0 0 0 1 1 0 0 1 0 0 1 0
180	8	1 1 1 0 0 0 1 0 1 0 0 0 0 0 1 0
180	17	0 1 1 1 0 0 0 1 1 0 0 0 0 0 0 0
180	16	0 1 1 1 0 1 0 1 1 0 0 1 0 0 1 0
180	14	1 1 1 0 0 0 1 1 1 1 0 0 0 0 1 0
180	4	1 1 1 1 0 1 0 1 1 0 0 0 0 0 1 0
180	2	0 1 1 1 0 1 1 1 1 0 0 1 0 0 1 0
180	60	0 1 1 1 0 0 0 0 1 0 0 0 0 0 0 0
180	23	0 1 0 1 0 0 0 1 1 1 0 0 0 0 0 0
180	15	0 1 1 1 0 1 0 1 1 0 0 0 0 0 0 0
180	23	1 1 1 1 0 0 0 0 1 0 0 0 0 0 0 1
180	8	1 1 1 1 0 0 1 0 1 1 0 1 0 0 1 0
180	5	0 1 0 1 0 0 0 1 1 0 0 0 0 0 1 0
180	3	0 1 1 1 0 0 0 0 0 0 0 0 0 0 0 0
180	4	1 1 1 0 0 0 1 1 1 0 1 0 0 0 1 0
180	3	1 1 1 1 0 1 1 0 1 1 0 0 0 0 1 0
180	1	1 1 1 1 0 0 0 1 1 0 0 0 1 0 1 0
180	2	1 1 1 0 0 0 1 0 1 0 1 0 0 1 1 0
180	3	0 1 1 1 0 0 1 0 1 1 0 0 1 0 1 0
180	4	0 1 1 1 0 0 0 0 0 0 0 0 1 0 0 0
180	13	0 1 1 1 0 0 0 1 0 0 0 1 0 0 0 0
180	1	1 1 1 0 0 0 0 0 1 1 0 0 0 0 0 0
180	3	1 0 1 0 0 0 0 1 1 0 0 0 0 1 1 0
180	3	0 1 1 0 0 0 1 0 1 0 0 0 0 0 0 1
180	6	0 1 1 1 0 0 0 1 0 0 0 0 0 0 0 0
180	18	0 1 1 1 0 1 0 0 1 1 0 0 0 0 1 0
180	7	0 1 1 1 0 0 1 0 0 0 0 1 0 0 1 0
180	10	1 1 1 0 1 0 1 1 1 0 0 0 0 0 1 0
180	3	1 1 1 0 0 1 1 0 1 0 1 0 1 0 1 0
180	3	1 1 1 0 0 0 1 1 1 0 0 0 1 0 1 0
180	1	0 1 1 1 0 0 0 1 1 0 0 0 1 0 1 0
180	10	0 1 1 1 0 0 1 0 1 1 0 1 1 0 1 0
180	1	0 1 1 0 0 0 1 0 0 0 0 0 0 0 0 0
180	9	1 1 1 0 0 0 1 0 1 0 0 0 1 0 0 0
180	10	0 1 1 0 0 0 0 0 1 0 0 0 0 0 0 0
180	3	0 1 1 1 0 0 1 1 1 1 0 0 0 0 1 0
180	19	1 1 1 0 0 0 1 1 1 0 0 0 0 1 1 0
180	3	1 1 1 0 0 0 1 1 0 0 0 1 0 0 1 0
180	11	1 1 1 0 0 0 0 1 1 0 0 0 0 0 1 0
180	2	1 1 1 0 0 0 1 1 1 1 0 0 1 0 1 0
180	13	1 1 1 0 1 0 1 1 1 0 1 0 0 0 1 0
180	3	1 1 1 0 0 1 1 1 1 0 0 0 0 0 1 0
180	11	1 1 1 0 0 0 1 0 1 1 0 0 1 0 0 0
180	1	1 1 1 0 0 0 1 0 1 1 1 0 0 0 0 0
180	10	0 1 1 1 0 0 0 0 1 0 0 0 0 0 1 0
180	9	1 1 1 1 0 0 0 1 0 0 1 0 0 0 0 0
180	11	0 1 1 1 0 0 0 0 1 0 0 0 0 0 0 1
180	1	1 1 1 0 0 1 1 0 1 0 0 0 0 0 0 0
180	2	0 1 1 1 0 0 0 1 1 0 0 1 0 0 1 1
180	4	1 0 1 1 0 1 1 0 1 1 0 0 0 0 1 0
180	5	1 1 1 1 0 0 1 1 1 0 0 1 1 0 1 0
180	1	0 1 1 1 0 0 1 1 1 1 0 1 0 1 1 0
180	3	0 1 1 1 0 1 0 1 1 0 0 1 0 0 0 0
180	6	1 0 1 1 0 0 0 0 1 0 0 0 0 0 0 0
180	3	0 1 1 1 0 0 0 1 1 0 0 1 0 0 0 0
180	2	0 1 1 1 0 0 1 0 0 0 0 0 0 0 0 0
180	1	0 1 1 0 0 0 1 0 1 0 0 1 0 0 0 0
180	3	1 0 1 0 0 0 1 1 1 0 0 0 0 0 1 0
180	3	1 1 1 0 0 0 1 0 0 0 0 0 0 0 0 0
180	2	0 1 1 1 0 1 0 0 1 1 0 0 0 0 0 0
180	2	1 1 1 0 0 0 1 1 1 0 0 0 0 0 1 1
180	1	1 1 1 1 0 0 0 0 0 0 0 0 0 0 0 1
180	1	0 1 0 1 0 1 0 0 1 1 0 0 0 0 1 0
180	2	1 1 1 1 0 0 1 1 0 0 1 0 0 0 0 0
180	1	0 1 1 0 1 0 1 1 1 0 1 0 0 0 1 0
180	1	0 1 0 1 0 0 0 1 1 1 0 0 0 0 1 0
180	4	0 1 1 1 0 0 1 0 1 1 0 0 0 0 0 0
180	2	1 1 1 0 0 1 1 0 1 0 0 0 0 0 0 1
180	2	1 1 1 1 0 0 1 0 1 0 0 0 0 0 1 0
180	4	0 1 1 0 0 0 0 1 1 0 0 0 0 1 1 0
180	1	1 1 0 0 0 0 0 1 1 0 0 0 0 0 1 0
180	5	0 1 1 1 1 0 0 0 1 0 0 0 0 0 1 0
180	2	1 1 1 0 0 1 0 1 1 0 0 0 0 0 0 0
180	5	0 1 1 1 0 0 0 1 1 1 0 0 0 0 0 0
180	1	0 1 1 0 1 0 1 1 1 0 0 0 0 0 1 0
180	3	0 1 1 1 0 1 1 0 1 1 0 0 0 0 1 0
180	3	0 1 1 0 0 0 1 1 1 0 0 0 0 0 0 0
180	5	0 1 1 0 0 0 1 1 1 0 0 1 0 0 1 0
180	4	1 1 1 1 0 0 1 1 1 1 0 0 0 0 1 0
180	1	1 1 1 0 0 0 0 1 0 0 0 0 0 1 1 0
180	2	1 1 1 0 0 0 1 1 1 0 1 0 0 1 1 0
180	3	0 0 1 1 0 1 0 0 1 1 0 0 0 0 1 0
180	1	1 1 1 0 0 1 1 1 0 0 0 1 0 0 1 0
180	1	1 1 1 1 1 0 1 1 1 0 1 0 0 0 1 0
180	2	1 1 1 0 0 0 1 1 1 0 0 0 0 0 0 0
180	1	1 1 1 0 0 0 0 1 1 0 0 1 0 0 1 0
180	1	0 1 1 1 0 0 1 1 1 0 0 1 1 0 1 0
180	2	1 1 1 1 0 0 1 1 1 0 0 0 0 0 0 0
180	1	0 1 0 1 0 0 0 1 1 1 0 0 0 1 0 0
180	1	1 1 0 0 0 0 1 1 1 0 1 0 0 0 1 0
180	1	1 1 1 1 0 0 1 1 1 0 0 0 0 1 1 0
180	2	1 1 1 0 0 0 1 0 1 1 0 0 1 0 1 0
180	1	1 0 1 1 0 1 1 0 1 1 0 1 0 0 1 0
180	1	0 1 1 1 0 0 1 0 0 0 0 0 0 0 0 1
200	67	0 1 1 0 0 0 1 0 1 0 0 0 0 0 0 0
200	2	0 1 1 1 0 0 0 1 1 0 0 0 0 0 1 0
200	36	0 1 1 1 0 0 0 1 1 0 0 1 0 0 1 0
200	81	1 1 1 0 0 0 1 1 1 0 0 0 0 0 1 0
200	15	1 1 1 0 0 0 1 0 1 0 0 0 1 0 1 0
200	34	1 1 1 0 0 0 1 0 1 1 0 0 0 0 0 0
200	15	1 1 1 1 0 0 0 1 1 0 0 0 0 0 0 0
200	22	1 1 1 0 0 0 1 1 1 0 0 1 0 0 1 0
200	6	0 1 1 0 1 0 0 1 1 0 0 0 1 0 0 1
200	20	0 1 1 1 0 0 1 1 1 0 0 0 0 0 1 0
200	11	0 1 1 1 0 0 0 1 1 1 0 0 0 1 0 0
200	13	0 1 1 1 0 1 0 1 1 0 0 0 0 0 1 0
200	4	1 1 1 0 0 0 0 1 1 0 0 0 0 1 1 0
200	52	1 1 1 1 0 0 0 0 1 0 0 0 0 0 0 0
200	12	1 1 1 1 0 0 0 1 1 0 0 1 0 0 1 0
200	17	0 1 1 1 0 0 0 1 1 0 0 0 0 0 0 0
200	38	0 1 1 1 0 0 0 0 1 0 0 0 0 0 0 0
200	16	0 1 1 1 0 1 0 1 1 0 0 0 0 0 0 0
200	4	0 1 0 1 0 0 0 1 1 0 0 0 0 0 1 0
200	10	0 1 1 0 0 0 1 0 0 0 0 0 0 0 0 0
200	27	1 1 1 0 0 0 1 0 1 0 0 0 1 0 0 0
200	23	0 1 1 0 0 0 0 0 1 0 0 0 0 0 0 0
200	17	0 1 1 1 0 0 1 1 1 1 0 0 0 0 1 0
200	17	1 1 1 0 0 0 1 1 1 0 0 0 0 1 1 0
200	27	1 1 1 0 0 0 1 1 1 1 0 0 1 0 1 0
200	11	1 1 1 0 0 0 1 0 1 1 0 0 1 0 0 0
200	14	0 1 1 1 0 0 0 0 1 0 0 0 0 0 1 0
200	9	1 1 1 1 0 0 0 1 0 0 1 0 0 0 0 0
200	17	0 1 1 1 0 0 0 1 1 0 0 1 0 0 1 1
200	1	1 0 1 1 0 0 0 0 1 0 0 0 0 0 0 0
200	2	1 1 1 0 0 0 1 0 0 0 0 0 0 0 0 0
200	7	0 1 1 1 0 1 0 0 1 1 0 0 0 0 0 0
200	12	1 1 1 0 0 0 1 1 1 0 0 0 0 0 1 1
200	30	0 1 1 1 0 0 1 0 1 1 0 0 0 0 0 0
200	9	0 1 1 1 0 0 0 1 1 1 0 0 0 0 0 0
200	1	0 1 1 1 0 1 1 0 1 1 0 0 0 0 1 0
200	19	0 1 1 0 0 0 1 1 1 0 0 0 0 0 0 0
200	4	1 1 1 0 0 0 1 1 1 0 1 0 0 1 1 0
200	2	0 1 1 0 0 0 1 0 1 0 0 1 0 0 1 0
200	5	1 1 1 1 0 1 1 1 1 0 0 0 0 0 1 0
200	4	1 1 1 1 1 0 0 1 0 0 1 0 0 0 0 0
200	8	0 1 1 0 0 0 1 0 1 0 0 0 1 0 1 0
200	2	1 1 1 0 0 0 1 1 1 1 0 0 0 0 0 0
200	2	0 1 0 1 0 1 0 1 1 0 0 0 0 0 1 0
200	13	1 1 1 1 0 0 0 1 1 0 1 0 0 0 0 0
200	5	0 1 1 1 0 0 1 0 1 0 0 0 0 0 0 0
200	11	0 1 1 1 0 0 0 0 1 0 0 0 0 0 0 1
200	2	1 1 1 1 0 0 0 0 1 1 0 0 0 0 0 0
200	8	1 1 1 1 0 0 1 1 1 0 0 1 1 0 0 0
200	2	0 1 0 1 0 0 0 1 1 0 0 1 0 0 1 0
200	3	0 1 1 1 0 0 1 0 0 1 0 1 1 0 1 0
200	2	0 1 1 0 0 0 1 1 1 0 0 0 1 0 0 0
200	3	1 1 1 0 0 0 1 0 1 1 0 0 0 1 0 0
200	4	1 1 1 1 0 0 1 0 1 1 0 0 0 0 0 0
200	8	0 1 1 0 0 0 1 0 1 0 0 0 1 0 0 0
200	9	0 1 1 0 0 0 0 0 1 0 0 0 0 0 1 0
200	6	1 0 1 0 0 0 1 1 1 0 0 0 0 0 0 0
200	7	0 1 1 0 0 1 0 0 1 0 0 0 0 0 1 0
200	11	1 1 1 1 0 0 0 0 1 0 1 0 0 0 0 0
200	2	1 1 1 1 0 0 0 1 1 0 0 1 0 0 0 0
200	3	0 1 1 0 0 0 1 0 1 1 0 0 0 1 0 0
200	1	1 1 1 1 0 1 1 1 1 0 0 0 0 0 0 0
200	1	0 1 1 1 1 0 0 1 1 0 0 0 0 0 0 0
200	6	1 1 1 1 1 0 0 1 1 0 0 1 0 0 1 0
200	12	0 1 0 1 0 0 0 1 1 1 0 0 0 0 1 0
200	3	0 1 1 0 0 0 0 1 1 0 0 0 0 1 0 0
200	8	0 1 1 0 0 0 1 1 1 1 0 0 0 0 0 0
200	7	0 1 1 1 0 0 0 1 1 0 0 1 0 0 0 0
200	4	1 1 1 0 0 0 0 1 1 0 0 1 0 0 1 0
200	3	1 1 1 0 0 0 1 1 1 1 0 0 0 0 1 1
200	7	1 1 1 1 0 0 0 0 1 0 0 0 1 0 0 0
200	2	0 0 1 1 0 0 0 1 0 0 0 1 0 0 1 1
200	7	1 1 1 1 0 0 1 1 1 0 0 1 0 0 1 0
200	5	1 1 1 1 0 0 0 0 1 0 1 0 0 1 0 0
200	3	1 1 1 1 0 1 1 0 1 1 0 0 0 0 1 0
200	6	1 1 1 1 0 0 0 1 1 0 0 1 0 0 1 1
200	3	1 1 1 0 0 0 0 1 1 0 0 1 0 0 1 1
200	3	0 1 1 1 1 1 0 1 1 0 0 0 0 0 1 0
200	6	1 1 0 0 0 0 1 0 1 1 0 0 0 0 0 0
200	6	1 1 1 0 0 0 1 0 1 1 0 0 0 0 0 1
200	5	1 1 1 1 0 0 0 1 1 1 0 0 0 0 0 0
200	1	0 1 0 1 0 0 0 0 1 0 0 0 0 0 0 1
200	1	0 1 1 0 0 0 0 0 1 0 0 0 1 0 1 0
200	1	0 1 0 0 0 0 1 0 1 1 0 0 0 0 0 0
200	2	0 1 1 0 0 0 1 0 1 0 1 0 0 0 0 0
200	2	0 1 1 1 0 0 0 0 1 0 0 0 0 1 0 0
200	8	0 1 1 0 0 0 1 0 1 1 0 0 1 0 0 0
200	3	0 1 1 0 1 0 1 1 1 0 1 0 0 0 1 0
200	6	0 1 1 0 0 0 1 0 1 0 0 0 0 0 1 0
200	2	1 1 1 1 0 0 0 1 0 0 1 0 0 0 1 0
200	1	0 1 1 1 0 0 1 1 1 0 0 0 0 1 1 0
200	1	1 1 1 0 0 0 1 0 1 0 0 0 0 0 0 0
200	2	1 1 1 0 0 0 1 0 1 0 0 0 0 0 1 0
200	4	1 1 1 0 0 1 1 0 1 1 0 0 0 0 0 0
200	2	0 0 1 0 0 0 1 0 0 0 0 0 0 0 0 0
200	4	1 0 1 0 0 0 1 0 1 0 0 0 1 0 0 0
200	3	0 1 1 0 1 0 0 0 1 0 0 0 0 0 0 0
200	2	0 1 1 1 0 0 1 1 1 1 0 0 0 0 0 0
200	1	1 1 1 0 0 1 1 0 1 1 0 0 0 0 1 0
200	1	1 1 1 0 0 0 0 1 1 0 0 0 0 1 0 0
200	2	0 1 1 0 0 0 1 0 1 0 0 1 0 0 0 0
200	1	1 0 1 0 0 0 1 0 1 0 0 0 0 0 0 0
200	1	0 1 1 0 0 0 0 0 0 0 0 0 0 0 0 0
200	2	0 1 1 1 0 0 1 0 1 1 0 0 0 0 1 0
200	4	0 1 1 1 0 0 0 0 1 0 0 1 0 0 1 0
200	1	0 1 1 0 0 0 1 1 1 1 0 0 0 1 0 0
220	58	0 1 1 0 0 0 1 0 1 0 0 0 0 0 0 0
220	19	0 1 1 1 0 0 0 1 1 0 0 1 0 0 1 0
220	101	1 1 1 0 0 0 1 1 1 0 0 0 0 0 1 0
220	5	1 1 1 0 0 0 1 0 1 0 0 0 1 0 1 0
220	43	1 1 1 0 0 0 1 0 1 1 0 0 0 0 0 0
220	15	1 1 1 0 0 0 1 1 1 0 0 1 0 0 1 0
220	3	0 1 1 1 0 0 0 1 1 1 0 0 0 1 0 0
220	5	0 1 1 1 0 1 0 1 1 0 0 0 0 0 1 0
220	72	1 1 1 1 0 0 0 0 1 0 0 0 0 0 0 0
220	10	1 1 1 1 0 0 0 1 1 0 0 1 0 0 1 0
220	12	0 1 1 1 0 0 0 0 1 0 0 0 0 0 0 0
220	36	0 1 1 0 0 0 1 0 0 0 0 0 0 0 0 0
220	6	0 1 1 0 0 0 0 0 1 0 0 0 0 0 0 0
220	1	1 1 1 0 0 0 1 1 1 0 0 0 0 1 1 0
220	1	1 1 1 0 0 0 1 0 1 1 0 0 1 0 0 0
220	35	0 1 1 1 0 0 0 0 1 0 0 0 0 0 1 0
220	11	1 1 1 1 0 0 0 1 0 0 1 0 0 0 0 0
220	12	0 1 1 1 0 1 0 0 1 1 0 0 0 0 0 0
220	36	1 1 1 0 0 0 1 1 1 0 0 0 0 0 1 1
220	40	0 1 1 1 0 0 1 0 1 1 0 0 0 0 0 0
220	5	0 1 1 0 0 0 1 1 1 0 0 0 0 0 0 0
220	22	1 1 1 0 0 0 1 1 1 0 1 0 0 1 1 0
220	9	1 1 1 1 0 1 1 1 1 0 0 0 0 0 1 0
220	46	1 1 1 0 0 0 1 1 1 1 0 0 0 0 0 0
220	14	1 1 1 1 0 0 0 1 1 0 1 0 0 0 0 0
220	9	0 1 1 1 0 0 1 0 1 0 0 0 0 0 0 0
220	1	0 1 1 1 0 0 0 0 1 0 0 0 0 0 0 1
220	5	1 1 1 1 0 0 0 0 1 1 0 0 0 0 0 0
220	10	0 1 0 1 0 0 0 1 1 0 0 1 0 0 1 0
220	14	1 1 1 0 0 0 1 0 1 1 0 0 0 1 0 0
220	2	1 1 1 1 0 0 1 0 1 1 0 0 0 0 0 0
220	4	0 1 1 0 0 0 0 0 1 0 0 0 0 0 1 0
220	5	1 1 1 1 0 0 0 0 1 0 1 0 0 0 0 0
220	2	1 1 1 1 0 0 0 1 1 0 0 1 0 0 0 0
220	11	0 1 1 0 0 0 1 0 1 1 0 0 0 1 0 0
220	9	0 1 0 1 0 0 0 1 1 1 0 0 0 0 1 0
220	2	1 1 1 0 0 0 0 1 1 0 0 1 0 0 1 0
220	11	1 1 1 1 0 0 0 1 1 0 0 1 0 0 1 1
220	12	1 1 0 0 0 0 1 0 1 1 0 0 0 0 0 0
220	10	1 1 1 1 0 0 0 1 1 1 0 0 0 0 0 0
220	14	0 1 1 0 0 0 1 0 1 0 0 0 0 0 1 0
220	12	1 1 0 0 0 0 1 1 1 0 0 0 0 0 1 0
220	3	1 1 1 1 0 0 1 1 1 0 0 1 1 1 0 0
220	18	1 0 1 0 0 0 1 1 0 0 0 0 0 0 0 0
220	9	1 1 1 0 0 0 0 0 1 0 0 0 0 0 1 0
220	3	0 1 1 1 0 1 0 1 0 0 0 0 0 0 0 0
220	10	1 1 1 0 0 0 1 1 1 0 1 0 0 0 0 0
220	2	0 1 1 1 0 0 0 0 1 1 0 1 0 0 1 0
220	7	1 1 1 0 0 0 1 1 1 0 0 0 0 0 0 0
220	1	0 0 1 1 0 0 1 0 1 1 0 0 0 0 0 0
220	7	0 1 1 1 0 1 1 0 1 1 1 0 0 0 0 0
220	4	1 1 1 1 0 0 1 0 1 0 0 0 0 0 0 0
220	4	1 1 1 1 0 0 0 0 1 0 0 0 0 0 0 1
220	8	1 1 1 0 0 0 0 0 1 1 0 0 0 0 0 0
220	7	1 1 1 1 0 1 0 1 0 0 1 0 0 0 0 0
220	23	1 1 1 0 0 0 0 1 1 1 0 0 1 0 1 0
220	2	1 1 1 0 0 0 1 1 1 0 1 0 0 0 1 0
220	1	0 0 1 1 0 0 1 0 1 0 0 0 0 0 0 0
220	16	1 1 1 1 0 0 0 0 1 0 0 0 0 0 1 0
220	3	1 1 1 0 0 0 0 0 1 0 0 0 0 0 1 1
220	5	0 1 0 1 0 0 0 1 1 0 0 1 0 0 0 0
220	5	1 1 1 1 0 0 0 0 1 0 1 0 0 1 0 0
220	8	1 1 0 0 0 0 1 0 1 0 0 1 0 0 1 0
220	6	1 1 1 0 0 0 1 1 1 0 0 0 1 0 1 0
220	1	0 1 1 0 0 1 1 0 0 0 0 0 0 0 0 0
220	3	1 1 1 1 0 0 1 1 1 1 0 0 1 0 1 0
220	4	0 1 1 1 0 0 1 0 1 0 0 0 0 0 1 0
220	3	0 1 1 1 0 0 1 1 1 0 0 0 0 0 1 1
220	2	0 1 1 1 0 0 1 0 1 1 1 0 1 0 0 0
220	1	1 1 1 0 1 0 1 1 1 0 0 0 0 0 1 0
220	3	1 0 1 1 0 0 0 0 1 0 0 1 0 0 0 0
220	5	0 1 1 0 0 0 1 1 1 0 0 0 0 0 1 1
220	1	0 1 1 0 0 0 1 1 1 0 0 1 0 0 1 0
220	1	0 1 1 1 0 0 1 0 0 0 0 0 0 0 0 0
220	3	1 1 1 1 0 0 0 1 1 0 0 0 1 0 0 0
220	1	0 1 1 0 0 1 1 0 1 0 0 0 0 0 0 0
220	3	1 1 1 0 0 0 1 0 1 0 0 0 0 0 1 1
220	1	1 1 1 0 0 0 1 1 1 1 0 1 0 0 0 0
220	1	1 1 1 1 0 0 0 1 1 0 1 0 1 0 0 0
220	4	1 1 1 1 0 0 0 1 0 0 0 1 0 0 1 1
220	10	1 1 1 1 0 0 0 0 1 0 0 1 0 0 0 1
220	3	0 1 1 0 0 0 1 1 1 0 0 0 0 0 1 0
220	1	1 1 1 0 0 1 1 1 1 0 0 1 0 0 1 0
220	3	1 1 1 1 0 0 0 0 1 0 0 0 1 0 0 0
220	1	1 1 1 1 0 0 1 1 1 0 1 0 0 1 1 0
220	2	0 1 1 1 0 0 0 0 1 1 0 0 0 0 0 0
220	2	1 1 1 1 0 0 1 0 1 0 0 0 0 0 1 0
220	1	1 1 1 0 0 0 1 0 1 1 0 1 0 0 0 0
220	2	1 1 1 0 0 0 1 1 0 0 1 0 0 1 1 0
220	2	1 1 0 0 0 0 1 0 1 1 0 1 0 0 0 0
220	2	0 1 0 0 0 0 1 0 1 0 0 0 0 0 1 0
220	6	0 1 1 1 0 0 1 0 1 0 1 0 0 0 1 0
220	4	0 1 1 0 0 0 1 0 1 0 0 1 0 0 1 0
220	1	1 1 1 1 0 0 0 0 1 0 1 0 0 0 1 0
220	1	1 0 1 0 0 0 1 0 1 0 0 0 0 0 0 0
220	1	1 0 1 0 0 0 1 1 0 1 0 0 0 0 0 0
220	1	1 1 1 0 0 0 1 0 1 0 0 0 0 0 0 0
220	2	0 1 1 1 0 1 0 1 1 0 0 0 0 1 1 0
220	2	0 1 0 0 0 0 1 0 0 0 0 0 0 0 0 0
220	1	1 1 0 0 0 0 1 1 1 0 0 0 0 0 1 1
220	2	0 1 1 1 0 1 1 0 1 1 0 0 0 0 0 0
220	1	0 1 1 0 0 0 0 0 1 0 0 0 0 0 1 1
220	4	1 1 1 1 0 0 0 1 1 1 0 1 0 0 1 1
220	3	1 1 0 0 0 0 1 1 1 1 0 0 0 0 0 0
220	2	1 1 1 1 1 0 0 0 1 0 0 1 0 0 0 1
220	1	0 1 1 0 0 0 1 1 1 1 0 0 0 0 1 0
240	56	0 1 1 0 0 0 1 0 1 0 0 0 0 0 0 0
240	32	0 1 1 1 0 0 0 1 1 0 0 1 0 0 1 0
240	36	1 1 1 0 0 0 1 1 1 0 0 0 0 0 1 0
240	22	1 1 1 0 0 0 1 0 1 1 0 0 0 0 0 0
240	10	1 1 1 0 0 0 1 1 1 0 0 1 0 0 1 0
240	112	1 1 1 1 0 0 0 0 1 0 0 0 0 0 0 0
240	6	1 1 1 1 0 0 0 1 1 0 0 1 0 0 1 0
240	28	0 1 1 1 0 0 0 0 1 0 0 0 0 0 0 0
240	18	0 1 1 0 0 0 1 0 0 0 0 0 0 0 0 0
240	1	0 1 1 0 0 0 0 0 1 0 0 0 0 0 0 0
240	6	1 1 1 0 0 0 1 0 1 1 0 0 1 0 0 0
240	17	0 1 1 1 0 0 0 0 1 0 0 0 0 0 1 0
240	4	1 1 1 1 0 0 0 1 0 0 1 0 0 0 0 0
240	4	0 1 1 1 0 1 0 0 1 1 0 0 0 0 0 0
240	5	1 1 1 0 0 0 1 1 1 0 0 0 0 0 1 1
240	66	0 1 1 1 0 0 1 0 1 1 0 0 0 0 0 0
240	5	1 1 1 0 0 0 1 1 1 0 1 0 0 1 1 0
240	7	1 1 1 1 0 1 1 1 1 0 0 0 0 0 1 0
240	11	1 1 1 0 0 0 1 1 1 1 0 0 0 0 0 0
240	19	0 1 1 1 0 0 1 0 1 0 0 0 0 0 0 0
240	5	1 1 1 1 0 0 0 0 1 1 0 0 0 0 0 0
240	25	1 1 1 1 0 0 0 1 1 0 0 1 0 0 1 1
240	3	0 1 1 0 0 0 1 0 1 0 0 0 0 0 1 0
240	2	1 0 1 0 0 0 1 1 0 0 0 0 0 0 0 0
240	4	0 1 1 1 0 1 0 1 0 0 0 0 0 0 0 0
240	8	1 1 1 0 0 0 1 1 1 0 1 0 0 0 0 0
240	10	1 1 1 0 0 0 1 1 1 0 0 0 0 0 0 0
240	8	0 1 1 1 0 1 1 0 1 1 1 0 0 0 0 0
240	1	1 1 1 0 0 0 0 0 1 1 0 0 0 0 0 0
240	20	1 1 1 1 0 1 0 1 0 0 1 0 0 0 0 0
240	35	1 1 1 0 0 0 0 1 1 1 0 0 1 0 1 0
240	24	1 1 1 1 0 0 0 0 1 0 0 0 0 0 1 0
240	4	1 1 1 1 0 0 0 0 1 0 1 0 0 1 0 0
240	4	1 1 1 0 0 0 1 1 1 0 0 0 1 0 1 0
240	2	0 1 1 1 0 0 1 0 1 0 0 0 0 0 1 0
240	2	0 1 1 0 0 0 1 0 1 0 0 1 0 0 1 0
240	17	1 0 1 0 0 0 1 1 0 1 0 0 0 0 0 0
240	1	1 1 0 0 0 0 1 1 1 1 0 0 0 0 0 0
240	16	1 1 1 1 1 0 0 0 1 0 0 1 0 0 0 1
240	12	0 1 1 1 0 1 0 0 1 0 0 0 0 0 0 0
240	4	0 1 1 1 0 0 1 0 1 1 0 0 0 1 0 0
240	22	0 0 1 1 0 0 0 0 1 0 0 0 0 0 1 0
240	4	1 1 1 0 0 0 1 0 1 0 0 0 0 0 0 0
240	5	1 1 1 1 1 0 0 0 1 0 0 0 0 0 0 0
240	2	1 1 1 1 0 1 1 1 1 0 1 0 0 0 1 0
240	8	1 1 1 1 0 0 1 1 1 0 0 1 0 0 1 1
240	14	1 1 0 0 1 0 1 1 1 0 0 0 0 0 1 0
240	4	0 1 1 0 0 0 1 0 1 0 0 0 0 1 0 0
240	7	0 1 1 0 0 0 1 0 1 1 0 0 0 0 0 0
240	13	1 1 1 0 0 0 1 0 1 1 0 1 0 0 0 0
240	8	0 1 1 1 0 0 0 1 1 0 0 1 0 0 0 0
240	4	1 1 1 1 0 1 0 0 1 0 0 0 0 0 0 0
240	2	1 1 1 0 0 0 0 1 1 0 1 0 0 1 1 0
240	10	1 1 0 0 0 1 1 1 1 1 0 0 0 0 0 0
240	5	0 1 1 1 0 0 0 0 1 1 0 0 0 0 0 0
240	11	1 1 1 1 0 0 0 0 1 1 0 0 0 0 0 1
240	9	1 1 1 1 0 0 1 0 1 1 0 0 0 0 0 0
240	5	0 1 1 0 0 0 1 0 0 0 0 0 0 0 1 0
240	2	1 1 1 1 1 0 0 0 1 0 0 0 0 0 0 1
240	2	1 1 1 0 0 0 0 1 1 0 1 1 0 1 1 0
240	8	1 1 1 0 0 0 1 1 1 1 0 0 0 0 1 0
240	2	0 0 1 1 0 0 0 1 1 0 0 1 0 0 0 0
240	13	0 1 1 1 0 0 1 0 0 0 0 0 0 0 1 0
240	3	1 1 1 0 0 0 1 1 1 1 1 0 0 0 0 0
240	14	1 1 1 1 0 1 0 1 1 0 0 1 0 0 1 1
240	5	0 1 0 1 0 1 0 1 0 0 0 0 0 0 0 0
240	9	1 1 1 0 0 0 1 0 1 0 1 0 0 0 0 0
240	1	0 1 1 1 0 0 0 1 1 0 0 1 1 0 0 0
240	7	0 1 1 0 0 0 1 0 1 0 0 1 0 0 0 0
240	5	1 1 1 1 0 0 0 1 1 0 0 1 0 1 1 1
240	26	1 1 1 1 0 1 1 0 1 1 1 0 0 0 0 0
240	1	1 0 1 0 0 0 1 1 1 0 1 0 0 0 0 0
240	4	1 1 1 1 0 0 0 1 1 0 0 0 0 0 0 0
240	7	0 0 1 1 0 0 1 0 1 0 0 0 0 0 0 0
240	3	1 1 1 0 0 1 0 0 1 0 0 0 0 0 0 0
240	2	1 1 1 0 0 0 1 1 1 0 0 1 0 0 0 0
240	3	0 1 1 1 0 1 0 1 0 0 1 0 0 0 0 0
240	1	1 1 0 1 0 0 0 0 1 0 0 0 0 0 0 0
240	5	1 1 1 1 0 0 0 0 1 0 0 1 0 0 0 0
240	4	0 1 1 1 0 1 0 0 1 1 0 0 0 1 0 0
240	3	0 1 1 0 0 1 1 0 1 0 0 0 0 0 1 0
240	4	1 1 1 0 0 0 1 0 1 0 1 0 1 0 0 0
240	1	1 1 1 0 0 0 1 0 1 1 0 0 0 0 1 0
240	6	1 1 1 0 0 0 1 1 1 0 1 0 0 0 1 0
240	1	1 1 1 0 0 0 1 0 1 0 0 0 0 0 1 0
240	3	0 1 1 1 0 1 0 0 1 0 1 0 0 0 0 0
240	1	1 1 1 0 0 0 0 0 1 0 0 0 0 0 0 0
240	2	1 1 1 1 1 0 0 0 1 0 0 0 0 0 1 0
240	2	1 0 1 1 0 0 0 0 1 0 0 0 0 0 0 0
240	1	0 1 1 1 0 1 0 1 1 0 0 1 0 0 0 0
240	4	1 1 0 1 0 0 1 1 1 1 0 0 0 0 0 0
240	4	1 1 1 1 0 0 0 1 1 0 1 0 0 0 0 0
240	2	1 0 1 0 0 0 1 1 0 1 0 0 0 0 1 1
240	1	0 1 1 1 0 0 0 1 1 0 0 1 0 0 1 1
240	1	1 1 0 0 0 0 1 0 1 1 0 0 0 0 0 0
240	2	1 1 1 0 1 0 1 0 1 1 0 0 0 0 0 0
240	2	1 1 1 1 0 0 0 0 1 0 0 0 0 1 0 0
240	1	0 1 0 1 0 0 0 0 1 0 0 0 0 0 0 0
240	1	0 1 1 1 0 0 1 1 1 1 0 0 0 0 0 0
240	2	0 1 1 1 0 0 0 1 0 0 0 0 0 0 0 0
240	4	1 1 1 1 1 0 0 0 1 0 0 1 0 0 1 1
240	1	0 0 1 1 0 0 0 0 0 0 0 0 0 0 1 0
240	2	0 1 0 0 0 1 1 1 1 1 0 0 0 0 0 0
240	1	1 1 1 0 0 1 0 0 1 0 0 0 0 1 0 0
240	1	0 1 1 1 1 0 0 0 1 0 0 1 0 0 0 1
240	2	0 1 1 0 0 0 1 0 0 0 0 0 0 0 0 1
240	2	0 1 1 0 0 1 0 0 1 1 0 0 0 0 0 0
240	2	0 1 0 1 0 0 1 0 1 0 0 0 0 0 0 0
240	1	1 1 1 1 0 0 0 0 1 0 1 0 0 0 1 0
240	1	1 1 1 0 0 0 0 0 1 0 0 0 0 0 1 0
240	2	1 1 1 0 0 0 0 1 1 0 0 0 1 0 1 0
240	1	0 1 0 0 0 0 1 0 1 1 0 0 0 0 0 0
240	2	1 1 0 1 0 0 1 0 1 1 0 0 0 0 0 0
240	1	0 1 0 0 0 1 0 1 0 0 0 0 0 0 0 0
240	1	0 1 1 0 0 1 1 0 1 0 0 1 0 0 0 0
260	18	0 1 1 0 0 0 1 0 1 0 0 0 0 0 0 0
260	16	0 1 1 1 0 0 0 1 1 0 0 1 0 0 1 0
260	13	1 1 1 0 0 0 1 1 1 0 0 0 0 0 1 0
260	1	1 1 1 0 0 0 1 0 1 1 0 0 0 0 0 0
260	83	1 1 1 1 0 0 0 0 1 0 0 0 0 0 0 0
260	11	0 1 1 1 0 0 0 0 1 0 0 0 0 0 0 0
260	8	0 1 1 0 0 0 1 0 0 0 0 0 0 0 0 0
260	55	0 1 1 1 0 0 0 0 1 0 0 0 0 0 1 0
260	13	1 1 1 1 0 0 0 1 0 0 1 0 0 0 0 0
260	126	0 1 1 1 0 0 1 0 1 1 0 0 0 0 0 0
260	5	1 1 1 0 0 0 1 1 1 0 1 0 0 1 1 0
260	7	1 1 1 1 0 1 1 1 1 0 0 0 0 0 1 0
260	33	0 1 1 1 0 0 1 0 1 0 0 0 0 0 0 0
260	23	1 1 1 1 0 0 0 0 1 1 0 0 0 0 0 0
260	1	1 1 1 1 0 0 0 1 1 0 0 1 0 0 1 1
260	5	0 1 1 0 0 0 1 0 1 0 0 0 0 0 1 0
260	8	1 0 1 0 0 0 1 1 0 0 0 0 0 0 0 0
260	2	1 1 1 0 0 0 1 1 1 0 1 0 0 0 0 0
260	3	0 1 1 1 0 1 1 0 1 1 1 0 0 0 0 0
260	4	1 1 1 0 0 0 0 1 1 1 0 0 1 0 1 0
260	60	1 1 1 1 0 0 0 0 1 0 0 0 0 0 1 0
260	5	0 1 1 1 0 0 1 0 1 0 0 0 0 0 1 0
260	4	0 1 1 1 0 1 0 0 1 0 0 0 0 0 0 0
260	17	0 1 1 1 0 0 1 0 1 1 0 0 0 1 0 0
260	7	0 0 1 1 0 0 0 0 1 0 0 0 0 0 1 0
260	6	1 1 1 1 0 1 1 1 1 0 1 0 0 0 1 0
260	13	1 1 0 0 1 0 1 1 1 0 0 0 0 0 1 0
260	6	0 1 1 1 0 0 0 1 1 0 0 1 0 0 0 0
260	7	1 1 1 1 0 1 0 0 1 0 0 0 0 0 0 0
260	4	0 1 1 1 0 0 0 0 1 1 0 0 0 0 0 0
260	12	1 1 1 1 0 0 1 0 1 1 0 0 0 0 0 0
260	4	0 1 1 1 0 0 1 0 0 0 0 0 0 0 1 0
260	11	1 1 1 0 0 0 1 1 1 1 1 0 0 0 0 0
260	4	1 1 1 1 0 1 0 1 1 0 0 1 0 0 1 1
260	8	0 1 0 1 0 1 0 1 0 0 0 0 0 0 0 0
260	6	1 1 1 0 0 0 1 0 1 0 1 0 0 0 0 0
260	8	0 1 1 0 0 0 1 0 1 0 0 1 0 0 0 0
260	25	1 1 1 1 0 1 1 0 1 1 1 0 0 0 0 0
260	25	1 1 1 1 0 0 0 1 1 0 1 0 0 0 0 0
260	30	1 1 1 0 0 1 0 0 1 0 0 0 0 1 0 0
260	6	1 1 1 1 0 0 0 0 1 0 1 0 0 0 1 0
260	8	1 1 0 1 0 0 1 0 1 1 0 0 0 0 0 0
260	16	1 1 1 1 0 0 0 0 1 0 0 0 1 0 0 0
260	28	1 1 1 1 1 1 0 1 0 0 1 0 0 0 0 0
260	14	1 1 1 1 1 0 0 0 1 0 0 1 0 0 0 0
260	34	1 0 1 1 0 0 0 0 1 0 0 0 0 0 0 0
260	14	0 1 1 1 0 0 0 0 1 1 0 0 0 0 1 0
260	8	0 1 1 0 0 0 0 1 1 0 1 0 0 1 1 0
260	2	1 1 1 0 0 1 1 1 1 1 1 0 0 0 0 0
260	3	1 1 1 0 0 1 0 0 1 0 0 0 0 0 0 0
260	3	1 0 1 1 0 0 0 1 1 0 1 0 0 0 0 0
260	3	1 1 1 0 0 0 1 1 1 0 0 1 0 0 1 1
260	3	1 1 1 0 1 0 1 1 1 0 0 0 0 0 1 0
260	2	1 1 1 0 0 0 0 1 1 1 0 0 0 0 1 0
260	2	1 1 1 1 0 1 0 0 1 0 0 0 0 0 1 0
260	3	0 1 1 1 0 0 1 1 1 1 1 0 0 0 0 0
260	6	0 1 1 0 0 0 1 1 1 0 0 0 0 0 1 0
260	6	0 0 1 0 0 0 1 1 0 0 0 0 0 0 0 0
260	9	1 1 1 1 0 1 1 0 1 1 0 0 0 0 0 0
260	6	1 1 1 0 0 1 1 1 1 1 0 0 0 1 0 0
260	9	1 1 1 1 0 0 1 1 0 0 1 0 0 0 0 0
260	1	1 0 1 1 0 0 1 1 1 0 1 0 0 0 0 0
260	2	0 1 0 1 0 0 0 1 1 0 0 1 0 0 0 0
260	7	1 1 1 1 0 0 0 0 1 0 1 0 0 0 0 0
260	9	1 0 1 1 0 0 1 1 1 0 0 0 0 0 0 0
260	1	0 0 0 1 0 1 0 1 0 0 0 0 0 0 0 0
260	6	1 1 0 1 0 0 1 0 1 1 0 0 0 0 1 0
260	5	1 1 0 1 0 0 0 1 1 0 0 1 0 0 0 0
260	1	1 1 1 1 0 0 0 1 1 0 0 0 0 0 0 0
260	4	1 1 1 1 0 0 0 1 1 0 0 1 0 0 0 0
260	2	1 1 1 1 0 0 0 0 1 0 0 0 1 0 1 0
260	1	1 1 1 0 0 0 1 1 1 1 1 0 1 0 0 0
260	4	1 1 1 1 1 1 1 1 0 0 1 0 0 0 0 0
260	2	0 1 1 1 0 0 1 0 1 0 1 0 0 0 0 0
260	9	1 1 0 0 1 0 1 1 1 0 0 0 0 0 0 0
260	1	1 1 1 1 0 0 1 0 0 0 0 0 0 0 1 0
260	2	0 1 1 1 0 0 0 0 1 0 1 0 0 0 1 0
260	1	1 0 1 0 1 0 1 1 0 1 0 0 0 0 0 0
260	3	1 1 1 1 0 0 0 0 1 0 0 0 0 0 0 1
260	1	0 1 1 0 0 0 0 0 1 0 0 0 0 0 0 0
260	3	1 1 1 1 0 0 0 0 1 0 0 0 0 1 0 0
260	5	1 1 0 1 0 0 0 0 1 0 0 0 0 0 0 0
260	3	1 1 1 1 1 0 0 0 1 0 0 0 0 0 0 0
260	4	0 1 1 1 0 0 0 0 1 0 0 0 1 0 1 0
260	3	0 1 1 1 0 0 0 0 1 1 0 0 0 1 0 0
260	1	1 1 1 1 0 0 0 0 1 1 0 0 0 1 1 0
260	2	1 1 0 1 0 0 1 0 1 1 0 1 0 0 0 0
260	2	1 0 1 1 0 0 0 0 1 0 0 1 0 0 0 0
260	2	1 1 1 0 0 0 0 0 1 0 0 0 0 0 0 0
260	5	1 1 1 1 0 0 1 1 1 0 1 0 0 0 0 0
260	2	0 1 1 1 0 0 0 1 1 0 0 0 0 0 0 0
260	3	1 1 1 1 0 1 0 0 1 0 0 0 0 1 0 0
260	2	1 1 1 1 0 0 1 0 1 0 1 0 0 0 0 0
260	2	0 0 1 0 0 0 1 0 1 1 0 0 0 0 0 0
260	1	1 1 1 1 0 0 0 0 1 0 0 1 0 0 1 0
260	1	1 1 1 1 0 0 0 0 0 0 0 0 0 0 0 0
260	1	1 1 1 1 0 0 0 0 1 0 0 1 0 0 0 0
260	2	0 1 1 1 0 0 0 1 1 0 0 0 0 0 1 0
260	1	0 1 1 1 0 0 0 0 1 0 0 0 0 1 1 0
260	1	0 1 1 1 0 0 1 0 1 1 0 0 1 0 0 0
260	3	1 1 1 1 0 0 0 0 1 0 0 0 0 0 1 1
260	1	1 0 1 1 0 1 1 1 1 0 1 0 0 0 1 0
260	3	0 1 0 1 0 1 0 1 0 0 0 0 0 0 1 0
260	1	0 1 1 1 0 1 0 1 0 0 0 0 0 0 0 0
260	1	1 0 1 1 1 0 0 1 1 0 1 0 0 0 0 0
260	1	1 0 1 0 0 0 1 1 1 0 0 0 0 0 0 0
280	8	0 1 1 0 0 0 1 0 1 0 0 0 0 0 0 0
280	4	1 1 1 0 0 0 1 1 1 0 0 0 0 0 1 0
280	171	1 1 1 1 0 0 0 0 1 0 0 0 0 0 0 0
280	20	0 1 1 1 0 0 0 0 1 0 0 0 0 0 0 0
280	4	0 1 1 0 0 0 1 0 0 0 0 0 0 0 0 0
280	12	0 1 1 1 0 0 0 0 1 0 0 0 0 0 1 0
280	31	1 1 1 1 0 0 0 1 0 0 1 0 0 0 0 0
280	64	0 1 1 1 0 0 1 0 1 1 0 0 0 0 0 0
280	17	1 1 1 1 0 1 1 1 1 0 0 0 0 0 1 0
280	19	0 1 1 1 0 0 1 0 1 0 0 0 0 0 0 0
280	68	1 1 1 1 0 0 0 0 1 1 0 0 0 0 0 0
280	5	0 1 1 0 0 0 1 0 1 0 0 0 0 0 1 0
280	25	1 1 1 1 0 0 0 0 1 0 0 0 0 0 1 0
280	7	1 1 0 0 1 0 1 1 1 0 0 0 0 0 1 0
280	9	0 1 1 1 0 0 0 1 1 0 0 1 0 0 0 0
280	15	1 1 1 1 0 1 0 0 1 0 0 0 0 0 0 0
280	2	0 1 1 1 0 0 0 0 1 1 0 0 0 0 0 0
280	24	1 1 1 1 0 0 1 0 1 1 0 0 0 0 0 0
280	2	1 1 1 1 0 1 0 1 1 0 0 1 0 0 1 1
280	68	1 1 1 1 0 1 1 0 1 1 1 0 0 0 0 0
280	16	1 1 1 1 0 0 0 1 1 0 1 0 0 0 0 0
280	6	1 1 1 1 0 0 0 0 1 0 1 0 0 0 1 0
280	11	1 1 0 1 0 0 1 0 1 1 0 0 0 0 0 0
280	30	1 1 1 1 1 1 0 1 0 0 1 0 0 0 0 0
280	4	1 1 1 1 1 0 0 0 1 0 0 1 0 0 0 0
280	1	1 0 1 1 0 0 0 0 1 0 0 0 0 0 0 0
280	2	0 1 1 1 0 0 0 0 1 1 0 0 0 0 1 0
280	3	0 1 1 0 0 0 0 1 1 0 1 0 0 1 1 0
280	2	1 1 1 0 1 0 1 1 1 0 0 0 0 0 1 0
280	7	0 0 1 0 0 0 1 1 0 0 0 0 0 0 0 0
280	41	1 1 1 1 0 1 1 0 1 1 0 0 0 0 0 0
280	29	1 1 1 1 0 0 0 0 1 0 1 0 0 0 0 0
280	5	1 0 1 1 0 0 1 1 1 0 0 0 0 0 0 0
280	5	1 1 1 1 1 1 1 1 0 0 1 0 0 0 0 0
280	8	1 1 1 1 0 0 1 0 0 0 0 0 0 0 1 0
280	3	1 1 0 1 0 0 0 0 1 0 0 0 0 0 0 0
280	13	1 1 1 1 1 0 0 1 1 0 1 0 0 0 0 0
280	1	0 1 1 1 0 0 1 0 1 1 0 0 1 0 0 0
280	2	1 1 1 1 1 1 0 0 1 0 0 0 0 0 0 0
280	3	1 1 1 1 1 0 1 0 1 1 0 0 0 0 0 0
280	1	0 1 1 1 0 0 0 0 1 0 0 0 1 0 0 0
280	16	1 1 1 1 0 0 0 1 1 0 0 0 0 0 0 0
280	1	0 1 0 1 0 0 1 0 1 1 0 0 0 0 0 0
280	7	1 1 1 1 1 0 1 0 0 1 0 0 0 0 0 0
280	6	1 1 1 1 0 0 0 0 1 0 0 1 0 0 0 0
280	2	1 1 1 1 0 0 0 0 1 0 0 0 0 1 0 0
280	5	1 1 1 0 0 1 1 0 1 1 0 0 0 0 0 0
280	7	1 1 1 1 0 1 1 0 1 0 0 0 0 0 0 0
280	3	1 1 0 1 1 0 1 0 1 1 0 0 0 0 0 0
280	9	1 0 1 1 0 0 0 0 1 0 0 0 0 1 0 0
280	9	1 1 1 1 1 1 1 0 0 0 1 0 0 0 0 0
280	8	1 1 1 0 1 0 0 0 1 0 0 1 0 0 0 0
280	4	1 1 0 0 1 0 1 1 1 0 1 0 0 0 0 0
280	18	1 1 1 1 0 0 0 0 0 0 0 0 0 0 0 0
280	16	0 1 1 1 0 1 1 0 1 1 1 0 0 0 0 0
280	5	1 1 1 1 0 1 0 0 1 0 0 0 0 0 1 0
280	14	1 0 0 0 1 0 1 1 1 0 0 0 0 0 1 0
280	6	1 1 1 1 0 0 0 1 1 1 1 0 0 0 0 0
280	1	1 1 1 1 0 0 0 1 1 0 0 1 0 0 0 1
280	3	1 1 1 1 0 0 1 0 1 1 0 0 1 0 0 0
280	7	0 1 1 1 0 1 1 0 1 1 0 0 0 0 0 0
280	2	1 0 1 1 0 0 1 0 1 1 0 0 0 0 0 0
280	5	1 1 1 1 0 0 1 1 0 0 1 0 0 0 0 0
280	3	1 1 1 0 0 0 0 0 1 1 0 0 0 0 0 0
280	1	1 1 1 1 0 0 0 0 1 0 0 1 0 0 1 0
280	4	1 1 1 0 1 0 1 0 1 0 0 0 0 1 1 0
280	6	1 1 1 1 1 1 1 0 0 0 1 1 0 0 0 0
280	8	1 1 1 1 0 0 0 1 1 0 0 1 0 0 1 1
280	1	1 0 1 1 0 0 1 1 0 0 0 0 0 0 1 0
280	2	0 1 1 1 0 0 0 0 0 0 0 0 0 0 1 0
280	7	0 1 1 1 0 0 0 0 1 0 1 0 0 0 1 0
280	1	1 1 1 1 0 0 0 0 1 1 0 0 0 0 0 1
280	1	1 1 1 1 0 0 0 0 1 1 0 0 0 0 1 0
280	5	1 1 1 1 1 1 1 0 0 0 1 0 0 1 0 0
280	1	1 1 1 1 1 0 0 1 1 0 0 0 0 0 0 0
280	2	1 0 0 0 1 1 1 0 1 1 0 0 0 0 0 0
280	4	0 1 1 1 0 0 1 0 1 1 1 0 0 0 0 0
280	1	1 1 0 1 0 0 0 0 1 0 1 0 0 0 1 0
280	1	1 1 1 1 0 0 0 1 1 0 0 0 0 0 1 0
280	1	1 1 0 1 0 0 0 1 0 0 1 0 0 0 0 0
280	3	1 1 1 1 0 1 0 0 1 1 0 0 0 0 0 0
280	6	1 1 1 1 1 0 0 0 1 1 0 0 0 0 0 0
280	1	1 1 1 1 0 0 0 0 1 1 0 0 1 0 0 0
280	2	1 1 1 0 0 0 0 0 1 0 0 0 0 0 1 0
280	1	0 1 1 1 0 0 0 1 1 0 1 0 0 0 0 0
280	4	1 1 1 1 0 0 0 0 1 0 1 1 0 0 0 0
280	1	1 0 0 0 1 1 1 0 1 1 1 0 0 0 0 0
280	2	1 0 0 0 1 0 1 1 1 0 0 0 0 0 0 0
280	3	1 1 1 1 0 0 0 0 0 1 0 0 0 0 0 0
280	2	0 1 1 0 0 0 1 0 1 0 0 0 0 0 1 1
280	1	1 1 1 0 0 0 1 0 1 1 0 0 0 0 0 0
280	1	0 1 1 1 0 0 0 0 1 0 1 0 0 0 0 0
280	1	1 0 1 1 0 0 1 0 1 1 0 0 1 0 0 0
280	1	1 1 1 1 0 0 0 1 0 0 0 1 0 0 1 1
300	24	0 1 1 0 0 0 1 0 1 0 0 0 0 0 0 0
300	4	1 1 1 0 0 0 1 1 1 0 0 0 0 0 1 0
300	184	1 1 1 1 0 0 0 0 1 0 0 0 0 0 0 0
300	26	0 1 1 1 0 0 0 0 1 0 0 0 0 0 0 0
300	25	0 1 1 1 0 0 1 0 1 1 0 0 0 0 0 0
300	96	1 1 1 1 0 0 0 0 1 1 0 0 0 0 0 0
300	6	1 1 1 1 0 1 0 0 1 0 0 0 0 0 0 0
300	15	1 1 1 1 0 0 1 0 1 1 0 0 0 0 0 0
300	43	1 1 1 1 0 1 1 0 1 1 1 0 0 0 0 0
300	1	1 1 1 1 0 0 0 0 1 0 1 0 0 0 1 0
300	30	1 1 1 1 1 1 0 1 0 0 1 0 0 0 0 0
300	64	1 1 1 1 0 1 1 0 1 1 0 0 0 0 0 0
300	8	1 1 1 1 0 0 0 0 1 0 1 0 0 0 0 0
300	2	1 1 0 1 0 0 0 0 1 0 0 0 0 0 0 0
300	9	1 1 1 1 1 1 0 0 1 0 0 0 0 0 0 0
300	10	0 1 1 1 0 0 0 0 1 0 0 0 1 0 0 0
300	15	1 1 1 1 0 0 0 1 1 0 0 0 0 0 0 0
300	2	1 1 1 0 0 1 1 0 1 1 0 0 0 0 0 0
300	13	1 1 1 1 0 1 1 0 1 0 0 0 0 0 0 0
300	14	1 1 0 1 1 0 1 0 1 1 0 0 0 0 0 0
300	2	1 0 1 1 0 0 0 0 1 0 0 0 0 1 0 0
300	19	1 1 1 0 1 0 0 0 1 0 0 1 0 0 0 0
300	19	1 1 1 1 0 0 0 0 0 0 0 0 0 0 0 0
300	5	0 1 1 1 0 1 1 0 1 1 1 0 0 0 0 0
300	2	1 0 0 0 1 0 1 1 1 0 0 0 0 0 1 0
300	30	0 1 1 1 0 1 1 0 1 1 0 0 0 0 0 0
300	3	1 1 1 1 0 0 1 1 0 0 1 0 0 0 0 0
300	31	1 1 1 1 1 1 1 0 0 0 1 1 0 0 0 0
300	12	0 1 1 1 0 0 1 0 1 1 1 0 0 0 0 0
300	13	1 1 1 1 0 0 0 0 1 1 0 0 1 0 0 0
300	1	1 1 1 1 0 0 0 0 1 0 1 1 0 0 0 0
300	15	1 1 1 1 0 1 0 1 0 0 1 0 0 0 0 0
300	4	1 1 1 1 0 1 1 0 1 0 0 0 0 0 1 0
300	10	0 1 1 1 1 0 1 0 1 1 1 0 0 0 0 0
300	7	1 1 1 1 0 1 1 0 1 1 0 0 0 0 0 1
300	20	0 1 1 1 1 0 1 0 1 1 1 0 1 0 0 0
300	12	1 1 1 1 0 0 0 1 0 0 1 0 0 0 1 0
300	21	1 1 1 1 0 1 0 0 1 0 0 1 0 0 0 0
300	2	1 1 1 1 0 1 1 0 1 1 1 0 0 0 1 0
300	3	1 1 1 1 0 0 0 0 1 1 1 0 0 0 1 0
300	12	1 1 1 1 1 0 0 1 1 0 0 0 0 0 0 0
300	5	1 1 1 1 0 1 1 0 1 1 1 0 1 0 0 0
300	3	1 1 1 1 0 0 0 0 1 1 1 0 0 0 0 0
300	1	0 1 1 1 0 0 1 0 1 1 0 0 1 0 0 0
300	5	1 1 1 1 0 1 0 0 1 0 1 0 0 0 0 0
300	7	1 1 1 1 0 0 0 0 1 1 0 0 0 0 1 0
300	1	1 1 1 0 1 1 0 1 0 0 1 0 0 0 0 0
300	15	1 0 1 1 0 0 0 0 1 0 0 0 0 0 0 0
300	12	1 1 1 1 0 0 1 0 1 1 0 0 0 1 0 0
300	24	1 1 1 1 0 0 1 0 1 1 1 0 0 0 0 0
300	4	1 1 1 1 0 1 1 0 1 1 1 0 0 1 0 0
300	2	1 1 1 1 1 0 0 1 1 0 1 0 1 0 0 0
300	4	1 1 1 1 0 0 0 0 1 0 0 1 0 0 0 0
300	2	1 1 1 1 0 0 0 0 1 1 0 1 0 0 0 0
300	12	1 1 1 0 1 0 0 0 0 0 0 1 0 0 0 0
300	5	1 1 1 1 0 0 0 0 0 1 0 0 0 0 0 0
300	2	1 1 0 1 0 0 1 0 1 1 0 0 0 1 0 0
300	7	1 1 1 1 1 0 0 1 1 0 0 0 0 0 1 0
300	3	1 1 1 1 0 1 0 0 1 1 0 0 0 0 0 0
300	5	1 1 1 1 0 0 1 0 0 1 0 0 0 0 0 0
300	2	0 1 1 0 0 0 1 0 1 0 0 0 0 0 0 1
300	2	1 1 1 1 0 0 0 0 1 1 0 0 0 1 0 0
300	2	1 0 1 1 0 0 1 0 1 1 0 0 0 0 0 0
300	1	1 1 1 0 0 1 1 0 1 1 1 0 0 0 0 0
300	2	0 1 1 1 1 1 0 1 0 0 1 0 0 0 0 0
300	3	1 1 1 1 1 0 0 0 0 0 0 0 0 0 0 0
300	2	1 1 1 1 0 1 0 0 1 1 1 0 0 0 0 0
300	1	1 1 1 0 0 0 1 0 1 1 1 0 0 0 0 0
300	1	1 0 0 0 1 0 1 1 0 0 1 0 0 0 0 0
300	4	1 1 1 1 0 1 1 0 0 0 1 1 0 0 0 0
300	1	0 1 1 1 0 0 0 0 1 0 0 0 0 0 0 1
300	4	0 1 1 1 0 0 0 1 0 0 1 0 0 0 0 0
300	1	1 1 1 0 0 0 1 1 1 1 0 0 0 0 1 0
300	1	1 1 1 1 0 1 1 0 1 1 1 1 0 0 0 0
300	1	1 1 1 0 1 0 0 0 0 0 0 1 0 0 0 1
300	1	1 1 1 1 0 1 1 0 1 1 0 0 0 0 1 0
300	1	1 1 1 1 0 0 1 1 1 0 0 1 0 0 0 0
300	2	1 1 1 1 0 1 0 1 1 1 0 0 0 0 0 0
300	2	1 1 1 1 0 0 0 1 0 0 1 0 0 0 0 0
300	1	1 1 1 1 0 0 0 0 1 0 0 0 0 0 0 1
300	1	1 1 1 1 0 0 1 0 1 0 0 0 0 0 0 0
300	1	0 1 1 1 0 0 0 0 1 1 0 0 0 0 0 0
300	1	1 0 1 1 0 1 1 0 1 1 1 0 0 0 0 0
300	3	1 1 1 1 1 1 0 1 1 0 1 0 0 0 0 0
300	1	1 1 1 1 1 1 0 1 0 0 1 0 0 1 0 0
300	3	1 1 1 0 0 0 0 0 1 0 0 1 0 0 0 0
300	1	1 1 1 1 0 0 1 0 1 1 0 0 0 1 0 1
300	1	1 1 1 1 0 0 0 1 1 0 1 0 1 0 0 0
320	19	0 1 1 0 0 0 1 0 1 0 0 0 0 0 0 0
320	147	1 1 1 1 0 0 0 0 1 0 0 0 0 0 0 0
320	17	0 1 1 1 0 0 0 0 1 0 0 0 0 0 0 0
320	102	1 1 1 1 0 0 0 0 1 1 0 0 0 0 0 0
320	16	1 1 1 1 0 1 0 0 1 0 0 0 0 0 0 0
320	1	1 1 1 1 0 0 1 0 1 1 0 0 0 0 0 0
320	29	1 1 1 1 0 1 1 0 1 1 1 0 0 0 0 0
320	6	1 1 1 1 1 1 0 1 0 0 1 0 0 0 0 0
320	27	1 1 1 1 0 1 1 0 1 1 0 0 0 0 0 0
320	1	1 1 1 1 0 0 0 0 1 0 1 0 0 0 0 0
320	13	1 1 1 1 1 1 0 0 1 0 0 0 0 0 0 0
320	7	1 1 1 1 0 0 0 1 1 0 0 0 0 0 0 0
320	4	1 1 1 1 0 1 1 0 1 0 0 0 0 0 0 0
320	10	1 1 0 1 1 0 1 0 1 1 0 0 0 0 0 0
320	81	1 1 1 1 0 0 0 0 0 0 0 0 0 0 0 0
320	1	1 1 1 1 1 1 1 0 0 0 1 1 0 0 0 0
320	2	0 1 1 1 0 0 1 0 1 1 1 0 0 0 0 0
320	25	1 1 1 1 0 0 0 0 1 1 0 0 1 0 0 0
320	5	1 1 1 1 0 1 0 1 0 0 1 0 0 0 0 0
320	7	0 1 1 1 1 0 1 0 1 1 1 0 0 0 0 0
320	7	1 1 1 1 0 1 1 0 1 1 0 0 0 0 0 1
320	8	1 1 1 1 0 1 0 0 1 0 0 1 0 0 0 0
320	9	1 1 1 1 0 1 0 0 1 0 1 0 0 0 0 0
320	5	1 1 1 1 0 0 0 0 1 1 0 0 0 0 1 0
320	28	1 0 1 1 0 0 0 0 1 0 0 0 0 0 0 0
320	24	1 1 1 1 0 0 1 0 1 1 1 0 0 0 0 0
320	25	1 1 1 1 0 1 1 0 1 1 1 0 0 1 0 0
320	37	1 1 1 1 0 0 0 0 1 0 0 1 0 0 0 0
320	17	1 1 1 0 1 0 0 0 0 0 0 1 0 0 0 0
320	12	1 1 0 1 0 0 1 0 1 1 0 0 0 1 0 0
320	22	1 1 1 1 1 0 0 1 1 0 0 0 0 0 1 0
320	7	1 1 1 1 0 1 1 0 0 0 1 1 0 0 0 0
320	1	1 1 1 0 0 0 1 1 1 1 0 0 0 0 1 0
320	5	1 1 1 1 0 1 0 1 1 1 0 0 0 0 0 0
320	4	1 1 1 1 1 1 0 1 1 0 1 0 0 0 0 0
320	5	1 1 1 1 1 1 0 0 1 0 0 1 0 0 0 0
320	3	1 1 1 1 0 1 0 1 1 0 0 1 0 0 0 0
320	1	1 1 1 1 0 0 1 0 0 1 1 0 0 0 0 0
320	27	0 1 1 1 0 1 1 0 0 0 0 0 0 0 0 0
320	19	1 1 1 1 0 0 0 1 1 0 0 1 0 0 0 0
320	18	1 1 1 1 0 0 0 1 1 0 0 0 0 0 1 0
320	1	1 1 1 1 0 1 1 0 1 1 1 0 1 1 0 0
320	15	1 1 1 1 0 1 0 1 0 0 0 0 0 0 0 0
320	3	1 1 1 1 0 1 1 0 0 0 0 1 0 0 0 0
320	6	0 1 1 1 0 0 0 0 1 1 0 0 0 0 0 0
320	3	0 1 1 1 0 1 1 0 0 0 1 1 0 0 0 0
320	3	1 1 1 1 1 0 0 1 1 0 0 0 0 0 0 0
320	10	0 1 1 1 1 0 0 1 1 0 0 0 0 0 1 0
320	11	1 1 1 1 0 0 1 0 1 0 0 1 0 0 0 0
320	3	1 1 1 1 0 0 0 1 1 1 0 0 0 0 0 0
320	9	1 1 1 1 0 0 0 0 1 0 0 0 1 0 0 0
320	15	1 1 1 1 1 0 0 0 1 1 0 0 0 0 0 0
320	1	1 1 1 1 0 1 0 1 1 0 1 0 0 0 0 0
320	5	1 1 1 1 0 0 0 1 1 1 0 0 0 0 1 0
320	4	1 1 1 1 0 1 0 1 1 0 0 0 0 0 0 0
320	5	1 1 1 0 0 1 1 0 1 0 0 0 0 0 0 0
320	6	1 1 1 1 0 1 0 0 0 0 1 1 0 0 0 0
320	6	1 1 1 1 0 1 0 0 1 1 0 1 0 1 0 0
320	2	1 1 1 1 0 1 1 0 1 1 1 1 0 0 0 0
320	5	1 1 1 1 0 1 0 0 1 1 0 0 0 0 0 1
320	4	1 0 1 1 0 1 1 0 1 1 1 0 0 1 0 0
320	4	0 1 1 1 1 0 0 0 1 0 0 1 0 0 0 0
320	9	1 1 1 1 0 0 1 0 1 0 0 0 0 0 0 0
320	4	0 1 1 1 0 1 1 0 0 1 0 0 0 0 0 0
320	1	1 1 1 1 0 1 1 1 1 0 0 0 0 0 0 0
320	5	1 1 1 0 0 1 1 0 1 0 0 0 0 0 1 0
320	4	1 1 1 1 0 0 0 0 1 0 0 0 0 0 1 0
320	2	1 1 1 1 0 0 1 1 1 1 0 0 0 0 0 0
320	3	1 1 1 1 0 1 1 0 1 1 1 0 0 0 1 0
320	3	0 1 1 1 1 1 0 1 0 0 1 0 0 0 0 0
320	1	1 1 1 1 0 0 1 0 1 1 1 0 1 0 0 0
320	5	1 1 1 1 0 0 0 0 1 0 1 1 0 0 0 0
320	4	1 1 1 1 0 0 1 0 1 1 1 0 1 1 0 0
320	2	1 1 1 1 0 1 1 0 0 0 1 0 0 0 0 0
320	4	0 1 1 1 0 0 0 1 1 0 0 0 0 0 0 0
320	1	0 1 1 1 1 0 0 1 1 0 0 0 0 0 1 1
320	5	1 1 1 1 1 1 1 0 1 1 1 0 0 0 1 0
320	1	0 1 1 1 0 0 0 0 0 0 0 0 0 0 0 0
320	6	1 1 1 0 0 0 0 0 1 0 0 0 0 0 0 0
320	1	1 0 1 1 0 0 0 0 1 1 0 0 0 0 0 0
320	3	0 1 1 1 0 1 1 0 0 0 0 0 0 0 1 0
320	1	1 0 1 1 0 1 1 0 1 0 0 0 0 0 0 0
320	4	1 1 1 1 0 0 0 1 1 1 0 0 1 0 0 0
320	2	0 1 1 1 1 0 1 0 0 1 1 0 0 0 0 0
320	2	1 1 1 1 0 1 0 0 1 1 0 1 0 0 0 0
320	1	1 1 1 1 1 0 1 0 0 1 1 0 0 0 0 0
320	1	1 1 1 1 0 0 1 0 0 0 0 1 0 0 0 0
340	148	1 1 1 1 0 0 0 0 1 0 0 0 0 0 0 0
340	16	0 1 1 1 0 0 0 0 1 0 0 0 0 0 0 0
340	45	1 1 1 1 0 0 0 0 1 1 0 0 0 0 0 0
340	11	1 1 1 1 0 1 0 0 1 0 0 0 0 0 0 0
340	36	1 1 1 1 0 1 1 0 1 1 1 0 0 0 0 0
340	11	1 1 1 1 1 1 0 1 0 0 1 0 0 0 0 0
340	22	1 1 1 1 0 1 1 0 1 1 0 0 0 0 0 0
340	22	1 1 1 1 1 1 0 0 1 0 0 0 0 0 0 0
340	2	1 1 1 1 0 0 0 1 1 0 0 0 0 0 0 0
340	2	1 1 1 1 0 1 1 0 1 0 0 0 0 0 0 0
340	1	1 1 0 1 1 0 1 0 1 1 0 0 0 0 0 0
340	52	1 1 1 1 0 0 0 0 0 0 0 0 0 0 0 0
340	50	1 1 1 1 1 1 1 0 0 0 1 1 0 0 0 0
340	15	1 1 1 1 0 0 0 0 1 1 0 0 1 0 0 0
340	2	1 1 1 1 0 1 0 1 0 0 1 0 0 0 0 0
340	17	1 1 1 1 0 1 0 0 1 0 0 1 0 0 0 0
340	30	1 1 1 1 0 1 0 0 1 0 1 0 0 0 0 0
340	2	1 1 1 1 0 0 0 0 1 1 0 0 0 0 1 0
340	7	1 0 1 1 0 0 0 0 1 0 0 0 0 0 0 0
340	11	1 1 1 1 0 0 1 0 1 1 1 0 0 0 0 0
340	29	1 1 1 1 0 1 1 0 1 1 1 0 0 1 0 0
340	51	1 1 1 1 0 0 0 0 1 0 0 1 0 0 0 0
340	4	1 1 1 0 1 0 0 0 0 0 0 1 0 0 0 0
340	26	1 1 1 1 1 0 0 1 1 0 0 0 0 0 1 0
340	9	1 1 1 1 1 1 0 0 1 0 0 1 0 0 0 0
340	32	1 1 1 1 0 0 0 1 1 0 0 1 0 0 0 0
340	3	1 1 1 1 0 1 0 1 0 0 0 0 0 0 0 0
340	11	0 1 1 1 1 0 0 1 1 0 0 0 0 0 1 0
340	9	1 1 1 1 0 0 1 0 1 0 0 1 0 0 0 0
340	38	1 1 1 1 1 0 0 0 1 1 0 0 0 0 0 0
340	1	1 1 1 1 0 1 0 1 1 0 0 0 0 0 0 0
340	3	1 1 1 0 0 1 1 0 1 0 0 0 0 0 0 0
340	15	1 1 1 1 0 1 0 0 0 0 1 1 0 0 0 0
340	2	1 1 1 1 0 1 1 0 1 1 1 1 0 0 0 0
340	8	1 0 1 1 0 1 1 0 1 1 1 0 0 1 0 0
340	54	1 1 1 1 0 0 1 0 1 0 0 0 0 0 0 0
340	3	1 1 1 0 0 1 1 0 1 0 0 0 0 0 1 0
340	18	1 1 1 1 0 0 0 0 1 0 0 0 0 0 1 0
340	2	1 1 1 1 0 0 1 0 1 1 1 0 1 1 0 0
340	16	1 1 1 1 0 1 1 0 0 0 1 0 0 0 0 0
340	14	1 1 1 1 1 1 1 0 1 1 1 0 0 0 1 0
340	11	1 0 1 1 0 1 1 0 1 0 0 0 0 0 0 0
340	2	0 1 1 1 1 0 1 0 0 1 1 0 0 0 0 0
340	6	1 1 1 1 1 0 1 0 0 1 1 0 0 0 0 0
340	2	1 1 1 1 0 0 0 0 1 0 0 0 0 0 0 1
340	7	1 1 1 1 0 1 0 0 1 1 0 0 0 0 0 0
340	1	1 1 1 1 1 0 0 0 1 0 0 0 0 0 0 0
340	14	1 1 1 1 0 0 0 0 0 1 0 0 0 0 0 0
340	2	1 1 1 1 0 0 0 0 0 1 1 0 0 1 0 0
340	4	0 1 1 1 1 0 1 0 0 1 0 0 0 0 0 0
340	9	1 1 1 1 0 0 0 0 1 0 1 0 0 0 0 0
340	3	1 1 1 1 1 1 0 0 1 0 0 1 0 0 0 1
340	4	1 1 0 1 0 0 0 0 1 0 0 0 0 0 0 0
340	1	1 1 1 1 1 0 1 0 1 1 1 0 0 0 0 0
340	11	1 1 0 1 1 0 1 0 1 1 0 0 0 0 1 0
340	5	1 1 0 1 0 0 0 0 1 1 0 0 0 0 0 0
340	9	0 1 1 1 0 0 0 0 0 0 0 0 0 0 0 0
340	2	0 1 1 1 0 0 0 1 1 0 0 1 0 0 0 0
340	3	1 1 1 1 0 0 0 0 1 1 0 1 0 0 0 0
340	1	1 1 0 1 0 1 0 0 1 0 0 1 0 0 0 0
340	1	1 0 1 1 0 0 0 0 0 0 0 0 0 0 0 0
340	2	1 1 1 0 0 0 0 0 0 0 0 0 0 0 0 0
340	2	1 0 1 1 0 1 1 0 1 1 1 0 0 1 0 1
340	5	1 1 1 1 0 0 0 0 1 0 0 1 1 0 0 0
340	3	0 1 1 1 0 1 1 0 1 1 1 0 0 0 0 0
340	7	1 1 1 0 1 1 1 0 0 0 1 1 0 0 0 0
340	1	1 1 1 1 0 1 0 0 0 1 0 0 0 0 0 0
340	2	1 1 1 0 0 0 0 0 1 0 0 0 0 0 0 0
340	2	1 1 0 1 0 0 0 0 1 0 0 1 0 0 0 0
340	1	1 1 0 1 0 0 1 0 1 1 0 0 1 1 0 0
340	1	1 1 1 1 0 0 1 0 1 1 0 0 0 1 0 0
340	1	1 1 1 1 0 0 0 0 1 0 0 0 0 1 0 1
340	1	0 1 1 1 0 0 0 0 0 1 0 0 0 0 0 0
340	1	1 0 1 1 0 0 0 0 1 1 0 0 0 0 0 0
340	2	1 1 1 1 0 0 0 0 0 0 0 0 0 0 0 1
340	3	1 1 1 1 0 1 0 0 1 1 0 1 0 0 0 0
340	2	1 1 1 1 0 0 1 0 1 1 0 0 0 0 0 0
340	1	1 1 0 1 0 1 1 0 1 1 1 0 0 1 0 0
340	1	0 1 1 1 1 1 0 0 1 0 0 1 0 0 0 0
340	2	1 1 1 1 0 0 0 0 1 1 1 0 0 0 1 0
340	2	1 1 1 1 1 1 1 0 1 0 0 0 0 0 0 0
340	3	1 0 1 1 1 1 1 0 0 0 1 1 0 0 0 0
340	1	1 1 1 0 1 0 0 0 1 1 0 0 0 0 0 0
340	1	1 1 1 1 1 0 0 1 0 0 1 0 0 0 0 0
340	1	1 1 1 1 0 1 0 0 0 0 1 0 0 0 0 0
340	2	1 1 1 1 1 0 0 1 1 0 0 0 0 1 1 0
340	1	1 1 0 1 0 0 1 0 1 0 0 0 0 0 0 0
340	1	0 1 1 1 1 0 0 0 1 0 0 1 0 0 0 0
360	122	1 1 1 1 0 0 0 0 1 0 0 0 0 0 0 0
360	7	0 1 1 1 0 0 0 0 1 0 0 0 0 0 0 0
360	19	1 1 1 1 0 0 0 0 1 1 0 0 0 0 0 0
360	2	1 1 1 1 0 1 1 0 1 1 1 0 0 0 0 0
360	7	1 1 1 1 1 1 0 1 0 0 1 0 0 0 0 0
360	11	1 1 1 1 0 1 1 0 1 1 0 0 0 0 0 0
360	10	1 1 1 1 1 1 0 0 1 0 0 0 0 0 0 0
360	49	1 1 1 1 0 0 0 0 0 0 0 0 0 0 0 0
360	43	1 1 1 1 1 1 1 0 0 0 1 1 0 0 0 0
360	2	1 1 1 1 0 1 0 0 1 0 1 0 0 0 0 0
360	38	1 1 1 1 0 0 1 0 1 1 1 0 0 0 0 0
360	48	1 1 1 1 0 0 0 0 1 0 0 1 0 0 0 0
360	7	1 1 1 1 1 1 0 0 1 0 0 1 0 0 0 0
360	34	1 1 1 1 0 0 0 1 1 0 0 1 0 0 0 0
360	5	1 1 1 1 0 0 1 0 1 0 0 1 0 0 0 0
360	21	1 1 1 1 1 0 0 0 1 1 0 0 0 0 0 0
360	11	1 0 1 1 0 1 1 0 1 1 1 0 0 1 0 0
360	63	1 1 1 1 0 0 1 0 1 0 0 0 0 0 0 0
360	14	1 1 1 0 0 1 1 0 1 0 0 0 0 0 1 0
360	17	1 1 1 1 0 1 1 0 0 0 1 0 0 0 0 0
360	36	1 1 1 1 1 1 1 0 1 1 1 0 0 0 1 0
360	12	1 1 1 1 1 0 1 0 0 1 1 0 0 0 0 0
360	49	1 1 1 1 0 1 0 0 1 1 0 0 0 0 0 0
360	34	1 1 1 1 0 0 0 0 0 1 0 0 0 0 0 0
360	28	1 1 1 1 0 0 0 0 1 1 0 1 0 0 0 0
360	1	1 0 1 1 0 1 1 0 1 1 1 0 0 1 0 1
360	4	1 0 1 1 0 0 0 0 1 1 0 0 0 0 0 0
360	1	1 1 1 1 0 0 1 0 1 1 0 0 0 0 0 0
360	1	1 1 1 1 1 0 0 1 0 0 1 0 0 0 0 0
360	7	1 1 1 1 0 0 0 0 1 0 1 0 0 0 1 0
360	7	1 1 1 1 0 1 1 1 1 1 1 0 0 0 0 0
360	2	1 1 1 1 1 0 1 0 0 0 1 1 0 0 0 0
360	24	1 1 1 1 0 1 1 0 0 1 1 0 0 0 0 0
360	16	1 1 1 0 1 1 1 0 0 0 1 1 0 0 1 0
360	6	1 1 1 1 0 0 0 0 0 0 0 0 1 0 0 0
360	1	1 1 1 1 0 0 1 0 1 0 0 0 0 0 1 0
360	11	1 1 1 1 1 1 1 0 0 0 1 1 0 1 0 0
360	10	1 1 0 1 0 0 1 0 1 1 0 0 0 0 1 0
360	1	1 1 1 1 1 1 1 0 1 0 0 0 0 0 0 0
360	6	1 1 1 1 0 0 0 0 0 0 0 0 0 0 0 1
360	14	1 1 1 1 0 0 0 1 1 0 0 0 1 0 0 0
360	17	1 1 1 0 1 1 1 0 0 0 1 1 0 0 0 0
360	9	1 1 1 1 0 0 1 1 1 0 0 0 0 0 0 0
360	2	1 0 1 1 0 1 1 0 0 0 1 0 0 0 0 0
360	9	1 1 1 1 0 0 0 1 0 1 1 0 0 1 0 0
360	3	1 1 1 1 0 1 1 0 1 1 0 0 0 0 1 0
360	3	1 1 1 0 0 0 0 0 1 0 0 0 0 0 0 0
360	4	1 1 1 1 0 0 0 0 1 0 0 0 0 0 0 1
360	1	1 1 1 1 0 0 1 0 1 0 1 1 0 0 0 0
360	7	1 1 0 1 1 0 1 0 1 1 0 1 0 0 1 0
360	15	1 1 0 1 1 0 1 0 1 1 0 0 0 1 1 0
360	6	1 1 1 1 0 0 1 0 0 0 0 0 0 0 0 0
360	2	0 1 1 1 0 0 0 0 1 1 1 0 0 0 0 0
360	15	1 1 1 1 1 0 0 0 1 0 0 0 0 0 0 0
360	3	1 1 1 1 0 0 0 0 1 0 0 0 0 1 0 0
360	10	1 1 1 1 0 1 0 0 1 0 1 1 0 0 0 0
360	2	1 1 1 1 0 0 0 0 1 1 1 0 0 0 1 0
360	2	1 0 1 1 0 0 0 0 1 0 0 0 0 0 0 0
360	6	1 1 1 1 0 0 1 0 1 0 0 0 0 0 0 1
360	2	1 1 1 1 0 1 0 1 1 1 0 0 0 0 0 0
360	4	1 1 1 0 0 0 0 0 0 1 0 0 0 0 0 0
360	6	0 1 1 1 0 0 1 0 1 1 0 0 0 0 0 0
360	2	1 1 0 1 0 0 0 0 0 0 0 0 0 0 0 0
360	1	1 1 1 0 0 1 0 0 1 1 0 0 1 0 0 0
360	4	1 1 1 1 1 0 1 0 1 0 0 0 0 0 0 0
360	1	1 1 1 1 1 0 1 0 1 1 1 0 0 0 1 0
360	11	1 1 1 1 0 0 0 0 0 1 0 1 0 0 0 0
360	1	1 1 1 0 1 1 1 0 1 1 1 0 0 0 0 0
360	2	1 1 1 1 0 0 0 1 1 0 0 0 0 0 0 0
360	2	1 1 1 1 1 1 1 0 0 0 1 1 0 0 1 0
360	4	1 0 1 1 0 0 0 0 1 1 0 1 0 0 0 0
360	2	1 1 1 0 1 1 0 0 0 0 1 1 0 0 1 0
360	3	1 1 1 1 1 1 1 0 0 0 0 0 0 1 1 0
360	4	1 1 1 1 1 0 0 0 1 1 1 0 0 0 0 0
360	2	1 0 1 1 0 1 0 0 1 1 0 0 0 0 0 0
360	3	1 1 1 1 0 0 0 0 1 0 1 0 0 0 1 1
360	3	0 1 1 1 0 1 1 0 1 1 0 0 0 0 1 0
360	4	1 1 1 1 1 1 1 0 0 0 1 1 0 1 1 0
360	2	1 1 1 1 0 0 0 0 1 0 0 1 0 0 1 0
360	1	1 1 1 1 0 1 0 0 1 0 0 0 0 0 0 0
360	1	1 1 1 1 0 1 1 1 0 0 1 1 0 0 0 0
360	2	1 1 1 0 1 1 0 0 1 1 0 1 0 0 0 0
360	1	1 1 1 1 0 0 0 0 1 0 0 0 0 0 1 0
360	1	1 0 1 1 0 0 1 0 1 1 1 0 0 0 0 0
360	2	1 1 1 1 0 0 1 0 1 1 1 0 0 1 0 0
360	1	1 1 1 1 0 0 0 1 0 0 0 1 0 0 0 0
360	1	1 1 1 1 0 0 0 1 1 1 0 1 0 0 0 0
360	2	1 1 1 1 0 1 0 0 1 1 0 0 1 0 0 0
360	4	1 1 1 1 0 1 0 0 1 1 0 1 0 0 0 0
360	2	1 1 1 1 0 0 0 1 0 0 0 0 1 0 0 0
360	2	1 1 1 1 0 1 0 0 1 0 0 0 0 0 1 0
380	91	1 1 1 1 0 0 0 0 1 0 0 0 0 0 0 0
380	6	0 1 1 1 0 0 0 0 1 0 0 0 0 0 0 0
380	54	1 1 1 1 0 0 0 0 1 1 0 0 0 0 0 0
380	1	1 1 1 1 1 1 0 1 0 0 1 0 0 0 0 0
380	3	1 1 1 1 1 1 0 0 1 0 0 0 0 0 0 0
380	17	1 1 1 1 0 0 0 0 0 0 0 0 0 0 0 0
380	3	1 1 1 1 0 1 0 0 1 0 1 0 0 0 0 0
380	6	1 1 1 1 0 0 1 0 1 1 1 0 0 0 0 0
380	40	1 1 1 1 0 0 0 0 1 0 0 1 0 0 0 0
380	3	1 1 1 1 1 1 0 0 1 0 0 1 0 0 0 0
380	12	1 1 1 1 0 0 0 1 1 0 0 1 0 0 0 0
380	56	1 1 1 1 1 0 0 0 1 1 0 0 0 0 0 0
380	10	1 0 1 1 0 1 1 0 1 1 1 0 0 1 0 0
380	95	1 1 1 1 0 0 1 0 1 0 0 0 0 0 0 0
380	34	1 1 1 1 0 1 1 0 0 0 1 0 0 0 0 0
380	1	1 1 1 1 1 1 1 0 1 1 1 0 0 0 1 0
380	20	1 1 1 1 0 1 0 0 1 1 0 0 0 0 0 0
380	59	1 1 1 1 0 0 0 0 0 1 0 0 0 0 0 0
380	40	1 1 1 1 0 0 0 0 1 1 0 1 0 0 0 0
380	2	1 1 1 1 0 0 0 0 1 0 1 0 0 0 1 0
380	2	1 1 1 1 0 1 1 1 1 1 1 0 0 0 0 0
380	16	1 1 1 1 0 1 1 0 0 1 1 0 0 0 0 0
380	3	1 1 1 1 0 0 1 0 1 0 0 0 0 0 1 0
380	8	1 1 1 1 1 1 1 0 0 0 1 1 0 1 0 0
380	8	1 1 1 1 0 0 0 1 1 0 0 0 1 0 0 0
380	17	1 1 1 0 1 1 1 0 0 0 1 1 0 0 0 0
380	8	1 1 1 1 0 0 1 1 1 0 0 0 0 0 0 0
380	13	1 1 0 1 1 0 1 0 1 1 0 0 0 1 1 0
380	21	1 1 1 1 1 0 0 0 1 0 0 0 0 0 0 0
380	1	1 0 1 1 0 0 0 0 1 0 0 0 0 0 0 0
380	4	1 1 1 0 0 0 0 0 0 1 0 0 0 0 0 0
380	8	0 1 1 1 0 0 1 0 1 1 0 0 0 0 0 0
380	9	1 1 1 0 0 1 0 0 1 1 0 0 1 0 0 0
380	11	1 1 1 1 0 0 0 1 1 0 0 0 0 0 0 0
380	8	1 1 1 1 1 0 0 0 1 1 1 0 0 0 0 0
380	7	1 1 1 1 0 1 0 0 1 1 0 0 1 0 0 0
380	6	1 1 1 0 0 0 1 0 1 0 0 1 0 0 0 0
380	20	1 1 1 1 1 0 0 0 1 0 0 1 0 0 0 0
380	14	1 1 1 1 1 1 1 0 0 1 1 1 0 0 0 0
380	19	1 1 1 1 0 0 0 1 0 0 0 0 0 0 0 0
380	18	1 1 1 1 0 0 0 0 0 0 0 1 0 0 0 0
380	4	1 1 1 1 1 1 1 0 1 1 1 1 0 0 1 0
380	4	1 1 1 0 1 0 1 0 0 1 1 0 0 0 0 0
380	1	1 1 1 0 0 0 1 1 1 0 0 0 0 0 0 0
380	7	1 1 0 1 1 0 1 0 1 1 0 1 1 0 1 0
380	6	1 0 1 1 0 1 0 1 1 1 0 0 0 0 0 0
380	4	1 1 1 0 1 1 1 0 1 1 0 0 0 0 0 0
380	5	1 1 1 1 1 0 0 0 0 1 0 0 0 0 0 0
380	3	0 1 1 0 0 0 0 0 0 1 0 0 0 0 0 0
380	18	1 1 1 1 0 0 0 0 1 0 0 1 0 1 0 0
380	18	1 1 1 1 1 0 1 0 1 0 0 1 0 0 0 0
380	8	1 1 1 1 1 0 0 0 0 0 0 0 0 0 0 0
380	3	1 1 1 1 0 0 1 0 1 0 0 0 0 1 0 0
380	11	1 0 1 1 1 1 1 0 0 0 1 1 0 1 0 0
380	8	1 1 0 1 1 0 1 1 1 1 0 1 0 0 1 0
380	1	1 1 1 1 0 0 0 0 1 1 0 0 1 1 0 0
380	4	1 1 1 1 0 0 1 0 1 1 0 0 0 0 0 0
380	6	1 1 1 1 0 1 1 0 1 1 1 0 0 1 0 0
380	11	1 0 1 1 0 1 1 0 0 1 1 0 0 0 0 0
380	5	1 1 1 0 1 1 1 0 0 0 1 1 0 0 1 1
380	2	1 1 1 1 0 0 0 0 1 1 0 1 1 0 0 0
380	1	0 1 1 0 1 1 1 0 0 0 1 1 0 0 1 0
380	3	1 1 1 1 0 0 0 1 1 0 0 1 1 0 0 0
380	10	0 1 1 1 0 0 1 0 1 0 0 0 0 0 0 0
380	7	1 1 1 1 0 0 0 0 0 1 0 0 1 0 0 0
380	5	0 1 1 1 0 0 0 0 1 0 1 0 0 0 0 0
380	1	1 1 0 1 1 0 1 1 1 1 0 1 0 0 0 0
380	3	1 1 1 1 0 0 0 1 1 1 0 1 0 0 0 0
380	2	1 1 1 1 0 1 0 1 1 1 0 0 0 0 0 0
380	3	1 1 1 1 0 0 0 0 0 0 1 1 0 0 0 0
380	1	1 1 1 1 0 1 1 0 0 1 1 0 0 0 1 0
380	2	1 1 1 1 1 1 1 1 0 0 1 1 0 0 0 0
380	2	1 1 1 1 0 0 0 0 1 0 0 1 0 0 1 0
380	11	1 1 0 1 0 0 0 0 1 0 0 1 0 0 0 0
380	6	1 0 1 1 0 1 1 0 0 0 1 0 0 0 0 0
380	1	1 1 1 1 0 1 0 0 0 0 1 0 0 0 0 0
380	2	1 1 1 1 1 0 0 0 1 0 0 0 1 0 0 0
380	5	1 1 0 1 0 1 1 0 0 1 1 0 0 0 0 0
380	1	1 1 1 0 0 0 1 0 0 0 0 1 0 0 0 0
380	1	1 1 0 1 1 1 1 0 1 1 0 0 0 1 1 1
380	1	1 1 1 1 0 0 0 0 1 1 0 0 0 0 0 1
380	2	1 1 0 1 1 1 1 0 0 0 1 1 0 1 0 0
380	1	1 1 1 1 0 0 0 0 1 1 0 0 1 0 0 0
380	8	1 1 1 1 0 1 1 0 0 1 1 1 0 0 0 0
380	1	1 1 1 0 0 0 0 1 1 0 0 0 0 0 0 0
380	2	1 1 1 0 1 0 1 1 1 0 0 0 0 0 0 0
380	2	1 1 1 1 0 0 1 0 0 0 0 0 0 1 0 0
380	1	1 1 1 1 1 1 1 0 1 1 1 0 0 0 0 0
380	1	1 1 1 1 0 0 0 0 1 0 0 0 0 0 0 1
380	1	1 1 0 1 0 0 0 0 1 0 0 0 0 0 0 0
380	1	1 1 1 1 0 0 0 0 1 0 0 0 1 0 0 0
380	1	1 1 1 1 0 0 1 1 1 1 1 0 0 0 0 0
380	2	1 1 0 0 1 1 1 0 0 0 1 1 0 0 0 0
380	1	1 1 1 0 0 0 0 0 0 0 0 1 0 0 0 0
380	1	1 1 0 1 1 1 1 0 1 1 1 1 0 0 1 0
380	1	1 1 1 0 1 0 1 0 1 1 1 0 0 0 0 0
380	1	0 1 0 1 1 0 1 1 1 1 0 1 0 0 1 0
380	1	0 1 1 1 0 0 0 0 1 0 1 0 1 0 0 0
380	1	0 1 1 1 0 0 0 1 1 1 0 1 0 0 1 0
400	64	1 1 1 1 0 0 0 0 1 0 0 0 0 0 0 0
400	8	0 1 1 1 0 0 0 0 1 0 0 0 0 0 0 0
400	100	1 1 1 1 0 0 0 0 1 1 0 0 0 0 0 0
400	11	1 1 1 1 0 0 0 0 0 0 0 0 0 0 0 0
400	41	1 1 1 1 0 0 0 0 1 0 0 1 0 0 0 0
400	6	1 1 1 1 0 0 0 1 1 0 0 1 0 0 0 0
400	32	1 1 1 1 1 0 0 0 1 1 0 0 0 0 0 0
400	57	1 1 1 1 0 0 1 0 1 0 0 0 0 0 0 0
400	44	1 1 1 1 0 1 1 0 0 0 1 0 0 0 0 0
400	73	1 1 1 1 0 0 0 0 0 1 0 0 0 0 0 0
400	20	1 1 1 1 0 0 0 0 1 1 0 1 0 0 0 0
400	27	1 1 1 1 0 1 1 0 0 1 1 0 0 0 0 0
400	4	1 1 1 1 0 0 1 0 1 0 0 0 0 0 1 0
400	23	1 1 1 1 0 0 0 1 1 0 0 0 1 0 0 0
400	13	1 1 1 0 1 1 1 0 0 0 1 1 0 0 0 0
400	3	1 1 0 1 1 0 1 0 1 1 0 0 0 1 1 0
400	7	1 1 1 1 1 0 0 0 1 0 0 0 0 0 0 0
400	3	1 1 1 0 0 0 0 0 0 1 0 0 0 0 0 0
400	23	1 1 1 1 0 0 0 1 1 0 0 0 0 0 0 0
400	13	1 1 1 1 1 0 0 0 1 1 1 0 0 0 0 0
400	1	1 1 1 1 0 1 0 0 1 1 0 0 1 0 0 0
400	15	1 1 1 1 1 0 0 0 1 0 0 1 0 0 0 0
400	29	1 1 1 1 1 1 1 0 0 1 1 1 0 0 0 0
400	16	1 1 1 1 1 0 0 0 0 1 0 0 0 0 0 0
400	2	1 1 1 1 0 0 0 0 1 0 0 1 0 1 0 0
400	43	1 1 1 1 1 0 1 0 1 0 0 1 0 0 0 0
400	3	1 1 0 1 1 0 1 1 1 1 0 1 0 0 1 0
400	8	1 1 1 1 0 0 1 0 1 1 0 0 0 0 0 0
400	19	0 1 1 1 0 0 0 0 1 0 1 0 0 0 0 0
400	7	1 1 0 1 1 0 1 1 1 1 0 1 0 0 0 0
400	7	1 1 1 1 0 0 0 1 1 1 0 1 0 0 0 0
400	1	1 1 1 1 0 0 0 0 0 0 1 1 0 0 0 0
400	4	1 1 0 1 0 0 0 0 1 0 0 1 0 0 0 0
400	15	1 0 1 1 0 1 1 0 0 0 1 0 0 0 0 0
400	7	1 1 1 1 0 1 0 1 1 0 0 1 0 0 0 0
400	6	1 1 1 1 0 0 0 1 0 1 0 0 0 0 0 0
400	7	1 1 1 1 0 0 1 0 1 0 0 1 0 0 0 0
400	5	1 1 1 0 0 0 0 1 1 0 0 1 0 0 0 0
400	3	1 1 0 1 1 0 0 1 1 0 0 1 1 0 0 0
400	9	1 1 1 1 0 0 1 0 0 1 0 0 0 0 0 0
400	5	1 1 0 1 1 0 1 1 1 0 0 1 0 0 1 0
400	7	1 1 0 1 1 0 1 1 1 1 1 1 0 0 1 1
400	11	1 1 0 1 1 0 0 0 1 1 0 0 0 1 1 0
400	16	1 1 0 1 1 0 0 0 1 0 0 1 0 0 0 0
400	12	1 1 0 1 0 0 0 0 1 1 0 1 0 0 0 0
400	4	0 1 1 0 0 0 0 0 0 1 0 0 0 0 0 0
400	15	1 1 1 0 0 0 0 1 1 0 0 1 0 0 1 0
400	5	1 1 0 1 1 0 0 1 1 0 0 1 0 0 0 0
400	10	1 1 1 1 0 1 0 0 1 0 0 0 0 0 0 0
400	2	1 1 1 1 0 0 0 0 1 0 0 1 0 0 0 1
400	3	1 1 1 1 0 0 1 0 1 0 0 0 0 0 0 1
400	8	1 1 1 1 1 0 0 0 0 1 0 1 0 0 0 0
400	1	1 1 0 1 0 0 0 0 1 1 0 0 0 0 0 0
400	1	1 1 1 1 0 1 0 0 0 0 1 0 0 0 0 0
400	6	1 1 1 1 1 0 0 0 1 1 0 0 0 1 0 0
400	1	1 1 1 0 0 0 0 1 1 0 0 1 0 0 0 1
400	9	1 1 1 0 0 0 0 0 1 1 0 0 0 0 0 0
400	3	1 0 1 1 0 0 0 0 1 1 0 0 0 0 0 0
400	2	1 1 1 1 0 0 0 0 0 1 0 0 0 0 0 1
400	7	1 1 1 1 0 1 1 0 1 1 1 0 0 0 0 0
400	1	1 1 1 1 1 0 0 0 1 0 1 0 0 0 0 0
400	3	1 1 1 1 0 0 0 0 1 0 0 0 0 0 0 1
400	3	1 1 1 1 0 0 0 0 0 1 0 0 0 0 1 0
400	1	1 1 1 1 0 1 1 0 0 1 1 1 0 0 0 0
400	1	1 1 1 1 1 0 1 1 1 0 0 1 0 0 0 0
400	3	1 1 1 1 1 0 1 1 0 1 0 1 0 0 0 0
400	5	1 1 1 1 1 1 1 0 1 0 0 0 0 0 0 0
400	3	1 1 1 1 0 0 0 0 1 0 1 1 0 0 0 0
400	4	0 1 1 1 0 0 0 0 0 1 0 0 0 0 0 0
400	2	1 1 1 0 0 0 0 0 1 0 0 1 0 0 0 0
400	4	1 0 1 1 0 0 1 0 1 1 0 0 0 0 0 0
400	9	1 1 1 1 0 0 0 1 1 1 0 1 0 0 1 0
400	2	1 1 1 0 1 0 1 0 1 0 0 0 0 0 0 0
400	6	1 1 1 0 1 0 0 0 1 1 0 0 0 1 0 0
400	1	0 1 1 1 0 0 0 0 0 0 1 1 0 0 0 0
400	2	1 1 1 1 0 0 0 0 1 0 0 0 1 0 0 0
400	6	1 1 1 1 0 0 0 0 0 1 0 0 0 1 0 0
400	6	1 1 1 1 0 0 1 0 0 1 1 0 0 0 0 0
400	1	0 1 1 1 0 1 1 0 0 1 1 0 0 0 0 0
400	8	1 1 1 1 1 0 0 0 1 1 1 1 0 0 0 0
400	1	1 1 0 1 1 0 1 0 1 1 0 1 0 0 0 0
400	7	1 1 0 1 1 0 0 0 1 1 0 0 0 1 0 0
400	2	1 1 1 1 0 1 1 0 0 0 0 1 0 0 0 0
400	1	1 1 1 1 0 1 1 0 1 0 0 0 0 0 0 0
400	2	1 1 1 1 0 0 1 0 0 0 0 0 0 0 0 0
400	1	0 1 1 1 0 0 0 1 1 0 0 0 0 0 0 0
400	1	1 1 1 1 0 1 0 0 0 0 1 1 0 0 0 0
400	1	1 1 1 1 0 0 0 0 1 0 0 0 0 0 1 0
400	2	1 1 0 1 0 1 1 0 0 0 1 0 0 0 0 0
400	1	1 1 1 1 0 1 1 0 1 0 1 0 0 0 0 0
400	3	1 1 0 1 0 0 1 0 1 1 0 1 0 0 0 0
