0	250	0 1 0 0 1 0 0 0 0 0 0 1 0 0 0 0
0	250	1 0 1 0 0 0 0 0 1 0 0 1 0 1 0 1
0	250	0 1 1 0 0 0 0 0 1 1 1 0 0 0 1 0
0	250	0 0 0 0 0 0 1 1 0 0 0 0 0 1 0 0
20	37	0 1 0 0 1 0 0 0 0 0 0 1 0 0 0 0
20	264	1 0 1 0 0 0 0 0 1 0 0 1 0 1 0 1
20	258	0 1 1 0 0 0 0 0 1 1 1 0 0 0 1 0
20	113	0 0 0 0 0 0 1 1 0 0 0 0 0 1 0 0
20	3	0 1 0 0 0 0 0 0 1 1 1 0 0 0 1 0
20	14	0 1 0 0 1 1 0 0 0 0 0 1 0 0 0 0
20	21	1 1 1 0 0 0 0 0 1 1 1 0 0 0 1 0
20	8	0 0 0 0 0 0 0 0 1 0 0 1 0 1 0 1
20	1	1 0 1 0 0 0 0 0 1 0 0 1 0 0 0 1
20	16	0 0 0 0 0 0 1 1 0 0 0 0 0 0 0 0
20	15	1 0 1 0 0 0 0 0 1 1 1 0 0 0 1 0
20	12	1 0 1 0 0 0 0 0 0 0 0 1 0 1 0 1
20	12	0 0 0 0 0 0 1 1 0 1 0 0 0 1 0 0
20	14	1 0 1 0 0 0 0 0 1 0 0 1 0 1 1 1
20	3	1 0 1 0 0 0 0 0 1 0 0 1 1 1 0 1
20	17	0 1 1 0 0 0 0 0 0 1 1 0 0 0 1 0
20	6	0 0 0 0 0 0 1 1 0 0 0 0 0 1 1 0
20	7	1 0 1 0 1 0 0 0 0 0 0 1 0 0 0 0
20	4	1 0 1 0 0 0 0 1 1 0 0 1 0 1 1 1
20	6	1 0 1 0 0 0 0 0 1 1 0 1 0 1 0 0
20	2	1 0 1 0 0 0 0 0 1 0 0 0 0 1 0 0
20	9	1 1 0 0 0 0 1 1 0 0 0 0 0 1 0 0
20	4	0 1 1 0 0 0 1 0 1 1 1 0 0 0 1 0
20	7	0 1 1 0 0 0 0 0 1 1 0 0 0 0 0 0
20	4	1 0 1 0 0 0 0 0 1 1 0 1 0 1 0 1
20	4	1 0 1 0 0 0 0 0 1 0 0 1 0 0 0 0
20	11	0 1 1 0 0 0 0 0 1 0 0 1 0 1 0 1
20	2	0 0 0 0 0 0 1 1 0 0 0 1 0 1 0 1
20	1	0 1 0 0 0 0 1 1 0 0 0 0 0 1 0 0
20	5	1 1 1 0 0 0 0 0 0 1 1 0 0 0 1 0
20	5	0 1 0 0 0 0 1 1 1 1 1 0 0 0 1 0
20	5	0 0 1 0 0 0 0 0 1 0 0 1 0 1 0 1
20	3	1 0 1 0 0 0 0 1 1 0 0 1 0 1 0 1
20	13	0 1 1 0 0 0 0 0 1 1 1 0 1 0 1 0
20	3	0 0 1 0 0 0 0 0 1 1 1 0 0 0 0 1
20	3	1 0 1 0 0 0 0 0 0 0 0 1 0 0 0 0
20	7	1 0 1 0 0 0 1 1 0 0 0 0 0 1 0 0
20	2	1 0 1 1 0 0 0 0 1 1 1 0 0 0 1 0
20	1	1 0 0 0 0 0 0 0 1 0 0 1 0 1 1 1
20	2	0 1 1 0 0 0 0 0 1 1 1 0 0 1 0 0
20	2	1 0 1 0 0 0 0 0 0 1 1 0 0 0 1 0
20	2	0 1 1 0 0 0 1 1 1 1 1 0 0 0 1 0
20	6	0 1 1 0 1 0 0 0 0 0 0 1 0 0 0 0
20	6	1 0 1 0 0 0 0 0 1 0 0 0 0 1 0 1
20	5	0 1 0 0 1 0 0 0 0 0 0 1 0 0 1 0
20	7	1 0 1 0 1 0 0 1 1 0 0 1 0 1 0 1
20	2	0 1 0 0 0 0 0 0 0 0 0 1 0 0 0 0
20	1	0 1 1 0 0 0 0 0 1 1 0 0 0 0 1 0
20	3	0 1 1 0 0 0 0 1 1 1 1 0 0 0 1 0
20	1	1 0 1 0 0 0 0 0 1 0 0 1 0 0 1 0
20	2	0 1 1 0 0 0 0 0 0 0 0 1 0 1 0 1
20	4	1 1 1 0 0 0 0 0 1 1 1 0 0 1 0 1
20	4	1 0 1 0 1 0 0 0 1 1 1 0 0 0 1 0
20	4	1 1 1 0 0 0 0 0 1 0 0 1 0 1 0 1
20	3	1 1 1 0 0 0 0 0 1 0 1 0 0 0 1 0
20	1	0 0 0 0 0 0 1 1 1 0 0 0 0 0 0 0
20	2	1 1 0 0 0 0 1 1 0 0 0 0 1 1 0 0
20	2	0 1 1 0 0 0 1 0 1 0 1 0 0 0 1 0
20	1	0 0 1 0 0 0 0 0 1 0 0 1 0 0 0 0
20	1	0 1 1 0 0 0 0 0 0 0 0 1 0 0 0 0
20	2	0 1 1 0 0 0 0 0 1 0 0 1 0 1 1 1
20	1	0 0 0 0 0 0 1 1 0 0 0 0 0 0 1 0
20	2	1 0 0 0 0 0 1 1 0 0 0 0 0 1 0 0
20	1	1 1 1 0 0 0 0 1 1 0 0 1 0 1 0 1
20	2	0 1 1 0 0 0 0 0 0 1 1 0 0 1 0 1
20	2	1 0 0 0 0 0 0 0 1 0 0 1 0 1 0 1
20	2	1 0 1 0 0 0 0 0 1 0 1 1 0 1 0 1
20	1	0 1 1 0 0 0 0 0 1 1 1 1 0 0 1 0
20	4	1 0 1 1 0 1 0 0 1 1 1 0 0 0 1 0
40	22	0 1 0 0 1 0 0 0 0 0 0 1 0 0 0 0
40	204	1 0 1 0 0 0 0 0 1 0 0 1 0 1 0 1
40	166	0 1 1 0 0 0 0 0 1 1 1 0 0 0 1 0
40	16	0 0 0 0 0 0 1 1 0 0 0 0 0 1 0 0
40	11	0 1 0 0 1 1 0 0 0 0 0 1 0 0 0 0
40	62	1 1 1 0 0 0 0 0 1 1 1 0 0 0 1 0
40	6	0 0 0 0 0 0 0 0 1 0 0 1 0 1 0 1
40	4	0 0 0 0 0 0 1 1 0 0 0 0 0 0 0 0
40	7	1 0 1 0 0 0 0 0 1 1 1 0 0 0 1 0
40	28	1 0 1 0 0 0 0 0 1 0 0 1 0 1 1 1
40	7	0 1 1 0 0 0 0 0 0 1 1 0 0 0 1 0
40	3	1 0 1 0 1 0 0 0 0 0 0 1 0 0 0 0
40	1	1 0 1 0 0 0 0 0 1 1 0 1 0 1 0 0
40	5	1 1 0 0 0 0 1 1 0 0 0 0 0 1 0 0
40	4	0 1 1 0 0 0 0 0 1 1 0 0 0 0 0 0
40	10	1 0 1 0 0 0 0 0 1 0 0 1 0 0 0 0
40	6	0 1 1 0 0 0 0 0 1 0 0 1 0 1 0 1
40	27	0 0 1 0 0 0 0 0 1 0 0 1 0 1 0 1
40	2	0 1 1 0 1 0 0 0 0 0 0 1 0 0 0 0
40	13	1 0 1 0 0 0 0 0 1 0 0 0 0 1 0 1
40	2	0 1 0 0 1 0 0 0 0 0 0 1 0 0 1 0
40	4	1 0 1 0 1 0 0 1 1 0 0 1 0 1 0 1
40	8	0 1 1 0 0 0 0 1 1 1 1 0 0 0 1 0
40	4	1 0 1 0 0 0 0 0 1 0 0 1 0 0 1 0
40	13	1 0 1 0 1 0 0 0 1 1 1 0 0 0 1 0
40	6	1 1 1 0 0 0 0 0 1 0 0 1 0 1 0 1
40	17	1 0 1 1 0 1 0 0 1 1 1 0 0 0 1 0
40	38	1 0 1 1 0 0 0 0 0 1 1 0 0 0 1 0
40	2	0 1 0 0 1 0 0 0 1 1 1 0 0 0 1 0
40	6	0 1 0 0 0 0 1 1 0 0 0 0 0 1 0 0
40	5	1 0 1 0 0 0 0 0 1 0 0 1 0 0 1 1
40	2	1 0 1 0 0 0 0 0 1 0 0 0 0 1 1 1
40	10	0 1 1 0 0 0 0 0 1 1 1 0 0 0 0 0
40	10	1 1 1 0 0 0 0 0 1 0 0 1 0 1 0 0
40	2	1 0 1 0 0 0 1 0 1 0 0 1 0 1 0 1
40	7	1 1 1 0 0 0 0 0 0 1 1 0 0 1 0 1
40	10	1 0 1 0 0 0 1 1 0 0 0 0 0 0 0 0
40	13	1 0 1 0 1 0 0 0 1 1 1 0 0 1 1 0
40	1	0 0 0 0 0 0 1 1 0 1 0 0 0 0 1 0
40	6	1 0 0 1 0 0 0 0 0 1 1 0 0 0 1 0
40	6	1 0 1 0 0 0 1 0 1 1 0 1 0 1 0 1
40	11	0 1 0 0 1 1 0 0 1 0 0 0 0 1 0 1
40	17	0 1 1 0 0 0 0 1 0 1 0 1 0 1 0 1
40	3	0 0 1 1 0 0 0 0 0 1 1 0 0 0 1 0
40	3	1 1 1 0 0 0 0 0 0 0 0 1 0 0 0 0
40	7	0 1 1 0 0 0 0 0 1 1 1 0 0 0 1 1
40	1	0 1 0 0 1 0 0 0 1 1 1 0 0 0 1 1
40	16	0 1 1 0 1 0 0 0 1 1 1 0 0 0 1 0
40	14	1 0 1 0 0 0 0 0 0 0 0 1 0 0 0 0
40	12	1 1 1 0 0 0 0 0 0 1 1 0 0 0 1 0
40	11	0 1 0 0 1 1 0 0 0 0 0 1 0 0 1 0
40	16	0 1 1 0 0 0 0 0 1 0 0 0 0 1 0 1
40	3	1 0 1 0 0 0 0 0 0 1 1 0 0 0 1 0
40	4	0 0 0 0 0 1 1 1 0 1 0 0 0 0 0 0
40	2	1 0 1 0 0 0 0 0 1 0 0 1 0 1 0 0
40	7	1 1 1 0 0 0 0 0 1 1 1 0 0 1 0 1
40	8	1 0 1 1 0 0 0 0 1 0 0 1 0 1 0 1
40	4	0 0 1 1 0 0 0 0 1 0 0 1 0 1 0 1
40	4	0 1 1 0 0 1 0 0 1 1 1 0 0 0 0 0
40	4	0 1 1 0 1 0 0 0 1 1 1 0 0 1 1 0
40	5	1 0 1 0 0 0 0 1 1 0 0 1 0 1 0 1
40	4	1 0 1 0 0 0 0 0 1 1 1 1 0 0 1 0
40	1	0 0 0 0 0 0 1 1 0 1 1 0 1 0 1 0
40	1	0 1 0 0 1 0 0 0 1 0 0 1 0 1 0 1
40	3	0 1 0 0 0 0 0 0 1 1 1 0 0 0 1 0
40	4	0 1 1 0 0 0 0 0 0 1 0 0 0 0 1 0
40	1	1 0 0 0 0 0 0 0 1 0 0 1 0 1 1 0
40	1	1 0 1 0 0 0 1 1 0 0 0 0 0 0 1 0
40	1	1 0 1 0 0 0 0 0 1 0 1 1 0 1 0 1
40	9	1 0 1 0 0 1 0 0 1 1 1 0 0 0 1 0
40	10	1 0 1 0 0 0 0 0 1 0 0 0 0 0 1 0
40	2	1 0 1 0 0 0 0 0 1 1 0 1 0 1 0 1
40	1	1 0 1 1 0 1 1 0 1 1 1 0 0 0 1 0
40	2	1 0 1 1 0 0 0 0 0 1 1 0 1 0 1 0
40	3	0 1 1 0 0 0 0 0 1 1 1 0 0 1 0 1
40	3	1 1 0 0 0 0 1 1 0 1 1 0 0 0 1 0
40	2	1 0 1 1 0 0 0 0 1 1 1 0 0 0 1 0
40	2	1 0 0 0 0 0 0 0 1 0 0 1 0 1 0 1
40	1	1 0 1 0 0 0 0 0 1 1 1 0 0 1 1 0
40	1	1 0 1 0 0 0 1 0 1 1 0 0 0 1 0 1
40	3	0 1 0 0 1 0 0 0 0 0 1 0 0 0 1 0
40	1	0 1 0 0 1 1 0 0 1 0 0 1 0 1 0 1
40	1	1 0 1 1 0 1 0 0 1 1 0 0 0 1 0 0
40	1	1 1 1 0 0 0 0 0 0 1 1 0 0 0 0 0
40	1	0 0 0 0 0 0 0 0 0 0 0 1 0 0 0 0
40	2	0 1 1 0 0 0 1 0 1 1 1 0 0 0 1 0
40	1	0 1 1 0 0 0 0 0 1 1 0 0 0 0 1 0
40	2	1 1 1 0 0 0 0 0 1 1 1 1 0 0 1 0
40	2	1 0 1 1 0 0 0 0 0 0 1 0 0 0 1 0
40	3	0 1 1 0 1 0 0 1 0 1 0 1 0 1 0 1
40	1	1 0 1 0 0 0 0 0 1 0 1 1 0 1 0 0
40	2	1 0 1 1 0 0 0 0 1 0 0 1 0 1 1 1
60	82	1 0 1 0 0 0 0 0 1 0 0 1 0 1 0 1
60	202	0 1 1 0 0 0 0 0 1 1 1 0 0 0 1 0
60	57	0 0 0 0 0 0 1 1 0 0 0 0 0 1 0 0
60	55	1 1 1 0 0 0 0 0 1 1 1 0 0 0 1 0
60	34	1 0 1 0 0 0 0 0 1 1 1 0 0 0 1 0
60	16	1 0 1 0 0 0 0 0 1 0 0 1 0 1 1 1
60	3	0 1 1 0 0 0 0 0 1 1 0 0 0 0 0 0
60	8	0 1 1 0 0 0 0 0 1 0 0 1 0 1 0 1
60	18	0 0 1 0 0 0 0 0 1 0 0 1 0 1 0 1
60	3	0 1 1 0 1 0 0 0 0 0 0 1 0 0 0 0
60	7	0 1 0 0 1 0 0 0 0 0 0 1 0 0 1 0
60	8	1 0 1 0 1 0 0 1 1 0 0 1 0 1 0 1
60	21	1 1 1 0 0 0 0 0 1 0 0 1 0 1 0 1
60	6	1 0 1 1 0 1 0 0 1 1 1 0 0 0 1 0
60	7	1 0 1 1 0 0 0 0 0 1 1 0 0 0 1 0
60	1	0 1 0 0 0 0 1 1 0 0 0 0 0 1 0 0
60	1	1 0 1 0 0 0 0 0 1 0 0 0 0 1 1 1
60	4	1 0 1 0 0 0 1 1 0 0 0 0 0 0 0 0
60	3	1 0 0 1 0 0 0 0 0 1 1 0 0 0 1 0
60	9	0 1 0 0 1 1 0 0 1 0 0 0 0 1 0 1
60	13	0 1 1 0 1 0 0 0 1 1 1 0 0 0 1 0
60	5	0 1 0 0 1 1 0 0 0 0 0 1 0 0 1 0
60	30	0 1 1 0 0 0 0 0 1 0 0 0 0 1 0 1
60	10	1 0 1 1 0 0 0 0 1 0 0 1 0 1 0 1
60	3	0 0 1 1 0 0 0 0 1 0 0 1 0 1 0 1
60	2	0 1 1 0 0 1 0 0 1 1 1 0 0 0 0 0
60	37	0 1 1 0 1 0 0 0 1 1 1 0 0 1 1 0
60	3	1 0 1 0 0 0 0 1 1 0 0 1 0 1 0 1
60	9	0 1 0 0 0 0 0 0 1 1 1 0 0 0 1 0
60	16	1 0 1 0 0 0 0 0 1 0 0 0 0 0 1 0
60	4	1 0 1 0 0 0 0 0 1 1 0 1 0 1 0 1
60	7	1 0 1 1 0 1 1 0 1 1 1 0 0 0 1 0
60	8	1 0 1 1 0 1 0 0 1 1 0 0 0 1 0 0
60	4	1 1 1 0 0 0 0 0 1 1 1 1 0 0 1 0
60	12	1 1 1 0 0 0 0 0 1 1 1 0 0 0 0 0
60	4	0 1 1 0 1 0 0 0 1 1 1 0 1 0 1 0
60	10	1 0 1 0 1 0 0 0 1 1 1 0 0 0 0 0
60	9	1 1 0 0 1 0 0 0 0 0 0 1 0 0 0 0
60	5	1 0 1 0 0 1 0 0 1 0 0 1 0 1 0 1
60	5	1 0 1 0 0 0 0 0 0 1 0 1 0 1 0 1
60	3	1 0 1 0 0 0 0 1 1 0 0 1 0 1 0 0
60	1	1 0 1 0 1 0 0 0 1 0 0 1 0 1 0 1
60	4	1 0 1 0 0 0 0 0 1 0 0 1 0 1 0 0
60	3	0 0 1 0 0 0 0 0 1 0 0 0 0 0 1 0
60	12	0 1 1 1 0 0 0 0 1 1 1 0 0 0 1 0
60	14	1 0 1 0 1 0 0 0 1 0 0 0 0 1 0 1
60	1	0 1 1 0 0 0 0 0 1 0 1 0 0 0 1 0
60	5	1 0 0 0 0 0 0 0 1 1 1 0 0 0 1 0
60	2	1 1 1 0 0 0 0 0 1 0 0 0 0 1 0 1
60	8	0 1 1 0 0 0 0 0 1 1 0 0 0 0 1 0
60	4	0 1 1 0 0 0 0 0 0 1 1 0 0 0 1 0
60	2	0 1 1 0 0 0 0 0 1 1 1 0 0 0 1 1
60	8	1 0 1 1 0 0 0 0 0 1 1 0 0 0 1 1
60	2	0 1 0 0 0 1 1 1 0 0 0 0 0 1 0 0
60	11	0 1 0 1 1 0 0 0 0 0 0 1 0 0 1 0
60	4	1 1 1 0 0 0 0 0 0 1 0 0 0 0 1 0
60	11	1 0 1 0 0 0 0 1 1 0 0 0 0 0 1 0
60	4	1 0 0 0 0 0 0 0 1 1 1 0 0 0 0 0
60	15	1 1 1 0 0 1 0 0 1 1 1 0 0 0 0 0
60	4	0 1 1 0 0 0 0 0 0 1 0 0 0 0 1 0
60	3	0 0 1 0 0 0 0 0 1 0 0 1 0 0 0 1
60	3	1 0 1 0 1 0 1 0 1 1 1 0 0 0 0 0
60	5	0 1 1 1 0 0 0 0 0 1 1 0 0 0 1 0
60	14	0 1 1 1 0 1 0 0 1 1 1 0 0 0 1 0
60	19	0 1 0 0 1 1 0 0 1 1 1 0 0 0 1 0
60	3	1 0 1 0 0 0 0 1 1 1 1 0 0 0 1 0
60	1	1 1 1 0 0 0 1 0 1 0 0 1 0 1 0 1
60	3	0 1 0 0 1 1 1 0 1 0 0 0 0 1 0 1
60	3	1 0 1 0 0 1 0 0 1 1 0 1 0 1 0 1
60	5	0 1 1 0 0 0 0 0 1 1 1 1 0 0 1 0
60	4	1 1 1 0 0 0 0 0 1 0 1 0 0 0 1 0
60	6	1 0 1 0 0 0 0 1 1 0 0 0 0 1 0 1
60	4	0 0 1 0 0 0 0 0 0 1 1 0 0 0 1 0
60	2	0 1 0 0 1 0 0 0 0 0 0 1 0 1 0 0
60	4	1 1 1 0 0 0 0 0 1 0 0 1 0 1 0 0
60	1	0 0 0 0 0 0 0 0 1 1 1 0 0 0 0 0
60	6	1 0 1 1 1 0 0 0 0 1 1 0 0 0 1 0
60	1	0 1 0 0 1 1 0 0 1 0 0 0 0 0 0 1
60	3	0 1 0 0 0 0 0 0 1 0 1 0 0 0 1 0
60	2	1 0 1 0 0 0 0 0 1 1 1 0 0 1 1 0
60	8	1 0 0 0 0 0 0 0 1 1 1 0 0 0 0 1
60	1	0 1 1 0 0 0 0 1 1 1 1 0 0 0 1 0
60	2	1 0 0 0 0 0 1 1 0 0 0 0 0 1 0 0
60	2	1 0 1 0 0 1 1 0 1 1 1 0 0 0 1 0
60	3	1 0 1 0 1 1 0 0 1 1 1 0 0 0 0 0
60	3	1 1 1 0 1 0 0 0 1 0 1 1 0 0 0 1
60	3	0 1 0 0 1 1 0 0 1 0 0 1 0 1 0 1
60	1	0 1 1 0 0 0 0 0 1 0 0 0 0 0 1 0
60	2	0 1 0 0 0 0 0 0 1 1 1 0 0 0 0 0
60	3	1 0 1 0 0 1 0 0 1 0 0 0 0 0 1 0
60	4	0 1 1 1 1 0 0 0 1 1 1 0 0 1 1 0
60	2	0 1 0 0 1 0 0 0 1 1 1 0 0 0 1 0
60	5	1 1 1 0 0 0 0 1 1 1 1 0 0 0 0 0
60	1	0 0 1 0 0 0 0 0 1 1 1 0 0 0 1 0
60	1	1 1 0 0 1 1 0 0 1 1 0 1 0 1 0 1
60	2	0 1 1 0 0 0 1 1 0 0 0 0 0 1 0 0
60	1	0 1 1 1 0 1 0 0 1 0 0 1 0 1 0 1
60	1	0 0 0 0 0 0 1 1 0 1 0 0 0 1 0 0
60	2	0 1 1 0 0 0 0 0 1 0 1 0 0 1 0 1
60	2	1 1 1 1 0 0 0 0 0 1 0 0 0 0 1 0
80	60	1 0 1 0 0 0 0 0 1 0 0 1 0 1 0 1
80	156	0 1 1 0 0 0 0 0 1 1 1 0 0 0 1 0
80	74	1 1 1 0 0 0 0 0 1 1 1 0 0 0 1 0
80	19	1 0 1 0 0 0 0 0 1 1 1 0 0 0 1 0
80	1	1 0 1 0 0 0 0 0 1 0 0 1 0 1 1 1
80	5	0 1 1 0 0 0 0 0 1 0 0 1 0 1 0 1
80	26	0 0 1 0 0 0 0 0 1 0 0 1 0 1 0 1
80	67	1 1 1 0 0 0 0 0 1 0 0 1 0 1 0 1
80	10	1 0 1 1 0 1 0 0 1 1 1 0 0 0 1 0
80	24	1 0 1 0 0 0 1 1 0 0 0 0 0 0 0 0
80	7	1 0 0 1 0 0 0 0 0 1 1 0 0 0 1 0
80	4	0 1 0 0 1 1 0 0 1 0 0 0 0 1 0 1
80	3	0 1 1 0 1 0 0 0 1 1 1 0 0 0 1 0
80	16	0 1 1 0 0 0 0 0 1 0 0 0 0 1 0 1
80	14	0 1 1 0 0 1 0 0 1 1 1 0 0 0 0 0
80	1	0 1 1 0 1 0 0 0 1 1 1 0 0 1 1 0
80	4	0 1 0 0 0 0 0 0 1 1 1 0 0 0 1 0
80	2	1 0 1 1 0 1 1 0 1 1 1 0 0 0 1 0
80	21	1 0 1 1 0 1 0 0 1 1 0 0 0 1 0 0
80	2	1 1 1 0 0 0 0 0 1 1 1 0 0 0 0 0
80	16	1 0 1 0 1 0 0 0 1 1 1 0 0 0 0 0
80	3	1 0 1 0 0 0 0 0 0 1 0 1 0 1 0 1
80	9	1 0 1 0 0 0 0 1 1 0 0 1 0 1 0 0
80	24	0 1 1 1 0 0 0 0 1 1 1 0 0 0 1 0
80	18	1 0 1 0 1 0 0 0 1 0 0 0 0 1 0 1
80	14	1 1 1 0 0 0 0 0 1 0 0 0 0 1 0 1
80	6	0 1 1 0 0 0 0 0 1 1 0 0 0 0 1 0
80	13	0 1 1 0 0 0 0 0 1 1 1 0 0 0 1 1
80	15	1 1 1 0 0 0 0 0 0 1 0 0 0 0 1 0
80	28	1 1 1 0 0 1 0 0 1 1 1 0 0 0 0 0
80	2	1 0 1 0 1 0 1 0 1 1 1 0 0 0 0 0
80	3	0 1 1 1 0 1 0 0 1 1 1 0 0 0 1 0
80	7	1 1 1 0 0 0 1 0 1 0 0 1 0 1 0 1
80	7	0 1 1 0 0 0 0 0 1 1 1 1 0 0 1 0
80	19	0 0 1 0 0 0 0 0 0 1 1 0 0 0 1 0
80	4	1 0 1 1 1 0 0 0 0 1 1 0 0 0 1 0
80	4	1 1 1 0 1 0 0 0 1 0 1 1 0 0 0 1
80	11	0 1 1 1 1 0 0 0 1 1 1 0 0 1 1 0
80	5	1 1 0 0 1 1 0 0 1 1 0 1 0 1 0 1
80	11	0 1 1 0 0 0 0 0 1 1 1 0 0 0 0 1
80	2	1 1 1 0 0 0 0 0 0 1 1 1 0 0 1 0
80	7	0 1 1 1 0 0 0 0 1 0 1 0 0 0 1 0
80	14	1 1 0 0 0 0 0 0 1 1 1 0 0 0 0 1
80	12	0 1 1 0 0 0 0 0 1 1 1 0 0 1 1 0
80	7	1 0 1 1 0 0 0 0 1 0 0 0 0 0 1 0
80	2	1 1 1 0 0 0 0 0 1 1 0 0 0 0 1 0
80	7	1 1 1 0 1 0 0 0 1 1 1 0 0 1 1 0
80	2	0 1 1 0 0 1 0 0 1 0 1 0 0 0 0 0
80	8	1 1 1 0 0 1 0 0 0 1 0 0 0 0 1 0
80	5	1 0 1 0 0 0 0 1 1 0 0 0 0 0 1 1
80	5	0 1 0 0 0 1 1 1 0 0 0 0 0 1 0 0
80	7	0 1 1 0 0 0 1 0 1 1 1 0 0 0 1 0
80	3	0 1 1 1 0 0 0 0 1 1 1 1 0 0 1 0
80	7	0 1 1 0 1 0 0 0 1 1 1 0 0 0 0 0
80	3	1 1 1 1 0 0 0 0 0 1 1 0 0 0 1 0
80	1	1 0 1 0 1 0 1 0 1 1 0 0 0 0 0 0
80	17	1 1 1 0 0 0 0 1 1 1 1 0 0 0 1 0
80	3	0 0 1 1 0 0 0 0 0 1 1 0 0 0 1 0
80	1	1 0 1 0 1 0 0 0 1 0 0 1 0 1 0 1
80	14	0 0 1 0 0 0 0 0 1 1 1 0 0 0 1 0
80	11	1 0 1 0 0 0 0 0 1 0 0 0 0 0 0 0
80	6	1 1 1 0 0 0 1 0 1 0 0 0 0 1 0 0
80	7	1 0 1 1 0 0 0 0 0 1 1 0 1 0 1 0
80	6	0 1 1 1 0 0 0 0 1 1 1 0 0 0 0 0
80	3	0 1 1 0 0 0 1 1 0 0 1 0 0 1 0 0
80	5	1 0 1 0 0 0 0 0 1 0 0 1 0 0 1 0
80	4	0 0 1 0 0 0 0 0 1 1 1 1 0 0 1 0
80	1	0 0 1 0 0 1 0 0 1 0 1 0 0 0 0 0
80	9	1 0 0 1 0 0 0 0 1 1 1 0 1 0 1 0
80	3	1 0 1 0 1 0 0 1 1 1 1 0 0 0 1 0
80	1	0 0 1 1 0 0 0 0 1 0 0 1 0 1 0 1
80	2	0 1 1 1 0 1 0 0 1 1 1 0 0 0 0 0
80	2	0 1 1 0 1 1 0 0 1 1 1 0 0 1 1 0
80	1	1 1 1 0 1 0 1 0 1 1 1 0 0 0 0 0
80	2	0 1 0 0 1 1 0 0 1 0 0 1 0 1 0 1
80	5	0 1 1 0 1 0 0 0 1 1 1 0 0 0 0 1
80	1	0 1 1 0 1 0 0 0 0 1 1 0 0 0 1 0
80	4	1 1 0 0 0 0 0 0 1 1 1 0 0 0 1 0
80	3	0 1 1 1 0 1 0 0 1 0 1 0 0 0 1 0
80	3	1 0 1 1 0 0 0 0 0 1 1 0 0 0 1 0
80	2	1 0 1 0 0 0 0 0 0 1 1 0 0 0 1 0
80	7	1 0 1 0 0 0 0 0 1 1 0 0 0 0 1 0
80	1	1 0 0 0 0 0 0 0 1 1 1 0 0 0 1 0
80	5	0 1 1 1 0 0 0 0 1 0 0 1 0 1 0 1
80	3	0 1 1 1 0 0 0 0 1 1 1 0 0 0 0 1
80	3	1 0 1 0 1 0 0 0 1 1 1 0 0 0 1 0
80	2	1 0 0 0 0 0 1 1 0 0 0 0 0 0 0 0
80	4	0 1 1 1 0 1 0 0 1 1 1 1 0 0 1 0
80	2	1 1 1 1 0 0 0 0 1 1 1 1 0 0 1 0
80	1	1 0 1 0 0 1 0 0 1 0 0 0 0 0 0 0
80	2	1 1 1 0 0 0 0 0 1 1 1 0 0 1 0 1
80	1	1 1 1 0 0 0 0 0 1 0 0 1 0 1 0 0
80	1	0 1 1 0 0 1 0 0 1 1 1 0 0 0 1 0
80	1	1 1 1 0 1 0 0 0 1 1 1 0 0 0 1 0
80	1	1 1 1 0 0 0 1 0 1 1 1 0 0 0 1 0
80	1	0 1 1 1 0 0 0 0 1 1 0 0 0 0 1 0
80	1	0 0 1 0 0 0 0 0 1 1 1 0 0 0 1 1
80	3	0 0 1 0 0 0 0 0 0 1 0 0 0 0 1 0
80	1	1 1 1 0 0 1 0 0 0 1 0 0 0 0 0 0
80	2	0 1 1 1 0 1 0 0 1 1 0 0 0 0 0 0
80	1	1 1 1 1 0 0 0 0 1 0 1 0 0 0 1 0
80	1	1 0 1 1 0 1 0 0 1 0 1 0 0 0 1 0
80	2	0 1 0 0 0 1 1 1 0 0 0 0 0 1 1 0
80	2	1 1 1 0 1 0 0 0 0 1 1 0 0 0 1 0
80	4	1 1 1 0 0 0 0 0 1 0 0 1 0 0 1 0
80	1	0 1 1 0 0 0 1 0 1 1 1 0 0 1 0 0
80	1	0 1 1 0 1 0 0 0 1 1 1 0 1 0 1 0
80	1	1 1 1 1 0 1 1 0 1 1 1 0 0 0 1 0
80	2	0 1 1 0 0 1 0 0 1 0 1 0 0 1 0 0
100	135	0 1 1 0 0 0 0 0 1 1 1 0 0 0 1 0
100	32	1 1 1 0 0 0 0 0 1 1 1 0 0 0 1 0
100	21	1 0 1 0 0 0 0 0 1 1 1 0 0 0 1 0
100	13	0 0 1 0 0 0 0 0 1 0 0 1 0 1 0 1
100	23	1 1 1 0 0 0 0 0 1 0 0 1 0 1 0 1
100	21	1 0 1 0 0 0 1 1 0 0 0 0 0 0 0 0
100	2	1 0 0 1 0 0 0 0 0 1 1 0 0 0 1 0
100	24	0 1 1 0 0 0 0 0 1 0 0 0 0 1 0 1
100	34	0 1 1 0 0 1 0 0 1 1 1 0 0 0 0 0
100	28	1 0 1 1 0 1 0 0 1 1 0 0 0 1 0 0
100	13	1 0 1 0 1 0 0 0 1 1 1 0 0 0 0 0
100	6	1 1 1 0 0 0 0 0 1 0 0 0 0 1 0 1
100	11	1 1 1 0 0 0 0 0 0 1 0 0 0 0 1 0
100	117	1 1 1 0 0 1 0 0 1 1 1 0 0 0 0 0
100	11	0 1 1 1 0 1 0 0 1 1 1 0 0 0 1 0
100	4	1 1 1 0 0 0 1 0 1 0 0 1 0 1 0 1
100	4	0 1 1 0 0 0 0 0 1 1 1 1 0 0 1 0
100	26	0 0 1 0 0 0 0 0 0 1 1 0 0 0 1 0
100	13	1 1 1 0 1 0 0 0 1 0 1 1 0 0 0 1
100	13	0 1 1 1 1 0 0 0 1 1 1 0 0 1 1 0
100	12	1 1 0 0 1 1 0 0 1 1 0 1 0 1 0 1
100	11	0 1 1 0 0 0 0 0 1 1 1 0 0 0 0 1
100	1	1 1 1 0 0 0 0 0 0 1 1 1 0 0 1 0
100	5	0 1 1 0 0 0 0 0 1 1 1 0 0 1 1 0
100	4	1 0 1 0 0 0 0 1 1 0 0 0 0 0 1 1
100	18	0 1 1 0 1 0 0 0 1 1 1 0 0 0 0 0
100	40	1 1 1 1 0 0 0 0 0 1 1 0 0 0 1 0
100	10	1 1 1 0 0 0 0 1 1 1 1 0 0 0 1 0
100	18	0 1 1 1 0 0 0 0 1 1 1 0 0 0 0 0
100	18	1 0 0 1 0 0 0 0 1 1 1 0 1 0 1 0
100	2	0 1 1 0 1 1 0 0 1 1 1 0 0 1 1 0
100	12	0 1 1 0 1 0 0 0 1 1 1 0 0 0 0 1
100	12	1 0 1 0 0 0 0 0 1 1 0 0 0 0 1 0
100	16	0 1 1 1 0 0 0 0 1 1 1 0 0 0 0 1
100	1	0 0 1 0 0 0 0 0 0 1 0 0 0 0 1 0
100	15	0 1 1 1 0 1 0 0 1 1 0 0 0 0 0 0
100	8	1 1 1 0 1 0 0 0 0 1 1 0 0 0 1 0
100	18	1 1 1 0 0 0 0 0 1 0 0 1 0 0 1 0
100	2	0 1 1 1 1 0 1 0 1 1 1 0 0 1 1 0
100	1	1 0 1 0 0 0 1 1 1 0 0 0 0 0 1 1
100	6	1 1 1 1 0 0 0 0 0 0 1 0 0 0 1 0
100	6	1 0 1 1 0 0 0 0 1 1 1 0 1 0 1 0
100	17	1 1 1 0 0 0 0 0 1 1 1 0 0 1 0 1
100	1	0 0 1 0 0 0 0 0 0 1 1 0 0 0 0 0
100	4	0 1 1 0 1 0 0 0 1 1 1 0 0 0 1 0
100	1	0 1 1 1 1 0 0 0 1 1 1 0 0 0 1 0
100	5	1 1 1 0 0 0 0 0 1 1 1 1 0 0 1 0
100	7	1 1 1 0 0 0 0 0 1 1 0 0 0 0 1 0
100	2	0 1 1 0 0 0 0 0 1 1 1 0 1 0 1 0
100	4	1 1 1 1 0 0 0 0 1 0 0 1 0 1 0 1
100	1	1 1 0 0 0 0 0 0 1 1 1 0 0 0 1 0
100	3	0 1 0 1 0 0 0 0 1 1 1 0 0 0 0 0
100	19	0 1 1 0 0 0 0 0 0 1 1 0 0 0 1 0
100	3	1 0 0 1 0 1 0 0 1 1 1 0 1 0 1 0
100	2	1 0 1 0 0 0 0 0 1 0 0 1 0 0 1 0
100	1	1 0 1 0 0 0 1 1 0 0 0 0 0 0 1 0
100	3	1 1 1 0 0 1 0 0 1 1 1 0 0 0 1 0
100	2	1 1 0 0 1 1 0 0 1 1 0 1 1 1 0 1
100	1	1 1 1 0 0 0 0 0 1 1 0 1 0 0 1 0
100	2	0 1 1 1 0 0 0 0 1 1 1 0 0 1 0 1
100	1	1 0 1 0 0 0 1 0 1 0 0 1 0 0 1 0
100	2	1 1 1 0 0 0 0 0 0 1 1 0 0 0 1 0
100	7	1 1 1 1 1 0 0 0 1 0 1 0 0 1 1 0
100	19	0 1 1 0 0 0 1 0 1 1 1 0 0 0 1 0
100	2	1 1 1 0 0 1 0 0 1 0 1 0 0 0 0 0
100	1	0 1 1 1 0 0 0 0 1 0 0 0 0 1 0 1
100	3	0 1 1 0 0 0 0 0 1 0 0 0 0 0 0 1
100	4	1 1 1 0 1 0 0 0 1 1 1 1 0 0 0 1
100	2	1 0 1 0 0 0 0 0 1 1 0 0 0 1 1 0
100	5	1 0 1 0 1 1 0 0 1 1 1 0 0 0 0 1
100	1	0 1 1 0 0 1 0 0 1 1 0 0 0 1 0 0
100	3	0 0 0 1 0 0 0 0 1 1 1 0 1 0 1 0
100	4	1 1 1 0 0 1 0 0 1 1 1 0 1 0 1 0
100	9	0 1 1 0 0 0 0 0 0 1 1 1 0 0 1 0
100	4	1 1 0 0 1 1 0 0 1 1 0 1 0 1 1 0
100	3	1 1 1 1 0 0 0 0 1 1 1 0 0 0 1 0
100	4	1 1 1 1 0 0 0 0 0 0 1 0 1 0 1 0
100	3	0 1 1 0 0 0 0 0 1 0 1 0 0 1 0 1
100	1	1 0 1 1 0 1 0 0 1 1 1 0 0 1 0 0
100	1	0 1 1 0 0 0 0 1 1 1 1 0 0 1 1 0
100	1	1 1 1 0 0 1 0 0 1 1 1 0 0 0 1 1
100	2	1 1 1 1 1 0 0 0 1 0 1 0 0 1 0 0
100	2	1 1 1 0 0 1 1 0 1 0 1 0 0 0 0 0
100	4	0 1 1 0 0 0 0 0 1 0 0 0 1 0 0 1
100	6	1 0 1 0 1 0 0 0 1 1 1 0 0 0 1 0
100	1	0 0 1 0 0 0 0 0 1 1 1 0 0 0 1 0
100	1	1 0 1 0 1 1 0 0 1 1 1 0 0 0 0 0
100	3	1 1 1 0 0 1 1 0 1 1 1 0 0 0 0 0
100	3	1 1 1 0 0 1 0 0 0 1 1 0 0 0 0 0
100	2	1 1 1 0 1 1 0 0 1 1 1 0 0 0 0 0
100	6	0 0 1 1 0 1 0 0 1 1 0 0 0 0 0 0
100	3	1 1 1 0 1 0 0 0 1 0 1 0 0 1 1 0
100	2	1 1 1 0 0 1 0 0 1 0 1 0 1 0 0 0
100	1	0 1 1 1 0 1 0 0 1 1 0 0 0 1 0 0
100	2	0 0 1 0 0 0 0 0 1 1 0 1 0 1 0 1
100	2	0 1 1 1 1 0 0 0 1 1 1 0 0 0 0 0
100	1	0 1 1 0 1 1 0 0 1 1 1 0 0 0 0 1
100	3	1 1 1 1 0 0 0 0 1 1 1 0 0 0 0 0
100	1	1 1 1 0 0 0 0 0 1 1 1 0 0 0 0 0
100	3	0 1 1 0 0 0 0 0 1 1 0 0 0 0 1 0
100	1	1 0 1 0 0 0 1 1 0 0 0 1 0 0 0 0
100	4	0 1 1 0 0 0 0 0 1 1 1 0 1 1 1 0
100	1	0 1 1 1 0 0 0 0 0 1 1 0 0 0 1 0
100	1	0 0 0 0 0 0 0 0 1 1 1 0 1 0 1 0
120	42	0 1 1 0 0 0 0 0 1 1 1 0 0 0 1 0
120	9	1 1 1 0 0 0 0 0 1 1 1 0 0 0 1 0
120	10	1 0 1 0 0 0 0 0 1 1 1 0 0 0 1 0
120	12	0 0 1 0 0 0 0 0 1 0 0 1 0 1 0 1
120	2	1 1 1 0 0 0 0 0 1 0 0 1 0 1 0 1
120	64	1 0 1 0 0 0 1 1 0 0 0 0 0 0 0 0
120	30	0 1 1 0 0 1 0 0 1 1 1 0 0 0 0 0
120	41	1 0 1 1 0 1 0 0 1 1 0 0 0 1 0 0
120	6	1 0 1 0 1 0 0 0 1 1 1 0 0 0 0 0
120	160	1 1 1 0 0 1 0 0 1 1 1 0 0 0 0 0
120	1	0 1 1 1 0 1 0 0 1 1 1 0 0 0 1 0
120	20	0 1 1 0 0 0 0 0 1 1 1 1 0 0 1 0
120	5	1 1 0 0 1 1 0 0 1 1 0 1 0 1 0 1
120	3	0 1 1 0 0 0 0 0 1 1 1 0 0 0 0 1
120	12	0 1 1 0 1 0 0 0 1 1 1 0 0 0 0 0
120	65	1 1 1 1 0 0 0 0 0 1 1 0 0 0 1 0
120	3	1 0 0 1 0 0 0 0 1 1 1 0 1 0 1 0
120	7	0 1 1 0 1 0 0 0 1 1 1 0 0 0 0 1
120	21	0 1 1 1 0 0 0 0 1 1 1 0 0 0 0 1
120	4	0 1 1 1 0 1 0 0 1 1 0 0 0 0 0 0
120	14	1 1 1 0 0 0 0 0 1 0 0 1 0 0 1 0
120	5	0 1 1 1 1 0 1 0 1 1 1 0 0 1 1 0
120	8	1 1 1 1 0 0 0 0 0 0 1 0 0 0 1 0
120	6	1 1 1 0 0 0 0 0 1 1 1 0 0 1 0 1
120	28	0 1 1 0 1 0 0 0 1 1 1 0 0 0 1 0
120	3	1 1 1 0 0 0 0 0 1 1 1 1 0 0 1 0
120	9	1 1 1 0 0 1 0 0 1 1 1 0 0 0 1 0
120	4	0 1 1 0 0 0 1 0 1 1 1 0 0 0 1 0
120	20	1 1 1 0 0 1 0 0 1 0 1 0 0 0 0 0
120	1	0 1 1 0 0 0 0 0 0 1 1 1 0 0 1 0
120	9	1 1 1 0 0 1 1 0 1 0 1 0 0 0 0 0
120	1	0 0 1 0 0 0 0 0 1 1 1 0 0 0 1 0
120	1	1 1 1 0 0 1 1 0 1 1 1 0 0 0 0 0
120	19	1 1 1 0 0 1 0 0 0 1 1 0 0 0 0 0
120	1	0 0 1 0 0 0 0 0 1 1 0 1 0 1 0 1
120	12	0 1 1 1 1 0 0 0 1 1 1 0 0 0 0 0
120	4	1 1 1 1 0 0 0 0 1 1 1 0 0 0 0 0
120	23	0 1 1 0 0 0 0 0 1 1 1 0 0 0 0 0
120	10	1 1 1 1 0 1 0 0 1 1 1 0 0 0 0 0
120	2	1 1 1 1 0 1 0 0 0 1 1 0 0 0 1 0
120	1	1 1 0 0 1 0 0 0 1 0 1 0 0 1 1 0
120	10	0 1 1 0 1 0 0 1 1 1 1 0 0 0 0 0
120	12	0 1 1 0 0 0 0 0 0 1 1 1 0 1 1 0
120	8	0 1 1 0 0 0 1 0 1 1 1 0 0 0 0 0
120	18	1 1 1 0 0 1 0 0 1 1 1 0 1 0 0 0
120	7	1 0 0 1 1 0 0 0 1 1 1 0 1 0 1 0
120	12	0 1 1 0 0 0 1 0 0 1 1 0 0 0 1 0
120	10	1 0 1 0 0 0 0 0 1 0 0 1 0 0 1 0
120	6	1 1 1 0 0 0 1 1 0 0 0 0 0 0 0 0
120	5	0 1 1 1 0 1 0 0 1 1 0 0 0 0 0 1
120	3	0 1 1 0 0 0 0 0 1 0 0 0 1 0 0 0
120	13	1 1 1 0 0 1 0 0 1 1 0 0 0 0 0 0
120	1	0 1 1 0 0 0 0 0 1 1 1 0 0 1 0 1
120	12	1 0 1 1 0 1 0 0 1 1 1 0 0 1 0 0
120	9	1 0 1 0 0 1 0 0 1 1 1 0 0 0 0 0
120	2	1 1 1 1 0 0 0 1 0 1 1 0 0 0 1 0
120	11	0 1 1 1 1 0 0 0 1 1 1 1 0 0 0 0
120	2	0 0 1 0 1 0 0 0 1 1 1 0 0 0 0 0
120	10	1 0 1 0 0 1 0 0 1 0 0 1 0 1 0 1
120	1	0 1 1 0 0 0 1 0 1 1 1 0 0 1 0 1
120	5	0 1 1 1 0 0 0 0 1 1 1 0 0 0 0 0
120	8	1 1 1 1 0 1 0 0 1 1 0 0 0 0 0 1
120	3	1 1 1 0 0 1 0 0 1 1 1 0 0 1 0 0
120	2	1 1 1 0 1 0 0 0 1 1 1 0 0 0 1 0
120	2	1 1 0 0 1 0 1 0 1 0 1 0 0 1 1 0
120	2	1 0 1 0 0 0 0 0 0 1 1 1 0 0 1 0
120	12	0 1 1 1 0 0 0 0 1 1 1 0 0 0 1 0
120	9	1 1 1 0 0 0 0 0 1 1 1 0 0 0 0 0
120	1	1 0 1 0 0 1 0 1 0 0 0 0 0 0 0 0
120	6	0 0 1 1 0 1 0 0 1 1 0 0 0 1 0 0
120	2	1 1 1 0 0 0 1 0 1 0 0 1 0 1 0 1
120	1	1 0 0 1 0 0 0 0 0 1 1 0 0 0 0 0
120	3	1 1 1 1 0 0 0 0 0 1 1 0 0 0 1 1
120	6	0 0 1 0 1 0 0 0 0 1 1 0 0 0 0 0
120	4	1 0 1 0 0 0 0 0 1 1 0 0 0 1 0 0
120	2	1 1 1 0 0 0 0 0 1 0 1 0 0 1 0 1
120	4	1 1 1 0 0 1 0 0 1 0 1 0 1 0 0 0
120	3	1 1 1 1 0 0 0 1 0 1 1 1 0 0 1 0
120	2	1 1 1 0 0 0 0 0 1 1 0 1 0 1 0 1
120	17	1 0 1 0 0 0 1 1 0 0 0 1 0 0 0 0
120	3	0 0 1 1 0 0 0 0 1 1 1 0 0 0 1 0
120	2	1 0 1 1 0 1 0 0 1 1 0 0 0 0 0 1
120	3	0 0 1 0 0 0 0 0 1 0 0 1 0 1 1 0
120	4	1 0 1 1 0 1 1 1 0 0 0 0 0 0 0 0
120	1	0 1 1 0 0 1 1 0 1 1 1 0 0 0 1 0
120	4	1 1 1 1 0 0 0 0 1 0 1 0 0 0 1 0
120	1	1 0 1 1 0 1 0 1 0 0 0 0 0 0 0 0
120	3	0 1 1 1 1 0 0 0 1 1 1 0 0 0 1 0
120	2	1 1 1 0 0 0 0 0 0 1 1 1 0 1 1 0
120	3	1 1 0 0 0 1 0 0 1 0 0 1 0 1 0 1
120	2	1 1 1 1 1 0 0 0 1 1 1 0 0 0 1 0
120	3	0 0 1 0 1 0 0 0 0 1 1 0 0 0 0 1
120	1	1 0 1 0 0 1 0 0 1 1 1 0 0 0 1 0
120	1	0 1 1 0 0 1 0 0 1 0 0 1 0 1 0 1
120	2	1 1 1 0 0 0 0 0 1 1 1 1 0 0 0 0
120	1	1 0 0 1 1 0 0 0 1 1 1 0 0 0 0 0
120	1	0 0 1 0 1 0 1 0 1 1 1 0 0 1 1 0
120	1	1 0 1 1 0 0 0 0 1 1 1 0 0 0 0 1
120	2	1 1 1 1 0 0 0 0 0 1 1 1 0 0 1 0
120	2	0 1 1 1 0 0 0 0 1 1 1 0 0 0 1 1
120	3	1 1 1 0 1 0 0 0 1 0 0 1 0 0 1 0
120	1	1 1 1 0 0 1 0 0 1 0 1 1 0 0 0 0
120	3	1 1 1 0 0 1 0 0 1 0 1 0 0 0 1 0
120	3	1 1 1 0 1 1 0 0 0 1 1 0 0 0 0 0
120	1	1 1 1 1 0 1 0 0 0 1 1 0 0 0 1 1
120	1	0 1 1 1 0 0 0 0 0 1 1 1 0 1 1 0
120	2	1 0 1 0 0 1 0 0 1 1 1 0 0 1 0 0
140	42	0 1 1 0 0 0 0 0 1 1 1 0 0 0 1 0
140	24	1 0 1 0 0 0 1 1 0 0 0 0 0 0 0 0
140	3	0 1 1 0 0 1 0 0 1 1 1 0 0 0 0 0
140	10	1 0 1 1 0 1 0 0 1 1 0 0 0 1 0 0
140	3	1 0 1 0 1 0 0 0 1 1 1 0 0 0 0 0
140	84	1 1 1 0 0 1 0 0 1 1 1 0 0 0 0 0
140	23	1 1 1 1 0 0 0 0 0 1 1 0 0 0 1 0
140	3	0 1 1 0 1 0 0 0 1 1 1 0 0 0 0 1
140	16	0 1 1 1 0 0 0 0 1 1 1 0 0 0 0 1
140	4	0 1 1 1 0 1 0 0 1 1 0 0 0 0 0 0
140	1	0 1 1 1 1 0 1 0 1 1 1 0 0 1 1 0
140	20	1 1 1 1 0 0 0 0 0 0 1 0 0 0 1 0
140	29	0 1 1 0 1 0 0 0 1 1 1 0 0 0 1 0
140	14	0 1 1 0 0 0 1 0 1 1 1 0 0 0 1 0
140	28	1 1 1 0 0 1 0 0 1 0 1 0 0 0 0 0
140	17	1 1 1 0 0 1 1 0 1 0 1 0 0 0 0 0
140	5	1 1 1 0 0 1 0 0 0 1 1 0 0 0 0 0
140	13	0 1 1 1 1 0 0 0 1 1 1 0 0 0 0 0
140	27	0 1 1 0 0 0 0 0 1 1 1 0 0 0 0 0
140	20	1 1 1 1 0 1 0 0 1 1 1 0 0 0 0 0
140	7	0 1 1 0 1 0 0 1 1 1 1 0 0 0 0 0
140	11	0 1 1 0 0 0 0 0 0 1 1 1 0 1 1 0
140	20	1 1 1 0 0 1 0 0 1 1 1 0 1 0 0 0
140	3	1 0 0 1 1 0 0 0 1 1 1 0 1 0 1 0
140	13	1 0 1 0 0 0 0 0 1 0 0 1 0 0 1 0
140	38	1 1 1 0 0 0 1 1 0 0 0 0 0 0 0 0
140	38	1 1 1 0 0 1 0 0 1 1 0 0 0 0 0 0
140	22	1 0 1 0 0 1 0 0 1 1 1 0 0 0 0 0
140	3	1 0 1 0 0 1 0 0 1 0 0 1 0 1 0 1
140	5	1 1 1 1 0 1 0 0 1 1 0 0 0 0 0 1
140	11	1 1 1 0 0 1 0 0 1 1 1 0 0 1 0 0
140	38	0 1 1 1 0 0 0 0 1 1 1 0 0 0 1 0
140	4	1 1 1 1 0 0 0 0 0 1 1 0 0 0 1 1
140	19	1 1 1 0 0 1 0 0 1 0 1 0 1 0 0 0
140	7	1 1 1 1 0 0 0 1 0 1 1 1 0 0 1 0
140	18	1 1 1 0 0 0 0 0 1 1 0 1 0 1 0 1
140	6	1 0 1 1 0 0 0 0 1 1 1 0 0 0 0 1
140	19	1 1 1 1 0 0 0 0 0 1 1 1 0 0 1 0
140	14	0 1 1 1 0 0 0 0 1 1 1 0 0 0 1 1
140	4	1 1 1 0 0 1 0 0 1 0 1 0 0 0 1 0
140	7	1 1 1 0 1 1 0 0 0 1 1 0 0 0 0 0
140	10	1 0 1 0 0 1 0 0 1 1 1 0 0 1 0 0
140	1	1 0 1 0 0 0 1 1 0 0 0 0 1 0 0 0
140	20	1 1 1 1 0 0 1 0 0 0 1 0 0 0 1 0
140	20	0 1 1 0 1 0 0 1 1 1 1 0 0 0 0 1
140	3	0 1 1 0 1 0 0 0 1 1 1 0 0 1 0 1
140	15	0 1 1 1 0 1 0 0 1 1 1 0 0 0 1 0
140	5	0 1 1 0 0 0 0 0 1 1 1 1 0 0 1 1
140	15	1 0 1 0 0 0 1 1 0 0 1 0 0 0 0 0
140	16	1 1 1 1 0 1 0 1 0 0 0 1 0 0 0 1
140	1	0 1 1 0 1 1 0 0 0 1 1 0 0 0 0 0
140	4	1 1 1 0 1 1 0 0 1 0 1 0 0 0 0 0
140	2	0 1 1 0 0 0 1 0 0 1 1 0 0 0 0 0
140	4	0 1 0 0 0 0 1 0 1 1 1 0 0 0 0 0
140	1	1 0 0 1 1 0 0 1 1 1 1 0 1 0 1 0
140	2	0 1 1 1 0 1 0 0 1 1 1 0 0 0 0 0
140	6	1 1 1 0 0 0 0 0 1 1 1 0 0 0 1 0
140	13	1 1 1 0 1 1 0 0 1 1 1 0 0 0 0 0
140	12	0 1 1 1 0 0 0 0 0 1 1 0 0 0 0 1
140	1	1 1 1 1 0 1 0 0 0 0 0 1 0 0 0 1
140	4	0 1 1 0 1 0 0 0 1 1 1 0 0 1 1 0
140	4	1 1 1 1 0 0 0 0 0 0 1 0 0 0 0 0
140	3	1 1 1 0 0 1 0 0 1 1 0 0 1 0 0 0
140	1	1 0 1 0 0 0 0 0 0 0 0 0 0 0 0 0
140	6	1 0 1 0 0 0 0 1 1 0 0 1 0 0 1 0
140	10	1 1 1 1 0 0 0 0 0 1 1 0 0 1 1 1
140	5	0 1 1 0 1 0 0 1 1 1 1 1 0 0 0 0
140	5	0 1 0 0 1 0 0 1 1 1 1 0 0 0 0 0
140	5	1 1 1 0 0 0 0 0 0 1 0 1 0 1 0 1
140	5	1 1 1 0 1 1 0 0 0 1 1 0 0 0 1 0
140	6	0 1 1 0 1 0 0 1 1 1 1 0 0 0 1 0
140	3	1 1 1 1 0 0 0 0 1 1 1 0 0 0 0 1
140	7	1 1 1 0 0 1 0 0 1 1 1 0 0 0 0 1
140	5	1 1 1 0 0 0 0 1 1 1 1 0 0 0 0 0
140	4	1 0 1 0 0 1 0 0 1 0 1 0 0 0 0 0
140	4	1 1 1 1 0 1 0 0 1 1 0 1 0 0 0 1
140	2	1 1 1 0 0 1 0 0 1 0 1 0 0 1 1 0
140	3	1 1 1 1 0 1 0 0 1 1 0 0 0 1 1 0
140	5	1 1 1 0 0 0 0 0 1 1 1 0 0 0 0 0
140	3	1 0 1 1 0 1 0 0 1 1 1 0 0 0 0 0
140	1	0 0 1 1 0 0 0 0 1 1 1 0 0 0 1 0
140	6	0 1 1 0 0 0 0 0 1 0 1 1 0 0 1 1
140	2	0 1 1 0 1 0 0 0 1 1 1 1 0 0 0 0
140	2	1 1 1 1 0 0 0 0 1 1 1 0 0 0 1 0
140	3	1 1 1 0 1 1 0 0 1 0 1 0 1 0 0 0
140	2	1 0 1 1 0 1 0 1 1 1 0 0 0 1 0 0
140	1	1 1 1 0 0 1 0 0 1 1 1 1 0 0 0 0
140	3	1 1 1 1 0 0 0 1 0 1 1 0 0 0 1 0
140	1	1 1 1 1 1 0 0 0 1 1 1 0 0 0 0 0
140	2	0 0 1 0 0 0 0 0 1 0 0 1 0 0 1 0
140	4	0 1 1 1 0 0 1 0 1 1 1 0 0 0 1 0
140	6	0 1 1 1 0 0 0 0 1 1 1 0 1 0 1 0
140	3	1 1 1 0 1 1 0 1 0 1 1 0 0 0 0 0
140	3	1 1 1 1 0 0 1 1 0 0 1 0 0 0 1 0
140	1	0 1 0 0 1 0 0 1 1 1 1 1 0 0 0 0
140	1	0 1 1 0 0 0 0 0 1 1 1 0 0 0 0 1
140	3	1 1 1 1 0 1 0 1 0 1 1 0 0 1 1 0
140	1	0 1 0 0 0 0 0 0 1 1 1 0 0 0 1 0
140	5	0 1 1 0 0 0 0 1 1 1 1 0 0 0 1 0
140	1	1 1 1 1 0 0 0 0 0 0 0 0 0 0 1 0
140	2	1 1 1 1 0 1 0 1 0 0 1 1 0 0 0 1
140	2	1 0 1 1 0 0 0 0 0 1 1 0 0 1 1 1
140	2	0 1 1 1 0 0 0 0 1 1 1 0 1 0 0 0
140	1	1 1 1 1 0 1 0 1 0 0 1 0 0 0 0 0
140	1	0 0 1 1 0 0 0 0 1 1 1 0 0 0 0 0
140	1	1 1 1 0 0 0 0 0 1 1 1 0 1 0 0 0
140	1	1 1 1 0 0 0 1 1 0 0 0 1 0 0 0 0
140	3	1 1 1 1 0 0 0 1 0 1 1 1 0 1 1 0
140	1	0 0 1 0 1 0 0 0 1 1 1 0 0 1 0 1
140	1	0 1 1 0 0 1 0 0 1 1 1 0 0 0 1 0
160	4	0 1 1 0 0 0 0 0 1 1 1 0 0 0 1 0
160	1	1 0 1 1 0 1 0 0 1 1 0 0 0 1 0 0
160	18	1 0 1 0 1 0 0 0 1 1 1 0 0 0 0 0
160	119	1 1 1 0 0 1 0 0 1 1 1 0 0 0 0 0
160	56	1 1 1 1 0 0 0 0 0 1 1 0 0 0 1 0
160	20	0 1 1 1 0 1 0 0 1 1 0 0 0 0 0 0
160	12	0 1 1 0 1 0 0 0 1 1 1 0 0 0 1 0
160	12	0 1 1 0 0 0 1 0 1 1 1 0 0 0 1 0
160	62	1 1 1 0 0 1 0 0 1 0 1 0 0 0 0 0
160	12	1 1 1 0 0 1 1 0 1 0 1 0 0 0 0 0
160	17	0 1 1 1 1 0 0 0 1 1 1 0 0 0 0 0
160	8	0 1 1 0 0 0 0 0 1 1 1 0 0 0 0 0
160	50	1 1 1 1 0 1 0 0 1 1 1 0 0 0 0 0
160	10	1 1 1 0 0 1 0 0 1 1 1 0 1 0 0 0
160	19	1 1 1 0 0 0 1 1 0 0 0 0 0 0 0 0
160	65	1 1 1 0 0 1 0 0 1 1 0 0 0 0 0 0
160	9	1 0 1 0 0 1 0 0 1 1 1 0 0 0 0 0
160	10	0 1 1 1 0 0 0 0 1 1 1 0 0 0 1 0
160	3	1 1 1 0 0 1 0 0 1 0 1 0 1 0 0 0
160	2	1 1 1 1 0 0 0 1 0 1 1 1 0 0 1 0
160	5	1 1 1 0 0 0 0 0 1 1 0 1 0 1 0 1
160	1	1 1 1 1 0 0 0 0 0 1 1 1 0 0 1 0
160	3	1 1 1 0 0 1 0 0 1 0 1 0 0 0 1 0
160	16	1 1 1 1 0 0 1 0 0 0 1 0 0 0 1 0
160	7	0 1 1 0 1 0 0 1 1 1 1 0 0 0 0 1
160	16	0 1 1 1 0 1 0 0 1 1 1 0 0 0 1 0
160	11	1 0 1 0 0 0 1 1 0 0 1 0 0 0 0 0
160	2	0 1 0 0 0 0 1 0 1 1 1 0 0 0 0 0
160	3	1 1 1 0 1 1 0 0 1 1 1 0 0 0 0 0
160	7	0 1 1 1 0 0 0 0 0 1 1 0 0 0 0 1
160	3	0 1 1 0 1 0 0 0 1 1 1 0 0 1 1 0
160	18	1 0 1 0 0 0 0 1 1 0 0 1 0 0 1 0
160	13	0 1 1 0 1 0 0 1 1 1 1 1 0 0 0 0
160	2	0 1 0 0 1 0 0 1 1 1 1 0 0 0 0 0
160	7	1 1 1 0 0 1 0 0 1 1 1 0 0 0 0 1
160	11	1 1 1 0 0 0 0 1 1 1 1 0 0 0 0 0
160	3	1 0 1 0 0 1 0 0 1 0 1 0 0 0 0 0
160	3	1 1 1 0 1 1 0 0 1 0 1 0 1 0 0 0
160	4	0 1 1 0 0 0 0 1 1 1 1 0 0 0 1 0
160	2	1 1 1 1 0 1 0 1 0 0 1 0 0 0 0 0
160	23	0 1 1 0 1 0 0 0 1 1 1 0 0 0 0 0
160	24	1 1 1 1 0 0 0 0 0 1 1 0 0 0 0 0
160	5	1 1 1 1 0 1 0 0 1 1 0 0 0 0 0 0
160	2	0 1 1 0 0 0 1 1 1 1 1 0 0 0 1 0
160	17	1 0 1 1 0 1 0 0 1 1 0 0 0 0 0 0
160	5	1 1 1 0 0 1 0 1 1 1 0 0 0 0 0 0
160	11	0 1 1 1 0 0 0 0 0 1 1 0 0 0 0 0
160	11	0 1 1 0 0 0 1 0 1 1 1 0 0 0 0 0
160	9	0 1 1 1 0 0 0 0 1 1 1 0 0 0 0 0
160	3	1 0 1 0 0 0 1 1 0 0 1 0 1 0 0 0
160	13	0 1 1 1 0 1 0 0 1 1 1 0 0 0 0 1
160	2	1 1 1 0 0 1 1 1 1 1 0 0 0 0 0 0
160	5	1 1 1 0 0 1 1 0 0 0 1 0 0 0 1 0
160	13	1 1 1 0 0 1 0 0 1 1 1 0 0 0 1 0
160	3	0 1 1 1 0 0 0 0 1 0 1 0 0 0 0 0
160	4	0 1 1 0 1 0 0 0 0 0 1 0 0 0 1 0
160	1	1 0 1 0 1 0 0 0 1 1 1 1 0 0 0 0
160	1	0 1 1 0 0 0 0 0 1 1 0 1 0 1 0 1
160	5	0 1 1 0 0 1 0 0 1 0 1 0 0 0 0 0
160	6	0 1 1 0 0 0 0 0 0 1 1 0 0 0 0 1
160	11	1 1 1 1 0 1 0 0 1 1 1 0 0 0 1 0
160	3	0 1 1 0 0 0 0 1 0 1 1 0 0 0 1 0
160	2	1 1 1 0 0 1 1 1 0 0 1 0 0 0 1 0
160	1	1 1 1 1 0 1 0 0 1 0 1 0 0 0 0 0
160	4	1 0 1 0 1 0 0 0 1 0 0 1 0 0 1 0
160	13	1 1 1 0 1 0 0 0 1 1 1 0 0 0 0 0
160	17	0 1 1 1 0 1 0 0 1 1 1 0 0 0 0 0
160	1	1 0 1 1 0 1 0 0 1 1 0 0 0 1 0 1
160	2	0 1 1 1 0 1 0 0 1 1 1 0 0 1 1 0
160	6	1 1 1 0 0 1 0 0 1 1 1 1 0 0 0 0
160	10	1 1 1 1 0 1 0 1 1 1 0 0 0 0 0 0
160	2	1 0 0 1 0 1 0 0 1 1 0 0 0 0 0 0
160	3	1 1 1 1 0 0 0 0 1 1 1 0 0 0 0 0
160	2	1 0 1 1 0 1 0 0 1 1 1 0 0 0 1 0
160	10	1 0 1 1 1 0 0 0 1 1 1 0 0 0 0 0
160	1	1 1 1 0 0 1 0 1 1 1 1 0 0 0 0 0
160	7	1 1 1 0 0 1 1 0 1 1 1 0 0 0 0 0
160	8	0 0 1 0 1 0 0 1 1 1 1 1 0 0 0 0
160	4	0 1 1 0 0 0 1 1 1 1 1 0 1 0 1 0
160	2	1 1 1 1 0 0 1 0 0 0 1 0 0 0 0 0
160	3	1 1 1 1 0 0 0 0 0 1 0 1 0 1 1 0
160	2	0 1 1 0 0 1 0 0 1 1 1 0 0 0 0 0
160	3	1 1 1 0 0 1 0 0 0 0 1 0 0 0 0 0
160	2	0 1 1 1 0 1 0 0 1 1 1 0 1 0 1 0
160	4	1 0 1 0 0 1 0 0 1 0 1 0 0 0 1 0
160	3	1 1 1 1 0 0 0 0 0 1 1 0 0 1 0 0
160	2	1 0 1 0 1 0 0 0 0 1 1 1 0 0 0 0
160	2	1 1 1 0 0 0 0 0 1 0 1 0 0 0 0 0
160	2	1 1 1 1 0 1 0 0 1 1 1 0 0 0 0 1
160	4	0 1 1 0 0 0 0 1 1 1 1 1 0 0 0 0
160	1	0 1 1 1 0 1 0 0 1 1 0 0 1 0 0 0
160	2	1 1 1 0 0 1 0 0 1 1 0 0 1 0 0 0
160	4	0 1 1 0 0 0 0 1 0 1 1 0 1 0 1 0
160	3	1 1 1 0 0 1 0 1 1 0 1 0 0 0 1 0
160	4	1 1 1 0 0 0 0 1 1 0 0 0 0 0 0 1
160	6	1 1 1 1 1 0 1 0 0 0 1 0 0 0 1 0
160	1	1 0 1 0 0 1 0 1 1 0 0 1 0 0 1 0
160	2	0 1 1 1 0 1 0 0 1 1 1 1 0 0 0 1
160	3	0 1 1 1 0 1 0 0 1 1 1 1 0 0 0 0
160	1	1 1 1 1 1 0 0 0 1 1 1 0 0 0 0 0
160	1	1 1 1 0 0 1 0 0 0 0 1 1 0 0 0 0
160	1	0 1 1 1 1 0 0 0 1 1 0 0 0 0 0 0
160	2	1 1 1 0 0 1 0 0 1 1 0 0 0 1 1 0
160	1	1 0 1 0 0 0 0 1 1 0 1 0 0 0 0 0
160	1	1 1 1 0 0 1 0 1 1 1 0 0 0 0 1 0
160	2	0 1 1 1 0 0 0 0 0 1 1 0 0 0 1 0
160	2	1 1 1 1 1 0 0 0 0 1 1 0 0 0 1 0
160	2	0 1 1 1 0 1 0 0 0 1 0 0 0 0 0 0
160	1	1 1 1 1 1 1 0 0 1 1 1 0 0 0 0 0
160	3	1 1 1 0 0 1 1 0 1 1 0 0 0 0 0 0
160	1	1 1 1 0 0 1 0 0 1 1 0 0 0 1 0 0
160	1	1 0 1 0 0 1 0 0 0 1 1 0 0 1 0 0
160	1	1 0 1 0 0 0 1 0 0 0 1 0 0 0 0 0
160	1	1 1 1 0 0 0 0 1 1 0 0 1 0 0 1 0
160	2	0 1 1 1 0 0 0 0 1 1 1 0 0 1 0 0
160	2	0 0 1 0 0 0 1 1 0 0 1 0 1 0 0 0
160	2	0 1 1 1 0 1 0 0 1 0 1 0 0 0 0 1
160	2	1 1 1 0 0 0 0 0 1 1 1 0 0 0 0 0
180	3	1 0 1 0 1 0 0 0 1 1 1 0 0 0 0 0
180	51	1 1 1 0 0 1 0 0 1 1 1 0 0 0 0 0
180	45	1 1 1 1 0 0 0 0 0 1 1 0 0 0 1 0
180	25	0 1 1 1 0 1 0 0 1 1 0 0 0 0 0 0
180	100	1 1 1 0 0 1 0 0 1 0 1 0 0 0 0 0
180	39	1 1 1 0 0 1 1 0 1 0 1 0 0 0 0 0
180	1	0 1 1 1 1 0 0 0 1 1 1 0 0 0 0 0
180	8	0 1 1 0 0 0 0 0 1 1 1 0 0 0 0 0
180	37	1 1 1 1 0 1 0 0 1 1 1 0 0 0 0 0
180	11	1 1 1 0 0 1 0 0 1 1 1 0 1 0 0 0
180	20	1 1 1 0 0 1 0 0 1 1 0 0 0 0 0 0
180	4	1 1 1 1 0 0 1 0 0 0 1 0 0 0 1 0
180	6	0 1 1 1 0 1 0 0 1 1 1 0 0 0 1 0
180	22	1 0 1 0 0 0 1 1 0 0 1 0 0 0 0 0
180	25	1 1 1 0 1 1 0 0 1 1 1 0 0 0 0 0
180	7	0 1 1 1 0 0 0 0 0 1 1 0 0 0 0 1
180	2	1 0 1 0 0 0 0 1 1 0 0 1 0 0 1 0
180	9	0 1 0 0 1 0 0 1 1 1 1 0 0 0 0 0
180	5	1 1 1 0 0 0 0 1 1 1 1 0 0 0 0 0
180	16	0 1 1 0 1 0 0 0 1 1 1 0 0 0 0 0
180	45	1 1 1 1 0 0 0 0 0 1 1 0 0 0 0 0
180	12	1 1 1 0 0 1 0 1 1 1 0 0 0 0 0 0
180	10	0 1 1 1 0 0 0 0 0 1 1 0 0 0 0 0
180	16	0 1 1 1 0 0 0 0 1 1 1 0 0 0 0 0
180	4	1 1 1 0 0 1 0 0 1 1 1 0 0 0 1 0
180	11	1 1 1 1 0 1 0 0 1 1 1 0 0 0 1 0
180	19	1 1 1 1 0 1 0 0 1 0 1 0 0 0 0 0
180	49	1 1 1 0 1 0 0 0 1 1 1 0 0 0 0 0
180	13	0 1 1 1 0 1 0 0 1 1 1 0 0 0 0 0
180	5	1 1 1 0 0 1 0 0 1 1 1 1 0 0 0 0
180	39	1 1 1 1 0 1 0 1 1 1 0 0 0 0 0 0
180	3	1 0 1 1 0 1 0 0 1 1 1 0 0 0 1 0
180	9	1 0 1 1 1 0 0 0 1 1 1 0 0 0 0 0
180	6	1 1 1 0 0 1 0 0 0 0 1 0 0 0 0 0
180	5	0 1 1 1 0 1 0 0 0 1 0 0 0 0 0 0
180	8	1 1 1 0 0 1 1 0 1 1 0 0 0 0 0 0
180	1	1 1 1 0 0 1 0 0 0 1 1 0 0 0 1 0
180	4	1 1 1 0 0 0 1 1 0 0 0 1 0 0 0 0
180	2	0 1 1 0 1 0 0 1 1 1 1 0 0 0 0 0
180	9	1 1 1 0 0 1 1 0 1 1 1 0 0 0 1 0
180	5	1 1 1 1 0 1 0 1 1 1 0 1 0 0 0 0
180	2	0 1 0 1 0 1 0 0 1 1 1 0 0 0 0 0
180	9	1 1 0 1 0 1 0 1 1 1 0 1 0 0 0 0
180	3	1 1 1 1 0 1 0 0 0 1 1 0 0 0 1 0
180	11	1 1 1 0 1 0 0 0 1 1 1 0 0 0 1 0
180	1	1 1 1 0 0 0 1 0 1 1 1 0 0 0 0 0
180	3	0 0 1 1 0 1 0 0 1 1 0 0 0 0 0 0
180	16	1 1 0 1 0 1 0 0 1 1 1 0 0 0 0 0
180	1	1 1 1 0 1 0 0 0 1 1 1 1 0 0 1 0
180	14	1 0 1 0 0 0 0 1 1 0 1 0 0 0 1 0
180	19	1 1 1 0 0 1 1 0 1 1 1 0 0 0 0 0
180	15	0 1 1 1 0 0 0 0 0 1 1 1 0 0 0 0
180	11	1 1 1 0 0 0 1 1 0 0 1 0 0 0 0 0
180	2	0 1 1 1 0 1 1 0 1 1 0 0 0 0 0 0
180	3	1 0 1 0 0 1 0 0 1 0 1 0 0 0 0 0
180	1	0 1 1 1 0 0 0 0 0 1 1 0 0 0 1 1
180	4	0 1 1 0 1 0 0 1 0 1 1 1 0 0 0 0
180	14	0 1 1 1 0 0 0 0 1 1 1 0 1 0 0 0
180	4	1 1 1 1 0 1 0 0 1 0 1 0 0 0 1 0
180	11	1 1 1 1 1 1 0 0 1 0 1 0 0 0 0 0
180	3	1 1 1 0 0 1 0 0 1 0 1 0 0 1 0 0
180	2	1 1 1 1 0 0 0 0 1 1 1 0 0 0 0 0
180	5	1 0 1 0 0 0 0 1 0 0 1 0 0 0 0 0
180	2	1 1 1 0 1 0 0 0 1 1 1 0 0 0 1 1
180	8	1 1 1 1 0 0 0 0 0 1 0 0 0 0 0 0
180	5	0 1 1 1 1 0 0 0 1 1 1 0 1 0 0 0
180	2	0 1 1 1 0 0 0 0 0 1 1 0 0 0 1 0
180	1	1 1 1 1 1 1 0 0 1 1 1 0 0 0 0 0
180	8	1 1 1 1 0 1 0 0 0 1 1 0 0 0 0 0
180	4	1 1 1 1 0 0 0 0 1 1 1 0 1 0 0 0
180	3	1 1 1 0 0 1 0 0 1 0 1 0 0 0 0 1
180	5	1 1 1 0 0 1 1 0 1 0 1 0 0 1 0 0
180	4	1 1 1 1 0 0 1 0 0 0 1 1 0 0 1 0
180	5	1 1 1 1 0 1 1 0 1 1 1 0 0 0 1 0
180	5	1 1 1 0 1 0 0 0 0 1 1 0 0 0 0 0
180	3	1 1 1 0 0 0 0 0 0 0 1 0 0 0 0 0
180	2	0 1 1 0 0 1 1 0 1 1 1 0 0 0 1 0
180	2	0 1 0 1 0 0 0 0 1 1 1 0 0 0 0 0
180	1	1 1 1 0 1 0 0 0 1 1 0 0 0 0 0 0
180	1	1 1 1 1 0 1 1 0 1 0 1 0 0 0 1 0
180	4	0 1 1 1 0 0 0 0 1 1 1 0 0 0 1 1
180	2	1 1 1 1 0 1 0 1 1 1 0 0 0 0 1 0
180	4	1 0 1 0 0 0 1 1 0 1 1 0 0 0 0 0
180	6	1 1 1 1 0 0 1 1 0 0 1 0 0 0 0 0
180	4	1 1 1 0 0 1 0 0 0 1 1 0 0 0 0 0
180	2	1 1 1 0 0 1 1 0 0 0 1 0 0 0 0 0
180	3	1 1 1 0 0 0 0 0 1 1 1 0 0 0 0 0
180	2	1 1 1 0 0 1 0 0 1 1 0 1 0 0 0 0
180	4	1 1 1 1 0 1 0 0 0 0 1 0 0 0 0 0
180	5	1 0 1 1 1 0 0 0 1 1 1 1 0 0 0 0
180	1	0 0 1 0 1 0 0 1 1 1 1 0 0 0 0 0
180	1	1 1 1 0 0 0 1 0 1 1 1 0 0 0 1 0
180	5	1 1 1 0 1 0 0 0 1 1 1 1 0 1 1 0
180	1	1 0 1 0 0 0 0 1 1 0 1 0 0 0 0 0
180	2	0 1 1 1 1 0 0 0 0 1 1 0 0 0 1 0
180	1	1 1 1 1 0 0 0 0 1 1 1 0 0 0 1 0
180	1	1 1 1 1 0 0 0 0 0 0 1 0 0 0 1 0
180	2	1 1 1 0 0 1 1 0 1 0 0 0 0 0 0 0
180	1	0 1 1 0 0 1 1 0 1 0 1 0 0 0 0 0
180	1	1 0 1 0 0 1 1 1 0 0 1 0 0 0 0 0
180	1	1 1 1 0 0 1 0 0 0 0 1 1 0 0 0 0
180	2	1 1 0 0 0 1 1 0 1 1 0 0 0 0 0 0
180	1	0 1 1 1 0 0 0 1 1 1 1 0 1 0 0 0
180	1	1 1 1 1 0 0 0 0 1 1 1 0 1 0 0 1
180	1	1 1 1 1 0 0 0 0 0 1 1 0 0 1 0 0
180	1	0 1 1 1 0 1 0 0 0 1 1 0 0 0 1 0
180	3	0 0 1 0 0 0 0 1 1 0 1 0 0 0 1 0
180	1	0 1 1 1 0 1 0 0 1 1 0 0 0 0 0 1
180	3	1 1 1 0 0 1 0 1 1 0 1 0 0 0 0 0
180	1	1 1 1 0 0 1 1 1 1 0 1 0 0 0 0 0
180	1	1 1 1 1 0 1 0 0 1 1 1 0 1 0 0 0
180	1	1 0 1 0 0 0 1 1 1 0 1 0 0 0 0 0
180	2	0 1 1 0 1 0 0 1 0 1 1 0 0 0 0 0
180	1	0 1 1 1 1 0 0 0 1 1 0 0 1 0 0 0
180	2	1 1 1 0 1 0 0 0 0 1 1 0 0 0 1 0
200	36	1 1 1 0 0 1 0 0 1 1 1 0 0 0 0 0
200	3	1 1 1 1 0 0 0 0 0 1 1 0 0 0 1 0
200	16	0 1 1 1 0 1 0 0 1 1 0 0 0 0 0 0
200	82	1 1 1 0 0 1 0 0 1 0 1 0 0 0 0 0
200	32	1 1 1 0 0 1 1 0 1 0 1 0 0 0 0 0
200	13	0 1 1 0 0 0 0 0 1 1 1 0 0 0 0 0
200	14	1 1 1 1 0 1 0 0 1 1 1 0 0 0 0 0
200	3	1 1 1 0 0 1 0 0 1 1 1 0 1 0 0 0
200	1	1 1 1 0 0 1 0 0 1 1 0 0 0 0 0 0
200	17	1 1 1 0 1 1 0 0 1 1 1 0 0 0 0 0
200	5	0 1 1 0 1 0 0 0 1 1 1 0 0 0 0 0
200	58	1 1 1 1 0 0 0 0 0 1 1 0 0 0 0 0
200	13	1 1 1 0 0 1 0 1 1 1 0 0 0 0 0 0
200	4	0 1 1 1 0 0 0 0 0 1 1 0 0 0 0 0
200	12	1 1 1 0 0 1 0 0 1 1 1 0 0 0 1 0
200	10	1 1 1 1 0 1 0 0 1 0 1 0 0 0 0 0
200	5	1 1 1 0 1 0 0 0 1 1 1 0 0 0 0 0
200	4	1 1 1 0 0 1 0 0 1 1 1 1 0 0 0 0
200	57	1 1 1 1 0 1 0 1 1 1 0 0 0 0 0 0
200	6	1 0 1 1 0 1 0 0 1 1 1 0 0 0 1 0
200	1	1 1 1 0 0 1 1 0 1 1 1 0 0 0 1 0
200	25	1 1 0 1 0 1 0 1 1 1 0 1 0 0 0 0
200	15	0 0 1 1 0 1 0 0 1 1 0 0 0 0 0 0
200	14	1 1 0 1 0 1 0 0 1 1 1 0 0 0 0 0
200	2	1 1 1 0 1 0 0 0 1 1 1 1 0 0 1 0
200	20	1 1 1 0 0 1 1 0 1 1 1 0 0 0 0 0
200	30	0 1 1 1 0 0 0 0 0 1 1 1 0 0 0 0
200	49	1 1 1 0 0 0 1 1 0 0 1 0 0 0 0 0
200	17	1 1 1 0 0 1 0 0 1 0 1 0 0 1 0 0
200	8	1 1 1 0 1 0 0 0 1 1 1 0 0 0 1 1
200	28	1 1 1 1 0 0 0 0 0 1 0 0 0 0 0 0
200	21	1 1 1 1 1 1 0 0 1 1 1 0 0 0 0 0
200	22	1 1 1 1 0 1 0 0 0 1 1 0 0 0 0 0
200	4	1 1 1 1 0 0 0 0 1 1 1 0 1 0 0 0
200	18	1 1 1 0 0 1 0 0 1 0 1 0 0 0 0 1
200	10	1 1 1 1 0 0 1 0 0 0 1 1 0 0 1 0
200	5	1 1 1 1 0 1 0 1 1 1 0 0 0 0 1 0
200	42	1 1 1 1 0 0 1 1 0 0 1 0 0 0 0 0
200	11	0 1 1 1 1 0 0 0 0 1 1 0 0 0 1 0
200	2	1 1 1 1 0 0 0 0 1 1 1 0 0 0 1 0
200	8	1 1 1 0 0 1 1 0 1 0 0 0 0 0 0 0
200	2	1 0 1 0 0 1 1 1 0 0 1 0 0 0 0 0
200	7	1 1 1 1 0 1 0 0 1 1 1 0 1 0 0 0
200	36	1 1 1 1 0 0 0 0 0 1 1 1 0 0 0 0
200	26	1 1 1 1 0 1 0 0 0 1 1 0 0 1 0 0
200	4	1 1 1 1 0 0 0 0 0 1 0 0 0 1 0 0
200	6	1 1 1 1 0 0 0 1 0 0 1 0 0 0 0 0
200	3	1 1 1 1 0 1 0 0 0 0 1 0 0 0 0 0
200	5	1 1 0 0 0 0 0 0 1 1 1 0 0 0 0 0
200	5	1 1 1 0 1 1 0 0 0 1 0 0 0 0 0 0
200	5	0 0 1 1 0 0 0 0 0 1 1 1 0 0 0 0
200	13	1 1 1 0 0 1 0 0 0 1 0 0 0 0 0 0
200	1	1 1 0 0 0 1 0 0 1 1 1 0 1 0 0 0
200	1	0 1 1 1 0 0 0 1 1 1 1 0 0 0 0 0
200	4	1 1 1 1 0 1 0 0 1 1 0 0 0 0 0 0
200	8	1 1 1 1 0 0 1 0 1 0 1 0 0 0 0 0
200	9	1 1 1 0 0 1 1 0 1 1 0 0 0 0 0 0
200	3	1 1 1 1 0 0 1 0 0 1 1 1 0 0 1 0
200	3	0 1 1 0 0 1 0 1 1 1 0 0 0 0 0 0
200	5	1 1 1 1 0 0 0 0 0 1 1 0 0 0 0 1
200	4	1 1 1 0 1 0 1 0 1 1 1 0 0 0 1 1
200	11	0 1 1 1 0 0 0 0 0 0 1 0 0 0 0 0
200	9	1 1 1 1 0 0 1 1 0 0 0 0 0 0 0 0
200	4	0 0 1 1 0 1 0 0 1 1 1 0 0 0 0 0
200	4	1 1 1 1 0 0 1 1 1 0 1 0 0 0 0 0
200	7	0 1 1 1 0 0 0 0 0 1 1 0 0 0 1 0
200	3	1 1 1 1 0 1 0 1 1 1 0 1 0 0 0 0
200	8	1 0 1 1 0 0 0 1 0 0 1 0 0 0 0 0
200	3	1 1 1 0 0 1 1 0 1 0 0 0 0 1 0 0
200	3	1 1 1 0 0 1 0 0 0 1 1 0 0 1 0 0
200	2	1 1 0 1 0 1 0 1 1 1 0 1 0 1 0 0
200	3	1 1 1 0 0 1 0 1 0 0 1 0 0 0 0 0
200	3	1 1 1 0 0 0 0 0 1 0 1 0 0 0 0 0
200	1	1 1 1 1 1 0 0 0 1 1 1 0 0 0 0 0
200	1	0 1 1 0 0 1 0 0 1 0 1 0 0 0 0 0
200	1	1 0 1 1 1 1 0 0 1 1 1 0 0 0 1 0
200	1	1 1 1 0 1 0 0 0 1 1 1 0 1 0 0 0
200	3	1 1 1 1 1 1 0 0 1 1 1 0 0 0 1 0
200	3	1 1 1 1 1 1 0 0 1 0 1 0 0 0 0 0
200	3	1 1 1 1 0 1 0 0 0 1 1 1 0 0 0 0
200	1	1 1 1 1 0 1 0 0 0 1 1 0 0 1 0 1
200	2	0 1 1 1 0 0 0 0 0 0 1 0 0 0 1 0
200	2	1 1 1 0 1 1 0 0 1 1 1 0 0 0 1 0
200	1	1 1 1 1 0 1 1 0 1 1 1 0 0 0 0 0
200	2	0 1 1 1 0 0 1 1 0 0 1 0 0 0 0 0
200	2	1 1 1 0 0 0 1 0 1 1 0 0 0 0 0 0
200	2	1 1 1 1 0 1 0 0 0 1 1 0 0 0 0 1
200	2	1 1 1 0 0 1 0 1 1 1 0 1 0 0 0 0
200	1	1 1 1 1 0 1 0 0 1 1 1 1 0 0 0 0
200	1	1 1 1 0 1 1 0 0 1 0 1 0 0 0 0 0
200	1	1 1 1 0 0 1 0 1 1 0 1 0 0 0 0 0
200	4	0 1 0 1 0 0 0 0 0 1 1 0 0 0 0 0
200	1	1 1 1 1 0 1 0 0 1 0 1 0 0 0 1 0
200	1	1 1 0 1 0 1 0 1 1 1 0 1 1 0 0 0
200	3	1 1 1 1 1 1 0 0 0 1 1 0 0 0 0 0
200	1	1 1 1 1 0 0 1 1 0 0 1 0 1 0 0 0
200	2	1 1 1 1 0 0 0 0 0 1 1 1 1 0 0 0
200	1	1 1 1 1 0 0 0 1 1 0 1 0 0 0 0 0
200	1	1 1 1 0 0 1 1 0 1 0 0 1 0 0 1 0
200	3	1 1 1 1 0 1 0 0 1 1 1 0 0 0 1 0
220	39	1 1 1 0 0 1 0 0 1 1 1 0 0 0 0 0
220	48	1 1 1 0 0 1 0 0 1 0 1 0 0 0 0 0
220	27	1 1 1 0 0 1 1 0 1 0 1 0 0 0 0 0
220	12	1 1 1 1 0 1 0 0 1 1 1 0 0 0 0 0
220	42	1 1 1 1 0 0 0 0 0 1 1 0 0 0 0 0
220	5	1 1 1 0 0 1 0 1 1 1 0 0 0 0 0 0
220	3	0 1 1 1 0 0 0 0 0 1 1 0 0 0 0 0
220	1	1 1 1 1 0 1 0 0 1 0 1 0 0 0 0 0
220	16	1 1 1 1 0 1 0 1 1 1 0 0 0 0 0 0
220	20	0 0 1 1 0 1 0 0 1 1 0 0 0 0 0 0
220	6	1 1 0 1 0 1 0 0 1 1 1 0 0 0 0 0
220	16	1 1 1 0 0 1 1 0 1 1 1 0 0 0 0 0
220	48	0 1 1 1 0 0 0 0 0 1 1 1 0 0 0 0
220	20	1 1 1 0 0 0 1 1 0 0 1 0 0 0 0 0
220	14	1 1 1 1 0 0 0 0 0 1 0 0 0 0 0 0
220	11	1 1 1 1 0 1 0 0 0 1 1 0 0 0 0 0
220	20	1 1 1 0 0 1 0 0 1 0 1 0 0 0 0 1
220	9	1 1 1 1 0 1 0 1 1 1 0 0 0 0 1 0
220	85	1 1 1 1 0 0 1 1 0 0 1 0 0 0 0 0
220	7	0 1 1 1 1 0 0 0 0 1 1 0 0 0 1 0
220	8	1 1 1 0 0 1 1 0 1 0 0 0 0 0 0 0
220	4	1 0 1 0 0 1 1 1 0 0 1 0 0 0 0 0
220	58	1 1 1 1 0 0 0 0 0 1 1 1 0 0 0 0
220	23	1 1 1 1 0 1 0 0 0 1 1 0 0 1 0 0
220	13	1 1 1 1 0 0 0 1 0 0 1 0 0 0 0 0
220	10	1 1 1 1 0 1 0 0 0 0 1 0 0 0 0 0
220	26	1 1 1 0 0 1 0 0 0 1 0 0 0 0 0 0
220	14	1 1 1 1 0 0 1 0 1 0 1 0 0 0 0 0
220	21	1 1 1 1 0 0 0 0 0 1 1 0 0 0 0 1
220	13	0 1 1 1 0 0 0 0 0 0 1 0 0 0 0 0
220	10	1 1 1 1 0 0 1 1 0 0 0 0 0 0 0 0
220	39	1 0 1 1 0 0 0 1 0 0 1 0 0 0 0 0
220	12	1 1 1 0 0 0 0 0 1 0 1 0 0 0 0 0
220	12	0 1 1 0 0 1 0 0 1 0 1 0 0 0 0 0
220	14	1 1 1 1 1 1 0 0 1 0 1 0 0 0 0 0
220	23	1 1 1 1 0 0 0 0 0 1 1 1 1 0 0 0
220	4	1 1 1 0 0 1 1 0 1 0 0 1 0 0 1 0
220	5	1 1 1 0 1 0 0 0 1 1 0 0 0 0 1 1
220	2	1 1 1 1 0 1 1 0 1 1 1 0 0 1 0 0
220	1	1 1 1 1 0 0 1 0 1 0 1 0 1 0 0 0
220	3	1 1 1 0 1 1 0 0 0 1 0 0 0 0 0 0
220	12	1 1 1 0 0 0 1 0 1 0 1 0 0 0 0 0
220	11	0 1 1 0 1 0 0 0 1 1 1 1 0 0 0 0
220	5	1 1 1 0 0 0 0 1 0 0 1 0 0 0 0 0
220	2	0 1 1 0 0 1 1 0 1 0 0 0 0 0 0 0
220	15	1 1 1 0 0 0 0 0 1 1 1 0 0 0 0 0
220	4	1 1 1 0 0 1 0 0 0 1 0 0 1 0 0 0
220	2	1 1 0 0 0 1 0 0 1 1 1 0 0 0 0 0
220	5	0 1 1 1 0 0 0 0 0 1 1 0 0 0 1 0
220	8	0 1 1 1 0 0 0 0 0 0 0 0 0 0 0 0
220	1	1 1 1 1 0 0 0 0 0 1 1 0 0 0 1 0
220	22	1 1 1 0 0 1 1 0 1 0 1 0 0 0 1 0
220	4	1 0 1 1 0 0 0 0 0 1 1 0 0 0 0 0
220	9	1 1 1 0 0 0 0 0 0 1 1 1 0 0 0 0
220	6	1 1 1 1 0 0 0 1 1 1 1 0 0 0 0 0
220	3	1 1 1 1 1 0 0 0 0 1 1 0 0 0 1 0
220	1	1 1 1 0 0 0 1 1 0 0 1 0 1 0 0 0
220	5	1 0 1 1 0 0 1 1 0 0 1 0 0 0 0 0
220	10	0 1 1 0 1 1 0 0 1 1 1 1 0 0 0 0
220	4	1 1 1 1 0 1 0 0 0 1 1 1 0 0 0 0
220	10	0 1 1 0 0 1 0 0 1 1 1 0 0 0 0 0
220	3	1 1 1 1 0 0 0 0 0 1 0 1 0 0 0 0
220	6	1 1 1 1 0 1 0 0 0 1 0 0 1 0 0 0
220	3	1 1 1 1 0 0 1 1 0 0 1 0 0 0 1 0
220	3	1 1 1 0 0 1 1 0 1 0 1 1 0 0 0 0
220	5	1 1 1 0 0 0 1 0 1 1 1 0 0 0 0 0
220	3	1 1 1 1 0 1 1 0 1 1 1 0 0 0 0 0
220	3	0 1 1 0 0 1 1 1 1 0 0 0 0 0 0 0
220	3	1 1 1 0 1 1 0 1 1 0 1 0 0 0 0 0
220	1	1 1 0 1 1 0 0 0 0 1 1 0 0 0 1 0
220	1	1 1 1 0 0 0 1 1 0 1 1 0 0 0 0 0
220	3	1 1 1 0 0 0 0 0 1 1 1 0 0 0 1 0
220	5	0 1 1 1 0 1 0 1 1 1 0 1 0 0 0 0
220	3	1 1 1 0 0 0 1 1 0 1 1 1 0 0 0 0
220	6	1 1 1 0 0 1 0 0 1 1 1 0 0 1 0 0
220	3	1 1 0 1 0 0 0 0 0 1 1 0 0 0 0 0
220	2	1 1 1 0 0 1 1 0 1 1 1 0 0 0 0 1
220	1	0 1 1 1 1 0 0 1 0 1 1 0 0 0 1 0
220	5	1 1 1 1 0 0 0 0 0 0 1 1 0 0 0 0
220	3	1 1 1 1 0 1 1 0 0 1 1 0 0 1 0 0
220	1	1 1 1 1 0 0 0 1 0 0 1 0 0 1 0 0
220	4	1 1 1 1 1 1 0 0 0 0 1 0 0 0 0 0
220	2	0 1 1 1 1 1 0 0 1 0 1 0 0 0 0 0
220	2	1 1 1 1 1 1 0 0 1 1 1 0 0 0 0 0
220	3	0 0 1 1 0 1 0 0 0 1 1 1 0 0 0 0
220	2	1 1 1 1 0 0 0 1 0 0 1 0 0 0 1 0
220	1	1 0 1 1 0 1 0 0 0 1 1 0 0 0 0 0
220	2	0 1 1 0 0 0 0 0 0 1 1 1 0 0 0 0
220	2	1 0 1 0 0 1 0 1 1 1 0 0 0 0 0 0
220	1	1 1 1 1 0 0 1 1 0 0 1 0 0 0 0 1
220	1	1 1 1 0 1 1 0 0 1 0 1 0 1 0 0 0
220	1	1 1 1 0 0 0 1 1 1 0 0 0 0 0 0 0
220	2	1 0 1 0 0 1 0 1 0 0 1 0 0 0 0 0
220	1	1 1 1 0 1 1 1 0 1 0 1 0 0 0 0 0
220	2	1 1 1 1 0 0 0 0 1 1 1 1 0 0 0 0
220	1	1 1 1 1 0 0 1 0 1 0 1 0 0 1 0 0
220	2	1 1 1 1 0 0 1 0 0 1 1 1 1 0 0 0
220	3	1 1 1 1 1 0 0 0 1 1 1 0 0 0 1 0
220	1	1 1 1 1 0 1 0 0 0 0 0 0 1 0 0 0
220	1	1 1 1 0 0 1 1 0 1 0 0 1 0 0 0 0
240	29	1 1 1 0 0 1 0 0 1 1 1 0 0 0 0 0
240	52	1 1 1 0 0 1 0 0 1 0 1 0 0 0 0 0
240	10	1 1 1 0 0 1 1 0 1 0 1 0 0 0 0 0
240	23	1 1 1 1 0 1 0 0 1 1 1 0 0 0 0 0
240	18	1 1 1 1 0 0 0 0 0 1 1 0 0 0 0 0
240	17	0 0 1 1 0 1 0 0 1 1 0 0 0 0 0 0
240	10	1 1 1 0 0 1 1 0 1 1 1 0 0 0 0 0
240	42	0 1 1 1 0 0 0 0 0 1 1 1 0 0 0 0
240	34	1 1 1 0 0 0 1 1 0 0 1 0 0 0 0 0
240	9	1 1 1 1 0 0 0 0 0 1 0 0 0 0 0 0
240	11	1 1 1 1 0 1 0 0 0 1 1 0 0 0 0 0
240	12	1 1 1 0 0 1 0 0 1 0 1 0 0 0 0 1
240	35	1 1 1 1 0 1 0 1 1 1 0 0 0 0 1 0
240	35	1 1 1 1 0 0 1 1 0 0 1 0 0 0 0 0
240	6	1 0 1 0 0 1 1 1 0 0 1 0 0 0 0 0
240	32	1 1 1 1 0 0 0 0 0 1 1 1 0 0 0 0
240	35	1 1 1 1 0 0 0 1 0 0 1 0 0 0 0 0
240	9	1 1 1 1 0 1 0 0 0 0 1 0 0 0 0 0
240	21	1 1 1 0 0 1 0 0 0 1 0 0 0 0 0 0
240	11	1 1 1 1 0 0 1 0 1 0 1 0 0 0 0 0
240	11	1 1 1 1 0 0 0 0 0 1 1 0 0 0 0 1
240	26	0 1 1 1 0 0 0 0 0 0 1 0 0 0 0 0
240	44	1 0 1 1 0 0 0 1 0 0 1 0 0 0 0 0
240	12	1 1 1 0 0 0 0 0 1 0 1 0 0 0 0 0
240	17	1 1 1 1 1 1 0 0 1 0 1 0 0 0 0 0
240	6	1 1 1 1 0 0 0 0 0 1 1 1 1 0 0 0
240	2	1 1 1 0 0 0 0 0 0 1 1 1 0 0 0 0
240	6	1 1 1 1 0 1 0 0 0 1 1 1 0 0 0 0
240	7	1 1 1 0 0 0 1 0 1 1 1 0 0 0 0 0
240	6	1 1 1 1 0 1 1 0 1 1 1 0 0 0 0 0
240	7	0 1 1 0 0 1 1 1 1 0 0 0 0 0 0 0
240	37	1 1 0 1 1 0 0 0 0 1 1 0 0 0 1 0
240	2	1 1 1 0 0 0 0 0 1 1 1 0 0 0 1 0
240	7	1 1 0 1 0 0 0 0 0 1 1 0 0 0 0 0
240	12	0 1 1 1 1 0 0 1 0 1 1 0 0 0 1 0
240	6	1 1 1 1 0 0 0 0 0 0 1 1 0 0 0 0
240	14	1 1 1 1 0 1 0 0 0 0 0 0 1 0 0 0
240	15	1 0 1 1 0 0 0 1 0 0 1 0 0 0 0 1
240	6	1 0 1 1 0 0 0 1 0 0 1 1 0 0 0 0
240	11	0 1 1 1 0 0 0 0 0 1 0 1 0 0 0 0
240	14	1 1 1 1 0 0 1 1 0 0 1 1 0 0 0 0
240	6	0 1 1 1 0 0 0 0 0 0 1 1 0 0 0 0
240	5	1 1 1 1 0 0 0 0 0 1 1 0 0 1 0 0
240	19	1 1 0 1 1 0 0 0 0 1 1 0 0 0 0 0
240	12	0 1 1 1 0 0 0 0 1 0 1 0 0 0 0 0
240	4	1 1 1 0 0 0 1 1 0 1 1 0 0 0 0 0
240	7	1 1 1 0 0 0 0 1 0 0 1 0 0 0 0 1
240	22	1 1 1 1 0 1 1 0 1 0 1 0 0 0 0 0
240	8	1 0 1 0 1 1 1 0 1 0 0 0 0 0 0 0
240	3	0 1 1 1 0 0 1 0 0 0 1 0 0 0 0 0
240	3	1 1 1 1 0 0 0 0 0 0 1 0 0 0 0 0
240	13	1 1 1 0 1 0 0 0 1 1 1 0 0 0 1 0
240	19	1 1 1 0 0 0 0 0 1 0 0 0 0 0 0 0
240	4	1 1 0 1 0 0 0 0 1 0 1 0 0 0 0 0
240	6	0 0 1 1 0 1 0 0 0 1 1 0 0 0 0 0
240	5	1 1 1 1 0 0 0 1 0 1 1 1 0 0 0 0
240	5	1 1 1 0 0 1 1 0 1 0 1 0 0 1 0 0
240	3	0 1 1 1 0 0 0 1 0 1 1 1 0 0 0 0
240	4	1 1 0 1 0 0 0 0 0 1 1 1 0 0 0 0
240	2	1 1 1 0 0 0 0 0 0 1 1 1 1 0 0 0
240	3	1 1 1 1 0 0 0 0 0 1 1 0 0 0 1 0
240	1	1 1 1 0 0 1 1 0 0 0 1 0 0 0 0 0
240	2	1 0 1 1 0 0 0 1 1 0 1 0 0 0 0 0
240	7	1 1 1 1 0 0 0 0 0 1 1 0 1 0 0 0
240	1	1 0 1 1 0 0 1 1 0 0 1 0 0 0 0 0
240	9	1 1 0 0 0 0 0 0 0 1 1 1 0 0 0 0
240	2	0 1 1 1 0 1 1 0 1 1 1 0 0 0 0 0
240	5	1 1 1 1 0 1 1 0 1 1 1 0 0 1 0 0
240	11	1 0 1 1 0 1 0 1 0 0 1 0 0 0 0 1
240	2	0 1 1 1 0 0 0 0 1 0 0 0 0 0 0 0
240	1	1 1 1 0 0 0 1 1 0 0 1 0 0 0 0 1
240	3	1 1 1 1 1 0 1 1 0 0 1 0 0 0 0 0
240	2	1 1 1 0 0 0 0 1 0 1 1 1 0 0 0 0
240	3	0 1 1 1 1 0 0 1 0 1 1 0 0 0 0 0
240	4	0 1 1 0 0 0 0 0 1 0 0 0 0 0 0 0
240	6	1 1 1 0 0 1 0 0 1 0 1 1 0 0 0 1
240	1	1 1 1 0 0 1 0 0 0 1 0 0 0 0 0 1
240	13	1 1 1 1 0 0 1 0 0 0 1 0 0 0 0 0
240	3	0 1 1 0 0 1 1 0 0 1 1 1 0 0 0 0
240	3	1 1 0 1 0 0 0 0 1 0 1 1 0 0 0 0
240	1	0 1 1 1 0 0 1 1 0 0 1 0 0 0 0 0
240	3	1 1 1 0 0 0 0 0 0 1 1 0 0 0 0 0
240	1	0 1 1 0 0 1 0 0 1 1 1 0 0 0 0 0
240	2	0 1 1 1 0 0 0 0 0 1 1 0 0 0 0 0
240	2	1 1 1 0 0 0 1 1 0 0 1 0 1 0 0 0
240	2	1 1 1 1 0 0 0 1 0 0 0 0 0 0 0 0
240	1	1 1 1 1 0 0 1 0 1 0 1 0 0 1 0 0
240	2	1 1 1 0 0 0 0 0 1 0 1 0 0 1 0 0
240	1	0 1 1 1 0 0 0 0 0 1 0 1 0 0 1 0
240	1	1 1 1 0 0 0 0 0 1 0 0 0 0 0 1 0
240	1	1 1 1 1 0 1 0 1 0 1 1 1 1 0 0 0
240	3	1 0 1 0 0 0 0 0 0 1 0 0 0 0 0 0
240	5	1 1 1 0 0 0 1 1 1 0 1 1 0 0 0 0
240	2	1 1 1 0 0 1 0 0 1 0 1 1 0 0 0 0
240	3	1 1 1 1 0 0 0 0 1 1 1 0 0 0 1 0
240	2	1 1 1 0 0 1 0 0 0 1 1 1 0 0 0 0
240	1	1 0 1 1 0 0 0 1 0 1 0 0 0 0 0 1
240	1	1 1 1 0 0 0 1 0 1 1 1 0 1 0 0 0
240	2	1 0 1 1 0 1 0 0 1 1 1 0 0 0 0 0
240	1	1 1 1 1 0 1 0 0 1 1 1 0 0 0 0 1
240	1	0 1 0 1 0 0 0 0 0 1 1 1 0 0 0 0
240	1	0 0 1 1 0 0 0 0 0 1 1 1 0 0 0 0
240	1	1 1 1 1 0 1 1 1 1 1 0 0 0 0 1 0
240	1	1 1 1 0 0 0 0 1 0 0 1 0 0 0 0 0
240	1	0 1 1 1 0 0 0 0 0 1 1 0 0 0 0 1
240	1	1 0 1 1 0 0 0 1 0 0 1 0 0 1 0 0
240	1	1 0 1 1 0 0 0 1 0 1 1 0 0 0 0 1
240	3	1 0 1 1 0 0 0 1 0 0 1 1 0 1 0 0
240	1	0 1 1 1 0 0 0 0 1 1 0 1 0 0 0 0
240	1	1 0 1 0 0 0 0 0 1 0 0 0 0 0 0 0
260	1	1 1 1 0 0 1 0 0 1 1 1 0 0 0 0 0
260	75	1 1 1 0 0 1 0 0 1 0 1 0 0 0 0 0
260	39	1 1 1 1 0 1 0 0 1 1 1 0 0 0 0 0
260	74	1 1 1 1 0 0 0 0 0 1 1 0 0 0 0 0
260	5	0 0 1 1 0 1 0 0 1 1 0 0 0 0 0 0
260	9	1 1 1 0 0 1 1 0 1 1 1 0 0 0 0 0
260	7	0 1 1 1 0 0 0 0 0 1 1 1 0 0 0 0
260	28	1 1 1 0 0 0 1 1 0 0 1 0 0 0 0 0
260	14	1 1 1 1 0 1 0 0 0 1 1 0 0 0 0 0
260	20	1 1 1 1 0 1 0 1 1 1 0 0 0 0 1 0
260	4	1 1 1 1 0 0 1 1 0 0 1 0 0 0 0 0
260	20	1 0 1 0 0 1 1 1 0 0 1 0 0 0 0 0
260	59	1 1 1 1 0 0 0 0 0 1 1 1 0 0 0 0
260	22	1 1 1 1 0 1 0 0 0 0 1 0 0 0 0 0
260	10	1 1 1 1 0 0 1 0 1 0 1 0 0 0 0 0
260	4	1 1 1 1 0 0 0 0 0 1 1 0 0 0 0 1
260	20	0 1 1 1 0 0 0 0 0 0 1 0 0 0 0 0
260	18	1 0 1 1 0 0 0 1 0 0 1 0 0 0 0 0
260	7	1 1 1 0 0 0 0 0 1 0 1 0 0 0 0 0
260	6	1 1 1 0 0 0 1 0 1 1 1 0 0 0 0 0
260	10	0 1 1 0 0 1 1 1 1 0 0 0 0 0 0 0
260	6	1 1 0 1 1 0 0 0 0 1 1 0 0 0 1 0
260	12	0 1 1 1 1 0 0 1 0 1 1 0 0 0 1 0
260	11	1 1 1 1 0 1 0 0 0 0 0 0 1 0 0 0
260	8	0 1 1 1 0 0 0 0 0 1 0 1 0 0 0 0
260	4	1 1 1 1 0 0 1 1 0 0 1 1 0 0 0 0
260	1	0 1 1 1 0 0 0 0 0 0 1 1 0 0 0 0
260	1	1 1 1 1 0 0 0 0 0 1 1 0 0 1 0 0
260	7	1 1 0 1 1 0 0 0 0 1 1 0 0 0 0 0
260	23	1 1 1 0 0 0 1 1 0 1 1 0 0 0 0 0
260	16	1 1 1 0 0 0 0 1 0 0 1 0 0 0 0 1
260	29	1 1 1 1 0 1 1 0 1 0 1 0 0 0 0 0
260	11	1 1 1 0 0 0 0 0 1 0 0 0 0 0 0 0
260	3	1 1 0 1 0 0 0 0 1 0 1 0 0 0 0 0
260	10	1 1 1 1 0 0 0 0 0 1 1 0 1 0 0 0
260	15	1 1 0 0 0 0 0 0 0 1 1 1 0 0 0 0
260	6	1 1 1 1 1 0 1 1 0 0 1 0 0 0 0 0
260	5	0 1 1 0 0 1 1 0 0 1 1 1 0 0 0 0
260	2	1 1 0 1 0 0 0 0 1 0 1 1 0 0 0 0
260	2	1 1 1 0 0 0 1 1 0 0 1 0 1 0 0 0
260	1	1 0 1 1 0 0 0 0 0 0 1 0 0 0 0 0
260	7	0 1 1 1 1 0 0 1 0 0 1 0 0 0 1 0
260	9	1 1 1 1 0 0 1 1 0 1 1 0 0 0 0 0
260	5	1 0 0 1 0 0 0 1 0 0 1 0 0 0 0 0
260	29	1 1 1 1 0 1 0 0 0 0 0 1 1 0 0 0
260	5	1 1 1 1 1 1 0 0 1 0 1 0 1 0 0 0
260	23	1 0 1 1 0 0 0 0 1 0 0 0 0 0 0 0
260	5	1 1 1 0 0 1 1 0 0 1 1 0 0 0 0 0
260	6	1 1 1 1 0 1 0 0 1 0 1 0 0 0 0 0
260	8	1 1 1 1 0 0 1 0 0 1 1 0 0 0 0 0
260	13	1 1 1 1 0 1 0 1 0 1 1 1 1 0 0 0
260	11	1 1 1 0 1 0 1 1 1 0 1 1 0 0 0 1
260	4	1 1 1 1 0 0 0 0 1 0 1 0 0 0 0 0
260	6	0 1 1 0 0 0 1 0 1 1 1 0 0 0 0 0
260	16	1 1 1 1 1 1 0 0 1 0 1 0 0 1 0 0
260	3	1 1 1 1 0 0 0 0 1 1 1 0 0 1 0 0
260	2	1 1 0 1 1 0 0 1 0 1 1 0 0 0 0 0
260	11	1 1 1 1 0 1 0 1 1 1 0 0 0 0 0 0
260	11	1 1 1 1 1 0 0 0 0 1 1 0 0 0 1 0
260	10	1 0 1 1 0 0 0 1 0 1 1 0 0 0 0 0
260	4	1 1 0 1 0 0 1 1 0 0 1 1 0 0 0 0
260	1	1 1 1 0 1 1 1 0 1 0 0 0 0 0 0 0
260	1	0 1 1 1 0 1 0 0 0 0 1 0 0 0 0 0
260	3	1 1 1 1 0 0 1 1 1 0 1 1 0 0 0 0
260	9	1 1 0 1 1 0 0 1 0 0 1 0 0 0 0 0
260	2	1 1 0 1 0 1 0 0 1 1 1 0 0 0 0 0
260	3	1 1 1 1 0 0 0 0 0 1 1 1 0 0 0 1
260	8	1 1 0 0 1 0 0 0 0 1 1 0 0 0 1 0
260	16	1 1 1 1 0 1 1 1 0 0 1 0 1 0 0 0
260	9	1 1 1 1 0 1 0 0 1 1 1 0 0 0 0 1
260	5	1 0 1 1 0 0 1 1 0 0 1 0 0 0 0 0
260	3	1 0 0 1 1 0 0 0 0 1 1 0 0 0 0 0
260	7	1 1 1 0 0 0 1 1 0 0 1 0 0 0 0 1
260	2	1 1 0 0 1 0 0 0 0 1 1 1 0 0 0 0
260	1	1 1 0 0 0 0 0 0 0 1 1 1 0 0 0 1
260	5	1 1 1 0 0 1 0 0 0 0 1 0 0 0 0 0
260	1	1 1 1 1 1 1 0 0 1 1 1 0 0 0 0 0
260	9	1 1 1 1 0 0 0 0 0 1 0 0 0 0 0 0
260	1	1 1 1 0 0 0 0 0 0 1 1 0 0 0 0 0
260	5	1 1 1 1 1 0 0 1 0 1 1 0 0 0 1 0
260	7	1 1 1 0 0 1 0 0 1 1 1 1 0 0 0 0
260	4	1 1 1 1 0 0 0 0 0 0 1 0 0 0 0 0
260	1	1 1 1 0 1 0 1 1 1 0 1 1 0 0 0 0
260	4	0 1 1 1 0 0 1 1 0 1 1 0 0 0 0 0
260	4	1 1 1 0 0 1 0 0 0 0 0 0 1 0 0 0
260	6	0 1 1 1 0 0 0 0 0 0 1 1 0 1 0 0
260	4	1 1 1 0 0 0 1 1 1 0 1 1 0 0 0 0
260	1	1 1 1 0 0 1 0 0 1 1 1 0 0 0 1 0
260	3	1 1 1 1 0 0 1 1 0 1 1 0 0 0 1 0
260	1	1 1 1 1 0 0 0 0 0 1 1 0 0 0 1 0
260	3	1 0 1 0 0 1 1 1 0 0 1 0 0 1 0 0
260	7	1 0 1 1 0 0 0 1 0 1 0 0 0 0 0 0
260	2	0 1 1 1 0 1 0 0 1 0 1 0 0 0 0 0
260	1	1 1 0 0 1 0 0 0 1 0 1 0 0 0 0 0
260	2	1 1 1 1 0 1 0 0 0 0 0 0 1 1 0 0
260	2	1 1 1 0 0 0 0 1 1 0 1 0 0 0 0 1
260	1	1 0 1 1 0 1 1 0 1 0 1 0 0 0 0 0
260	2	1 1 1 1 0 1 0 1 1 1 1 1 0 0 0 0
260	2	1 1 1 0 0 0 1 1 0 1 1 0 0 0 1 0
260	3	0 1 1 0 0 1 0 0 1 0 1 0 0 0 0 0
260	1	1 0 1 0 0 1 0 0 1 0 1 0 0 0 0 0
260	3	1 1 1 0 0 1 0 0 1 0 0 0 0 0 0 0
260	3	1 1 1 0 0 1 0 0 1 0 1 0 1 0 0 0
260	1	1 1 1 1 0 1 0 1 0 0 1 0 1 0 0 0
260	1	1 0 1 1 0 1 0 0 1 1 1 0 0 0 0 1
260	2	1 1 1 1 0 1 0 0 1 1 1 0 0 1 0 1
260	1	1 1 1 1 0 1 1 1 0 0 1 0 0 0 0 0
260	3	0 0 1 1 0 0 0 0 1 0 0 0 0 0 0 0
260	1	1 1 1 1 0 1 0 0 1 0 0 0 0 0 0 0
260	1	1 0 1 0 0 1 1 0 1 0 0 0 0 0 0 0
260	1	1 0 1 1 0 0 0 0 0 1 1 0 0 0 0 0
260	1	0 1 1 1 0 1 0 1 1 1 0 0 0 0 1 0
260	3	1 0 1 1 0 1 0 0 0 0 1 0 0 0 0 0
260	1	1 1 1 0 0 0 1 0 1 1 1 0 0 0 1 0
260	1	1 1 1 1 0 0 0 1 0 1 1 0 0 1 0 0
260	1	1 1 1 0 0 0 1 0 0 1 1 0 0 0 0 0
260	4	1 1 1 1 0 1 1 1 1 0 1 0 0 0 0 0
260	3	1 1 1 0 0 0 0 0 1 0 0 0 0 0 0 1
260	2	1 0 1 0 0 0 0 0 1 0 0 0 0 0 0 0
260	2	0 1 1 0 0 1 0 0 1 1 1 1 0 0 0 0
280	55	1 1 1 0 0 1 0 0 1 0 1 0 0 0 0 0
280	22	1 1 1 1 0 1 0 0 1 1 1 0 0 0 0 0
280	108	1 1 1 1 0 0 0 0 0 1 1 0 0 0 0 0
280	31	0 1 1 1 0 0 0 0 0 1 1 1 0 0 0 0
280	21	1 1 1 0 0 0 1 1 0 0 1 0 0 0 0 0
280	2	1 1 1 1 0 1 0 0 0 1 1 0 0 0 0 0
280	11	1 0 1 0 0 1 1 1 0 0 1 0 0 0 0 0
280	65	1 1 1 1 0 0 0 0 0 1 1 1 0 0 0 0
280	23	1 1 1 1 0 1 0 0 0 0 1 0 0 0 0 0
280	13	1 1 1 1 0 0 1 0 1 0 1 0 0 0 0 0
280	15	0 1 1 1 0 0 0 0 0 0 1 0 0 0 0 0
280	5	1 0 1 1 0 0 0 1 0 0 1 0 0 0 0 0
280	4	1 1 1 0 0 0 0 0 1 0 1 0 0 0 0 0
280	1	1 1 1 0 0 0 1 0 1 1 1 0 0 0 0 0
280	8	0 1 1 0 0 1 1 1 1 0 0 0 0 0 0 0
280	3	0 1 1 1 1 0 0 1 0 1 1 0 0 0 1 0
280	33	0 1 1 1 0 0 0 0 0 1 0 1 0 0 0 0
280	6	1 1 0 1 1 0 0 0 0 1 1 0 0 0 0 0
280	13	1 1 1 0 0 0 1 1 0 1 1 0 0 0 0 0
280	32	1 1 1 0 0 0 0 1 0 0 1 0 0 0 0 1
280	10	1 1 1 1 0 1 1 0 1 0 1 0 0 0 0 0
280	8	1 1 1 0 0 0 0 0 1 0 0 0 0 0 0 0
280	16	1 1 1 1 0 0 0 0 0 1 1 0 1 0 0 0
280	6	1 1 1 1 1 0 1 1 0 0 1 0 0 0 0 0
280	29	1 0 1 1 0 0 0 0 0 0 1 0 0 0 0 0
280	1	1 1 1 1 0 0 1 1 0 1 1 0 0 0 0 0
280	25	1 1 1 1 0 1 0 0 0 0 0 1 1 0 0 0
280	1	1 1 1 1 0 0 1 0 0 1 1 0 0 0 0 0
280	5	1 1 1 1 1 1 0 0 1 0 1 0 0 1 0 0
280	8	1 0 1 1 0 0 0 1 0 1 1 0 0 0 0 0
280	6	1 1 1 1 0 0 1 1 1 0 1 1 0 0 0 0
280	16	1 1 0 1 1 0 0 1 0 0 1 0 0 0 0 0
280	10	1 1 1 1 0 1 1 1 0 0 1 0 1 0 0 0
280	9	1 1 1 1 0 1 0 0 1 1 1 0 0 0 0 1
280	12	1 1 0 0 1 0 0 0 0 1 1 1 0 0 0 0
280	39	1 1 1 1 0 0 0 0 0 1 0 0 0 0 0 0
280	9	1 1 1 1 1 0 0 1 0 1 1 0 0 0 1 0
280	12	1 1 1 0 0 1 0 0 1 1 1 1 0 0 0 0
280	20	1 1 1 1 0 0 0 0 0 0 1 0 0 0 0 0
280	26	0 1 1 1 0 0 1 1 0 1 1 0 0 0 0 0
280	11	1 0 1 1 0 1 1 0 1 0 1 0 0 0 0 0
280	7	1 1 1 0 0 1 0 0 1 0 1 0 1 0 0 0
280	1	1 1 1 1 0 1 0 1 0 0 1 0 1 0 0 0
280	18	1 1 1 0 0 0 1 0 0 1 1 0 0 0 0 0
280	1	1 1 1 1 1 0 0 0 0 1 1 1 0 0 0 0
280	3	1 1 1 0 0 0 1 0 0 0 1 0 0 0 0 0
280	6	1 1 1 1 0 0 1 0 0 1 1 1 0 0 0 0
280	4	1 1 1 1 0 0 0 0 1 1 1 0 0 0 0 0
280	29	1 1 1 1 1 0 0 0 0 0 1 0 0 0 0 0
280	1	0 1 1 0 0 1 0 1 1 1 0 0 0 0 0 0
280	1	1 1 1 0 1 1 0 0 1 0 1 0 0 0 0 0
280	6	1 1 1 0 0 0 0 0 0 0 1 0 0 0 0 0
280	4	0 1 1 1 0 0 0 0 1 0 1 1 0 0 0 0
280	8	1 1 1 1 0 1 0 1 1 1 1 0 0 0 1 0
280	6	1 0 1 1 0 1 0 0 0 0 0 1 1 0 0 0
280	14	1 1 1 0 0 1 0 0 1 1 0 1 0 0 0 0
280	1	0 1 1 1 1 0 0 1 0 0 1 0 0 1 1 0
280	1	1 1 1 0 0 1 0 0 1 1 1 1 1 0 0 0
280	6	1 0 0 1 0 0 0 0 0 1 1 0 0 0 0 1
280	1	1 1 1 1 1 0 0 1 0 1 1 1 1 0 0 0
280	2	1 0 1 1 0 0 0 0 0 1 1 1 0 0 0 0
280	12	1 0 1 1 0 0 0 1 1 0 1 0 0 0 0 0
280	12	1 1 1 1 0 1 0 1 0 0 0 1 1 0 0 0
280	1	1 1 1 1 0 1 0 0 1 0 1 0 0 0 0 1
280	2	1 1 1 0 0 1 0 0 0 1 1 1 0 0 0 0
280	3	1 1 1 1 0 0 0 0 0 1 1 1 0 1 0 0
280	1	1 1 1 1 1 1 0 0 0 0 0 1 1 0 0 0
280	5	0 0 1 1 0 0 0 1 0 1 1 0 0 0 0 0
280	5	1 1 1 0 0 1 0 0 0 1 1 0 0 0 0 0
280	4	0 1 1 1 0 1 0 0 0 0 0 1 1 0 0 0
280	1	1 1 1 1 0 1 0 0 1 1 0 0 0 0 0 0
280	2	0 1 1 1 0 0 1 0 1 0 1 0 0 0 0 0
280	7	1 1 1 0 0 0 0 0 0 1 1 1 0 0 0 0
280	4	0 1 1 1 0 0 0 0 0 1 1 0 0 0 0 0
280	2	1 1 1 0 0 1 0 0 1 1 0 1 0 0 1 0
280	4	1 1 1 0 0 1 0 0 0 1 1 1 1 0 0 0
280	1	0 1 1 0 0 0 0 1 0 0 1 0 0 0 0 1
280	1	1 1 1 1 0 1 0 0 0 1 1 1 0 0 0 0
280	3	1 0 1 1 0 0 0 0 1 1 1 1 0 0 0 0
280	1	0 1 1 1 0 0 0 1 0 0 1 0 0 0 0 0
280	1	1 1 1 1 0 0 0 0 0 1 1 1 1 0 0 0
280	2	1 1 0 1 0 1 1 1 0 0 1 0 1 0 0 0
280	11	1 1 1 0 0 1 0 1 1 0 1 0 1 0 0 0
280	5	1 1 1 1 0 1 0 0 0 0 1 0 0 1 0 0
280	4	1 1 1 0 0 0 0 0 0 0 1 1 0 0 0 0
280	1	1 1 1 0 0 1 1 0 0 1 1 1 0 0 0 0
280	1	1 1 1 1 0 1 0 0 1 0 1 0 0 0 0 0
280	2	1 1 1 0 0 1 0 0 1 0 1 1 0 0 0 0
280	1	0 1 1 0 0 1 0 0 1 0 1 0 0 0 0 0
280	4	0 0 1 0 0 1 1 1 1 0 0 0 0 0 0 0
280	1	1 0 1 1 0 0 0 0 0 0 1 0 0 0 0 1
280	1	1 0 1 1 1 1 0 0 1 1 1 0 0 0 0 1
280	3	1 1 1 1 0 0 0 0 1 0 1 1 0 0 0 0
280	3	0 1 1 0 0 0 0 0 0 1 1 1 0 0 0 0
280	1	1 1 1 0 0 0 0 1 0 1 1 0 0 0 0 1
280	1	1 1 1 0 0 1 0 0 1 1 1 1 0 1 0 0
280	1	1 1 1 0 0 0 0 0 0 1 0 0 0 0 0 0
280	3	1 1 1 1 0 1 0 0 1 0 1 0 1 0 0 0
280	1	0 1 1 1 0 1 0 0 1 1 1 1 0 0 0 0
280	1	1 1 1 1 0 1 1 1 1 0 0 0 0 0 0 0
280	3	0 1 1 1 1 0 0 1 1 0 1 0 1 0 0 0
280	2	1 0 0 1 0 0 0 0 0 1 1 0 0 0 0 0
280	1	1 1 1 1 0 1 0 1 0 0 1 0 0 0 0 0
280	3	1 1 1 1 0 0 1 1 0 1 1 1 0 0 0 0
280	1	1 0 1 1 1 1 0 0 1 0 1 0 0 1 0 0
280	1	1 0 1 1 0 1 1 0 1 0 1 0 1 0 0 0
300	34	1 1 1 0 0 1 0 0 1 0 1 0 0 0 0 0
300	40	1 1 1 1 0 1 0 0 1 1 1 0 0 0 0 0
300	164	1 1 1 1 0 0 0 0 0 1 1 0 0 0 0 0
300	27	0 1 1 1 0 0 0 0 0 1 1 1 0 0 0 0
300	43	1 1 1 1 0 0 0 0 0 1 1 1 0 0 0 0
300	28	1 1 1 1 0 1 0 0 0 0 1 0 0 0 0 0
300	1	1 1 1 1 0 0 1 0 1 0 1 0 0 0 0 0
300	3	0 1 1 1 0 0 0 0 0 0 1 0 0 0 0 0
300	24	0 1 1 0 0 1 1 1 1 0 0 0 0 0 0 0
300	25	0 1 1 1 0 0 0 0 0 1 0 1 0 0 0 0
300	15	1 1 0 1 1 0 0 0 0 1 1 0 0 0 0 0
300	23	1 1 1 1 0 1 1 0 1 0 1 0 0 0 0 0
300	7	1 1 1 0 0 0 0 0 1 0 0 0 0 0 0 0
300	9	1 0 1 1 0 0 0 0 0 0 1 0 0 0 0 0
300	5	1 1 1 1 0 0 1 1 0 1 1 0 0 0 0 0
300	4	1 1 1 1 0 1 0 0 0 0 0 1 1 0 0 0
300	6	1 1 0 1 1 0 0 1 0 0 1 0 0 0 0 0
300	27	1 1 1 1 0 1 1 1 0 0 1 0 1 0 0 0
300	2	1 1 1 1 0 1 0 0 1 1 1 0 0 0 0 1
300	5	1 1 1 1 0 0 0 0 0 1 0 0 0 0 0 0
300	10	1 1 1 0 0 1 0 0 1 1 1 1 0 0 0 0
300	16	1 1 1 1 0 0 0 0 0 0 1 0 0 0 0 0
300	29	0 1 1 1 0 0 1 1 0 1 1 0 0 0 0 0
300	2	1 0 1 1 0 1 1 0 1 0 1 0 0 0 0 0
300	6	1 1 1 0 0 1 0 0 1 0 1 0 1 0 0 0
300	2	1 1 1 0 0 0 1 0 0 1 1 0 0 0 0 0
300	1	1 1 1 1 1 0 0 0 0 1 1 1 0 0 0 0
300	6	1 1 1 1 0 0 1 0 0 1 1 1 0 0 0 0
300	18	1 1 1 1 1 0 0 0 0 0 1 0 0 0 0 0
300	15	1 1 1 0 0 0 0 0 0 0 1 0 0 0 0 0
300	30	0 1 1 1 0 0 0 0 1 0 1 1 0 0 0 0
300	2	1 0 1 1 0 1 0 0 0 0 0 1 1 0 0 0
300	9	1 1 1 0 0 1 0 0 1 1 0 1 0 0 0 0
300	7	1 0 0 1 0 0 0 0 0 1 1 0 0 0 0 1
300	4	1 1 1 1 0 1 0 1 0 0 0 1 1 0 0 0
300	6	1 1 1 1 0 0 0 0 0 1 1 1 0 1 0 0
300	15	0 0 1 1 0 0 0 1 0 1 1 0 0 0 0 0
300	18	0 1 1 1 0 0 0 0 0 1 1 0 0 0 0 0
300	4	1 1 1 0 0 1 0 0 1 1 0 1 0 0 1 0
300	11	1 1 1 1 0 1 0 0 0 0 1 0 0 1 0 0
300	7	1 1 1 1 0 1 0 0 1 0 1 0 0 0 0 0
300	8	0 1 1 1 1 0 0 1 1 0 1 0 1 0 0 0
300	19	1 1 1 1 0 0 1 1 0 1 1 1 0 0 0 0
300	5	1 0 1 1 0 0 0 0 0 1 1 0 0 0 0 1
300	3	1 1 1 0 0 1 0 0 0 0 1 0 0 0 0 0
300	3	1 1 1 1 0 0 1 0 0 1 1 0 0 0 0 0
300	6	1 0 1 1 0 0 0 0 0 1 1 0 0 0 0 0
300	4	1 0 0 0 0 0 0 0 0 0 1 0 0 0 0 0
300	11	1 0 1 0 0 0 0 0 0 1 1 0 0 0 0 0
300	2	1 0 1 1 0 0 1 1 0 0 1 0 0 0 0 0
300	6	1 1 1 1 0 0 1 0 0 0 1 0 0 0 0 0
300	2	1 0 1 0 0 0 0 0 1 1 1 1 0 0 0 0
300	8	1 1 1 1 0 1 0 0 0 1 1 1 0 0 0 0
300	2	1 1 1 1 0 0 0 0 0 1 0 1 0 0 0 0
300	8	1 1 1 1 0 0 1 1 1 0 1 0 0 0 0 0
300	7	1 1 1 1 0 0 0 0 0 1 1 0 0 1 0 0
300	19	1 1 1 1 0 0 1 1 0 1 1 1 0 0 1 0
300	5	0 1 1 1 1 0 0 0 0 1 0 1 0 0 0 0
300	11	1 1 1 1 0 1 0 0 1 0 0 1 1 0 0 0
300	14	0 1 1 1 1 0 0 1 0 0 1 0 1 0 0 0
300	2	1 1 1 1 0 0 1 1 1 1 1 1 0 0 0 0
300	1	1 0 1 1 0 0 0 0 0 1 1 0 0 1 0 0
300	1	1 1 1 1 0 0 1 0 1 0 1 1 0 0 0 0
300	10	1 1 1 1 1 1 1 0 1 0 1 0 0 0 0 0
300	4	0 1 1 1 0 1 0 0 0 1 1 1 0 0 0 0
300	3	1 0 1 1 0 1 0 0 0 0 1 0 0 0 0 0
300	2	1 1 1 1 0 0 0 0 1 1 1 0 0 0 0 0
300	7	1 1 1 1 1 1 0 0 1 0 1 0 0 0 0 0
300	1	0 1 1 1 0 0 1 1 0 1 0 0 0 0 0 0
300	17	1 1 1 1 0 1 0 0 1 0 1 1 0 0 0 0
300	2	1 1 1 1 0 1 0 0 0 1 0 0 0 0 0 0
300	4	1 1 1 1 0 1 0 0 0 1 0 1 0 0 0 0
300	1	0 1 1 1 0 0 1 0 0 1 1 1 0 0 0 0
300	2	1 1 1 1 1 0 0 0 0 1 1 0 0 0 0 0
300	2	0 1 1 1 0 1 1 1 0 1 1 0 0 0 0 0
300	3	1 1 1 1 0 1 0 0 0 1 1 1 0 0 0 1
300	3	1 1 1 1 0 0 0 0 1 1 0 1 0 0 1 0
300	3	1 1 1 1 0 1 0 0 0 0 1 1 0 0 0 0
300	1	1 1 1 1 0 1 0 0 0 0 1 0 1 0 0 0
300	4	1 1 1 1 0 0 1 0 0 1 1 1 0 0 0 1
300	5	1 0 1 1 0 0 0 1 0 0 1 0 0 0 0 0
300	6	0 1 1 1 0 0 0 0 1 0 1 1 1 0 0 0
300	5	0 1 1 1 0 1 0 0 1 1 1 0 0 0 0 0
300	2	1 1 1 1 0 0 0 0 0 1 1 0 0 0 0 1
300	6	0 1 1 1 0 0 1 1 0 0 1 0 0 0 0 0
300	2	1 0 1 1 0 1 0 0 1 0 0 1 1 0 0 0
300	1	1 1 1 0 0 0 0 0 0 0 1 0 1 0 0 0
300	11	1 1 1 1 1 0 0 0 0 1 1 1 1 0 0 0
300	1	0 1 1 1 0 0 1 0 0 1 1 1 0 1 0 0
300	2	0 1 1 1 1 0 1 1 0 1 1 0 0 0 0 0
300	4	0 0 1 1 0 0 0 1 0 1 1 0 1 0 0 0
300	3	0 1 1 1 0 1 1 1 0 0 1 0 1 0 0 0
300	6	1 1 0 1 0 0 0 0 0 1 1 0 0 0 0 0
300	1	1 1 1 1 0 1 0 1 0 0 1 0 0 0 0 0
300	1	1 1 1 1 0 0 1 1 0 1 1 1 1 0 0 0
300	1	1 1 1 1 0 0 0 0 0 1 1 0 1 0 0 0
300	2	1 1 1 1 1 0 0 0 0 0 0 1 1 0 0 0
300	1	1 1 1 0 0 1 0 0 1 1 0 1 0 1 0 0
300	2	0 1 1 1 0 1 0 0 0 1 1 0 0 0 0 0
300	2	1 0 1 1 0 1 0 0 0 1 1 0 0 0 0 0
300	4	1 1 1 1 0 0 0 0 0 1 1 0 0 0 1 0
300	1	0 1 1 1 0 1 1 0 1 0 1 0 0 0 0 0
300	2	1 1 1 1 0 0 1 1 0 1 1 0 0 0 0 1
300	1	1 1 1 1 0 1 1 1 0 0 0 0 1 0 0 0
300	1	0 1 1 1 0 0 0 1 1 0 1 1 0 0 0 0
300	1	1 1 1 0 0 1 0 0 1 0 1 1 0 0 0 0
320	21	1 1 1 0 0 1 0 0 1 0 1 0 0 0 0 0
320	84	1 1 1 1 0 1 0 0 1 1 1 0 0 0 0 0
320	148	1 1 1 1 0 0 0 0 0 1 1 0 0 0 0 0
320	36	1 1 1 1 0 0 0 0 0 1 1 1 0 0 0 0
320	75	1 1 1 1 0 1 0 0 0 0 1 0 0 0 0 0
320	10	0 1 1 0 0 1 1 1 1 0 0 0 0 0 0 0
320	9	0 1 1 1 0 0 0 0 0 1 0 1 0 0 0 0
320	11	1 1 1 1 0 1 1 0 1 0 1 0 0 0 0 0
320	6	1 0 1 1 0 0 0 0 0 0 1 0 0 0 0 0
320	16	1 1 1 1 0 1 1 1 0 0 1 0 1 0 0 0
320	7	1 1 1 0 0 1 0 0 1 1 1 1 0 0 0 0
320	68	1 1 1 1 0 0 0 0 0 0 1 0 0 0 0 0
320	4	0 1 1 1 0 0 1 1 0 1 1 0 0 0 0 0
320	15	1 1 1 1 1 0 0 0 0 0 1 0 0 0 0 0
320	11	0 1 1 1 0 0 0 0 1 0 1 1 0 0 0 0
320	6	1 1 1 0 0 1 0 0 1 1 0 1 0 0 0 0
320	19	0 1 1 1 0 0 0 0 0 1 1 0 0 0 0 0
320	26	1 1 1 1 0 1 0 0 0 0 1 0 0 1 0 0
320	10	1 1 1 1 0 1 0 0 1 0 1 0 0 0 0 0
320	9	1 1 1 1 0 0 1 1 0 1 1 1 0 0 0 0
320	3	1 0 1 0 0 0 0 0 0 1 1 0 0 0 0 0
320	10	1 1 1 1 0 1 0 0 0 1 1 1 0 0 0 0
320	7	1 1 1 1 0 0 1 1 1 0 1 0 0 0 0 0
320	9	0 1 1 1 1 0 0 0 0 1 0 1 0 0 0 0
320	30	1 1 1 1 0 1 0 0 1 0 0 1 1 0 0 0
320	14	1 0 1 1 0 0 0 0 0 1 1 0 0 1 0 0
320	2	1 0 1 1 0 1 0 0 0 0 1 0 0 0 0 0
320	5	1 1 1 1 1 1 0 0 1 0 1 0 0 0 0 0
320	8	1 1 1 1 0 1 0 0 0 1 0 1 0 0 0 0
320	6	1 1 1 1 0 0 0 0 1 1 0 1 0 0 1 0
320	10	1 1 1 1 0 1 0 0 0 0 1 1 0 0 0 0
320	3	1 1 1 1 0 0 1 0 0 1 1 1 0 0 0 1
320	1	1 1 1 1 0 0 0 0 0 1 1 0 0 0 0 1
320	11	0 1 1 1 0 0 1 1 0 0 1 0 0 0 0 0
320	12	1 1 1 1 0 1 0 1 0 0 1 0 0 0 0 0
320	19	1 1 1 1 0 0 0 0 0 1 1 0 0 0 1 0
320	8	1 1 1 1 1 0 1 1 0 1 1 1 0 0 0 0
320	18	0 1 1 0 0 0 0 0 0 1 1 1 0 0 0 0
320	7	1 1 1 1 0 0 0 1 0 1 1 1 0 0 0 0
320	1	0 1 1 0 0 1 1 1 1 0 0 1 0 0 0 0
320	2	1 1 1 1 0 1 0 1 0 1 1 1 0 0 0 0
320	1	1 1 1 1 0 0 0 0 0 1 1 1 0 0 0 1
320	8	1 0 0 0 0 0 0 0 0 1 1 0 0 0 0 0
320	4	1 1 1 1 0 1 0 0 1 0 1 1 1 0 0 0
320	17	1 1 1 1 0 0 0 0 0 1 0 0 0 0 0 0
320	3	1 1 0 1 1 0 0 0 0 0 1 0 0 0 0 0
320	14	1 1 0 1 0 1 0 0 0 1 0 1 0 0 0 0
320	6	1 1 1 1 0 0 0 0 1 1 1 0 0 0 0 0
320	12	1 1 1 1 1 0 0 0 0 0 1 0 1 0 0 0
320	2	0 1 1 1 0 1 0 0 1 1 1 0 0 0 0 0
320	2	1 1 1 1 0 0 0 0 0 1 1 0 1 0 0 0
320	3	1 1 1 1 0 0 1 0 1 0 1 0 0 0 0 0
320	1	1 1 1 1 0 0 0 0 0 1 1 1 1 0 0 0
320	11	1 1 1 1 0 1 0 0 0 1 1 0 0 0 0 0
320	15	1 1 1 1 0 1 0 0 0 0 1 0 0 0 0 1
320	1	1 1 1 1 1 0 0 0 0 0 1 1 0 0 0 0
320	18	1 1 1 1 0 0 1 0 0 1 1 0 0 0 0 0
320	4	1 0 0 0 0 0 0 0 0 0 1 0 0 0 0 0
320	7	1 1 1 1 0 1 1 1 1 0 1 0 1 0 0 0
320	8	1 1 1 1 0 1 0 0 0 0 0 1 0 0 0 0
320	10	1 1 1 1 0 0 0 0 0 1 0 0 0 1 0 0
320	2	1 1 1 1 0 1 0 0 1 1 1 0 0 1 0 0
320	3	0 1 1 1 0 0 0 0 0 1 0 1 0 0 1 0
320	5	1 0 1 1 0 0 0 0 0 1 1 0 0 0 0 0
320	1	1 1 1 1 0 1 0 0 0 0 1 0 1 1 0 0
320	1	0 1 1 1 1 0 0 0 0 0 0 1 0 0 0 0
320	2	1 1 1 1 1 1 1 1 0 1 1 1 0 0 0 0
320	3	1 0 1 1 0 1 0 0 1 1 1 0 0 0 0 0
320	2	1 1 1 1 0 1 1 0 1 0 1 0 1 0 0 0
320	8	1 1 1 1 0 1 0 1 0 0 1 0 1 0 0 0
320	2	1 1 0 1 1 0 0 1 0 0 1 1 0 0 0 0
320	6	1 1 1 1 0 0 1 0 0 1 1 1 0 0 0 0
320	2	0 1 1 1 0 1 0 0 0 1 0 1 0 0 0 0
320	2	1 1 1 1 0 0 1 1 0 0 1 0 0 0 0 0
320	2	1 1 1 1 0 1 0 1 0 0 1 1 0 0 0 0
320	3	1 1 0 1 0 1 0 0 0 0 1 0 0 0 0 0
320	2	1 1 1 1 0 1 0 1 1 1 1 0 0 0 0 0
320	1	1 0 1 1 0 0 0 0 0 1 1 1 0 0 0 0
320	5	0 1 1 1 0 1 0 0 0 0 1 0 0 0 0 0
320	1	1 1 1 1 0 1 0 0 1 0 1 0 1 0 0 0
320	1	1 0 0 1 0 0 0 0 0 1 1 0 0 1 0 0
320	4	1 1 0 1 0 1 0 1 0 0 1 0 0 0 0 0
320	1	0 1 1 0 0 0 0 0 1 1 1 1 0 0 0 0
320	1	0 1 1 1 0 1 0 0 1 0 1 0 0 0 0 0
320	1	0 1 1 1 0 1 0 0 1 1 1 0 1 0 0 0
320	1	1 1 1 1 0 0 0 0 0 0 1 0 0 1 0 0
320	1	1 1 1 1 0 0 0 0 0 1 0 1 0 0 0 0
320	1	1 1 1 1 0 0 1 1 0 1 0 0 0 1 0 0
320	1	1 1 0 0 0 1 0 0 1 0 1 0 0 0 0 0
320	2	1 1 0 1 0 0 0 0 0 1 1 0 0 0 0 0
320	1	0 1 1 0 0 0 0 0 0 1 0 1 0 0 0 0
320	2	1 1 1 1 1 0 0 0 0 1 1 0 0 0 0 0
320	2	0 1 1 1 1 0 0 1 0 1 0 1 0 0 0 0
320	1	0 0 1 0 0 0 0 0 0 1 1 1 0 0 0 0
320	1	1 1 1 1 1 0 0 1 0 0 1 0 1 0 0 0
320	2	1 1 1 1 0 1 0 0 0 1 1 0 1 0 0 0
340	79	1 1 1 1 0 1 0 0 1 1 1 0 0 0 0 0
340	169	1 1 1 1 0 0 0 0 0 1 1 0 0 0 0 0
340	12	1 1 1 1 0 0 0 0 0 1 1 1 0 0 0 0
340	74	1 1 1 1 0 1 0 0 0 0 1 0 0 0 0 0
340	5	0 1 1 0 0 1 1 1 1 0 0 0 0 0 0 0
340	69	1 1 1 1 0 1 1 0 1 0 1 0 0 0 0 0
340	11	1 1 1 1 0 1 1 1 0 0 1 0 1 0 0 0
340	8	1 1 1 0 0 1 0 0 1 1 1 1 0 0 0 0
340	107	1 1 1 1 0 0 0 0 0 0 1 0 0 0 0 0
340	21	1 1 1 1 1 0 0 0 0 0 1 0 0 0 0 0
340	14	1 1 1 0 0 1 0 0 1 1 0 1 0 0 0 0
340	31	0 1 1 1 0 0 0 0 0 1 1 0 0 0 0 0
340	16	1 1 1 1 0 1 0 0 1 0 1 0 0 0 0 0
340	7	1 1 1 1 0 1 0 0 0 1 1 1 0 0 0 0
340	16	1 1 1 1 0 1 0 0 1 0 0 1 1 0 0 0
340	32	1 1 1 1 0 1 0 0 0 1 0 1 0 0 0 0
340	26	1 1 1 1 0 1 0 0 0 0 1 1 0 0 0 0
340	9	1 1 1 1 0 1 0 1 0 0 1 0 0 0 0 0
340	23	1 1 1 1 0 0 0 0 0 1 1 0 0 0 1 0
340	14	1 0 0 0 0 0 0 0 0 1 1 0 0 0 0 0
340	17	1 1 1 1 0 0 0 0 0 1 0 0 0 0 0 0
340	7	1 1 0 1 1 0 0 0 0 0 1 0 0 0 0 0
340	7	1 1 1 1 0 0 1 0 1 0 1 0 0 0 0 0
340	12	1 1 1 1 0 1 0 0 0 1 1 0 0 0 0 0
340	5	1 1 1 1 1 0 0 0 0 0 1 1 0 0 0 0
340	8	1 1 1 1 0 0 1 0 0 1 1 0 0 0 0 0
340	8	1 1 1 1 0 1 0 0 0 0 0 1 0 0 0 0
340	4	1 0 1 1 0 0 0 0 0 1 1 0 0 0 0 0
340	8	1 1 1 1 0 1 0 1 0 0 1 0 1 0 0 0
340	7	1 1 0 1 1 0 0 1 0 0 1 1 0 0 0 0
340	9	1 1 1 1 0 0 1 0 0 1 1 1 0 0 0 0
340	13	0 1 1 1 0 1 0 0 0 1 0 1 0 0 0 0
340	12	0 1 1 1 0 1 0 0 0 0 1 0 0 0 0 0
340	4	1 1 0 1 0 0 0 0 0 1 1 0 0 0 0 0
340	8	1 0 1 1 0 1 0 0 0 0 1 0 0 0 0 0
340	3	0 1 1 0 1 0 0 0 0 1 1 1 0 0 0 0
340	8	1 0 0 0 0 0 0 0 0 1 0 0 0 0 0 0
340	3	0 1 1 1 0 0 0 0 0 1 1 0 0 1 0 1
340	2	1 1 1 1 0 0 0 0 0 1 1 0 1 1 0 0
340	11	0 1 0 0 0 1 1 1 1 0 0 0 0 0 0 0
340	1	1 1 1 1 0 0 1 1 1 0 0 0 0 0 0 0
340	4	0 1 1 1 0 0 0 0 0 0 1 0 0 0 0 0
340	2	1 1 1 0 0 1 0 1 0 0 1 0 1 0 0 0
340	10	0 1 1 0 0 1 1 0 1 0 1 0 0 0 0 0
340	1	1 1 1 1 0 1 0 0 1 1 1 0 1 0 0 0
340	1	1 1 1 1 0 1 0 0 0 0 1 0 1 0 0 0
340	5	0 1 1 0 0 0 1 1 0 0 1 0 0 0 0 0
340	3	1 1 1 1 0 0 0 0 0 1 1 0 0 1 0 1
340	2	1 1 1 1 0 1 0 1 0 0 1 1 0 0 0 0
340	3	1 1 1 1 0 0 0 0 0 0 0 1 0 0 0 0
340	1	1 1 1 1 0 1 0 0 1 1 0 1 0 0 0 0
340	1	0 1 1 0 0 0 0 0 0 1 1 0 0 0 0 0
340	3	1 1 1 1 0 0 0 0 0 1 1 0 0 1 0 0
340	4	1 1 1 1 0 1 1 0 1 0 1 1 0 0 0 0
340	4	1 1 1 1 0 0 0 0 0 0 1 0 0 1 0 0
340	5	0 1 1 1 0 0 0 0 0 1 1 0 0 1 0 0
340	1	1 1 1 1 0 1 0 0 1 0 0 1 1 0 0 1
340	2	0 1 1 0 0 1 0 1 0 0 1 0 1 0 0 0
340	2	0 1 1 1 0 0 0 0 0 1 0 1 0 0 0 0
340	4	1 1 1 1 0 1 0 1 1 1 1 0 0 0 0 0
340	4	1 1 1 1 0 0 1 0 0 0 1 0 0 0 0 0
340	3	1 1 1 1 0 1 0 0 1 1 0 1 1 0 0 0
340	3	1 1 1 1 0 1 0 0 0 1 0 0 0 0 0 0
340	1	0 1 0 0 0 0 0 0 0 1 1 0 0 1 0 1
340	3	1 1 1 1 0 1 0 0 1 1 1 0 0 1 0 0
340	1	1 1 0 1 0 0 0 0 0 0 1 0 0 0 0 0
340	2	1 1 1 1 1 0 0 0 0 1 1 0 0 0 0 0
340	4	1 1 1 1 0 1 0 0 1 0 0 1 1 0 1 0
340	2	1 1 1 1 0 0 1 0 1 1 1 0 0 0 0 0
340	3	0 1 1 1 0 1 1 0 0 0 1 0 0 0 0 0
340	1	1 1 0 1 0 0 0 0 1 1 1 0 0 0 0 0
340	1	1 1 1 1 0 0 1 0 0 0 1 1 0 0 0 0
340	1	1 1 1 1 0 0 0 0 0 1 0 0 0 1 0 1
340	1	1 1 1 1 0 0 0 0 0 1 0 1 0 0 0 0
340	1	1 1 1 1 0 1 1 0 0 1 1 1 0 0 0 0
340	1	1 1 1 1 0 1 1 0 1 1 1 0 0 0 0 0
340	1	1 1 1 1 0 0 0 1 0 1 1 0 0 0 0 0
340	1	1 1 1 0 0 1 0 0 0 0 1 0 0 0 0 0
340	1	1 1 1 1 1 0 1 0 0 0 1 0 0 0 0 0
340	1	0 1 0 1 0 0 0 0 0 1 1 0 0 0 0 0
340	3	1 0 1 1 0 1 0 0 0 0 1 1 0 0 0 0
340	2	1 1 1 1 0 0 1 0 0 1 1 1 0 0 1 0
340	1	1 0 1 1 0 1 0 1 0 0 1 0 0 0 0 0
360	48	1 1 1 1 0 1 0 0 1 1 1 0 0 0 0 0
360	178	1 1 1 1 0 0 0 0 0 1 1 0 0 0 0 0
360	27	1 1 1 1 0 0 0 0 0 1 1 1 0 0 0 0
360	100	1 1 1 1 0 1 0 0 0 0 1 0 0 0 0 0
360	70	1 1 1 1 0 1 1 0 1 0 1 0 0 0 0 0
360	116	1 1 1 1 0 0 0 0 0 0 1 0 0 0 0 0
360	11	1 1 1 1 1 0 0 0 0 0 1 0 0 0 0 0
360	2	0 1 1 1 0 0 0 0 0 1 1 0 0 0 0 0
360	6	1 1 1 1 0 1 0 0 1 0 1 0 0 0 0 0
360	15	1 1 1 1 0 1 0 0 0 1 1 1 0 0 0 0
360	15	1 1 1 1 0 1 0 0 0 1 0 1 0 0 0 0
360	20	1 1 1 1 0 1 0 0 0 0 1 1 0 0 0 0
360	44	1 1 1 1 0 1 0 1 0 0 1 0 0 0 0 0
360	23	1 0 0 0 0 0 0 0 0 1 1 0 0 0 0 0
360	18	1 1 1 1 0 0 0 0 0 1 0 0 0 0 0 0
360	8	1 1 1 1 0 0 1 0 1 0 1 0 0 0 0 0
360	5	1 1 1 1 0 1 0 0 0 1 1 0 0 0 0 0
360	3	1 1 1 1 0 0 1 0 0 1 1 0 0 0 0 0
360	10	1 1 1 1 0 1 0 0 0 0 0 1 0 0 0 0
360	15	1 0 1 1 0 0 0 0 0 1 1 0 0 0 0 0
360	13	1 1 0 1 1 0 0 1 0 0 1 1 0 0 0 0
360	2	1 1 1 1 0 0 1 0 0 1 1 1 0 0 0 0
360	1	0 1 1 1 0 1 0 0 0 1 0 1 0 0 0 0
360	9	1 1 1 1 0 0 0 0 0 1 1 0 1 1 0 0
360	7	1 1 1 1 0 1 0 0 1 1 1 0 1 0 0 0
360	3	1 1 1 1 0 0 0 0 0 0 0 1 0 0 0 0
360	29	1 1 0 1 0 0 0 0 0 0 1 0 0 0 0 0
360	4	1 1 1 1 1 0 0 0 0 1 1 0 0 0 0 0
360	2	1 1 1 1 0 1 0 0 0 0 1 1 0 0 1 0
360	4	1 1 1 1 0 1 1 1 0 0 1 0 0 0 0 0
360	1	1 1 1 1 0 1 0 0 0 0 1 0 0 1 0 0
360	1	1 1 1 1 0 1 1 0 0 0 1 1 0 0 0 0
360	7	1 1 1 1 0 1 1 1 1 0 1 0 0 0 0 0
360	13	1 1 1 1 1 0 0 0 0 1 0 1 0 0 0 0
360	9	1 1 1 1 0 0 1 0 0 0 1 1 0 0 0 0
360	6	1 1 1 1 0 0 0 1 0 0 1 0 0 0 0 0
360	1	1 1 0 1 0 0 0 0 0 1 1 0 0 0 0 0
360	45	1 1 1 1 0 0 0 0 1 1 1 1 0 0 0 0
360	4	0 1 1 1 0 0 1 0 0 1 1 1 0 0 0 0
360	1	1 0 1 0 0 1 0 0 0 0 1 0 0 0 0 0
360	2	1 0 1 1 0 1 0 0 1 1 1 0 1 0 0 0
360	3	1 1 1 1 0 1 1 1 1 0 1 0 0 0 1 0
360	3	1 1 1 1 0 1 0 1 0 0 1 1 0 0 0 0
360	2	1 0 1 1 1 0 0 0 0 1 1 0 0 0 0 0
360	2	1 1 1 1 0 1 1 0 1 1 1 0 0 0 0 0
360	4	1 1 1 1 0 1 0 0 0 0 1 0 0 0 1 0
360	2	1 0 0 0 0 0 0 1 0 1 1 0 0 0 0 0
360	1	1 1 1 1 0 0 0 0 0 1 0 0 1 0 0 0
360	7	1 1 1 1 0 0 1 0 0 0 1 1 0 1 0 0
360	2	1 1 1 1 0 0 0 0 0 1 1 0 1 0 0 0
360	4	1 1 1 1 1 1 0 0 0 0 1 0 0 0 0 0
360	4	1 1 1 1 1 0 0 0 0 1 0 0 0 0 0 0
360	1	0 0 1 1 0 0 0 0 0 1 1 0 0 0 0 0
360	4	1 1 1 1 0 0 1 0 0 1 1 1 0 0 1 0
360	1	0 1 1 1 0 1 0 0 0 1 1 1 0 0 0 0
360	3	1 1 1 1 0 0 0 0 0 0 1 0 0 0 1 0
360	2	1 0 1 0 0 1 0 0 0 0 1 0 0 1 0 0
360	7	0 1 1 1 0 0 0 0 0 0 1 0 0 0 0 0
360	5	1 1 1 1 1 0 0 0 0 0 0 0 0 0 0 0
360	3	1 1 1 1 0 1 0 1 0 0 1 0 0 0 1 0
360	3	1 0 1 1 0 0 0 0 0 1 1 0 1 0 0 0
360	6	1 1 0 1 0 0 1 0 0 0 1 1 0 0 0 0
360	3	1 1 1 1 0 1 0 0 1 1 1 0 0 0 1 0
360	6	1 1 1 1 0 0 0 0 0 0 1 0 0 1 0 0
360	1	0 1 1 1 1 1 0 0 0 0 1 0 0 0 0 0
360	2	1 0 1 0 0 1 0 0 0 0 0 0 0 0 0 0
360	2	1 1 1 1 0 0 0 0 1 0 1 0 0 0 0 0
360	1	1 0 1 0 0 0 0 0 0 1 1 0 0 0 0 0
360	4	1 1 1 1 0 0 0 0 1 1 0 1 0 0 0 0
360	3	0 0 1 0 0 0 0 0 0 1 1 0 0 0 0 0
360	1	1 1 1 0 0 1 0 0 1 1 1 0 0 0 0 0
360	1	1 1 0 1 0 1 0 0 1 1 1 0 0 0 0 0
360	2	1 1 1 1 0 0 0 0 0 1 1 0 0 1 0 0
360	3	1 1 1 0 0 0 0 0 0 1 1 0 0 0 0 0
360	2	1 0 1 1 0 0 0 0 0 0 1 0 0 0 0 0
360	2	0 1 1 1 0 1 0 0 0 1 0 1 0 1 0 0
380	7	1 1 1 1 0 1 0 0 1 1 1 0 0 0 0 0
380	113	1 1 1 1 0 0 0 0 0 1 1 0 0 0 0 0
380	86	1 1 1 1 0 0 0 0 0 1 1 1 0 0 0 0
380	88	1 1 1 1 0 1 0 0 0 0 1 0 0 0 0 0
380	41	1 1 1 1 0 1 1 0 1 0 1 0 0 0 0 0
380	90	1 1 1 1 0 0 0 0 0 0 1 0 0 0 0 0
380	18	1 1 1 1 1 0 0 0 0 0 1 0 0 0 0 0
380	6	0 1 1 1 0 0 0 0 0 1 1 0 0 0 0 0
380	37	1 1 1 1 0 1 0 0 0 0 1 1 0 0 0 0
380	44	1 1 1 1 0 1 0 1 0 0 1 0 0 0 0 0
380	26	1 0 0 0 0 0 0 0 0 1 1 0 0 0 0 0
380	20	1 1 1 1 0 0 0 0 0 1 0 0 0 0 0 0
380	8	1 1 1 1 0 0 1 0 1 0 1 0 0 0 0 0
380	40	1 1 1 1 0 1 0 0 0 1 1 0 0 0 0 0
380	21	1 1 1 1 0 0 1 0 0 1 1 0 0 0 0 0
380	15	1 1 0 1 1 0 0 1 0 0 1 1 0 0 0 0
380	1	1 1 1 1 0 1 1 0 0 0 1 1 0 0 0 0
380	16	1 1 1 1 0 1 1 1 1 0 1 0 0 0 0 0
380	10	1 1 1 1 0 0 0 1 0 0 1 0 0 0 0 0
380	34	1 1 1 1 0 0 0 0 1 1 1 1 0 0 0 0
380	9	1 0 1 1 1 0 0 0 0 1 1 0 0 0 0 0
380	8	1 1 1 1 0 0 0 0 0 1 0 0 1 0 0 0
380	2	1 1 1 1 0 0 0 0 0 1 1 0 1 0 0 0
380	3	1 1 1 1 1 1 0 0 0 0 1 0 0 0 0 0
380	7	1 1 1 1 1 0 0 0 0 1 0 0 0 0 0 0
380	38	1 1 1 1 1 0 0 0 0 0 0 0 0 0 0 0
380	1	1 1 1 1 0 1 0 1 0 0 1 0 0 0 1 0
380	1	1 1 1 1 0 0 0 0 0 0 1 0 0 1 0 0
380	14	1 1 1 1 0 0 0 0 1 0 1 0 0 0 0 0
380	3	1 1 1 1 0 0 0 0 0 1 1 0 0 1 0 0
380	8	1 1 1 0 0 0 0 0 0 1 1 1 0 0 0 0
380	26	1 1 1 1 0 0 0 0 0 0 0 0 0 0 0 0
380	6	1 1 1 1 0 1 0 0 0 0 1 0 0 1 0 0
380	19	1 1 1 1 0 0 1 0 0 0 1 0 0 0 0 0
380	8	1 1 1 1 0 0 0 0 0 1 0 0 0 1 0 0
380	1	1 1 1 0 0 1 0 0 0 0 1 0 0 0 0 0
380	4	1 0 1 1 0 0 0 0 1 0 1 0 0 0 0 0
380	9	1 1 1 1 0 1 1 0 1 0 0 0 0 0 0 0
380	3	1 1 1 1 0 1 0 0 1 1 1 1 1 0 1 0
380	10	1 1 1 1 0 1 0 0 0 1 0 0 1 0 0 0
380	11	1 1 1 1 0 0 0 0 0 0 1 0 0 0 0 1
380	4	1 0 0 1 0 0 0 0 0 0 1 0 0 0 0 0
380	9	1 1 1 1 0 1 1 0 1 0 1 1 0 0 0 0
380	11	1 1 1 1 0 0 0 0 0 1 0 0 0 0 0 1
380	6	1 1 0 1 1 0 1 1 1 0 1 1 0 1 0 0
380	3	1 1 1 1 0 1 1 1 0 0 1 1 0 0 0 0
380	2	1 0 1 1 0 0 0 0 0 1 1 1 0 0 0 0
380	1	1 1 1 1 0 0 1 0 0 1 1 1 0 0 0 0
380	1	1 1 1 1 1 1 0 0 0 0 1 1 0 0 0 0
380	3	1 0 1 1 0 0 0 0 0 0 1 0 0 0 0 0
380	12	1 0 1 1 0 1 1 0 1 0 0 0 0 0 0 0
380	1	1 1 0 1 1 0 0 1 1 0 1 1 0 1 0 0
380	1	1 1 1 1 0 1 0 1 0 1 1 0 0 0 0 0
380	2	1 1 0 1 0 0 0 0 0 1 1 1 0 0 0 0
380	3	1 1 1 1 0 0 0 1 0 1 1 1 0 0 0 0
380	1	1 1 1 1 0 1 1 0 1 0 1 0 0 0 0 1
380	3	1 1 1 1 1 1 0 0 0 0 0 0 0 0 0 0
380	2	1 1 1 1 1 0 0 0 0 1 1 0 0 0 0 0
380	3	1 1 0 1 0 1 0 0 1 1 1 0 0 0 0 0
380	2	1 1 1 1 0 0 0 0 0 1 1 1 0 0 0 1
380	1	1 1 1 1 0 1 0 0 1 0 0 0 0 0 0 0
380	1	1 1 1 1 0 0 0 0 1 0 1 1 0 0 0 0
380	2	1 0 1 1 0 1 0 0 0 0 1 0 0 0 0 0
380	3	1 1 1 0 0 1 0 0 0 0 1 1 0 0 0 0
380	1	1 1 1 1 1 1 0 1 0 0 1 0 0 0 0 0
380	1	1 1 0 0 0 0 0 0 0 1 1 0 0 0 0 0
380	1	1 0 1 1 0 0 1 0 0 1 1 0 0 0 0 0
380	3	1 1 1 1 0 0 0 0 1 1 1 0 0 0 0 0
380	3	1 1 1 1 0 0 0 0 1 0 0 0 0 0 0 0
380	2	1 1 1 0 0 1 0 1 0 0 1 0 0 0 0 0
400	15	1 1 1 1 0 1 0 0 1 1 1 0 0 0 0 0
400	36	1 1 1 1 0 0 0 0 0 1 1 0 0 0 0 0
400	90	1 1 1 1 0 0 0 0 0 1 1 1 0 0 0 0
400	84	1 1 1 1 0 1 0 0 0 0 1 0 0 0 0 0
400	54	1 1 1 1 0 1 1 0 1 0 1 0 0 0 0 0
400	27	1 1 1 1 0 0 0 0 0 0 1 0 0 0 0 0
400	38	1 1 1 1 1 0 0 0 0 0 1 0 0 0 0 0
400	11	1 1 1 1 0 1 0 0 0 0 1 1 0 0 0 0
400	22	1 1 1 1 0 1 0 1 0 0 1 0 0 0 0 0
400	19	1 1 1 1 0 0 0 0 0 1 0 0 0 0 0 0
400	45	1 1 1 1 0 1 0 0 0 1 1 0 0 0 0 0
400	32	1 1 1 1 0 0 1 0 0 1 1 0 0 0 0 0
400	1	1 1 0 1 1 0 0 1 0 0 1 1 0 0 0 0
400	6	1 1 1 1 0 0 0 1 0 0 1 0 0 0 0 0
400	6	1 0 1 1 1 0 0 0 0 1 1 0 0 0 0 0
400	52	1 1 1 1 1 0 0 0 0 0 0 0 0 0 0 0
400	37	1 1 1 1 0 0 0 0 1 0 1 0 0 0 0 0
400	8	1 1 1 1 0 0 0 0 0 1 1 0 0 1 0 0
400	35	1 1 1 1 0 0 0 0 0 0 0 0 0 0 0 0
400	6	1 1 1 0 0 1 0 0 0 0 1 0 0 0 0 0
400	7	1 1 1 1 0 1 1 0 1 0 0 0 0 0 0 0
400	22	1 1 1 1 0 1 0 0 0 1 0 0 1 0 0 0
400	16	1 1 1 1 0 0 0 0 0 0 1 0 0 0 0 1
400	17	1 1 1 1 0 1 1 0 1 0 1 1 0 0 0 0
400	10	1 1 0 1 1 0 1 1 1 0 1 1 0 1 0 0
400	10	1 1 1 1 0 1 1 1 0 0 1 1 0 0 0 0
400	8	1 0 1 1 0 0 0 0 0 0 1 0 0 0 0 0
400	2	1 1 1 1 1 1 0 0 0 0 0 0 0 0 0 0
400	5	1 1 1 1 1 0 0 0 0 1 1 0 0 0 0 0
400	7	1 1 1 1 0 0 0 0 1 1 1 0 0 0 0 0
400	7	1 1 1 1 0 0 0 0 1 0 0 0 0 0 0 0
400	18	1 1 1 1 1 1 0 0 0 1 1 0 0 0 0 0
400	49	1 1 1 1 0 0 0 0 0 0 1 1 0 0 0 0
400	3	1 1 1 1 0 1 0 0 0 1 0 0 1 0 0 1
400	12	1 1 1 1 0 0 0 0 0 0 1 0 0 0 1 0
400	5	1 1 1 0 0 1 0 0 0 1 1 0 0 0 0 0
400	13	1 1 0 1 0 0 0 0 0 1 1 0 0 0 0 0
400	13	1 1 1 1 0 1 0 0 0 0 0 0 0 0 0 0
400	6	1 1 1 1 0 1 0 1 0 0 1 1 0 0 0 0
400	3	1 0 1 1 1 1 1 0 0 0 1 0 1 0 0 0
400	8	1 1 1 1 1 1 0 0 1 1 1 0 0 0 0 0
400	2	1 0 1 1 0 0 0 0 0 1 1 0 0 0 0 0
400	4	1 1 1 1 0 0 0 0 1 0 1 0 0 0 0 1
400	2	1 0 1 1 0 0 0 0 0 1 1 1 0 0 0 0
400	1	1 0 1 1 1 1 1 0 0 1 1 0 0 0 0 0
400	2	1 1 1 1 0 0 1 0 1 0 1 1 0 0 0 0
400	8	1 1 1 1 0 0 1 1 0 1 1 0 0 0 0 0
400	3	1 0 1 1 0 1 0 0 0 0 1 0 0 0 0 1
400	2	1 1 1 1 1 1 1 0 0 0 1 0 1 0 0 0
400	1	1 1 1 1 0 1 1 1 0 0 0 0 0 0 0 0
400	1	1 1 0 1 0 1 1 0 1 0 1 0 0 0 0 0
400	5	1 1 1 1 0 0 0 0 0 0 0 0 1 0 0 0
400	2	1 1 1 1 1 0 0 0 0 0 0 0 0 0 1 0
400	2	1 1 1 1 0 1 1 0 1 0 1 0 1 0 0 0
400	2	1 1 1 0 1 0 0 0 0 0 1 0 0 0 0 0
400	2	0 1 1 1 0 0 0 0 0 1 1 0 0 0 1 0
400	3	1 1 1 1 0 0 0 0 1 1 0 0 0 1 0 0
400	6	1 1 1 1 1 0 0 0 0 0 1 1 0 0 0 0
400	1	1 1 1 1 0 0 1 0 1 0 1 0 0 0 0 0
400	8	1 1 1 1 0 1 0 0 0 0 0 0 0 1 0 0
400	6	1 1 1 1 0 1 0 0 0 1 1 0 1 0 0 0
400	5	1 0 1 1 0 0 0 0 0 0 1 0 0 0 1 0
400	4	1 1 1 1 1 1 0 1 1 0 1 0 0 0 0 0
400	7	1 1 1 1 0 0 0 0 1 1 1 1 0 0 0 0
400	1	1 1 1 1 0 0 1 0 0 1 1 1 0 1 0 0
400	5	1 1 1 1 0 1 1 0 1 0 1 0 0 1 0 0
400	1	1 1 1 1 0 0 0 0 0 0 0 1 0 0 0 0
400	3	1 1 1 0 0 1 1 0 0 0 1 0 0 0 0 0
400	3	1 1 1 1 0 1 0 0 1 1 0 0 1 0 0 0
400	7	1 1 1 1 0 0 0 1 0 0 1 0 0 0 1 0
400	1	1 1 1 1 0 1 1 1 0 1 0 0 0 0 0 0
400	2	1 1 1 1 1 1 0 0 0 1 1 1 0 0 0 0
400	3	0 1 1 1 0 0 0 0 0 0 1 1 0 0 0 0
400	3	1 1 1 1 0 0 0 0 1 0 1 0 1 0 0 1
400	2	1 1 1 1 0 0 1 0 0 0 1 1 0 0 0 0
400	2	1 1 1 1 0 0 0 0 0 1 0 0 1 0 0 0
400	2	1 1 1 1 0 0 0 0 0 1 1 1 1 0 0 0
400	4	0 1 1 1 0 1 0 0 0 0 1 1 0 0 0 0
400	1	1 1 1 1 0 1 0 0 0 0 1 1 0 0 0 1
400	4	0 1 1 1 0 0 0 0 0 0 0 0 0 0 0 0
400	1	1 1 1 1 0 1 0 0 0 0 1 0 0 0 0 1
400	1	1 1 1 0 1 0 0 0 0 1 1 0 0 0 0 0
400	1	0 1 1 1 0 1 0 0 0 0 1 0 0 0 0 0
400	1	1 1 1 1 0 1 1 1 1 0 1 0 0 0 0 0
400	1	0 1 1 1 0 1 0 0 0 1 1 0 0 0 0 0
400	2	1 1 1 1 0 1 0 0 0 1 1 0 0 0 0 1
400	2	1 1 1 1 0 0 0 1 1 0 1 0 0 0 0 0
400	3	1 1 1 1 0 1 1 0 0 0 1 1 0 0 0 0
