0	23	0 1 0 0 0 0 0 0 0 1 0 0 1 0 0 0
0	26	0 0 0 0 0 0 0 1 0 0 0 0 0 0 0 0
0	27	0 0 0 0 0 0 0 0 0 1 0 0 0 1 1 0
0	24	0 1 0 1 0 0 0 0 0 0 0 1 0 1 1 0
8	17	0 1 0 0 0 0 0 0 0 1 0 0 1 0 0 0
8	15	0 0 0 0 0 0 0 1 0 0 0 0 0 0 0 0
8	12	0 0 0 0 0 0 0 0 0 1 0 0 0 1 1 0
8	37	0 1 0 1 0 0 0 0 0 0 0 1 0 1 1 0
8	2	0 1 0 1 0 0 0 0 0 0 0 0 0 0 0 0
8	1	0 0 0 0 0 0 0 1 0 0 1 0 0 0 0 0
8	2	0 1 0 0 0 1 0 0 0 1 0 0 1 0 0 0
8	1	0 1 0 1 0 0 0 0 0 0 0 1 0 0 1 0
8	3	0 1 0 1 0 0 0 0 0 0 0 0 0 1 1 0
8	1	0 0 0 0 0 0 0 0 0 0 0 0 0 0 0 0
8	1	0 0 0 0 0 0 0 1 0 1 0 0 0 1 1 0
8	2	0 1 0 0 0 0 0 0 0 1 0 0 0 0 0 0
8	1	0 1 0 1 0 0 1 0 0 0 0 1 0 1 1 0
8	1	0 0 0 0 0 0 0 0 0 1 0 1 1 0 0 0
8	1	0 1 0 0 0 0 1 0 0 1 0 0 1 0 0 0
8	1	0 0 0 0 0 0 0 1 0 0 0 1 0 0 0 0
8	1	0 1 1 0 0 0 0 1 0 0 0 0 0 0 0 0
8	1	0 1 0 0 0 0 0 0 0 0 0 0 1 0 0 0
45	2	0 0 0 0 0 0 0 0 0 1 0 0 0 1 1 0
45	28	0 1 0 1 0 0 0 0 0 0 0 1 0 1 1 0
45	5	0 1 0 0 0 0 0 0 0 0 0 1 0 1 1 0
45	1	0 1 0 0 0 1 0 0 0 1 0 0 1 0 0 0
45	2	0 1 0 1 0 0 0 0 0 0 0 1 0 0 1 0
45	4	0 1 1 1 0 0 0 0 0 0 0 1 0 1 1 0
45	2	0 1 0 1 0 0 0 0 0 0 0 1 1 1 1 0
45	8	1 1 0 1 0 0 0 0 0 0 0 1 0 1 1 0
45	7	0 1 0 1 0 0 0 0 0 0 0 1 0 1 0 0
45	2	0 1 0 1 0 1 0 0 0 0 0 1 0 1 1 0
45	6	0 0 0 1 0 0 0 0 0 0 0 1 0 1 1 0
45	2	0 1 0 1 0 1 0 0 0 0 1 1 0 1 1 0
45	3	1 0 0 0 0 1 0 0 0 0 0 1 0 1 1 0
45	1	0 0 0 0 0 0 0 1 1 1 0 0 0 1 1 0
45	3	0 0 0 1 0 0 1 0 0 0 0 1 0 1 1 0
45	1	0 1 0 1 0 0 0 0 1 0 0 1 0 1 1 0
45	3	0 0 0 1 0 0 0 1 0 0 0 1 0 0 0 0
45	1	0 1 0 1 0 0 0 0 0 0 0 1 0 0 0 0
45	2	0 1 1 1 0 0 0 0 1 0 0 1 0 1 1 0
45	1	0 1 0 1 0 0 0 0 0 0 1 1 0 1 1 0
45	1	1 1 0 1 0 0 0 0 0 0 0 0 0 1 1 0
45	1	0 0 0 0 0 0 1 0 0 1 0 0 0 0 1 0
45	1	0 1 0 0 0 1 0 0 0 0 0 1 0 1 1 0
45	1	0 1 1 1 0 0 0 0 0 0 0 1 0 1 0 0
45	2	0 0 0 1 0 0 0 0 0 0 0 1 0 1 0 0
45	1	0 1 1 1 0 0 0 0 1 0 0 1 0 1 0 0
45	1	0 0 0 1 0 0 1 0 0 0 0 0 0 1 1 1
45	1	0 0 0 1 0 0 0 0 0 0 0 1 0 0 1 0
45	2	0 1 0 1 0 0 0 0 0 0 0 1 0 1 1 1
45	1	0 1 0 1 0 1 0 0 0 0 1 0 0 1 1 0
45	1	0 1 0 1 0 0 0 1 0 0 0 1 0 1 1 0
45	3	0 1 1 1 1 0 0 0 0 0 0 1 0 1 1 0
85	11	0 1 0 1 0 0 0 0 0 0 0 1 0 1 1 0
85	2	0 1 0 0 0 0 0 0 0 0 0 1 0 1 1 0
85	3	0 1 1 1 0 0 0 0 0 0 0 1 0 1 1 0
85	5	1 1 0 1 0 0 0 0 0 0 0 1 0 1 1 0
85	10	0 1 0 1 0 0 0 0 0 0 0 1 0 1 0 0
85	2	0 0 0 1 0 0 0 0 0 0 0 1 0 1 1 0
85	1	0 1 0 1 0 1 0 0 0 0 1 1 0 1 1 0
85	1	1 0 0 0 0 1 0 0 0 0 0 1 0 1 1 0
85	4	0 0 0 1 0 0 0 1 0 0 0 1 0 0 0 0
85	5	0 1 1 1 0 0 0 0 1 0 0 1 0 1 1 0
85	5	1 1 1 1 0 0 0 0 0 0 0 1 0 1 0 0
85	1	0 1 0 1 1 0 0 0 0 0 0 1 0 1 1 0
85	4	0 1 1 1 0 0 0 0 0 0 1 1 0 1 1 0
85	2	0 0 0 1 0 0 0 0 0 0 0 1 0 0 1 0
85	1	0 1 1 1 0 1 0 0 1 0 0 1 0 1 0 0
85	3	0 1 0 1 0 0 0 0 0 0 0 1 0 0 0 0
85	3	0 1 1 1 0 1 0 0 0 0 0 1 0 1 0 0
85	2	0 1 0 0 0 0 0 0 0 0 0 1 0 1 0 0
85	1	0 1 0 1 0 0 0 0 0 1 0 1 0 1 1 0
85	1	0 0 0 1 0 0 1 0 0 0 1 1 0 1 1 0
85	3	0 0 0 1 1 0 0 1 0 0 0 0 0 1 0 1
85	3	0 1 0 1 0 1 0 0 0 0 0 1 0 0 1 0
85	2	0 0 0 1 0 0 0 0 1 0 0 1 0 1 0 0
85	2	0 1 0 1 1 0 0 0 0 0 0 1 0 0 0 0
85	1	0 0 0 1 0 0 0 0 0 0 0 1 0 0 0 0
85	1	0 1 0 1 0 0 0 0 0 0 0 1 1 0 0 0
85	1	0 0 0 0 0 0 0 0 0 0 0 1 0 1 1 0
85	5	0 1 0 0 0 0 0 0 0 0 0 1 0 0 0 0
85	2	1 0 0 0 0 1 1 0 0 0 0 1 0 1 1 0
85	4	0 1 0 1 0 0 1 0 0 0 0 1 0 1 1 0
85	1	1 1 0 1 0 0 0 0 0 0 0 1 1 1 1 0
85	1	0 1 1 1 0 1 0 0 0 0 0 1 0 0 0 0
85	1	0 1 1 1 0 1 0 0 0 0 0 1 0 1 1 0
85	2	0 1 1 1 0 0 0 0 1 0 1 1 0 1 1 0
85	1	0 0 0 1 0 0 0 0 0 0 1 1 0 0 1 0
85	1	1 1 0 1 0 0 0 0 0 0 0 1 0 1 0 0
85	1	1 1 0 1 0 0 0 0 0 0 0 1 0 0 1 0
85	1	0 1 0 1 0 0 0 0 0 1 0 1 0 1 0 0
154	2	0 1 0 1 0 0 0 0 0 0 0 1 0 1 1 0
154	4	0 1 1 1 0 0 0 0 0 0 0 1 0 1 1 0
154	8	0 1 0 1 0 0 0 0 0 0 0 1 0 1 0 0
154	1	0 0 0 1 0 0 0 0 0 0 0 1 0 1 1 0
154	15	1 1 1 1 0 0 0 0 0 0 0 1 0 1 0 0
154	1	0 1 1 1 0 1 0 0 1 0 0 1 0 1 0 0
154	1	0 1 1 1 0 1 0 0 0 0 0 1 0 1 0 0
154	2	0 1 0 0 0 0 0 0 0 0 0 1 0 1 0 0
154	5	1 1 1 1 0 0 0 0 0 0 0 1 0 1 1 0
154	2	0 0 0 1 0 0 0 0 0 0 0 1 0 1 0 0
154	7	0 1 1 1 0 0 0 0 0 0 0 1 0 0 1 0
154	2	1 1 1 1 0 0 0 1 0 0 0 1 0 1 0 0
154	2	0 1 0 1 0 0 0 0 0 1 0 1 0 1 0 0
154	1	1 1 1 1 0 0 0 0 0 1 0 1 0 1 0 0
154	2	1 0 1 1 0 0 0 1 0 0 0 1 0 1 0 0
154	5	1 1 1 1 0 0 0 0 0 0 0 1 0 0 0 0
154	1	1 1 1 1 0 0 0 0 0 0 1 1 0 1 0 0
154	1	0 1 1 1 0 0 0 0 0 1 0 1 0 1 0 0
154	3	0 1 0 1 0 0 1 0 0 0 0 1 1 0 0 0
154	1	0 1 1 1 0 1 0 0 0 0 1 1 0 1 0 0
154	2	0 1 1 1 0 0 0 0 0 0 0 1 0 0 0 0
154	1	0 1 0 1 0 0 0 0 0 1 0 1 0 1 1 0
154	1	1 1 0 1 0 0 0 1 0 0 0 1 0 1 0 0
154	1	0 1 0 1 0 0 0 0 1 1 0 1 0 1 1 0
154	2	0 1 0 1 0 0 0 0 0 0 0 1 1 1 0 0
154	5	1 1 1 1 0 0 0 0 0 0 0 1 0 0 1 0
154	2	0 1 1 1 0 1 0 0 1 0 0 1 0 1 1 0
154	1	1 1 1 1 0 1 0 1 0 0 0 1 0 1 0 0
154	2	0 1 0 1 0 1 0 0 0 0 0 1 0 1 0 0
154	2	1 1 1 1 0 1 0 0 1 0 0 1 0 1 0 0
154	2	1 1 1 1 0 0 0 1 0 0 0 1 0 1 1 0
154	1	1 0 1 1 0 0 0 0 0 0 0 1 0 0 0 0
154	2	0 1 1 1 0 0 0 0 0 1 0 0 0 1 0 0
154	1	0 1 1 1 0 0 0 0 0 1 0 1 0 0 1 0
154	1	1 1 0 1 0 0 0 0 0 0 0 1 0 1 1 0
154	1	1 1 1 1 0 0 0 0 0 1 0 1 0 0 0 0
154	2	0 1 1 1 0 0 1 0 0 1 0 1 0 1 0 0
154	1	0 0 1 1 0 0 1 0 0 0 0 1 0 1 0 0
154	1	1 1 1 0 0 0 0 0 0 0 0 1 0 0 1 0
154	1	1 1 0 1 0 0 0 1 0 0 0 0 0 1 0 0
154	1	1 0 0 1 0 0 0 1 0 0 0 1 0 1 0 0
154	1	1 0 1 1 0 1 0 0 1 0 0 1 0 1 0 0
239	24	1 1 1 1 0 0 0 0 0 0 0 1 0 1 0 0
239	1	1 1 1 1 0 0 0 0 0 0 0 1 0 1 1 0
239	4	1 1 1 1 0 0 0 0 0 0 0 1 0 0 0 0
239	1	0 1 1 1 0 0 0 0 0 0 0 1 0 1 0 0
239	1	1 1 0 1 0 0 0 0 0 0 0 1 0 1 0 0
239	3	1 1 1 1 0 0 1 0 0 0 0 1 0 1 0 0
239	13	1 1 1 1 0 0 0 0 0 1 0 1 0 0 0 0
239	2	1 1 1 1 0 0 0 0 0 0 0 1 1 1 0 0
239	10	1 1 1 1 0 0 0 0 1 1 0 1 0 1 0 0
239	1	1 1 1 1 0 0 0 0 0 0 0 0 0 1 0 0
239	2	1 1 0 1 0 0 0 0 0 1 0 1 0 0 0 0
239	3	1 1 1 1 0 0 1 0 0 0 0 1 0 0 0 0
239	4	1 1 1 1 0 0 0 1 0 0 0 1 1 1 0 0
239	5	1 1 1 1 0 0 0 0 1 1 0 1 0 0 0 0
239	1	1 1 1 1 0 0 0 1 0 0 0 1 0 1 0 0
239	1	0 0 1 1 0 0 0 0 0 0 0 1 0 1 0 0
239	1	1 1 1 0 0 0 0 0 0 0 0 1 0 1 1 0
239	1	0 1 1 1 0 0 0 0 0 1 0 1 0 0 0 0
239	2	1 1 1 1 0 0 1 0 0 0 1 1 0 0 0 0
239	2	0 1 1 1 0 1 0 0 0 0 0 1 0 1 0 0
239	1	0 1 1 1 0 0 1 0 0 1 0 1 0 1 0 1
239	6	1 1 1 1 0 0 1 0 1 1 0 1 0 0 0 0
239	3	0 0 1 1 0 0 0 0 0 0 1 1 0 1 0 0
239	1	0 1 1 1 0 0 0 0 0 0 0 1 0 0 0 0
239	1	1 1 1 1 0 0 0 0 0 1 0 1 0 0 1 0
239	1	1 1 1 0 0 0 0 0 0 1 0 1 1 0 0 0
239	1	1 1 1 1 0 0 1 0 0 1 0 1 0 0 0 0
239	1	1 1 1 1 0 0 0 0 0 1 0 1 0 1 1 0
239	1	1 0 1 1 0 0 0 0 1 1 0 1 0 1 0 0
239	1	1 1 1 1 1 0 0 0 0 0 0 1 0 0 0 0
239	1	1 1 1 1 0 0 0 0 1 1 0 0 0 1 0 0
252	14	1 1 1 1 0 0 0 0 0 0 0 1 0 1 0 0
252	1	1 1 1 1 0 0 0 0 0 0 0 1 0 1 1 0
252	5	1 1 1 1 0 0 0 0 0 0 0 1 0 0 0 0
252	2	1 1 0 1 0 0 0 0 0 0 0 1 0 1 0 0
252	2	1 1 1 1 0 0 1 0 0 0 0 1 0 1 0 0
252	21	1 1 1 1 0 0 0 0 0 1 0 1 0 0 0 0
252	3	1 1 1 1 0 0 0 0 1 1 0 1 0 1 0 0
252	6	1 1 1 1 0 0 1 0 0 0 0 1 0 0 0 0
252	3	1 1 1 1 0 0 0 1 0 0 0 1 1 1 0 0
252	4	1 1 1 1 0 0 0 0 1 1 0 1 0 0 0 0
252	4	1 1 1 1 0 0 0 1 0 0 0 1 0 1 0 0
252	1	0 0 1 1 0 0 0 0 0 0 0 1 0 1 0 0
252	2	1 1 1 1 0 0 1 0 0 0 1 1 0 0 0 0
252	6	1 1 1 1 0 0 1 0 1 1 0 1 0 0 0 0
252	4	1 1 1 1 0 1 0 0 0 0 0 1 0 0 0 0
252	2	1 1 1 1 0 0 0 0 0 0 0 1 0 1 0 1
252	2	1 0 1 1 0 0 0 0 0 1 0 1 0 0 0 0
252	2	1 1 1 1 0 1 0 0 0 0 0 1 0 1 0 0
252	1	1 1 1 1 0 0 1 0 1 0 0 1 0 0 0 0
252	2	1 1 1 1 0 0 0 0 0 1 1 1 0 0 0 0
252	1	1 1 1 1 0 0 0 0 1 0 0 1 0 1 0 0
252	1	1 1 0 1 0 0 0 0 0 1 0 1 0 0 0 1
252	1	1 1 1 1 0 0 0 1 0 0 0 0 1 1 0 0
252	1	1 1 1 1 0 0 1 0 0 0 1 1 0 1 0 0
252	1	1 1 1 1 0 0 1 0 0 1 0 0 0 0 0 0
252	1	1 1 1 1 0 1 0 0 0 1 0 1 0 1 0 0
252	1	1 1 1 1 0 0 0 1 0 0 0 0 0 0 0 0
252	1	1 1 1 1 0 0 0 0 0 0 1 1 0 0 0 0
252	2	1 1 1 1 0 0 0 0 0 0 1 1 0 1 1 0
252	2	1 1 1 1 1 0 0 0 0 1 0 1 0 0 0 0
252	1	1 1 1 1 0 0 1 0 0 1 0 1 0 0 0 0
350	3	1 1 1 1 0 0 0 0 0 0 0 1 0 1 0 0
350	5	1 1 1 1 0 0 0 0 0 0 0 1 0 0 0 0
350	23	1 1 1 1 0 0 0 0 0 1 0 1 0 0 0 0
350	3	1 1 1 1 0 0 0 1 0 0 0 1 0 1 0 0
350	2	1 0 1 1 0 0 0 0 0 1 0 1 0 0 0 0
350	4	1 1 1 1 0 0 0 0 0 1 0 1 0 1 0 0
350	1	1 1 1 1 0 0 0 1 0 1 0 1 0 0 0 0
350	1	1 0 1 1 0 0 0 0 0 1 0 0 0 0 0 0
350	1	1 1 1 1 0 1 0 0 0 1 0 1 0 0 0 1
350	1	1 1 1 1 0 0 0 1 0 0 1 1 0 1 0 0
350	2	1 1 1 1 0 0 1 1 0 0 0 1 0 1 0 0
350	5	0 1 1 1 0 0 0 0 0 1 0 0 0 0 0 0
350	1	1 1 1 1 0 0 0 1 0 0 0 1 0 0 0 0
350	2	1 1 1 1 0 0 0 0 0 0 0 0 0 1 0 0
350	1	1 1 1 1 0 0 0 0 0 1 1 1 0 0 0 0
350	1	1 0 1 1 0 0 0 0 1 1 0 1 0 0 0 0
350	2	1 1 1 1 0 1 0 0 0 0 0 1 0 1 0 0
350	6	1 1 1 1 0 0 0 0 0 1 0 1 0 0 1 0
350	1	1 1 1 1 0 0 0 0 0 1 0 1 1 0 0 0
350	1	1 1 1 1 0 0 0 1 0 0 0 0 0 0 0 0
350	1	1 0 1 1 0 1 0 0 0 1 0 1 0 0 0 1
350	1	1 1 1 1 0 0 0 0 1 1 1 1 0 1 0 0
350	1	1 1 1 1 1 0 0 0 1 1 0 1 0 0 0 0
350	1	1 1 1 1 0 0 1 0 1 1 0 1 0 1 0 0
350	1	1 1 1 1 0 0 1 1 0 0 0 1 0 0 0 0
350	2	1 1 1 1 0 0 0 0 0 0 0 1 1 0 0 0
350	2	1 1 1 1 0 0 1 0 0 1 0 1 0 1 0 0
350	1	1 0 1 1 0 1 0 0 0 1 0 0 0 0 0 0
350	1	1 1 1 1 0 0 1 1 0 0 0 1 0 1 1 0
350	1	1 0 1 1 0 0 1 1 0 0 0 1 0 1 0 0
350	1	1 1 1 0 0 0 0 0 0 1 0 1 0 1 0 0
350	1	1 1 1 1 0 0 0 0 0 1 0 1 0 0 0 1
350	1	1 0 1 1 0 0 0 0 0 0 0 1 0 0 0 0
350	1	1 0 1 1 0 0 0 1 0 0 0 1 0 1 0 0
350	3	1 0 1 0 0 1 0 0 0 1 0 0 0 0 0 0
350	2	1 1 1 1 0 0 0 0 0 1 0 0 0 0 0 0
350	2	1 1 1 1 0 0 0 0 0 0 0 1 0 1 1 0
350	4	1 1 1 1 0 0 0 0 0 0 1 1 0 0 0 0
350	4	1 0 1 1 0 0 1 1 0 1 0 1 0 1 0 0
350	1	1 1 1 1 0 1 0 1 0 0 0 1 0 0 0 0
350	1	1 1 1 1 0 0 1 0 1 0 0 1 0 1 0 1
350	1	0 1 1 1 0 1 1 0 0 0 0 1 0 0 1 0
400	2	1 1 1 1 0 0 0 0 0 0 0 1 0 0 0 0
400	12	1 1 1 1 0 0 0 0 0 1 0 1 0 0 0 0
400	4	1 1 1 1 0 0 0 1 0 0 0 1 0 1 0 0
400	3	1 1 1 1 0 0 1 1 0 0 0 1 0 1 0 0
400	4	1 1 1 1 0 0 0 0 0 1 1 1 0 0 0 0
400	4	1 1 1 1 0 0 0 0 0 1 0 1 0 0 1 0
400	12	1 1 1 1 0 1 0 0 0 0 0 1 0 0 0 0
400	4	1 1 1 1 0 0 1 1 0 0 0 1 0 0 0 0
400	2	1 0 1 1 0 1 0 0 0 1 0 0 0 0 0 0
400	1	1 1 1 1 1 0 0 0 0 0 0 1 0 1 0 0
400	9	1 1 1 1 0 0 0 0 0 1 0 0 0 0 0 0
400	1	1 1 1 1 0 0 0 1 0 1 0 1 0 0 0 1
400	5	1 0 1 1 0 0 1 1 0 1 0 1 0 1 0 0
400	2	1 1 1 1 0 0 0 1 1 0 0 0 0 0 1 0
400	1	1 1 1 1 0 0 0 1 0 0 0 1 0 1 0 1
400	4	1 1 1 1 0 0 1 0 1 1 0 1 0 0 0 0
400	5	1 1 1 1 0 0 0 1 0 1 0 1 0 0 0 0
400	3	1 1 1 1 0 0 0 0 0 1 1 1 0 1 1 0
400	1	0 1 1 1 0 0 0 0 0 1 0 1 0 1 0 0
400	1	1 1 1 1 1 0 0 1 0 0 0 1 0 1 0 0
400	1	1 1 1 1 0 1 0 0 1 0 0 1 0 0 0 0
400	1	1 1 1 0 0 0 0 0 0 1 0 1 0 0 0 1
400	1	1 1 1 1 1 0 0 0 0 1 0 1 0 0 0 0
400	1	1 1 1 1 0 0 0 0 0 1 0 0 0 0 1 0
400	1	1 1 1 1 0 0 0 0 0 0 0 1 0 0 1 0
400	2	1 1 1 0 0 0 0 0 0 1 0 1 0 1 1 0
400	1	0 1 1 1 0 0 0 0 0 1 1 1 0 0 0 0
400	1	1 1 0 1 0 0 0 0 0 1 1 1 0 0 0 0
400	1	1 1 1 1 0 0 0 1 0 1 1 1 0 1 1 0
400	1	1 1 1 1 0 0 0 0 0 0 0 1 1 0 1 0
400	3	1 1 1 1 0 0 0 0 0 1 1 1 0 0 0 1
400	1	1 1 1 1 0 0 0 0 0 0 0 1 0 1 0 1
400	1	1 1 1 1 0 0 0 1 0 1 0 1 1 0 0 1
400	3	1 1 1 1 0 0 0 1 0 1 0 0 0 1 0 0
400	1	1 1 1 1 0 0 1 0 0 1 1 0 0 1 0 0
