0	250	0 0 1 1 0 0 0 0 0 0 1 0 0 0 0 0
0	250	1 0 0 0 0 0 0 0 1 1 0 0 0 0 0 1
0	250	0 0 0 1 0 0 1 0 0 0 0 0 0 0 0 0
0	250	0 0 0 1 1 1 0 0 0 0 0 1 1 0 0 0
8	253	0 0 1 1 0 0 0 0 0 0 1 0 0 0 0 0
8	209	1 0 0 0 0 0 0 0 1 1 0 0 0 0 0 1
8	154	0 0 0 1 0 0 1 0 0 0 0 0 0 0 0 0
8	232	0 0 0 1 1 1 0 0 0 0 0 1 1 0 0 0
8	1	0 0 1 1 0 0 0 0 0 0 0 0 0 0 0 0
8	3	0 0 0 0 0 0 0 0 1 1 0 0 0 0 0 1
8	4	1 0 0 0 0 0 0 0 1 1 1 0 0 0 0 1
8	10	0 0 0 1 0 1 1 0 0 0 0 0 0 0 0 0
8	16	0 0 0 1 0 1 0 0 0 0 0 1 1 0 0 0
8	4	0 0 0 1 0 0 1 0 0 0 0 1 1 0 0 0
8	1	1 0 0 0 0 0 0 0 1 0 0 0 0 0 0 1
8	6	0 1 0 1 0 0 1 0 0 0 0 0 0 0 0 0
8	4	1 0 0 0 0 0 0 0 1 0 1 0 0 0 0 0
8	1	0 0 1 1 1 0 0 0 0 0 1 0 0 0 0 0
8	4	0 0 1 1 0 0 0 0 0 1 0 0 0 0 0 1
8	3	1 0 0 0 0 0 0 0 1 1 0 0 0 0 0 0
8	3	0 0 0 1 0 0 1 0 0 0 0 0 0 0 0 1
8	3	0 0 1 1 0 0 0 1 0 0 1 0 0 0 0 0
8	3	1 0 0 0 0 1 0 0 1 1 0 0 0 0 0 1
8	6	1 0 0 0 0 0 0 0 0 1 0 0 0 0 0 1
8	5	0 0 0 1 1 1 0 0 1 0 0 1 1 0 0 0
8	3	1 0 0 1 1 1 0 0 0 0 0 1 1 0 0 0
8	9	0 0 1 1 0 0 0 0 0 0 1 0 0 0 0 1
8	2	0 0 0 1 1 1 1 0 0 0 0 1 1 0 0 0
8	2	0 0 0 1 1 1 0 0 0 0 0 1 1 1 0 0
8	6	0 0 0 1 0 1 1 0 0 0 0 1 1 0 0 0
8	3	0 0 0 1 1 1 0 1 1 0 0 1 1 0 0 0
8	1	0 1 0 1 0 0 0 0 0 0 0 1 1 0 0 0
8	4	0 0 1 1 0 0 0 0 0 0 1 0 1 0 0 0
8	4	1 0 0 0 0 0 0 0 1 1 0 0 0 1 0 1
8	5	0 0 1 1 1 1 0 0 0 0 0 1 1 0 0 0
8	2	1 0 1 1 0 0 0 0 0 0 0 0 0 0 0 0
8	5	1 0 1 1 0 0 0 0 0 0 1 0 0 0 0 0
8	2	1 0 0 0 0 0 0 0 0 0 0 0 0 0 0 0
8	1	0 0 0 1 1 1 0 0 0 0 0 0 0 0 0 0
8	5	0 0 1 1 0 0 1 0 0 0 1 0 0 0 0 0
8	3	1 1 0 0 0 0 0 0 1 1 0 0 0 0 0 1
8	4	0 0 1 1 0 0 1 0 0 0 0 0 0 0 0 0
8	1	0 0 0 1 1 1 0 1 0 0 0 1 1 0 0 0
8	3	0 0 1 1 0 0 0 0 1 1 0 0 0 0 0 1
8	1	1 0 0 0 0 0 0 0 0 0 1 0 0 0 0 0
8	1	0 0 0 1 1 0 1 0 0 0 0 0 0 0 0 0
8	4	1 0 0 0 0 0 0 0 1 1 0 0 0 0 1 1
8	2	0 0 0 1 1 1 0 0 0 1 0 1 1 0 0 0
8	2	0 0 0 1 0 0 0 0 0 0 1 0 0 0 0 1
45	368	0 0 1 1 0 0 0 0 0 0 1 0 0 0 0 0
45	60	1 0 0 0 0 0 0 0 1 1 0 0 0 0 0 1
45	12	0 0 0 1 1 1 0 0 0 0 0 1 1 0 0 0
45	6	0 0 1 1 0 0 0 0 0 1 0 0 0 0 0 1
45	6	0 0 1 1 0 0 0 1 0 0 1 0 0 0 0 0
45	15	1 0 0 0 0 0 0 0 0 1 0 0 0 0 0 1
45	3	0 0 1 1 0 0 0 0 0 0 1 0 0 0 0 1
45	11	0 0 1 1 0 0 0 0 0 0 1 0 1 0 0 0
45	9	0 0 0 1 1 1 0 1 0 0 0 1 1 0 0 0
45	49	0 0 1 1 0 0 0 0 1 1 0 0 0 0 0 1
45	2	1 0 1 0 0 0 0 0 1 1 0 0 0 0 0 1
45	3	0 0 0 1 0 0 0 0 0 0 1 0 0 0 0 0
45	10	1 0 0 0 0 0 1 0 1 1 0 0 0 0 0 1
45	2	1 0 0 0 0 0 0 0 0 1 1 0 0 0 0 1
45	10	0 0 1 1 0 0 0 0 0 0 1 1 0 0 0 0
45	28	0 0 0 1 0 0 1 0 0 0 0 1 1 0 0 0
45	2	0 0 1 1 0 0 0 0 1 1 1 0 0 0 0 1
45	14	0 0 1 1 0 0 0 0 0 0 0 0 0 0 0 0
45	67	0 0 1 1 0 0 1 0 0 0 1 0 0 0 0 0
45	9	0 0 0 1 1 1 0 0 0 0 0 1 1 1 0 0
45	3	0 0 1 1 0 0 0 1 0 0 0 0 0 0 0 1
45	8	1 0 1 1 0 0 0 0 0 0 1 0 0 0 0 0
45	7	0 0 1 1 0 1 0 0 0 0 1 0 0 0 0 0
45	46	0 0 1 1 0 0 0 0 1 1 1 0 0 0 0 0
45	24	0 1 1 1 0 0 1 0 0 0 1 0 0 0 0 0
45	2	1 0 0 1 1 1 0 0 0 0 0 0 0 0 1 1
45	1	0 0 0 1 0 0 0 0 0 1 0 0 0 0 0 1
45	15	0 0 1 1 1 0 0 0 0 0 1 0 0 0 0 0
45	8	1 0 1 1 0 0 0 0 1 1 0 0 0 0 0 1
45	14	0 1 0 1 1 1 0 0 0 0 0 1 1 0 0 0
45	5	1 0 0 0 0 0 0 1 1 1 1 0 0 0 0 1
45	21	0 0 1 1 0 1 0 0 0 0 0 0 0 0 0 0
45	1	0 1 0 1 1 1 0 0 0 0 0 1 0 0 0 0
45	1	0 0 1 1 0 0 0 0 0 1 1 0 0 0 0 1
45	15	0 0 0 1 0 0 1 0 0 0 1 0 0 0 0 0
45	1	1 0 0 1 0 0 0 0 1 1 0 0 0 0 0 1
45	16	0 0 1 1 0 0 0 0 0 0 1 0 0 0 1 0
45	1	1 0 1 0 0 0 0 1 1 1 0 0 0 0 0 1
45	11	0 0 1 1 0 0 0 0 0 0 0 0 0 0 0 1
45	11	1 0 0 1 0 1 0 0 0 0 0 1 0 0 0 0
45	5	1 0 0 0 0 0 0 0 0 1 0 0 0 1 0 1
45	2	1 0 0 0 0 1 0 0 0 1 1 0 0 0 0 1
45	1	1 0 0 0 0 0 0 1 1 1 0 0 0 1 0 1
45	3	1 0 0 1 1 1 0 0 0 0 0 0 1 0 1 1
45	13	0 0 1 1 0 0 0 0 0 1 0 0 0 0 0 0
45	2	0 0 1 1 0 0 0 1 0 1 0 0 0 0 0 1
45	1	0 0 1 1 0 1 0 0 0 0 0 0 1 0 0 0
45	1	0 0 1 1 0 0 0 0 1 1 0 0 0 1 0 1
45	3	0 0 1 1 0 0 0 0 1 0 0 0 0 0 0 1
45	3	0 0 0 1 1 1 0 0 0 0 0 1 1 1 1 0
45	4	1 0 1 1 0 0 0 0 1 1 1 0 0 0 0 0
45	3	0 0 1 1 0 0 0 0 0 1 1 0 1 0 0 1
45	3	0 0 0 0 0 0 0 0 0 1 0 0 0 0 0 1
45	2	0 1 1 1 0 0 0 0 0 0 1 0 0 0 0 0
45	6	0 0 0 1 1 1 0 0 0 0 0 1 0 0 0 0
45	17	1 0 0 1 1 1 0 0 0 0 0 1 0 0 0 0
45	4	1 1 0 1 0 1 0 0 0 0 0 1 0 0 0 0
45	2	0 0 1 1 0 0 0 0 0 0 0 0 1 0 0 0
45	1	1 0 0 0 0 0 0 0 0 1 0 0 0 0 0 0
45	3	0 0 1 1 1 0 0 0 0 0 1 0 0 0 1 0
45	2	0 1 1 1 0 0 0 0 0 0 1 0 0 0 0 1
45	1	0 0 1 0 0 0 0 0 1 1 1 0 0 0 0 1
45	3	1 0 1 1 0 1 0 0 0 0 1 0 0 0 0 0
45	2	0 0 1 1 0 1 0 0 0 0 1 0 0 0 1 0
45	2	0 0 1 1 0 0 0 0 1 1 0 0 0 0 0 0
45	2	1 0 1 0 0 0 0 1 0 1 0 0 0 0 0 1
45	3	1 0 0 0 0 0 1 0 0 0 0 1 1 0 0 0
45	1	0 0 1 1 0 0 1 0 0 0 1 0 0 0 0 1
45	3	0 0 1 1 0 0 0 0 0 1 1 0 0 0 0 0
45	2	0 0 1 1 0 0 0 0 1 0 1 0 0 0 0 0
45	2	0 0 1 1 0 0 1 1 0 0 1 0 0 0 0 0
45	1	0 0 1 0 1 0 0 0 1 1 1 0 0 0 0 1
85	250	0 0 1 1 0 0 0 0 0 0 1 0 0 0 0 0
85	13	0 0 0 1 1 1 0 0 0 0 0 1 1 0 0 0
85	28	0 0 1 1 0 0 0 0 0 0 1 0 0 0 0 1
85	33	0 0 1 1 0 0 0 0 0 0 1 0 1 0 0 0
85	16	0 0 1 1 0 0 0 0 0 0 1 1 0 0 0 0
85	1	0 0 1 1 0 0 0 0 0 0 0 0 0 0 0 0
85	92	0 0 1 1 0 0 1 0 0 0 1 0 0 0 0 0
85	24	0 0 1 1 0 0 0 0 1 1 1 0 0 0 0 0
85	2	0 1 1 1 0 0 1 0 0 0 1 0 0 0 0 0
85	24	0 0 1 1 1 0 0 0 0 0 1 0 0 0 0 0
85	3	0 0 1 1 0 0 0 0 0 0 1 0 0 0 1 0
85	8	1 0 0 0 0 0 0 1 1 1 0 0 0 1 0 1
85	5	0 0 1 1 0 0 0 0 0 1 0 0 0 0 0 0
85	8	1 0 1 1 0 0 0 0 1 1 1 0 0 0 0 0
85	50	0 1 1 1 0 0 0 0 0 0 1 0 0 0 0 0
85	77	1 1 0 1 0 1 0 0 0 0 0 1 0 0 0 0
85	7	0 1 1 1 0 0 0 0 0 0 1 0 0 0 0 1
85	19	0 0 1 1 0 0 0 0 0 1 1 0 0 0 0 0
85	28	0 0 1 1 0 0 0 0 1 0 1 0 0 0 0 0
85	2	0 0 1 1 0 1 0 0 0 1 0 0 0 0 0 0
85	31	0 0 1 0 0 0 0 0 0 0 1 0 0 0 0 0
85	16	0 0 1 1 0 0 1 0 0 0 1 0 1 0 0 0
85	1	0 0 1 1 0 1 0 0 1 1 1 0 0 0 0 0
85	12	0 1 1 1 0 1 0 0 0 0 1 0 0 0 0 0
85	3	0 0 1 0 0 0 0 0 0 0 1 0 0 0 0 1
85	10	0 0 1 1 0 0 0 1 0 0 1 0 0 0 0 0
85	2	0 0 1 1 0 0 1 0 1 0 1 0 0 0 0 0
85	30	0 0 1 1 0 1 0 0 0 1 1 0 0 0 0 0
85	6	0 0 1 1 0 0 1 0 0 0 1 0 0 0 0 1
85	9	0 0 1 1 0 1 1 0 0 0 1 0 0 0 0 0
85	7	1 0 1 1 0 0 0 0 1 0 1 0 0 0 0 0
85	3	0 0 0 1 0 0 0 0 1 1 1 0 0 0 0 0
85	1	1 0 1 1 0 0 1 0 1 1 1 0 0 0 0 0
85	6	0 0 1 1 0 0 0 0 0 0 0 1 0 0 0 1
85	1	0 0 1 0 1 0 0 0 0 0 1 0 0 0 0 0
85	1	0 0 1 1 0 0 1 0 1 1 0 0 0 1 0 1
85	2	0 0 1 0 0 0 1 0 0 0 1 0 0 0 0 0
85	11	0 0 1 1 0 1 0 0 0 0 0 0 0 0 0 0
85	9	0 0 0 1 1 1 0 0 1 1 1 0 0 0 0 0
85	5	0 0 1 0 0 0 0 0 0 1 1 0 0 0 0 0
85	22	0 0 1 0 0 0 0 0 0 0 1 0 0 0 1 0
85	11	1 1 1 1 0 1 0 0 0 0 0 1 1 0 0 0
85	14	0 1 0 1 0 1 0 0 0 0 0 1 0 0 0 0
85	6	0 0 1 1 0 0 0 0 0 1 1 0 0 0 1 0
85	8	0 0 1 1 1 0 1 0 0 0 1 0 0 0 0 0
85	5	0 0 1 1 0 0 0 0 1 0 0 1 1 0 0 0
85	2	0 0 0 1 0 1 0 0 0 0 0 1 0 0 0 0
85	3	1 1 0 1 0 1 0 0 0 0 1 0 0 0 1 0
85	1	1 1 0 1 0 1 0 0 0 0 1 1 0 0 0 0
85	5	0 0 1 1 0 1 1 0 1 1 1 0 0 0 0 0
85	2	0 0 1 1 0 0 0 0 0 0 0 1 0 0 0 0
85	8	0 0 0 1 0 0 0 0 0 0 1 0 0 0 0 0
85	7	0 0 1 1 0 0 0 0 0 0 0 0 0 1 0 0
85	1	1 0 1 1 1 0 0 0 0 0 1 0 0 0 0 0
85	1	0 0 1 1 0 0 0 0 0 0 0 1 1 0 1 0
85	3	0 0 1 1 0 0 0 0 1 0 1 0 0 0 0 1
85	1	0 0 1 0 1 0 0 0 0 0 1 0 0 0 0 1
85	1	0 1 1 0 0 0 0 0 0 0 1 0 0 0 0 1
85	1	0 0 1 1 0 1 0 0 0 1 1 0 0 0 0 1
85	1	1 1 0 1 0 1 0 0 1 0 0 0 0 0 0 0
85	8	1 1 1 1 0 1 0 0 0 0 1 0 0 0 0 0
85	1	0 1 0 1 0 1 0 0 0 0 0 0 0 0 0 0
85	1	1 0 1 1 1 1 0 0 0 0 0 1 0 0 0 0
85	1	0 0 1 1 1 0 0 0 1 1 1 0 0 0 0 0
85	1	1 1 0 1 0 1 0 0 0 0 0 1 0 1 0 0
85	3	0 0 1 1 1 1 0 0 0 0 0 0 0 0 0 0
85	2	0 0 1 1 1 0 0 0 0 0 0 0 0 1 0 0
85	1	0 0 1 1 0 0 0 0 0 0 0 0 1 0 0 0
85	2	0 1 1 1 0 0 0 0 0 0 1 0 0 0 1 0
85	4	1 1 0 1 0 1 0 0 0 0 1 0 0 0 0 0
85	2	1 1 1 1 0 1 0 0 0 0 0 1 0 0 0 0
85	1	0 0 1 1 0 0 0 0 0 1 1 0 1 0 0 0
85	2	0 0 1 1 0 0 1 0 0 0 1 1 0 0 0 0
85	1	0 0 1 1 0 0 0 0 1 0 0 0 0 0 0 0
85	2	0 0 1 0 0 1 0 0 0 1 1 0 0 0 0 0
85	3	0 0 1 1 0 0 0 0 0 1 0 0 0 0 0 1
85	2	0 1 0 0 0 1 0 0 0 0 0 1 0 0 0 0
85	3	0 0 1 1 0 0 0 0 0 1 0 1 0 0 0 0
85	1	0 0 1 1 0 0 0 0 0 0 0 1 0 1 0 0
154	17	0 0 1 1 0 0 0 0 0 0 1 0 0 0 0 0
154	5	0 0 1 1 0 0 0 0 0 0 1 1 0 0 0 0
154	27	0 0 1 1 0 0 0 0 0 1 0 0 0 0 0 0
154	9	0 1 1 1 0 0 0 0 0 0 1 0 0 0 0 0
154	128	1 1 0 1 0 1 0 0 0 0 0 1 0 0 0 0
154	11	0 0 1 1 0 0 0 0 0 1 1 0 0 0 0 0
154	14	0 1 1 1 0 1 0 0 0 0 1 0 0 0 0 0
154	7	1 1 0 1 0 1 0 0 0 0 0 1 0 0 1 0
154	30	0 0 1 1 0 1 0 0 0 0 0 1 0 0 0 0
154	108	1 0 1 1 0 1 1 0 0 0 1 0 0 0 0 0
154	6	0 0 1 1 0 1 1 0 0 0 0 1 0 0 0 0
154	33	1 0 1 1 1 1 1 0 1 0 0 1 0 0 0 0
154	7	0 0 1 1 0 0 0 0 1 0 1 1 0 0 0 0
154	3	0 0 1 1 0 0 1 0 0 0 1 0 0 1 0 0
154	26	1 1 0 1 0 0 0 1 0 0 1 0 0 0 0 0
154	32	1 1 0 1 0 1 0 0 0 0 0 0 0 0 0 0
154	11	1 1 1 1 0 0 0 0 1 0 0 0 0 0 0 0
154	7	1 1 0 1 0 0 0 0 0 0 1 1 0 0 0 0
154	18	0 0 1 1 0 1 1 0 0 0 1 0 0 0 0 0
154	8	1 1 0 1 1 1 0 0 0 0 0 1 0 0 0 0
154	3	1 1 1 1 0 1 0 0 0 0 0 1 0 0 1 0
154	13	0 1 1 1 0 1 0 0 0 0 1 0 0 0 0 1
154	37	1 1 0 1 0 1 1 0 0 0 0 1 0 0 0 0
154	3	0 0 1 1 0 1 0 0 0 0 0 1 0 0 1 0
154	12	1 1 0 1 0 1 0 0 1 0 0 1 0 1 0 0
154	20	1 0 1 1 1 1 1 0 1 0 0 1 0 0 1 0
154	8	0 0 1 1 0 0 0 0 1 0 0 1 1 0 0 0
154	11	0 0 1 1 0 0 1 0 0 0 1 0 0 0 0 0
154	10	0 1 0 1 0 1 0 0 0 0 0 0 0 0 0 0
154	11	0 0 1 1 0 0 0 0 0 1 0 0 0 0 0 1
154	8	1 0 0 1 0 0 0 0 0 0 1 0 0 0 0 0
154	13	0 0 1 1 0 0 0 1 0 1 1 1 0 0 1 0
154	10	1 0 1 1 1 1 1 0 0 0 1 0 0 0 0 0
154	20	1 0 1 1 0 1 1 0 0 1 1 0 0 0 0 0
154	8	0 0 1 1 0 1 0 0 0 0 0 1 0 0 0 1
154	6	0 1 1 1 0 0 0 0 0 0 1 0 0 1 0 0
154	37	0 0 1 1 0 0 0 1 1 1 1 0 0 1 0 0
154	5	0 0 0 1 0 0 0 0 1 1 1 0 0 0 0 0
154	13	0 1 0 1 0 0 0 0 1 0 1 0 0 0 0 0
154	1	1 1 0 1 0 0 0 0 0 0 1 1 0 0 0 1
154	4	0 0 1 0 0 0 0 0 0 0 0 1 1 0 0 0
154	5	0 0 1 1 0 0 0 0 1 0 0 1 0 0 0 0
154	3	1 0 1 1 0 0 0 0 0 0 1 1 0 0 0 0
154	8	0 0 1 1 0 1 0 0 1 0 0 0 0 0 0 0
154	3	0 1 1 1 0 1 0 0 0 0 0 0 0 0 0 1
154	7	1 1 1 1 0 0 0 0 0 1 0 0 0 1 0 0
154	5	0 0 1 1 0 0 0 1 0 0 1 1 0 0 1 0
154	11	1 1 0 1 0 1 0 1 0 0 1 0 0 0 0 0
154	1	0 0 1 1 0 1 0 0 1 0 0 1 0 0 0 0
154	2	1 0 1 1 0 1 0 0 0 0 0 0 0 0 0 0
154	3	1 1 0 1 0 1 0 0 1 0 0 1 0 0 0 0
154	6	1 1 0 1 0 1 0 0 0 0 0 0 0 1 0 0
154	2	1 1 0 1 0 1 0 0 0 0 1 0 0 0 0 0
154	13	1 1 1 1 0 1 0 0 0 0 0 1 0 0 0 0
154	1	1 1 0 1 1 1 0 0 1 0 0 1 0 1 0 0
154	1	0 1 1 1 1 0 0 0 0 0 1 1 0 0 0 0
154	2	1 1 0 1 0 1 0 0 0 0 0 0 0 0 0 1
154	13	0 1 1 1 0 1 0 0 0 0 0 0 0 0 0 0
154	6	1 1 0 0 0 1 0 0 0 0 0 1 0 0 0 0
154	2	1 0 1 1 0 0 0 0 0 0 1 1 0 0 1 0
154	7	1 1 0 1 0 1 0 0 0 0 1 0 0 1 0 0
154	7	0 0 1 1 0 0 0 1 1 1 1 0 0 0 0 1
154	20	1 0 1 1 0 1 1 0 0 1 1 1 0 0 0 0
154	2	0 1 1 1 0 0 0 0 0 1 0 0 0 0 0 0
154	3	0 0 1 1 1 0 1 0 0 0 1 0 1 0 0 0
154	7	1 1 0 1 0 0 0 1 0 0 1 0 0 1 0 0
154	1	1 0 1 1 0 1 0 0 0 0 0 1 0 0 1 0
154	2	0 0 1 1 0 1 1 0 0 0 1 1 0 0 0 0
154	2	1 0 1 1 0 1 1 0 0 0 0 1 0 0 0 0
154	3	1 1 0 1 0 0 0 0 0 0 1 0 0 0 0 0
154	1	1 1 0 1 0 1 1 0 0 0 1 0 0 0 0 0
154	3	1 1 0 1 0 1 1 0 0 0 0 1 0 0 1 0
154	2	0 0 0 1 0 0 0 0 1 0 0 0 0 0 0 0
154	3	0 1 1 1 0 0 0 0 1 0 1 1 0 0 0 0
154	1	0 0 0 1 0 0 0 0 0 0 1 0 0 0 0 0
154	3	1 1 0 1 0 1 0 1 0 0 0 1 0 0 0 0
154	1	1 1 0 1 0 1 0 0 0 0 0 1 0 0 1 1
154	4	0 0 1 1 0 0 0 1 1 0 0 1 0 0 0 0
154	4	1 1 0 1 0 1 0 1 0 0 1 0 0 1 0 0
154	1	0 0 1 1 1 0 0 1 1 1 1 0 0 0 0 1
154	3	0 0 0 1 0 0 0 1 0 0 1 0 0 0 0 0
154	10	1 1 1 1 0 0 0 0 0 1 1 0 0 0 0 0
154	1	0 0 1 1 0 1 0 0 0 0 1 0 0 0 0 0
154	4	1 0 1 1 0 1 1 0 0 0 1 0 0 0 1 0
154	1	1 1 1 1 0 1 0 0 0 0 1 0 0 0 0 1
154	4	1 1 0 1 0 1 1 0 1 0 0 1 0 1 0 0
154	1	0 0 1 1 0 0 0 0 1 0 0 0 1 0 0 0
154	5	1 1 1 1 0 0 0 0 0 1 0 1 0 1 0 0
154	3	1 1 1 1 0 0 0 0 0 1 0 0 1 1 0 0
154	2	1 0 0 1 0 1 0 0 0 0 1 0 0 1 0 0
154	2	0 1 0 1 0 0 0 1 1 0 0 0 0 0 0 0
154	2	0 0 1 1 0 1 0 0 0 0 1 0 0 1 0 0
154	3	1 0 1 1 0 1 0 0 0 0 0 1 0 0 0 0
154	1	1 1 0 1 1 0 0 1 1 1 1 0 0 0 0 1
154	3	1 1 0 1 0 0 0 1 0 0 1 1 0 0 0 0
154	3	0 0 1 1 0 1 0 0 0 0 0 0 0 0 0 0
154	1	0 0 0 1 0 0 0 0 1 0 1 1 0 0 0 0
154	1	1 1 0 1 0 0 0 0 0 0 1 1 1 0 0 0
154	1	0 0 1 1 1 0 0 1 0 1 1 1 0 0 1 0
154	4	0 1 1 1 0 0 0 0 1 0 0 1 0 0 0 0
154	2	0 0 1 1 0 0 0 1 1 1 1 0 0 1 1 0
154	1	0 1 0 1 0 0 0 0 1 0 1 0 0 0 1 0
154	1	0 0 1 1 0 0 0 0 1 1 1 1 0 0 1 0
154	1	1 0 1 1 0 1 0 0 0 0 1 0 0 1 0 0
154	1	0 1 1 1 0 0 0 0 0 0 1 1 0 0 0 0
154	1	0 0 1 1 0 0 0 0 0 1 1 0 0 0 1 0
154	1	0 0 1 0 0 0 0 0 0 1 1 0 0 0 0 0
154	1	1 1 0 1 0 1 1 0 0 1 0 1 0 0 0 0
154	1	1 1 0 1 0 0 1 0 0 0 0 1 0 0 0 0
154	2	1 0 1 1 0 1 1 0 0 1 1 0 0 0 1 0
154	1	1 1 1 1 0 1 0 0 0 0 0 1 1 0 0 0
154	1	0 0 1 1 0 0 0 1 1 0 1 0 0 0 0 1
239	46	1 1 0 1 0 1 0 0 0 0 0 1 0 0 0 0
239	80	1 0 1 1 0 1 1 0 0 0 1 0 0 0 0 0
239	21	1 0 1 1 1 1 1 0 1 0 0 1 0 0 0 0
239	15	1 1 0 1 0 1 0 0 0 0 0 0 0 0 0 0
239	4	1 1 0 1 0 1 1 0 0 0 0 1 0 0 0 0
239	39	1 0 1 1 0 1 1 0 0 1 1 0 0 0 0 0
239	4	1 0 1 1 0 0 0 0 0 0 1 1 0 0 0 0
239	4	1 0 1 1 0 1 1 0 0 1 1 1 0 0 0 0
239	22	1 1 0 1 0 0 0 0 0 0 1 0 0 0 0 0
239	1	1 1 1 1 0 0 0 0 0 1 0 1 0 1 0 0
239	21	1 0 1 1 0 1 1 0 1 0 0 0 0 0 0 0
239	2	1 0 1 1 0 1 1 0 1 0 1 0 0 0 0 0
239	4	0 0 1 1 0 0 1 0 0 0 0 1 0 0 0 0
239	26	1 0 1 1 0 0 0 0 0 0 1 0 0 0 0 0
239	10	1 1 0 1 0 1 0 0 1 0 1 1 0 0 0 0
239	86	1 0 1 1 0 0 1 0 0 0 0 1 0 0 0 0
239	10	1 0 1 1 0 1 1 1 0 0 0 0 0 0 0 0
239	10	0 1 1 0 0 1 0 0 0 0 1 0 1 1 0 0
239	24	1 0 1 1 1 1 1 0 1 1 0 1 0 0 0 0
239	2	1 1 1 1 0 1 1 0 0 0 0 1 0 0 0 0
239	14	1 0 1 1 0 1 1 0 0 0 1 1 0 0 0 0
239	8	1 0 1 1 0 0 1 0 0 1 1 0 0 0 0 0
239	18	0 0 1 1 0 0 1 0 0 0 0 0 0 0 0 0
239	53	1 1 0 1 0 1 0 0 0 0 1 1 0 0 0 0
239	42	1 1 0 1 0 1 0 0 0 0 1 0 0 0 0 0
239	1	1 1 1 1 0 1 1 0 0 0 0 1 0 0 1 0
239	11	1 1 0 1 1 1 0 0 1 0 0 1 0 0 0 0
239	7	1 0 0 1 0 1 1 0 1 0 0 0 0 0 0 0
239	23	1 0 1 1 1 1 1 0 0 0 0 1 0 0 0 1
239	1	1 1 0 0 0 1 0 0 0 0 0 0 0 1 0 0
239	2	1 1 0 1 0 1 0 0 0 0 0 1 0 0 0 1
239	8	1 1 1 1 0 1 1 0 0 0 0 1 1 0 0 0
239	9	1 1 0 1 0 1 0 1 0 0 1 0 0 0 0 0
239	11	1 0 1 1 0 1 1 0 0 0 0 0 0 0 0 0
239	18	1 0 1 1 0 1 0 0 0 0 0 1 0 0 0 0
239	6	1 1 1 1 0 1 0 0 0 0 0 0 0 0 0 0
239	2	1 1 0 1 1 0 0 0 1 0 0 1 0 0 0 0
239	19	1 1 0 1 0 1 0 0 0 0 0 1 1 0 0 0
239	10	1 0 0 1 0 1 1 0 0 0 1 0 0 0 0 0
239	20	1 0 1 1 0 1 1 0 0 0 0 1 0 0 0 1
239	14	1 1 0 1 0 1 1 0 0 1 0 1 0 0 0 0
239	2	1 0 0 1 1 1 0 0 0 0 0 0 0 0 0 0
239	6	1 0 1 1 0 0 0 0 0 0 0 0 0 0 0 0
239	1	1 0 1 1 0 1 1 0 0 0 1 0 0 0 0 1
239	7	1 0 0 1 0 1 1 0 0 0 0 0 0 0 0 0
239	16	1 0 0 1 0 1 0 0 0 0 0 1 0 0 0 0
239	9	1 0 1 1 1 1 1 0 1 0 0 1 0 1 0 0
239	1	1 1 1 1 0 1 1 1 0 0 0 1 0 0 1 0
239	9	1 0 1 1 1 1 1 1 0 0 0 1 0 0 0 1
239	7	1 1 0 0 0 1 0 0 0 0 0 0 0 1 0 1
239	6	1 0 1 1 1 1 1 0 1 0 1 1 0 0 0 0
239	10	1 0 1 1 0 0 0 0 0 0 1 0 0 1 0 0
239	3	1 0 1 1 1 1 1 1 1 0 0 1 0 0 0 0
239	2	1 0 1 1 0 1 1 0 1 0 0 0 0 1 0 0
239	1	1 1 0 0 0 1 0 0 0 0 1 0 0 0 0 0
239	8	1 1 0 1 0 0 0 0 0 1 1 0 0 0 0 0
239	20	1 1 1 1 0 1 0 0 0 0 1 1 0 0 0 0
239	1	1 0 1 1 0 1 1 0 1 0 0 1 0 0 0 0
239	3	1 0 1 1 0 0 1 0 0 0 1 1 0 0 0 0
239	6	0 0 1 1 1 0 0 0 0 0 0 1 0 0 0 0
239	4	1 0 1 1 0 1 1 0 0 0 1 0 1 1 0 0
239	3	1 0 1 0 1 1 1 0 1 0 0 1 0 0 0 0
239	8	1 0 1 1 0 1 1 0 0 0 0 1 0 0 0 0
239	3	1 1 0 1 0 0 1 0 0 0 1 0 0 0 0 0
239	6	1 1 0 1 0 1 1 0 1 0 0 1 0 0 0 0
239	2	1 1 0 1 0 0 0 0 0 0 0 0 0 0 0 0
239	3	1 0 1 1 0 0 1 0 0 1 0 1 0 0 0 0
239	3	1 0 1 1 0 0 0 0 0 0 0 1 0 0 0 0
239	2	1 0 1 1 0 0 1 0 0 0 0 0 0 0 0 0
239	7	1 0 1 1 1 1 1 0 0 0 1 0 0 0 0 0
239	3	1 0 1 1 0 0 1 0 1 0 0 0 0 0 0 0
239	2	0 0 1 1 0 1 1 0 0 0 0 1 0 0 0 0
239	7	1 1 0 1 0 1 0 0 0 0 1 1 0 0 1 0
239	2	1 1 0 1 1 1 1 0 1 0 0 1 0 0 0 0
239	2	0 1 0 1 0 0 0 0 0 0 1 0 0 0 0 0
239	4	1 1 0 1 1 1 1 0 1 1 0 1 0 1 0 0
239	6	1 1 1 1 0 0 1 0 0 1 1 0 0 0 0 0
239	4	1 1 1 1 0 1 0 0 0 0 0 1 1 0 0 0
239	4	1 0 1 1 1 1 0 0 1 0 0 1 0 1 0 0
239	1	1 1 0 1 0 1 1 0 1 1 0 1 0 0 0 0
239	7	1 1 1 1 0 1 1 0 0 0 1 1 0 0 0 0
239	1	1 0 0 1 1 0 0 0 1 0 0 1 0 0 0 0
239	5	1 1 0 1 1 1 0 0 1 0 1 1 0 0 0 0
239	7	1 1 1 1 0 0 1 0 0 0 0 1 0 0 0 0
239	4	1 1 0 1 0 1 0 0 0 0 1 0 1 0 0 0
239	6	1 0 1 1 0 1 0 0 0 0 0 1 0 1 0 0
239	1	1 1 0 1 0 1 0 0 1 0 1 0 0 0 1 0
239	2	1 1 0 1 0 1 1 1 0 0 0 0 0 0 0 0
239	1	0 0 1 1 0 0 1 0 0 0 0 0 0 0 0 1
239	1	1 1 0 1 0 1 0 0 0 1 1 1 0 0 0 0
239	1	1 1 0 0 0 0 0 0 0 0 1 0 0 0 0 0
239	1	1 1 1 1 0 1 1 0 0 0 0 0 0 0 1 0
239	1	1 1 1 1 0 1 1 0 0 0 1 1 1 0 0 0
239	2	1 0 1 0 1 1 1 0 0 0 0 1 0 0 0 0
239	1	1 1 0 1 0 0 0 0 0 0 0 1 0 0 0 0
239	3	1 1 1 1 0 1 1 0 0 0 1 0 0 0 0 0
239	1	1 1 0 1 0 1 0 0 1 0 0 1 0 0 0 0
239	3	0 0 1 1 1 0 1 0 0 0 0 1 0 0 0 0
239	4	1 0 0 1 0 0 0 0 0 0 1 0 0 0 0 0
239	4	1 0 1 1 1 1 0 0 1 1 0 1 0 0 0 0
239	3	1 1 1 1 0 1 0 1 0 0 1 1 0 0 0 0
239	1	1 0 1 1 0 0 1 0 1 0 0 0 1 0 0 0
239	2	1 0 1 1 0 1 1 0 0 0 0 0 0 0 1 0
239	1	1 0 1 1 1 1 1 0 0 0 0 1 0 0 0 0
239	3	1 0 1 1 1 1 1 0 1 1 0 1 0 1 0 0
239	3	1 1 1 1 0 1 0 0 0 0 1 1 0 0 0 1
239	1	1 1 0 1 0 1 1 0 0 0 0 0 0 0 0 0
239	1	1 0 1 1 0 1 1 0 1 0 0 0 0 0 1 0
239	1	1 0 1 1 0 0 1 0 0 0 0 1 0 0 1 0
239	1	1 0 1 0 0 0 1 0 0 0 0 1 0 0 0 0
239	2	1 0 1 1 0 0 1 1 0 0 0 0 0 0 0 0
239	1	0 0 1 1 1 1 1 0 0 0 0 1 0 0 0 1
239	2	1 1 1 1 1 1 1 0 1 0 0 1 0 1 0 0
252	53	1 1 0 1 0 1 0 0 0 0 0 1 0 0 0 0
252	46	1 0 1 1 0 1 1 0 0 0 1 0 0 0 0 0
252	6	1 0 1 1 1 1 1 0 1 0 0 1 0 0 0 0
252	2	1 1 0 1 0 1 0 0 0 0 0 0 0 0 0 0
252	32	1 0 1 1 0 1 1 0 0 1 1 0 0 0 0 0
252	7	1 0 1 1 0 0 0 0 0 0 1 1 0 0 0 0
252	31	1 1 0 1 0 0 0 0 0 0 1 0 0 0 0 0
252	32	1 0 1 1 0 1 1 0 1 0 0 0 0 0 0 0
252	9	1 0 1 1 0 0 0 0 0 0 1 0 0 0 0 0
252	34	1 1 0 1 0 1 0 0 1 0 1 1 0 0 0 0
252	34	1 0 1 1 0 0 1 0 0 0 0 1 0 0 0 0
252	11	1 0 1 1 0 1 1 1 0 0 0 0 0 0 0 0
252	3	1 0 1 1 1 1 1 0 1 1 0 1 0 0 0 0
252	1	1 0 1 1 0 1 1 0 0 0 1 1 0 0 0 0
252	11	1 0 1 1 0 0 1 0 0 1 1 0 0 0 0 0
252	17	0 0 1 1 0 0 1 0 0 0 0 0 0 0 0 0
252	85	1 1 0 1 0 1 0 0 0 0 1 1 0 0 0 0
252	50	1 1 0 1 0 1 0 0 0 0 1 0 0 0 0 0
252	4	1 0 1 1 1 1 1 0 0 0 0 1 0 0 0 1
252	28	1 1 1 1 0 1 1 0 0 0 0 1 1 0 0 0
252	2	1 1 0 1 0 1 0 1 0 0 1 0 0 0 0 0
252	5	1 0 1 1 0 1 1 0 0 0 0 0 0 0 0 0
252	19	1 0 1 1 0 1 0 0 0 0 0 1 0 0 0 0
252	6	1 1 1 1 0 1 0 0 0 0 0 0 0 0 0 0
252	11	1 1 0 1 0 1 0 0 0 0 0 1 1 0 0 0
252	10	1 0 0 1 0 1 1 0 0 0 1 0 0 0 0 0
252	29	1 0 1 1 0 1 1 0 0 0 0 1 0 0 0 1
252	1	1 1 0 1 0 1 1 0 0 1 0 1 0 0 0 0
252	11	1 0 1 1 0 0 0 0 0 0 0 0 0 0 0 0
252	7	1 0 1 1 1 1 1 0 1 0 0 1 0 1 0 0
252	40	1 0 1 1 1 1 1 1 0 0 0 1 0 0 0 1
252	11	1 0 1 1 0 0 0 0 0 0 1 0 0 1 0 0
252	20	1 1 0 1 0 0 0 0 0 1 1 0 0 0 0 0
252	8	1 1 1 1 0 1 0 0 0 0 1 1 0 0 0 0
252	10	1 0 1 1 0 0 1 0 0 0 1 1 0 0 0 0
252	11	1 0 1 1 0 1 1 0 0 0 0 1 0 0 0 0
252	24	1 1 0 1 0 0 0 0 0 0 0 0 0 0 0 0
252	8	1 0 1 1 0 0 0 0 0 0 0 1 0 0 0 0
252	1	0 0 1 1 0 1 1 0 0 0 0 1 0 0 0 0
252	2	1 1 1 1 0 0 1 0 0 1 1 0 0 0 0 0
252	10	1 1 1 1 0 1 0 0 0 0 0 1 1 0 0 0
252	7	1 0 1 1 1 1 0 0 1 0 0 1 0 1 0 0
252	1	1 1 1 1 0 1 1 0 0 0 1 1 0 0 0 0
252	13	1 0 1 1 0 1 0 0 0 0 0 1 0 1 0 0
252	4	1 1 0 1 0 1 1 1 0 0 0 0 0 0 0 0
252	12	1 1 0 1 0 0 0 0 0 0 0 1 0 0 0 0
252	4	1 0 0 1 0 0 0 0 0 0 1 0 0 0 0 0
252	2	1 0 1 1 1 1 0 0 1 1 0 1 0 0 0 0
252	3	1 1 1 1 0 1 0 1 0 0 1 1 0 0 0 0
252	2	1 0 1 1 0 1 1 0 0 0 0 0 0 0 1 0
252	4	1 1 1 1 0 1 0 0 0 0 1 1 0 0 0 1
252	5	0 0 1 1 1 1 1 0 0 0 0 1 0 0 0 1
252	4	1 0 1 1 0 0 0 0 1 0 0 1 0 1 0 0
252	10	1 0 1 1 0 1 0 0 0 0 0 0 0 0 0 0
252	4	1 1 1 1 0 1 0 0 0 0 0 1 0 0 0 0
252	4	1 1 0 1 0 1 0 0 0 0 0 0 0 0 0 1
252	5	1 1 0 1 0 1 1 0 0 0 0 1 0 0 0 1
252	9	1 0 0 1 0 0 1 0 0 0 0 0 0 0 0 0
252	8	1 0 1 1 0 1 0 0 0 0 1 1 0 0 0 0
252	2	1 0 1 1 1 0 1 0 0 0 0 1 0 0 0 0
252	2	1 1 0 1 0 0 0 0 0 1 1 0 0 0 0 1
252	3	1 1 0 0 0 1 0 0 0 0 0 1 0 0 0 0
252	5	1 1 0 1 0 0 1 0 0 0 0 1 0 0 0 0
252	2	1 1 1 1 0 1 1 0 0 0 0 1 0 0 0 1
252	1	1 1 1 1 1 1 0 0 1 1 0 1 0 0 0 0
252	3	1 1 0 1 0 1 1 0 0 0 0 0 0 0 0 0
252	6	1 1 0 1 1 1 1 0 1 1 0 1 0 0 0 0
252	8	1 1 0 1 1 1 0 0 0 0 1 1 0 0 0 0
252	2	1 0 1 1 0 1 1 0 0 0 0 1 0 1 0 1
252	1	1 1 1 1 0 1 1 1 0 1 0 1 1 0 0 0
252	1	1 0 1 1 1 1 1 0 0 0 1 1 0 0 0 0
252	10	1 1 0 0 0 1 0 0 0 0 1 1 0 0 0 0
252	4	1 1 0 1 0 1 0 0 1 0 0 1 0 0 0 0
252	5	1 1 1 1 0 1 1 0 0 1 1 0 0 0 0 0
252	4	1 1 0 1 0 0 0 1 0 0 1 0 0 0 0 0
252	16	1 1 0 1 0 1 1 0 0 0 1 1 0 0 0 0
252	7	1 0 0 1 0 1 0 0 0 1 0 1 0 0 0 0
252	5	1 0 1 1 0 1 1 0 0 0 1 0 0 0 0 1
252	1	1 0 1 1 1 0 1 0 1 0 0 1 0 0 0 0
252	4	1 0 1 0 0 1 1 0 0 1 1 0 0 0 0 0
252	1	1 0 1 0 0 1 1 0 1 0 0 0 0 0 0 0
252	2	1 0 0 1 0 1 0 0 0 0 1 1 0 0 0 0
252	1	1 1 0 1 0 1 0 0 0 0 1 1 0 0 0 1
252	2	1 0 1 1 1 1 1 0 0 1 1 0 0 0 0 1
252	3	1 1 1 1 0 1 1 0 0 0 1 0 0 0 0 0
252	3	1 0 1 1 0 0 0 0 0 1 1 0 0 0 0 0
252	2	1 1 0 1 0 1 0 0 0 0 1 0 1 0 0 0
252	3	1 0 1 1 0 1 1 0 0 0 0 1 1 0 0 1
252	2	0 0 1 1 1 1 0 0 1 0 0 1 0 1 0 0
252	1	1 1 0 1 0 0 1 0 0 0 1 1 0 0 0 0
252	2	1 0 1 0 0 1 1 0 0 0 1 0 0 0 0 0
252	2	1 0 1 1 0 0 1 0 0 1 0 1 0 0 0 0
252	1	0 0 1 1 0 0 1 1 0 0 0 0 0 0 0 0
252	2	1 1 0 1 0 1 0 0 0 0 1 1 0 0 1 0
252	8	1 0 1 1 0 1 1 0 0 0 1 0 1 0 0 0
252	2	1 0 0 1 0 1 1 0 0 0 0 1 0 0 0 1
252	3	1 1 1 1 0 1 0 0 0 0 1 0 0 0 0 0
252	1	1 0 1 1 1 1 1 0 0 1 1 0 0 0 0 0
252	6	1 0 1 1 0 1 1 0 1 0 1 0 0 0 0 0
252	6	0 0 1 1 0 0 1 0 0 0 1 0 0 0 0 0
252	1	1 0 1 1 1 0 0 0 1 0 0 1 0 1 0 0
252	1	1 0 1 1 1 1 0 0 0 0 0 0 0 0 0 0
252	1	1 0 1 0 0 0 1 0 1 0 0 0 0 0 0 0
252	1	1 0 1 1 0 1 1 1 0 0 0 1 0 0 0 0
252	1	1 1 1 1 0 0 0 0 0 0 0 0 0 0 0 0
252	1	1 1 0 1 0 0 1 0 0 1 0 1 0 0 0 0
252	2	1 1 0 1 1 1 0 0 0 0 0 0 0 0 0 0
252	1	1 0 1 1 0 1 1 1 0 0 1 0 0 0 0 0
252	1	1 0 1 0 0 1 1 0 0 0 0 1 0 0 0 1
252	1	1 1 1 1 0 1 0 0 0 1 1 1 0 0 0 1
252	1	1 0 1 0 0 1 1 0 0 0 0 0 0 0 0 0
350	83	1 0 1 1 0 1 1 0 0 0 1 0 0 0 0 0
350	35	1 1 0 1 0 1 0 0 0 0 1 1 0 0 0 0
350	7	1 1 0 1 0 1 0 0 0 0 1 0 0 0 0 0
350	34	1 1 1 1 0 1 1 0 0 0 0 1 1 0 0 0
350	1	1 1 1 1 0 1 0 0 0 0 0 0 0 0 0 0
350	27	1 1 1 1 0 1 0 0 0 0 1 1 0 0 0 0
350	6	1 0 0 1 0 0 0 0 0 0 1 0 0 0 0 0
350	35	1 1 0 1 0 1 1 0 0 0 0 0 0 0 0 0
350	31	1 1 0 1 0 1 1 0 0 0 1 1 0 0 0 0
350	52	1 0 1 1 0 1 1 0 0 0 1 1 0 0 0 0
350	51	1 0 1 1 0 1 1 0 0 0 0 0 0 0 0 0
350	33	1 1 1 1 0 0 0 0 0 0 1 0 0 0 0 0
350	56	1 1 1 1 0 0 0 0 0 0 1 1 0 0 0 0
350	8	1 0 1 1 0 1 1 0 1 0 1 0 0 0 0 0
350	12	1 1 0 1 0 1 0 0 0 0 0 1 1 0 0 0
350	15	1 0 1 1 0 1 0 0 0 0 1 0 0 0 0 0
350	6	1 1 1 0 0 1 0 0 0 0 0 1 0 0 0 0
350	49	1 1 1 1 0 1 0 1 0 0 1 1 0 0 0 0
350	11	1 1 1 0 0 1 0 0 0 0 0 1 0 1 0 0
350	22	1 1 1 1 0 1 0 0 0 0 1 0 0 0 0 0
350	31	1 1 1 1 0 1 1 0 0 0 1 1 0 0 0 0
350	5	1 0 1 1 0 1 0 0 0 0 1 0 0 0 0 1
350	14	1 0 1 1 0 1 0 0 0 0 1 1 0 0 0 0
350	11	0 1 0 1 0 1 0 0 0 0 0 0 0 0 0 0
350	20	1 1 1 1 0 0 0 0 0 0 1 1 0 0 1 0
350	4	1 0 1 1 0 1 1 0 0 1 0 0 0 0 0 0
350	11	1 1 0 1 0 1 0 0 0 0 1 0 1 0 0 0
350	24	1 0 1 1 0 1 1 0 1 0 0 0 0 0 0 0
350	5	1 0 1 1 0 1 1 0 0 0 1 0 1 0 0 0
350	7	1 0 0 1 0 1 1 0 0 0 1 0 0 0 0 1
350	13	1 1 0 1 0 0 0 0 0 0 1 1 0 0 0 0
350	4	1 1 0 1 0 0 0 0 0 0 1 0 1 0 0 0
350	16	1 1 0 1 0 1 1 0 0 0 0 1 0 0 0 0
350	9	1 0 1 0 0 0 1 0 0 0 0 0 0 0 0 0
350	6	1 1 1 1 0 1 1 0 0 0 1 0 0 0 0 0
350	5	1 1 1 1 0 0 0 0 0 0 1 0 1 0 0 0
350	25	0 0 1 1 0 1 1 0 0 0 1 0 0 0 0 0
350	4	1 1 1 1 0 1 0 0 1 0 1 0 0 0 0 0
350	4	1 1 1 1 0 0 0 0 0 0 1 1 0 0 1 1
350	2	1 0 0 1 0 1 0 0 0 0 1 1 0 0 0 0
350	1	1 1 1 1 0 0 0 0 0 0 1 0 0 0 0 1
350	4	1 1 1 1 0 1 0 1 0 0 1 1 0 0 0 1
350	28	1 0 1 1 0 0 0 0 0 0 1 0 0 0 0 0
350	15	1 1 1 1 0 1 0 0 0 0 0 1 0 0 0 0
350	1	0 0 1 0 0 1 1 0 0 0 0 0 1 0 0 0
350	8	1 0 1 1 0 1 1 1 0 0 1 1 0 0 0 0
350	1	1 0 1 1 0 1 1 0 0 0 1 0 0 0 0 1
350	2	1 1 1 1 0 1 0 1 0 0 1 1 0 1 0 0
350	2	1 0 1 1 0 1 1 0 1 1 0 0 0 0 0 0
350	4	1 1 1 0 0 1 0 0 1 0 0 0 0 0 0 0
350	16	1 1 0 1 0 0 0 0 0 0 0 1 0 0 0 0
350	7	1 0 1 1 0 1 0 0 0 0 1 1 0 0 0 1
350	2	1 1 0 1 0 1 0 0 0 0 0 0 0 0 0 0
350	10	1 1 0 1 0 1 1 0 0 0 0 0 0 0 1 0
350	7	1 1 1 1 0 1 0 1 0 1 1 1 0 0 0 0
350	3	1 1 1 1 0 0 0 0 0 0 1 0 1 0 1 0
350	12	0 1 0 1 0 1 0 1 0 0 1 1 0 0 0 0
350	7	1 1 1 1 0 1 0 0 0 0 0 1 0 1 0 0
350	7	1 1 0 1 0 1 0 0 0 0 0 1 0 0 0 0
350	3	1 0 1 1 0 1 1 0 1 0 1 1 0 0 0 0
350	3	1 0 1 1 0 1 0 1 0 0 1 1 0 0 0 0
350	1	0 1 1 1 0 0 0 0 0 0 1 1 0 0 1 0
350	2	1 1 0 1 1 1 0 0 0 0 1 1 0 0 0 0
350	2	0 0 1 1 0 1 1 0 0 0 0 0 0 0 0 0
350	1	1 1 0 1 0 0 0 0 1 1 0 0 0 0 0 0
350	5	1 0 0 1 0 1 1 0 0 0 1 0 0 0 0 0
350	1	1 0 1 1 0 1 1 0 0 1 1 1 0 0 0 0
350	3	1 1 1 1 0 0 0 0 0 1 1 1 0 0 1 0
350	1	1 1 1 1 0 1 1 0 0 0 1 0 1 0 0 0
350	8	1 0 0 0 0 1 1 0 0 0 1 0 0 0 0 1
350	2	1 1 1 0 0 0 0 0 0 0 1 0 0 0 0 0
350	3	1 1 1 0 0 1 0 0 0 0 1 0 0 0 0 0
350	2	1 0 0 1 0 1 0 0 0 0 0 0 0 0 0 0
350	2	1 0 1 1 0 0 0 0 0 0 1 1 0 0 1 1
350	4	1 0 1 1 0 0 0 0 0 0 1 1 0 0 0 0
350	6	1 1 1 0 0 1 1 0 1 0 0 0 0 0 0 0
350	1	1 0 1 1 0 1 1 0 0 1 1 0 0 0 0 0
350	2	1 1 0 1 0 1 1 0 0 1 0 0 0 0 0 0
350	1	1 1 0 1 0 1 1 0 1 0 0 0 0 0 0 0
350	1	1 1 1 1 0 1 1 1 0 0 1 1 0 0 0 0
350	1	1 1 1 1 0 0 0 0 0 0 0 1 0 0 1 0
350	1	0 0 1 1 0 1 0 0 0 0 1 0 0 0 0 0
350	3	0 0 1 1 0 1 1 0 0 0 1 1 0 0 0 0
350	1	1 1 1 1 0 1 0 1 0 1 1 1 0 0 1 0
350	1	1 1 0 1 0 1 0 1 0 0 1 1 0 0 0 0
350	1	1 0 0 1 0 1 1 0 0 0 0 0 0 0 0 0
350	1	0 1 1 1 0 1 0 0 0 0 1 0 0 0 0 0
350	1	1 1 1 1 0 1 1 0 0 1 1 1 0 0 0 0
350	1	1 0 1 1 0 1 0 0 0 0 1 0 0 0 1 1
350	2	1 1 1 1 0 1 1 0 0 1 0 0 0 0 0 0
350	1	1 0 1 0 0 1 1 0 1 0 0 0 0 0 0 0
350	1	1 0 0 1 0 1 0 0 0 1 0 0 0 0 0 0
400	23	1 1 0 1 0 1 0 0 0 0 1 0 0 0 0 0
400	56	1 1 1 1 0 1 0 0 0 0 1 1 0 0 0 0
400	25	1 1 0 1 0 1 1 0 0 0 0 0 0 0 0 0
400	5	1 0 1 1 0 1 1 0 0 0 1 1 0 0 0 0
400	15	1 0 1 1 0 1 1 0 0 0 0 0 0 0 0 0
400	43	1 1 1 1 0 0 0 0 0 0 1 1 0 0 0 0
400	18	1 1 1 1 0 1 0 1 0 0 1 1 0 0 0 0
400	9	1 1 1 1 0 1 0 0 0 0 1 0 0 0 0 0
400	15	1 1 1 1 0 1 1 0 0 0 1 1 0 0 0 0
400	32	1 0 1 1 0 1 0 0 0 0 1 1 0 0 0 0
400	11	1 0 1 1 0 1 1 0 0 1 0 0 0 0 0 0
400	34	1 1 0 1 0 0 0 0 0 0 1 1 0 0 0 0
400	9	1 0 1 0 0 0 1 0 0 0 0 0 0 0 0 0
400	24	1 1 1 1 0 0 0 0 0 0 1 0 1 0 0 0
400	4	1 1 1 1 0 1 0 0 1 0 1 0 0 0 0 0
400	3	1 1 1 1 0 0 0 0 0 0 1 1 0 0 1 1
400	13	1 0 1 1 0 0 0 0 0 0 1 0 0 0 0 0
400	35	1 1 1 1 0 1 0 1 0 1 1 1 0 0 0 0
400	14	0 1 0 1 0 1 0 1 0 0 1 1 0 0 0 0
400	20	1 0 1 1 0 1 1 0 1 0 1 1 0 0 0 0
400	33	1 1 0 1 1 1 0 0 0 0 1 1 0 0 0 0
400	3	1 0 1 1 0 0 0 0 0 0 1 1 0 0 0 0
400	17	0 0 1 1 0 1 1 0 0 0 1 1 0 0 0 0
400	8	1 1 1 1 0 1 0 0 0 0 1 0 1 0 0 0
400	2	1 1 1 0 0 0 0 0 0 0 1 1 0 0 0 0
400	16	1 1 1 1 0 1 1 1 0 0 1 1 0 0 0 0
400	6	1 1 1 1 0 1 0 1 0 0 1 0 0 0 0 0
400	24	1 1 1 1 0 1 1 0 0 0 1 1 0 1 0 0
400	4	1 1 1 1 0 1 0 0 0 0 0 1 0 0 0 1
400	15	1 1 1 1 0 0 0 0 1 0 1 1 0 0 0 0
400	38	0 1 0 1 0 1 0 1 0 1 1 1 0 0 0 0
400	7	0 1 0 1 0 1 0 1 0 0 1 1 1 0 0 0
400	7	1 1 0 1 0 0 1 0 0 0 1 1 0 0 0 0
400	3	0 0 1 1 0 1 1 0 0 0 1 0 0 0 0 1
400	10	1 0 1 1 0 1 1 0 0 0 0 1 0 0 0 0
400	18	1 1 1 1 0 0 0 0 0 1 1 1 0 0 0 0
400	1	1 1 1 1 0 1 0 0 1 1 1 0 0 0 0 0
400	8	1 1 0 1 0 1 1 0 0 0 0 1 0 0 0 1
400	20	1 1 1 0 0 1 0 1 0 0 1 1 0 0 0 0
400	25	1 1 1 1 0 0 0 0 0 0 0 1 0 0 0 0
400	5	1 1 0 1 0 1 1 0 1 0 1 1 0 0 0 0
400	22	1 1 1 0 0 0 0 0 0 0 1 0 1 0 0 0
400	6	1 1 1 1 0 0 0 0 1 0 1 0 0 0 0 0
400	11	1 1 1 0 0 0 0 0 1 0 1 1 0 0 0 0
400	14	0 1 0 1 0 1 1 1 0 1 1 1 0 0 0 0
400	1	1 1 0 1 0 1 0 0 0 0 0 0 1 0 1 0
400	17	1 0 1 1 0 1 0 0 0 0 1 1 0 1 0 0
400	4	1 0 1 1 0 0 1 0 0 0 0 1 0 0 0 0
400	17	1 1 0 1 0 1 1 0 0 0 0 1 0 0 0 0
400	7	1 1 1 1 0 0 0 0 0 0 1 0 0 0 0 0
400	12	1 1 0 1 0 0 0 0 0 1 0 0 0 0 0 0
400	7	1 0 1 1 0 1 1 0 0 0 1 1 0 1 0 0
400	7	0 1 0 1 0 1 0 1 0 1 1 0 0 0 0 0
400	6	1 1 0 1 0 1 1 0 1 0 0 0 0 0 0 0
400	6	1 1 1 1 0 1 0 0 0 0 0 1 0 0 0 0
400	5	1 1 1 1 1 1 1 0 1 0 0 1 1 0 0 0
400	7	1 1 1 0 0 0 0 0 0 0 1 0 0 0 0 0
400	3	1 1 1 1 0 0 0 1 0 1 1 1 0 0 0 0
400	1	1 1 1 1 0 0 0 0 0 0 1 1 0 0 1 0
400	9	1 1 1 1 0 1 0 1 1 0 1 0 0 0 0 0
400	8	1 0 1 1 1 1 1 0 1 0 1 1 0 0 0 0
400	1	1 0 1 1 0 1 0 0 0 0 1 1 1 0 0 0
400	4	1 1 0 1 1 1 0 0 0 0 1 0 0 0 0 0
400	4	0 0 1 1 0 0 0 0 0 1 1 0 0 0 0 0
400	3	1 0 1 1 1 1 1 0 0 0 0 0 0 0 0 0
400	10	1 1 1 1 0 1 1 0 1 0 1 1 0 0 0 0
400	4	1 1 0 0 0 1 0 0 0 0 1 1 0 0 0 0
400	4	1 1 0 1 1 1 1 0 0 0 0 0 0 0 0 0
400	2	0 1 1 1 0 1 1 0 0 0 1 1 0 0 0 0
400	6	1 0 0 1 0 1 0 1 0 1 1 1 0 0 0 0
400	3	1 0 1 1 0 1 1 0 1 0 0 0 0 0 0 0
400	1	0 1 0 1 0 0 0 0 0 0 1 1 0 0 0 0
400	3	1 0 1 1 1 1 0 0 1 0 1 1 0 0 0 0
400	1	1 1 0 1 0 0 0 0 0 0 1 0 0 0 0 0
400	3	1 0 1 1 1 1 1 0 0 0 1 1 0 0 0 0
400	9	1 0 1 1 0 1 1 0 1 0 1 0 0 0 0 0
400	1	0 0 1 1 0 1 1 0 1 0 1 1 0 0 0 0
400	6	1 1 1 1 0 1 1 0 0 0 0 1 0 0 0 0
400	2	1 1 0 1 0 1 0 0 0 1 0 0 0 0 0 0
400	5	1 1 0 0 0 1 0 0 0 0 1 0 0 0 0 0
400	3	1 1 1 0 0 1 0 1 0 0 1 1 0 1 0 0
400	4	1 1 0 1 0 1 0 0 1 0 1 1 0 0 0 0
400	4	1 1 0 1 0 1 1 0 0 1 0 0 0 0 0 0
400	2	1 0 0 1 0 1 1 1 0 1 1 1 0 0 0 0
400	5	1 1 1 1 0 1 0 1 0 1 1 1 0 0 0 1
400	5	1 1 1 1 0 1 1 1 0 0 1 0 0 0 0 0
400	2	1 1 0 1 0 1 1 0 1 0 1 1 0 0 1 0
400	7	1 1 1 1 0 0 0 0 1 0 0 1 1 0 0 0
400	2	1 0 1 1 0 1 0 0 0 0 0 0 0 0 0 0
400	1	1 1 0 1 0 0 1 0 1 0 1 1 0 0 0 0
400	4	0 0 1 1 0 1 1 1 1 0 1 1 0 0 0 0
400	2	1 1 1 1 0 0 0 0 0 0 1 1 0 1 0 0
400	1	1 1 0 1 0 0 1 0 0 0 0 1 0 0 0 0
400	3	1 1 0 1 1 1 0 0 0 0 1 1 0 1 0 0
400	4	0 0 1 1 0 1 1 0 0 1 1 1 0 0 0 0
400	2	1 1 1 1 0 1 0 0 0 0 1 1 0 1 0 0
400	3	1 1 0 1 0 1 1 0 0 0 1 1 0 1 0 0
400	3	1 1 0 0 0 0 1 0 0 0 1 1 0 0 0 0
400	2	1 1 1 1 0 0 1 0 0 1 1 1 0 0 0 0
400	1	1 0 1 1 0 0 0 0 0 0 0 1 0 0 0 0
400	2	1 1 0 1 0 0 0 0 0 0 0 1 0 0 0 0
400	2	1 0 1 1 0 1 0 1 1 0 1 0 0 0 0 0
400	1	1 1 0 1 0 0 1 0 0 0 0 0 0 0 0 0
400	1	1 1 0 1 0 1 1 0 0 0 1 1 0 0 0 0
400	1	1 1 1 1 0 1 0 0 0 1 1 1 0 0 0 0
400	2	1 0 1 1 0 1 1 0 1 0 1 1 0 1 0 0
400	1	1 0 0 1 1 1 0 0 0 0 1 1 0 0 0 0
400	1	1 1 1 1 0 1 1 0 0 0 1 1 0 1 1 0
400	1	1 1 0 1 0 1 0 1 0 1 1 1 0 0 0 0
400	3	0 0 1 1 0 1 0 0 0 0 1 1 0 1 0 0
400	1	1 0 0 0 0 1 0 0 0 0 1 1 0 0 0 0
400	2	0 1 0 1 0 0 0 0 0 0 1 1 0 1 0 0
400	2	1 0 1 1 0 1 0 0 0 0 0 0 0 1 0 0
