0	250	0 0 0 0 1 0 1 1 1 0 0 0 0 0 0 0
0	250	0 0 0 0 0 1 0 0 0 0 0 1 0 0 0 1
0	250	0 0 0 0 0 0 0 0 1 0 0 1 1 1 0 0
0	250	0 0 0 1 0 1 0 0 0 0 0 1 0 1 0 1
20	91	0 0 0 0 1 0 1 1 1 0 0 0 0 0 0 0
20	166	0 0 0 0 0 1 0 0 0 0 0 1 0 0 0 1
20	131	0 0 0 0 0 0 0 0 1 0 0 1 1 1 0 0
20	128	0 0 0 1 0 1 0 0 0 0 0 1 0 1 0 1
20	14	0 0 0 0 0 1 0 0 0 0 0 1 0 1 0 1
20	2	0 0 0 0 0 0 0 0 0 0 0 1 1 1 0 0
20	3	0 0 0 1 0 1 1 0 0 0 0 1 0 1 0 1
20	19	0 0 0 0 1 0 1 0 0 0 0 1 0 0 0 1
20	26	0 0 0 1 0 1 0 0 0 0 0 1 0 0 0 1
20	7	0 0 1 0 0 0 0 0 1 0 0 1 1 1 0 1
20	40	0 0 0 0 0 0 0 0 1 0 0 1 0 0 0 1
20	28	0 1 0 1 0 1 0 0 0 0 0 1 0 1 0 1
20	3	0 0 1 0 0 1 0 0 0 0 0 1 0 0 0 1
20	5	0 0 0 0 0 1 0 0 0 0 0 1 1 1 0 0
20	68	0 0 0 1 0 1 0 0 0 0 0 1 0 1 0 0
20	18	0 0 0 0 1 0 1 1 1 0 0 0 0 0 0 1
20	10	1 0 0 0 0 1 0 0 0 0 0 1 0 0 0 1
20	10	0 0 0 0 1 0 1 1 1 0 0 1 0 0 0 1
20	6	0 0 0 0 0 1 0 0 0 0 0 0 0 0 0 0
20	27	0 0 0 0 0 1 0 0 0 0 0 1 0 0 0 0
20	10	0 0 0 0 0 1 0 0 1 0 0 1 0 0 0 1
20	3	0 0 0 0 0 0 0 0 1 0 0 1 0 1 0 0
20	7	0 0 1 0 0 0 0 0 1 0 0 1 1 0 0 1
20	8	0 0 0 0 0 1 0 0 0 0 1 1 0 0 0 1
20	5	0 0 0 0 1 0 0 0 1 0 0 1 1 1 0 0
20	7	0 0 0 0 0 0 0 0 1 0 0 1 1 0 0 1
20	13	0 0 1 0 0 0 0 0 1 0 0 1 1 1 0 0
20	11	0 0 0 0 0 1 0 0 0 0 0 1 0 1 0 0
20	5	0 1 1 0 0 0 0 0 1 0 0 1 0 0 0 1
20	10	0 0 0 0 0 1 1 1 1 0 0 0 0 0 0 0
20	6	0 0 0 1 0 1 0 0 0 0 1 1 0 1 0 0
20	1	0 0 1 1 0 1 0 0 0 0 0 1 0 1 0 0
20	5	0 0 0 1 0 1 0 0 1 0 0 1 1 1 0 1
20	15	1 0 0 1 0 1 0 0 0 0 0 1 0 1 0 1
20	11	0 0 0 0 1 1 0 0 0 0 0 1 0 0 0 1
20	12	0 1 0 0 0 0 0 0 1 0 0 1 1 1 0 0
20	1	0 0 0 0 1 0 1 1 1 0 1 1 0 0 0 1
20	4	0 1 0 1 0 1 0 0 0 0 0 1 0 1 0 0
20	1	0 1 0 0 0 1 0 0 0 0 0 1 0 0 0 1
20	5	0 0 0 1 0 1 0 0 0 1 0 1 0 0 0 1
20	2	0 1 1 1 0 1 0 0 0 0 0 1 0 1 0 1
20	3	0 0 0 0 0 0 0 0 0 0 0 1 0 1 0 1
20	5	0 0 0 0 0 1 1 0 0 0 0 1 0 0 0 1
20	3	0 0 0 1 0 0 0 0 0 0 0 1 0 1 0 1
20	2	1 0 1 0 0 0 0 0 1 0 0 1 1 1 0 1
20	3	0 0 0 1 0 1 0 0 0 0 0 1 0 0 0 0
20	3	0 0 0 0 1 0 1 1 1 0 0 1 1 1 0 0
20	3	0 0 0 0 1 0 1 1 1 0 0 1 0 1 0 1
20	2	0 0 0 1 0 1 0 0 0 0 0 0 0 0 0 1
20	1	0 0 0 1 0 1 0 0 0 0 0 1 1 1 0 0
20	4	0 0 0 0 1 0 0 0 1 0 0 1 0 0 0 1
20	4	1 0 0 1 0 1 1 0 0 0 0 1 0 1 0 1
20	1	0 1 0 0 0 1 0 0 1 0 0 1 0 0 0 1
20	6	0 0 0 1 1 1 0 0 0 0 0 1 0 1 0 1
20	3	0 0 0 0 1 0 0 0 0 0 0 1 0 0 0 1
20	3	0 0 1 0 0 0 1 0 1 0 0 1 1 0 0 1
20	1	0 0 0 0 1 0 1 0 0 0 0 1 1 1 0 0
20	1	0 0 0 0 0 0 0 0 1 0 0 1 0 1 0 1
20	1	0 0 0 1 1 1 0 0 0 0 0 1 0 0 0 1
20	1	0 0 0 1 1 1 0 0 0 0 0 0 0 0 0 0
20	1	0 1 0 0 1 0 1 1 1 0 0 0 0 0 0 0
20	1	0 0 0 0 0 1 0 0 1 0 0 1 1 1 0 0
20	1	0 0 0 0 0 0 0 0 1 1 0 1 1 1 0 0
20	1	1 0 0 1 0 1 0 0 0 0 0 1 0 1 0 0
20	1	0 0 0 0 1 0 0 1 1 0 0 1 0 0 0 1
20	1	0 0 0 0 0 0 0 0 1 1 0 1 1 0 0 1
40	26	0 0 0 0 1 0 1 1 1 0 0 0 0 0 0 0
40	129	0 0 0 0 0 1 0 0 0 0 0 1 0 0 0 1
40	113	0 0 0 0 0 0 0 0 1 0 0 1 1 1 0 0
40	86	0 0 0 1 0 1 0 0 0 0 0 1 0 1 0 1
40	18	0 0 0 0 0 1 0 0 0 0 0 1 0 1 0 1
40	13	0 0 0 0 1 0 1 0 0 0 0 1 0 0 0 1
40	8	0 0 0 1 0 1 0 0 0 0 0 1 0 0 0 1
40	18	0 0 1 0 0 0 0 0 1 0 0 1 1 1 0 1
40	4	0 0 0 0 0 0 0 0 1 0 0 1 0 0 0 1
40	26	0 1 0 1 0 1 0 0 0 0 0 1 0 1 0 1
40	63	0 0 0 1 0 1 0 0 0 0 0 1 0 1 0 0
40	9	0 0 0 0 1 0 1 1 1 0 0 1 0 0 0 1
40	42	0 0 0 0 0 1 0 0 0 0 0 1 0 0 0 0
40	21	0 0 0 0 0 1 0 0 1 0 0 1 0 0 0 1
40	8	0 0 0 0 0 0 0 0 1 0 0 1 0 1 0 0
40	9	0 0 0 0 1 0 0 0 1 0 0 1 1 1 0 0
40	22	0 0 0 0 0 1 0 0 0 0 0 1 0 1 0 0
40	59	0 0 0 0 1 1 0 0 0 0 0 1 0 0 0 1
40	2	0 1 0 0 0 0 0 0 1 0 0 1 1 1 0 0
40	23	0 1 0 1 0 1 0 0 0 0 0 1 0 1 0 0
40	24	0 0 0 1 0 1 0 0 0 0 0 1 0 0 0 0
40	11	0 0 0 0 1 0 1 1 1 0 0 1 0 1 0 1
40	15	1 0 0 1 0 1 1 0 0 0 0 1 0 1 0 1
40	44	0 0 0 1 1 1 0 0 0 0 0 1 0 1 0 1
40	7	0 0 0 0 0 0 0 0 1 0 0 1 0 1 0 1
40	8	0 0 0 1 1 1 0 0 0 0 0 1 0 0 0 1
40	4	0 0 0 0 0 1 0 0 1 0 0 1 1 1 0 0
40	10	0 0 0 0 0 0 0 0 1 1 0 1 1 1 0 0
40	4	0 0 0 0 0 1 0 1 0 0 0 1 0 0 0 1
40	6	0 0 0 0 1 0 1 0 0 1 0 1 0 0 0 1
40	3	0 1 1 0 0 1 0 0 0 0 0 1 0 0 0 1
40	3	0 0 0 0 1 0 1 0 0 1 0 1 0 0 1 1
40	2	0 0 0 0 0 0 0 0 1 1 0 1 1 1 0 1
40	11	0 1 0 0 0 1 0 0 0 0 0 1 0 0 0 1
40	5	0 0 0 0 1 1 0 0 0 0 0 1 0 0 0 0
40	8	0 1 0 1 0 1 0 0 0 0 0 1 1 0 0 1
40	1	1 0 0 1 0 1 1 0 0 0 0 1 0 0 0 1
40	10	0 0 0 1 0 1 0 0 0 1 0 1 0 0 0 1
40	6	0 1 0 0 0 1 0 0 0 0 0 1 0 1 0 0
40	1	0 0 0 0 1 0 0 0 1 0 0 1 1 1 0 1
40	8	1 0 0 0 0 1 0 1 0 0 0 1 0 0 0 1
40	10	0 0 0 1 0 1 0 0 1 0 0 1 1 1 0 0
40	7	0 0 0 1 0 1 0 0 1 0 0 1 0 1 0 1
40	3	0 0 0 1 1 1 0 0 0 0 0 1 0 0 0 0
40	4	0 0 0 1 1 1 0 0 0 0 0 1 0 0 1 1
40	4	0 0 0 1 1 0 1 1 1 0 0 0 0 0 0 0
40	2	0 0 0 0 0 0 0 0 1 0 1 1 1 1 0 0
40	10	0 0 0 1 0 1 0 0 0 0 0 0 0 1 0 1
40	6	1 0 0 1 0 1 0 0 0 0 0 1 0 1 0 0
40	3	0 0 0 0 1 0 1 1 1 0 0 0 0 1 0 0
40	2	0 0 0 0 0 1 0 0 0 0 0 1 0 1 1 1
40	2	0 0 0 0 0 0 0 0 1 0 0 1 1 1 0 1
40	1	0 0 0 1 0 1 1 0 0 0 0 1 0 0 0 1
40	3	0 1 0 1 0 1 1 0 0 0 0 1 0 1 0 1
40	4	0 0 0 1 0 1 0 0 0 0 0 1 0 1 1 0
40	3	0 0 1 0 0 0 0 0 1 1 0 1 1 1 0 0
40	6	0 0 0 1 1 1 0 0 0 0 0 0 0 1 0 1
40	1	0 0 0 1 0 0 0 0 1 1 0 1 1 1 0 0
40	1	0 1 0 1 0 1 0 0 0 0 0 1 0 0 0 0
40	3	0 0 0 0 0 1 0 1 0 0 0 1 0 0 0 0
40	4	1 0 0 0 0 1 0 1 0 0 1 1 1 1 0 0
40	6	0 0 0 1 0 0 0 0 1 0 0 1 1 1 0 0
40	1	0 0 0 1 0 1 0 0 0 0 0 1 1 0 0 1
40	1	0 0 0 0 0 1 0 0 0 0 0 0 0 0 0 1
40	2	0 0 0 0 0 0 0 0 0 0 0 1 0 0 0 1
40	1	0 1 0 1 0 1 0 0 0 0 0 0 1 0 0 1
40	1	1 0 0 1 0 1 0 0 0 0 0 1 0 1 0 1
40	1	0 0 0 1 0 1 0 0 0 0 0 1 1 1 0 0
40	3	1 0 0 0 0 1 0 1 0 0 0 1 0 0 0 0
40	3	0 0 0 0 0 0 0 1 1 0 0 1 0 0 0 1
40	1	1 0 0 0 1 1 0 0 0 0 0 1 0 0 0 0
40	1	0 0 0 1 1 1 0 0 0 0 0 0 0 0 0 0
40	2	0 0 0 0 1 0 1 1 1 0 0 1 0 1 0 0
40	2	0 0 0 0 0 0 0 0 0 0 0 1 1 1 0 1
40	1	0 0 0 1 0 1 1 0 0 0 0 1 0 1 0 0
40	1	0 0 0 0 0 1 0 0 1 0 0 1 0 0 1 1
40	1	0 0 0 0 1 1 0 0 0 0 0 1 0 1 0 1
40	1	1 1 0 1 0 1 1 0 0 0 0 1 0 1 0 1
40	1	0 0 0 0 0 1 0 0 0 0 1 1 0 1 1 1
40	1	0 1 0 1 0 1 0 0 0 0 0 0 1 1 0 1
60	12	0 0 0 0 1 0 1 1 1 0 0 0 0 0 0 0
60	49	0 0 0 0 0 1 0 0 0 0 0 1 0 0 0 1
60	74	0 0 0 0 0 0 0 0 1 0 0 1 1 1 0 0
60	35	0 0 0 1 0 1 0 0 0 0 0 1 0 1 0 1
60	10	0 0 0 0 0 1 0 0 0 0 0 1 0 1 0 1
60	6	0 0 0 0 1 0 1 0 0 0 0 1 0 0 0 1
60	9	0 0 0 1 0 1 0 0 0 0 0 1 0 0 0 1
60	34	0 1 0 1 0 1 0 0 0 0 0 1 0 1 0 1
60	121	0 0 0 1 0 1 0 0 0 0 0 1 0 1 0 0
60	51	0 0 0 0 0 1 0 0 0 0 0 1 0 0 0 0
60	1	0 0 0 0 0 1 0 0 1 0 0 1 0 0 0 1
60	13	0 0 0 0 0 0 0 0 1 0 0 1 0 1 0 0
60	29	0 0 0 0 0 1 0 0 0 0 0 1 0 1 0 0
60	64	0 0 0 0 1 1 0 0 0 0 0 1 0 0 0 1
60	20	0 1 0 1 0 1 0 0 0 0 0 1 0 1 0 0
60	17	0 0 0 1 0 1 0 0 0 0 0 1 0 0 0 0
60	64	1 0 0 1 0 1 1 0 0 0 0 1 0 1 0 1
60	45	0 0 0 1 1 1 0 0 0 0 0 1 0 1 0 1
60	12	0 0 0 1 1 1 0 0 0 0 0 1 0 0 0 1
60	7	0 0 0 0 1 0 1 0 0 1 0 1 0 0 0 1
60	6	0 0 0 0 1 1 0 0 0 0 0 1 0 0 0 0
60	11	0 0 0 1 0 1 0 0 1 0 0 1 0 1 0 1
60	22	1 0 0 1 0 1 0 0 0 0 0 1 0 1 0 0
60	6	0 1 0 1 0 1 1 0 0 0 0 1 0 1 0 1
60	11	0 0 0 0 0 1 0 1 0 0 0 1 0 0 0 0
60	13	0 0 0 0 0 0 0 0 0 0 0 1 0 0 0 1
60	13	0 0 0 0 0 0 0 1 1 0 0 1 0 0 0 1
60	28	0 0 0 1 0 1 1 0 0 0 0 1 0 1 0 0
60	12	0 1 0 0 0 1 0 0 0 0 0 1 0 1 0 1
60	1	0 0 1 0 0 0 0 0 1 0 0 1 1 1 0 0
60	1	0 1 0 1 1 1 0 0 0 0 0 1 0 1 0 0
60	19	0 1 0 0 1 0 1 0 0 0 0 1 0 0 0 1
60	16	0 0 1 0 0 1 0 0 0 0 0 1 0 0 0 0
60	5	0 0 0 1 0 1 1 0 0 0 0 1 0 1 0 1
60	1	0 0 0 1 0 0 0 0 0 0 0 1 0 0 0 1
60	5	0 0 0 0 1 1 0 0 0 0 0 1 1 0 0 1
60	8	0 0 0 1 1 1 0 0 0 0 0 1 0 0 1 1
60	1	0 0 0 1 0 1 0 0 0 0 0 1 1 1 0 0
60	1	0 0 0 0 0 1 0 0 0 0 0 1 0 0 1 1
60	2	0 0 0 1 1 1 0 0 0 0 0 1 1 0 0 1
60	11	0 1 0 1 1 1 0 0 0 0 0 1 0 1 0 1
60	2	0 0 0 0 1 1 0 0 0 0 0 1 0 1 0 1
60	2	0 0 0 0 0 1 0 0 0 0 0 1 1 0 0 1
60	2	0 0 0 1 0 0 0 0 1 0 1 1 1 1 0 0
60	1	0 0 0 0 1 1 0 0 1 0 0 1 1 1 0 0
60	3	0 1 0 0 0 1 0 0 0 0 0 1 0 0 0 1
60	15	0 0 0 0 0 0 0 0 1 0 1 1 1 1 0 0
60	10	0 0 0 0 0 0 0 1 1 0 0 1 0 1 0 0
60	4	0 0 0 0 0 1 1 0 0 0 0 1 0 0 0 1
60	4	0 0 0 1 0 0 0 0 0 0 0 1 0 1 0 1
60	1	1 0 0 1 0 1 0 0 0 0 0 1 0 1 0 1
60	6	1 0 0 0 0 1 0 0 0 0 0 1 1 0 0 1
60	2	0 0 0 1 0 0 0 0 0 0 1 1 0 0 0 1
60	3	0 0 0 1 0 0 0 0 1 0 0 1 0 1 0 0
60	1	0 0 0 1 0 1 1 0 0 0 0 1 1 1 0 0
60	4	0 0 1 0 0 0 0 0 1 0 1 1 1 1 0 0
60	3	0 1 0 1 0 1 0 0 0 0 0 1 0 0 0 0
60	11	0 0 1 1 0 1 0 0 0 0 0 1 0 1 0 1
60	3	0 0 0 0 0 0 0 0 1 0 0 1 0 1 1 0
60	3	1 0 1 1 0 1 1 0 0 0 0 1 0 1 0 1
60	3	0 0 0 1 1 1 0 0 0 0 0 1 0 0 0 0
60	5	0 0 0 0 1 1 0 0 0 0 0 1 0 0 1 0
60	1	1 1 0 0 0 1 0 1 0 0 0 0 0 0 0 1
60	3	0 0 0 1 0 0 0 0 1 0 0 1 0 0 0 1
60	2	0 0 0 0 1 0 0 0 1 0 0 1 1 1 0 0
60	6	0 0 0 0 0 1 0 1 0 0 0 1 0 0 1 0
60	2	0 0 0 0 1 1 0 0 0 0 0 1 0 1 0 0
60	1	0 0 0 1 0 1 1 0 0 0 0 1 0 0 0 1
60	3	0 0 0 0 1 0 0 0 0 0 0 1 0 0 0 1
60	1	0 1 0 1 0 1 0 0 0 0 1 1 0 1 0 1
60	2	0 0 0 0 1 1 0 0 1 0 0 1 1 0 0 0
60	1	0 0 0 0 0 0 1 0 0 0 0 1 0 1 0 1
60	2	0 0 0 0 1 1 1 0 0 0 0 1 0 1 0 0
60	1	1 0 0 1 0 0 1 0 0 1 0 1 0 0 0 1
60	1	1 0 0 1 0 1 1 0 0 0 0 1 0 0 0 1
60	3	0 0 0 1 1 1 0 0 1 0 0 0 0 0 0 0
60	1	0 0 0 1 0 1 0 1 0 0 0 1 0 1 0 1
60	1	0 0 0 1 0 1 0 1 0 0 0 1 0 1 0 0
60	1	0 1 0 1 0 1 0 0 0 0 0 1 1 1 0 0
60	1	0 1 0 1 0 0 0 0 0 0 0 1 0 1 0 0
60	3	0 0 0 1 1 1 0 0 0 0 0 1 0 1 1 1
60	1	1 0 0 1 0 1 0 0 0 0 0 0 0 1 0 0
60	2	0 1 0 0 0 1 1 0 0 0 0 1 0 1 0 1
60	1	0 0 0 1 0 1 1 0 1 0 0 1 0 1 0 0
60	1	0 0 0 1 1 1 0 0 0 0 1 1 0 0 1 1
60	1	0 1 0 1 1 1 0 0 0 0 0 1 1 1 0 1
60	2	0 0 0 1 0 0 0 1 0 0 0 1 0 1 0 1
60	2	0 0 1 1 0 1 0 0 0 0 1 1 0 1 0 1
80	5	0 0 0 0 0 1 0 0 0 0 0 1 0 0 0 1
80	43	0 0 0 0 0 0 0 0 1 0 0 1 1 1 0 0
80	18	0 0 0 1 0 1 0 0 0 0 0 1 0 1 0 1
80	2	0 0 0 0 1 0 1 0 0 0 0 1 0 0 0 1
80	12	0 0 0 1 0 1 0 0 0 0 0 1 0 0 0 1
80	10	0 1 0 1 0 1 0 0 0 0 0 1 0 1 0 1
80	62	0 0 0 1 0 1 0 0 0 0 0 1 0 1 0 0
80	23	0 0 0 0 0 1 0 0 0 0 0 1 0 0 0 0
80	24	0 0 0 0 0 0 0 0 1 0 0 1 0 1 0 0
80	45	0 0 0 0 0 1 0 0 0 0 0 1 0 1 0 0
80	7	0 0 0 0 1 1 0 0 0 0 0 1 0 0 0 1
80	43	0 1 0 1 0 1 0 0 0 0 0 1 0 1 0 0
80	60	0 0 0 1 0 1 0 0 0 0 0 1 0 0 0 0
80	25	1 0 0 1 0 1 1 0 0 0 0 1 0 1 0 1
80	1	0 0 0 1 1 1 0 0 0 0 0 1 0 1 0 1
80	3	0 0 0 0 1 1 0 0 0 0 0 1 0 0 0 0
80	86	1 0 0 1 0 1 0 0 0 0 0 1 0 1 0 0
80	2	0 0 0 0 0 0 0 0 0 0 0 1 0 0 0 1
80	2	0 0 0 0 0 0 0 1 1 0 0 1 0 0 0 1
80	15	0 0 0 1 0 1 1 0 0 0 0 1 0 1 0 0
80	16	0 1 0 0 1 0 1 0 0 0 0 1 0 0 0 1
80	38	0 0 1 0 0 1 0 0 0 0 0 1 0 0 0 0
80	15	0 0 0 0 1 1 0 0 0 0 0 1 1 0 0 1
80	5	0 0 0 1 0 1 0 0 0 0 0 1 1 1 0 0
80	2	0 0 0 0 0 0 0 1 1 0 0 1 0 1 0 0
80	3	0 0 0 0 0 1 1 0 0 0 0 1 0 0 0 1
80	1	0 0 0 1 0 0 0 0 0 0 0 1 0 1 0 1
80	51	0 1 0 1 0 1 0 0 0 0 0 1 0 0 0 0
80	68	1 0 1 1 0 1 1 0 0 0 0 1 0 1 0 1
80	30	0 0 0 0 1 0 0 0 0 0 0 1 0 0 0 1
80	12	0 0 0 0 1 1 1 0 0 0 0 1 0 1 0 0
80	1	0 1 0 1 0 0 0 0 0 0 0 1 0 1 0 0
80	2	0 0 1 1 1 1 0 0 0 0 0 1 0 0 1 1
80	13	0 1 0 1 0 1 0 0 0 0 0 0 0 1 0 1
80	20	0 0 1 1 0 1 0 0 0 0 0 1 0 1 0 0
80	5	1 0 0 1 0 1 0 0 0 0 0 1 0 0 0 1
80	2	0 0 0 1 1 1 0 0 1 0 0 1 0 1 0 1
80	5	0 0 0 1 0 0 0 0 1 0 1 1 1 1 0 0
80	7	1 0 0 1 0 0 1 0 0 0 0 1 0 1 0 1
80	10	0 0 0 0 0 1 0 1 0 0 1 1 0 0 0 0
80	4	0 0 0 1 0 1 1 0 0 0 0 1 0 1 0 1
80	17	0 0 0 1 0 1 0 0 0 0 0 0 0 0 0 0
80	6	1 0 0 1 0 1 1 0 0 0 0 1 0 1 0 0
80	3	0 1 0 0 1 0 1 0 0 0 0 1 0 1 0 0
80	2	0 0 0 1 0 1 1 0 0 0 0 1 0 0 0 0
80	1	0 0 0 0 0 0 0 0 0 0 1 1 0 0 0 1
80	2	0 1 0 1 1 1 0 0 0 0 0 1 0 1 1 1
80	12	0 0 0 1 0 1 1 0 0 0 0 1 0 0 0 1
80	8	0 0 0 1 0 1 0 0 0 1 1 1 0 1 0 0
80	2	0 0 0 0 1 1 0 1 1 0 0 1 0 0 0 1
80	3	0 0 0 1 0 1 0 0 0 1 0 1 0 0 0 1
80	2	0 0 1 0 0 1 0 0 0 0 0 1 0 1 0 0
80	4	0 0 0 0 1 0 0 0 0 0 0 1 0 0 0 0
80	2	0 0 0 1 0 1 0 1 0 0 0 1 0 1 0 1
80	1	1 0 0 1 0 0 0 0 0 0 0 1 0 1 0 0
80	2	0 0 1 1 1 1 0 0 0 0 0 1 0 1 1 1
80	1	0 0 0 0 0 0 0 0 0 0 1 0 0 0 0 1
80	2	0 0 0 0 0 1 1 0 0 1 0 1 0 0 0 1
80	6	1 0 1 1 0 1 1 0 0 0 1 1 0 1 0 1
80	2	0 0 0 0 0 0 1 0 1 0 0 1 1 1 0 0
80	14	0 0 0 0 0 1 0 0 0 0 1 1 0 0 0 0
80	12	0 0 0 0 0 1 1 0 0 0 0 1 0 1 0 0
80	2	1 0 1 1 0 1 1 1 0 0 0 1 0 1 0 1
80	3	1 0 0 1 0 0 1 0 1 0 0 1 0 1 0 1
80	11	1 0 1 1 0 1 1 0 0 0 0 1 0 0 0 1
80	3	0 0 1 1 0 1 1 0 0 0 0 1 0 1 0 1
80	4	0 1 0 1 1 1 0 0 0 0 0 1 0 1 0 1
80	2	0 0 0 0 0 1 0 0 0 1 0 1 0 1 0 0
80	14	0 1 0 0 1 0 1 0 1 0 0 1 0 0 0 1
80	4	1 0 0 0 0 1 0 1 1 0 0 1 0 0 0 1
80	6	0 0 0 0 0 0 0 0 1 0 0 1 0 1 0 1
80	4	1 0 1 1 0 1 1 0 0 0 0 1 0 1 0 0
80	9	0 0 1 0 0 0 0 0 1 0 1 1 1 0 0 0
80	1	0 0 0 0 1 0 0 0 1 0 0 1 1 1 0 0
80	4	0 0 0 1 0 1 0 0 1 0 0 1 0 0 0 1
80	3	0 0 0 0 1 0 0 0 0 1 0 1 0 0 0 1
80	2	0 0 1 1 0 1 0 0 0 0 0 1 0 1 0 1
80	3	0 0 0 0 0 0 0 0 1 0 0 1 0 0 0 0
80	1	1 0 0 1 1 1 0 0 0 0 0 1 0 1 0 0
80	1	0 0 1 1 1 1 0 1 0 0 0 1 0 1 1 1
80	2	0 0 1 0 0 0 0 0 1 0 1 1 0 0 0 0
80	1	0 1 0 1 1 1 0 0 0 0 0 1 1 1 0 0
80	3	1 0 0 1 0 1 0 0 0 0 0 1 0 1 0 1
80	1	0 0 0 0 0 1 0 0 0 1 0 1 0 0 0 0
80	1	1 1 0 1 0 1 0 0 0 0 0 1 0 1 0 0
80	1	1 0 0 1 0 1 0 0 0 0 0 1 0 0 0 0
80	1	0 0 1 0 0 1 0 0 0 0 0 1 0 0 0 1
80	2	0 0 0 0 1 1 0 0 0 0 0 1 0 1 0 0
80	3	0 0 0 1 0 1 1 0 0 0 0 1 1 1 0 0
80	2	1 0 1 1 0 1 1 1 0 0 0 1 0 1 0 0
80	1	0 0 1 0 0 0 1 0 0 0 0 1 0 0 0 1
80	1	0 0 0 1 0 1 0 1 0 0 0 1 0 1 0 0
80	1	0 1 0 1 0 1 1 0 0 0 0 1 0 1 0 0
80	1	0 0 0 0 1 0 1 0 0 0 0 1 0 1 0 0
100	1	0 0 0 0 0 1 0 0 0 0 0 1 0 0 0 1
100	25	0 0 0 0 0 0 0 0 1 0 0 1 1 1 0 0
100	39	0 0 0 1 0 1 0 0 0 0 0 1 0 1 0 1
100	82	0 0 0 1 0 1 0 0 0 0 0 1 0 1 0 0
100	7	0 0 0 0 0 1 0 0 0 0 0 1 0 0 0 0
100	7	0 0 0 0 0 1 0 0 0 0 0 1 0 1 0 0
100	23	0 1 0 1 0 1 0 0 0 0 0 1 0 1 0 0
100	61	0 0 0 1 0 1 0 0 0 0 0 1 0 0 0 0
100	3	1 0 0 1 0 1 1 0 0 0 0 1 0 1 0 1
100	73	1 0 0 1 0 1 0 0 0 0 0 1 0 1 0 0
100	6	0 0 0 0 0 0 0 1 1 0 0 1 0 0 0 1
100	19	0 0 0 1 0 1 1 0 0 0 0 1 0 1 0 0
100	13	0 0 1 0 0 1 0 0 0 0 0 1 0 0 0 0
100	10	0 0 0 0 1 1 0 0 0 0 0 1 1 0 0 1
100	36	0 1 0 1 0 1 0 0 0 0 0 1 0 0 0 0
100	11	1 0 1 1 0 1 1 0 0 0 0 1 0 1 0 1
100	11	0 0 0 0 1 0 0 0 0 0 0 1 0 0 0 1
100	10	0 1 0 1 0 1 0 0 0 0 0 0 0 1 0 1
100	23	0 0 1 1 0 1 0 0 0 0 0 1 0 1 0 0
100	33	0 0 0 1 1 1 0 0 1 0 0 1 0 1 0 1
100	5	1 0 0 1 0 0 1 0 0 0 0 1 0 1 0 1
100	13	0 0 0 0 0 1 0 1 0 0 1 1 0 0 0 0
100	3	1 0 0 1 0 1 1 0 0 0 0 1 0 1 0 0
100	8	0 0 0 1 0 1 1 0 0 0 0 1 0 0 0 0
100	13	0 0 0 1 0 1 1 0 0 0 0 1 0 0 0 1
100	9	0 0 0 1 0 1 0 0 0 1 1 1 0 1 0 0
100	3	0 0 0 1 0 1 0 0 0 1 0 1 0 0 0 1
100	6	0 0 1 0 0 1 0 0 0 0 0 1 0 1 0 0
100	31	0 0 0 0 0 1 1 0 0 0 0 1 0 1 0 0
100	2	1 0 0 1 0 0 1 0 1 0 0 1 0 1 0 1
100	18	1 0 1 1 0 1 1 0 0 0 0 1 0 0 0 1
100	8	0 0 1 1 0 1 1 0 0 0 0 1 0 1 0 1
100	3	0 0 0 0 0 1 0 0 0 1 0 1 0 1 0 0
100	13	0 0 1 1 0 1 0 0 0 0 0 1 0 1 0 1
100	17	1 1 0 1 0 1 0 0 0 0 0 1 0 1 0 0
100	1	0 1 0 0 1 0 1 0 1 0 0 1 0 0 0 0
100	1	0 0 0 0 1 1 1 0 0 0 0 1 0 1 0 1
100	3	1 1 0 1 0 1 0 0 0 0 0 1 0 1 0 1
100	3	1 0 0 1 0 1 0 0 0 0 0 1 1 1 0 0
100	5	0 1 0 1 0 1 0 0 0 0 0 0 0 0 0 0
100	16	0 0 0 1 0 1 0 0 0 0 0 1 0 1 1 0
100	4	0 0 0 1 0 0 0 0 1 0 0 1 0 1 0 0
100	20	1 0 0 1 0 1 0 0 0 0 0 1 0 0 0 0
100	23	1 0 1 1 0 1 0 0 0 0 0 1 0 1 0 0
100	2	0 0 1 0 0 1 0 0 0 0 0 1 0 0 1 0
100	7	1 0 1 1 0 1 1 0 0 0 0 0 0 1 0 1
100	4	0 1 0 1 0 1 0 0 0 0 0 1 1 0 0 1
100	18	1 0 0 1 0 1 0 0 0 0 0 1 0 0 0 1
100	10	1 0 1 1 0 1 1 0 1 0 1 1 0 1 0 1
100	1	1 0 1 0 0 1 0 1 1 0 0 1 0 0 0 1
100	5	1 0 0 1 0 0 0 0 1 0 0 1 0 1 0 0
100	18	1 0 0 1 0 1 0 0 0 0 0 1 0 1 1 0
100	11	0 0 0 1 0 1 0 0 0 1 0 1 0 1 0 1
100	1	0 0 0 0 0 0 0 0 1 0 1 1 1 0 0 0
100	5	0 0 0 1 0 1 0 0 0 0 0 1 0 0 0 1
100	6	1 0 0 1 0 1 0 0 0 1 0 1 0 1 0 0
100	4	0 0 0 1 0 1 0 0 0 0 0 1 0 1 1 1
100	4	0 1 0 1 0 1 0 0 0 0 0 1 1 0 0 0
100	11	1 0 1 1 0 1 1 0 0 1 1 1 0 1 0 1
100	6	0 0 0 0 1 1 0 0 0 0 0 1 0 1 0 1
100	3	1 0 1 0 0 0 0 0 1 0 0 1 1 1 0 0
100	13	1 1 0 1 0 1 0 0 0 1 1 1 0 1 0 0
100	1	0 1 0 1 1 1 0 0 0 0 0 1 0 1 0 0
100	5	1 0 0 1 0 1 0 1 0 0 0 1 0 1 0 0
100	16	1 0 0 1 0 0 0 0 0 0 0 1 0 1 0 0
100	9	0 0 0 1 1 1 0 0 1 1 0 1 0 1 0 1
100	5	0 0 0 1 0 1 0 0 0 1 1 1 1 1 0 0
100	6	0 1 1 0 1 1 1 0 0 0 0 1 0 1 0 0
100	4	1 0 0 1 0 1 1 0 0 0 0 1 0 0 0 1
100	1	1 0 1 0 0 1 0 1 0 0 0 1 0 0 0 1
100	2	0 0 0 0 1 1 0 0 0 0 0 1 1 1 0 0
100	1	0 0 0 0 1 0 0 0 0 0 0 1 0 1 0 0
100	2	1 0 0 1 0 1 0 0 0 0 0 1 0 1 0 1
100	6	1 0 1 1 0 1 1 0 0 0 0 0 0 0 0 0
100	1	1 0 1 0 0 1 0 0 0 0 0 1 0 1 0 0
100	1	1 0 1 1 0 1 0 0 0 0 0 1 0 0 0 0
100	3	0 0 0 1 0 1 0 0 0 1 0 1 0 1 0 0
100	3	1 0 0 1 0 1 0 0 0 0 0 0 0 1 0 0
100	4	0 1 0 1 0 0 0 0 0 0 0 1 0 0 0 0
100	4	0 0 0 1 0 1 1 0 0 0 0 1 0 0 1 0
100	2	1 1 1 1 0 1 1 0 0 0 0 1 0 0 0 1
100	2	0 0 0 1 0 1 0 0 0 0 0 0 0 1 0 1
100	2	0 0 0 0 0 1 1 0 0 0 0 1 0 1 0 1
100	9	0 0 1 0 0 1 0 0 1 0 0 1 0 0 0 0
100	3	0 0 0 0 1 0 0 1 0 0 0 1 0 0 0 1
100	2	1 0 0 1 0 1 1 0 1 0 0 1 0 1 0 0
100	1	1 0 1 1 0 1 1 0 0 0 1 1 0 0 0 1
100	3	0 1 0 1 0 1 0 0 0 1 0 0 0 0 0 0
100	8	0 0 0 1 1 1 0 1 0 0 0 1 0 1 0 1
100	4	1 0 1 1 0 1 0 1 0 0 0 1 0 1 0 1
100	2	0 0 0 0 1 1 0 0 0 0 0 1 0 1 0 0
100	1	0 0 0 0 1 0 0 0 0 0 0 1 0 1 0 1
100	2	1 0 1 1 0 1 1 0 0 0 1 1 0 0 0 0
100	1	0 0 0 1 0 1 1 0 0 1 0 1 0 1 0 0
100	5	0 0 1 1 0 1 0 0 0 0 0 1 1 1 0 0
100	4	1 0 0 1 1 1 0 0 1 0 0 1 0 1 0 1
100	4	1 0 0 1 0 1 0 1 0 0 0 1 0 0 0 0
100	1	0 0 1 0 0 1 0 1 1 0 0 1 0 1 0 1
100	1	0 0 1 1 0 1 1 0 0 0 0 1 0 0 0 1
100	2	0 0 0 1 0 1 0 0 0 0 0 0 0 0 0 1
100	6	1 1 0 1 1 1 0 0 0 0 0 1 0 1 0 0
100	2	0 1 0 1 0 0 0 0 0 0 0 0 0 0 0 0
100	2	0 0 0 1 0 1 0 0 0 0 0 1 1 1 0 1
100	1	0 0 0 0 1 0 0 0 0 1 0 1 0 0 0 1
100	1	0 0 0 1 0 0 0 0 0 1 1 1 0 1 0 0
100	1	1 0 0 1 0 1 0 0 1 0 0 1 1 1 0 0
100	3	0 0 0 0 1 1 0 0 1 0 0 1 0 1 0 1
100	1	0 0 1 0 0 1 0 0 1 0 0 1 0 1 0 0
120	6	0 0 0 0 0 0 0 0 1 0 0 1 1 1 0 0
120	31	0 0 0 1 0 1 0 0 0 0 0 1 0 1 0 0
120	9	0 0 0 0 0 1 0 0 0 0 0 1 0 1 0 0
120	91	0 0 0 1 0 1 0 0 0 0 0 1 0 0 0 0
120	75	1 0 0 1 0 1 0 0 0 0 0 1 0 1 0 0
120	7	0 0 1 0 0 1 0 0 0 0 0 1 0 0 0 0
120	33	0 1 0 1 0 1 0 0 0 0 0 1 0 0 0 0
120	23	1 0 1 1 0 1 1 0 0 0 0 1 0 1 0 1
120	10	0 0 1 1 0 1 0 0 0 0 0 1 0 1 0 0
120	34	0 0 0 1 1 1 0 0 1 0 0 1 0 1 0 1
120	24	0 0 0 1 0 1 1 0 0 0 0 1 0 0 0 1
120	9	0 0 0 0 0 1 1 0 0 0 0 1 0 1 0 0
120	1	1 0 1 1 0 1 1 0 0 0 0 1 0 0 0 1
120	4	0 0 1 1 0 1 0 0 0 0 0 1 0 1 0 1
120	61	1 1 0 1 0 1 0 0 0 0 0 1 0 1 0 0
120	8	0 0 0 1 0 1 0 0 0 0 0 1 0 1 1 0
120	36	1 0 0 1 0 1 0 0 0 0 0 1 0 0 0 0
120	12	1 0 0 1 0 1 0 0 0 0 0 1 0 0 0 1
120	5	1 0 1 1 0 1 1 0 1 0 1 1 0 1 0 1
120	22	1 0 0 1 0 0 0 0 1 0 0 1 0 1 0 0
120	4	1 0 0 1 0 1 0 0 0 0 0 1 0 1 1 0
120	14	0 0 0 1 0 1 0 0 0 1 0 1 0 1 0 1
120	1	1 0 0 1 0 1 0 0 0 1 0 1 0 1 0 0
120	2	1 1 0 1 0 1 0 0 0 1 1 1 0 1 0 0
120	4	1 0 0 1 0 1 0 1 0 0 0 1 0 1 0 0
120	23	1 0 0 1 0 0 0 0 0 0 0 1 0 1 0 0
120	8	0 0 0 1 0 1 0 0 0 1 1 1 1 1 0 0
120	28	0 1 1 0 1 1 1 0 0 0 0 1 0 1 0 0
120	34	1 0 0 1 0 1 1 0 0 0 0 1 0 0 0 1
120	1	0 0 0 0 1 0 0 0 0 0 0 1 0 1 0 0
120	5	1 0 0 1 0 1 0 0 0 0 0 1 0 1 0 1
120	1	1 0 1 1 0 1 1 0 0 0 0 0 0 0 0 0
120	7	0 1 0 1 0 0 0 0 0 0 0 1 0 0 0 0
120	2	0 0 1 0 0 1 0 0 1 0 0 1 0 0 0 0
120	16	1 0 1 1 0 1 1 0 0 0 1 1 0 0 0 1
120	62	1 0 0 1 1 1 0 0 1 0 0 1 0 1 0 1
120	11	0 0 1 1 0 1 1 0 0 0 0 1 0 0 0 1
120	3	0 0 0 1 0 1 0 0 0 0 0 1 1 1 0 1
120	6	0 1 0 1 1 1 0 0 0 0 0 1 0 0 0 0
120	10	1 1 0 1 1 1 0 0 1 0 0 1 0 1 0 1
120	4	0 0 0 1 0 1 0 1 0 0 0 1 0 1 0 0
120	24	0 0 1 1 0 1 0 1 0 0 0 1 0 1 0 1
120	3	0 0 0 0 0 0 0 0 1 0 0 1 0 1 0 1
120	3	0 0 0 0 0 1 0 0 1 0 0 1 0 1 0 1
120	20	1 1 0 1 0 1 0 1 0 0 0 1 0 0 0 0
120	15	1 1 0 1 0 1 0 0 0 0 0 0 0 1 0 0
120	6	1 0 1 1 0 1 0 0 1 1 0 1 0 1 0 1
120	14	0 0 0 1 0 1 1 0 0 0 1 1 0 0 0 0
120	1	1 0 1 1 0 1 0 0 0 0 0 1 0 1 1 0
120	13	1 0 0 0 0 1 1 0 0 0 0 1 0 0 0 1
120	1	0 0 0 1 0 1 0 0 0 0 0 1 1 0 0 0
120	9	0 0 1 0 0 1 1 0 0 0 0 1 0 0 0 0
120	2	0 0 0 1 0 1 0 0 0 0 1 1 0 0 0 0
120	11	1 0 1 0 0 1 0 0 0 0 0 1 0 0 0 0
120	2	0 0 0 0 1 1 0 0 0 0 1 1 0 1 0 0
120	1	0 1 0 1 0 1 0 1 0 0 0 1 0 0 0 0
120	8	0 1 1 1 0 0 0 0 0 0 0 1 0 0 0 0
120	1	1 0 0 1 1 1 1 0 0 0 0 0 0 1 0 1
120	3	1 0 1 1 0 1 1 0 0 0 0 1 0 1 0 0
120	6	1 0 1 1 1 1 1 0 0 0 0 0 1 1 0 1
120	1	1 1 0 1 0 1 0 0 0 0 0 1 0 0 0 0
120	1	1 0 1 1 0 1 1 0 0 0 0 1 0 1 1 1
120	1	1 0 0 1 0 0 0 0 1 0 1 1 0 1 0 0
120	4	0 0 0 0 0 1 0 0 1 0 0 1 0 1 0 0
120	1	0 0 0 1 0 0 0 0 0 0 0 1 0 0 0 0
120	5	1 0 1 1 0 1 1 0 0 0 0 1 0 0 0 0
120	3	1 0 0 1 1 1 0 0 0 0 0 1 0 1 0 0
120	3	0 1 0 1 0 1 0 0 0 0 0 1 0 1 1 0
120	1	1 0 1 1 1 1 1 0 0 1 0 0 1 1 0 1
120	8	1 0 0 1 0 1 1 0 0 0 0 1 0 0 0 0
120	3	0 0 0 1 1 1 0 0 1 0 0 1 0 1 0 0
120	1	0 0 0 0 0 1 1 0 1 0 0 1 0 1 0 0
120	2	1 1 0 1 1 1 0 0 0 0 0 1 0 1 0 0
120	3	1 0 0 1 0 0 1 0 0 0 0 1 0 0 0 1
120	8	0 0 1 0 0 1 1 0 1 0 0 1 0 0 0 0
120	1	0 0 0 0 1 1 0 0 0 0 0 1 0 1 0 1
120	5	0 1 0 1 0 1 0 0 0 0 0 1 0 1 0 0
120	5	1 0 0 1 0 1 0 0 0 0 1 1 0 1 0 0
120	5	0 0 0 1 1 0 0 0 1 0 0 1 0 1 0 1
120	3	1 0 0 1 0 1 1 0 0 0 0 1 1 0 0 1
120	1	0 0 0 0 1 0 0 0 0 0 0 1 1 1 0 0
120	1	1 0 0 1 0 1 0 0 0 1 0 1 0 1 0 1
120	2	1 0 1 1 0 1 1 0 1 0 0 1 0 0 0 1
120	1	1 0 0 1 1 1 0 0 0 0 0 1 0 0 0 0
120	3	1 1 1 1 0 1 1 0 0 0 0 1 0 1 0 1
120	1	0 0 1 0 0 1 0 0 0 0 0 1 0 1 0 0
120	1	0 0 0 1 0 1 1 0 0 0 1 1 0 0 0 1
120	3	0 0 0 0 0 1 0 0 0 0 0 1 0 0 0 0
120	2	0 0 0 1 0 1 0 1 0 0 0 1 0 0 0 0
120	2	1 0 0 1 0 0 0 0 0 0 0 1 0 0 0 0
120	1	0 1 1 0 1 1 1 0 0 0 0 1 0 1 0 1
120	2	1 0 0 1 0 1 1 0 0 0 0 1 0 1 0 0
120	2	0 0 0 1 0 1 1 0 1 0 0 1 0 0 0 1
120	3	1 0 1 1 1 1 1 0 0 0 0 1 0 0 0 1
120	3	1 0 0 1 0 1 1 0 1 0 1 1 0 1 0 1
120	2	0 0 0 0 0 1 0 0 1 0 0 0 0 1 0 1
120	1	0 1 0 1 0 1 1 0 0 0 0 1 0 1 0 0
120	1	0 0 0 1 0 1 0 0 1 0 0 1 0 1 0 1
120	4	0 0 0 0 0 0 0 0 1 0 0 1 0 0 0 0
120	1	1 0 0 1 0 1 1 0 1 0 0 1 0 0 0 0
120	1	1 1 0 1 0 1 0 0 0 0 1 1 0 1 0 0
120	3	1 1 0 1 0 1 0 0 0 0 0 1 0 1 0 1
120	3	1 0 0 1 1 0 0 0 0 0 0 1 0 1 0 0
120	1	1 1 0 1 0 1 1 0 0 0 0 1 0 0 0 1
120	1	0 0 0 0 0 1 0 0 0 0 0 1 1 0 0 0
140	46	0 0 0 1 0 1 0 0 0 0 0 1 0 1 0 0
140	8	0 0 0 0 0 1 0 0 0 0 0 1 0 1 0 0
140	42	0 0 0 1 0 1 0 0 0 0 0 1 0 0 0 0
140	69	1 0 0 1 0 1 0 0 0 0 0 1 0 1 0 0
140	15	0 1 0 1 0 1 0 0 0 0 0 1 0 0 0 0
140	8	1 0 1 1 0 1 1 0 0 0 0 1 0 1 0 1
140	9	0 0 1 1 0 1 0 0 0 0 0 1 0 1 0 0
140	15	0 0 0 1 0 1 1 0 0 0 0 1 0 0 0 1
140	14	0 0 0 0 0 1 1 0 0 0 0 1 0 1 0 0
140	108	1 1 0 1 0 1 0 0 0 0 0 1 0 1 0 0
140	11	0 0 0 1 0 1 0 0 0 0 0 1 0 1 1 0
140	35	1 0 0 1 0 1 0 0 0 0 0 1 0 0 0 0
140	11	1 0 0 1 0 0 0 0 1 0 0 1 0 1 0 0
140	9	1 0 0 1 0 0 0 0 0 0 0 1 0 1 0 0
140	7	0 0 0 1 0 1 0 0 0 1 1 1 1 1 0 0
140	6	0 1 1 0 1 1 1 0 0 0 0 1 0 1 0 0
140	22	1 0 0 1 0 1 1 0 0 0 0 1 0 0 0 1
140	18	1 0 0 1 0 1 0 0 0 0 0 1 0 1 0 1
140	12	0 1 0 1 0 0 0 0 0 0 0 1 0 0 0 0
140	8	1 0 1 1 0 1 1 0 0 0 1 1 0 0 0 1
140	50	1 0 0 1 1 1 0 0 1 0 0 1 0 1 0 1
140	8	0 0 1 1 0 1 1 0 0 0 0 1 0 0 0 1
140	18	0 1 0 1 1 1 0 0 0 0 0 1 0 0 0 0
140	6	0 0 0 0 0 0 0 0 1 0 0 1 0 1 0 1
140	7	1 1 0 1 0 1 0 0 0 0 0 0 0 1 0 0
140	3	0 0 0 1 0 1 0 0 0 0 0 1 1 0 0 0
140	7	0 0 1 0 0 1 1 0 0 0 0 1 0 0 0 0
140	2	1 0 1 0 0 1 0 0 0 0 0 1 0 0 0 0
140	20	0 0 0 0 1 1 0 0 0 0 1 1 0 1 0 0
140	9	1 0 1 1 0 1 1 0 0 0 0 1 0 1 0 0
140	18	1 0 0 1 1 1 0 0 0 0 0 1 0 1 0 0
140	7	0 0 1 0 0 1 1 0 1 0 0 1 0 0 0 0
140	13	0 1 0 1 0 1 0 0 0 0 0 1 0 1 0 0
140	2	1 0 0 1 0 1 1 0 0 0 0 1 1 0 0 1
140	10	1 0 0 1 0 0 0 0 0 0 0 1 0 0 0 0
140	29	1 0 0 1 0 1 1 0 1 0 0 1 0 0 0 0
140	2	1 1 0 1 0 1 0 0 0 0 1 1 0 1 0 0
140	8	1 1 0 1 0 1 0 0 0 0 0 1 0 1 0 1
140	13	1 0 0 1 1 0 0 0 0 0 0 1 0 1 0 0
140	1	1 0 0 1 0 1 0 0 0 0 0 1 1 1 0 0
140	2	0 1 1 0 1 1 1 0 0 0 0 1 0 0 0 1
140	4	0 0 1 1 0 1 1 0 0 0 1 1 0 0 0 1
140	10	0 0 0 0 0 1 0 0 0 0 0 1 0 1 0 1
140	11	1 1 0 1 0 1 0 0 0 0 1 1 0 0 0 0
140	19	0 1 0 1 0 1 0 0 0 0 0 1 1 0 0 0
140	3	0 0 1 0 0 1 1 0 1 0 1 1 0 0 0 0
140	26	1 1 0 1 0 1 0 0 0 0 0 1 0 0 0 0
140	17	1 1 0 1 0 1 1 0 0 0 0 1 0 1 0 0
140	1	0 0 0 1 0 0 1 0 0 0 0 1 0 0 0 1
140	3	0 1 1 0 0 1 1 0 0 0 0 1 0 1 0 0
140	5	1 0 0 1 1 1 0 0 1 0 0 1 0 1 1 1
140	6	0 0 0 1 0 1 0 0 0 0 1 1 0 1 0 0
140	9	1 0 1 1 0 1 1 0 0 0 0 0 1 0 0 0
140	13	0 1 0 1 0 1 0 0 0 0 0 0 0 1 0 0
140	2	1 0 0 1 0 0 0 0 0 0 0 1 0 1 1 0
140	5	1 0 0 0 1 1 1 0 0 0 0 1 0 0 0 0
140	15	1 0 0 1 0 1 0 0 1 0 0 1 0 1 0 0
140	2	1 0 0 1 0 0 1 0 1 0 0 1 0 0 0 0
140	10	0 0 0 1 0 1 1 0 0 0 0 1 0 0 0 0
140	8	0 0 0 1 0 1 1 0 0 0 0 1 0 1 0 0
140	2	0 0 0 1 0 1 0 0 0 0 0 1 0 1 0 1
140	1	0 0 0 0 0 1 0 0 0 0 0 1 0 0 0 1
140	1	1 0 0 0 0 1 1 0 0 0 0 1 0 0 1 0
140	2	1 0 1 0 0 1 1 0 0 0 0 1 0 1 0 1
140	2	0 0 0 1 0 1 1 0 0 0 0 1 0 0 1 1
140	1	0 0 0 1 0 0 0 0 0 0 0 1 0 1 0 0
140	13	1 1 0 1 0 1 0 0 0 0 1 1 0 0 1 0
140	9	0 0 0 1 0 0 1 0 1 0 0 1 0 0 0 0
140	2	1 1 0 1 0 1 0 0 0 0 0 1 0 1 1 1
140	4	0 1 0 1 0 1 1 0 0 0 0 1 0 1 0 0
140	2	1 0 0 1 1 1 0 0 1 0 0 1 0 0 0 1
140	2	0 0 0 1 0 1 1 0 0 0 0 1 1 0 1 1
140	6	1 1 0 1 0 1 1 0 0 0 0 1 0 0 0 1
140	2	1 0 0 1 0 1 0 0 0 0 0 1 0 0 1 0
140	5	1 0 0 1 0 1 1 0 0 1 0 1 1 0 0 1
140	4	1 0 0 1 1 0 0 1 0 0 0 1 0 1 0 0
140	1	0 0 0 1 0 1 0 0 0 0 0 1 0 0 0 1
140	1	1 0 0 1 0 1 0 0 0 1 0 1 0 1 0 0
140	2	0 0 0 1 0 1 0 0 1 0 0 1 0 0 0 0
140	3	1 1 0 1 0 1 0 0 0 0 0 1 0 1 1 0
140	3	1 0 0 1 1 1 0 0 0 0 0 1 0 0 0 0
140	3	0 0 0 1 1 1 0 0 1 0 0 1 0 1 0 1
140	2	1 0 0 1 1 1 0 0 1 0 1 1 0 1 0 1
140	1	1 1 0 1 0 1 0 1 0 0 0 1 0 0 0 0
140	11	1 0 0 1 0 1 0 0 1 0 0 1 0 0 0 0
140	3	0 0 0 1 0 1 0 1 0 0 0 1 0 1 0 0
140	2	0 0 0 1 0 1 0 0 0 1 1 1 0 0 0 0
140	5	1 0 0 1 0 1 1 0 0 0 0 1 0 1 0 0
140	1	1 1 0 1 0 0 0 0 0 0 0 1 0 1 0 0
140	1	1 0 0 0 0 0 0 0 0 0 0 1 0 1 1 0
140	2	0 0 1 1 0 1 1 0 1 0 0 1 0 0 0 0
140	1	0 0 0 0 0 1 0 0 1 0 0 1 0 1 0 0
140	1	0 0 1 1 0 1 0 0 0 0 1 1 0 1 0 0
140	1	1 1 0 1 0 1 0 0 0 0 0 1 1 1 0 0
140	1	0 0 0 1 0 1 0 1 0 0 0 1 0 1 0 1
140	3	1 0 0 1 0 1 0 1 0 0 0 1 0 1 0 0
140	1	0 1 0 1 0 1 1 0 0 0 0 1 0 0 0 0
140	3	1 0 1 1 0 1 0 0 0 0 0 1 0 1 0 1
140	3	0 0 1 1 0 1 1 0 0 0 0 1 0 1 0 0
140	1	1 1 0 1 0 1 0 0 0 1 0 1 0 1 0 0
140	2	0 0 0 1 0 1 0 0 1 1 1 1 1 1 0 0
140	1	1 0 0 1 0 1 1 0 0 0 0 0 0 0 0 1
140	1	1 1 0 1 0 1 0 0 0 0 0 0 0 1 0 1
140	1	0 0 1 0 1 1 1 0 1 0 1 1 0 0 0 0
140	1	1 1 0 1 0 1 1 0 0 0 0 1 0 0 0 0
140	3	1 1 0 1 0 1 1 0 0 0 1 1 0 0 1 0
160	17	0 0 0 1 0 1 0 0 0 0 0 1 0 1 0 0
160	4	0 0 0 1 0 1 0 0 0 0 0 1 0 0 0 0
160	43	1 0 0 1 0 1 0 0 0 0 0 1 0 1 0 0
160	26	0 1 0 1 0 1 0 0 0 0 0 1 0 0 0 0
160	3	1 0 1 1 0 1 1 0 0 0 0 1 0 1 0 1
160	56	1 1 0 1 0 1 0 0 0 0 0 1 0 1 0 0
160	1	0 0 0 1 0 1 0 0 0 0 0 1 0 1 1 0
160	91	1 0 0 1 0 1 0 0 0 0 0 1 0 0 0 0
160	18	0 0 0 1 0 1 0 0 0 1 1 1 1 1 0 0
160	14	1 0 0 1 0 1 0 0 0 0 0 1 0 1 0 1
160	16	0 1 0 1 0 0 0 0 0 0 0 1 0 0 0 0
160	9	1 0 0 1 1 1 0 0 1 0 0 1 0 1 0 1
160	38	0 1 0 1 1 1 0 0 0 0 0 1 0 0 0 0
160	10	0 0 0 0 1 1 0 0 0 0 1 1 0 1 0 0
160	9	1 0 1 1 0 1 1 0 0 0 0 1 0 1 0 0
160	5	0 1 0 1 0 1 0 0 0 0 0 1 0 1 0 0
160	64	1 0 0 1 0 1 1 0 1 0 0 1 0 0 0 0
160	5	1 1 0 1 0 1 0 0 0 0 1 1 0 1 0 0
160	22	1 1 0 1 0 1 0 0 0 0 0 1 0 1 0 1
160	6	1 0 0 1 1 0 0 0 0 0 0 1 0 1 0 0
160	4	0 0 0 0 0 1 0 0 0 0 0 1 0 1 0 1
160	43	1 1 0 1 0 1 0 0 0 0 1 1 0 0 0 0
160	28	0 1 0 1 0 1 0 0 0 0 0 1 1 0 0 0
160	14	1 1 0 1 0 1 0 0 0 0 0 1 0 0 0 0
160	15	1 1 0 1 0 1 1 0 0 0 0 1 0 1 0 0
160	21	0 0 0 1 0 1 0 0 0 0 1 1 0 1 0 0
160	6	0 1 0 1 0 1 0 0 0 0 0 0 0 1 0 0
160	34	1 0 0 1 0 1 0 0 1 0 0 1 0 1 0 0
160	7	0 0 0 1 0 1 1 0 0 0 0 1 0 0 0 0
160	2	0 0 0 1 0 1 1 0 0 0 0 1 0 1 0 0
160	14	0 0 0 1 0 0 0 0 0 0 0 1 0 1 0 0
160	11	0 0 0 1 0 0 1 0 1 0 0 1 0 0 0 0
160	13	1 0 0 1 1 0 0 1 0 0 0 1 0 1 0 0
160	11	1 0 0 1 0 1 0 0 1 0 0 1 0 0 0 0
160	7	0 0 0 1 0 1 0 0 0 1 1 1 0 0 0 0
160	5	1 1 0 1 0 0 0 0 0 0 0 1 0 1 0 0
160	6	1 1 0 1 0 1 0 0 0 0 0 1 1 1 0 0
160	11	1 1 0 1 0 1 0 0 0 1 0 1 0 1 0 0
160	3	0 0 0 1 0 1 0 0 1 1 1 1 1 1 0 0
160	36	1 1 0 1 0 1 1 0 0 0 1 1 0 0 1 0
160	13	1 1 0 1 1 1 0 0 0 0 0 1 0 1 0 0
160	20	1 1 0 1 0 1 0 1 0 0 0 1 0 1 0 0
160	7	1 1 1 1 0 1 0 0 0 0 0 1 0 1 0 0
160	1	0 0 0 1 0 0 1 0 0 0 0 1 0 0 0 1
160	10	1 0 0 1 0 1 0 0 0 0 1 1 0 1 0 1
160	8	1 1 0 0 0 1 1 0 0 0 0 1 0 1 0 0
160	4	0 1 0 1 0 0 1 0 1 0 0 1 0 0 0 0
160	13	1 1 0 1 1 1 0 0 1 0 0 1 0 1 0 1
160	2	1 0 0 1 1 1 0 0 1 0 0 1 0 1 0 0
160	3	0 0 0 0 1 1 0 0 0 0 1 1 1 1 0 0
160	6	1 1 0 1 0 0 0 0 0 0 0 1 0 0 0 0
160	1	1 0 0 1 0 1 0 0 1 0 1 1 0 1 0 0
160	22	1 1 0 1 0 1 1 0 0 1 1 1 0 0 1 0
160	6	1 0 0 1 1 1 0 0 1 0 0 1 0 0 0 0
160	6	1 1 0 1 0 1 0 0 0 0 0 0 0 1 0 0
160	5	0 1 0 1 0 1 0 0 1 0 0 1 0 0 0 0
160	2	0 1 0 1 0 0 1 0 0 0 0 1 0 0 0 0
160	5	1 1 0 0 0 1 0 0 0 0 0 0 0 1 0 0
160	5	0 0 1 0 0 1 1 0 0 0 0 1 0 0 0 0
160	5	0 1 0 1 0 1 0 0 0 0 0 0 1 0 0 0
160	1	0 1 0 1 1 1 0 0 1 0 0 1 0 1 0 1
160	5	0 1 0 1 1 1 0 0 0 0 1 1 0 0 0 1
160	3	1 1 0 1 0 1 0 0 0 1 0 1 0 0 0 0
160	2	0 0 1 0 0 1 1 0 0 0 0 1 0 1 0 1
160	1	1 0 0 0 0 1 0 0 0 0 0 1 0 0 0 0
160	4	1 1 0 1 0 1 0 0 0 0 0 1 0 0 0 1
160	2	0 0 0 1 1 1 0 0 1 0 0 1 0 0 0 0
160	1	1 0 0 1 0 1 0 1 1 0 0 1 0 1 0 0
160	3	1 1 0 1 0 1 0 1 0 0 1 1 0 0 1 0
160	2	1 1 0 1 0 1 0 0 0 0 1 1 0 1 0 1
160	1	0 0 1 1 0 1 0 0 0 0 1 1 0 0 0 0
160	2	1 0 0 1 0 1 0 0 0 0 0 1 0 0 1 0
160	6	1 1 1 1 0 1 0 0 0 0 0 1 0 1 0 1
160	7	1 1 0 1 0 0 0 0 0 0 0 0 0 0 0 0
160	3	1 0 0 1 1 1 1 0 1 0 0 1 0 0 0 0
160	2	1 1 0 1 0 1 0 1 1 0 0 1 0 0 0 0
160	3	1 0 0 1 0 1 0 0 0 0 1 1 0 1 0 0
160	7	1 0 0 1 0 1 1 0 0 0 1 1 0 0 1 0
160	2	1 0 0 1 0 1 0 0 0 0 0 1 1 0 0 0
160	1	0 1 0 1 1 1 0 0 1 0 0 1 0 0 0 0
160	3	1 1 0 1 0 1 0 1 0 0 0 0 0 1 0 0
160	3	0 1 0 1 0 1 0 0 0 0 0 0 0 1 0 1
160	1	1 1 0 1 0 1 1 0 0 1 1 1 0 0 0 0
160	4	0 0 1 0 0 1 1 0 0 0 0 1 0 0 1 0
160	1	0 1 0 1 1 0 1 0 0 0 0 1 0 0 0 1
160	2	1 0 0 1 1 1 0 0 0 0 0 1 0 0 0 0
160	7	1 0 1 1 0 1 0 0 0 0 0 1 0 0 0 0
160	1	0 1 0 1 0 0 0 0 1 0 0 1 0 0 0 0
160	1	1 0 1 1 0 0 1 0 0 0 0 1 0 1 0 0
160	3	1 0 0 1 0 1 1 0 1 0 0 1 0 1 0 0
160	3	1 1 0 1 0 1 1 0 0 0 0 1 0 0 0 0
160	2	0 0 0 1 1 1 0 0 1 0 0 1 0 0 0 1
160	1	0 0 0 1 0 1 1 0 1 0 0 1 0 0 0 0
160	1	1 0 0 1 0 1 0 0 0 1 0 1 0 1 0 0
160	1	1 0 1 1 0 1 0 0 0 0 0 1 0 1 0 0
160	3	1 1 0 1 0 1 0 0 0 0 1 1 1 0 0 0
160	1	1 1 0 1 0 1 0 1 0 0 0 1 0 0 0 0
160	1	0 1 1 1 0 1 0 0 0 0 0 1 0 1 0 0
160	1	0 0 0 1 1 1 0 0 0 0 0 1 0 1 0 0
160	4	1 0 0 1 0 1 0 0 0 1 1 1 1 1 0 0
160	4	0 0 0 1 1 1 0 0 0 0 0 1 0 0 0 0
160	2	1 0 1 1 0 1 1 0 1 0 0 1 0 0 0 0
180	4	0 0 0 1 0 1 0 0 0 0 0 1 0 1 0 0
180	23	1 0 0 1 0 1 0 0 0 0 0 1 0 1 0 0
180	13	0 1 0 1 0 1 0 0 0 0 0 1 0 0 0 0
180	92	1 1 0 1 0 1 0 0 0 0 0 1 0 1 0 0
180	61	1 0 0 1 0 1 0 0 0 0 0 1 0 0 0 0
180	8	0 0 0 1 0 1 0 0 0 1 1 1 1 1 0 0
180	4	1 0 0 1 0 1 0 0 0 0 0 1 0 1 0 1
180	37	0 1 0 1 1 1 0 0 0 0 0 1 0 0 0 0
180	19	1 0 1 1 0 1 1 0 0 0 0 1 0 1 0 0
180	12	0 1 0 1 0 1 0 0 0 0 0 1 0 1 0 0
180	50	1 0 0 1 0 1 1 0 1 0 0 1 0 0 0 0
180	29	1 1 0 1 0 1 0 0 0 0 0 1 0 1 0 1
180	2	0 0 0 0 0 1 0 0 0 0 0 1 0 1 0 1
180	16	1 1 0 1 0 1 0 0 0 0 1 1 0 0 0 0
180	10	0 1 0 1 0 1 0 0 0 0 0 1 1 0 0 0
180	7	1 1 0 1 0 1 0 0 0 0 0 1 0 0 0 0
180	39	0 0 0 1 0 1 0 0 0 0 1 1 0 1 0 0
180	3	0 1 0 1 0 1 0 0 0 0 0 0 0 1 0 0
180	5	1 0 0 1 0 1 0 0 1 0 0 1 0 1 0 0
180	1	0 0 0 1 0 0 0 0 0 0 0 1 0 1 0 0
180	14	0 0 0 1 0 0 1 0 1 0 0 1 0 0 0 0
180	29	1 0 0 1 1 0 0 1 0 0 0 1 0 1 0 0
180	11	1 0 0 1 0 1 0 0 1 0 0 1 0 0 0 0
180	29	1 1 0 1 0 1 1 0 0 0 1 1 0 0 1 0
180	2	1 1 0 1 0 1 0 1 0 0 0 1 0 1 0 0
180	41	1 1 1 1 0 1 0 0 0 0 0 1 0 1 0 0
180	6	1 0 0 1 0 1 0 0 0 0 1 1 0 1 0 1
180	1	1 1 0 1 1 1 0 0 1 0 0 1 0 1 0 1
180	4	0 1 0 1 0 1 0 0 1 0 0 1 0 0 0 0
180	13	0 0 1 0 0 1 1 0 0 0 0 1 0 0 0 0
180	8	0 1 0 1 0 1 0 0 0 0 0 0 1 0 0 0
180	7	0 1 0 1 1 1 0 0 1 0 0 1 0 1 0 1
180	13	1 1 0 1 0 1 0 1 0 0 1 1 0 0 1 0
180	29	1 1 0 1 0 0 0 0 0 0 0 0 0 0 0 0
180	11	1 0 0 1 1 1 1 0 1 0 0 1 0 0 0 0
180	22	1 1 0 1 0 1 0 1 1 0 0 1 0 0 0 0
180	27	1 0 0 1 0 1 1 0 0 0 1 1 0 0 1 0
180	15	1 0 0 1 1 1 0 0 0 0 0 1 0 0 0 0
180	43	1 0 1 1 0 1 0 0 0 0 0 1 0 0 0 0
180	15	0 0 0 1 1 1 0 0 1 0 0 1 0 0 0 1
180	10	1 1 0 1 0 1 0 0 0 0 1 1 1 0 0 0
180	8	1 1 0 1 0 1 0 0 1 0 0 1 0 1 0 0
180	5	1 0 0 1 0 1 0 0 0 1 1 0 1 1 0 0
180	3	0 0 0 1 0 0 1 0 0 0 0 1 0 1 0 0
180	20	1 0 0 1 0 1 1 0 0 0 1 1 0 0 0 0
180	20	1 0 1 1 0 1 0 0 0 0 0 0 0 1 0 0
180	9	1 0 0 1 0 0 1 0 1 0 0 1 0 0 0 0
180	12	1 1 1 1 1 1 0 0 1 0 0 1 0 1 0 1
180	2	1 0 0 1 0 1 1 0 0 0 1 1 1 0 1 0
180	3	1 1 0 1 0 1 0 0 0 0 1 1 0 1 0 0
180	2	1 1 0 1 0 1 1 0 0 0 0 0 0 1 0 0
180	6	1 1 0 1 1 1 0 0 0 0 0 1 0 1 0 0
180	19	1 0 1 1 0 1 0 0 1 0 0 1 0 0 0 0
180	6	0 0 0 1 0 1 0 0 0 0 0 1 0 1 0 1
180	6	1 1 0 1 0 0 0 0 0 1 0 0 0 0 0 1
180	3	0 1 0 1 0 0 0 0 0 0 0 1 0 0 0 0
180	16	1 1 1 1 0 1 0 0 0 0 1 1 0 0 0 0
180	1	1 0 0 1 0 0 0 1 0 0 0 1 0 1 0 0
180	4	1 0 0 1 1 0 0 1 0 1 0 1 0 1 0 0
180	1	1 1 0 1 0 1 0 1 0 0 1 1 0 1 1 0
180	3	1 0 1 0 0 1 0 0 0 0 1 1 0 0 0 0
180	2	0 1 0 1 0 1 0 0 0 0 0 1 0 1 0 1
180	6	1 0 1 1 0 1 1 0 0 0 0 1 0 0 0 0
180	3	1 0 0 1 0 1 0 0 1 0 1 1 0 0 0 0
180	3	1 1 0 1 1 1 0 1 0 0 1 1 0 0 1 0
180	5	1 0 0 1 0 1 1 0 1 0 0 1 0 1 0 0
180	3	0 0 1 0 0 1 1 0 0 0 0 1 0 1 0 0
180	1	0 1 0 1 0 1 0 0 0 0 0 0 1 0 1 0
180	2	1 0 0 1 0 1 0 0 0 0 0 1 0 1 1 0
180	2	1 1 1 1 0 1 0 0 0 0 0 0 0 1 0 0
180	2	1 1 0 0 0 0 0 0 0 0 0 0 0 1 0 0
180	1	1 1 0 1 0 1 0 1 0 0 0 1 0 0 1 0
180	2	1 1 0 1 0 1 1 0 0 1 1 1 0 0 1 0
180	3	1 1 0 1 0 1 0 1 0 0 0 0 0 1 0 0
180	2	0 1 1 1 0 1 0 0 0 0 0 1 0 1 0 0
180	1	1 0 0 1 0 1 1 1 0 0 1 1 0 0 1 0
180	2	1 0 1 1 0 1 0 0 0 1 0 1 0 0 0 0
180	2	0 1 0 1 0 0 0 0 1 0 0 1 0 0 0 0
180	2	1 0 0 1 0 1 0 0 0 0 1 1 0 1 0 0
180	1	1 1 0 0 0 1 0 0 0 0 0 1 0 1 0 0
180	7	1 1 0 1 0 1 0 0 0 1 0 1 0 1 0 0
180	1	0 1 0 1 0 0 0 0 0 0 0 0 0 0 0 0
180	4	0 0 0 1 1 1 0 1 1 0 0 1 0 0 0 1
180	2	1 1 1 1 1 0 0 1 0 1 0 1 0 1 0 0
180	1	1 1 0 1 0 1 1 0 0 0 0 1 0 0 0 0
180	2	1 0 0 1 0 1 0 0 0 1 1 1 1 1 0 0
180	2	1 1 0 1 0 1 0 0 0 0 0 1 0 1 1 0
180	1	1 1 0 1 1 1 0 0 0 0 0 1 0 1 0 1
180	1	1 0 0 1 0 1 0 0 0 0 1 1 0 0 0 0
200	10	0 0 0 1 0 1 0 0 0 0 0 1 0 1 0 0
200	10	1 0 0 1 0 1 0 0 0 0 0 1 0 1 0 0
200	23	0 1 0 1 0 1 0 0 0 0 0 1 0 0 0 0
200	54	1 1 0 1 0 1 0 0 0 0 0 1 0 1 0 0
200	65	1 0 0 1 0 1 0 0 0 0 0 1 0 0 0 0
200	10	0 0 0 1 0 1 0 0 0 1 1 1 1 1 0 0
200	9	0 1 0 1 1 1 0 0 0 0 0 1 0 0 0 0
200	49	1 0 1 1 0 1 1 0 0 0 0 1 0 1 0 0
200	25	1 0 0 1 0 1 1 0 1 0 0 1 0 0 0 0
200	1	1 1 0 1 0 1 0 0 0 0 0 1 0 1 0 1
200	39	1 1 0 1 0 1 0 0 0 0 1 1 0 0 0 0
200	6	1 1 0 1 0 1 0 0 0 0 0 1 0 0 0 0
200	16	0 0 0 1 0 1 0 0 0 0 1 1 0 1 0 0
200	3	1 0 0 1 1 0 0 1 0 0 0 1 0 1 0 0
200	10	1 1 0 1 0 1 1 0 0 0 1 1 0 0 1 0
200	70	1 1 1 1 0 1 0 0 0 0 0 1 0 1 0 0
200	6	0 1 0 1 0 1 0 0 1 0 0 1 0 0 0 0
200	1	0 0 1 0 0 1 1 0 0 0 0 1 0 0 0 0
200	3	1 1 0 1 0 1 0 1 0 0 1 1 0 0 1 0
200	22	1 1 0 1 0 0 0 0 0 0 0 0 0 0 0 0
200	1	1 0 0 1 1 1 1 0 1 0 0 1 0 0 0 0
200	8	1 1 0 1 0 1 0 1 1 0 0 1 0 0 0 0
200	82	1 0 0 1 0 1 1 0 0 0 1 1 0 0 1 0
200	7	1 0 0 1 1 1 0 0 0 0 0 1 0 0 0 0
200	20	1 0 1 1 0 1 0 0 0 0 0 1 0 0 0 0
200	3	1 1 0 1 0 1 0 0 0 0 1 1 1 0 0 0
200	20	1 1 0 1 0 1 0 0 1 0 0 1 0 1 0 0
200	8	1 0 0 1 0 1 1 0 0 0 1 1 0 0 0 0
200	31	1 0 0 1 0 0 1 0 1 0 0 1 0 0 0 0
200	15	1 0 1 1 0 1 0 0 1 0 0 1 0 0 0 0
200	37	1 1 1 1 0 1 0 0 0 0 1 1 0 0 0 0
200	12	1 0 1 1 0 1 1 0 0 0 0 1 0 0 0 0
200	3	1 1 0 1 0 1 0 0 0 1 0 1 0 1 0 0
200	10	1 1 0 1 1 1 0 0 0 0 0 1 0 1 0 1
200	2	0 0 0 1 0 1 0 0 0 0 1 1 0 1 1 0
200	1	1 1 0 1 0 1 0 1 1 0 0 1 0 1 0 0
200	2	1 1 0 1 0 1 1 0 0 0 1 1 0 0 0 0
200	27	1 0 1 1 0 1 0 0 0 0 0 0 0 0 0 0
200	6	1 1 1 1 0 1 0 0 0 0 1 1 1 0 0 0
200	16	1 0 0 1 0 1 1 0 0 0 1 0 0 0 1 0
200	49	1 1 0 1 0 1 0 0 0 0 0 0 0 0 0 0
200	8	1 0 1 1 0 1 0 0 1 0 0 0 0 0 0 0
200	2	0 1 0 1 1 1 0 0 0 0 0 1 0 1 0 0
200	1	0 1 0 1 0 0 0 0 0 0 0 0 0 0 0 0
200	6	1 1 0 1 0 1 0 0 0 0 0 1 1 0 0 0
200	14	1 0 0 1 0 1 1 0 0 0 0 1 1 0 0 0
200	3	1 1 1 1 0 1 0 0 0 0 0 0 0 1 1 0
200	3	1 0 1 1 0 1 0 0 1 0 1 1 0 0 0 0
200	2	1 1 0 1 0 1 0 0 0 0 1 1 0 0 1 0
200	1	1 1 0 1 0 1 0 0 0 0 0 1 0 1 1 0
200	6	1 1 0 0 0 0 0 0 0 0 0 0 0 0 0 0
200	7	0 1 0 1 0 1 1 0 1 0 0 1 1 0 0 0
200	1	0 0 1 0 0 1 1 0 0 0 0 1 0 1 0 0
200	7	1 1 0 1 0 1 1 0 1 0 0 1 0 0 0 0
200	8	1 1 0 1 0 1 0 0 0 1 1 1 0 0 0 0
200	1	1 0 1 1 0 0 0 0 0 0 0 1 0 0 0 0
200	2	1 0 0 1 0 1 1 0 0 0 0 1 0 0 0 0
200	5	1 1 0 1 0 0 0 1 0 0 0 1 0 1 0 0
200	6	1 0 1 1 0 1 1 0 0 0 1 1 0 1 0 0
200	1	1 0 1 1 1 0 0 1 0 0 0 1 0 1 0 0
200	1	1 0 0 1 0 1 0 0 1 0 0 1 0 0 0 1
200	2	0 1 1 1 0 1 0 0 0 0 0 1 0 1 0 0
200	4	1 0 0 1 0 1 1 0 0 1 1 1 0 0 1 0
200	1	1 0 0 1 0 1 0 0 0 0 0 1 0 0 1 0
200	2	0 1 0 1 0 1 1 0 0 0 0 1 0 1 0 0
200	2	1 1 1 1 0 0 0 0 0 0 1 1 0 0 0 0
200	8	0 0 0 1 1 1 0 0 0 0 1 1 0 1 1 0
200	2	1 1 0 1 0 1 0 0 0 0 0 0 1 0 0 0
200	7	1 1 0 0 0 1 1 0 0 0 1 1 0 0 1 0
200	3	1 1 0 1 0 1 1 0 1 0 1 1 0 0 1 0
200	2	1 0 0 1 0 1 1 1 0 0 1 1 0 0 0 0
200	7	1 0 0 1 0 1 1 0 0 0 1 0 0 1 1 0
200	2	1 1 0 1 0 1 0 1 0 0 0 0 0 0 0 0
200	6	1 0 0 1 0 1 0 0 0 0 1 0 0 0 1 0
200	2	1 0 1 1 0 1 0 0 0 0 0 1 0 1 0 0
200	5	1 0 1 1 0 1 1 0 0 0 0 1 1 1 0 0
200	2	1 1 1 1 0 1 0 0 0 0 0 0 0 1 0 0
200	3	0 1 0 1 1 1 0 0 0 0 1 1 0 0 0 0
200	3	1 0 1 1 0 1 1 0 0 0 0 1 0 0 1 0
200	2	0 0 0 1 0 1 0 0 0 0 0 1 0 0 0 0
200	2	1 0 0 1 0 1 1 0 0 0 1 0 0 0 0 0
200	3	1 0 0 1 1 0 0 1 0 0 0 0 0 1 0 0
200	1	1 1 1 1 0 1 0 0 0 0 0 1 0 1 0 1
200	6	0 1 0 1 0 1 0 0 1 0 0 1 1 0 0 0
200	2	0 1 0 1 0 1 1 0 1 0 0 1 0 0 0 0
200	1	1 1 1 1 0 1 0 0 0 0 0 1 0 1 1 0
200	2	1 0 0 1 0 0 1 0 1 1 1 1 1 1 0 0
200	3	0 1 0 1 1 1 0 0 1 0 0 1 0 0 0 0
200	9	1 1 0 1 0 1 0 0 1 0 0 0 0 0 0 0
200	4	1 0 0 1 0 1 0 0 0 0 0 0 0 0 0 0
200	3	1 0 1 0 0 1 1 0 0 0 1 1 0 1 0 0
200	1	1 1 0 1 0 1 1 0 0 0 0 1 0 1 0 0
200	3	1 0 1 1 0 1 0 0 0 0 1 1 0 0 0 0
200	2	1 0 1 1 1 1 1 0 0 0 0 1 0 0 0 0
200	1	1 0 1 1 0 1 0 1 0 0 0 0 0 0 0 0
200	2	1 0 0 1 0 1 1 0 0 0 1 0 1 0 1 0
200	2	0 1 0 1 0 0 0 0 0 1 0 0 0 0 0 0
200	1	0 1 0 1 1 1 0 0 0 0 0 1 1 0 0 0
200	1	1 0 0 1 0 1 1 0 0 0 0 1 0 1 0 0
200	1	0 1 0 1 0 1 0 0 0 0 0 1 0 1 0 0
200	2	1 0 1 1 0 1 1 0 1 0 0 1 0 0 0 0
200	2	1 1 0 1 1 1 0 1 0 0 0 1 0 1 0 1
200	1	0 1 0 1 0 1 1 0 1 0 0 1 1 1 0 0
200	2	1 1 1 1 0 1 0 0 1 0 0 1 1 1 0 0
200	1	1 0 1 1 1 1 1 0 0 0 0 1 0 0 1 0
220	4	0 0 0 1 0 1 0 0 0 0 0 1 0 1 0 0
220	20	1 0 0 1 0 1 0 0 0 0 0 1 0 1 0 0
220	4	0 1 0 1 0 1 0 0 0 0 0 1 0 0 0 0
220	24	1 1 0 1 0 1 0 0 0 0 0 1 0 1 0 0
220	19	1 0 0 1 0 1 0 0 0 0 0 1 0 0 0 0
220	20	0 0 0 1 0 1 0 0 0 1 1 1 1 1 0 0
220	17	1 0 1 1 0 1 1 0 0 0 0 1 0 1 0 0
220	56	1 0 0 1 0 1 1 0 1 0 0 1 0 0 0 0
220	34	1 1 0 1 0 1 0 0 0 0 1 1 0 0 0 0
220	21	1 1 0 1 0 1 0 0 0 0 0 1 0 0 0 0
220	22	0 0 0 1 0 1 0 0 0 0 1 1 0 1 0 0
220	6	1 1 0 1 0 1 1 0 0 0 1 1 0 0 1 0
220	117	1 1 1 1 0 1 0 0 0 0 0 1 0 1 0 0
220	6	0 1 0 1 0 1 0 0 1 0 0 1 0 0 0 0
220	3	1 1 0 1 0 0 0 0 0 0 0 0 0 0 0 0
220	27	1 0 0 1 0 1 1 0 0 0 1 1 0 0 1 0
220	27	1 0 0 1 1 1 0 0 0 0 0 1 0 0 0 0
220	11	1 0 1 1 0 1 0 0 0 0 0 1 0 0 0 0
220	27	1 1 0 1 0 1 0 0 1 0 0 1 0 1 0 0
220	19	1 0 0 1 0 1 1 0 0 0 1 1 0 0 0 0
220	1	1 0 1 1 0 1 0 0 1 0 0 1 0 0 0 0
220	42	1 1 1 1 0 1 0 0 0 0 1 1 0 0 0 0
220	11	1 0 1 1 0 1 1 0 0 0 0 1 0 0 0 0
220	1	0 0 0 1 0 1 0 0 0 0 1 1 0 1 1 0
220	16	1 1 0 1 0 1 1 0 0 0 1 1 0 0 0 0
220	78	1 0 1 1 0 1 0 0 0 0 0 0 0 0 0 0
220	2	1 0 0 1 0 1 1 0 0 0 1 0 0 0 1 0
220	38	1 1 0 1 0 1 0 0 0 0 0 0 0 0 0 0
220	2	1 0 1 1 0 1 0 0 1 0 0 0 0 0 0 0
220	19	1 0 0 1 0 1 1 0 0 0 0 1 1 0 0 0
220	10	1 1 0 1 0 1 0 0 0 0 0 1 0 1 1 0
220	7	1 1 0 0 0 1 1 0 0 0 1 1 0 0 1 0
220	2	1 1 0 1 0 1 1 0 1 0 1 1 0 0 1 0
220	8	1 0 0 1 0 1 0 0 0 0 1 0 0 0 1 0
220	3	0 0 0 1 0 1 0 0 0 0 0 1 0 0 0 0
220	3	1 1 1 1 0 1 0 0 0 0 0 1 0 1 0 1
220	12	1 0 0 1 0 1 0 0 0 0 0 0 0 0 0 0
220	2	1 0 1 0 0 1 1 0 0 0 1 1 0 1 0 0
220	6	1 0 1 1 0 1 0 0 0 0 1 1 0 0 0 0
220	12	1 0 1 1 1 1 1 0 0 0 0 1 0 0 0 0
220	5	0 0 0 1 0 1 0 0 1 0 0 1 0 0 0 0
220	2	0 0 0 1 0 1 0 0 0 0 1 1 0 0 0 0
220	6	0 0 0 1 0 1 1 0 1 0 0 1 1 0 0 0
220	5	1 0 1 1 0 1 0 0 0 0 0 1 0 1 0 0
220	10	1 0 0 1 0 1 0 0 1 0 0 1 0 1 0 0
220	1	1 1 0 1 0 1 1 0 1 0 0 1 0 1 0 0
220	15	1 0 1 1 0 1 1 0 0 0 1 1 0 0 1 0
220	4	1 0 1 1 0 0 0 0 1 0 1 1 0 0 0 0
220	16	1 0 0 1 0 1 1 0 0 1 1 1 1 0 1 0
220	29	1 1 0 1 0 1 1 0 0 0 0 1 1 0 0 0
220	12	1 1 1 1 0 1 0 0 0 0 0 1 0 0 0 0
220	4	1 0 1 1 0 1 1 0 1 0 0 1 0 1 0 0
220	6	1 1 1 1 0 1 1 0 1 0 0 1 0 0 0 0
220	5	1 1 0 1 0 1 0 0 1 0 1 1 0 0 0 0
220	9	1 1 0 1 0 1 0 0 1 0 0 1 0 0 0 0
220	9	1 1 0 1 0 0 1 0 0 0 0 0 0 0 0 0
220	2	1 0 0 1 1 1 1 0 0 0 0 1 1 0 0 0
220	6	0 1 0 1 1 1 0 0 1 0 1 1 0 0 0 0
220	1	1 0 1 1 1 1 1 0 0 0 0 1 0 0 1 0
220	1	0 1 0 1 0 1 1 0 0 0 0 1 0 0 0 0
220	7	1 1 0 1 1 0 0 0 0 0 0 1 0 1 0 1
220	6	0 0 0 1 0 0 0 0 1 0 0 1 0 0 0 0
220	5	1 1 0 1 0 1 0 0 0 0 1 1 1 0 0 0
220	3	1 1 0 1 1 1 0 0 0 0 0 1 1 1 0 1
220	6	1 1 0 1 1 1 0 0 0 0 0 0 0 1 0 1
220	2	0 0 0 1 0 1 1 0 0 1 1 1 0 0 1 0
220	3	1 1 0 1 0 1 1 0 1 0 0 1 0 0 0 0
220	3	1 1 1 1 0 1 0 0 0 0 0 0 0 1 0 0
220	3	1 1 0 1 0 1 0 0 0 0 1 1 0 1 0 0
220	5	1 1 1 1 0 0 0 0 0 0 0 1 0 0 0 0
220	1	0 0 0 1 1 1 0 0 0 0 0 1 0 1 0 0
220	4	1 1 1 1 0 0 0 0 0 0 0 1 0 1 0 0
220	1	0 1 1 1 0 1 0 0 1 0 0 1 0 0 0 0
220	3	1 1 0 1 0 1 0 1 1 0 0 1 0 1 0 0
220	5	0 0 0 1 0 1 0 0 0 0 1 0 0 1 1 0
220	4	1 0 0 1 0 1 1 0 1 0 0 1 0 1 0 0
220	3	0 1 1 1 0 1 0 0 0 0 0 1 0 0 0 0
220	1	1 0 0 1 0 1 1 1 1 0 0 1 0 0 0 0
220	3	1 1 0 1 0 1 0 0 0 0 1 1 0 0 0 1
220	1	1 1 1 1 0 1 0 0 0 0 0 1 1 1 0 0
220	2	1 0 1 1 0 1 0 0 0 0 0 0 1 0 0 0
220	1	1 0 0 1 0 1 1 0 1 0 0 1 1 0 0 0
220	1	1 1 0 1 0 0 0 0 0 0 0 1 0 1 1 0
220	4	1 0 1 0 0 1 1 0 0 0 0 1 0 1 0 0
220	1	1 1 1 1 0 1 0 0 0 0 0 1 0 0 0 1
220	3	0 0 0 1 0 0 0 0 0 0 0 1 0 1 0 0
220	1	0 0 0 1 0 1 0 0 0 0 0 1 0 1 0 1
220	1	1 1 0 1 1 1 0 0 0 0 1 1 0 0 0 0
220	1	1 1 1 1 0 1 0 0 0 0 0 1 0 1 1 0
220	3	1 1 0 1 0 0 0 1 0 0 0 0 0 0 0 0
220	2	0 0 0 1 0 0 0 0 0 0 1 1 0 1 1 0
220	1	1 0 1 1 0 1 0 0 0 0 0 0 0 0 0 1
220	2	0 0 1 1 1 1 1 0 0 0 0 1 0 0 0 0
220	1	1 1 1 1 0 1 0 0 0 1 0 1 0 0 0 0
240	38	1 1 0 1 0 1 0 0 0 0 0 1 0 1 0 0
240	3	1 0 0 1 0 1 0 0 0 0 0 1 0 0 0 0
240	6	1 0 1 1 0 1 1 0 0 0 0 1 0 1 0 0
240	25	1 0 0 1 0 1 1 0 1 0 0 1 0 0 0 0
240	67	1 1 0 1 0 1 0 0 0 0 1 1 0 0 0 0
240	9	1 1 0 1 0 1 0 0 0 0 0 1 0 0 0 0
240	7	0 0 0 1 0 1 0 0 0 0 1 1 0 1 0 0
240	7	1 1 0 1 0 1 1 0 0 0 1 1 0 0 1 0
240	96	1 1 1 1 0 1 0 0 0 0 0 1 0 1 0 0
240	62	1 0 0 1 1 1 0 0 0 0 0 1 0 0 0 0
240	31	1 0 1 1 0 1 0 0 0 0 0 1 0 0 0 0
240	19	1 1 0 1 0 1 0 0 1 0 0 1 0 1 0 0
240	19	1 0 0 1 0 1 1 0 0 0 1 1 0 0 0 0
240	34	1 1 1 1 0 1 0 0 0 0 1 1 0 0 0 0
240	12	1 1 0 1 0 1 1 0 0 0 1 1 0 0 0 0
240	78	1 0 1 1 0 1 0 0 0 0 0 0 0 0 0 0
240	50	1 1 0 1 0 1 0 0 0 0 0 0 0 0 0 0
240	21	1 0 0 1 0 1 1 0 0 0 0 1 1 0 0 0
240	3	0 0 0 1 0 1 0 0 1 0 0 1 0 0 0 0
240	16	1 0 1 1 0 0 0 0 1 0 1 1 0 0 0 0
240	3	1 1 0 1 0 1 1 0 0 0 0 1 1 0 0 0
240	28	1 1 1 1 0 1 0 0 0 0 0 1 0 0 0 0
240	4	1 1 1 1 0 1 1 0 1 0 0 1 0 0 0 0
240	1	1 1 0 1 0 1 0 0 1 0 1 1 0 0 0 0
240	7	1 1 0 1 0 1 0 0 1 0 0 1 0 0 0 0
240	31	1 1 0 1 0 0 1 0 0 0 0 0 0 0 0 0
240	4	1 1 0 1 1 0 0 0 0 0 0 1 0 1 0 1
240	9	1 1 0 1 0 1 1 0 1 0 0 1 0 0 0 0
240	1	1 1 0 1 0 1 0 0 0 0 1 1 0 1 0 0
240	8	1 1 1 1 0 0 0 0 0 0 0 1 0 0 0 0
240	19	1 1 0 1 0 1 0 1 1 0 0 1 0 1 0 0
240	21	0 1 1 1 0 1 0 0 0 0 0 1 0 0 0 0
240	18	1 1 0 1 0 0 0 1 0 0 0 0 0 0 0 0
240	2	1 0 0 1 0 1 1 0 0 0 1 0 0 0 1 0
240	4	1 0 1 1 0 1 0 0 0 0 1 1 1 0 1 0
240	15	1 0 1 1 0 1 1 0 0 0 0 1 1 1 0 0
240	2	1 1 1 0 0 1 0 0 0 0 1 1 0 0 0 0
240	1	1 1 1 1 0 1 1 0 0 0 0 1 0 1 0 0
240	17	1 1 1 1 1 1 0 0 0 0 0 1 0 1 0 0
240	3	1 1 1 0 0 1 0 0 0 0 0 1 1 1 0 0
240	4	1 1 0 1 0 1 1 0 0 0 0 1 0 1 0 0
240	3	1 1 1 1 0 1 0 0 0 0 1 1 0 0 0 1
240	13	1 1 1 1 0 1 0 0 0 0 1 0 0 0 0 0
240	4	1 0 0 1 0 1 1 0 0 0 0 1 0 0 0 0
240	7	1 1 0 1 0 1 0 0 1 1 1 1 0 0 0 0
240	2	0 0 0 1 0 0 0 0 1 0 0 1 1 0 0 0
240	4	1 0 1 0 0 1 0 0 0 0 0 0 0 0 0 0
240	3	1 0 1 1 0 1 1 1 0 0 1 1 0 0 1 0
240	3	1 0 1 1 0 1 1 0 0 0 0 1 0 0 0 0
240	3	1 1 0 1 0 0 0 1 0 0 0 0 1 0 0 0
240	1	1 1 1 1 0 1 0 0 0 0 1 1 0 1 0 0
240	3	1 0 0 1 0 1 0 0 1 0 0 0 0 0 0 0
240	1	1 0 1 0 0 0 1 0 0 0 0 1 0 0 0 1
240	2	1 0 0 0 1 1 1 0 0 0 1 1 0 0 1 0
240	10	1 1 0 1 0 1 0 0 0 0 1 0 0 0 0 0
240	4	1 0 0 1 0 1 1 0 0 0 0 1 1 0 1 0
240	13	0 0 0 1 0 1 0 0 1 0 0 0 0 0 0 0
240	3	1 0 1 1 0 1 1 0 0 0 0 0 0 0 0 0
240	4	1 0 0 1 0 1 1 0 1 0 1 1 1 0 0 0
240	1	1 1 0 1 0 1 0 1 1 0 0 1 0 1 1 0
240	6	1 1 1 1 0 1 0 0 0 0 1 1 0 1 1 0
240	3	1 0 1 1 0 0 0 0 0 0 0 1 0 0 0 1
240	1	1 0 0 1 0 1 1 0 1 0 0 1 0 1 0 0
240	3	1 1 1 1 0 1 0 0 0 0 1 1 1 0 1 0
240	8	1 1 1 1 0 1 0 0 0 0 0 1 1 1 0 0
240	16	1 1 0 1 0 0 0 0 0 0 0 0 0 0 1 0
240	4	1 1 0 1 0 1 0 0 0 0 0 0 0 0 0 1
240	8	0 1 1 1 1 1 0 0 0 0 1 1 0 0 0 0
240	3	1 0 1 1 0 1 0 0 0 0 0 1 0 0 0 1
240	5	1 0 1 1 0 1 0 0 0 0 1 1 0 1 0 0
240	6	1 0 1 1 0 1 0 1 0 0 0 0 0 0 0 0
240	1	1 1 1 1 0 0 0 0 1 0 1 1 0 0 0 0
240	2	1 0 0 1 0 1 0 0 0 0 0 1 1 0 0 0
240	2	1 0 1 1 0 0 0 0 0 0 0 1 0 0 0 0
240	11	1 1 0 1 0 1 0 1 0 0 0 0 0 0 0 0
240	1	1 0 1 1 0 0 0 0 1 0 0 1 0 0 0 0
240	2	1 0 1 0 0 0 1 0 1 0 0 1 0 0 0 1
240	1	1 1 0 1 0 1 0 0 1 0 0 0 0 0 0 0
240	1	1 0 0 1 0 1 0 0 1 0 0 1 0 0 0 0
240	3	1 0 0 1 0 1 1 0 1 0 0 0 0 0 0 0
240	3	1 0 0 1 0 1 0 0 0 0 1 1 0 0 0 0
240	1	1 1 0 1 0 1 1 1 0 0 1 1 0 0 0 0
240	1	1 0 1 1 0 0 0 0 1 0 1 0 0 0 0 0
240	3	1 0 1 1 0 1 0 0 0 0 1 1 0 1 0 1
240	1	1 1 0 1 0 1 1 0 0 0 1 0 0 0 1 0
240	2	1 0 1 1 0 1 0 0 1 0 0 0 0 0 0 0
240	2	1 1 0 1 0 1 0 0 0 0 0 1 0 0 0 1
240	2	1 1 0 1 0 0 1 0 0 0 1 1 0 0 0 0
240	2	1 0 1 1 0 1 0 0 0 0 1 0 0 0 0 0
240	2	1 0 0 0 0 1 0 0 0 0 0 0 0 0 0 0
240	2	1 0 1 1 0 0 0 0 0 0 0 1 0 1 0 1
240	1	0 1 1 1 0 1 0 0 0 0 0 1 1 1 0 0
240	2	1 0 0 1 1 1 0 0 0 0 1 1 0 0 0 0
260	48	1 1 0 1 0 1 0 0 0 0 0 1 0 1 0 0
260	1	1 0 0 1 0 1 0 0 0 0 0 1 0 0 0 0
260	14	1 0 1 1 0 1 1 0 0 0 0 1 0 1 0 0
260	23	1 0 0 1 0 1 1 0 1 0 0 1 0 0 0 0
260	9	1 1 0 1 0 1 0 0 0 0 1 1 0 0 0 0
260	15	1 1 0 1 0 1 0 0 0 0 0 1 0 0 0 0
260	4	1 1 0 1 0 1 1 0 0 0 1 1 0 0 1 0
260	110	1 1 1 1 0 1 0 0 0 0 0 1 0 1 0 0
260	18	1 0 0 1 1 1 0 0 0 0 0 1 0 0 0 0
260	27	1 0 1 1 0 1 0 0 0 0 0 1 0 0 0 0
260	16	1 1 0 1 0 1 0 0 1 0 0 1 0 1 0 0
260	2	1 0 0 1 0 1 1 0 0 0 1 1 0 0 0 0
260	14	1 1 1 1 0 1 0 0 0 0 1 1 0 0 0 0
260	11	1 1 0 1 0 1 1 0 0 0 1 1 0 0 0 0
260	81	1 0 1 1 0 1 0 0 0 0 0 0 0 0 0 0
260	30	1 1 0 1 0 1 0 0 0 0 0 0 0 0 0 0
260	12	1 0 1 1 0 0 0 0 1 0 1 1 0 0 0 0
260	5	1 1 0 1 0 1 1 0 0 0 0 1 1 0 0 0
260	4	1 1 1 1 0 1 0 0 0 0 0 1 0 0 0 0
260	19	1 1 1 1 0 1 1 0 1 0 0 1 0 0 0 0
260	12	1 1 0 1 0 1 0 0 1 0 0 1 0 0 0 0
260	60	1 1 0 1 0 0 1 0 0 0 0 0 0 0 0 0
260	2	1 1 0 1 0 1 0 1 1 0 0 1 0 1 0 0
260	28	0 1 1 1 0 1 0 0 0 0 0 1 0 0 0 0
260	6	1 1 0 1 0 0 0 1 0 0 0 0 0 0 0 0
260	8	1 0 1 1 0 1 0 0 0 0 1 1 1 0 1 0
260	3	1 0 1 1 0 1 1 0 0 0 0 1 1 1 0 0
260	29	1 1 1 1 0 1 0 0 0 0 1 0 0 0 0 0
260	2	1 0 1 1 0 1 1 1 0 0 1 1 0 0 1 0
260	2	1 1 1 1 0 1 0 0 0 0 1 1 0 1 0 0
260	10	1 1 0 1 0 1 0 0 0 0 1 0 0 0 0 0
260	2	1 0 1 1 0 1 1 0 0 0 0 0 0 0 0 0
260	37	1 1 1 1 0 1 0 0 0 0 0 1 1 1 0 0
260	14	1 1 0 1 0 0 0 0 0 0 0 0 0 0 1 0
260	10	1 0 1 1 0 1 0 0 0 0 1 1 0 1 0 0
260	10	1 1 0 1 0 1 0 1 0 0 0 0 0 0 0 0
260	1	1 0 0 1 0 1 1 0 1 0 0 0 0 0 0 0
260	22	1 1 0 1 0 0 1 0 0 0 1 1 0 0 0 0
260	5	1 1 1 1 0 0 0 1 0 0 0 0 0 0 0 0
260	34	1 1 1 1 0 1 0 0 1 0 0 1 0 0 0 0
260	6	1 1 0 1 0 1 0 0 0 0 1 1 0 0 0 1
260	16	1 1 1 1 0 1 0 0 0 1 0 1 0 1 0 0
260	1	1 1 0 1 0 1 0 0 0 0 1 1 1 0 0 0
260	1	1 1 0 1 0 1 0 0 0 0 0 0 0 0 1 0
260	13	1 1 1 1 0 1 0 1 0 0 0 1 0 1 0 0
260	2	1 1 0 1 0 1 1 0 0 0 0 1 0 0 0 0
260	10	1 1 1 1 0 1 0 0 0 0 1 1 0 1 1 1
260	10	1 0 0 1 0 1 0 0 0 0 1 1 0 0 0 0
260	2	1 0 0 1 0 1 0 0 1 0 0 1 0 1 0 0
260	5	1 0 1 1 0 1 0 0 0 0 0 1 1 1 0 0
260	10	1 1 0 1 1 0 0 1 0 0 0 0 0 0 0 0
260	3	0 1 1 1 0 1 0 0 0 0 1 1 0 1 1 1
260	4	1 1 0 1 0 1 0 0 0 0 0 1 1 1 0 0
260	5	1 1 1 1 0 1 0 0 0 0 0 1 0 1 1 0
260	5	1 1 1 1 0 1 0 1 0 0 0 1 1 1 0 0
260	1	1 0 0 1 1 1 0 0 0 0 0 1 1 0 0 0
260	21	1 1 0 0 0 1 0 0 0 0 1 1 0 0 0 1
260	12	1 0 1 1 0 1 0 0 0 0 0 1 0 1 0 0
260	3	1 1 0 0 0 1 0 0 1 0 0 1 0 1 0 0
260	3	1 0 0 1 0 1 0 0 0 0 0 0 0 0 0 0
260	1	1 0 1 1 0 1 1 1 0 1 1 1 0 0 1 0
260	3	1 1 0 1 1 0 0 1 0 0 0 0 0 1 0 0
260	4	0 1 1 1 0 1 0 0 0 0 0 1 0 1 0 0
260	4	1 1 0 1 0 1 0 1 0 0 1 0 0 0 0 0
260	1	1 1 0 1 0 0 0 0 0 0 0 0 1 0 1 0
260	5	1 0 1 1 0 1 1 0 0 0 0 1 1 0 0 0
260	9	1 0 1 1 0 1 0 0 0 1 0 0 0 0 0 0
260	2	1 1 0 1 0 0 1 0 1 0 0 0 0 0 0 0
260	4	0 1 1 1 0 1 0 0 1 1 0 1 0 0 0 0
260	7	1 1 0 1 0 1 1 0 0 0 0 1 1 1 0 0
260	4	1 0 1 1 0 1 1 0 1 0 0 1 0 0 0 0
260	3	1 0 1 1 0 0 0 0 0 0 1 1 1 0 1 0
260	5	1 1 1 1 0 1 1 0 0 0 0 1 1 1 0 0
260	10	1 1 0 1 0 1 0 1 0 0 0 1 0 0 0 0
260	2	1 0 1 1 0 1 0 0 0 0 0 1 0 1 1 0
260	1	1 0 0 1 0 1 0 0 0 0 0 1 0 1 0 0
260	4	1 1 0 1 0 0 0 0 0 0 0 0 0 0 0 0
260	2	1 1 0 1 0 1 0 0 1 0 0 1 0 1 1 0
260	3	1 1 0 1 0 1 0 0 0 0 0 0 0 0 0 1
260	2	1 1 0 1 0 0 1 0 0 0 0 0 0 0 0 1
260	1	1 1 1 1 0 1 0 0 1 0 0 1 0 1 0 0
260	1	1 0 1 1 0 1 1 0 0 0 0 1 0 0 0 0
260	2	1 1 0 1 0 1 0 0 1 0 0 0 0 0 0 0
260	2	1 1 1 1 0 1 0 0 0 0 1 1 1 1 0 0
260	3	1 1 0 1 0 0 0 0 0 0 0 0 0 0 1 1
260	4	1 0 0 1 1 0 0 1 0 0 0 0 0 0 0 0
260	3	1 1 1 1 0 1 0 0 1 0 1 1 0 0 0 0
260	1	1 1 0 1 0 1 0 0 0 1 0 0 0 0 0 0
260	2	1 1 0 1 0 1 0 0 1 0 0 1 0 0 1 0
260	2	1 1 1 1 0 1 0 0 0 0 0 0 0 0 0 0
260	1	1 0 1 0 0 1 0 0 0 0 0 0 0 0 0 0
260	1	1 1 0 1 0 1 0 1 0 0 0 1 0 1 0 0
260	1	1 1 0 0 0 1 0 0 0 0 0 1 0 0 0 0
260	2	1 0 0 1 0 0 0 0 1 0 1 1 0 0 0 0
260	1	1 1 1 0 0 1 0 0 0 0 1 0 0 0 0 0
260	1	1 1 0 1 0 1 0 1 0 0 0 0 0 0 1 0
260	1	1 1 0 1 0 1 0 1 0 0 1 1 0 0 0 1
260	1	1 1 0 0 0 1 0 0 0 0 1 1 0 0 1 1
260	1	1 0 0 1 0 1 1 0 0 0 0 0 0 0 0 0
280	38	1 1 0 1 0 1 0 0 0 0 0 1 0 1 0 0
280	10	1 0 0 1 0 1 1 0 1 0 0 1 0 0 0 0
280	38	1 1 1 1 0 1 0 0 0 0 0 1 0 1 0 0
280	15	1 0 0 1 1 1 0 0 0 0 0 1 0 0 0 0
280	10	1 0 1 1 0 1 0 0 0 0 0 1 0 0 0 0
280	29	1 1 1 1 0 1 0 0 0 0 1 1 0 0 0 0
280	29	1 0 1 1 0 1 0 0 0 0 0 0 0 0 0 0
280	34	1 1 0 1 0 1 0 0 0 0 0 0 0 0 0 0
280	6	1 1 0 1 0 1 1 0 0 0 0 1 1 0 0 0
280	2	1 1 1 1 0 1 0 0 0 0 0 1 0 0 0 0
280	24	1 1 1 1 0 1 1 0 1 0 0 1 0 0 0 0
280	43	1 1 0 1 0 1 0 0 1 0 0 1 0 0 0 0
280	11	1 1 0 1 0 0 1 0 0 0 0 0 0 0 0 0
280	10	0 1 1 1 0 1 0 0 0 0 0 1 0 0 0 0
280	8	1 0 1 1 0 1 1 0 0 0 0 1 1 1 0 0
280	48	1 1 1 1 0 1 0 0 0 0 1 0 0 0 0 0
280	4	1 1 0 1 0 1 0 0 0 0 1 0 0 0 0 0
280	5	1 1 1 1 0 1 0 0 0 0 0 1 1 1 0 0
280	9	1 1 0 1 0 0 0 0 0 0 0 0 0 0 1 0
280	2	1 0 1 1 0 1 0 0 0 0 1 1 0 1 0 0
280	14	1 1 0 1 0 1 0 1 0 0 0 0 0 0 0 0
280	12	1 1 0 1 0 0 1 0 0 0 1 1 0 0 0 0
280	12	1 1 1 1 0 1 0 0 1 0 0 1 0 0 0 0
280	42	1 1 1 1 0 1 0 0 0 1 0 1 0 1 0 0
280	8	1 1 0 1 1 0 0 1 0 0 0 0 0 0 0 0
280	31	1 1 1 1 0 1 0 0 0 0 0 1 0 1 1 0
280	17	1 1 1 1 0 1 0 1 0 0 0 1 1 1 0 0
280	2	1 1 0 0 0 1 0 0 0 0 1 1 0 0 0 1
280	16	1 0 1 1 0 1 1 1 0 1 1 1 0 0 1 0
280	11	0 1 1 1 0 1 0 0 0 0 0 1 0 1 0 0
280	16	1 1 0 1 0 1 0 1 0 0 1 0 0 0 0 0
280	8	0 1 1 1 0 1 0 0 1 1 0 1 0 0 0 0
280	5	1 1 0 1 0 1 1 0 0 0 0 1 1 1 0 0
280	6	1 0 1 1 0 1 1 0 1 0 0 1 0 0 0 0
280	22	1 1 0 1 0 1 0 1 0 0 0 1 0 0 0 0
280	28	1 1 1 1 0 1 0 0 0 0 1 1 1 1 0 0
280	16	1 1 1 1 0 1 0 0 0 0 0 0 0 0 0 0
280	58	1 0 0 1 1 0 0 1 0 0 1 1 0 0 0 0
280	12	0 0 1 1 0 1 0 0 0 0 0 0 0 0 0 0
280	2	1 1 1 1 0 1 1 0 1 0 0 1 0 1 0 0
280	7	1 0 1 1 0 0 0 0 1 0 1 1 0 1 0 0
280	12	1 1 0 1 0 0 1 0 1 0 0 1 0 0 0 0
280	2	0 0 1 1 0 1 0 0 0 0 0 1 1 1 0 0
280	31	1 1 0 1 0 1 0 0 0 0 0 0 0 1 0 0
280	14	1 1 1 1 0 1 0 0 1 0 0 0 0 0 0 0
280	18	1 1 1 1 0 1 0 0 0 0 1 1 0 1 0 0
280	12	1 1 0 1 0 0 0 0 1 0 0 1 0 0 0 0
280	18	1 1 1 1 0 1 1 0 0 0 1 0 0 0 0 0
280	31	1 1 1 1 0 1 0 0 1 1 0 1 0 0 0 0
280	9	1 1 0 1 1 0 0 1 0 0 1 1 0 0 0 0
280	4	1 1 0 0 0 1 0 0 0 0 0 0 0 0 0 0
280	2	1 0 0 1 1 1 1 0 0 0 0 1 0 0 0 0
280	2	1 0 1 1 0 1 0 0 1 0 0 0 0 0 0 0
280	11	1 0 1 1 0 1 1 0 0 0 0 1 0 0 0 0
280	7	1 1 0 1 0 1 1 0 0 1 1 1 0 0 0 0
280	1	1 0 1 1 0 1 1 1 1 1 1 1 0 0 1 0
280	2	1 1 0 1 0 1 0 1 0 0 0 0 0 0 0 1
280	9	1 1 1 1 0 1 0 0 0 0 0 0 0 1 1 0
280	5	1 1 1 1 0 1 0 1 0 1 0 1 1 1 0 0
280	2	1 1 1 1 0 1 0 0 0 0 1 1 1 1 1 0
280	3	1 1 0 1 0 0 1 0 1 0 1 1 0 1 0 0
280	7	1 1 0 1 0 0 1 0 0 0 0 0 0 0 1 0
280	10	1 0 1 1 0 0 1 0 0 0 1 1 0 0 0 0
280	2	1 1 0 1 0 1 1 0 0 0 0 1 0 1 0 0
280	8	0 0 1 1 0 1 0 0 0 0 0 1 0 0 0 0
280	2	1 1 1 1 0 0 1 0 0 0 1 1 0 0 0 0
280	1	1 1 1 1 0 1 0 0 0 1 1 1 0 1 0 0
280	2	1 0 1 1 0 1 0 0 0 0 0 1 1 1 1 0
280	3	1 1 0 1 0 1 0 0 0 0 1 1 0 0 0 0
280	4	1 1 1 1 0 1 1 0 0 0 0 1 1 1 0 0
280	1	1 1 1 1 0 1 0 0 1 0 0 1 0 1 0 0
280	4	1 1 0 1 1 0 1 0 1 0 0 1 0 0 0 0
280	1	0 1 0 1 1 0 0 1 0 0 1 1 0 0 0 0
280	1	1 1 0 0 0 1 0 0 0 0 0 1 0 1 0 0
280	2	1 0 1 1 0 1 0 0 0 1 1 1 0 1 0 0
280	1	1 0 1 1 0 1 0 0 0 0 0 1 0 1 0 0
280	3	1 0 1 0 0 1 0 0 0 0 0 0 0 0 0 0
280	4	1 1 0 1 0 1 0 1 1 0 0 1 0 0 0 0
280	5	1 1 0 0 0 1 0 0 0 0 0 1 0 0 0 0
280	1	0 0 1 1 0 0 1 0 0 0 0 0 0 0 0 0
280	2	1 1 1 1 0 1 0 0 1 1 0 1 0 0 0 1
280	2	1 1 1 1 0 1 0 0 1 0 1 0 0 0 0 0
280	4	0 1 1 1 0 1 0 0 0 0 1 0 0 0 0 0
280	2	1 1 1 1 0 1 0 1 1 0 1 1 0 1 0 0
280	2	1 1 0 1 0 0 1 0 1 0 0 1 0 0 1 0
280	3	1 0 0 1 1 1 0 1 0 0 0 1 0 0 0 0
280	1	1 0 1 1 0 1 0 0 0 1 0 0 0 0 0 0
280	1	0 1 1 1 0 0 0 0 0 0 0 1 0 0 0 0
280	1	1 1 1 1 0 1 0 1 1 0 0 1 1 1 0 0
280	1	1 0 0 1 0 1 0 1 0 0 1 0 0 0 0 0
280	1	1 0 0 1 0 1 0 0 0 0 0 0 0 1 0 0
280	2	1 0 0 1 1 1 1 0 0 0 0 1 0 0 0 1
280	1	1 0 1 1 0 1 1 1 0 0 0 1 0 0 0 0
300	34	1 1 0 1 0 1 0 0 0 0 0 1 0 1 0 0
300	8	1 0 0 1 0 1 1 0 1 0 0 1 0 0 0 0
300	24	1 1 1 1 0 1 0 0 0 0 0 1 0 1 0 0
300	11	1 0 0 1 1 1 0 0 0 0 0 1 0 0 0 0
300	32	1 0 1 1 0 1 0 0 0 0 0 1 0 0 0 0
300	36	1 1 1 1 0 1 0 0 0 0 1 1 0 0 0 0
300	118	1 0 1 1 0 1 0 0 0 0 0 0 0 0 0 0
300	27	1 1 0 1 0 1 0 0 0 0 0 0 0 0 0 0
300	8	1 1 0 1 0 1 1 0 0 0 0 1 1 0 0 0
300	3	1 1 1 1 0 1 0 0 0 0 0 1 0 0 0 0
300	77	1 1 1 1 0 1 1 0 1 0 0 1 0 0 0 0
300	13	1 1 0 1 0 1 0 0 1 0 0 1 0 0 0 0
300	15	1 1 0 1 0 0 1 0 0 0 0 0 0 0 0 0
300	13	0 1 1 1 0 1 0 0 0 0 0 1 0 0 0 0
300	53	1 1 1 1 0 1 0 0 0 0 1 0 0 0 0 0
300	14	1 1 1 1 0 1 0 0 0 0 0 1 1 1 0 0
300	5	1 1 0 1 0 0 0 0 0 0 0 0 0 0 1 0
300	7	1 1 0 1 0 0 1 0 0 0 1 1 0 0 0 0
300	3	1 1 1 1 0 1 0 0 1 0 0 1 0 0 0 0
300	9	1 1 1 1 0 1 0 0 0 1 0 1 0 1 0 0
300	14	1 1 0 1 1 0 0 1 0 0 0 0 0 0 0 0
300	14	1 1 1 1 0 1 0 0 0 0 0 1 0 1 1 0
300	2	1 1 0 0 0 1 0 0 0 0 1 1 0 0 0 1
300	6	1 1 0 1 0 1 0 1 0 0 1 0 0 0 0 0
300	6	1 1 1 1 0 1 0 0 0 0 1 1 1 1 0 0
300	42	1 0 0 1 1 0 0 1 0 0 1 1 0 0 0 0
300	1	1 1 1 1 0 1 1 0 1 0 0 1 0 1 0 0
300	14	1 1 0 1 0 0 1 0 1 0 0 1 0 0 0 0
300	21	1 1 0 1 0 1 0 0 0 0 0 0 0 1 0 0
300	3	1 1 1 1 0 1 0 0 0 0 1 1 0 1 0 0
300	13	1 1 1 1 0 1 1 0 0 0 1 0 0 0 0 0
300	14	1 1 1 1 0 1 0 0 1 1 0 1 0 0 0 0
300	9	1 1 1 1 0 1 0 0 0 0 1 1 1 1 1 0
300	9	0 0 1 1 0 1 0 0 0 0 0 1 0 0 0 0
300	5	1 1 0 1 0 1 0 0 0 0 1 1 0 0 0 0
300	21	1 1 1 1 0 1 1 0 0 0 0 1 1 1 0 0
300	8	1 1 0 1 1 0 1 0 1 0 0 1 0 0 0 0
300	2	1 0 1 1 0 1 0 0 0 1 1 1 0 1 0 0
300	2	1 0 1 1 0 1 0 0 0 0 0 1 0 1 0 0
300	3	1 1 0 0 0 1 0 0 0 0 0 1 0 0 0 0
300	13	1 1 1 1 0 1 0 1 1 0 1 1 0 1 0 0
300	7	1 1 1 1 0 1 0 0 0 0 0 0 0 1 0 0
300	7	1 1 1 1 1 1 0 0 0 1 0 1 0 1 0 0
300	7	0 0 1 1 0 0 0 0 0 0 0 0 0 0 0 0
300	10	1 0 0 1 1 1 0 0 1 0 0 1 1 0 0 0
300	16	1 1 0 1 0 1 1 0 1 0 0 1 0 0 0 0
300	13	1 0 0 1 1 1 1 0 0 0 0 1 0 1 0 0
300	4	0 1 1 0 0 1 0 0 0 0 0 1 0 0 0 0
300	2	1 1 1 1 0 1 0 0 1 1 0 1 0 0 0 1
300	5	1 1 0 1 0 1 0 1 0 0 0 1 0 1 0 0
300	7	1 0 1 1 0 0 1 0 0 0 1 1 1 0 0 0
300	3	1 1 1 1 0 1 1 0 1 0 0 1 1 0 0 0
300	2	1 0 0 1 0 1 0 0 0 0 0 0 0 1 0 0
300	3	1 1 1 1 0 1 1 0 0 0 0 1 0 1 1 0
300	1	1 1 1 1 0 1 1 0 0 0 0 1 0 0 0 0
300	6	1 1 1 1 1 1 0 0 0 0 0 1 0 0 0 0
300	4	0 1 1 0 0 1 0 0 1 0 0 1 0 0 0 0
300	8	1 1 1 1 0 1 0 0 1 1 0 1 0 1 0 0
300	5	1 1 1 1 0 1 1 0 1 0 0 1 0 0 1 0
300	7	1 1 0 1 0 1 0 0 1 0 0 1 1 1 0 0
300	3	0 1 1 0 0 1 0 0 0 0 1 0 0 0 0 0
300	4	1 1 0 1 0 1 0 0 1 0 0 1 0 1 0 0
300	6	1 1 1 1 0 1 0 0 1 0 1 0 0 0 0 0
300	4	1 1 1 1 0 1 0 1 0 0 1 0 0 0 0 0
300	7	1 1 0 1 0 1 0 0 0 1 0 1 0 1 0 0
300	6	1 0 0 1 1 0 0 1 0 0 1 1 1 0 0 0
300	1	1 0 1 1 0 1 0 0 0 1 1 1 1 1 0 0
300	7	1 0 1 1 0 1 0 1 0 0 0 1 0 0 0 0
300	7	1 0 1 1 0 1 1 1 0 0 0 1 1 1 0 0
300	1	1 0 1 1 0 1 0 0 0 0 1 1 1 1 1 0
300	9	1 1 0 0 0 1 0 0 0 1 0 1 0 1 0 0
300	1	1 1 1 1 0 1 1 1 1 0 0 1 0 0 0 0
300	3	0 1 1 1 0 1 0 0 0 0 1 0 0 0 0 0
300	9	1 1 1 1 0 1 1 0 0 0 0 1 0 1 0 0
300	1	1 1 0 1 1 0 0 1 0 0 1 1 1 0 0 0
300	1	1 1 1 1 0 0 0 0 0 0 1 1 0 0 0 0
300	2	1 1 0 1 0 1 0 1 0 0 1 0 1 0 0 0
300	3	1 1 0 1 0 1 0 1 0 0 0 0 0 1 0 0
300	5	1 0 1 1 0 1 0 0 0 0 0 0 0 1 0 0
300	2	1 0 1 1 0 1 1 0 0 0 0 1 1 1 0 0
300	2	1 1 1 1 0 0 1 0 1 0 0 1 0 0 0 0
300	1	1 1 0 1 0 1 0 0 0 0 1 1 0 1 0 0
300	4	1 1 0 1 0 1 0 0 0 0 0 1 0 1 0 1
300	4	1 1 1 1 1 1 0 0 0 0 1 0 0 0 0 0
300	1	1 1 0 1 1 0 1 0 1 0 0 1 0 1 0 0
300	2	1 1 1 1 0 0 0 0 0 0 1 1 0 1 0 1
300	3	1 0 1 1 0 0 1 0 0 0 0 0 0 0 0 0
300	4	1 0 1 1 0 0 0 0 0 0 0 0 0 0 1 0
300	4	1 1 0 1 1 0 0 1 0 0 1 1 0 0 0 0
300	4	1 1 1 0 0 1 1 0 1 0 0 1 0 0 0 0
300	1	1 1 1 1 0 1 0 0 0 0 1 0 1 0 0 0
300	1	1 1 1 0 0 1 0 0 0 0 1 1 0 1 0 0
300	2	1 1 1 1 0 1 0 0 1 1 0 1 1 0 0 0
300	3	1 1 1 1 0 1 0 0 0 0 1 0 0 1 0 0
300	2	1 1 1 0 1 1 0 0 0 1 0 1 0 1 0 0
300	3	1 0 0 1 1 1 1 0 0 0 0 1 0 0 0 0
300	4	1 0 0 1 1 1 1 0 0 1 0 1 0 1 0 0
300	4	1 1 1 1 0 1 1 0 1 0 0 1 0 1 1 0
300	3	1 1 1 1 0 1 1 0 1 0 0 0 0 0 0 0
300	3	1 0 1 1 0 0 1 0 1 0 0 1 0 0 0 0
300	1	1 1 0 0 0 1 0 1 0 0 1 0 0 0 0 0
300	3	1 1 1 1 0 1 0 0 1 1 0 0 0 0 0 0
300	1	1 1 0 0 0 1 0 0 0 1 1 0 0 0 0 0
300	3	0 1 1 1 0 1 0 0 0 0 1 1 1 1 1 0
300	1	1 0 1 1 0 1 0 0 1 1 0 1 0 0 0 0
300	1	1 1 1 0 0 1 0 0 1 1 0 1 0 0 0 0
300	1	0 0 1 1 0 0 0 1 0 0 0 0 0 0 0 0
300	2	1 1 0 1 0 1 1 0 1 0 0 1 0 0 0 1
300	1	1 0 1 1 0 1 0 1 0 0 0 1 1 1 0 0
320	2	1 1 0 1 0 1 0 0 0 0 0 1 0 1 0 0
320	75	1 1 1 1 0 1 0 0 0 0 0 1 0 1 0 0
320	47	1 0 1 1 0 1 0 0 0 0 0 1 0 0 0 0
320	9	1 1 1 1 0 1 0 0 0 0 1 1 0 0 0 0
320	88	1 0 1 1 0 1 0 0 0 0 0 0 0 0 0 0
320	47	1 1 0 1 0 1 0 0 0 0 0 0 0 0 0 0
320	10	1 1 1 1 0 1 0 0 0 0 0 1 0 0 0 0
320	97	1 1 1 1 0 1 1 0 1 0 0 1 0 0 0 0
320	18	1 1 0 1 0 1 0 0 1 0 0 1 0 0 0 0
320	79	1 1 1 1 0 1 0 0 0 0 1 0 0 0 0 0
320	10	1 1 1 1 0 1 0 0 0 0 0 1 1 1 0 0
320	17	1 1 1 1 0 1 0 0 0 1 0 1 0 1 0 0
320	13	1 1 1 1 0 1 0 0 0 0 0 1 0 1 1 0
320	6	1 1 1 1 0 1 0 0 0 0 1 1 1 1 0 0
320	15	1 0 0 1 1 0 0 1 0 0 1 1 0 0 0 0
320	17	1 1 0 1 0 1 0 0 0 0 0 0 0 1 0 0
320	6	1 1 1 1 0 1 0 0 0 0 1 1 0 1 0 0
320	6	1 1 1 1 0 1 0 0 1 1 0 1 0 0 0 0
320	6	1 1 0 1 1 0 1 0 1 0 0 1 0 0 0 0
320	5	1 1 0 0 0 1 0 0 0 0 0 1 0 0 0 0
320	7	1 1 1 1 0 1 0 0 0 0 0 0 0 1 0 0
320	4	1 0 0 1 1 1 0 0 1 0 0 1 1 0 0 0
320	7	1 1 0 1 0 1 1 0 1 0 0 1 0 0 0 0
320	29	1 1 0 1 0 1 0 1 0 0 0 1 0 1 0 0
320	6	1 1 1 1 0 1 1 0 0 0 0 1 0 0 0 0
320	11	1 1 0 1 0 1 0 0 1 0 0 1 0 1 0 0
320	7	1 1 1 1 0 1 0 1 0 0 1 0 0 0 0 0
320	8	1 1 1 1 0 1 1 0 0 0 0 1 0 1 0 0
320	19	1 0 1 1 0 0 0 0 0 0 0 0 0 0 1 0
320	14	1 1 1 0 0 1 1 0 1 0 0 1 0 0 0 0
320	16	1 1 1 1 0 1 1 0 1 0 0 0 0 0 0 0
320	30	1 0 1 1 0 0 1 0 1 0 0 1 0 0 0 0
320	22	1 1 1 1 0 1 0 0 1 1 0 0 0 0 0 0
320	1	1 1 0 1 0 1 1 0 0 0 0 1 1 1 0 0
320	8	1 1 0 1 0 1 1 0 0 0 0 1 1 0 0 1
320	8	1 0 1 1 0 1 0 0 0 0 1 1 0 0 0 0
320	18	1 1 1 1 0 1 0 0 0 0 1 1 1 0 0 0
320	3	1 1 1 1 0 1 1 0 1 0 0 0 1 0 0 0
320	11	1 1 0 1 0 0 1 0 0 0 0 1 0 0 0 0
320	10	1 1 1 1 0 1 1 0 1 0 1 1 0 0 0 0
320	7	1 1 1 1 0 1 0 0 1 0 1 0 0 0 0 0
320	3	1 1 1 1 0 1 0 0 0 0 0 0 1 1 0 0
320	4	1 1 1 1 0 0 1 0 0 0 1 1 0 0 0 0
320	1	1 1 1 1 0 1 0 0 1 0 0 1 0 0 0 0
320	11	1 1 1 1 0 1 0 0 0 1 0 1 0 1 1 0
320	6	1 1 0 1 0 1 0 0 0 0 0 0 0 0 1 0
320	16	1 1 1 1 0 1 1 0 1 0 0 1 0 1 0 0
320	7	1 1 1 1 0 1 1 1 1 0 0 1 0 0 0 0
320	3	1 0 1 1 0 1 0 0 0 0 1 0 0 0 0 0
320	1	1 1 1 1 0 1 0 0 0 0 1 0 0 0 1 0
320	3	1 0 1 1 0 1 0 0 0 0 0 1 1 1 0 0
320	3	1 1 1 1 0 1 1 0 0 0 0 0 0 0 0 0
320	2	0 0 1 1 0 1 1 0 1 0 0 1 0 0 0 0
320	4	1 1 0 1 0 1 0 0 0 0 0 1 0 0 0 0
320	13	1 0 1 1 0 0 0 0 0 0 0 0 0 0 0 0
320	1	1 1 0 1 0 0 1 0 0 1 0 0 0 0 0 0
320	2	1 0 0 1 0 1 1 0 1 0 0 1 0 0 0 0
320	4	1 1 0 1 0 1 1 0 0 1 0 1 1 0 0 1
320	9	1 1 0 0 0 1 0 0 0 1 0 1 0 0 0 0
320	1	1 1 1 1 0 1 0 0 0 0 1 0 1 0 0 0
320	1	1 0 0 1 0 1 0 1 0 0 0 1 0 1 0 0
320	3	0 1 0 1 0 1 0 1 0 0 0 1 0 1 0 0
320	6	1 0 0 1 0 0 0 0 0 0 0 0 0 0 1 0
320	1	1 1 0 1 0 1 1 0 0 1 0 0 1 0 0 1
320	8	1 0 0 1 0 0 0 1 0 0 1 1 0 0 0 0
320	1	1 0 1 1 0 1 0 0 0 0 0 1 0 1 1 0
320	2	1 1 1 1 0 1 0 0 0 0 0 0 0 0 1 0
320	7	1 0 1 1 0 1 0 0 0 0 0 0 0 0 1 0
320	1	0 1 0 1 0 0 1 1 0 0 1 1 0 0 0 0
320	2	1 0 1 1 1 1 0 0 0 0 0 1 1 1 0 0
320	2	1 1 1 1 0 0 0 0 0 0 0 1 1 1 0 0
320	4	1 1 0 1 0 1 1 0 1 1 0 0 1 0 0 1
320	3	1 1 1 1 0 1 0 1 0 0 0 1 0 1 0 0
320	5	1 1 0 1 0 0 1 0 1 0 1 1 0 0 0 0
320	5	1 0 1 1 0 1 0 0 0 0 0 1 1 0 0 1
320	1	1 1 1 1 0 1 1 0 1 0 0 1 0 0 0 1
320	1	0 1 1 1 0 1 0 0 0 0 1 0 0 0 0 0
320	2	1 0 0 1 1 0 1 1 0 0 1 1 0 0 0 0
320	1	1 0 1 1 0 1 0 0 0 0 0 1 0 1 0 0
320	4	1 1 0 1 0 1 0 0 1 1 0 0 0 0 0 0
320	2	1 0 1 1 0 1 0 0 0 0 0 1 0 0 1 0
320	3	1 1 1 1 0 1 0 0 0 0 0 0 0 0 0 0
320	2	1 0 1 1 1 0 0 1 0 0 1 1 0 0 0 0
320	1	1 1 1 1 0 1 1 0 1 0 1 1 0 1 0 0
320	1	1 1 0 1 0 0 0 0 0 1 0 0 0 0 0 0
320	2	1 1 1 1 0 1 0 0 0 0 0 1 1 0 0 1
320	1	1 0 0 1 1 0 0 0 0 0 0 0 0 0 1 0
320	2	1 1 1 1 0 1 0 1 0 0 0 0 0 0 0 0
320	3	1 1 0 1 0 1 1 0 0 1 0 1 1 1 0 0
320	2	0 0 1 1 0 1 0 0 0 0 0 0 0 0 0 0
320	2	1 1 1 1 0 1 0 0 0 0 0 1 1 1 0 1
320	1	1 1 0 1 0 1 0 1 0 1 0 1 0 1 0 0
320	2	0 1 1 1 0 1 0 1 0 0 1 0 0 0 0 0
320	1	1 1 1 0 0 1 1 0 1 0 0 1 0 0 1 0
320	2	1 1 0 1 0 1 1 0 0 0 0 1 1 0 0 0
340	64	1 1 1 1 0 1 0 0 0 0 0 1 0 1 0 0
340	1	1 0 1 1 0 1 0 0 0 0 0 1 0 0 0 0
340	18	1 1 1 1 0 1 0 0 0 0 1 1 0 0 0 0
340	44	1 0 1 1 0 1 0 0 0 0 0 0 0 0 0 0
340	68	1 1 0 1 0 1 0 0 0 0 0 0 0 0 0 0
340	39	1 1 1 1 0 1 0 0 0 0 0 1 0 0 0 0
340	114	1 1 1 1 0 1 1 0 1 0 0 1 0 0 0 0
340	3	1 1 0 1 0 1 0 0 1 0 0 1 0 0 0 0
340	98	1 1 1 1 0 1 0 0 0 0 1 0 0 0 0 0
340	4	1 1 1 1 0 1 0 0 0 0 0 1 1 1 0 0
340	7	1 1 1 1 0 1 0 0 0 0 0 1 0 1 1 0
340	7	1 0 0 1 1 0 0 1 0 0 1 1 0 0 0 0
340	3	1 1 0 1 0 1 0 0 0 0 0 0 0 1 0 0
340	12	1 1 0 1 0 1 1 0 1 0 0 1 0 0 0 0
340	14	1 1 0 1 0 1 0 1 0 0 0 1 0 1 0 0
340	6	1 1 1 1 0 1 1 0 0 0 0 1 0 0 0 0
340	4	1 0 1 1 0 0 0 0 0 0 0 0 0 0 1 0
340	26	1 1 1 1 0 1 1 0 1 0 0 0 0 0 0 0
340	9	1 0 1 1 0 0 1 0 1 0 0 1 0 0 0 0
340	6	1 1 1 1 0 1 0 0 1 1 0 0 0 0 0 0
340	6	1 1 1 1 0 1 0 0 0 0 1 1 1 0 0 0
340	40	1 1 1 1 0 1 1 0 1 0 1 1 0 0 0 0
340	13	1 1 1 1 0 1 0 0 1 0 1 0 0 0 0 0
340	2	1 1 0 1 0 1 0 0 0 0 0 0 0 0 1 0
340	24	1 1 1 1 0 1 1 0 1 0 0 1 0 1 0 0
340	20	1 0 1 1 0 0 0 0 0 0 0 0 0 0 0 0
340	4	1 1 0 0 0 1 0 0 0 1 0 1 0 0 0 0
340	11	1 0 0 1 0 0 0 1 0 0 1 1 0 0 0 0
340	6	1 0 1 1 0 1 0 0 0 0 0 0 0 0 1 0
340	1	1 1 0 1 0 0 1 0 1 0 1 1 0 0 0 0
340	5	1 0 1 1 0 1 0 0 0 0 0 1 1 0 0 1
340	3	1 1 1 1 0 1 0 0 0 0 0 0 0 0 0 0
340	2	1 1 1 1 0 1 1 0 1 0 1 1 0 1 0 0
340	20	1 1 1 0 0 1 1 0 1 0 0 1 0 0 1 0
340	14	1 1 1 1 0 1 0 0 0 0 0 1 1 1 1 0
340	16	1 1 1 0 0 1 0 0 0 0 1 0 0 0 0 0
340	12	1 1 1 1 0 1 1 0 1 0 0 0 1 0 0 0
340	2	1 0 1 1 0 0 1 0 1 0 0 1 0 0 0 1
340	13	1 1 0 1 0 1 1 0 0 0 0 1 1 0 0 0
340	4	1 0 1 1 0 1 0 0 0 0 0 0 0 1 0 0
340	14	1 0 0 1 0 1 0 0 1 0 0 1 0 1 0 0
340	5	1 1 1 1 0 1 0 0 1 0 0 0 0 0 0 0
340	17	1 1 1 1 0 1 1 1 1 0 1 1 0 0 0 0
340	3	1 1 1 1 0 1 0 0 0 0 0 1 0 0 1 0
340	5	1 1 1 1 0 1 0 1 0 0 0 1 0 1 0 0
340	1	1 1 1 1 0 1 0 0 0 0 1 1 0 1 0 1
340	1	1 0 1 1 1 0 0 0 0 0 0 0 0 0 0 0
340	11	1 0 1 1 0 0 0 0 0 0 0 1 1 0 0 1
340	14	1 1 1 1 0 1 1 0 1 0 1 0 0 0 0 0
340	5	1 0 1 1 1 0 0 0 0 0 0 0 0 0 1 0
340	1	1 1 1 1 0 0 0 0 1 0 0 0 0 0 0 0
340	3	1 1 1 1 0 1 0 1 0 0 1 0 0 0 0 1
340	5	1 1 1 1 0 1 1 1 1 0 0 1 0 1 0 0
340	14	1 1 0 1 0 1 1 1 0 0 0 1 0 0 0 1
340	4	1 1 0 1 0 1 1 0 0 0 0 1 1 0 0 1
340	3	1 0 1 1 0 1 1 0 1 0 0 0 0 0 0 0
340	10	1 1 0 1 0 1 0 0 0 0 0 1 0 1 0 0
340	4	1 1 0 1 0 1 0 0 1 0 1 1 0 1 0 0
340	1	1 0 1 1 0 0 0 0 0 0 0 1 0 1 0 0
340	5	1 0 0 1 0 0 0 0 0 0 0 1 0 0 0 0
340	7	1 0 1 1 0 1 0 0 0 0 1 1 0 0 0 0
340	13	1 1 1 1 1 1 0 0 0 0 0 1 0 1 0 0
340	5	0 1 1 1 0 1 0 0 0 0 0 1 0 0 0 0
340	4	1 1 1 1 0 0 1 0 1 0 0 1 0 0 0 0
340	1	1 1 1 1 0 1 0 0 0 0 1 0 1 0 0 0
340	13	1 1 0 1 1 1 0 0 1 0 0 1 0 1 0 0
340	1	1 1 1 1 0 1 0 1 0 0 1 1 0 0 0 0
340	2	1 1 0 1 0 1 0 0 0 0 1 0 0 0 0 0
340	1	1 1 1 1 0 1 0 0 0 0 1 0 0 0 1 0
340	1	1 1 1 1 0 1 1 0 1 0 0 1 0 0 0 1
340	5	1 1 1 1 0 1 1 0 0 0 0 0 0 0 0 0
340	5	1 1 0 1 0 1 0 1 0 0 0 0 0 0 0 0
340	3	1 1 1 1 0 1 0 0 0 1 1 0 0 0 0 0
340	1	1 0 0 1 0 0 0 1 0 0 0 0 0 1 0 0
340	2	1 0 0 1 0 1 0 0 0 0 0 0 0 0 0 0
340	1	0 1 1 1 0 1 0 0 0 0 0 1 1 1 0 0
340	4	1 1 1 1 0 1 1 0 0 0 1 1 0 0 0 0
340	1	1 1 0 1 0 1 1 0 0 0 0 0 0 0 1 0
340	2	1 0 1 1 0 1 1 0 1 0 0 1 0 1 0 0
340	2	1 0 0 1 0 0 0 1 0 1 1 1 0 0 0 0
340	1	1 0 1 1 0 1 0 0 0 0 0 0 1 1 0 0
340	1	1 1 1 1 0 1 1 1 1 0 1 1 1 0 0 0
340	1	1 0 1 1 1 1 0 0 0 0 0 0 0 0 1 0
340	1	1 1 1 1 0 0 0 0 0 0 0 1 1 0 0 1
340	1	1 1 0 1 0 1 0 0 1 0 0 1 0 1 0 0
340	2	1 1 1 0 0 1 1 0 1 0 0 1 0 0 0 0
340	1	1 1 1 1 0 0 0 0 0 0 0 1 0 0 0 0
340	2	1 0 1 1 0 1 0 0 0 0 0 1 1 1 0 0
340	3	1 0 0 1 1 0 0 1 0 0 1 1 0 0 1 0
340	1	0 0 0 1 0 0 0 1 0 0 1 1 0 0 0 0
340	1	1 1 0 1 0 1 0 0 1 0 0 1 0 0 1 0
340	2	1 1 1 1 0 1 1 0 0 0 1 0 0 0 0 0
340	1	1 1 1 1 0 1 1 1 0 0 0 1 0 0 0 1
340	2	1 1 1 1 1 1 0 0 0 0 0 1 0 0 0 0
340	1	1 1 1 1 0 1 0 0 0 0 1 1 0 0 0 1
340	1	1 1 0 1 0 1 0 0 0 1 0 0 0 0 0 0
340	1	1 1 0 1 0 1 0 1 0 0 1 1 0 1 0 0
340	1	1 1 1 1 0 1 1 0 1 1 0 0 0 0 0 0
340	1	1 1 1 1 0 1 0 0 1 1 1 0 0 0 0 0
340	2	1 1 1 1 0 0 1 0 1 0 0 1 0 1 0 0
340	1	1 0 0 1 0 0 0 0 0 0 0 0 0 0 0 0
340	1	1 1 1 1 0 0 1 0 1 0 1 0 0 0 0 0
340	3	1 1 1 1 1 1 1 0 0 0 0 1 0 1 0 0
340	3	0 1 1 1 0 1 0 0 0 1 0 0 0 0 0 0
360	45	1 1 1 1 0 1 0 0 0 0 0 1 0 1 0 0
360	21	1 1 1 1 0 1 0 0 0 0 1 1 0 0 0 0
360	46	1 0 1 1 0 1 0 0 0 0 0 0 0 0 0 0
360	11	1 1 0 1 0 1 0 0 0 0 0 0 0 0 0 0
360	20	1 1 1 1 0 1 0 0 0 0 0 1 0 0 0 0
360	153	1 1 1 1 0 1 1 0 1 0 0 1 0 0 0 0
360	37	1 1 1 1 0 1 0 0 0 0 1 0 0 0 0 0
360	8	1 1 0 1 0 1 0 0 0 0 0 0 0 1 0 0
360	24	1 1 0 1 0 1 0 1 0 0 0 1 0 1 0 0
360	29	1 1 1 1 0 1 1 0 1 0 0 0 0 0 0 0
360	10	1 0 1 1 0 0 1 0 1 0 0 1 0 0 0 0
360	40	1 1 1 1 0 1 0 0 1 1 0 0 0 0 0 0
360	38	1 1 1 1 0 1 1 0 1 0 1 1 0 0 0 0
360	7	1 1 1 1 0 1 1 0 1 0 0 1 0 1 0 0
360	18	1 1 1 0 0 1 1 0 1 0 0 1 0 0 1 0
360	6	1 1 1 0 0 1 0 0 0 0 1 0 0 0 0 0
360	1	1 1 1 1 0 1 1 0 1 0 0 0 1 0 0 0
360	2	1 1 0 1 0 1 1 0 0 0 0 1 1 0 0 0
360	1	1 1 1 1 0 1 0 0 1 0 0 0 0 0 0 0
360	21	1 1 1 1 0 1 1 1 1 0 1 1 0 0 0 0
360	5	1 1 1 1 0 1 0 1 0 0 0 1 0 1 0 0
360	11	1 0 1 1 0 0 0 0 0 0 0 1 1 0 0 1
360	16	1 1 1 1 0 1 1 0 1 0 1 0 0 0 0 0
360	30	1 1 0 1 0 1 1 1 0 0 0 1 0 0 0 1
360	43	1 1 1 1 1 1 0 0 0 0 0 1 0 1 0 0
360	13	1 1 0 1 1 1 0 0 1 0 0 1 0 1 0 0
360	16	1 1 1 1 0 1 1 0 0 0 0 0 0 0 0 0
360	6	1 1 0 1 0 1 0 1 0 0 0 0 0 0 0 0
360	10	1 1 1 1 0 1 0 0 0 1 1 0 0 0 0 0
360	8	1 0 0 1 0 1 0 0 0 0 0 0 0 0 0 0
360	2	1 1 0 1 0 1 0 0 1 0 0 1 0 1 0 0
360	3	1 1 1 0 0 1 1 0 1 0 0 1 0 0 0 0
360	14	1 1 1 1 0 1 1 0 0 0 1 0 0 0 0 0
360	2	1 1 1 1 1 1 0 0 0 0 1 0 0 0 0 0
360	7	0 1 1 1 0 1 1 0 1 0 0 1 0 1 0 0
360	9	1 1 1 1 0 1 1 0 0 0 0 0 1 0 0 0
360	6	1 1 1 1 1 1 0 1 0 0 0 1 0 1 0 0
360	6	1 1 1 0 0 1 0 0 0 0 0 0 0 1 0 0
360	22	1 1 1 1 0 1 0 0 0 1 1 0 1 0 0 0
360	3	1 1 1 1 0 1 1 0 1 1 0 1 0 0 0 0
360	25	1 1 1 1 0 1 0 0 0 0 1 1 0 1 0 0
360	6	1 0 1 1 0 0 0 0 0 0 0 1 0 0 0 0
360	7	1 1 1 1 0 1 1 0 1 0 0 0 1 1 0 0
360	11	1 1 1 1 0 1 0 0 1 0 0 1 0 0 0 0
360	1	1 1 0 0 1 1 0 0 1 0 0 0 0 0 0 0
360	9	1 1 0 1 0 1 0 0 0 0 0 1 0 1 0 0
360	1	1 0 1 0 0 1 0 0 0 0 1 0 0 0 0 0
360	7	1 1 1 1 0 1 1 0 1 0 0 1 1 0 0 0
360	13	1 0 1 1 0 0 0 0 0 0 0 1 0 1 0 0
360	3	1 1 1 1 0 1 1 0 0 0 0 0 0 1 0 0
360	11	1 1 1 1 0 1 0 0 1 0 1 0 0 0 0 1
360	6	1 1 0 1 0 1 0 0 1 0 0 1 0 1 1 0
360	1	1 1 1 1 1 1 0 0 0 0 1 1 0 0 0 0
360	4	1 1 1 1 0 0 0 0 0 0 1 0 0 0 0 0
360	3	1 0 1 1 0 1 0 0 0 0 0 1 1 0 0 1
360	4	1 1 1 1 0 0 1 0 1 0 0 1 0 0 0 0
360	1	1 1 0 1 0 1 0 1 1 0 0 1 0 1 0 0
360	2	1 1 1 1 0 1 1 0 1 0 0 1 0 1 1 0
360	1	1 1 1 0 0 1 1 0 1 0 0 1 0 0 0 1
360	10	1 1 1 1 0 1 0 0 0 0 0 0 0 0 0 0
360	10	1 1 1 1 0 1 0 0 0 0 1 0 1 0 0 0
360	4	1 1 1 1 0 1 1 0 1 1 0 0 0 0 0 0
360	4	1 0 1 0 0 1 1 0 1 0 0 1 0 0 1 0
360	3	1 1 1 1 0 1 1 0 0 0 0 0 1 1 0 0
360	5	1 1 1 1 0 0 1 0 1 0 0 1 0 1 0 0
360	12	0 1 1 1 1 1 1 0 1 0 0 1 0 1 0 0
360	5	1 1 1 1 1 1 0 0 0 0 1 1 0 1 0 0
360	2	1 1 1 1 0 1 0 0 1 1 1 0 0 0 0 1
360	3	1 1 1 1 0 1 0 0 0 0 1 1 0 0 1 0
360	3	1 1 1 1 0 1 1 1 1 0 0 1 0 0 0 0
360	5	1 1 1 1 0 1 1 0 1 0 1 1 0 1 0 0
360	1	1 1 1 1 1 1 0 0 0 0 0 1 0 1 0 1
360	2	1 0 0 1 0 1 0 0 1 0 0 1 1 1 0 1
360	7	1 1 1 1 0 1 1 0 1 0 0 1 0 0 0 1
360	3	0 1 1 1 0 1 1 1 0 0 0 1 0 0 0 1
360	1	1 1 1 1 0 1 1 0 0 0 0 0 0 0 1 0
360	1	1 1 1 1 0 1 0 0 0 0 1 0 1 1 0 0
360	3	1 0 1 1 0 1 1 0 1 0 0 1 0 0 0 0
360	1	0 1 1 1 0 1 0 0 0 0 1 0 0 0 0 0
360	1	1 0 1 1 0 1 0 0 0 0 1 0 0 0 0 0
360	1	1 1 1 1 1 1 1 0 0 0 0 0 0 0 0 0
360	3	1 1 1 1 0 1 0 0 0 1 1 0 1 0 0 1
360	4	0 1 1 1 0 1 0 0 1 0 0 1 0 0 0 0
360	2	1 0 1 1 0 0 0 1 0 0 0 0 1 0 0 0
360	4	1 0 1 1 0 1 1 0 0 0 0 0 1 0 0 0
360	1	1 1 1 1 0 1 1 1 1 0 1 1 0 1 0 0
360	2	1 1 0 1 0 1 1 1 0 0 0 1 1 0 0 1
360	3	0 1 1 1 0 0 1 0 1 0 0 1 0 0 0 0
360	1	1 1 1 1 0 1 1 0 1 0 0 0 0 1 0 0
360	1	1 1 0 1 1 1 0 0 1 0 0 1 0 0 0 0
360	1	1 1 1 1 0 1 0 0 0 0 1 0 0 1 0 0
360	1	1 1 0 1 0 1 0 1 0 0 0 1 0 1 0 1
360	1	1 0 1 1 0 1 1 0 1 0 0 0 0 0 0 0
360	2	1 1 1 1 0 1 1 0 0 1 1 0 0 0 0 0
360	1	1 1 1 1 0 1 1 0 1 1 0 1 0 1 1 0
380	26	1 1 1 1 0 1 0 0 0 0 0 1 0 1 0 0
380	41	1 1 1 1 0 1 0 0 0 0 1 1 0 0 0 0
380	5	1 0 1 1 0 1 0 0 0 0 0 0 0 0 0 0
380	13	1 1 0 1 0 1 0 0 0 0 0 0 0 0 0 0
380	11	1 1 1 1 0 1 0 0 0 0 0 1 0 0 0 0
380	197	1 1 1 1 0 1 1 0 1 0 0 1 0 0 0 0
380	48	1 1 1 1 0 1 0 0 0 0 1 0 0 0 0 0
380	20	1 1 0 1 0 1 0 1 0 0 0 1 0 1 0 0
380	46	1 1 1 1 0 1 1 0 1 0 0 0 0 0 0 0
380	23	1 1 1 1 0 1 1 0 1 0 1 1 0 0 0 0
380	23	1 1 1 1 0 1 1 0 1 0 0 1 0 1 0 0
380	7	1 1 1 0 0 1 1 0 1 0 0 1 0 0 1 0
380	16	1 1 1 1 0 1 1 1 1 0 1 1 0 0 0 0
380	26	1 1 1 1 0 1 1 0 1 0 1 0 0 0 0 0
380	11	1 1 0 1 0 1 1 1 0 0 0 1 0 0 0 1
380	27	1 1 1 1 1 1 0 0 0 0 0 1 0 1 0 0
380	20	1 0 0 1 0 1 0 0 0 0 0 0 0 0 0 0
380	3	1 1 1 0 0 1 1 0 1 0 0 1 0 0 0 0
380	2	1 1 1 1 0 1 1 0 0 0 1 0 0 0 0 0
380	28	1 1 1 1 0 1 0 0 0 1 1 0 1 0 0 0
380	25	1 1 1 1 0 1 1 0 1 1 0 1 0 0 0 0
380	3	1 1 1 1 0 1 0 0 0 0 1 1 0 1 0 0
380	3	1 1 1 1 0 1 1 0 1 0 0 1 1 0 0 0
380	40	1 0 1 1 0 0 0 0 0 0 0 1 0 1 0 0
380	7	1 1 1 1 0 1 1 0 0 0 0 0 0 1 0 0
380	20	1 1 1 1 0 0 0 0 0 0 1 0 0 0 0 0
380	6	1 1 1 1 0 0 1 0 1 0 0 1 0 0 0 0
380	21	1 1 1 1 0 1 0 0 0 0 0 0 0 0 0 0
380	58	1 1 1 1 0 1 0 0 0 0 1 0 1 0 0 0
380	1	1 1 1 1 1 1 0 0 0 0 1 1 0 1 0 0
380	4	1 1 1 1 0 1 1 1 1 0 0 1 0 0 0 0
380	8	1 1 1 0 0 1 1 0 1 0 0 0 0 0 0 0
380	1	1 1 1 1 1 1 0 0 0 0 0 1 0 0 0 0
380	2	1 0 1 1 0 1 1 0 0 0 0 0 1 0 0 0
380	3	0 1 1 1 1 0 1 0 1 0 0 1 0 1 0 0
380	2	1 1 1 1 0 1 0 0 1 0 0 0 0 0 0 0
380	5	1 0 1 1 0 1 0 0 0 0 0 1 0 0 0 0
380	2	1 1 1 1 1 0 0 0 0 0 0 1 0 1 0 0
380	8	1 1 1 1 1 1 0 0 1 0 0 1 0 1 0 0
380	7	0 0 1 1 0 0 0 0 0 0 0 1 0 1 0 0
380	8	0 1 1 1 0 1 1 0 1 0 0 1 0 0 0 0
380	13	1 1 1 1 1 1 0 0 0 0 1 1 0 0 0 0
380	3	1 1 1 1 0 1 1 0 1 0 0 1 0 0 1 0
380	13	1 1 1 1 1 1 0 0 1 0 1 1 1 0 0 0
380	11	1 1 0 1 0 1 0 0 1 0 0 1 0 0 0 0
380	4	1 1 1 1 1 1 0 0 1 0 0 1 0 0 0 0
380	4	1 0 1 1 0 1 1 0 1 0 0 1 0 0 0 0
380	7	1 1 1 1 1 1 1 1 1 0 1 1 0 0 0 0
380	19	1 1 1 1 1 1 1 0 0 0 1 1 0 1 0 0
380	3	0 1 1 1 0 1 0 0 0 0 0 1 0 0 0 0
380	1	1 1 0 1 0 1 0 1 0 0 1 1 0 1 0 0
380	3	0 1 1 1 0 1 1 0 1 0 0 0 0 0 0 0
380	5	1 1 1 1 0 1 0 0 0 0 1 1 0 0 0 1
380	1	1 1 0 1 0 1 0 0 0 0 0 1 0 0 0 0
380	5	1 1 1 1 0 1 1 0 1 0 1 1 0 0 0 1
380	3	1 0 1 1 1 1 0 0 0 0 0 1 0 1 0 0
380	5	1 1 0 1 0 1 1 0 0 0 0 0 0 1 0 0
380	6	0 1 1 1 1 0 1 0 1 1 0 1 0 1 0 0
380	7	1 1 1 0 0 1 0 0 0 0 1 1 0 0 0 0
380	4	1 1 1 1 0 1 1 0 1 1 1 0 0 0 0 0
380	8	1 1 1 1 0 1 1 0 0 1 1 0 1 0 0 0
380	3	1 1 1 1 0 1 1 1 1 0 0 0 0 0 0 0
380	2	1 1 1 1 0 1 1 0 0 0 1 0 1 0 0 0
380	4	1 1 0 1 0 1 1 0 1 0 0 1 0 1 0 0
380	2	1 0 0 1 0 1 0 0 1 0 0 0 0 0 0 0
380	4	0 1 1 1 0 1 0 0 0 0 1 0 1 0 0 0
380	3	1 0 1 1 1 1 0 1 0 0 0 1 0 1 0 0
380	2	1 1 0 1 0 1 1 0 1 0 0 1 0 0 0 0
380	2	1 1 1 0 0 1 1 0 1 0 0 1 0 0 1 1
380	1	1 0 0 1 1 1 0 0 0 0 0 0 0 0 0 0
380	3	1 1 1 1 0 0 1 0 0 0 1 0 0 0 0 0
380	1	1 1 1 1 0 1 0 0 0 1 1 0 1 0 1 0
380	2	1 1 0 1 0 1 0 0 1 1 0 0 0 1 0 0
380	7	1 1 1 1 1 1 0 0 1 0 1 1 0 0 0 0
380	1	1 1 1 1 0 1 1 0 1 0 1 1 0 1 0 0
380	1	1 0 1 1 1 1 0 0 0 0 0 0 0 0 0 0
380	2	1 0 1 1 0 0 0 0 0 0 0 0 0 0 0 0
380	1	1 1 0 1 0 1 1 0 1 0 1 0 0 0 0 0
380	1	1 1 1 1 0 1 0 1 0 1 1 0 1 0 0 0
380	3	1 1 1 1 0 1 0 0 0 0 1 0 1 0 1 0
380	1	1 1 1 0 0 0 0 0 0 0 1 1 0 0 0 0
380	1	1 0 0 1 1 1 0 1 0 0 0 1 0 1 0 0
380	1	1 0 1 1 1 1 0 1 0 0 0 1 0 0 0 0
400	27	1 1 1 1 0 1 0 0 0 0 0 1 0 1 0 0
400	32	1 1 1 1 0 1 0 0 0 0 1 1 0 0 0 0
400	28	1 1 1 1 0 1 0 0 0 0 0 1 0 0 0 0
400	285	1 1 1 1 0 1 1 0 1 0 0 1 0 0 0 0
400	17	1 1 1 1 0 1 0 0 0 0 1 0 0 0 0 0
400	8	1 1 0 1 0 1 0 1 0 0 0 1 0 1 0 0
400	18	1 1 1 1 0 1 1 0 1 0 0 0 0 0 0 0
400	15	1 1 1 1 0 1 1 0 1 0 1 1 0 0 0 0
400	14	1 1 1 1 0 1 1 0 1 0 0 1 0 1 0 0
400	29	1 1 1 1 0 1 1 1 1 0 1 1 0 0 0 0
400	2	1 1 0 1 0 1 1 1 0 0 0 1 0 0 0 1
400	24	1 1 1 1 1 1 0 0 0 0 0 1 0 1 0 0
400	6	1 0 0 1 0 1 0 0 0 0 0 0 0 0 0 0
400	6	1 1 1 0 0 1 1 0 1 0 0 1 0 0 0 0
400	27	1 1 1 1 0 1 0 0 0 1 1 0 1 0 0 0
400	7	1 1 1 1 0 1 1 0 1 1 0 1 0 0 0 0
400	9	1 1 1 1 0 1 1 0 1 0 0 1 1 0 0 0
400	4	1 0 1 1 0 0 0 0 0 0 0 1 0 1 0 0
400	13	1 1 1 1 0 1 1 0 0 0 0 0 0 1 0 0
400	10	1 1 1 1 0 0 0 0 0 0 1 0 0 0 0 0
400	7	1 1 1 1 0 1 0 0 0 0 0 0 0 0 0 0
400	44	1 1 1 1 0 1 0 0 0 0 1 0 1 0 0 0
400	29	0 1 1 1 0 1 1 0 1 0 0 1 0 0 0 0
400	11	1 1 1 1 1 1 0 0 0 0 1 1 0 0 0 0
400	8	1 1 0 1 0 1 0 0 1 0 0 1 0 0 0 0
400	16	1 0 1 1 0 1 1 0 1 0 0 1 0 0 0 0
400	11	1 1 1 1 1 1 1 0 0 0 1 1 0 1 0 0
400	11	1 1 1 1 0 1 0 0 0 0 1 1 0 0 0 1
400	13	1 1 1 0 0 1 0 0 0 0 1 1 0 0 0 0
400	18	1 1 1 1 0 1 1 0 0 1 1 0 1 0 0 0
400	13	1 1 0 1 0 1 1 0 1 0 0 1 0 0 0 0
400	19	1 1 1 1 0 0 0 0 1 0 1 0 0 0 0 0
400	4	1 1 1 1 0 1 0 0 1 0 1 0 1 0 0 0
400	7	1 0 1 1 1 0 0 0 0 0 0 0 0 0 0 0
400	6	1 1 1 1 0 1 1 0 1 0 0 0 1 0 0 0
400	3	0 1 1 1 1 0 1 0 0 1 0 1 0 1 0 0
400	14	0 1 1 1 0 1 1 0 0 0 0 1 0 0 0 0
400	3	1 1 1 1 0 0 0 0 1 0 1 1 0 0 0 0
400	9	1 0 1 1 0 1 1 0 1 0 0 1 0 1 0 0
400	26	1 1 1 1 0 1 1 1 1 0 0 1 0 0 0 0
400	8	1 1 1 1 0 1 0 0 0 0 1 0 0 0 1 0
400	3	0 1 1 1 1 1 1 0 0 0 1 1 0 1 0 0
400	2	1 1 1 1 0 1 1 1 0 0 0 1 0 0 0 0
400	2	1 1 1 1 0 1 1 0 0 0 0 0 1 0 0 0
400	1	1 1 1 1 0 1 0 0 0 0 1 1 1 0 0 0
400	3	1 1 1 1 0 1 1 0 0 0 0 0 1 1 0 0
400	2	1 1 1 1 0 1 1 0 0 1 0 1 0 1 0 0
400	1	1 1 0 1 1 0 1 0 1 1 0 1 0 1 0 0
400	3	1 1 1 1 1 1 0 0 0 0 0 1 0 0 0 0
400	4	0 1 1 1 0 1 1 0 1 0 0 0 0 0 0 0
400	1	0 1 1 1 0 1 0 0 0 0 0 1 0 1 0 0
400	7	1 1 1 1 1 1 0 0 0 0 1 1 0 1 0 0
400	5	1 1 1 1 0 0 0 1 0 0 1 0 0 0 0 0
400	13	1 1 1 1 0 0 0 0 0 0 0 1 0 0 1 0
400	2	1 1 1 1 0 1 1 0 0 0 0 1 0 1 0 0
400	9	1 1 1 1 0 1 1 0 1 0 0 0 0 0 1 0
400	7	1 1 1 1 0 0 0 0 0 0 1 0 0 1 0 0
400	8	1 1 1 0 0 1 0 0 0 0 0 1 0 0 0 0
400	9	1 1 1 1 0 1 1 0 1 0 0 1 0 0 0 1
400	6	1 1 0 1 0 1 1 0 0 0 0 0 1 1 0 0
400	5	0 1 1 1 0 1 0 0 0 0 0 1 0 0 0 0
400	4	1 1 1 1 1 1 1 0 1 0 0 1 0 0 0 0
400	4	1 0 1 1 0 1 1 0 1 0 0 1 1 0 0 0
400	1	0 1 1 1 0 1 1 0 1 0 0 0 1 0 0 0
400	1	1 0 0 1 0 1 0 0 0 0 0 1 0 0 0 0
400	1	1 1 0 1 0 1 0 0 0 0 0 1 0 0 0 0
400	1	1 1 0 1 0 1 1 1 1 0 0 1 0 0 0 0
400	1	1 1 0 1 0 1 1 0 1 0 1 0 0 1 0 0
400	1	1 0 1 1 0 1 1 0 1 0 1 1 0 0 0 0
400	1	1 1 1 1 0 1 0 0 0 1 0 0 1 0 0 0
400	5	1 1 1 1 1 1 0 0 1 0 1 1 1 1 0 0
400	1	1 1 0 1 0 0 1 0 1 0 0 1 0 0 0 0
400	2	1 0 1 1 0 1 1 0 1 0 0 0 0 0 0 0
400	1	1 1 1 1 0 1 1 0 1 0 0 1 1 0 0 1
400	3	1 1 1 0 0 0 0 0 0 0 0 1 0 0 1 0
400	5	1 1 1 1 1 1 0 0 0 0 1 0 1 0 0 0
400	3	1 1 1 1 0 0 0 1 0 0 0 1 0 0 0 0
400	3	1 1 1 1 0 0 0 0 0 0 0 1 0 0 0 0
400	1	1 0 1 1 0 1 1 0 1 0 0 1 0 0 0 1
400	2	1 1 1 1 0 1 1 0 0 0 0 1 0 0 0 0
400	1	1 1 1 1 0 1 0 0 1 0 0 1 0 0 0 0
400	2	1 0 0 1 0 1 1 0 1 0 0 1 0 0 0 0
400	2	1 1 1 0 0 0 0 0 0 0 1 1 0 0 1 0
