0	12	1 1 0 0 1 1 1 0 0 0 0 0 0 1 0 0
0	13	0 0 0 1 0 1 0 1 0 0 0 1 0 0 0 0
0	15	0 0 0 0 1 1 0 0 0 0 0 0 1 1 1 0
0	10	0 0 1 0 0 0 0 0 0 1 0 1 0 0 1 0
8	18	1 1 0 0 1 1 1 0 0 0 0 0 0 1 0 0
8	7	0 0 0 1 0 1 0 1 0 0 0 1 0 0 0 0
8	2	0 0 0 0 1 1 0 0 0 0 0 0 1 1 1 0
8	12	0 0 1 0 0 0 0 0 0 1 0 1 0 0 1 0
8	1	0 0 0 1 1 1 0 0 0 0 0 0 1 1 1 0
8	1	1 1 0 0 1 1 1 0 0 1 0 0 0 1 0 0
8	2	1 1 0 0 1 1 0 0 0 0 0 0 0 1 0 0
8	2	1 1 0 0 1 1 1 0 0 0 0 0 1 1 0 0
8	1	1 1 0 0 1 1 1 0 0 0 0 0 0 1 1 0
8	1	0 0 1 0 1 1 0 0 0 0 0 0 1 0 0 0
8	1	0 0 0 1 0 1 0 0 0 0 0 0 1 1 1 0
8	1	0 0 1 0 0 1 0 1 0 0 0 1 0 0 0 0
8	1	0 0 0 0 1 1 0 0 0 0 0 0 0 1 0 0
45	22	1 1 0 0 1 1 1 0 0 0 0 0 0 1 0 0
45	1	1 1 0 0 1 1 0 0 0 0 0 0 0 1 0 0
45	2	1 1 0 0 1 1 1 0 0 0 0 0 1 1 0 0
45	1	1 1 0 0 1 1 1 0 0 0 0 0 0 0 1 0
45	3	1 1 0 0 1 0 1 0 0 0 0 0 0 1 0 0
45	1	1 0 0 0 1 1 1 0 0 0 1 0 0 1 0 0
45	3	0 1 0 0 1 1 1 0 0 0 0 0 0 1 0 0
45	2	1 1 0 1 1 1 1 0 0 0 0 0 0 1 0 0
45	1	1 1 1 0 1 0 0 0 0 0 0 1 0 1 0 0
45	1	1 1 0 0 1 1 0 1 0 0 0 1 0 0 0 0
45	1	1 1 0 0 1 1 1 0 1 0 0 0 0 1 0 0
45	3	1 0 1 0 0 0 0 0 0 1 0 1 0 0 1 0
45	2	1 1 0 0 1 1 0 0 0 1 0 0 0 1 0 0
45	2	1 1 0 0 0 1 1 0 0 0 0 0 0 1 1 0
45	1	1 1 0 1 1 1 1 0 1 0 0 0 0 1 0 0
45	1	1 1 0 0 1 1 1 0 0 1 0 0 0 1 0 0
45	1	1 1 0 0 1 1 1 0 0 0 0 0 0 0 0 1
45	1	1 1 0 0 0 1 1 0 0 0 0 0 0 1 0 1
45	1	1 1 1 0 1 1 1 0 0 0 0 0 0 1 0 0
85	12	1 1 0 0 1 1 1 0 0 0 0 0 0 1 0 0
85	3	1 1 0 0 1 1 1 0 0 0 0 0 0 1 1 0
85	1	1 1 0 0 1 1 1 0 0 0 0 0 0 0 0 0
85	1	1 1 0 0 1 1 1 0 0 0 0 1 0 1 0 0
85	3	1 1 0 0 1 0 1 0 0 0 0 0 0 1 0 0
85	1	1 1 0 1 1 1 1 0 0 0 0 0 0 1 0 0
85	2	1 1 0 0 0 1 1 0 0 0 0 0 0 1 0 0
85	6	1 1 1 0 1 1 1 0 0 0 0 0 0 1 0 0
85	2	1 1 0 0 1 1 1 1 0 0 0 0 0 1 0 0
85	2	0 1 1 0 1 1 1 0 0 0 0 0 0 1 0 0
85	1	1 1 1 0 1 1 0 0 0 0 0 1 0 1 1 0
85	1	0 1 0 0 1 1 1 0 0 0 0 0 1 1 0 0
85	1	1 1 0 0 1 0 1 0 0 0 0 0 0 0 0 0
85	1	1 1 0 0 1 1 1 0 1 0 0 0 1 0 0 0
85	1	1 1 1 0 1 0 1 0 0 0 0 0 0 0 0 0
85	2	1 1 1 0 0 1 1 0 0 0 0 0 0 1 0 0
85	1	1 1 0 1 0 1 1 0 0 0 0 0 0 1 0 0
85	1	1 0 1 0 0 1 0 0 0 1 0 1 0 1 0 0
85	1	1 1 0 0 1 1 0 0 0 1 0 0 0 1 0 0
85	1	1 1 1 0 1 1 1 0 0 0 0 0 0 0 0 0
85	1	1 1 0 0 1 1 0 0 1 0 0 0 1 0 0 0
85	1	1 1 0 1 1 1 0 0 0 0 0 0 1 1 0 0
85	1	1 1 0 0 1 1 0 1 0 1 0 0 0 0 0 0
85	1	1 1 0 0 1 0 1 0 0 1 0 0 0 1 0 0
85	1	1 1 1 0 0 1 1 0 0 0 0 0 1 1 0 0
85	1	1 1 0 0 1 1 0 0 0 1 0 0 0 0 1 0
154	4	1 1 0 0 1 1 1 0 0 0 0 0 0 1 0 0
154	5	1 1 0 0 1 1 1 0 0 0 0 0 0 0 0 0
154	1	1 1 1 0 1 1 1 0 0 0 0 0 0 1 0 0
154	2	1 1 1 0 1 1 1 0 0 0 0 1 0 1 0 0
154	1	1 1 0 0 1 1 0 0 0 0 0 0 0 0 0 0
154	1	1 1 1 0 0 1 1 0 0 0 0 0 0 1 0 0
154	3	1 1 0 1 0 1 1 0 0 0 0 0 0 1 0 0
154	4	1 1 0 1 1 1 1 0 0 0 0 0 0 0 0 0
154	1	1 1 0 1 1 0 1 0 0 0 0 0 0 1 0 0
154	1	1 1 1 0 1 1 1 0 0 1 0 0 0 1 0 0
154	1	1 1 1 0 0 1 1 0 0 0 0 0 1 1 0 0
154	3	1 1 0 0 1 0 1 1 0 0 0 1 0 0 0 0
154	1	1 1 1 0 1 1 0 0 0 0 0 0 0 0 0 0
154	2	1 0 1 0 1 0 1 0 0 0 1 0 0 1 0 0
154	1	1 1 1 0 1 1 1 0 0 1 0 1 0 1 0 0
154	1	1 0 1 0 1 0 1 0 1 0 0 0 0 1 0 0
154	2	1 1 1 0 0 1 1 1 0 0 0 1 0 0 1 0
154	1	0 1 1 0 1 1 1 0 0 1 0 1 0 1 0 0
154	1	1 1 0 1 1 0 1 1 0 0 0 1 0 0 0 0
154	1	1 0 1 0 1 0 1 0 0 1 1 0 0 1 0 0
154	2	0 1 0 0 1 0 1 0 1 1 1 0 0 1 0 0
154	1	1 1 1 1 1 1 0 0 0 0 0 0 0 0 1 0
154	1	1 1 1 0 0 1 1 1 0 0 0 1 0 0 0 0
154	2	1 1 0 0 1 0 1 0 1 1 0 0 0 1 0 0
154	1	1 1 1 0 0 1 1 0 0 1 0 1 0 1 0 0
154	1	1 0 1 0 1 0 1 1 0 0 0 0 0 1 0 0
154	1	1 1 1 0 1 1 0 0 0 1 0 0 0 1 0 0
154	1	1 1 1 0 1 1 1 0 1 0 0 0 0 1 0 0
154	1	0 1 1 0 1 1 1 0 0 1 0 1 0 0 0 0
154	1	1 0 0 1 0 1 1 0 0 0 0 1 0 0 1 0
154	1	0 1 0 1 1 0 1 0 0 0 0 0 0 1 0 0
239	1	1 1 0 0 1 1 1 0 0 0 0 0 0 0 0 0
239	6	1 1 0 1 0 1 1 0 0 0 0 0 0 1 0 0
239	2	1 1 0 1 1 1 1 0 0 0 0 0 0 0 0 0
239	1	1 1 0 1 1 0 1 0 0 0 0 0 0 0 0 0
239	7	1 1 0 1 0 1 1 0 0 0 0 0 0 0 0 0
239	1	1 1 0 1 1 0 1 1 0 0 0 0 0 0 0 0
239	1	1 1 1 0 1 0 1 0 0 0 0 0 0 0 0 0
239	1	1 1 1 0 1 0 1 0 0 0 0 0 0 1 0 1
239	1	1 1 0 1 1 0 0 0 0 0 0 0 0 0 0 0
239	2	1 1 0 0 0 1 1 1 0 0 0 1 0 0 0 0
239	5	1 1 1 1 1 1 0 0 1 0 0 0 0 0 0 0
239	1	1 1 1 0 1 1 1 0 0 0 0 0 0 0 0 0
239	1	1 0 1 1 1 1 1 0 0 0 0 0 0 0 0 0
239	1	1 1 0 1 1 1 1 0 1 0 0 0 0 0 0 1
239	1	1 1 0 1 0 1 1 0 0 1 0 0 0 0 0 0
239	1	1 1 0 1 0 1 1 1 0 0 0 0 0 0 0 0
239	1	1 1 0 1 1 1 0 0 0 0 0 0 0 1 0 1
239	1	1 1 1 1 0 1 0 0 0 0 1 0 0 0 0 0
239	1	1 1 0 1 0 1 1 0 0 0 0 1 0 0 0 0
239	2	1 1 1 1 1 1 0 0 0 0 0 1 0 0 0 0
239	1	1 1 1 1 0 0 1 0 0 0 0 0 0 0 0 0
239	1	1 1 0 1 1 1 0 0 0 0 0 1 0 0 0 0
239	1	1 1 0 1 1 1 1 0 0 1 0 0 0 0 0 0
239	1	1 1 0 1 0 1 1 0 0 0 0 0 0 1 0 1
239	1	1 1 1 0 1 1 0 0 0 0 0 0 0 1 0 0
239	3	0 1 0 0 1 0 0 0 0 0 0 0 0 0 0 0
239	1	1 1 1 0 0 1 0 0 0 0 1 0 0 0 0 0
239	2	1 1 0 1 1 1 1 0 0 0 0 0 0 1 0 0
239	1	1 1 0 1 1 1 0 0 0 0 0 1 1 0 0 0
252	2	1 1 0 0 1 1 1 0 0 0 0 0 0 0 0 0
252	3	1 1 0 1 1 1 1 0 0 0 0 0 0 0 0 0
252	2	1 1 0 1 1 0 1 0 0 0 0 0 0 0 0 0
252	1	1 1 1 0 1 1 0 0 0 0 0 0 0 0 0 0
252	9	1 1 0 1 0 1 1 0 0 0 0 0 0 0 0 0
252	1	1 1 1 1 1 1 1 0 0 0 0 0 0 0 0 0
252	1	1 1 1 1 1 1 0 0 0 0 0 0 0 0 0 0
252	3	1 1 0 1 1 0 0 0 0 0 0 0 0 0 0 0
252	1	1 1 1 0 1 1 0 0 1 0 0 0 0 0 0 0
252	1	1 1 1 0 1 1 0 0 0 0 0 1 0 0 0 0
252	2	1 1 1 1 1 1 0 0 1 0 0 0 0 0 0 0
252	2	1 1 1 0 1 1 1 0 0 0 0 0 0 0 0 0
252	1	1 1 1 0 1 0 1 0 1 0 0 0 0 0 0 0
252	2	1 1 0 1 0 1 1 1 0 0 0 0 0 0 0 0
252	1	1 1 0 1 1 1 1 0 0 0 0 0 1 0 0 0
252	1	1 1 0 1 0 0 0 0 0 0 1 0 0 0 0 0
252	1	1 1 0 1 1 1 1 0 0 1 0 0 0 0 0 0
252	1	1 1 0 1 0 1 1 0 1 0 0 0 0 0 0 0
252	1	1 1 0 1 0 1 1 0 0 0 0 0 0 1 0 1
252	3	1 1 0 1 1 1 1 0 1 0 0 0 0 0 1 0
252	2	1 1 0 0 0 1 1 1 0 1 0 1 0 0 0 0
252	3	1 1 0 1 0 1 1 0 0 0 1 0 0 0 0 0
252	1	0 1 1 1 1 1 0 0 1 0 0 0 0 0 0 0
252	1	0 1 0 0 0 0 0 0 0 0 0 0 0 0 0 0
252	1	1 1 1 1 1 1 0 0 0 0 0 1 0 0 1 0
252	2	1 0 0 1 0 1 1 0 0 0 0 0 0 0 0 0
252	1	0 1 0 0 1 1 1 0 0 0 0 0 0 0 0 0
350	3	1 1 0 1 1 1 1 0 0 0 0 0 0 0 0 0
350	1	1 1 0 1 1 0 1 0 0 0 0 0 0 0 0 0
350	3	1 1 0 1 0 1 1 0 0 0 0 0 0 0 0 0
350	1	1 1 1 1 1 1 0 0 1 0 0 0 0 0 0 0
350	3	1 1 0 1 1 1 0 0 0 0 0 0 0 0 0 0
350	2	1 1 1 0 1 1 1 0 0 0 0 0 0 0 0 0
350	4	1 1 1 1 0 1 1 0 0 0 0 0 0 0 0 0
350	1	0 1 0 1 0 1 1 0 0 0 1 0 0 0 0 0
350	1	1 1 0 1 1 1 1 1 1 0 0 0 0 0 1 0
350	1	1 1 0 1 1 1 1 0 0 0 0 0 0 1 0 0
350	1	0 1 0 1 1 1 0 0 1 0 0 0 0 0 0 0
350	2	1 1 1 1 0 1 0 0 0 0 1 0 0 1 0 0
350	3	1 1 1 1 1 0 1 0 0 0 0 0 0 1 0 0
350	2	1 1 1 1 1 1 0 0 0 0 0 0 0 0 1 0
350	3	1 1 0 1 1 1 0 0 1 0 0 0 0 0 0 0
350	2	1 1 1 0 1 0 1 0 0 0 0 0 0 0 0 0
350	4	1 1 0 1 1 0 0 0 1 1 0 0 0 0 0 0
350	1	1 1 0 1 0 1 1 0 0 0 0 0 0 1 0 0
350	3	1 1 0 1 1 1 0 1 0 0 0 0 0 0 0 0
350	1	1 1 0 1 1 0 1 1 0 0 0 1 0 1 0 0
350	2	1 1 0 1 1 1 1 0 0 0 0 0 1 0 0 0
350	1	1 1 0 1 0 1 0 0 0 0 0 0 0 0 0 0
350	1	1 1 0 0 1 1 1 1 1 0 0 0 0 0 0 0
350	1	1 1 1 1 1 1 0 0 1 1 0 0 0 0 0 0
350	1	0 1 1 1 1 1 0 0 1 0 0 0 0 0 0 0
350	1	1 1 0 1 0 1 1 1 0 0 0 0 0 0 0 0
350	1	1 1 1 0 1 0 1 0 0 0 0 0 0 0 1 0
400	1	1 1 0 1 0 1 1 0 0 0 0 0 0 0 0 0
400	2	1 1 1 1 1 1 1 0 0 0 0 0 0 0 0 0
400	5	1 1 1 1 1 1 0 0 0 0 0 0 0 0 0 0
400	7	1 1 0 1 1 1 0 0 0 0 0 0 0 0 0 0
400	1	1 1 1 1 0 1 1 0 0 0 0 0 0 0 0 0
400	1	1 1 1 1 0 1 0 0 0 0 1 0 0 1 0 0
400	1	0 1 0 1 1 0 1 0 0 0 0 0 0 0 0 0
400	3	1 1 1 0 1 0 1 0 0 0 0 0 0 0 0 0
400	2	1 1 1 0 0 1 1 1 0 1 0 1 0 1 0 0
400	1	1 1 0 1 0 1 1 0 0 1 0 0 0 0 0 0
400	1	1 1 1 1 1 0 1 0 0 0 0 0 0 0 0 0
400	2	1 1 0 1 1 0 0 0 0 0 0 0 0 0 0 0
400	1	1 1 1 1 1 0 1 0 0 0 0 0 0 1 0 1
400	2	1 1 1 1 1 1 1 0 0 1 0 0 0 0 0 0
400	6	1 1 1 1 1 1 1 1 0 0 0 0 0 0 0 0
400	1	1 1 0 1 1 0 0 1 0 0 1 0 0 0 0 0
400	1	1 1 1 1 0 1 0 0 0 0 0 1 0 0 0 0
400	1	1 1 1 1 0 1 0 0 0 0 1 0 0 0 0 0
400	1	1 1 0 1 0 0 0 1 0 0 1 0 0 0 0 0
400	3	1 1 1 1 0 1 1 0 0 0 0 0 1 0 0 0
400	2	1 1 0 1 1 1 1 0 0 0 0 1 0 0 0 0
400	1	1 1 1 0 1 0 1 1 0 1 0 1 0 1 0 0
400	1	1 1 1 1 1 1 1 1 0 0 0 1 0 0 0 0
400	1	1 1 1 1 0 1 1 0 0 1 0 1 0 0 0 0
400	1	1 1 1 1 1 1 1 0 0 0 0 0 1 0 0 0
400	1	1 1 1 1 1 1 0 0 0 1 0 1 1 0 0 0
