0	250	0 1 0 0 0 0 0 0 0 0 0 1 0 0 0 0
0	250	0 0 0 0 0 0 0 0 0 0 1 0 0 0 1 0
0	250	0 0 0 1 0 0 1 0 0 0 0 0 0 0 0 0
0	250	1 0 0 0 0 0 0 0 0 0 1 0 0 0 1 0
8	327	0 1 0 0 0 0 0 0 0 0 0 1 0 0 0 0
8	109	0 0 0 0 0 0 0 0 0 0 1 0 0 0 1 0
8	266	0 0 0 1 0 0 1 0 0 0 0 0 0 0 0 0
8	118	1 0 0 0 0 0 0 0 0 0 1 0 0 0 1 0
8	7	1 0 0 0 0 0 0 0 0 0 0 1 0 0 0 0
8	7	0 1 0 0 0 0 0 0 0 0 0 1 0 1 0 0
8	10	0 1 0 0 0 0 0 0 0 0 1 1 0 0 0 0
8	4	0 0 0 1 0 0 0 0 0 0 0 0 0 0 0 0
8	2	0 0 0 0 0 0 0 0 0 0 0 1 0 0 0 0
8	1	0 0 0 1 0 0 1 0 0 0 0 1 0 0 0 0
8	4	0 1 0 1 0 0 0 0 0 0 0 1 0 0 0 0
8	15	0 0 1 0 0 0 0 0 0 0 1 0 0 0 1 0
8	8	0 0 0 0 0 0 0 0 0 0 1 0 0 0 0 0
8	4	0 0 0 0 1 0 0 0 0 0 1 0 0 0 1 0
8	4	0 1 0 1 0 0 1 0 0 0 0 0 0 0 0 0
8	2	0 0 0 1 0 0 1 0 0 1 0 0 0 0 0 0
8	2	1 0 0 0 0 0 0 0 0 0 1 0 0 0 0 0
8	8	0 1 0 0 0 0 0 0 0 0 1 0 0 0 1 0
8	1	0 1 0 0 0 0 0 0 0 0 0 1 0 0 1 0
8	8	0 1 0 0 1 0 0 0 0 0 0 1 0 0 0 0
8	7	0 1 0 0 0 0 0 0 0 0 0 1 1 0 0 0
8	18	0 1 0 0 0 0 0 0 0 0 0 0 0 0 0 0
8	2	0 1 0 0 0 0 0 1 0 0 0 1 0 0 0 0
8	1	0 0 0 1 0 0 1 0 0 0 0 0 0 1 0 0
8	6	0 0 1 1 0 0 1 0 0 0 0 0 0 0 0 0
8	2	1 0 0 0 0 0 0 0 0 1 1 0 0 0 1 0
8	4	1 0 0 0 0 0 0 0 0 0 1 1 0 0 1 0
8	1	1 0 0 0 0 0 0 0 0 0 0 0 0 0 0 0
8	1	0 0 0 0 0 0 0 0 0 0 1 1 0 0 1 0
8	4	0 1 0 0 0 0 0 0 0 0 1 1 0 0 1 0
8	4	0 0 0 1 1 0 1 0 0 0 0 0 0 0 0 0
8	5	0 0 0 1 0 0 1 0 0 0 0 0 0 0 0 1
8	1	0 0 0 1 0 0 0 0 0 0 0 1 0 0 0 0
8	2	0 1 0 0 0 0 1 0 0 0 0 1 0 0 0 0
8	2	1 0 0 1 0 0 0 0 0 0 1 0 0 0 1 0
8	2	0 1 0 0 0 0 0 0 0 0 0 0 0 0 1 0
8	1	0 0 0 0 0 0 0 0 0 0 0 0 0 0 0 0
8	5	0 1 1 0 0 0 0 0 0 0 0 1 0 0 0 0
8	3	0 1 0 0 0 0 0 0 0 0 0 1 0 0 0 1
8	5	0 0 0 1 0 1 1 0 0 0 0 0 0 0 0 0
8	1	1 1 0 0 0 0 0 0 0 0 1 0 0 0 1 0
8	3	1 0 0 0 0 0 0 0 0 0 1 0 0 1 1 0
8	2	0 1 0 0 0 0 0 0 0 1 1 1 0 0 0 0
8	2	0 0 1 0 0 0 0 1 0 0 1 0 0 0 1 0
8	1	0 1 0 0 0 0 0 1 0 0 0 1 0 0 1 0
8	1	0 0 0 1 0 0 1 0 0 0 0 0 1 0 0 0
8	3	0 0 0 0 0 0 1 0 0 0 0 0 0 0 0 0
8	2	0 1 0 0 0 0 0 0 0 1 0 0 0 0 0 0
8	2	1 0 0 0 0 0 0 0 1 0 1 0 0 1 1 0
45	318	0 1 0 0 0 0 0 0 0 0 0 1 0 0 0 0
45	24	0 0 0 1 0 0 1 0 0 0 0 0 0 0 0 0
45	2	1 0 0 0 0 0 0 0 0 0 1 0 0 0 1 0
45	16	0 1 0 0 0 0 0 0 0 0 0 1 0 1 0 0
45	11	0 1 0 1 0 0 0 0 0 0 0 1 0 0 0 0
45	43	0 1 0 0 0 0 0 0 0 0 1 0 0 0 1 0
45	12	0 1 0 0 1 0 0 0 0 0 0 1 0 0 0 0
45	4	0 1 0 0 0 0 0 1 0 0 0 1 0 0 0 0
45	31	0 0 1 1 0 0 1 0 0 0 0 0 0 0 0 0
45	6	0 1 1 0 0 0 0 0 0 0 0 1 0 0 0 0
45	9	0 1 0 0 0 0 0 0 0 1 1 1 0 0 0 0
45	7	0 0 0 0 0 0 1 0 0 0 0 0 0 0 0 0
45	22	1 1 0 0 0 0 0 0 0 0 0 1 0 0 0 0
45	6	1 0 0 0 1 0 0 0 0 0 1 0 0 0 1 0
45	2	1 0 0 1 0 0 1 0 0 0 0 0 0 0 0 0
45	2	0 1 0 0 0 0 0 0 0 0 1 0 0 0 1 1
45	8	0 1 0 0 0 0 0 0 0 1 0 1 0 0 0 0
45	25	0 1 0 0 0 0 0 0 0 0 0 1 0 0 1 0
45	8	0 1 1 0 0 0 0 0 0 1 0 1 0 0 0 0
45	8	1 1 0 0 0 1 0 0 0 0 0 1 0 0 0 0
45	47	0 1 0 0 0 0 0 1 0 0 1 1 0 0 0 0
45	10	0 1 0 0 0 1 0 0 0 0 0 1 0 1 0 0
45	8	1 0 1 0 0 0 0 0 0 0 1 0 0 0 1 0
45	64	0 1 0 0 0 0 0 0 0 0 1 1 0 0 0 0
45	8	0 1 0 0 0 0 0 0 0 0 0 0 1 0 0 0
45	24	0 1 1 0 0 0 0 0 0 0 0 1 0 1 0 0
45	3	0 0 1 0 0 0 0 0 0 0 1 0 0 0 0 0
45	3	0 1 0 0 0 0 0 0 0 0 0 1 0 0 0 1
45	10	0 1 0 0 0 0 0 0 0 1 0 1 0 1 0 0
45	13	0 0 0 1 0 0 1 1 0 0 0 0 0 0 0 0
45	8	1 1 0 0 1 0 0 0 0 1 0 1 0 0 0 0
45	5	1 0 0 0 1 0 0 0 0 0 0 1 0 0 0 0
45	4	0 1 0 0 0 1 0 0 0 0 0 1 0 0 1 0
45	7	0 0 1 1 1 0 1 0 0 0 0 0 0 0 0 0
45	14	0 1 0 0 0 0 0 0 0 0 1 0 0 0 0 0
45	33	0 1 0 0 0 0 0 0 0 0 0 0 0 0 0 0
45	16	0 1 0 0 0 1 0 0 0 0 0 1 0 0 0 0
45	1	0 0 1 0 0 0 0 0 0 0 1 0 1 0 1 0
45	7	0 0 1 0 0 0 0 0 0 0 1 0 0 1 0 0
45	5	0 1 0 0 0 0 0 0 1 0 0 1 0 0 0 0
45	12	0 0 1 1 0 0 1 1 0 0 0 0 0 0 0 0
45	12	0 1 0 0 0 0 0 0 0 0 0 1 1 0 0 0
45	3	0 1 0 1 0 0 1 0 0 0 0 0 0 0 0 0
45	6	0 1 0 0 1 0 0 0 1 0 0 1 0 0 0 0
45	4	0 0 0 0 0 0 1 0 1 0 0 0 0 0 0 0
45	1	1 1 1 0 0 1 0 0 0 0 0 1 0 0 0 0
45	1	0 1 0 0 0 0 0 0 0 0 0 0 1 0 1 0
45	7	0 1 0 1 0 0 0 0 0 0 1 0 0 0 1 0
45	3	0 0 0 1 0 0 1 0 0 1 0 0 0 0 0 0
45	1	0 1 0 0 1 0 0 0 0 0 0 1 0 0 1 0
45	7	0 1 0 0 0 0 0 0 0 0 0 0 0 0 0 1
45	5	1 0 1 0 1 0 0 0 0 0 1 0 0 0 1 0
45	4	0 0 1 1 0 0 1 0 0 0 1 0 0 0 1 0
45	10	0 1 1 0 0 0 0 0 0 0 1 0 0 0 1 0
45	2	1 1 0 0 0 0 0 1 0 0 0 1 0 0 0 0
45	1	0 1 0 0 0 0 0 1 0 0 1 0 0 0 1 1
45	5	0 1 0 0 0 0 0 1 0 0 1 1 0 1 0 0
45	3	1 0 1 1 0 0 0 0 0 0 1 0 0 0 1 0
45	2	1 1 0 0 0 0 0 0 0 0 0 0 0 0 0 0
45	5	1 1 0 0 0 0 0 0 0 0 0 1 0 0 0 1
45	8	1 1 0 1 0 0 0 0 0 0 0 1 0 0 0 0
45	1	0 1 0 0 1 1 0 0 0 0 0 1 0 1 0 0
45	4	0 1 0 0 0 0 0 0 0 1 0 0 0 1 0 0
45	2	0 0 0 0 0 0 1 0 0 1 0 1 0 1 0 0
45	3	0 1 0 0 0 0 0 1 0 0 1 0 0 0 1 0
45	1	0 0 0 0 1 0 0 0 0 0 0 1 0 0 0 0
45	2	0 0 0 0 0 1 0 0 0 0 0 1 0 0 0 0
45	1	0 0 0 0 0 0 1 0 0 0 0 0 0 1 0 0
45	2	0 1 0 1 0 0 0 0 0 0 1 0 0 0 1 1
45	5	0 1 0 0 0 1 0 1 0 0 1 1 0 0 0 0
45	4	0 0 0 0 0 0 0 0 0 0 1 1 0 0 0 0
45	2	1 0 0 1 0 0 0 0 0 0 1 0 0 0 1 0
45	1	0 0 0 1 0 0 1 0 0 0 0 1 0 0 1 0
45	3	0 1 0 0 0 0 0 1 0 0 0 1 0 0 1 0
45	1	1 1 0 0 0 0 0 0 0 0 0 1 0 1 0 0
45	1	0 1 0 0 0 0 0 0 0 0 0 1 1 0 1 0
45	3	0 1 0 0 0 0 1 0 0 0 1 0 0 0 0 0
45	3	0 0 1 1 1 0 1 1 0 0 0 0 0 0 0 0
45	3	0 1 1 1 0 0 1 0 0 0 0 0 0 0 0 0
45	1	1 0 0 1 0 0 1 0 0 1 0 0 0 0 0 0
45	1	0 1 0 0 0 0 0 0 0 1 0 0 1 1 0 0
85	139	0 1 0 0 0 0 0 0 0 0 0 1 0 0 0 0
85	38	0 1 0 0 0 0 0 0 0 0 0 1 0 1 0 0
85	3	0 1 0 0 0 0 0 0 0 0 1 0 0 0 1 0
85	47	0 1 0 0 1 0 0 0 0 0 0 1 0 0 0 0
85	43	0 0 1 1 0 0 1 0 0 0 0 0 0 0 0 0
85	19	1 1 0 0 0 0 0 0 0 0 0 1 0 0 0 0
85	59	1 1 0 0 0 1 0 0 0 0 0 1 0 0 0 0
85	17	0 1 0 0 0 0 0 1 0 0 1 1 0 0 0 0
85	46	0 1 0 0 0 0 0 0 0 0 1 1 0 0 0 0
85	24	0 1 1 0 0 0 0 0 0 0 0 1 0 1 0 0
85	16	0 0 1 0 0 0 0 0 0 0 1 0 0 0 0 0
85	6	0 1 0 0 0 0 0 0 0 1 0 1 0 1 0 0
85	84	0 1 0 0 0 0 0 0 0 0 1 0 0 0 0 0
85	64	0 1 0 0 0 0 0 0 0 0 0 0 0 0 0 0
85	5	0 0 1 0 0 0 0 0 0 0 1 0 0 1 0 0
85	2	0 1 0 1 0 0 0 0 0 0 1 0 0 0 1 0
85	14	1 0 1 0 1 0 0 0 0 0 1 0 0 0 1 0
85	34	1 1 0 1 0 0 1 0 0 0 0 0 0 0 0 0
85	8	0 0 1 1 0 0 0 0 0 0 0 0 0 0 0 0
85	7	1 1 0 0 0 0 0 0 0 0 0 0 0 0 0 0
85	11	1 0 1 0 1 0 0 0 0 0 0 1 0 0 0 0
85	18	1 1 0 0 0 0 0 0 0 0 0 0 0 0 0 1
85	4	0 1 0 0 0 0 0 0 0 0 1 1 0 0 1 0
85	14	1 1 0 0 0 0 0 0 0 0 1 0 0 0 0 0
85	17	0 1 0 0 0 0 0 1 0 0 0 0 0 0 0 0
85	11	0 1 0 0 0 0 0 0 0 0 0 0 0 0 1 0
85	3	0 1 1 0 0 0 0 0 0 0 0 0 0 0 0 0
85	9	0 1 1 0 0 0 0 0 0 0 0 1 0 0 0 0
85	2	0 0 0 0 0 0 1 1 0 0 0 0 0 0 1 0
85	16	1 1 0 0 0 0 0 0 0 0 1 0 0 0 1 0
85	1	0 1 0 0 0 0 0 1 0 0 0 1 0 0 0 0
85	8	0 1 0 1 0 0 1 0 0 0 0 0 0 0 0 0
85	5	1 1 0 0 0 0 0 0 0 0 1 1 0 0 0 0
85	20	0 0 1 0 0 0 0 0 0 0 0 0 0 0 0 0
85	3	1 0 1 0 1 0 0 0 0 0 1 0 1 0 1 0
85	4	0 1 0 0 0 0 1 0 0 0 0 1 0 0 0 1
85	6	0 1 0 0 0 1 0 0 0 0 0 1 0 0 0 0
85	6	0 1 0 0 1 0 0 0 0 0 1 0 0 0 0 0
85	2	0 0 0 0 0 0 0 0 0 1 0 1 0 0 1 0
85	18	0 1 0 0 0 1 0 0 0 0 0 0 0 0 0 0
85	3	0 1 0 1 1 0 0 0 0 0 0 1 0 1 0 0
85	5	1 1 0 0 0 0 0 0 1 0 1 0 0 0 0 0
85	1	0 1 1 0 0 0 0 0 0 0 1 0 0 0 0 0
85	3	0 1 0 0 0 0 0 0 0 1 1 0 0 1 0 0
85	8	0 0 1 1 0 0 1 0 0 0 0 1 0 0 0 0
85	2	0 1 0 0 0 0 0 1 0 0 1 1 0 1 0 0
85	8	0 1 0 1 0 0 0 0 0 0 1 0 0 0 0 0
85	7	0 1 0 0 0 0 0 1 0 1 0 0 0 0 0 0
85	6	0 1 1 1 0 0 0 0 0 0 1 1 0 0 0 0
85	8	0 0 1 0 0 0 0 0 0 0 0 1 0 0 0 0
85	5	0 0 1 1 1 0 1 0 0 0 0 0 0 0 0 0
85	8	0 1 1 0 0 0 0 0 0 0 0 1 0 0 0 1
85	11	1 1 0 0 0 0 0 1 0 0 0 0 0 0 0 0
85	2	0 1 1 0 0 0 0 1 0 0 1 1 0 0 1 0
85	1	0 1 0 0 0 0 1 0 0 0 0 0 0 0 0 0
85	4	0 0 1 1 0 1 0 0 0 0 0 1 0 0 0 0
85	3	0 1 1 0 0 0 0 0 0 0 1 0 0 0 1 0
85	9	1 0 1 0 1 0 0 0 0 0 1 0 0 0 0 1
85	2	0 1 1 0 0 1 0 0 0 0 0 1 0 1 0 0
85	2	0 1 0 0 0 1 0 0 0 0 0 1 0 0 0 1
85	1	1 1 1 0 1 0 0 0 0 0 0 1 0 0 0 0
85	4	0 1 0 0 0 0 0 0 0 0 0 1 1 0 1 0
85	1	1 0 1 0 1 0 0 0 0 0 1 0 0 0 0 0
85	3	0 1 0 0 0 0 0 0 0 0 1 1 1 0 0 0
85	5	0 1 0 0 0 0 0 0 1 0 1 0 0 0 0 0
85	1	0 0 0 0 0 0 0 0 0 0 0 0 0 0 0 0
85	3	1 1 1 0 0 0 0 0 0 0 0 1 0 0 0 0
85	1	0 0 1 1 0 0 0 0 0 0 1 0 0 0 0 0
85	1	0 1 1 0 0 0 0 1 0 0 1 1 0 0 0 0
85	2	1 1 0 0 0 1 0 0 0 0 0 1 1 0 0 0
85	1	1 1 0 1 0 0 1 0 0 0 0 0 1 0 0 0
85	4	0 1 0 0 0 1 0 0 1 0 0 1 0 0 0 0
85	2	0 0 1 1 0 0 1 1 0 0 0 0 0 0 0 0
85	2	1 1 0 1 0 0 1 0 0 0 0 1 0 0 0 0
85	1	1 1 0 0 0 0 1 0 0 0 0 0 0 0 0 0
85	2	0 0 0 0 0 0 0 0 0 1 0 0 0 0 0 0
85	2	0 1 0 0 0 0 0 0 1 0 1 1 0 0 0 0
85	3	0 1 0 0 1 0 0 0 0 0 0 0 0 0 0 0
85	1	0 1 0 0 0 0 0 0 0 0 0 0 0 0 0 1
85	1	0 1 0 1 0 0 1 0 0 1 0 0 0 0 0 0
85	3	0 1 0 0 0 0 1 0 0 0 0 1 0 0 0 0
85	1	0 0 1 1 0 0 1 0 0 1 0 0 0 0 0 0
85	1	1 0 1 0 1 0 0 0 0 0 1 1 0 0 0 0
85	1	0 0 1 1 1 0 1 0 0 0 0 0 0 0 1 0
85	1	0 1 0 0 0 1 1 0 0 0 0 0 0 0 0 0
85	1	0 1 0 0 0 0 0 0 1 0 0 1 1 0 1 0
154	13	0 1 0 0 0 0 0 0 0 0 0 1 0 0 0 0
154	6	0 1 0 0 0 0 0 0 0 0 0 1 0 1 0 0
154	19	0 1 0 0 1 0 0 0 0 0 0 1 0 0 0 0
154	14	0 0 1 1 0 0 1 0 0 0 0 0 0 0 0 0
154	120	1 1 0 0 0 1 0 0 0 0 0 1 0 0 0 0
154	27	0 1 0 0 0 0 0 0 0 0 1 0 0 0 0 0
154	93	1 1 0 1 0 0 1 0 0 0 0 0 0 0 0 0
154	8	1 0 1 0 1 0 0 0 0 0 0 1 0 0 0 0
154	33	0 1 1 0 0 0 0 0 0 0 0 1 0 0 0 0
154	26	1 1 0 0 0 0 0 0 0 0 1 1 0 0 0 0
154	7	1 1 1 0 0 0 0 0 0 0 0 1 0 0 0 0
154	12	0 1 0 0 0 0 0 0 0 0 0 0 0 1 0 0
154	11	1 0 0 1 0 0 1 0 0 0 0 0 0 0 0 0
154	16	0 0 1 1 0 0 0 0 0 0 0 0 0 0 0 1
154	9	1 1 0 0 1 1 0 0 0 0 0 1 0 0 0 0
154	12	1 1 0 0 0 1 0 0 0 0 1 0 0 0 1 0
154	3	1 0 1 0 1 0 1 0 0 0 0 1 0 0 0 0
154	23	0 0 1 0 0 0 1 0 0 0 0 0 0 0 0 0
154	9	0 0 1 0 0 0 0 0 1 0 1 0 0 0 0 1
154	37	1 1 0 0 0 0 0 0 0 0 0 1 0 0 0 0
154	11	0 1 1 0 0 0 0 0 0 0 1 0 0 1 0 0
154	15	0 1 0 0 0 0 1 0 0 0 0 1 0 0 0 0
154	11	1 1 0 1 0 1 0 0 0 0 0 1 0 0 0 0
154	8	0 1 1 0 0 0 0 0 0 0 0 1 0 1 1 0
154	19	1 1 0 0 0 1 1 0 0 0 0 0 0 0 0 0
154	5	0 0 1 1 0 0 0 1 0 0 0 0 0 0 0 0
154	3	0 1 0 1 0 0 0 0 0 0 0 1 0 0 0 0
154	1	1 1 0 0 0 0 0 0 0 0 0 0 0 0 0 0
154	4	1 1 0 0 1 0 0 0 0 0 1 0 0 0 1 0
154	8	1 0 1 0 1 1 1 0 0 0 1 0 0 0 0 1
154	4	1 0 1 0 1 0 1 0 0 0 1 0 0 1 0 0
154	8	0 1 0 0 0 1 0 0 0 0 0 1 0 0 0 0
154	9	1 1 0 0 0 1 0 0 0 0 0 1 1 0 0 0
154	38	0 1 0 0 1 0 0 1 0 0 0 1 0 0 0 0
154	20	1 0 1 0 1 0 1 0 1 0 0 1 0 0 0 0
154	10	1 1 0 0 0 0 0 0 0 0 0 1 0 1 0 0
154	4	1 0 1 1 0 0 0 0 0 0 0 0 0 0 0 1
154	3	1 1 0 1 0 0 1 0 0 0 0 0 0 1 0 0
154	15	1 1 0 0 0 0 1 0 0 0 1 1 1 0 0 0
154	4	1 0 1 0 1 0 0 0 0 0 0 0 0 0 0 0
154	9	1 0 1 0 0 0 0 0 0 0 0 1 0 0 0 0
154	1	1 0 0 1 0 1 0 0 0 0 0 1 0 0 0 0
154	3	1 1 0 0 0 1 1 0 0 0 1 1 0 0 0 0
154	7	1 1 1 0 0 0 1 0 0 0 0 1 0 0 0 0
154	20	1 1 0 1 0 0 1 0 0 0 0 0 1 0 0 0
154	4	0 1 1 0 0 0 0 0 1 0 0 0 0 1 0 0
154	3	0 1 0 0 1 0 0 0 0 0 0 1 0 1 1 0
154	1	0 1 0 0 1 0 0 0 0 0 1 0 0 0 1 0
154	5	0 1 1 0 0 0 1 0 0 0 0 0 0 1 0 0
154	41	1 1 0 1 0 0 1 0 0 0 0 1 0 0 0 0
154	15	1 1 0 0 0 1 0 0 0 0 0 0 0 0 0 0
154	4	1 0 1 0 0 0 1 0 0 0 0 1 0 0 0 0
154	10	0 0 1 1 1 0 0 0 0 0 1 0 0 0 0 1
154	5	1 1 0 0 0 1 0 0 0 1 1 0 0 0 1 0
154	1	1 0 0 0 0 0 0 0 0 0 0 1 0 0 0 0
154	2	1 1 0 0 0 1 0 1 0 0 0 0 0 0 0 0
154	8	0 0 1 1 1 0 1 0 0 0 0 0 0 0 0 0
154	1	0 1 0 0 0 0 0 0 0 0 1 0 1 0 0 0
154	3	1 1 0 0 0 0 0 0 0 0 1 1 0 0 1 0
154	4	0 1 1 0 0 0 0 0 0 1 0 1 0 0 0 0
154	5	0 0 1 1 1 0 0 0 1 0 0 0 1 0 0 0
154	4	0 0 1 1 0 0 0 0 0 0 0 0 0 0 0 0
154	2	0 1 1 0 0 0 0 0 0 0 1 1 0 0 0 0
154	7	0 1 0 0 1 0 0 1 0 0 0 1 0 0 0 1
154	2	0 0 1 1 1 0 0 1 0 0 1 1 0 0 0 0
154	3	1 1 0 0 0 1 0 1 0 0 0 1 0 0 0 0
154	12	0 1 0 0 0 0 0 0 0 0 1 1 0 0 0 0
154	15	0 0 1 0 0 1 1 0 0 0 0 0 0 0 0 0
154	8	0 0 1 0 0 0 1 1 0 0 0 0 0 0 0 0
154	5	1 0 1 0 1 1 0 0 0 0 1 0 0 0 0 1
154	3	1 1 0 0 0 1 0 0 0 0 0 1 0 0 1 0
154	2	0 1 0 1 0 0 0 0 0 0 0 1 0 1 0 0
154	5	1 0 1 0 1 0 1 0 1 0 1 0 0 1 0 0
154	1	1 0 0 1 0 0 0 1 0 0 0 1 0 0 0 0
154	2	1 1 0 0 0 0 0 0 0 0 1 0 1 0 0 0
154	6	0 1 0 0 1 0 0 0 1 0 0 1 0 0 0 0
154	4	1 1 0 0 0 1 1 0 0 0 0 1 0 0 0 0
154	8	1 1 0 0 0 0 1 0 0 0 0 0 0 0 0 0
154	1	0 1 1 0 0 1 0 0 0 0 0 1 0 0 0 0
154	1	1 0 1 0 1 0 1 0 0 0 1 0 0 0 0 0
154	1	1 1 1 0 0 1 0 0 0 0 0 1 1 0 0 0
154	5	1 1 0 0 0 1 0 0 0 0 0 1 0 0 0 1
154	1	1 1 0 0 0 0 0 0 0 0 0 0 0 1 0 0
154	7	1 1 0 1 0 0 0 0 0 0 0 1 0 0 0 0
154	3	1 0 1 1 0 0 1 0 0 0 0 0 0 0 0 0
154	2	0 1 1 0 0 0 1 0 0 0 0 1 0 0 0 0
154	1	0 1 1 0 0 0 0 0 1 0 1 0 0 1 0 0
154	2	0 1 0 0 0 0 1 0 0 0 0 1 1 0 0 0
154	2	0 1 0 0 0 0 1 1 0 0 0 1 0 0 0 0
154	1	0 0 0 0 0 0 1 0 0 0 0 1 0 0 0 0
154	2	1 0 1 0 0 1 0 0 0 0 0 1 0 0 0 0
154	2	1 1 0 1 0 0 1 0 0 0 0 0 0 0 0 1
154	1	1 1 0 0 1 0 0 0 0 0 0 0 0 0 0 0
154	4	1 1 1 0 0 0 0 0 0 0 1 0 0 0 0 0
154	1	1 1 0 0 0 1 0 0 1 0 0 1 0 0 0 0
154	1	0 1 0 0 0 0 0 1 0 0 1 0 0 0 0 0
154	1	1 1 0 1 0 0 1 0 0 1 0 0 0 0 0 0
154	3	0 1 1 0 1 0 0 0 0 0 1 0 0 1 0 0
154	1	1 1 0 0 0 1 0 0 0 0 1 1 1 0 0 0
154	2	1 1 0 1 0 0 1 0 0 0 1 1 1 0 0 0
154	3	1 1 1 1 0 0 1 0 0 0 0 1 0 0 0 0
154	2	0 1 1 0 0 0 0 0 0 0 1 0 0 0 0 0
154	2	1 0 1 0 0 0 1 0 0 0 1 0 0 0 0 1
154	2	0 0 1 1 1 0 0 0 1 0 1 0 0 0 0 0
154	1	0 1 0 0 1 0 0 0 0 0 0 1 0 1 0 0
154	3	0 1 1 0 1 0 0 0 0 0 0 1 0 0 0 0
154	1	1 1 0 0 0 0 0 0 1 0 0 1 0 0 0 0
154	1	1 1 0 0 0 0 0 0 0 0 0 1 0 0 0 1
154	1	1 0 1 0 0 0 0 0 0 0 0 0 0 0 0 0
239	26	1 1 0 0 0 1 0 0 0 0 0 1 0 0 0 0
239	68	1 1 0 1 0 0 1 0 0 0 0 0 0 0 0 0
239	13	1 1 0 0 0 0 0 0 0 0 0 1 0 0 0 0
239	89	1 1 0 1 0 1 0 0 0 0 0 1 0 0 0 0
239	17	1 1 0 0 0 1 1 0 0 0 0 0 0 0 0 0
239	35	1 1 0 1 0 0 1 0 0 0 0 1 0 0 0 0
239	6	1 1 0 0 0 1 0 0 0 0 0 0 0 0 0 0
239	94	1 1 1 1 0 0 1 0 0 0 0 0 1 0 0 0
239	25	1 1 0 1 0 0 0 0 0 0 0 1 0 0 0 0
239	20	1 1 0 1 0 1 0 0 0 1 0 1 0 0 0 0
239	24	1 1 1 1 0 0 1 0 0 0 0 1 0 0 0 0
239	13	1 1 0 1 0 1 0 0 0 0 0 0 0 0 0 0
239	15	1 1 0 1 0 0 1 0 0 1 0 0 0 0 0 0
239	4	0 0 1 1 0 0 0 0 1 0 0 0 0 0 0 0
239	11	1 0 1 0 1 0 0 0 0 0 0 0 0 0 0 0
239	9	1 0 1 1 0 0 1 0 0 0 0 0 0 0 0 0
239	7	1 0 0 1 1 0 1 0 0 0 0 0 0 0 0 0
239	17	1 0 1 1 0 0 1 0 1 0 0 0 0 0 0 0
239	14	1 1 1 1 0 0 1 0 0 0 0 0 0 0 0 0
239	48	0 1 0 1 0 1 0 1 0 0 0 1 0 0 0 0
239	10	1 1 1 1 0 1 0 0 0 0 0 1 0 0 0 0
239	13	0 1 0 1 1 0 0 0 0 0 0 0 0 0 0 0
239	11	1 1 0 1 0 1 0 0 0 0 0 1 0 1 0 0
239	38	1 1 1 0 1 0 0 0 0 0 0 1 0 0 0 0
239	3	1 1 1 1 0 0 0 1 0 0 1 1 0 1 0 0
239	1	0 0 0 1 0 0 1 0 0 0 0 0 0 0 0 0
239	39	1 1 0 0 0 1 1 0 0 0 0 1 0 0 0 0
239	9	1 1 0 1 0 1 0 0 0 0 0 0 1 0 0 0
239	12	1 1 0 0 0 1 0 0 0 0 0 1 1 0 0 0
239	1	1 1 0 1 0 0 1 0 0 0 0 0 1 0 0 0
239	10	1 1 0 1 0 1 0 0 0 0 0 1 0 0 0 1
239	4	0 1 0 1 0 1 0 0 0 0 0 1 0 0 0 0
239	3	1 0 1 0 1 0 0 0 0 0 0 0 0 0 0 1
239	6	0 1 0 1 0 0 1 0 0 0 0 0 0 0 0 0
239	6	1 1 0 1 0 0 1 1 0 0 0 1 0 0 0 0
239	3	1 0 0 1 0 0 0 0 0 0 0 1 0 0 1 0
239	9	1 1 0 1 0 0 1 0 0 0 1 0 0 0 0 0
239	3	1 1 1 1 1 1 0 0 0 0 0 1 0 0 0 0
239	5	1 1 1 0 1 0 0 0 0 0 0 0 0 0 0 0
239	16	1 1 0 0 0 0 0 0 0 0 0 1 0 0 0 1
239	2	1 1 1 1 0 0 1 0 0 0 0 1 0 1 0 0
239	1	1 1 0 1 0 1 0 0 1 0 0 0 1 0 0 0
239	5	1 1 0 0 0 0 0 1 0 0 0 1 0 0 0 0
239	8	1 1 0 0 0 1 0 0 0 0 1 1 0 0 0 0
239	5	1 1 0 1 0 0 0 1 0 0 0 1 0 0 1 0
239	2	1 1 0 0 0 1 1 0 0 0 0 1 0 1 0 0
239	8	1 1 1 1 1 0 0 0 0 0 0 0 0 0 0 0
239	10	1 1 0 0 0 1 0 0 0 0 1 0 0 0 0 0
239	6	1 0 1 1 0 0 1 0 0 0 1 0 0 0 0 0
239	2	1 1 0 0 0 0 0 0 0 0 0 1 0 0 1 0
239	8	1 1 0 1 0 1 0 0 0 0 0 1 0 1 0 1
239	16	1 1 1 1 0 0 0 0 0 0 0 1 0 0 0 0
239	8	1 1 1 0 0 0 1 0 0 0 0 1 0 0 0 0
239	2	1 1 0 1 0 1 0 0 1 0 0 1 0 0 0 0
239	1	1 0 0 0 0 1 0 0 0 0 0 0 0 0 0 0
239	16	1 1 1 1 0 0 1 0 0 0 0 0 1 0 1 0
239	4	0 1 0 1 0 0 0 1 0 0 0 1 0 0 0 0
239	4	1 1 0 1 0 1 0 0 0 0 0 0 0 1 0 0
239	3	1 1 1 1 0 1 0 0 0 0 0 1 1 1 0 1
239	12	1 1 1 1 0 1 0 0 0 1 0 1 0 0 0 0
239	1	1 0 1 1 0 0 1 0 0 0 0 1 0 0 0 0
239	5	1 1 0 0 0 0 0 1 0 0 0 1 0 1 0 0
239	3	1 1 1 1 0 0 0 0 0 0 0 1 0 0 0 1
239	1	0 1 0 0 1 0 0 1 0 0 0 0 0 0 0 0
239	4	1 0 1 1 0 0 0 0 0 0 0 1 0 0 0 0
239	8	1 1 0 1 0 1 1 0 0 0 0 0 0 0 0 0
239	3	1 1 1 1 0 0 1 0 0 0 0 1 0 0 1 0
239	2	1 1 0 1 0 1 0 0 1 0 0 1 0 1 0 0
239	13	1 1 1 0 1 0 0 0 0 0 0 1 1 0 0 0
239	3	1 1 1 1 0 0 0 0 1 0 0 0 0 0 1 0
239	5	1 1 0 1 1 0 1 0 0 0 0 1 0 0 0 0
239	2	1 1 1 1 0 0 1 0 0 0 0 0 1 0 0 1
239	2	1 0 1 1 1 0 0 0 0 0 0 1 0 0 0 0
239	8	1 1 1 1 0 0 0 0 0 0 0 0 0 0 0 0
239	2	1 1 1 1 0 0 1 0 0 0 0 0 1 1 0 0
239	3	1 1 1 1 0 0 1 0 0 1 0 0 1 0 0 0
239	1	0 1 0 1 0 1 0 1 0 1 0 1 0 0 0 0
239	3	1 1 0 1 0 1 0 1 0 0 0 0 1 0 0 0
239	5	1 1 1 1 0 0 1 0 1 0 0 0 0 0 0 0
239	3	1 0 0 1 1 0 1 0 0 0 0 0 1 0 0 0
239	2	1 1 0 0 0 1 1 0 0 0 0 1 0 0 0 1
239	5	0 1 0 1 0 1 1 1 0 0 0 1 1 0 0 0
239	2	1 1 0 1 0 0 0 0 0 0 0 0 0 0 0 1
239	2	1 0 1 1 0 0 1 0 1 0 0 1 0 0 0 0
239	2	1 1 0 1 0 1 0 0 0 0 0 0 1 0 1 0
239	1	1 0 0 1 0 0 1 0 0 0 0 0 0 0 0 0
239	1	1 1 0 1 0 1 0 1 0 0 0 1 0 0 0 0
239	6	1 1 0 0 0 1 1 1 0 0 0 0 0 0 0 0
239	3	1 1 1 1 0 0 0 0 0 0 0 0 1 0 0 0
239	4	1 1 1 1 0 0 1 0 0 0 1 0 1 0 0 0
239	1	1 1 1 1 0 0 1 0 1 0 0 1 0 0 0 0
239	1	1 0 1 1 0 0 1 0 1 0 0 0 0 0 0 1
239	2	1 1 0 0 0 1 0 0 1 0 1 0 0 0 0 0
239	2	1 1 0 1 0 0 1 0 0 0 0 1 1 0 0 0
239	2	1 1 1 1 0 0 1 1 0 0 0 1 0 0 0 0
239	1	1 1 1 1 0 0 1 0 0 1 0 1 0 0 0 0
239	1	1 1 1 1 0 0 0 1 0 0 0 1 0 0 0 0
239	1	1 1 1 1 0 1 1 0 0 0 0 0 0 0 0 0
239	1	1 1 0 1 0 1 1 0 0 0 0 1 0 0 0 0
239	2	1 1 0 0 1 0 0 0 0 0 0 1 0 0 0 0
239	1	1 1 0 0 0 1 1 0 0 0 1 1 0 0 0 0
252	12	1 1 0 0 0 1 0 0 0 0 0 1 0 0 0 0
252	26	1 1 0 1 0 0 1 0 0 0 0 0 0 0 0 0
252	14	1 1 0 0 0 0 0 0 0 0 0 1 0 0 0 0
252	70	1 1 0 1 0 1 0 0 0 0 0 1 0 0 0 0
252	7	1 1 0 0 0 1 1 0 0 0 0 0 0 0 0 0
252	69	1 1 0 1 0 0 1 0 0 0 0 1 0 0 0 0
252	7	1 1 0 0 0 1 0 0 0 0 0 0 0 0 0 0
252	98	1 1 1 1 0 0 1 0 0 0 0 0 1 0 0 0
252	44	1 1 0 1 0 0 0 0 0 0 0 1 0 0 0 0
252	10	1 1 0 1 0 1 0 0 0 1 0 1 0 0 0 0
252	31	1 1 1 1 0 0 1 0 0 0 0 1 0 0 0 0
252	18	1 1 0 1 0 1 0 0 0 0 0 0 0 0 0 0
252	12	1 1 0 1 0 0 1 0 0 1 0 0 0 0 0 0
252	1	1 0 1 1 0 0 1 0 0 0 0 0 0 0 0 0
252	11	1 0 1 1 0 0 1 0 1 0 0 0 0 0 0 0
252	12	1 1 1 1 0 0 1 0 0 0 0 0 0 0 0 0
252	30	0 1 0 1 0 1 0 1 0 0 0 1 0 0 0 0
252	21	0 1 0 1 1 0 0 0 0 0 0 0 0 0 0 0
252	13	1 1 1 0 1 0 0 0 0 0 0 1 0 0 0 0
252	10	1 1 0 0 0 1 1 0 0 0 0 1 0 0 0 0
252	7	1 1 0 0 0 1 0 0 0 0 0 1 1 0 0 0
252	10	1 1 0 1 0 0 1 0 0 0 0 0 1 0 0 0
252	7	1 1 0 1 0 1 0 0 0 0 0 1 0 0 0 1
252	16	1 1 0 1 0 0 1 1 0 0 0 1 0 0 0 0
252	6	1 1 0 1 0 0 1 0 0 0 1 0 0 0 0 0
252	5	1 1 1 0 1 0 0 0 0 0 0 0 0 0 0 0
252	2	1 1 0 0 0 1 0 0 0 0 1 1 0 0 0 0
252	28	1 1 1 1 1 0 0 0 0 0 0 0 0 0 0 0
252	20	1 0 1 1 0 0 1 0 0 0 1 0 0 0 0 0
252	24	1 1 0 1 0 1 0 0 0 0 0 1 0 1 0 1
252	38	1 1 1 1 0 0 0 0 0 0 0 1 0 0 0 0
252	16	1 1 1 0 0 0 1 0 0 0 0 1 0 0 0 0
252	6	1 1 1 1 0 0 1 0 0 0 0 0 1 0 1 0
252	4	1 1 1 1 0 1 0 0 0 1 0 1 0 0 0 0
252	3	1 1 1 1 0 0 0 0 0 0 0 1 0 0 0 1
252	7	1 1 0 1 0 1 1 0 0 0 0 0 0 0 0 0
252	21	1 1 1 0 1 0 0 0 0 0 0 1 1 0 0 0
252	5	1 0 1 1 1 0 0 0 0 0 0 1 0 0 0 0
252	22	1 1 1 1 0 0 0 0 0 0 0 0 0 0 0 0
252	3	1 1 1 1 0 0 1 0 0 1 0 0 1 0 0 0
252	10	1 1 1 1 0 0 1 0 1 0 0 0 0 0 0 0
252	19	1 0 1 1 0 0 1 0 1 0 0 1 0 0 0 0
252	10	1 1 0 1 0 1 0 1 0 0 0 1 0 0 0 0
252	3	1 1 1 1 0 0 0 0 0 0 0 0 1 0 0 0
252	5	1 1 1 1 0 0 1 0 0 1 0 1 0 0 0 0
252	4	1 1 1 0 0 0 1 0 1 0 0 0 0 0 0 0
252	11	1 1 0 0 0 1 0 0 0 0 0 1 0 0 0 1
252	3	1 1 1 1 0 1 1 0 0 0 0 0 1 0 1 0
252	11	1 1 0 1 0 1 0 0 0 0 0 0 0 0 0 1
252	2	1 1 0 1 0 0 1 0 0 1 0 0 0 0 1 0
252	2	1 1 0 1 0 1 0 0 0 0 0 0 1 0 1 0
252	9	1 1 0 1 1 0 0 0 0 0 0 0 0 0 0 0
252	8	1 1 1 1 0 0 1 0 0 0 0 0 1 1 0 0
252	3	1 1 0 1 0 1 0 0 0 1 0 1 0 0 1 0
252	8	1 1 1 0 1 0 0 1 0 0 0 0 0 0 0 0
252	1	0 1 1 1 0 0 0 0 0 0 0 1 0 0 0 0
252	1	1 1 1 0 1 1 0 0 0 0 0 1 1 0 0 0
252	7	1 1 1 0 0 1 1 0 0 0 0 1 0 0 0 0
252	11	1 1 0 1 0 0 1 0 0 0 0 1 0 0 0 1
252	2	1 0 1 0 1 0 0 0 0 1 0 0 0 0 0 0
252	1	1 1 1 0 1 1 0 0 0 0 0 1 0 0 0 0
252	9	1 1 0 1 0 1 0 1 0 0 0 1 0 0 0 1
252	1	1 1 0 1 1 0 0 0 0 0 0 1 0 0 0 0
252	7	1 1 0 0 0 1 0 0 0 0 0 1 0 1 0 1
252	1	1 1 1 1 0 1 1 0 0 1 0 1 0 0 0 0
252	1	1 1 0 1 0 0 1 0 0 1 0 1 0 0 0 0
252	14	1 1 1 0 0 1 1 0 0 0 0 0 0 0 0 0
252	2	1 1 0 1 0 1 0 0 0 1 0 0 0 0 0 0
252	1	1 1 1 1 1 0 0 0 0 0 0 0 0 0 1 0
252	1	1 1 1 0 0 0 1 0 0 0 0 0 1 0 1 0
252	2	1 1 0 1 0 1 0 1 0 0 0 0 0 0 0 0
252	2	1 1 0 1 0 0 0 0 0 0 0 0 0 0 0 0
252	1	1 1 0 1 0 0 1 0 0 0 0 1 0 1 0 0
252	9	1 1 0 1 1 1 0 1 0 0 0 1 0 0 0 0
252	3	1 1 0 1 0 0 1 0 1 1 0 0 0 0 1 0
252	4	1 1 0 0 0 0 0 0 0 0 0 1 0 0 1 0
252	3	1 1 1 1 0 0 1 0 0 0 0 0 0 0 1 0
252	3	1 1 1 1 0 0 1 0 0 0 0 0 0 0 0 1
252	2	0 1 1 1 0 0 1 0 0 0 0 0 1 0 0 0
252	2	1 1 0 0 0 0 0 0 1 0 0 1 0 0 0 1
252	1	1 0 1 1 0 0 1 0 0 0 0 1 0 0 0 0
252	1	1 1 0 1 1 0 0 1 0 0 0 0 0 0 0 0
252	3	1 0 1 1 0 0 0 0 0 0 0 1 0 1 0 1
252	2	1 1 0 0 0 1 1 0 0 0 0 0 1 0 0 0
252	5	1 1 0 0 0 1 0 1 0 0 0 1 1 0 0 0
252	3	1 1 0 1 0 1 0 1 0 1 0 1 0 0 0 0
252	2	1 1 0 1 0 0 0 0 0 0 0 0 1 0 0 0
252	2	1 1 1 0 0 1 0 0 0 0 0 0 0 0 0 0
252	1	1 1 0 1 0 0 0 1 0 0 0 0 0 0 0 0
252	2	1 1 0 1 0 0 0 1 0 0 0 1 0 0 0 0
252	1	1 1 1 1 0 0 0 0 1 0 0 1 0 0 0 1
252	3	1 1 0 1 1 0 0 0 0 0 0 1 0 1 0 0
252	1	0 1 0 1 0 0 1 0 0 0 0 0 1 0 0 0
252	1	1 1 0 0 0 0 1 0 0 0 0 1 0 0 0 0
252	1	1 1 0 0 1 1 1 0 0 0 0 1 0 0 0 0
252	2	1 1 1 0 1 0 0 0 1 0 0 1 1 0 0 0
252	2	1 1 1 1 0 1 1 0 1 0 0 0 1 0 1 0
252	2	1 1 0 1 0 0 1 0 0 1 0 1 0 1 0 0
350	7	1 1 0 0 0 1 0 0 0 0 0 1 0 0 0 0
350	4	1 1 0 1 0 0 1 0 0 0 0 0 0 0 0 0
350	89	1 1 0 1 0 0 1 0 0 0 0 1 0 0 0 0
350	4	1 1 0 1 0 1 0 0 0 1 0 1 0 0 0 0
350	70	1 1 1 1 1 0 0 0 0 0 0 0 0 0 0 0
350	127	1 1 1 1 0 0 0 0 0 0 0 1 0 0 0 0
350	1	1 1 1 0 1 0 0 0 0 0 0 1 1 0 0 0
350	19	1 1 1 1 0 0 0 0 0 0 0 0 0 0 0 0
350	40	1 1 1 1 0 0 1 0 0 1 0 1 0 0 0 0
350	16	1 1 1 0 0 0 0 0 0 0 0 1 0 0 0 0
350	6	1 1 1 1 0 0 0 0 0 0 0 1 1 0 0 0
350	3	1 1 1 1 0 0 0 0 1 0 0 1 0 0 0 0
350	7	1 1 1 1 0 0 0 0 0 1 0 1 0 0 0 1
350	2	1 1 1 1 0 0 0 0 0 1 0 0 0 0 0 0
350	12	1 1 0 1 0 0 0 0 0 0 0 1 0 0 0 0
350	28	1 1 1 1 0 0 1 0 0 0 0 1 1 0 0 0
350	14	1 1 0 1 0 0 1 1 0 0 0 1 0 0 0 1
350	3	1 1 0 1 0 1 0 1 0 0 0 1 0 0 0 0
350	56	1 1 0 1 0 1 1 1 0 0 0 1 0 0 0 0
350	9	1 1 1 1 1 0 0 0 0 0 0 0 1 0 0 0
350	21	1 1 0 1 0 0 1 1 0 0 0 1 0 0 0 0
350	18	1 1 0 0 0 1 0 0 0 0 0 1 1 0 0 0
350	86	1 1 1 1 0 0 0 0 0 1 0 1 0 0 0 0
350	30	1 1 0 1 0 1 0 0 0 0 1 0 0 0 0 0
350	2	1 1 1 1 1 0 0 0 0 0 0 1 0 0 0 0
350	4	1 1 1 1 0 0 0 0 0 0 0 0 0 1 0 0
350	19	1 1 1 0 1 0 0 1 0 0 0 1 0 0 1 0
350	3	1 1 1 1 1 0 1 0 1 0 0 1 0 0 0 0
350	3	1 1 0 0 1 1 1 1 0 0 0 1 0 0 0 1
350	3	0 1 1 1 0 0 0 0 1 0 0 0 0 0 0 0
350	2	1 1 1 1 0 1 0 0 0 0 0 1 0 0 0 0
350	25	1 1 0 1 0 1 0 0 0 0 0 0 0 1 0 0
350	9	1 1 1 1 0 0 0 0 0 0 1 1 0 0 0 0
350	1	1 1 1 1 0 0 1 1 0 0 0 1 0 0 0 1
350	20	1 1 1 1 0 0 1 0 0 0 1 1 0 0 0 0
350	9	1 1 0 1 0 1 1 1 0 0 0 1 1 0 0 0
350	2	1 1 1 1 0 0 0 0 0 0 1 0 0 0 0 0
350	5	1 1 0 0 0 0 0 0 0 0 0 1 0 0 0 0
350	13	1 1 1 0 0 0 0 0 0 0 0 1 1 0 0 0
350	1	1 1 0 1 0 0 1 0 0 1 0 1 0 0 0 0
350	13	1 1 1 0 0 0 0 0 0 0 0 0 0 0 0 0
350	3	1 1 1 1 0 0 0 0 0 1 0 1 0 1 0 0
350	2	0 1 1 1 0 0 0 1 1 0 0 0 0 0 0 0
350	9	1 1 1 1 1 0 0 1 0 0 0 1 0 0 0 1
350	8	1 1 1 1 0 0 0 0 0 1 0 0 0 1 0 0
350	4	1 1 0 1 0 0 1 0 0 0 0 1 0 0 1 0
350	10	1 1 1 1 0 0 1 1 0 0 0 1 1 0 0 0
350	2	1 1 1 0 0 1 0 0 0 0 0 1 0 0 0 0
350	6	1 1 0 1 0 0 1 0 0 0 0 1 1 0 1 0
350	7	0 1 1 1 1 0 0 0 0 0 0 0 0 0 0 0
350	5	1 1 0 0 0 0 1 1 0 0 0 1 0 0 0 0
350	1	1 1 1 0 1 1 0 1 0 0 0 1 0 0 1 0
350	1	1 1 1 1 0 1 0 0 0 0 1 0 0 0 0 0
350	3	1 1 1 0 0 0 0 0 0 0 0 1 1 0 1 0
350	10	1 1 1 1 0 1 1 1 0 0 0 1 0 0 0 0
350	8	1 1 0 1 0 0 0 0 0 0 0 1 0 0 0 1
350	5	1 0 1 0 1 0 0 1 0 0 0 1 0 0 1 0
350	2	1 1 0 0 1 1 1 1 1 0 0 1 0 0 0 1
350	4	1 1 0 1 0 1 1 0 0 0 0 0 0 0 0 0
350	2	1 1 1 1 0 0 1 0 1 0 0 1 1 0 0 0
350	2	1 1 1 1 0 0 1 0 0 0 1 1 0 0 1 0
350	3	1 1 1 0 1 0 0 0 0 0 0 0 0 0 0 0
350	6	1 1 1 1 0 0 0 0 0 1 0 1 0 1 1 0
350	7	1 1 0 0 0 0 1 0 0 0 0 0 0 0 0 0
350	3	1 0 1 1 1 0 0 0 0 0 0 0 0 0 0 0
350	6	1 1 1 1 0 0 0 1 0 0 0 1 0 0 0 1
350	2	1 1 1 1 0 0 0 0 0 0 0 1 0 0 0 1
350	2	1 1 0 1 0 0 0 0 0 1 0 1 0 0 0 0
350	2	1 1 1 0 1 0 0 0 0 0 0 1 0 0 0 0
350	8	1 1 0 1 0 0 1 0 0 0 0 0 1 0 0 0
350	2	1 0 0 1 0 0 1 1 0 0 0 1 0 0 0 0
350	1	1 1 0 1 0 1 1 1 0 0 0 1 1 1 0 0
350	1	0 1 1 1 0 0 0 0 1 0 0 0 0 0 0 1
350	1	1 1 1 1 0 0 0 1 0 0 0 0 0 0 0 0
350	1	1 0 1 0 0 0 0 0 0 0 0 1 1 0 0 0
350	6	1 1 0 1 1 0 1 0 0 1 0 1 0 0 0 0
350	1	1 1 1 1 1 0 1 0 0 0 0 1 1 0 0 0
350	3	1 1 0 1 0 0 0 0 0 0 0 0 0 0 0 0
350	1	1 1 1 1 0 0 0 0 1 0 0 1 0 0 0 1
350	2	1 1 0 0 0 1 0 0 0 0 1 1 0 0 0 0
350	1	1 1 0 1 0 0 1 1 0 0 1 1 0 0 0 1
350	1	1 1 1 1 1 0 0 0 0 0 1 0 1 0 0 0
350	1	1 1 1 0 1 0 0 1 0 1 0 1 0 0 1 0
350	3	1 1 0 1 0 1 0 1 0 0 0 0 0 1 0 0
350	2	1 1 1 0 0 0 0 0 0 0 0 0 0 0 1 0
350	1	1 1 0 1 0 0 1 1 0 0 0 1 0 0 1 0
350	1	0 1 1 0 1 1 0 1 0 0 0 1 0 0 1 0
350	1	1 1 0 0 1 0 0 0 0 0 0 1 0 0 0 0
350	3	1 1 0 1 1 0 0 0 0 0 0 0 0 0 0 0
350	1	1 1 1 1 0 0 1 0 0 0 0 0 0 0 0 0
350	2	1 1 1 0 1 0 0 1 0 0 0 1 0 0 0 0
350	2	0 1 1 1 0 0 0 0 1 0 0 1 0 0 0 0
350	5	1 1 1 1 0 0 1 0 0 0 0 1 0 0 1 0
350	1	1 1 0 1 1 1 0 0 0 0 0 0 0 1 0 0
350	1	1 1 0 0 0 0 1 0 0 0 0 1 0 0 1 0
350	1	1 1 0 1 1 1 1 1 1 0 0 1 0 0 0 1
350	2	1 1 1 1 1 0 0 0 0 1 0 1 0 0 0 0
350	1	1 1 0 1 0 1 0 0 0 0 0 1 0 0 1 0
350	2	1 1 0 1 0 0 1 1 0 0 0 1 1 0 0 0
350	2	1 1 0 0 0 1 0 0 1 0 0 1 0 0 0 0
350	1	1 1 0 1 0 0 1 0 1 0 0 1 0 0 0 0
350	1	1 1 1 0 0 0 0 0 0 1 0 1 0 0 0 0
350	2	1 1 1 1 0 0 0 0 0 0 1 1 1 0 0 0
350	1	1 1 0 1 0 0 1 1 0 0 0 0 0 0 0 1
350	2	1 1 0 0 0 1 0 0 0 0 1 1 1 0 0 0
350	1	1 1 1 1 0 0 0 0 0 1 1 1 0 0 1 0
400	29	1 1 0 1 0 0 1 0 0 0 0 1 0 0 0 0
400	133	1 1 1 1 0 0 0 0 0 0 0 1 0 0 0 0
400	81	1 1 1 1 0 0 0 0 0 0 0 0 0 0 0 0
400	14	1 1 1 1 0 0 1 0 0 1 0 1 0 0 0 0
400	12	1 1 1 1 0 0 0 0 0 1 0 1 0 0 0 1
400	61	1 1 0 1 0 0 0 0 0 0 0 1 0 0 0 0
400	6	1 1 0 1 0 1 1 1 0 0 0 1 0 0 0 0
400	31	1 1 0 1 0 0 1 1 0 0 0 1 0 0 0 0
400	2	1 1 0 0 0 1 0 0 0 0 0 1 1 0 0 0
400	9	1 1 1 1 0 0 0 0 0 1 0 1 0 0 0 0
400	44	1 1 0 1 0 1 0 0 0 0 1 0 0 0 0 0
400	37	1 1 1 1 0 0 1 0 0 0 1 1 0 0 0 0
400	30	1 1 0 1 0 1 1 1 0 0 0 1 1 0 0 0
400	31	0 1 1 1 1 0 0 0 0 0 0 0 0 0 0 0
400	12	1 1 1 1 0 1 0 0 0 0 1 0 0 0 0 0
400	20	1 1 0 1 0 1 0 0 0 0 0 0 0 0 0 0
400	22	1 1 1 1 0 0 1 0 0 0 0 1 0 0 0 0
400	3	1 1 1 1 0 0 0 0 0 0 0 1 0 0 0 1
400	6	1 1 0 1 0 0 1 0 0 0 1 1 0 0 0 1
400	6	1 1 0 0 0 1 0 0 0 0 0 1 1 0 0 1
400	39	1 1 1 1 0 1 0 0 0 0 0 1 0 0 0 1
400	4	1 1 0 1 0 0 0 1 0 0 0 1 0 0 0 0
400	18	1 1 1 1 0 0 0 0 0 0 0 0 0 0 0 1
400	2	1 1 1 1 0 0 1 0 0 0 1 0 0 0 0 0
400	4	1 1 0 1 0 0 0 0 0 0 0 0 0 0 0 0
400	23	1 0 0 1 0 0 1 1 0 0 0 1 1 0 0 0
400	1	1 1 0 0 0 1 0 0 0 0 0 1 0 0 0 0
400	7	1 1 1 1 0 1 0 1 0 0 0 1 0 0 0 0
400	1	1 1 1 1 0 0 1 0 0 0 0 1 0 0 0 1
400	29	1 1 1 1 0 1 1 1 0 0 0 1 0 0 0 0
400	12	1 1 1 1 1 1 0 0 0 0 1 0 0 0 0 0
400	11	1 1 1 1 0 1 0 0 0 1 0 1 0 0 0 0
400	12	1 1 1 1 0 0 1 0 0 0 0 1 1 0 0 0
400	7	1 1 1 0 0 0 1 0 0 0 0 1 0 0 0 0
400	5	1 1 1 1 0 1 0 0 0 0 0 0 0 1 0 0
400	10	1 1 0 1 0 0 0 0 0 1 0 1 0 0 0 0
400	6	1 1 1 1 0 0 0 0 1 0 0 1 1 0 0 0
400	11	1 1 0 1 0 1 0 0 0 1 1 0 0 0 0 0
400	18	1 0 1 1 0 0 0 0 0 1 0 1 0 0 0 1
400	2	1 1 1 1 1 1 0 0 1 0 1 0 0 0 0 0
400	3	1 1 0 1 0 0 1 1 0 0 1 1 0 0 0 0
400	15	1 1 0 1 0 0 0 0 1 0 0 1 0 0 0 0
400	1	1 1 0 0 0 1 0 0 1 0 0 1 1 0 0 1
400	3	0 1 0 1 1 0 1 0 0 1 0 1 0 0 0 0
400	5	1 1 1 0 0 0 1 0 0 0 0 0 0 0 0 1
400	8	1 1 0 1 0 0 1 1 0 1 1 1 0 0 0 0
400	4	1 1 1 1 0 0 0 0 0 0 0 1 1 0 0 0
400	2	1 1 0 0 0 1 0 0 0 0 1 0 0 0 0 0
400	8	1 1 1 1 0 1 0 0 0 0 1 1 0 0 0 0
400	15	1 1 1 1 0 0 0 1 0 0 0 0 0 0 0 0
400	3	0 1 0 1 0 1 1 1 0 0 0 1 1 0 0 0
400	2	1 1 1 1 0 0 0 0 1 0 0 0 0 0 0 0
400	2	1 1 1 0 0 0 0 0 0 0 0 0 0 0 0 0
400	1	1 1 1 1 0 1 1 0 0 1 0 1 0 0 1 0
400	3	1 1 0 1 0 1 1 1 0 0 0 0 0 0 0 0
400	9	1 1 1 1 0 1 1 0 0 0 0 0 0 0 0 0
400	5	1 1 1 1 0 0 1 0 0 0 1 1 0 0 0 1
400	10	1 1 1 1 0 0 0 0 0 0 0 1 0 1 0 0
400	2	1 1 1 1 0 1 0 0 0 0 1 0 0 0 1 0
400	6	1 1 1 1 1 1 1 0 1 0 1 0 0 0 0 0
400	1	0 1 1 1 0 0 1 0 0 1 0 1 0 0 0 0
400	5	1 1 1 1 1 1 0 0 0 0 1 1 0 0 0 0
400	2	1 0 0 1 0 0 0 0 0 0 0 1 0 0 0 0
400	3	1 1 1 1 0 1 1 0 0 0 0 1 0 0 0 1
400	7	1 1 0 1 1 0 0 0 0 0 0 0 0 0 0 0
400	3	1 1 0 1 0 0 0 0 1 1 0 1 0 0 0 0
400	2	1 1 0 1 0 1 0 0 0 0 1 1 0 0 0 1
400	2	1 1 1 1 1 0 1 0 0 1 0 1 0 0 0 0
400	1	0 1 0 0 0 1 0 0 0 0 0 1 1 0 0 1
400	6	1 0 0 1 0 0 0 1 0 0 0 1 1 0 0 0
400	1	1 0 1 1 0 0 0 0 0 1 0 1 0 0 0 0
400	4	1 1 0 1 0 0 1 0 0 0 1 1 0 0 0 0
400	2	1 1 1 1 0 1 1 0 0 0 1 0 0 0 0 0
400	1	1 1 1 1 0 0 0 0 0 0 0 0 0 1 0 0
400	2	0 1 0 1 0 0 0 0 0 0 0 1 0 0 0 0
400	4	1 0 1 1 0 0 0 0 0 0 0 0 0 0 0 1
400	2	1 1 1 0 0 1 0 0 0 1 0 1 0 0 0 0
400	2	1 1 0 0 0 1 0 0 0 0 0 0 0 0 0 0
400	2	1 1 0 1 0 0 0 0 0 0 0 1 1 0 0 0
400	2	1 1 0 1 0 0 0 0 0 0 0 1 0 1 0 0
400	2	0 1 1 1 1 0 1 0 0 0 0 0 0 0 0 0
400	2	1 1 1 1 1 1 0 0 0 0 1 0 0 1 0 0
400	3	1 1 1 1 0 0 1 1 0 0 0 1 0 0 0 0
400	2	1 1 0 1 0 0 1 0 0 0 0 0 0 0 0 1
400	2	0 1 1 1 1 0 0 0 0 1 1 1 0 0 0 0
400	4	1 1 1 1 1 1 0 0 0 0 1 0 0 0 0 1
400	1	1 1 1 1 0 0 0 0 0 0 1 1 0 0 0 0
400	3	1 1 1 1 0 1 0 0 0 0 0 1 0 0 0 0
400	1	1 1 1 1 0 0 0 1 0 0 0 1 0 0 0 0
400	1	1 1 1 1 0 0 0 0 1 0 0 1 0 0 0 0
400	2	1 1 0 1 0 0 0 0 0 0 1 0 0 0 0 0
400	1	0 1 0 1 0 1 0 0 0 0 1 0 0 0 0 0
400	2	1 1 1 1 0 1 0 0 0 0 0 0 0 0 0 1
400	2	1 1 1 1 0 1 0 1 0 0 0 0 0 1 0 0
