0	23	1 0 0 0 0 0 0 0 1 0 0 0 0 0 0 0
0	24	0 0 0 0 0 0 0 0 0 1 1 0 0 1 1 1
0	32	0 0 0 0 1 1 0 1 0 0 0 0 1 0 0 0
0	21	0 0 0 0 1 1 0 0 0 0 0 0 0 0 1 0
20	10	1 0 0 0 0 0 0 0 1 0 0 0 0 0 0 0
20	15	0 0 0 0 0 0 0 0 0 1 1 0 0 1 1 1
20	16	0 0 0 0 1 1 0 1 0 0 0 0 1 0 0 0
20	29	0 0 0 0 1 1 0 0 0 0 0 0 0 0 1 0
20	2	0 0 0 0 1 1 0 0 0 0 0 0 1 0 0 0
20	1	0 0 0 0 1 0 0 0 0 1 1 0 0 1 1 1
20	2	0 0 0 1 1 1 0 0 0 0 0 0 0 0 1 0
20	1	0 0 0 0 0 0 0 0 1 0 0 0 0 0 0 0
20	1	0 1 0 0 0 0 0 0 0 1 1 0 0 1 1 1
20	4	0 0 0 0 1 1 0 0 1 0 0 0 0 0 1 0
20	1	1 0 0 0 0 0 0 0 0 0 0 0 0 0 1 0
20	1	1 0 0 0 0 0 0 0 1 0 0 0 0 0 1 0
20	1	0 0 0 1 1 1 0 1 0 0 0 0 1 0 0 0
20	1	0 0 0 0 1 1 0 1 0 0 0 0 0 0 1 0
20	1	1 0 0 0 0 0 0 0 0 0 0 0 1 0 0 0
20	1	1 0 0 0 1 1 0 0 0 0 0 0 0 0 1 0
20	2	0 1 0 0 1 1 0 0 0 0 0 0 0 0 1 0
20	1	1 0 0 0 1 1 0 1 0 0 0 0 1 0 0 0
20	2	1 0 0 0 0 0 0 0 0 0 0 0 0 1 1 0
20	1	0 0 0 0 0 0 0 0 0 0 1 0 0 1 1 1
20	2	0 0 0 0 0 1 0 0 0 0 0 0 0 0 1 0
20	1	0 0 0 0 1 1 0 1 0 1 1 0 0 0 1 0
20	1	0 0 0 0 1 1 0 1 1 1 1 0 0 1 1 1
20	3	0 0 0 0 1 1 1 0 0 1 0 0 0 1 1 0
40	1	1 0 0 0 0 0 0 0 1 0 0 0 0 0 0 0
40	9	0 0 0 0 0 0 0 0 0 1 1 0 0 1 1 1
40	24	0 0 0 0 1 1 0 1 0 0 0 0 1 0 0 0
40	10	0 0 0 0 1 1 0 0 0 0 0 0 0 0 1 0
40	1	0 0 0 0 1 1 0 0 0 0 0 0 1 0 0 0
40	4	0 0 0 0 1 1 0 0 0 0 0 0 0 0 0 0
40	1	0 1 0 0 0 0 0 0 0 1 1 0 0 1 1 1
40	2	0 0 0 0 1 1 0 0 1 0 0 0 0 0 1 0
40	1	0 0 0 0 1 1 0 1 0 1 0 0 1 0 0 0
40	1	0 0 0 0 1 1 1 0 0 0 0 0 0 0 1 0
40	1	0 0 0 0 0 0 0 0 0 1 1 0 0 0 1 0
40	2	1 0 0 0 1 1 0 0 0 0 0 0 0 0 1 0
40	5	0 1 0 0 1 1 0 0 0 0 0 0 0 0 1 0
40	1	1 0 0 0 1 1 0 1 0 0 0 0 1 0 0 0
40	1	0 1 0 0 0 0 0 0 1 0 0 0 0 0 0 0
40	2	0 0 0 0 0 0 1 0 0 1 1 0 0 1 1 1
40	4	0 0 0 0 1 1 1 0 0 1 0 0 0 1 1 0
40	3	0 1 0 0 1 1 0 1 0 0 0 0 1 0 0 0
40	1	0 0 0 0 1 1 0 0 0 0 0 1 0 0 1 0
40	3	0 0 0 0 1 1 0 0 1 0 0 0 0 1 1 0
40	2	0 0 0 0 1 1 0 1 0 0 1 0 1 0 0 0
40	2	0 0 0 0 1 1 1 1 0 0 0 0 1 0 0 0
40	2	0 0 0 0 1 1 0 1 1 0 0 0 1 0 0 0
40	2	0 1 0 0 0 1 0 0 1 0 0 0 0 0 0 0
40	1	0 0 0 0 1 1 0 1 0 0 0 0 1 1 0 0
40	1	1 0 0 0 1 1 1 1 0 0 0 0 0 0 1 0
40	1	0 0 0 0 1 0 1 1 0 0 0 0 1 0 0 0
40	2	1 0 0 0 1 1 0 1 0 0 0 0 0 0 0 0
40	1	0 0 0 0 0 1 0 1 0 0 0 0 1 0 0 0
40	1	0 0 0 0 1 1 0 0 0 1 0 0 0 0 0 0
40	1	0 0 1 1 1 1 0 1 0 0 0 0 1 0 0 0
40	1	0 0 0 0 0 0 0 0 0 1 0 1 0 1 1 1
40	1	0 0 0 0 0 0 0 0 0 1 1 0 1 0 0 0
40	1	0 0 1 0 1 1 0 0 0 0 0 0 0 0 1 0
40	1	0 0 0 0 1 1 0 0 0 0 0 0 0 0 1 1
40	1	0 0 0 0 1 1 1 1 1 0 0 0 0 0 0 0
40	1	0 0 0 0 1 0 0 1 0 0 0 0 1 0 0 0
40	1	1 0 0 0 1 1 0 1 0 0 0 0 1 0 1 0
60	2	0 0 0 0 0 0 0 0 0 1 1 0 0 1 1 1
60	17	0 0 0 0 1 1 0 1 0 0 0 0 1 0 0 0
60	12	0 0 0 0 1 1 0 0 0 0 0 0 0 0 1 0
60	2	0 0 0 1 1 1 0 1 0 0 0 0 1 0 0 0
60	2	1 0 0 0 1 1 0 0 0 0 0 0 0 0 1 0
60	14	0 1 0 0 1 1 0 0 0 0 0 0 0 0 1 0
60	2	1 0 0 0 1 1 0 1 0 0 0 0 1 0 0 0
60	1	0 0 0 0 1 1 1 0 0 1 0 0 0 1 1 0
60	2	0 1 0 0 1 1 0 1 0 0 0 0 1 0 0 0
60	4	0 0 0 0 1 1 0 0 0 0 0 1 0 0 1 0
60	1	0 0 0 0 1 1 0 0 1 0 0 0 0 1 1 0
60	3	0 0 0 0 1 1 1 1 0 0 0 0 1 0 0 0
60	2	0 1 0 0 0 1 0 0 1 0 0 0 0 0 0 0
60	1	0 0 0 0 1 1 0 0 0 0 0 0 0 1 1 0
60	4	0 0 0 0 1 1 0 1 0 0 0 0 0 0 0 0
60	1	0 0 0 0 1 1 0 0 1 1 0 0 0 0 1 0
60	3	1 0 0 0 1 1 0 1 0 0 0 0 0 0 0 0
60	1	0 0 0 0 0 0 0 0 1 1 1 0 0 1 1 1
60	3	0 0 0 0 1 0 0 0 0 0 0 0 0 0 1 0
60	3	0 1 0 1 1 1 0 1 0 0 0 1 0 1 1 0
60	1	0 1 0 0 0 1 0 0 0 0 0 0 0 0 0 0
60	2	0 1 0 0 1 1 0 0 0 0 0 0 0 0 0 0
60	2	0 0 0 0 0 1 0 1 0 0 0 0 0 0 1 0
60	1	0 0 0 0 1 1 1 0 0 0 0 0 0 0 0 0
60	2	0 0 0 0 1 1 0 1 0 0 0 1 1 0 0 0
60	2	0 1 0 0 1 1 0 1 0 0 0 0 0 0 1 0
60	1	0 1 0 0 0 0 0 0 1 0 0 1 0 0 0 0
60	2	0 0 0 0 1 1 1 0 0 0 0 0 1 0 0 0
60	1	0 1 0 0 0 1 0 0 1 0 1 0 0 0 0 0
60	1	0 0 0 1 1 1 1 1 0 0 0 0 0 0 0 0
60	1	0 0 0 0 1 1 1 0 0 1 1 0 0 1 1 0
60	1	0 1 0 0 1 1 0 1 0 0 0 0 1 0 1 0
60	1	0 1 0 0 1 1 0 0 1 1 0 0 0 0 1 0
60	1	0 1 0 0 0 1 0 1 0 0 0 0 0 0 0 0
60	1	0 0 0 0 0 1 0 1 0 0 0 0 1 0 0 0
80	4	0 0 0 0 1 1 0 0 0 0 0 0 0 0 1 0
80	1	0 0 0 0 1 1 0 0 0 0 0 0 1 0 0 0
80	7	0 0 0 0 1 1 0 0 0 0 0 0 0 0 0 0
80	2	0 0 0 0 1 1 0 0 1 0 0 0 0 0 1 0
80	4	0 0 0 1 1 1 0 1 0 0 0 0 1 0 0 0
80	9	0 1 0 0 1 1 0 0 0 0 0 0 0 0 1 0
80	2	0 1 0 0 0 0 0 0 1 0 0 0 0 0 0 0
80	6	0 1 0 0 1 1 0 1 0 0 0 0 1 0 0 0
80	2	0 1 0 0 0 1 0 0 1 0 0 0 0 0 0 0
80	2	0 0 0 0 1 1 0 1 0 0 0 0 0 0 0 0
80	7	1 0 0 0 1 1 0 1 0 0 0 0 0 0 0 0
80	7	0 1 0 0 0 1 0 0 0 0 0 0 0 0 0 0
80	1	0 0 0 0 1 1 0 0 0 0 0 0 1 0 1 0
80	1	0 1 0 0 0 1 0 0 1 1 0 0 0 0 0 0
80	2	0 1 0 0 1 1 0 0 0 0 0 0 0 0 0 0
80	1	0 0 0 0 1 1 1 0 0 0 0 0 0 0 0 0
80	6	0 1 0 0 1 1 0 1 0 0 0 0 0 0 1 0
80	2	0 0 0 0 1 1 1 0 0 0 0 0 1 0 0 0
80	1	0 1 0 0 0 1 0 0 1 0 1 0 0 0 0 0
80	5	0 0 0 1 1 1 1 1 0 0 0 0 0 0 0 0
80	2	0 1 0 0 1 1 0 1 0 0 0 0 1 0 1 0
80	2	0 1 0 0 1 1 0 0 1 1 0 0 0 0 1 0
80	1	0 0 0 0 1 1 0 1 0 0 0 0 1 0 1 0
80	6	0 1 0 0 0 0 0 0 1 0 1 0 0 0 0 0
80	1	0 1 0 0 1 1 0 0 1 0 0 0 0 0 0 0
80	1	1 0 0 1 1 1 1 1 0 0 0 0 0 0 0 0
80	1	0 1 0 0 1 1 0 1 0 0 0 0 1 1 0 0
80	3	0 0 0 0 1 1 0 0 0 0 1 0 0 0 1 0
80	2	0 1 0 0 0 1 0 0 1 0 0 0 0 0 1 0
80	1	1 1 0 0 0 1 0 0 0 0 0 0 0 0 0 0
80	1	0 0 0 1 1 1 1 0 0 0 0 0 0 0 0 0
80	1	0 1 0 0 1 1 0 0 0 0 1 0 0 0 0 0
80	1	1 1 0 0 0 1 0 1 0 0 0 0 0 0 0 0
80	1	0 1 0 0 0 1 0 0 0 0 0 1 0 0 0 0
80	1	0 0 0 0 1 1 1 1 0 0 0 0 0 0 0 0
80	1	0 1 0 0 1 1 0 0 0 1 0 0 0 0 1 0
80	1	0 1 0 0 1 1 0 1 0 0 0 1 0 0 1 0
80	1	0 1 0 0 0 0 0 0 1 1 1 0 0 0 0 0
100	5	0 0 0 0 1 1 0 0 0 0 0 0 0 0 1 0
100	3	0 0 0 0 1 1 0 0 1 0 0 0 0 0 1 0
100	1	0 0 0 1 1 1 0 1 0 0 0 0 1 0 0 0
100	1	0 1 0 0 1 1 0 0 0 0 0 0 0 0 1 0
100	1	0 1 0 0 0 0 0 0 1 0 0 0 0 0 0 0
100	5	0 1 0 0 1 1 0 1 0 0 0 0 1 0 0 0
100	6	0 1 0 0 0 1 0 0 1 0 0 0 0 0 0 0
100	2	0 0 0 0 1 1 0 1 0 0 0 0 0 0 0 0
100	4	0 1 0 0 0 1 0 0 0 0 0 0 0 0 0 0
100	2	0 1 0 0 1 1 0 0 0 0 0 0 0 0 0 0
100	2	0 0 0 0 1 1 0 0 1 1 0 0 0 0 0 0
100	4	0 1 0 0 1 1 0 1 0 0 0 0 0 0 1 0
100	1	0 0 0 1 1 1 1 1 0 0 0 0 0 0 0 0
100	3	0 1 0 0 0 0 0 0 1 0 0 0 0 0 1 0
100	1	1 0 0 0 1 1 0 1 0 0 0 0 0 0 1 1
100	2	0 1 0 0 0 0 0 0 1 0 1 0 0 0 0 0
100	3	0 1 0 0 1 1 0 0 1 0 0 0 0 0 0 0
100	3	0 0 0 0 1 1 0 0 0 0 1 0 0 0 1 0
100	7	1 1 0 0 0 1 0 0 1 0 0 0 0 0 0 0
100	8	0 0 0 0 1 1 0 0 1 0 0 0 0 0 0 0
100	1	0 1 0 0 0 1 0 0 0 0 0 1 0 0 0 0
100	2	0 0 0 0 1 1 1 1 0 0 0 0 0 0 0 0
100	1	0 1 0 0 0 1 0 0 0 0 0 0 0 0 1 0
100	1	0 1 0 0 0 1 0 0 1 0 1 0 0 1 0 0
100	1	0 1 1 0 1 1 0 0 0 0 0 0 0 0 1 0
100	3	0 0 0 0 1 1 0 0 1 0 0 0 1 0 0 0
100	4	0 1 0 0 1 0 0 0 0 1 0 0 0 0 0 0
100	2	0 1 0 0 0 0 1 0 1 0 0 0 0 0 1 0
100	2	0 0 0 1 0 1 1 1 0 0 0 0 0 0 0 0
100	1	0 1 1 0 1 0 0 0 0 0 0 0 0 0 1 0
100	1	0 0 0 1 1 1 1 1 0 0 0 0 0 0 0 1
100	1	0 1 0 0 1 0 0 0 0 0 1 0 0 1 1 1
100	1	0 1 0 1 0 1 1 1 0 0 0 0 0 0 0 0
100	1	0 1 0 0 1 1 0 1 1 0 0 0 1 0 0 0
100	1	0 1 0 0 0 1 0 0 1 0 0 0 1 0 0 0
100	3	0 0 0 0 1 1 0 0 1 1 0 1 0 0 0 0
100	1	1 1 0 0 0 1 0 0 1 0 0 0 0 0 0 1
100	1	1 0 0 0 1 0 0 1 0 1 0 0 0 0 1 0
100	2	0 1 1 0 1 1 0 0 1 0 0 0 0 0 0 0
100	1	0 0 1 0 1 1 0 0 0 0 0 0 0 0 1 0
100	1	0 1 0 0 1 1 0 1 1 0 0 0 0 0 0 0
100	1	0 1 1 0 1 1 1 1 0 0 0 0 0 0 0 0
100	1	0 1 0 0 0 0 0 0 1 0 1 0 0 0 0 1
100	1	1 0 0 0 1 1 0 0 1 0 0 0 0 0 0 0
100	1	0 1 1 1 1 1 0 1 0 0 0 0 1 0 1 0
120	2	0 0 0 0 1 1 0 0 0 0 0 0 0 0 1 0
120	2	0 0 0 0 1 1 0 0 0 0 0 0 0 0 0 0
120	4	0 1 0 0 1 1 0 0 0 0 0 0 0 0 1 0
120	2	0 0 0 0 1 1 0 1 0 0 0 0 0 0 0 0
120	4	1 0 0 0 1 1 0 1 0 0 0 0 0 0 0 0
120	5	0 1 0 0 0 1 0 0 0 0 0 0 0 0 0 0
120	3	0 1 0 0 1 1 0 0 0 0 0 0 0 0 0 0
120	1	0 0 0 0 1 1 0 0 1 1 0 0 0 0 0 0
120	3	0 1 0 0 1 1 0 1 0 0 0 0 0 0 1 0
120	3	0 0 0 1 1 1 1 1 0 0 0 0 0 0 0 0
120	3	1 1 0 0 0 1 0 0 1 0 0 0 0 0 0 0
120	1	1 1 0 0 0 1 0 1 0 0 0 0 0 0 0 0
120	2	0 0 0 0 1 1 0 0 1 0 0 0 0 0 0 0
120	1	0 0 0 0 1 1 0 0 1 0 1 0 0 0 1 0
120	1	0 1 0 0 0 1 0 0 0 0 0 1 0 0 0 0
120	2	0 0 0 0 1 1 1 1 0 0 0 0 0 0 0 0
120	5	0 1 0 0 1 1 0 0 0 0 1 0 0 0 1 0
120	2	0 0 0 0 1 1 0 0 1 0 0 0 1 0 0 0
120	2	0 1 0 0 0 0 1 0 1 0 0 0 0 0 1 0
120	1	0 0 0 0 1 1 0 1 0 0 0 0 0 0 1 0
120	3	0 0 0 1 0 1 1 1 0 0 0 0 0 0 0 0
120	1	0 1 0 0 0 1 1 0 1 0 0 0 0 0 0 0
120	2	0 1 0 1 0 1 1 1 0 0 0 0 0 0 0 0
120	1	0 1 0 0 1 1 0 1 1 0 0 0 1 0 0 0
120	3	0 0 0 0 1 1 1 0 0 0 0 0 0 0 0 0
120	2	1 1 0 0 0 1 0 0 1 0 0 0 0 0 0 1
120	2	0 1 1 0 1 0 0 0 0 0 1 0 0 0 0 0
120	2	0 1 1 0 1 1 0 0 0 0 0 0 1 0 0 0
120	1	0 0 1 0 1 1 0 0 0 0 0 0 0 0 1 0
120	1	0 1 0 0 0 0 0 0 1 0 1 0 0 0 0 1
120	2	1 0 0 0 1 1 0 0 1 1 0 0 0 0 0 0
120	1	0 0 0 0 1 1 0 0 0 0 0 1 0 0 1 0
120	1	0 1 0 0 1 0 0 0 0 0 0 0 0 0 0 0
120	2	0 1 0 1 0 0 1 0 1 0 0 0 0 0 1 0
120	1	1 1 0 0 0 1 0 1 0 0 1 0 0 0 1 0
120	3	0 1 0 1 0 0 1 1 0 0 0 0 0 0 0 1
120	2	1 1 0 0 0 0 0 1 0 0 0 0 0 0 0 0
120	1	0 1 0 1 0 1 1 1 1 0 0 0 0 0 0 0
120	1	0 1 0 0 0 0 1 0 1 0 0 0 0 0 0 0
120	1	0 1 0 0 1 1 0 1 0 0 1 0 1 0 0 0
120	1	0 1 0 0 0 1 0 1 0 0 0 0 0 0 0 0
120	1	1 0 0 0 1 0 0 0 0 0 0 0 0 0 1 0
120	2	0 1 0 0 0 0 0 0 1 1 1 0 0 0 0 0
120	1	0 1 0 1 1 0 0 1 1 0 0 0 1 0 0 0
120	1	0 1 0 0 0 1 1 0 1 0 0 0 1 0 1 0
120	1	1 1 0 0 0 1 0 0 1 0 1 0 0 0 0 0
120	3	0 1 0 0 0 1 0 0 0 0 1 1 0 0 0 0
120	1	0 1 0 1 0 1 1 1 0 0 1 0 0 0 0 0
120	1	0 0 1 0 1 1 0 0 0 0 0 0 0 1 0 0
120	1	1 1 0 0 0 0 0 0 0 0 0 0 0 0 0 0
120	1	0 1 0 1 0 1 1 1 0 0 0 0 0 0 1 0
120	1	0 1 0 0 1 0 0 1 0 0 0 0 1 0 0 0
120	1	0 1 0 0 0 1 0 0 1 0 0 1 0 0 0 0
120	1	0 0 0 1 1 1 1 1 0 0 0 0 0 0 0 1
120	1	0 1 0 1 1 0 0 1 1 0 0 0 1 0 1 0
140	1	0 1 0 0 1 1 0 1 0 0 0 0 1 0 0 0
140	2	0 1 0 0 0 1 0 0 1 0 0 0 0 0 0 0
140	3	1 0 0 0 1 1 0 1 0 0 0 0 0 0 0 0
140	7	0 1 0 0 1 1 0 0 0 0 0 0 0 0 0 0
140	1	0 1 0 0 1 1 0 1 0 0 0 0 0 0 1 0
140	6	1 1 0 0 0 1 0 0 1 0 0 0 0 0 0 0
140	1	1 1 0 0 0 1 0 1 0 0 0 0 0 0 0 0
140	2	0 0 0 0 1 1 0 0 1 0 0 0 0 0 0 0
140	5	0 1 0 0 0 1 0 0 0 0 0 1 0 0 0 0
140	3	0 1 0 0 1 1 0 0 0 0 1 0 0 0 1 0
140	3	0 0 0 0 1 0 0 0 0 0 1 0 0 0 0 0
140	2	0 1 0 0 0 1 1 0 1 0 0 0 0 0 0 0
140	4	0 1 0 1 0 1 1 1 0 0 0 0 0 0 0 0
140	1	0 1 0 0 1 1 0 1 1 0 0 0 1 0 0 0
140	1	0 0 0 0 1 1 1 0 0 0 0 0 0 0 0 0
140	2	0 1 1 0 1 0 0 0 0 0 1 0 0 0 0 0
140	2	0 0 1 0 1 1 0 0 0 0 0 0 0 0 1 0
140	4	0 1 0 1 0 1 0 0 1 0 0 0 0 0 0 0
140	3	0 1 0 0 1 0 0 0 0 0 0 0 0 0 0 0
140	3	0 0 0 0 1 1 0 0 1 0 1 0 0 0 0 0
140	4	1 1 0 0 0 1 1 0 1 0 0 0 0 0 0 0
140	2	1 0 0 0 1 1 0 0 1 1 1 0 0 0 0 0
140	4	0 0 0 0 1 1 1 0 1 0 1 0 0 0 0 0
140	1	0 1 0 0 0 1 0 1 0 0 0 0 1 0 0 0
140	2	0 0 0 0 1 0 0 1 0 0 0 0 0 0 0 0
140	1	0 1 0 0 0 0 0 0 1 1 1 0 0 0 0 0
140	5	0 1 0 0 1 1 0 0 0 0 1 0 0 0 0 0
140	2	0 1 0 0 1 1 1 0 1 0 0 0 0 0 0 0
140	1	0 0 0 0 1 1 0 0 1 1 1 0 0 0 0 0
140	1	0 1 0 0 0 0 0 0 0 0 1 0 0 0 0 0
140	3	0 0 1 0 1 1 0 0 0 0 0 1 0 0 0 0
140	1	0 1 0 0 0 0 0 0 0 0 0 1 0 0 0 0
140	1	0 1 0 0 0 1 1 1 0 0 0 0 0 0 1 0
140	1	1 1 0 0 0 1 0 0 1 1 0 0 0 0 0 0
140	1	0 1 0 1 0 0 1 1 0 0 0 0 0 0 1 1
140	1	0 0 0 0 0 0 0 1 0 0 0 0 0 0 0 0
140	1	0 0 0 0 0 1 1 0 1 0 0 0 0 0 0 0
140	1	0 1 0 0 1 0 0 0 0 0 0 0 0 0 1 0
140	4	1 1 0 0 0 1 0 1 0 0 0 0 1 0 0 0
140	1	0 1 0 0 0 0 0 0 0 0 0 0 0 0 0 0
140	1	0 1 0 0 1 1 1 0 0 0 0 0 0 0 0 0
140	1	0 0 0 0 1 1 0 0 1 0 1 0 1 0 0 0
140	1	0 1 0 1 0 1 0 0 1 0 1 0 0 0 0 0
140	2	0 1 0 0 1 1 0 0 0 0 1 0 1 0 0 0
140	1	1 1 0 0 1 0 0 0 1 1 1 0 0 0 0 0
160	7	0 1 0 0 0 1 0 0 1 0 0 0 0 0 0 0
160	5	0 0 0 0 1 1 0 1 0 0 0 0 0 0 0 0
160	3	1 0 0 0 1 1 0 1 0 0 0 0 0 0 0 0
160	2	0 1 0 0 0 1 0 0 0 0 0 0 0 0 0 0
160	2	0 1 0 0 0 0 0 0 1 0 1 0 0 0 0 0
160	3	1 1 0 0 0 1 0 0 1 0 0 0 0 0 0 0
160	1	0 0 0 0 1 1 0 0 1 0 0 0 0 0 0 0
160	4	0 1 0 0 0 1 0 0 0 0 0 1 0 0 0 0
160	3	0 1 0 0 0 1 1 0 1 0 0 0 0 0 0 0
160	2	0 1 0 1 0 1 1 1 0 0 0 0 0 0 0 0
160	1	0 0 1 0 1 1 0 0 0 0 0 0 0 0 1 0
160	3	1 0 0 0 1 1 0 0 1 1 1 0 0 0 0 0
160	1	0 1 0 0 0 0 0 0 1 1 1 0 0 0 0 0
160	7	0 1 0 0 1 1 0 0 0 0 1 0 0 0 0 0
160	4	0 1 0 0 1 1 1 0 1 0 0 0 0 0 0 0
160	1	0 0 0 0 1 1 1 0 1 0 0 0 0 0 0 0
160	5	0 1 0 0 0 1 0 0 1 0 0 0 1 0 0 0
160	1	0 0 0 0 0 0 0 1 0 0 0 0 0 0 0 0
160	2	0 1 0 0 0 0 0 0 1 1 1 0 0 0 1 0
160	2	0 0 0 0 0 1 1 0 1 0 0 0 0 0 0 0
160	4	0 0 1 0 1 1 1 0 1 0 0 0 0 0 0 0
160	2	1 0 0 0 1 1 0 1 0 0 1 0 0 0 0 0
160	5	1 1 0 0 0 1 0 1 0 0 0 0 1 0 0 0
160	1	0 1 0 0 0 1 0 0 0 0 0 0 0 1 0 1
160	3	0 0 1 0 0 0 0 1 0 0 0 0 0 0 0 0
160	2	0 1 0 0 0 1 0 0 1 1 1 0 0 0 0 0
160	1	0 0 0 1 1 0 0 0 0 0 1 0 0 0 0 0
160	1	0 0 1 0 1 1 1 0 0 0 0 1 0 0 0 0
160	2	0 1 0 0 0 1 0 0 0 0 1 1 0 0 0 0
160	1	0 0 0 0 1 1 0 0 0 0 0 1 0 0 0 0
160	1	1 1 0 0 0 1 1 0 1 0 0 0 0 0 0 1
160	1	0 1 1 0 1 0 0 0 0 0 0 1 0 0 0 0
160	1	0 0 0 0 0 1 0 0 1 0 0 0 0 0 0 0
160	2	1 1 0 0 0 1 1 0 0 0 0 0 0 0 0 0
160	1	0 1 0 1 1 1 1 0 0 0 0 0 0 0 0 0
160	1	0 1 0 0 0 1 0 0 0 0 1 1 0 1 0 0
160	1	1 1 0 0 1 1 1 0 1 0 0 0 1 0 0 0
160	1	0 1 1 0 1 1 1 0 1 0 1 0 0 0 0 0
160	2	0 1 0 0 0 1 1 0 1 1 1 0 0 0 0 0
160	1	1 0 0 0 1 1 0 0 1 0 0 0 0 0 0 0
160	1	0 1 0 0 0 1 0 0 0 0 0 0 0 0 0 1
160	1	0 0 1 0 0 0 1 0 1 0 0 0 0 0 0 0
160	1	1 1 0 0 0 1 0 0 0 0 0 0 0 1 0 1
160	1	1 1 0 0 1 1 1 0 0 0 0 0 0 0 0 0
160	1	0 1 0 0 0 0 0 0 1 0 0 0 0 0 0 0
160	1	0 0 0 1 1 1 0 0 0 0 1 0 0 0 0 0
160	1	0 1 1 0 0 0 0 0 0 0 0 0 0 0 0 0
180	3	0 1 0 0 0 1 0 0 1 0 0 0 0 0 0 0
180	1	0 0 0 0 1 1 0 1 0 0 0 0 0 0 0 0
180	1	1 0 0 0 1 1 0 1 0 0 0 0 0 0 0 0
180	2	1 1 0 0 0 1 0 0 1 0 0 0 0 0 0 0
180	3	0 1 0 0 0 1 0 0 0 0 0 1 0 0 0 0
180	4	1 0 0 0 1 1 0 0 1 1 1 0 0 0 0 0
180	3	0 1 0 0 1 1 0 0 0 0 1 0 0 0 0 0
180	1	0 1 0 0 1 1 1 0 1 0 0 0 0 0 0 0
180	2	1 0 0 0 1 1 0 1 0 0 1 0 0 0 0 0
180	4	0 1 0 0 1 1 1 0 0 0 0 0 0 0 0 0
180	3	0 0 1 0 1 1 1 0 0 0 0 1 0 0 0 0
180	1	0 1 0 1 0 1 0 0 0 0 0 0 0 0 0 0
180	1	1 1 0 0 0 1 1 0 1 0 0 0 0 0 0 1
180	5	1 0 1 0 1 1 0 0 0 0 0 1 0 0 0 0
180	2	0 0 0 0 0 1 0 0 1 0 0 0 0 0 0 0
180	4	0 1 0 0 0 1 0 0 1 1 1 1 0 0 0 0
180	2	0 1 0 0 0 1 1 0 1 1 1 0 0 0 0 0
180	6	0 1 0 0 0 1 0 0 1 0 1 1 0 0 0 0
180	2	0 1 0 0 0 1 0 0 0 0 0 0 0 0 0 1
180	3	0 0 1 0 0 0 1 0 1 0 0 0 0 0 0 0
180	2	0 0 1 0 0 1 0 0 1 0 0 0 0 0 0 0
180	3	0 1 0 1 0 0 1 1 0 0 0 0 0 0 0 0
180	2	1 1 0 0 0 1 0 0 1 1 1 0 0 0 0 0
180	2	1 1 0 0 0 1 1 0 0 0 0 0 0 1 0 0
180	5	0 1 1 0 0 0 0 0 0 0 1 1 0 0 0 0
180	10	0 1 1 0 1 1 0 0 0 0 0 0 0 0 0 0
180	1	1 1 0 0 1 1 1 0 1 0 0 0 0 0 0 0
180	1	0 1 0 0 0 1 0 0 1 0 0 1 0 0 0 0
180	1	1 1 0 1 0 1 0 0 0 0 0 0 0 0 0 0
180	1	0 1 0 0 0 1 0 0 1 0 0 0 0 0 1 0
180	1	0 1 0 0 1 1 0 0 0 0 0 0 0 0 0 0
180	3	0 1 0 1 1 1 0 0 0 0 1 1 0 0 0 0
180	4	0 1 0 0 1 1 0 0 1 0 0 0 0 0 0 1
180	1	1 1 0 0 0 1 0 0 1 0 0 0 0 0 1 0
180	1	0 1 0 0 0 1 0 0 0 0 0 1 0 0 0 1
180	2	1 0 0 0 1 1 0 0 0 0 1 1 0 0 0 0
180	1	1 0 0 1 0 1 1 1 0 0 0 0 0 0 0 0
180	2	0 1 0 1 1 1 0 0 1 0 0 0 0 0 0 0
180	1	0 1 1 0 1 1 0 0 1 1 1 0 0 0 0 0
180	1	0 1 0 1 0 0 1 1 1 0 0 0 0 0 0 0
180	1	0 1 0 0 1 1 0 0 1 0 0 1 0 0 0 1
180	1	0 1 0 1 1 1 0 0 0 0 1 0 0 0 1 0
200	1	0 1 0 0 0 0 0 0 1 0 0 0 0 0 1 0
200	1	1 1 0 0 0 1 0 0 1 0 0 0 0 0 0 0
200	1	0 1 0 0 0 1 0 0 0 0 0 1 0 0 0 0
200	3	1 0 0 0 1 1 0 0 1 1 1 0 0 0 0 0
200	2	0 1 0 0 1 1 0 0 0 0 1 0 0 0 0 0
200	3	0 1 0 0 1 1 1 0 1 0 0 0 0 0 0 0
200	2	0 1 0 0 0 0 0 0 1 1 1 0 0 0 1 0
200	1	1 0 0 0 1 1 0 1 0 0 1 0 0 0 0 0
200	1	0 1 0 1 0 0 1 0 1 0 0 0 0 0 0 0
200	1	0 1 0 0 0 1 0 0 0 0 1 1 0 0 0 0
200	3	0 1 0 1 0 1 0 0 0 0 0 0 0 0 0 0
200	6	0 0 0 0 0 1 0 0 1 0 0 0 0 0 0 0
200	4	0 1 0 0 0 1 0 0 1 0 1 1 0 0 0 0
200	1	0 1 0 0 0 1 0 0 0 0 0 0 0 0 0 1
200	3	0 0 1 0 0 0 1 0 1 0 0 0 0 0 0 0
200	2	0 0 1 0 0 1 0 0 1 0 0 0 0 0 0 0
200	3	1 1 0 0 0 1 0 0 1 1 1 0 0 0 0 0
200	1	0 1 1 0 0 0 0 0 0 0 1 1 0 0 0 0
200	6	0 1 1 0 1 1 0 0 0 0 0 0 0 0 0 0
200	5	0 1 0 1 1 1 0 0 0 0 1 1 0 0 0 0
200	1	0 1 0 0 1 1 0 0 1 0 0 0 0 0 0 1
200	2	1 0 0 0 1 1 0 0 0 0 0 0 0 0 0 0
200	2	0 1 0 1 1 1 1 0 1 0 0 0 0 0 0 0
200	4	1 1 0 1 0 1 1 1 0 0 0 0 0 0 0 0
200	1	0 1 0 0 0 1 0 0 1 0 0 0 1 0 0 1
200	3	1 0 0 0 0 1 0 0 1 0 0 0 0 0 0 0
200	1	1 1 0 0 0 1 1 0 1 1 1 0 0 0 0 0
200	1	0 0 0 0 1 1 0 0 1 1 0 0 0 0 0 0
200	2	0 1 0 1 0 1 0 0 0 0 1 1 0 0 0 0
200	2	1 0 0 0 1 1 0 0 1 1 1 1 0 0 0 0
200	1	0 0 0 1 1 1 1 0 1 0 0 0 0 0 0 0
200	1	1 0 0 0 0 1 1 0 1 0 0 0 0 0 0 1
200	1	1 1 0 0 0 1 0 1 0 0 1 1 0 0 0 0
200	3	1 0 1 0 1 1 1 0 0 0 0 1 0 0 0 0
200	1	1 0 0 0 1 1 1 0 1 1 1 0 0 0 0 0
200	5	0 1 0 1 0 1 0 0 0 0 0 1 0 0 0 0
200	1	0 1 0 1 0 0 1 1 0 1 0 0 0 0 0 0
200	1	0 1 0 0 0 1 1 0 1 1 1 0 0 0 0 1
200	1	0 1 1 0 1 1 0 1 0 0 0 0 0 0 0 0
200	1	1 0 0 0 1 1 0 0 0 1 1 1 0 0 0 0
200	1	0 1 0 0 1 1 1 0 0 0 0 1 0 0 0 0
200	2	1 1 0 1 0 1 1 1 0 1 0 0 0 0 1 0
200	1	1 1 0 0 1 1 0 0 1 0 0 0 0 0 0 1
200	1	0 1 0 1 1 1 1 0 1 1 0 0 0 0 0 0
200	2	1 1 0 0 0 0 0 1 0 0 0 0 0 0 0 0
200	2	0 1 0 1 0 0 1 1 0 1 0 0 0 0 1 0
200	1	1 1 0 0 0 0 0 0 1 0 1 0 0 0 0 0
200	1	0 0 0 0 0 1 0 0 1 1 0 0 0 0 0 0
200	1	1 0 1 0 1 1 0 0 0 1 1 0 0 0 0 0
200	1	1 1 0 0 1 1 0 0 0 0 1 0 0 0 0 0
200	1	1 1 0 0 1 1 1 0 1 0 0 0 0 0 0 0
200	1	0 1 0 0 1 1 1 0 1 1 0 1 0 0 0 0
220	2	0 1 0 0 0 1 0 0 0 0 0 0 0 0 0 0
220	5	0 1 0 0 0 1 0 0 0 0 0 1 0 0 0 0
220	1	1 0 0 0 1 1 0 0 1 1 1 0 0 0 0 0
220	4	1 0 0 0 1 1 0 1 0 0 1 0 0 0 0 0
220	1	0 1 0 1 0 0 1 0 1 0 0 0 0 0 0 0
220	5	0 1 0 0 0 1 0 0 1 1 1 0 0 0 0 0
220	2	0 1 0 1 0 1 0 0 0 0 0 0 0 0 0 0
220	2	0 0 0 0 0 1 0 0 1 0 0 0 0 0 0 0
220	5	0 0 1 0 0 0 1 0 1 0 0 0 0 0 0 0
220	1	0 0 1 0 0 1 0 0 1 0 0 0 0 0 0 0
220	3	1 1 0 0 0 1 0 0 1 1 1 0 0 0 0 0
220	6	0 1 1 0 1 1 0 0 0 0 0 0 0 0 0 0
220	1	0 1 0 1 1 1 0 0 0 0 1 1 0 0 0 0
220	1	1 0 0 0 1 1 0 0 0 0 0 0 0 0 0 0
220	1	1 1 0 0 0 1 0 1 0 0 0 0 0 0 0 0
220	1	1 1 0 1 0 1 1 1 0 0 0 0 0 0 0 0
220	4	0 1 0 0 0 1 0 0 1 0 0 0 1 0 0 1
220	1	0 1 0 0 1 1 1 0 1 1 1 0 0 0 0 0
220	1	1 1 0 0 0 1 1 0 1 1 1 0 0 0 0 0
220	3	0 1 0 1 1 1 0 0 1 0 1 0 0 0 0 0
220	3	0 1 0 1 0 1 0 0 1 0 0 0 0 0 0 0
220	3	0 0 0 1 1 1 1 0 1 0 0 0 0 0 0 0
220	2	1 0 0 0 0 1 1 0 1 0 0 0 0 0 0 1
220	3	1 1 0 0 0 1 0 1 0 0 1 1 0 0 0 0
220	1	0 1 0 0 0 0 0 0 1 1 1 0 0 0 0 0
220	7	0 1 0 1 0 0 1 1 0 0 1 0 0 0 0 0
220	1	1 1 0 0 0 1 0 0 1 1 0 0 0 0 0 0
220	3	0 1 0 1 1 1 1 0 1 1 0 0 0 0 0 0
220	2	0 1 0 1 0 0 1 0 1 0 0 0 1 0 0 0
220	1	0 1 0 0 0 1 0 0 1 0 1 0 0 0 0 0
220	2	1 0 0 0 1 1 0 0 1 1 0 0 0 0 0 0
220	3	0 1 0 0 1 1 0 0 0 1 0 1 0 0 0 0
220	1	0 1 0 1 1 1 0 0 0 0 0 0 0 0 0 0
220	1	0 1 0 0 1 1 1 0 1 0 1 1 0 0 0 0
220	1	0 1 1 0 0 0 1 0 0 0 1 1 0 0 0 0
220	2	1 1 0 0 1 1 0 0 0 1 1 1 0 0 0 0
220	1	1 0 0 0 1 1 0 0 0 0 0 0 0 0 0 1
220	3	0 0 0 0 1 1 0 0 1 1 1 0 0 0 0 0
220	1	0 1 0 0 1 1 0 0 0 0 0 0 0 0 1 1
220	1	0 1 1 0 0 1 0 0 1 1 1 0 0 0 0 0
220	1	0 1 0 0 0 1 0 0 0 0 0 0 0 0 1 1
220	1	0 1 0 0 1 1 1 1 0 0 0 1 0 0 0 0
220	1	1 0 0 0 1 1 0 0 1 0 0 0 0 0 0 0
220	1	1 1 0 0 0 1 0 0 0 0 0 0 0 0 0 0
220	1	1 1 0 0 0 0 1 1 0 0 1 0 0 0 0 0
220	1	0 1 0 1 0 1 0 0 1 0 1 0 0 0 0 0
220	1	0 1 0 1 0 1 1 0 1 0 0 0 1 0 0 0
220	1	0 1 0 0 1 1 0 0 1 0 1 1 0 0 0 0
240	2	0 1 0 0 0 0 0 0 1 1 1 0 0 0 1 0
240	1	1 0 0 0 1 1 0 1 0 0 1 0 0 0 0 0
240	2	0 1 0 1 0 0 1 0 1 0 0 0 0 0 0 0
240	2	0 1 0 0 1 1 1 0 0 0 0 0 0 0 0 0
240	2	0 1 0 1 0 1 0 0 0 0 0 0 0 0 0 0
240	1	0 1 1 0 1 1 0 0 0 0 0 0 0 0 0 0
240	2	1 1 0 0 0 1 0 1 0 0 0 0 0 0 0 0
240	1	0 1 0 0 1 1 1 0 1 1 1 0 0 0 0 0
240	1	0 1 0 1 1 1 0 0 1 0 1 0 0 0 0 0
240	6	0 0 0 1 1 1 1 0 1 0 0 0 0 0 0 0
240	4	1 1 0 0 0 1 0 1 0 0 1 1 0 0 0 0
240	11	0 1 0 1 0 0 1 1 0 0 1 0 0 0 0 0
240	2	0 1 0 0 1 1 0 0 0 0 0 0 0 0 0 0
240	12	0 1 0 1 0 0 1 0 1 0 0 0 1 0 0 0
240	5	1 1 0 0 1 1 0 0 0 0 1 0 0 0 0 0
240	6	1 1 0 1 0 0 1 0 1 0 0 0 0 0 0 0
240	2	1 0 0 0 1 1 0 1 0 0 0 0 0 0 0 0
240	1	0 0 1 0 0 0 1 0 1 0 0 0 0 0 0 1
240	4	0 1 0 0 0 1 0 0 0 0 0 1 0 0 1 0
240	2	0 1 0 1 0 0 1 1 0 1 1 0 0 0 0 0
240	1	0 1 0 1 0 1 1 0 1 0 0 0 1 0 0 0
240	1	0 0 1 0 0 0 1 0 1 0 0 0 0 1 0 0
240	2	0 1 0 1 1 1 0 0 1 1 1 0 0 0 0 0
240	1	0 1 0 1 0 0 1 0 1 0 0 0 1 0 0 1
240	2	0 1 0 0 0 1 0 0 1 0 0 0 0 0 0 0
240	1	1 1 0 1 1 1 0 0 0 1 1 1 0 0 0 0
240	1	0 1 0 1 0 0 1 0 1 0 1 0 1 0 0 0
240	1	1 1 0 0 1 1 0 0 0 1 1 0 0 0 0 0
240	1	0 1 0 1 0 0 0 0 0 0 1 1 0 0 0 0
240	3	0 0 1 0 0 0 1 0 0 0 1 1 0 0 0 0
240	1	0 1 1 1 0 1 0 0 1 0 0 0 0 0 0 0
240	1	0 1 0 1 0 1 0 0 1 0 1 0 0 0 0 0
240	2	0 1 1 1 0 1 1 0 0 0 0 0 1 0 0 0
240	2	0 0 0 0 0 1 0 0 1 1 0 0 0 0 0 0
240	2	1 1 0 0 1 1 1 0 0 1 1 1 0 0 0 0
240	1	0 1 0 1 1 0 1 0 1 0 0 0 1 0 0 0
240	1	1 1 0 0 1 1 1 0 0 0 0 0 0 0 0 0
240	1	1 0 0 0 1 1 0 0 0 0 1 0 0 0 0 0
240	2	0 1 0 0 0 0 0 0 1 1 0 0 0 0 0 0
240	1	0 1 0 1 1 1 0 0 0 0 1 0 0 0 0 0
240	1	0 0 0 1 1 1 0 0 1 0 1 0 0 1 0 0
240	1	0 1 0 1 0 0 1 1 1 0 1 0 0 0 0 0
240	1	0 1 0 1 0 0 1 0 0 0 0 0 1 0 0 1
260	1	0 1 0 1 0 0 1 0 1 0 0 0 0 0 0 0
260	2	0 1 0 0 1 1 1 0 0 0 0 0 0 0 0 0
260	1	0 1 0 1 0 1 0 0 1 0 0 0 0 0 0 0
260	5	0 0 0 1 1 1 1 0 1 0 0 0 0 0 0 0
260	1	1 1 0 0 0 1 0 1 0 0 1 1 0 0 0 0
260	1	0 1 0 0 0 0 0 0 1 1 1 0 0 0 0 0
260	1	0 1 0 1 0 0 1 1 0 0 1 0 0 0 0 0
260	4	0 1 0 0 1 1 0 0 0 0 0 0 0 0 0 0
260	6	0 1 0 1 0 0 1 0 1 0 0 0 1 0 0 0
260	6	1 1 0 0 1 1 0 0 0 0 1 0 0 0 0 0
260	3	1 1 0 1 0 0 1 0 1 0 0 0 0 0 0 0
260	1	1 1 0 0 1 1 0 0 0 1 1 1 0 0 0 0
260	1	1 0 0 0 1 1 0 1 0 0 0 0 0 0 0 0
260	2	0 1 0 1 0 1 1 0 1 0 0 0 1 0 0 0
260	5	0 1 0 1 1 1 0 0 1 1 1 0 0 0 0 0
260	4	0 0 0 1 1 1 1 0 1 1 0 0 0 0 0 0
260	2	1 1 0 0 1 1 0 0 0 1 1 0 0 0 0 0
260	2	0 1 0 1 0 0 0 0 0 0 1 1 0 0 0 0
260	4	0 1 1 1 0 1 0 0 1 0 0 0 0 0 0 0
260	2	0 1 0 1 0 1 0 0 1 0 1 0 0 0 0 0
260	4	1 0 0 0 1 1 1 1 0 0 1 0 0 0 0 0
260	1	1 1 1 0 1 1 0 0 0 0 1 0 0 0 0 0
260	3	1 1 0 0 1 1 0 0 0 0 1 1 0 0 0 0
260	4	1 0 0 0 0 0 0 0 1 0 0 0 0 0 0 0
260	1	0 1 0 1 1 1 0 1 1 1 1 0 0 0 0 0
260	3	0 1 0 1 0 0 1 0 1 0 0 0 0 0 0 1
260	2	1 1 0 1 0 0 1 0 1 0 0 0 1 1 0 0
260	1	0 1 0 0 1 1 0 0 1 1 1 0 0 0 1 0
260	3	0 0 0 1 0 0 1 0 1 0 0 0 0 0 0 0
260	3	1 1 0 0 1 1 0 1 0 0 1 0 0 0 0 0
260	1	0 1 0 1 1 1 0 0 0 0 1 0 0 0 0 0
260	1	0 1 0 0 1 1 0 0 0 0 0 0 0 0 1 0
260	1	0 1 0 0 0 0 1 0 1 0 0 0 1 0 0 0
260	3	0 0 0 1 0 0 0 0 0 0 1 0 0 0 0 0
260	4	1 0 0 0 0 1 0 1 0 0 0 0 0 0 0 0
260	2	0 1 0 0 1 1 0 0 0 0 0 0 0 0 0 1
260	3	0 0 0 0 1 1 1 0 1 0 0 0 0 0 0 0
260	1	0 0 0 1 1 0 1 0 1 0 0 0 1 0 0 0
260	1	1 0 0 0 0 0 0 0 1 1 1 0 0 0 0 0
260	1	0 1 0 1 1 1 0 0 0 0 0 0 0 0 1 0
260	1	1 0 1 0 1 0 0 0 1 1 1 0 0 0 0 0
260	1	0 0 0 1 1 1 0 1 1 1 1 0 0 0 0 0
260	1	1 0 0 0 1 1 0 1 0 0 1 0 0 0 0 0
280	1	0 1 0 1 1 1 0 0 1 0 1 0 0 0 0 0
280	4	0 0 0 1 1 1 1 0 1 0 0 0 0 0 0 0
280	8	0 1 0 1 0 0 1 1 0 0 1 0 0 0 0 0
280	2	0 1 0 1 0 0 1 0 1 0 0 0 1 0 0 0
280	9	1 1 0 0 1 1 0 0 0 0 1 0 0 0 0 0
280	1	1 1 0 1 0 0 1 0 1 0 0 0 0 0 0 0
280	5	0 1 0 1 1 1 0 0 1 1 1 0 0 0 0 0
280	1	0 0 0 1 1 1 1 0 1 1 0 0 0 0 0 0
280	2	1 1 0 0 1 1 0 0 0 1 1 0 0 0 0 0
280	7	0 1 1 1 0 1 0 0 1 0 0 0 0 0 0 0
280	5	0 1 0 1 0 1 0 0 1 0 1 0 0 0 0 0
280	2	0 1 0 0 1 1 0 0 1 0 1 0 0 0 0 0
280	1	1 1 0 0 1 1 0 0 0 0 1 1 0 0 0 0
280	2	1 1 0 1 0 0 1 0 1 0 0 0 1 0 0 0
280	3	0 1 0 1 1 1 0 1 1 1 1 0 0 0 0 0
280	4	0 1 0 1 0 0 1 0 1 0 0 0 0 0 0 1
280	1	0 1 0 0 1 1 0 0 1 1 1 0 0 0 1 0
280	1	1 1 0 0 1 1 0 0 0 0 0 0 0 0 0 0
280	2	1 1 0 0 1 1 0 0 1 0 1 0 0 0 0 0
280	1	0 0 0 0 1 1 1 0 1 0 0 0 0 0 0 0
280	1	0 1 0 1 0 0 0 1 0 0 1 0 0 0 0 0
280	1	1 1 0 1 0 0 1 0 1 0 0 1 1 0 0 0
280	1	1 0 1 0 0 1 0 1 0 0 0 0 0 0 0 0
280	2	0 0 0 1 0 0 0 0 1 0 0 0 0 0 0 0
280	1	0 1 0 1 1 0 1 1 0 0 1 0 0 0 0 0
280	2	1 1 0 0 1 1 0 0 0 0 0 0 0 1 0 0
280	4	0 1 1 1 0 1 0 0 1 0 1 0 0 0 0 0
280	1	1 0 0 0 1 1 1 0 1 0 0 0 1 0 0 0
280	1	0 1 0 0 1 1 1 0 1 1 0 0 0 0 1 0
280	1	0 0 1 1 0 0 1 0 1 0 0 0 1 0 0 0
280	1	0 1 1 1 0 0 0 0 1 0 0 0 0 0 0 0
280	2	1 0 0 0 1 1 0 0 0 0 0 0 0 0 0 0
280	1	0 1 0 1 1 1 1 0 1 1 0 0 0 0 0 0
280	1	1 1 0 0 0 0 1 0 0 0 1 1 0 0 0 0
280	1	0 1 0 1 0 0 0 1 0 0 1 1 0 0 0 0
280	2	1 0 1 0 1 1 0 0 0 0 0 0 0 0 0 0
280	1	0 0 0 1 1 1 1 0 1 0 1 0 0 0 0 0
280	1	1 0 1 0 0 0 1 0 0 0 1 1 0 0 0 0
280	1	0 1 0 1 0 0 1 1 0 0 1 0 1 0 0 0
280	1	0 0 1 0 0 0 1 0 1 0 1 1 0 0 0 0
280	1	0 1 0 1 0 1 0 0 1 1 1 0 0 0 0 0
280	1	0 1 0 1 0 1 0 0 1 0 0 0 1 0 0 0
280	1	0 1 0 1 1 1 0 0 1 1 0 0 0 0 0 0
280	1	0 1 0 1 0 0 1 0 1 0 0 1 1 0 0 0
280	1	1 1 0 0 0 0 1 0 1 0 0 0 0 0 0 1
280	1	0 1 1 1 0 0 1 0 1 0 0 1 1 0 0 0
280	3	0 1 0 0 0 0 1 1 0 0 1 0 0 0 0 0
280	1	1 0 0 0 1 1 0 1 0 0 0 0 0 0 0 0
280	1	0 1 0 1 0 1 0 0 1 0 0 1 1 0 0 0
300	1	0 1 0 1 0 0 1 0 1 0 0 0 0 0 0 0
300	3	0 1 0 1 1 1 0 0 1 0 1 0 0 0 0 0
300	2	0 0 0 1 1 1 1 0 1 0 0 0 0 0 0 0
300	9	1 1 0 0 1 1 0 0 0 0 1 0 0 0 0 0
300	3	0 1 0 1 0 1 1 0 1 0 0 0 1 0 0 0
300	4	0 1 0 1 1 1 0 0 1 1 1 0 0 0 0 0
300	2	0 1 0 1 0 0 1 0 1 0 1 0 1 0 0 0
300	3	1 1 0 0 1 1 0 0 0 1 1 0 0 0 0 0
300	5	0 1 1 1 0 1 0 0 1 0 0 0 0 0 0 0
300	2	0 1 0 1 0 1 0 0 1 0 1 0 0 0 0 0
300	4	1 1 0 1 0 0 1 0 1 0 0 0 1 0 0 0
300	1	0 1 0 1 0 0 1 0 1 0 0 0 0 0 0 1
300	4	1 1 0 0 1 1 0 0 0 0 0 0 0 0 0 0
300	2	1 1 0 1 0 0 1 0 1 1 0 0 0 0 0 0
300	2	0 0 0 1 1 1 0 1 1 1 1 0 0 0 0 0
300	3	0 1 0 1 0 1 1 0 1 0 0 0 0 0 0 0
300	4	0 1 1 1 0 1 0 0 1 0 1 0 0 0 0 0
300	3	0 1 0 1 1 1 0 1 1 1 0 0 0 0 0 0
300	3	1 0 1 1 0 0 1 1 0 0 1 0 0 0 0 0
300	1	0 1 0 1 0 1 0 0 1 0 1 1 0 0 0 0
300	1	0 1 0 1 0 1 1 0 1 0 0 0 0 0 1 0
300	3	0 1 1 1 0 0 1 1 0 0 1 0 0 0 0 0
300	1	0 1 0 1 1 1 1 0 1 1 0 0 0 0 0 0
300	1	0 0 0 1 1 0 1 0 1 0 0 0 0 0 0 0
300	1	1 1 0 0 1 1 0 0 0 0 1 0 0 1 0 0
300	6	0 1 0 1 0 1 1 1 0 0 1 0 0 0 0 0
300	3	0 1 0 0 1 1 0 0 0 0 1 0 0 0 0 0
300	1	1 1 0 1 1 1 0 0 0 0 0 0 0 0 0 0
300	2	1 1 0 0 1 0 1 1 1 0 1 0 0 0 0 0
300	2	0 1 1 1 0 0 0 0 1 0 1 0 0 0 0 0
300	1	0 1 0 1 1 1 1 1 1 1 1 0 0 0 0 0
300	1	0 1 0 1 0 1 1 0 1 0 1 0 0 0 0 0
300	3	0 1 0 1 0 0 1 0 1 0 1 0 0 0 0 0
300	1	1 0 0 1 1 1 1 0 1 0 0 0 0 0 0 0
300	1	0 1 0 1 0 0 1 0 1 0 0 1 0 0 0 0
300	2	0 1 0 1 1 1 0 0 1 1 1 0 0 0 0 1
300	1	0 1 1 1 0 1 0 0 1 0 1 0 0 1 0 0
300	1	1 1 1 0 1 1 0 0 0 0 0 0 0 0 0 0
300	1	1 1 0 0 1 1 0 0 0 0 0 0 0 0 1 0
300	4	1 0 1 1 0 0 1 1 0 0 1 1 0 0 0 0
300	1	1 1 0 1 1 0 1 0 1 1 0 0 0 0 0 0
300	1	0 0 0 1 0 0 1 0 0 0 1 0 0 0 0 0
320	3	0 1 0 1 0 0 1 0 1 0 0 0 0 0 0 0
320	3	0 1 0 1 1 1 0 0 1 0 1 0 0 0 0 0
320	1	0 0 0 1 1 1 1 0 1 0 0 0 0 0 0 0
320	11	1 1 0 0 1 1 0 0 0 0 1 0 0 0 0 0
320	1	1 1 0 1 0 0 1 0 1 0 0 0 0 0 0 0
320	1	0 1 0 1 0 1 1 0 1 0 0 0 1 0 0 0
320	3	0 1 0 1 1 1 0 0 1 1 1 0 0 0 0 0
320	1	1 0 0 0 1 0 0 0 1 1 1 0 0 0 0 0
320	1	1 1 0 0 1 1 0 0 0 1 1 0 0 0 0 0
320	6	0 1 1 1 0 1 0 0 1 0 0 0 0 0 0 0
320	1	0 1 0 1 0 1 0 0 1 0 1 0 0 0 0 0
320	1	1 1 0 0 1 1 0 0 0 0 1 1 0 0 0 0
320	1	1 1 0 0 1 1 0 0 0 0 0 0 0 0 0 0
320	1	0 1 0 1 0 1 1 0 1 0 0 0 0 0 0 0
320	6	0 1 1 1 0 1 0 0 1 0 1 0 0 0 0 0
320	7	0 1 0 1 1 1 0 1 1 1 0 0 0 0 0 0
320	1	1 0 1 1 0 0 1 1 0 0 1 0 0 0 0 0
320	1	0 1 0 1 0 1 0 0 1 0 1 1 0 0 0 0
320	1	0 1 1 1 0 0 1 1 0 0 1 0 0 0 0 0
320	1	1 1 0 1 1 1 0 0 0 0 0 0 0 0 0 0
320	5	0 1 0 1 0 1 1 0 1 0 1 0 0 0 0 0
320	5	0 1 0 1 0 0 1 0 1 0 1 0 0 0 0 0
320	4	1 1 0 0 1 1 1 0 1 0 0 0 0 0 0 0
320	3	1 0 1 1 0 0 1 1 0 0 1 1 0 0 0 0
320	3	0 1 0 1 0 1 0 1 1 1 0 0 0 0 0 0
320	2	0 1 0 1 1 1 0 0 0 0 1 0 0 0 0 0
320	1	1 0 1 1 1 1 0 1 1 1 0 0 0 0 0 0
320	1	0 1 0 1 1 1 0 0 1 0 1 0 1 0 0 0
320	1	1 1 0 0 1 1 1 0 0 0 1 0 0 0 0 0
320	2	1 1 1 1 0 1 0 0 1 0 0 1 0 0 0 0
320	1	1 1 0 1 0 0 1 0 1 0 0 0 0 0 0 1
320	1	0 0 0 1 1 0 1 0 1 0 0 0 0 0 0 0
320	3	0 1 1 1 0 0 1 1 0 0 1 0 0 0 1 0
320	1	0 1 0 1 1 1 0 1 1 1 1 0 0 0 1 0
320	1	0 1 0 0 1 1 0 0 0 0 1 1 0 0 0 0
320	2	1 1 0 1 1 1 0 0 0 0 1 0 0 0 0 0
320	2	0 1 0 1 0 0 0 0 1 0 1 1 0 0 0 0
320	1	0 1 0 1 0 0 1 0 1 0 1 0 0 0 1 0
320	1	0 0 0 1 1 1 0 0 1 0 0 0 0 0 0 0
320	1	0 1 0 1 0 0 0 0 1 0 1 0 0 0 0 0
320	1	0 1 1 1 0 1 0 0 1 1 1 0 0 0 0 0
320	2	0 1 0 1 1 1 0 1 1 0 1 0 1 0 0 0
320	1	1 0 1 1 1 1 0 0 1 1 1 0 0 0 0 1
320	1	0 0 0 1 1 1 0 1 1 1 0 0 0 0 1 0
320	1	0 1 0 1 0 1 1 1 1 0 0 0 0 0 0 0
320	1	0 0 1 1 0 1 0 0 1 0 0 1 0 0 0 0
340	1	0 1 0 1 1 1 0 0 1 0 1 0 0 0 0 0
340	1	0 0 0 1 1 1 1 0 1 0 0 0 0 0 0 0
340	15	1 1 0 0 1 1 0 0 0 0 1 0 0 0 0 0
340	5	1 0 0 0 1 0 0 0 1 1 1 0 0 0 0 0
340	4	0 1 0 1 0 0 1 0 1 0 1 0 1 0 0 0
340	1	1 1 0 0 1 1 0 0 0 1 1 0 0 0 0 0
340	3	0 1 1 1 0 1 0 0 1 0 0 0 0 0 0 0
340	1	1 1 0 0 1 1 0 0 0 0 0 0 0 0 0 0
340	8	0 1 1 1 0 1 0 0 1 0 1 0 0 0 0 0
340	6	1 0 1 1 0 0 1 1 0 0 1 0 0 0 0 0
340	2	1 1 0 1 1 1 0 0 0 0 0 0 0 0 0 0
340	1	0 1 0 1 0 1 1 0 1 0 1 0 0 0 0 0
340	4	1 1 0 0 1 1 1 0 1 0 0 0 0 0 0 0
340	1	0 1 0 1 1 1 0 0 0 0 1 0 0 0 0 0
340	1	0 1 0 1 1 1 0 0 1 0 1 0 1 0 0 0
340	2	1 1 0 1 0 0 1 0 1 0 0 0 0 0 0 1
340	2	0 1 0 0 0 0 1 0 1 0 1 0 0 0 0 0
340	1	1 1 0 1 0 0 1 0 0 0 1 0 0 0 0 0
340	4	0 1 0 1 0 1 1 1 0 0 0 0 0 0 0 0
340	2	1 1 0 0 1 1 0 0 0 1 0 0 0 0 0 0
340	1	0 1 0 1 1 1 0 1 0 1 0 0 0 0 0 0
340	1	0 1 0 1 0 0 1 0 1 0 1 0 0 0 1 0
340	2	1 0 0 1 0 0 0 1 0 0 1 1 0 0 0 0
340	1	1 0 1 1 0 0 1 0 0 0 1 0 0 0 0 0
340	1	0 0 0 1 0 0 0 1 1 0 0 1 0 0 0 0
340	2	1 1 0 1 0 1 1 0 1 0 1 0 0 0 0 0
340	1	0 1 1 1 0 0 1 0 1 0 1 0 0 0 0 0
340	1	0 1 0 1 1 1 0 1 1 1 1 0 1 0 0 0
340	1	0 0 0 1 1 0 0 0 0 0 1 0 0 0 0 0
340	1	0 0 1 1 0 0 1 1 0 0 0 0 0 0 0 0
340	3	1 1 0 1 0 0 1 0 1 0 1 0 0 0 0 1
340	1	1 1 0 1 0 1 0 1 1 1 0 0 0 0 0 0
340	1	1 1 0 0 0 1 0 0 1 1 0 0 0 0 0 0
340	1	0 1 1 1 0 0 1 0 1 0 1 0 1 0 0 0
340	2	0 1 0 1 1 1 1 1 1 1 1 0 1 0 0 0
340	1	0 0 0 1 1 0 1 0 1 0 0 0 0 0 0 1
340	1	0 0 1 1 0 0 1 1 0 0 1 0 0 0 0 0
340	1	0 1 1 1 0 1 0 0 0 0 1 0 0 0 0 0
340	1	1 1 0 0 1 1 0 0 1 0 1 0 0 0 0 0
340	1	1 1 0 0 1 1 1 0 0 1 1 0 0 0 0 0
340	1	1 0 1 1 0 0 0 1 0 0 1 0 0 0 0 0
340	2	1 0 1 1 0 1 0 0 1 0 1 0 0 0 1 0
340	1	1 0 0 0 1 0 0 0 1 1 1 0 0 0 1 0
340	1	0 1 0 1 0 1 1 0 1 0 0 0 0 1 0 0
340	1	0 1 1 1 0 1 0 0 1 1 1 0 0 0 0 1
340	1	0 1 0 1 0 1 0 0 0 0 1 0 0 0 0 0
340	1	1 1 0 1 0 1 0 0 0 0 0 0 0 0 0 0
340	1	0 1 0 1 0 0 1 1 0 0 0 0 0 0 0 0
340	1	0 1 0 1 0 1 1 0 1 0 1 0 1 0 0 0
360	9	1 1 0 0 1 1 0 0 0 0 1 0 0 0 0 0
360	2	1 0 0 0 1 0 0 0 1 1 1 0 0 0 0 0
360	3	0 1 0 1 0 0 1 0 1 0 1 0 1 0 0 0
360	3	1 1 0 1 0 0 1 0 1 1 0 0 0 0 0 0
360	17	1 0 1 1 0 0 1 1 0 0 1 0 0 0 0 0
360	1	1 1 0 1 1 1 0 0 0 0 0 0 0 0 0 0
360	1	0 1 0 1 0 0 1 0 0 0 1 0 0 0 0 0
360	5	1 1 0 1 0 0 1 0 0 0 1 0 0 0 0 0
360	2	0 1 0 1 0 1 1 1 0 0 0 0 0 0 0 0
360	1	0 1 0 1 1 1 0 1 0 1 0 0 0 0 0 0
360	1	0 1 0 1 0 0 1 0 1 0 1 0 0 0 1 0
360	2	1 0 1 1 1 1 0 0 1 1 1 0 0 0 0 1
360	1	0 0 0 1 0 0 0 0 1 0 1 1 0 0 0 0
360	1	0 1 0 1 1 1 1 0 1 0 0 0 0 0 0 0
360	1	1 1 0 1 0 1 0 1 1 1 0 0 0 0 0 0
360	1	1 0 1 1 0 0 0 1 0 0 1 0 0 0 0 0
360	1	0 1 0 1 0 1 1 0 1 0 0 0 0 1 0 0
360	1	0 1 1 1 0 0 0 0 1 1 1 0 0 0 0 0
360	1	1 1 0 1 0 1 0 0 0 0 0 0 0 0 0 0
360	4	1 0 1 1 0 0 1 1 0 0 0 0 0 0 0 0
360	3	0 1 0 1 0 0 0 1 1 0 0 1 0 0 0 0
360	1	0 1 1 1 0 0 1 0 0 0 1 0 0 0 0 0
360	7	1 1 0 0 1 1 1 0 1 0 1 0 1 0 0 0
360	1	0 1 0 0 1 1 0 0 1 0 1 0 0 0 1 0
360	1	0 1 0 1 1 1 0 1 1 1 1 0 0 0 0 0
360	2	0 1 0 1 0 0 1 0 1 0 1 0 0 0 0 0
360	1	1 1 0 0 0 1 0 0 0 0 0 0 0 0 0 0
360	1	1 1 1 1 1 0 0 0 1 1 1 0 0 0 0 1
360	1	1 1 0 0 1 1 1 0 1 1 0 0 0 0 0 0
360	2	1 1 1 1 0 0 0 1 0 0 1 0 0 0 0 0
360	1	1 1 0 1 0 1 1 0 1 0 0 0 0 0 0 0
360	1	0 1 0 1 1 1 0 1 1 1 0 1 0 0 0 0
360	5	0 1 1 1 0 0 1 1 0 0 1 0 0 0 0 0
360	3	0 1 1 1 1 1 0 0 1 0 0 0 0 0 0 0
360	3	1 1 0 1 0 0 1 1 0 0 1 0 0 0 0 0
360	1	0 0 0 1 0 1 1 1 0 0 0 0 0 0 0 0
360	1	1 1 0 0 1 1 0 0 0 0 1 0 0 0 0 1
360	1	0 1 0 0 1 1 1 0 1 0 1 0 1 0 0 0
360	1	1 0 1 1 0 0 0 1 0 0 1 1 0 0 0 0
360	1	0 1 1 1 1 1 0 0 1 1 1 0 0 0 0 1
360	1	1 1 0 1 0 0 0 1 1 1 0 0 0 0 0 0
360	1	0 1 0 1 0 1 0 1 1 1 0 0 0 0 0 0
360	1	1 0 0 0 1 1 0 0 1 0 1 0 0 0 0 1
360	1	0 0 0 1 0 0 0 1 1 0 0 1 0 0 0 0
380	1	1 1 0 0 1 1 0 0 0 0 1 0 0 0 0 0
380	2	1 1 0 1 0 0 1 0 1 1 0 0 0 0 0 0
380	2	1 0 1 1 0 0 1 1 0 0 1 0 0 0 0 0
380	2	1 1 0 1 1 1 0 0 0 0 0 0 0 0 0 0
380	2	0 1 0 1 0 0 1 0 0 0 1 0 0 0 0 0
380	2	1 1 0 1 0 0 1 0 0 0 1 0 0 0 0 0
380	5	0 1 0 1 0 1 1 1 0 0 0 0 0 0 0 0
380	3	0 1 0 1 0 0 1 0 1 0 1 0 0 0 1 0
380	1	1 0 1 1 0 0 1 0 0 0 1 0 0 0 0 0
380	1	1 0 1 1 1 1 0 0 1 1 1 0 0 0 0 1
380	1	0 0 0 1 0 0 0 0 1 0 1 1 0 0 0 0
380	1	0 1 0 1 1 1 1 0 1 0 0 0 0 0 0 0
380	2	0 1 1 1 0 0 0 1 0 0 1 0 0 0 0 0
380	1	1 1 0 0 0 1 0 0 1 1 0 0 0 0 0 0
380	1	1 0 1 1 0 0 1 1 1 0 1 0 0 0 0 0
380	2	0 1 1 1 0 0 0 0 1 1 1 0 0 0 0 0
380	1	1 1 0 1 0 1 0 0 0 0 0 0 0 0 0 0
380	3	1 0 1 1 0 0 1 1 0 0 0 0 0 0 0 0
380	1	0 1 0 1 0 0 0 1 1 0 0 1 0 0 0 0
380	1	0 1 1 1 0 0 1 0 0 0 1 0 0 0 0 0
380	2	1 1 0 0 1 1 1 0 1 0 1 0 1 0 0 0
380	3	0 1 0 1 1 1 0 1 1 1 1 0 0 0 0 0
380	4	1 1 0 1 0 0 0 0 1 1 0 0 0 0 0 0
380	2	0 1 0 1 0 0 1 0 1 0 1 0 0 0 0 0
380	2	1 1 0 0 0 1 0 0 0 0 0 0 0 0 0 0
380	2	1 1 0 1 0 1 1 0 1 0 1 0 0 1 0 0
380	2	1 1 0 0 1 1 1 0 1 1 0 0 0 0 0 0
380	1	0 1 1 1 0 0 1 1 0 0 1 0 0 0 0 0
380	3	0 1 1 1 1 1 0 0 1 0 0 0 0 0 0 0
380	2	1 1 0 1 0 0 1 0 0 0 1 0 1 0 0 1
380	1	1 0 1 1 0 0 0 1 0 0 1 1 0 0 0 0
380	2	1 1 0 1 0 0 0 1 1 1 0 0 0 0 0 0
380	2	1 1 1 1 0 0 1 1 0 0 1 0 0 0 0 0
380	3	1 1 0 1 1 1 0 1 0 0 1 1 0 0 0 0
380	3	0 0 0 1 0 1 1 1 0 0 1 0 0 0 0 0
380	2	0 0 0 1 0 0 0 0 0 0 1 1 0 0 0 0
380	1	1 0 1 1 0 0 0 0 0 0 1 0 0 0 0 0
380	1	0 1 1 1 1 1 0 0 1 0 0 1 0 0 0 0
380	2	0 1 0 1 1 1 0 1 1 1 1 1 0 0 0 0
380	1	0 1 0 1 0 1 0 1 1 1 1 0 0 0 0 0
380	1	0 1 0 0 1 1 0 0 1 0 1 1 0 0 0 0
380	1	1 1 0 1 0 0 1 1 1 0 1 0 0 0 0 0
380	3	1 1 1 1 0 0 1 0 0 0 1 0 0 0 0 0
380	2	1 0 0 1 0 0 1 1 0 0 1 0 0 0 0 0
380	1	0 1 0 1 0 0 1 0 1 1 1 0 0 0 0 0
380	1	0 0 0 1 0 0 0 0 1 0 1 0 0 0 0 0
380	2	0 0 0 1 0 0 1 1 0 0 1 0 0 0 0 0
380	1	1 0 1 1 0 0 1 1 0 0 1 1 0 0 0 0
380	2	1 1 0 1 0 1 1 1 1 1 0 0 0 0 0 0
380	1	0 1 0 1 0 0 1 0 0 0 1 0 1 0 0 0
380	1	1 0 1 1 0 0 1 1 0 0 0 1 0 0 0 0
380	1	1 0 0 0 0 1 0 0 1 1 0 0 0 0 0 0
380	1	0 1 1 1 0 0 0 1 1 1 1 0 0 0 0 0
380	1	0 1 0 1 0 0 1 0 0 0 0 0 0 0 0 0
380	1	1 0 1 1 0 0 1 1 0 1 1 0 0 0 0 0
380	1	1 1 0 1 0 1 0 0 0 0 0 0 0 0 1 0
380	1	0 1 1 1 0 1 1 0 0 0 1 0 0 0 0 0
380	1	1 1 0 0 0 1 0 0 1 1 1 0 0 0 0 1
380	1	0 1 1 1 1 0 1 0 0 0 0 0 0 0 0 0
400	2	1 1 0 1 0 0 1 0 1 1 0 0 0 0 0 0
400	12	1 0 1 1 0 0 1 1 0 0 1 0 0 0 0 0
400	4	0 1 1 1 0 0 0 1 0 0 1 0 0 0 0 0
400	2	0 1 0 1 1 1 0 1 1 0 0 0 0 0 0 0
400	1	1 0 1 1 0 0 1 1 0 0 1 0 0 0 1 0
400	2	0 1 1 1 0 0 0 0 1 1 1 0 0 0 0 0
400	2	0 1 0 1 0 0 0 1 1 0 0 1 0 0 0 0
400	1	0 1 0 1 1 1 0 1 1 1 1 0 0 0 0 0
400	2	0 1 0 1 0 0 1 0 1 0 1 0 0 0 0 0
400	2	1 1 0 0 0 1 0 0 0 0 0 0 0 0 0 0
400	1	0 1 1 1 0 0 1 1 0 0 1 0 0 0 0 0
400	1	1 1 0 0 0 1 0 0 1 1 0 0 0 0 0 1
400	1	0 1 1 1 1 1 0 0 1 0 0 0 0 0 0 0
400	7	1 0 1 1 0 0 0 1 0 0 1 1 0 0 0 0
400	2	1 1 0 1 0 0 0 1 1 1 0 0 0 0 0 0
400	1	0 0 0 1 0 0 0 1 1 0 0 1 0 0 0 0
400	7	1 1 1 1 0 0 1 1 0 0 1 0 0 0 0 0
400	2	1 1 0 1 1 1 0 1 0 0 1 1 0 0 0 0
400	3	0 1 0 1 0 1 0 1 1 1 1 0 0 0 0 0
400	2	0 1 0 1 0 0 1 0 1 1 1 0 0 0 0 0
400	3	0 1 0 0 0 0 1 0 1 0 1 0 0 0 0 0
400	8	0 0 0 1 0 0 1 1 0 0 1 0 0 0 0 0
400	1	0 1 0 1 0 0 1 0 1 0 1 0 0 0 0 1
400	3	0 0 1 1 0 0 1 0 0 0 0 0 0 0 0 0
400	2	1 1 0 1 0 1 1 1 1 1 0 0 0 0 0 0
400	4	1 0 0 0 0 1 0 0 1 1 0 0 0 0 0 0
400	1	1 0 1 1 0 0 0 1 0 0 1 0 0 0 0 0
400	1	1 1 0 0 0 1 0 0 1 0 1 0 0 0 0 0
400	1	1 1 1 1 0 0 1 1 0 0 1 0 0 0 1 0
400	1	0 1 0 1 0 0 1 0 0 0 1 0 0 0 1 0
400	1	1 1 0 0 0 0 0 0 1 1 0 0 0 0 0 0
400	2	1 1 1 1 0 0 0 1 0 0 1 0 0 0 0 0
400	1	1 1 0 0 1 1 1 0 0 0 1 0 0 0 0 0
400	2	1 1 0 1 1 1 0 0 0 0 1 1 0 0 0 0
400	1	1 1 1 1 0 0 0 0 1 1 0 0 0 0 0 0
400	1	1 0 1 1 0 1 0 0 0 0 1 1 0 0 0 0
400	1	0 1 0 0 1 1 0 0 1 0 1 0 0 0 0 0
400	1	1 1 0 1 1 0 0 1 1 1 0 0 0 0 0 0
400	1	1 1 0 1 0 0 0 0 1 0 0 0 0 0 0 0
400	1	0 1 0 1 0 0 1 0 1 0 1 0 0 1 0 0
400	1	1 0 1 1 1 0 0 1 0 0 1 1 0 0 0 0
400	1	0 0 1 1 0 0 0 1 1 0 0 1 0 0 0 0
400	2	1 1 0 1 0 0 0 1 0 0 1 0 1 0 0 1
400	1	0 0 0 1 0 1 0 0 1 1 0 0 0 0 0 1
400	1	0 0 0 1 0 0 1 1 1 0 1 0 0 0 0 0
