0	250	0 0 1 0 0 0 0 1 0 0 0 0 0 0 0 0
0	250	0 0 1 0 0 0 0 0 1 0 0 0 0 1 0 0
0	250	0 1 1 0 0 0 0 0 0 0 0 1 0 0 1 0
0	250	0 0 0 0 0 0 0 0 1 1 0 1 0 0 0 0
20	125	0 0 1 0 0 0 0 1 0 0 0 0 0 0 0 0
20	81	0 0 1 0 0 0 0 0 1 0 0 0 0 1 0 0
20	178	0 1 1 0 0 0 0 0 0 0 0 1 0 0 1 0
20	181	0 0 0 0 0 0 0 0 1 1 0 1 0 0 0 0
20	13	0 0 1 0 0 0 0 0 0 0 0 1 0 0 1 0
20	14	0 1 1 0 0 0 0 0 0 0 0 0 0 1 0 0
20	5	0 0 0 0 0 0 0 0 0 0 0 1 0 0 1 0
20	6	0 1 1 0 0 0 0 1 0 0 0 0 0 0 0 0
20	40	0 0 0 1 0 0 0 0 1 1 0 1 0 0 0 0
20	25	1 0 0 0 0 0 0 0 1 1 0 1 0 0 0 0
20	3	0 1 1 0 0 0 0 0 1 0 0 0 0 1 0 0
20	20	1 0 1 0 0 0 0 0 1 0 0 0 0 1 0 0
20	6	0 1 1 0 0 0 0 0 0 0 0 0 0 0 1 0
20	14	0 0 0 0 0 0 0 0 1 1 0 1 0 0 1 0
20	4	0 0 0 0 0 0 1 0 1 1 0 1 0 0 1 0
20	4	0 0 0 0 0 0 0 0 1 1 0 0 0 0 0 0
20	8	0 0 0 0 0 0 0 0 1 0 0 0 0 1 0 0
20	9	0 0 1 0 0 0 0 1 1 1 0 1 0 0 0 0
20	2	0 0 1 0 0 0 0 1 0 0 0 0 0 1 0 0
20	5	0 1 1 0 0 0 0 0 0 0 0 0 0 0 0 0
20	37	0 1 1 0 0 0 0 0 0 0 0 1 0 0 0 0
20	5	0 1 1 0 0 0 0 0 0 1 0 1 0 0 1 0
20	3	0 0 1 0 0 0 0 1 0 0 1 0 0 0 0 0
20	11	0 1 1 0 0 0 1 0 0 0 0 1 0 0 1 0
20	4	0 1 1 0 0 1 0 0 0 0 0 1 0 0 1 0
20	12	0 0 1 0 0 0 0 0 1 1 0 1 0 0 1 0
20	2	0 0 0 0 0 0 0 0 1 0 0 1 0 0 0 0
20	3	0 0 1 0 0 0 0 0 1 0 0 1 0 1 0 0
20	20	1 1 1 0 0 0 0 0 0 0 0 1 0 0 1 0
20	3	0 0 0 0 0 0 1 0 1 1 0 1 0 0 0 0
20	2	1 0 1 0 0 0 0 0 0 0 0 0 0 1 1 0
20	2	0 0 1 0 0 0 0 1 0 0 0 0 0 0 0 1
20	21	0 0 0 0 0 0 0 1 1 1 0 1 0 0 0 0
20	4	0 1 1 0 0 0 0 0 0 0 1 1 0 0 1 0
20	2	1 1 0 0 0 0 0 0 1 1 0 1 0 0 0 0
20	3	0 1 1 0 0 0 0 0 0 0 0 1 0 1 1 0
20	1	0 1 1 0 0 0 0 1 0 0 0 0 0 0 0 1
20	1	0 1 1 0 0 0 0 0 1 1 0 1 0 0 0 0
20	3	0 1 1 1 0 0 0 0 0 0 0 0 0 0 0 0
20	6	0 0 1 0 0 0 1 1 0 0 0 0 0 0 0 0
20	7	0 0 1 0 0 0 0 0 0 0 0 0 0 1 0 0
20	8	0 1 1 0 0 1 1 0 0 0 0 1 0 0 1 0
20	5	0 0 1 0 0 0 0 0 1 0 0 0 0 0 0 0
20	3	0 1 0 0 0 0 0 0 0 0 0 1 0 0 1 0
20	4	0 1 1 0 0 1 0 1 0 0 0 0 0 0 0 0
20	3	1 1 1 1 0 0 0 0 0 0 0 1 0 0 1 0
20	8	0 0 1 0 0 0 0 0 1 0 0 1 0 0 1 0
20	7	0 0 0 0 0 0 0 0 1 0 0 0 0 0 0 0
20	2	0 1 1 0 0 0 0 0 0 0 0 1 0 0 1 1
20	1	0 1 1 0 0 0 0 1 0 0 1 0 0 0 0 0
20	9	0 1 1 0 0 0 0 1 0 0 0 1 0 0 0 0
20	4	0 1 1 0 0 0 0 0 1 0 0 0 0 0 1 0
20	1	0 0 1 0 0 0 0 0 1 0 0 0 0 1 0 1
20	1	0 0 0 0 1 0 0 1 1 1 0 1 0 0 0 0
20	10	0 1 1 0 0 0 0 0 1 0 0 1 0 0 1 0
20	6	0 0 0 1 0 1 0 0 1 1 0 1 0 0 0 0
20	5	0 0 0 1 0 0 0 0 0 1 0 1 0 0 0 0
20	2	0 0 1 1 0 0 0 1 0 0 0 0 0 1 0 0
20	1	0 1 1 0 0 0 0 0 1 0 0 1 0 0 0 0
20	3	0 1 1 0 0 0 1 0 0 0 0 1 0 0 1 1
20	3	1 0 1 0 0 0 0 0 0 0 0 1 0 0 1 0
20	2	0 0 0 0 0 0 0 0 1 1 0 1 0 1 0 0
20	1	1 0 1 1 0 0 0 0 1 0 0 0 0 1 0 0
20	6	1 0 1 0 0 0 0 0 0 0 0 0 0 1 0 0
20	2	1 1 1 0 0 0 0 0 1 0 0 0 0 0 1 0
20	1	1 0 0 0 0 0 0 0 1 1 0 1 0 0 1 0
20	2	0 1 0 0 0 0 0 0 1 1 0 1 0 0 1 0
20	1	0 0 1 0 0 0 0 1 0 1 0 1 0 0 0 0
20	1	0 1 1 0 0 0 0 0 0 0 1 0 0 0 0 0
20	2	0 1 1 1 0 0 0 0 0 0 0 1 0 0 0 0
20	1	0 1 1 0 0 1 0 0 0 0 0 1 0 1 1 0
40	36	0 0 1 0 0 0 0 1 0 0 0 0 0 0 0 0
40	24	0 0 1 0 0 0 0 0 1 0 0 0 0 1 0 0
40	97	0 1 1 0 0 0 0 0 0 0 0 1 0 0 1 0
40	5	0 0 0 0 0 0 0 0 1 1 0 1 0 0 0 0
40	13	0 0 1 0 0 0 0 0 0 0 0 1 0 0 1 0
40	22	0 1 1 0 0 0 0 0 0 0 0 0 0 1 0 0
40	10	0 0 0 0 0 0 0 0 0 0 0 1 0 0 1 0
40	2	0 1 1 0 0 0 0 1 0 0 0 0 0 0 0 0
40	42	0 0 0 1 0 0 0 0 1 1 0 1 0 0 0 0
40	28	1 0 0 0 0 0 0 0 1 1 0 1 0 0 0 0
40	58	1 0 1 0 0 0 0 0 1 0 0 0 0 1 0 0
40	11	0 0 0 0 0 0 0 0 1 1 0 1 0 0 1 0
40	15	0 0 0 0 0 0 1 0 1 1 0 1 0 0 1 0
40	10	0 0 0 0 0 0 0 0 1 0 0 0 0 1 0 0
40	14	0 1 1 0 0 0 0 0 0 0 0 0 0 0 0 0
40	48	0 1 1 0 0 0 0 0 0 0 0 1 0 0 0 0
40	9	0 1 1 0 0 0 0 0 0 1 0 1 0 0 1 0
40	18	0 0 1 0 0 0 0 1 0 0 1 0 0 0 0 0
40	15	0 1 1 0 0 0 1 0 0 0 0 1 0 0 1 0
40	2	0 1 1 0 0 1 0 0 0 0 0 1 0 0 1 0
40	1	0 0 1 0 0 0 0 1 0 0 0 0 0 0 0 1
40	11	1 1 0 0 0 0 0 0 1 1 0 1 0 0 0 0
40	26	0 1 1 0 0 0 0 0 1 1 0 1 0 0 0 0
40	14	0 0 1 0 0 0 1 1 0 0 0 0 0 0 0 0
40	12	0 1 1 0 0 1 1 0 0 0 0 1 0 0 1 0
40	15	0 0 1 0 0 0 0 0 1 0 0 0 0 0 0 0
40	9	0 1 0 0 0 0 0 0 0 0 0 1 0 0 1 0
40	6	1 1 1 1 0 0 0 0 0 0 0 1 0 0 1 0
40	11	0 0 1 0 0 0 0 0 1 0 0 1 0 0 1 0
40	3	0 0 0 0 0 0 0 0 1 0 0 0 0 0 0 0
40	3	0 1 1 0 0 0 0 1 0 0 1 0 0 0 0 0
40	3	0 1 1 0 0 0 0 1 0 0 0 1 0 0 0 0
40	1	0 0 0 1 0 0 0 0 0 1 0 1 0 0 0 0
40	1	0 1 1 0 0 0 1 0 0 0 0 1 0 0 1 1
40	3	1 0 1 0 0 0 0 0 0 0 0 0 0 1 0 0
40	45	0 1 1 1 0 0 0 0 0 0 0 1 0 0 0 0
40	9	0 0 0 1 0 0 0 1 1 1 0 1 0 0 0 0
40	6	0 0 0 0 0 0 0 1 0 0 0 0 0 0 0 0
40	2	0 0 0 0 1 0 0 0 1 1 0 1 0 0 0 0
40	9	0 0 1 0 0 0 0 1 1 0 0 1 0 0 1 0
40	2	0 1 1 0 0 0 0 0 1 0 0 0 0 1 0 0
40	20	0 1 1 0 0 0 0 0 1 0 0 0 1 0 1 0
40	4	1 0 0 0 0 1 0 0 1 1 0 1 0 0 0 0
40	9	1 0 1 0 0 0 0 0 1 0 0 1 0 1 0 0
40	16	1 1 1 0 0 0 0 0 1 1 0 1 0 0 0 0
40	20	0 0 0 1 0 0 0 0 0 1 0 0 0 1 0 0
40	3	0 0 1 0 0 0 0 1 1 0 0 0 0 1 0 0
40	12	1 1 1 0 0 0 0 0 0 0 0 1 0 0 0 0
40	3	0 0 0 1 0 0 0 0 1 0 0 0 0 1 0 0
40	10	1 0 1 0 0 0 0 0 1 1 0 1 0 0 0 0
40	4	0 1 1 0 1 0 0 0 0 0 0 1 0 0 1 0
40	34	1 0 0 0 0 0 0 0 1 0 0 0 0 1 0 0
40	2	0 0 1 1 0 0 0 1 0 0 0 0 0 0 0 0
40	1	0 0 1 0 0 0 0 0 0 0 0 1 0 0 0 0
40	2	1 0 1 0 0 0 0 0 1 0 0 1 0 0 0 0
40	17	0 0 1 1 0 0 0 0 1 0 0 0 0 1 0 0
40	7	1 1 0 0 0 0 0 0 0 0 0 1 0 0 0 0
40	1	0 1 1 0 0 0 0 1 0 0 0 1 0 0 1 0
40	1	0 1 1 0 0 0 0 0 1 0 0 1 0 0 1 0
40	8	0 1 1 1 0 0 0 1 1 1 0 1 0 0 0 0
40	7	0 1 1 0 0 0 0 0 0 0 0 1 0 1 1 0
40	9	1 0 0 0 0 0 0 0 1 1 0 0 0 0 0 0
40	5	0 1 1 0 1 0 0 0 0 0 0 1 1 0 1 0
40	10	0 0 1 0 0 0 0 0 1 1 0 1 0 0 0 0
40	1	0 0 1 0 0 1 0 1 0 0 0 0 0 0 0 0
40	4	0 1 1 1 1 0 0 0 0 0 0 1 0 0 1 0
40	6	1 1 1 1 0 0 0 1 0 0 0 0 0 0 0 0
40	2	0 1 1 0 0 0 1 0 0 0 1 1 0 0 0 0
40	3	0 0 0 0 0 0 0 0 1 1 0 1 0 1 0 0
40	3	0 1 1 1 0 0 0 0 0 0 0 0 0 0 0 0
40	7	0 1 1 0 0 0 0 0 1 0 0 0 0 0 0 0
40	3	0 1 1 0 1 0 0 0 0 0 0 0 0 1 0 0
40	8	0 1 0 1 0 0 0 0 1 1 0 1 0 0 1 0
40	1	1 0 0 0 1 0 1 0 1 1 0 1 0 0 0 0
40	8	1 1 1 0 0 0 1 0 0 0 0 1 0 0 1 1
40	1	1 1 1 1 0 0 0 0 0 0 0 1 0 0 0 0
40	1	0 1 1 0 0 0 0 1 1 1 0 1 0 0 0 0
40	3	1 1 1 0 0 0 0 0 0 1 0 1 0 0 1 0
40	5	0 0 0 1 0 1 0 0 1 1 0 1 0 0 0 0
40	1	0 0 1 0 0 0 0 0 0 1 0 1 0 0 1 0
40	5	0 0 0 1 1 0 0 0 1 1 0 1 0 0 0 0
40	3	1 0 1 1 0 0 0 0 1 0 0 0 0 1 0 0
40	3	0 0 1 0 0 0 0 1 1 1 0 1 0 0 0 0
40	1	0 1 0 0 0 0 0 0 0 0 0 1 0 0 0 0
40	3	0 1 1 1 0 0 0 1 1 0 0 1 0 0 1 0
40	7	0 1 1 0 0 0 1 0 0 0 0 0 0 1 0 0
40	5	0 0 1 0 0 0 0 0 1 0 1 1 0 0 1 0
40	1	0 1 1 1 0 0 0 0 0 0 0 1 0 0 1 0
40	3	0 1 1 1 0 0 0 0 1 0 0 1 0 0 0 0
40	1	1 0 1 0 0 0 0 0 1 0 0 0 0 0 1 0
40	2	1 0 0 0 1 0 1 0 1 1 0 1 0 1 0 0
40	1	0 1 1 1 0 0 0 0 1 1 0 1 0 0 0 0
40	6	0 0 0 0 0 0 0 0 1 1 1 1 0 0 0 0
40	3	1 0 1 0 0 0 0 0 1 0 0 0 1 1 0 0
40	4	0 0 0 1 0 0 0 1 1 1 0 1 0 0 0 1
40	3	1 1 1 0 0 0 0 0 0 0 0 1 0 0 0 1
40	4	0 1 1 1 0 1 0 1 1 1 0 1 0 0 0 0
40	3	1 1 1 0 0 0 0 0 0 0 0 1 0 0 1 1
40	2	1 0 0 0 0 0 0 0 1 0 0 1 0 0 0 0
40	2	1 0 0 0 0 0 0 0 1 0 1 0 0 0 0 0
40	1	0 0 1 0 0 0 0 1 1 0 0 0 0 0 0 0
40	1	1 0 1 0 0 0 0 0 1 0 0 0 0 0 0 0
40	1	0 1 1 0 0 0 0 0 1 1 0 0 0 0 0 0
40	1	0 1 0 1 0 0 0 0 0 1 0 1 0 0 0 0
40	1	1 0 0 0 0 1 0 0 1 1 0 0 0 0 0 0
60	5	0 0 1 0 0 0 0 1 0 0 0 0 0 0 0 0
60	3	0 0 1 0 0 0 0 0 1 0 0 0 0 1 0 0
60	18	0 1 1 0 0 0 0 0 0 0 0 1 0 0 1 0
60	20	0 0 0 0 0 0 0 0 1 1 0 1 0 0 0 0
60	14	0 1 1 0 0 0 0 0 0 0 0 0 0 1 0 0
60	10	0 0 0 1 0 0 0 0 1 1 0 1 0 0 0 0
60	85	1 0 0 0 0 0 0 0 1 1 0 1 0 0 0 0
60	6	1 0 1 0 0 0 0 0 1 0 0 0 0 1 0 0
60	9	0 0 0 0 0 0 1 0 1 1 0 1 0 0 1 0
60	13	0 1 1 0 0 0 0 0 0 0 0 1 0 0 0 0
60	4	0 1 1 0 0 1 0 0 0 0 0 1 0 0 1 0
60	6	0 1 1 0 0 0 0 0 1 1 0 1 0 0 0 0
60	31	0 0 1 0 0 0 1 1 0 0 0 0 0 0 0 0
60	3	0 0 1 0 0 0 0 0 1 0 0 0 0 0 0 0
60	6	1 1 1 1 0 0 0 0 0 0 0 1 0 0 1 0
60	2	0 0 0 1 0 0 0 0 0 1 0 1 0 0 0 0
60	104	0 1 1 1 0 0 0 0 0 0 0 1 0 0 0 0
60	3	1 0 0 0 0 1 0 0 1 1 0 1 0 0 0 0
60	37	1 0 1 0 0 0 0 0 1 0 0 1 0 1 0 0
60	4	1 1 1 0 0 0 0 0 1 1 0 1 0 0 0 0
60	2	0 0 0 1 0 0 0 0 0 1 0 0 0 1 0 0
60	83	1 1 1 0 0 0 0 0 0 0 0 1 0 0 0 0
60	25	1 0 0 0 0 0 0 0 1 0 0 0 0 1 0 0
60	8	0 0 1 0 0 0 0 0 0 0 0 1 0 0 0 0
60	4	0 0 1 1 0 0 0 0 1 0 0 0 0 1 0 0
60	10	1 1 0 0 0 0 0 0 0 0 0 1 0 0 0 0
60	21	0 1 1 1 0 0 0 1 1 1 0 1 0 0 0 0
60	1	0 1 1 0 0 0 0 0 0 0 0 1 0 1 1 0
60	9	0 0 1 0 0 0 0 0 1 1 0 1 0 0 0 0
60	2	1 1 1 1 0 0 0 1 0 0 0 0 0 0 0 0
60	1	0 1 1 1 0 0 0 0 0 0 0 0 0 0 0 0
60	6	0 1 1 0 0 0 0 0 1 0 0 0 0 0 0 0
60	10	0 1 0 1 0 0 0 0 1 1 0 1 0 0 1 0
60	20	1 1 1 1 0 0 0 0 0 0 0 1 0 0 0 0
60	2	0 1 1 1 0 0 0 0 1 0 0 1 0 0 0 0
60	17	0 0 0 0 0 0 0 0 1 1 1 1 0 0 0 0
60	2	0 0 0 1 0 0 0 1 1 1 0 1 0 0 0 1
60	9	1 1 1 0 0 0 0 0 0 0 0 1 0 0 0 1
60	4	1 0 0 0 0 0 0 0 1 0 0 1 0 0 0 0
60	3	1 1 1 0 0 0 1 0 1 1 0 1 0 0 0 0
60	15	0 0 1 1 0 0 0 1 0 0 1 0 0 0 0 0
60	7	1 0 1 0 0 0 0 1 1 0 0 0 0 1 0 0
60	3	0 0 0 1 0 0 0 0 1 1 0 1 1 0 0 0
60	5	0 1 1 0 0 0 0 0 1 0 1 0 0 0 0 0
60	15	0 1 0 1 0 0 0 0 1 1 0 1 0 0 0 0
60	5	0 1 1 1 0 0 1 0 0 0 0 1 0 0 1 0
60	7	0 1 1 1 0 0 0 0 0 0 0 0 0 1 0 0
60	1	1 1 1 0 0 0 0 0 0 0 0 1 0 0 1 0
60	9	0 0 1 1 0 0 0 0 1 1 0 1 0 0 0 0
60	18	1 1 1 0 0 0 0 0 1 0 1 0 0 0 0 0
60	10	0 0 0 0 0 0 1 1 0 0 0 0 0 0 0 0
60	7	0 1 1 0 0 1 0 0 1 0 0 0 0 0 0 0
60	8	1 0 0 0 0 0 0 0 0 0 0 1 0 0 1 0
60	2	1 0 0 0 0 0 1 0 1 1 0 1 0 0 0 0
60	11	1 0 1 0 0 1 0 0 1 0 0 0 0 1 0 0
60	3	0 1 1 1 0 0 0 0 0 0 1 1 0 0 0 0
60	3	1 0 1 1 0 0 0 0 1 0 0 1 0 1 0 0
60	15	1 1 1 1 0 0 0 0 1 0 0 0 0 1 0 0
60	2	1 1 1 0 0 0 1 1 0 0 0 0 0 0 0 0
60	2	0 1 1 0 0 0 1 0 0 0 0 1 0 0 1 0
60	1	1 1 1 1 0 0 0 1 0 1 0 0 0 0 0 0
60	9	0 0 1 1 1 0 0 1 0 0 1 0 0 0 0 0
60	1	0 0 1 0 0 0 1 1 1 0 0 0 0 0 0 0
60	1	0 0 0 1 0 0 0 1 1 1 0 1 0 0 0 0
60	18	1 1 1 0 0 0 0 1 0 0 0 0 0 0 0 0
60	1	1 0 1 0 0 0 0 0 0 0 0 1 0 0 0 1
60	2	1 1 0 0 1 1 0 0 0 0 0 1 0 0 0 0
60	4	1 0 1 1 0 0 0 0 1 0 0 1 1 1 0 0
60	3	0 0 0 0 0 0 1 0 1 1 0 1 0 1 0 0
60	22	0 1 1 1 0 0 0 0 1 1 0 1 0 0 0 0
60	3	1 0 1 0 1 0 0 0 1 0 0 0 0 1 0 0
60	4	1 1 0 0 0 0 0 0 0 0 0 1 1 0 0 0
60	1	1 0 0 0 0 0 0 0 1 1 0 0 1 0 0 0
60	4	0 1 1 1 1 0 0 0 1 0 0 1 0 0 0 0
60	10	0 0 1 1 0 0 0 0 0 0 0 1 0 0 0 0
60	4	1 0 0 0 0 0 0 0 1 1 0 1 0 1 0 0
60	6	0 1 1 0 0 0 1 1 0 0 0 0 0 0 0 0
60	1	0 0 1 0 0 0 0 0 0 0 1 1 0 0 0 0
60	10	0 0 1 1 0 0 0 0 1 0 0 1 0 1 0 0
60	23	1 1 1 0 0 0 0 0 1 0 0 1 0 1 0 0
60	8	0 1 1 1 0 0 0 0 1 0 0 0 0 1 0 0
60	5	1 0 1 0 0 0 0 0 1 0 0 1 0 1 1 0
60	6	0 1 1 1 0 0 0 0 0 0 0 1 0 0 1 0
60	3	1 1 1 0 0 0 1 1 0 0 0 1 0 0 0 0
60	2	1 0 0 0 1 1 0 0 1 1 0 1 0 0 0 0
60	3	0 0 1 1 0 0 1 0 0 0 0 1 0 0 1 0
60	2	0 0 1 1 0 0 0 1 0 0 0 0 0 1 0 0
60	1	0 0 0 0 0 0 0 0 1 1 0 1 1 0 0 0
60	2	0 1 1 0 0 0 0 0 0 0 0 0 0 0 0 0
60	4	0 1 1 1 0 0 0 0 1 1 0 1 0 0 0 1
60	3	0 0 0 0 0 0 0 0 1 1 0 1 0 0 0 1
60	1	0 1 1 0 0 0 0 0 0 0 0 1 1 0 0 0
60	2	1 1 1 0 0 1 0 0 0 0 0 1 0 0 0 0
60	3	1 1 1 0 0 0 0 1 0 0 0 1 0 0 0 0
60	1	1 1 0 0 0 0 0 0 0 0 1 1 0 0 0 0
60	1	0 1 0 1 0 0 0 0 1 0 0 1 0 0 0 0
60	2	0 1 1 0 0 0 1 0 0 0 1 1 1 0 1 0
60	4	1 1 1 0 0 0 0 1 1 0 1 0 0 0 0 0
60	1	0 1 0 0 0 0 1 1 0 0 0 0 0 0 0 0
60	2	1 0 0 0 0 0 0 0 0 0 0 0 0 1 0 0
60	5	1 1 1 0 0 0 0 0 1 1 1 1 0 0 0 0
60	1	0 0 1 1 0 0 0 0 1 0 0 0 0 0 0 0
60	1	1 1 1 1 0 0 0 0 0 0 0 1 0 1 0 0
60	4	1 0 1 1 0 0 0 0 0 0 0 1 0 0 0 0
60	3	1 0 0 0 0 0 0 0 1 1 0 1 0 1 0 1
60	2	0 1 1 0 0 0 0 0 1 0 0 1 0 0 0 0
60	1	0 1 1 0 0 0 0 0 0 0 0 1 0 0 0 1
60	2	0 1 0 0 0 0 0 0 1 1 0 1 0 0 0 0
60	3	0 0 1 0 1 0 1 1 0 0 0 0 0 0 0 0
60	1	1 1 0 0 0 0 0 0 0 1 0 1 0 0 0 0
60	3	0 0 1 0 0 0 0 0 1 1 0 0 0 0 0 0
60	2	0 0 1 1 0 0 0 0 1 0 0 1 0 0 0 0
60	2	1 1 1 0 0 0 1 0 1 1 0 1 0 1 0 0
60	1	0 1 1 1 0 0 0 0 0 0 0 1 1 0 0 0
60	2	0 0 1 0 0 0 1 0 1 1 0 1 0 0 0 0
60	2	1 1 1 1 0 1 0 0 0 0 0 1 0 0 0 0
60	2	0 1 1 1 0 0 0 1 1 0 0 1 0 0 0 0
60	3	1 0 1 0 0 0 0 0 1 0 1 0 0 0 0 0
60	5	0 0 0 0 0 0 1 1 0 0 0 0 1 0 0 0
60	1	1 1 1 0 0 0 1 1 0 0 0 0 1 0 0 0
80	5	0 1 1 0 0 0 0 0 0 0 0 1 0 0 1 0
80	4	0 1 1 0 0 0 0 0 0 0 0 0 0 1 0 0
80	10	0 0 0 1 0 0 0 0 1 1 0 1 0 0 0 0
80	59	1 0 0 0 0 0 0 0 1 1 0 1 0 0 0 0
80	2	0 1 1 0 0 0 0 0 1 1 0 1 0 0 0 0
80	8	1 1 1 1 0 0 0 0 0 0 0 1 0 0 1 0
80	119	0 1 1 1 0 0 0 0 0 0 0 1 0 0 0 0
80	14	1 0 1 0 0 0 0 0 1 0 0 1 0 1 0 0
80	10	1 1 1 0 0 0 0 0 1 1 0 1 0 0 0 0
80	3	0 0 0 1 0 0 0 0 0 1 0 0 0 1 0 0
80	82	1 1 1 0 0 0 0 0 0 0 0 1 0 0 0 0
80	29	1 0 0 0 0 0 0 0 1 0 0 0 0 1 0 0
80	4	0 0 1 0 0 0 0 0 0 0 0 1 0 0 0 0
80	6	0 0 1 1 0 0 0 0 1 0 0 0 0 1 0 0
80	10	1 1 0 0 0 0 0 0 0 0 0 1 0 0 0 0
80	70	0 1 1 1 0 0 0 1 1 1 0 1 0 0 0 0
80	74	1 1 1 1 0 0 0 0 0 0 0 1 0 0 0 0
80	7	1 0 0 0 0 0 0 0 1 0 0 1 0 0 0 0
80	17	0 0 1 1 0 0 0 1 0 0 1 0 0 0 0 0
80	19	0 1 0 1 0 0 0 0 1 1 0 1 0 0 0 0
80	2	0 0 1 1 0 0 0 0 1 1 0 1 0 0 0 0
80	5	1 1 1 0 0 0 0 0 1 0 1 0 0 0 0 0
80	10	1 0 0 0 0 0 0 0 0 0 0 1 0 0 1 0
80	1	1 0 1 0 0 1 0 0 1 0 0 0 0 1 0 0
80	5	1 1 1 1 0 0 0 0 1 0 0 0 0 1 0 0
80	35	1 1 1 0 0 0 1 1 0 0 0 0 0 0 0 0
80	9	0 0 1 1 1 0 0 1 0 0 1 0 0 0 0 0
80	16	0 1 1 1 0 0 0 0 1 1 0 1 0 0 0 0
80	7	0 0 1 1 0 0 0 0 1 0 0 1 0 1 0 0
80	15	1 1 1 0 0 0 0 0 1 0 0 1 0 1 0 0
80	6	0 1 1 1 0 0 0 0 1 0 0 0 0 1 0 0
80	16	0 1 1 1 0 0 0 0 0 0 0 1 0 0 1 0
80	6	0 0 1 1 0 0 1 0 0 0 0 1 0 0 1 0
80	3	0 1 1 1 0 0 0 0 1 1 0 1 0 0 0 1
80	4	1 1 1 1 0 0 0 0 0 0 0 1 0 1 0 0
80	1	1 0 1 0 0 0 0 0 1 0 1 0 0 0 0 0
80	37	1 0 1 1 0 0 0 0 1 0 0 1 0 0 0 0
80	2	1 0 0 0 0 0 0 0 1 1 0 1 1 0 0 0
80	3	0 0 0 1 0 0 0 0 1 1 1 1 0 0 0 0
80	5	0 1 1 1 0 1 0 0 0 0 0 0 0 1 0 0
80	10	1 1 1 0 0 0 0 1 1 1 0 1 0 0 0 0
80	6	0 1 1 1 0 0 0 1 0 0 0 1 0 0 0 0
80	11	1 1 1 1 0 0 0 0 1 1 0 0 0 1 0 0
80	1	0 1 0 0 0 0 0 1 0 0 0 0 0 0 0 0
80	2	0 0 1 1 0 0 0 1 0 0 1 1 0 0 0 0
80	19	1 1 1 0 1 0 0 0 0 0 0 1 0 0 0 0
80	31	1 0 0 1 0 0 0 0 1 1 0 1 0 0 0 0
80	12	1 1 1 0 0 1 0 0 0 0 0 1 0 0 0 0
80	2	0 1 1 1 0 0 0 0 1 1 0 1 0 1 0 0
80	3	0 1 1 1 1 0 0 0 0 0 0 1 0 0 0 0
80	14	0 1 1 1 0 0 0 1 1 1 1 1 0 0 0 0
80	2	0 0 0 1 1 0 0 0 1 1 0 1 0 0 0 0
80	7	1 1 1 0 0 0 0 0 0 0 0 1 0 0 1 0
80	7	0 1 1 1 0 0 0 0 0 0 0 1 0 1 1 0
80	1	0 0 1 1 0 0 1 0 0 0 0 1 0 0 0 0
80	1	0 1 1 1 0 0 1 0 0 0 0 1 0 0 0 0
80	11	1 1 0 0 0 0 0 0 0 0 0 1 0 1 0 0
80	1	0 0 0 0 0 0 1 1 0 0 0 0 0 1 0 0
80	4	1 0 0 0 0 0 0 0 0 0 0 1 0 0 0 0
80	1	0 0 1 1 0 0 0 0 0 0 0 1 0 0 0 0
80	2	1 1 0 0 0 0 0 0 0 0 0 0 0 0 0 0
80	3	1 1 1 0 0 0 0 0 0 0 0 1 1 0 0 0
80	6	1 1 1 0 0 0 0 0 1 0 0 1 0 0 0 0
80	2	0 1 1 1 0 0 1 0 0 0 0 1 0 0 1 0
80	3	0 0 0 0 0 0 0 0 1 1 0 1 0 0 0 0
80	1	1 0 1 0 0 0 0 0 1 0 0 1 0 0 0 0
80	1	0 1 1 1 0 0 0 0 0 0 0 1 0 1 0 0
80	3	1 1 1 1 0 0 0 0 1 1 0 1 0 0 0 0
80	12	0 1 1 0 0 0 0 0 0 0 0 1 0 0 0 0
80	4	0 1 0 1 0 0 0 1 1 1 0 1 0 0 0 0
80	1	0 1 0 1 0 0 0 0 1 1 0 1 0 1 0 0
80	1	0 1 1 1 0 0 0 0 0 0 0 1 0 0 0 1
80	11	0 1 1 1 0 0 0 1 1 1 0 1 1 0 0 0
80	5	1 1 1 0 0 0 0 0 1 1 0 1 0 0 0 1
80	3	1 0 0 1 0 0 1 1 0 0 0 0 0 0 0 0
80	5	1 0 1 1 0 0 0 0 1 0 0 0 0 0 0 0
80	5	1 1 1 0 1 0 0 0 1 0 0 1 0 0 0 0
80	6	0 1 1 1 0 1 0 1 1 1 1 1 0 0 0 0
80	4	1 1 0 0 0 0 0 1 0 0 0 0 0 0 0 0
80	2	0 1 1 1 0 0 0 0 0 0 0 0 0 0 0 0
80	3	1 1 0 0 0 0 0 0 1 1 0 1 0 0 0 0
80	5	1 1 1 0 1 0 0 0 0 0 0 1 0 0 1 0
80	2	0 0 0 1 0 1 0 0 1 1 1 1 0 0 0 0
80	1	1 1 1 1 0 0 0 0 1 1 0 0 0 1 0 1
80	4	0 0 1 1 1 0 0 1 0 0 1 1 0 0 0 0
80	1	1 1 1 0 0 1 0 0 0 1 0 1 0 0 0 0
80	1	1 0 0 0 1 0 0 0 0 0 0 1 0 0 0 0
80	1	1 1 1 1 0 0 0 1 1 1 0 1 1 0 0 0
80	2	0 1 1 1 0 0 0 1 1 0 1 1 0 0 0 0
80	1	1 1 0 0 0 0 0 0 1 0 0 1 0 1 0 0
80	2	0 1 1 1 0 0 1 0 0 0 0 1 0 1 1 0
80	1	0 0 0 1 0 0 0 0 1 0 1 0 0 0 0 0
80	1	1 0 0 0 0 0 0 0 1 0 0 0 0 0 0 0
80	1	1 1 1 0 0 0 0 0 0 0 0 0 0 1 0 0
80	1	0 0 1 1 0 0 0 1 1 1 0 1 0 0 0 0
80	1	1 1 1 1 0 0 0 1 1 1 0 1 0 0 0 0
80	1	1 1 0 0 0 0 0 0 1 1 0 1 1 0 0 0
80	1	1 0 0 0 0 0 1 0 1 1 0 1 1 0 0 0
80	1	1 0 0 1 0 1 0 0 1 1 0 1 0 0 0 0
80	1	0 1 1 1 0 0 0 0 0 0 0 1 1 1 1 0
80	2	1 1 1 1 0 0 0 0 0 1 0 0 0 1 0 1
100	23	0 0 0 1 0 0 0 0 1 1 0 1 0 0 0 0
100	77	1 0 0 0 0 0 0 0 1 1 0 1 0 0 0 0
100	5	1 1 1 1 0 0 0 0 0 0 0 1 0 0 1 0
100	48	0 1 1 1 0 0 0 0 0 0 0 1 0 0 0 0
100	68	1 0 1 0 0 0 0 0 1 0 0 1 0 1 0 0
100	13	1 1 1 0 0 0 0 0 1 1 0 1 0 0 0 0
100	76	1 1 1 0 0 0 0 0 0 0 0 1 0 0 0 0
100	3	1 1 0 0 0 0 0 0 0 0 0 1 0 0 0 0
100	87	0 1 1 1 0 0 0 1 1 1 0 1 0 0 0 0
100	43	1 1 1 1 0 0 0 0 0 0 0 1 0 0 0 0
100	14	0 1 0 1 0 0 0 0 1 1 0 1 0 0 0 0
100	24	1 1 1 0 0 0 1 1 0 0 0 0 0 0 0 0
100	18	0 1 1 1 0 0 0 0 1 1 0 1 0 0 0 0
100	7	0 1 1 1 0 0 0 0 0 0 0 1 0 0 1 0
100	73	1 0 1 1 0 0 0 0 1 0 0 1 0 0 0 0
100	31	1 1 1 0 0 0 0 1 1 1 0 1 0 0 0 0
100	14	1 1 1 1 0 0 0 0 1 1 0 0 0 1 0 0
100	19	0 0 1 1 0 0 0 1 0 0 1 1 0 0 0 0
100	8	1 1 1 0 1 0 0 0 0 0 0 1 0 0 0 0
100	6	0 1 1 1 0 0 0 0 0 0 0 1 0 1 1 0
100	3	0 1 1 1 0 0 1 0 0 0 0 1 0 0 0 0
100	13	1 1 0 0 0 0 0 0 0 0 0 1 0 1 0 0
100	34	1 1 1 0 0 0 0 0 1 0 0 1 0 0 0 0
100	17	0 1 1 1 0 0 1 0 0 0 0 1 0 0 1 0
100	11	0 0 0 0 0 0 0 0 1 1 0 1 0 0 0 0
100	14	1 0 0 1 0 0 1 1 0 0 0 0 0 0 0 0
100	38	1 1 1 0 1 0 0 0 1 0 0 1 0 0 0 0
100	3	0 1 1 1 0 0 0 0 0 0 0 0 0 0 0 0
100	4	0 1 1 1 0 0 0 1 1 0 1 1 0 0 0 0
100	3	1 0 0 0 0 0 1 0 1 1 0 1 1 0 0 0
100	15	1 1 1 1 0 0 0 0 1 0 0 1 0 0 0 0
100	4	0 0 0 1 0 1 0 0 1 1 1 1 0 0 1 0
100	8	0 1 1 1 0 0 0 0 0 0 0 1 0 0 0 1
100	21	1 1 1 1 0 0 0 0 0 1 0 1 0 0 0 0
100	6	1 1 0 1 0 0 0 0 0 0 0 1 0 0 0 0
100	7	1 1 1 1 0 0 0 0 0 0 0 1 0 0 0 1
100	3	0 1 1 1 0 0 0 1 1 1 1 1 0 0 1 0
100	1	0 0 1 1 0 0 0 1 0 0 0 1 0 0 0 0
100	4	1 1 1 1 0 0 0 0 0 0 0 1 0 1 1 0
100	4	1 0 0 0 0 0 0 0 1 1 0 0 0 1 0 0
100	4	0 1 1 1 0 0 0 1 1 0 0 1 0 0 0 0
100	7	0 1 1 1 0 0 0 0 1 1 0 0 0 0 0 0
100	3	0 1 1 1 0 0 1 1 1 1 0 1 0 0 0 0
100	3	1 1 0 0 0 0 0 0 1 1 0 1 0 0 0 0
100	6	0 1 1 1 0 0 0 0 0 1 0 1 0 0 0 0
100	3	0 1 1 0 0 0 0 0 0 0 0 1 0 0 0 0
100	6	1 1 1 1 1 0 0 0 0 0 0 1 0 0 0 0
100	1	0 1 1 1 0 0 0 0 0 0 0 0 0 0 1 0
100	1	1 1 1 1 0 0 0 0 0 1 0 0 0 1 1 1
100	7	0 0 1 1 0 0 0 0 1 1 0 1 0 0 0 0
100	1	1 0 0 0 1 0 0 0 1 1 0 1 0 0 0 0
100	1	0 1 1 1 0 0 0 1 0 0 0 1 0 0 1 0
100	13	1 1 1 0 0 0 0 0 1 1 0 1 1 0 0 0
100	5	0 1 1 1 0 1 0 1 1 1 0 1 0 0 0 0
100	3	1 0 0 1 0 1 0 0 1 1 1 1 0 0 0 0
100	3	0 1 1 1 0 1 0 0 0 0 0 1 0 0 0 1
100	1	0 1 1 1 0 0 0 0 1 0 0 1 0 0 0 0
100	1	1 1 1 0 0 1 1 1 0 0 0 0 0 0 0 0
100	2	1 0 0 1 0 0 1 1 0 0 0 0 0 1 0 0
100	6	1 0 1 0 0 0 0 0 0 0 0 1 0 0 0 0
100	3	1 1 1 0 0 0 0 0 0 0 0 1 0 0 1 0
100	2	0 1 1 0 0 0 0 0 1 1 0 1 0 0 0 0
100	3	1 1 1 0 0 0 0 0 0 0 0 1 0 1 0 0
100	1	1 0 1 1 0 1 0 0 1 0 0 1 0 0 0 0
100	1	1 1 1 0 0 0 1 1 1 1 0 1 0 0 0 0
100	1	1 1 1 1 0 0 0 1 1 1 0 1 0 0 0 0
100	3	0 1 1 1 0 0 0 1 1 1 0 1 0 1 0 0
100	4	1 1 1 0 0 0 1 1 0 0 0 1 0 0 0 0
100	3	0 1 1 1 0 0 0 1 0 0 0 1 0 1 0 0
100	1	0 1 1 0 0 0 1 0 0 0 0 1 0 0 0 0
100	1	0 1 1 1 0 0 1 0 0 0 0 1 0 1 1 0
100	3	0 1 0 1 0 1 0 0 1 1 1 1 0 0 0 0
100	1	1 0 0 0 0 0 0 0 1 1 0 0 0 0 0 0
100	3	1 0 0 0 0 1 0 0 1 1 0 1 0 0 0 0
100	4	1 0 0 0 0 0 0 1 1 1 0 1 0 0 0 0
100	1	0 1 1 1 0 0 0 0 0 0 0 1 1 0 0 0
100	5	1 0 1 1 0 0 0 0 1 0 0 0 0 0 0 0
100	2	1 1 0 1 0 0 0 0 1 0 0 1 0 0 0 0
100	1	1 1 1 1 0 0 0 0 1 1 0 1 0 0 0 0
100	2	1 0 1 1 0 0 0 0 1 0 0 1 0 1 0 0
100	1	1 1 1 0 0 0 0 1 1 1 1 1 0 0 0 0
100	2	0 0 0 1 0 0 0 1 0 0 1 1 0 0 0 0
100	1	1 1 1 0 1 0 0 0 0 0 0 0 0 0 0 0
100	1	1 1 1 1 0 0 0 1 0 0 0 1 0 0 0 1
100	3	0 1 1 0 0 1 0 0 1 1 0 1 0 0 0 0
120	5	0 0 0 1 0 0 0 0 1 1 0 1 0 0 0 0
120	49	1 0 0 0 0 0 0 0 1 1 0 1 0 0 0 0
120	26	0 1 1 1 0 0 0 0 0 0 0 1 0 0 0 0
120	34	1 0 1 0 0 0 0 0 1 0 0 1 0 1 0 0
120	39	1 1 1 0 0 0 0 0 0 0 0 1 0 0 0 0
120	15	0 1 1 1 0 0 0 1 1 1 0 1 0 0 0 0
120	93	1 1 1 1 0 0 0 0 0 0 0 1 0 0 0 0
120	3	0 1 0 1 0 0 0 0 1 1 0 1 0 0 0 0
120	46	1 1 1 0 0 0 1 1 0 0 0 0 0 0 0 0
120	18	0 1 1 1 0 0 0 0 1 1 0 1 0 0 0 0
120	5	0 1 1 1 0 0 0 0 0 0 0 1 0 0 1 0
120	52	1 0 1 1 0 0 0 0 1 0 0 1 0 0 0 0
120	39	1 1 1 1 0 0 0 0 1 1 0 0 0 1 0 0
120	8	1 1 0 0 0 0 0 0 0 0 0 1 0 1 0 0
120	4	1 1 1 0 0 0 0 0 1 0 0 1 0 0 0 0
120	12	0 1 1 1 0 0 1 0 0 0 0 1 0 0 1 0
120	94	1 1 1 0 1 0 0 0 1 0 0 1 0 0 0 0
120	11	1 1 1 1 0 0 0 0 1 0 0 1 0 0 0 0
120	19	0 1 1 1 0 0 0 0 0 0 0 1 0 0 0 1
120	14	1 1 1 1 0 0 0 0 0 1 0 1 0 0 0 0
120	10	1 0 0 0 0 0 0 0 1 1 0 0 0 1 0 0
120	16	0 1 1 1 0 0 0 0 1 1 0 0 0 0 0 0
120	17	0 1 1 1 0 0 1 1 1 1 0 1 0 0 0 0
120	6	0 1 1 1 0 0 0 0 0 1 0 1 0 0 0 0
120	12	1 1 1 1 1 0 0 0 0 0 0 1 0 0 0 0
120	22	1 1 1 0 0 0 0 0 1 1 0 1 1 0 0 0
120	2	0 1 1 1 0 0 0 0 1 0 0 1 0 0 0 0
120	12	1 0 0 1 0 0 1 1 0 0 0 0 0 1 0 0
120	1	1 0 1 0 0 0 0 0 0 0 0 1 0 0 0 0
120	33	1 1 1 0 0 0 1 1 0 0 0 1 0 0 0 0
120	3	0 1 1 1 0 0 1 0 0 0 0 1 0 1 1 0
120	12	1 0 0 1 0 0 0 0 1 1 0 1 0 0 0 0
120	1	1 1 1 0 0 0 0 0 1 0 0 1 0 1 0 0
120	1	0 1 1 1 0 0 0 1 1 1 0 1 0 0 0 1
120	6	1 1 1 0 1 0 1 1 0 0 0 0 0 0 0 0
120	2	0 1 1 0 0 0 0 1 1 1 0 1 0 1 0 0
120	7	0 1 1 1 0 0 1 0 1 1 0 1 0 0 0 0
120	15	1 0 0 0 0 0 0 0 1 0 0 1 0 1 0 0
120	13	1 1 1 0 0 0 0 0 1 1 0 0 0 1 0 0
120	16	0 1 1 1 0 0 0 1 1 1 0 1 0 0 1 0
120	18	1 1 1 1 0 0 0 0 1 1 0 0 0 0 0 0
120	10	1 1 1 1 0 0 0 1 1 0 1 1 0 0 0 0
120	16	1 1 1 1 0 0 0 0 0 0 0 0 0 0 0 0
120	1	0 0 1 1 0 0 0 0 1 1 0 0 0 0 0 0
120	3	1 0 0 0 0 0 1 0 1 1 0 1 0 0 0 0
120	3	1 0 0 1 0 0 1 1 0 0 0 1 0 0 0 0
120	5	1 1 1 0 0 0 0 1 0 0 0 0 0 0 0 0
120	3	1 1 1 0 1 0 0 1 1 0 0 1 0 0 0 0
120	13	1 1 1 0 1 0 0 0 1 0 0 0 0 0 0 0
120	3	1 1 1 1 0 0 0 1 1 0 1 0 0 0 0 0
120	13	0 1 1 0 1 0 0 0 1 0 0 1 0 0 0 0
120	5	0 1 1 1 0 0 0 1 1 0 1 1 0 0 0 0
120	4	1 1 1 1 0 0 0 1 0 0 0 1 0 0 0 0
120	9	1 0 1 0 1 0 0 0 1 0 0 1 0 0 0 0
120	6	1 1 1 1 0 0 0 0 0 1 1 1 0 0 0 0
120	4	0 1 1 1 0 0 0 0 1 1 0 0 1 0 0 0
120	1	1 1 0 0 0 0 1 1 0 0 0 1 0 0 0 0
120	1	0 1 1 1 0 0 1 0 0 0 0 1 0 0 0 0
120	2	1 0 0 0 0 0 0 1 1 1 0 1 0 0 0 0
120	4	1 0 0 0 0 0 0 0 1 1 0 1 0 1 0 0
120	3	1 1 1 0 1 0 0 0 1 0 1 1 0 0 0 0
120	2	0 0 1 1 0 1 0 1 1 0 1 1 0 0 0 0
120	1	1 1 0 0 0 0 0 0 1 1 0 0 0 0 0 0
120	2	0 0 0 0 0 0 0 0 1 1 0 1 0 0 0 0
120	2	1 1 1 1 0 0 0 0 0 0 0 1 1 0 0 0
120	5	0 1 1 1 0 0 1 0 1 0 0 1 0 0 0 0
120	1	1 1 1 0 0 0 0 1 1 0 0 0 0 0 0 0
120	4	0 1 1 1 0 0 0 0 1 1 0 0 0 1 0 0
120	13	1 0 1 1 0 0 0 0 1 1 0 1 0 0 0 0
120	2	1 1 0 0 0 0 0 0 1 1 0 1 0 0 0 0
120	5	1 1 1 1 0 1 0 0 0 0 0 1 0 0 0 0
120	4	1 0 1 1 0 0 0 0 1 0 0 1 0 0 1 0
120	1	1 0 1 1 0 0 0 0 0 1 0 1 0 0 0 0
120	1	1 1 1 1 0 0 0 0 0 0 0 1 1 0 1 0
120	1	1 0 1 1 0 0 0 0 0 0 0 1 0 0 0 0
120	2	1 1 1 1 0 0 0 0 1 1 0 1 1 0 0 0
120	1	1 1 1 0 0 0 0 0 1 1 0 1 1 1 0 0
120	1	1 1 1 1 0 0 0 1 1 0 1 1 0 0 1 0
120	3	1 0 1 1 0 0 0 0 1 1 0 1 0 0 1 0
120	1	1 1 1 0 0 0 1 0 0 0 0 1 0 0 0 0
120	4	1 1 1 1 0 0 0 1 0 1 0 1 0 0 0 0
120	2	1 1 1 0 0 0 0 1 1 1 0 1 1 0 0 0
120	2	0 1 1 0 0 0 0 1 1 0 0 1 0 1 0 0
120	1	1 1 1 0 1 0 0 0 0 0 0 1 0 0 0 0
120	5	1 0 1 0 0 0 1 1 0 0 0 0 0 0 0 0
120	2	0 1 1 1 0 0 0 0 1 1 0 1 0 1 0 0
120	3	1 0 1 0 0 0 0 0 1 0 0 1 0 0 0 0
120	2	1 1 0 0 0 0 0 0 1 1 0 1 1 0 0 0
120	2	1 1 1 0 1 0 0 0 1 1 0 1 0 1 0 0
120	1	1 1 1 0 0 0 0 1 0 0 0 0 0 0 1 0
120	1	1 1 1 0 1 0 0 0 1 0 0 1 0 1 0 0
120	1	1 1 1 0 1 0 0 0 1 1 0 0 0 1 0 0
120	2	1 1 1 0 0 0 0 0 0 0 0 0 0 0 0 0
140	3	1 0 0 0 0 0 0 0 1 1 0 1 0 0 0 0
140	30	0 1 1 1 0 0 0 0 0 0 0 1 0 0 0 0
140	1	1 0 1 0 0 0 0 0 1 0 0 1 0 1 0 0
140	48	1 1 1 0 0 0 0 0 0 0 0 1 0 0 0 0
140	15	0 1 1 1 0 0 0 1 1 1 0 1 0 0 0 0
140	56	1 1 1 1 0 0 0 0 0 0 0 1 0 0 0 0
140	115	1 1 1 0 0 0 1 1 0 0 0 0 0 0 0 0
140	5	0 1 1 1 0 0 0 0 1 1 0 1 0 0 0 0
140	10	0 1 1 1 0 0 0 0 0 0 0 1 0 0 1 0
140	44	1 0 1 1 0 0 0 0 1 0 0 1 0 0 0 0
140	43	1 1 1 1 0 0 0 0 1 1 0 0 0 1 0 0
140	6	1 1 0 0 0 0 0 0 0 0 0 1 0 1 0 0
140	61	1 1 1 0 1 0 0 0 1 0 0 1 0 0 0 0
140	6	1 1 1 1 0 0 0 0 1 0 0 1 0 0 0 0
140	33	1 1 1 1 0 0 0 0 0 1 0 1 0 0 0 0
140	4	1 0 0 0 0 0 0 0 1 1 0 0 0 1 0 0
140	18	0 1 1 1 0 0 0 0 1 1 0 0 0 0 0 0
140	8	0 1 1 1 0 0 1 1 1 1 0 1 0 0 0 0
140	13	1 1 1 1 1 0 0 0 0 0 0 1 0 0 0 0
140	35	1 1 1 0 0 0 0 0 1 1 0 1 1 0 0 0
140	8	0 1 1 1 0 0 0 0 1 0 0 1 0 0 0 0
140	9	1 1 1 0 0 0 1 1 0 0 0 1 0 0 0 0
140	11	0 1 1 1 0 0 1 0 1 1 0 1 0 0 0 0
140	10	1 1 1 0 0 0 0 0 1 1 0 0 0 1 0 0
140	9	0 1 1 1 0 0 0 1 1 1 0 1 0 0 1 0
140	47	1 1 1 1 0 0 0 0 1 1 0 0 0 0 0 0
140	14	1 1 1 1 0 0 0 1 1 0 1 1 0 0 0 0
140	16	1 1 1 1 0 0 0 0 0 0 0 0 0 0 0 0
140	28	1 1 1 1 0 0 0 1 1 0 1 0 0 0 0 0
140	28	0 1 1 1 0 0 0 0 1 1 0 0 0 1 0 0
140	7	1 0 1 1 0 0 0 0 1 1 0 1 0 0 0 0
140	3	1 0 1 1 0 0 0 0 1 0 0 1 0 0 1 0
140	8	1 1 1 1 0 0 0 0 1 1 0 1 1 0 0 0
140	15	1 1 1 1 0 0 0 1 1 0 1 1 0 0 1 0
140	5	1 0 1 1 0 0 0 0 1 1 0 1 0 0 1 0
140	18	1 1 1 1 0 0 0 1 0 1 0 1 0 0 0 0
140	1	1 1 1 0 0 0 0 0 0 1 0 1 0 0 0 0
140	4	0 1 0 1 0 0 0 0 0 0 0 1 0 0 0 1
140	24	1 1 1 0 0 0 0 0 1 0 0 1 0 1 0 0
140	3	0 1 0 0 0 0 0 0 1 1 0 1 1 0 0 0
140	1	1 0 1 1 0 0 0 0 0 0 0 1 0 0 0 0
140	5	1 1 1 1 0 0 0 0 0 0 0 1 0 0 0 1
140	11	1 1 0 0 1 0 0 0 1 0 0 1 0 0 0 0
140	1	1 1 1 1 0 0 1 0 1 1 0 1 0 0 0 0
140	3	0 1 1 1 0 0 0 1 1 1 0 1 0 1 0 0
140	15	1 0 0 1 0 0 0 0 1 1 1 1 0 0 0 0
140	7	1 1 1 1 0 0 1 1 0 0 0 0 0 0 0 0
140	9	1 0 0 1 0 0 0 0 1 1 0 1 0 0 1 0
140	7	0 1 1 1 0 0 1 0 0 1 0 1 0 0 1 0
140	4	1 1 1 0 1 1 0 0 1 0 0 1 0 0 0 0
140	8	0 1 1 1 0 0 0 1 1 1 0 1 0 1 1 0
140	10	1 1 1 1 0 0 0 0 1 0 0 0 0 0 0 0
140	1	0 1 1 0 1 0 0 0 1 0 0 1 1 0 0 0
140	3	1 1 0 1 1 0 0 0 1 0 0 1 0 0 0 0
140	2	0 1 1 1 0 0 0 1 0 1 0 1 0 0 0 0
140	4	1 1 1 1 0 0 1 0 0 0 0 1 0 0 0 0
140	3	1 0 0 0 0 0 0 1 1 1 0 1 0 1 1 0
140	8	1 1 1 1 0 0 0 0 1 1 0 1 0 0 0 0
140	5	0 1 1 1 0 0 0 0 0 1 0 1 0 0 0 0
140	1	1 1 1 0 1 1 0 0 1 1 0 1 0 1 0 0
140	2	1 0 0 1 0 1 0 0 1 1 1 1 0 0 0 0
140	2	0 1 1 1 0 0 1 1 0 0 0 0 0 0 0 0
140	3	1 1 1 0 0 0 1 1 1 1 0 0 0 0 0 0
140	2	1 1 1 0 1 0 0 0 1 1 0 1 0 0 0 0
140	5	0 1 1 0 0 0 1 1 1 1 0 1 0 0 0 0
140	1	1 1 1 0 1 0 0 0 1 1 0 1 1 0 0 0
140	3	1 0 0 1 0 0 0 0 1 0 1 1 0 0 0 0
140	1	0 1 1 1 0 0 0 1 1 0 1 0 0 0 0 0
140	3	1 0 1 0 0 0 0 0 0 0 0 1 0 0 0 0
140	4	1 1 1 0 0 0 0 1 0 0 0 0 0 0 0 0
140	2	1 0 1 1 0 0 0 0 1 1 0 0 0 0 0 0
140	4	1 1 1 1 1 0 0 1 1 0 1 1 0 0 0 0
140	4	1 1 1 1 0 0 0 0 1 0 0 1 0 1 0 0
140	4	1 1 1 0 1 0 1 0 1 0 0 1 1 0 0 0
140	5	1 1 1 0 0 0 1 0 0 0 0 1 0 0 0 0
140	3	1 1 1 0 1 0 0 0 1 1 0 0 0 0 0 0
140	3	1 0 0 1 0 0 0 0 1 1 0 0 0 1 0 0
140	4	1 1 1 1 0 0 0 0 1 1 0 1 0 1 0 0
140	1	1 1 1 1 0 0 1 0 0 1 0 1 0 0 0 0
140	2	0 1 1 1 0 0 0 1 1 1 0 1 1 0 1 0
140	1	1 1 1 0 0 0 1 1 0 0 0 0 1 0 0 0
140	2	0 1 1 0 0 0 1 1 0 0 0 0 0 0 0 0
140	2	1 1 1 0 1 0 0 0 1 0 0 0 0 0 0 0
140	1	1 1 1 1 0 0 0 0 0 0 0 0 0 1 0 0
140	2	1 1 1 1 0 0 0 1 1 1 1 1 0 0 1 0
140	1	0 1 0 1 0 1 0 0 0 0 0 1 0 0 0 1
140	1	1 0 0 1 0 0 0 0 0 1 0 1 0 0 1 0
140	1	1 0 0 1 0 1 1 0 1 1 1 1 0 0 0 0
140	1	0 0 1 1 0 0 1 1 0 0 0 0 0 0 0 0
160	29	0 1 1 1 0 0 0 0 0 0 0 1 0 0 0 0
160	46	1 1 1 0 0 0 0 0 0 0 0 1 0 0 0 0
160	23	0 1 1 1 0 0 0 1 1 1 0 1 0 0 0 0
160	54	1 1 1 1 0 0 0 0 0 0 0 1 0 0 0 0
160	30	1 1 1 0 0 0 1 1 0 0 0 0 0 0 0 0
160	52	0 1 1 1 0 0 0 0 1 1 0 1 0 0 0 0
160	3	0 1 1 1 0 0 0 0 0 0 0 1 0 0 1 0
160	19	1 0 1 1 0 0 0 0 1 0 0 1 0 0 0 0
160	86	1 1 1 0 1 0 0 0 1 0 0 1 0 0 0 0
160	36	1 1 1 1 0 0 0 0 0 1 0 1 0 0 0 0
160	11	0 1 1 1 0 0 0 0 1 1 0 0 0 0 0 0
160	6	1 1 1 0 0 0 0 0 1 1 0 1 1 0 0 0
160	4	0 1 1 1 0 0 0 0 1 0 0 1 0 0 0 0
160	55	1 1 1 1 0 0 0 0 1 1 0 0 0 0 0 0
160	36	1 1 1 1 0 0 0 0 0 0 0 0 0 0 0 0
160	18	1 1 1 1 0 0 0 1 1 0 1 0 0 0 0 0
160	20	0 1 1 1 0 0 0 0 1 1 0 0 0 1 0 0
160	12	1 1 1 1 0 0 0 0 1 1 0 1 1 0 0 0
160	8	1 1 1 1 0 0 0 1 0 1 0 1 0 0 0 0
160	21	1 1 1 0 0 0 0 0 1 0 0 1 0 1 0 0
160	12	0 1 0 0 0 0 0 0 1 1 0 1 1 0 0 0
160	11	1 0 0 1 0 0 0 0 1 1 1 1 0 0 0 0
160	1	1 1 1 0 1 1 0 0 1 0 0 1 0 0 0 0
160	16	0 1 1 1 0 0 0 1 1 1 0 1 0 1 1 0
160	2	0 1 1 0 1 0 0 0 1 0 0 1 1 0 0 0
160	11	1 1 0 1 1 0 0 0 1 0 0 1 0 0 0 0
160	7	0 1 1 0 0 0 1 1 1 1 0 1 0 0 0 0
160	11	1 0 0 1 0 0 0 0 1 0 1 1 0 0 0 0
160	3	1 0 1 0 0 0 0 0 0 0 0 1 0 0 0 0
160	16	1 0 1 1 0 0 0 0 1 1 0 0 0 0 0 0
160	10	1 0 0 1 0 0 0 0 1 1 0 0 0 1 0 0
160	14	1 1 1 1 0 0 0 1 1 1 1 1 0 0 1 0
160	12	1 1 1 1 0 0 0 1 1 0 1 1 1 0 1 0
160	7	1 1 1 1 0 0 0 0 1 1 1 1 0 0 0 0
160	2	1 1 1 0 0 0 1 1 0 0 0 0 0 0 1 0
160	12	1 1 1 1 0 0 0 1 1 0 0 0 0 0 0 0
160	6	1 1 1 0 0 0 1 1 0 0 0 0 1 0 0 0
160	11	1 0 1 1 0 0 0 0 1 0 0 1 1 0 0 0
160	6	1 1 1 0 1 0 1 0 1 0 0 1 0 0 0 0
160	38	1 1 1 1 1 0 0 0 1 1 0 0 0 0 0 0
160	19	1 1 1 0 0 0 0 0 1 0 0 1 0 0 0 0
160	4	1 1 1 0 1 0 0 0 1 0 1 1 0 0 0 0
160	19	1 1 1 0 1 0 0 1 1 1 0 1 1 0 0 0
160	7	1 1 1 1 1 0 0 0 0 0 0 0 0 0 0 0
160	7	1 1 1 1 1 0 0 1 1 1 1 1 0 0 0 0
160	15	1 1 1 1 0 1 0 0 0 0 0 1 0 0 0 0
160	3	1 1 0 1 0 0 0 0 1 1 0 0 0 0 0 0
160	7	1 1 1 0 0 0 0 1 0 0 0 1 0 1 0 0
160	1	1 1 1 1 0 0 0 1 0 1 0 1 0 0 1 0
160	3	1 1 1 0 0 0 1 1 0 0 0 0 1 0 1 0
160	8	1 1 1 1 0 0 0 0 0 1 0 0 0 0 1 0
160	6	1 0 0 1 0 0 1 1 0 0 0 0 0 0 0 0
160	7	1 1 1 0 1 0 0 0 1 0 0 1 0 0 1 0
160	1	0 1 1 1 0 0 0 1 0 1 0 1 0 0 0 0
160	3	0 1 1 1 0 0 0 0 0 0 0 0 0 0 0 0
160	6	1 1 1 1 0 0 0 0 0 0 0 1 0 0 1 0
160	3	1 1 1 1 0 0 1 0 0 1 0 1 0 0 0 0
160	13	1 1 1 0 0 0 0 1 1 0 0 1 0 1 0 0
160	4	0 1 1 1 0 0 0 1 0 1 0 1 0 1 1 0
160	2	1 0 1 1 0 0 0 0 1 1 0 1 0 0 0 0
160	6	1 0 1 1 0 0 0 0 1 1 0 0 0 1 0 0
160	11	1 1 1 1 0 0 0 0 1 1 0 1 0 0 0 0
160	2	1 1 1 0 0 1 0 0 0 0 0 1 0 0 0 0
160	9	1 1 1 1 0 0 0 0 0 1 0 0 0 0 0 0
160	9	1 0 1 1 0 0 0 0 1 0 0 1 1 0 0 1
160	5	1 0 0 1 0 0 0 0 0 0 0 1 0 0 0 0
160	3	1 1 1 0 0 0 1 1 0 0 0 0 0 0 0 1
160	1	0 1 1 0 0 0 0 0 1 0 0 1 0 0 0 0
160	3	1 0 1 0 0 0 0 0 1 1 0 1 1 0 0 0
160	8	1 1 1 1 0 0 0 1 1 1 1 1 0 0 1 1
160	1	1 1 1 1 0 0 0 1 1 1 0 1 0 0 0 0
160	1	1 0 1 1 0 0 0 0 0 0 0 1 0 0 0 0
160	3	1 1 1 0 0 0 1 1 1 0 0 0 0 0 0 0
160	2	1 0 1 0 0 0 0 0 1 0 0 1 0 0 0 0
160	1	0 1 1 0 0 0 0 0 0 0 0 1 0 0 0 0
160	1	0 1 1 1 0 0 0 1 1 1 0 1 0 0 1 0
160	2	1 1 1 1 0 0 0 0 0 0 1 1 0 0 0 0
160	1	1 0 1 0 1 0 0 0 1 0 0 1 0 0 0 0
160	7	1 1 1 1 0 0 0 1 0 0 1 0 0 0 0 0
160	1	0 1 1 1 0 0 0 1 0 1 0 1 0 0 1 0
160	2	1 1 1 0 0 0 0 0 0 1 0 0 0 0 0 0
160	1	1 1 1 0 0 0 0 0 1 0 0 1 0 0 1 0
160	1	1 1 1 1 0 0 0 0 1 1 1 1 0 0 0 1
160	1	1 1 1 1 0 0 0 1 0 0 0 1 0 0 0 0
160	2	1 0 0 1 0 0 0 1 1 1 0 0 0 1 0 0
160	1	1 1 1 1 1 0 0 0 1 1 0 0 0 0 0 1
180	72	0 1 1 1 0 0 0 0 0 0 0 1 0 0 0 0
180	10	1 1 1 0 0 0 0 0 0 0 0 1 0 0 0 0
180	32	0 1 1 1 0 0 0 1 1 1 0 1 0 0 0 0
180	8	1 1 1 1 0 0 0 0 0 0 0 1 0 0 0 0
180	4	1 1 1 0 0 0 1 1 0 0 0 0 0 0 0 0
180	65	0 1 1 1 0 0 0 0 1 1 0 1 0 0 0 0
180	62	1 1 1 0 1 0 0 0 1 0 0 1 0 0 0 0
180	53	1 1 1 1 0 0 0 0 0 1 0 1 0 0 0 0
180	9	0 1 1 1 0 0 0 0 1 1 0 0 0 0 0 0
180	87	1 1 1 1 0 0 0 0 1 1 0 0 0 0 0 0
180	11	1 1 1 1 0 0 0 0 0 0 0 0 0 0 0 0
180	12	0 1 1 1 0 0 0 0 1 1 0 0 0 1 0 0
180	4	1 1 1 1 0 0 0 0 1 1 0 1 1 0 0 0
180	9	1 1 1 1 0 0 0 1 0 1 0 1 0 0 0 0
180	17	1 1 1 0 0 0 0 0 1 0 0 1 0 1 0 0
180	4	1 0 0 1 0 0 0 0 1 1 1 1 0 0 0 0
180	4	1 1 0 1 1 0 0 0 1 0 0 1 0 0 0 0
180	2	1 0 0 1 0 0 0 0 1 0 1 1 0 0 0 0
180	2	1 0 1 1 0 0 0 0 1 1 0 0 0 0 0 0
180	18	1 0 0 1 0 0 0 0 1 1 0 0 0 1 0 0
180	3	1 1 1 1 0 0 0 1 1 0 0 0 0 0 0 0
180	8	1 1 1 0 1 0 1 0 1 0 0 1 0 0 0 0
180	99	1 1 1 1 1 0 0 0 1 1 0 0 0 0 0 0
180	21	1 1 1 0 1 0 0 1 1 1 0 1 1 0 0 0
180	7	1 1 1 1 1 0 0 0 0 0 0 0 0 0 0 0
180	21	1 1 1 1 0 1 0 0 0 0 0 1 0 0 0 0
180	9	1 1 1 0 0 0 0 1 0 0 0 1 0 1 0 0
180	17	1 1 1 1 0 0 0 0 0 1 0 0 0 0 1 0
180	3	0 1 1 1 0 0 0 1 0 1 0 1 0 0 0 0
180	2	0 1 1 1 0 0 0 0 0 0 0 0 0 0 0 0
180	9	1 1 1 1 0 0 0 0 1 1 0 1 0 0 0 0
180	3	1 1 1 1 0 0 0 0 0 1 0 0 0 0 0 0
180	10	1 1 1 1 0 0 0 1 1 1 1 1 0 0 1 1
180	1	1 0 1 0 0 0 0 0 1 0 0 1 0 0 0 0
180	12	1 0 0 1 0 0 0 1 1 1 0 0 0 1 0 0
180	1	0 1 1 0 0 0 1 1 1 1 1 1 0 0 0 0
180	20	1 1 1 1 0 0 0 0 1 0 0 1 0 0 0 0
180	1	1 1 1 1 1 0 0 0 1 1 0 1 0 0 0 0
180	3	1 0 1 1 0 0 1 1 0 0 0 0 0 0 0 0
180	16	1 1 1 1 1 0 0 1 1 1 0 1 1 0 0 0
180	2	1 1 1 1 1 0 0 0 1 1 1 1 0 0 0 0
180	11	1 1 1 1 0 0 0 0 0 0 0 0 0 0 0 1
180	3	1 1 1 1 0 0 0 0 1 0 1 1 1 0 1 0
180	2	1 1 1 1 0 0 0 0 1 1 0 1 0 1 0 0
180	3	1 1 1 0 1 0 0 1 1 1 0 1 0 0 0 0
180	3	0 1 1 1 0 0 0 0 0 1 0 1 0 0 0 0
180	14	1 1 1 1 0 0 0 0 0 1 1 1 0 0 0 0
180	7	0 1 1 1 0 0 0 1 1 0 1 1 1 0 1 0
180	2	1 0 1 1 0 0 0 0 1 0 1 1 1 0 0 1
180	10	1 1 1 1 1 0 1 0 1 1 0 0 0 0 1 0
180	11	1 1 1 1 0 0 0 0 0 1 0 1 0 0 0 1
180	3	0 1 1 1 0 0 0 0 0 1 0 0 0 0 0 0
180	4	1 0 0 1 0 0 0 1 1 0 0 1 1 0 0 1
180	6	1 1 1 0 0 0 0 1 0 0 0 0 0 0 0 0
180	8	0 1 1 1 0 1 0 0 0 0 0 1 0 0 0 0
180	6	1 1 1 1 0 0 0 0 0 1 0 1 1 0 0 0
180	8	0 1 1 1 0 0 0 0 1 1 0 0 0 1 1 0
180	4	0 1 1 1 1 0 0 0 0 0 0 1 0 0 0 0
180	9	1 1 1 0 0 0 0 0 0 0 0 1 1 0 0 0
180	2	0 1 1 0 0 0 0 0 1 1 0 0 0 1 0 0
180	6	1 1 1 1 0 0 0 0 1 0 0 1 0 0 0 1
180	1	1 1 1 0 0 0 0 0 1 1 0 1 0 0 0 0
180	6	0 1 1 1 0 0 0 0 0 0 1 1 0 0 0 0
180	4	1 0 1 1 1 0 0 0 1 0 0 1 0 0 0 0
180	7	1 1 1 1 1 0 0 0 1 0 0 1 0 0 0 0
180	2	0 1 1 0 0 0 0 1 0 0 0 1 0 1 0 0
180	2	0 0 1 1 0 0 0 0 0 0 0 0 0 0 0 0
180	1	1 1 1 1 1 0 0 1 0 1 0 0 0 0 0 0
180	1	1 1 0 1 0 0 0 0 0 1 0 1 1 0 0 0
180	5	1 0 1 0 1 0 0 0 1 0 0 1 0 0 0 0
180	5	1 1 0 0 1 0 0 0 1 0 0 1 0 0 0 0
180	1	1 1 1 1 0 0 0 0 0 0 0 1 0 0 0 1
180	1	0 1 1 1 0 0 0 1 0 1 0 1 1 0 0 0
180	13	1 1 0 0 0 0 0 1 1 0 0 1 0 1 0 0
180	7	1 0 1 1 1 0 1 1 0 0 0 0 0 0 0 0
180	1	0 1 1 1 0 0 0 0 0 0 0 1 0 0 0 1
180	3	0 1 1 1 0 0 0 1 0 0 0 1 0 0 0 0
180	1	1 1 1 0 0 0 0 0 1 0 0 1 1 1 0 0
180	8	1 1 1 0 0 0 0 1 1 1 0 1 0 0 0 0
180	2	0 1 1 1 0 0 0 1 1 1 1 1 0 0 1 0
180	1	0 1 1 1 0 0 0 1 0 0 1 0 0 0 0 0
180	13	0 1 1 1 0 0 0 0 0 0 0 1 0 0 1 0
180	3	1 0 1 1 0 0 0 1 1 0 1 0 0 0 0 0
180	1	1 1 1 1 1 0 0 0 0 0 0 1 0 0 0 0
180	9	1 1 1 1 1 0 1 1 1 1 0 1 1 0 0 0
180	3	0 1 1 0 0 0 1 0 1 1 1 1 0 0 0 0
180	3	0 1 1 1 0 0 0 1 1 0 1 1 1 0 1 1
180	1	0 1 1 1 1 0 0 1 0 0 0 1 0 0 0 0
180	4	0 1 1 0 0 0 0 1 0 1 0 1 0 0 0 0
180	2	0 1 1 1 0 0 0 1 1 1 0 0 0 0 0 0
180	2	0 1 1 1 0 0 0 0 1 1 0 1 0 0 0 1
180	2	1 0 0 1 0 0 0 1 0 1 0 1 0 0 0 0
180	1	0 1 1 1 0 1 0 0 1 1 0 1 0 0 0 0
180	1	1 1 1 0 1 0 0 0 0 0 0 1 0 0 0 0
180	1	1 1 1 1 0 0 0 1 1 1 0 0 0 0 0 0
180	1	1 1 1 1 1 0 0 0 0 1 0 0 0 0 0 0
180	1	1 1 1 0 0 0 0 1 1 1 1 1 0 0 1 1
180	4	1 1 1 1 0 0 0 0 1 1 1 1 1 0 1 0
180	1	1 1 1 0 0 0 0 1 0 0 0 0 0 0 1 0
200	41	0 1 1 1 0 0 0 0 0 0 0 1 0 0 0 0
200	13	1 1 1 0 0 0 0 0 0 0 0 1 0 0 0 0
200	22	0 1 1 1 0 0 0 1 1 1 0 1 0 0 0 0
200	22	1 1 1 1 0 0 0 0 0 0 0 1 0 0 0 0
200	34	0 1 1 1 0 0 0 0 1 1 0 1 0 0 0 0
200	37	1 1 1 0 1 0 0 0 1 0 0 1 0 0 0 0
200	18	1 1 1 1 0 0 0 0 0 1 0 1 0 0 0 0
200	27	0 1 1 1 0 0 0 0 1 1 0 0 0 0 0 0
200	85	1 1 1 1 0 0 0 0 1 1 0 0 0 0 0 0
200	13	1 1 1 1 0 0 0 1 0 1 0 1 0 0 0 0
200	20	1 0 1 1 0 0 0 0 1 1 0 0 0 0 0 0
200	18	1 0 0 1 0 0 0 0 1 1 0 0 0 1 0 0
200	63	1 1 1 1 1 0 0 0 1 1 0 0 0 0 0 0
200	19	1 1 1 0 1 0 0 1 1 1 0 1 1 0 0 0
200	3	1 1 1 1 0 1 0 0 0 0 0 1 0 0 0 0
200	16	1 1 1 0 0 0 0 1 0 0 0 1 0 1 0 0
200	22	1 1 1 1 0 0 0 0 0 1 0 0 0 0 1 0
200	43	1 1 1 1 0 0 0 0 1 1 0 1 0 0 0 0
200	10	1 1 1 1 0 0 0 0 0 1 0 0 0 0 0 0
200	5	1 0 0 1 0 0 0 1 1 1 0 0 0 1 0 0
200	20	1 1 1 1 0 0 0 0 1 0 0 1 0 0 0 0
200	18	1 1 1 1 1 0 0 0 1 1 0 1 0 0 0 0
200	16	1 1 1 1 1 0 0 0 1 1 1 1 0 0 0 0
200	6	1 1 1 1 0 0 0 0 0 0 0 0 0 0 0 1
200	14	1 1 1 1 0 0 0 0 1 1 0 1 0 1 0 0
200	5	0 1 1 1 0 0 0 0 0 1 0 1 0 0 0 0
200	24	1 1 1 1 0 0 0 0 0 1 1 1 0 0 0 0
200	1	1 1 1 1 0 0 0 0 0 1 0 1 0 0 0 1
200	18	0 1 1 1 0 1 0 0 0 0 0 1 0 0 0 0
200	12	0 1 1 1 0 0 0 0 0 0 1 1 0 0 0 0
200	1	1 1 1 1 1 0 0 0 1 0 0 1 0 0 0 0
200	15	0 0 1 1 0 0 0 0 0 0 0 0 0 0 0 0
200	1	1 1 1 1 1 0 0 1 0 1 0 0 0 0 0 0
200	1	1 1 0 0 0 0 0 1 1 0 0 1 0 1 0 0
200	2	1 1 1 0 0 0 0 1 1 1 0 1 0 0 0 0
200	8	0 1 1 1 0 0 0 1 1 1 1 1 0 0 1 0
200	11	1 1 1 1 0 0 0 1 1 1 0 0 0 0 0 0
200	12	1 1 1 0 1 0 0 0 1 1 0 0 0 0 0 0
200	14	0 1 1 0 0 0 0 0 1 0 0 1 0 1 0 0
200	35	1 1 1 1 0 0 0 0 0 1 0 1 0 0 1 0
200	4	1 1 1 1 0 0 0 1 1 1 0 1 0 0 0 0
200	1	1 1 1 0 0 0 0 1 0 0 0 1 0 0 0 0
200	1	0 1 1 1 0 0 0 0 1 1 0 1 0 0 1 1
200	2	1 1 0 0 1 0 0 0 1 0 0 1 0 0 0 0
200	1	0 1 1 1 0 0 0 1 0 0 1 0 0 1 0 0
200	7	0 1 1 1 0 0 0 0 0 0 0 0 0 0 0 1
200	9	0 1 1 1 0 0 0 0 0 0 1 0 0 1 0 0
200	1	1 1 1 0 1 0 0 0 1 0 0 0 0 0 0 0
200	5	1 1 1 1 1 0 0 0 1 1 0 0 0 0 1 1
200	2	0 1 1 1 0 0 0 0 0 0 0 1 0 1 0 0
200	3	1 1 1 1 1 0 0 0 1 1 0 0 1 0 0 0
200	17	0 1 1 0 0 0 0 0 1 1 0 0 0 0 0 0
200	13	1 1 1 1 1 0 0 1 1 1 0 0 0 0 0 0
200	31	0 0 1 1 0 1 0 0 0 0 0 0 0 0 0 0
200	10	0 1 1 0 1 0 0 0 0 0 0 1 0 0 0 0
200	1	1 1 1 1 1 0 0 0 1 0 0 1 0 0 0 1
200	3	1 1 1 0 0 0 0 1 1 0 0 0 0 0 0 0
200	8	1 0 1 1 1 0 0 0 1 1 0 0 0 0 0 0
200	2	1 1 1 1 1 0 0 0 0 1 0 0 0 0 0 0
200	2	1 1 1 1 0 0 0 0 1 0 1 1 0 0 0 0
200	4	0 1 1 1 0 0 0 1 1 1 0 0 1 0 0 0
200	1	0 0 1 1 0 0 0 0 0 0 0 1 0 0 0 0
200	5	1 0 1 1 0 0 0 0 1 0 0 1 0 0 0 0
200	2	0 1 1 1 0 0 0 1 1 0 1 0 0 1 0 0
200	2	1 1 1 1 1 0 0 0 0 1 0 1 0 0 0 1
200	8	1 1 1 1 0 0 0 0 0 1 0 1 0 1 0 0
200	3	1 1 1 0 1 0 0 1 1 0 0 1 0 0 0 0
200	9	1 1 1 1 0 0 0 0 1 0 0 1 0 1 0 0
200	4	1 1 1 0 0 0 0 1 1 0 0 1 0 1 0 0
200	1	0 1 1 0 0 0 0 0 0 0 1 1 0 0 0 0
200	3	0 1 1 1 0 0 0 0 1 1 0 1 0 0 1 0
200	3	1 1 0 1 0 0 0 0 0 1 0 0 0 0 0 0
200	3	1 1 1 1 1 0 0 1 1 1 0 0 1 0 0 0
200	4	1 0 1 1 1 0 0 1 1 1 0 0 0 0 0 0
200	2	0 1 1 1 0 0 0 1 0 0 0 1 0 1 0 0
200	4	1 1 1 1 0 0 0 1 1 1 0 0 1 0 0 0
200	4	0 1 1 1 0 0 0 1 1 0 0 1 0 0 0 0
200	7	1 1 1 1 0 0 0 0 1 1 1 1 0 0 0 0
200	1	1 1 1 1 0 0 0 0 0 1 0 0 1 0 0 0
200	1	1 1 1 1 1 0 0 1 1 1 1 1 0 0 0 0
200	1	0 1 1 1 1 0 0 0 1 1 0 1 0 0 1 1
200	5	1 1 1 1 1 0 1 0 0 1 0 0 0 0 0 0
200	2	1 1 1 1 1 0 0 0 1 0 0 0 0 0 0 0
200	3	1 1 1 1 1 0 0 1 1 1 0 1 0 0 0 0
200	2	0 1 0 1 0 0 0 0 0 0 0 1 0 0 0 0
200	2	1 1 1 0 1 0 0 0 1 0 0 1 0 1 0 0
200	1	1 1 1 0 0 0 0 1 0 0 0 1 0 1 1 0
200	1	1 1 1 1 1 0 1 0 1 1 1 1 0 0 0 0
200	2	1 1 1 1 0 0 0 0 0 0 0 0 1 0 0 1
200	4	0 0 1 1 1 1 0 0 0 0 0 0 0 0 0 0
200	1	0 1 1 1 0 1 0 0 1 1 1 1 0 0 0 0
200	1	1 1 1 0 1 0 0 0 1 1 0 0 0 0 1 0
200	1	1 0 1 1 1 0 0 0 1 1 0 1 0 0 0 0
200	1	0 1 1 1 0 0 1 0 0 0 0 1 0 0 0 0
200	4	1 1 1 1 0 0 0 0 0 0 0 1 0 0 0 1
200	2	1 1 1 1 1 0 0 0 1 1 0 0 0 1 0 0
200	1	1 1 1 1 0 0 0 0 1 1 0 1 1 0 0 0
200	1	1 1 1 0 0 0 0 0 1 0 0 1 0 0 0 0
200	1	0 1 1 1 0 0 0 0 0 1 0 1 0 0 0 1
200	4	1 1 1 1 0 0 0 0 0 1 1 0 0 0 0 0
200	1	0 1 1 0 1 0 0 0 1 1 0 0 0 0 0 0
220	47	0 1 1 1 0 0 0 0 0 0 0 1 0 0 0 0
220	33	0 1 1 1 0 0 0 1 1 1 0 1 0 0 0 0
220	39	1 1 1 1 0 0 0 0 0 0 0 1 0 0 0 0
220	23	0 1 1 1 0 0 0 0 1 1 0 1 0 0 0 0
220	31	1 1 1 0 1 0 0 0 1 0 0 1 0 0 0 0
220	11	1 1 1 1 0 0 0 0 0 1 0 1 0 0 0 0
220	34	0 1 1 1 0 0 0 0 1 1 0 0 0 0 0 0
220	99	1 1 1 1 0 0 0 0 1 1 0 0 0 0 0 0
220	1	1 1 1 1 0 0 0 1 0 1 0 1 0 0 0 0
220	89	1 1 1 1 1 0 0 0 1 1 0 0 0 0 0 0
220	6	1 1 1 0 0 0 0 1 0 0 0 1 0 1 0 0
220	42	1 1 1 1 0 0 0 0 0 1 0 0 0 0 1 0
220	47	1 1 1 1 0 0 0 0 1 1 0 1 0 0 0 0
220	16	1 1 1 1 0 0 0 0 0 1 0 0 0 0 0 0
220	6	1 1 1 1 0 0 0 0 1 0 0 1 0 0 0 0
220	3	1 1 1 1 1 0 0 0 1 1 0 1 0 0 0 0
220	11	1 1 1 1 0 0 0 0 1 1 0 1 0 1 0 0
220	32	1 1 1 1 0 0 0 0 0 1 1 1 0 0 0 0
220	5	0 1 1 1 0 0 0 0 0 0 1 1 0 0 0 0
220	7	0 0 1 1 0 0 0 0 0 0 0 0 0 0 0 0
220	23	1 1 1 1 0 0 0 1 1 1 0 0 0 0 0 0
220	16	1 1 1 0 1 0 0 0 1 1 0 0 0 0 0 0
220	3	0 1 1 0 0 0 0 0 1 0 0 1 0 1 0 0
220	16	1 1 1 1 0 0 0 0 0 1 0 1 0 0 1 0
220	9	1 1 1 1 0 0 0 1 1 1 0 1 0 0 0 0
220	5	0 1 1 1 0 0 0 0 0 0 1 0 0 1 0 0
220	25	0 1 1 0 0 0 0 0 1 1 0 0 0 0 0 0
220	25	1 1 1 1 1 0 0 1 1 1 0 0 0 0 0 0
220	17	0 0 1 1 0 1 0 0 0 0 0 0 0 0 0 0
220	1	1 1 1 1 1 0 0 0 0 1 0 0 0 0 0 0
220	8	1 0 1 1 0 0 0 0 1 0 0 1 0 0 0 0
220	4	0 1 1 1 0 0 0 1 1 0 1 0 0 1 0 0
220	2	1 1 1 1 1 0 0 0 0 1 0 1 0 0 0 1
220	18	1 1 1 0 1 0 0 1 1 0 0 1 0 0 0 0
220	3	1 1 1 1 0 0 0 0 1 1 1 1 0 0 0 0
220	12	1 1 1 0 1 0 0 0 1 0 0 1 0 1 0 0
220	12	1 1 1 1 0 0 0 0 0 1 1 0 0 0 0 0
220	12	1 1 1 1 0 0 0 0 1 1 0 0 0 1 0 0
220	1	0 1 1 0 1 0 0 0 1 0 0 1 0 0 0 0
220	10	1 1 1 0 0 0 0 0 1 1 0 0 0 0 0 0
220	6	1 1 1 1 0 0 0 0 1 1 0 0 0 0 1 0
220	14	0 1 1 1 0 0 0 0 0 0 0 1 0 1 0 0
220	5	1 1 1 1 0 0 0 0 0 0 0 0 0 0 0 0
220	6	0 1 1 1 0 0 0 1 1 1 0 0 0 0 0 0
220	6	1 1 1 1 0 0 1 0 1 1 0 0 0 0 0 0
220	3	0 1 1 1 1 0 0 0 0 1 0 0 0 0 0 0
220	4	1 1 1 1 0 0 0 0 1 1 0 0 0 0 0 1
220	6	1 1 1 0 1 0 0 0 1 1 0 1 0 0 0 0
220	4	0 1 1 1 0 0 0 1 1 1 0 0 1 0 0 0
220	3	1 1 1 1 0 1 0 0 0 1 0 0 0 0 1 0
220	3	1 1 1 0 0 0 0 0 0 1 0 1 0 0 0 0
220	3	1 1 1 1 1 0 0 0 1 1 0 0 0 0 0 1
220	3	1 1 0 1 0 0 0 0 0 1 0 0 0 0 1 0
220	3	1 1 1 1 0 0 0 0 0 0 1 0 0 1 0 0
220	12	1 1 1 1 0 0 1 0 0 1 0 1 0 0 0 0
220	2	1 1 1 1 0 0 0 0 1 0 0 1 1 0 0 0
220	7	1 0 1 1 1 0 0 0 1 1 1 1 0 0 0 0
220	10	1 1 1 1 0 0 1 1 1 1 0 0 0 0 0 0
220	4	1 1 1 1 0 0 0 0 0 0 0 0 0 1 0 0
220	7	0 1 1 1 1 0 0 0 0 1 0 1 0 0 0 0
220	4	0 1 1 1 1 0 0 0 1 1 1 1 0 0 0 0
220	4	0 1 1 1 0 0 0 0 0 0 0 1 1 1 0 0
220	5	0 1 1 0 0 0 0 0 1 0 0 0 0 0 0 0
220	2	1 1 1 1 1 0 1 0 1 1 0 0 0 0 0 0
220	4	0 1 1 1 0 0 0 0 1 0 1 1 0 0 0 0
220	1	1 1 1 1 0 0 0 1 1 0 0 0 0 0 0 0
220	3	1 1 1 1 1 0 0 1 1 1 0 1 0 0 0 0
220	2	1 1 1 1 0 0 0 0 1 1 1 1 1 0 0 0
220	1	1 1 1 0 1 0 1 0 0 1 0 1 0 0 0 0
220	3	1 1 1 1 0 1 0 0 0 0 0 1 0 0 0 0
220	1	0 1 1 1 0 0 0 0 0 0 1 0 0 0 0 0
220	2	1 1 1 1 0 0 0 1 1 1 0 0 0 0 0 1
220	4	1 1 1 1 1 0 0 0 1 1 0 0 0 1 0 0
220	6	1 1 1 0 1 0 0 1 1 0 0 1 1 0 0 0
220	5	1 0 1 1 0 1 0 0 0 0 0 0 0 0 0 0
220	1	1 1 1 0 0 0 0 0 1 0 0 1 0 1 0 0
220	4	1 0 1 1 0 0 0 0 1 1 0 0 0 0 0 0
220	1	1 1 1 0 0 0 0 1 1 0 0 1 0 0 0 0
220	2	1 1 1 1 0 1 1 0 1 1 0 0 0 0 0 0
220	4	0 1 1 1 0 0 1 0 1 1 0 0 0 0 1 0
220	2	1 0 1 1 0 1 0 0 0 0 0 0 1 0 0 0
220	1	0 1 1 1 0 1 0 0 0 0 0 1 0 0 0 0
220	1	0 1 1 1 0 0 0 0 0 1 0 0 0 0 1 0
220	2	0 1 1 1 0 0 0 0 0 0 0 0 0 0 0 0
220	2	1 1 0 0 1 0 0 0 1 0 0 1 0 0 0 0
220	1	1 0 1 1 0 0 0 0 0 1 0 0 0 0 1 0
220	1	0 1 1 1 1 0 1 0 0 1 0 1 0 0 0 0
220	2	0 1 1 1 0 0 0 0 0 0 0 0 0 0 1 0
220	3	1 1 1 1 0 0 0 0 1 1 0 1 0 0 1 0
220	3	1 1 1 1 0 0 0 1 1 1 0 1 1 0 0 0
220	1	1 1 1 0 1 0 0 1 1 1 0 0 0 0 0 0
220	2	0 1 1 1 0 0 0 0 0 1 0 0 0 0 0 0
220	2	0 1 0 1 0 0 0 0 1 1 0 0 0 0 0 0
220	1	1 1 1 1 1 0 0 0 1 1 0 0 1 0 0 0
220	1	1 1 1 1 0 0 0 0 0 1 0 0 1 0 0 0
220	1	0 1 1 1 0 0 0 0 1 1 1 1 1 0 0 0
240	14	0 1 1 1 0 0 0 0 0 0 0 1 0 0 0 0
240	16	0 1 1 1 0 0 0 1 1 1 0 1 0 0 0 0
240	61	1 1 1 1 0 0 0 0 0 0 0 1 0 0 0 0
240	26	0 1 1 1 0 0 0 0 1 1 0 1 0 0 0 0
240	3	1 1 1 0 1 0 0 0 1 0 0 1 0 0 0 0
240	37	1 1 1 1 0 0 0 0 0 1 0 1 0 0 0 0
240	19	0 1 1 1 0 0 0 0 1 1 0 0 0 0 0 0
240	88	1 1 1 1 0 0 0 0 1 1 0 0 0 0 0 0
240	63	1 1 1 1 1 0 0 0 1 1 0 0 0 0 0 0
240	20	1 1 1 1 0 0 0 0 0 1 0 0 0 0 1 0
240	40	1 1 1 1 0 0 0 0 1 1 0 1 0 0 0 0
240	15	1 1 1 1 0 0 0 0 0 1 0 0 0 0 0 0
240	27	1 1 1 1 0 0 0 0 1 0 0 1 0 0 0 0
240	13	0 0 1 1 0 0 0 0 0 0 0 0 0 0 0 0
240	4	1 1 1 1 0 0 0 1 1 1 0 0 0 0 0 0
240	6	1 1 1 0 1 0 0 0 1 1 0 0 0 0 0 0
240	14	0 1 1 1 0 0 0 0 0 0 1 0 0 1 0 0
240	11	1 1 1 1 1 0 0 1 1 1 0 0 0 0 0 0
240	14	0 0 1 1 0 1 0 0 0 0 0 0 0 0 0 0
240	2	1 0 1 1 0 0 0 0 1 0 0 1 0 0 0 0
240	41	1 1 1 0 1 0 0 1 1 0 0 1 0 0 0 0
240	7	1 1 1 1 0 0 0 0 1 1 1 1 0 0 0 0
240	22	1 1 1 1 0 0 0 0 0 1 1 0 0 0 0 0
240	9	1 1 1 0 0 0 0 0 1 1 0 0 0 0 0 0
240	18	1 1 1 1 0 0 0 0 1 1 0 0 0 0 1 0
240	4	1 1 1 1 0 0 0 0 0 0 0 0 0 0 0 0
240	14	1 1 1 1 0 0 0 0 1 1 0 0 0 0 0 1
240	39	1 1 1 0 1 0 0 0 1 1 0 1 0 0 0 0
240	1	1 1 0 1 0 0 0 0 0 1 0 0 0 0 1 0
240	28	1 1 1 1 0 0 1 0 0 1 0 1 0 0 0 0
240	3	1 1 1 1 0 0 1 1 1 1 0 0 0 0 0 0
240	6	0 1 1 1 0 0 0 0 1 0 1 1 0 0 0 0
240	1	1 1 1 1 0 1 0 0 0 0 0 1 0 0 0 0
240	4	1 1 1 1 1 0 0 0 1 1 0 0 0 1 0 0
240	2	0 1 1 1 0 0 1 0 1 1 0 0 0 0 1 0
240	2	0 1 1 1 0 0 0 0 0 0 0 0 0 0 0 0
240	11	1 1 1 1 0 0 0 1 1 1 0 1 1 0 0 0
240	6	1 1 1 1 1 1 0 0 1 1 0 0 0 0 0 0
240	1	1 1 1 1 1 0 0 0 1 0 0 0 0 0 0 0
240	22	1 0 1 1 0 0 0 0 1 1 0 1 0 0 0 0
240	1	1 1 1 1 0 1 0 0 0 0 0 0 0 0 0 0
240	9	1 1 1 1 0 0 0 0 1 0 0 0 0 0 0 0
240	7	0 1 1 1 0 0 0 0 0 1 0 1 0 0 0 0
240	3	1 1 1 1 1 0 0 0 1 1 0 0 0 0 0 1
240	6	1 1 1 1 0 0 0 0 0 1 1 1 0 1 0 0
240	3	1 1 1 1 0 0 0 0 1 1 0 1 0 0 1 0
240	11	1 0 1 1 1 0 0 1 1 1 0 0 0 0 0 0
240	2	0 1 1 0 0 0 0 0 1 0 0 0 0 0 0 0
240	3	1 1 1 1 0 0 1 0 0 1 0 1 1 0 0 0
240	3	1 1 1 1 0 0 1 0 0 1 0 0 0 0 0 0
240	3	0 1 1 1 0 0 0 0 1 0 0 1 0 0 0 0
240	6	0 1 0 1 0 0 1 0 1 1 0 0 0 0 0 0
240	13	1 1 1 1 0 0 1 0 0 1 0 0 0 0 1 0
240	19	0 1 1 0 1 0 0 1 1 0 0 1 0 0 0 0
240	4	1 1 1 1 0 1 0 0 0 1 1 0 0 0 0 0
240	4	1 0 1 1 0 0 0 0 1 1 1 0 0 0 0 0
240	7	0 1 1 1 0 0 0 0 0 1 1 0 0 1 0 0
240	8	0 1 0 1 0 0 0 0 1 0 0 1 0 0 0 0
240	9	1 1 1 1 1 0 0 0 1 1 0 1 0 1 0 0
240	15	0 1 1 1 0 0 0 1 1 0 1 1 0 0 0 0
240	4	0 1 1 1 0 0 0 0 0 0 1 1 0 0 0 0
240	7	1 1 1 0 0 0 0 1 0 0 0 1 0 0 0 0
240	5	1 1 1 1 1 0 0 0 1 1 0 1 0 0 0 0
240	8	1 1 1 1 0 0 0 0 0 1 1 1 0 0 0 0
240	1	1 1 1 1 0 0 0 0 1 1 1 0 0 0 0 0
240	3	1 1 1 0 1 0 0 1 1 0 1 1 0 0 0 0
240	1	1 1 1 0 1 0 0 1 1 0 0 1 0 0 1 0
240	5	1 1 1 0 0 0 1 0 1 1 0 0 0 0 0 0
240	4	1 1 0 1 1 0 0 1 1 1 0 0 0 0 0 0
240	5	1 1 1 0 1 0 0 0 1 1 0 1 0 0 1 0
240	1	0 1 1 0 1 0 0 0 0 1 0 1 1 0 0 0
240	1	1 1 1 1 0 0 0 0 0 1 0 1 0 1 0 0
240	7	1 1 1 1 1 0 0 0 1 1 0 0 0 0 1 0
240	3	1 1 0 1 0 0 0 0 1 1 0 1 0 0 0 0
240	5	1 1 1 0 0 0 0 0 1 0 0 1 0 0 0 0
240	4	1 1 1 1 1 0 0 1 1 1 0 0 0 0 1 0
240	5	1 1 1 1 1 0 0 1 1 1 0 0 1 0 0 0
240	1	0 1 1 1 0 0 1 1 1 1 0 0 0 0 0 0
240	1	0 0 1 1 0 0 0 0 1 1 0 1 0 0 0 0
240	2	1 1 1 1 0 0 0 0 0 1 1 0 0 0 1 0
240	3	0 1 1 1 0 0 1 0 1 1 0 0 0 0 0 0
240	3	1 1 0 1 0 0 0 0 0 0 0 1 0 0 0 0
240	3	1 1 0 1 0 0 0 0 1 0 0 1 0 0 0 0
240	2	0 0 1 1 0 0 1 0 0 0 0 0 0 0 0 0
240	1	1 1 1 1 0 0 0 1 1 0 0 0 0 0 0 0
240	6	1 1 0 1 0 0 1 1 1 1 0 0 0 0 0 0
240	1	1 1 1 0 1 0 0 1 1 0 0 0 0 0 0 0
240	1	1 1 1 1 0 0 1 0 1 1 0 0 0 0 1 0
240	4	1 1 1 1 0 0 0 0 0 1 0 1 0 0 1 0
240	1	1 1 1 1 1 0 0 0 1 1 1 0 0 0 0 0
240	3	1 1 1 1 0 0 0 0 1 1 0 1 0 1 0 0
240	1	0 0 1 1 0 0 0 0 0 1 0 0 0 0 0 0
240	2	1 1 1 0 1 0 0 1 1 1 0 0 0 0 0 0
240	2	0 0 1 0 0 1 0 0 0 0 0 0 0 0 0 0
240	2	1 1 1 0 1 0 1 0 1 1 0 1 0 0 0 0
240	2	1 1 0 1 0 0 0 0 0 1 0 0 0 0 1 1
240	3	1 1 1 1 1 0 1 0 1 0 0 0 0 0 0 0
240	1	1 1 1 1 0 0 0 0 0 1 1 0 0 1 0 0
240	1	1 1 1 1 0 0 0 1 0 1 1 1 0 1 0 0
240	2	1 1 1 1 0 0 0 0 0 0 0 1 0 1 0 0
240	2	1 1 1 0 0 0 0 0 0 1 0 1 0 0 0 0
240	1	1 1 1 0 0 0 1 0 1 1 0 1 0 0 0 0
240	1	1 1 1 1 1 0 0 0 0 1 0 1 0 0 0 0
240	2	1 1 1 1 0 0 0 0 0 1 0 0 1 0 1 0
240	2	1 1 1 0 1 0 0 0 1 1 0 0 0 1 0 0
240	2	1 1 1 1 0 1 0 0 0 0 0 0 0 1 0 0
240	2	1 1 1 1 0 0 0 0 1 0 0 0 1 0 0 0
240	1	1 1 1 0 0 0 0 0 1 0 0 1 0 1 0 0
260	26	0 1 1 1 0 0 0 0 0 0 0 1 0 0 0 0
260	8	0 1 1 1 0 0 0 1 1 1 0 1 0 0 0 0
260	119	1 1 1 1 0 0 0 0 0 0 0 1 0 0 0 0
260	4	0 1 1 1 0 0 0 0 1 1 0 1 0 0 0 0
260	7	1 1 1 0 1 0 0 0 1 0 0 1 0 0 0 0
260	23	1 1 1 1 0 0 0 0 0 1 0 1 0 0 0 0
260	8	0 1 1 1 0 0 0 0 1 1 0 0 0 0 0 0
260	46	1 1 1 1 0 0 0 0 1 1 0 0 0 0 0 0
260	10	1 1 1 1 1 0 0 0 1 1 0 0 0 0 0 0
260	1	1 1 1 1 0 0 0 0 0 1 0 0 0 0 1 0
260	52	1 1 1 1 0 0 0 0 1 1 0 1 0 0 0 0
260	1	1 1 1 1 0 0 0 0 0 1 0 0 0 0 0 0
260	7	0 0 1 1 0 0 0 0 0 0 0 0 0 0 0 0
260	8	1 1 1 0 1 0 0 0 1 1 0 0 0 0 0 0
260	9	0 1 1 1 0 0 0 0 0 0 1 0 0 1 0 0
260	33	1 1 1 1 1 0 0 1 1 1 0 0 0 0 0 0
260	6	0 0 1 1 0 1 0 0 0 0 0 0 0 0 0 0
260	7	1 1 1 0 1 0 0 1 1 0 0 1 0 0 0 0
260	5	1 1 1 1 0 0 0 0 0 1 1 0 0 0 0 0
260	9	1 1 1 0 0 0 0 0 1 1 0 0 0 0 0 0
260	53	1 1 1 0 1 0 0 0 1 1 0 1 0 0 0 0
260	48	1 1 1 1 0 0 1 0 0 1 0 1 0 0 0 0
260	10	1 0 1 1 1 0 0 1 1 1 0 0 0 0 0 0
260	70	1 1 1 1 0 0 1 0 0 1 0 0 0 0 1 0
260	8	1 0 1 1 0 0 0 0 1 1 1 0 0 0 0 0
260	18	1 1 1 1 1 0 0 0 1 1 0 1 0 1 0 0
260	12	0 1 1 1 0 0 0 1 1 0 1 1 0 0 0 0
260	2	1 1 1 0 0 0 0 1 0 0 0 1 0 0 0 0
260	5	1 1 1 1 1 0 0 0 1 1 0 1 0 0 0 0
260	14	1 1 1 0 1 0 0 1 1 0 1 1 0 0 0 0
260	1	1 1 1 0 0 0 1 0 1 1 0 0 0 0 0 0
260	6	1 1 1 1 0 0 0 0 0 1 0 1 0 1 0 0
260	29	1 1 1 1 1 0 0 0 1 1 0 0 0 0 1 0
260	5	0 0 1 1 0 0 1 0 0 0 0 0 0 0 0 0
260	6	1 1 1 1 0 0 0 1 1 0 0 0 0 0 0 0
260	17	1 1 0 1 0 0 1 1 1 1 0 0 0 0 0 0
260	6	1 1 1 1 0 0 0 0 0 1 0 1 0 0 1 0
260	3	1 1 1 1 1 0 0 0 1 1 1 0 0 0 0 0
260	5	0 1 0 1 0 0 0 0 1 0 0 1 0 0 1 0
260	4	0 1 1 1 1 0 0 1 1 1 0 1 0 0 0 0
260	12	0 1 1 1 1 0 0 0 1 1 0 0 0 0 0 0
260	31	1 1 1 1 0 1 0 0 0 0 0 0 0 0 0 0
260	1	0 1 0 1 0 0 1 0 1 1 0 1 0 1 0 0
260	4	1 1 1 1 0 0 0 0 0 0 1 1 0 0 0 0
260	9	1 1 1 1 0 0 1 0 0 0 0 0 0 0 0 0
260	2	0 1 1 1 0 0 0 1 1 0 0 0 0 0 1 0
260	3	0 1 1 1 0 0 0 0 1 1 0 0 0 0 1 0
260	23	1 1 1 1 0 1 0 0 1 1 0 1 0 0 0 0
260	24	1 0 1 1 1 0 1 1 1 1 0 0 0 0 0 0
260	6	1 0 0 1 1 0 0 1 1 1 0 0 0 0 0 0
260	10	1 0 1 1 1 0 0 1 1 1 0 1 0 0 0 0
260	8	1 1 1 1 1 0 1 0 0 1 0 0 0 0 1 0
260	2	1 1 1 0 0 0 0 0 1 1 0 0 0 1 0 0
260	14	1 1 1 1 0 0 0 0 0 0 0 1 0 1 0 0
260	4	1 1 1 1 0 0 0 1 1 0 0 0 0 0 1 0
260	2	1 1 1 0 1 0 0 0 0 1 0 1 0 1 0 0
260	7	1 1 1 1 0 0 0 1 1 0 0 0 0 1 0 0
260	3	1 1 1 1 0 0 0 0 1 0 0 0 0 0 0 0
260	2	1 1 1 0 0 0 0 0 1 1 0 1 0 0 0 0
260	2	1 1 1 1 0 0 1 0 0 1 0 0 0 1 1 0
260	4	0 0 1 1 0 1 0 1 0 0 0 0 0 0 0 0
260	1	1 1 1 1 1 1 0 0 1 1 0 0 0 0 0 1
260	1	0 1 1 0 1 0 0 1 1 0 0 1 0 0 0 1
260	7	0 1 1 1 1 0 0 0 0 0 0 1 0 0 0 0
260	8	1 1 1 1 0 0 0 0 0 0 0 1 0 0 1 0
260	10	1 1 1 0 0 0 0 0 0 1 0 0 0 0 0 0
260	2	0 0 1 1 0 0 0 0 0 0 0 0 1 0 0 0
260	1	1 1 1 1 0 1 1 0 0 0 0 0 0 0 0 0
260	3	1 1 1 0 1 0 0 0 0 0 0 1 0 0 1 0
260	2	0 1 1 1 1 1 0 1 1 1 0 1 0 0 0 0
260	6	1 1 1 0 1 0 0 0 1 1 0 0 0 0 1 0
260	2	1 0 1 1 0 0 0 0 1 1 0 1 0 1 0 0
260	6	0 1 1 1 0 0 0 0 0 0 0 1 0 1 0 0
260	3	1 1 1 1 0 0 0 0 1 0 0 1 0 0 0 0
260	1	1 1 1 1 0 1 0 1 0 1 1 0 0 0 0 0
260	2	1 0 1 1 0 0 1 0 0 0 0 0 0 0 0 0
260	2	1 1 1 1 0 0 1 0 1 1 0 1 0 1 0 0
260	5	1 1 1 1 0 1 0 0 1 1 0 0 0 0 1 0
260	1	0 1 1 1 0 0 0 0 1 0 0 1 0 0 0 0
260	4	1 1 1 1 0 0 0 1 1 1 0 1 0 0 0 0
260	1	1 1 1 0 1 0 0 1 1 1 0 1 0 0 0 0
260	3	1 1 1 1 0 0 1 0 0 1 0 1 0 0 0 1
260	4	1 1 1 1 1 0 0 0 1 0 1 0 0 0 0 0
260	2	1 1 1 1 1 0 0 1 1 0 1 1 0 0 0 0
260	2	1 1 1 1 1 0 0 0 0 0 0 1 0 0 0 0
260	1	1 1 1 1 0 0 0 0 1 1 0 0 0 0 0 1
260	3	1 1 1 0 1 0 0 1 1 0 0 1 1 0 0 0
260	2	1 0 1 1 1 0 0 1 1 1 0 0 1 0 0 0
260	3	1 1 1 1 1 0 0 0 1 1 1 1 0 1 0 0
260	3	1 1 1 0 1 0 0 1 1 0 1 1 0 1 0 0
260	1	1 1 0 1 0 0 1 1 1 1 0 1 0 0 0 0
260	3	0 1 1 1 0 0 0 0 1 0 0 1 0 0 1 0
260	1	0 1 1 1 1 0 0 1 1 0 0 1 0 0 0 0
260	2	0 1 1 1 0 0 0 0 0 0 1 1 0 1 0 0
260	5	1 1 1 1 0 1 0 0 1 1 0 1 0 0 1 0
260	2	0 0 1 1 1 0 0 1 1 1 0 1 0 0 0 0
260	1	0 0 1 1 0 0 0 0 1 1 0 0 0 0 0 0
260	1	1 1 1 1 0 0 0 1 0 0 0 1 0 0 0 0
260	1	1 1 0 1 0 0 0 0 0 1 0 1 0 0 0 0
260	2	1 0 1 0 1 0 0 0 1 1 0 1 0 0 0 0
260	1	1 1 1 1 1 0 0 0 1 1 0 0 0 1 0 0
260	2	1 1 0 0 0 0 1 1 1 1 0 0 0 0 0 0
260	3	1 1 1 1 0 1 0 0 0 0 0 1 0 0 0 0
280	36	0 1 1 1 0 0 0 0 0 0 0 1 0 0 0 0
280	64	1 1 1 1 0 0 0 0 0 0 0 1 0 0 0 0
280	8	1 1 1 0 1 0 0 0 1 0 0 1 0 0 0 0
280	22	1 1 1 1 0 0 0 0 0 1 0 1 0 0 0 0
280	11	1 1 1 1 0 0 0 0 1 1 0 0 0 0 0 0
280	11	1 1 1 1 1 0 0 0 1 1 0 0 0 0 0 0
280	26	1 1 1 1 0 0 0 0 1 1 0 1 0 0 0 0
280	25	1 1 1 1 1 0 0 1 1 1 0 0 0 0 0 0
280	18	1 1 1 1 0 0 0 0 0 1 1 0 0 0 0 0
280	72	1 1 1 0 1 0 0 0 1 1 0 1 0 0 0 0
280	26	1 1 1 1 0 0 1 0 0 1 0 1 0 0 0 0
280	20	0 1 1 1 0 0 0 1 1 0 1 1 0 0 0 0
280	13	1 1 1 0 1 0 0 1 1 0 1 1 0 0 0 0
280	6	1 1 1 0 0 0 1 0 1 1 0 0 0 0 0 0
280	9	1 1 1 1 1 0 0 0 1 1 0 0 0 0 1 0
280	8	1 1 1 1 0 0 0 1 1 0 0 0 0 0 0 0
280	7	1 1 0 1 0 0 1 1 1 1 0 0 0 0 0 0
280	5	1 1 1 1 1 0 0 0 1 1 1 0 0 0 0 0
280	6	0 1 1 1 1 0 0 0 1 1 0 0 0 0 0 0
280	76	1 1 1 1 0 1 0 0 0 0 0 0 0 0 0 0
280	45	1 1 1 1 0 0 1 0 0 0 0 0 0 0 0 0
280	11	1 1 1 1 0 1 0 0 1 1 0 1 0 0 0 0
280	10	1 0 1 1 1 0 1 1 1 1 0 0 0 0 0 0
280	3	1 0 0 1 1 0 0 1 1 1 0 0 0 0 0 0
280	36	1 1 1 1 0 0 0 0 0 0 0 1 0 1 0 0
280	4	1 1 1 1 0 0 0 1 1 0 0 0 0 1 0 0
280	7	1 1 1 0 0 0 0 0 1 1 0 1 0 0 0 0
280	12	0 1 1 1 1 0 0 0 0 0 0 1 0 0 0 0
280	3	1 1 1 1 0 0 0 0 0 0 0 1 0 0 1 0
280	8	1 1 1 0 0 0 0 0 0 1 0 0 0 0 0 0
280	13	0 1 1 1 1 1 0 1 1 1 0 1 0 0 0 0
280	10	1 1 1 0 1 0 0 0 1 1 0 0 0 0 1 0
280	31	0 1 1 1 0 0 0 0 0 0 0 1 0 1 0 0
280	14	1 1 1 1 0 0 0 0 1 0 0 1 0 0 0 0
280	3	1 1 1 1 0 0 0 1 1 1 0 1 0 0 0 0
280	1	1 1 1 1 0 0 1 0 0 1 0 1 0 0 0 1
280	23	1 0 1 1 1 0 0 1 1 1 0 0 1 0 0 0
280	6	0 1 1 1 0 0 0 0 1 0 0 1 0 0 1 0
280	17	1 1 1 1 0 1 0 0 1 1 0 1 0 0 1 0
280	2	1 1 1 1 0 1 0 0 0 0 0 1 0 0 0 0
280	15	1 1 1 0 0 0 0 1 1 0 0 0 0 0 0 0
280	8	1 1 1 1 0 0 0 0 0 0 0 0 0 0 0 0
280	6	0 1 1 1 1 0 0 0 1 1 0 0 0 0 1 0
280	2	1 1 1 0 1 0 0 0 0 1 0 1 0 0 0 0
280	21	0 1 1 1 0 0 0 0 0 0 0 0 0 0 0 0
280	10	1 1 1 1 0 0 0 0 1 1 0 0 0 0 1 0
280	4	1 0 0 1 1 0 1 1 1 1 0 0 0 0 0 0
280	5	1 1 1 0 0 0 0 0 1 0 0 1 0 0 0 0
280	2	1 1 1 1 0 0 1 0 0 0 0 0 0 0 1 0
280	2	1 1 1 0 1 0 0 1 1 1 0 0 0 0 0 0
280	5	1 0 1 1 1 1 0 1 1 1 0 1 0 0 0 0
280	4	1 1 1 1 1 0 0 1 1 0 0 0 0 1 0 0
280	5	1 0 0 1 0 0 0 0 0 0 0 1 0 0 0 0
280	5	1 1 1 1 0 0 0 0 1 1 0 1 0 1 0 0
280	1	1 1 0 1 0 1 0 0 0 0 0 0 0 0 0 0
280	27	1 1 1 1 1 0 0 0 0 0 0 1 0 0 0 0
280	10	0 1 0 1 0 0 1 1 1 1 0 0 0 0 0 0
280	4	1 1 1 0 0 1 0 0 0 0 0 0 0 0 0 0
280	2	0 1 0 1 1 0 0 1 1 0 0 1 0 0 0 0
280	1	1 1 1 1 0 0 0 1 1 0 1 1 0 0 0 0
280	6	1 1 1 1 1 0 0 1 1 1 0 1 0 0 0 0
280	5	0 1 1 1 0 1 0 0 0 0 0 0 0 0 0 0
280	7	1 0 1 1 0 0 0 0 0 0 0 1 0 1 0 0
280	5	1 1 1 1 1 0 0 0 1 1 0 0 1 0 0 0
280	4	0 1 1 1 0 1 0 0 0 1 0 1 0 0 0 0
280	3	0 1 1 1 0 0 1 0 0 0 0 1 0 0 0 0
280	3	1 1 1 0 1 1 0 0 1 1 0 1 0 0 0 0
280	9	1 0 0 1 0 0 1 1 1 1 0 0 0 0 0 0
280	2	1 1 1 1 1 0 0 1 1 0 0 1 0 0 1 0
280	9	1 1 1 0 0 1 0 1 1 1 0 0 0 0 0 0
280	7	1 1 0 1 0 0 1 1 1 0 0 0 0 0 0 0
280	7	0 1 1 1 0 0 0 0 0 0 0 1 0 1 1 0
280	4	1 0 1 1 0 0 1 1 0 0 0 0 0 0 0 0
280	5	0 1 1 1 0 0 0 1 1 0 0 1 0 0 0 0
280	4	1 1 1 1 0 0 1 0 1 1 0 0 0 0 0 0
280	1	1 1 1 0 0 0 0 0 1 1 0 0 0 0 0 0
280	3	1 1 1 1 0 0 0 0 0 0 0 0 0 1 0 0
280	2	1 0 1 1 0 1 0 1 1 1 0 1 0 0 0 0
280	2	0 1 1 1 1 0 0 0 0 0 0 0 0 0 0 0
280	3	1 1 1 0 0 0 1 0 0 0 0 0 0 0 0 0
280	2	1 0 1 1 1 1 0 1 1 1 0 1 0 1 0 0
280	2	1 1 1 1 1 0 0 1 0 0 0 0 0 1 0 0
280	3	1 1 1 1 0 0 0 0 0 1 0 1 1 1 0 0
280	4	0 1 1 1 0 0 0 1 1 0 0 0 0 0 0 0
280	5	1 1 0 1 0 0 0 0 0 0 0 1 0 1 0 0
280	1	1 1 1 1 0 0 0 1 0 1 0 1 0 0 0 0
280	2	1 1 1 0 0 1 0 1 0 1 0 0 0 0 0 0
280	1	1 1 1 0 0 1 0 1 1 1 1 0 0 0 0 0
280	3	0 1 1 1 0 0 0 0 0 0 0 1 0 0 1 0
280	2	1 1 1 1 0 1 0 0 0 0 0 0 0 0 0 1
280	2	1 1 1 0 1 0 0 0 0 1 0 0 0 0 0 0
280	1	0 1 1 1 0 0 0 0 0 0 1 0 0 0 0 0
280	1	1 1 0 1 0 0 0 0 1 1 0 1 0 0 0 0
280	1	1 1 1 1 0 0 1 0 0 0 0 1 0 0 0 0
280	1	1 1 1 0 0 0 0 0 1 1 0 0 0 0 1 0
280	1	0 1 1 1 0 0 0 0 1 1 0 0 0 0 0 0
280	2	1 1 1 1 0 0 0 0 1 0 0 1 0 0 1 0
280	1	1 0 1 1 0 0 0 0 0 0 0 1 0 0 0 0
280	1	1 1 1 0 1 0 0 0 1 1 0 1 0 1 0 0
280	1	1 1 1 1 0 0 1 0 0 0 1 0 0 0 0 0
280	4	1 1 1 0 0 0 0 0 0 1 0 0 0 1 0 0
280	1	0 1 0 1 0 0 0 0 0 0 0 1 0 1 0 0
300	59	0 1 1 1 0 0 0 0 0 0 0 1 0 0 0 0
300	74	1 1 1 1 0 0 0 0 0 0 0 1 0 0 0 0
300	17	1 1 1 1 0 0 0 0 0 1 0 1 0 0 0 0
300	16	1 1 1 1 0 0 0 0 1 1 0 0 0 0 0 0
300	22	1 1 1 1 1 0 0 0 1 1 0 0 0 0 0 0
300	56	1 1 1 1 0 0 0 0 1 1 0 1 0 0 0 0
300	2	1 1 1 1 0 0 0 0 0 1 1 0 0 0 0 0
300	39	1 1 1 0 1 0 0 0 1 1 0 1 0 0 0 0
300	7	1 1 1 1 0 0 1 0 0 1 0 1 0 0 0 0
300	25	0 1 1 1 0 0 0 1 1 0 1 1 0 0 0 0
300	11	1 1 1 1 1 0 0 0 1 1 0 0 0 0 1 0
300	12	1 1 1 1 0 0 0 1 1 0 0 0 0 0 0 0
300	24	1 1 1 1 0 1 0 0 0 0 0 0 0 0 0 0
300	64	1 1 1 1 0 0 1 0 0 0 0 0 0 0 0 0
300	1	1 1 1 1 0 1 0 0 1 1 0 1 0 0 0 0
300	33	1 0 1 1 1 0 1 1 1 1 0 0 0 0 0 0
300	41	1 1 1 1 0 0 0 0 0 0 0 1 0 1 0 0
300	19	1 1 1 1 0 0 0 1 1 0 0 0 0 1 0 0
300	4	1 1 1 0 0 0 0 0 1 1 0 1 0 0 0 0
300	31	0 1 1 1 1 0 0 0 0 0 0 1 0 0 0 0
300	3	1 1 1 0 0 0 0 0 0 1 0 0 0 0 0 0
300	19	0 1 1 1 1 1 0 1 1 1 0 1 0 0 0 0
300	7	0 1 1 1 0 0 0 0 0 0 0 1 0 1 0 0
300	1	1 1 1 1 0 0 0 1 1 1 0 1 0 0 0 0
300	12	1 1 1 1 0 1 0 0 1 1 0 1 0 0 1 0
300	11	1 1 1 0 0 0 0 1 1 0 0 0 0 0 0 0
300	44	1 1 1 1 0 0 0 0 0 0 0 0 0 0 0 0
300	3	0 1 1 1 0 0 0 0 0 0 0 0 0 0 0 0
300	1	1 0 0 1 1 0 1 1 1 1 0 0 0 0 0 0
300	4	1 1 1 0 0 0 0 0 1 0 0 1 0 0 0 0
300	1	1 1 1 1 0 0 0 0 1 1 0 1 0 1 0 0
300	42	1 1 1 1 1 0 0 0 0 0 0 1 0 0 0 0
300	2	1 1 1 0 0 1 0 0 0 0 0 0 0 0 0 0
300	2	1 1 1 1 1 0 0 1 1 1 0 1 0 0 0 0
300	20	1 1 1 0 1 1 0 0 1 1 0 1 0 0 0 0
300	3	1 0 0 1 0 0 1 1 1 1 0 0 0 0 0 0
300	5	0 1 1 1 0 0 0 0 0 0 0 1 0 1 1 0
300	6	0 1 1 1 0 0 0 1 1 0 0 1 0 0 0 0
300	1	1 1 1 1 0 0 1 0 1 1 0 0 0 0 0 0
300	15	1 1 1 0 0 0 0 0 1 1 0 0 0 0 0 0
300	1	1 1 1 1 0 0 0 0 0 0 0 0 0 1 0 0
300	6	1 1 0 1 0 0 0 0 0 0 0 1 0 1 0 0
300	16	1 1 1 1 0 0 1 0 0 0 0 1 0 0 0 0
300	1	0 1 1 1 0 0 0 0 1 1 0 0 0 0 0 0
300	15	1 1 1 0 0 0 0 0 0 0 0 1 0 0 0 0
300	12	1 1 1 1 1 0 0 1 1 1 1 0 0 0 0 0
300	9	1 1 1 1 1 1 0 0 1 1 0 1 0 0 1 0
300	1	1 1 1 0 1 0 0 0 1 1 0 0 0 0 0 0
300	14	1 1 1 0 1 0 1 0 1 1 0 1 0 0 0 0
300	1	1 1 1 1 0 0 0 0 0 0 0 1 0 1 0 1
300	15	1 1 1 1 0 0 1 0 0 0 0 1 0 0 1 0
300	4	1 1 1 1 0 1 1 0 0 1 0 1 0 0 0 0
300	7	0 1 1 1 1 0 0 1 1 0 1 1 0 0 0 0
300	3	1 1 1 0 0 0 1 0 0 1 0 1 0 0 0 0
300	4	1 0 1 1 0 0 0 0 1 1 0 1 0 0 0 0
300	12	1 0 1 0 0 0 0 1 1 0 0 0 0 0 0 0
300	2	1 1 1 0 1 0 1 0 1 1 0 1 1 0 0 0
300	2	1 1 1 0 0 0 0 0 0 1 0 0 1 0 0 0
300	6	0 1 1 1 0 0 0 1 0 0 1 1 0 0 0 0
300	2	1 1 1 0 1 0 0 1 1 1 0 0 0 0 1 0
300	2	1 1 1 1 0 0 0 0 0 1 1 1 0 0 0 0
300	7	0 1 1 0 1 0 0 0 1 1 0 1 0 0 0 0
300	2	1 1 1 1 1 0 0 0 1 1 0 0 1 0 0 0
300	2	0 1 1 0 0 0 0 1 1 0 0 1 0 0 0 0
300	4	1 1 1 1 1 0 0 0 1 0 0 1 0 0 0 0
300	8	1 1 1 1 1 0 1 0 0 0 0 0 0 0 0 0
300	2	1 1 1 0 0 1 1 1 1 1 0 0 0 0 0 0
300	6	0 1 1 1 0 0 0 1 1 1 0 0 0 0 0 0
300	2	1 1 1 1 1 0 1 0 0 1 0 1 0 0 0 0
300	3	1 0 1 1 0 1 0 0 0 0 0 0 0 0 0 0
300	11	1 1 1 1 0 0 1 0 1 0 0 0 0 0 0 0
300	1	1 1 1 0 0 0 0 0 0 0 0 0 0 0 0 0
300	3	1 1 1 1 1 0 0 1 1 1 1 1 0 0 0 0
300	3	1 1 1 1 0 0 0 0 0 0 0 1 0 1 1 0
300	1	1 1 1 1 0 1 1 0 1 1 0 1 0 0 0 0
300	1	1 1 1 0 1 0 0 0 1 1 0 1 1 0 0 0
300	11	0 1 1 1 1 0 0 0 0 1 0 1 0 0 0 0
300	3	1 1 1 0 1 1 0 0 1 0 0 1 0 0 0 0
300	1	1 1 1 0 1 1 0 0 1 1 0 1 0 0 0 1
300	1	1 0 1 0 0 0 0 0 1 1 0 0 0 0 0 0
300	1	0 1 1 1 0 0 0 0 0 0 0 0 0 1 0 0
300	3	1 0 1 0 1 0 0 0 1 1 0 1 0 0 0 0
300	4	1 0 1 0 0 0 0 0 1 1 0 1 0 0 0 0
300	2	1 1 1 1 0 0 0 1 1 0 1 1 0 0 0 0
300	2	1 1 1 0 1 0 0 0 0 1 0 1 0 0 0 0
300	1	1 1 1 1 0 1 0 1 0 0 0 0 0 0 0 0
300	8	1 1 1 1 0 1 0 0 0 0 0 1 0 1 0 0
300	1	0 1 1 1 0 0 1 0 0 0 0 0 0 0 0 0
300	1	1 0 1 1 1 0 1 1 1 1 0 0 0 0 1 0
300	2	1 1 1 1 0 0 0 0 0 0 0 1 0 0 0 1
300	4	1 1 1 1 0 0 1 1 0 0 0 0 0 0 0 0
300	1	1 0 1 1 1 0 1 1 1 0 0 0 0 0 0 0
300	3	0 1 1 0 0 0 1 0 0 1 0 1 0 0 0 0
300	1	0 1 1 1 1 0 0 0 0 1 0 0 0 0 0 0
320	23	0 1 1 1 0 0 0 0 0 0 0 1 0 0 0 0
320	31	1 1 1 1 0 0 0 0 0 0 0 1 0 0 0 0
320	13	1 1 1 1 0 0 0 0 0 1 0 1 0 0 0 0
320	3	1 1 1 1 0 0 0 0 1 1 0 0 0 0 0 0
320	4	1 1 1 1 1 0 0 0 1 1 0 0 0 0 0 0
320	64	1 1 1 1 0 0 0 0 1 1 0 1 0 0 0 0
320	9	1 1 1 0 1 0 0 0 1 1 0 1 0 0 0 0
320	8	0 1 1 1 0 0 0 1 1 0 1 1 0 0 0 0
320	8	1 1 1 1 0 0 0 1 1 0 0 0 0 0 0 0
320	16	1 1 1 1 0 1 0 0 0 0 0 0 0 0 0 0
320	34	1 1 1 1 0 0 1 0 0 0 0 0 0 0 0 0
320	18	1 0 1 1 1 0 1 1 1 1 0 0 0 0 0 0
320	49	1 1 1 1 0 0 0 0 0 0 0 1 0 1 0 0
320	42	0 1 1 1 1 0 0 0 0 0 0 1 0 0 0 0
320	1	1 1 1 0 0 0 0 0 0 1 0 0 0 0 0 0
320	11	0 1 1 1 1 1 0 1 1 1 0 1 0 0 0 0
320	19	1 1 1 1 0 1 0 0 1 1 0 1 0 0 1 0
320	14	1 1 1 0 0 0 0 1 1 0 0 0 0 0 0 0
320	10	1 1 1 1 0 0 0 0 0 0 0 0 0 0 0 0
320	3	0 1 1 1 0 0 0 0 0 0 0 0 0 0 0 0
320	43	1 1 1 1 1 0 0 0 0 0 0 1 0 0 0 0
320	5	1 1 1 0 1 1 0 0 1 1 0 1 0 0 0 0
320	29	1 1 1 0 0 0 0 0 1 1 0 0 0 0 0 0
320	29	1 1 1 1 0 0 1 0 0 0 0 1 0 0 0 0
320	11	1 1 1 0 0 0 0 0 0 0 0 1 0 0 0 0
320	3	1 1 1 1 1 0 0 1 1 1 1 0 0 0 0 0
320	17	1 1 1 1 1 1 0 0 1 1 0 1 0 0 1 0
320	2	1 0 1 1 0 0 0 0 1 1 0 1 0 0 0 0
320	5	1 1 1 0 0 0 0 0 0 1 0 0 1 0 0 0
320	31	1 1 1 1 0 0 0 0 0 1 1 1 0 0 0 0
320	4	0 1 1 0 1 0 0 0 1 1 0 1 0 0 0 0
320	1	1 1 1 1 1 0 1 0 0 0 0 0 0 0 0 0
320	7	1 1 1 0 0 1 1 1 1 1 0 0 0 0 0 0
320	9	0 1 1 1 0 0 0 1 1 1 0 0 0 0 0 0
320	12	1 1 1 1 0 0 1 0 1 0 0 0 0 0 0 0
320	11	1 1 1 1 0 1 1 0 1 1 0 1 0 0 0 0
320	58	0 1 1 1 1 0 0 0 0 1 0 1 0 0 0 0
320	7	1 0 1 0 0 0 0 0 1 1 0 1 0 0 0 0
320	31	1 1 1 1 0 0 0 1 1 0 1 1 0 0 0 0
320	16	0 1 1 1 0 0 1 0 0 0 0 0 0 0 0 0
320	25	1 1 1 1 0 0 0 1 0 0 0 0 0 0 0 0
320	11	1 1 1 0 0 0 1 0 0 0 0 1 0 0 0 0
320	13	1 1 1 1 0 0 1 0 0 1 0 0 0 0 0 0
320	13	1 1 1 1 1 0 0 0 0 0 0 1 0 1 0 0
320	8	1 1 1 1 0 0 0 1 1 1 0 0 0 0 0 0
320	2	0 1 0 1 1 0 0 0 0 1 0 1 0 0 0 0
320	4	1 1 1 1 0 0 0 1 1 1 0 1 0 0 0 0
320	14	1 1 1 1 1 0 0 0 0 1 0 1 0 0 0 0
320	22	0 1 1 1 1 0 0 0 1 1 0 0 0 0 0 0
320	8	1 1 1 0 0 1 0 1 1 1 0 1 0 0 1 0
320	1	1 0 1 1 0 0 0 0 1 1 0 1 0 0 1 0
320	1	0 1 1 1 1 0 0 0 1 1 0 0 0 0 1 0
320	13	1 1 1 1 0 1 0 0 0 0 0 1 0 0 0 0
320	3	1 0 1 1 0 0 1 0 0 0 0 0 0 0 0 0
320	2	1 1 1 1 0 1 0 1 1 1 0 1 0 0 1 0
320	5	1 1 1 0 0 0 0 0 0 0 1 1 0 0 0 0
320	13	0 1 1 1 0 0 1 1 0 0 1 1 0 0 0 0
320	3	1 1 1 1 1 0 0 0 1 0 0 1 0 0 0 0
320	1	1 1 1 1 0 0 0 0 1 0 1 1 0 0 0 0
320	1	1 1 1 0 0 0 0 0 1 0 0 0 0 0 0 0
320	3	1 1 1 1 1 0 0 0 0 1 0 0 0 0 0 0
320	6	1 1 1 1 0 1 0 0 1 1 0 1 0 0 0 0
320	2	1 1 1 1 0 0 0 0 1 1 0 1 0 0 1 0
320	2	0 1 1 0 0 0 0 0 0 1 0 0 0 0 0 0
320	6	1 1 0 0 1 0 1 0 1 1 0 1 0 0 0 0
320	6	1 0 1 1 1 0 0 0 1 1 0 0 0 0 0 0
320	6	1 1 1 1 0 0 1 0 0 0 0 1 1 0 0 0
320	4	1 1 1 0 0 0 0 1 0 0 0 0 0 0 0 0
320	2	1 0 1 1 1 0 0 0 0 1 0 1 0 0 0 0
320	3	1 1 1 1 1 0 0 0 1 1 0 0 0 1 0 0
320	2	1 1 1 1 1 1 0 1 1 1 0 1 0 0 1 0
320	3	1 1 1 1 0 0 0 0 0 1 1 1 0 0 1 0
320	12	0 1 1 1 1 0 0 0 0 1 0 1 1 0 0 0
320	1	1 1 1 0 0 0 0 0 1 1 0 1 0 0 0 0
320	3	1 1 1 0 1 0 0 0 0 0 0 1 0 0 0 0
320	2	0 1 1 1 0 0 0 1 0 0 0 0 0 0 0 0
320	1	1 1 0 0 1 0 1 0 1 0 0 0 0 0 0 0
320	2	1 1 1 1 0 0 0 0 0 0 1 1 0 0 0 0
320	2	1 1 1 1 1 0 0 0 1 1 1 0 0 0 0 0
320	2	1 1 1 1 0 0 1 0 0 0 0 1 0 1 0 0
320	5	0 1 1 1 1 0 0 1 0 0 0 1 0 0 0 0
320	7	1 1 1 1 1 0 0 1 0 0 0 0 0 0 0 0
320	3	0 1 1 1 1 0 0 0 1 1 0 0 1 0 0 0
320	2	1 1 1 1 0 0 0 0 0 1 0 0 1 0 0 0
320	4	0 1 1 0 0 0 0 0 0 0 0 1 0 0 0 0
320	5	0 1 1 1 1 0 0 0 1 0 0 1 0 0 0 0
320	3	1 1 1 0 0 0 0 1 1 1 0 0 0 0 0 0
320	2	0 1 1 1 0 0 0 0 0 0 0 0 1 0 0 0
320	1	1 1 1 0 0 0 0 0 1 1 0 0 0 1 0 0
320	2	1 1 0 1 0 1 0 0 1 1 0 1 0 0 1 0
320	3	1 1 1 0 0 0 0 1 1 0 1 0 0 0 0 0
320	2	1 1 1 1 1 0 0 0 0 0 0 1 1 0 0 0
320	1	1 1 1 1 0 0 1 0 0 0 1 1 0 0 0 0
320	5	1 1 0 1 1 0 0 1 1 1 1 0 0 0 0 0
320	1	1 1 1 0 0 1 1 1 1 0 0 0 0 0 0 0
320	1	0 1 1 1 0 0 0 0 0 1 0 1 0 0 0 0
320	4	1 1 1 1 0 1 0 0 1 1 0 0 0 0 0 0
320	3	1 1 1 1 0 1 0 0 1 0 0 1 0 0 0 0
320	2	1 1 1 1 0 0 0 0 0 0 0 1 1 0 0 0
340	14	0 1 1 1 0 0 0 0 0 0 0 1 0 0 0 0
340	27	1 1 1 1 0 0 0 0 0 0 0 1 0 0 0 0
340	49	1 1 1 1 0 0 0 0 0 1 0 1 0 0 0 0
340	82	1 1 1 1 0 0 0 0 1 1 0 1 0 0 0 0
340	8	1 1 1 1 0 1 0 0 0 0 0 0 0 0 0 0
340	51	1 1 1 1 0 0 1 0 0 0 0 0 0 0 0 0
340	7	1 0 1 1 1 0 1 1 1 1 0 0 0 0 0 0
340	44	1 1 1 1 0 0 0 0 0 0 0 1 0 1 0 0
340	23	0 1 1 1 1 0 0 0 0 0 0 1 0 0 0 0
340	36	0 1 1 1 1 1 0 1 1 1 0 1 0 0 0 0
340	20	1 1 1 1 0 0 0 0 0 0 0 0 0 0 0 0
340	15	0 1 1 1 0 0 0 0 0 0 0 0 0 0 0 0
340	30	1 1 1 1 1 0 0 0 0 0 0 1 0 0 0 0
340	12	1 1 1 0 1 1 0 0 1 1 0 1 0 0 0 0
340	18	1 1 1 0 0 0 0 0 1 1 0 0 0 0 0 0
340	6	1 1 1 1 1 1 0 0 1 1 0 1 0 0 1 0
340	51	1 1 1 1 0 0 0 0 0 1 1 1 0 0 0 0
340	8	1 1 1 0 0 1 1 1 1 1 0 0 0 0 0 0
340	21	1 1 1 1 0 1 1 0 1 1 0 1 0 0 0 0
340	28	0 1 1 1 1 0 0 0 0 1 0 1 0 0 0 0
340	10	1 1 1 1 0 0 0 1 1 0 1 1 0 0 0 0
340	15	0 1 1 1 0 0 1 0 0 0 0 0 0 0 0 0
340	6	1 1 1 1 0 0 0 1 0 0 0 0 0 0 0 0
340	24	1 1 1 1 0 0 1 0 0 1 0 0 0 0 0 0
340	2	1 1 1 1 1 0 0 0 0 0 0 1 0 1 0 0
340	14	1 1 1 1 1 0 0 0 0 1 0 1 0 0 0 0
340	5	0 1 1 1 1 0 0 0 1 1 0 0 0 0 0 0
340	1	1 0 1 1 0 0 0 0 1 1 0 1 0 0 1 0
340	1	1 1 1 1 0 1 0 0 0 0 0 1 0 0 0 0
340	43	1 1 1 1 0 1 0 1 1 1 0 1 0 0 1 0
340	2	1 1 1 0 0 0 0 0 0 0 1 1 0 0 0 0
340	40	0 1 1 1 0 0 1 1 0 0 1 1 0 0 0 0
340	14	1 1 1 1 0 1 0 0 1 1 0 1 0 0 0 0
340	7	1 1 1 1 0 0 0 0 0 1 1 1 0 0 1 0
340	11	1 1 1 1 1 0 0 1 0 0 0 0 0 0 0 0
340	6	1 1 1 1 1 0 1 0 0 0 0 1 0 0 0 0
340	17	1 1 1 1 0 0 0 0 0 0 0 0 0 1 0 0
340	4	0 1 0 1 0 0 1 1 0 0 1 1 0 0 0 0
340	4	0 1 1 0 1 0 0 0 0 1 0 1 0 0 0 0
340	6	1 1 1 1 0 0 0 1 0 0 1 0 0 0 0 0
340	19	0 1 1 1 1 0 1 1 0 0 1 1 0 0 0 0
340	1	1 1 1 1 0 0 1 1 0 0 0 0 0 0 0 0
340	14	0 1 1 1 0 0 0 0 0 1 0 1 0 0 0 0
340	1	1 1 1 1 1 0 0 0 1 1 0 0 1 0 0 0
340	3	1 1 1 1 1 0 0 0 1 1 0 0 0 0 1 0
340	12	1 1 1 1 0 1 0 1 1 1 0 1 0 0 0 0
340	28	1 1 1 1 0 1 1 1 1 1 0 1 0 0 0 0
340	6	1 1 1 1 0 0 1 0 0 1 1 0 0 0 0 0
340	1	1 1 1 1 1 1 0 1 1 1 0 1 0 0 1 0
340	1	0 1 1 1 1 0 0 0 1 1 0 0 0 0 1 0
340	9	1 1 0 1 0 0 1 0 0 0 0 0 0 0 0 0
340	6	0 1 1 1 1 0 0 0 0 1 0 1 0 1 0 0
340	11	1 1 1 1 0 0 0 1 0 0 1 1 0 0 0 0
340	5	1 1 1 0 0 0 0 0 1 1 0 1 0 0 0 0
340	4	1 1 1 1 0 0 0 0 0 0 0 1 1 0 0 0
340	2	1 1 0 1 0 1 0 0 1 1 0 1 0 0 0 0
340	4	1 1 1 1 0 0 0 1 1 1 0 1 0 0 0 0
340	1	1 0 1 1 0 0 0 0 0 1 1 1 0 0 0 0
340	1	1 1 1 1 1 0 0 1 0 0 0 0 0 0 0 1
340	1	1 1 0 1 0 1 1 0 0 0 0 0 0 0 0 0
340	7	1 1 1 1 0 1 1 1 0 0 1 0 0 0 0 0
340	8	0 1 1 1 0 0 1 0 0 0 0 1 0 0 0 0
340	2	1 0 1 1 0 0 0 0 0 1 0 1 0 0 0 0
340	1	1 1 1 0 0 1 0 1 1 1 0 1 0 0 1 0
340	2	1 1 0 1 0 0 0 1 0 0 1 1 0 0 0 0
340	11	0 1 1 1 1 0 0 0 0 0 0 1 0 1 0 0
340	1	1 1 1 1 0 0 0 1 1 1 0 1 0 0 1 0
340	1	0 1 1 1 0 0 1 0 1 1 0 1 0 0 0 0
340	1	0 1 1 1 1 1 0 1 0 1 0 1 0 0 0 0
340	6	0 1 1 1 1 1 0 1 1 1 0 0 0 0 0 0
340	5	0 1 0 1 1 0 0 0 1 1 0 0 0 0 1 0
340	2	1 1 1 1 0 0 0 0 0 0 0 1 0 0 0 1
340	2	1 1 1 1 1 1 0 0 1 1 0 1 0 0 0 0
340	1	1 1 1 1 0 1 0 0 1 1 0 1 0 0 1 0
340	1	1 1 1 1 0 0 1 1 0 0 1 1 0 0 0 0
340	2	1 1 1 1 1 0 1 1 0 0 1 1 0 0 1 0
340	1	0 1 1 1 0 0 0 0 1 1 0 1 0 0 0 0
340	2	0 1 1 1 0 0 0 0 1 0 0 1 0 0 0 0
340	4	1 1 1 1 0 0 1 0 1 0 0 0 0 0 0 0
340	1	1 1 0 1 0 0 0 0 0 0 0 1 0 1 0 0
340	1	1 1 1 1 0 0 0 0 0 0 1 1 0 0 0 0
340	1	1 1 1 1 0 0 1 0 0 1 0 1 0 0 1 0
340	1	1 1 1 1 0 0 0 0 1 1 0 1 0 1 0 0
340	3	1 1 1 1 0 0 0 0 1 1 0 1 0 0 0 1
340	1	1 1 1 1 0 0 1 0 0 0 0 0 1 0 0 0
340	2	1 1 1 1 0 1 1 0 0 0 0 0 0 0 0 0
340	2	0 1 1 1 1 0 1 0 0 0 0 1 0 0 0 0
340	2	1 1 1 1 1 0 0 0 0 0 0 1 0 0 0 1
340	1	1 1 1 0 0 1 1 1 1 1 0 0 0 0 0 1
340	1	1 1 1 1 0 0 1 0 0 1 0 1 0 0 0 0
340	4	1 1 1 1 0 0 1 0 0 1 0 0 0 1 0 0
340	1	0 1 1 0 0 0 1 1 0 0 1 1 0 0 0 0
340	2	0 1 1 1 0 0 1 1 0 0 1 1 0 0 0 1
340	2	0 1 1 1 0 0 0 0 0 0 0 1 0 1 1 0
340	1	1 1 1 1 0 0 1 1 1 1 0 1 0 0 0 0
340	2	1 1 1 1 0 0 0 0 0 1 0 1 1 0 0 0
360	4	0 1 1 1 0 0 0 0 0 0 0 1 0 0 0 0
360	4	1 1 1 1 0 0 0 0 0 0 0 1 0 0 0 0
360	69	1 1 1 1 0 0 0 0 0 1 0 1 0 0 0 0
360	64	1 1 1 1 0 0 0 0 1 1 0 1 0 0 0 0
360	45	1 1 1 1 0 0 1 0 0 0 0 0 0 0 0 0
360	1	1 0 1 1 1 0 1 1 1 1 0 0 0 0 0 0
360	19	1 1 1 1 0 0 0 0 0 0 0 1 0 1 0 0
360	4	0 1 1 1 1 0 0 0 0 0 0 1 0 0 0 0
360	44	0 1 1 1 1 1 0 1 1 1 0 1 0 0 0 0
360	25	1 1 1 1 0 0 0 0 0 0 0 0 0 0 0 0
360	13	1 1 1 1 1 0 0 0 0 0 0 1 0 0 0 0
360	16	1 1 1 0 1 1 0 0 1 1 0 1 0 0 0 0
360	39	1 1 1 0 0 0 0 0 1 1 0 0 0 0 0 0
360	52	1 1 1 1 0 0 0 0 0 1 1 1 0 0 0 0
360	2	1 1 1 0 0 1 1 1 1 1 0 0 0 0 0 0
360	21	1 1 1 1 0 1 1 0 1 1 0 1 0 0 0 0
360	4	0 1 1 1 1 0 0 0 0 1 0 1 0 0 0 0
360	2	0 1 1 1 0 0 1 0 0 0 0 0 0 0 0 0
360	17	1 1 1 1 0 0 1 0 0 1 0 0 0 0 0 0
360	22	1 1 1 1 1 0 0 0 0 1 0 1 0 0 0 0
360	1	1 1 1 1 0 1 0 1 1 1 0 1 0 0 1 0
360	24	0 1 1 1 0 0 1 1 0 0 1 1 0 0 0 0
360	13	1 1 1 1 0 1 0 0 1 1 0 1 0 0 0 0
360	6	1 1 1 1 0 0 0 0 0 1 1 1 0 0 1 0
360	22	1 1 1 1 1 0 0 1 0 0 0 0 0 0 0 0
360	17	1 1 1 1 1 0 1 0 0 0 0 1 0 0 0 0
360	5	0 1 1 0 1 0 0 0 0 1 0 1 0 0 0 0
360	10	0 1 1 1 1 0 1 1 0 0 1 1 0 0 0 0
360	16	1 1 1 1 0 0 1 1 0 0 0 0 0 0 0 0
360	6	0 1 1 1 0 0 0 0 0 1 0 1 0 0 0 0
360	1	1 1 1 1 1 0 0 0 1 1 0 0 0 0 1 0
360	61	1 1 1 1 0 1 1 1 1 1 0 1 0 0 0 0
360	22	1 1 1 1 0 0 1 0 0 1 1 0 0 0 0 0
360	14	1 1 1 1 0 0 0 1 0 0 1 1 0 0 0 0
360	3	1 1 1 1 0 0 0 1 1 1 0 1 0 0 0 0
360	18	0 1 1 1 0 0 1 0 0 0 0 1 0 0 0 0
360	24	1 0 1 1 0 0 0 0 0 1 0 1 0 0 0 0
360	2	0 1 1 1 0 0 0 0 1 0 0 1 0 0 0 0
360	12	1 1 1 1 0 0 1 0 0 1 0 1 0 0 0 0
360	7	1 1 1 1 0 0 0 0 1 0 0 0 0 0 0 0
360	3	1 1 1 1 0 0 0 0 1 1 0 1 1 0 0 0
360	10	1 1 1 0 0 0 1 0 0 0 0 0 0 0 0 0
360	12	1 1 1 1 1 0 0 0 0 0 0 1 0 1 0 0
360	1	0 1 1 1 0 1 1 1 0 0 1 0 0 0 0 0
360	13	1 1 1 1 0 0 0 0 0 1 1 1 1 0 0 0
360	16	1 1 0 1 0 0 0 0 1 1 0 1 0 0 0 0
360	11	1 1 1 1 0 0 1 0 0 1 0 0 0 0 1 0
360	15	1 1 1 1 0 0 1 0 0 1 0 1 0 0 1 0
360	11	1 1 1 1 0 1 0 0 0 1 1 1 0 0 0 0
360	10	1 1 1 1 0 1 0 0 0 1 0 1 0 0 0 0
360	2	1 1 1 1 1 0 0 0 0 0 0 0 0 0 0 0
360	9	0 1 1 1 0 0 0 0 0 1 1 1 0 0 0 0
360	2	1 1 0 1 1 0 1 0 0 0 0 1 0 0 0 0
360	2	1 1 1 1 0 0 0 0 1 1 0 1 0 1 0 1
360	6	1 1 1 0 1 0 0 0 0 0 0 1 0 1 0 0
360	8	0 1 1 1 1 0 0 1 1 0 1 1 0 0 0 0
360	1	1 1 1 1 0 1 0 0 1 1 0 1 0 1 0 0
360	10	1 0 1 1 0 0 0 1 1 1 0 1 0 0 0 0
360	2	0 1 1 1 1 0 0 1 0 0 0 1 0 0 0 0
360	6	1 1 1 1 0 0 0 0 0 1 1 0 0 0 0 0
360	8	1 1 1 1 1 0 0 0 0 0 1 1 0 0 0 0
360	5	1 1 1 1 0 0 0 0 1 0 0 1 0 0 0 1
360	6	0 1 1 1 1 1 0 0 0 0 0 1 0 1 0 0
360	3	1 1 1 1 1 0 0 0 1 1 0 1 0 0 0 0
360	5	1 1 1 1 1 1 0 1 1 1 0 1 0 0 0 0
360	2	1 1 1 1 0 1 1 0 0 0 0 0 0 0 0 0
360	6	1 1 1 0 0 0 1 0 1 1 0 0 0 0 0 0
360	2	0 0 1 1 1 1 0 1 1 1 0 1 0 0 0 0
360	3	1 1 1 0 0 1 1 1 1 0 0 0 0 0 0 0
360	2	1 0 1 1 0 0 0 0 0 1 0 1 1 0 0 0
360	1	1 1 1 1 0 0 1 0 0 0 0 1 0 0 1 0
360	2	1 1 1 1 0 0 0 0 0 0 0 0 0 1 0 0
360	8	1 1 1 1 0 0 0 1 0 1 1 1 0 0 0 0
360	3	1 1 1 1 1 0 1 0 0 1 1 0 0 0 0 0
360	2	1 1 0 1 0 1 0 0 1 1 1 1 0 0 0 0
360	3	1 1 1 1 0 0 0 0 1 1 0 1 0 1 0 0
360	4	1 1 1 1 0 0 1 0 0 0 0 0 0 0 0 1
360	1	1 1 1 1 0 0 0 0 1 1 1 1 0 0 0 0
360	2	0 0 1 1 0 0 1 0 0 0 0 0 0 0 0 0
360	3	1 1 1 1 0 0 1 0 0 0 1 1 0 0 0 0
360	5	1 1 1 1 0 0 0 0 0 1 0 0 0 0 0 0
360	1	1 1 1 1 0 0 0 0 1 1 0 0 0 0 0 0
360	5	0 1 1 1 1 0 0 1 1 1 0 1 0 0 0 0
360	2	1 1 1 1 0 0 0 0 0 1 0 1 0 0 0 1
360	1	1 1 1 1 1 0 1 0 0 0 1 1 0 0 0 0
360	1	1 1 1 1 0 0 0 1 1 1 0 1 0 0 0 1
360	1	1 0 1 1 0 0 0 1 1 1 0 1 0 0 0 1
360	1	1 1 1 0 0 0 1 1 0 0 1 1 0 0 0 0
360	1	1 1 1 1 1 0 0 1 0 0 1 1 0 0 0 0
360	2	1 0 1 1 0 0 0 0 1 1 0 0 0 0 0 0
360	1	0 1 1 1 1 1 1 1 1 1 0 1 0 0 0 0
360	4	0 1 1 0 0 0 0 0 1 1 0 0 0 0 0 0
360	1	1 1 1 1 0 0 1 0 0 1 0 0 0 0 0 1
360	1	1 1 0 1 0 1 1 1 1 1 0 1 0 0 0 0
360	1	1 1 0 1 1 0 0 0 0 0 1 1 0 0 0 0
380	46	1 1 1 1 0 0 0 0 0 1 0 1 0 0 0 0
380	78	1 1 1 1 0 0 0 0 1 1 0 1 0 0 0 0
380	16	1 1 1 1 0 0 1 0 0 0 0 0 0 0 0 0
380	22	0 1 1 1 1 1 0 1 1 1 0 1 0 0 0 0
380	55	1 1 1 1 0 0 0 0 0 0 0 0 0 0 0 0
380	13	1 1 1 1 1 0 0 0 0 0 0 1 0 0 0 0
380	37	1 1 1 0 0 0 0 0 1 1 0 0 0 0 0 0
380	84	1 1 1 1 0 0 0 0 0 1 1 1 0 0 0 0
380	6	1 1 1 1 0 1 1 0 1 1 0 1 0 0 0 0
380	2	1 1 1 1 1 0 0 0 0 1 0 1 0 0 0 0
380	20	0 1 1 1 0 0 1 1 0 0 1 1 0 0 0 0
380	16	1 1 1 1 0 1 0 0 1 1 0 1 0 0 0 0
380	31	1 1 1 1 1 0 0 1 0 0 0 0 0 0 0 0
380	9	1 1 1 1 1 0 1 0 0 0 0 1 0 0 0 0
380	8	1 1 1 1 0 0 1 1 0 0 0 0 0 0 0 0
380	19	1 1 1 1 0 1 1 1 1 1 0 1 0 0 0 0
380	1	1 1 1 1 0 0 1 0 0 1 1 0 0 0 0 0
380	26	1 1 1 1 0 0 0 1 0 0 1 1 0 0 0 0
380	19	0 1 1 1 0 0 1 0 0 0 0 1 0 0 0 0
380	15	1 0 1 1 0 0 0 0 0 1 0 1 0 0 0 0
380	25	1 1 1 1 0 0 0 0 1 0 0 0 0 0 0 0
380	5	1 1 1 1 0 0 0 0 1 1 0 1 1 0 0 0
380	8	1 1 1 1 1 0 0 0 0 0 0 1 0 1 0 0
380	15	1 1 0 1 0 0 0 0 1 1 0 1 0 0 0 0
380	2	1 1 1 1 0 0 1 0 0 1 0 1 0 0 1 0
380	11	1 1 1 1 0 1 0 0 0 1 1 1 0 0 0 0
380	11	1 1 1 1 0 1 0 0 0 1 0 1 0 0 0 0
380	8	0 1 1 1 0 0 0 0 0 1 1 1 0 0 0 0
380	21	1 1 1 0 1 0 0 0 0 0 0 1 0 1 0 0
380	5	0 1 1 1 1 0 0 1 1 0 1 1 0 0 0 0
380	11	1 0 1 1 0 0 0 1 1 1 0 1 0 0 0 0
380	22	1 1 1 0 0 1 1 1 1 0 0 0 0 0 0 0
380	6	1 0 1 1 0 0 0 0 0 1 0 1 1 0 0 0
380	3	1 1 1 1 0 0 0 0 0 0 0 0 0 1 0 0
380	18	1 1 1 1 0 0 1 0 0 0 1 1 0 0 0 0
380	8	1 1 1 0 0 0 1 0 0 0 0 1 0 0 0 0
380	26	1 1 1 1 1 0 1 1 0 0 0 0 0 0 0 0
380	11	1 1 1 1 1 0 0 1 0 0 0 1 0 1 0 0
380	2	0 1 1 1 0 0 1 0 0 1 1 1 0 0 0 0
380	4	0 1 1 1 0 1 1 1 1 1 0 1 0 0 0 0
380	1	1 1 1 1 0 0 1 0 0 1 1 1 0 0 1 0
380	17	1 1 1 1 1 0 0 0 0 1 1 1 0 0 0 0
380	8	1 1 1 1 0 1 1 1 1 1 0 1 0 0 0 1
380	10	1 1 1 0 0 0 1 1 0 1 0 0 0 0 0 0
380	5	1 1 1 0 0 1 1 1 1 1 0 1 0 0 0 0
380	18	1 0 1 1 1 0 0 1 1 1 0 1 0 0 0 0
380	8	0 1 0 1 0 0 0 0 0 1 1 1 0 0 0 0
380	6	1 1 1 1 0 0 0 1 1 1 0 1 0 0 0 0
380	8	1 1 0 1 0 1 0 0 0 1 0 1 0 0 0 0
380	7	1 1 1 0 0 0 0 0 1 1 0 1 0 0 0 0
380	3	1 1 1 1 0 0 1 0 0 0 0 1 0 0 0 0
380	3	1 1 1 1 0 1 0 0 0 0 1 1 1 0 0 0
380	6	0 1 1 1 1 0 1 1 0 0 0 0 0 0 0 0
380	9	1 1 1 1 1 0 0 0 1 1 0 1 0 0 0 0
380	6	1 1 0 1 0 1 1 0 1 1 0 1 0 0 0 0
380	4	1 1 1 1 0 1 0 0 1 1 0 1 0 0 1 0
380	8	0 1 1 1 1 0 1 1 0 0 0 1 0 1 0 0
380	2	0 1 1 1 0 1 0 1 1 1 0 1 0 0 0 0
380	2	0 1 1 1 0 0 1 0 0 0 0 1 0 1 0 0
380	5	1 1 1 1 1 0 1 1 0 0 0 0 0 0 1 0
380	18	1 1 1 1 0 0 0 0 1 1 1 1 0 0 0 0
380	11	1 1 1 1 0 0 0 0 0 0 1 1 0 0 0 0
380	2	1 1 1 1 0 0 0 0 1 0 0 0 0 0 1 0
380	2	1 1 1 1 1 0 0 0 1 0 0 0 0 0 0 0
380	8	1 1 1 0 1 0 0 0 0 1 0 1 0 0 0 1
380	4	1 1 1 1 0 0 0 0 1 0 0 1 0 0 0 0
380	1	1 1 0 1 1 0 0 0 0 0 0 1 0 1 0 0
380	5	1 1 1 1 1 1 0 0 0 1 1 1 1 0 0 0
380	2	1 1 1 1 1 0 1 1 1 1 0 0 0 0 1 0
380	1	0 1 1 1 0 0 0 0 0 0 0 0 0 0 0 0
380	4	0 1 1 1 1 1 0 1 1 0 0 1 0 0 0 0
380	1	1 1 1 1 0 0 0 1 0 0 1 1 0 1 0 0
380	1	1 1 0 1 0 0 0 0 1 0 1 1 0 0 0 0
380	2	1 1 1 1 0 0 0 0 0 1 0 1 1 0 0 0
380	4	1 1 1 1 0 0 0 0 0 1 1 0 0 0 0 0
380	3	0 1 1 1 1 0 1 0 0 1 1 1 0 0 0 0
380	2	1 1 1 1 0 0 0 0 1 1 0 1 0 0 0 1
380	3	1 1 1 1 0 0 1 0 0 1 1 1 0 0 0 0
380	4	0 1 1 1 0 0 1 0 0 0 0 1 1 0 0 0
380	6	1 1 1 1 0 1 0 0 0 1 0 1 0 0 1 0
380	3	0 1 1 1 1 0 1 1 0 1 0 1 0 1 0 0
380	3	0 1 1 1 0 0 1 1 0 0 0 0 0 0 0 0
380	4	0 1 1 1 1 1 0 1 1 1 0 0 0 0 0 0
380	1	1 1 1 0 0 0 0 0 0 0 0 0 0 0 0 0
380	6	1 1 1 1 0 0 1 1 0 0 0 1 0 0 0 0
380	2	1 1 1 1 0 0 1 1 0 0 0 0 1 0 0 0
380	2	1 1 1 1 0 0 0 0 1 0 1 0 0 0 0 0
380	1	1 0 1 1 0 0 0 0 1 0 0 0 0 0 0 0
380	2	1 0 1 1 1 0 0 1 1 0 0 1 0 0 0 0
380	1	1 1 1 1 0 0 0 0 1 1 0 0 0 0 0 0
380	1	1 0 1 1 0 0 0 0 1 1 0 1 0 0 0 0
380	2	0 1 1 1 1 0 0 1 1 1 0 1 0 0 0 0
380	1	1 1 1 1 0 0 0 0 0 1 1 1 1 0 0 0
380	2	0 1 1 1 0 0 1 0 0 0 0 1 0 0 0 1
380	1	0 1 1 0 0 1 1 1 1 0 0 0 0 0 0 0
380	1	1 1 1 0 0 0 1 0 0 0 0 1 0 0 1 0
380	2	1 1 1 1 0 1 0 0 1 1 0 1 0 1 1 0
400	83	1 1 1 1 0 0 0 0 0 1 0 1 0 0 0 0
400	33	1 1 1 1 0 0 0 0 1 1 0 1 0 0 0 0
400	9	1 1 1 1 0 0 1 0 0 0 0 0 0 0 0 0
400	37	1 1 1 1 0 0 0 0 0 0 0 0 0 0 0 0
400	21	1 1 1 1 1 0 0 0 0 0 0 1 0 0 0 0
400	2	1 1 1 0 0 0 0 0 1 1 0 0 0 0 0 0
400	69	1 1 1 1 0 0 0 0 0 1 1 1 0 0 0 0
400	5	1 1 1 1 0 1 0 0 1 1 0 1 0 0 0 0
400	32	1 1 1 1 1 0 0 1 0 0 0 0 0 0 0 0
400	9	1 1 1 1 1 0 1 0 0 0 0 1 0 0 0 0
400	32	1 1 1 1 0 0 1 1 0 0 0 0 0 0 0 0
400	16	1 1 1 1 0 1 1 1 1 1 0 1 0 0 0 0
400	85	1 1 1 1 0 0 0 1 0 0 1 1 0 0 0 0
400	4	0 1 1 1 0 0 1 0 0 0 0 1 0 0 0 0
400	10	1 0 1 1 0 0 0 0 0 1 0 1 0 0 0 0
400	8	1 1 1 1 0 0 0 0 1 0 0 0 0 0 0 0
400	5	1 1 0 1 0 0 0 0 1 1 0 1 0 0 0 0
400	4	1 1 1 1 0 1 0 0 0 1 1 1 0 0 0 0
400	3	1 1 1 1 0 1 0 0 0 1 0 1 0 0 0 0
400	4	0 1 1 1 0 0 0 0 0 1 1 1 0 0 0 0
400	2	1 1 1 0 1 0 0 0 0 0 0 1 0 1 0 0
400	4	1 0 1 1 0 0 0 1 1 1 0 1 0 0 0 0
400	9	1 1 1 0 0 1 1 1 1 0 0 0 0 0 0 0
400	1	1 1 1 1 0 0 1 0 0 0 1 1 0 0 0 0
400	13	1 1 1 0 0 0 1 0 0 0 0 1 0 0 0 0
400	7	1 1 1 1 1 0 1 1 0 0 0 0 0 0 0 0
400	15	1 1 1 1 1 0 0 0 0 1 1 1 0 0 0 0
400	34	1 0 1 1 1 0 0 1 1 1 0 1 0 0 0 0
400	5	1 1 1 0 0 0 0 0 1 1 0 1 0 0 0 0
400	6	1 1 1 1 1 0 0 0 1 1 0 1 0 0 0 0
400	29	1 1 0 1 0 1 1 0 1 1 0 1 0 0 0 0
400	2	0 1 1 1 1 0 1 1 0 0 0 1 0 1 0 0
400	13	1 1 1 1 0 0 0 0 1 1 1 1 0 0 0 0
400	18	1 1 1 1 0 0 0 0 0 0 1 1 0 0 0 0
400	4	1 1 1 1 0 0 0 0 0 1 1 0 0 0 0 0
400	6	0 1 1 1 0 0 1 0 0 0 0 1 1 0 0 0
400	8	1 0 1 1 0 0 0 0 1 0 0 0 0 0 0 0
400	21	1 1 1 1 1 0 0 1 1 0 0 0 0 0 0 0
400	40	1 1 1 1 0 0 0 1 0 0 0 1 0 1 0 0
400	9	1 0 1 0 0 0 0 0 0 1 0 1 0 0 0 0
400	13	0 1 1 1 1 0 1 1 1 0 1 1 0 0 0 0
400	9	1 1 1 1 0 0 0 0 1 1 0 0 0 0 0 0
400	5	1 1 1 1 0 1 1 1 0 1 0 1 0 0 0 0
400	11	0 1 1 1 1 0 0 1 0 0 0 0 0 0 0 0
400	14	1 1 1 1 0 0 0 0 0 0 0 0 0 0 0 1
400	4	1 1 1 1 0 1 1 1 1 1 0 1 1 0 0 0
400	10	1 1 0 1 1 0 1 1 0 0 0 0 0 0 0 0
400	6	1 1 1 1 0 0 1 1 1 1 0 1 0 0 0 0
400	14	1 1 1 1 0 1 0 0 0 0 1 1 0 0 0 0
400	3	1 1 1 1 0 1 0 0 1 1 1 1 0 0 0 0
400	8	0 1 1 1 1 0 0 1 1 0 0 0 0 0 0 0
400	9	1 1 1 1 1 1 1 1 0 0 0 0 0 0 0 0
400	3	1 1 1 1 1 0 0 0 1 1 1 1 0 0 0 0
400	7	1 1 1 1 1 0 0 1 1 0 0 1 1 0 0 0
400	10	1 0 1 1 0 0 0 1 0 0 0 0 0 0 0 0
400	2	1 0 1 1 0 1 0 0 0 1 0 1 0 0 0 0
400	1	1 1 1 0 0 0 0 0 0 1 0 1 0 0 0 0
400	8	0 1 1 1 0 0 0 0 1 0 0 0 0 0 0 0
400	8	1 1 1 1 1 0 0 0 0 1 1 1 0 0 0 1
400	2	1 0 1 1 1 0 0 0 0 1 1 1 0 0 0 0
400	4	1 1 1 0 0 0 1 0 0 0 0 0 0 0 0 0
400	1	0 1 1 1 1 0 1 0 1 1 0 1 0 0 0 0
400	3	1 1 1 1 0 0 1 0 1 1 0 1 0 0 1 0
400	1	1 0 0 1 0 0 0 0 0 1 1 0 0 1 0 0
400	3	1 1 1 1 0 0 0 1 0 0 1 1 1 0 0 0
400	2	1 1 1 0 0 1 1 1 0 1 1 1 0 0 0 0
400	7	0 1 1 1 1 0 0 0 1 1 0 1 0 0 0 0
400	4	1 1 1 1 1 0 0 1 1 0 0 0 0 1 0 0
400	9	1 1 1 1 0 0 0 0 0 1 1 1 0 0 0 1
400	7	1 0 1 0 0 0 0 0 0 1 0 1 0 1 0 0
400	3	1 1 1 1 0 0 0 0 1 1 0 0 0 0 0 1
400	17	1 1 1 1 0 0 0 1 0 0 0 0 0 0 0 0
400	4	1 1 0 1 1 1 1 1 0 0 0 0 0 0 0 0
400	1	1 1 1 1 0 0 1 1 1 0 1 1 0 0 0 0
400	5	1 1 1 1 0 1 1 1 0 0 0 0 0 0 0 0
400	7	1 0 0 1 0 1 1 0 1 1 0 1 0 0 0 0
400	8	0 1 1 1 1 0 1 0 0 0 0 0 0 0 0 0
400	2	1 1 1 0 0 0 0 0 1 0 0 0 0 0 0 0
400	1	1 0 1 1 0 0 1 0 0 0 0 0 0 0 0 0
400	8	1 1 1 1 0 1 0 1 0 0 0 1 0 1 0 0
400	1	1 1 1 0 0 0 0 0 1 1 0 0 0 0 1 1
400	2	0 1 1 1 0 1 0 0 0 1 1 1 0 0 0 0
400	1	1 1 1 1 0 0 0 1 0 1 0 1 0 0 0 0
400	2	1 1 1 1 0 0 0 0 0 0 1 0 0 0 0 0
400	1	1 1 1 1 1 0 1 0 0 0 0 1 0 0 1 0
400	3	1 1 1 1 0 1 1 1 1 1 0 1 0 0 1 0
400	2	1 1 1 1 0 0 1 1 1 1 0 1 0 0 1 0
400	1	1 1 1 1 1 0 1 0 1 1 0 0 0 0 0 1
400	2	1 1 1 1 1 0 0 1 0 0 0 1 0 0 0 0
400	2	1 1 1 1 1 0 0 0 0 0 0 0 0 0 0 0
400	1	1 1 1 1 1 0 0 1 0 0 0 0 0 0 1 0
400	1	1 1 1 1 0 0 1 1 0 0 1 1 0 0 0 0
400	2	1 1 1 1 0 0 0 0 0 0 1 1 1 0 0 0
400	2	0 1 1 0 1 0 0 1 1 0 0 0 0 0 0 0
400	1	1 1 1 0 0 0 0 0 0 0 0 1 0 0 0 0
400	1	0 1 1 1 0 0 0 0 0 0 0 0 0 0 0 0
400	1	1 1 0 1 1 1 0 0 0 0 0 1 0 0 0 0
400	1	1 0 1 0 0 0 0 0 0 1 0 0 0 0 0 0
400	1	1 1 1 1 1 0 0 1 0 0 0 0 0 1 0 0
400	3	1 1 1 1 0 0 0 1 0 0 1 1 0 1 0 0
400	1	1 1 1 1 0 0 0 1 0 0 0 1 0 0 0 0
400	1	1 1 1 1 0 0 0 1 1 1 0 1 0 0 0 0
400	1	0 1 0 1 1 0 1 1 0 0 0 0 0 0 0 0
400	1	1 1 1 1 0 1 0 0 0 0 1 1 1 0 0 0
400	1	1 1 1 1 1 1 1 1 0 0 0 0 0 0 1 0
400	1	1 0 1 1 0 0 0 1 0 0 0 0 0 0 0 1
400	1	1 1 1 1 0 0 0 1 0 0 1 1 1 0 0 1
400	1	0 1 1 1 1 0 1 0 0 0 0 0 0 1 0 0
