0	21	1 0 1 0 0 1 0 0 1 0 1 0 0 0 0 1
0	23	0 0 1 1 1 1 1 0 0 1 1 0 0 0 1 1
0	30	0 0 0 0 0 1 1 0 0 1 0 0 0 0 0 0
0	26	0 0 1 0 0 0 0 1 0 0 0 0 1 1 0 1
8	29	1 0 1 0 0 1 0 0 1 0 1 0 0 0 0 1
8	20	0 0 1 1 1 1 1 0 0 1 1 0 0 0 1 1
8	9	0 0 0 0 0 1 1 0 0 1 0 0 0 0 0 0
8	13	0 0 1 0 0 0 0 1 0 0 0 0 1 1 0 1
8	1	1 0 1 0 0 1 0 0 1 0 1 0 0 0 1 1
8	3	0 0 0 0 0 1 1 0 1 0 1 0 0 0 0 1
8	1	0 0 1 0 0 1 1 0 0 1 0 0 0 0 0 0
8	2	0 0 0 1 1 1 1 0 0 1 1 0 0 0 1 1
8	1	1 0 1 0 0 1 0 0 1 0 1 1 0 0 1 1
8	1	0 0 1 1 1 1 1 0 0 1 0 0 0 0 0 0
8	2	0 0 0 0 0 1 0 0 1 0 1 0 0 0 0 1
8	1	1 0 1 0 0 1 0 0 1 0 1 1 0 0 0 1
8	1	0 0 1 0 0 1 0 0 1 0 1 0 0 0 0 1
8	1	0 0 1 1 1 1 1 0 0 1 1 0 0 0 1 0
8	1	0 0 1 1 1 1 0 0 1 0 1 0 0 0 0 1
8	1	1 0 1 0 0 0 0 0 1 0 1 0 0 0 0 1
8	1	0 0 1 0 0 0 0 1 0 0 0 0 0 1 0 1
8	3	1 0 1 0 1 1 0 0 1 0 1 0 0 0 0 1
8	1	0 0 0 0 0 1 1 1 0 1 0 0 0 0 0 0
8	1	0 0 0 0 0 1 1 0 0 1 0 0 0 0 0 1
8	1	0 0 1 0 0 0 1 1 0 0 0 0 1 1 0 1
8	1	1 0 1 0 0 1 0 1 0 0 0 0 1 1 0 1
8	1	0 0 0 0 0 1 1 0 0 1 1 0 0 0 1 1
8	1	1 0 0 0 0 1 1 0 0 1 0 0 0 0 0 0
8	1	0 0 1 1 1 1 1 0 0 1 1 0 0 1 1 1
8	1	0 1 1 1 1 1 1 0 0 1 1 0 1 0 1 1
8	1	1 0 1 0 0 1 0 0 1 0 0 0 0 0 0 1
45	43	1 0 1 0 0 1 0 0 1 0 1 0 0 0 0 1
45	2	0 0 1 1 1 1 1 0 0 1 1 0 0 0 1 1
45	1	0 0 0 0 0 1 1 0 0 1 0 0 0 0 0 0
45	3	1 1 1 0 0 1 0 0 1 0 1 0 0 0 0 1
45	5	0 0 1 0 0 1 0 0 1 0 1 0 0 0 0 1
45	1	0 0 1 0 0 0 0 1 0 0 0 0 0 1 0 1
45	1	1 0 1 0 1 1 0 0 1 0 1 0 0 0 0 1
45	2	1 0 1 1 0 1 0 0 1 0 1 0 0 0 0 1
45	1	0 0 1 1 0 1 1 0 0 1 1 0 0 0 1 1
45	4	1 0 1 0 0 1 0 0 1 0 0 0 0 0 0 1
45	4	1 0 1 0 0 1 0 1 1 0 1 0 0 0 0 1
45	2	0 0 1 0 0 0 0 0 1 0 1 0 0 0 0 1
45	1	0 0 1 0 0 1 1 0 0 1 1 0 0 0 1 1
45	1	1 0 1 0 0 0 0 0 1 0 1 0 0 0 0 1
45	4	1 0 1 1 1 1 0 0 0 0 0 0 0 0 0 1
45	1	1 0 1 0 0 1 0 0 0 0 0 0 1 1 0 1
45	5	1 0 1 0 0 1 0 0 1 1 1 0 0 0 0 1
45	2	1 0 1 0 0 1 0 0 1 0 1 0 1 0 0 1
45	1	0 0 1 1 1 1 1 0 0 1 0 0 0 0 1 1
45	5	0 0 1 0 0 0 0 1 0 1 0 0 1 1 0 1
45	1	1 0 1 0 0 1 1 0 1 0 1 0 0 0 0 0
45	1	1 0 1 0 0 0 0 1 0 0 0 0 0 1 0 1
45	3	1 1 1 0 1 1 1 0 0 1 1 0 0 0 1 1
45	1	1 0 1 0 0 1 0 1 0 0 0 0 0 1 0 1
45	1	1 0 1 0 1 1 0 0 0 0 1 0 0 0 0 1
45	1	1 0 1 0 0 1 0 0 0 0 0 0 0 1 0 1
45	1	0 0 1 1 1 1 1 0 1 0 1 0 0 0 0 1
45	1	1 0 1 1 0 1 0 0 1 0 1 0 1 0 0 0
45	1	0 0 0 0 0 1 1 0 0 1 0 1 0 0 0 1
85	33	1 0 1 0 0 1 0 0 1 0 1 0 0 0 0 1
85	8	1 1 1 0 0 1 0 0 1 0 1 0 0 0 0 1
85	1	1 0 1 0 1 1 0 0 1 0 1 0 0 0 0 1
85	6	1 0 1 1 0 1 0 0 1 0 1 0 0 0 0 1
85	2	1 0 1 0 0 1 0 1 1 0 1 0 0 0 0 1
85	6	1 0 1 1 1 1 0 0 0 0 0 0 0 0 0 1
85	1	0 1 1 1 1 1 1 0 0 1 1 0 0 0 1 1
85	3	1 0 1 0 0 1 0 0 0 0 0 0 0 1 0 1
85	2	1 0 1 1 0 1 0 0 0 0 0 0 0 0 0 1
85	4	1 0 1 1 1 1 0 0 0 0 0 1 0 0 0 0
85	2	1 0 0 0 0 0 0 0 1 0 1 0 0 0 0 1
85	6	1 1 1 0 0 1 0 0 1 0 0 0 0 0 0 1
85	1	0 0 1 0 0 1 1 0 0 1 0 1 0 0 0 1
85	1	1 0 1 0 0 1 0 1 1 0 0 1 0 0 0 0
85	1	0 0 1 1 1 1 1 0 0 1 0 0 0 0 1 1
85	2	1 0 1 0 1 1 0 0 0 0 0 1 0 0 0 1
85	4	1 1 0 0 0 1 0 0 1 0 0 0 0 0 0 1
85	1	0 0 1 1 1 1 0 0 0 0 0 0 0 0 0 1
85	1	1 0 1 0 1 1 0 0 0 0 1 1 0 0 0 1
85	1	1 0 1 0 0 1 1 0 1 0 0 0 0 0 0 1
85	1	1 0 0 0 0 1 0 0 1 0 1 0 0 0 0 1
85	1	1 1 1 0 0 1 1 0 1 0 1 0 0 0 1 1
85	3	1 0 1 0 0 1 0 1 1 0 0 0 0 0 0 1
85	1	1 0 1 0 1 1 0 1 0 0 0 1 0 0 0 1
85	2	1 0 1 0 1 1 0 1 0 0 1 0 0 0 0 1
85	1	1 0 1 0 1 1 0 0 1 0 1 0 1 0 0 1
85	1	1 0 1 1 1 1 1 0 0 1 0 0 0 0 1 1
85	1	1 0 1 1 1 1 0 0 1 0 1 0 0 0 0 1
85	1	1 0 1 1 1 1 0 0 0 0 0 1 1 0 0 0
85	1	1 1 1 0 0 0 1 1 0 0 0 0 0 1 0 1
85	1	0 1 1 0 0 0 1 1 0 0 0 1 0 1 1 1
154	4	1 0 1 0 0 1 0 0 1 0 1 0 0 0 0 1
154	10	1 1 1 0 0 1 0 0 1 0 1 0 0 0 0 1
154	19	1 0 1 1 0 1 0 0 1 0 1 0 0 0 0 1
154	1	1 0 1 1 1 1 0 0 0 0 0 0 0 0 0 1
154	11	1 1 1 0 0 1 0 1 1 0 1 0 0 0 0 1
154	2	0 1 1 0 0 1 0 1 1 0 1 0 0 0 0 1
154	6	1 1 1 1 0 1 0 0 1 0 1 0 0 0 0 1
154	3	1 0 1 1 0 1 1 0 1 0 1 0 0 0 0 1
154	3	0 1 1 1 1 1 1 0 0 1 0 1 0 0 0 0
154	1	1 0 1 1 0 1 0 0 1 1 1 0 0 0 0 1
154	3	1 1 1 1 0 1 0 1 1 0 1 0 0 0 0 1
154	2	1 1 1 1 1 1 0 0 0 0 1 1 0 0 0 1
154	4	1 1 0 0 0 1 0 1 1 0 1 0 0 0 0 1
154	1	1 1 1 0 1 1 0 0 0 0 0 1 0 0 0 0
154	2	1 0 1 1 0 1 1 0 1 1 1 0 0 0 0 0
154	1	1 1 1 0 0 1 0 0 0 0 1 0 0 0 0 1
154	2	1 1 0 0 0 1 1 0 1 0 0 0 0 0 0 1
154	5	1 1 1 1 1 1 1 0 0 1 1 0 0 0 1 0
154	3	1 0 1 1 0 0 0 0 1 0 1 0 0 0 0 1
154	1	1 1 1 0 0 1 1 0 1 0 1 0 0 0 0 1
154	1	1 1 0 0 0 1 0 0 1 0 0 0 0 0 0 0
154	1	1 0 1 1 0 1 0 0 0 1 1 0 0 0 0 1
154	1	1 1 1 0 0 1 0 0 1 1 1 0 0 0 0 1
154	2	1 0 1 1 0 1 0 0 1 0 0 0 0 0 0 1
154	1	1 1 1 0 1 1 0 0 1 0 1 0 0 0 0 1
154	1	1 1 0 0 0 1 0 0 1 1 1 0 0 0 0 1
154	1	0 1 1 1 1 1 1 0 0 1 0 1 0 0 0 1
154	1	1 0 1 0 0 1 1 0 1 0 0 0 0 0 0 1
154	1	0 1 1 0 0 1 0 1 1 0 1 0 0 0 1 1
154	1	1 0 0 1 0 1 0 0 1 0 1 0 0 0 0 1
154	2	1 0 1 0 0 0 1 0 1 0 1 0 1 0 0 1
154	1	1 1 1 0 0 1 0 0 1 1 0 0 0 0 1 0
154	1	1 1 0 0 1 1 1 0 1 0 0 1 0 0 0 1
154	1	1 0 1 1 0 1 0 0 1 0 1 0 0 0 1 1
239	4	1 0 1 1 0 1 0 0 1 0 1 0 0 0 0 1
239	6	1 1 1 1 0 1 0 0 1 0 1 0 0 0 0 1
239	2	1 1 1 1 1 1 0 0 0 0 0 1 0 0 0 0
239	2	1 1 1 1 1 1 1 0 0 1 1 0 0 0 1 0
239	6	1 1 0 0 0 1 0 0 1 0 0 1 0 0 0 0
239	3	1 0 1 1 1 1 1 0 1 0 1 0 0 0 0 1
239	6	1 1 1 1 1 1 1 0 1 0 1 0 0 0 0 1
239	2	1 1 1 1 1 1 1 0 0 0 1 0 0 0 0 1
239	1	1 0 1 1 1 1 0 0 1 0 1 0 0 0 0 1
239	1	1 1 1 1 0 1 0 0 0 0 1 0 0 0 0 1
239	2	1 1 1 0 0 1 1 0 0 1 1 0 0 0 0 0
239	3	1 1 1 0 1 1 1 0 1 0 1 0 0 0 0 1
239	8	1 1 1 1 1 1 0 1 1 0 1 0 0 0 0 0
239	1	1 0 1 1 0 1 0 0 1 0 1 0 0 1 0 1
239	2	0 1 1 1 0 1 0 0 1 0 1 0 0 0 0 1
239	6	1 0 1 1 0 1 0 0 1 0 1 0 0 0 0 0
239	10	1 1 1 1 1 1 1 0 0 1 1 0 0 0 0 1
239	1	1 1 1 1 1 1 1 0 1 0 0 0 0 0 0 1
239	2	1 1 1 1 0 1 1 0 1 0 1 0 0 0 0 0
239	1	1 0 1 1 0 0 0 0 1 0 1 0 0 0 0 1
239	1	1 1 1 0 0 1 1 1 1 0 1 0 0 0 1 1
239	6	1 1 1 1 1 1 0 0 1 0 1 0 0 0 0 1
239	1	1 1 1 1 0 1 0 0 1 0 1 0 0 0 1 0
239	2	1 1 1 1 1 1 1 0 1 1 1 0 0 0 0 1
239	1	1 1 1 1 1 1 0 0 1 1 1 0 0 0 0 1
239	1	1 0 1 1 0 1 0 0 1 1 1 0 0 0 0 1
239	2	1 1 0 0 1 1 0 0 1 0 1 0 0 0 0 1
239	1	1 1 1 1 1 1 1 0 0 1 1 0 0 1 0 1
239	1	1 1 0 1 1 1 0 0 0 1 0 1 0 0 0 0
239	2	1 1 1 0 0 1 0 0 1 0 0 1 0 0 0 0
239	1	1 0 1 1 1 1 0 0 0 0 1 0 0 0 0 0
239	1	1 0 1 1 0 1 1 0 1 0 1 0 0 0 1 1
239	2	1 0 1 1 1 1 0 1 1 0 1 0 0 0 0 1
239	2	1 0 1 1 1 1 1 0 0 0 1 1 0 0 0 0
239	1	1 1 1 1 0 1 0 0 1 0 1 0 0 0 1 1
239	1	1 0 1 1 0 1 1 0 0 0 1 0 0 0 1 0
239	1	1 1 1 1 0 1 0 0 1 0 1 0 0 0 0 0
239	2	1 1 1 1 1 1 0 1 1 0 1 0 0 0 0 1
239	1	1 1 1 1 1 1 1 0 1 1 1 0 0 0 1 0
239	1	1 0 1 1 0 0 0 1 1 0 1 0 0 0 0 1
252	4	1 0 1 1 0 1 0 0 1 0 1 0 0 0 0 1
252	10	1 1 1 1 0 1 0 0 1 0 1 0 0 0 0 1
252	2	1 0 1 1 0 1 1 0 1 0 1 0 0 0 0 1
252	3	1 1 1 1 1 1 1 0 0 1 1 0 0 0 1 0
252	3	1 1 0 0 0 1 0 0 1 0 0 1 0 0 0 0
252	4	1 1 1 1 1 1 1 0 1 0 1 0 0 0 0 1
252	1	1 1 1 1 1 1 1 0 0 0 1 0 0 0 0 1
252	2	1 1 1 1 0 1 0 0 0 0 1 0 0 0 0 1
252	1	1 1 1 0 1 1 1 0 1 0 1 0 0 0 0 1
252	24	1 1 1 1 1 1 0 1 1 0 1 0 0 0 0 0
252	3	1 0 1 1 0 1 0 0 1 0 1 0 0 0 0 0
252	7	1 1 1 1 1 1 1 0 0 1 1 0 0 0 0 1
252	3	1 1 1 1 1 1 1 0 1 0 0 0 0 0 0 1
252	4	1 1 1 0 1 1 0 0 1 0 1 0 0 0 0 1
252	1	1 1 1 1 1 1 0 0 1 0 1 0 0 0 0 1
252	1	1 1 1 1 0 1 0 0 1 0 1 0 0 0 1 0
252	1	1 0 1 1 0 0 0 0 1 0 0 0 0 0 0 1
252	1	1 1 1 1 1 1 0 0 1 1 1 0 0 0 0 1
252	1	1 1 1 1 1 1 1 0 0 1 1 0 0 1 0 1
252	1	0 0 1 1 0 1 0 0 1 0 1 0 0 0 0 1
252	2	1 1 1 1 0 1 0 0 1 0 1 0 0 0 0 0
252	2	1 1 1 1 1 1 0 0 1 0 1 1 0 0 0 1
252	1	1 0 1 1 0 0 0 0 1 0 1 0 0 0 0 0
252	2	1 1 1 1 1 0 0 0 1 0 1 0 0 0 0 1
252	1	1 1 0 0 0 1 0 0 1 0 1 1 0 0 0 0
252	2	1 0 1 1 0 1 0 1 1 0 1 0 0 0 0 0
252	1	1 1 1 0 1 1 0 0 1 0 1 0 0 0 0 0
252	1	1 1 1 1 1 1 1 0 0 0 1 0 0 0 1 0
252	2	0 1 1 1 1 1 0 1 1 0 1 0 0 0 1 0
252	1	1 1 1 1 1 1 1 0 0 1 1 0 0 0 0 0
252	1	1 0 1 1 0 1 0 0 0 0 1 0 0 0 1 0
252	2	1 1 1 1 0 1 1 0 0 1 1 0 0 0 1 0
252	1	1 1 0 1 0 1 0 0 1 0 0 1 1 0 0 0
252	1	1 0 0 1 0 1 0 0 0 0 1 0 0 0 0 1
252	1	1 1 1 1 1 1 0 0 0 0 0 1 0 0 0 1
252	1	1 0 1 1 0 1 0 0 1 0 0 0 0 0 0 0
252	1	0 0 0 1 0 1 0 0 1 0 1 0 1 0 0 0
350	3	1 1 1 1 1 1 0 0 0 0 0 1 0 0 0 0
350	1	1 1 1 1 1 1 1 0 1 0 1 0 0 0 0 1
350	9	1 1 1 1 1 1 0 1 1 0 1 0 0 0 0 0
350	2	1 1 1 1 1 1 0 0 1 0 1 0 0 0 0 1
350	2	1 1 1 1 0 1 0 0 1 0 1 0 0 0 0 0
350	7	1 1 1 1 1 1 1 1 1 0 1 0 0 0 0 0
350	8	1 1 1 1 0 0 0 0 0 0 1 0 0 0 0 0
350	4	1 1 1 1 1 1 0 0 1 0 1 0 0 0 0 0
350	2	1 1 1 1 1 0 0 0 1 0 0 1 0 0 0 0
350	2	1 1 1 1 0 1 0 0 1 1 1 0 0 0 0 1
350	6	1 1 1 1 1 1 1 0 0 1 0 0 0 0 0 0
350	2	1 1 1 1 1 1 0 1 0 0 1 0 0 0 0 0
350	6	1 1 1 1 1 1 0 0 0 0 0 0 0 0 0 0
350	1	1 1 1 1 0 0 0 1 0 0 1 0 0 0 0 0
350	3	1 0 1 1 1 1 0 0 0 0 1 1 0 0 0 0
350	1	1 1 1 0 1 1 0 0 0 0 1 0 0 0 0 0
350	3	1 1 1 1 1 1 1 0 1 0 1 0 0 0 0 0
350	2	1 1 1 1 1 1 0 1 1 1 1 1 0 0 0 1
350	1	1 1 1 1 1 1 0 1 1 0 1 0 0 0 1 0
350	2	1 1 1 1 1 1 0 1 1 0 1 1 0 0 0 0
350	3	1 1 1 1 0 0 0 0 0 0 1 1 0 0 0 0
350	1	1 1 1 1 1 1 0 0 0 0 1 0 0 0 0 0
350	1	1 1 1 1 0 1 0 0 1 0 1 0 0 0 1 1
350	2	1 1 1 1 1 1 1 0 1 1 1 0 0 0 0 1
350	2	1 0 1 1 0 0 0 1 0 0 1 0 0 0 0 0
350	1	1 0 1 1 1 1 0 0 1 0 1 0 0 0 1 1
350	1	1 1 1 1 1 1 1 0 1 0 0 0 0 0 0 0
350	1	1 1 1 1 0 0 0 0 0 1 1 0 0 0 1 0
350	3	1 1 1 1 1 1 0 0 1 1 1 0 0 0 0 1
350	1	1 1 0 1 1 1 0 0 1 0 1 0 0 0 0 1
350	1	0 1 1 1 1 1 0 1 1 0 1 0 0 0 0 0
350	1	1 1 1 1 1 0 1 0 0 1 0 0 0 0 0 0
350	2	1 0 1 1 1 1 0 1 1 1 1 0 0 0 0 0
350	1	1 0 1 1 1 1 0 0 0 0 1 1 1 0 0 0
350	1	1 1 1 1 0 1 0 1 1 0 1 0 1 0 0 0
350	2	0 1 1 1 1 1 1 1 1 0 1 0 0 0 0 0
350	1	1 1 1 1 1 0 0 1 1 0 1 0 0 0 0 0
350	1	1 0 1 1 0 1 0 0 1 0 1 0 0 0 1 1
350	1	1 1 1 1 1 1 1 0 0 1 0 0 1 0 0 0
350	1	1 0 1 1 1 1 1 1 1 1 1 0 0 0 0 0
350	2	1 1 1 1 1 1 1 0 1 0 1 1 0 0 0 1
350	2	1 1 1 0 1 1 0 1 1 1 1 1 0 0 0 1
350	1	1 1 1 1 1 1 0 1 1 1 0 1 0 0 0 1
400	3	1 1 1 1 1 1 0 0 0 0 0 1 0 0 0 0
400	13	1 1 1 1 1 1 0 1 1 0 1 0 0 0 0 0
400	2	1 1 1 1 0 1 0 0 1 0 1 0 0 0 0 0
400	2	1 1 1 1 1 1 1 1 1 0 1 0 0 0 0 0
400	1	1 1 1 1 1 1 0 1 1 0 1 0 0 0 0 1
400	4	1 1 1 1 0 0 0 0 0 0 1 0 0 0 0 0
400	5	1 1 1 1 1 1 1 0 0 1 0 0 0 0 0 0
400	6	1 1 1 1 1 1 0 0 0 0 0 0 0 0 0 0
400	7	1 1 1 0 1 1 0 0 0 0 1 0 0 0 0 0
400	1	1 1 1 1 1 1 1 0 1 0 1 0 0 0 0 0
400	10	1 1 1 1 1 1 0 1 1 0 1 1 0 0 0 0
400	2	1 1 1 1 1 1 0 0 0 0 1 0 0 0 0 0
400	1	1 1 1 1 0 1 0 1 1 0 1 0 0 0 0 0
400	1	1 1 1 1 1 1 0 0 1 1 1 0 0 0 0 1
400	3	1 1 1 1 1 0 1 0 0 1 0 0 0 0 0 0
400	3	1 1 1 1 1 0 0 1 1 0 1 0 0 0 0 0
400	2	1 1 1 1 1 1 0 0 1 1 1 0 0 0 0 0
400	3	1 1 1 1 0 0 0 1 1 0 1 0 0 0 0 0
400	1	1 1 1 0 1 1 0 1 1 1 0 0 0 0 0 0
400	1	1 1 1 1 1 1 0 1 1 0 1 0 1 0 0 0
400	1	1 0 1 1 1 1 0 0 0 0 1 0 0 0 0 0
400	1	1 1 1 0 1 1 1 1 1 0 1 0 0 0 0 0
400	2	1 1 1 1 0 0 0 1 0 0 1 0 1 0 0 0
400	6	1 1 1 1 1 1 0 1 1 1 1 0 0 0 0 0
400	2	1 1 1 1 0 1 1 1 1 0 1 0 0 0 0 0
400	2	1 1 1 1 1 0 0 0 0 0 1 0 1 0 0 0
400	2	1 0 1 1 1 1 0 1 1 0 1 0 0 0 0 0
400	1	0 1 1 1 1 1 0 1 1 0 1 1 0 0 0 0
400	1	1 1 1 1 1 1 0 0 0 1 0 0 0 0 0 0
400	1	1 1 0 1 1 0 0 1 1 0 1 0 0 0 0 0
400	1	1 1 1 1 1 0 0 1 1 0 1 1 0 0 0 0
400	1	1 1 1 1 1 1 0 1 0 0 1 0 0 0 0 1
400	1	1 1 0 0 1 0 0 1 1 0 1 0 0 0 0 0
400	2	1 1 1 1 1 1 0 0 0 0 1 1 1 0 0 0
400	1	1 1 1 1 1 1 1 1 1 0 1 0 0 0 0 1
400	1	1 0 1 0 1 1 0 0 0 0 1 0 0 0 0 0
400	1	1 0 1 1 0 0 0 1 1 0 1 0 0 0 0 0
400	2	1 1 1 1 1 0 1 0 0 0 1 1 0 0 0 0
