0	250	0 0 0 0 0 0 0 0 0 0 0 0 0 0 0 1
0	250	1 0 1 0 0 0 1 0 0 1 0 0 0 0 1 1
0	250	1 1 0 0 0 0 0 0 0 0 0 0 0 1 1 1
0	250	0 0 0 0 0 0 1 0 0 0 0 0 0 1 0 0
20	39	0 0 0 0 0 0 0 0 0 0 0 0 0 0 0 1
20	366	1 0 1 0 0 0 1 0 0 1 0 0 0 0 1 1
20	116	1 1 0 0 0 0 0 0 0 0 0 0 0 1 1 1
20	39	0 0 0 0 0 0 1 0 0 0 0 0 0 1 0 0
20	6	1 0 1 0 0 0 1 0 0 1 0 0 0 1 1 1
20	27	1 1 0 0 0 0 0 0 0 0 0 0 0 0 1 1
20	13	0 0 0 0 0 0 1 0 0 1 0 0 0 0 1 1
20	34	1 1 0 0 0 0 0 0 0 0 0 0 0 0 0 1
20	2	0 0 0 0 0 0 1 0 0 0 0 0 0 0 0 1
20	20	1 1 0 0 0 0 1 0 0 1 0 0 0 0 1 1
20	4	0 0 0 0 0 0 0 0 0 0 0 0 1 0 0 1
20	34	1 0 1 0 0 0 1 0 0 1 0 1 0 0 1 1
20	17	1 0 1 0 0 1 1 0 0 1 0 0 0 0 1 1
20	8	1 1 0 0 0 0 0 0 1 0 0 0 0 1 1 1
20	21	1 0 1 0 0 0 1 0 0 1 0 0 0 0 1 0
20	24	1 0 1 0 0 0 1 0 0 1 0 0 0 1 0 0
20	7	1 0 1 0 0 0 1 0 0 1 0 0 0 0 0 1
20	3	1 1 0 0 0 0 0 1 0 0 1 0 0 1 1 1
20	10	0 0 0 0 0 0 0 0 0 0 0 0 0 1 0 0
20	31	1 0 1 0 0 0 0 0 0 1 0 0 0 0 1 1
20	16	1 0 1 0 0 0 0 0 0 0 0 0 0 1 1 1
20	1	1 1 0 0 0 0 0 0 0 0 1 0 0 1 1 1
20	6	1 1 0 0 0 0 0 0 0 0 0 0 0 1 0 1
20	19	1 1 1 0 0 0 1 0 0 1 0 0 0 0 1 1
20	2	1 0 1 0 1 0 1 0 0 1 0 0 0 0 1 1
20	7	1 0 0 0 0 0 1 0 0 1 0 0 0 0 1 1
20	3	1 1 0 0 0 0 0 1 0 0 0 0 0 1 1 1
20	5	1 0 1 0 0 1 1 0 0 1 0 0 0 0 0 1
20	20	1 0 1 0 0 0 1 0 0 1 0 0 1 0 1 1
20	11	1 0 1 0 0 0 1 0 0 1 1 0 0 0 1 1
20	1	0 0 0 0 1 0 0 0 0 0 0 0 0 0 0 0
20	5	1 0 0 0 0 0 1 0 0 1 0 1 0 0 1 1
20	6	1 0 1 0 0 0 1 0 0 0 0 0 0 1 1 1
20	4	1 1 0 0 0 0 0 0 0 0 0 0 1 0 0 1
20	4	1 0 1 0 0 0 1 0 0 0 0 0 0 0 1 1
20	15	0 0 0 0 0 1 1 0 0 0 0 0 0 1 0 0
20	4	1 0 1 0 0 0 0 0 0 1 0 1 0 0 1 1
20	1	1 0 0 0 0 0 1 0 0 0 0 0 0 0 0 1
20	3	0 0 0 0 0 0 1 0 0 1 0 0 0 1 0 0
20	2	0 0 0 0 0 0 0 1 0 0 0 0 0 0 0 1
20	6	1 0 1 0 0 0 1 1 0 1 0 0 0 0 1 1
20	7	1 1 0 0 1 0 0 1 0 0 0 0 0 1 1 1
20	2	1 0 0 0 0 0 0 0 0 0 0 0 0 0 0 1
20	2	0 0 0 0 0 0 0 0 0 0 0 0 0 1 1 1
20	1	0 0 0 0 0 1 0 0 0 0 0 0 0 0 0 1
20	5	1 0 1 0 0 1 1 0 0 1 0 0 0 1 1 1
20	1	1 1 0 0 0 0 1 0 0 0 0 0 0 1 0 0
20	4	1 0 1 0 0 0 0 0 0 0 0 0 0 0 0 1
20	1	1 0 0 0 0 0 0 0 0 0 0 0 0 1 1 1
20	1	0 0 0 0 0 0 1 0 0 0 0 0 0 1 1 1
20	1	1 1 0 0 0 0 0 0 0 0 0 0 0 1 1 0
20	1	1 1 0 0 1 0 0 0 0 0 0 0 0 1 1 1
20	1	1 1 0 0 0 0 0 0 0 0 0 1 0 0 0 1
20	1	0 1 1 0 0 0 1 0 0 1 0 0 0 0 1 1
20	1	1 0 1 0 0 0 1 1 0 1 0 0 0 1 1 1
20	2	1 0 0 0 0 0 1 0 0 0 0 0 0 1 0 0
20	2	0 0 0 0 0 0 0 0 0 0 0 0 0 1 0 1
20	1	0 0 0 0 0 0 1 0 0 1 0 0 0 0 1 0
20	1	1 1 0 0 0 0 0 0 1 0 0 0 0 1 0 1
20	1	1 1 0 0 0 0 0 1 0 0 0 0 0 1 1 0
20	2	1 0 1 0 1 0 1 1 0 1 0 0 0 0 1 1
40	6	0 0 0 0 0 0 0 0 0 0 0 0 0 0 0 1
40	282	1 0 1 0 0 0 1 0 0 1 0 0 0 0 1 1
40	63	1 1 0 0 0 0 0 0 0 0 0 0 0 1 1 1
40	5	1 0 1 0 0 0 1 0 0 1 0 0 0 1 1 1
40	31	1 1 0 0 0 0 0 0 0 0 0 0 0 0 1 1
40	12	1 1 0 0 0 0 0 0 0 0 0 0 0 0 0 1
40	46	1 1 0 0 0 0 1 0 0 1 0 0 0 0 1 1
40	44	1 0 1 0 0 0 1 0 0 1 0 1 0 0 1 1
40	7	1 0 1 0 0 1 1 0 0 1 0 0 0 0 1 1
40	48	1 0 1 0 0 0 1 0 0 1 0 0 0 0 1 0
40	33	1 0 1 0 0 0 1 0 0 1 0 0 0 1 0 0
40	11	1 0 1 0 0 0 1 0 0 1 0 0 0 0 0 1
40	4	0 0 0 0 0 0 0 0 0 0 0 0 0 1 0 0
40	53	1 0 1 0 0 0 0 0 0 1 0 0 0 0 1 1
40	8	1 1 1 0 0 0 1 0 0 1 0 0 0 0 1 1
40	11	1 0 1 0 1 0 1 0 0 1 0 0 0 0 1 1
40	49	1 0 0 0 0 0 1 0 0 1 0 0 0 0 1 1
40	17	1 0 1 0 0 0 1 0 0 1 0 0 1 0 1 1
40	3	1 0 1 0 0 0 1 0 0 1 1 0 0 0 1 1
40	3	1 0 1 0 0 0 1 0 0 0 0 0 0 1 1 1
40	14	1 0 1 0 0 0 1 0 0 0 0 0 0 0 1 1
40	11	1 0 1 0 0 0 1 1 0 1 0 0 0 0 1 1
40	1	1 0 1 0 0 1 1 0 0 1 0 0 0 1 1 1
40	16	1 0 1 0 0 0 0 0 0 0 0 0 0 0 0 1
40	6	1 0 0 0 0 0 0 0 0 0 0 0 0 1 1 1
40	9	1 1 0 0 0 0 0 0 0 0 0 1 0 0 0 1
40	4	1 1 0 0 0 0 0 0 0 1 0 0 0 0 1 1
40	20	1 1 1 1 0 0 1 0 0 1 0 0 0 0 1 1
40	5	1 1 0 0 0 1 1 0 0 1 0 0 0 0 1 1
40	10	1 0 1 0 0 0 1 0 1 1 0 0 0 0 1 1
40	24	1 1 1 0 0 0 0 0 0 0 0 0 0 1 1 1
40	4	1 1 1 0 0 0 1 0 0 1 0 0 1 0 0 1
40	9	1 0 1 0 0 0 1 0 0 0 0 0 0 0 0 1
40	9	1 0 1 0 0 0 1 1 0 1 0 0 0 1 0 0
40	6	1 1 1 0 0 0 0 0 0 0 0 0 0 0 1 1
40	5	1 1 0 0 0 0 1 0 0 1 1 0 0 0 1 1
40	7	1 0 1 0 0 0 0 0 0 0 0 0 0 0 1 1
40	13	1 0 1 0 0 0 1 0 0 1 1 0 0 0 1 0
40	2	1 1 0 0 0 0 0 0 1 0 0 0 0 0 0 1
40	1	1 1 1 1 0 0 1 0 0 1 0 1 0 0 1 1
40	3	1 0 1 0 1 0 1 0 0 1 0 1 0 0 1 1
40	1	1 0 1 0 0 0 1 1 0 1 0 0 0 1 1 1
40	5	1 1 0 0 0 0 0 0 0 0 0 0 0 1 1 0
40	1	1 1 0 0 0 0 0 0 0 1 0 0 0 1 1 1
40	1	0 0 1 0 0 0 1 0 0 1 0 0 1 0 1 1
40	2	1 0 1 0 1 0 0 0 0 0 0 0 0 0 0 1
40	2	1 1 0 0 0 0 1 0 1 1 0 0 0 0 1 1
40	4	1 1 1 0 1 0 1 0 0 1 0 0 0 0 1 1
40	2	1 1 1 0 0 0 1 0 0 1 0 0 1 1 0 1
40	3	1 0 1 0 0 1 1 0 0 1 0 1 0 0 1 1
40	5	1 0 0 0 0 0 1 0 0 1 0 0 0 0 0 1
40	2	1 0 1 0 0 0 0 1 0 1 0 0 0 0 1 1
40	5	1 1 1 0 0 0 0 0 0 0 0 0 0 0 1 0
40	1	1 1 1 0 0 0 1 0 0 1 1 0 0 0 1 0
40	7	1 0 1 1 1 0 0 0 0 0 0 0 0 0 0 1
40	1	1 0 1 0 0 0 0 0 0 0 0 1 0 0 0 1
40	1	1 0 1 0 1 0 1 0 0 1 0 0 0 0 1 0
40	3	1 0 1 0 0 0 0 0 0 0 0 0 0 1 1 1
40	7	1 0 1 0 1 0 0 0 0 1 0 0 0 0 1 1
40	1	1 0 1 0 1 0 1 1 0 1 0 0 0 0 1 1
40	7	1 0 0 0 0 0 1 0 0 1 0 0 1 0 1 1
40	1	1 0 0 0 0 0 1 0 0 1 1 0 0 0 1 1
40	2	1 1 1 0 0 0 1 0 0 1 0 0 1 0 1 1
40	2	1 0 1 0 0 0 1 0 0 1 0 1 0 1 1 1
40	1	1 0 1 0 0 0 1 1 0 1 1 0 0 0 1 1
40	2	1 0 1 0 0 0 1 0 1 1 1 0 0 0 1 1
40	1	1 1 1 0 0 0 0 0 0 1 0 0 0 1 1 1
40	1	1 0 1 0 0 1 0 0 0 0 0 0 0 0 1 1
40	1	1 1 0 0 0 0 0 0 1 0 1 0 0 0 0 1
40	2	1 1 1 0 0 0 1 0 1 1 0 0 1 1 0 1
40	1	1 0 1 0 0 0 0 0 0 1 0 0 0 1 1 1
40	1	0 0 1 0 0 0 1 0 0 1 1 0 0 0 1 0
40	2	0 0 1 0 0 0 1 0 0 1 0 0 0 0 1 0
40	1	1 0 1 0 0 0 0 0 0 1 0 0 0 0 0 1
40	1	1 0 0 0 0 0 1 0 0 1 0 1 0 0 1 1
40	1	1 0 1 0 0 0 1 0 0 1 0 0 1 1 1 1
40	1	1 0 1 0 0 0 1 0 0 0 0 0 1 0 1 1
40	1	1 0 1 0 0 0 0 1 0 0 0 0 0 0 0 1
40	2	1 1 0 0 0 0 1 0 0 1 0 0 0 1 1 1
60	246	1 0 1 0 0 0 1 0 0 1 0 0 0 0 1 1
60	21	1 1 0 0 0 0 0 0 0 0 0 0 0 1 1 1
60	19	1 0 1 0 0 0 1 0 0 1 0 0 0 1 1 1
60	7	1 1 0 0 0 0 0 0 0 0 0 0 0 0 1 1
60	9	1 1 0 0 0 0 0 0 0 0 0 0 0 0 0 1
60	8	1 1 0 0 0 0 1 0 0 1 0 0 0 0 1 1
60	13	1 0 1 0 0 0 1 0 0 1 0 1 0 0 1 1
60	71	1 0 1 0 0 0 1 0 0 1 0 0 0 0 1 0
60	30	1 0 1 0 0 0 1 0 0 1 0 0 0 1 0 0
60	3	1 0 1 0 0 0 1 0 0 1 0 0 0 0 0 1
60	10	0 0 0 0 0 0 0 0 0 0 0 0 0 1 0 0
60	33	1 0 1 0 0 0 0 0 0 1 0 0 0 0 1 1
60	17	1 0 1 0 1 0 1 0 0 1 0 0 0 0 1 1
60	22	1 0 0 0 0 0 1 0 0 1 0 0 0 0 1 1
60	57	1 0 1 0 0 0 1 0 0 1 0 0 1 0 1 1
60	2	1 0 1 0 0 0 1 1 0 1 0 0 0 0 1 1
60	9	1 0 1 0 0 0 0 0 0 0 0 0 0 0 0 1
60	32	1 1 1 1 0 0 1 0 0 1 0 0 0 0 1 1
60	5	1 0 1 0 0 0 1 0 1 1 0 0 0 0 1 1
60	2	1 1 1 0 0 0 0 0 0 0 0 0 0 1 1 1
60	12	1 0 1 0 0 0 1 0 0 0 0 0 0 0 0 1
60	7	1 1 0 0 0 0 1 0 0 1 1 0 0 0 1 1
60	65	1 0 1 0 0 0 1 0 0 1 1 0 0 0 1 0
60	2	1 1 1 0 0 0 0 0 0 0 0 0 0 0 1 0
60	6	1 0 1 0 0 0 0 0 0 1 0 0 0 1 1 1
60	9	1 0 1 0 0 0 0 0 0 1 0 0 0 0 0 1
60	2	1 0 0 0 0 0 1 0 0 1 0 1 0 0 1 1
60	3	1 0 1 0 0 0 0 1 0 0 0 0 0 0 0 1
60	25	1 0 1 0 0 0 0 0 0 1 1 0 0 0 1 1
60	2	1 1 1 1 0 0 1 0 0 1 0 0 0 0 1 0
60	15	1 0 1 1 0 0 1 0 0 1 0 0 0 0 1 1
60	2	1 1 0 1 0 0 0 0 0 0 0 0 0 0 0 1
60	1	1 0 0 0 0 0 0 0 1 0 1 0 0 1 1 1
60	14	1 1 0 0 0 0 1 0 0 1 1 0 0 0 1 0
60	19	0 0 1 0 0 0 1 0 0 1 0 0 0 0 1 1
60	13	1 0 1 1 0 0 1 0 0 1 1 0 0 0 1 0
60	8	1 0 1 1 0 0 1 0 0 1 1 0 0 0 1 1
60	6	1 1 1 1 0 0 1 0 0 1 0 0 1 0 1 1
60	17	1 1 1 0 0 0 1 0 0 1 0 0 0 0 1 1
60	5	1 0 0 0 0 0 1 0 0 0 0 0 0 0 1 0
60	4	1 1 0 0 0 0 1 0 0 1 0 0 0 1 0 1
60	4	1 1 0 0 0 0 0 0 1 0 0 0 0 0 1 1
60	15	1 1 0 0 0 0 0 0 0 0 1 0 0 0 1 1
60	2	1 0 1 0 0 0 1 0 0 1 0 0 0 1 1 0
60	27	1 1 0 0 0 0 0 0 0 0 0 1 0 0 1 1
60	3	1 0 0 0 0 0 1 1 0 1 0 0 0 0 1 1
60	13	1 0 1 0 0 0 0 0 0 1 1 0 0 1 1 1
60	6	1 0 1 0 0 0 1 0 0 1 1 0 0 0 1 1
60	1	1 1 0 0 0 0 0 0 0 0 0 1 0 0 1 0
60	3	1 1 0 0 0 0 1 0 0 1 0 0 1 0 1 1
60	2	1 0 1 0 0 0 0 0 0 0 0 0 0 0 1 1
60	13	1 0 1 0 0 0 0 1 0 1 0 0 0 0 1 1
60	5	1 0 0 0 0 1 1 0 0 1 0 0 0 0 1 1
60	3	1 1 0 0 0 0 1 0 0 1 0 0 0 0 1 0
60	1	1 0 1 0 0 1 1 0 0 1 0 0 0 1 1 1
60	1	1 0 1 0 0 0 0 0 0 1 0 0 0 0 1 0
60	1	1 0 1 1 0 0 1 0 0 1 0 0 0 1 0 0
60	5	1 0 1 0 0 0 1 0 0 1 1 0 0 1 1 0
60	1	0 0 1 1 0 0 1 0 0 1 1 0 0 0 1 0
60	1	1 0 1 0 0 0 1 0 0 1 0 1 1 0 1 1
60	3	1 0 1 0 1 0 1 0 0 1 0 0 0 0 1 0
60	2	1 0 1 0 0 0 0 0 0 0 0 0 0 1 0 0
60	1	1 0 0 0 0 0 0 0 0 1 0 0 0 0 1 1
60	2	1 0 1 0 0 1 1 0 0 1 0 0 0 0 1 1
60	3	1 0 1 0 0 0 1 0 0 1 0 0 1 0 1 0
60	1	1 0 1 0 0 1 1 0 0 1 1 0 0 0 1 0
60	1	1 1 0 0 0 0 1 0 0 0 1 0 0 0 1 0
60	2	1 0 0 0 0 0 1 0 0 0 0 1 0 0 1 0
60	1	1 0 1 0 1 0 0 1 0 1 0 0 0 0 1 1
60	12	1 0 1 0 0 0 1 0 0 1 1 0 1 0 1 0
60	1	1 0 1 0 0 0 0 1 0 1 1 0 0 0 1 1
60	1	1 0 1 1 0 0 1 0 0 1 0 0 0 0 1 0
60	3	1 1 0 0 0 0 0 0 0 0 0 0 1 0 1 1
60	1	1 0 1 0 1 0 1 0 0 1 0 0 0 1 0 0
60	1	1 1 0 0 0 0 0 0 0 1 0 0 0 0 1 1
60	1	1 0 1 0 0 0 1 0 0 1 0 0 0 1 0 1
60	3	0 0 1 0 0 0 0 0 0 1 0 0 0 0 1 1
60	1	1 1 0 0 1 0 0 0 1 0 0 0 0 0 1 1
80	186	1 0 1 0 0 0 1 0 0 1 0 0 0 0 1 1
80	2	1 1 0 0 0 0 0 0 0 0 0 0 0 0 0 1
80	4	1 0 1 0 0 0 1 0 0 1 0 1 0 0 1 1
80	142	1 0 1 0 0 0 1 0 0 1 0 0 0 0 1 0
80	46	1 0 1 0 0 0 1 0 0 1 0 0 0 1 0 0
80	3	1 0 1 0 0 0 1 0 0 1 0 0 0 0 0 1
80	15	1 0 1 0 0 0 0 0 0 1 0 0 0 0 1 1
80	25	1 0 1 0 1 0 1 0 0 1 0 0 0 0 1 1
80	11	1 0 0 0 0 0 1 0 0 1 0 0 0 0 1 1
80	29	1 0 1 0 0 0 1 0 0 1 0 0 1 0 1 1
80	23	1 0 1 0 0 0 0 0 0 0 0 0 0 0 0 1
80	13	1 1 1 1 0 0 1 0 0 1 0 0 0 0 1 1
80	7	1 0 1 0 0 0 1 0 1 1 0 0 0 0 1 1
80	5	1 0 1 0 0 0 1 0 0 0 0 0 0 0 0 1
80	17	1 1 0 0 0 0 1 0 0 1 1 0 0 0 1 1
80	71	1 0 1 0 0 0 1 0 0 1 1 0 0 0 1 0
80	8	1 0 0 0 0 0 1 0 0 1 0 1 0 0 1 1
80	3	1 0 1 0 0 0 0 1 0 0 0 0 0 0 0 1
80	7	1 0 1 0 0 0 0 0 0 1 1 0 0 0 1 1
80	7	1 1 1 1 0 0 1 0 0 1 0 0 0 0 1 0
80	10	1 0 1 1 0 0 1 0 0 1 0 0 0 0 1 1
80	79	1 1 0 0 0 0 1 0 0 1 1 0 0 0 1 0
80	19	1 0 1 1 0 0 1 0 0 1 1 0 0 0 1 0
80	8	1 1 1 1 0 0 1 0 0 1 0 0 1 0 1 1
80	4	1 1 1 0 0 0 1 0 0 1 0 0 0 0 1 1
80	10	1 1 0 0 0 0 0 0 0 0 1 0 0 0 1 1
80	11	1 1 0 0 0 0 0 0 0 0 0 1 0 0 1 1
80	26	1 0 1 0 0 0 0 0 0 1 1 0 0 1 1 1
80	3	1 0 1 0 0 0 1 0 0 1 1 0 0 0 1 1
80	7	1 1 0 0 0 0 1 0 0 1 0 0 1 0 1 1
80	4	1 0 1 0 0 0 0 1 0 1 0 0 0 0 1 1
80	3	1 0 1 0 1 0 0 1 0 1 0 0 0 0 1 1
80	11	1 0 1 0 0 0 1 0 0 1 1 0 1 0 1 0
80	9	1 1 0 0 0 0 0 0 0 1 0 0 0 0 1 1
80	1	1 1 0 0 0 1 1 0 0 1 0 0 1 0 1 1
80	8	1 0 1 0 0 0 1 0 1 1 1 0 0 0 1 0
80	6	1 0 1 0 0 0 0 0 0 0 1 0 0 0 1 1
80	2	1 0 1 0 0 0 1 0 0 1 0 1 0 0 1 0
80	6	1 0 1 0 0 0 1 0 1 1 0 0 1 0 1 1
80	7	1 0 0 0 0 0 0 0 0 0 0 1 0 0 1 1
80	8	1 0 1 0 0 0 1 0 0 1 0 0 0 1 0 1
80	5	1 0 0 0 0 0 0 0 0 0 0 0 0 1 0 0
80	5	1 0 1 1 0 0 0 0 0 1 1 1 0 1 1 1
80	2	1 1 1 0 0 1 0 0 0 0 0 0 0 0 1 0
80	11	1 0 1 0 0 0 1 0 1 1 1 1 0 0 1 0
80	8	1 0 1 0 0 0 1 0 0 1 0 0 0 1 1 1
80	6	1 0 1 0 0 0 1 0 0 1 0 0 1 0 1 0
80	6	1 0 1 0 1 0 1 0 0 1 0 0 0 0 0 1
80	3	1 1 0 0 0 0 0 0 0 1 1 0 0 0 1 0
80	5	1 1 1 0 0 0 1 0 0 1 0 0 0 1 1 1
80	2	1 0 1 0 0 0 0 0 0 0 0 1 0 0 1 1
80	3	1 0 0 0 0 0 0 0 0 1 0 0 0 0 1 1
80	11	1 0 1 0 0 0 1 0 0 1 0 0 0 0 0 0
80	1	1 1 1 1 0 0 1 0 1 1 0 0 0 0 1 0
80	15	1 0 1 0 0 0 1 0 1 1 0 1 0 0 1 0
80	5	1 0 1 0 0 0 1 0 0 1 1 0 0 0 0 1
80	3	1 1 0 0 0 0 1 0 0 1 1 0 0 0 0 0
80	9	1 0 1 0 1 0 1 0 0 1 0 0 0 1 1 1
80	4	1 0 1 0 0 0 0 0 0 1 0 0 0 0 1 0
80	1	1 1 1 0 0 0 1 0 0 1 0 0 0 0 0 1
80	1	1 1 0 0 0 0 0 0 0 0 0 1 0 0 1 0
80	3	1 0 1 0 0 1 1 0 0 1 0 0 0 0 1 0
80	1	0 1 0 0 0 0 1 0 0 1 1 0 0 0 1 1
80	3	1 0 1 1 0 0 1 0 0 1 0 0 0 0 1 0
80	9	1 0 1 0 0 0 0 1 0 1 1 0 0 0 1 0
80	1	1 0 1 0 1 0 1 0 0 1 0 0 0 0 0 0
80	1	1 1 0 0 1 0 1 0 0 1 1 0 0 0 1 0
80	2	1 1 0 0 0 0 1 1 0 1 1 0 0 0 1 0
80	1	1 0 1 0 0 1 0 1 0 1 0 0 0 0 1 1
80	1	1 0 1 0 0 0 1 0 1 1 0 0 0 0 1 0
80	1	1 0 1 0 1 0 1 0 0 1 0 0 1 0 1 1
80	1	0 0 1 0 0 0 1 0 0 1 0 0 1 0 1 1
80	1	0 0 1 0 0 0 1 0 0 1 1 0 0 0 1 0
80	1	1 0 0 0 0 0 1 0 0 1 1 0 0 0 1 0
80	1	1 1 0 0 0 0 1 0 0 1 0 0 1 0 0 1
80	1	1 0 1 0 0 0 1 0 0 0 1 0 1 0 1 0
100	42	1 0 1 0 0 0 1 0 0 1 0 0 0 0 1 1
100	176	1 0 1 0 0 0 1 0 0 1 0 0 0 0 1 0
100	83	1 0 1 0 0 0 1 0 0 1 0 0 0 1 0 0
100	6	1 0 1 0 0 0 1 0 0 1 0 0 0 0 0 1
100	14	1 0 1 0 0 0 0 0 0 1 0 0 0 0 1 1
100	12	1 0 1 0 1 0 1 0 0 1 0 0 0 0 1 1
100	7	1 0 1 0 0 0 0 0 0 0 0 0 0 0 0 1
100	21	1 1 1 1 0 0 1 0 0 1 0 0 0 0 1 1
100	5	1 0 1 0 0 0 1 0 1 1 0 0 0 0 1 1
100	12	1 1 0 0 0 0 1 0 0 1 1 0 0 0 1 1
100	40	1 0 1 0 0 0 1 0 0 1 1 0 0 0 1 0
100	7	1 1 1 1 0 0 1 0 0 1 0 0 0 0 1 0
100	33	1 0 1 1 0 0 1 0 0 1 0 0 0 0 1 1
100	75	1 1 0 0 0 0 1 0 0 1 1 0 0 0 1 0
100	48	1 0 1 1 0 0 1 0 0 1 1 0 0 0 1 0
100	3	1 1 1 0 0 0 1 0 0 1 0 0 0 0 1 1
100	7	1 1 0 0 0 0 0 0 0 0 0 1 0 0 1 1
100	4	1 0 1 0 0 0 0 0 0 1 1 0 0 1 1 1
100	15	1 1 0 0 0 0 1 0 0 1 0 0 1 0 1 1
100	5	1 0 1 0 1 0 0 1 0 1 0 0 0 0 1 1
100	7	1 1 0 0 0 0 0 0 0 1 0 0 0 0 1 1
100	11	1 0 1 0 0 0 1 0 1 1 1 0 0 0 1 0
100	3	1 0 1 0 0 0 1 0 1 1 1 1 0 0 1 0
100	17	1 0 1 0 0 0 1 0 0 1 0 0 0 1 1 1
100	7	1 0 1 0 0 0 1 0 0 1 0 0 1 0 1 0
100	1	1 0 1 0 1 0 1 0 0 1 0 0 0 0 0 1
100	26	1 1 0 0 0 0 0 0 0 1 1 0 0 0 1 0
100	42	1 0 1 0 0 0 1 0 1 1 0 1 0 0 1 0
100	27	1 0 1 0 0 0 1 0 0 1 1 0 0 0 0 1
100	5	1 1 0 0 0 0 1 0 0 1 1 0 0 0 0 0
100	3	1 0 1 0 1 0 1 0 0 1 0 0 0 1 1 1
100	4	1 0 1 0 0 0 0 0 0 1 0 0 0 0 1 0
100	7	1 0 1 1 0 0 1 0 0 1 0 0 0 0 1 0
100	8	1 0 1 0 0 0 1 0 0 1 0 0 0 1 1 0
100	3	1 0 1 0 0 0 0 0 0 1 0 0 1 0 1 0
100	1	1 0 1 0 0 0 1 0 0 0 0 0 0 0 0 0
100	7	1 1 0 0 0 0 1 0 0 1 1 1 0 0 1 1
100	9	1 0 0 0 0 0 1 0 0 1 0 0 0 0 1 0
100	14	1 0 1 0 0 0 1 1 0 1 0 0 0 0 1 0
100	1	1 0 0 0 0 0 1 0 0 1 1 0 0 0 1 0
100	8	1 1 0 0 0 0 0 0 0 1 0 0 1 0 1 0
100	7	1 1 1 0 0 0 1 0 0 1 0 0 0 0 1 0
100	4	1 1 0 0 0 0 1 0 0 1 0 0 0 1 1 1
100	7	1 0 1 1 0 0 1 0 0 1 1 0 0 0 0 1
100	4	1 0 1 1 0 0 1 0 0 1 1 1 0 0 1 0
100	1	1 0 1 0 1 1 1 0 0 1 0 0 0 0 1 0
100	4	1 0 1 0 0 0 1 0 1 1 0 1 0 0 1 1
100	11	1 1 0 0 0 0 1 0 0 1 0 0 0 0 1 1
100	2	1 0 1 1 0 0 0 0 0 0 0 0 0 0 0 1
100	1	1 0 1 1 0 0 0 0 0 1 1 1 0 1 1 0
100	2	1 1 0 0 0 0 1 0 1 1 0 0 0 1 1 1
100	2	1 1 0 0 0 0 1 0 0 1 0 0 0 0 1 0
100	2	1 1 0 0 0 0 0 0 0 1 1 0 0 1 1 1
100	20	1 0 1 0 0 0 1 0 0 1 0 0 0 0 0 0
100	3	1 0 1 0 0 1 1 0 0 1 0 0 0 0 1 0
100	4	1 0 1 0 0 1 1 0 0 1 0 0 0 1 0 0
100	4	1 0 1 1 0 0 1 0 0 0 0 0 0 0 1 1
100	6	1 1 0 0 1 0 1 0 0 1 1 0 0 0 0 0
100	2	1 0 1 0 0 0 0 1 0 1 0 0 0 0 1 0
100	6	1 1 0 0 0 0 0 0 0 0 0 1 0 0 1 0
100	4	1 1 1 1 0 0 1 0 0 1 0 0 0 0 0 1
100	5	0 0 1 0 0 0 1 0 1 1 0 0 0 0 1 1
100	5	1 0 0 1 0 0 1 0 0 1 0 0 0 0 1 1
100	5	1 0 1 0 1 0 1 0 0 1 1 0 0 0 0 1
100	2	1 1 0 0 0 0 1 0 0 1 1 1 0 0 1 0
100	1	1 0 1 1 0 1 0 0 0 0 0 0 0 0 0 1
100	4	1 1 1 1 0 0 1 0 0 1 1 0 0 0 1 0
100	2	1 1 0 0 0 0 1 0 0 1 0 0 0 1 0 0
100	2	1 0 1 0 0 0 1 1 0 1 0 0 0 0 1 1
100	1	1 0 1 0 0 0 1 1 1 1 0 0 0 0 1 1
100	4	1 0 1 0 0 0 1 0 0 1 0 1 0 0 0 1
100	1	1 0 1 0 1 0 1 0 1 1 0 0 0 1 1 1
100	2	1 0 1 0 0 1 1 0 0 1 0 0 0 0 1 1
100	4	1 0 1 0 1 0 1 0 0 1 0 0 0 1 0 0
100	3	1 0 1 0 0 0 1 0 1 1 0 0 0 1 0 0
100	3	1 0 1 0 0 0 1 0 0 1 1 0 0 1 1 0
100	1	1 0 1 0 0 1 1 0 0 1 1 0 0 0 0 1
100	2	1 0 1 1 0 0 0 0 0 1 0 0 1 0 1 0
100	4	1 1 0 0 1 0 1 0 0 1 0 0 0 0 1 1
100	3	1 1 0 1 0 0 1 0 0 1 0 0 0 0 1 1
100	7	0 0 1 0 0 0 1 0 0 1 0 0 0 0 0 0
100	2	1 1 1 1 0 1 1 0 0 1 0 0 0 1 0 0
100	1	1 0 1 0 0 1 1 0 0 1 0 0 0 0 0 0
100	1	1 0 1 0 0 0 1 1 0 1 0 0 0 1 0 0
100	2	1 1 1 1 0 0 0 0 0 1 0 0 0 0 1 1
100	3	1 0 1 0 0 0 1 0 1 0 0 1 0 0 1 0
100	1	1 1 0 0 0 0 1 0 0 1 1 1 0 0 0 0
100	4	1 0 0 0 0 0 1 0 0 1 0 0 0 0 0 0
100	1	1 0 0 1 0 0 1 0 0 0 0 0 0 0 1 1
100	2	0 0 1 0 1 0 1 0 1 1 0 0 0 0 1 1
120	70	1 0 1 0 0 0 1 0 0 1 0 0 0 0 1 1
120	126	1 0 1 0 0 0 1 0 0 1 0 0 0 0 1 0
120	64	1 0 1 0 0 0 1 0 0 1 0 0 0 1 0 0
120	21	1 0 1 0 0 0 0 0 0 1 0 0 0 0 1 1
120	1	1 0 1 0 1 0 1 0 0 1 0 0 0 0 1 1
120	11	1 1 1 1 0 0 1 0 0 1 0 0 0 0 1 1
120	72	1 0 1 0 0 0 1 0 0 1 1 0 0 0 1 0
120	5	1 1 1 1 0 0 1 0 0 1 0 0 0 0 1 0
120	51	1 1 0 0 0 0 1 0 0 1 1 0 0 0 1 0
120	10	1 0 1 1 0 0 1 0 0 1 1 0 0 0 1 0
120	7	1 1 0 0 0 0 0 0 0 0 0 1 0 0 1 1
120	3	1 0 1 0 0 0 0 0 0 1 1 0 0 1 1 1
120	8	1 1 0 0 0 0 0 0 0 1 0 0 0 0 1 1
120	2	1 0 1 0 0 0 1 0 1 1 1 0 0 0 1 0
120	6	1 0 1 0 0 0 1 0 0 1 0 0 0 1 1 1
120	4	1 0 1 0 0 0 1 0 0 1 0 0 1 0 1 0
120	20	1 1 0 0 0 0 0 0 0 1 1 0 0 0 1 0
120	5	1 0 1 0 0 0 1 0 1 1 0 1 0 0 1 0
120	27	1 0 1 0 0 0 1 0 0 1 1 0 0 0 0 1
120	2	1 0 1 1 0 0 1 0 0 1 0 0 0 0 1 0
120	6	1 0 1 0 0 0 1 1 0 1 0 0 0 0 1 0
120	20	1 1 0 0 0 0 0 0 0 1 0 0 1 0 1 0
120	17	1 1 1 0 0 0 1 0 0 1 0 0 0 0 1 0
120	10	1 1 0 0 0 0 1 0 0 1 0 0 0 0 1 1
120	9	1 1 0 0 0 0 1 0 0 1 0 0 0 0 1 0
120	25	1 0 1 0 0 0 1 0 0 1 0 0 0 0 0 0
120	6	1 0 1 0 0 1 1 0 0 1 0 0 0 1 0 0
120	12	1 0 1 0 0 0 1 1 0 1 0 0 0 0 1 1
120	54	1 0 1 0 0 0 1 0 0 1 0 1 0 0 0 1
120	13	1 0 1 0 0 0 1 1 0 1 0 0 0 1 0 0
120	5	1 0 1 0 0 0 1 0 1 0 0 1 0 0 1 0
120	29	1 0 0 0 0 0 1 0 0 1 0 0 0 0 0 0
120	4	1 1 1 1 1 0 1 0 0 1 0 0 0 0 1 0
120	12	1 0 1 0 0 0 1 0 0 1 0 0 1 0 0 0
120	13	1 1 1 0 0 0 1 0 0 1 0 0 0 0 0 0
120	2	1 0 1 1 1 0 1 0 0 1 1 0 0 0 1 0
120	5	1 0 0 0 0 0 0 0 0 0 0 1 0 0 1 1
120	2	1 0 1 1 0 0 1 0 0 1 1 1 0 0 1 0
120	5	1 0 1 0 0 0 1 0 1 1 0 1 0 1 1 0
120	3	1 1 0 1 0 0 1 0 0 1 0 0 0 0 1 0
120	4	1 0 1 0 0 0 1 0 0 0 0 0 0 1 0 0
120	14	1 1 1 0 0 0 0 0 0 1 0 0 1 0 1 0
120	7	1 1 0 0 0 1 1 0 0 1 0 0 0 0 1 1
120	1	1 0 1 0 1 0 1 0 0 1 0 0 0 0 1 0
120	3	1 0 1 1 0 0 1 0 0 1 0 0 0 1 0 0
120	8	1 1 1 1 0 0 1 0 0 1 1 0 0 0 1 0
120	1	1 1 0 0 0 0 0 0 0 1 1 0 1 0 1 0
120	2	1 1 0 0 0 0 1 0 0 1 0 1 0 0 1 0
120	4	1 0 0 0 0 0 1 0 0 1 1 0 0 0 1 0
120	5	1 1 0 0 1 0 1 0 0 1 0 0 0 0 1 0
120	4	1 1 0 0 1 0 1 0 0 1 1 0 0 0 1 0
120	5	1 0 0 0 0 0 1 0 1 1 1 0 0 0 1 0
120	18	1 0 1 0 0 0 1 0 0 1 0 0 0 0 0 1
120	2	1 1 0 0 0 0 1 1 0 1 0 0 0 0 1 0
120	6	1 1 0 0 0 0 0 0 0 1 0 0 0 0 1 0
120	1	1 0 1 0 0 0 1 0 0 1 0 0 0 1 1 0
120	15	1 0 1 1 0 0 0 0 0 1 0 0 0 0 1 1
120	4	1 0 0 0 0 0 0 0 0 0 0 0 0 0 0 1
120	3	1 0 0 0 0 0 1 0 1 1 0 1 0 0 1 0
120	5	1 0 0 0 0 0 1 0 0 0 0 0 0 0 1 0
120	2	1 1 1 1 0 0 1 0 0 1 0 0 0 1 0 0
120	3	1 0 1 0 0 0 1 0 0 1 1 0 0 0 1 1
120	10	1 0 1 0 0 0 1 0 0 1 1 0 0 1 1 0
120	1	1 1 0 0 0 0 0 0 1 1 1 0 0 0 1 0
120	1	1 0 1 1 0 0 1 0 0 1 0 0 0 0 0 0
120	3	1 1 1 1 0 1 1 0 0 1 0 0 0 0 1 1
120	1	1 0 1 0 1 0 0 1 0 1 0 0 1 0 1 1
120	5	1 0 1 0 0 0 0 0 0 1 0 0 0 0 1 0
120	4	1 1 0 1 0 0 1 0 0 1 1 0 0 0 1 0
120	4	1 0 1 0 0 0 1 0 1 1 1 0 1 0 1 0
120	9	1 0 0 0 0 1 1 0 0 1 0 0 0 1 0 0
120	6	1 1 0 0 0 0 0 0 0 1 0 1 0 0 1 0
120	5	1 1 0 0 1 0 0 0 0 0 0 1 0 0 1 1
120	2	1 1 0 0 0 0 0 0 0 1 0 0 0 1 1 1
120	5	1 1 0 0 1 0 0 0 0 1 1 0 0 0 1 0
120	1	1 1 1 0 1 0 1 0 0 1 0 0 0 0 1 0
120	4	1 1 0 0 0 0 1 0 1 1 0 0 0 0 1 1
120	5	1 1 0 0 0 0 0 1 0 1 0 0 1 0 1 1
120	1	1 1 0 0 0 0 0 0 0 1 1 0 0 1 0 0
120	5	1 1 1 1 0 1 1 0 0 0 0 1 0 0 1 1
120	8	1 0 1 0 0 0 1 0 0 0 0 0 0 0 1 0
120	3	1 0 1 0 1 0 1 0 0 1 0 0 0 1 0 0
120	1	1 1 0 0 0 0 1 0 0 1 1 0 1 0 1 0
120	1	1 0 1 1 0 0 1 0 0 1 1 0 0 0 1 1
120	3	1 0 1 0 1 0 1 0 0 1 0 0 0 0 0 0
120	1	1 0 1 0 0 0 1 1 0 1 0 0 0 0 0 0
120	9	1 0 1 0 0 0 1 0 0 1 0 1 0 0 0 0
120	1	1 0 1 0 0 0 0 0 0 1 0 0 1 0 1 0
120	1	1 0 0 0 0 0 1 0 0 1 0 0 0 1 0 0
120	1	1 0 1 0 0 0 1 1 0 1 1 0 0 0 0 1
120	2	1 0 1 0 0 0 1 0 0 1 1 0 0 1 0 1
120	1	1 1 1 0 0 0 0 0 1 1 0 0 1 0 1 0
120	1	1 1 0 0 0 0 1 0 0 1 0 1 0 0 0 0
120	2	0 0 0 0 0 0 1 0 1 1 1 0 0 0 1 0
120	2	1 0 1 0 0 0 1 0 0 0 0 0 0 1 1 0
120	3	1 0 1 0 0 0 1 0 1 0 0 1 1 0 1 0
120	1	1 1 1 0 0 0 1 0 0 1 1 0 0 0 0 1
120	1	1 1 0 0 0 0 0 0 0 1 0 0 0 1 0 0
120	1	1 0 1 0 0 0 0 0 0 1 0 0 0 0 0 0
120	1	1 1 0 0 0 0 1 0 0 1 0 0 1 0 1 0
140	30	1 0 1 0 0 0 1 0 0 1 0 0 0 0 1 1
140	160	1 0 1 0 0 0 1 0 0 1 0 0 0 0 1 0
140	11	1 0 1 0 0 0 1 0 0 1 0 0 0 1 0 0
140	11	1 0 1 0 0 0 0 0 0 1 0 0 0 0 1 1
140	32	1 1 1 1 0 0 1 0 0 1 0 0 0 0 1 1
140	83	1 0 1 0 0 0 1 0 0 1 1 0 0 0 1 0
140	3	1 1 0 0 0 0 1 0 0 1 1 0 0 0 1 0
140	9	1 1 0 0 0 0 0 0 0 1 0 0 0 0 1 1
140	29	1 1 0 0 0 0 0 0 0 1 1 0 0 0 1 0
140	6	1 0 1 0 0 0 1 0 0 1 1 0 0 0 0 1
140	3	1 0 1 1 0 0 1 0 0 1 0 0 0 0 1 0
140	1	1 1 0 0 0 0 0 0 0 1 0 0 1 0 1 0
140	7	1 1 1 0 0 0 1 0 0 1 0 0 0 0 1 0
140	6	1 1 0 0 0 0 1 0 0 1 0 0 0 0 1 1
140	13	1 1 0 0 0 0 1 0 0 1 0 0 0 0 1 0
140	5	1 0 1 0 0 0 1 0 0 1 0 0 0 0 0 0
140	12	1 0 1 0 0 1 1 0 0 1 0 0 0 1 0 0
140	2	1 0 1 0 0 0 1 1 0 1 0 0 0 0 1 1
140	8	1 0 1 0 0 0 1 0 0 1 0 1 0 0 0 1
140	8	1 0 1 0 0 0 1 1 0 1 0 0 0 1 0 0
140	9	1 0 0 0 0 0 1 0 0 1 0 0 0 0 0 0
140	8	1 1 1 1 1 0 1 0 0 1 0 0 0 0 1 0
140	40	1 0 1 0 0 0 1 0 0 1 0 0 1 0 0 0
140	35	1 1 1 0 0 0 1 0 0 1 0 0 0 0 0 0
140	9	1 0 0 0 0 0 0 0 0 0 0 1 0 0 1 1
140	19	1 1 1 0 0 0 0 0 0 1 0 0 1 0 1 0
140	1	1 1 0 0 0 1 1 0 0 1 0 0 0 0 1 1
140	26	1 1 1 1 0 0 1 0 0 1 1 0 0 0 1 0
140	21	1 0 0 0 0 0 1 0 0 1 1 0 0 0 1 0
140	4	1 1 0 0 0 0 0 0 0 1 0 0 0 0 1 0
140	4	1 0 1 0 0 0 1 0 0 1 0 0 0 1 1 0
140	14	1 0 1 1 0 0 0 0 0 1 0 0 0 0 1 1
140	1	1 0 1 0 0 0 1 0 0 1 1 0 0 1 1 0
140	1	1 1 1 1 0 1 1 0 0 1 0 0 0 0 1 1
140	13	1 0 1 0 0 0 0 0 0 1 0 0 0 0 1 0
140	11	1 0 1 0 0 0 1 0 1 1 1 0 1 0 1 0
140	3	1 0 0 0 0 1 1 0 0 1 0 0 0 1 0 0
140	10	1 1 0 0 1 0 0 0 0 1 1 0 0 0 1 0
140	7	1 0 1 0 0 0 1 0 0 0 0 0 0 0 1 0
140	11	1 0 1 0 1 0 1 0 0 1 0 0 0 0 0 0
140	45	1 0 1 0 0 0 1 1 0 1 0 0 0 0 0 0
140	19	1 0 1 0 0 0 1 0 0 1 0 1 0 0 0 0
140	8	1 0 1 0 0 0 0 0 0 1 0 0 1 0 1 0
140	23	1 0 1 0 0 0 1 0 0 0 0 0 0 1 1 0
140	1	1 1 1 0 0 0 1 0 0 1 0 0 0 1 1 0
140	8	1 0 0 0 0 0 0 0 0 1 1 0 0 0 1 0
140	24	1 0 0 0 0 0 1 0 0 1 0 0 0 0 1 0
140	11	1 0 1 0 1 0 1 0 0 1 1 0 0 0 1 0
140	3	1 1 1 0 0 0 1 0 1 1 0 0 0 0 1 0
140	13	1 1 1 0 0 0 0 0 0 1 0 0 1 0 1 1
140	1	0 1 1 1 0 0 1 0 0 1 1 0 0 0 1 0
140	9	1 0 1 1 0 0 0 0 0 1 0 0 0 1 1 1
140	1	1 1 1 0 0 0 1 0 0 1 1 0 0 0 0 1
140	9	1 1 1 0 0 0 1 0 0 1 1 0 0 0 1 0
140	7	1 0 0 0 0 0 1 1 0 1 0 0 0 0 0 0
140	6	1 1 0 0 0 0 1 0 0 1 1 0 0 1 1 0
140	11	1 1 1 1 0 0 1 0 0 1 0 0 0 0 0 0
140	1	1 0 1 0 0 0 1 0 0 1 1 1 0 0 1 0
140	13	1 1 0 1 0 0 1 0 0 1 1 0 0 0 0 0
140	6	1 0 1 0 1 0 1 0 0 1 0 0 0 0 0 1
140	1	0 0 1 0 0 0 1 0 0 1 0 0 0 0 1 1
140	3	1 1 0 0 0 0 1 0 1 1 1 0 0 0 1 0
140	2	1 1 0 0 0 1 0 0 0 1 1 0 0 0 1 0
140	1	0 1 1 1 0 0 1 0 0 1 1 0 0 0 1 1
140	1	1 0 1 0 0 0 1 0 0 0 0 1 0 1 0 0
140	2	1 0 1 0 0 1 1 0 0 1 0 0 0 1 0 1
140	1	1 0 1 0 0 0 1 0 0 1 0 0 1 1 0 0
140	1	1 0 1 0 0 0 1 0 0 0 0 1 0 0 1 1
140	4	1 1 0 0 0 0 1 0 0 1 0 1 0 0 0 1
140	1	1 0 1 0 1 0 1 0 0 1 0 1 0 0 0 1
140	3	1 0 0 1 0 0 0 0 0 1 0 0 0 0 1 0
140	4	1 0 1 0 0 0 1 0 0 1 0 0 0 0 0 1
140	6	1 1 0 0 0 0 0 0 0 0 1 0 0 0 1 0
140	2	1 1 1 0 0 0 1 1 0 1 0 0 0 0 0 0
140	8	1 1 0 1 0 0 1 0 0 1 1 0 0 0 1 0
140	4	1 1 1 0 0 0 0 0 0 1 0 0 0 0 1 1
140	7	1 1 1 0 0 0 1 1 0 1 1 0 0 0 1 0
140	1	1 0 1 0 0 0 1 0 0 1 1 0 0 0 1 1
140	1	1 0 1 0 1 0 1 0 1 1 1 0 1 0 1 0
140	2	1 0 1 1 1 0 0 0 0 1 0 0 0 0 1 1
140	2	1 0 0 1 0 1 1 0 0 1 0 0 0 1 1 1
140	1	1 0 1 0 0 1 1 0 0 1 0 0 0 0 0 1
140	3	1 0 1 0 1 0 1 0 0 1 1 0 0 0 1 1
140	2	1 0 1 0 0 1 1 0 0 1 0 0 0 0 1 0
140	1	0 0 1 1 0 0 1 0 0 1 1 0 0 0 1 0
140	3	1 1 1 0 0 1 1 0 0 1 0 0 0 0 1 1
140	4	1 0 1 0 0 0 1 0 0 0 0 1 0 0 0 0
140	1	0 0 1 0 1 0 1 0 0 1 1 0 0 0 1 0
140	1	1 1 1 1 0 0 1 0 0 1 0 0 0 1 0 0
140	2	1 1 1 0 0 1 0 0 0 1 1 0 0 0 1 0
140	1	1 0 1 0 0 0 0 0 0 1 1 0 0 0 1 0
140	3	1 0 1 0 0 0 1 0 0 1 0 0 1 0 1 0
140	3	1 0 0 0 0 0 1 0 0 1 0 0 1 0 1 0
140	1	1 0 0 1 1 0 1 0 0 1 0 0 0 0 1 0
140	3	1 0 1 0 0 0 1 1 0 1 0 0 0 0 1 0
140	1	1 1 1 0 0 0 1 0 0 1 0 0 0 0 1 1
140	1	1 1 0 0 0 0 1 0 0 0 0 0 0 0 1 1
140	2	1 1 1 1 1 0 1 0 0 1 1 0 0 0 1 0
140	3	1 0 0 0 1 0 1 0 0 1 1 0 0 0 1 0
140	1	1 0 1 1 0 0 0 0 1 1 0 0 0 0 1 1
140	1	1 1 1 1 0 1 1 0 0 1 0 0 0 0 0 0
160	9	1 0 1 0 0 0 1 0 0 1 0 0 0 0 1 1
160	52	1 0 1 0 0 0 1 0 0 1 0 0 0 0 1 0
160	1	1 0 1 0 0 0 1 0 0 1 0 0 0 1 0 0
160	12	1 1 1 1 0 0 1 0 0 1 0 0 0 0 1 1
160	90	1 0 1 0 0 0 1 0 0 1 1 0 0 0 1 0
160	36	1 1 0 0 0 0 0 0 0 1 1 0 0 0 1 0
160	19	1 0 1 1 0 0 1 0 0 1 0 0 0 0 1 0
160	24	1 1 1 0 0 0 1 0 0 1 0 0 0 0 1 0
160	16	1 1 0 0 0 0 1 0 0 1 0 0 0 0 1 0
160	44	1 0 1 0 0 0 1 0 0 1 0 0 0 0 0 0
160	12	1 0 1 0 0 1 1 0 0 1 0 0 0 1 0 0
160	18	1 0 1 0 0 0 1 0 0 1 0 1 0 0 0 1
160	28	1 0 1 0 0 0 1 0 0 1 0 0 1 0 0 0
160	79	1 1 1 0 0 0 1 0 0 1 0 0 0 0 0 0
160	66	1 1 1 1 0 0 1 0 0 1 1 0 0 0 1 0
160	7	1 0 0 0 0 0 1 0 0 1 1 0 0 0 1 0
160	15	1 1 0 0 0 0 0 0 0 1 0 0 0 0 1 0
160	1	1 0 1 0 0 0 0 0 0 1 0 0 0 0 1 0
160	3	1 0 1 0 0 0 1 0 1 1 1 0 1 0 1 0
160	3	1 0 0 0 0 1 1 0 0 1 0 0 0 1 0 0
160	3	1 1 0 0 1 0 0 0 0 1 1 0 0 0 1 0
160	14	1 0 1 0 1 0 1 0 0 1 0 0 0 0 0 0
160	20	1 0 1 0 0 0 1 1 0 1 0 0 0 0 0 0
160	7	1 0 1 0 0 0 0 0 0 1 0 0 1 0 1 0
160	2	1 0 1 0 0 0 1 0 0 0 0 0 0 1 1 0
160	2	1 1 1 0 0 0 0 0 0 1 0 0 1 0 1 1
160	7	1 1 1 0 0 0 1 0 0 1 1 0 0 0 1 0
160	22	1 0 1 0 0 0 1 0 0 1 1 1 0 0 1 0
160	13	1 0 1 0 0 0 1 0 0 0 0 1 0 1 0 0
160	13	1 0 1 0 0 0 1 0 0 1 0 0 1 1 0 0
160	3	1 0 0 1 0 0 0 0 0 1 0 0 0 0 1 0
160	1	1 0 1 0 0 0 1 0 0 1 0 0 0 0 0 1
160	9	1 1 1 0 0 0 1 1 0 1 0 0 0 0 0 0
160	86	1 1 0 1 0 0 1 0 0 1 1 0 0 0 1 0
160	3	1 1 1 0 0 1 0 0 0 1 1 0 0 0 1 0
160	18	1 0 1 0 0 0 1 0 0 1 0 0 1 0 1 0
160	6	1 1 0 0 1 0 0 0 0 1 1 0 0 0 0 0
160	10	0 1 1 1 0 0 1 0 0 1 0 0 0 0 1 1
160	15	1 1 1 1 0 1 1 0 0 1 1 0 0 0 1 0
160	4	1 0 1 0 0 1 1 1 0 1 0 0 0 0 0 0
160	8	1 0 1 0 0 0 1 0 0 1 1 0 0 1 0 0
160	9	1 0 1 0 0 0 1 0 1 1 0 0 0 0 1 0
160	1	0 1 1 1 0 0 1 0 0 1 1 0 0 0 1 0
160	2	1 0 0 0 0 0 1 0 0 0 0 0 0 0 0 0
160	5	1 0 1 0 0 0 1 0 0 1 1 0 0 0 0 0
160	5	1 1 1 1 0 0 1 0 0 1 0 0 0 0 1 0
160	1	1 0 0 0 1 0 1 0 0 1 0 0 0 0 0 0
160	2	1 0 1 0 1 0 1 0 0 1 0 0 0 0 1 0
160	4	1 0 1 0 0 0 1 1 0 0 0 0 0 1 1 0
160	2	1 0 1 0 0 0 1 0 0 0 1 0 0 0 1 0
160	2	1 0 1 0 0 0 1 0 1 1 0 0 0 0 1 1
160	1	1 0 1 1 0 0 1 0 0 1 1 0 0 0 1 0
160	8	1 0 1 0 0 0 1 1 0 1 0 0 1 0 0 0
160	12	1 1 1 1 0 0 1 0 0 1 0 0 0 0 0 1
160	7	1 1 1 0 0 0 1 0 0 1 1 0 0 0 0 0
160	6	1 0 0 0 1 0 1 0 0 1 0 0 0 0 1 0
160	15	1 1 1 0 0 1 0 1 0 1 1 0 0 0 0 1
160	6	1 0 1 0 0 0 1 1 0 1 1 0 0 0 1 0
160	6	1 0 1 0 0 0 1 0 0 1 1 1 0 0 0 1
160	6	1 0 1 0 1 1 1 0 0 1 0 0 0 0 0 1
160	5	1 1 1 1 0 0 1 0 0 1 0 1 0 0 1 0
160	1	0 0 1 0 0 0 1 0 1 1 1 0 1 0 0 0
160	3	1 1 1 1 0 0 1 0 0 1 1 0 0 1 1 0
160	2	1 1 0 1 0 0 0 0 0 1 1 0 0 0 1 0
160	14	0 0 1 0 0 0 1 0 0 1 1 0 0 0 1 0
160	6	1 0 1 1 0 0 1 0 0 1 0 0 1 1 0 0
160	2	0 1 1 1 0 0 1 0 1 1 0 0 0 0 1 1
160	9	1 1 0 1 0 0 1 0 0 1 0 0 0 0 1 0
160	1	1 0 1 0 0 0 1 0 0 1 1 0 1 1 0 0
160	2	1 1 1 0 0 1 0 1 0 1 1 0 0 0 0 0
160	1	1 1 1 0 0 0 0 0 0 1 0 0 0 0 0 0
160	6	1 0 0 0 0 0 1 0 0 1 1 1 0 0 1 0
160	1	1 0 1 0 0 0 1 0 0 1 1 0 1 0 1 0
160	4	1 0 1 0 0 1 1 1 0 1 0 0 0 1 0 0
160	3	1 1 1 1 0 0 1 0 0 1 1 0 0 0 0 0
160	1	1 1 1 0 0 1 0 1 0 1 1 0 0 1 0 1
160	1	1 0 1 0 0 0 0 0 0 1 1 0 0 0 1 0
160	1	1 0 1 0 0 1 1 0 0 1 0 0 0 0 1 1
160	2	1 0 0 0 0 0 1 0 0 1 0 0 1 0 0 0
160	1	1 0 1 0 1 0 1 0 0 1 0 1 0 0 0 0
160	6	1 1 0 1 1 0 1 0 0 1 1 0 0 0 1 0
160	3	1 0 0 1 1 0 1 0 0 1 0 0 0 0 1 0
160	4	1 0 1 1 0 0 1 0 0 1 0 0 0 0 1 1
160	2	1 0 1 0 0 1 1 0 0 1 1 0 0 0 1 0
160	1	1 1 1 0 0 1 0 1 0 1 0 0 1 0 1 0
160	2	0 0 1 0 0 0 1 0 0 1 0 0 0 0 1 0
160	1	1 1 1 1 0 1 1 1 0 1 1 0 0 0 1 0
160	2	1 1 1 0 0 0 1 0 0 1 0 1 0 0 0 1
160	1	1 1 1 1 0 1 1 0 0 1 0 0 0 0 0 0
160	1	0 1 0 0 0 0 0 0 0 1 1 0 0 0 1 0
160	1	1 0 0 0 0 0 1 1 0 1 1 0 0 0 1 0
160	1	1 0 1 0 0 0 1 0 0 1 1 1 1 0 1 0
160	2	1 0 1 0 0 0 1 1 1 1 0 0 0 0 1 0
160	2	1 0 1 1 0 0 1 1 0 1 0 0 1 0 0 0
160	4	1 1 1 0 0 0 0 0 0 1 0 0 1 0 1 0
180	36	1 0 1 0 0 0 1 0 0 1 0 0 0 0 1 0
180	62	1 0 1 0 0 0 1 0 0 1 1 0 0 0 1 0
180	29	1 0 1 1 0 0 1 0 0 1 0 0 0 0 1 0
180	17	1 1 1 0 0 0 1 0 0 1 0 0 0 0 1 0
180	1	1 1 0 0 0 0 1 0 0 1 0 0 0 0 1 0
180	12	1 0 1 0 0 0 1 0 0 1 0 0 0 0 0 0
180	25	1 0 1 0 0 1 1 0 0 1 0 0 0 1 0 0
180	22	1 0 1 0 0 0 1 0 0 1 0 0 1 0 0 0
180	78	1 1 1 0 0 0 1 0 0 1 0 0 0 0 0 0
180	100	1 1 1 1 0 0 1 0 0 1 1 0 0 0 1 0
180	50	1 1 0 0 0 0 0 0 0 1 0 0 0 0 1 0
180	44	1 0 1 0 1 0 1 0 0 1 0 0 0 0 0 0
180	23	1 1 1 0 0 0 1 0 0 1 1 0 0 0 1 0
180	7	1 0 1 0 0 0 1 0 0 1 1 1 0 0 1 0
180	1	1 1 1 0 0 0 1 1 0 1 0 0 0 0 0 0
180	65	1 1 0 1 0 0 1 0 0 1 1 0 0 0 1 0
180	11	1 1 0 0 1 0 0 0 0 1 1 0 0 0 0 0
180	17	1 1 1 1 0 1 1 0 0 1 1 0 0 0 1 0
180	1	1 0 1 0 0 1 1 1 0 1 0 0 0 0 0 0
180	15	1 0 1 0 0 0 1 0 1 1 0 0 0 0 1 0
180	11	1 1 1 1 0 0 1 0 0 1 0 0 0 0 1 0
180	3	1 1 1 0 0 0 1 0 0 1 1 0 0 0 0 0
180	4	1 1 1 0 0 1 0 1 0 1 1 0 0 0 0 1
180	8	1 0 1 0 0 0 1 1 0 1 1 0 0 0 1 0
180	23	1 1 1 1 0 0 1 0 0 1 0 1 0 0 1 0
180	8	1 1 1 1 0 0 1 0 0 1 1 0 0 1 1 0
180	8	1 0 1 1 0 0 1 0 0 1 0 0 1 1 0 0
180	1	0 1 1 1 0 0 1 0 1 1 0 0 0 0 1 1
180	31	1 1 0 1 0 0 1 0 0 1 0 0 0 0 1 0
180	24	1 0 1 0 1 0 1 0 0 1 0 1 0 0 0 0
180	7	1 1 0 1 1 0 1 0 0 1 1 0 0 0 1 0
180	6	1 0 0 1 1 0 1 0 0 1 0 0 0 0 1 0
180	12	1 1 1 0 0 0 0 0 0 1 0 0 1 0 1 0
180	9	1 0 1 0 0 1 1 1 0 1 1 0 0 0 1 0
180	20	1 0 1 1 0 0 1 0 0 1 1 0 0 0 1 0
180	8	1 0 1 1 0 0 1 0 0 1 0 0 0 0 0 0
180	3	1 0 1 0 0 0 1 0 1 1 1 0 0 0 1 0
180	1	1 0 1 0 0 0 0 0 0 1 1 0 0 0 1 0
180	4	1 1 0 0 0 0 1 0 0 1 0 0 0 0 0 0
180	8	1 1 1 0 0 0 1 0 0 1 0 0 1 0 0 0
180	25	1 1 1 1 0 0 0 0 0 1 0 0 0 0 1 1
180	5	1 1 1 1 0 0 0 0 0 1 0 0 0 0 1 0
180	3	1 0 0 0 0 0 1 0 0 1 1 0 0 0 1 0
180	19	1 1 1 1 0 0 1 0 0 1 0 0 0 0 0 0
180	1	1 0 1 0 0 0 1 0 0 1 1 1 0 0 0 0
180	3	1 1 1 0 1 0 1 0 0 1 0 0 0 0 0 0
180	13	1 1 0 1 0 1 1 0 0 1 1 0 0 0 1 0
180	3	1 0 1 0 1 0 1 0 0 1 1 0 0 0 1 0
180	6	1 0 1 0 0 1 1 1 0 1 0 0 0 1 0 0
180	5	1 1 1 0 1 0 1 0 0 1 0 0 0 0 1 0
180	2	1 1 0 0 1 0 0 0 0 0 1 0 0 0 0 0
180	4	1 0 0 1 0 0 1 0 0 1 1 0 0 0 1 0
180	7	1 1 1 1 0 0 1 0 0 1 1 0 0 0 0 0
180	5	1 1 1 0 0 1 1 0 0 1 0 0 0 0 1 0
180	4	1 0 1 1 0 0 1 1 0 1 1 0 0 0 1 0
180	5	1 1 0 1 0 0 1 1 0 1 1 0 0 0 1 0
180	6	1 0 1 0 0 0 1 1 1 1 1 0 0 0 1 0
180	1	1 1 0 0 0 0 0 0 0 1 0 0 0 1 0 0
180	2	1 1 0 1 0 0 1 1 0 1 0 0 0 0 1 0
180	3	1 0 1 1 1 0 1 0 0 1 0 0 0 0 1 0
180	7	1 0 1 0 1 1 1 0 0 1 0 0 0 0 0 0
180	6	1 1 0 1 0 0 1 0 1 1 1 0 0 0 1 0
180	1	1 0 0 1 0 0 1 0 0 1 1 0 0 0 0 0
180	1	1 1 1 0 0 0 1 0 1 1 0 0 0 0 0 0
180	6	0 1 1 1 0 0 1 0 0 1 1 0 0 0 1 0
180	3	1 0 1 1 0 0 1 0 1 1 1 0 0 0 1 0
180	2	1 0 1 0 0 0 1 0 1 1 1 1 0 0 0 0
180	4	1 1 0 0 0 0 0 0 0 1 0 0 0 0 1 1
180	1	1 1 1 1 0 0 1 0 0 1 0 1 0 0 0 0
180	2	1 1 1 0 0 0 1 0 0 1 1 0 0 0 1 1
180	2	1 1 1 0 0 1 1 0 0 1 0 0 0 1 0 0
180	1	1 1 1 0 1 0 1 0 0 1 0 0 0 0 1 1
180	3	1 0 1 0 1 1 1 0 0 1 0 0 0 1 0 0
180	3	1 1 1 1 0 0 1 0 0 0 1 0 0 0 1 0
180	1	1 0 1 0 1 0 1 1 0 1 0 0 0 0 0 0
180	1	1 0 1 0 1 0 1 0 0 1 0 0 0 1 0 0
180	2	1 1 1 0 1 0 1 0 0 1 1 0 0 0 1 0
180	3	1 1 0 1 0 0 1 0 0 1 0 0 0 0 0 1
180	1	1 1 1 1 1 0 0 0 0 1 0 0 0 0 1 1
180	1	1 0 1 0 1 0 1 0 0 1 0 0 0 0 1 0
180	1	1 1 0 1 0 0 0 0 0 1 0 0 0 0 0 0
180	1	1 1 1 0 0 1 0 0 0 1 0 0 0 0 1 0
180	1	1 0 1 0 0 0 1 0 0 1 1 0 1 0 1 0
180	2	1 1 1 0 0 0 1 0 0 1 0 0 0 0 1 1
180	1	1 0 0 0 1 0 1 0 0 1 1 0 0 0 1 0
180	1	1 1 1 1 0 0 1 0 0 1 1 0 0 0 0 1
180	1	1 1 0 1 0 0 1 0 1 1 1 0 0 0 1 1
180	2	1 1 0 1 0 0 1 0 1 1 1 0 1 0 1 0
180	2	1 1 0 0 0 0 1 1 0 1 0 0 1 0 1 0
200	6	1 0 1 0 0 0 1 0 0 1 0 0 0 0 1 0
200	31	1 0 1 0 0 0 1 0 0 1 1 0 0 0 1 0
200	13	1 0 1 0 0 1 1 0 0 1 0 0 0 1 0 0
200	22	1 1 1 0 0 0 1 0 0 1 0 0 0 0 0 0
200	192	1 1 1 1 0 0 1 0 0 1 1 0 0 0 1 0
200	33	1 1 0 0 0 0 0 0 0 1 0 0 0 0 1 0
200	12	1 0 1 0 1 0 1 0 0 1 0 0 0 0 0 0
200	25	1 1 1 0 0 0 1 0 0 1 1 0 0 0 1 0
200	100	1 1 0 1 0 0 1 0 0 1 1 0 0 0 1 0
200	1	1 1 1 1 0 1 1 0 0 1 1 0 0 0 1 0
200	9	1 0 1 0 0 0 1 0 1 1 0 0 0 0 1 0
200	11	1 1 1 1 0 0 1 0 0 1 1 0 0 1 1 0
200	33	1 1 0 1 0 0 1 0 0 1 0 0 0 0 1 0
200	2	1 0 1 1 0 0 1 0 0 1 1 0 0 0 1 0
200	84	1 0 1 1 0 0 1 0 0 1 0 0 0 0 0 0
200	2	1 1 1 0 0 0 1 0 0 1 0 0 1 0 0 0
200	45	1 1 1 1 0 0 0 0 0 1 0 0 0 0 1 1
200	29	1 1 1 1 0 0 1 0 0 1 0 0 0 0 0 0
200	6	1 1 0 1 0 1 1 0 0 1 1 0 0 0 1 0
200	4	1 1 1 0 1 0 1 0 0 1 0 0 0 0 1 0
200	6	1 0 0 1 0 0 1 0 0 1 1 0 0 0 1 0
200	39	1 1 0 1 0 0 1 1 0 1 1 0 0 0 1 0
200	13	1 0 1 1 1 0 1 0 0 1 0 0 0 0 1 0
200	3	0 1 1 1 0 0 1 0 0 1 1 0 0 0 1 0
200	12	1 1 0 1 0 0 1 0 0 1 0 0 0 0 0 1
200	5	1 1 0 1 0 0 1 0 0 1 0 0 0 1 1 0
200	1	0 1 1 0 0 0 0 0 0 1 0 0 1 0 1 0
200	7	1 0 1 0 1 1 1 0 0 1 1 0 0 0 1 0
200	4	1 0 1 0 0 0 1 0 0 1 1 0 0 0 0 0
200	1	1 0 1 1 0 0 0 0 0 1 0 0 0 0 1 1
200	7	1 0 1 0 0 1 1 1 0 1 0 1 0 1 0 0
200	19	1 1 1 1 0 0 1 0 0 1 0 0 1 0 1 0
200	5	1 1 1 0 1 1 1 0 0 1 0 0 0 0 0 0
200	5	1 1 0 1 0 0 1 0 0 1 0 1 0 0 0 0
200	6	1 1 0 1 0 0 1 0 0 1 0 0 1 0 0 0
200	19	1 0 1 0 0 0 1 0 0 1 0 0 0 0 0 0
200	9	1 1 1 1 1 0 1 0 0 1 1 0 0 0 0 0
200	1	0 1 0 1 0 0 1 0 0 1 0 0 0 1 1 0
200	22	1 1 0 1 0 0 1 0 0 1 0 0 0 0 0 0
200	5	1 1 1 0 0 0 1 0 0 1 0 0 0 0 1 0
200	4	1 1 1 0 0 0 1 0 0 1 0 0 0 0 0 1
200	5	1 0 1 0 0 0 1 0 0 1 0 0 0 1 1 0
200	1	1 1 0 0 0 0 0 0 0 1 0 1 0 0 1 0
200	6	1 0 0 1 0 0 1 0 0 1 0 0 0 0 0 0
200	7	1 1 1 1 0 0 1 0 0 0 1 0 0 0 0 0
200	1	1 1 0 1 0 0 1 0 0 1 1 0 0 1 1 0
200	6	1 0 1 0 0 1 1 0 0 1 1 0 0 0 1 0
200	13	1 1 1 1 0 0 0 0 0 1 0 0 0 0 1 0
200	10	1 1 1 1 0 0 1 1 0 1 1 0 0 0 1 0
200	2	1 1 1 1 0 0 1 0 0 1 1 1 0 0 1 0
200	1	1 1 1 0 0 0 1 0 0 1 1 1 0 0 1 0
200	2	0 1 1 1 0 0 0 0 0 1 0 0 0 0 1 1
200	4	1 1 1 1 0 0 1 0 0 1 0 0 1 0 0 0
200	9	1 0 1 0 1 0 1 0 0 1 1 0 0 0 1 0
200	9	1 1 1 0 0 0 0 0 0 1 1 0 0 0 1 0
200	14	1 1 1 1 0 0 0 0 0 1 0 0 1 0 1 1
200	7	1 1 1 1 0 0 0 0 0 1 0 0 0 0 0 0
200	4	1 0 1 1 0 0 1 0 0 1 0 0 0 0 1 0
200	3	1 0 1 0 0 0 1 0 0 0 1 0 0 0 1 0
200	6	1 1 1 1 0 0 1 0 0 1 1 0 1 0 1 0
200	2	1 1 0 0 0 0 1 0 0 1 1 0 0 0 1 0
200	1	1 0 1 0 0 0 1 0 0 1 1 1 0 0 0 1
200	3	1 0 1 0 0 0 1 0 0 1 1 1 0 1 0 0
200	1	1 1 1 0 0 0 1 0 0 1 0 0 1 0 1 0
200	1	1 1 1 0 0 0 1 0 0 0 0 0 0 0 0 0
200	2	1 1 0 1 0 1 1 0 0 1 0 0 0 1 1 0
200	3	1 1 0 1 0 0 1 0 0 1 0 0 1 1 1 0
200	1	1 0 1 1 0 0 1 0 0 0 0 0 0 0 0 0
200	1	1 1 0 1 0 1 1 0 0 1 1 0 0 0 1 1
200	1	1 0 1 0 0 0 1 0 0 1 0 0 0 0 1 1
200	3	1 1 1 1 0 0 1 0 0 1 1 0 0 0 0 0
200	2	1 1 1 1 0 0 0 0 0 1 1 0 0 0 1 0
200	2	1 0 1 0 0 0 1 0 0 1 1 0 0 0 1 1
200	3	1 1 1 1 0 0 1 0 0 0 1 0 0 0 1 0
200	1	1 1 1 0 1 0 1 0 0 1 0 0 0 0 0 0
200	1	1 0 1 1 0 0 1 0 0 1 1 1 0 1 0 0
200	1	1 1 1 0 0 1 1 1 0 1 0 1 0 1 0 0
200	1	1 1 0 1 0 0 1 0 0 1 1 0 0 0 0 0
200	1	0 1 0 1 0 0 1 0 0 1 0 0 0 0 1 0
200	2	1 1 0 1 0 1 1 0 0 1 0 0 0 0 1 0
200	1	1 0 0 1 0 0 1 0 0 1 0 1 0 0 0 0
200	2	1 0 0 1 0 0 1 0 0 0 1 0 0 0 0 0
200	1	1 1 1 0 0 0 0 0 0 1 1 0 0 0 0 0
220	5	1 0 1 0 0 0 1 0 0 1 0 0 0 0 1 0
220	11	1 0 1 0 0 0 1 0 0 1 1 0 0 0 1 0
220	9	1 0 1 0 0 1 1 0 0 1 0 0 0 1 0 0
220	31	1 1 1 0 0 0 1 0 0 1 0 0 0 0 0 0
220	182	1 1 1 1 0 0 1 0 0 1 1 0 0 0 1 0
220	7	1 1 0 0 0 0 0 0 0 1 0 0 0 0 1 0
220	29	1 1 1 0 0 0 1 0 0 1 1 0 0 0 1 0
220	35	1 1 0 1 0 0 1 0 0 1 1 0 0 0 1 0
220	1	1 1 1 1 0 1 1 0 0 1 1 0 0 0 1 0
220	18	1 1 1 1 0 0 1 0 0 1 1 0 0 1 1 0
220	1	1 1 0 1 0 0 1 0 0 1 0 0 0 0 1 0
220	7	1 0 1 1 0 0 1 0 0 1 1 0 0 0 1 0
220	42	1 0 1 1 0 0 1 0 0 1 0 0 0 0 0 0
220	31	1 1 1 1 0 0 0 0 0 1 0 0 0 0 1 1
220	40	1 1 1 1 0 0 1 0 0 1 0 0 0 0 0 0
220	28	1 1 0 1 0 0 1 1 0 1 1 0 0 0 1 0
220	23	0 1 1 1 0 0 1 0 0 1 1 0 0 0 1 0
220	12	1 1 0 1 0 0 1 0 0 1 0 0 0 1 1 0
220	2	1 0 1 0 0 1 1 1 0 1 0 1 0 1 0 0
220	9	1 1 1 1 0 0 1 0 0 1 0 0 1 0 1 0
220	24	1 0 1 0 0 0 1 0 0 1 0 0 0 0 0 0
220	23	1 1 1 1 1 0 1 0 0 1 1 0 0 0 0 0
220	38	1 1 0 1 0 0 1 0 0 1 0 0 0 0 0 0
220	2	1 0 1 0 0 0 1 0 0 1 0 0 0 1 1 0
220	5	1 1 1 1 0 0 0 0 0 1 0 0 0 0 1 0
220	9	1 1 1 0 0 0 0 0 0 1 1 0 0 0 1 0
220	23	1 1 1 1 0 0 0 0 0 1 0 0 1 0 1 1
220	8	1 1 1 1 0 0 0 0 0 1 0 0 0 0 0 0
220	5	1 1 0 0 0 0 1 0 0 1 1 0 0 0 1 0
220	23	1 1 1 0 0 0 1 0 0 1 0 0 1 0 1 0
220	4	1 0 1 1 0 0 1 0 0 0 0 0 0 0 0 0
220	11	1 1 1 1 0 0 1 0 0 0 1 0 0 0 1 0
220	35	1 1 0 1 0 0 1 0 0 1 1 0 0 0 0 0
220	4	1 1 1 0 0 0 1 0 1 1 0 0 0 0 1 0
220	21	1 0 1 0 1 1 1 0 0 0 1 0 0 0 1 0
220	12	1 1 1 1 0 0 1 0 0 1 0 0 0 0 1 0
220	5	1 0 1 1 0 1 1 0 0 1 1 0 0 0 1 0
220	6	1 1 1 0 0 0 0 0 0 1 0 0 0 0 1 1
220	19	1 1 0 1 0 0 1 1 0 1 1 0 0 0 0 0
220	6	1 1 1 0 0 0 1 0 0 1 1 0 0 0 0 0
220	1	1 0 1 0 0 1 0 0 0 1 0 0 0 1 0 0
220	3	1 0 1 1 0 0 1 0 0 1 0 0 0 1 0 0
220	8	1 1 1 1 0 0 1 1 0 1 1 0 0 0 1 1
220	13	1 1 1 1 0 0 1 0 0 1 1 0 0 0 0 0
220	9	1 1 0 1 0 0 1 0 0 1 0 0 0 0 0 1
220	2	1 1 0 1 0 0 1 0 0 0 1 0 0 0 1 0
220	2	0 0 1 0 0 0 1 0 0 1 0 0 0 0 0 0
220	5	0 1 1 1 0 0 1 1 0 1 1 0 0 0 1 0
220	5	1 1 1 1 0 0 1 0 0 1 0 1 0 1 0 0
220	4	1 0 1 0 0 0 1 0 0 1 0 0 0 0 0 1
220	6	0 1 0 1 0 0 1 0 0 1 1 0 0 0 0 0
220	3	1 1 1 1 0 0 1 0 0 1 0 0 0 1 1 0
220	17	1 1 1 1 0 0 1 0 0 0 0 0 0 0 0 0
220	8	1 1 1 1 0 0 1 0 0 1 0 1 0 0 0 0
220	13	1 1 1 0 1 0 1 0 0 1 0 0 1 0 1 0
220	2	1 0 1 0 0 0 1 0 0 1 1 0 0 0 1 1
220	2	1 1 0 1 0 0 1 1 0 1 1 0 0 1 0 0
220	1	1 0 1 1 0 0 1 0 0 1 0 1 0 0 0 0
220	8	1 1 0 1 0 0 1 1 0 1 0 0 0 0 1 0
220	4	1 1 1 1 1 0 1 1 0 1 1 0 0 0 1 0
220	1	1 0 1 1 0 0 0 0 0 1 0 0 0 0 1 1
220	5	1 1 1 1 0 0 1 0 0 1 1 0 0 0 1 1
220	1	1 1 1 0 1 0 1 0 0 1 0 0 0 0 0 0
220	5	1 0 1 0 0 0 1 0 0 0 1 0 0 0 1 0
220	10	1 1 1 1 0 0 1 0 1 1 1 0 0 0 1 0
220	6	1 0 1 1 1 0 1 0 0 1 0 0 0 0 0 0
220	2	0 1 0 1 0 0 1 1 0 1 1 0 0 0 1 0
220	4	1 1 1 1 0 0 1 1 0 1 0 0 0 0 0 0
220	1	1 1 0 1 0 0 0 0 0 1 0 0 0 0 1 0
220	2	1 1 0 0 0 0 1 0 0 1 1 0 0 0 0 0
220	2	1 0 1 1 0 1 1 0 0 1 0 0 0 0 0 0
220	3	1 1 0 1 0 1 1 1 0 1 1 0 0 0 1 0
220	4	1 1 1 1 0 0 0 0 1 1 0 0 1 0 1 1
220	2	1 1 1 0 0 1 1 0 0 1 0 0 1 0 1 0
220	3	1 1 1 1 0 0 1 1 0 1 1 0 0 1 0 0
220	3	1 1 0 0 0 0 0 0 0 1 0 0 0 0 1 1
220	2	1 1 0 1 0 0 1 0 0 1 0 1 0 0 0 1
220	1	1 1 0 1 0 0 1 0 1 1 1 0 0 0 1 0
220	1	1 1 1 1 0 1 1 0 0 1 0 0 1 0 1 0
220	1	1 1 1 0 0 0 1 0 0 0 0 0 0 0 0 0
220	3	0 1 0 1 0 0 1 0 0 1 1 0 0 0 1 0
220	2	1 1 1 0 0 0 0 0 0 1 1 0 1 0 1 0
220	1	1 1 1 1 0 0 1 0 0 1 0 0 1 0 1 1
220	1	1 1 0 1 0 1 1 1 0 1 0 1 0 1 0 0
220	1	1 0 1 0 0 0 1 0 1 1 1 0 0 0 1 0
220	2	1 1 1 1 0 0 1 0 0 1 0 0 0 0 0 1
220	2	0 0 1 0 0 0 1 0 0 1 0 0 0 0 1 0
220	1	1 0 1 1 0 0 0 0 0 1 0 0 1 0 1 0
220	1	1 1 1 0 0 1 1 0 0 1 0 0 0 0 0 0
220	2	1 1 0 1 0 1 1 0 0 1 1 0 0 0 1 0
220	1	1 0 1 0 0 0 1 0 1 1 0 0 0 0 0 0
220	1	1 1 1 1 1 0 1 0 1 1 1 0 0 0 0 0
220	1	1 1 1 1 1 0 1 1 0 1 1 0 0 1 1 0
240	4	1 0 1 0 0 0 1 0 0 1 0 0 0 0 1 0
240	34	1 1 1 0 0 0 1 0 0 1 0 0 0 0 0 0
240	107	1 1 1 1 0 0 1 0 0 1 1 0 0 0 1 0
240	8	1 1 0 0 0 0 0 0 0 1 0 0 0 0 1 0
240	2	1 1 1 0 0 0 1 0 0 1 1 0 0 0 1 0
240	37	1 1 0 1 0 0 1 0 0 1 1 0 0 0 1 0
240	31	1 0 1 1 0 0 1 0 0 1 1 0 0 0 1 0
240	19	1 0 1 1 0 0 1 0 0 1 0 0 0 0 0 0
240	13	1 1 1 1 0 0 0 0 0 1 0 0 0 0 1 1
240	50	1 1 1 1 0 0 1 0 0 1 0 0 0 0 0 0
240	3	1 1 0 1 0 0 1 1 0 1 1 0 0 0 1 0
240	9	0 1 1 1 0 0 1 0 0 1 1 0 0 0 1 0
240	10	1 1 1 1 0 0 1 0 0 1 0 0 1 0 1 0
240	38	1 0 1 0 0 0 1 0 0 1 0 0 0 0 0 0
240	49	1 1 0 1 0 0 1 0 0 1 0 0 0 0 0 0
240	6	1 0 1 0 0 0 1 0 0 1 0 0 0 1 1 0
240	6	1 1 1 1 0 0 0 0 0 1 0 0 1 0 1 1
240	22	1 1 1 1 0 0 0 0 0 1 0 0 0 0 0 0
240	5	1 1 0 0 0 0 1 0 0 1 1 0 0 0 1 0
240	21	1 1 1 1 0 0 1 0 0 0 1 0 0 0 1 0
240	14	1 1 0 1 0 0 1 0 0 1 1 0 0 0 0 0
240	9	1 0 1 0 1 1 1 0 0 0 1 0 0 0 1 0
240	29	1 1 0 1 0 0 1 1 0 1 1 0 0 0 0 0
240	2	1 1 1 0 0 0 1 0 0 1 1 0 0 0 0 0
240	1	1 1 1 1 0 0 1 1 0 1 1 0 0 0 1 1
240	94	1 1 1 1 0 0 1 0 0 1 1 0 0 0 0 0
240	3	0 1 1 1 0 0 1 1 0 1 1 0 0 0 1 0
240	1	1 1 1 1 0 0 1 0 0 1 0 1 0 1 0 0
240	5	1 1 1 1 0 0 1 0 0 1 0 0 0 1 1 0
240	33	1 1 1 1 0 0 1 0 0 0 0 0 0 0 0 0
240	27	1 1 1 1 0 0 1 0 0 1 0 1 0 0 0 0
240	35	1 1 1 1 0 0 1 0 0 1 1 0 0 0 1 1
240	7	1 1 1 1 0 0 1 0 1 1 1 0 0 0 1 0
240	3	1 1 0 1 0 0 0 0 0 1 0 0 0 0 1 0
240	3	1 1 0 1 0 1 1 1 0 1 1 0 0 0 1 0
240	2	1 1 1 1 0 0 1 1 0 1 1 0 0 1 0 0
240	13	1 1 1 0 0 0 0 0 0 1 1 0 1 0 1 0
240	2	1 1 1 1 0 0 1 1 0 1 1 0 0 0 1 0
240	1	1 1 0 1 0 0 0 0 0 1 0 0 0 0 0 0
240	3	1 1 1 1 0 0 1 0 0 1 0 0 1 0 1 1
240	10	1 1 0 1 0 0 1 0 0 1 1 1 0 0 1 0
240	8	1 1 0 1 1 0 1 0 0 1 1 0 0 0 1 0
240	3	1 1 1 1 1 0 1 1 1 1 1 0 0 0 1 0
240	30	1 1 1 1 1 0 1 0 0 1 1 0 0 1 0 0
240	10	1 1 0 1 0 0 0 0 0 1 1 0 0 0 1 0
240	8	1 1 1 0 0 0 1 0 0 1 0 0 1 0 0 0
240	5	1 1 1 1 1 0 1 0 0 1 0 0 0 0 1 1
240	1	1 1 1 1 0 0 1 1 0 1 1 0 0 0 0 0
240	13	1 1 1 1 1 0 1 0 0 1 0 0 0 0 0 0
240	20	1 1 0 0 0 0 1 1 0 1 1 0 0 0 0 0
240	4	1 1 1 0 0 1 1 0 1 1 0 0 0 0 1 0
240	1	1 1 1 1 0 0 1 0 0 1 0 1 1 0 1 0
240	2	1 1 1 1 0 0 1 0 0 1 1 0 0 0 0 1
240	1	1 1 1 1 0 0 1 1 0 1 0 0 0 0 1 0
240	3	0 1 1 1 1 0 1 0 0 1 0 0 0 0 0 0
240	2	1 1 1 1 0 0 1 0 0 1 1 1 0 0 0 0
240	5	1 1 0 1 0 0 0 0 0 1 1 0 0 1 1 0
240	25	1 1 0 1 0 0 1 0 0 1 0 0 0 0 1 0
240	3	1 1 0 1 0 0 1 0 0 1 0 0 0 0 0 1
240	2	1 1 1 0 0 1 1 0 0 1 1 0 0 0 1 0
240	3	1 1 0 1 0 0 1 0 0 1 1 0 1 0 1 0
240	3	1 1 1 1 0 0 0 1 0 1 1 0 0 0 1 1
240	1	1 1 1 1 0 0 1 0 0 0 0 0 0 0 1 0
240	2	1 1 1 1 0 0 1 0 0 1 0 0 0 0 1 0
240	3	1 1 1 0 0 0 1 0 0 1 0 0 0 0 1 0
240	7	1 1 1 1 0 0 0 0 0 1 1 0 0 0 1 0
240	2	1 0 1 1 0 0 1 0 0 1 1 0 0 1 1 0
240	1	1 1 1 1 0 0 1 1 0 1 1 0 0 0 0 1
240	2	1 1 0 1 0 0 1 0 0 1 0 1 0 0 0 1
240	3	1 0 1 1 0 0 1 0 0 1 1 0 0 0 0 0
240	8	1 0 1 0 1 1 1 0 0 0 1 0 0 1 0 0
240	4	1 1 1 1 0 0 1 0 0 1 1 1 0 0 1 0
240	5	1 1 0 1 0 0 1 0 1 1 1 0 0 0 1 0
240	2	1 0 1 1 1 0 1 0 0 1 1 0 0 0 0 0
240	1	1 0 1 1 0 0 1 1 0 1 1 0 0 0 1 0
240	6	1 1 1 1 0 0 0 0 0 1 0 0 0 0 1 0
240	6	1 1 1 1 0 0 1 0 0 0 1 0 0 0 1 1
240	1	1 1 1 1 1 0 1 0 0 1 1 0 1 1 0 0
240	1	1 1 1 1 0 0 0 1 0 1 1 0 0 1 1 1
240	1	1 1 1 1 0 0 0 0 0 1 1 0 0 1 1 0
240	4	1 0 0 0 0 0 0 0 0 1 0 0 0 0 1 0
240	3	1 1 0 1 0 1 1 0 0 1 1 0 0 0 1 0
240	2	1 0 1 1 1 0 1 0 0 1 1 0 0 0 1 0
240	1	1 1 0 1 1 0 1 0 0 1 0 0 0 0 0 0
240	1	1 1 0 1 0 0 0 0 0 1 0 0 1 0 1 0
240	2	0 1 0 1 0 0 0 0 0 1 0 0 0 0 1 0
240	1	1 0 1 0 0 1 1 0 0 1 0 0 0 0 1 0
240	1	1 1 1 1 0 0 1 0 0 1 1 0 0 1 1 0
240	2	1 1 0 0 0 0 1 0 0 1 0 0 0 0 1 0
240	1	1 1 1 1 0 0 1 0 0 0 0 0 0 1 0 0
240	3	1 1 1 0 1 0 0 0 0 1 1 0 1 0 1 0
260	49	1 1 1 0 0 0 1 0 0 1 0 0 0 0 0 0
260	75	1 1 1 1 0 0 1 0 0 1 1 0 0 0 1 0
260	10	1 1 1 0 0 0 1 0 0 1 1 0 0 0 1 0
260	16	1 1 0 1 0 0 1 0 0 1 1 0 0 0 1 0
260	7	1 0 1 1 0 0 1 0 0 1 0 0 0 0 0 0
260	7	1 1 1 1 0 0 0 0 0 1 0 0 0 0 1 1
260	164	1 1 1 1 0 0 1 0 0 1 0 0 0 0 0 0
260	20	1 1 0 1 0 0 1 1 0 1 1 0 0 0 1 0
260	15	0 1 1 1 0 0 1 0 0 1 1 0 0 0 1 0
260	2	1 1 1 1 0 0 1 0 0 1 0 0 1 0 1 0
260	7	1 1 0 1 0 0 1 0 0 1 0 0 0 0 0 0
260	62	1 1 1 1 0 0 0 0 0 1 0 0 0 0 0 0
260	39	1 1 1 1 0 0 1 0 0 0 1 0 0 0 1 0
260	2	1 1 0 1 0 0 1 0 0 1 1 0 0 0 0 0
260	1	1 1 0 1 0 0 1 1 0 1 1 0 0 0 0 0
260	10	1 1 1 1 0 0 1 1 0 1 1 0 0 0 1 1
260	111	1 1 1 1 0 0 1 0 0 1 1 0 0 0 0 0
260	40	1 1 1 1 0 0 1 0 0 0 0 0 0 0 0 0
260	72	1 1 1 1 0 0 1 0 0 1 0 1 0 0 0 0
260	1	1 1 1 1 0 0 1 0 0 1 1 0 0 0 1 1
260	8	1 1 0 1 0 1 1 1 0 1 1 0 0 0 1 0
260	15	1 1 0 1 0 0 1 0 0 1 1 1 0 0 1 0
260	9	1 1 1 1 1 0 1 0 0 1 1 0 0 1 0 0
260	17	1 1 1 0 0 0 1 0 0 1 0 0 1 0 0 0
260	19	1 1 1 1 1 0 1 0 0 1 0 0 0 0 0 0
260	1	1 1 0 0 0 0 1 1 0 1 1 0 0 0 0 0
260	6	0 1 1 1 1 0 1 0 0 1 0 0 0 0 0 0
260	5	1 1 1 1 0 0 1 0 0 1 1 1 0 0 0 0
260	2	1 1 0 1 0 0 0 0 0 1 1 0 0 1 1 0
260	3	1 1 0 1 0 0 1 0 0 1 0 0 0 0 1 0
260	6	1 1 1 0 0 0 1 0 0 1 0 0 0 0 1 0
260	3	1 0 1 0 1 1 1 0 0 0 1 0 0 1 0 0
260	3	0 1 0 1 0 0 0 0 0 1 0 0 0 0 1 0
260	16	0 1 1 1 0 0 1 0 0 1 0 1 0 0 0 0
260	7	0 0 1 0 0 0 1 0 0 1 0 0 0 0 0 0
260	2	1 1 0 1 0 0 1 0 0 1 1 1 0 1 0 0
260	4	1 1 1 0 0 0 1 1 0 1 1 0 0 0 0 0
260	2	1 0 1 1 0 0 1 0 0 1 1 0 0 0 0 1
260	7	1 1 0 1 0 0 1 0 0 0 0 0 0 0 0 0
260	10	1 1 1 0 0 0 1 0 1 1 0 0 0 0 0 0
260	9	1 1 1 1 0 1 1 0 0 0 1 0 0 0 1 0
260	5	1 0 1 0 0 0 0 0 0 1 0 0 0 0 0 0
260	8	1 1 1 1 0 0 0 0 0 1 0 0 0 1 0 0
260	5	1 1 1 0 0 0 0 0 0 1 0 0 0 0 0 0
260	2	1 1 0 1 1 0 1 0 0 1 1 0 0 1 0 0
260	1	1 1 1 0 1 0 1 0 0 1 0 0 1 0 0 0
260	4	1 1 0 0 0 0 1 0 0 1 0 0 0 0 1 0
260	9	1 0 0 1 0 0 1 0 0 1 1 1 0 1 0 0
260	5	1 0 1 0 0 0 1 0 1 1 0 0 0 0 0 0
260	6	1 0 1 1 0 0 1 0 0 0 1 0 0 0 1 0
260	5	1 1 1 1 0 0 0 0 0 1 1 0 0 0 0 0
260	1	1 1 1 1 0 0 1 0 0 1 1 0 1 0 1 0
260	1	1 1 1 1 0 0 1 1 0 1 0 1 0 0 0 0
260	1	0 0 1 0 0 0 1 0 0 1 0 0 0 0 0 1
260	2	1 1 1 0 0 0 0 0 0 0 1 0 1 0 1 0
260	3	1 0 1 0 0 0 1 0 0 1 1 0 0 0 1 0
260	3	1 1 1 1 0 0 1 0 1 0 1 0 0 0 1 0
260	9	1 0 0 0 0 0 0 0 1 1 0 0 0 0 1 0
260	3	0 1 0 1 0 0 0 0 0 1 0 0 1 0 1 0
260	2	1 1 1 0 0 0 1 0 0 0 1 0 0 0 1 0
260	5	1 1 1 1 1 0 1 0 0 0 0 0 0 0 0 0
260	3	1 0 1 1 0 0 1 0 0 0 0 0 0 0 0 0
260	1	0 1 1 1 0 0 1 0 0 1 1 0 0 0 0 0
260	1	1 1 1 1 0 0 1 1 0 0 0 0 0 0 0 0
260	1	1 1 0 1 0 0 1 0 0 1 1 0 0 0 1 1
260	6	0 0 1 0 1 0 1 0 0 1 0 0 0 0 0 1
260	2	1 1 1 0 1 1 1 0 0 0 1 0 0 0 1 0
260	3	1 1 1 1 0 0 1 0 0 1 0 0 0 1 0 0
260	2	1 1 1 1 0 0 1 0 0 0 1 0 0 0 1 1
260	3	1 0 1 0 0 0 1 0 1 1 0 0 0 0 0 1
260	1	1 0 1 1 0 0 1 0 0 1 0 0 0 0 1 0
260	2	1 1 0 1 0 0 1 1 0 1 0 0 0 0 0 0
260	5	1 1 1 1 0 0 0 0 0 1 0 0 0 0 1 0
260	1	0 0 1 1 0 1 1 0 0 0 1 0 0 0 1 0
260	1	1 1 1 1 0 0 1 0 0 1 1 0 0 1 1 0
260	1	1 1 1 1 0 1 1 0 0 1 1 0 0 0 0 0
260	3	1 1 1 0 1 0 1 0 0 1 0 0 0 0 1 0
260	2	0 0 1 0 0 0 1 1 0 1 0 0 0 0 0 0
260	2	1 1 1 0 0 0 1 1 0 1 1 0 1 0 1 0
260	2	1 1 1 1 0 0 1 1 0 1 0 0 0 0 0 0
260	2	0 1 1 1 0 0 1 0 0 1 0 0 0 0 0 0
260	1	1 1 1 1 0 0 1 0 0 1 0 0 1 0 0 0
260	1	1 1 0 1 0 1 1 0 0 1 0 0 0 0 0 0
260	4	1 0 1 1 0 0 0 0 0 1 0 0 0 0 0 0
260	1	1 1 1 1 0 0 1 1 0 1 1 0 0 0 0 0
260	3	1 1 1 1 0 0 1 0 0 1 1 0 0 0 0 1
260	1	1 1 1 1 0 0 1 0 0 1 1 0 0 1 1 1
260	1	0 1 1 1 0 0 1 0 0 1 1 1 0 0 0 0
280	9	1 1 1 0 0 0 1 0 0 1 0 0 0 0 0 0
280	66	1 1 1 1 0 0 1 0 0 1 1 0 0 0 1 0
280	17	1 1 1 0 0 0 1 0 0 1 1 0 0 0 1 0
280	7	1 1 0 1 0 0 1 0 0 1 1 0 0 0 1 0
280	37	1 0 1 1 0 0 1 0 0 1 0 0 0 0 0 0
280	154	1 1 1 1 0 0 1 0 0 1 0 0 0 0 0 0
280	12	1 1 0 1 0 0 1 1 0 1 1 0 0 0 1 0
280	4	0 1 1 1 0 0 1 0 0 1 1 0 0 0 1 0
280	18	1 1 1 1 0 0 0 0 0 1 0 0 0 0 0 0
280	17	1 1 1 1 0 0 1 0 0 0 1 0 0 0 1 0
280	119	1 1 1 1 0 0 1 0 0 1 1 0 0 0 0 0
280	13	1 1 1 1 0 0 1 0 0 0 0 0 0 0 0 0
280	150	1 1 1 1 0 0 1 0 0 1 0 1 0 0 0 0
280	3	1 1 0 1 0 0 1 0 0 1 1 1 0 0 1 0
280	29	1 1 1 1 1 0 1 0 0 1 0 0 0 0 0 0
280	34	1 1 1 0 0 0 1 0 0 1 0 0 0 0 1 0
280	4	1 0 1 0 1 1 1 0 0 0 1 0 0 1 0 0
280	3	0 1 1 1 0 0 1 0 0 1 0 1 0 0 0 0
280	7	0 0 1 0 0 0 1 0 0 1 0 0 0 0 0 0
280	8	1 1 1 0 0 0 1 0 1 1 0 0 0 0 0 0
280	6	1 0 1 0 0 0 0 0 0 1 0 0 0 0 0 0
280	5	0 0 1 0 1 0 1 0 0 1 0 0 0 0 0 1
280	14	1 1 1 1 0 0 0 0 0 1 0 0 0 0 1 0
280	7	1 1 1 1 0 0 1 0 0 1 0 0 1 0 0 0
280	37	1 1 1 1 1 0 0 0 0 1 0 0 0 0 0 0
280	9	1 1 1 1 0 0 1 0 0 1 0 1 0 0 1 0
280	4	1 1 1 1 0 0 1 1 0 0 1 0 0 0 1 0
280	7	1 0 0 1 0 0 1 1 0 1 0 0 0 0 0 0
280	13	1 1 0 1 0 0 0 0 0 1 0 0 0 0 0 0
280	3	1 1 1 1 1 0 1 0 0 1 1 0 0 0 0 0
280	4	1 1 1 1 0 0 1 0 0 1 1 1 0 1 0 0
280	10	1 1 0 1 1 0 1 0 0 1 0 0 0 0 0 0
280	6	1 1 1 0 0 0 1 0 0 1 1 0 0 0 0 0
280	7	1 1 1 1 0 0 1 0 0 0 0 1 0 0 0 0
280	5	1 1 0 1 0 0 1 1 0 1 0 0 0 1 0 0
280	2	0 1 1 1 0 0 1 0 0 1 1 1 0 0 1 0
280	3	1 0 1 1 0 0 0 0 0 1 0 0 0 0 0 0
280	1	0 0 0 1 0 0 1 0 0 1 1 0 0 0 1 0
280	16	1 1 1 1 0 0 1 0 0 1 0 0 0 0 0 1
280	5	1 0 1 1 0 0 1 0 0 0 1 0 0 0 1 1
280	5	1 0 1 1 0 0 0 0 0 1 0 0 0 0 1 0
280	1	1 1 1 0 0 0 1 0 0 1 0 1 0 0 0 0
280	3	1 0 1 0 1 1 1 0 0 0 1 0 0 0 0 0
280	3	1 1 1 1 1 0 1 0 0 0 1 0 0 0 0 0
280	4	1 1 1 0 0 0 1 0 0 1 1 0 0 0 1 1
280	1	1 1 1 1 0 0 1 0 0 0 1 0 0 0 0 0
280	2	0 1 1 1 0 0 1 0 0 0 0 0 0 0 0 0
280	2	1 1 1 1 0 0 1 1 0 1 1 0 0 0 1 0
280	5	1 1 1 0 1 0 1 0 0 1 0 0 0 0 0 0
280	8	1 0 1 0 0 0 1 0 0 1 0 0 0 0 0 0
280	3	1 1 1 1 0 0 1 0 0 1 0 1 0 0 0 1
280	2	1 1 1 1 1 0 0 0 0 1 0 1 0 0 0 0
280	3	1 1 1 1 0 0 1 0 0 1 1 0 0 0 1 1
280	3	1 1 1 1 0 0 1 1 0 1 0 0 0 0 0 0
280	5	1 1 1 1 0 0 0 1 0 1 0 0 0 0 0 0
280	8	1 0 1 1 1 0 1 0 0 0 1 0 0 0 1 1
280	3	1 1 1 0 0 0 1 0 0 0 1 0 0 1 0 0
280	2	1 0 1 1 0 0 1 0 0 1 0 1 0 0 0 0
280	1	1 1 1 1 0 0 1 1 0 1 0 0 0 0 1 0
280	2	1 1 1 0 0 0 1 0 1 1 1 0 0 0 1 0
280	4	0 1 1 1 1 0 0 0 0 1 0 1 0 0 0 0
280	2	1 0 0 1 0 0 1 0 0 1 0 0 0 0 0 0
280	3	1 0 1 0 0 0 1 0 0 1 1 0 0 0 1 0
280	3	1 1 1 1 0 0 1 0 1 1 0 0 0 0 0 0
280	3	1 1 1 1 0 0 0 0 0 1 0 0 0 0 0 1
280	1	1 1 1 1 0 0 0 0 1 1 0 0 0 0 0 0
280	7	1 0 1 0 0 0 1 0 0 1 0 0 0 0 1 0
280	2	1 1 0 1 0 0 1 1 0 0 1 0 0 0 1 0
280	2	1 1 1 0 0 0 1 0 0 1 1 0 0 1 1 1
280	1	1 1 1 1 0 0 0 0 0 1 0 1 0 0 0 0
280	3	0 0 1 1 0 0 1 0 0 1 0 0 0 0 0 0
280	2	1 1 0 1 0 0 1 0 0 1 1 0 0 0 0 0
280	2	1 1 1 0 0 0 0 1 0 1 0 0 0 0 0 0
280	2	1 0 1 1 1 0 0 0 0 0 1 0 0 0 1 1
280	1	1 1 1 0 0 0 0 0 1 1 1 0 0 0 1 0
280	1	1 1 1 0 0 0 0 0 0 1 0 0 0 0 0 0
280	4	1 1 0 1 1 0 1 0 0 1 0 0 0 0 1 0
280	4	0 1 1 0 0 0 1 0 0 1 1 0 0 0 1 0
280	1	1 1 0 1 0 0 1 1 0 1 1 0 0 1 1 0
280	1	1 1 1 1 0 1 0 0 0 1 0 0 0 0 0 0
280	1	1 1 1 1 0 0 1 1 0 1 1 0 0 0 0 0
280	1	0 1 1 1 0 0 1 0 0 1 1 0 0 0 0 0
280	2	1 1 1 1 0 0 1 0 0 1 1 0 0 1 0 0
280	1	1 1 1 1 0 0 1 0 0 1 0 1 1 0 0 0
280	1	1 1 1 1 0 0 1 0 0 1 1 1 0 0 0 0
280	2	1 0 0 0 1 1 1 0 0 0 1 0 0 1 0 0
280	2	1 1 1 1 1 0 1 0 0 1 0 1 0 0 0 0
300	10	1 1 1 0 0 0 1 0 0 1 0 0 0 0 0 0
300	11	1 1 1 1 0 0 1 0 0 1 1 0 0 0 1 0
300	8	1 1 1 0 0 0 1 0 0 1 1 0 0 0 1 0
300	2	1 1 0 1 0 0 1 0 0 1 1 0 0 0 1 0
300	47	1 0 1 1 0 0 1 0 0 1 0 0 0 0 0 0
300	207	1 1 1 1 0 0 1 0 0 1 0 0 0 0 0 0
300	3	1 1 1 1 0 0 0 0 0 1 0 0 0 0 0 0
300	9	1 1 1 1 0 0 1 0 0 0 1 0 0 0 1 0
300	114	1 1 1 1 0 0 1 0 0 1 1 0 0 0 0 0
300	29	1 1 1 1 0 0 1 0 0 0 0 0 0 0 0 0
300	88	1 1 1 1 0 0 1 0 0 1 0 1 0 0 0 0
300	23	1 1 0 1 0 0 1 0 0 1 1 1 0 0 1 0
300	64	1 1 1 1 1 0 1 0 0 1 0 0 0 0 0 0
300	9	1 1 1 0 0 0 1 0 0 1 0 0 0 0 1 0
300	3	1 1 1 0 0 0 1 0 1 1 0 0 0 0 0 0
300	5	1 1 1 1 0 0 0 0 0 1 0 0 0 0 1 0
300	24	1 1 1 1 1 0 0 0 0 1 0 0 0 0 0 0
300	14	1 1 1 1 0 0 1 0 0 1 0 1 0 0 1 0
300	10	1 1 0 1 0 0 0 0 0 1 0 0 0 0 0 0
300	3	1 1 1 0 0 0 1 0 0 1 1 0 0 0 0 0
300	15	1 1 1 1 0 0 1 0 0 0 0 1 0 0 0 0
300	26	1 1 1 1 0 0 1 0 0 1 0 0 0 0 0 1
300	7	1 1 1 1 0 0 1 0 0 1 1 0 0 0 1 1
300	20	1 1 1 1 0 0 1 1 0 1 0 0 0 0 0 0
300	1	1 1 1 1 0 0 1 1 0 1 0 0 0 0 1 0
300	2	1 1 1 0 0 0 0 1 0 1 0 0 0 0 0 0
300	7	1 1 1 1 0 0 1 0 0 1 1 1 0 0 0 0
300	20	1 1 1 1 0 0 0 0 0 1 1 0 0 0 0 0
300	10	1 1 1 1 0 1 1 0 0 1 0 1 0 0 0 0
300	3	1 1 0 1 0 0 1 0 0 1 0 1 0 0 0 0
300	29	1 1 1 1 0 0 1 0 0 1 0 0 0 0 1 0
300	9	1 0 1 1 0 0 1 0 0 1 0 0 0 0 0 1
300	4	1 1 1 1 0 1 1 0 0 1 0 0 0 0 0 0
300	9	0 1 1 0 0 0 1 1 0 1 1 0 0 0 1 0
300	2	1 1 0 1 0 0 1 0 0 1 0 0 0 0 0 0
300	28	1 1 1 1 0 1 1 0 0 1 1 0 0 0 0 0
300	9	0 1 1 1 0 0 1 0 0 1 1 0 0 0 1 0
300	4	1 1 1 1 0 0 1 1 0 1 1 0 0 0 0 0
300	2	1 1 1 0 1 0 1 0 0 1 0 0 0 0 1 0
300	10	1 0 0 1 0 0 1 0 0 1 0 0 0 0 0 1
300	5	1 1 1 1 1 1 1 0 0 1 0 0 0 0 0 0
300	12	1 1 1 1 0 0 0 0 0 1 0 1 0 0 0 0
300	11	1 1 1 1 0 0 0 0 0 0 0 0 0 0 0 0
300	2	1 1 1 1 0 0 1 0 0 0 0 0 0 0 1 0
300	7	0 1 1 1 0 0 1 0 0 1 1 0 0 0 0 0
300	2	1 1 1 1 1 0 1 0 0 0 1 0 0 0 1 0
300	5	1 1 1 1 1 0 0 0 0 1 1 0 0 0 1 0
300	1	1 1 1 0 0 0 1 0 0 1 0 0 0 0 0 1
300	2	1 1 1 1 0 0 0 0 0 0 0 0 0 0 1 0
300	2	1 1 1 1 0 0 1 0 0 1 0 1 0 0 1 1
300	5	1 1 1 0 0 0 1 1 0 1 1 0 0 0 1 0
300	2	1 1 1 1 0 0 1 1 0 1 1 0 0 1 0 0
300	1	1 1 0 1 0 0 1 0 0 1 1 0 0 0 0 0
300	5	1 1 1 1 1 0 1 0 0 1 0 1 0 0 0 0
300	5	1 1 1 1 0 0 1 0 1 1 0 1 0 0 0 0
300	5	1 1 1 1 0 0 1 0 0 1 1 1 0 1 1 0
300	4	1 0 1 1 1 0 1 0 0 1 0 0 0 0 0 1
300	3	0 1 1 1 0 0 1 0 0 1 0 0 0 0 0 0
300	4	1 1 1 1 0 0 1 0 0 1 1 1 0 0 1 0
300	1	1 1 1 1 0 1 1 0 0 1 1 0 0 0 1 0
300	7	1 1 0 1 0 0 1 0 0 1 0 0 0 0 1 0
300	2	1 0 1 1 1 0 1 0 0 1 0 0 0 0 0 0
300	4	1 1 1 1 0 0 1 0 1 1 0 0 0 0 0 0
300	2	0 1 1 1 0 0 1 0 0 0 1 0 0 0 1 0
300	1	1 1 1 1 1 0 0 1 0 0 0 0 0 0 0 0
320	18	1 1 1 1 0 0 1 0 0 1 1 0 0 0 1 0
320	23	1 0 1 1 0 0 1 0 0 1 0 0 0 0 0 0
320	209	1 1 1 1 0 0 1 0 0 1 0 0 0 0 0 0
320	5	1 1 1 1 0 0 0 0 0 1 0 0 0 0 0 0
320	67	1 1 1 1 0 0 1 0 0 1 1 0 0 0 0 0
320	97	1 1 1 1 0 0 1 0 0 1 0 1 0 0 0 0
320	30	1 1 1 1 1 0 1 0 0 1 0 0 0 0 0 0
320	3	1 1 1 0 0 0 1 0 0 1 0 0 0 0 1 0
320	11	1 1 1 1 0 0 0 0 0 1 0 0 0 0 1 0
320	61	1 1 1 1 1 0 0 0 0 1 0 0 0 0 0 0
320	10	1 1 1 0 0 0 1 0 0 1 1 0 0 0 0 0
320	62	1 1 1 1 0 0 1 0 0 0 0 1 0 0 0 0
320	17	1 1 1 1 0 0 1 0 0 1 0 0 0 0 0 1
320	9	1 1 1 1 0 0 1 0 0 1 1 0 0 0 1 1
320	1	1 1 1 1 0 0 0 0 0 1 1 0 0 0 0 0
320	7	1 1 1 1 0 0 1 0 0 1 0 0 0 0 1 0
320	1	0 1 1 0 0 0 1 1 0 1 1 0 0 0 1 0
320	13	1 1 0 1 0 0 1 0 0 1 0 0 0 0 0 0
320	29	1 1 1 1 0 1 1 0 0 1 1 0 0 0 0 0
320	12	1 1 1 1 0 0 1 1 0 1 1 0 0 0 0 0
320	5	1 0 0 1 0 0 1 0 0 1 0 0 0 0 0 1
320	2	1 1 1 1 1 1 1 0 0 1 0 0 0 0 0 0
320	7	1 1 1 1 1 0 0 0 0 1 1 0 0 0 1 0
320	5	1 1 1 0 0 0 1 1 0 1 1 0 0 0 1 0
320	1	1 1 1 1 0 0 1 0 1 1 0 0 0 0 0 0
320	14	0 1 1 1 0 0 1 0 0 0 1 0 0 0 1 0
320	15	1 1 1 1 0 0 0 0 0 0 0 1 0 0 0 0
320	1	0 1 0 1 0 0 1 0 0 1 0 1 0 0 0 0
320	8	0 1 0 1 0 0 1 0 0 1 0 0 0 0 0 0
320	28	0 1 1 0 0 0 1 0 0 1 0 0 0 0 0 0
320	12	1 1 1 1 1 0 1 0 0 1 0 0 0 1 0 0
320	11	1 1 1 1 1 0 0 0 0 1 0 0 0 0 0 1
320	5	1 1 1 1 0 1 1 0 0 1 0 0 0 0 0 1
320	3	0 1 1 1 0 0 1 0 0 1 0 0 0 0 0 0
320	18	1 1 1 1 0 0 1 0 0 1 1 1 0 0 0 0
320	4	1 1 1 1 1 0 1 0 0 1 0 0 0 0 0 1
320	2	1 1 1 1 1 0 0 1 0 1 0 0 0 0 0 0
320	35	1 1 1 1 0 0 1 0 1 0 0 1 0 0 0 0
320	8	1 1 1 1 1 0 1 0 0 0 0 1 0 0 0 0
320	7	0 1 1 0 0 0 1 0 0 1 0 0 0 0 1 0
320	4	0 1 1 1 0 0 1 0 0 1 0 0 0 0 1 0
320	19	1 1 1 1 0 0 1 0 0 1 1 0 0 0 0 1
320	3	1 0 0 1 0 0 1 0 0 1 1 0 0 0 0 0
320	8	1 1 1 1 0 0 1 1 0 1 0 0 0 0 0 0
320	3	1 1 1 0 1 0 1 0 0 1 0 0 0 0 0 1
320	1	1 1 0 1 0 0 1 0 0 0 0 1 0 0 0 0
320	2	1 1 0 1 0 0 1 0 0 1 0 1 0 0 0 0
320	1	1 1 1 1 0 0 1 0 0 1 1 0 1 0 0 0
320	1	1 0 1 0 0 0 1 0 0 1 0 0 0 0 1 0
320	5	1 1 1 1 0 0 1 0 1 1 0 0 0 0 0 1
320	5	1 1 1 1 1 0 1 1 0 0 0 0 0 0 0 0
320	2	1 1 1 1 1 0 1 0 0 1 0 1 0 0 0 0
320	9	1 1 1 1 0 0 0 0 1 1 0 0 0 0 0 0
320	5	1 1 1 1 0 0 1 0 0 0 0 0 0 0 0 1
320	1	1 0 0 1 0 0 1 0 0 1 0 0 0 0 0 0
320	3	1 1 1 1 1 1 0 0 0 1 0 0 0 0 0 1
320	3	0 1 1 1 0 1 1 0 1 1 1 0 0 0 0 0
320	10	1 1 1 0 0 0 1 0 0 1 0 0 0 0 0 0
320	3	1 1 1 1 0 0 0 0 0 1 0 0 0 0 1 1
320	3	1 1 1 1 0 0 1 1 0 1 1 0 0 0 1 0
320	5	1 0 1 1 0 0 1 0 0 1 0 0 0 0 0 1
320	1	1 1 1 1 1 0 0 0 0 1 0 1 0 0 0 0
320	1	1 1 1 1 0 0 1 0 0 1 0 0 1 0 0 0
320	3	1 1 1 1 0 0 1 0 1 1 0 1 0 0 0 0
320	1	1 1 1 1 0 1 1 0 0 1 1 0 0 0 1 1
320	4	0 1 0 1 0 0 1 0 0 1 0 0 0 0 0 1
320	5	1 1 1 0 1 0 0 0 0 1 0 0 0 0 0 1
320	1	1 0 0 1 0 0 1 0 0 1 0 1 0 0 0 0
320	2	1 0 1 0 0 0 1 0 0 0 0 0 0 0 1 0
320	3	1 1 1 1 1 0 0 0 1 1 0 0 0 0 0 0
320	2	1 1 1 1 0 0 1 0 0 0 0 1 0 0 1 0
320	1	1 1 1 1 1 0 0 0 0 1 1 0 0 0 0 0
320	1	1 1 1 1 0 0 0 0 0 1 0 0 0 0 0 1
320	1	1 1 1 1 0 0 1 1 1 0 0 1 0 0 0 0
320	1	0 1 1 1 0 0 1 0 0 0 0 0 0 0 1 0
320	1	1 1 1 1 0 0 0 0 1 1 1 0 0 0 0 0
340	7	1 0 1 1 0 0 1 0 0 1 0 0 0 0 0 0
340	190	1 1 1 1 0 0 1 0 0 1 0 0 0 0 0 0
340	6	1 1 1 1 0 0 0 0 0 1 0 0 0 0 0 0
340	48	1 1 1 1 0 0 1 0 0 1 1 0 0 0 0 0
340	159	1 1 1 1 0 0 1 0 0 1 0 1 0 0 0 0
340	15	1 1 1 1 1 0 1 0 0 1 0 0 0 0 0 0
340	28	1 1 1 1 1 0 0 0 0 1 0 0 0 0 0 0
340	96	1 1 1 1 0 0 1 0 0 0 0 1 0 0 0 0
340	2	1 1 1 1 0 0 1 0 0 1 0 0 0 0 0 1
340	8	1 1 1 1 0 0 1 0 0 1 0 0 0 0 1 0
340	22	1 1 0 1 0 0 1 0 0 1 0 0 0 0 0 0
340	34	1 1 1 1 0 1 1 0 0 1 1 0 0 0 0 0
340	42	1 1 1 1 0 0 1 1 0 1 1 0 0 0 0 0
340	4	1 1 1 1 1 0 0 0 0 1 1 0 0 0 1 0
340	1	1 1 1 1 0 0 1 0 1 1 0 0 0 0 0 0
340	31	1 1 1 1 0 0 0 0 0 0 0 1 0 0 0 0
340	7	0 1 0 1 0 0 1 0 0 1 0 0 0 0 0 0
340	19	0 1 1 0 0 0 1 0 0 1 0 0 0 0 0 0
340	5	1 1 1 1 0 0 1 0 0 1 1 1 0 0 0 0
340	7	1 1 1 1 1 0 0 1 0 1 0 0 0 0 0 0
340	22	1 1 1 1 0 0 1 0 1 0 0 1 0 0 0 0
340	2	1 1 1 1 1 0 1 0 0 0 0 1 0 0 0 0
340	9	1 1 1 1 0 0 1 0 0 1 1 0 0 0 0 1
340	6	1 0 0 1 0 0 1 0 0 1 1 0 0 0 0 0
340	10	1 1 1 1 1 0 1 0 0 1 0 1 0 0 0 0
340	3	1 1 1 1 0 0 0 0 1 1 0 0 0 0 0 0
340	4	0 1 1 1 0 1 1 0 1 1 1 0 0 0 0 0
340	6	1 0 1 1 0 0 1 0 0 1 0 0 0 0 0 1
340	15	1 1 1 1 0 0 1 0 1 1 0 1 0 0 0 0
340	9	1 1 1 0 1 0 0 0 0 1 0 0 0 0 0 1
340	2	1 0 1 0 0 0 1 0 0 0 0 0 0 0 1 0
340	1	0 1 1 0 0 1 1 0 0 1 0 0 0 0 0 0
340	10	1 1 1 1 0 0 1 0 0 1 0 0 0 1 0 0
340	3	1 1 1 0 1 0 1 0 1 1 0 0 0 0 0 1
340	16	1 1 1 1 0 0 1 1 1 0 0 1 0 0 0 0
340	3	1 1 0 1 1 0 1 0 0 1 0 0 0 1 0 0
340	13	1 1 1 1 0 1 1 0 0 1 0 1 0 0 0 0
340	3	1 1 1 1 0 0 1 0 0 1 0 0 0 1 0 1
340	1	1 1 1 1 0 0 0 0 0 1 0 1 0 0 0 0
340	2	0 1 1 0 0 0 1 1 0 0 1 0 0 0 1 0
340	4	1 1 1 1 1 0 0 0 0 1 0 1 0 0 0 0
340	1	1 1 0 1 0 0 1 0 0 0 0 1 0 0 0 0
340	5	1 0 1 1 0 0 1 0 1 0 0 1 0 0 0 0
340	12	1 1 1 1 0 0 1 0 0 0 0 0 0 0 0 0
340	1	1 0 1 1 0 0 1 0 0 1 0 1 0 0 0 1
340	13	1 1 0 1 1 1 1 0 0 1 0 0 0 1 0 0
340	5	0 1 1 1 0 0 0 0 0 0 0 1 0 0 0 0
340	4	1 1 1 1 0 0 1 0 1 1 1 0 0 0 0 1
340	4	1 1 1 1 0 0 0 0 0 1 1 0 0 0 0 0
340	4	1 0 1 1 1 0 1 0 1 0 0 1 0 0 0 0
340	1	1 1 1 1 0 0 1 0 1 0 0 1 0 0 1 0
340	6	1 1 1 1 0 0 1 0 0 1 0 1 0 0 1 0
340	5	1 1 1 1 0 0 1 1 1 1 0 0 0 0 0 0
340	3	1 0 1 0 0 0 1 0 0 0 1 0 0 0 1 0
340	3	0 1 1 1 0 0 1 0 0 1 1 0 0 0 0 0
340	3	0 1 1 1 0 0 1 0 0 1 0 1 0 0 0 0
340	2	1 1 0 1 0 0 1 1 0 1 0 0 0 0 0 0
340	1	1 1 0 1 0 0 1 0 0 1 0 0 0 1 0 0
340	7	1 1 1 1 0 1 1 0 0 1 1 0 0 1 0 0
340	2	1 1 1 1 0 1 1 1 1 0 0 1 0 0 0 0
340	2	1 1 1 1 1 0 0 0 0 1 1 0 0 0 0 0
340	4	1 1 1 1 0 0 1 1 0 1 1 0 1 0 0 0
340	1	1 1 1 1 0 1 1 0 0 1 1 1 0 0 0 0
340	2	1 1 1 1 0 0 0 1 0 1 0 0 0 0 0 0
340	1	1 1 1 1 1 0 0 0 0 1 0 0 0 1 0 0
340	6	1 1 1 1 1 1 0 0 0 1 0 0 0 0 0 0
340	1	1 1 1 1 0 1 1 0 0 1 0 0 0 0 1 0
340	2	1 1 1 1 0 1 1 0 1 1 0 1 1 0 0 0
340	4	1 1 1 0 1 0 1 0 1 1 0 0 0 0 0 0
340	2	1 1 1 1 0 0 1 0 0 1 0 0 1 0 0 0
340	4	1 1 1 1 1 0 1 0 0 1 0 0 0 0 0 1
340	2	0 1 0 1 1 0 1 0 0 1 0 0 0 1 0 0
340	1	1 1 1 1 1 0 1 0 1 0 0 1 0 0 0 0
340	1	1 1 1 1 0 1 1 0 1 1 0 1 1 0 1 0
340	1	1 1 1 0 1 0 0 0 0 1 0 0 0 0 0 0
340	2	1 1 1 1 0 0 1 1 0 0 0 1 0 0 0 0
340	1	1 1 1 1 0 1 1 1 0 1 1 0 0 0 0 0
340	1	1 1 1 1 1 0 0 0 0 0 0 1 0 0 0 0
340	2	1 0 1 1 0 0 1 1 1 0 0 1 0 0 0 0
340	3	1 1 0 1 1 0 0 0 0 1 0 0 0 1 0 0
360	107	1 1 1 1 0 0 1 0 0 1 0 0 0 0 0 0
360	41	1 1 1 1 0 0 1 0 0 1 1 0 0 0 0 0
360	121	1 1 1 1 0 0 1 0 0 1 0 1 0 0 0 0
360	13	1 1 1 1 1 0 1 0 0 1 0 0 0 0 0 0
360	65	1 1 1 1 1 0 0 0 0 1 0 0 0 0 0 0
360	94	1 1 1 1 0 0 1 0 0 0 0 1 0 0 0 0
360	13	1 1 1 1 0 0 1 0 0 1 0 0 0 0 0 1
360	21	1 1 0 1 0 0 1 0 0 1 0 0 0 0 0 0
360	83	1 1 1 1 0 1 1 0 0 1 1 0 0 0 0 0
360	19	1 1 1 1 0 0 1 1 0 1 1 0 0 0 0 0
360	8	1 1 1 1 0 0 0 0 0 0 0 1 0 0 0 0
360	7	0 1 0 1 0 0 1 0 0 1 0 0 0 0 0 0
360	40	1 1 1 1 0 0 1 0 1 0 0 1 0 0 0 0
360	5	1 1 1 1 0 0 1 0 0 1 1 0 0 0 0 1
360	7	1 1 1 1 1 0 1 0 0 1 0 1 0 0 0 0
360	6	1 0 1 0 0 0 1 0 0 0 0 0 0 0 1 0
360	14	1 1 1 1 0 0 1 0 0 1 0 0 0 1 0 0
360	8	1 1 1 1 0 1 1 0 0 1 0 1 0 0 0 0
360	15	1 1 1 1 0 0 1 0 0 0 0 0 0 0 0 0
360	13	0 1 1 1 0 0 0 0 0 0 0 1 0 0 0 0
360	1	1 1 1 1 0 0 1 0 0 1 0 1 0 0 1 0
360	23	1 1 1 1 0 0 1 1 1 1 0 0 0 0 0 0
360	6	1 1 1 1 0 0 0 1 0 1 0 0 0 0 0 0
360	8	1 1 1 1 0 1 1 0 1 1 0 1 1 0 0 0
360	13	1 1 1 1 1 0 1 0 0 1 0 0 0 0 0 1
360	23	1 1 1 1 0 0 1 0 0 1 0 1 1 0 0 0
360	7	1 1 1 1 0 0 1 1 1 0 0 1 0 0 0 1
360	8	1 1 1 1 0 0 1 0 0 0 0 1 0 0 1 0
360	11	1 1 0 1 0 0 1 1 0 1 1 0 0 0 0 0
360	7	0 1 1 1 0 0 0 0 0 0 0 1 0 0 1 0
360	1	1 1 1 1 0 0 1 0 0 1 1 0 0 0 1 0
360	5	1 1 1 1 0 0 0 0 0 1 1 0 0 0 0 0
360	1	1 1 1 1 0 0 1 0 0 1 0 1 0 0 0 1
360	5	1 1 0 1 0 1 1 0 1 1 0 1 1 0 0 0
360	10	1 1 0 1 0 0 1 0 0 1 0 1 0 0 0 0
360	18	1 1 1 1 0 0 1 1 0 1 0 0 0 0 0 0
360	5	1 1 1 1 0 0 1 1 1 1 0 0 0 0 0 1
360	1	1 1 0 1 1 1 0 0 0 1 0 0 0 1 0 0
360	14	1 0 1 1 0 0 1 0 0 1 1 0 0 0 0 0
360	1	0 1 1 1 0 0 1 0 0 1 0 1 0 0 0 0
360	6	1 1 1 1 0 0 1 1 0 1 1 0 0 0 1 0
360	15	1 1 1 1 0 0 1 1 1 0 0 0 0 0 0 0
360	9	1 1 1 1 0 0 1 1 0 1 0 1 0 0 0 0
360	8	0 1 1 1 0 0 0 0 0 0 0 0 0 0 0 0
360	3	1 1 1 1 0 1 1 1 0 1 1 0 0 0 0 0
360	9	1 1 1 1 0 1 1 1 0 1 0 0 0 0 0 1
360	6	0 1 1 0 0 0 1 0 0 1 0 0 0 0 1 0
360	5	1 1 1 1 1 0 1 0 0 0 1 1 0 0 0 0
360	7	1 1 1 1 0 0 1 0 0 1 0 0 0 0 1 0
360	6	1 1 1 1 0 1 1 0 0 1 0 0 0 0 0 0
360	2	1 1 1 1 0 0 0 1 0 1 1 0 0 0 0 0
360	10	1 1 1 1 1 1 1 0 0 1 1 0 0 0 0 0
360	7	1 1 1 1 0 0 1 1 1 1 0 1 0 0 0 1
360	1	0 1 1 1 0 0 1 0 0 1 0 0 0 0 0 0
360	1	1 1 1 1 1 0 1 0 0 1 0 0 1 0 0 0
360	2	1 1 1 1 0 0 1 0 0 0 0 1 1 0 0 0
360	8	1 1 1 1 0 0 1 0 1 0 1 1 0 0 0 0
360	2	1 1 1 1 0 0 1 0 1 0 0 1 0 0 1 0
360	5	0 1 1 1 0 0 1 0 0 1 1 0 0 0 0 1
360	1	1 1 1 1 0 0 0 0 0 1 0 1 1 0 0 0
360	1	1 1 1 1 1 0 0 0 0 1 1 0 0 0 0 0
360	1	1 1 0 1 0 1 1 0 1 1 0 1 0 0 0 0
360	3	1 1 1 1 0 0 1 0 1 1 0 1 0 0 0 0
360	4	1 1 1 1 1 0 1 0 0 0 1 1 0 1 0 0
360	3	1 1 1 1 1 0 0 0 0 1 0 1 0 0 0 0
360	2	1 1 1 1 1 0 1 0 0 0 0 0 0 0 0 0
360	2	1 1 1 1 1 0 0 0 0 1 0 0 0 0 0 1
360	2	1 1 1 1 0 1 1 0 0 0 0 1 0 0 0 0
360	1	1 1 0 1 0 0 1 1 1 1 0 0 0 0 0 1
380	42	1 1 1 1 0 0 1 0 0 1 0 0 0 0 0 0
380	34	1 1 1 1 0 0 1 0 0 1 1 0 0 0 0 0
380	152	1 1 1 1 0 0 1 0 0 1 0 1 0 0 0 0
380	54	1 1 1 1 1 0 1 0 0 1 0 0 0 0 0 0
380	48	1 1 1 1 1 0 0 0 0 1 0 0 0 0 0 0
380	105	1 1 1 1 0 0 1 0 0 0 0 1 0 0 0 0
380	7	1 1 1 1 0 0 1 0 0 1 0 0 0 0 0 1
380	31	1 1 1 1 0 1 1 0 0 1 1 0 0 0 0 0
380	16	0 1 0 1 0 0 1 0 0 1 0 0 0 0 0 0
380	45	1 1 1 1 0 0 1 0 1 0 0 1 0 0 0 0
380	4	1 1 1 1 1 0 1 0 0 1 0 1 0 0 0 0
380	10	1 1 1 1 0 0 1 0 0 1 0 0 0 1 0 0
380	5	1 1 1 1 0 1 1 0 0 1 0 1 0 0 0 0
380	8	0 1 1 1 0 0 0 0 0 0 0 1 0 0 0 0
380	25	1 1 1 1 1 0 1 0 0 1 0 0 0 0 0 1
380	6	1 1 1 1 0 0 1 0 0 1 0 1 1 0 0 0
380	11	1 1 1 1 0 0 1 1 1 0 0 1 0 0 0 1
380	8	1 1 0 1 0 0 1 1 0 1 1 0 0 0 0 0
380	1	1 1 1 1 0 0 1 0 0 1 0 1 0 0 0 1
380	1	1 1 0 1 0 1 1 0 1 1 0 1 1 0 0 0
380	18	1 1 1 1 0 0 1 1 1 0 0 0 0 0 0 0
380	4	1 1 1 1 0 0 1 1 0 1 0 1 0 0 0 0
380	10	0 1 1 1 0 0 0 0 0 0 0 0 0 0 0 0
380	24	1 1 1 1 0 1 1 1 0 1 1 0 0 0 0 0
380	31	1 1 1 1 0 1 1 1 0 1 0 0 0 0 0 1
380	24	1 1 1 1 0 0 1 0 0 1 0 0 0 0 1 0
380	1	1 1 1 1 0 0 0 1 0 1 1 0 0 0 0 0
380	3	1 1 1 1 1 1 1 0 0 1 1 0 0 0 0 0
380	7	1 1 1 1 0 0 1 1 1 1 0 1 0 0 0 1
380	1	1 1 1 1 0 0 1 0 0 0 0 1 1 0 0 0
380	16	1 1 1 1 0 0 1 0 1 0 1 1 0 0 0 0
380	10	1 1 1 1 0 0 1 0 1 1 0 1 0 0 0 0
380	13	1 1 1 1 1 0 1 0 0 0 1 1 0 1 0 0
380	16	1 1 1 1 1 0 0 0 0 1 0 1 0 0 0 0
380	3	1 1 1 1 1 0 1 0 0 0 0 0 0 0 0 0
380	3	1 1 1 1 1 0 0 0 0 1 0 0 0 0 0 1
380	6	1 1 1 1 0 1 1 0 0 0 0 1 0 0 0 0
380	2	1 0 1 1 0 0 1 0 0 0 1 0 0 0 0 0
380	1	1 1 1 1 0 0 1 0 0 0 0 1 0 1 0 0
380	18	0 1 1 1 0 1 1 0 0 1 1 0 0 0 0 0
380	3	1 1 0 1 0 0 1 1 1 1 0 1 0 0 0 1
380	5	1 1 1 1 0 0 1 1 0 1 1 0 0 1 0 0
380	4	1 1 1 1 1 0 1 1 0 1 0 1 0 0 0 0
380	12	1 1 1 1 0 0 1 1 1 1 0 1 0 0 0 0
380	4	1 1 1 1 0 0 1 1 1 0 0 1 0 0 0 0
380	5	1 0 1 1 0 0 1 0 0 1 0 1 0 0 0 0
380	10	1 1 1 1 0 0 1 1 1 0 0 0 1 0 0 0
380	3	1 1 1 1 0 0 1 0 0 1 1 1 0 0 0 0
380	2	1 1 1 1 0 0 1 1 1 1 1 0 0 0 0 0
380	1	1 1 1 1 1 1 0 0 0 1 0 0 0 0 0 0
380	5	1 0 1 1 0 0 1 0 0 0 0 1 0 0 0 0
380	1	1 1 1 1 0 1 0 0 0 1 1 0 0 0 0 0
380	2	1 1 1 1 1 0 1 0 0 1 0 1 1 0 0 0
380	3	1 1 1 1 0 1 1 0 0 0 0 1 0 0 1 0
380	1	1 1 1 1 0 0 1 0 0 1 0 0 1 0 0 0
380	4	1 1 1 1 1 0 0 1 0 1 0 0 0 1 0 0
380	11	1 1 1 1 0 0 1 0 0 1 0 1 0 1 0 0
380	2	1 1 1 1 0 1 1 0 0 0 1 0 0 0 0 0
380	8	0 1 0 1 0 1 1 0 0 0 0 1 0 0 1 0
380	1	1 0 1 1 1 0 0 0 0 1 0 0 0 0 0 0
380	2	1 1 1 1 1 0 0 0 1 1 0 0 0 0 0 0
380	2	1 0 1 1 0 0 1 0 0 0 1 0 0 1 0 0
380	4	1 1 1 1 1 0 1 0 0 1 0 1 0 0 0 1
380	8	1 1 1 1 1 1 0 0 0 1 1 0 0 0 0 0
380	4	0 1 1 0 0 1 1 0 0 1 1 0 0 0 0 0
380	5	1 0 1 0 0 0 1 0 0 0 0 1 0 0 0 0
380	2	1 1 1 1 1 0 1 0 0 0 0 0 0 0 0 1
380	2	1 1 0 1 0 0 1 0 0 1 0 0 0 0 1 0
380	1	1 1 0 1 0 0 1 1 0 1 0 0 0 1 0 0
380	2	1 1 1 1 0 1 1 0 0 1 1 0 0 0 1 0
380	4	1 1 1 1 1 0 0 0 0 1 0 0 0 0 1 1
380	3	1 1 1 1 0 0 1 0 0 1 0 1 0 0 1 0
380	1	1 1 1 1 0 1 1 1 0 1 0 0 0 0 0 0
380	2	1 1 1 1 0 1 1 1 1 1 0 1 0 0 0 0
380	2	1 1 1 1 0 0 1 0 0 0 0 0 0 0 0 0
380	1	1 1 1 0 1 0 1 0 0 1 0 0 0 0 0 1
380	3	1 1 1 1 1 0 1 0 0 1 0 0 0 0 1 1
380	3	1 1 1 1 0 1 0 1 0 1 1 0 0 0 0 0
380	3	1 1 1 1 0 0 1 1 1 0 0 0 1 0 0 1
380	1	1 1 1 1 0 0 1 0 0 1 0 1 0 0 1 1
380	2	0 1 1 1 0 0 1 0 0 1 1 0 0 0 0 0
380	1	1 1 0 1 0 0 1 0 0 1 0 1 0 0 0 0
380	3	1 1 1 1 1 0 1 0 0 1 1 1 0 0 0 0
380	3	0 1 1 1 1 0 0 0 0 1 0 0 0 0 0 1
380	1	1 1 1 1 0 0 1 0 1 0 0 1 0 1 0 0
380	1	1 1 1 1 1 0 1 0 0 0 0 0 1 0 0 1
380	1	1 1 1 1 1 0 1 0 0 1 0 0 0 0 1 0
380	2	0 1 1 1 0 1 1 0 0 0 0 0 0 0 0 0
380	1	1 1 1 1 1 1 0 0 0 1 1 0 0 0 0 1
380	1	1 1 1 1 1 0 1 1 0 1 0 0 0 0 0 0
380	2	0 1 1 1 1 0 1 0 0 1 0 0 0 0 0 0
380	3	0 1 1 1 0 0 1 0 0 1 0 0 0 0 0 0
380	3	0 1 1 1 0 1 0 0 0 0 0 1 0 0 0 0
380	1	1 1 0 1 0 0 1 1 0 0 1 0 0 0 0 0
380	2	1 0 1 1 1 0 1 0 0 0 1 1 0 1 0 0
380	4	1 1 1 1 1 1 0 0 0 1 0 0 0 1 0 0
380	3	1 1 0 1 0 0 1 1 0 1 0 1 0 1 0 0
400	32	1 1 1 1 0 0 1 0 0 1 0 0 0 0 0 0
400	17	1 1 1 1 0 0 1 0 0 1 1 0 0 0 0 0
400	83	1 1 1 1 0 0 1 0 0 1 0 1 0 0 0 0
400	51	1 1 1 1 1 0 1 0 0 1 0 0 0 0 0 0
400	102	1 1 1 1 1 0 0 0 0 1 0 0 0 0 0 0
400	73	1 1 1 1 0 0 1 0 0 0 0 1 0 0 0 0
400	13	1 1 1 1 0 0 1 0 0 1 0 0 0 0 0 1
400	11	1 1 1 1 0 1 1 0 0 1 1 0 0 0 0 0
400	17	0 1 0 1 0 0 1 0 0 1 0 0 0 0 0 0
400	10	1 1 1 1 0 0 1 0 1 0 0 1 0 0 0 0
400	2	1 1 1 1 1 0 1 0 0 1 0 0 0 0 0 1
400	32	1 1 1 1 0 0 1 0 0 1 0 1 1 0 0 0
400	9	1 1 1 1 0 0 1 1 1 0 0 1 0 0 0 1
400	33	1 1 1 1 0 1 1 1 0 1 1 0 0 0 0 0
400	23	1 1 1 1 0 1 1 1 0 1 0 0 0 0 0 1
400	16	1 1 1 1 0 0 1 0 0 1 0 0 0 0 1 0
400	4	1 1 1 1 0 0 1 0 1 0 1 1 0 0 0 0
400	7	1 1 1 1 0 0 1 0 1 1 0 1 0 0 0 0
400	56	1 1 1 1 1 0 1 0 0 0 1 1 0 1 0 0
400	12	1 1 1 1 1 0 0 0 0 1 0 1 0 0 0 0
400	1	1 1 1 1 0 1 1 0 0 0 0 1 0 0 0 0
400	3	1 0 1 1 0 0 1 0 0 0 1 0 0 0 0 0
400	5	1 1 1 1 0 0 1 0 0 0 0 1 0 1 0 0
400	5	0 1 1 1 0 1 1 0 0 1 1 0 0 0 0 0
400	23	1 1 1 1 0 0 1 1 0 1 1 0 0 1 0 0
400	21	1 1 1 1 0 0 1 1 1 1 0 1 0 0 0 0
400	5	1 0 1 1 0 0 1 0 0 1 0 1 0 0 0 0
400	6	1 1 1 1 0 0 1 1 1 0 0 0 1 0 0 0
400	4	1 1 1 1 0 1 0 0 0 1 1 0 0 0 0 0
400	5	1 1 1 1 0 0 1 0 0 1 0 1 0 1 0 0
400	4	0 1 0 1 0 1 1 0 0 0 0 1 0 0 1 0
400	12	1 1 1 1 1 0 1 0 0 1 0 1 0 0 0 1
400	11	1 1 1 1 1 0 1 0 0 0 0 0 0 0 0 1
400	1	1 1 1 1 1 0 0 0 0 1 0 0 0 0 1 1
400	14	1 1 1 1 0 0 1 0 0 0 0 0 0 0 0 0
400	3	0 1 1 1 0 1 0 0 0 0 0 1 0 0 0 0
400	8	1 1 0 1 0 0 1 1 0 1 0 1 0 1 0 0
400	2	1 1 1 1 0 0 1 0 0 0 0 1 0 0 1 0
400	7	0 1 1 1 0 1 0 0 0 0 0 1 0 0 0 1
400	7	1 0 1 1 0 1 1 0 0 0 0 1 0 0 0 1
400	11	0 1 0 1 0 1 1 0 1 0 0 1 0 0 1 0
400	4	0 1 1 1 0 0 1 0 0 1 0 1 0 0 0 0
400	14	1 1 1 1 0 1 1 0 0 1 1 0 1 0 0 0
400	1	1 1 1 1 1 0 1 1 1 0 0 1 0 0 0 1
400	6	1 0 1 1 1 0 0 0 0 1 0 0 0 0 0 0
400	6	1 1 1 1 0 0 1 0 0 0 0 1 1 0 0 0
400	6	1 1 1 1 0 1 1 1 0 1 1 0 0 0 0 1
400	9	1 1 1 1 1 0 1 1 1 1 0 1 0 0 0 0
400	2	0 1 0 1 1 0 1 0 0 0 1 1 0 1 0 0
400	1	1 1 1 1 1 1 0 0 0 1 0 0 0 0 0 0
400	1	1 1 1 1 1 0 0 0 0 1 0 1 0 0 1 1
400	14	1 0 1 1 0 0 1 0 0 1 0 0 0 0 0 0
400	11	1 1 1 1 1 0 1 0 0 0 0 0 0 0 0 0
400	5	1 1 1 1 1 0 1 0 0 1 0 1 0 0 0 0
400	10	1 1 1 1 0 1 1 0 0 0 0 0 0 0 0 1
400	4	1 1 1 1 0 0 1 0 1 1 1 0 0 0 0 1
400	9	1 1 1 1 0 1 1 0 0 0 0 1 0 0 0 1
400	2	1 1 1 1 0 1 1 0 0 1 0 1 0 0 0 0
400	1	0 1 0 1 0 0 1 0 0 1 0 1 0 0 0 0
400	10	1 1 1 1 0 0 0 0 0 1 0 0 0 0 0 0
400	2	1 1 1 1 0 0 1 0 1 0 0 1 0 0 0 1
400	9	1 1 1 1 0 0 1 1 0 1 0 0 0 0 0 0
400	3	1 1 1 1 0 0 1 1 0 0 0 1 0 0 0 0
400	2	1 1 1 1 0 0 1 0 0 1 0 0 1 0 0 0
400	2	1 1 1 0 0 0 1 0 0 1 0 0 0 0 0 0
400	9	1 1 1 0 1 0 0 0 0 1 0 0 0 0 0 0
400	5	1 1 1 1 1 0 1 0 0 1 1 1 0 1 0 0
400	1	0 1 1 0 0 1 0 0 0 0 0 1 0 0 0 1
400	1	0 1 0 1 1 1 1 0 1 0 0 1 0 0 1 0
400	7	0 1 0 1 0 0 1 0 0 1 0 1 1 0 0 0
400	6	0 1 1 0 0 0 1 0 0 1 0 1 0 0 0 0
400	8	1 1 1 1 1 0 1 1 0 0 1 1 0 1 0 0
400	1	1 1 1 1 1 0 0 0 0 1 0 1 1 0 0 0
400	4	1 1 1 1 0 0 1 0 0 0 0 1 1 0 1 0
400	2	1 1 1 1 0 1 1 1 0 0 0 0 0 0 0 1
400	3	0 1 0 1 0 1 1 0 0 0 0 1 0 1 0 1
400	5	0 1 1 1 1 0 0 0 0 1 0 0 0 0 0 0
400	2	0 1 0 1 0 1 0 0 0 0 0 1 0 0 1 0
400	1	0 0 1 1 0 0 1 0 0 1 0 0 0 0 0 0
400	1	1 1 0 1 0 0 1 0 0 1 0 1 0 0 0 0
400	5	1 1 1 0 0 0 1 0 0 1 0 1 0 0 0 0
400	2	1 1 1 1 0 1 1 1 0 1 1 0 0 1 0 0
400	1	1 1 1 1 0 0 1 0 0 1 0 0 0 1 0 0
400	2	1 1 1 1 0 1 1 0 0 0 0 0 0 0 1 1
400	3	0 1 1 1 0 0 1 0 0 1 0 0 0 0 0 0
400	2	1 1 1 1 0 0 1 0 0 1 0 1 0 0 0 1
400	1	1 1 0 1 1 0 0 0 0 1 0 0 0 0 0 0
400	2	1 1 1 1 1 0 1 0 1 1 0 0 0 0 0 1
400	5	1 1 1 1 0 0 1 0 1 1 0 0 0 0 0 0
400	3	1 1 1 1 1 0 0 0 0 0 0 0 0 0 0 0
400	1	0 1 0 1 0 0 1 0 0 0 0 0 0 0 0 0
400	1	1 1 1 1 0 0 1 1 0 1 0 1 0 0 0 0
400	2	1 1 1 1 1 0 0 0 1 1 0 0 0 0 0 0
400	3	1 1 1 1 0 0 1 0 0 1 0 0 1 0 0 1
400	1	1 1 0 1 0 1 1 0 0 1 1 0 0 0 0 0
400	2	0 1 0 0 0 0 1 0 0 1 0 0 0 0 0 0
400	1	1 1 1 1 0 0 1 0 0 1 0 0 1 0 1 0
400	4	1 0 1 1 1 0 1 0 0 0 1 1 0 1 0 0
400	2	1 0 0 1 0 0 1 0 0 0 1 0 0 0 0 0
400	3	1 0 1 1 0 0 1 0 1 1 0 0 0 0 0 0
400	3	1 1 1 1 0 1 1 0 0 0 0 1 0 1 0 1
