0	250	0 1 1 1 0 1 0 0 0 0 0 0 0 0 0 0
0	250	0 0 0 0 0 0 0 1 0 1 0 1 0 0 0 0
0	250	0 0 0 0 0 0 0 0 0 0 0 0 0 0 0 0
0	250	0 0 0 1 1 0 0 0 0 0 0 0 0 0 0 0
20	208	0 1 1 1 0 1 0 0 0 0 0 0 0 0 0 0
20	37	0 0 0 0 0 0 0 1 0 1 0 1 0 0 0 0
20	31	0 0 0 0 0 0 0 0 0 0 0 0 0 0 0 0
20	311	0 0 0 1 1 0 0 0 0 0 0 0 0 0 0 0
20	13	0 0 0 0 0 0 0 1 0 1 0 0 0 0 0 0
20	14	0 1 1 1 0 1 0 0 0 0 0 1 0 0 0 0
20	13	0 1 1 1 0 0 0 0 0 0 0 0 0 0 0 0
20	18	0 1 1 1 0 1 0 0 0 0 0 0 0 1 0 0
20	1	0 0 0 1 1 0 0 0 0 0 0 0 0 0 0 1
20	29	0 1 1 1 0 1 0 1 0 1 0 1 0 0 0 0
20	17	0 1 1 1 0 1 0 0 0 0 0 0 1 0 0 0
20	5	0 1 1 1 0 1 0 0 0 1 0 0 0 0 0 0
20	9	0 0 0 0 0 0 0 1 0 0 0 0 0 0 0 0
20	39	0 1 1 1 0 1 0 0 0 1 0 1 0 0 0 0
20	14	0 0 0 1 1 0 0 1 0 0 0 0 0 0 0 0
20	16	0 1 1 1 0 1 0 0 0 0 0 0 0 0 0 1
20	6	0 0 0 1 0 0 0 0 0 0 0 0 0 0 0 0
20	11	0 0 0 1 1 0 1 0 0 0 0 0 0 0 0 0
20	15	0 1 1 1 1 0 0 0 0 0 0 0 0 0 0 0
20	4	1 1 1 1 0 1 0 0 0 0 0 0 0 0 0 0
20	29	0 0 1 1 0 1 0 0 0 0 0 0 0 0 0 0
20	8	0 1 1 1 0 1 0 0 1 0 0 0 0 0 0 0
20	5	1 1 1 1 0 1 0 0 0 0 0 1 0 0 0 0
20	5	0 0 0 1 1 0 0 0 0 1 0 0 0 0 0 0
20	5	0 1 1 1 0 1 0 0 0 0 0 0 0 1 0 1
20	1	0 0 1 1 1 0 1 0 0 0 0 0 0 0 0 0
20	2	0 0 0 0 0 0 0 1 0 1 1 1 0 0 0 0
20	1	0 1 0 1 1 0 0 0 0 0 0 0 0 0 0 0
20	2	0 0 1 0 0 0 0 0 0 0 0 0 0 0 0 1
20	3	0 0 1 0 0 0 0 0 0 0 0 0 0 0 0 0
20	16	0 0 0 1 1 0 0 0 0 0 1 0 0 0 0 0
20	9	0 1 1 1 0 1 0 0 0 0 0 1 0 0 0 1
20	3	0 0 1 0 0 0 0 1 0 1 0 1 1 0 0 1
20	7	0 1 1 1 1 0 1 0 0 0 0 0 0 0 0 0
20	9	0 0 0 1 1 0 1 0 0 0 0 0 0 0 1 0
20	4	1 0 1 0 0 0 0 1 0 1 0 1 1 0 0 1
20	3	0 1 1 1 0 1 1 1 0 0 0 0 0 0 0 0
20	5	1 0 0 1 0 0 0 0 0 0 0 0 0 0 0 0
20	1	0 1 1 1 1 1 0 0 0 0 0 0 0 0 0 0
20	1	0 0 0 1 1 0 0 0 0 1 0 0 0 0 0 1
20	5	0 1 1 1 1 0 1 0 0 0 0 0 0 0 1 0
20	1	0 1 1 1 0 1 0 1 0 0 0 0 0 0 0 0
20	4	0 0 0 1 1 0 0 0 0 0 0 0 1 0 0 0
20	4	0 0 0 0 0 1 0 1 0 0 0 0 0 0 0 0
20	4	0 0 0 1 1 0 0 0 0 0 0 0 0 1 0 0
20	2	0 0 0 1 1 0 0 0 0 0 0 0 0 0 1 0
20	1	0 0 0 1 1 0 0 0 0 0 0 1 0 0 0 0
20	2	1 0 0 1 1 0 0 0 0 0 0 0 0 0 0 0
20	4	0 0 0 1 1 0 0 0 1 0 0 0 0 0 0 0
20	1	0 1 1 1 0 1 0 0 0 0 1 0 1 0 0 0
20	4	0 1 1 1 0 1 0 1 0 0 0 0 0 0 0 1
20	2	0 1 1 1 1 0 1 1 0 0 0 0 0 0 0 0
20	4	0 1 1 1 0 1 0 0 0 0 1 0 0 0 0 0
20	4	0 0 0 0 1 0 0 1 0 1 0 1 0 0 0 0
20	2	0 0 0 0 0 0 0 0 1 0 0 0 0 0 0 0
20	1	0 1 1 1 0 1 0 1 0 1 0 1 0 1 0 0
20	3	0 1 1 1 0 1 0 0 1 1 0 0 0 0 0 0
20	6	0 1 1 1 1 1 0 0 0 1 0 1 0 0 0 0
20	1	0 0 0 1 1 0 1 0 0 0 0 0 0 0 0 1
20	3	0 0 0 0 1 0 1 0 0 0 0 0 0 0 1 0
20	2	0 0 0 1 1 0 0 0 1 0 0 0 0 0 1 0
20	1	0 1 1 1 0 1 0 0 0 0 0 0 0 0 1 0
20	2	0 1 1 1 0 1 0 1 0 1 0 0 0 0 0 0
20	2	0 0 1 1 0 1 0 0 0 1 0 0 0 0 0 0
20	1	0 1 1 0 0 1 0 0 1 0 0 0 0 0 0 0
20	2	0 1 0 1 1 0 0 0 1 0 0 0 0 0 0 0
20	2	0 0 0 1 1 0 1 0 0 0 0 0 1 0 1 0
40	234	0 1 1 1 0 1 0 0 0 0 0 0 0 0 0 0
40	140	0 0 0 1 1 0 0 0 0 0 0 0 0 0 0 0
40	50	0 1 1 1 0 0 0 0 0 0 0 0 0 0 0 0
40	33	0 1 1 1 0 1 0 0 0 0 0 0 0 1 0 0
40	60	0 1 1 1 0 1 0 1 0 1 0 1 0 0 0 0
40	6	0 1 1 1 0 1 0 0 0 0 0 0 1 0 0 0
40	20	0 1 1 1 0 1 0 0 0 1 0 0 0 0 0 0
40	51	0 1 1 1 0 1 0 0 0 1 0 1 0 0 0 0
40	40	0 0 0 1 1 0 0 1 0 0 0 0 0 0 0 0
40	19	0 1 1 1 0 1 0 0 0 0 0 0 0 0 0 1
40	1	0 0 0 1 1 0 1 0 0 0 0 0 0 0 0 0
40	6	0 1 1 1 1 0 0 0 0 0 0 0 0 0 0 0
40	5	1 1 1 1 0 1 0 0 0 0 0 0 0 0 0 0
40	13	0 0 1 1 0 1 0 0 0 0 0 0 0 0 0 0
40	15	0 1 1 1 0 1 0 0 0 0 0 0 0 1 0 1
40	1	0 1 1 1 0 1 0 0 0 0 0 1 0 0 0 1
40	10	0 1 1 1 1 0 1 0 0 0 0 0 0 0 0 0
40	3	0 0 0 1 1 0 1 0 0 0 0 0 0 0 1 0
40	4	1 0 0 1 0 0 0 0 0 0 0 0 0 0 0 0
40	18	0 1 1 1 1 0 1 0 0 0 0 0 0 0 1 0
40	5	1 0 0 1 1 0 0 0 0 0 0 0 0 0 0 0
40	26	0 1 1 1 0 1 0 0 0 0 1 0 0 0 0 0
40	15	0 1 1 1 1 1 0 0 0 1 0 1 0 0 0 0
40	1	0 0 0 0 1 0 1 0 0 0 0 0 0 0 1 0
40	2	0 0 0 1 0 1 0 1 0 0 0 0 0 0 0 0
40	6	0 0 0 1 1 0 1 0 0 0 1 0 0 0 0 0
40	1	0 0 0 1 0 1 0 0 0 0 0 1 0 0 0 1
40	3	0 0 0 1 1 0 0 0 0 0 0 1 0 0 0 0
40	11	0 1 1 1 1 0 0 1 0 0 0 0 0 0 0 0
40	2	0 1 1 1 0 1 0 0 0 0 0 0 0 1 1 0
40	1	0 1 1 1 1 0 0 0 0 0 0 0 0 0 0 1
40	6	0 1 1 1 0 1 0 0 1 0 0 0 0 0 0 0
40	10	0 1 1 0 0 1 0 1 0 1 0 1 0 0 0 0
40	8	0 1 1 1 0 1 0 0 1 1 0 1 0 0 0 0
40	9	0 1 1 1 0 1 1 0 0 0 0 0 0 0 0 0
40	39	0 1 1 1 1 0 0 0 1 0 0 0 0 0 0 0
40	16	0 1 1 1 1 1 0 0 0 0 0 0 0 0 0 0
40	12	0 1 1 1 0 1 0 1 1 1 0 1 0 0 0 0
40	3	0 1 1 1 0 1 0 0 0 1 0 1 0 1 0 0
40	1	1 1 1 1 1 0 0 0 0 0 0 0 0 0 0 0
40	6	0 0 0 1 1 0 0 0 0 0 0 0 0 0 1 0
40	5	0 0 1 1 1 0 0 0 0 0 0 0 0 1 0 0
40	2	0 0 0 1 0 1 0 0 0 0 0 0 0 0 0 0
40	7	0 1 1 1 0 1 0 1 0 1 0 1 1 0 0 0
40	2	0 0 0 1 1 0 0 1 0 0 0 0 0 1 0 0
40	8	0 1 1 1 1 0 1 0 0 0 0 0 0 0 0 1
40	1	0 0 0 1 1 0 0 0 1 0 0 0 0 0 0 0
40	12	1 1 1 1 0 1 0 1 0 1 0 1 0 0 0 0
40	3	0 1 1 1 0 1 0 0 0 0 0 1 0 0 0 0
40	1	1 1 0 1 1 0 0 0 0 0 0 0 0 0 0 0
40	3	0 1 1 1 1 1 0 0 0 1 0 0 0 0 0 0
40	2	0 0 0 1 1 0 1 0 0 0 0 0 1 0 1 0
40	3	0 1 1 0 1 1 0 0 0 0 0 0 0 0 0 0
40	3	0 1 1 1 1 0 1 0 0 0 0 0 0 0 1 1
40	4	0 1 0 1 1 0 0 0 0 0 0 0 0 0 0 0
40	1	0 1 1 0 0 1 0 0 0 0 0 0 0 0 0 0
40	2	0 0 1 1 0 1 0 1 0 1 0 1 0 0 0 0
40	2	0 0 1 1 0 1 0 0 0 1 0 0 0 0 0 0
40	1	0 1 0 1 0 1 0 0 0 1 0 1 0 0 0 0
40	3	0 0 0 1 1 0 0 1 0 1 0 0 0 0 0 0
40	3	0 0 0 1 1 1 0 1 0 0 0 0 0 0 0 0
40	2	0 1 1 1 0 1 0 1 0 0 0 0 0 1 0 1
40	2	0 0 0 0 1 0 1 0 0 1 0 0 0 0 0 0
40	1	0 0 0 1 1 0 0 0 0 1 0 1 0 0 0 0
40	2	0 0 0 1 1 0 0 1 0 1 0 1 0 0 0 0
40	4	0 1 1 1 0 1 0 1 0 0 0 0 0 0 0 0
40	1	0 0 0 1 1 0 0 0 0 1 0 0 0 0 0 0
40	1	0 0 0 1 1 1 0 0 0 0 0 0 0 0 0 0
40	1	0 0 1 1 1 0 0 0 0 0 0 0 0 0 0 0
40	1	0 0 0 1 1 0 0 1 0 0 0 1 0 0 0 0
40	1	0 1 1 1 1 0 0 1 0 0 0 0 0 1 0 0
40	4	0 0 0 1 1 0 0 0 0 0 0 0 0 0 1 1
60	127	0 1 1 1 0 1 0 0 0 0 0 0 0 0 0 0
60	100	0 0 0 1 1 0 0 0 0 0 0 0 0 0 0 0
60	58	0 1 1 1 0 0 0 0 0 0 0 0 0 0 0 0
60	46	0 1 1 1 0 1 0 0 0 0 0 0 0 1 0 0
60	47	0 1 1 1 0 1 0 1 0 1 0 1 0 0 0 0
60	43	0 1 1 1 0 1 0 0 0 1 0 0 0 0 0 0
60	36	0 1 1 1 0 1 0 0 0 1 0 1 0 0 0 0
60	20	0 1 1 1 1 0 0 0 0 0 0 0 0 0 0 0
60	20	1 1 1 1 0 1 0 0 0 0 0 0 0 0 0 0
60	13	0 0 1 1 0 1 0 0 0 0 0 0 0 0 0 0
60	14	0 1 1 1 0 1 0 0 0 0 0 0 0 1 0 1
60	22	0 1 1 1 0 1 0 0 0 0 1 0 0 0 0 0
60	25	0 1 1 1 0 1 0 0 1 0 0 0 0 0 0 0
60	12	0 1 1 0 0 1 0 1 0 1 0 1 0 0 0 0
60	21	0 1 1 1 0 1 1 0 0 0 0 0 0 0 0 0
60	6	0 1 1 1 1 0 0 0 1 0 0 0 0 0 0 0
60	2	0 1 1 1 1 1 0 0 0 0 0 0 0 0 0 0
60	9	0 1 1 1 0 1 0 1 1 1 0 1 0 0 0 0
60	9	0 0 0 1 0 1 0 0 0 0 0 0 0 0 0 0
60	1	0 1 1 1 0 1 0 1 0 1 0 1 1 0 0 0
60	5	0 1 1 1 1 0 1 0 0 0 0 0 0 0 0 1
60	13	1 1 1 1 0 1 0 1 0 1 0 1 0 0 0 0
60	1	0 1 1 1 0 1 0 0 0 0 0 1 0 0 0 0
60	3	0 1 1 1 1 1 0 0 0 1 0 0 0 0 0 0
60	4	0 0 1 1 0 1 0 0 0 1 0 0 0 0 0 0
60	22	0 0 0 0 1 0 1 0 0 1 0 0 0 0 0 0
60	5	0 0 0 1 1 0 0 0 0 0 1 0 0 0 0 0
60	8	0 1 1 1 0 0 0 0 0 1 0 0 0 0 0 0
60	15	0 1 1 1 1 0 0 0 0 1 0 0 0 0 0 0
60	19	0 1 0 1 0 1 1 0 0 0 0 0 0 0 0 0
60	7	0 1 1 1 0 0 0 0 0 0 0 0 0 1 0 0
60	2	0 0 0 1 1 0 0 0 1 0 0 0 0 0 0 0
60	23	0 1 1 1 0 1 0 0 1 0 0 1 0 0 0 0
60	16	0 1 1 0 1 1 0 1 0 1 0 1 0 0 0 0
60	11	0 0 0 1 1 1 0 0 0 0 0 0 0 0 0 0
60	6	0 1 1 1 1 0 1 0 0 0 1 1 0 0 0 0
60	4	0 1 0 1 0 1 0 0 0 0 1 0 0 0 0 0
60	5	0 1 1 1 0 0 0 1 0 0 0 0 0 0 0 0
60	8	0 1 1 1 0 0 0 0 0 0 1 0 0 0 0 0
60	7	0 0 1 1 0 1 0 1 0 1 0 1 0 0 0 0
60	2	0 1 1 1 1 0 1 0 0 1 0 0 0 0 1 0
60	7	0 1 1 0 1 0 0 0 0 0 0 0 0 0 0 0
60	11	0 0 0 1 0 0 0 0 0 0 0 0 0 1 0 0
60	4	0 1 1 1 0 1 0 1 0 0 0 0 0 0 0 0
60	10	0 1 1 1 0 1 0 1 0 1 0 1 0 0 0 1
60	13	0 1 1 1 0 1 0 1 0 0 0 1 0 0 0 0
60	8	0 0 0 1 1 0 0 0 0 1 0 0 0 0 0 0
60	8	0 1 1 0 1 0 0 0 0 0 0 0 0 1 0 0
60	4	0 0 1 1 0 0 0 0 0 0 0 0 0 0 0 0
60	2	0 1 1 1 0 1 0 0 0 1 1 0 0 0 0 0
60	20	0 1 1 1 0 1 0 0 0 0 0 1 0 1 0 0
60	2	0 0 1 1 0 1 0 1 0 1 0 0 0 0 0 0
60	1	0 1 1 1 1 1 0 0 0 0 1 0 0 0 0 0
60	4	0 1 1 1 0 1 0 0 0 0 0 0 0 0 0 1
60	2	0 1 1 1 0 1 0 0 0 0 0 0 0 1 1 0
60	2	0 0 0 0 1 0 0 1 0 0 0 0 0 0 0 0
60	1	0 0 1 1 0 1 0 0 1 0 0 1 0 0 0 0
60	3	0 1 1 1 0 1 0 0 1 0 1 1 0 0 0 0
60	10	0 0 1 1 1 0 1 0 0 1 0 0 0 0 1 0
60	2	0 1 1 1 1 0 0 0 0 0 0 0 0 0 0 1
60	13	0 1 1 1 0 1 0 1 0 1 1 1 0 0 0 1
60	4	0 1 1 0 0 1 0 1 0 0 0 1 0 0 0 0
60	1	0 1 1 1 0 1 1 0 0 0 0 0 0 1 0 0
60	1	0 1 0 1 0 1 0 0 0 1 0 0 0 0 0 0
60	3	0 1 1 0 1 1 0 1 0 1 0 1 0 0 1 0
60	7	0 0 1 1 1 0 0 0 0 0 0 0 0 0 0 0
60	4	0 1 1 1 1 1 0 0 0 0 0 0 0 1 0 0
60	9	0 0 1 0 0 1 0 1 0 1 0 1 0 0 0 0
60	3	0 1 1 1 0 0 0 0 0 0 0 1 0 0 0 0
60	1	0 1 0 0 1 0 1 0 0 1 0 0 0 0 0 0
60	1	1 0 0 1 1 0 0 0 0 0 0 0 0 0 0 0
60	1	0 1 1 0 0 0 0 0 0 0 0 0 0 0 0 0
60	3	0 1 1 1 0 1 0 1 0 1 0 1 0 0 1 0
60	4	0 1 1 1 0 1 0 0 0 1 0 0 1 0 0 0
60	3	1 1 1 1 0 1 0 0 0 0 1 0 0 0 0 0
60	1	0 1 1 1 1 0 0 0 0 1 0 0 0 0 1 0
60	4	0 1 1 1 0 0 0 0 1 0 0 1 0 0 0 0
60	1	0 1 1 1 0 1 0 0 0 1 0 0 0 0 1 0
60	2	0 1 0 1 0 1 0 0 0 0 0 0 0 0 0 0
60	1	0 1 1 1 0 1 1 1 0 1 0 1 0 0 0 0
60	1	1 1 1 1 0 1 0 0 0 0 0 0 0 1 0 1
60	1	1 1 1 1 0 0 0 0 0 0 0 0 0 1 0 0
80	109	0 1 1 1 0 1 0 0 0 0 0 0 0 0 0 0
80	61	0 0 0 1 1 0 0 0 0 0 0 0 0 0 0 0
80	57	0 1 1 1 0 0 0 0 0 0 0 0 0 0 0 0
80	8	0 1 1 1 0 1 0 0 0 0 0 0 0 1 0 0
80	105	0 1 1 1 0 1 0 1 0 1 0 1 0 0 0 0
80	27	0 1 1 1 0 1 0 0 0 1 0 0 0 0 0 0
80	32	0 1 1 1 0 1 0 0 0 1 0 1 0 0 0 0
80	20	0 1 1 1 1 0 0 0 0 0 0 0 0 0 0 0
80	33	1 1 1 1 0 1 0 0 0 0 0 0 0 0 0 0
80	6	0 1 1 1 0 1 0 0 0 0 0 0 0 1 0 1
80	27	0 1 1 1 0 1 0 0 0 0 1 0 0 0 0 0
80	3	0 1 1 1 0 1 0 0 1 0 0 0 0 0 0 0
80	40	0 1 1 1 0 1 1 0 0 0 0 0 0 0 0 0
80	40	0 1 1 1 0 1 0 1 1 1 0 1 0 0 0 0
80	1	1 1 1 1 0 1 0 1 0 1 0 1 0 0 0 0
80	29	0 1 1 1 0 1 0 0 0 0 0 1 0 0 0 0
80	4	0 1 1 1 1 1 0 0 0 1 0 0 0 0 0 0
80	17	0 0 0 0 1 0 1 0 0 1 0 0 0 0 0 0
80	4	0 1 1 1 0 0 0 0 0 1 0 0 0 0 0 0
80	12	0 1 0 1 0 1 1 0 0 0 0 0 0 0 0 0
80	11	0 0 0 1 1 0 0 0 1 0 0 0 0 0 0 0
80	25	0 1 1 1 0 1 0 0 1 0 0 1 0 0 0 0
80	2	0 1 1 0 1 0 0 0 0 0 0 0 0 0 0 0
80	4	0 1 1 1 0 1 0 1 0 1 0 1 0 0 0 1
80	13	0 1 1 1 0 1 0 1 0 0 0 1 0 0 0 0
80	5	0 1 1 1 0 1 0 0 0 1 1 0 0 0 0 0
80	4	0 1 1 1 0 1 0 0 0 0 0 1 0 1 0 0
80	1	0 0 1 1 1 0 1 0 0 1 0 0 0 0 1 0
80	12	0 1 1 1 1 0 0 0 0 0 0 0 0 0 0 1
80	19	0 1 1 1 0 1 0 1 0 1 1 1 0 0 0 1
80	11	0 1 1 0 0 1 0 1 0 0 0 1 0 0 0 0
80	2	0 1 1 1 0 0 0 0 0 0 0 1 0 0 0 0
80	6	0 1 0 0 1 0 1 0 0 1 0 0 0 0 0 0
80	10	0 1 1 1 0 1 0 1 0 1 0 1 0 0 1 0
80	36	0 1 1 1 0 1 0 0 0 1 0 0 1 0 0 0
80	14	1 1 1 1 0 1 0 0 0 0 1 0 0 0 0 0
80	3	0 1 1 1 0 0 0 0 1 0 0 1 0 0 0 0
80	1	0 1 1 1 0 1 0 0 0 1 0 0 0 0 1 0
80	2	0 1 0 1 0 1 0 0 0 0 0 0 0 0 0 0
80	24	0 1 1 0 1 0 1 0 0 0 1 1 0 0 0 0
80	2	0 0 0 0 1 0 0 0 1 0 0 0 0 0 0 0
80	7	0 0 0 1 1 0 0 0 0 1 0 1 0 0 0 0
80	17	0 1 1 0 1 0 0 0 1 0 0 0 0 0 0 0
80	7	0 0 0 1 1 0 0 0 0 0 0 1 0 0 0 0
80	6	0 1 1 1 0 1 0 1 0 1 0 0 0 0 0 0
80	2	0 1 1 1 0 1 0 1 0 1 0 0 0 0 1 0
80	1	0 1 1 0 1 0 0 0 0 0 0 0 0 1 1 0
80	4	0 1 0 1 0 1 1 0 0 0 0 1 0 0 0 0
80	3	0 0 0 1 1 0 0 0 0 0 0 0 0 0 1 0
80	9	1 1 1 1 0 0 0 0 0 0 0 0 0 0 0 0
80	2	0 1 1 1 0 1 1 0 0 0 0 0 0 1 0 0
80	3	0 1 1 1 0 1 1 1 1 1 0 1 0 0 0 0
80	1	0 1 1 1 0 1 0 1 1 1 1 0 0 0 0 0
80	9	0 1 1 1 1 1 0 0 0 0 0 0 0 0 0 0
80	5	0 1 1 0 1 0 0 1 0 0 0 0 0 0 0 0
80	5	0 1 1 1 0 1 1 0 0 0 0 1 0 0 0 0
80	4	0 1 1 0 0 1 0 1 0 0 0 0 0 0 0 0
80	4	0 1 1 1 0 1 1 0 0 1 0 1 0 0 0 0
80	3	0 1 1 1 0 1 0 0 0 0 0 1 0 0 0 1
80	3	0 1 1 0 1 0 0 0 0 0 0 1 0 0 0 0
80	2	0 1 1 1 0 0 0 0 0 0 0 0 0 0 0 1
80	3	0 1 1 1 0 1 0 0 1 1 0 0 0 0 0 0
80	1	0 1 1 0 0 1 0 1 1 1 0 1 0 0 0 0
80	2	0 1 1 1 1 0 0 0 0 0 0 0 0 1 0 1
80	2	0 1 0 0 0 1 0 1 0 0 0 1 0 0 0 0
80	1	0 1 1 1 0 1 0 1 0 0 1 0 0 0 1 0
80	2	0 1 1 1 0 1 0 1 0 0 0 0 0 0 0 0
80	2	0 0 0 0 1 0 1 0 0 1 0 0 0 1 0 0
80	3	1 1 1 1 0 0 0 0 0 0 1 0 0 0 0 0
80	4	0 1 1 1 0 1 0 1 0 1 1 0 0 0 0 0
80	8	0 1 1 1 0 1 1 0 0 1 0 0 0 0 0 0
80	3	0 1 1 1 0 1 0 0 0 1 1 1 0 0 0 1
80	6	0 0 1 1 0 1 0 0 0 0 0 0 0 0 0 0
80	2	0 1 1 1 0 1 0 0 0 0 0 1 0 0 1 0
80	2	0 1 1 1 0 1 0 0 0 1 0 0 1 1 0 0
80	2	0 0 1 0 1 0 1 0 0 0 1 1 0 0 0 0
80	2	0 1 1 1 0 0 0 0 0 0 0 0 1 0 0 0
80	3	0 0 1 1 0 1 0 1 1 1 0 1 0 0 0 0
80	2	0 1 1 1 1 0 0 0 0 0 0 1 0 0 0 0
80	1	0 0 0 1 1 0 0 0 0 0 1 0 0 0 0 0
80	2	0 1 1 0 0 0 0 0 0 0 0 0 0 0 0 0
80	1	1 1 1 1 0 1 0 0 0 0 0 1 0 0 0 0
80	3	0 1 1 1 0 1 1 0 0 0 0 0 0 0 0 1
80	2	1 1 1 1 1 1 0 0 0 0 1 0 0 0 0 0
80	1	0 1 1 0 1 0 1 0 0 0 1 1 0 0 0 1
80	1	1 1 1 1 0 0 0 0 0 0 0 1 0 0 0 0
100	160	0 1 1 1 0 1 0 0 0 0 0 0 0 0 0 0
100	34	0 0 0 1 1 0 0 0 0 0 0 0 0 0 0 0
100	19	0 1 1 1 0 0 0 0 0 0 0 0 0 0 0 0
100	32	0 1 1 1 0 1 0 1 0 1 0 1 0 0 0 0
100	31	0 1 1 1 0 1 0 0 0 1 0 0 0 0 0 0
100	31	0 1 1 1 0 1 0 0 0 1 0 1 0 0 0 0
100	15	0 1 1 1 1 0 0 0 0 0 0 0 0 0 0 0
100	10	1 1 1 1 0 1 0 0 0 0 0 0 0 0 0 0
100	35	0 1 1 1 0 1 0 0 0 0 1 0 0 0 0 0
100	39	0 1 1 1 0 1 1 0 0 0 0 0 0 0 0 0
100	30	0 1 1 1 0 1 0 1 1 1 0 1 0 0 0 0
100	20	0 1 1 1 0 1 0 0 0 0 0 1 0 0 0 0
100	2	0 1 0 1 0 1 1 0 0 0 0 0 0 0 0 0
100	13	0 1 1 1 0 1 0 0 1 0 0 1 0 0 0 0
100	13	0 1 1 0 1 0 0 0 0 0 0 0 0 0 0 0
100	7	0 1 1 1 0 1 0 1 0 0 0 1 0 0 0 0
100	29	0 1 1 1 1 0 0 0 0 0 0 0 0 0 0 1
100	5	0 1 1 1 0 1 0 1 0 1 0 1 0 0 1 0
100	6	0 1 1 1 0 1 0 0 0 1 0 0 1 0 0 0
100	17	1 1 1 1 0 1 0 0 0 0 1 0 0 0 0 0
100	14	0 1 1 1 0 0 0 0 1 0 0 1 0 0 0 0
100	1	0 0 0 1 1 0 0 0 0 1 0 1 0 0 0 0
100	3	0 0 0 1 1 0 0 0 0 0 0 1 0 0 0 0
100	16	0 0 0 1 1 0 0 0 0 0 0 0 0 0 1 0
100	9	1 1 1 1 0 0 0 0 0 0 0 0 0 0 0 0
100	6	0 1 1 1 0 1 1 0 0 0 0 0 0 1 0 0
100	15	0 1 1 1 0 1 0 1 1 1 1 0 0 0 0 0
100	16	0 1 1 1 0 1 1 0 0 0 0 1 0 0 0 0
100	15	0 1 1 1 0 1 1 0 0 1 0 1 0 0 0 0
100	11	0 1 1 1 1 0 0 0 0 0 0 0 0 1 0 1
100	4	0 1 1 1 0 1 0 1 0 1 1 0 0 0 0 0
100	1	0 1 1 1 0 1 1 0 0 1 0 0 0 0 0 0
100	6	0 0 1 1 0 1 0 0 0 0 0 0 0 0 0 0
100	2	0 1 1 1 0 1 0 0 0 1 0 0 1 1 0 0
100	3	0 0 1 1 0 1 0 1 1 1 0 1 0 0 0 0
100	6	0 0 1 1 0 1 1 0 0 0 0 1 0 0 0 0
100	13	0 0 1 1 0 1 0 1 0 1 0 1 0 0 0 0
100	26	0 1 1 1 0 1 0 0 0 0 0 0 1 0 0 0
100	8	0 1 1 1 0 1 0 1 1 1 0 0 0 0 0 0
100	4	0 1 0 1 0 1 0 1 0 1 0 1 0 0 0 0
100	17	0 1 1 1 0 1 0 1 1 1 1 1 0 0 0 0
100	12	0 1 1 1 0 1 0 1 0 0 0 0 0 0 1 0
100	16	0 0 0 1 1 0 1 0 0 1 0 0 0 1 0 0
100	3	0 1 1 0 1 1 0 0 1 0 0 1 0 0 0 0
100	24	0 1 1 1 0 0 0 0 0 0 0 0 1 0 0 0
100	17	0 1 0 1 0 1 0 0 0 1 0 0 0 0 0 0
100	18	0 1 1 1 0 1 0 1 0 0 0 0 0 0 0 0
100	7	0 1 1 1 0 1 0 1 0 1 0 1 0 0 1 1
100	3	1 1 1 1 0 1 0 0 0 0 0 1 0 0 0 0
100	5	0 1 1 0 1 0 1 1 0 0 0 1 0 0 0 0
100	6	0 1 1 1 1 1 0 1 0 1 0 1 0 0 0 0
100	21	0 1 1 1 0 1 0 0 1 1 0 1 0 0 0 0
100	9	0 1 1 1 0 1 0 1 1 1 0 1 0 0 1 0
100	5	0 1 1 1 0 1 1 0 0 1 0 1 0 0 1 0
100	2	0 0 1 1 0 1 1 0 0 0 0 0 0 0 0 1
100	4	0 0 1 1 0 0 0 0 0 1 0 0 0 0 0 0
100	7	0 1 1 1 0 0 0 1 0 0 0 0 0 0 0 0
100	1	0 1 1 0 0 1 0 1 0 1 0 1 0 0 0 0
100	5	0 1 1 0 0 1 1 0 0 1 0 1 0 0 0 0
100	5	0 1 1 1 0 1 0 0 0 0 0 0 0 1 0 0
100	2	0 1 1 0 0 1 0 0 1 0 0 1 0 0 0 0
100	3	0 1 1 1 0 1 1 0 0 0 0 1 0 1 0 0
100	2	0 1 1 1 0 0 0 0 0 0 0 0 0 0 1 0
100	2	0 1 1 1 0 1 0 0 1 0 0 1 0 1 0 0
100	3	0 1 0 1 0 1 0 1 0 1 0 1 0 0 1 1
100	1	0 1 1 1 0 1 0 0 1 0 0 0 0 0 0 0
100	1	0 1 1 1 0 0 0 0 0 0 0 0 0 0 0 1
100	1	0 0 1 1 0 1 0 0 0 1 0 0 1 1 0 0
100	2	1 0 0 0 1 0 0 0 0 0 0 0 0 0 0 0
100	5	0 0 1 1 0 1 0 0 0 0 0 0 0 1 0 0
100	8	0 1 0 1 0 1 0 0 0 0 0 0 0 0 0 0
100	3	0 0 0 1 1 0 1 0 0 0 0 0 0 0 0 0
100	3	0 1 1 1 0 1 1 0 0 0 1 0 0 0 0 0
100	2	0 1 1 1 1 1 0 0 0 0 0 0 0 0 1 0
100	5	1 1 1 1 0 1 1 0 0 0 0 0 0 0 0 1
100	5	0 1 1 1 0 1 0 0 0 0 0 0 0 0 1 0
100	1	0 1 1 1 0 1 0 0 0 0 1 0 0 1 0 0
100	1	0 0 0 1 1 0 0 0 0 0 0 0 0 1 1 0
100	5	1 1 1 1 0 1 1 0 0 0 1 0 0 0 0 0
100	4	0 1 1 1 0 1 0 1 0 0 1 0 0 1 0 0
100	1	1 1 1 1 0 0 0 0 0 0 0 0 0 0 1 0
100	1	0 1 1 1 0 1 0 1 0 1 1 0 0 0 1 0
100	1	0 1 1 0 0 1 0 0 0 1 0 0 1 1 0 0
100	3	1 1 1 1 0 1 0 0 0 0 0 0 1 0 0 0
100	6	0 1 0 1 0 1 0 1 0 0 0 0 0 0 1 0
100	1	0 1 0 1 1 1 0 1 0 1 0 1 0 0 0 0
100	1	0 0 0 1 1 0 0 0 0 0 0 0 0 1 0 0
100	1	0 1 1 1 0 1 0 0 0 0 1 1 0 0 0 0
100	2	0 1 1 1 0 1 0 1 1 1 0 1 1 0 0 0
100	1	0 1 1 1 0 0 0 0 0 0 0 0 0 1 0 1
100	1	0 0 1 1 0 1 0 0 0 0 0 1 0 0 0 0
100	2	0 1 1 1 0 1 0 0 0 1 0 0 0 0 0 1
100	4	0 1 1 1 0 1 0 1 0 1 0 0 0 0 1 0
100	1	0 1 1 1 0 0 0 0 1 0 1 1 0 0 0 0
100	1	0 0 1 1 0 1 0 0 1 1 0 1 0 0 0 0
120	124	0 1 1 1 0 1 0 0 0 0 0 0 0 0 0 0
120	22	0 0 0 1 1 0 0 0 0 0 0 0 0 0 0 0
120	21	0 1 1 1 0 0 0 0 0 0 0 0 0 0 0 0
120	47	0 1 1 1 0 1 0 1 0 1 0 1 0 0 0 0
120	74	0 1 1 1 0 1 0 0 0 1 0 0 0 0 0 0
120	22	0 1 1 1 0 1 0 0 0 1 0 1 0 0 0 0
120	53	0 1 1 1 1 0 0 0 0 0 0 0 0 0 0 0
120	1	1 1 1 1 0 1 0 0 0 0 0 0 0 0 0 0
120	18	0 1 1 1 0 1 0 0 0 0 1 0 0 0 0 0
120	26	0 1 1 1 0 1 1 0 0 0 0 0 0 0 0 0
120	26	0 1 1 1 0 1 0 1 1 1 0 1 0 0 0 0
120	10	0 1 1 1 0 1 0 0 0 0 0 1 0 0 0 0
120	34	0 1 1 1 0 1 0 0 1 0 0 1 0 0 0 0
120	12	0 1 1 1 1 0 0 0 0 0 0 0 0 0 0 1
120	2	1 1 1 1 0 1 0 0 0 0 1 0 0 0 0 0
120	5	0 1 1 1 0 0 0 0 1 0 0 1 0 0 0 0
120	17	0 1 1 1 0 1 0 1 1 1 1 0 0 0 0 0
120	15	0 1 1 1 0 1 1 0 0 0 0 1 0 0 0 0
120	7	0 1 1 1 1 0 0 0 0 0 0 0 0 1 0 1
120	6	0 0 1 1 0 1 1 0 0 0 0 1 0 0 0 0
120	29	0 1 1 1 0 1 0 0 0 0 0 0 1 0 0 0
120	3	0 1 1 1 0 1 0 1 1 1 0 0 0 0 0 0
120	2	0 1 1 1 0 1 0 1 1 1 1 1 0 0 0 0
120	4	0 0 0 1 1 0 1 0 0 1 0 0 0 1 0 0
120	20	0 1 1 1 0 0 0 0 0 0 0 0 1 0 0 0
120	1	0 1 0 1 0 1 0 0 0 1 0 0 0 0 0 0
120	51	0 1 1 1 0 1 0 1 0 0 0 0 0 0 0 0
120	11	0 1 1 1 0 1 0 0 1 1 0 1 0 0 0 0
120	13	0 0 1 1 0 0 0 0 0 1 0 0 0 0 0 0
120	8	0 1 1 1 0 0 0 1 0 0 0 0 0 0 0 0
120	16	0 1 1 1 0 1 0 0 0 0 0 0 0 1 0 0
120	7	0 1 1 1 0 1 1 0 0 0 0 1 0 1 0 0
120	2	0 1 1 1 0 1 0 0 1 0 0 0 0 0 0 0
120	3	0 1 0 1 0 1 0 0 0 0 0 0 0 0 0 0
120	6	0 1 1 1 0 1 0 0 0 0 1 0 0 1 0 0
120	1	0 0 0 1 1 0 0 0 0 0 0 0 0 1 1 0
120	1	0 1 0 1 0 1 0 1 0 0 0 0 0 0 1 0
120	60	1 1 1 1 0 1 0 0 0 1 0 1 0 0 0 0
120	1	0 1 1 1 0 1 0 0 1 1 0 1 0 1 0 0
120	15	0 0 1 1 0 0 0 0 0 0 0 0 0 0 0 0
120	1	0 0 1 1 0 1 1 0 0 0 1 0 0 0 0 0
120	8	0 0 0 1 1 0 0 0 1 0 0 0 0 0 0 0
120	3	0 1 1 1 0 1 1 0 1 0 0 0 0 0 0 0
120	4	0 1 1 1 0 1 1 0 0 0 1 1 0 0 0 0
120	12	0 0 1 1 0 1 0 0 0 1 0 0 0 0 0 0
120	1	1 0 1 1 0 1 0 0 0 0 0 1 0 0 0 0
120	13	0 1 1 1 0 0 0 0 0 1 0 0 0 0 0 0
120	11	0 1 1 1 0 1 0 0 0 1 0 1 0 1 0 0
120	4	0 1 1 0 1 0 0 0 0 1 0 1 0 0 0 0
120	8	0 1 1 1 0 0 0 0 1 0 0 0 0 0 0 0
120	6	0 1 1 1 0 1 1 0 0 1 0 0 0 0 0 0
120	14	0 1 0 1 1 0 0 0 0 0 0 0 0 0 0 0
120	18	0 1 1 1 0 1 1 0 1 0 0 1 0 0 0 0
120	17	0 1 1 1 0 1 1 0 0 0 1 0 0 0 0 0
120	1	0 1 1 1 0 1 1 1 1 1 0 1 0 0 0 0
120	3	0 1 1 1 0 0 0 1 1 0 0 1 0 0 0 0
120	4	0 1 1 1 1 1 0 0 0 0 0 0 1 0 0 0
120	2	0 0 1 0 0 0 0 0 0 0 0 0 0 0 0 0
120	1	0 1 1 1 0 1 0 0 1 1 0 0 0 0 0 0
120	5	0 1 1 1 1 0 0 0 0 0 1 0 0 0 0 0
120	7	0 1 0 1 0 1 0 1 0 1 0 1 0 0 0 1
120	7	0 1 1 1 0 0 0 1 0 0 0 0 0 0 1 0
120	2	0 1 1 1 1 0 0 0 0 0 0 0 1 0 0 0
120	5	0 1 1 1 0 1 0 1 0 0 0 0 0 0 1 0
120	4	0 1 0 1 1 0 0 1 0 0 0 0 0 0 0 0
120	1	1 1 1 1 1 0 0 0 0 0 0 0 0 0 0 0
120	5	0 1 1 1 0 1 1 0 0 1 1 0 0 0 0 0
120	3	0 0 1 1 1 0 0 0 1 0 0 0 0 1 0 0
120	4	1 1 1 1 1 1 0 0 0 1 0 0 0 0 0 0
120	3	1 1 1 1 0 1 0 0 0 1 0 0 0 0 0 0
120	2	0 0 0 1 1 0 0 0 0 1 0 0 0 0 0 0
120	3	0 1 1 1 1 0 1 0 0 0 0 0 0 0 0 0
120	1	0 1 1 1 0 1 0 1 0 0 0 1 0 0 0 0
120	3	0 1 1 0 0 0 0 1 0 0 0 0 0 0 0 0
120	1	1 1 1 1 0 1 0 0 0 0 0 1 0 0 0 0
120	2	0 1 1 1 0 0 0 0 0 1 0 1 0 0 0 0
120	1	0 1 1 1 0 0 0 1 0 0 1 0 0 0 0 0
120	3	0 1 0 1 1 0 0 0 0 0 0 1 0 0 1 0
120	2	0 1 1 1 1 1 0 0 0 0 0 0 0 0 0 0
120	3	0 1 1 0 0 0 0 0 0 0 0 0 0 0 0 0
120	1	0 1 1 1 0 1 0 0 1 0 0 1 0 1 0 0
120	2	0 1 1 1 0 1 0 1 1 1 1 0 0 0 0 1
120	1	0 1 1 1 0 0 0 0 0 0 0 0 1 0 0 1
120	1	0 1 1 1 0 1 0 0 0 1 0 0 0 1 0 0
120	1	0 1 1 1 0 1 0 1 0 0 1 0 0 1 0 0
140	107	0 1 1 1 0 1 0 0 0 0 0 0 0 0 0 0
140	8	0 0 0 1 1 0 0 0 0 0 0 0 0 0 0 0
140	18	0 1 1 1 0 0 0 0 0 0 0 0 0 0 0 0
140	25	0 1 1 1 0 1 0 1 0 1 0 1 0 0 0 0
140	42	0 1 1 1 0 1 0 0 0 1 0 0 0 0 0 0
140	79	0 1 1 1 0 1 0 0 0 1 0 1 0 0 0 0
140	12	0 1 1 1 1 0 0 0 0 0 0 0 0 0 0 0
140	73	1 1 1 1 0 1 0 0 0 0 0 0 0 0 0 0
140	21	0 1 1 1 0 1 0 0 0 0 1 0 0 0 0 0
140	3	0 1 1 1 0 1 1 0 0 0 0 0 0 0 0 0
140	8	0 1 1 1 0 1 0 0 0 0 0 1 0 0 0 0
140	37	0 1 1 1 0 1 0 0 1 0 0 1 0 0 0 0
140	19	0 1 1 1 1 0 0 0 0 0 0 0 0 0 0 1
140	3	1 1 1 1 0 1 0 0 0 0 1 0 0 0 0 0
140	47	0 1 1 1 0 1 0 1 1 1 1 0 0 0 0 0
140	52	0 1 1 1 0 1 0 1 0 0 0 0 0 0 0 0
140	1	0 1 1 1 0 1 0 0 1 1 0 1 0 0 0 0
140	5	0 0 1 1 0 0 0 0 0 1 0 0 0 0 0 0
140	21	0 1 1 1 0 1 0 0 0 0 0 0 0 1 0 0
140	13	0 1 1 1 0 1 0 0 1 0 0 0 0 0 0 0
140	2	0 1 0 1 0 1 0 0 0 0 0 0 0 0 0 0
140	46	1 1 1 1 0 1 0 0 0 1 0 1 0 0 0 0
140	5	0 0 1 1 0 0 0 0 0 0 0 0 0 0 0 0
140	36	0 0 1 1 0 1 0 0 0 1 0 0 0 0 0 0
140	10	0 1 1 1 0 0 0 0 0 1 0 0 0 0 0 0
140	8	0 1 1 1 0 1 0 0 0 1 0 1 0 1 0 0
140	5	0 1 1 1 0 1 1 0 0 1 0 0 0 0 0 0
140	2	0 1 0 1 1 0 0 0 0 0 0 0 0 0 0 0
140	20	0 1 1 1 0 1 1 0 1 0 0 1 0 0 0 0
140	42	0 1 1 1 0 1 1 0 0 0 1 0 0 0 0 0
140	8	0 1 1 1 0 0 0 0 0 1 0 1 0 0 0 0
140	5	0 1 1 1 1 0 0 0 0 1 0 0 0 0 0 0
140	2	0 1 1 1 0 1 0 1 1 0 0 1 0 0 0 0
140	19	0 1 1 1 0 0 1 0 1 0 0 1 0 0 0 0
140	8	0 1 1 1 0 1 1 0 1 0 0 1 0 0 1 0
140	11	0 0 1 1 0 1 1 0 0 0 1 0 0 0 0 0
140	3	1 1 1 1 0 1 0 0 0 1 0 1 1 0 0 0
140	9	1 1 1 1 0 1 0 1 0 1 0 1 0 0 0 0
140	1	0 1 1 1 0 0 0 0 0 0 0 1 0 0 0 0
140	11	1 1 1 1 0 1 0 0 0 1 0 1 0 1 0 0
140	5	0 0 0 1 0 1 0 0 0 1 0 0 0 0 0 0
140	3	0 1 0 1 0 1 1 1 0 0 0 0 0 0 0 0
140	14	1 1 1 1 0 1 0 0 0 0 0 0 1 0 0 0
140	2	0 1 1 1 0 0 0 0 0 1 0 0 1 0 0 0
140	12	1 1 1 1 0 1 0 0 1 1 0 0 0 0 0 0
140	3	0 1 1 1 1 1 0 0 1 0 0 0 0 0 0 0
140	1	0 0 0 1 0 1 0 0 1 1 0 0 0 0 0 0
140	10	1 1 1 1 0 1 1 0 0 1 0 0 0 0 0 0
140	3	0 1 1 0 0 1 0 1 0 0 0 0 0 0 0 0
140	3	0 1 1 1 0 1 0 1 1 1 1 0 0 1 0 0
140	2	0 1 1 1 0 0 0 0 0 0 0 0 0 1 0 0
140	2	0 1 0 1 0 1 1 0 0 0 0 0 0 0 0 0
140	9	0 0 1 1 1 0 0 0 0 0 0 0 0 0 0 0
140	9	0 1 1 1 0 1 0 1 0 1 0 1 1 0 0 0
140	2	0 1 1 1 0 1 0 1 0 0 0 0 0 1 0 0
140	3	1 1 0 1 0 1 0 0 0 0 0 0 0 0 0 0
140	4	0 1 1 1 0 0 1 0 0 1 0 0 0 0 0 0
140	15	0 1 1 1 1 0 0 0 0 1 0 1 0 0 0 0
140	7	0 1 0 0 0 1 0 0 0 0 0 0 0 0 0 0
140	4	0 0 1 1 0 1 0 0 0 0 0 0 0 0 0 0
140	7	0 1 1 1 0 1 1 0 0 0 1 0 0 0 1 0
140	1	0 1 1 0 1 0 0 0 0 1 0 0 0 0 0 0
140	3	0 1 1 1 0 0 0 1 0 1 0 1 0 0 0 0
140	1	1 1 1 1 0 1 1 0 1 1 0 0 0 0 0 0
140	2	0 1 1 1 0 1 1 0 1 1 0 0 0 0 0 0
140	1	0 1 1 1 0 1 0 0 1 0 0 1 0 0 0 1
140	6	0 1 1 1 0 1 0 0 1 0 0 1 0 1 0 0
140	2	0 1 1 0 1 0 0 0 0 0 0 0 0 0 0 1
140	2	0 1 0 1 0 1 0 0 0 0 0 0 0 0 0 1
140	2	0 1 1 1 0 0 0 0 0 1 1 0 0 0 0 0
140	2	0 1 1 1 0 1 1 0 0 0 1 1 0 0 0 0
140	1	0 1 1 1 0 1 1 0 1 0 0 1 0 1 1 0
140	1	0 1 1 1 0 1 0 0 0 0 0 0 1 0 0 0
140	2	0 1 1 1 0 1 0 1 0 1 0 1 0 0 0 1
140	2	0 1 1 1 0 1 0 1 0 0 0 0 1 0 0 0
140	1	1 0 1 1 0 1 0 0 0 1 0 0 0 0 0 0
140	2	0 1 1 1 1 1 1 0 0 1 0 0 0 0 0 0
140	1	0 1 1 1 1 1 0 0 0 0 0 0 0 0 0 0
140	1	0 0 1 1 1 1 0 0 1 0 0 0 0 0 0 0
160	77	0 1 1 1 0 1 0 0 0 0 0 0 0 0 0 0
160	22	0 1 1 1 0 0 0 0 0 0 0 0 0 0 0 0
160	21	0 1 1 1 0 1 0 1 0 1 0 1 0 0 0 0
160	39	0 1 1 1 0 1 0 0 0 1 0 0 0 0 0 0
160	52	0 1 1 1 0 1 0 0 0 1 0 1 0 0 0 0
160	21	0 1 1 1 1 0 0 0 0 0 0 0 0 0 0 0
160	42	1 1 1 1 0 1 0 0 0 0 0 0 0 0 0 0
160	38	0 1 1 1 0 1 0 0 0 0 1 0 0 0 0 0
160	24	0 1 1 1 0 1 0 0 1 0 0 1 0 0 0 0
160	31	0 1 1 1 1 0 0 0 0 0 0 0 0 0 0 1
160	4	1 1 1 1 0 1 0 0 0 0 1 0 0 0 0 0
160	45	0 1 1 1 0 1 0 1 1 1 1 0 0 0 0 0
160	62	0 1 1 1 0 1 0 1 0 0 0 0 0 0 0 0
160	12	0 1 1 1 0 1 0 0 0 0 0 0 0 1 0 0
160	1	0 1 1 1 0 1 0 0 1 0 0 0 0 0 0 0
160	2	1 1 1 1 0 1 0 0 0 1 0 1 0 0 0 0
160	4	0 0 1 1 0 0 0 0 0 0 0 0 0 0 0 0
160	33	0 0 1 1 0 1 0 0 0 1 0 0 0 0 0 0
160	8	0 1 1 1 0 0 0 0 0 1 0 0 0 0 0 0
160	4	0 1 1 1 0 1 0 0 0 1 0 1 0 1 0 0
160	5	0 1 1 1 0 1 1 0 1 0 0 1 0 0 0 0
160	59	0 1 1 1 0 1 1 0 0 0 1 0 0 0 0 0
160	12	0 1 1 1 0 0 0 0 0 1 0 1 0 0 0 0
160	11	0 0 1 1 0 1 1 0 0 0 1 0 0 0 0 0
160	12	1 1 1 1 0 1 0 1 0 1 0 1 0 0 0 0
160	1	0 1 1 1 0 0 0 0 0 0 0 1 0 0 0 0
160	4	1 1 1 1 0 1 0 0 1 1 0 0 0 0 0 0
160	11	0 1 0 1 0 1 1 0 0 0 0 0 0 0 0 0
160	3	0 1 1 1 0 1 0 1 0 1 0 1 1 0 0 0
160	13	1 1 0 1 0 1 0 0 0 0 0 0 0 0 0 0
160	1	0 1 1 1 0 1 0 0 1 0 0 1 0 1 0 0
160	12	0 1 1 1 0 0 0 0 0 1 1 0 0 0 0 0
160	16	0 1 1 1 0 1 1 0 0 0 1 1 0 0 0 0
160	6	0 1 1 1 0 1 0 0 0 0 0 0 1 0 0 0
160	3	0 1 1 1 1 1 1 0 0 1 0 0 0 0 0 0
160	1	0 0 1 1 0 1 0 0 0 0 1 0 0 0 0 0
160	10	0 1 1 1 1 0 1 0 0 0 1 0 0 0 0 0
160	4	1 1 1 1 0 1 0 0 0 0 0 0 0 0 1 0
160	4	1 1 1 1 0 1 0 0 0 1 0 0 0 0 0 0
160	2	0 1 1 1 0 1 0 0 0 1 0 1 1 0 0 0
160	4	0 0 1 1 0 1 0 0 0 0 0 0 0 0 0 0
160	1	0 1 1 1 0 1 0 0 0 0 0 0 0 0 1 0
160	5	0 0 1 1 0 0 0 0 0 0 0 0 0 0 1 0
160	7	0 1 1 1 0 0 0 0 0 0 1 0 0 0 0 0
160	26	0 1 0 1 0 1 0 1 0 1 0 1 0 0 0 0
160	31	1 0 1 1 0 1 0 0 0 0 0 0 0 0 0 0
160	17	0 1 1 1 0 1 0 1 1 1 1 0 0 0 1 0
160	2	0 1 1 1 0 1 0 1 1 1 1 0 1 0 0 0
160	12	0 1 1 1 0 1 0 0 0 1 1 1 0 0 0 0
160	10	0 1 1 1 0 1 0 0 0 1 0 1 0 0 0 1
160	19	0 1 1 1 1 0 0 0 0 0 1 0 0 0 0 0
160	7	1 1 1 1 0 1 0 0 1 0 1 0 0 0 0 0
160	10	0 1 1 1 1 1 1 0 0 0 1 1 0 0 0 0
160	6	0 1 1 1 1 1 1 0 0 1 0 1 0 0 0 0
160	14	1 1 1 1 1 1 0 0 0 1 1 0 0 0 0 0
160	1	1 1 1 1 0 1 0 0 1 0 0 0 0 0 0 0
160	12	1 1 1 0 0 1 0 0 0 0 0 0 0 0 0 0
160	6	1 1 1 1 0 1 0 1 1 1 1 0 0 0 0 0
160	3	0 0 1 1 0 1 0 1 0 1 0 0 0 0 0 0
160	2	0 1 1 1 0 1 1 0 0 1 1 0 0 0 0 0
160	3	0 1 1 1 0 1 0 0 0 1 1 1 0 1 0 0
160	5	1 1 0 1 1 1 0 0 0 1 1 0 0 0 0 0
160	4	0 1 1 1 0 1 0 1 1 1 0 0 0 0 0 0
160	1	0 1 1 1 1 1 0 0 0 0 0 0 0 0 0 0
160	1	1 1 1 1 0 1 0 1 1 1 1 0 0 0 1 0
160	4	0 0 1 1 0 1 1 0 0 0 0 0 0 0 0 0
160	1	0 1 1 1 0 1 0 1 0 1 0 0 0 0 0 0
160	1	1 1 1 1 0 1 0 0 0 0 0 0 0 0 0 1
160	2	0 1 1 1 0 1 0 0 0 0 1 1 0 0 0 0
160	4	0 1 1 1 0 1 0 0 1 0 0 1 0 0 1 0
160	1	0 1 1 1 0 1 0 1 1 0 0 1 0 0 0 0
160	2	0 1 1 0 0 1 1 0 0 0 1 1 0 0 0 0
160	2	0 1 1 1 0 1 0 1 1 1 1 1 0 0 0 0
160	3	0 1 0 1 0 1 0 0 0 0 0 0 0 0 0 0
160	3	0 1 1 0 0 1 0 0 0 0 0 0 0 1 0 0
160	6	0 1 1 1 1 0 0 0 0 1 0 0 0 0 1 0
160	1	0 1 1 1 0 0 0 1 1 1 1 0 0 0 1 0
160	1	0 1 1 1 0 1 0 0 1 0 0 1 0 0 0 1
160	1	0 1 1 1 0 1 0 0 0 1 1 1 1 0 0 0
160	2	0 1 1 1 1 1 1 0 0 0 0 1 0 0 0 0
160	1	0 1 1 1 0 1 0 0 1 1 1 0 0 0 0 0
160	1	0 1 1 1 0 1 0 1 1 1 0 1 1 0 0 0
160	3	0 1 1 1 0 1 1 0 0 0 1 1 0 1 0 0
160	1	1 1 1 0 1 1 0 0 0 1 1 0 0 0 0 0
160	1	0 1 1 1 0 1 0 1 1 1 0 0 0 1 0 0
160	1	0 1 1 1 1 0 1 0 0 0 0 0 0 0 0 0
160	1	0 1 1 1 0 1 0 1 1 1 0 1 0 0 0 0
160	2	1 1 1 1 0 1 0 0 1 1 0 0 0 0 0 1
160	1	0 1 1 1 1 1 1 0 0 0 1 0 0 0 0 0
160	2	1 1 1 1 0 1 1 0 0 0 0 0 0 0 0 0
160	2	0 1 1 1 0 1 0 1 1 0 1 0 0 0 0 0
160	1	0 1 1 1 0 1 0 1 0 0 0 1 0 0 0 0
160	2	0 1 1 1 0 1 0 0 1 0 0 0 1 0 0 0
160	1	0 1 1 1 0 1 1 0 0 0 1 0 0 0 0 1
160	1	0 0 1 1 0 0 0 0 0 0 0 0 0 0 1 1
160	2	1 0 1 1 0 1 0 0 0 0 0 1 0 0 0 0
160	2	0 1 0 1 0 1 1 0 0 1 1 0 0 0 0 0
180	37	0 1 1 1 0 1 0 0 0 0 0 0 0 0 0 0
180	24	0 1 1 1 0 0 0 0 0 0 0 0 0 0 0 0
180	11	0 1 1 1 0 1 0 1 0 1 0 1 0 0 0 0
180	7	0 1 1 1 0 1 0 0 0 1 0 0 0 0 0 0
180	56	0 1 1 1 0 1 0 0 0 1 0 1 0 0 0 0
180	19	0 1 1 1 1 0 0 0 0 0 0 0 0 0 0 0
180	11	1 1 1 1 0 1 0 0 0 0 0 0 0 0 0 0
180	25	0 1 1 1 0 1 0 0 0 0 1 0 0 0 0 0
180	15	0 1 1 1 0 1 0 0 1 0 0 1 0 0 0 0
180	7	0 1 1 1 1 0 0 0 0 0 0 0 0 0 0 1
180	49	0 1 1 1 0 1 0 1 1 1 1 0 0 0 0 0
180	53	0 1 1 1 0 1 0 1 0 0 0 0 0 0 0 0
180	5	0 1 1 1 0 1 0 0 0 0 0 0 0 1 0 0
180	19	0 0 1 1 0 1 0 0 0 1 0 0 0 0 0 0
180	5	0 1 1 1 0 1 0 0 0 1 0 1 0 1 0 0
180	54	0 1 1 1 0 1 1 0 1 0 0 1 0 0 0 0
180	41	0 1 1 1 0 0 0 0 0 1 0 1 0 0 0 0
180	8	1 1 1 1 0 1 0 1 0 1 0 1 0 0 0 0
180	15	0 1 0 1 0 1 1 0 0 0 0 0 0 0 0 0
180	2	1 1 0 1 0 1 0 0 0 0 0 0 0 0 0 0
180	3	0 1 1 1 0 1 1 0 0 0 1 1 0 0 0 0
180	14	0 1 1 1 1 1 1 0 0 1 0 0 0 0 0 0
180	1	1 1 1 1 0 1 0 0 0 0 0 0 0 0 1 0
180	1	0 0 1 1 0 1 0 0 0 0 0 0 0 0 0 0
180	22	0 1 0 1 0 1 0 1 0 1 0 1 0 0 0 0
180	27	1 0 1 1 0 1 0 0 0 0 0 0 0 0 0 0
180	8	0 1 1 1 0 1 0 1 1 1 1 0 0 0 1 0
180	31	0 1 1 1 0 1 0 0 0 1 1 1 0 0 0 0
180	20	0 1 1 1 0 1 0 0 0 1 0 1 0 0 0 1
180	38	0 1 1 1 1 0 0 0 0 0 1 0 0 0 0 0
180	8	1 1 1 1 0 1 0 0 1 0 1 0 0 0 0 0
180	30	1 1 1 1 1 1 0 0 0 1 1 0 0 0 0 0
180	9	1 1 1 0 0 1 0 0 0 0 0 0 0 0 0 0
180	27	0 0 1 1 0 1 1 0 0 0 0 0 0 0 0 0
180	16	0 1 1 1 1 1 1 0 0 0 0 1 0 0 0 0
180	13	0 1 1 1 0 1 1 0 0 0 1 1 0 1 0 0
180	23	1 0 1 1 0 1 0 0 0 0 0 1 0 0 0 0
180	14	1 1 1 1 0 1 0 0 0 0 1 1 0 0 0 0
180	9	1 0 1 1 0 1 0 0 0 0 0 0 0 0 1 0
180	1	1 0 1 1 0 1 0 1 0 0 0 1 0 0 0 0
180	2	1 1 1 1 0 1 0 0 0 0 0 0 1 0 0 0
180	4	0 1 1 1 0 1 1 0 0 0 1 0 0 0 1 0
180	4	0 1 1 1 0 1 1 1 1 1 1 0 0 0 0 0
180	4	0 1 1 1 0 0 0 1 1 1 1 0 0 0 1 0
180	1	0 0 1 1 1 0 0 0 0 0 0 0 0 0 0 1
180	1	1 1 1 1 0 1 0 1 0 0 0 0 0 0 0 0
180	6	0 1 1 1 1 1 1 0 0 0 0 0 0 0 0 0
180	2	1 1 1 1 0 1 0 0 0 0 0 0 0 0 0 1
180	10	1 1 1 1 0 1 0 0 0 1 1 1 0 0 0 0
180	9	0 0 1 1 0 1 0 1 1 1 1 0 0 0 0 0
180	9	0 1 1 1 0 1 1 0 0 0 0 0 0 0 0 0
180	4	1 1 1 1 0 1 0 0 0 1 1 0 0 0 0 0
180	2	0 1 1 0 0 1 0 0 0 1 0 1 0 0 0 0
180	1	0 0 0 1 0 1 1 0 0 0 1 0 0 0 0 0
180	9	1 1 1 0 0 1 0 0 0 0 1 1 0 0 0 0
180	9	0 1 1 1 0 1 1 0 0 1 1 1 0 0 0 0
180	3	0 1 1 1 0 1 0 0 0 1 1 0 0 0 0 0
180	2	0 1 1 1 0 1 0 1 0 1 0 0 0 0 0 0
180	6	0 1 1 1 0 1 0 1 0 1 0 1 0 0 0 1
180	3	0 1 1 1 0 1 0 0 0 1 0 1 1 0 0 1
180	5	1 1 1 1 0 1 1 0 0 0 1 0 0 0 1 0
180	5	0 0 1 1 0 1 0 0 0 0 0 0 0 1 0 0
180	3	0 1 1 1 0 1 0 0 0 0 0 0 0 0 0 1
180	6	1 0 1 1 0 1 0 1 0 0 0 0 0 0 0 0
180	5	1 1 1 0 0 1 0 0 1 0 0 0 0 0 0 0
180	1	0 1 1 1 1 1 1 0 0 1 0 1 0 0 0 0
180	2	1 1 1 1 0 1 0 0 0 0 0 1 0 0 0 1
180	4	0 1 1 1 0 0 0 0 0 1 0 1 1 0 0 1
180	11	0 1 1 1 0 1 0 0 0 0 0 1 0 0 0 0
180	5	0 1 1 1 0 1 1 0 1 0 1 1 0 0 0 0
180	9	1 0 1 1 0 1 0 0 0 1 0 0 0 0 1 0
180	1	0 1 0 1 0 1 0 0 0 1 1 1 0 0 0 0
180	3	0 0 1 1 0 1 1 0 0 1 0 0 0 0 0 0
180	2	0 1 1 1 0 1 0 0 0 0 0 0 1 0 0 0
180	2	1 1 1 1 0 0 0 0 0 0 0 0 0 0 0 0
180	6	0 1 1 1 1 1 0 0 0 0 1 0 0 0 0 0
180	2	0 1 1 1 0 1 0 0 0 0 1 1 0 1 0 0
180	2	0 1 1 1 0 0 0 0 0 0 0 1 1 0 0 1
180	4	1 1 1 0 0 1 0 0 0 0 0 1 0 0 0 0
180	1	1 1 1 1 0 0 0 0 0 1 0 1 0 0 0 0
180	2	0 1 1 0 1 0 0 0 0 0 0 0 0 0 0 0
180	2	0 1 1 1 1 1 1 0 1 1 0 0 0 0 0 0
180	1	0 0 0 1 0 0 1 0 0 0 1 0 0 0 0 0
180	2	0 0 1 1 1 0 0 0 0 0 0 0 0 0 0 0
180	4	0 1 1 1 1 0 0 1 0 0 0 0 0 0 0 0
180	1	0 1 1 1 0 1 1 1 0 0 1 1 0 1 0 0
180	3	0 1 1 1 0 0 0 0 0 1 0 0 1 0 0 0
180	1	0 1 1 1 0 0 0 0 0 0 0 1 0 0 0 0
180	1	0 1 1 1 0 1 0 1 1 1 0 0 0 0 0 0
180	2	0 1 1 1 0 1 0 1 0 1 1 0 0 0 0 0
180	7	1 1 1 1 0 1 0 0 1 0 0 0 0 0 0 0
180	3	0 1 1 1 0 1 1 1 0 0 0 0 0 0 0 0
180	3	0 1 1 1 0 0 1 0 0 1 0 1 0 0 0 0
180	1	0 1 1 1 1 1 1 0 1 0 0 1 0 0 0 0
180	1	0 1 1 1 0 1 0 0 1 0 1 0 0 0 0 0
180	1	0 1 1 1 0 0 0 1 1 1 1 0 0 0 0 0
180	3	0 1 0 1 0 1 0 1 0 1 0 1 1 0 0 1
180	1	1 1 1 1 0 1 0 0 0 0 1 0 0 0 0 0
180	2	1 1 1 1 0 1 0 1 0 1 0 1 0 0 0 1
180	3	0 1 1 1 0 0 0 0 0 1 0 1 0 0 0 1
180	2	0 1 0 1 0 1 0 1 0 1 0 1 0 0 1 0
180	2	0 0 1 1 1 0 0 0 0 0 1 0 0 0 0 0
180	1	1 1 1 1 0 1 0 0 0 1 1 1 0 0 0 1
180	3	1 1 1 0 0 1 0 0 1 0 0 1 0 0 0 0
200	18	0 1 1 1 0 1 0 0 0 0 0 0 0 0 0 0
200	83	0 1 1 1 0 1 0 0 0 1 0 1 0 0 0 0
200	11	0 1 1 1 1 0 0 0 0 0 0 0 0 0 0 0
200	21	1 1 1 1 0 1 0 0 0 0 0 0 0 0 0 0
200	13	0 1 1 1 0 1 0 0 0 0 1 0 0 0 0 0
200	10	0 1 1 1 0 1 0 0 1 0 0 1 0 0 0 0
200	67	0 1 1 1 0 1 0 1 1 1 1 0 0 0 0 0
200	25	0 1 1 1 0 1 0 1 0 0 0 0 0 0 0 0
200	8	0 0 1 1 0 1 0 0 0 1 0 0 0 0 0 0
200	5	0 1 1 1 0 1 0 0 0 1 0 1 0 1 0 0
200	66	0 1 1 1 0 1 1 0 1 0 0 1 0 0 0 0
200	19	0 1 1 1 0 0 0 0 0 1 0 1 0 0 0 0
200	6	1 1 1 1 0 1 0 1 0 1 0 1 0 0 0 0
200	10	0 1 0 1 0 1 1 0 0 0 0 0 0 0 0 0
200	25	1 0 1 1 0 1 0 0 0 0 0 0 0 0 0 0
200	1	0 1 1 1 0 1 0 0 0 1 1 1 0 0 0 0
200	26	0 1 1 1 0 1 0 0 0 1 0 1 0 0 0 1
200	41	0 1 1 1 1 0 0 0 0 0 1 0 0 0 0 0
200	20	1 1 1 1 1 1 0 0 0 1 1 0 0 0 0 0
200	3	1 1 1 0 0 1 0 0 0 0 0 0 0 0 0 0
200	11	0 1 1 1 1 1 1 0 0 0 0 1 0 0 0 0
200	11	1 1 1 1 0 1 0 0 0 0 1 1 0 0 0 0
200	8	1 1 1 1 0 1 0 1 0 0 0 0 0 0 0 0
200	4	0 1 1 1 1 1 1 0 0 0 0 0 0 0 0 0
200	18	1 1 1 1 0 1 0 0 0 1 1 1 0 0 0 0
200	4	0 1 1 1 0 1 1 0 0 0 0 0 0 0 0 0
200	5	0 1 1 0 0 1 0 0 0 1 0 1 0 0 0 0
200	16	1 1 1 0 0 1 0 0 0 0 1 1 0 0 0 0
200	16	1 0 1 1 0 1 0 1 0 0 0 0 0 0 0 0
200	10	0 1 1 1 0 1 0 0 0 0 0 1 0 0 0 0
200	5	0 1 1 1 0 1 1 0 1 0 1 1 0 0 0 0
200	6	0 0 1 1 0 1 1 0 0 1 0 0 0 0 0 0
200	13	0 1 1 0 1 0 0 0 0 0 0 0 0 0 0 0
200	5	0 0 1 1 1 0 0 0 0 0 0 0 0 0 0 0
200	6	0 1 1 1 1 0 0 1 0 0 0 0 0 0 0 0
200	17	1 1 1 1 0 1 0 0 1 0 0 0 0 0 0 0
200	7	1 1 1 0 0 1 0 0 1 0 0 1 0 0 0 0
200	4	0 1 1 1 0 1 0 0 0 0 1 1 0 0 0 0
200	27	1 1 1 1 0 1 0 1 0 1 0 0 0 0 0 0
200	4	0 1 1 1 1 1 0 0 0 0 0 1 0 0 0 0
200	4	1 1 1 1 1 1 0 0 0 1 0 1 0 0 0 0
200	25	0 1 1 1 1 1 0 0 0 0 0 0 0 1 0 0
200	8	0 1 1 0 0 1 0 0 0 0 1 1 0 0 0 0
200	4	0 1 1 1 0 1 0 1 0 0 0 0 0 1 0 0
200	3	0 1 1 1 0 1 0 1 0 0 0 0 0 0 1 0
200	15	0 1 1 1 0 1 0 0 0 1 0 0 0 0 0 0
200	7	0 1 1 1 0 1 1 1 1 1 1 0 0 0 0 0
200	1	1 0 1 1 0 1 0 0 0 0 1 0 0 0 0 0
200	8	1 0 1 1 0 1 0 1 0 1 0 1 1 0 0 0
200	2	0 1 1 1 1 0 0 1 0 0 1 0 0 0 0 0
200	6	0 1 1 1 1 0 1 1 0 0 0 0 0 0 0 0
200	4	1 0 1 1 0 1 0 0 0 1 0 1 0 0 0 1
200	11	0 1 1 0 0 1 0 0 0 0 0 0 0 0 0 0
200	3	0 1 1 0 0 1 0 0 1 1 1 0 0 0 0 0
200	3	0 1 1 1 0 1 0 0 1 1 1 0 0 0 0 0
200	6	0 1 1 1 1 1 0 1 0 1 0 1 0 1 0 0
200	3	1 1 1 1 1 1 0 0 0 0 0 0 0 0 0 0
200	5	0 1 1 1 1 1 1 0 0 1 1 0 0 0 0 0
200	13	1 0 1 1 1 1 0 0 0 1 1 0 0 0 0 0
200	3	0 1 1 1 1 1 0 1 0 0 0 0 0 1 0 0
200	3	1 0 1 1 0 1 0 0 0 0 1 1 0 0 0 0
200	1	0 0 1 1 1 1 0 0 0 1 0 0 0 0 0 0
200	5	0 1 1 1 0 1 0 0 0 0 1 0 0 1 0 0
200	15	1 1 1 1 0 1 0 1 1 1 1 0 0 0 0 0
200	2	0 0 1 1 0 1 0 1 0 1 0 1 0 0 0 1
200	6	0 0 1 1 0 1 1 0 1 0 1 1 0 0 0 0
200	1	1 1 1 1 1 1 0 0 0 1 0 1 0 0 0 1
200	3	0 1 1 0 0 1 0 1 1 1 1 0 0 0 0 0
200	5	1 1 1 1 0 1 0 0 1 0 1 0 0 0 0 0
200	7	0 1 1 1 1 0 0 1 0 0 1 0 0 0 0 1
200	8	1 1 1 0 1 1 1 0 0 1 0 0 0 0 0 0
200	2	0 1 1 1 0 1 0 0 0 1 1 0 0 0 0 0
200	6	0 1 1 1 0 1 1 1 0 0 0 0 0 0 0 0
200	5	0 1 1 1 0 1 0 0 0 0 0 1 0 0 0 1
200	2	0 1 1 0 1 1 0 1 0 1 0 1 0 0 0 0
200	5	1 1 1 0 0 0 0 0 0 0 1 1 0 0 0 0
200	3	0 1 1 1 0 1 0 0 0 0 0 0 0 1 0 0
200	11	0 1 1 1 0 1 1 0 1 1 1 0 0 0 0 0
200	7	0 1 1 1 0 1 1 1 1 0 0 1 0 0 0 0
200	1	0 1 0 1 0 1 1 0 1 0 0 0 0 0 0 0
200	2	0 1 0 1 0 1 1 1 0 0 0 0 0 0 0 0
200	1	1 0 1 1 1 1 0 0 0 0 0 0 0 0 0 0
200	6	1 1 0 1 1 1 0 0 0 1 1 0 0 0 0 0
200	5	0 1 1 0 0 1 0 0 0 0 0 0 0 1 0 0
200	4	0 0 1 1 0 1 0 1 1 1 1 0 0 0 0 0
200	2	1 1 1 1 1 0 0 0 0 0 1 0 0 0 0 0
200	1	0 1 1 1 1 1 1 1 0 0 0 0 0 0 0 0
200	4	0 1 1 1 0 1 0 0 0 1 0 1 1 0 0 1
200	1	1 1 1 1 1 1 0 1 0 1 1 0 0 0 0 0
200	3	0 1 1 0 1 0 0 1 0 0 0 0 0 0 0 0
200	5	0 1 1 1 0 1 0 0 1 0 0 0 0 0 0 0
200	4	1 0 1 1 0 0 0 0 0 0 0 0 0 0 0 0
200	5	0 0 1 1 0 1 0 0 0 0 0 0 0 0 0 0
200	1	0 1 1 1 0 1 1 0 0 1 0 0 0 0 0 0
200	1	0 1 1 1 0 0 0 0 0 0 1 0 0 0 0 0
200	5	1 1 1 0 0 1 0 0 0 0 1 0 0 0 0 0
200	4	1 1 1 0 0 1 0 0 0 0 1 1 0 0 1 0
200	1	1 0 1 1 0 1 0 1 0 0 0 1 0 0 0 0
200	4	1 1 1 1 0 1 0 1 0 1 0 0 0 0 1 0
200	1	0 1 1 1 0 1 0 1 0 0 0 0 0 1 1 0
200	1	1 0 1 1 0 1 0 0 0 1 0 1 0 0 0 0
200	1	1 1 1 0 0 1 0 0 1 1 1 0 0 0 0 0
200	1	0 1 1 0 1 0 0 0 0 0 1 1 0 0 1 0
200	1	0 1 1 0 1 1 0 0 0 1 0 1 0 0 0 1
200	3	1 1 1 1 0 1 0 1 0 0 1 0 0 0 0 0
200	1	0 1 1 1 0 1 0 0 1 1 0 1 0 0 0 0
200	3	0 1 1 1 0 1 0 1 1 0 1 0 0 0 0 0
200	2	0 1 1 1 0 1 1 0 1 0 0 0 0 0 0 0
200	2	0 1 1 1 0 1 1 0 0 1 0 1 0 0 0 1
200	2	0 1 1 1 1 0 0 0 0 0 1 0 0 1 0 0
200	2	0 1 1 1 0 1 0 0 0 0 0 1 1 0 0 0
200	3	0 0 1 1 0 1 1 0 0 0 0 0 0 0 0 0
200	1	0 1 0 1 0 1 0 1 0 0 0 0 0 1 0 0
200	1	1 0 0 1 0 1 0 1 0 1 0 1 1 0 0 0
200	1	0 1 0 0 0 1 0 0 0 0 0 0 0 0 0 0
200	1	0 1 1 0 0 1 0 0 1 1 1 1 0 0 0 0
200	1	1 0 1 1 1 1 0 0 1 1 1 0 0 0 0 0
200	2	1 0 1 1 1 1 0 1 0 1 1 0 0 0 0 0
200	2	1 1 1 1 0 1 0 0 1 0 1 0 0 0 0 1
200	2	0 1 1 1 0 1 0 1 1 0 0 1 0 0 0 0
220	9	0 1 1 1 0 1 0 0 0 0 0 0 0 0 0 0
220	74	0 1 1 1 0 1 0 0 0 1 0 1 0 0 0 0
220	28	0 1 1 1 1 0 0 0 0 0 0 0 0 0 0 0
220	12	1 1 1 1 0 1 0 0 0 0 0 0 0 0 0 0
220	29	0 1 1 1 0 1 0 0 0 0 1 0 0 0 0 0
220	1	0 1 1 1 0 1 0 0 1 0 0 1 0 0 0 0
220	55	0 1 1 1 0 1 0 1 1 1 1 0 0 0 0 0
220	2	0 1 1 1 0 1 0 1 0 0 0 0 0 0 0 0
220	12	0 0 1 1 0 1 0 0 0 1 0 0 0 0 0 0
220	32	0 1 1 1 0 1 0 0 0 1 0 1 0 1 0 0
220	36	0 1 1 1 0 1 1 0 1 0 0 1 0 0 0 0
220	56	0 1 1 1 0 0 0 0 0 1 0 1 0 0 0 0
220	10	0 1 0 1 0 1 1 0 0 0 0 0 0 0 0 0
220	4	1 0 1 1 0 1 0 0 0 0 0 0 0 0 0 0
220	3	0 1 1 1 0 1 0 0 0 1 0 1 0 0 0 1
220	27	0 1 1 1 1 0 0 0 0 0 1 0 0 0 0 0
220	9	1 1 1 1 0 1 0 0 0 0 1 1 0 0 0 0
220	26	1 1 1 1 0 1 0 1 0 0 0 0 0 0 0 0
220	1	1 1 1 1 0 1 0 0 0 1 1 1 0 0 0 0
220	20	0 1 1 1 0 1 1 0 0 0 0 0 0 0 0 0
220	7	1 1 1 0 0 1 0 0 0 0 1 1 0 0 0 0
220	12	1 0 1 1 0 1 0 1 0 0 0 0 0 0 0 0
220	3	0 1 1 1 0 1 0 0 0 0 0 1 0 0 0 0
220	25	0 1 1 1 0 1 1 0 1 0 1 1 0 0 0 0
220	12	0 1 1 0 1 0 0 0 0 0 0 0 0 0 0 0
220	2	0 1 1 1 1 0 0 1 0 0 0 0 0 0 0 0
220	3	1 1 1 1 0 1 0 0 1 0 0 0 0 0 0 0
220	8	1 1 1 0 0 1 0 0 1 0 0 1 0 0 0 0
220	21	1 1 1 1 0 1 0 1 0 1 0 0 0 0 0 0
220	11	0 1 1 1 1 1 0 0 0 0 0 1 0 0 0 0
220	22	1 1 1 1 1 1 0 0 0 1 0 1 0 0 0 0
220	27	0 1 1 1 0 1 0 0 0 1 0 0 0 0 0 0
220	1	1 0 1 1 0 1 0 1 0 1 0 1 1 0 0 0
220	2	0 1 1 1 1 0 0 1 0 0 1 0 0 0 0 0
220	7	0 1 1 1 0 1 0 0 1 1 1 0 0 0 0 0
220	15	0 1 1 1 1 1 0 1 0 1 0 1 0 1 0 0
220	10	0 1 1 1 1 1 1 0 0 1 1 0 0 0 0 0
220	11	1 0 1 1 1 1 0 0 0 1 1 0 0 0 0 0
220	10	0 1 1 1 0 1 0 0 0 0 1 0 0 1 0 0
220	4	1 1 1 1 0 1 0 1 1 1 1 0 0 0 0 0
220	2	0 0 1 1 0 1 0 1 0 1 0 1 0 0 0 1
220	12	1 1 1 1 0 1 0 0 1 0 1 0 0 0 0 0
220	6	1 1 1 0 0 0 0 0 0 0 1 1 0 0 0 0
220	1	0 1 1 1 0 1 1 1 1 0 0 1 0 0 0 0
220	7	0 1 0 1 0 1 1 1 0 0 0 0 0 0 0 0
220	9	1 0 1 1 0 0 0 0 0 0 0 0 0 0 0 0
220	4	1 1 1 0 0 1 0 0 0 0 1 0 0 0 0 0
220	18	1 1 1 1 0 1 0 1 0 0 1 0 0 0 0 0
220	5	0 1 1 1 0 1 0 0 1 1 0 1 0 0 0 0
220	10	1 0 1 1 1 1 0 1 0 1 1 0 0 0 0 0
220	33	0 1 1 1 1 1 0 0 0 1 1 0 0 0 0 0
220	1	0 1 1 1 0 1 1 1 0 0 0 1 0 0 0 0
220	3	1 0 1 1 0 1 0 0 0 1 0 1 0 0 0 0
220	3	1 1 1 1 0 1 0 0 0 0 0 1 0 0 0 0
220	4	1 1 1 1 0 1 0 0 0 1 0 1 0 0 0 0
220	11	0 0 1 1 0 0 0 0 0 0 0 0 0 0 0 0
220	3	1 1 1 0 1 0 0 1 0 0 1 0 0 0 0 0
220	3	1 1 1 1 1 1 0 0 0 1 1 1 0 0 0 0
220	2	1 1 1 1 0 1 0 0 0 0 0 1 0 0 1 0
220	1	0 1 1 1 0 1 0 0 0 1 1 1 0 0 0 0
220	1	1 1 1 1 0 1 0 1 0 1 1 0 0 0 0 0
220	2	0 1 1 1 1 1 0 0 1 0 0 0 0 1 0 0
220	8	1 1 1 0 0 1 0 1 0 0 1 0 0 0 0 0
220	5	0 1 1 0 0 0 0 0 0 0 0 0 0 0 0 0
220	2	0 1 1 1 0 0 0 0 0 1 0 0 0 1 0 0
220	4	1 0 1 1 0 1 1 1 0 0 0 0 0 0 0 0
220	7	0 1 1 1 0 1 0 1 0 0 1 0 0 0 0 0
220	1	1 1 1 0 0 1 0 0 1 0 0 0 0 0 0 0
220	13	0 1 1 1 0 1 1 0 0 1 0 0 0 0 0 0
220	6	0 1 1 0 0 1 1 0 1 0 0 1 0 0 0 0
220	3	1 0 1 1 0 1 0 1 0 0 0 0 1 0 0 0
220	3	1 1 1 0 0 0 0 0 0 0 1 0 0 0 0 0
220	10	1 1 1 0 0 1 0 0 0 0 0 1 0 0 1 0
220	3	0 1 1 1 0 1 0 1 0 1 1 0 0 0 0 0
220	15	0 1 1 1 0 1 0 0 0 1 1 0 0 0 0 0
220	3	0 1 1 1 1 0 0 0 0 0 0 1 0 0 0 0
220	2	1 1 1 1 0 1 0 0 1 0 1 0 0 0 0 1
220	5	1 1 1 1 0 1 0 0 0 0 0 1 0 1 0 0
220	2	1 1 1 0 0 0 0 0 0 0 0 0 0 0 0 0
220	6	1 1 1 1 1 1 1 0 0 0 0 0 0 0 0 0
220	4	1 0 1 1 0 1 0 0 0 1 0 1 1 0 0 0
220	7	0 1 0 1 0 1 0 0 0 1 0 1 0 0 0 0
220	3	0 1 1 1 0 1 0 1 1 1 1 0 0 0 0 1
220	4	0 1 0 1 0 1 0 1 0 0 0 0 0 0 0 0
220	3	1 1 1 0 0 1 0 1 0 0 0 0 0 0 0 0
220	4	1 1 1 0 0 1 0 0 1 0 0 0 0 0 0 1
220	1	1 1 1 1 0 0 0 0 0 0 0 0 0 0 0 0
220	2	1 1 1 0 0 1 0 1 0 1 0 1 0 0 0 0
220	3	1 0 1 1 0 1 0 0 0 1 0 0 0 0 0 0
220	1	0 1 0 1 0 1 1 0 0 0 1 0 0 0 0 0
220	5	0 1 1 1 0 1 0 0 0 1 0 1 0 0 1 1
220	2	0 1 1 1 0 1 1 0 1 1 1 1 0 0 0 0
220	3	0 1 1 0 1 1 0 1 0 1 0 1 0 1 0 0
220	2	1 1 1 1 0 1 0 0 0 0 1 0 0 1 0 0
220	1	1 0 1 1 0 1 1 1 0 0 0 0 0 0 0 1
220	2	0 1 1 0 1 1 0 0 0 1 1 0 0 0 0 0
220	10	0 0 1 1 0 0 0 0 1 1 1 0 0 0 0 0
220	2	1 1 1 0 0 0 0 0 0 0 0 1 0 0 0 0
220	2	0 1 1 0 0 1 0 1 1 1 1 0 0 0 0 0
220	2	0 1 1 1 0 1 1 0 1 0 0 1 0 0 0 1
220	1	0 0 1 1 0 0 0 0 0 1 0 1 0 0 0 0
220	3	1 0 1 1 0 0 0 0 0 0 0 0 0 1 0 0
220	3	0 1 1 0 0 1 1 1 0 0 0 1 0 0 0 0
220	1	1 0 1 1 0 1 0 1 0 0 1 0 1 0 0 0
220	1	0 1 1 1 0 1 0 0 0 0 0 1 0 1 0 0
220	2	1 1 1 1 0 1 0 1 0 1 0 0 0 1 0 0
220	1	1 1 1 0 0 1 0 0 0 1 0 1 0 0 0 0
220	3	0 1 1 1 1 1 0 0 0 0 1 1 0 0 0 0
220	3	0 1 1 1 1 0 0 0 0 1 0 0 0 0 0 0
220	4	0 1 1 1 1 1 0 0 0 0 1 0 0 0 0 0
220	2	0 0 1 1 0 1 0 1 0 1 0 0 0 0 0 0
220	1	0 1 0 1 0 1 1 0 0 0 0 0 1 0 0 0
220	2	1 0 1 1 0 1 0 1 0 0 0 0 0 0 1 0
220	2	0 1 1 1 1 1 0 0 1 0 0 1 0 0 0 0
220	4	0 0 1 1 1 1 0 0 0 1 1 0 0 0 0 0
220	2	1 0 1 1 0 0 0 0 0 0 0 1 0 0 0 0
220	1	1 1 1 1 0 1 0 1 0 0 1 0 1 0 0 0
220	1	0 0 1 1 0 0 0 0 0 0 1 0 0 0 0 0
220	1	0 1 1 0 0 1 1 0 1 0 0 1 0 0 1 0
220	1	1 1 0 1 1 1 0 0 0 1 0 1 0 0 0 0
240	34	0 1 1 1 0 1 0 0 0 1 0 1 0 0 0 0
240	21	0 1 1 1 1 0 0 0 0 0 0 0 0 0 0 0
240	16	0 1 1 1 0 1 0 0 0 0 1 0 0 0 0 0
240	9	0 1 1 1 0 1 0 0 1 0 0 1 0 0 0 0
240	35	0 1 1 1 0 1 0 1 1 1 1 0 0 0 0 0
240	8	0 0 1 1 0 1 0 0 0 1 0 0 0 0 0 0
240	1	0 1 1 1 0 1 0 0 0 1 0 1 0 1 0 0
240	26	0 1 1 1 0 1 1 0 1 0 0 1 0 0 0 0
240	41	0 1 1 1 0 0 0 0 0 1 0 1 0 0 0 0
240	14	0 1 0 1 0 1 1 0 0 0 0 0 0 0 0 0
240	5	0 1 1 1 0 1 0 0 0 1 0 1 0 0 0 1
240	10	0 1 1 1 1 0 0 0 0 0 1 0 0 0 0 0
240	37	1 1 1 1 0 1 0 0 0 0 1 1 0 0 0 0
240	42	1 1 1 1 0 1 0 1 0 0 0 0 0 0 0 0
240	21	0 1 1 1 0 1 1 0 0 0 0 0 0 0 0 0
240	20	1 1 1 0 0 1 0 0 0 0 1 1 0 0 0 0
240	6	1 0 1 1 0 1 0 1 0 0 0 0 0 0 0 0
240	9	0 1 1 1 0 1 0 0 0 0 0 1 0 0 0 0
240	8	0 1 1 1 0 1 1 0 1 0 1 1 0 0 0 0
240	7	0 1 1 0 1 0 0 0 0 0 0 0 0 0 0 0
240	3	1 1 1 1 0 1 0 0 1 0 0 0 0 0 0 0
240	6	1 1 1 1 0 1 0 1 0 1 0 0 0 0 0 0
240	3	0 1 1 1 1 1 0 0 0 0 0 1 0 0 0 0
240	35	0 1 1 1 0 1 0 0 0 1 0 0 0 0 0 0
240	16	0 1 1 1 1 1 0 1 0 1 0 1 0 1 0 0
240	8	0 1 1 1 1 1 1 0 0 1 1 0 0 0 0 0
240	1	0 1 1 1 0 1 0 0 0 0 1 0 0 1 0 0
240	42	1 1 1 1 0 1 0 1 1 1 1 0 0 0 0 0
240	4	1 1 1 1 0 1 0 0 1 0 1 0 0 0 0 0
240	20	1 1 1 0 0 0 0 0 0 0 1 1 0 0 0 0
240	46	1 1 1 0 0 1 0 0 0 0 1 0 0 0 0 0
240	4	0 1 1 1 1 1 0 0 0 1 1 0 0 0 0 0
240	7	1 0 1 1 0 1 0 0 0 1 0 1 0 0 0 0
240	23	1 1 1 1 0 1 0 0 0 1 0 1 0 0 0 0
240	7	1 1 1 1 0 1 0 1 0 1 1 0 0 0 0 0
240	3	0 1 1 1 0 1 1 0 0 1 0 0 0 0 0 0
240	14	1 1 1 0 0 1 0 0 0 0 0 1 0 0 1 0
240	11	0 1 1 1 1 0 0 0 0 0 0 1 0 0 0 0
240	18	1 1 1 0 0 0 0 0 0 0 0 0 0 0 0 0
240	9	1 0 1 1 0 1 0 0 0 1 0 1 1 0 0 0
240	2	0 1 0 1 0 1 0 1 0 0 0 0 0 0 0 0
240	2	1 1 1 0 0 1 0 1 0 1 0 1 0 0 0 0
240	20	0 1 0 1 0 1 1 0 0 0 1 0 0 0 0 0
240	33	1 1 1 0 0 0 0 0 0 0 0 1 0 0 0 0
240	16	1 1 1 0 0 1 0 0 0 1 0 1 0 0 0 0
240	4	0 1 0 1 0 1 0 0 0 1 0 0 0 0 0 0
240	16	0 1 1 1 0 0 0 0 0 0 0 0 0 0 0 0
240	2	0 1 1 1 0 0 1 0 0 0 0 0 0 0 0 0
240	23	0 1 1 1 0 1 1 0 1 0 0 1 0 0 1 0
240	2	0 1 1 1 1 1 0 0 0 1 0 1 0 0 0 0
240	7	0 1 1 1 0 1 0 0 1 1 0 1 0 1 0 0
240	6	1 1 1 1 0 1 0 0 0 1 0 0 0 0 0 0
240	4	0 1 1 1 1 0 0 0 0 0 0 0 0 1 0 0
240	14	0 1 1 1 1 0 0 0 0 1 0 0 0 0 0 0
240	8	1 1 1 1 1 1 0 0 0 1 1 0 0 0 0 0
240	1	1 0 1 1 1 1 0 0 0 1 0 1 0 0 0 0
240	8	1 1 1 1 0 1 0 0 0 0 0 1 0 0 0 0
240	7	0 1 1 1 0 1 0 1 1 0 1 0 0 0 0 0
240	10	0 1 0 1 0 1 0 0 0 1 1 0 0 0 0 1
240	13	1 1 1 1 0 0 0 0 0 0 0 1 0 0 0 0
240	10	0 1 1 1 0 1 0 1 0 1 1 0 0 0 0 0
240	4	0 1 1 1 1 1 0 1 1 1 1 0 0 0 0 0
240	10	0 1 1 1 0 1 0 1 0 0 0 0 0 0 0 0
240	2	1 0 1 1 1 1 0 0 0 1 1 1 0 0 0 0
240	3	0 1 1 1 0 1 0 1 1 0 0 1 0 0 0 0
240	1	0 1 1 1 0 1 0 1 1 1 1 0 0 1 0 0
240	1	1 0 1 1 1 1 0 0 1 0 0 1 0 0 0 0
240	15	0 1 1 1 0 1 0 0 0 0 1 1 0 0 0 0
240	1	0 1 1 1 1 0 0 0 0 1 0 1 0 0 0 0
240	4	1 1 1 0 1 1 0 0 0 0 0 1 0 0 1 0
240	1	0 1 1 0 0 1 0 0 0 0 0 1 0 0 1 0
240	5	1 1 1 1 1 0 0 0 0 0 0 0 0 1 0 0
240	8	1 1 1 1 0 1 0 0 0 0 1 0 0 0 0 0
240	1	0 1 1 1 0 1 1 0 0 1 0 1 0 0 0 0
240	10	1 1 1 1 0 0 0 0 0 1 0 1 0 0 0 0
240	3	1 1 1 0 0 0 1 0 0 0 0 1 0 0 0 0
240	2	0 1 1 1 0 1 0 1 0 0 1 0 0 0 0 0
240	6	1 1 1 1 0 0 0 0 0 0 0 0 0 0 0 0
240	1	1 1 0 1 0 1 1 0 0 0 1 0 0 0 0 0
240	9	1 1 1 1 0 1 0 0 0 1 0 0 0 1 0 0
240	4	0 1 1 1 0 1 1 0 0 0 1 1 0 0 0 0
240	4	1 1 1 1 0 1 0 1 1 0 1 0 0 0 0 0
240	4	0 1 0 1 0 0 1 0 0 0 0 0 0 0 0 0
240	4	1 1 1 0 0 1 0 0 0 0 0 0 0 0 0 0
240	1	1 1 1 1 0 1 1 0 1 0 0 1 0 0 1 0
240	1	1 1 1 1 0 1 1 0 0 0 1 1 0 0 0 0
240	3	0 1 0 1 0 1 1 0 1 0 1 1 0 0 0 0
240	1	1 1 1 0 0 1 1 0 0 0 1 0 0 0 0 0
240	4	1 1 1 0 0 1 0 0 0 1 0 1 0 0 1 0
240	2	0 1 1 0 1 0 0 0 0 1 0 1 0 0 0 0
240	6	0 1 1 0 0 1 0 0 1 1 1 0 0 0 1 0
240	1	1 1 1 1 0 1 0 1 0 0 1 0 0 0 0 0
240	1	1 0 1 1 1 1 0 0 0 1 1 0 1 0 0 0
240	1	1 1 1 0 0 0 0 0 0 0 1 1 0 1 0 0
240	1	1 1 1 1 0 0 0 1 0 1 1 0 0 0 0 0
240	2	0 1 1 1 0 0 0 0 0 0 1 1 0 0 0 0
240	1	1 1 1 0 0 1 0 0 0 1 1 1 0 0 0 0
240	1	0 1 1 1 1 1 1 0 0 0 1 0 0 0 0 0
240	1	1 1 1 1 0 1 0 1 1 1 0 0 0 0 0 0
240	2	0 1 1 1 1 1 0 0 0 0 0 0 0 0 0 0
240	1	0 1 1 1 0 1 0 1 1 1 1 0 0 0 0 1
240	2	0 0 1 1 0 1 1 0 0 0 0 0 0 0 0 0
240	2	0 0 1 1 0 1 0 1 0 0 0 0 0 0 0 0
240	2	0 1 1 1 1 1 1 0 1 0 1 1 0 0 0 0
240	1	1 1 1 0 0 0 0 0 0 0 0 1 1 0 0 0
240	2	0 1 1 1 0 1 0 0 1 0 1 0 0 0 0 0
260	38	0 1 1 1 0 1 0 0 0 1 0 1 0 0 0 0
260	32	0 1 1 1 0 1 0 0 0 0 1 0 0 0 0 0
260	9	0 1 1 1 0 1 0 1 1 1 1 0 0 0 0 0
260	27	0 1 1 1 0 1 1 0 1 0 0 1 0 0 0 0
260	9	0 1 1 1 0 0 0 0 0 1 0 1 0 0 0 0
260	1	0 1 0 1 0 1 1 0 0 0 0 0 0 0 0 0
260	17	0 1 1 1 1 0 0 0 0 0 1 0 0 0 0 0
260	116	1 1 1 1 0 1 0 0 0 0 1 1 0 0 0 0
260	32	1 1 1 1 0 1 0 1 0 0 0 0 0 0 0 0
260	7	0 1 1 1 0 1 1 0 0 0 0 0 0 0 0 0
260	15	1 1 1 0 0 1 0 0 0 0 1 1 0 0 0 0
260	3	1 0 1 1 0 1 0 1 0 0 0 0 0 0 0 0
260	14	0 1 1 1 0 1 1 0 1 0 1 1 0 0 0 0
260	7	1 1 1 1 0 1 0 1 0 1 0 0 0 0 0 0
260	40	0 1 1 1 0 1 0 0 0 1 0 0 0 0 0 0
260	5	0 1 1 1 1 1 1 0 0 1 1 0 0 0 0 0
260	21	1 1 1 1 0 1 0 1 1 1 1 0 0 0 0 0
260	35	1 1 1 0 0 0 0 0 0 0 1 1 0 0 0 0
260	38	1 1 1 0 0 1 0 0 0 0 1 0 0 0 0 0
260	3	1 0 1 1 0 1 0 0 0 1 0 1 0 0 0 0
260	50	1 1 1 1 0 1 0 0 0 1 0 1 0 0 0 0
260	18	0 1 1 1 1 0 0 0 0 0 0 1 0 0 0 0
260	12	1 0 1 1 0 1 0 0 0 1 0 1 1 0 0 0
260	41	1 1 1 0 0 0 0 0 0 0 0 1 0 0 0 0
260	8	1 1 1 0 0 1 0 0 0 1 0 1 0 0 0 0
260	26	0 1 1 1 0 1 1 0 1 0 0 1 0 0 1 0
260	7	1 1 1 1 0 1 0 0 0 1 0 0 0 0 0 0
260	2	0 1 1 1 1 0 0 0 0 1 0 0 0 0 0 0
260	16	1 0 1 1 1 1 0 0 0 1 0 1 0 0 0 0
260	8	1 1 1 1 0 1 0 0 0 0 0 1 0 0 0 0
260	1	0 1 0 1 0 1 0 0 0 1 1 0 0 0 0 1
260	20	1 1 1 1 0 0 0 0 0 0 0 1 0 0 0 0
260	4	0 1 1 1 1 1 0 1 1 1 1 0 0 0 0 0
260	27	0 1 1 1 0 1 0 1 0 0 0 0 0 0 0 0
260	2	0 1 1 1 0 1 0 0 0 0 1 1 0 0 0 0
260	9	1 1 1 0 1 1 0 0 0 0 0 1 0 0 1 0
260	1	1 1 1 1 0 1 0 0 0 0 1 0 0 0 0 0
260	20	1 1 1 1 0 0 0 0 0 1 0 1 0 0 0 0
260	5	1 1 1 1 0 1 0 0 0 1 0 0 0 1 0 0
260	6	1 1 1 0 0 1 0 0 0 0 0 0 0 0 0 0
260	2	0 1 1 0 1 0 0 0 0 1 0 1 0 0 0 0
260	6	0 1 1 1 0 1 1 0 1 1 1 0 0 0 0 0
260	7	0 1 1 1 0 0 0 0 1 1 0 1 0 0 0 0
260	3	0 1 1 1 1 0 0 0 0 1 1 0 0 0 0 0
260	11	0 1 1 1 0 1 1 0 0 0 0 1 0 0 0 0
260	8	0 1 0 1 0 1 0 0 0 0 1 0 0 0 0 0
260	1	1 1 1 0 0 1 1 0 0 0 1 1 0 0 0 0
260	21	1 0 1 1 1 1 0 1 1 1 1 0 0 0 0 0
260	8	1 1 1 1 0 1 0 0 0 1 0 1 1 0 0 0
260	5	1 1 1 1 0 1 1 0 0 0 0 0 0 0 0 0
260	6	1 1 1 0 0 1 0 0 0 0 0 1 0 0 0 0
260	1	0 1 1 1 1 1 0 0 0 1 1 0 1 0 0 0
260	2	1 1 1 1 0 1 1 0 0 0 0 0 0 1 0 0
260	14	1 1 1 1 0 1 0 0 0 0 1 1 1 0 0 0
260	13	1 1 1 1 0 0 0 0 0 1 0 1 1 0 0 0
260	8	0 1 1 1 0 1 0 1 0 0 1 0 0 0 0 0
260	3	0 1 1 1 0 1 0 0 1 1 0 0 0 0 0 0
260	3	0 1 0 1 0 1 1 0 1 0 0 1 0 0 1 0
260	7	0 1 1 1 1 1 0 0 0 0 0 1 0 0 0 0
260	1	0 1 1 0 0 1 0 0 0 1 0 0 0 0 0 0
260	2	0 1 1 1 0 1 0 0 0 0 0 0 0 0 0 0
260	3	1 1 1 1 0 1 0 0 0 0 0 0 0 0 0 0
260	4	0 1 1 0 0 1 0 0 1 1 1 1 0 0 0 0
260	3	0 1 1 1 0 1 0 1 1 1 0 0 0 0 0 0
260	2	1 1 1 1 0 0 0 1 0 0 0 0 0 0 0 0
260	2	1 1 1 0 1 1 0 0 0 1 1 0 0 0 0 0
260	4	0 1 1 1 1 1 0 0 0 1 0 0 0 0 0 0
260	5	0 1 1 0 0 1 1 0 1 0 0 1 0 0 1 0
260	3	0 1 1 1 0 1 0 1 0 1 0 1 0 0 0 0
260	5	1 1 1 1 0 1 0 0 0 0 1 1 0 0 1 0
260	1	0 1 1 1 0 1 0 0 1 1 0 1 0 0 0 0
260	3	1 1 1 0 0 1 1 0 0 0 0 0 0 0 0 0
260	2	1 1 1 1 0 1 0 0 0 1 1 0 0 0 0 0
260	1	0 1 1 1 1 1 1 0 1 0 0 1 0 0 0 0
260	3	1 1 0 1 0 1 0 1 0 0 0 0 0 0 0 0
260	3	0 1 1 1 1 0 0 1 0 0 0 1 0 0 0 0
260	2	0 1 1 1 0 0 0 0 1 1 1 1 0 0 0 0
260	2	1 1 1 1 0 1 0 1 1 1 0 0 0 0 0 0
260	3	1 1 1 0 0 0 0 0 0 1 0 1 0 0 0 0
260	4	1 1 1 0 1 1 0 1 1 1 1 0 0 0 0 0
260	2	1 0 1 0 0 0 0 0 0 0 1 1 0 0 0 0
260	2	0 1 1 1 0 1 1 0 1 0 0 1 0 0 0 1
260	1	0 1 1 1 0 1 1 0 1 0 1 1 1 0 0 0
260	2	1 1 1 0 1 1 0 0 0 0 1 0 0 0 0 0
260	9	0 1 1 1 1 0 0 0 0 1 0 1 0 0 0 0
260	4	0 1 0 1 0 1 0 0 0 0 1 1 0 0 0 0
260	2	0 1 1 1 1 0 0 0 0 0 1 1 0 0 0 0
260	1	1 1 1 0 0 1 0 1 0 1 0 0 0 0 0 0
260	5	0 1 1 0 0 1 0 0 0 0 0 1 0 0 0 0
260	1	1 0 1 1 1 1 0 1 0 1 0 0 0 0 0 0
260	1	0 1 1 1 0 1 1 0 1 0 0 1 1 0 0 0
260	1	1 1 1 1 0 1 0 0 1 1 0 1 0 0 0 0
260	1	0 1 1 1 0 1 0 0 0 1 1 0 0 0 0 1
260	1	1 1 1 1 1 1 1 0 0 0 0 0 0 1 0 0
260	2	0 1 1 0 0 1 0 0 0 0 1 0 0 0 0 0
260	1	1 1 1 1 0 1 0 1 0 0 1 0 0 0 0 0
260	2	1 1 1 0 0 0 0 0 0 0 1 0 0 0 0 0
260	2	1 1 1 0 0 1 1 0 1 1 1 0 0 0 0 0
260	1	0 1 1 1 0 1 1 0 0 0 1 0 0 0 0 0
260	2	1 1 1 0 0 0 0 0 0 1 1 0 0 0 0 0
260	1	1 1 1 1 0 1 0 1 0 0 0 0 0 1 0 0
260	2	1 1 1 1 0 1 0 1 0 1 0 0 1 0 0 0
260	3	1 0 1 1 0 1 0 0 0 1 1 1 1 0 0 0
260	1	1 0 1 1 0 1 0 0 1 1 0 1 1 0 0 0
260	1	1 0 1 0 0 0 0 0 0 0 0 1 0 0 0 0
260	1	1 1 1 1 0 0 0 0 0 0 0 1 0 1 0 0
260	2	0 1 0 1 0 0 1 0 1 0 0 1 0 0 1 0
260	2	0 1 1 0 0 1 0 0 0 1 0 1 0 0 0 0
260	1	0 1 1 1 0 1 0 1 0 1 0 1 0 0 0 1
260	1	1 1 1 0 0 1 1 0 0 0 0 0 1 0 0 0
260	2	0 1 1 1 0 0 0 0 1 1 1 0 0 0 0 0
260	1	1 1 1 1 0 1 0 1 1 1 0 0 1 0 0 0
280	54	0 1 1 1 0 1 0 0 0 1 0 1 0 0 0 0
280	3	0 1 1 1 0 1 1 0 1 0 0 1 0 0 0 0
280	22	0 1 1 1 1 0 0 0 0 0 1 0 0 0 0 0
280	121	1 1 1 1 0 1 0 0 0 0 1 1 0 0 0 0
280	58	1 1 1 1 0 1 0 1 0 0 0 0 0 0 0 0
280	5	1 1 1 0 0 1 0 0 0 0 1 1 0 0 0 0
280	55	0 1 1 1 0 1 0 0 0 1 0 0 0 0 0 0
280	12	1 1 1 1 0 1 0 1 1 1 1 0 0 0 0 0
280	1	1 1 1 0 0 0 0 0 0 0 1 1 0 0 0 0
280	10	1 1 1 0 0 1 0 0 0 0 1 0 0 0 0 0
280	26	1 0 1 1 0 1 0 0 0 1 0 1 0 0 0 0
280	61	1 1 1 1 0 1 0 0 0 1 0 1 0 0 0 0
280	13	0 1 1 1 1 0 0 0 0 0 0 1 0 0 0 0
280	4	1 0 1 1 0 1 0 0 0 1 0 1 1 0 0 0
280	33	1 1 1 0 0 0 0 0 0 0 0 1 0 0 0 0
280	13	0 1 1 1 0 1 1 0 1 0 0 1 0 0 1 0
280	1	1 1 1 1 0 0 0 0 0 0 0 1 0 0 0 0
280	43	0 1 1 1 0 1 0 1 0 0 0 0 0 0 0 0
280	10	1 1 1 0 1 1 0 0 0 0 0 1 0 0 1 0
280	13	1 1 1 1 0 1 0 0 0 0 1 0 0 0 0 0
280	2	1 1 1 1 0 0 0 0 0 1 0 1 0 0 0 0
280	12	1 1 1 1 0 1 0 0 0 1 0 0 0 1 0 0
280	1	0 1 1 0 1 0 0 0 0 1 0 1 0 0 0 0
280	2	0 1 1 1 0 1 1 0 1 1 1 0 0 0 0 0
280	6	0 1 1 1 0 0 0 0 1 1 0 1 0 0 0 0
280	18	0 1 1 1 0 1 1 0 0 0 0 1 0 0 0 0
280	27	1 0 1 1 1 1 0 1 1 1 1 0 0 0 0 0
280	7	1 1 1 1 0 1 0 0 0 0 1 1 1 0 0 0
280	6	1 1 1 1 0 0 0 0 0 1 0 1 1 0 0 0
280	5	0 1 1 1 0 1 0 0 0 0 0 0 0 0 0 0
280	2	0 1 1 0 0 1 1 0 1 0 0 1 0 0 1 0
280	15	1 1 1 1 0 1 0 0 0 0 1 1 0 0 1 0
280	8	1 1 0 1 0 1 0 1 0 0 0 0 0 0 0 0
280	2	1 1 1 1 0 1 0 1 1 1 0 0 0 0 0 0
280	5	1 1 1 0 1 1 0 1 1 1 1 0 0 0 0 0
280	7	1 1 1 0 1 1 0 0 0 0 1 0 0 0 0 0
280	4	0 1 1 1 1 0 0 0 0 1 0 1 0 0 0 0
280	15	1 0 1 1 1 1 0 1 0 1 0 0 0 0 0 0
280	23	0 1 1 1 0 1 1 0 0 0 1 0 0 0 0 0
280	2	1 1 1 0 0 1 0 0 0 1 0 0 0 0 0 0
280	16	1 1 1 1 0 1 0 0 0 1 1 1 0 0 0 0
280	1	1 0 1 0 0 1 0 0 0 1 0 1 0 0 0 0
280	3	0 1 1 1 0 1 1 0 1 1 0 1 0 0 1 0
280	4	0 1 0 1 1 1 0 0 0 0 1 0 0 0 0 0
280	1	1 0 1 1 1 1 0 1 0 1 0 1 0 0 0 0
280	5	1 1 1 0 0 1 0 1 0 1 0 0 0 0 0 0
280	9	1 1 1 1 0 1 0 0 0 1 0 0 0 0 0 0
280	9	1 1 1 1 1 1 0 1 0 1 0 0 0 0 0 0
280	6	1 1 1 0 1 1 0 0 0 0 0 1 0 0 0 0
280	5	1 1 1 1 1 1 0 0 0 0 1 1 0 0 0 0
280	21	1 1 1 1 1 1 0 0 0 1 0 1 0 0 0 0
280	5	1 0 1 1 0 1 0 1 1 1 1 0 0 0 0 0
280	1	0 1 1 0 0 1 0 0 0 0 0 1 0 0 0 0
280	1	1 1 1 0 1 1 0 0 0 1 0 1 0 0 0 0
280	17	1 1 1 1 1 0 0 0 0 1 0 1 0 0 0 0
280	1	1 1 1 1 0 1 1 0 0 0 1 1 0 0 0 0
280	2	1 1 1 1 0 0 0 0 1 1 0 1 1 0 0 0
280	4	0 1 1 1 0 1 0 0 0 0 1 0 0 0 0 0
280	2	1 0 1 1 0 1 0 1 0 0 0 1 0 0 0 0
280	6	1 1 0 1 1 1 0 1 0 0 0 0 0 0 0 0
280	6	1 1 1 1 1 1 1 0 0 0 0 0 1 1 0 0
280	11	1 1 1 1 1 1 0 1 0 0 0 0 0 0 0 0
280	6	1 1 1 1 0 1 0 0 0 0 1 1 0 0 0 1
280	1	0 1 1 1 0 1 0 0 0 1 0 0 0 1 0 0
280	9	1 1 1 0 1 1 0 1 0 1 0 0 0 0 0 0
280	24	1 1 1 1 1 0 0 0 0 0 1 0 0 0 0 0
280	5	0 1 1 1 0 0 0 0 0 1 0 1 0 0 0 0
280	3	1 1 1 0 0 0 0 0 0 0 0 0 0 0 0 0
280	4	1 1 1 0 1 1 0 0 0 0 1 1 0 0 0 0
280	6	0 1 1 0 0 0 0 0 0 0 0 1 0 0 0 0
280	2	1 1 0 1 0 1 1 0 1 0 1 1 0 0 0 0
280	3	1 1 1 1 0 1 0 1 0 1 0 0 0 0 0 0
280	6	1 0 1 1 1 1 0 1 0 1 1 0 0 0 0 0
280	6	1 0 1 0 0 1 0 0 0 1 0 1 0 1 1 0
280	4	0 1 0 1 1 0 0 0 0 0 1 0 0 0 0 0
280	2	0 1 1 1 0 1 0 0 1 1 0 0 0 0 0 0
280	1	1 1 1 1 0 1 0 1 0 1 1 0 0 0 0 0
280	1	1 1 1 1 0 1 1 0 1 1 1 0 0 0 0 0
280	1	1 1 1 0 0 0 0 1 0 0 0 0 0 0 0 0
280	4	1 1 1 0 0 1 0 0 0 0 1 1 0 0 0 1
280	1	0 0 1 1 0 1 1 0 1 0 1 1 0 0 0 0
280	6	0 1 1 1 1 1 0 0 0 1 0 0 0 0 0 0
280	4	0 1 1 1 0 1 1 0 1 0 1 1 0 0 1 0
280	4	1 1 1 1 0 0 0 0 0 1 0 1 0 0 0 1
280	3	1 1 1 1 0 0 0 0 0 0 0 1 1 0 0 0
280	1	1 1 1 1 1 1 0 0 0 0 1 0 0 0 0 0
280	2	1 0 1 0 0 1 0 0 0 1 0 1 0 0 1 0
280	2	1 1 1 0 0 1 0 0 0 1 1 1 0 0 0 0
280	4	1 1 1 1 0 0 0 0 0 1 1 0 0 0 0 0
280	1	1 1 1 1 0 0 0 0 1 1 0 1 0 0 0 0
280	5	1 1 0 1 0 1 0 1 0 0 0 1 0 0 0 0
280	2	0 1 1 0 0 1 0 0 0 1 0 0 0 0 0 0
280	3	1 1 1 0 0 1 0 0 0 0 0 0 0 0 0 0
280	1	1 1 0 0 0 0 0 1 0 0 0 0 0 0 0 0
280	1	0 1 0 1 1 1 0 0 0 1 0 1 0 0 0 0
280	1	1 1 1 0 1 1 0 1 0 0 0 1 0 0 0 0
280	1	0 1 1 1 0 1 0 0 0 0 0 1 0 0 0 0
280	2	0 1 1 1 0 1 1 0 0 1 0 0 0 0 0 0
280	1	1 0 1 1 0 1 0 0 0 0 1 0 0 0 0 0
280	1	0 1 1 0 1 0 0 0 0 1 0 1 0 1 0 0
280	1	1 0 1 1 1 1 0 1 1 1 1 0 0 0 0 1
280	2	1 1 0 0 1 1 0 1 0 0 0 0 0 0 0 0
300	28	0 1 1 1 0 1 0 0 0 1 0 1 0 0 0 0
300	3	0 1 1 1 1 0 0 0 0 0 1 0 0 0 0 0
300	95	1 1 1 1 0 1 0 0 0 0 1 1 0 0 0 0
300	29	1 1 1 1 0 1 0 1 0 0 0 0 0 0 0 0
300	3	1 1 1 0 0 1 0 0 0 0 1 1 0 0 0 0
300	43	0 1 1 1 0 1 0 0 0 1 0 0 0 0 0 0
300	2	1 1 1 1 0 1 0 1 1 1 1 0 0 0 0 0
300	4	1 0 1 1 0 1 0 0 0 1 0 1 0 0 0 0
300	77	1 1 1 1 0 1 0 0 0 1 0 1 0 0 0 0
300	4	0 1 1 1 1 0 0 0 0 0 0 1 0 0 0 0
300	20	1 1 1 0 0 0 0 0 0 0 0 1 0 0 0 0
300	4	0 1 1 1 0 1 0 1 0 0 0 0 0 0 0 0
300	12	1 1 1 1 0 1 0 0 0 0 1 0 0 0 0 0
300	4	0 1 1 1 0 1 1 0 1 1 1 0 0 0 0 0
300	38	0 1 1 1 0 0 0 0 1 1 0 1 0 0 0 0
300	9	0 1 1 1 0 1 1 0 0 0 0 1 0 0 0 0
300	4	1 0 1 1 1 1 0 1 1 1 1 0 0 0 0 0
300	5	1 1 1 1 0 1 0 0 0 0 1 1 1 0 0 0
300	11	1 1 1 1 0 1 0 0 0 0 1 1 0 0 1 0
300	4	1 1 0 1 0 1 0 1 0 0 0 0 0 0 0 0
300	9	1 1 1 0 1 1 0 1 1 1 1 0 0 0 0 0
300	7	1 1 1 0 1 1 0 0 0 0 1 0 0 0 0 0
300	5	0 1 1 1 1 0 0 0 0 1 0 1 0 0 0 0
300	19	1 1 1 1 0 1 0 0 0 1 0 0 0 0 0 0
300	4	1 1 1 1 1 1 0 1 0 1 0 0 0 0 0 0
300	18	1 1 1 0 1 1 0 0 0 0 0 1 0 0 0 0
300	26	1 1 1 1 1 1 0 0 0 1 0 1 0 0 0 0
300	5	1 0 1 1 0 1 0 1 1 1 1 0 0 0 0 0
300	13	1 1 1 1 1 0 0 0 0 1 0 1 0 0 0 0
300	8	1 1 0 1 1 1 0 1 0 0 0 0 0 0 0 0
300	3	1 1 1 1 1 1 0 1 0 0 0 0 0 0 0 0
300	15	1 1 1 1 0 1 0 0 0 0 1 1 0 0 0 1
300	2	0 1 1 1 0 1 0 0 0 1 0 0 0 1 0 0
300	10	1 1 1 0 0 0 0 0 0 0 0 0 0 0 0 0
300	2	1 1 1 0 1 1 0 0 0 0 1 1 0 0 0 0
300	7	0 1 1 0 0 0 0 0 0 0 0 1 0 0 0 0
300	13	1 1 1 1 0 1 0 1 0 1 0 0 0 0 0 0
300	12	0 1 0 1 1 0 0 0 0 0 1 0 0 0 0 0
300	4	1 1 1 0 0 1 0 0 0 0 1 1 0 0 0 1
300	16	1 1 1 1 1 1 0 0 0 0 1 0 0 0 0 0
300	12	1 1 1 0 0 1 0 0 0 0 0 0 0 0 0 0
300	13	1 0 1 1 1 1 0 1 1 1 1 0 0 0 0 1
300	13	0 1 1 1 0 1 0 0 0 1 0 1 0 0 1 0
300	1	1 1 1 1 0 1 0 0 0 0 1 1 1 1 0 0
300	9	1 1 1 0 0 0 0 0 0 0 1 0 0 0 0 0
300	26	0 1 1 1 0 1 0 0 0 0 1 1 0 0 0 0
300	10	1 1 1 0 0 1 0 0 0 0 0 1 0 0 0 0
300	4	1 1 0 1 0 1 0 1 1 1 1 0 0 0 0 0
300	12	1 1 1 1 1 0 0 0 0 1 0 1 0 0 0 1
300	19	1 1 1 1 0 1 0 0 0 1 1 0 0 0 0 0
300	20	1 1 1 1 0 1 0 1 0 0 1 1 0 0 0 0
300	4	1 1 1 1 0 1 0 0 0 1 0 1 0 1 0 0
300	8	0 1 1 0 0 1 1 0 1 0 0 1 0 0 0 0
300	38	1 1 1 1 0 1 0 0 0 1 0 1 1 0 0 0
300	10	1 0 1 1 0 1 0 1 0 0 0 0 0 0 0 0
300	3	1 1 1 1 0 1 0 1 0 1 0 0 0 1 0 0
300	8	0 1 1 1 0 0 0 0 1 1 1 1 0 0 0 0
300	3	1 1 1 0 1 1 0 0 0 1 0 1 0 0 0 0
300	1	0 1 1 1 0 0 0 0 0 0 0 0 0 0 0 0
300	4	0 1 1 1 0 1 0 1 0 0 1 1 0 0 0 0
300	9	1 1 1 0 0 0 0 0 0 1 0 1 0 0 0 0
300	2	0 1 1 0 0 0 0 0 0 0 0 0 0 0 0 0
300	2	0 1 1 0 1 1 0 0 0 0 1 1 0 0 0 0
300	8	1 1 0 1 1 1 0 1 0 1 0 0 0 0 0 0
300	9	1 1 1 1 0 1 0 0 0 1 0 1 0 0 0 1
300	9	0 1 1 1 0 1 0 1 0 1 0 1 0 0 0 0
300	4	0 1 1 0 0 0 0 0 1 1 0 1 0 0 0 0
300	4	1 1 1 1 0 1 1 0 0 1 0 1 0 0 0 0
300	2	1 1 0 1 0 1 0 1 0 0 0 0 0 1 0 0
300	3	1 1 1 1 0 1 0 1 0 1 1 0 0 1 0 0
300	3	1 1 1 1 0 1 1 0 0 1 1 0 0 0 0 0
300	6	1 1 1 0 0 1 0 0 0 0 1 0 0 0 0 0
300	4	1 1 0 1 0 1 0 0 0 0 1 1 0 0 0 0
300	6	1 1 1 0 0 1 0 1 0 0 0 0 0 0 0 0
300	7	1 1 1 1 0 1 0 1 1 0 1 0 0 0 0 0
300	7	1 1 0 1 0 1 0 1 0 0 0 1 0 0 0 0
300	2	1 0 1 1 0 1 0 1 0 1 1 0 0 0 0 0
300	1	1 1 1 1 1 0 0 0 0 1 0 0 0 0 0 0
300	11	1 1 1 1 0 1 0 1 0 1 0 1 0 0 0 0
300	4	0 1 1 1 0 0 0 0 0 1 0 0 0 0 0 0
300	4	0 1 1 1 0 1 0 0 0 1 0 0 1 0 0 0
300	1	1 1 1 0 1 1 0 0 0 0 0 1 0 1 0 0
300	2	1 1 1 1 1 0 0 0 1 1 0 1 0 0 0 0
300	4	1 1 1 1 1 1 0 0 0 0 1 1 0 0 0 0
300	2	1 0 1 1 1 1 0 1 0 1 0 1 0 0 0 0
300	1	1 1 1 1 1 1 0 1 0 1 1 0 0 0 0 0
300	4	1 1 1 0 0 1 0 1 0 1 1 0 0 0 0 0
300	3	1 1 1 1 0 1 0 0 0 1 0 1 0 1 0 1
300	1	0 0 1 1 0 0 0 0 1 1 0 1 0 0 0 0
300	1	1 1 1 1 1 1 1 0 0 1 0 1 0 0 0 0
300	3	1 1 1 0 0 0 0 0 0 0 0 0 0 0 1 0
300	1	1 0 1 1 0 1 0 0 0 1 1 0 0 0 0 0
300	15	1 0 1 0 0 1 0 1 0 1 0 0 0 0 0 0
300	3	1 1 1 0 0 0 1 0 0 0 0 1 0 0 0 0
300	4	0 1 1 1 0 1 0 0 1 1 0 1 0 0 0 0
300	2	1 1 1 1 0 0 0 0 1 1 0 1 0 0 0 0
300	3	1 1 1 1 1 1 0 0 1 1 0 1 0 0 0 0
300	1	0 1 1 0 0 1 0 0 0 0 1 0 0 0 0 0
300	1	0 1 1 1 0 1 0 0 0 1 0 1 0 1 1 0
300	3	1 1 1 1 0 0 0 0 0 0 0 0 0 0 0 0
300	2	1 1 1 1 0 1 0 0 1 1 0 1 0 0 0 0
300	2	0 1 1 1 1 0 0 0 1 1 0 1 0 0 0 0
300	2	1 1 1 0 1 1 0 0 0 1 0 0 0 0 0 0
300	3	1 1 1 1 0 1 0 0 1 0 1 1 0 0 0 0
300	2	0 1 0 1 1 1 0 1 0 0 0 0 0 0 0 0
300	1	0 1 1 1 0 1 0 0 0 1 0 1 0 1 0 0
300	3	1 1 1 0 1 1 0 0 0 1 1 1 0 0 0 0
300	2	1 1 1 0 0 1 0 0 1 0 0 0 0 0 0 0
300	1	1 1 0 0 0 1 0 0 0 0 0 1 0 0 0 0
300	1	1 1 1 1 0 1 0 0 0 1 0 1 1 0 1 0
300	1	1 1 0 1 0 1 0 0 0 0 1 1 0 0 1 0
300	1	1 1 1 0 0 1 0 0 0 0 0 0 0 0 0 1
300	1	0 1 0 0 0 1 1 0 1 0 0 1 0 0 0 0
300	1	1 0 1 1 0 1 1 1 0 0 0 0 0 0 0 0
320	1	0 1 1 1 1 0 0 0 0 0 1 0 0 0 0 0
320	49	1 1 1 1 0 1 0 0 0 0 1 1 0 0 0 0
320	35	1 1 1 1 0 1 0 1 0 0 0 0 0 0 0 0
320	10	0 1 1 1 0 1 0 0 0 1 0 0 0 0 0 0
320	21	1 1 1 1 0 1 0 1 1 1 1 0 0 0 0 0
320	9	1 0 1 1 0 1 0 0 0 1 0 1 0 0 0 0
320	103	1 1 1 1 0 1 0 0 0 1 0 1 0 0 0 0
320	14	0 1 1 1 1 0 0 0 0 0 0 1 0 0 0 0
320	5	1 1 1 0 0 0 0 0 0 0 0 1 0 0 0 0
320	4	0 1 1 1 0 1 0 1 0 0 0 0 0 0 0 0
320	4	1 1 1 1 0 1 0 0 0 0 1 0 0 0 0 0
320	7	0 1 1 1 0 1 1 0 1 1 1 0 0 0 0 0
320	25	0 1 1 1 0 0 0 0 1 1 0 1 0 0 0 0
320	4	0 1 1 1 0 1 1 0 0 0 0 1 0 0 0 0
320	27	1 1 1 1 0 1 0 0 0 0 1 1 0 0 1 0
320	2	1 1 0 1 0 1 0 1 0 0 0 0 0 0 0 0
320	12	0 1 1 1 1 0 0 0 0 1 0 1 0 0 0 0
320	2	1 1 1 1 0 1 0 0 0 1 0 0 0 0 0 0
320	1	1 1 1 0 1 1 0 0 0 0 0 1 0 0 0 0
320	1	1 1 1 1 1 1 0 0 0 1 0 1 0 0 0 0
320	11	1 0 1 1 0 1 0 1 1 1 1 0 0 0 0 0
320	25	1 1 1 1 1 0 0 0 0 1 0 1 0 0 0 0
320	4	1 1 1 1 0 1 0 0 0 0 1 1 0 0 0 1
320	10	1 1 1 0 0 0 0 0 0 0 0 0 0 0 0 0
320	16	1 1 1 1 0 1 0 1 0 1 0 0 0 0 0 0
320	5	0 1 0 1 1 0 0 0 0 0 1 0 0 0 0 0
320	16	1 1 1 0 0 1 0 0 0 0 0 0 0 0 0 0
320	1	1 1 1 0 0 0 0 0 0 0 1 0 0 0 0 0
320	6	0 1 1 1 0 1 0 0 0 0 1 1 0 0 0 0
320	13	1 1 0 1 0 1 0 1 1 1 1 0 0 0 0 0
320	3	1 1 1 1 1 0 0 0 0 1 0 1 0 0 0 1
320	3	1 1 1 1 0 1 0 0 0 1 1 0 0 0 0 0
320	8	0 1 1 0 0 1 1 0 1 0 0 1 0 0 0 0
320	15	1 1 1 1 0 1 0 0 0 1 0 1 1 0 0 0
320	20	1 0 1 1 0 1 0 1 0 0 0 0 0 0 0 0
320	10	0 1 1 0 0 0 0 0 1 1 0 1 0 0 0 0
320	14	1 1 1 1 0 1 1 0 0 1 0 1 0 0 0 0
320	10	1 1 1 0 0 1 0 1 0 0 0 0 0 0 0 0
320	13	1 1 1 1 0 1 0 1 1 0 1 0 0 0 0 0
320	34	1 1 0 1 0 1 0 1 0 0 0 1 0 0 0 0
320	17	1 1 1 1 0 1 0 0 0 1 0 1 0 1 0 1
320	89	1 1 1 1 0 1 0 0 1 0 1 1 0 0 0 0
320	5	0 1 0 1 1 1 0 1 0 0 0 0 0 0 0 0
320	13	0 1 1 1 0 1 0 0 0 1 0 1 0 1 0 0
320	5	1 1 1 1 0 1 0 0 0 1 1 1 0 0 0 0
320	21	1 1 1 1 0 1 0 0 0 1 0 0 1 0 0 0
320	11	1 1 1 1 0 1 0 0 0 0 0 0 0 0 0 0
320	10	1 1 1 0 0 0 0 1 0 0 0 1 0 0 0 0
320	9	1 1 0 1 0 1 0 1 0 1 0 1 0 0 0 0
320	9	1 1 1 1 0 1 0 1 0 1 1 0 0 0 0 0
320	8	1 1 1 0 0 1 0 0 0 1 0 1 0 0 0 0
320	9	1 1 1 0 0 0 0 0 0 0 0 1 1 0 0 0
320	6	1 1 1 1 0 1 0 0 0 1 0 1 0 0 1 0
320	8	1 0 1 1 0 1 0 1 0 1 1 0 0 0 0 0
320	2	1 0 1 0 0 1 0 0 0 1 0 1 0 0 0 0
320	12	1 1 1 1 0 1 0 0 0 1 0 1 0 0 0 1
320	5	0 1 1 0 0 1 1 1 1 0 0 1 0 0 0 0
320	4	1 1 1 1 0 0 0 0 1 1 0 1 0 0 0 0
320	8	0 0 1 1 0 1 1 0 1 1 1 0 0 0 0 0
320	1	0 1 0 1 0 1 0 1 0 0 0 0 0 0 0 0
320	9	1 1 1 1 0 0 0 0 0 0 0 0 0 0 0 0
320	2	0 1 1 0 0 1 0 0 0 0 0 0 0 0 0 0
320	10	1 1 1 0 1 1 0 0 0 1 0 0 1 0 0 0
320	4	1 1 1 1 0 0 0 0 0 1 0 0 0 0 0 0
320	2	1 1 1 1 1 0 0 1 0 1 0 1 0 0 0 0
320	11	1 1 1 1 0 0 0 0 0 1 1 0 0 0 0 0
320	4	1 1 1 0 0 1 0 0 1 0 1 1 0 0 0 0
320	7	1 1 1 1 0 1 0 0 0 1 0 1 0 1 0 0
320	5	1 1 1 1 0 1 0 0 0 0 1 1 0 1 0 0
320	3	1 1 1 1 0 1 0 1 0 0 0 1 0 0 0 0
320	5	1 1 1 1 0 1 0 0 0 0 0 1 0 0 0 0
320	7	0 1 0 1 1 1 0 1 1 0 0 0 0 0 0 0
320	1	1 1 1 0 0 1 0 0 0 0 1 1 0 0 1 0
320	12	1 1 1 1 0 1 1 1 0 0 0 0 0 0 0 0
320	5	1 1 1 1 1 0 0 0 0 1 0 1 0 1 0 0
320	4	0 1 1 0 0 1 0 0 1 0 0 1 0 0 0 0
320	3	1 1 1 1 0 1 0 0 1 0 0 1 0 0 0 0
320	1	1 1 1 1 0 1 0 0 1 0 1 0 0 0 0 0
320	5	1 1 1 1 0 0 1 0 0 0 0 0 0 0 0 0
320	3	1 1 0 1 1 0 0 0 0 1 0 1 0 0 0 0
320	3	1 1 1 1 0 1 0 1 0 0 0 0 0 0 1 0
320	1	1 1 1 0 0 1 0 0 0 1 1 0 0 0 0 0
320	3	1 1 1 1 0 1 0 0 1 0 0 0 0 0 0 0
320	1	0 1 0 1 0 1 0 1 0 1 0 1 0 0 0 0
320	2	1 1 0 1 1 1 0 1 0 0 0 0 0 0 0 0
320	7	1 1 1 1 0 0 0 1 0 0 0 0 0 0 0 0
320	2	0 1 1 0 0 0 0 0 0 0 0 0 0 0 0 0
320	1	1 1 0 1 0 1 0 0 0 1 1 0 0 0 0 0
320	7	1 1 1 1 0 1 1 1 0 1 0 1 0 0 0 0
320	1	1 1 1 1 0 1 0 0 0 0 0 0 1 0 0 0
320	3	0 1 1 0 0 1 0 1 1 0 0 0 0 0 0 0
320	1	1 1 1 0 0 1 0 1 0 1 0 1 0 0 0 0
320	6	0 1 0 1 1 1 0 0 1 0 1 1 0 0 0 0
320	3	1 1 1 1 0 1 0 1 1 0 0 0 0 0 0 0
320	5	1 1 1 1 0 1 0 1 0 0 0 0 0 0 0 1
320	3	1 0 1 1 0 1 0 0 0 1 0 1 1 0 0 0
320	1	1 1 1 1 0 1 0 0 0 0 1 1 1 0 1 0
320	3	0 1 1 1 0 1 0 0 0 0 1 1 0 0 1 0
320	3	1 0 1 1 0 1 0 1 0 0 0 0 0 0 0 1
320	2	1 1 1 1 1 1 0 0 0 1 0 0 0 0 0 0
320	4	1 1 1 1 0 1 0 0 1 0 1 1 0 0 1 0
320	2	0 1 1 1 0 0 0 0 0 0 0 0 0 0 0 0
320	2	1 1 1 0 0 1 0 0 1 1 0 1 0 0 0 0
320	3	1 0 1 1 0 1 0 1 1 0 0 0 0 0 0 0
320	1	1 1 1 0 0 0 0 0 0 0 0 1 1 0 1 0
320	2	1 1 1 1 0 0 0 0 0 0 0 0 0 1 0 0
340	55	1 1 1 1 0 1 0 0 0 0 1 1 0 0 0 0
340	34	1 1 1 1 0 1 0 1 0 0 0 0 0 0 0 0
340	65	1 1 1 1 0 1 0 1 1 1 1 0 0 0 0 0
340	122	1 1 1 1 0 1 0 0 0 1 0 1 0 0 0 0
340	30	0 1 1 1 1 0 0 0 0 0 0 1 0 0 0 0
340	4	0 1 1 1 0 1 0 1 0 0 0 0 0 0 0 0
340	7	0 1 1 1 0 1 1 0 1 1 1 0 0 0 0 0
340	1	0 1 1 1 0 0 0 0 1 1 0 1 0 0 0 0
340	10	1 1 1 1 0 1 0 0 0 0 1 1 0 0 1 0
340	4	0 1 1 1 1 0 0 0 0 1 0 1 0 0 0 0
340	19	1 1 1 1 1 1 0 0 0 1 0 1 0 0 0 0
340	6	1 0 1 1 0 1 0 1 1 1 1 0 0 0 0 0
340	6	1 1 1 1 1 0 0 0 0 1 0 1 0 0 0 0
340	12	1 1 1 0 0 0 0 0 0 0 0 0 0 0 0 0
340	2	0 1 0 1 1 0 0 0 0 0 1 0 0 0 0 0
340	29	1 1 1 0 0 1 0 0 0 0 0 0 0 0 0 0
340	1	1 1 1 0 0 0 0 0 0 0 1 0 0 0 0 0
340	3	0 1 1 1 0 1 0 0 0 0 1 1 0 0 0 0
340	20	1 1 0 1 0 1 0 1 1 1 1 0 0 0 0 0
340	17	1 1 1 1 0 1 0 0 0 1 1 0 0 0 0 0
340	3	0 1 1 0 0 1 1 0 1 0 0 1 0 0 0 0
340	16	1 1 1 1 0 1 0 1 1 0 1 0 0 0 0 0
340	21	1 1 0 1 0 1 0 1 0 0 0 1 0 0 0 0
340	7	1 1 1 1 0 1 0 0 0 1 0 1 0 1 0 1
340	61	1 1 1 1 0 1 0 0 1 0 1 1 0 0 0 0
340	13	1 1 1 1 0 1 0 0 0 1 0 0 1 0 0 0
340	31	1 1 1 1 0 1 0 0 0 0 0 0 0 0 0 0
340	7	1 1 1 0 0 0 0 1 0 0 0 1 0 0 0 0
340	11	1 1 0 1 0 1 0 1 0 1 0 1 0 0 0 0
340	7	1 1 1 1 0 1 0 1 0 1 1 0 0 0 0 0
340	17	1 1 1 0 0 1 0 0 0 1 0 1 0 0 0 0
340	18	1 1 1 1 1 0 0 1 0 1 0 1 0 0 0 0
340	14	1 1 1 1 0 1 0 0 0 0 0 1 0 0 0 0
340	16	1 1 1 1 0 1 1 1 0 0 0 0 0 0 0 0
340	13	1 1 1 1 0 1 0 0 1 0 0 1 0 0 0 0
340	9	1 1 1 1 0 1 0 1 0 0 0 0 0 0 1 0
340	16	1 1 1 1 0 0 0 1 0 0 0 0 0 0 0 0
340	2	1 1 1 1 0 1 1 1 0 1 0 1 0 0 0 0
340	3	1 1 1 1 0 1 0 0 1 0 1 1 0 0 1 0
340	26	1 0 1 1 0 1 0 1 1 0 0 0 0 0 0 0
340	1	0 1 1 1 0 1 0 0 0 1 0 1 0 0 0 0
340	3	1 1 1 1 0 0 0 0 0 1 0 1 0 0 0 0
340	18	1 1 0 1 1 1 0 1 0 0 0 1 0 0 0 0
340	15	1 0 1 1 0 1 0 1 0 0 0 1 0 0 0 0
340	1	1 1 1 1 0 1 1 0 0 1 0 1 1 0 1 0
340	15	0 1 1 1 0 1 0 1 1 1 1 0 0 0 0 0
340	6	0 0 1 1 0 1 0 1 1 1 1 0 0 0 0 0
340	1	1 1 1 1 0 0 0 1 0 0 0 0 1 0 0 0
340	2	1 1 1 1 0 1 0 0 0 1 0 1 0 1 0 0
340	8	1 1 1 1 0 0 0 1 0 0 0 0 0 0 1 0
340	1	1 1 1 1 0 1 0 0 1 0 1 1 0 0 0 1
340	6	1 1 0 1 1 0 0 0 0 0 1 0 0 0 0 0
340	18	1 1 1 1 1 0 1 0 0 1 0 1 0 0 0 0
340	7	1 1 1 1 0 0 0 1 1 0 1 0 0 0 0 0
340	1	1 1 0 1 0 0 1 1 0 0 0 1 0 0 0 0
340	9	1 1 0 1 0 1 0 1 0 0 0 1 1 0 0 0
340	9	1 1 0 1 0 1 1 1 1 1 1 0 0 0 0 0
340	6	1 1 0 1 0 1 0 0 0 1 1 0 0 0 0 0
340	13	1 1 1 1 0 1 1 1 0 0 1 0 0 0 0 0
340	1	1 1 0 1 0 1 0 1 1 0 0 0 0 0 0 0
340	4	1 0 1 0 0 1 0 1 1 1 1 0 0 0 0 0
340	2	1 1 1 1 0 1 0 0 0 0 0 1 1 0 0 0
340	12	1 1 1 1 0 1 1 1 0 1 0 0 0 0 0 0
340	3	1 1 1 1 0 1 1 1 0 0 0 1 0 0 0 0
340	1	1 1 1 1 0 1 0 1 1 0 0 0 0 0 0 0
340	5	1 1 0 0 0 1 0 1 0 0 0 1 0 0 0 0
340	1	1 1 1 0 0 0 0 1 0 0 0 0 0 0 0 0
340	3	0 1 1 1 0 1 0 0 1 0 1 0 0 0 0 0
340	2	1 1 1 1 0 0 0 0 0 0 1 1 0 0 0 0
340	7	1 1 1 1 0 1 0 1 1 1 1 1 0 0 0 0
340	1	1 0 1 1 0 1 0 0 0 0 1 1 0 0 0 0
340	5	1 1 1 1 0 1 0 1 0 0 1 1 0 0 0 0
340	5	1 1 1 1 0 1 0 0 0 1 0 0 0 0 0 1
340	1	1 1 1 1 0 1 0 0 1 1 1 1 0 0 0 0
340	6	1 1 1 1 0 0 0 1 0 0 0 1 0 0 0 0
340	1	1 0 1 1 0 1 0 1 1 0 0 0 0 1 0 0
340	2	1 1 1 1 1 0 1 0 0 1 1 1 0 0 0 0
340	3	1 1 1 1 0 1 0 0 0 1 0 1 0 0 1 0
340	6	1 1 0 1 0 1 0 0 0 1 0 1 0 0 0 0
340	4	1 1 1 1 1 0 0 0 1 1 0 1 0 0 0 0
340	2	0 1 1 1 0 1 1 1 0 0 0 0 0 0 0 0
340	1	1 1 1 0 0 1 0 0 0 0 1 1 0 0 0 0
340	5	1 0 1 1 0 1 0 1 1 0 1 0 0 0 0 0
340	2	1 1 1 1 0 0 0 0 0 0 0 1 1 0 0 0
340	2	1 1 1 1 0 1 0 1 0 1 0 0 0 0 0 0
340	2	1 0 1 1 0 0 0 0 0 0 1 0 0 0 0 0
340	1	1 1 1 1 0 1 0 1 0 0 1 0 0 0 0 0
340	1	1 1 1 0 0 1 0 0 0 1 0 1 0 0 1 0
340	1	1 1 1 0 0 1 0 0 0 0 0 1 0 0 0 0
340	1	1 1 1 0 0 0 0 1 0 0 0 0 0 0 1 0
340	1	1 1 1 1 0 1 0 0 0 0 1 1 0 0 0 1
340	1	1 1 1 1 0 0 0 0 1 0 1 1 0 0 0 0
340	1	0 1 1 0 0 1 0 0 0 1 0 1 0 0 0 0
340	2	1 1 1 1 0 1 0 1 0 0 0 1 0 0 0 0
340	2	1 0 1 1 0 1 1 1 1 0 0 0 0 0 0 0
340	1	1 0 1 1 1 1 0 0 0 0 1 1 0 0 0 0
340	1	1 1 1 1 1 0 0 0 1 1 0 1 0 1 0 0
360	26	1 1 1 1 0 1 0 0 0 0 1 1 0 0 0 0
360	48	1 1 1 1 0 1 0 1 0 0 0 0 0 0 0 0
360	31	1 1 1 1 0 1 0 1 1 1 1 0 0 0 0 0
360	41	1 1 1 1 0 1 0 0 0 1 0 1 0 0 0 0
360	12	0 1 1 1 1 0 0 0 0 0 0 1 0 0 0 0
360	45	1 1 1 1 1 1 0 0 0 1 0 1 0 0 0 0
360	2	1 1 1 0 0 0 0 0 0 0 0 0 0 0 0 0
360	34	1 1 1 0 0 1 0 0 0 0 0 0 0 0 0 0
360	24	1 1 1 1 0 1 0 0 0 1 1 0 0 0 0 0
360	1	1 1 1 1 0 1 0 1 1 0 1 0 0 0 0 0
360	52	1 1 1 1 0 1 0 0 1 0 1 1 0 0 0 0
360	51	1 1 1 1 0 1 0 0 0 0 0 0 0 0 0 0
360	11	1 1 0 1 0 1 0 1 0 1 0 1 0 0 0 0
360	3	1 1 1 1 1 0 0 1 0 1 0 1 0 0 0 0
360	46	1 1 1 1 0 1 0 0 0 0 0 1 0 0 0 0
360	5	1 1 1 1 0 1 1 1 0 0 0 0 0 0 0 0
360	34	1 1 1 1 0 1 0 0 1 0 0 1 0 0 0 0
360	6	1 1 1 1 0 1 0 1 0 0 0 0 0 0 1 0
360	10	1 1 1 1 0 1 0 0 1 0 1 1 0 0 1 0
360	5	1 0 1 1 0 1 0 1 1 0 0 0 0 0 0 0
360	2	0 1 1 1 0 1 0 0 0 1 0 1 0 0 0 0
360	16	1 1 0 1 1 1 0 1 0 0 0 1 0 0 0 0
360	14	1 0 1 1 0 1 0 1 0 0 0 1 0 0 0 0
360	10	1 1 1 1 0 1 1 0 0 1 0 1 1 0 1 0
360	3	0 1 1 1 0 1 0 1 1 1 1 0 0 0 0 0
360	106	1 1 1 1 1 0 1 0 0 1 0 1 0 0 0 0
360	2	1 1 1 1 0 0 0 1 1 0 1 0 0 0 0 0
360	21	1 1 0 1 0 1 0 0 0 1 1 0 0 0 0 0
360	22	1 1 1 1 0 1 0 0 0 1 0 0 0 0 0 1
360	17	1 0 1 1 0 1 0 1 1 0 1 0 0 0 0 0
360	21	1 1 1 1 0 0 0 0 1 0 1 1 0 0 0 0
360	12	1 1 1 1 0 1 0 1 0 0 0 1 0 0 0 0
360	30	1 1 1 1 0 1 0 0 1 1 1 0 0 0 0 0
360	2	0 1 1 1 0 1 0 0 0 0 0 1 0 0 0 0
360	14	0 1 1 1 0 1 1 1 0 0 0 0 1 0 0 0
360	6	1 1 1 1 0 1 0 0 0 1 1 1 0 0 0 0
360	1	1 1 1 1 0 0 0 0 0 0 1 1 0 0 0 0
360	1	1 1 1 1 0 1 0 0 0 1 0 1 0 0 0 1
360	6	1 1 1 1 0 1 0 0 0 0 0 0 0 0 0 1
360	12	1 1 1 1 1 1 0 0 0 0 0 1 0 0 0 0
360	4	0 1 1 1 0 1 0 1 0 0 0 0 0 0 0 0
360	7	1 1 1 1 0 1 0 1 0 1 0 1 0 0 0 0
360	7	0 1 1 1 0 1 0 1 1 0 0 1 0 0 1 0
360	6	0 1 1 1 1 0 0 0 0 0 0 1 0 0 1 0
360	2	1 0 1 1 0 0 0 0 1 0 1 1 0 0 0 0
360	5	1 1 1 1 1 0 0 0 1 1 0 1 0 0 0 0
360	2	0 1 1 1 0 1 0 0 0 1 1 1 0 0 1 0
360	1	1 0 1 1 0 1 0 0 0 1 1 0 0 0 0 0
360	3	1 1 1 1 0 1 0 0 0 0 1 1 0 0 0 1
360	6	1 1 1 1 0 1 0 1 1 1 0 0 0 0 0 0
360	10	1 0 1 1 0 1 0 0 0 1 0 1 0 0 0 0
360	2	1 0 1 1 0 1 0 1 0 0 1 0 0 0 0 0
360	1	1 1 1 1 0 1 0 0 0 1 0 0 0 0 0 0
360	1	1 1 1 1 0 1 0 1 0 1 0 0 0 0 0 0
360	1	1 1 1 0 0 1 0 0 0 0 1 0 0 0 0 0
360	2	0 1 1 1 0 1 0 0 0 0 1 1 0 0 0 0
360	4	1 1 1 1 0 0 0 0 1 0 0 0 0 0 0 0
360	7	1 1 1 1 0 0 0 0 0 1 0 1 0 0 0 0
360	4	0 1 1 1 1 0 0 0 0 1 0 1 0 1 0 0
360	2	1 1 0 1 1 1 0 0 0 1 0 1 0 0 0 0
360	11	1 0 1 1 1 0 0 1 0 1 0 1 0 0 0 0
360	9	1 0 1 1 1 0 1 0 0 1 0 1 0 0 0 0
360	1	1 1 1 1 1 1 0 0 0 1 0 0 0 0 0 1
360	2	1 0 1 1 0 1 0 1 1 0 1 0 0 0 0 1
360	3	1 1 1 1 0 1 0 0 0 1 1 1 0 0 1 0
360	2	0 1 1 1 0 1 0 0 0 1 1 0 0 0 0 0
360	2	1 1 1 0 0 1 0 0 0 1 0 0 0 0 0 0
360	5	1 1 0 1 1 0 0 1 0 0 0 1 0 0 0 0
360	1	0 1 1 1 0 1 0 1 1 1 1 1 0 0 0 0
360	5	1 1 1 1 1 1 1 0 0 1 0 1 0 0 0 0
360	5	1 1 1 1 0 1 0 0 0 0 1 0 0 0 0 0
360	3	1 1 1 1 0 1 0 1 0 0 0 0 0 0 0 1
360	1	1 1 1 1 1 1 0 0 0 1 0 1 0 0 1 0
360	2	0 1 1 0 1 0 0 0 0 1 0 1 0 1 0 0
360	9	1 1 1 1 0 1 0 0 1 1 0 1 0 0 0 0
360	1	1 1 1 1 1 0 1 0 0 0 1 0 0 0 0 0
360	1	1 0 1 1 0 1 0 0 0 0 1 1 0 0 0 0
360	5	1 1 1 1 0 0 0 1 0 0 0 0 0 0 0 0
360	2	1 1 1 1 0 1 1 1 1 1 1 0 0 0 0 0
360	1	0 1 1 1 0 1 0 0 0 0 0 0 0 0 0 0
360	4	1 1 0 1 0 0 0 0 1 0 1 1 0 0 0 0
360	1	1 1 0 1 1 1 1 0 0 1 0 1 0 0 0 0
360	2	1 1 1 0 0 1 0 0 0 1 1 0 0 0 0 0
360	4	1 1 0 1 0 1 0 0 0 1 0 1 0 0 0 0
360	3	1 0 1 1 0 1 0 0 0 1 0 0 0 0 0 1
360	1	0 1 1 0 1 0 0 0 0 0 0 0 0 0 0 0
360	3	1 1 1 0 0 1 0 0 1 0 0 0 0 0 0 0
360	1	1 1 1 1 0 0 0 0 0 1 1 0 0 0 0 0
360	4	1 1 1 0 0 1 0 0 1 0 1 1 0 0 0 0
360	2	1 1 1 1 0 1 0 0 1 0 1 1 1 0 0 0
360	2	1 1 0 1 1 1 0 1 0 0 0 1 0 0 1 0
360	1	1 0 1 1 0 1 0 1 0 0 0 0 0 0 0 0
360	3	1 1 0 1 1 0 1 0 0 1 0 1 0 0 0 0
360	5	0 1 1 1 0 1 1 1 0 0 0 0 0 0 0 0
360	2	0 1 1 1 0 1 1 1 0 0 1 0 1 0 0 0
360	2	1 1 0 1 0 1 0 1 0 0 0 0 0 0 0 0
360	1	1 1 0 1 0 1 0 1 0 0 0 1 0 0 0 0
360	1	1 1 0 1 1 1 0 1 0 0 1 1 0 0 0 0
360	3	0 1 1 1 0 1 0 0 1 1 1 0 0 0 0 0
360	1	1 1 1 1 0 1 0 1 0 0 0 1 0 0 0 1
360	1	0 1 1 1 0 1 0 0 0 0 0 0 0 0 1 0
380	13	1 1 1 1 0 1 0 0 0 0 1 1 0 0 0 0
380	10	1 1 1 1 0 1 0 1 0 0 0 0 0 0 0 0
380	16	1 1 1 1 0 1 0 1 1 1 1 0 0 0 0 0
380	55	1 1 1 1 0 1 0 0 0 1 0 1 0 0 0 0
380	8	0 1 1 1 1 0 0 0 0 0 0 1 0 0 0 0
380	50	1 1 1 1 1 1 0 0 0 1 0 1 0 0 0 0
380	4	1 1 1 0 0 0 0 0 0 0 0 0 0 0 0 0
380	16	1 1 1 0 0 1 0 0 0 0 0 0 0 0 0 0
380	61	1 1 1 1 0 1 0 0 1 0 1 1 0 0 0 0
380	11	1 1 1 1 0 1 0 0 0 0 0 0 0 0 0 0
380	12	1 1 1 1 1 0 0 1 0 1 0 1 0 0 0 0
380	3	1 1 1 1 0 1 0 0 0 0 0 1 0 0 0 0
380	74	1 1 1 1 0 1 0 0 1 0 0 1 0 0 0 0
380	15	1 1 1 1 0 1 0 0 1 0 1 1 0 0 1 0
380	33	1 1 1 1 0 1 1 0 0 1 0 1 1 0 1 0
380	121	1 1 1 1 1 0 1 0 0 1 0 1 0 0 0 0
380	6	1 1 0 1 0 1 0 0 0 1 1 0 0 0 0 0
380	23	1 1 1 1 0 1 0 0 0 1 0 0 0 0 0 1
380	13	1 0 1 1 0 1 0 1 1 0 1 0 0 0 0 0
380	25	1 1 1 1 0 0 0 0 1 0 1 1 0 0 0 0
380	4	1 1 1 1 0 1 0 1 0 0 0 1 0 0 0 0
380	36	1 1 1 1 0 1 0 0 1 1 1 0 0 0 0 0
380	5	0 1 1 1 0 1 1 1 0 0 0 0 1 0 0 0
380	19	1 1 1 1 1 1 0 0 0 0 0 1 0 0 0 0
380	30	1 1 1 1 0 1 0 1 0 1 0 1 0 0 0 0
380	7	0 1 1 1 0 1 0 1 1 0 0 1 0 0 1 0
380	2	0 1 1 1 1 0 0 0 0 0 0 1 0 0 1 0
380	4	1 1 1 1 0 1 0 0 0 1 0 0 0 0 0 0
380	2	1 1 1 1 0 0 0 0 1 0 0 0 0 0 0 0
380	5	1 1 1 1 0 0 0 0 0 1 0 1 0 0 0 0
380	8	1 0 1 1 1 0 1 0 0 1 0 1 0 0 0 0
380	13	1 1 1 1 0 1 0 0 0 0 1 0 0 0 0 0
380	5	1 1 1 1 0 1 0 0 1 1 0 1 0 0 0 0
380	3	1 1 1 1 1 0 1 0 0 0 1 0 0 0 0 0
380	3	1 1 1 1 0 0 0 1 0 0 0 0 0 0 0 0
380	12	0 1 1 1 0 1 1 1 0 0 1 0 1 0 0 0
380	1	1 1 1 1 0 1 0 1 0 0 1 0 0 0 0 0
380	4	1 1 1 0 0 1 0 0 0 0 0 0 1 0 0 0
380	2	1 1 1 1 1 1 0 1 0 1 0 1 0 0 0 0
380	1	1 0 1 1 0 1 0 0 0 1 0 1 0 0 0 1
380	9	0 1 1 1 0 1 0 1 1 0 0 1 0 1 1 0
380	1	1 1 1 1 0 1 0 1 0 1 0 0 0 0 0 1
380	7	1 1 0 1 0 1 0 0 0 0 0 0 0 0 0 0
380	4	1 1 1 1 1 0 1 0 0 1 0 1 0 0 0 1
380	8	1 1 1 1 1 1 0 0 0 1 0 0 0 0 0 1
380	5	1 1 1 1 0 0 0 0 0 1 0 0 0 0 0 1
380	6	1 1 1 1 1 0 1 0 0 1 0 0 0 0 0 0
380	9	1 1 1 1 0 0 1 0 0 1 0 1 0 0 0 0
380	5	1 1 1 1 0 1 0 1 1 0 0 1 0 0 0 0
380	1	1 1 0 1 0 1 1 0 0 1 0 1 1 0 0 0
380	4	1 1 1 1 0 1 0 1 1 1 1 1 0 0 0 0
380	6	1 1 1 1 1 0 1 0 0 1 0 1 0 1 0 0
380	1	1 1 1 0 0 1 0 0 0 1 0 0 0 0 0 1
380	1	1 0 1 0 0 1 0 1 1 0 1 0 0 0 0 0
380	2	1 1 1 1 1 1 0 1 0 0 0 1 0 0 0 0
380	18	1 1 1 1 0 1 0 1 1 0 0 1 0 0 1 0
380	6	1 1 1 1 0 1 0 0 1 1 1 0 0 0 1 0
380	1	0 1 1 1 0 1 0 0 0 0 0 0 1 0 0 0
380	3	1 1 1 1 1 1 0 0 0 1 1 0 0 0 0 0
380	4	0 1 1 0 0 1 0 0 0 0 0 0 0 0 0 0
380	2	1 1 0 1 0 1 0 0 1 1 1 0 0 0 0 0
380	3	0 1 1 1 0 1 1 0 0 0 0 0 1 0 0 0
380	3	1 1 1 1 0 1 1 0 0 0 1 0 0 0 0 0
380	15	1 1 1 1 1 1 1 0 0 1 0 1 0 0 0 0
380	5	1 1 1 0 0 1 0 0 1 0 0 1 0 0 0 0
380	7	1 1 1 1 0 0 0 1 0 1 0 0 0 0 0 1
380	1	1 0 1 0 1 0 0 0 0 1 0 1 0 0 0 0
380	7	1 1 1 0 0 1 0 0 1 0 1 1 0 0 0 0
380	1	1 1 1 1 0 1 0 0 1 0 1 0 0 0 1 0
380	6	1 1 0 1 0 1 0 0 1 0 1 1 0 0 1 0
380	1	1 1 1 0 0 0 0 0 1 0 0 0 0 0 0 0
380	3	1 1 1 1 0 1 0 0 0 1 1 1 0 0 0 0
380	5	1 1 1 1 0 1 0 0 0 1 1 0 0 0 0 1
380	1	1 1 1 1 1 0 0 0 0 1 0 0 0 0 0 1
380	2	1 1 0 1 0 1 1 0 0 1 0 1 1 1 0 0
380	3	1 0 1 0 0 1 0 0 0 0 0 0 0 0 0 0
380	3	1 1 1 0 0 1 0 0 0 0 1 1 0 0 0 0
380	9	0 1 1 1 0 1 0 1 1 1 1 0 0 0 0 0
380	4	0 1 1 1 1 0 1 0 0 1 0 1 0 0 0 0
380	5	0 1 1 1 0 1 0 0 0 0 1 0 0 0 0 0
380	3	1 1 1 1 0 0 0 0 1 1 1 1 1 0 0 0
380	4	1 1 1 1 1 1 0 0 0 0 0 0 0 0 0 0
380	4	1 1 1 1 0 1 0 0 0 0 1 1 0 0 1 0
380	3	1 1 1 1 0 1 0 0 0 0 1 1 0 1 0 0
380	1	1 0 1 1 0 1 0 0 0 0 1 1 0 0 0 0
380	2	1 1 1 1 1 1 0 1 0 0 0 0 0 0 0 0
380	9	0 1 1 1 0 0 0 0 1 0 1 1 0 0 0 0
380	3	1 1 1 1 0 1 1 1 0 1 0 1 0 0 0 0
380	1	1 1 1 1 0 0 1 0 0 1 0 1 0 0 0 1
380	1	0 1 1 0 1 1 0 0 0 0 0 0 0 0 0 0
380	3	1 1 1 1 0 1 0 1 0 0 0 1 0 0 1 0
380	2	0 1 1 1 0 0 1 0 0 1 0 1 0 0 0 0
380	3	1 0 1 1 1 1 0 0 0 1 0 1 0 0 0 0
380	4	1 1 1 0 1 1 0 0 0 1 0 1 0 0 0 0
380	2	1 1 1 0 0 1 0 0 0 0 1 0 0 0 0 0
380	2	1 1 0 1 0 1 0 0 1 0 1 1 0 0 0 0
380	1	1 1 0 1 0 1 0 0 1 0 0 1 0 0 0 0
380	1	1 0 1 1 0 1 0 0 1 0 1 1 0 0 1 0
380	1	1 1 1 1 0 1 0 1 0 0 0 1 0 0 0 1
380	1	1 1 1 1 0 0 0 0 1 0 1 0 0 0 0 0
380	3	1 1 1 1 0 0 1 0 0 0 0 1 0 0 0 0
380	3	1 1 1 1 1 0 1 0 1 0 0 1 0 0 0 0
380	1	1 0 1 1 0 1 0 0 0 1 0 1 0 0 0 0
380	2	1 1 1 1 1 1 0 0 1 0 0 1 0 0 0 0
380	1	1 1 1 0 0 1 0 0 0 1 0 0 0 0 0 0
380	1	1 1 1 1 0 1 0 0 0 0 0 0 0 1 0 0
380	2	0 1 1 1 0 1 0 0 1 0 0 1 0 0 0 0
380	2	1 1 1 0 0 1 1 0 0 1 0 1 1 0 1 0
380	2	1 1 1 1 0 1 1 0 1 1 1 0 0 0 0 0
380	1	1 1 1 1 0 0 0 0 0 1 1 1 0 0 0 0
380	1	0 1 1 1 1 0 0 0 0 1 0 1 0 0 0 0
380	2	1 0 1 1 1 0 1 0 0 1 0 1 0 1 0 0
380	2	0 1 1 1 0 1 1 0 0 0 1 0 1 0 0 0
380	1	1 1 1 1 1 0 1 0 0 1 0 1 0 0 1 1
380	1	1 1 1 1 0 1 0 1 1 0 0 1 0 0 0 1
380	2	1 1 1 0 0 1 0 1 1 0 0 1 0 0 1 0
400	7	1 1 1 1 0 1 0 1 0 0 0 0 0 0 0 0
400	22	1 1 1 1 0 1 0 1 1 1 1 0 0 0 0 0
400	115	1 1 1 1 0 1 0 0 0 1 0 1 0 0 0 0
400	24	1 1 1 1 1 1 0 0 0 1 0 1 0 0 0 0
400	22	1 1 1 0 0 1 0 0 0 0 0 0 0 0 0 0
400	28	1 1 1 1 0 1 0 0 1 0 1 1 0 0 0 0
400	3	1 1 1 1 0 1 0 0 0 0 0 0 0 0 0 0
400	51	1 1 1 1 1 0 0 1 0 1 0 1 0 0 0 0
400	35	1 1 1 1 0 1 0 0 1 0 0 1 0 0 0 0
400	7	1 1 1 1 0 1 0 0 1 0 1 1 0 0 1 0
400	17	1 1 1 1 0 1 1 0 0 1 0 1 1 0 1 0
400	73	1 1 1 1 1 0 1 0 0 1 0 1 0 0 0 0
400	40	1 1 0 1 0 1 0 0 0 1 1 0 0 0 0 0
400	17	1 1 1 1 0 1 0 0 0 1 0 0 0 0 0 1
400	28	1 0 1 1 0 1 0 1 1 0 1 0 0 0 0 0
400	34	1 1 1 1 0 0 0 0 1 0 1 1 0 0 0 0
400	12	1 1 1 1 0 1 0 1 0 0 0 1 0 0 0 0
400	10	1 1 1 1 0 1 0 0 1 1 1 0 0 0 0 0
400	4	0 1 1 1 0 1 1 1 0 0 0 0 1 0 0 0
400	31	1 1 1 1 1 1 0 0 0 0 0 1 0 0 0 0
400	20	1 1 1 1 0 1 0 1 0 1 0 1 0 0 0 0
400	11	1 1 1 1 0 1 0 0 0 1 0 0 0 0 0 0
400	11	1 1 1 1 0 1 0 0 1 1 0 1 0 0 0 0
400	21	1 1 1 1 1 1 0 1 0 1 0 1 0 0 0 0
400	10	1 1 1 1 1 0 1 0 0 1 0 1 0 0 0 1
400	20	1 1 1 1 1 1 0 0 0 1 0 0 0 0 0 1
400	7	1 1 1 1 0 0 0 0 0 1 0 0 0 0 0 1
400	14	1 1 1 1 0 0 1 0 0 1 0 1 0 0 0 0
400	1	1 1 1 1 1 0 1 0 0 1 0 1 0 1 0 0
400	4	1 1 1 1 0 1 0 1 1 0 0 1 0 0 1 0
400	7	1 1 1 1 0 1 0 0 1 1 1 0 0 0 1 0
400	18	1 1 1 1 1 1 1 0 0 1 0 1 0 0 0 0
400	8	1 1 1 0 0 1 0 0 1 0 0 1 0 0 0 0
400	12	1 0 1 0 1 0 0 0 0 1 0 1 0 0 0 0
400	3	1 1 1 0 0 1 0 0 1 0 1 1 0 0 0 0
400	9	1 1 0 1 0 1 0 0 1 0 1 1 0 0 1 0
400	7	1 1 1 1 0 1 0 0 0 1 1 1 0 0 0 0
400	15	0 1 1 1 0 1 0 1 1 1 1 0 0 0 0 0
400	11	1 1 1 1 0 1 0 1 0 0 0 1 0 0 1 0
400	21	1 0 1 1 0 1 0 0 0 1 0 1 0 0 0 0
400	10	1 1 1 1 0 1 0 1 1 1 0 1 0 0 0 0
400	11	1 1 1 1 1 0 1 0 0 1 0 1 1 0 0 0
400	2	1 1 1 1 1 1 0 0 1 0 1 1 0 0 0 0
400	12	1 1 1 1 0 1 1 0 0 1 1 0 0 0 0 0
400	1	1 1 1 0 0 1 0 0 0 1 1 0 0 0 0 1
400	10	1 1 1 1 1 0 0 0 0 1 0 1 0 0 0 0
400	3	1 0 1 1 1 0 1 1 0 1 0 1 0 0 0 0
400	1	1 1 1 1 1 1 0 0 0 1 1 1 0 0 0 0
400	1	0 1 1 1 0 1 1 1 0 1 0 1 0 0 0 0
400	3	1 1 1 0 0 1 0 0 0 1 0 1 0 0 0 0
400	5	1 0 1 1 0 0 0 0 1 0 1 1 0 0 0 0
400	4	1 1 1 1 1 0 0 0 0 1 1 0 0 0 0 1
400	6	1 1 1 1 0 1 0 0 0 1 0 1 0 0 1 0
400	4	1 1 1 1 1 0 1 0 0 1 0 0 0 0 0 0
400	3	1 1 0 1 1 1 0 0 0 0 0 1 0 0 0 0
400	14	1 1 1 0 0 1 0 0 1 0 0 0 0 0 0 0
400	2	1 1 1 1 0 0 0 0 1 1 1 1 0 0 0 0
400	3	1 1 1 1 1 0 1 0 0 1 0 0 1 0 0 1
400	3	1 1 1 1 1 1 0 0 0 1 0 0 0 0 0 0
400	4	0 1 1 1 0 1 0 0 1 0 1 1 0 0 0 0
400	4	1 1 1 0 1 0 1 0 0 1 0 1 0 0 0 1
400	1	1 1 1 1 1 1 0 0 0 0 1 1 0 1 0 0
400	2	1 1 1 1 0 1 1 0 0 1 0 1 0 0 0 0
400	4	1 1 1 0 0 1 0 0 0 0 0 0 0 1 0 0
400	3	1 0 1 1 0 1 0 0 0 1 1 1 0 0 0 0
400	1	0 1 1 1 0 0 1 1 0 1 0 1 0 0 0 0
400	2	1 0 1 1 0 1 0 1 1 0 0 1 0 0 1 0
400	2	1 1 1 1 0 0 0 0 1 0 1 1 1 0 0 0
400	2	1 1 1 0 0 0 0 0 0 1 0 0 0 0 0 1
400	1	1 1 1 1 1 1 0 0 0 1 0 0 0 1 0 1
400	5	0 1 1 0 0 1 1 1 0 1 0 1 0 0 0 0
400	4	1 0 1 1 1 1 0 0 0 0 0 1 0 0 0 0
400	7	1 1 1 1 1 0 0 1 0 1 0 1 0 1 0 0
400	3	1 1 1 0 0 1 0 0 1 0 1 0 0 0 0 0
400	1	1 0 1 1 0 1 0 0 0 0 0 0 0 0 0 0
400	2	0 1 1 1 1 1 1 1 0 0 0 0 1 0 0 0
400	3	1 1 1 0 1 1 0 1 0 1 0 1 0 0 0 0
400	6	1 0 1 1 1 1 0 1 0 1 0 1 0 0 0 0
400	3	1 1 1 1 0 0 0 0 0 1 0 0 1 0 0 1
400	3	1 1 1 1 1 1 1 0 0 0 0 1 0 0 0 0
400	3	1 1 1 1 0 1 0 0 0 0 0 1 0 0 0 0
400	1	1 1 1 1 0 1 0 0 1 0 1 1 0 0 0 1
400	2	1 1 1 1 0 1 0 0 1 0 1 0 0 0 1 0
400	3	0 0 1 1 0 1 0 0 0 1 0 1 0 0 0 0
400	1	1 1 1 0 1 0 0 0 1 1 0 1 0 0 0 0
400	1	1 1 1 1 1 0 1 0 0 1 0 0 0 0 0 1
400	1	1 1 1 0 0 1 0 0 0 0 0 1 0 0 0 0
400	3	1 1 1 1 1 1 0 1 1 0 1 0 0 0 0 0
400	1	1 1 1 0 0 1 0 0 1 1 1 0 0 0 0 1
400	1	1 1 1 0 1 1 0 1 0 1 0 1 1 0 1 0
400	1	1 1 1 0 0 1 1 0 0 0 0 0 0 0 0 0
400	2	1 1 1 1 1 0 1 0 0 1 0 1 0 0 1 0
400	2	1 1 0 1 1 1 0 0 0 1 1 0 0 0 0 0
400	1	1 1 0 0 0 1 0 0 0 1 1 0 0 0 0 0
400	1	1 1 1 1 1 1 0 0 0 0 0 0 0 0 0 0
400	3	1 1 0 0 0 1 0 0 1 0 0 0 0 0 0 0
400	2	1 1 1 0 0 1 0 1 1 0 0 0 0 0 0 0
