0	250	0 0 0 0 0 0 0 1 0 1 0 0 0 0 0 1
0	250	0 0 1 0 1 0 0 0 1 0 1 0 1 0 0 0
0	250	0 1 0 0 0 0 1 0 1 0 0 0 1 0 0 1
0	250	1 0 0 1 0 0 0 1 0 0 0 1 0 0 0 0
8	206	0 0 0 0 0 0 0 1 0 1 0 0 0 0 0 1
8	251	0 0 1 0 1 0 0 0 1 0 1 0 1 0 0 0
8	216	0 1 0 0 0 0 1 0 1 0 0 0 1 0 0 1
8	187	1 0 0 1 0 0 0 1 0 0 0 1 0 0 0 0
8	2	1 0 0 1 0 0 0 1 0 1 0 0 0 0 0 1
8	7	1 0 0 0 0 0 0 1 0 1 0 0 0 0 0 1
8	10	0 0 1 0 1 0 0 0 1 0 1 0 0 0 0 0
8	8	1 1 0 1 0 0 0 1 0 0 0 1 0 0 0 0
8	3	0 0 1 0 1 0 0 0 1 0 1 0 1 0 0 1
8	4	0 0 0 1 0 0 0 1 0 1 0 0 0 0 0 1
8	4	0 1 0 0 0 0 1 0 0 0 0 0 1 0 0 1
8	2	1 0 0 1 1 0 0 1 0 0 0 1 0 0 0 0
8	2	0 0 1 0 1 0 1 0 1 0 1 0 1 0 0 0
8	12	0 0 0 1 0 0 0 1 0 0 0 1 0 0 0 0
8	11	0 0 0 0 0 0 0 1 0 1 0 0 0 0 0 0
8	3	0 0 1 0 0 0 1 0 1 0 0 0 1 0 0 1
8	4	0 0 1 0 1 0 0 0 1 1 0 0 0 0 0 1
8	4	0 0 0 0 0 0 0 1 0 1 0 0 0 0 1 1
8	2	0 0 0 0 0 0 0 1 0 1 0 0 1 0 0 1
8	2	0 0 0 0 0 0 1 0 1 0 0 0 1 0 0 1
8	1	1 0 0 0 0 0 0 1 0 0 0 1 0 0 0 0
8	3	1 0 0 1 0 0 0 1 0 0 0 1 1 0 0 0
8	4	0 1 0 0 0 0 0 1 0 1 0 0 0 0 0 1
8	9	0 0 1 0 1 1 0 0 1 0 1 0 1 0 0 0
8	1	0 1 0 0 0 0 1 0 1 1 0 0 1 0 0 1
8	1	1 0 0 1 0 0 0 1 0 0 0 0 1 0 0 1
8	3	1 0 0 1 0 0 0 1 0 0 0 1 0 0 0 1
8	3	0 0 0 0 0 0 0 1 0 1 1 0 0 0 0 1
8	3	0 0 1 1 1 0 0 0 1 0 1 0 1 0 0 0
8	1	0 1 0 1 0 0 1 0 1 0 0 0 1 0 0 1
8	3	1 0 0 1 0 0 0 1 1 0 0 1 0 0 0 0
8	3	0 0 0 0 1 0 0 0 1 0 1 0 1 0 0 0
8	4	0 0 1 0 1 0 0 0 1 0 0 0 1 0 0 1
8	1	0 1 0 0 0 0 1 0 1 0 0 0 1 0 0 0
8	4	0 0 1 0 1 0 0 0 1 0 0 0 1 0 0 0
8	3	0 1 0 0 0 0 1 0 1 0 0 0 1 1 0 1
8	2	0 1 0 0 0 0 1 0 1 0 0 0 1 0 1 1
8	1	0 1 0 0 0 0 1 0 1 0 0 1 1 0 0 1
8	3	0 1 0 0 0 0 0 0 1 0 0 0 1 0 0 1
8	1	0 0 0 0 0 0 0 1 0 0 0 0 1 0 0 1
8	1	0 0 0 0 0 0 0 1 0 1 1 0 1 0 0 0
8	1	0 1 0 0 0 0 1 0 0 1 0 0 0 0 0 1
8	1	0 1 0 0 1 0 0 0 1 0 1 0 1 0 0 0
8	1	0 0 1 0 1 0 1 0 1 0 0 0 1 0 0 1
8	1	0 0 0 0 0 0 1 1 0 1 0 0 0 0 0 1
8	1	0 0 1 0 1 0 1 0 1 0 1 1 1 0 0 0
45	78	0 0 0 0 0 0 0 1 0 1 0 0 0 0 0 1
45	215	0 0 1 0 1 0 0 0 1 0 1 0 1 0 0 0
45	27	0 1 0 0 0 0 1 0 1 0 0 0 1 0 0 1
45	36	1 0 0 1 0 0 0 1 0 0 0 1 0 0 0 0
45	24	0 0 1 0 1 0 0 0 1 0 1 0 0 0 0 0
45	34	1 1 0 1 0 0 0 1 0 0 0 1 0 0 0 0
45	6	0 0 0 1 0 0 0 1 0 0 0 1 0 0 0 0
45	4	0 0 1 0 0 0 1 0 1 0 0 0 1 0 0 1
45	20	0 0 1 0 1 1 0 0 1 0 1 0 1 0 0 0
45	15	0 0 1 0 1 0 1 0 1 0 0 0 1 0 0 1
45	21	0 0 0 0 0 0 1 1 0 1 0 0 0 0 0 1
45	9	1 0 0 1 0 0 0 0 1 0 1 0 1 0 0 0
45	17	0 0 1 0 1 0 0 1 0 1 0 0 0 0 0 1
45	1	0 0 0 0 0 0 0 1 1 0 0 0 1 0 0 1
45	21	0 0 1 1 1 0 0 0 1 0 1 0 1 0 0 0
45	9	0 0 1 1 1 0 0 0 1 0 1 0 1 0 0 1
45	4	0 1 0 0 0 0 1 0 1 0 0 0 1 0 0 0
45	6	0 0 1 0 1 1 0 0 1 1 1 0 1 0 0 0
45	20	0 0 1 0 1 0 0 0 0 0 0 1 0 0 0 0
45	24	1 1 0 0 0 0 1 0 1 0 0 0 1 0 0 1
45	9	1 0 0 0 0 0 0 1 0 1 0 0 0 0 0 1
45	19	0 1 0 0 0 0 0 0 0 0 0 0 1 0 0 1
45	24	1 0 1 0 1 0 0 0 1 0 1 0 0 0 0 0
45	2	0 0 1 0 1 0 0 1 0 0 0 0 1 0 0 0
45	31	0 1 1 0 1 0 0 0 1 0 1 0 1 0 0 0
45	4	0 0 0 0 0 0 0 1 1 1 0 0 1 0 0 0
45	13	0 0 0 0 0 0 0 1 1 1 0 0 0 0 0 1
45	2	0 0 1 0 1 1 1 0 1 0 1 0 1 0 0 0
45	2	0 0 1 0 0 0 0 1 0 1 0 0 0 0 0 1
45	14	0 0 1 0 1 0 1 0 1 0 1 0 1 0 0 0
45	18	1 0 1 1 1 0 0 0 0 0 1 0 1 0 0 0
45	12	0 0 1 0 1 0 0 0 0 0 1 0 1 0 0 0
45	2	0 0 1 0 1 1 0 0 1 0 0 1 0 0 0 0
45	5	0 0 1 0 1 0 0 0 1 0 0 0 1 1 0 0
45	16	1 0 1 0 0 0 0 1 0 1 0 0 0 0 0 1
45	1	0 0 0 0 1 0 0 0 1 0 1 0 1 0 0 0
45	23	0 0 1 0 1 0 0 0 1 0 1 0 1 0 0 1
45	14	0 1 0 0 0 0 1 0 1 1 0 0 0 0 0 1
45	4	0 1 0 0 0 0 0 1 0 1 0 0 0 0 0 1
45	11	1 1 0 1 0 0 0 0 1 0 1 0 1 0 0 0
45	4	0 0 0 0 0 0 1 1 0 1 0 0 1 0 0 1
45	3	0 0 1 0 1 0 0 0 1 0 1 0 1 0 1 0
45	4	0 0 1 0 1 0 0 1 1 0 1 0 1 0 0 0
45	5	0 1 1 0 1 0 0 0 1 0 1 0 1 0 0 1
45	1	0 0 1 1 1 0 0 0 1 0 1 1 0 0 0 0
45	2	1 0 0 0 0 0 0 1 1 1 0 0 0 0 0 1
45	5	0 1 1 0 1 0 0 1 1 0 1 0 1 0 0 0
45	3	0 1 1 0 1 0 0 1 0 0 1 0 1 0 0 0
45	4	0 0 0 0 0 0 1 1 0 1 0 0 0 0 0 0
45	1	1 0 0 1 1 0 0 0 1 0 1 0 1 0 0 0
45	10	0 0 0 0 0 0 0 1 1 1 0 0 1 0 0 1
45	18	0 1 0 0 0 1 1 0 1 0 0 0 1 0 0 1
45	8	0 0 0 1 0 0 0 1 0 0 0 1 0 0 0 1
45	3	0 0 1 0 0 0 0 1 0 0 0 1 0 0 0 0
45	8	1 0 1 0 1 0 0 0 1 0 1 0 1 0 0 0
45	9	1 0 1 1 1 0 0 0 0 0 1 0 0 0 0 0
45	1	0 0 1 0 1 0 0 0 0 0 1 0 1 0 0 1
45	1	0 0 1 0 1 1 0 0 1 1 1 0 0 0 0 1
45	3	1 0 1 1 1 0 0 1 1 0 0 0 1 0 0 1
45	2	1 0 0 1 0 0 0 1 0 0 0 1 0 0 1 0
45	6	0 1 1 1 1 0 0 1 0 0 1 0 1 0 0 0
45	2	1 1 0 1 0 0 0 1 0 0 0 1 1 0 0 1
45	2	1 0 0 1 0 0 0 1 0 1 0 0 0 0 0 1
45	1	0 0 0 0 0 0 0 0 1 0 1 0 1 0 0 0
45	3	0 1 1 0 0 0 1 0 1 0 0 0 0 0 0 1
45	1	0 0 1 0 1 0 0 1 0 1 0 0 1 0 0 1
45	2	0 0 1 0 1 0 0 0 1 0 0 0 1 0 0 0
45	2	0 1 0 0 0 0 1 0 1 0 0 0 1 1 0 1
45	1	0 1 0 0 0 0 0 0 1 0 0 0 1 0 0 1
45	2	0 0 0 0 0 0 0 1 1 1 1 0 0 0 0 1
45	1	0 0 0 0 0 0 0 1 0 1 0 0 1 0 0 1
45	3	0 0 1 0 0 0 1 1 0 1 0 0 0 0 0 1
45	3	0 0 0 0 0 0 0 0 0 1 0 0 0 0 0 1
45	4	0 0 1 0 1 0 0 1 0 0 0 1 0 0 0 0
45	4	1 1 0 0 0 0 1 0 1 0 0 0 1 1 0 1
45	6	0 0 1 0 1 0 0 1 1 0 1 0 1 0 1 0
45	6	1 1 0 1 0 0 0 1 0 1 0 1 1 0 0 1
45	1	0 0 1 0 1 0 0 0 1 0 0 1 0 0 0 0
45	1	1 0 0 0 0 0 0 1 0 1 0 1 0 0 0 0
45	3	0 0 0 0 0 0 0 1 0 0 0 1 0 0 0 0
45	4	1 0 0 1 1 0 0 0 0 0 0 1 0 0 0 0
45	3	1 0 0 1 0 0 0 1 0 0 0 1 0 0 0 1
45	2	0 1 1 0 1 1 0 0 1 0 1 0 1 0 0 0
45	3	0 0 1 0 1 0 0 1 0 0 0 0 1 0 1 0
45	3	0 0 1 1 1 0 0 0 1 0 1 1 1 0 0 0
45	4	0 1 0 0 0 1 1 0 1 0 0 1 1 0 0 1
45	2	1 0 1 1 1 0 0 1 1 0 0 0 0 0 0 1
45	2	0 0 0 0 0 0 0 1 0 1 0 0 0 1 0 1
45	2	0 0 1 0 0 0 0 0 1 0 1 0 1 0 0 0
45	1	1 0 0 1 0 0 0 0 0 0 0 1 0 0 0 0
45	3	0 0 1 0 1 0 0 0 1 0 0 0 0 0 0 0
45	1	1 0 0 1 0 1 0 0 1 0 1 0 1 0 0 0
45	1	1 1 0 0 0 0 1 0 0 0 0 0 1 0 0 1
45	1	0 1 0 0 0 0 1 0 1 0 0 0 0 0 0 1
45	2	1 0 1 1 1 1 0 0 0 0 1 0 0 0 0 0
85	5	0 0 0 0 0 0 0 1 0 1 0 0 0 0 0 1
85	136	0 0 1 0 1 0 0 0 1 0 1 0 1 0 0 0
85	13	0 0 1 0 1 0 0 0 1 0 1 0 0 0 0 0
85	26	0 0 1 0 1 1 0 0 1 0 1 0 1 0 0 0
85	4	0 0 1 0 1 0 0 1 0 1 0 0 0 0 0 1
85	13	0 0 1 1 1 0 0 0 1 0 1 0 1 0 0 0
85	17	0 0 1 0 1 1 0 0 1 1 1 0 1 0 0 0
85	60	1 0 1 0 1 0 0 0 1 0 1 0 0 0 0 0
85	14	0 0 1 0 1 0 1 0 1 0 1 0 1 0 0 0
85	27	0 0 1 0 1 0 0 0 0 0 1 0 1 0 0 0
85	44	0 0 1 0 1 1 0 0 1 0 0 1 0 0 0 0
85	3	1 0 1 0 0 0 0 1 0 1 0 0 0 0 0 1
85	4	0 0 1 0 1 0 0 1 1 0 1 0 1 0 0 0
85	9	0 1 0 0 0 1 1 0 1 0 0 0 1 0 0 1
85	4	1 0 1 1 1 0 0 0 0 0 1 0 0 0 0 0
85	1	0 1 1 0 0 0 1 0 1 0 0 0 0 0 0 1
85	42	1 0 0 1 0 0 0 1 0 0 0 1 0 0 0 1
85	17	1 1 1 0 1 0 0 0 1 0 1 0 1 0 0 0
85	9	0 0 1 1 0 0 0 0 1 0 1 0 1 0 0 0
85	33	1 0 1 1 1 0 1 0 0 0 1 0 0 0 0 0
85	2	1 0 1 1 1 0 0 0 0 0 1 0 1 0 1 0
85	20	1 1 0 1 0 1 0 1 0 0 0 1 1 0 0 1
85	5	0 0 1 0 1 0 0 1 1 0 0 0 0 0 0 1
85	6	0 0 1 1 1 0 0 0 1 1 1 1 1 0 0 0
85	10	1 0 0 1 1 0 0 0 1 0 1 0 1 0 0 0
85	9	0 0 1 0 1 1 0 0 1 1 1 0 0 0 0 0
85	21	1 0 1 0 0 0 0 1 0 1 0 1 0 0 0 1
85	10	0 0 1 1 1 1 0 0 1 0 0 1 0 0 0 0
85	2	0 0 1 0 1 0 0 0 1 0 1 0 0 0 0 1
85	11	0 0 1 0 1 0 0 1 1 0 0 1 0 0 0 0
85	12	0 0 1 0 1 0 0 0 1 0 1 0 1 1 0 0
85	3	0 0 1 0 1 0 0 0 1 0 1 0 1 1 1 0
85	6	0 0 1 0 1 0 1 0 1 1 0 0 0 0 0 1
85	20	0 0 1 0 1 0 0 0 1 1 1 0 1 0 0 0
85	5	1 1 1 0 0 0 0 1 0 1 0 0 0 0 0 1
85	5	0 1 1 0 0 0 1 0 1 1 0 0 0 0 0 1
85	1	1 1 0 1 0 0 0 1 0 0 0 1 0 1 0 0
85	4	0 0 1 1 0 0 0 1 0 1 0 0 0 0 0 1
85	37	0 1 1 0 1 0 0 1 1 0 1 0 1 0 0 0
85	19	1 0 1 0 1 0 0 0 1 0 1 0 1 0 0 0
85	10	0 0 1 0 1 0 0 0 1 0 0 0 0 0 0 1
85	16	0 0 1 0 1 0 0 0 1 0 0 1 0 0 0 0
85	16	1 0 1 1 1 0 0 0 0 0 1 0 1 0 0 1
85	2	0 0 1 0 1 1 0 0 1 0 0 1 0 0 0 1
85	6	0 1 1 0 0 0 1 1 1 0 1 0 1 0 0 0
85	8	0 0 1 1 1 0 0 0 0 0 1 0 1 0 0 0
85	16	0 0 1 0 1 0 1 1 1 0 1 0 1 0 0 0
85	8	0 1 0 0 1 1 1 1 0 0 0 1 0 0 0 1
85	11	1 0 0 1 0 1 0 1 0 1 0 0 0 0 0 1
85	9	1 0 1 1 1 0 1 0 0 0 1 0 1 0 0 0
85	6	1 0 1 0 0 0 0 0 1 0 1 0 0 0 0 0
85	1	1 0 0 1 1 0 0 1 0 1 0 0 0 0 0 1
85	9	0 0 1 0 1 0 0 0 1 1 1 0 0 0 0 0
85	3	0 1 0 0 0 0 1 0 1 0 1 0 0 0 0 1
85	9	0 0 0 1 1 0 0 1 0 1 0 0 0 0 0 1
85	5	1 0 1 0 1 0 0 0 1 0 0 1 0 0 1 0
85	25	1 0 1 0 1 0 0 0 1 0 1 1 0 0 0 0
85	2	0 0 1 0 0 1 1 0 1 0 0 0 1 0 0 1
85	16	0 1 1 1 1 0 0 0 1 0 1 0 1 0 0 0
85	4	1 0 0 1 1 0 0 0 1 0 1 0 1 0 0 1
85	2	0 1 0 0 0 1 1 0 1 0 0 0 1 1 0 1
85	3	1 0 1 0 1 0 0 0 0 0 1 0 1 0 0 0
85	1	0 0 1 0 1 0 0 1 1 0 1 0 1 0 1 0
85	2	0 0 1 1 1 0 0 0 0 1 1 1 1 0 0 0
85	1	0 1 1 0 1 0 0 0 1 1 0 0 0 0 0 1
85	7	0 0 1 0 1 0 0 1 1 0 1 0 0 0 0 0
85	5	1 1 1 0 1 0 0 0 1 0 1 1 1 0 0 0
85	2	1 0 0 1 1 0 0 0 1 0 1 0 1 1 0 0
85	6	0 0 1 0 1 0 0 0 1 0 1 0 1 0 0 1
85	1	0 0 1 0 1 0 0 0 0 0 1 0 1 1 0 0
85	1	0 0 1 1 0 1 0 0 1 0 1 0 1 0 0 0
85	3	0 0 1 1 1 0 0 0 1 0 1 0 0 0 0 1
85	5	0 1 0 0 1 1 1 0 0 0 0 1 0 0 0 1
85	5	1 0 1 1 0 0 0 0 0 0 1 0 1 1 1 0
85	1	0 0 1 0 1 0 1 0 0 0 1 0 1 0 0 0
85	3	1 1 1 1 1 0 0 0 1 0 1 0 1 0 0 0
85	1	1 0 1 0 1 0 1 0 0 0 1 0 0 0 0 0
85	3	0 1 0 0 0 1 1 0 1 0 0 0 1 0 0 0
85	4	0 0 1 1 0 0 0 0 1 0 0 0 1 1 0 1
85	2	1 0 1 1 1 0 0 0 1 1 1 0 1 0 0 0
85	16	0 0 1 1 1 0 0 0 1 0 1 0 1 0 1 0
85	5	0 0 0 0 1 1 0 0 1 0 0 1 0 0 0 0
85	10	0 1 1 0 1 0 0 1 1 0 1 0 0 0 0 0
85	3	0 0 1 0 1 0 1 1 1 0 0 1 0 0 0 0
85	1	1 0 0 1 0 1 0 1 0 1 1 0 1 0 0 0
85	2	0 0 1 0 1 0 0 0 1 0 1 0 1 1 1 1
85	1	0 0 1 0 1 0 0 0 0 1 1 0 0 0 0 0
85	2	0 1 0 0 0 0 1 0 1 0 1 1 0 0 0 1
85	1	0 0 1 0 1 0 0 0 1 0 1 0 1 1 0 1
85	4	1 0 1 0 1 0 1 0 1 1 0 0 0 0 0 1
85	1	0 0 1 0 1 1 0 0 1 0 0 0 1 0 0 1
85	2	1 0 1 0 1 0 0 1 1 0 1 0 1 0 0 0
85	2	1 0 1 0 1 0 0 0 1 0 1 0 0 1 0 0
85	1	1 0 1 0 1 0 0 0 1 0 1 0 0 0 0 1
85	2	0 1 1 0 1 1 0 0 1 0 0 1 0 0 0 0
85	2	1 0 1 0 0 0 0 1 0 1 1 0 0 0 0 1
85	1	0 0 1 0 0 0 0 1 1 0 1 0 1 0 0 0
85	3	1 0 0 1 0 0 0 1 0 0 0 1 0 1 0 1
85	1	1 0 0 1 0 0 1 1 0 0 0 1 0 0 0 1
85	1	1 0 1 0 0 1 0 0 1 0 1 0 0 0 0 0
85	1	0 0 1 0 0 1 1 0 1 0 0 0 0 0 0 1
85	1	0 0 0 0 1 1 0 0 1 0 0 0 0 0 0 0
85	1	0 0 1 0 1 0 0 0 0 0 1 0 0 0 0 1
85	2	0 1 1 0 0 0 1 0 1 1 0 1 0 0 0 0
85	1	0 0 1 0 1 1 0 0 1 1 1 0 1 0 0 1
85	2	1 0 1 0 0 0 0 1 0 1 0 1 1 0 0 1
85	1	1 0 0 1 1 0 0 0 1 0 0 0 1 0 0 1
85	1	1 0 0 1 0 0 1 1 0 0 0 1 0 0 0 0
154	22	0 0 1 0 1 0 0 0 1 0 1 0 0 0 0 0
154	60	1 0 1 0 1 0 0 0 1 0 1 0 0 0 0 0
154	8	0 0 1 0 1 0 0 0 0 0 1 0 1 0 0 0
154	1	0 0 1 0 1 1 0 0 1 0 0 1 0 0 0 0
154	78	1 0 0 1 0 0 0 1 0 0 0 1 0 0 0 1
154	20	1 0 1 1 1 0 1 0 0 0 1 0 0 0 0 0
154	44	1 1 0 1 0 1 0 1 0 0 0 1 1 0 0 1
154	25	0 0 1 0 1 1 0 0 1 1 1 0 0 0 0 0
154	23	0 0 1 1 1 0 0 0 0 0 1 0 1 0 0 0
154	8	0 0 1 0 1 0 1 1 1 0 1 0 1 0 0 0
154	29	1 0 1 0 1 0 0 0 0 0 1 0 1 0 0 0
154	41	0 0 1 1 1 1 0 0 1 0 0 1 1 0 0 0
154	10	0 0 1 0 1 0 0 1 1 0 0 1 0 0 1 0
154	27	1 0 1 0 1 0 0 0 1 1 1 0 0 0 0 0
154	2	1 0 1 0 0 0 0 1 1 1 0 0 1 0 0 0
154	34	1 0 0 1 0 0 0 1 0 0 0 0 0 0 0 0
154	13	0 0 1 1 1 0 0 1 1 0 0 1 0 1 0 0
154	10	1 0 1 0 1 0 0 0 1 0 1 0 1 1 1 0
154	2	1 1 1 0 1 0 0 0 1 0 1 0 0 0 0 0
154	27	0 1 1 0 1 0 0 1 1 0 1 1 0 0 0 0
154	3	1 0 1 1 0 0 0 0 0 0 0 1 1 0 0 1
154	5	1 1 0 1 0 0 0 1 0 0 0 1 1 0 0 1
154	16	1 0 0 1 0 0 0 1 0 0 0 1 0 0 0 0
154	57	1 1 1 0 1 0 0 1 1 0 1 1 0 0 0 0
154	1	0 0 1 0 1 1 0 0 1 1 1 0 0 0 1 0
154	19	0 0 1 0 1 0 1 1 1 0 0 1 0 0 1 0
154	3	0 1 1 0 0 0 0 1 1 0 0 0 0 0 0 0
154	1	0 0 1 0 1 1 0 0 1 0 0 0 0 0 0 0
154	4	1 0 1 0 1 0 0 1 1 0 1 0 1 1 1 0
154	3	0 0 1 0 1 0 0 0 1 1 1 0 0 0 0 0
154	26	1 0 1 1 0 0 0 0 0 0 0 1 1 0 0 0
154	15	1 0 1 0 0 0 0 0 1 1 1 0 0 0 0 0
154	9	0 1 1 0 1 1 0 0 1 1 1 0 0 0 0 0
154	15	1 0 0 0 1 0 0 0 1 1 1 0 0 0 0 0
154	1	1 0 1 0 1 0 0 0 1 0 1 0 0 0 0 1
154	7	1 0 1 1 1 0 0 0 1 0 1 0 1 0 0 0
154	25	1 0 1 0 1 1 1 0 1 0 0 0 0 0 0 0
154	11	1 0 0 1 0 0 0 1 0 0 1 1 0 0 0 1
154	5	0 1 0 0 1 0 0 1 1 0 1 1 0 0 0 0
154	3	0 0 1 1 1 0 0 1 1 0 1 1 0 0 1 0
154	6	0 0 1 1 1 0 0 0 1 0 1 0 0 0 0 0
154	4	0 1 1 0 1 0 0 0 1 1 1 0 0 0 0 0
154	13	0 0 0 0 1 0 1 1 1 0 1 1 1 0 0 0
154	4	1 0 0 1 0 0 0 1 0 0 0 0 1 0 0 0
154	7	1 0 0 1 1 0 0 1 0 0 0 1 0 0 0 1
154	1	1 0 1 0 1 0 1 0 1 0 0 0 0 0 0 1
154	1	1 1 1 0 1 0 0 0 1 0 1 0 0 0 0 1
154	3	1 0 1 1 0 0 0 0 0 0 0 1 0 0 0 1
154	8	0 0 1 0 1 0 1 1 1 0 0 0 0 0 0 0
154	7	0 0 0 1 1 1 0 0 1 0 0 1 1 0 0 0
154	2	1 1 1 1 1 0 0 1 1 0 1 1 0 0 0 0
154	4	1 0 0 0 1 1 1 0 1 0 0 0 0 0 0 0
154	15	1 0 0 1 0 1 0 0 1 1 1 0 0 0 0 0
154	2	0 0 0 0 1 0 1 0 1 0 1 0 1 0 1 0
154	3	1 1 1 0 1 0 1 0 1 0 0 0 0 0 0 1
154	3	1 0 0 1 0 0 0 1 0 0 0 1 0 1 1 0
154	4	1 1 1 0 1 0 0 0 0 0 1 0 0 0 0 0
154	4	1 1 1 0 0 0 0 0 1 0 1 0 1 0 0 1
154	2	0 0 0 0 0 0 0 1 0 0 0 1 1 0 0 1
154	2	1 1 1 0 0 0 0 0 0 0 1 0 0 0 0 0
154	9	1 0 1 0 1 0 0 0 0 1 1 0 0 0 0 0
154	5	1 0 1 1 1 0 0 1 1 0 0 1 0 1 0 0
154	2	1 0 1 1 0 0 0 0 0 0 0 1 1 1 0 0
154	7	0 0 1 1 1 1 0 0 1 0 1 1 0 0 0 0
154	12	1 1 0 1 0 0 0 1 0 0 0 0 0 0 0 0
154	6	0 0 1 0 1 1 0 0 1 1 1 0 1 0 0 0
154	8	0 0 0 0 1 0 1 0 1 1 1 0 1 0 0 0
154	1	1 0 0 1 0 0 0 1 0 0 1 1 0 0 0 0
154	1	1 0 1 0 0 0 0 1 0 1 0 1 1 0 0 1
154	2	1 1 0 1 0 0 0 1 0 0 0 1 1 0 1 1
154	1	1 0 0 1 1 0 0 0 0 0 1 0 1 0 0 0
154	5	1 0 1 0 1 0 0 1 1 0 1 1 0 0 0 0
154	5	1 1 1 1 1 0 0 1 1 0 0 1 0 1 0 0
154	5	1 0 0 1 0 1 0 0 1 0 0 1 1 0 0 0
154	2	0 0 0 1 1 0 1 1 1 0 1 1 1 0 0 0
154	3	1 0 0 1 0 1 0 0 1 0 0 1 0 0 0 0
154	7	1 0 0 1 0 0 1 1 0 0 0 1 1 0 0 0
154	3	0 0 1 0 1 0 1 0 1 0 1 0 0 0 0 0
154	4	1 1 0 1 0 1 0 1 1 0 0 1 1 0 0 1
154	3	0 0 1 0 1 0 0 0 0 0 1 0 0 0 0 0
154	6	1 0 0 1 0 0 0 1 0 0 1 0 0 0 0 0
154	6	1 1 1 0 1 0 0 1 1 0 1 0 0 0 0 0
154	3	0 0 0 0 1 0 0 0 1 0 0 0 1 0 0 0
154	1	1 1 0 0 1 0 0 0 1 1 1 0 0 0 0 0
154	3	1 0 0 1 0 0 0 1 0 0 1 1 0 0 1 1
154	2	0 0 1 0 1 0 0 0 1 0 0 0 0 0 0 0
154	4	1 0 1 0 1 0 0 0 1 0 1 0 1 0 0 0
154	8	1 0 1 1 0 0 0 1 0 0 0 1 0 0 0 1
154	2	1 0 1 0 1 1 1 0 0 0 0 1 0 0 0 1
154	3	0 0 1 1 1 1 0 0 1 0 1 0 0 0 0 0
154	2	1 0 0 1 0 0 0 0 0 0 0 1 0 0 0 1
154	6	1 0 1 0 1 0 0 0 0 0 0 0 1 0 0 0
154	10	0 0 0 0 0 0 1 1 1 0 1 0 1 0 0 0
154	2	1 1 1 0 1 0 0 1 1 0 1 1 0 0 1 0
154	1	1 0 1 1 0 1 0 0 1 1 1 0 0 0 0 0
154	3	1 1 0 1 0 1 0 1 0 1 1 0 0 0 0 0
154	5	1 1 1 0 1 0 0 0 0 0 1 0 1 0 0 0
154	3	1 0 1 1 0 0 1 0 0 0 1 0 0 0 0 0
154	3	0 0 0 0 1 1 0 0 1 1 1 0 0 0 0 0
154	1	0 0 1 1 1 1 0 0 1 0 0 0 0 0 0 0
154	2	0 0 1 0 1 0 1 0 1 0 0 0 0 0 0 0
154	1	1 0 0 0 0 0 0 1 0 0 1 0 0 0 0 0
154	2	1 1 0 1 0 1 0 1 0 0 0 1 1 0 0 0
154	2	1 0 1 0 0 0 0 1 1 1 0 0 0 0 0 1
154	2	0 0 1 0 1 0 0 0 1 0 1 0 0 0 1 0
154	2	1 1 0 1 1 1 0 1 0 0 0 1 1 0 0 1
154	1	1 0 1 1 0 0 0 1 0 0 1 1 0 0 0 0
154	2	1 1 0 1 0 1 0 1 1 0 0 0 1 0 0 1
154	1	1 0 0 1 1 1 0 0 1 0 0 1 1 0 0 0
154	1	1 1 1 0 1 0 1 0 0 0 1 0 0 0 0 0
154	1	1 1 0 1 0 0 0 1 0 0 0 1 0 0 0 1
154	1	1 1 1 0 1 0 0 0 1 1 1 0 0 0 0 0
154	1	0 0 1 0 1 0 0 0 1 0 0 1 1 0 0 0
154	1	0 0 1 1 1 0 1 0 0 0 1 0 0 0 0 0
154	2	1 1 0 1 0 1 0 0 0 0 0 1 1 0 0 1
154	1	0 0 1 1 1 0 0 1 1 0 0 1 0 0 0 0
154	2	1 1 1 0 1 0 0 0 1 0 1 1 0 0 0 0
154	1	1 0 1 0 0 0 0 0 1 1 1 0 0 0 1 0
154	1	0 1 1 0 1 1 0 0 1 0 1 0 0 0 0 0
239	9	1 0 1 0 1 0 0 0 1 0 1 0 0 0 0 0
239	102	1 0 1 1 1 0 1 0 0 0 1 0 0 0 0 0
239	15	1 1 0 1 0 1 0 1 0 0 0 1 1 0 0 1
239	22	1 0 1 0 1 0 0 0 0 0 1 0 1 0 0 0
239	26	1 0 0 1 0 0 0 1 0 0 0 0 0 0 0 0
239	30	1 1 1 0 1 0 0 1 1 0 1 1 0 0 0 0
239	13	1 0 1 0 0 0 0 0 1 1 1 0 0 0 0 0
239	4	1 0 1 0 1 1 1 0 1 0 0 0 0 0 0 0
239	46	1 1 1 0 1 0 0 0 1 0 1 0 0 0 0 0
239	17	1 1 1 0 0 0 0 0 1 1 1 0 0 0 0 0
239	11	1 1 1 0 1 1 0 0 1 0 1 1 0 0 0 0
239	15	1 1 0 1 0 0 0 1 0 0 1 0 1 0 0 0
239	13	1 0 1 0 1 0 1 1 0 1 1 0 0 0 0 0
239	1	1 0 1 0 1 1 0 0 1 0 1 1 0 0 0 0
239	10	1 1 1 1 0 0 0 1 0 0 0 1 1 0 0 1
239	11	1 0 1 1 1 0 1 1 0 0 1 1 0 0 0 0
239	27	1 1 1 0 1 0 0 0 0 0 1 0 0 0 0 0
239	9	1 1 1 0 1 0 0 1 1 0 1 1 0 0 1 1
239	6	1 1 1 1 1 0 1 1 1 0 1 1 0 0 0 0
239	9	1 0 0 1 0 0 0 1 0 1 1 1 1 0 0 1
239	10	1 1 0 1 0 1 0 1 0 0 1 0 0 0 0 0
239	48	1 1 0 1 0 1 1 1 0 1 1 0 0 0 0 0
239	20	1 0 0 1 0 0 0 1 0 0 0 1 0 0 0 0
239	1	1 0 1 1 1 0 0 0 1 0 1 1 0 0 0 0
239	6	1 0 1 0 0 0 0 0 1 0 1 0 0 0 0 0
239	23	1 1 1 0 1 0 0 1 1 0 1 0 0 0 0 0
239	6	1 1 1 0 1 0 1 1 1 0 1 1 0 0 0 0
239	28	1 1 1 1 1 0 0 1 0 0 0 0 0 0 0 0
239	3	1 1 0 1 0 0 0 1 0 1 1 0 0 0 0 0
239	9	1 0 0 1 0 1 0 0 0 0 1 0 0 0 0 1
239	19	1 1 1 0 0 1 0 0 1 0 0 1 0 0 0 0
239	9	1 1 1 0 1 0 0 0 0 0 1 0 0 0 0 1
239	24	1 1 1 1 0 1 0 0 1 0 1 0 1 0 0 0
239	4	1 0 1 0 1 0 1 0 0 0 1 0 0 0 0 0
239	15	1 1 1 1 0 0 0 1 0 0 1 0 1 0 0 0
239	1	1 0 1 0 0 0 0 1 0 0 0 1 1 0 0 1
239	5	1 1 1 0 0 0 0 1 0 0 1 0 0 0 0 0
239	10	1 1 0 1 0 1 1 1 0 1 1 1 1 0 0 0
239	21	1 1 1 0 0 0 1 0 0 0 1 0 0 0 0 0
239	1	1 0 0 1 0 0 0 0 1 0 0 1 0 0 0 0
239	2	1 1 1 1 1 0 0 0 1 0 1 0 0 0 0 0
239	3	1 1 0 1 0 1 1 1 0 0 1 0 0 0 0 0
239	7	1 1 1 1 0 1 0 1 0 1 1 0 0 0 0 1
239	7	1 0 0 1 0 1 0 1 0 0 1 1 0 0 0 0
239	5	1 1 1 1 1 0 1 1 0 1 1 0 0 0 0 0
239	14	1 0 1 1 1 0 1 0 0 0 1 1 0 0 0 0
239	4	1 1 1 1 0 0 1 1 0 0 1 0 1 0 1 0
239	2	1 1 1 0 1 0 0 1 1 0 1 0 0 1 0 0
239	8	1 1 1 0 1 1 0 0 1 1 1 1 0 0 0 0
239	20	1 1 1 0 0 1 0 1 1 0 0 1 0 0 0 0
239	2	1 0 1 1 1 0 1 1 0 0 1 0 0 0 0 0
239	4	1 0 1 1 1 0 0 0 0 0 1 0 0 0 0 0
239	1	1 1 0 1 0 1 1 1 0 1 1 1 0 0 0 0
239	2	1 1 0 1 0 1 0 0 0 0 1 0 0 0 0 0
239	2	1 0 0 1 0 1 0 1 0 0 0 0 0 0 0 0
239	2	1 1 0 1 0 0 1 1 0 1 1 0 0 0 0 0
239	4	1 1 0 1 0 1 1 1 0 0 1 0 0 0 1 0
239	2	1 1 0 1 0 1 0 1 0 1 1 0 0 1 0 0
239	3	1 0 0 1 0 0 0 1 0 1 0 1 1 0 0 1
239	4	1 0 1 1 1 0 0 0 0 1 1 0 0 0 0 0
239	6	1 1 1 1 1 0 0 0 0 0 1 0 1 0 0 0
239	23	1 0 0 0 1 0 1 1 0 1 1 0 0 0 0 0
239	17	1 1 1 0 1 0 0 1 1 0 1 0 0 0 0 1
239	4	1 1 1 0 1 0 1 0 0 0 1 0 0 0 0 0
239	23	1 1 1 1 1 0 1 0 1 0 1 1 0 0 1 0
239	4	1 0 1 0 1 0 1 0 1 0 1 0 0 0 0 0
239	2	1 1 1 1 1 0 0 1 1 0 1 1 0 0 0 0
239	7	1 1 1 0 1 0 1 0 1 0 1 1 0 0 0 0
239	5	1 1 0 1 0 0 0 1 0 0 0 0 0 0 0 0
239	11	1 1 0 0 1 0 0 0 0 0 1 1 0 0 0 0
239	3	1 1 0 0 1 1 1 0 1 0 1 1 0 0 0 0
239	7	1 0 1 0 1 0 0 0 1 0 1 0 1 0 0 0
239	3	1 0 1 0 1 0 1 1 0 1 0 0 0 0 0 0
239	4	1 1 1 1 0 0 0 1 0 1 1 0 1 0 0 0
239	3	1 1 1 0 0 0 0 1 1 0 1 0 0 0 0 0
239	4	1 1 1 1 1 0 1 0 0 0 1 0 0 0 0 0
239	5	1 0 1 1 1 0 0 0 0 0 1 0 1 0 0 0
239	1	1 0 1 1 0 0 0 1 0 0 0 0 0 0 0 0
239	12	0 1 1 0 1 0 0 0 1 0 1 0 0 0 0 0
239	8	1 1 1 1 1 0 0 1 1 0 1 1 0 0 0 1
239	2	1 0 0 1 0 0 1 1 0 1 1 0 0 0 0 0
239	2	1 1 1 0 0 1 0 1 1 0 1 0 0 0 0 0
239	4	1 0 1 1 0 0 0 1 1 0 0 1 0 0 0 0
239	2	0 0 1 1 1 0 1 0 0 0 1 0 0 0 0 0
239	1	1 1 0 1 0 1 0 1 0 0 1 1 0 0 0 0
239	3	0 1 1 0 0 0 1 0 0 0 1 0 0 0 0 0
239	2	1 1 0 1 0 1 1 1 0 1 1 1 1 0 1 0
239	2	1 0 1 1 1 0 1 0 0 0 1 0 0 0 0 1
239	1	1 0 1 1 0 1 0 1 0 0 1 1 0 0 0 0
239	3	1 1 1 0 1 0 0 1 1 0 0 1 0 0 0 0
239	8	1 1 1 0 1 0 0 0 1 1 1 0 0 0 0 0
239	4	1 0 1 1 1 0 1 1 0 0 0 1 1 0 0 1
239	4	1 1 1 0 0 0 0 1 0 0 0 1 0 0 0 0
239	1	1 0 1 1 1 0 1 0 0 0 1 1 1 0 0 1
239	4	1 1 0 0 1 1 0 0 0 0 0 0 0 0 0 0
239	1	1 1 0 0 1 1 0 1 1 0 0 1 0 0 0 0
239	1	1 1 0 1 0 1 0 1 0 0 0 1 1 0 0 0
239	1	1 1 1 0 1 0 0 0 1 0 0 0 0 0 0 0
239	2	1 1 0 1 0 1 1 1 0 1 0 0 0 0 0 0
239	2	1 1 1 1 1 0 0 1 0 0 1 0 0 0 0 0
239	1	1 0 1 0 0 0 1 0 0 0 1 0 0 0 0 0
239	1	1 0 1 1 1 0 1 1 0 1 1 0 0 0 0 0
239	3	1 1 1 0 0 1 0 1 1 0 0 0 0 0 0 0
239	2	1 1 1 1 0 0 1 0 0 0 1 0 0 0 0 0
239	3	1 1 1 1 0 0 0 0 0 0 1 0 0 0 0 1
239	4	1 1 1 1 0 1 0 1 0 0 0 1 1 0 0 1
239	2	1 1 1 1 0 0 1 1 0 0 1 0 0 0 0 0
239	5	1 0 1 1 1 0 1 0 1 0 1 0 0 0 0 0
239	2	1 1 0 1 0 1 1 0 0 1 1 0 0 0 0 0
239	1	1 1 0 1 0 1 1 1 0 1 0 1 1 0 0 0
239	2	1 1 1 0 0 1 0 1 1 0 0 1 0 1 0 0
239	2	1 0 1 1 1 0 1 1 0 0 1 0 0 1 0 0
239	1	1 0 1 1 0 0 0 1 0 0 0 0 0 1 0 0
239	2	1 0 1 1 1 0 1 0 1 0 1 1 0 0 1 0
239	1	1 0 1 0 1 0 1 1 1 0 1 0 0 0 0 0
239	1	1 1 0 1 0 1 0 1 0 1 1 0 0 0 0 0
239	1	1 1 0 0 1 0 0 1 1 0 1 0 0 0 0 0
239	3	1 1 1 0 1 1 0 0 1 1 1 0 0 0 0 0
239	1	1 1 1 0 0 0 0 1 1 0 1 0 0 0 0 1
239	1	1 1 1 0 1 0 0 1 1 0 1 0 0 1 0 1
239	2	0 1 1 1 1 0 1 0 1 0 1 1 0 0 1 0
252	2	1 0 1 0 1 0 0 0 1 0 1 0 0 0 0 0
252	90	1 0 1 1 1 0 1 0 0 0 1 0 0 0 0 0
252	23	1 0 1 0 1 0 0 0 0 0 1 0 1 0 0 0
252	28	1 0 0 1 0 0 0 1 0 0 0 0 0 0 0 0
252	16	1 1 1 0 1 0 0 1 1 0 1 1 0 0 0 0
252	19	1 0 1 0 0 0 0 0 1 1 1 0 0 0 0 0
252	4	1 0 1 0 1 1 1 0 1 0 0 0 0 0 0 0
252	44	1 1 1 0 1 0 0 0 1 0 1 0 0 0 0 0
252	2	1 1 1 0 0 0 0 0 1 1 1 0 0 0 0 0
252	3	1 1 1 1 0 0 0 1 0 0 0 1 1 0 0 1
252	24	1 0 1 1 1 0 1 1 0 0 1 1 0 0 0 0
252	39	1 1 1 0 1 0 0 0 0 0 1 0 0 0 0 0
252	4	1 0 0 1 0 0 0 1 0 1 1 1 1 0 0 1
252	5	1 1 0 1 0 1 0 1 0 0 1 0 0 0 0 0
252	17	1 1 0 1 0 1 1 1 0 1 1 0 0 0 0 0
252	10	1 0 1 0 0 0 0 0 1 0 1 0 0 0 0 0
252	31	1 1 1 0 1 0 0 1 1 0 1 0 0 0 0 0
252	2	1 1 1 0 1 0 1 1 1 0 1 1 0 0 0 0
252	36	1 1 1 1 1 0 0 1 0 0 0 0 0 0 0 0
252	13	1 1 0 1 0 0 0 1 0 1 1 0 0 0 0 0
252	10	1 0 0 1 0 1 0 0 0 0 1 0 0 0 0 1
252	12	1 1 1 0 0 1 0 0 1 0 0 1 0 0 0 0
252	13	1 1 1 0 1 0 0 0 0 0 1 0 0 0 0 1
252	8	1 1 1 1 0 1 0 0 1 0 1 0 1 0 0 0
252	3	1 1 1 0 0 0 0 1 0 0 1 0 0 0 0 0
252	5	1 1 0 1 0 1 1 1 0 1 1 1 1 0 0 0
252	25	1 1 1 0 0 0 1 0 0 0 1 0 0 0 0 0
252	8	1 1 0 1 0 1 1 1 0 0 1 0 0 0 0 0
252	12	1 0 0 1 0 1 0 1 0 0 1 1 0 0 0 0
252	12	1 1 1 1 1 0 1 1 0 1 1 0 0 0 0 0
252	6	1 0 1 1 1 0 1 0 0 0 1 1 0 0 0 0
252	13	1 1 1 0 0 1 0 1 1 0 0 1 0 0 0 0
252	1	1 1 0 1 0 0 1 1 0 1 1 0 0 0 0 0
252	19	1 1 0 1 0 1 1 1 0 0 1 0 0 0 1 0
252	19	1 1 1 1 1 0 0 0 0 0 1 0 1 0 0 0
252	13	1 0 0 0 1 0 1 1 0 1 1 0 0 0 0 0
252	17	1 1 1 0 1 0 0 1 1 0 1 0 0 0 0 1
252	13	1 1 1 0 1 0 1 0 0 0 1 0 0 0 0 0
252	9	1 1 1 1 1 0 1 0 1 0 1 1 0 0 1 0
252	12	1 1 0 1 0 0 0 1 0 0 0 0 0 0 0 0
252	5	1 1 0 0 1 0 0 0 0 0 1 1 0 0 0 0
252	1	1 1 0 0 1 1 1 0 1 0 1 1 0 0 0 0
252	13	1 0 1 1 1 0 0 0 0 0 1 0 1 0 0 0
252	3	0 1 1 0 1 0 0 0 1 0 1 0 0 0 0 0
252	28	1 1 1 1 1 0 0 1 1 0 1 1 0 0 0 1
252	9	1 1 0 1 0 1 1 1 0 1 1 1 1 0 1 0
252	27	1 1 1 0 1 0 0 0 1 1 1 0 0 0 0 0
252	12	1 1 1 1 0 0 1 0 0 0 1 0 0 0 0 0
252	2	1 1 1 1 0 0 0 0 0 0 1 0 0 0 0 1
252	6	1 1 1 1 0 0 1 1 0 0 1 0 0 0 0 0
252	4	1 1 1 0 0 1 0 1 1 0 0 1 0 1 0 0
252	7	1 1 1 0 1 1 0 0 1 1 1 0 0 0 0 0
252	3	1 1 1 0 0 0 0 1 1 0 1 0 0 0 0 1
252	3	1 1 1 0 1 0 0 0 0 0 1 0 0 1 0 1
252	4	1 1 1 1 0 0 0 0 0 0 1 0 1 0 0 0
252	17	1 1 1 0 1 0 0 1 0 0 1 0 0 1 0 0
252	1	1 1 1 0 0 1 1 1 0 1 1 0 0 0 0 0
252	7	1 1 1 1 0 0 0 1 0 1 0 1 1 0 0 1
252	1	1 1 1 0 1 0 1 1 0 1 1 0 0 0 0 0
252	8	1 1 1 0 0 1 0 0 1 0 0 1 0 1 0 0
252	5	1 1 1 0 1 0 0 0 0 0 1 0 1 0 0 1
252	3	1 1 1 0 1 1 0 1 1 0 0 1 0 0 0 0
252	3	1 1 1 0 1 0 0 0 1 1 1 0 0 1 0 0
252	10	1 1 1 0 0 1 0 1 1 0 1 0 0 0 0 1
252	3	0 0 1 0 1 0 1 1 0 1 0 0 0 0 0 0
252	3	1 1 1 0 0 1 0 0 1 0 1 0 1 0 0 0
252	1	1 1 1 1 0 0 0 0 1 0 1 0 0 0 0 0
252	1	1 1 1 0 1 0 0 1 1 0 0 0 0 0 0 0
252	14	1 1 1 1 0 0 0 0 1 1 1 0 0 0 0 0
252	6	1 1 1 0 1 1 0 1 1 1 0 0 0 0 0 0
252	22	1 0 1 0 1 0 0 0 0 0 1 0 0 0 0 0
252	4	0 1 1 0 1 0 0 0 0 0 1 0 0 0 0 0
252	4	1 1 1 0 0 1 0 1 1 0 0 0 0 0 0 0
252	13	1 0 1 1 1 0 1 0 0 1 1 0 0 0 0 0
252	2	0 1 0 1 0 1 1 1 0 1 1 0 0 0 0 0
252	7	1 0 0 1 0 0 0 0 0 0 1 0 1 0 0 0
252	2	1 1 1 1 0 0 1 1 1 0 1 1 0 0 0 1
252	1	1 0 1 0 0 0 0 0 1 0 1 0 0 1 0 0
252	2	1 1 1 0 1 0 0 1 1 0 1 0 0 0 1 0
252	4	1 0 0 1 0 1 0 1 0 1 1 1 0 0 0 0
252	3	1 1 1 1 1 0 1 0 1 0 1 0 0 0 1 0
252	3	1 1 1 0 1 1 0 1 1 0 1 0 0 0 0 0
252	8	1 1 0 0 1 0 0 1 1 0 1 0 0 0 0 0
252	2	1 1 1 1 1 0 0 1 0 0 0 0 0 0 0 1
252	4	1 0 0 1 0 1 0 0 0 0 1 0 1 0 0 1
252	1	1 0 0 1 1 1 0 1 0 0 1 1 0 0 0 0
252	3	1 0 1 1 1 0 1 0 1 0 1 0 0 0 1 0
252	1	1 1 1 0 1 0 0 0 1 0 1 0 1 0 0 0
252	2	1 1 1 1 1 0 0 0 0 1 0 0 0 0 0 0
252	4	1 0 1 1 1 0 1 0 0 0 1 0 0 0 0 1
252	1	1 0 0 1 0 0 0 1 0 0 0 0 0 0 1 0
252	6	1 1 1 0 1 0 0 0 1 0 1 0 0 0 1 0
252	1	1 0 1 0 0 0 0 0 1 0 0 0 0 0 0 0
252	3	1 1 0 1 1 1 1 1 0 0 1 0 0 0 0 0
252	2	1 0 1 1 1 0 0 0 0 0 1 0 1 0 0 1
252	7	1 1 1 0 1 0 0 1 1 0 0 1 0 0 0 1
252	2	1 1 1 1 0 0 0 0 0 0 1 0 0 0 1 1
252	1	1 1 0 0 1 0 0 0 0 0 1 0 0 1 0 1
252	1	1 1 0 1 0 0 0 1 0 0 0 0 1 1 0 0
252	3	1 1 1 0 0 0 0 1 0 1 0 1 1 0 0 1
252	3	1 0 1 1 1 0 0 1 1 0 1 1 0 0 0 1
252	1	1 0 1 1 0 0 0 1 0 1 1 1 1 0 0 1
252	1	1 1 1 1 1 0 1 1 0 1 1 0 1 0 0 0
252	1	1 1 1 1 0 0 0 1 0 1 0 0 1 0 0 1
252	1	1 0 1 1 0 0 1 0 1 0 1 0 0 0 1 0
252	2	1 0 0 1 0 0 0 1 0 1 1 0 0 0 0 0
252	4	1 0 0 1 0 0 0 1 0 1 1 1 0 0 0 0
252	2	1 1 0 1 0 1 1 1 0 1 0 1 0 0 0 0
252	2	1 1 0 1 0 1 0 0 0 0 1 0 0 0 0 1
252	1	1 1 1 1 1 0 0 1 1 0 1 1 0 0 0 0
252	1	1 0 1 1 0 0 0 1 0 0 0 0 0 0 0 0
252	1	1 0 0 0 1 1 1 0 1 0 0 0 0 0 0 0
252	2	1 1 1 0 1 0 0 0 1 0 1 0 0 0 0 1
252	1	1 0 1 0 0 1 0 0 1 0 0 1 0 0 0 0
252	1	1 0 1 0 1 0 0 0 0 0 1 0 0 0 0 1
252	1	1 1 1 0 0 1 0 1 1 0 0 1 0 0 1 0
252	1	1 1 1 0 0 0 0 1 0 0 1 0 0 0 0 1
252	1	1 1 1 1 1 0 0 1 0 0 1 0 0 1 0 0
252	1	1 1 1 0 1 0 0 1 0 0 1 0 1 1 0 0
252	1	1 1 1 0 1 0 1 1 0 1 1 1 0 0 0 0
350	10	1 0 1 1 1 0 1 0 0 0 1 0 0 0 0 0
350	53	1 1 1 0 1 0 0 0 0 0 1 0 0 0 0 0
350	6	1 1 1 0 1 0 0 1 1 0 1 0 0 0 0 0
350	22	1 1 1 1 1 0 0 1 0 0 0 0 0 0 0 0
350	6	1 1 1 1 1 0 0 1 1 0 1 1 0 0 0 1
350	22	1 1 1 1 0 0 1 0 0 0 1 0 0 0 0 0
350	99	1 1 1 1 0 0 1 1 0 0 1 0 0 0 0 0
350	132	1 1 1 1 1 0 0 1 1 0 1 1 0 0 0 0
350	61	1 1 1 0 1 0 1 1 1 0 0 0 0 0 0 0
350	35	1 1 1 0 1 0 0 1 1 0 1 1 0 0 0 0
350	49	1 1 1 1 1 0 1 0 0 0 1 1 0 0 0 0
350	47	1 1 0 0 1 0 0 1 1 0 1 0 1 0 0 0
350	16	1 1 1 0 1 0 0 0 0 0 1 1 0 1 0 0
350	38	1 1 1 1 1 0 0 1 0 0 1 0 1 0 0 0
350	15	1 1 1 1 1 0 1 0 0 0 1 0 0 0 0 0
350	9	0 1 0 0 1 0 1 1 1 0 0 0 0 0 0 0
350	37	1 1 1 1 1 0 1 0 0 0 1 0 1 0 0 0
350	11	1 1 1 1 1 0 0 1 0 0 1 0 0 0 0 0
350	1	1 0 0 1 1 0 1 0 0 0 1 0 0 0 0 0
350	3	1 0 1 1 1 0 1 1 0 0 1 0 1 1 0 0
350	18	0 1 1 1 0 0 1 1 0 0 1 0 0 0 0 0
350	26	1 1 1 1 1 0 1 1 0 0 1 0 0 0 0 0
350	13	1 0 1 1 1 0 0 1 0 0 1 0 0 0 0 1
350	10	1 1 0 1 1 0 1 0 0 0 1 1 0 0 0 0
350	13	1 1 1 1 1 0 0 1 0 0 1 0 0 0 0 1
350	4	1 1 1 1 0 0 0 1 1 0 1 1 0 0 0 0
350	8	0 1 1 1 1 0 1 1 0 0 1 0 0 0 0 0
350	5	1 1 0 1 1 0 0 1 1 0 1 1 0 0 0 0
350	7	1 1 1 0 1 0 1 1 1 0 1 0 1 0 0 1
350	1	1 0 1 1 1 0 0 1 1 0 1 0 0 0 0 1
350	7	0 1 1 0 1 0 1 1 1 0 0 0 0 0 0 0
350	1	1 1 1 1 1 0 0 1 1 0 1 1 0 1 1 1
350	12	1 0 1 1 1 0 0 1 0 0 1 0 1 0 0 0
350	1	1 1 1 0 1 0 1 1 1 0 0 0 0 0 0 1
350	12	1 1 1 0 1 0 0 1 1 0 1 0 1 0 0 0
350	12	1 1 1 1 1 0 1 0 0 1 1 1 0 0 0 0
350	11	0 1 1 1 0 0 1 1 0 0 1 0 0 0 1 0
350	6	0 1 1 1 1 0 0 1 1 0 1 1 0 0 0 0
350	7	0 1 1 1 1 0 1 0 0 0 0 0 0 0 0 0
350	12	0 1 1 1 1 0 0 1 0 0 1 0 1 0 0 0
350	5	1 1 0 0 1 0 1 1 0 0 1 0 1 0 0 0
350	7	0 1 0 0 1 0 1 1 0 0 1 0 1 1 0 0
350	7	1 1 1 1 1 0 0 1 1 0 0 0 0 0 0 0
350	7	1 1 1 0 1 0 1 1 1 0 1 1 0 1 1 1
350	7	1 1 0 1 1 0 0 1 1 0 1 0 1 1 0 0
350	3	1 1 1 0 1 0 0 0 1 0 1 0 1 0 0 0
350	9	1 1 1 1 1 0 0 1 0 0 0 1 0 0 0 0
350	3	1 1 1 1 0 1 1 0 0 0 1 0 0 0 0 0
350	2	1 1 1 1 0 0 0 1 0 0 1 0 0 0 0 0
350	3	1 0 1 1 1 0 1 0 0 0 1 1 0 0 0 0
350	5	1 1 1 1 1 0 1 0 0 0 1 1 1 0 0 0
350	2	1 0 1 1 0 0 1 0 0 0 1 0 0 0 0 0
350	1	1 1 1 1 0 0 1 1 1 0 1 0 1 0 0 1
350	2	1 1 0 1 1 0 0 1 1 0 1 0 1 0 0 0
350	2	1 1 1 1 1 0 0 1 0 0 1 0 0 0 1 1
350	4	1 1 1 1 0 0 1 1 1 0 1 0 0 0 0 0
350	4	1 1 1 1 1 1 1 1 0 0 0 0 0 0 0 0
350	10	1 1 0 1 1 0 0 1 0 0 1 0 0 0 0 1
350	5	1 1 1 1 0 0 1 1 0 0 1 0 1 0 0 0
350	4	1 1 1 1 1 0 0 1 1 0 0 1 0 0 0 0
350	2	1 1 1 1 1 0 0 1 1 0 0 0 0 1 0 0
350	7	1 1 1 1 0 0 0 1 0 0 1 0 0 0 0 1
350	2	1 1 0 0 1 0 0 0 0 0 1 0 0 0 0 0
350	1	1 1 1 1 0 0 1 1 0 0 1 0 0 1 0 0
350	1	1 1 1 1 1 0 0 1 1 0 1 1 0 0 1 0
350	4	1 1 1 0 1 1 1 1 1 0 1 0 1 0 0 1
350	1	1 1 1 0 1 0 0 1 1 0 0 0 1 0 0 0
350	3	0 1 1 1 1 0 0 1 0 0 0 0 1 0 0 0
350	1	1 1 1 0 1 0 0 1 0 0 1 0 0 0 0 0
350	2	1 1 1 1 1 0 0 1 0 0 1 1 0 0 0 0
350	4	0 1 1 1 0 0 1 1 0 0 1 1 0 0 0 1
350	4	1 1 1 1 1 1 0 1 1 0 1 1 0 0 0 0
350	2	1 0 1 1 1 0 0 1 0 0 1 0 0 1 0 1
350	1	1 1 0 0 1 0 1 1 0 0 1 0 1 0 0 1
350	2	1 1 1 1 0 0 1 0 0 0 1 1 0 0 0 0
350	1	1 1 1 1 0 0 1 1 0 0 1 1 0 0 0 0
350	3	1 1 1 1 1 0 1 0 0 0 1 0 1 1 0 0
350	1	1 1 0 0 1 0 0 1 0 0 1 0 0 0 0 1
350	1	1 1 1 1 1 0 1 1 1 0 1 1 0 0 0 0
350	2	1 1 1 1 1 0 0 1 0 0 0 0 0 0 1 0
350	2	1 1 1 0 1 0 0 1 0 0 1 1 0 0 0 0
350	1	1 1 1 0 1 0 1 0 0 0 1 1 0 0 0 0
350	1	1 1 0 1 1 0 1 0 0 0 1 0 0 0 0 0
350	1	1 1 1 1 1 0 0 1 0 0 1 0 1 0 0 1
400	11	1 1 1 0 1 0 0 0 0 0 1 0 0 0 0 0
400	26	1 1 1 1 1 0 0 1 1 0 1 1 0 0 0 1
400	8	1 1 1 1 0 0 1 0 0 0 1 0 0 0 0 0
400	55	1 1 1 1 0 0 1 1 0 0 1 0 0 0 0 0
400	72	1 1 1 1 1 0 0 1 1 0 1 1 0 0 0 0
400	43	1 1 1 1 1 0 1 0 0 0 1 1 0 0 0 0
400	43	1 1 1 1 1 0 1 0 0 0 1 0 0 0 0 0
400	2	1 1 1 1 1 0 1 0 0 0 1 0 1 0 0 0
400	31	1 1 1 1 1 0 0 1 0 0 1 0 0 0 0 0
400	60	1 1 1 1 1 0 1 1 0 0 1 0 0 0 0 0
400	3	1 1 0 1 1 0 1 0 0 0 1 1 0 0 0 0
400	7	0 1 1 1 1 0 1 1 0 0 1 0 0 0 0 0
400	12	0 1 1 0 1 0 1 1 1 0 0 0 0 0 0 0
400	10	1 1 1 1 1 0 1 0 0 1 1 1 0 0 0 0
400	4	0 1 1 1 0 0 1 1 0 0 1 0 0 0 1 0
400	38	0 1 1 1 1 0 1 0 0 0 0 0 0 0 0 0
400	17	1 1 1 1 1 1 1 1 0 0 0 0 0 0 0 0
400	43	1 1 1 1 0 0 1 1 0 0 1 0 1 0 0 0
400	48	1 1 1 1 1 0 1 0 0 0 1 0 0 1 0 0
400	17	1 1 1 1 1 0 0 0 0 0 1 0 0 0 0 0
400	8	1 1 1 1 0 0 1 1 0 1 1 0 0 0 0 0
400	2	1 1 1 1 0 0 1 1 0 0 1 0 0 0 1 0
400	23	1 1 1 1 1 0 1 1 1 0 1 0 0 0 0 0
400	7	1 1 1 1 1 0 0 1 1 0 1 0 0 0 0 0
400	9	1 1 1 0 0 0 1 0 0 0 1 0 0 0 0 0
400	24	1 1 1 1 1 0 1 0 1 1 1 1 0 0 0 0
400	6	1 1 1 1 1 1 0 1 0 0 0 0 0 0 0 1
400	1	1 1 1 0 1 0 0 1 1 0 1 1 0 0 0 0
400	6	1 1 1 1 1 1 1 0 0 0 1 1 0 0 0 0
400	9	1 1 1 1 0 0 1 0 0 0 1 0 0 0 0 1
400	11	1 0 1 1 1 0 1 0 0 0 1 0 0 0 1 0
400	14	1 1 1 1 0 0 0 1 0 0 1 0 1 0 1 0
400	9	1 1 1 0 1 0 0 0 0 0 1 0 1 0 0 0
400	32	1 1 1 1 0 1 1 1 0 0 1 0 0 0 0 0
400	15	1 1 1 1 1 0 0 1 0 0 1 0 0 1 0 0
400	4	1 1 1 1 1 0 0 1 1 1 1 1 0 0 1 0
400	4	1 1 1 1 1 1 1 0 0 0 1 0 0 1 0 0
400	1	1 1 1 1 0 0 1 1 1 0 1 0 0 0 0 0
400	2	1 1 1 1 0 0 1 1 1 0 1 0 1 0 0 0
400	15	1 1 1 1 1 0 1 1 0 0 1 1 0 0 0 0
400	8	1 0 1 1 1 0 1 1 0 0 1 0 0 0 0 0
400	2	1 1 1 1 0 0 0 0 0 1 1 0 0 0 0 0
400	11	1 1 1 1 0 0 1 0 1 0 1 1 1 0 0 0
400	1	1 1 1 1 0 0 1 1 0 0 1 1 0 0 0 0
400	6	1 1 1 1 0 0 1 0 0 0 1 0 0 1 0 0
400	7	1 1 1 1 1 0 1 1 0 1 1 0 0 0 0 0
400	10	0 1 0 1 1 0 0 1 1 0 1 0 0 0 0 0
400	4	1 1 1 0 0 0 0 1 0 0 1 0 0 0 0 0
400	11	0 1 1 1 1 0 0 0 0 0 1 0 0 0 0 0
400	4	0 1 1 1 0 1 1 0 0 0 1 1 0 0 0 0
400	8	1 1 0 1 1 0 0 1 1 0 1 1 0 0 0 0
400	7	1 1 1 1 1 1 0 1 1 0 1 0 0 0 0 0
400	2	1 1 1 1 0 0 0 1 1 0 1 1 0 0 0 0
400	1	1 1 1 1 0 1 1 1 0 0 1 0 1 0 0 0
400	1	1 1 1 1 0 0 0 1 0 0 1 1 1 0 1 0
400	5	1 1 1 1 1 0 1 0 0 0 1 0 0 0 1 0
400	4	1 1 1 1 0 0 0 1 0 0 1 0 1 0 0 0
400	8	1 1 1 1 1 0 1 0 1 0 1 0 0 0 0 0
400	2	0 1 1 0 1 0 1 1 1 0 0 0 1 0 0 0
400	6	1 0 1 0 1 0 1 1 0 0 1 0 0 0 0 0
400	7	1 1 1 1 1 0 1 0 1 0 1 1 0 0 0 0
400	3	1 1 1 0 1 0 1 0 0 0 1 0 1 0 0 0
400	6	0 1 1 1 1 0 1 1 1 0 1 0 0 0 0 0
400	8	1 0 1 1 0 0 1 1 0 0 1 0 1 0 0 0
400	14	1 1 1 1 1 0 1 0 0 0 0 0 0 0 0 0
400	2	1 1 1 1 1 0 1 1 1 0 1 1 0 0 0 1
400	4	1 1 1 1 0 0 0 0 0 0 0 0 0 0 0 0
400	8	1 0 1 1 1 0 1 0 0 0 1 1 0 0 1 0
400	2	1 1 1 1 0 0 1 0 1 0 1 0 1 0 0 0
400	1	1 1 0 1 1 0 0 1 1 0 1 0 0 0 0 0
400	2	1 1 1 1 0 0 1 0 1 0 1 1 0 0 0 0
400	4	0 1 1 0 1 0 1 0 1 0 0 0 0 0 0 0
400	6	0 1 1 1 1 0 1 0 0 1 1 1 0 0 0 0
400	2	1 1 0 1 1 0 0 1 1 1 1 1 0 0 1 0
400	2	1 1 1 1 1 0 0 1 0 0 0 0 1 0 0 0
400	7	1 1 1 1 1 1 0 1 1 0 1 1 0 0 0 0
400	1	1 1 1 1 1 0 1 1 1 0 1 1 0 0 0 0
400	1	1 1 1 1 1 0 0 1 0 1 1 0 0 0 0 0
400	4	1 1 1 1 1 0 0 1 1 0 0 1 0 0 0 1
400	5	0 1 1 1 1 0 0 1 1 0 1 1 0 0 0 0
400	5	1 1 1 1 1 0 1 0 0 0 1 0 1 0 0 1
400	1	0 1 1 1 1 0 1 0 0 0 0 0 0 0 0 1
400	1	1 1 1 0 0 0 1 1 0 0 1 0 0 0 0 0
400	1	0 1 1 1 0 0 1 0 1 0 1 1 1 0 0 0
400	1	1 1 1 1 1 0 0 1 1 0 1 1 1 0 0 0
400	2	0 1 1 1 0 0 1 0 0 0 1 0 0 0 0 1
400	1	1 1 1 1 0 0 1 1 0 0 0 0 0 0 0 0
400	3	1 1 1 0 1 0 0 0 0 0 1 1 1 0 0 0
400	4	1 1 1 1 0 0 0 0 1 1 1 0 0 0 0 0
400	1	1 1 1 0 0 0 0 1 0 0 1 0 1 0 0 0
400	1	1 0 1 1 1 1 1 0 0 0 1 1 0 0 1 0
400	1	1 1 1 1 1 0 1 1 0 0 1 1 0 0 1 0
400	4	1 1 1 1 0 0 1 1 0 0 1 0 0 1 0 0
400	1	1 1 1 1 0 0 0 0 0 0 1 0 0 0 0 0
400	2	1 1 1 0 0 0 1 1 0 0 1 0 1 0 0 0
400	1	1 1 1 0 1 0 1 0 0 0 1 0 0 1 0 0
400	1	0 0 1 1 1 0 1 1 1 0 1 0 0 0 0 0
400	1	1 1 1 1 1 0 1 0 0 0 0 0 1 0 0 0
400	1	1 1 1 1 0 0 0 0 1 0 1 0 0 0 0 0
400	2	1 1 1 1 1 0 1 0 1 1 1 0 0 0 0 0
400	1	1 1 1 0 1 1 1 1 0 0 1 0 0 0 0 0
400	1	1 1 1 1 0 0 1 0 0 0 0 0 0 0 0 0
400	2	1 1 1 1 1 0 0 1 0 0 0 0 0 0 0 0
400	1	0 1 1 0 1 0 0 0 0 0 1 0 0 0 0 0
400	1	1 1 1 1 0 0 1 0 0 0 1 0 0 0 1 0
400	1	1 1 1 1 1 0 1 0 0 0 0 1 0 0 0 0
400	3	1 1 1 1 1 0 1 0 0 0 1 1 0 1 0 0
400	1	1 1 1 1 1 0 1 1 1 1 1 1 0 0 0 0
400	2	1 0 1 1 0 0 1 0 0 0 1 0 0 0 1 0
400	1	1 0 1 1 1 0 1 0 1 0 1 0 0 0 0 0
400	1	1 1 1 1 1 0 0 1 1 1 1 0 0 0 0 1
400	1	0 0 1 1 1 0 1 1 1 0 1 0 0 0 0 1
