0	250	0 1 0 1 1 0 0 0 0 0 0 0 1 0 0 0
0	250	1 1 0 0 1 0 0 0 0 0 0 0 0 0 1 0
0	250	0 1 0 0 0 1 0 0 1 0 0 0 0 0 1 0
0	250	0 0 1 0 0 0 0 0 0 1 0 0 0 1 0 0
8	164	0 1 0 1 1 0 0 0 0 0 0 0 1 0 0 0
8	220	1 1 0 0 1 0 0 0 0 0 0 0 0 0 1 0
8	165	0 1 0 0 0 1 0 0 1 0 0 0 0 0 1 0
8	244	0 0 1 0 0 0 0 0 0 1 0 0 0 1 0 0
8	10	0 1 0 1 1 0 0 0 1 0 0 0 0 0 1 0
8	7	0 1 0 0 0 1 0 0 1 0 0 0 0 0 0 0
8	5	0 0 1 0 0 0 0 0 0 1 0 0 0 0 1 0
8	6	0 1 0 1 1 0 0 0 0 0 0 0 1 0 0 1
8	16	0 1 0 0 0 1 0 1 1 0 0 0 0 0 1 0
8	5	0 0 1 0 0 0 0 0 0 1 0 0 1 1 0 0
8	12	0 0 1 0 0 1 0 0 0 1 0 0 0 1 0 0
8	3	1 1 0 0 0 0 0 0 0 1 0 0 1 1 0 0
8	4	0 0 1 0 0 0 0 0 0 0 0 0 0 0 1 0
8	22	1 1 0 0 1 0 0 0 0 0 0 1 0 0 1 0
8	7	1 1 0 0 0 0 0 0 0 0 0 0 0 0 1 0
8	1	1 1 0 1 1 0 0 0 0 0 0 0 1 0 0 0
8	5	0 1 0 1 1 0 1 0 0 0 0 0 1 0 0 0
8	1	0 1 0 1 0 0 0 0 0 0 0 0 1 0 0 0
8	4	1 1 0 0 1 0 0 0 0 0 0 0 0 1 1 0
8	2	0 1 0 0 0 0 0 0 1 0 0 0 0 0 1 0
8	6	1 0 1 0 0 0 0 0 0 1 0 0 0 1 0 0
8	2	0 0 1 0 1 0 0 0 0 0 0 0 0 0 1 0
8	3	0 0 1 0 0 0 1 0 0 1 0 0 0 1 0 0
8	4	0 0 1 0 0 1 0 0 0 1 0 0 0 0 1 0
8	8	0 1 0 0 0 0 0 0 0 1 0 0 0 1 0 0
8	2	0 1 0 1 1 0 0 0 1 0 0 0 1 0 0 0
8	1	1 1 0 0 1 0 0 0 0 1 0 0 0 0 1 0
8	1	0 1 0 0 0 1 0 0 1 0 1 0 0 0 1 0
8	5	0 1 0 0 0 1 0 0 1 0 0 0 0 0 1 1
8	5	0 0 1 0 0 0 0 0 0 1 0 1 0 1 0 0
8	1	0 0 0 0 0 0 0 0 0 1 0 0 0 1 0 0
8	2	0 1 0 0 0 1 0 1 1 0 1 0 0 0 1 0
8	1	0 0 1 0 0 1 0 0 0 0 0 0 1 0 0 0
8	4	1 1 0 0 1 0 0 0 0 0 1 0 0 0 1 0
8	3	1 1 0 0 1 0 0 0 1 0 0 0 0 0 1 0
8	2	1 1 0 0 0 1 0 0 1 0 0 0 0 0 1 0
8	3	0 0 1 1 0 0 0 0 0 1 0 0 0 1 0 0
8	2	0 1 0 0 0 1 0 0 1 1 1 0 0 0 1 0
8	3	0 1 1 0 0 0 1 0 0 1 0 0 0 1 0 0
8	2	0 1 0 1 1 0 0 0 0 0 0 0 0 1 0 0
8	2	0 1 0 0 1 0 0 0 0 0 0 0 0 0 1 0
8	2	1 0 1 0 0 0 0 0 0 1 0 0 1 1 0 0
8	1	1 1 0 0 1 0 0 0 1 0 0 0 0 0 1 1
8	3	1 1 0 0 1 0 0 0 0 0 0 0 1 0 0 0
8	3	0 1 0 0 0 1 0 0 1 1 0 0 0 1 0 0
8	5	0 1 0 0 0 1 0 0 1 0 0 0 1 0 0 0
8	2	0 1 0 0 0 1 0 0 0 0 0 0 0 0 1 0
8	1	0 0 1 0 0 0 0 0 0 1 0 0 0 1 1 0
8	2	1 1 0 0 0 0 0 0 0 0 0 0 0 0 0 0
8	1	1 0 0 1 1 0 0 0 0 0 0 0 1 0 0 0
8	2	0 1 0 0 1 0 0 0 0 0 0 0 1 0 0 0
8	4	1 1 1 0 1 0 0 0 0 0 0 0 0 0 1 0
8	1	0 0 1 0 0 0 0 0 0 1 1 0 0 1 0 0
8	1	0 1 0 0 1 0 0 0 0 0 0 0 1 0 0 1
8	1	0 0 1 0 0 1 0 0 0 0 0 0 0 0 1 0
8	6	0 1 1 0 0 0 1 0 0 1 0 0 0 0 0 0
45	35	0 1 0 1 1 0 0 0 0 0 0 0 1 0 0 0
45	30	1 1 0 0 1 0 0 0 0 0 0 0 0 0 1 0
45	1	0 1 0 0 0 1 0 0 1 0 0 0 0 0 1 0
45	262	0 0 1 0 0 0 0 0 0 1 0 0 0 1 0 0
45	2	0 0 1 0 0 0 0 0 0 1 0 0 0 0 1 0
45	21	0 0 1 0 0 0 0 0 0 1 0 0 1 1 0 0
45	33	0 0 1 0 0 1 0 0 0 1 0 0 0 1 0 0
45	20	1 1 0 0 1 0 0 0 0 0 0 0 0 1 1 0
45	147	1 0 1 0 0 0 0 0 0 1 0 0 0 1 0 0
45	3	0 1 0 0 0 0 0 0 0 1 0 0 0 1 0 0
45	22	0 0 1 0 0 0 0 0 0 1 0 1 0 1 0 0
45	26	0 0 1 1 0 0 0 0 0 1 0 0 0 1 0 0
45	46	1 1 1 0 1 0 0 0 0 0 0 0 0 0 1 0
45	13	0 1 1 0 0 1 0 0 0 0 0 0 0 0 1 0
45	21	0 0 1 0 1 0 0 0 0 1 0 0 0 1 0 0
45	1	0 0 1 0 0 0 0 0 0 1 0 1 1 1 0 0
45	18	0 1 1 1 1 0 0 0 0 0 0 0 1 0 0 0
45	20	0 1 1 0 0 0 0 0 0 1 0 0 0 1 0 0
45	11	1 0 1 0 0 0 0 0 0 1 0 1 0 1 0 0
45	1	0 0 1 1 0 0 1 0 0 1 0 0 0 1 0 0
45	4	0 1 0 1 1 0 0 0 0 1 0 0 0 1 0 0
45	4	0 1 0 0 0 1 1 0 0 0 0 0 0 0 1 0
45	10	0 0 1 0 0 0 0 0 0 1 0 0 0 0 0 0
45	5	1 0 1 0 0 0 0 0 0 1 0 0 0 1 1 0
45	5	1 1 0 0 1 0 0 0 0 0 1 0 0 0 1 0
45	8	1 1 1 0 0 0 0 0 0 1 0 0 0 1 0 0
45	15	0 0 1 0 0 0 0 0 0 1 0 0 0 1 1 0
45	3	0 0 1 1 0 1 0 0 0 1 0 0 0 1 0 0
45	5	1 0 1 0 0 0 0 0 1 1 1 0 0 1 0 0
45	2	1 1 0 0 1 0 0 0 0 1 0 0 0 0 0 0
45	2	1 1 0 1 1 0 0 0 0 0 0 0 0 0 1 0
45	11	0 0 1 0 0 1 0 0 0 0 0 0 0 1 0 0
45	1	1 1 1 0 1 0 0 0 0 0 0 0 0 0 1 1
45	15	1 0 1 0 0 1 0 0 0 1 0 0 0 1 0 0
45	1	0 0 1 0 0 0 0 1 0 1 0 1 0 1 0 0
45	1	0 1 1 0 0 1 0 0 0 0 0 0 1 0 0 0
45	33	1 1 1 0 1 0 0 0 1 0 0 1 0 0 1 0
45	9	1 1 0 1 1 0 0 0 0 0 0 0 0 1 0 0
45	3	0 0 1 0 0 0 0 0 0 0 0 0 1 0 0 0
45	7	0 0 1 0 0 1 0 0 0 0 0 0 0 0 1 0
45	9	0 1 1 1 1 0 0 0 0 0 0 0 1 1 0 0
45	1	1 0 1 0 0 1 0 0 0 1 0 0 1 1 0 0
45	14	0 1 0 0 1 0 0 0 0 0 0 0 0 0 1 0
45	2	0 0 1 0 0 1 0 0 0 1 0 0 0 1 1 0
45	2	0 0 1 0 0 1 0 0 0 1 0 0 0 0 0 0
45	1	0 0 1 1 1 0 0 0 0 1 0 0 0 1 0 0
45	1	0 0 0 0 0 0 0 1 0 1 0 0 0 1 0 0
45	13	0 0 1 0 1 0 0 0 0 0 0 0 0 0 1 0
45	11	1 0 1 0 0 0 1 0 0 1 0 0 0 1 0 0
45	3	1 1 0 0 1 0 0 0 0 0 0 1 0 1 0 0
45	3	0 0 1 0 0 1 0 0 0 1 0 1 0 1 0 0
45	6	1 0 1 0 0 0 0 0 0 1 0 0 0 1 0 1
45	4	0 1 1 0 0 1 0 0 0 0 0 0 0 0 0 0
45	14	0 0 1 0 1 0 0 0 0 1 0 0 0 1 1 0
45	5	0 1 1 1 0 0 1 0 0 1 0 0 0 1 0 0
45	3	0 1 1 0 1 0 0 0 1 0 0 1 0 0 1 0
45	2	1 1 1 0 1 0 0 0 1 0 0 1 1 0 0 0
45	2	1 1 0 1 0 0 0 0 0 1 0 0 0 1 0 0
45	2	0 1 0 1 1 1 0 0 0 0 0 0 1 0 0 0
45	1	1 1 1 0 1 0 0 0 0 0 0 0 0 0 0 0
45	1	0 0 1 0 1 0 0 0 0 0 0 0 0 1 0 0
45	1	1 1 1 0 1 0 0 0 1 0 0 0 0 1 0 0
45	3	0 0 1 0 0 0 0 0 0 1 0 0 0 1 0 1
45	1	0 0 1 0 0 0 1 0 0 1 0 0 0 1 0 0
45	1	0 0 1 0 0 0 0 0 0 0 0 0 0 1 0 0
45	2	0 0 0 1 0 0 0 0 0 1 0 0 0 1 0 0
45	1	1 1 0 0 1 0 0 0 0 1 0 0 0 1 1 0
45	1	1 0 1 0 0 0 0 0 0 1 0 0 0 0 0 0
45	1	0 1 0 0 0 1 1 0 0 0 0 0 0 1 0 0
45	1	1 1 0 0 1 0 0 0 0 1 0 0 0 0 1 0
45	1	0 1 1 0 0 1 0 0 0 1 0 0 0 1 0 0
45	1	1 1 0 0 1 0 0 0 0 0 1 0 0 1 1 0
45	1	0 1 0 1 1 0 1 0 0 0 1 0 1 0 0 0
45	3	1 1 0 1 1 1 0 0 0 0 0 0 0 0 1 0
45	1	1 1 1 0 1 0 0 0 0 0 0 1 0 0 1 0
45	2	0 1 1 1 1 1 0 0 0 0 0 0 1 1 0 0
45	2	0 0 1 0 1 0 0 1 0 1 0 0 0 1 1 0
85	1	1 1 0 0 1 0 0 0 0 0 0 0 0 0 1 0
85	72	0 0 1 0 0 0 0 0 0 1 0 0 0 1 0 0
85	32	0 0 1 0 0 1 0 0 0 1 0 0 0 1 0 0
85	77	1 0 1 0 0 0 0 0 0 1 0 0 0 1 0 0
85	8	0 0 1 0 0 0 0 0 0 1 0 1 0 1 0 0
85	55	0 0 1 1 0 0 0 0 0 1 0 0 0 1 0 0
85	34	1 1 1 0 1 0 0 0 0 0 0 0 0 0 1 0
85	29	0 1 1 1 1 0 0 0 0 0 0 0 1 0 0 0
85	6	0 1 1 0 0 0 0 0 0 1 0 0 0 1 0 0
85	39	0 0 1 0 0 0 0 0 0 1 0 0 0 0 0 0
85	116	1 1 1 0 0 0 0 0 0 1 0 0 0 1 0 0
85	5	1 1 1 0 1 0 0 0 0 0 0 0 0 0 1 1
85	34	1 0 1 0 0 1 0 0 0 1 0 0 0 1 0 0
85	28	1 1 1 0 1 0 0 0 1 0 0 1 0 0 1 0
85	1	1 0 1 0 0 0 1 0 0 1 0 0 0 1 0 0
85	13	0 1 1 0 0 1 0 0 0 0 0 0 0 0 0 0
85	6	0 0 1 0 0 1 0 0 0 1 0 0 1 1 0 0
85	8	1 0 1 0 0 0 0 0 0 0 0 0 0 1 0 0
85	16	1 0 1 0 0 0 0 0 0 1 0 0 0 0 0 0
85	17	1 1 1 0 1 0 0 0 0 0 0 1 0 0 1 0
85	15	1 0 1 1 0 0 0 0 0 1 0 0 0 1 0 0
85	19	1 1 1 0 1 0 0 0 0 0 0 0 0 1 0 0
85	6	0 1 0 0 1 0 0 0 0 0 0 0 0 1 1 0
85	2	0 0 1 0 0 1 0 0 0 1 1 0 0 1 0 0
85	3	1 1 0 0 1 0 0 0 0 1 0 0 0 1 0 0
85	6	0 1 1 1 1 1 0 0 0 0 0 0 1 0 0 0
85	3	0 0 1 0 0 0 0 0 0 0 0 0 0 0 0 0
85	13	1 1 1 0 1 0 0 0 1 1 0 1 0 0 1 0
85	9	1 0 1 0 0 0 0 0 0 0 0 0 1 0 0 0
85	15	0 0 1 1 0 0 0 0 0 1 0 0 1 1 0 0
85	3	1 1 1 0 1 0 0 0 1 0 0 0 0 0 1 1
85	6	1 0 1 0 1 0 0 0 1 0 0 1 0 0 1 0
85	7	0 1 1 0 0 1 1 0 0 0 0 0 0 0 0 0
85	2	1 1 0 0 1 0 0 0 0 0 0 0 1 0 0 0
85	9	0 1 1 0 0 1 0 0 0 0 0 0 1 0 0 0
85	12	1 1 1 0 1 0 0 0 1 0 1 1 0 0 1 0
85	6	0 1 1 1 1 0 0 0 1 0 0 0 1 1 0 0
85	6	0 1 1 1 1 0 0 0 0 1 0 0 1 0 0 0
85	17	0 1 1 0 0 1 1 0 0 0 0 0 0 1 0 0
85	5	1 0 1 1 0 0 0 0 0 1 0 1 0 0 0 0
85	2	0 1 1 0 0 0 0 0 0 0 0 0 0 0 0 0
85	9	1 1 1 0 0 0 1 0 0 1 0 0 1 1 0 0
85	1	0 0 0 0 1 0 0 0 0 1 0 0 0 1 0 0
85	1	0 0 1 0 0 0 0 0 0 1 0 0 0 0 1 0
85	24	1 0 1 0 1 0 0 0 1 0 1 1 0 0 1 0
85	5	0 0 1 1 0 0 0 0 0 1 0 1 0 0 0 0
85	3	0 0 1 1 0 0 0 0 0 0 0 0 0 1 0 0
85	3	1 1 1 0 1 0 1 0 0 0 0 0 0 0 1 0
85	4	1 1 1 0 0 0 0 1 0 1 0 0 0 1 0 0
85	2	1 0 1 0 0 1 0 1 0 1 0 0 0 0 0 0
85	1	0 0 1 1 1 0 0 0 0 1 0 1 0 0 0 0
85	1	1 1 1 0 1 0 0 0 0 0 0 0 1 0 0 0
85	5	1 0 1 1 0 0 0 0 0 0 0 0 0 1 0 0
85	5	0 1 1 0 0 1 0 0 1 0 0 0 1 1 0 0
85	15	1 1 1 0 1 0 0 0 1 0 0 0 0 0 1 0
85	11	1 0 1 0 0 0 0 0 0 0 0 0 1 1 0 0
85	9	0 0 1 1 1 1 0 0 0 0 1 0 1 0 0 0
85	2	0 0 1 0 0 0 0 0 0 1 0 0 0 1 1 0
85	1	0 0 1 0 1 1 0 0 0 1 0 0 0 1 0 0
85	7	1 0 1 0 0 0 0 1 0 1 0 0 0 1 0 0
85	1	1 0 1 0 0 1 0 0 0 0 0 0 0 1 0 0
85	6	1 0 1 1 1 0 0 0 0 0 0 1 0 1 0 0
85	9	1 1 1 0 0 0 0 0 0 0 0 0 0 1 0 0
85	1	1 1 1 0 1 0 0 0 0 0 0 0 0 1 1 1
85	2	1 1 1 0 0 0 1 0 0 1 0 0 1 0 0 0
85	10	1 1 1 0 1 0 0 0 1 0 0 1 0 0 0 0
85	3	1 0 1 0 0 0 0 0 0 1 0 1 0 0 1 0
85	1	0 0 1 0 1 0 0 0 0 0 0 0 0 0 1 0
85	3	0 0 1 1 0 0 0 0 0 1 0 0 0 0 1 0
85	3	0 0 1 1 0 1 0 0 0 0 0 0 0 0 0 0
85	4	0 1 1 1 1 1 0 0 0 0 0 0 0 1 0 0
85	2	1 1 1 0 0 0 0 0 0 0 0 1 0 1 0 0
85	4	0 0 1 0 0 1 0 0 0 1 0 0 0 0 0 0
85	1	1 0 1 0 0 0 0 0 1 1 0 0 0 1 0 0
85	10	1 0 1 0 0 0 0 0 0 1 1 0 0 1 0 0
85	4	1 1 0 0 1 0 0 0 0 0 0 1 0 0 1 0
85	5	0 0 1 0 0 1 1 0 0 0 0 0 0 1 0 0
85	3	1 1 1 0 1 0 0 0 0 0 0 0 0 0 0 0
85	1	0 0 1 0 0 1 0 0 0 0 0 0 0 0 1 0
85	7	1 1 1 0 1 0 0 0 1 1 0 0 0 1 0 0
85	5	0 0 1 1 1 0 0 1 0 1 0 0 0 1 0 0
85	1	1 0 1 0 1 0 0 0 0 1 0 0 0 1 0 0
85	3	0 1 1 0 0 0 0 0 0 1 0 0 0 1 0 1
85	3	1 1 1 0 0 0 1 0 0 1 0 0 0 1 0 0
85	5	1 1 1 0 1 0 0 0 1 0 0 1 0 1 1 0
85	2	0 0 1 0 0 1 0 0 1 1 0 0 1 1 0 0
85	3	1 1 1 0 0 0 0 0 0 1 0 0 0 0 0 0
85	1	1 0 1 0 0 0 0 0 0 1 0 0 0 0 1 0
85	1	0 0 1 0 0 0 1 0 0 1 0 0 1 0 0 0
85	1	0 0 0 1 0 0 0 0 0 1 0 0 0 1 0 0
85	1	1 0 1 0 1 0 0 0 0 0 0 0 0 0 1 0
85	2	0 1 1 0 0 1 0 1 1 0 0 0 1 1 0 0
85	4	1 0 1 0 0 0 0 0 0 0 0 0 1 1 1 0
85	1	0 0 1 1 1 1 1 0 0 0 1 0 1 0 0 0
85	1	1 0 1 0 1 1 0 0 0 1 0 0 0 1 0 0
85	1	0 1 1 0 0 1 0 0 1 1 0 0 0 1 0 0
85	1	1 0 1 0 0 0 0 0 0 1 0 1 0 0 0 0
85	1	1 1 1 0 1 0 0 0 0 1 0 0 0 1 0 0
85	3	1 0 1 1 0 0 0 0 0 1 0 1 0 0 1 0
85	1	0 1 1 0 0 0 0 0 0 1 0 0 1 0 0 0
85	1	0 0 1 1 0 0 0 0 0 0 0 0 0 0 0 0
85	1	1 1 1 0 0 0 0 0 0 1 0 0 0 1 0 1
85	1	0 0 1 0 0 1 0 0 0 0 0 0 0 0 0 0
85	3	0 1 1 1 1 0 0 1 0 1 0 0 1 0 0 0
85	1	0 0 1 1 0 1 0 0 0 0 0 0 0 1 0 0
154	2	0 0 1 0 0 0 0 0 0 1 0 0 0 1 0 0
154	11	1 0 1 0 0 0 0 0 0 1 0 0 0 1 0 0
154	44	1 1 1 0 1 0 0 0 0 0 0 0 0 0 1 0
154	101	0 1 1 1 1 0 0 0 0 0 0 0 1 0 0 0
154	10	1 1 1 0 0 0 0 0 0 1 0 0 0 1 0 0
154	21	0 1 1 0 0 1 0 0 0 0 0 0 0 0 0 0
154	8	1 0 1 1 0 0 0 0 0 1 0 0 0 1 0 0
154	8	0 1 1 1 1 1 0 0 0 0 0 0 0 1 0 0
154	61	1 1 1 0 1 0 0 0 0 0 0 0 0 0 0 0
154	21	1 1 1 0 1 0 0 0 0 1 0 0 0 1 0 0
154	22	1 1 1 1 0 0 0 0 0 0 0 0 0 1 0 0
154	6	1 1 1 0 0 0 0 0 0 0 0 1 0 0 1 0
154	9	0 1 1 1 0 0 0 0 0 1 0 0 0 1 0 0
154	34	0 1 1 1 0 0 0 0 0 0 0 0 1 0 0 0
154	8	0 1 1 1 1 0 0 1 0 1 0 0 1 0 0 0
154	10	1 0 1 0 0 0 1 0 0 1 1 0 0 1 0 0
154	8	1 1 1 0 1 0 0 0 0 1 0 0 0 0 0 0
154	28	0 0 0 1 1 0 0 0 0 0 1 0 0 0 0 0
154	13	0 1 1 1 1 0 0 0 0 0 0 0 0 1 0 0
154	4	0 1 1 0 0 1 1 0 0 0 0 0 0 0 0 0
154	14	1 0 1 0 0 0 0 0 0 1 0 0 0 0 1 0
154	41	1 1 1 1 1 0 0 0 0 0 0 0 1 0 0 0
154	3	1 1 1 0 1 0 1 0 0 0 0 0 0 0 0 0
154	30	1 1 1 0 1 0 1 0 0 0 1 0 0 0 1 0
154	4	0 1 1 1 0 1 1 1 0 0 0 0 0 1 0 1
154	6	1 0 1 1 0 1 0 0 0 0 0 0 0 1 0 0
154	10	1 0 1 0 0 0 0 0 0 0 0 0 0 0 0 0
154	36	0 1 1 1 1 0 0 0 0 1 0 0 1 0 0 0
154	23	1 0 1 1 1 0 0 0 0 0 0 0 1 0 0 0
154	15	0 1 1 1 1 1 1 0 0 0 0 0 0 1 0 0
154	8	1 1 1 0 1 0 0 0 0 0 0 0 0 1 0 0
154	5	0 1 1 1 1 0 0 0 0 0 0 0 1 1 0 0
154	8	1 1 1 0 0 0 0 0 0 1 0 0 0 0 0 0
154	4	1 1 1 0 1 0 0 1 0 0 0 0 0 0 1 0
154	19	1 0 1 1 0 0 1 0 0 1 0 0 0 1 0 0
154	2	1 0 1 1 1 1 1 0 0 0 0 0 0 1 0 0
154	1	0 1 0 1 1 1 0 0 0 0 0 0 0 1 0 0
154	4	0 1 1 1 1 0 0 0 0 0 0 0 0 0 0 0
154	4	1 1 1 1 0 0 0 0 0 0 0 0 1 0 0 0
154	4	1 0 1 1 1 0 1 0 0 1 1 0 0 1 0 0
154	22	1 0 0 0 1 0 0 0 0 0 0 0 1 0 0 0
154	4	1 0 1 1 1 1 0 0 0 0 0 1 1 0 0 0
154	26	1 1 1 0 1 0 0 0 0 0 0 0 1 0 0 0
154	25	1 0 1 1 1 1 1 0 0 0 0 0 0 0 0 0
154	10	0 1 1 1 1 1 0 0 0 0 0 0 1 0 0 0
154	16	1 1 1 0 0 0 0 0 0 0 0 0 0 1 0 0
154	25	1 1 1 0 1 0 0 0 0 0 0 1 0 0 1 0
154	6	1 1 1 0 1 0 0 1 0 0 0 0 0 0 0 0
154	7	1 1 1 1 0 0 0 0 0 0 0 0 0 0 0 0
154	5	0 1 0 1 1 0 0 0 0 0 1 0 0 0 0 0
154	15	0 1 0 1 1 0 0 0 0 0 0 0 0 1 0 0
154	2	1 1 1 0 1 0 1 0 0 1 0 0 0 0 0 0
154	24	0 1 1 0 1 0 0 0 0 0 0 0 0 0 0 0
154	3	1 0 1 0 0 0 1 0 0 1 1 1 0 1 0 0
154	1	1 1 1 1 1 0 0 0 0 0 1 0 1 0 0 0
154	1	1 1 1 1 1 0 0 0 0 0 0 1 0 0 1 0
154	8	0 1 1 0 1 0 0 1 0 1 0 0 0 0 0 0
154	2	1 0 1 0 0 0 1 0 0 1 0 1 0 1 0 0
154	2	0 1 1 0 0 1 1 0 0 0 0 0 0 1 0 0
154	4	1 0 1 1 0 0 1 0 0 1 0 0 0 0 0 0
154	2	1 0 1 1 1 1 0 0 0 0 0 0 0 0 1 0
154	9	0 1 1 0 0 1 1 0 0 0 0 0 0 0 0 1
154	4	1 1 1 1 1 0 0 0 0 0 0 0 0 1 0 0
154	2	0 1 1 0 0 0 0 0 0 0 0 0 1 0 0 0
154	2	1 0 1 0 0 0 0 0 0 1 0 0 0 1 1 0
154	7	1 0 1 0 0 0 1 0 1 1 1 0 0 1 0 0
154	5	1 0 1 1 0 0 0 0 0 0 0 0 1 0 0 0
154	3	1 1 1 0 1 0 0 1 0 0 0 0 0 1 0 0
154	7	1 0 1 1 1 1 0 0 0 0 0 1 1 1 0 0
154	4	0 0 0 1 1 0 1 0 0 1 0 0 0 1 0 0
154	5	1 1 1 0 1 1 0 0 0 0 0 0 0 0 0 0
154	15	0 1 1 0 1 0 1 0 0 0 1 0 0 0 1 0
154	3	0 1 1 1 0 0 0 0 0 0 0 0 0 0 0 0
154	4	1 1 1 1 1 0 0 0 0 0 0 0 0 0 0 0
154	1	1 0 1 1 0 0 1 0 0 0 0 0 1 0 0 0
154	2	0 1 1 0 0 0 0 0 0 0 0 1 0 0 1 0
154	3	1 1 1 0 0 0 1 0 0 0 0 0 1 0 0 0
154	2	1 1 1 0 1 0 1 0 0 1 0 0 0 1 0 0
154	2	0 1 1 1 1 0 0 0 0 0 0 0 1 0 1 0
154	3	1 1 1 0 1 1 0 0 0 0 0 0 1 0 0 0
154	1	0 1 1 0 0 1 0 0 0 0 0 0 0 1 0 0
154	4	1 1 1 1 1 0 0 1 0 0 0 0 1 0 0 0
154	2	1 1 1 0 1 0 1 0 0 0 1 1 0 0 1 0
154	1	0 1 1 1 1 0 1 0 0 1 0 0 1 0 0 0
154	4	1 1 1 0 0 0 0 0 0 0 0 0 0 0 0 0
154	5	1 0 1 0 0 1 1 0 0 0 0 0 0 0 0 1
154	5	0 1 1 0 0 0 0 0 0 0 0 0 0 1 0 0
154	3	1 0 1 0 0 0 0 0 0 0 0 0 1 0 1 0
154	2	1 0 1 0 1 0 1 0 0 0 1 0 0 0 1 0
154	1	1 1 1 0 1 0 1 1 0 0 1 0 0 0 1 0
154	1	0 1 1 1 1 1 1 0 0 0 1 0 0 0 1 0
154	1	0 1 1 1 1 0 0 0 0 0 0 1 1 0 0 0
154	1	0 1 0 1 1 0 0 0 0 0 0 0 1 0 0 0
154	1	0 0 1 0 0 1 0 0 0 0 0 0 0 0 0 0
154	2	0 1 1 1 1 1 0 0 0 0 0 0 1 1 0 0
154	2	1 0 1 1 1 0 1 0 0 1 0 0 0 1 0 0
154	1	1 1 1 0 0 0 0 0 0 0 0 0 0 1 0 1
239	41	0 1 1 1 1 0 0 0 0 0 0 0 1 0 0 0
239	11	1 1 1 0 0 0 0 0 0 1 0 0 0 1 0 0
239	19	1 1 1 0 1 0 0 0 0 0 0 0 0 0 0 0
239	13	1 1 1 0 1 0 0 0 0 1 0 0 0 1 0 0
239	61	1 1 1 1 1 0 0 0 0 0 0 0 1 0 0 0
239	37	1 1 1 1 0 0 0 0 0 0 0 0 1 0 0 0
239	12	1 1 1 0 1 0 0 0 0 0 0 0 1 0 0 0
239	3	0 1 1 1 1 1 0 0 0 0 0 0 1 0 0 0
239	20	1 1 1 1 1 0 0 0 0 0 1 0 1 0 0 0
239	23	1 1 1 1 1 0 0 0 0 0 0 0 0 0 0 0
239	25	0 1 1 1 1 0 0 0 0 0 1 0 1 0 0 0
239	32	1 0 1 1 1 0 1 0 0 0 0 0 0 0 0 0
239	12	0 1 1 0 1 0 0 0 0 0 0 0 0 0 0 1
239	19	1 1 1 0 0 0 0 0 0 0 0 0 1 0 0 0
239	27	1 1 1 1 1 0 0 0 0 0 0 0 0 0 1 0
239	19	0 1 1 1 0 0 0 0 0 0 0 0 0 1 0 0
239	36	1 0 1 0 1 0 0 0 0 0 0 0 0 0 0 0
239	23	1 1 1 0 0 0 0 0 0 0 0 0 0 1 0 0
239	2	1 1 1 0 1 0 1 0 0 0 0 0 1 0 0 0
239	10	1 1 1 1 1 0 0 0 0 0 0 0 0 0 0 1
239	2	1 1 1 0 1 0 0 0 0 0 1 0 1 0 0 0
239	10	1 1 1 1 1 0 0 0 1 0 0 0 1 0 0 0
239	24	1 1 1 1 1 0 0 0 0 0 0 0 1 0 1 0
239	17	1 1 0 1 1 0 0 0 0 0 0 0 1 0 0 0
239	10	1 1 1 1 1 0 0 0 0 1 0 0 0 0 0 0
239	36	0 1 1 1 0 0 1 0 0 1 1 0 0 1 0 0
239	8	0 1 1 1 0 0 0 0 0 0 0 0 0 0 0 0
239	16	1 1 1 1 1 0 0 0 0 1 0 0 0 1 0 0
239	8	1 1 1 0 1 0 0 0 1 0 0 0 0 0 0 0
239	5	0 1 1 1 1 0 0 0 0 1 0 0 1 0 0 0
239	10	1 1 1 0 0 0 1 0 0 0 0 0 0 0 0 0
239	4	0 1 1 1 1 0 0 0 0 0 1 0 1 0 0 1
239	17	1 1 1 0 1 0 0 0 0 0 0 0 0 1 0 0
239	12	1 1 1 0 1 0 0 0 0 1 0 0 0 0 1 0
239	24	0 1 1 1 1 0 0 0 0 0 0 0 0 0 0 0
239	1	0 1 1 1 1 0 0 0 0 0 0 0 0 1 0 0
239	9	1 1 1 0 1 1 0 0 0 0 0 0 0 0 0 0
239	1	1 1 1 0 0 0 0 0 0 0 1 0 0 1 0 0
239	18	1 1 1 0 0 0 0 1 0 0 0 0 0 0 0 0
239	7	0 1 1 0 1 0 0 0 0 0 0 0 1 0 0 1
239	6	0 1 1 0 0 0 0 0 0 1 0 0 0 0 1 0
239	4	1 1 0 1 1 0 0 0 0 0 0 0 0 0 0 0
239	1	1 1 1 0 0 0 0 0 0 0 0 0 1 0 1 0
239	2	1 1 1 1 1 0 0 0 0 1 1 0 1 0 1 0
239	16	0 1 1 1 1 0 0 0 0 0 1 0 0 0 0 0
239	1	1 1 1 1 0 0 1 0 0 1 1 0 1 0 1 0
239	4	0 1 1 1 1 0 1 0 0 1 1 0 0 1 0 0
239	2	1 1 1 1 0 0 0 0 0 1 0 0 0 1 0 0
239	1	1 0 1 1 0 0 0 0 0 1 0 0 0 0 1 0
239	14	0 0 1 1 1 0 1 0 0 0 1 0 0 0 0 0
239	10	0 1 1 0 1 0 0 0 0 0 0 0 1 0 0 0
239	1	1 1 1 1 1 0 0 1 0 0 0 0 1 0 0 0
239	8	0 1 1 0 1 0 0 0 0 0 0 1 0 0 0 1
239	13	1 0 1 0 0 0 0 0 0 0 0 0 0 1 0 0
239	16	0 1 1 0 1 0 0 0 0 0 0 0 0 0 0 0
239	6	1 1 0 1 1 0 0 0 0 1 0 0 0 0 0 0
239	9	1 1 1 0 0 1 1 0 0 0 0 1 0 1 0 0
239	11	1 1 1 1 1 0 0 0 0 0 0 1 1 0 0 0
239	6	1 0 1 1 1 0 0 0 0 0 0 0 0 0 0 0
239	4	1 0 1 1 0 0 0 0 0 0 0 0 1 0 0 0
239	13	1 1 1 1 1 0 0 0 0 1 1 0 1 0 0 0
239	18	1 1 1 0 1 0 0 0 0 1 0 0 0 0 0 0
239	5	0 1 1 1 0 0 1 0 0 1 1 1 0 1 0 0
239	24	1 1 1 1 1 0 1 0 0 0 0 0 1 0 0 0
239	1	1 0 1 0 1 1 0 0 0 0 0 0 0 0 0 0
239	4	1 0 1 1 1 0 1 1 0 0 1 0 0 0 1 0
239	3	1 1 1 1 1 1 0 0 0 0 0 0 1 0 0 0
239	4	1 0 1 0 0 0 0 0 0 0 0 0 0 0 0 0
239	11	1 1 1 1 1 0 0 1 1 0 0 0 1 0 0 0
239	3	1 1 0 0 1 0 0 0 0 0 0 0 1 0 0 0
239	5	0 1 1 1 1 1 0 0 0 0 0 0 0 1 0 0
239	1	0 1 1 1 1 0 0 0 0 0 0 0 1 0 0 1
239	9	1 1 0 1 0 0 0 0 0 0 0 0 1 0 0 0
239	7	1 1 1 0 0 0 1 0 0 0 0 0 0 0 0 1
239	1	0 1 1 0 1 0 0 0 0 0 0 0 0 1 0 0
239	1	1 0 1 0 1 0 0 0 0 0 0 0 0 0 1 0
239	2	1 1 1 1 1 0 0 0 0 1 1 0 0 0 1 0
239	8	0 1 1 1 1 0 0 0 0 0 1 0 0 0 1 0
239	3	1 1 1 1 1 0 0 1 0 1 0 0 1 0 0 0
239	1	1 1 1 0 1 0 0 0 0 1 0 0 0 1 0 1
239	1	1 1 1 1 1 0 0 0 0 1 0 0 1 0 0 0
239	2	0 1 1 1 1 1 0 0 0 0 0 0 0 0 0 0
239	5	0 1 1 1 1 1 0 0 0 0 1 0 0 0 0 0
239	2	1 1 1 1 0 0 1 0 0 1 1 0 1 0 0 0
239	6	0 1 1 1 1 0 1 0 0 1 0 0 0 1 0 0
239	2	0 1 1 0 0 0 0 0 0 1 0 0 0 1 0 0
239	4	0 1 1 0 1 0 0 0 0 1 0 0 0 1 0 0
239	3	1 1 1 0 0 0 0 1 0 0 0 0 0 1 0 0
239	2	0 1 1 0 1 0 0 0 0 1 0 0 0 0 1 0
239	1	0 0 1 1 1 0 0 0 0 0 1 0 0 0 0 0
239	2	0 0 1 1 1 0 1 0 0 0 0 0 0 0 0 0
239	2	1 1 1 0 0 0 0 0 0 0 0 0 1 0 0 1
239	3	1 1 1 1 1 0 0 0 0 0 0 0 0 1 0 0
239	1	1 0 1 0 1 0 0 0 0 0 1 0 1 0 0 0
239	1	0 1 1 1 1 0 0 0 0 0 0 0 0 0 1 0
239	1	1 1 1 0 0 0 0 0 0 0 1 0 1 0 0 0
239	1	1 0 1 0 1 1 0 0 0 0 0 0 1 0 0 1
239	1	0 1 1 0 1 0 0 0 0 0 1 0 0 0 0 0
239	2	1 1 1 1 0 1 0 0 0 0 0 0 1 0 0 0
239	1	1 1 1 0 1 0 0 0 0 0 0 0 1 1 0 0
239	1	0 1 0 1 1 0 0 0 0 0 1 0 1 0 0 0
239	1	1 0 1 1 1 0 0 0 0 0 0 0 0 0 1 0
239	4	1 1 1 0 0 0 0 0 0 0 0 0 0 0 0 0
239	2	1 1 0 1 1 0 0 0 0 0 0 0 1 1 0 0
239	2	0 1 0 1 0 0 0 0 0 0 0 0 0 0 0 0
239	1	1 1 1 0 0 0 1 1 0 0 0 0 0 0 0 0
239	1	1 1 1 1 1 0 1 0 0 0 0 1 1 0 0 0
239	2	1 1 1 0 0 0 0 1 0 0 0 0 0 1 1 0
252	18	0 1 1 1 1 0 0 0 0 0 0 0 1 0 0 0
252	9	1 1 1 0 1 0 0 0 0 0 0 0 0 0 0 0
252	6	1 1 1 0 1 0 0 0 0 1 0 0 0 1 0 0
252	73	1 1 1 1 1 0 0 0 0 0 0 0 1 0 0 0
252	8	1 1 1 1 0 0 0 0 0 0 0 0 1 0 0 0
252	5	1 1 1 0 1 0 0 0 0 0 0 0 1 0 0 0
252	8	1 1 1 1 1 0 0 0 0 0 1 0 1 0 0 0
252	92	1 1 1 1 1 0 0 0 0 0 0 0 0 0 0 0
252	6	0 1 1 1 1 0 0 0 0 0 1 0 1 0 0 0
252	45	1 0 1 1 1 0 1 0 0 0 0 0 0 0 0 0
252	1	0 1 1 0 1 0 0 0 0 0 0 0 0 0 0 1
252	45	1 1 1 1 1 0 0 0 0 0 0 0 0 0 1 0
252	7	0 1 1 1 0 0 0 0 0 0 0 0 0 1 0 0
252	28	1 0 1 0 1 0 0 0 0 0 0 0 0 0 0 0
252	5	1 1 1 1 1 0 0 0 0 0 0 0 0 0 0 1
252	21	1 1 1 1 1 0 0 0 0 0 0 0 1 0 1 0
252	3	0 1 1 1 0 0 1 0 0 1 1 0 0 1 0 0
252	6	0 1 1 1 0 0 0 0 0 0 0 0 0 0 0 0
252	12	1 1 1 1 1 0 0 0 0 1 0 0 0 1 0 0
252	3	1 1 1 0 1 0 0 0 1 0 0 0 0 0 0 0
252	9	0 1 1 1 1 0 0 0 0 1 0 0 1 0 0 0
252	8	1 1 1 0 0 0 1 0 0 0 0 0 0 0 0 0
252	16	1 1 1 0 1 0 0 0 0 1 0 0 0 0 1 0
252	21	0 1 1 1 1 0 0 0 0 0 0 0 0 0 0 0
252	6	1 1 1 0 1 1 0 0 0 0 0 0 0 0 0 0
252	13	1 1 1 0 0 0 0 1 0 0 0 0 0 0 0 0
252	8	0 1 1 0 1 0 0 0 0 0 0 0 1 0 0 1
252	2	0 1 1 0 0 0 0 0 0 1 0 0 0 0 1 0
252	8	1 1 0 1 1 0 0 0 0 0 0 0 0 0 0 0
252	32	0 1 1 1 1 0 0 0 0 0 1 0 0 0 0 0
252	2	0 0 1 1 1 0 1 0 0 0 1 0 0 0 0 0
252	46	0 1 1 0 1 0 0 0 0 0 0 0 1 0 0 0
252	14	1 1 1 1 1 0 0 1 0 0 0 0 1 0 0 0
252	1	0 1 1 0 1 0 0 0 0 0 0 1 0 0 0 1
252	24	1 0 1 0 0 0 0 0 0 0 0 0 0 1 0 0
252	3	0 1 1 0 1 0 0 0 0 0 0 0 0 0 0 0
252	17	1 1 0 1 1 0 0 0 0 1 0 0 0 0 0 0
252	4	1 1 1 1 1 0 0 0 0 0 0 1 1 0 0 0
252	12	1 0 1 1 1 0 0 0 0 0 0 0 0 0 0 0
252	26	1 0 1 1 0 0 0 0 0 0 0 0 1 0 0 0
252	31	1 1 1 0 1 0 0 0 0 1 0 0 0 0 0 0
252	6	1 1 1 1 1 0 1 0 0 0 0 0 1 0 0 0
252	2	1 1 1 1 1 1 0 0 0 0 0 0 1 0 0 0
252	11	1 0 1 0 0 0 0 0 0 0 0 0 0 0 0 0
252	9	1 1 1 1 1 0 0 1 1 0 0 0 1 0 0 0
252	22	1 1 1 0 0 0 1 0 0 0 0 0 0 0 0 1
252	5	0 1 1 1 1 0 0 0 0 0 1 0 0 0 1 0
252	3	0 1 1 1 1 1 0 0 0 0 0 0 0 0 0 0
252	14	0 1 1 1 1 1 0 0 0 0 1 0 0 0 0 0
252	14	0 1 1 1 1 0 1 0 0 1 0 0 0 1 0 0
252	3	0 0 1 1 1 0 1 0 0 0 0 0 0 0 0 0
252	9	1 1 1 0 1 0 0 0 0 0 0 0 1 1 0 0
252	16	1 1 1 0 0 0 0 0 0 0 0 0 0 0 0 0
252	1	1 0 1 0 0 0 0 0 0 0 0 0 1 0 0 0
252	4	0 1 0 1 1 0 0 0 0 0 0 0 1 0 0 0
252	1	0 1 1 0 1 1 0 0 0 0 0 0 1 0 0 0
252	11	0 1 1 1 0 0 0 0 0 0 0 0 1 0 0 0
252	3	1 1 1 0 1 0 0 0 0 0 0 0 0 0 1 0
252	5	1 0 1 1 1 0 1 0 0 0 0 0 1 0 0 0
252	19	0 1 1 1 1 0 1 0 0 1 0 0 0 0 0 0
252	3	1 0 1 0 1 0 0 0 0 0 1 0 0 0 0 0
252	5	0 1 0 1 1 0 0 0 0 0 1 0 1 0 0 1
252	4	1 1 1 0 1 1 0 0 0 0 0 1 0 0 0 0
252	2	1 0 1 0 0 0 1 0 0 0 0 0 0 1 0 0
252	3	1 1 0 1 1 0 0 0 0 0 0 1 1 0 0 0
252	5	1 0 1 1 1 0 1 0 0 0 0 0 0 1 0 0
252	7	1 1 1 1 1 0 1 0 0 0 1 0 0 0 0 0
252	4	1 0 1 1 1 0 0 0 0 0 0 0 1 0 1 0
252	4	0 1 1 1 0 0 1 1 0 1 1 0 0 1 0 0
252	6	1 0 1 0 0 0 0 0 0 0 0 0 0 0 1 0
252	7	0 1 1 1 1 0 0 0 1 0 1 0 0 0 1 0
252	3	1 1 1 1 1 0 0 0 0 0 0 0 0 1 0 0
252	1	1 1 1 1 1 0 0 0 0 0 0 0 1 1 1 0
252	2	0 1 1 1 1 0 0 0 1 0 1 0 1 0 0 1
252	1	1 1 1 0 0 0 0 1 0 0 0 0 0 0 1 0
252	5	1 1 1 0 0 0 0 0 0 0 0 0 0 0 1 0
252	4	0 1 0 1 1 0 0 0 0 0 0 0 0 0 0 0
252	6	1 1 1 0 1 0 0 0 0 1 0 1 0 0 0 0
252	3	0 1 1 1 1 1 0 0 0 0 1 0 0 0 0 1
252	1	1 1 1 0 1 0 0 0 0 0 0 1 0 0 0 0
252	1	0 1 0 1 1 0 0 0 0 0 0 0 1 0 0 1
252	5	0 1 1 1 0 0 1 0 0 1 1 0 0 1 0 1
252	1	1 1 1 0 0 0 0 1 0 1 0 0 0 0 0 0
252	2	0 0 1 0 0 0 0 0 0 0 0 0 0 1 0 0
252	3	1 0 1 0 1 0 0 0 0 0 1 0 0 0 1 0
252	2	0 1 1 0 1 0 0 0 0 1 0 0 1 0 0 0
252	1	0 1 1 0 1 0 1 0 0 0 0 0 1 0 0 0
252	2	1 0 1 1 1 0 0 0 0 0 1 0 0 0 1 0
252	1	1 0 1 1 1 0 0 0 0 0 0 0 0 0 0 1
252	4	1 0 1 0 1 0 0 0 0 0 1 0 0 1 0 0
252	1	1 0 1 0 1 0 0 1 0 0 0 0 0 0 0 0
252	2	0 1 1 1 1 0 0 1 0 0 0 0 1 0 0 0
252	3	1 1 1 1 1 0 0 1 0 0 0 0 0 0 0 0
252	2	1 1 1 1 1 0 0 0 0 0 1 1 1 0 0 0
252	4	0 1 1 1 1 1 0 0 0 0 0 0 0 0 0 1
252	1	1 1 1 0 1 0 0 0 0 0 1 0 0 0 0 0
252	3	1 0 1 1 1 0 1 0 0 0 1 0 0 0 0 0
252	2	0 0 1 1 1 0 0 0 1 0 1 0 0 0 1 0
252	1	1 1 1 1 1 0 1 0 0 0 0 0 0 0 0 0
252	1	1 0 1 1 1 0 1 0 0 1 0 0 0 0 0 0
252	1	1 1 1 1 1 0 0 0 1 0 0 1 1 0 0 0
252	1	0 0 1 1 1 0 1 0 0 1 0 0 0 0 0 0
252	1	1 0 0 0 0 0 0 0 0 0 0 0 1 0 0 0
252	1	1 0 0 0 1 0 0 0 0 0 1 0 0 0 0 0
252	1	1 1 0 1 1 0 0 0 0 0 1 0 1 0 0 1
252	1	0 1 1 0 1 0 0 0 0 0 0 0 0 1 0 0
252	1	1 0 1 0 0 0 0 0 1 0 1 0 1 0 0 1
252	3	1 1 1 1 1 1 0 0 0 0 1 0 1 0 0 0
252	2	1 1 1 1 1 0 0 0 0 0 1 0 1 0 0 1
252	1	1 1 1 1 1 0 0 0 0 0 1 0 0 0 0 0
252	2	0 1 1 1 0 1 0 0 0 0 0 0 0 1 0 0
252	3	1 0 1 1 0 0 0 0 0 0 0 0 0 1 0 0
252	2	1 0 1 0 0 1 1 0 0 0 0 0 0 1 0 0
350	61	1 1 1 1 1 0 0 0 0 0 0 0 0 0 0 0
350	3	1 1 1 1 1 0 0 0 0 0 0 0 0 0 1 0
350	51	0 1 1 1 1 0 0 0 0 0 0 0 0 0 0 0
350	87	1 1 0 1 1 0 0 0 0 1 0 0 0 0 0 0
350	1	1 1 1 0 1 1 0 0 0 0 0 1 0 0 0 0
350	11	1 1 1 1 1 0 0 0 0 0 1 0 0 0 0 0
350	115	1 1 1 1 1 0 0 0 0 1 0 0 0 0 0 0
350	13	1 1 1 1 0 1 0 0 0 0 0 0 0 1 0 0
350	17	1 1 1 1 0 0 0 0 0 0 0 0 0 0 0 0
350	3	1 1 0 1 1 0 0 0 0 0 0 0 0 0 0 0
350	9	1 1 1 1 1 1 0 0 0 0 1 0 0 0 0 1
350	15	1 1 1 0 1 1 0 0 0 1 0 0 0 0 1 0
350	16	1 1 1 0 1 0 1 0 0 0 1 0 0 0 0 0
350	35	1 0 0 1 1 0 0 0 0 1 0 0 0 0 0 0
350	10	1 1 1 1 1 0 0 0 0 1 0 0 1 0 1 0
350	11	1 1 0 1 1 1 0 0 0 0 0 0 0 0 0 0
350	6	1 1 1 1 1 0 0 0 0 0 0 0 1 0 1 0
350	28	1 1 1 1 1 1 0 0 0 0 0 0 0 0 0 0
350	23	1 1 1 1 1 1 0 0 0 1 1 0 0 0 0 0
350	6	1 1 1 1 0 1 0 0 0 0 0 0 1 0 0 1
350	30	1 1 1 1 0 1 0 0 0 0 0 0 1 0 1 0
350	9	1 1 0 1 1 0 0 0 0 0 0 1 0 0 0 0
350	5	0 1 1 1 0 0 0 0 0 0 1 0 0 1 0 0
350	21	1 1 1 1 0 1 0 0 0 1 0 0 0 0 1 0
350	5	1 1 1 1 1 0 0 0 1 0 0 0 0 0 0 0
350	27	1 1 1 1 0 0 0 0 0 0 0 0 0 0 1 0
350	2	1 1 1 1 0 1 1 0 0 0 0 0 1 0 1 0
350	6	1 1 1 1 1 1 0 0 1 0 0 0 0 0 1 0
350	11	1 1 1 1 1 0 0 0 0 1 0 0 0 0 1 0
350	14	1 1 1 1 1 0 0 0 0 0 0 0 1 0 0 0
350	2	1 0 1 1 0 1 0 0 0 0 0 0 0 0 1 0
350	9	1 1 0 1 1 0 0 0 0 0 1 0 0 0 0 0
350	9	1 1 1 1 1 1 0 0 0 0 0 0 1 0 1 0
350	12	1 1 1 1 1 0 1 0 0 0 0 0 0 0 0 0
350	4	1 1 1 1 0 0 0 0 0 0 1 0 0 0 0 0
350	24	1 1 1 1 1 0 0 0 0 1 0 1 0 0 0 0
350	4	1 1 1 1 0 1 0 0 0 0 1 0 0 1 0 1
350	2	1 1 1 0 1 1 1 0 0 0 0 0 0 1 0 1
350	15	1 1 1 1 1 0 0 0 0 1 1 0 0 0 0 0
350	5	1 0 1 1 1 0 0 0 0 1 0 0 0 0 0 0
350	5	0 1 1 1 0 0 0 0 1 0 1 0 0 1 0 0
350	7	0 1 0 1 1 0 1 0 0 0 0 0 0 0 0 0
350	4	1 1 1 1 0 0 0 1 0 0 0 0 1 0 0 0
350	5	1 1 1 1 1 0 0 1 0 0 0 0 0 0 0 0
350	11	1 1 1 1 1 0 1 0 0 1 0 0 0 0 0 0
350	4	1 1 1 1 1 1 0 0 0 1 0 0 0 0 0 0
350	8	1 1 1 1 0 1 0 1 0 1 0 0 0 1 0 0
350	3	1 1 1 1 0 1 0 1 0 0 0 0 1 0 0 0
350	6	1 1 1 1 0 1 0 0 0 1 0 0 0 0 0 0
350	7	1 1 1 1 1 0 0 0 0 1 0 0 0 0 0 1
350	9	1 1 1 1 0 1 0 1 0 0 0 0 0 1 1 0
350	5	1 1 1 1 1 1 0 0 0 0 0 1 0 0 1 0
350	5	0 1 1 1 1 1 0 0 0 0 0 0 1 0 1 0
350	17	1 1 1 1 0 0 0 0 1 0 1 0 0 0 0 0
350	10	1 1 1 1 0 1 0 0 0 1 1 0 0 0 0 0
350	3	0 0 1 1 0 1 0 0 0 0 0 1 1 0 0 1
350	4	0 1 1 1 0 1 0 0 1 0 0 1 1 0 0 1
350	13	1 1 1 1 1 0 0 0 0 1 0 0 0 1 0 0
350	6	1 1 1 1 1 0 0 0 0 1 0 0 0 1 0 1
350	3	0 1 1 1 1 1 0 0 1 1 1 0 0 0 0 0
350	7	1 1 1 1 0 1 0 1 0 1 0 0 0 0 0 1
350	4	1 1 0 1 0 0 0 0 0 0 0 0 0 0 1 0
350	10	1 1 0 1 1 0 0 0 0 1 0 0 0 0 0 1
350	4	1 1 1 0 1 1 0 0 0 1 0 0 0 0 0 0
350	3	1 1 1 1 0 1 0 0 1 0 0 0 1 0 1 0
350	3	1 1 1 1 0 1 0 0 0 1 1 0 0 0 1 0
350	1	1 0 1 1 0 0 0 0 0 0 0 0 0 0 1 0
350	1	0 1 1 1 1 0 0 0 0 0 0 1 0 1 0 0
350	2	0 0 1 1 0 0 0 0 1 0 1 0 0 1 0 0
350	4	1 1 0 1 1 0 0 0 0 1 0 0 0 1 0 0
350	1	0 1 1 1 0 0 0 0 0 0 1 0 0 1 1 0
350	2	1 1 1 1 0 1 0 0 0 0 0 1 0 1 0 1
350	4	1 1 1 1 1 0 0 1 0 1 0 0 1 0 1 0
350	8	1 1 1 1 1 1 0 1 0 1 1 0 0 0 0 0
350	3	1 1 1 0 1 1 0 0 0 1 0 0 0 0 0 1
350	2	1 1 0 1 1 0 0 0 1 1 0 0 0 0 0 0
350	1	1 1 1 1 1 1 0 1 0 0 0 0 0 0 0 0
350	4	1 1 0 1 1 0 0 0 1 1 0 1 0 0 0 0
350	2	0 1 1 1 1 0 0 0 0 1 0 0 0 0 0 0
350	2	1 1 1 1 1 0 0 0 0 0 1 0 0 1 0 0
350	1	0 1 1 1 1 0 0 1 0 1 0 0 1 0 1 0
350	4	0 1 1 1 1 0 0 0 0 0 0 0 0 0 0 1
350	2	0 1 0 1 1 0 0 0 0 0 0 0 0 0 0 0
350	6	0 1 1 1 0 0 0 0 0 0 0 0 0 0 0 0
350	3	1 1 1 0 0 0 0 0 0 0 0 0 0 0 0 0
350	3	1 1 1 1 0 1 0 0 0 0 0 0 1 0 1 1
350	4	0 1 0 1 1 0 1 0 0 0 0 0 1 0 0 0
350	2	0 1 1 1 1 0 0 0 0 1 0 0 0 0 0 1
350	1	1 1 1 0 1 0 0 0 0 1 0 0 0 0 0 0
350	2	1 1 1 1 0 1 0 0 0 0 0 0 1 0 0 0
350	2	1 0 1 1 1 0 0 0 0 1 0 0 0 0 1 0
350	1	1 1 1 1 1 1 0 0 0 0 0 1 0 0 0 0
350	2	0 1 1 1 1 0 0 0 0 0 0 0 0 0 1 0
350	4	0 0 1 1 1 0 0 0 0 0 0 0 0 0 0 0
350	3	1 1 0 1 1 0 0 0 0 1 0 0 0 0 1 0
350	2	1 0 0 1 1 1 0 0 0 0 0 0 0 0 0 0
350	1	1 1 1 1 1 0 0 0 0 1 1 1 0 0 0 0
350	1	1 1 0 1 1 0 0 0 0 1 1 0 0 0 0 1
350	2	1 1 1 1 0 0 0 0 0 1 0 0 0 0 0 0
350	3	1 1 1 1 1 1 0 0 1 0 0 0 0 0 0 0
350	1	1 1 0 1 1 0 0 0 0 0 1 0 0 1 0 0
350	1	1 0 1 1 1 0 0 0 0 0 0 0 0 0 0 0
350	2	1 1 1 1 1 0 0 0 1 1 0 0 0 0 0 0
350	2	1 1 1 1 0 0 0 0 0 0 0 0 1 0 1 0
350	2	1 1 1 1 0 0 0 1 0 0 0 0 0 1 1 0
350	3	0 0 1 1 1 0 0 0 1 0 0 0 0 0 0 0
400	76	1 1 1 1 1 0 0 0 0 0 0 0 0 0 0 0
400	12	1 1 0 1 1 0 0 0 0 1 0 0 0 0 0 0
400	22	1 1 1 1 1 0 0 0 0 1 0 0 0 0 0 0
400	33	1 1 1 1 0 0 0 0 0 0 0 0 0 0 0 0
400	10	1 1 1 1 1 0 0 0 0 1 0 0 1 0 1 0
400	4	1 1 1 1 1 0 0 0 0 0 0 0 1 0 1 0
400	42	1 1 1 1 1 1 0 0 0 0 0 0 0 0 0 0
400	6	1 1 1 1 1 1 0 0 0 1 1 0 0 0 0 0
400	7	1 1 1 1 0 1 0 0 0 1 0 0 0 0 1 0
400	8	1 1 1 1 0 0 0 0 0 0 0 0 0 0 1 0
400	6	1 1 1 1 1 0 0 0 0 1 0 0 0 0 1 0
400	12	1 1 0 1 1 0 0 0 0 0 1 0 0 0 0 0
400	2	1 1 1 1 1 1 0 0 0 0 0 0 1 0 1 0
400	2	0 1 1 1 0 0 0 0 1 0 1 0 0 1 0 0
400	8	1 1 1 1 1 0 0 1 0 0 0 0 0 0 0 0
400	36	1 1 1 1 1 1 0 0 0 1 0 0 0 0 0 0
400	9	1 1 1 1 0 1 0 0 0 1 0 0 0 0 0 0
400	65	1 1 1 1 0 0 0 0 1 0 1 0 0 0 0 0
400	16	1 1 1 1 0 1 0 0 0 1 1 0 0 0 0 0
400	7	1 1 1 1 1 0 0 0 0 1 0 0 0 1 0 0
400	57	0 1 1 1 0 0 0 0 0 0 0 0 0 0 0 0
400	23	1 1 1 1 0 0 0 0 0 1 0 0 0 0 0 0
400	24	1 1 1 1 1 0 0 0 1 1 0 0 0 0 0 0
400	19	1 1 0 0 1 1 0 0 0 0 0 0 0 0 0 0
400	1	1 1 1 1 0 0 1 0 0 0 1 0 0 0 0 0
400	1	1 1 1 1 1 0 0 0 0 1 1 0 0 0 0 0
400	3	1 1 1 1 1 0 0 0 0 1 0 1 0 1 0 0
400	6	1 1 1 1 0 0 0 0 0 0 0 1 0 0 0 0
400	24	1 0 1 1 0 0 0 0 1 0 1 0 0 0 0 0
400	9	1 1 0 1 1 0 0 0 0 0 0 0 0 0 0 0
400	6	1 1 0 1 1 0 0 0 0 0 0 0 1 0 0 0
400	63	1 1 1 1 1 0 0 0 0 1 0 1 0 0 1 0
400	4	1 1 1 1 1 1 0 0 1 1 0 0 0 0 0 0
400	2	1 1 1 1 1 1 0 0 0 1 0 1 0 0 0 0
400	9	1 1 1 1 1 0 1 0 0 1 0 0 0 0 0 0
400	19	1 1 0 1 1 0 0 0 0 0 1 0 0 0 1 0
400	4	0 1 0 1 1 1 0 0 0 0 0 1 0 1 1 0
400	7	1 1 1 1 0 0 0 0 0 1 1 0 0 0 0 0
400	21	0 1 1 1 0 0 1 0 0 0 0 0 0 0 0 0
400	3	1 1 1 0 0 1 0 0 0 1 0 0 0 0 1 0
400	2	1 1 1 1 0 1 0 0 0 0 0 0 0 0 0 0
400	27	1 1 0 1 0 0 0 0 0 0 1 0 0 0 0 0
400	10	1 1 0 0 1 1 0 0 0 0 1 0 0 0 0 0
400	8	1 1 1 1 1 1 0 0 0 0 1 0 0 0 0 0
400	5	1 1 1 1 0 1 0 0 0 1 1 0 0 0 1 0
400	3	1 0 0 1 1 0 0 0 0 0 1 0 0 0 1 0
400	9	1 1 1 0 0 1 0 0 0 1 1 0 0 0 1 0
400	30	1 1 0 0 0 0 0 0 0 0 0 0 0 0 0 0
400	1	1 1 0 1 1 0 0 0 0 1 1 0 0 0 0 1
400	7	1 0 1 1 0 0 0 0 1 0 0 0 0 0 0 0
400	4	1 0 1 1 1 0 0 0 0 1 1 0 0 0 0 0
400	12	1 1 1 1 0 0 0 0 0 0 0 0 1 0 0 0
400	3	0 1 1 1 0 0 0 0 1 0 1 0 0 0 0 0
400	7	1 1 1 1 1 0 0 1 0 0 0 0 0 0 1 0
400	2	0 1 0 1 1 0 0 0 0 0 1 0 0 0 0 0
400	12	1 1 1 1 0 0 0 0 1 0 1 0 0 1 0 0
400	4	1 1 0 0 1 1 0 1 0 0 0 0 0 0 0 0
400	3	1 1 1 1 1 0 0 0 1 0 1 0 0 0 0 0
400	4	1 1 1 1 1 0 0 0 0 0 1 0 0 0 0 0
400	8	1 1 1 1 0 0 0 0 0 1 0 0 0 0 1 0
400	3	1 1 1 1 1 0 0 0 1 1 0 0 1 0 0 0
400	6	0 1 0 1 1 1 0 0 0 0 0 1 0 1 0 0
400	8	0 1 1 1 0 0 1 0 0 0 0 0 0 0 1 0
400	6	1 1 1 1 0 0 0 0 1 1 0 0 1 0 0 0
400	5	1 1 1 1 1 0 0 0 0 1 0 0 1 0 0 0
400	8	1 1 0 1 1 0 0 0 0 1 1 0 0 0 0 0
400	1	0 1 1 1 0 0 0 0 1 0 0 0 0 0 0 0
400	5	1 1 1 1 1 0 0 0 0 0 0 0 0 0 1 0
400	3	1 1 1 1 0 0 1 0 0 0 0 1 0 0 0 0
400	1	0 1 1 1 0 0 0 0 0 0 0 0 0 1 0 0
400	3	1 1 1 1 0 0 0 1 0 1 0 0 0 0 0 0
400	2	1 0 1 1 0 0 0 0 1 0 1 0 0 0 1 0
400	2	1 1 1 1 1 0 0 0 1 1 0 1 1 0 0 0
400	3	1 1 1 1 1 0 0 0 0 0 0 0 1 0 0 0
400	5	1 1 1 0 1 0 0 0 0 0 0 0 0 0 0 1
400	12	0 1 1 1 0 0 0 0 0 1 0 0 0 0 1 0
400	2	1 1 1 1 1 1 1 0 0 0 0 0 0 0 0 0
400	4	1 0 1 1 0 1 0 0 0 1 0 0 0 0 0 0
400	2	1 0 1 1 0 0 0 1 1 0 1 0 0 0 0 0
400	2	1 1 0 1 1 0 0 0 0 0 0 0 0 0 0 1
400	6	1 1 0 1 1 1 0 0 0 0 1 0 0 0 0 0
400	2	1 1 0 0 0 0 0 0 0 0 0 0 0 0 0 1
400	2	1 0 1 1 0 0 0 0 1 0 0 1 0 0 0 0
400	1	0 1 1 1 0 0 0 0 0 0 0 0 1 0 0 0
400	4	1 1 1 1 1 0 0 0 1 0 0 1 1 0 0 0
400	2	0 1 0 1 1 0 0 0 0 1 1 0 0 0 0 0
400	2	1 0 1 1 0 0 0 0 0 1 0 0 0 0 0 0
400	6	1 1 1 1 0 0 0 0 0 0 0 0 0 0 0 1
400	1	1 1 0 1 1 0 0 0 0 0 0 0 0 0 1 0
400	4	1 1 0 1 1 0 0 0 0 0 1 0 1 0 1 0
400	8	1 1 1 1 1 1 0 0 0 0 0 0 0 0 0 1
400	1	1 0 1 1 1 0 0 0 0 0 0 0 0 0 0 0
400	4	1 1 1 1 1 0 1 0 0 0 0 0 0 0 0 0
400	2	1 1 1 1 1 0 0 0 0 0 0 1 0 0 1 0
400	1	1 1 0 1 0 1 0 0 0 0 1 0 0 0 0 0
400	2	1 1 0 1 1 1 0 0 0 1 1 0 0 0 0 0
400	1	1 1 1 1 1 1 0 0 0 0 0 0 0 1 0 1
400	1	1 1 1 1 1 1 0 0 0 0 0 1 0 1 0 0
400	2	1 1 1 1 1 1 0 0 1 0 0 0 0 0 0 0
400	1	1 1 1 1 1 0 0 0 0 1 0 1 1 0 0 0
400	1	1 0 1 1 1 0 1 0 0 1 0 0 0 0 0 0
400	3	1 1 1 1 1 0 0 0 0 0 0 1 0 0 0 0
400	1	1 1 1 1 1 1 1 0 0 1 1 0 0 0 0 0
400	1	1 1 0 1 1 0 0 0 0 0 1 0 0 1 0 0
400	3	1 1 1 1 1 0 1 0 0 1 0 1 0 0 1 0
400	2	1 0 1 1 1 0 0 0 0 0 1 0 0 0 0 0
400	1	1 1 1 1 1 0 0 1 0 0 0 0 1 0 1 0
400	1	1 1 0 1 1 0 0 0 0 1 1 1 0 0 0 0
400	2	1 0 1 1 0 1 0 0 1 0 1 0 0 0 1 0
