0	250	0 0 1 0 0 0 0 0 0 0 0 1 0 1 0 0
0	250	0 1 0 0 1 0 0 0 0 0 0 0 0 0 0 1
0	250	0 1 0 0 0 0 0 1 1 0 0 0 1 0 0 0
0	250	0 1 1 0 0 1 0 0 0 0 0 0 0 1 1 0
8	219	0 0 1 0 0 0 0 0 0 0 0 1 0 1 0 0
8	121	0 1 0 0 1 0 0 0 0 0 0 0 0 0 0 1
8	107	0 1 0 0 0 0 0 1 1 0 0 0 1 0 0 0
8	322	0 1 1 0 0 1 0 0 0 0 0 0 0 1 1 0
8	5	0 0 1 0 0 1 0 0 0 0 0 0 0 1 1 0
8	14	0 1 0 0 0 0 0 0 0 0 0 1 0 1 0 0
8	5	0 0 0 0 0 0 0 0 0 0 0 1 0 1 0 0
8	10	0 0 1 0 0 0 0 0 0 1 0 1 0 1 0 0
8	9	0 1 1 0 0 0 0 0 0 0 0 1 0 1 0 0
8	2	0 1 0 0 1 0 0 0 0 0 0 0 1 0 0 1
8	3	0 1 0 0 1 0 0 0 0 0 0 0 0 0 1 1
8	5	1 1 0 0 1 0 0 0 0 0 0 0 0 0 0 1
8	11	0 0 0 0 0 0 0 1 1 0 0 0 1 0 0 0
8	5	0 1 0 0 0 1 0 0 0 0 0 0 0 1 1 0
8	3	0 1 0 0 1 0 0 0 0 0 0 0 1 0 0 0
8	1	0 1 0 0 0 0 0 1 1 0 0 0 0 1 1 0
8	4	0 1 1 0 0 0 0 1 1 0 0 0 1 0 0 0
8	5	0 0 1 0 0 0 0 0 0 0 0 1 1 1 0 0
8	5	0 1 0 0 1 0 0 0 0 0 0 1 0 1 0 0
8	11	0 0 1 0 0 1 0 0 0 0 0 1 0 1 0 0
8	3	0 0 1 0 0 0 0 0 0 0 1 1 0 1 0 0
8	1	0 1 0 0 1 0 0 1 1 0 0 0 1 0 0 0
8	4	0 1 0 0 0 0 0 1 1 0 0 1 1 0 1 0
8	2	0 1 0 0 1 0 0 0 0 0 0 0 0 1 1 0
8	6	0 1 1 0 0 1 0 0 0 0 0 0 1 0 0 0
8	4	0 1 1 0 0 1 0 0 0 0 0 0 0 1 0 0
8	1	0 1 0 1 1 0 0 0 0 0 0 0 0 0 0 1
8	8	0 1 1 0 0 1 0 0 0 0 0 0 0 1 1 1
8	9	0 0 1 0 0 0 0 0 1 0 0 0 1 0 0 0
8	2	0 0 1 0 1 0 0 0 0 0 0 0 0 0 0 1
8	1	0 1 1 0 0 1 0 1 1 0 0 0 1 0 0 0
8	16	0 0 1 0 0 0 0 0 0 0 0 1 0 0 0 0
8	2	0 1 0 0 1 0 1 0 0 0 0 0 0 0 0 1
8	4	0 1 0 0 1 0 0 0 0 0 0 1 0 0 0 1
8	4	0 1 0 0 0 0 0 1 0 0 0 0 1 0 0 0
8	8	0 1 1 0 0 1 0 0 0 0 1 0 0 1 1 0
8	1	0 1 1 0 0 1 0 1 0 0 0 0 0 1 1 1
8	3	0 0 1 0 0 0 0 0 0 0 0 1 0 1 1 0
8	6	0 1 1 0 0 1 0 0 0 0 0 0 0 0 0 1
8	1	0 1 0 0 0 0 0 0 0 0 0 1 0 1 1 0
8	2	0 1 1 0 0 0 0 1 1 0 0 1 0 1 0 0
8	2	1 0 1 0 0 0 0 0 0 0 0 1 0 1 0 0
8	5	0 0 1 0 1 0 0 0 0 0 0 1 0 1 0 0
8	1	0 1 1 0 0 1 0 0 1 0 0 0 0 1 1 0
8	7	0 1 1 0 0 1 0 0 0 0 0 0 0 0 1 0
8	1	0 1 0 0 1 0 1 0 0 0 0 1 0 1 0 0
8	2	0 1 0 0 0 0 0 1 0 0 0 1 0 1 0 0
8	1	0 1 1 0 0 1 0 0 0 0 0 1 0 1 0 0
8	2	0 1 0 0 0 1 0 1 1 0 0 0 1 0 0 0
8	3	0 0 1 0 0 1 0 0 0 0 1 1 0 1 0 0
8	1	0 0 1 0 0 1 0 0 0 0 1 0 0 1 1 0
8	2	0 0 1 0 0 0 0 0 0 0 0 0 0 1 1 0
8	2	0 1 0 0 1 0 0 0 0 0 1 0 0 1 1 0
8	2	0 0 1 0 0 0 0 1 0 0 0 1 0 1 0 0
8	1	0 1 0 0 1 0 0 0 1 0 0 0 0 0 0 1
8	3	0 1 1 0 0 1 0 0 0 1 0 0 0 1 1 0
8	3	0 1 1 0 0 1 0 1 0 0 0 0 0 1 1 0
8	4	0 0 1 0 0 1 0 0 1 0 0 1 0 1 0 0
8	3	0 0 1 0 0 0 0 0 1 0 0 0 0 0 0 0
45	189	0 0 1 0 0 0 0 0 0 0 0 1 0 1 0 0
45	150	0 1 1 0 0 1 0 0 0 0 0 0 0 1 1 0
45	33	0 0 1 0 0 0 0 0 0 1 0 1 0 1 0 0
45	11	0 1 1 0 0 0 0 0 0 0 0 1 0 1 0 0
45	24	0 1 1 0 0 0 0 1 1 0 0 0 1 0 0 0
45	18	0 0 1 0 0 1 0 0 0 0 0 1 0 1 0 0
45	6	0 1 0 0 1 0 0 0 0 0 0 0 0 1 1 0
45	116	0 1 1 0 0 1 0 0 0 0 0 0 0 1 0 0
45	10	0 1 1 0 0 1 0 0 0 0 1 0 0 1 1 0
45	14	0 1 1 0 0 0 0 1 1 0 0 1 0 1 0 0
45	26	0 1 1 0 0 1 0 0 0 0 0 0 0 0 1 0
45	9	0 1 1 0 0 1 0 0 0 0 0 1 0 1 0 0
45	25	0 0 1 0 0 0 0 0 0 0 0 0 0 1 1 0
45	27	0 0 1 0 0 0 0 0 0 0 0 1 0 1 0 1
45	7	0 0 1 0 0 0 0 0 0 0 0 1 0 1 1 0
45	2	0 0 1 0 0 0 1 0 0 0 0 1 0 1 0 0
45	20	0 1 1 0 0 1 0 0 0 0 0 1 0 1 1 0
45	7	0 0 1 0 0 0 0 0 1 0 0 1 0 1 0 0
45	11	1 1 0 0 0 1 0 0 0 0 0 0 0 1 1 0
45	17	1 1 1 0 0 1 0 0 0 0 0 0 0 1 1 1
45	13	0 1 1 0 0 0 0 0 1 0 0 0 1 0 0 0
45	1	0 0 1 0 0 1 0 0 0 0 0 1 1 1 0 0
45	5	0 1 1 0 0 0 0 0 0 0 0 1 0 1 0 1
45	16	0 0 1 0 0 0 0 0 0 0 0 0 0 1 0 0
45	13	0 0 1 0 0 1 0 0 0 0 0 0 0 1 1 0
45	4	0 0 1 0 0 0 0 0 0 0 1 1 1 1 0 0
45	13	0 1 1 0 0 1 1 0 0 0 0 1 0 1 1 0
45	4	0 1 1 0 0 0 0 1 0 0 0 1 0 1 0 0
45	11	1 0 1 0 0 1 0 0 0 0 0 1 0 1 0 0
45	15	0 1 1 0 0 1 0 0 0 0 0 0 0 0 0 0
45	1	0 1 1 0 0 0 1 1 1 0 0 0 0 0 0 0
45	12	0 1 1 0 0 0 0 0 0 1 0 1 0 1 0 0
45	8	1 1 0 0 0 0 0 0 0 0 0 1 0 1 0 0
45	7	0 1 1 0 0 1 0 0 1 0 0 0 0 1 0 0
45	2	0 1 1 0 0 1 0 0 0 0 0 0 0 0 0 1
45	7	0 1 1 0 0 1 0 1 0 0 0 0 0 1 1 0
45	7	0 0 1 0 0 0 1 0 0 0 0 0 0 1 0 0
45	2	0 1 1 1 0 1 0 0 0 0 0 0 0 0 1 0
45	10	0 0 1 0 0 1 0 0 0 0 0 0 0 0 1 0
45	13	0 1 1 0 0 0 0 0 1 0 0 0 0 0 0 0
45	4	0 0 1 0 0 0 0 1 1 0 0 0 1 0 0 0
45	7	1 0 1 0 0 1 0 0 0 0 0 0 0 1 0 0
45	6	0 0 1 0 0 0 0 0 0 0 0 0 0 0 1 0
45	9	0 1 1 0 1 0 0 1 1 0 0 0 1 0 0 0
45	4	0 1 1 0 0 1 0 0 0 1 0 1 0 1 0 0
45	14	0 1 1 0 0 1 0 0 0 0 0 0 1 0 0 0
45	3	0 1 1 0 1 1 0 0 0 0 0 0 0 1 1 0
45	2	1 0 1 0 0 1 0 0 0 0 0 1 0 1 1 0
45	2	0 0 1 0 0 0 0 0 0 0 0 1 0 0 0 0
45	6	0 0 1 0 0 0 0 0 1 0 0 0 0 0 0 0
45	8	0 1 1 0 0 0 0 0 0 0 0 0 0 1 0 0
45	4	0 1 1 0 0 1 1 0 0 0 0 0 0 1 1 0
45	1	1 1 0 0 1 0 0 0 0 0 0 0 0 1 1 0
45	7	0 1 1 0 0 1 0 0 0 0 1 0 0 1 0 0
45	2	0 0 1 0 0 0 0 1 0 0 0 1 0 1 0 0
45	4	0 1 1 0 0 0 0 1 0 0 0 1 0 1 1 0
45	6	0 1 1 0 0 1 0 0 0 0 0 0 0 1 1 1
45	2	0 0 1 0 0 0 1 0 0 0 0 1 1 0 0 0
45	4	0 0 1 0 0 1 0 0 0 0 0 0 0 1 0 0
45	1	0 1 0 1 0 1 0 0 0 0 0 1 0 1 0 0
45	1	0 1 1 0 0 0 1 1 0 0 0 0 0 1 1 1
45	4	0 0 0 0 0 0 0 0 0 0 0 1 0 1 0 0
45	1	0 1 1 0 0 0 0 0 0 0 0 0 0 1 1 0
45	4	0 1 1 0 0 0 0 0 0 1 0 0 0 1 0 0
45	1	0 0 1 0 0 1 0 1 0 0 0 1 0 1 0 0
45	1	0 1 1 0 0 1 0 0 0 0 0 0 1 1 0 0
45	1	1 1 0 0 0 0 0 0 0 0 0 0 0 0 1 0
45	1	1 1 0 0 0 1 0 0 0 0 1 1 1 1 0 0
45	2	0 1 1 0 0 1 1 0 0 0 0 1 0 1 0 0
45	1	0 1 1 0 0 1 0 0 0 1 0 0 0 1 1 0
45	1	0 1 1 1 1 1 0 0 0 0 0 1 0 1 0 0
85	44	0 0 1 0 0 0 0 0 0 0 0 1 0 1 0 0
85	17	0 1 1 0 0 1 0 0 0 0 0 0 0 1 1 0
85	34	0 0 1 0 0 0 0 0 0 1 0 1 0 1 0 0
85	52	0 1 1 0 0 0 0 0 0 0 0 1 0 1 0 0
85	2	0 0 1 0 0 1 0 0 0 0 0 1 0 1 0 0
85	20	0 1 1 0 0 1 0 0 0 0 0 0 0 1 0 0
85	8	0 1 1 0 0 0 0 1 1 0 0 1 0 1 0 0
85	46	0 1 1 0 0 1 0 0 0 0 0 0 0 0 1 0
85	3	1 1 0 0 0 1 0 0 0 0 0 0 0 1 1 0
85	40	0 0 1 0 0 0 0 0 0 0 0 0 0 1 0 0
85	8	1 0 1 0 0 1 0 0 0 0 0 1 0 1 0 0
85	63	0 1 1 0 0 1 0 0 0 0 0 0 0 0 0 0
85	27	0 1 1 0 0 0 0 0 0 1 0 1 0 1 0 0
85	12	0 1 1 0 0 1 0 1 0 0 0 0 0 1 1 0
85	22	0 1 1 0 0 1 0 0 0 0 0 0 1 0 0 0
85	27	0 1 1 0 0 0 0 0 0 0 0 0 0 1 0 0
85	2	0 0 1 0 0 0 0 1 0 0 0 1 0 1 0 0
85	7	0 1 1 0 0 1 0 0 0 0 0 0 1 1 0 0
85	6	0 1 1 0 0 1 1 0 0 0 0 1 0 1 0 0
85	5	0 0 1 0 0 0 0 0 1 0 0 0 1 0 0 0
85	7	0 0 1 0 0 0 0 0 0 0 0 0 0 1 1 1
85	2	0 1 1 1 0 1 0 0 0 0 0 0 0 1 0 0
85	19	1 1 1 0 0 1 0 0 0 0 0 0 0 1 0 1
85	2	1 0 1 0 0 1 0 0 0 0 0 1 0 1 0 1
85	13	0 1 1 1 0 0 0 0 0 0 0 1 0 1 0 0
85	12	1 1 1 0 0 1 0 0 0 0 0 0 0 0 1 0
85	3	0 1 1 0 0 1 0 0 0 0 1 0 0 0 1 0
85	37	1 0 1 0 0 1 0 1 0 0 0 0 0 0 1 0
85	15	0 1 1 0 0 0 0 0 0 1 0 1 0 0 0 0
85	6	0 1 1 0 0 0 0 0 1 0 0 1 0 1 0 0
85	10	0 1 1 0 0 0 0 0 0 1 1 1 0 1 0 0
85	10	0 0 1 0 0 0 1 0 0 0 0 1 0 0 0 0
85	3	0 0 1 1 0 0 0 0 0 0 0 1 0 1 0 0
85	14	0 0 1 0 1 0 0 0 0 0 0 0 0 1 0 0
85	4	1 1 1 0 0 0 1 0 0 0 0 0 0 1 0 0
85	17	0 1 1 0 0 1 0 1 0 0 0 0 0 0 1 0
85	8	0 1 1 0 0 1 0 0 1 0 0 0 0 0 0 0
85	2	0 1 0 0 0 1 0 0 0 0 0 0 0 0 1 0
85	23	0 1 1 0 1 0 0 0 1 0 0 0 1 0 0 0
85	15	0 1 1 0 0 0 0 0 0 0 0 0 1 0 0 0
85	18	0 0 1 0 0 0 1 0 0 0 0 1 0 1 0 0
85	7	1 1 1 0 0 1 1 0 0 0 0 0 0 0 1 0
85	29	0 1 1 0 0 1 0 0 1 0 0 0 0 0 1 0
85	12	0 1 1 0 0 1 0 0 0 0 1 0 1 0 0 0
85	25	0 1 1 0 0 0 0 0 0 0 0 0 0 0 0 0
85	23	0 0 1 0 0 0 0 0 0 1 0 0 0 1 0 0
85	7	1 1 1 0 0 0 0 1 0 0 0 1 0 1 0 0
85	4	0 1 1 0 1 0 0 0 0 0 0 0 0 1 0 0
85	4	0 1 1 0 0 1 0 0 0 0 0 0 1 0 0 1
85	1	1 1 1 0 0 0 1 0 0 0 0 0 0 0 1 0
85	14	0 1 1 0 1 1 0 0 0 0 0 0 0 0 1 0
85	18	0 0 1 1 0 0 0 0 0 0 0 0 0 1 0 0
85	8	0 1 1 0 0 0 0 0 0 0 0 0 0 0 1 0
85	5	0 1 1 0 0 0 0 0 1 1 0 1 0 1 0 0
85	3	1 1 1 0 0 1 0 0 0 1 0 0 0 1 0 1
85	7	0 1 1 0 0 0 1 0 0 0 0 0 0 1 0 0
85	1	0 1 1 0 1 0 0 0 0 0 0 0 1 0 1 0
85	1	0 1 1 1 0 1 0 1 0 0 0 0 0 1 1 0
85	4	0 0 1 0 0 0 0 1 1 0 0 0 0 1 1 1
85	3	0 0 1 0 0 0 0 0 0 0 0 1 0 0 0 0
85	6	0 0 1 0 0 1 0 0 0 0 0 0 0 0 0 0
85	3	1 1 1 0 0 1 0 1 0 0 0 0 0 0 1 0
85	3	0 1 1 0 0 1 0 0 0 0 1 1 0 1 0 0
85	4	0 1 1 1 0 0 0 0 0 0 0 1 0 0 0 0
85	6	0 1 1 0 0 1 0 0 0 1 0 0 0 0 1 0
85	2	0 0 1 0 0 0 0 0 1 0 0 0 0 0 0 0
85	6	0 0 1 0 0 1 0 0 0 0 0 0 0 0 1 0
85	3	0 1 1 1 0 0 0 0 0 1 0 1 0 1 0 0
85	7	1 1 1 0 0 1 0 0 0 0 0 1 0 1 0 0
85	2	1 1 1 0 0 1 1 0 0 0 0 0 0 1 0 1
85	3	1 1 1 0 0 1 0 0 1 0 0 0 0 0 1 0
85	1	0 0 1 0 0 0 0 0 0 0 0 0 0 0 0 0
85	4	0 1 1 0 1 0 0 0 0 1 0 0 1 0 1 0
85	7	0 1 1 0 0 1 1 0 0 0 0 0 0 0 1 0
85	6	0 1 1 0 0 1 0 0 1 0 0 1 0 1 0 0
85	8	0 0 1 0 0 0 0 1 1 1 0 0 0 1 1 1
85	1	0 0 1 0 0 1 1 0 0 0 0 1 0 1 1 1
85	3	0 0 1 0 0 0 1 0 0 0 0 0 0 0 1 0
85	1	0 1 1 0 0 1 0 0 1 0 0 0 0 1 1 0
85	2	0 1 1 0 0 1 0 0 1 0 1 0 0 0 1 0
85	2	1 0 1 0 0 1 0 1 0 0 0 0 0 0 0 0
85	2	1 1 1 0 0 0 0 1 1 0 0 1 0 1 0 0
85	1	0 1 1 0 0 1 0 0 0 0 0 0 0 0 0 1
85	5	0 1 1 1 0 1 0 1 0 0 0 0 0 0 1 0
85	2	0 1 1 1 0 1 0 0 1 0 0 0 0 0 1 0
85	5	0 1 1 1 1 1 0 0 0 0 0 0 0 0 1 0
85	3	0 1 1 0 0 1 1 0 0 0 0 0 1 0 0 0
85	2	0 1 1 0 0 1 1 0 0 0 0 0 0 1 1 0
85	4	0 0 1 0 0 0 0 0 0 1 1 1 0 1 0 0
85	1	0 1 1 0 0 1 0 0 0 0 1 0 0 1 0 0
85	3	0 0 1 0 0 0 0 1 0 0 0 0 0 1 0 0
85	5	0 1 1 0 0 1 0 0 0 1 0 0 0 0 0 0
85	2	0 1 1 0 0 0 0 0 0 1 0 0 0 1 0 0
85	1	0 1 1 0 0 0 0 0 0 1 0 1 1 0 0 0
85	1	0 1 1 0 0 1 0 0 0 0 1 0 1 1 0 0
85	1	0 1 1 0 0 1 0 0 0 0 1 1 0 1 1 0
85	5	0 1 1 0 0 1 0 1 0 0 0 0 0 0 0 0
85	2	0 1 0 0 0 1 0 0 0 0 0 0 0 1 0 0
85	1	0 1 1 0 0 0 0 1 1 0 0 1 0 1 0 1
85	1	0 0 1 0 0 0 0 0 1 0 0 0 0 1 0 0
85	1	0 1 0 0 0 1 0 0 0 0 0 0 0 0 0 0
85	1	0 1 0 0 0 1 0 0 0 0 0 0 1 0 0 0
85	3	0 1 1 0 0 0 0 0 0 0 0 1 0 0 0 0
85	1	1 1 1 0 1 0 0 0 0 0 0 0 0 1 0 0
85	1	1 0 1 0 0 1 0 0 0 1 0 0 0 1 0 1
85	1	0 1 1 1 0 0 1 0 0 0 0 0 0 1 0 0
85	2	0 0 1 0 1 0 0 0 0 0 0 1 0 0 0 0
85	2	0 1 1 0 0 0 1 0 0 0 0 0 0 0 1 0
154	50	0 1 1 0 0 1 0 0 0 0 0 0 0 0 1 0
154	7	0 1 1 0 0 0 0 0 0 0 0 0 0 1 0 0
154	1	1 0 1 0 0 1 0 0 0 0 0 1 0 1 0 1
154	55	1 1 1 0 0 1 0 0 0 0 0 0 0 0 1 0
154	1	0 1 1 0 0 1 0 0 1 0 0 0 0 0 0 0
154	36	0 1 1 0 0 1 0 0 1 0 0 0 0 0 1 0
154	39	0 1 1 0 0 0 0 0 0 0 0 0 0 0 0 0
154	17	0 1 1 0 1 1 0 0 0 0 0 0 0 0 1 0
154	72	0 1 1 0 0 1 0 0 0 1 0 0 0 0 1 0
154	5	1 1 1 0 0 1 0 0 0 0 0 1 0 1 0 0
154	45	1 1 1 0 0 1 0 0 0 0 0 0 0 0 0 0
154	5	0 1 1 0 0 0 0 0 0 1 0 0 0 1 0 0
154	4	1 1 1 0 0 1 0 0 0 0 0 0 0 1 1 0
154	8	0 1 1 0 0 0 0 0 0 0 0 0 0 0 1 0
154	27	0 1 1 1 0 1 0 0 0 0 0 0 0 0 1 0
154	11	0 0 1 0 0 0 1 0 0 0 1 1 0 0 0 0
154	37	0 1 1 1 0 0 0 0 0 1 0 1 0 0 0 0
154	65	1 1 1 1 0 1 0 0 0 0 0 1 0 1 0 0
154	9	1 0 1 0 0 1 0 0 0 0 0 0 0 0 0 0
154	5	0 1 1 0 0 0 0 1 0 0 0 0 0 0 0 0
154	4	0 1 1 0 1 1 0 0 0 0 0 0 0 0 0 0
154	9	0 1 1 0 0 1 0 0 0 0 0 1 0 1 0 0
154	20	0 1 1 0 1 1 0 0 0 0 0 0 0 1 0 0
154	12	0 1 1 1 0 1 0 0 0 0 0 1 0 1 0 0
154	2	0 1 0 0 0 1 0 0 0 0 0 0 0 0 0 0
154	14	1 0 1 0 0 1 0 0 0 0 0 1 0 1 0 0
154	38	0 1 1 0 1 1 0 1 0 0 0 0 0 0 0 0
154	4	0 1 1 1 0 1 0 0 0 0 0 0 0 1 0 0
154	13	0 1 0 0 0 0 0 0 0 1 1 1 0 1 0 0
154	9	1 1 1 0 0 0 1 0 1 0 0 0 0 1 0 0
154	22	1 1 1 0 0 1 0 0 0 1 0 1 0 0 0 0
154	31	1 0 1 0 0 1 0 0 0 0 0 0 0 0 1 0
154	16	0 1 1 0 0 0 0 0 0 0 0 1 0 0 0 0
154	24	1 1 1 1 0 1 0 0 0 1 0 0 0 0 1 0
154	5	0 1 1 0 0 0 0 0 1 0 1 1 0 1 0 0
154	16	0 1 1 1 0 1 0 0 0 1 0 1 0 0 0 0
154	8	0 1 1 0 1 1 0 0 0 0 0 0 0 1 1 0
154	24	1 0 1 0 1 1 0 1 0 0 0 0 0 0 0 0
154	6	1 0 1 0 0 1 0 1 0 1 0 0 0 0 0 0
154	5	1 1 1 1 0 1 0 0 0 0 0 1 0 1 1 0
154	3	0 1 1 1 0 1 0 0 0 0 1 0 0 1 0 0
154	6	0 1 1 0 0 0 1 1 0 0 0 0 0 0 1 0
154	1	1 0 1 0 0 1 0 0 0 0 0 0 1 1 0 0
154	15	0 0 1 0 0 1 0 0 0 0 0 1 0 1 0 0
154	7	1 1 1 0 0 1 0 0 0 0 0 1 0 0 0 0
154	6	0 1 1 1 0 1 0 0 0 0 0 0 0 0 0 0
154	20	0 1 1 1 0 1 0 0 0 0 0 1 0 1 0 1
154	7	0 1 1 1 0 0 0 1 0 0 0 0 0 0 0 0
154	2	0 1 1 0 1 1 0 1 1 0 0 0 0 0 0 0
154	1	1 1 1 1 0 1 0 1 0 0 0 1 0 1 0 0
154	15	1 1 1 0 0 0 0 0 0 0 0 0 0 1 1 0
154	8	1 1 1 1 0 0 0 0 0 0 0 1 0 0 0 0
154	2	1 1 0 0 0 1 0 0 0 0 0 0 0 0 0 0
154	1	0 1 1 0 0 0 1 0 0 1 0 1 0 1 0 0
154	11	1 1 1 1 0 1 0 0 0 0 0 0 0 0 0 0
154	1	0 1 1 0 1 1 1 0 0 0 0 0 0 1 1 0
154	1	1 1 0 0 0 0 0 0 0 1 1 1 0 1 0 0
154	2	0 1 0 0 0 0 0 0 0 1 0 0 0 0 1 0
154	1	1 1 1 0 0 0 1 0 1 0 0 0 0 0 1 0
154	4	0 0 1 0 1 1 0 1 0 0 0 0 0 0 0 0
154	1	1 1 1 0 0 0 0 0 0 0 0 0 0 1 0 0
154	11	0 1 1 1 0 0 0 0 0 1 0 1 0 0 1 0
154	5	0 1 1 1 0 0 0 0 0 1 1 1 0 0 0 0
154	1	0 1 1 0 0 1 0 1 0 0 0 0 0 0 0 0
154	4	1 0 1 0 1 1 0 0 0 0 0 0 0 0 1 0
154	2	1 1 1 1 0 0 0 0 0 1 0 1 0 0 0 0
154	3	0 0 1 1 0 0 0 0 0 1 0 1 0 0 0 0
154	5	0 1 1 1 0 1 0 0 0 0 0 0 0 1 1 0
154	4	0 1 0 0 0 1 0 0 0 0 0 0 0 0 0 1
154	2	0 1 1 0 0 0 0 1 0 0 0 1 0 1 0 0
154	2	1 1 1 0 0 0 0 0 0 0 0 0 0 0 1 0
154	7	1 1 1 1 0 1 0 0 0 0 0 0 0 0 1 0
154	4	0 1 1 1 0 1 0 1 0 0 0 1 0 1 0 0
154	4	0 1 1 0 0 1 1 0 0 1 0 0 0 0 0 0
154	5	1 1 1 0 0 1 0 0 1 0 0 0 0 0 1 0
154	4	0 1 1 0 0 0 0 0 1 0 0 0 0 0 1 0
154	1	1 1 1 0 0 0 0 0 0 0 0 0 0 0 0 0
154	2	0 1 1 0 1 1 0 1 0 1 0 0 0 0 0 0
154	8	0 1 1 0 1 1 0 1 0 0 0 0 1 0 0 0
154	1	0 1 1 1 0 1 0 0 0 1 0 0 0 0 1 0
154	2	1 0 0 0 1 1 0 1 0 0 0 0 0 0 0 0
154	1	1 1 1 1 0 1 0 0 0 1 0 1 0 0 0 0
154	1	0 1 1 0 0 0 1 1 0 0 0 0 0 0 0 0
154	1	1 1 1 0 0 1 0 0 0 0 0 0 1 0 1 0
154	1	0 1 1 0 0 1 0 0 1 0 0 0 0 0 0 1
154	2	0 1 1 0 1 0 0 0 0 0 0 0 0 0 0 0
154	1	0 0 1 1 0 1 0 0 0 0 0 0 0 0 1 0
154	4	0 0 1 0 1 1 0 0 0 0 0 0 0 1 1 0
154	3	0 1 0 0 0 1 0 0 0 0 0 0 0 0 1 0
154	1	0 1 1 1 0 0 0 0 0 0 0 0 0 0 0 0
154	1	0 1 0 0 0 0 0 0 0 1 0 1 0 0 0 0
154	4	1 1 1 0 1 1 0 1 0 0 0 0 0 0 0 0
154	1	0 1 1 0 1 1 0 1 0 0 0 0 0 0 1 0
154	2	1 0 1 0 0 1 0 0 0 1 0 0 0 0 1 0
154	2	1 1 1 1 0 1 0 0 0 0 0 0 0 1 1 0
154	2	0 1 1 1 0 1 0 0 0 0 1 0 0 0 0 0
239	13	0 1 1 0 0 1 0 0 0 0 0 0 0 0 1 0
239	4	0 1 1 0 0 1 0 0 0 1 0 0 0 0 1 0
239	51	1 1 1 0 0 1 0 0 0 0 0 0 0 0 0 0
239	63	1 1 1 1 0 1 0 0 0 0 0 1 0 1 0 0
239	12	1 1 1 0 0 1 0 0 0 1 0 1 0 0 0 0
239	7	1 1 1 1 0 1 0 0 0 1 0 0 0 0 1 0
239	221	1 1 1 1 0 1 0 0 0 0 0 0 0 0 0 0
239	10	0 1 1 0 0 1 0 0 0 0 0 0 0 0 0 0
239	13	0 1 1 1 0 1 0 0 0 0 0 0 0 0 0 0
239	13	0 1 1 0 0 1 0 0 0 1 0 0 0 0 0 0
239	5	0 1 1 1 0 1 0 0 0 0 0 1 0 1 0 0
239	12	1 1 1 1 1 1 0 0 0 0 0 1 0 0 0 0
239	32	1 0 1 0 0 0 0 0 0 0 0 0 0 1 0 0
239	9	0 0 1 1 0 1 0 0 0 1 0 1 0 0 0 0
239	12	0 1 1 1 0 1 0 0 0 1 0 0 0 0 0 0
239	32	1 1 1 1 0 1 0 0 0 0 0 1 0 0 0 0
239	14	1 1 0 1 0 1 0 0 0 0 0 0 0 0 1 0
239	26	0 1 1 1 1 0 0 0 0 0 0 1 0 1 0 0
239	18	1 0 1 0 1 1 0 0 0 0 0 0 0 0 0 0
239	10	1 1 0 1 0 1 0 0 0 0 0 0 0 0 0 0
239	38	1 1 1 1 0 1 1 0 0 0 0 0 0 0 0 0
239	9	0 1 1 0 0 1 1 0 0 0 0 0 0 0 0 0
239	14	1 1 1 1 0 1 0 0 0 0 0 1 1 1 0 0
239	3	1 1 1 1 0 1 0 0 0 1 0 1 0 0 0 0
239	6	0 1 1 0 0 1 0 0 0 0 0 0 0 1 0 0
239	34	1 1 1 1 0 1 1 0 0 1 0 1 0 0 0 0
239	9	1 1 1 1 0 1 0 0 0 1 0 0 1 0 1 0
239	9	1 0 1 1 0 1 0 0 0 0 0 0 0 0 0 0
239	4	1 1 1 1 0 1 0 0 0 1 0 1 1 1 0 0
239	2	1 1 1 1 0 1 0 0 0 0 1 1 0 0 1 0
239	8	0 0 1 1 0 1 0 0 0 0 0 0 0 1 0 0
239	2	0 1 1 1 1 0 0 0 0 0 0 0 0 0 1 0
239	2	1 1 1 0 1 1 0 1 0 0 1 1 0 0 1 0
239	7	0 1 0 1 1 0 0 0 0 0 0 0 0 0 0 0
239	13	1 1 1 1 0 1 0 0 0 0 1 1 0 1 0 0
239	2	0 1 1 0 1 0 0 0 0 0 0 0 0 0 1 0
239	15	1 1 1 1 1 1 0 0 0 0 0 0 0 0 0 0
239	16	0 1 0 1 0 1 0 0 0 0 0 0 0 0 0 0
239	5	1 1 1 1 0 1 0 0 0 0 0 0 1 1 0 0
239	11	1 1 1 1 0 1 0 0 0 1 0 1 1 0 1 0
239	1	0 1 1 1 1 0 0 0 0 0 0 1 0 1 0 1
239	6	0 1 1 1 0 1 1 0 0 0 0 1 0 0 0 0
239	5	0 0 1 1 0 1 0 0 0 1 0 1 1 0 0 0
239	9	1 1 1 1 0 1 0 0 0 0 0 0 0 0 1 0
239	2	1 1 1 0 0 0 0 0 0 0 0 0 0 0 0 0
239	16	0 1 1 1 0 1 0 0 0 0 0 1 0 0 0 0
239	5	1 1 1 0 0 1 0 0 0 0 0 1 0 0 0 0
239	12	0 1 1 0 0 0 0 1 0 0 1 1 0 0 0 0
239	6	0 1 1 1 0 0 0 0 0 0 0 0 0 0 1 0
239	1	0 1 1 1 1 0 0 0 0 1 0 1 0 0 0 0
239	7	1 1 1 1 0 1 0 0 0 0 0 1 0 1 1 0
239	4	0 1 1 1 1 1 0 0 0 0 0 0 0 0 0 0
239	3	0 1 1 1 1 0 0 0 0 0 0 0 0 0 0 1
239	1	1 1 1 1 0 1 0 0 0 0 0 0 0 1 0 0
239	8	1 1 1 1 0 1 0 0 0 0 1 1 0 0 1 1
239	4	1 1 0 1 0 0 0 0 0 0 0 0 0 0 0 0
239	3	0 1 1 0 0 1 0 0 0 0 1 0 0 1 0 0
239	4	1 1 1 1 0 1 1 0 0 1 0 0 0 0 1 1
239	4	1 1 1 0 0 1 1 0 0 0 0 0 0 0 0 0
239	13	1 1 1 1 0 0 0 0 0 0 0 0 0 0 0 0
239	3	1 1 0 0 0 1 0 0 0 1 0 1 0 0 0 0
239	4	1 1 1 0 0 1 0 0 0 1 0 1 0 0 1 0
239	10	1 1 1 1 0 1 0 1 0 0 0 0 1 0 0 0
239	4	1 0 1 0 1 1 0 0 0 1 0 1 0 0 0 0
239	11	1 1 1 1 0 1 0 0 0 0 0 0 0 0 0 1
239	9	1 1 1 1 0 1 1 0 0 1 0 1 1 0 0 0
239	1	0 1 1 0 1 0 0 0 0 0 0 0 0 0 0 0
239	4	1 1 1 1 1 1 0 0 0 0 1 1 0 0 0 0
239	6	1 1 1 0 1 1 0 0 0 1 0 1 0 0 0 0
239	1	1 1 1 1 0 1 0 0 0 0 0 1 1 1 0 1
239	1	1 1 1 1 0 1 1 0 0 1 0 1 1 1 0 0
239	7	0 0 1 1 0 1 1 0 0 0 0 0 0 1 0 0
239	4	1 1 1 0 0 1 0 0 0 0 0 1 0 1 0 0
239	1	0 1 1 1 1 1 0 0 0 0 0 0 0 0 1 0
239	5	1 1 1 0 0 1 0 0 0 1 0 1 0 0 1 1
239	8	1 1 1 0 0 1 0 0 0 0 0 0 0 0 1 0
239	1	1 1 1 1 0 1 1 0 0 0 0 1 0 1 0 0
239	1	1 1 1 0 0 1 0 0 0 1 1 1 0 0 0 0
239	2	1 1 1 1 0 1 1 1 0 0 0 1 0 1 0 0
239	5	0 1 1 0 0 0 0 1 0 1 0 0 0 0 0 0
239	2	1 1 1 1 0 1 0 0 0 0 1 0 0 0 0 0
239	1	1 1 1 1 0 1 0 1 0 0 0 0 0 0 0 0
239	2	0 1 1 1 0 1 0 0 0 0 1 1 0 1 0 0
239	3	1 0 1 0 1 0 0 0 0 0 0 0 0 1 0 0
239	1	1 0 1 0 0 1 0 0 0 0 0 0 0 0 0 0
239	2	0 1 1 0 0 0 0 0 0 0 1 1 0 0 0 0
239	1	1 0 1 0 1 1 0 0 0 1 0 1 1 0 0 0
252	24	1 1 1 0 0 1 0 0 0 0 0 0 0 0 0 0
252	12	1 1 1 1 0 1 0 0 0 0 0 1 0 1 0 0
252	2	1 1 1 0 0 1 0 0 0 1 0 1 0 0 0 0
252	5	1 1 1 1 0 1 0 0 0 1 0 0 0 0 1 0
252	278	1 1 1 1 0 1 0 0 0 0 0 0 0 0 0 0
252	5	0 1 1 0 0 1 0 0 0 0 0 0 0 0 0 0
252	34	0 1 1 1 0 1 0 0 0 0 0 0 0 0 0 0
252	13	0 1 1 0 0 1 0 0 0 1 0 0 0 0 0 0
252	7	0 1 1 1 0 1 0 0 0 0 0 1 0 1 0 0
252	3	1 1 1 1 1 1 0 0 0 0 0 1 0 0 0 0
252	14	1 0 1 0 0 0 0 0 0 0 0 0 0 1 0 0
252	13	0 1 1 1 0 1 0 0 0 1 0 0 0 0 0 0
252	37	1 1 1 1 0 1 0 0 0 0 0 1 0 0 0 0
252	8	1 1 0 1 0 1 0 0 0 0 0 0 0 0 1 0
252	22	0 1 1 1 1 0 0 0 0 0 0 1 0 1 0 0
252	20	1 0 1 0 1 1 0 0 0 0 0 0 0 0 0 0
252	35	1 1 0 1 0 1 0 0 0 0 0 0 0 0 0 0
252	44	1 1 1 1 0 1 1 0 0 0 0 0 0 0 0 0
252	6	0 1 1 0 0 1 1 0 0 0 0 0 0 0 0 0
252	22	1 1 1 1 0 1 0 0 0 0 0 1 1 1 0 0
252	7	1 1 1 1 0 1 0 0 0 1 0 1 0 0 0 0
252	2	0 1 1 0 0 1 0 0 0 0 0 0 0 1 0 0
252	18	1 1 1 1 0 1 1 0 0 1 0 1 0 0 0 0
252	12	0 1 0 1 1 0 0 0 0 0 0 0 0 0 0 0
252	4	1 1 1 1 1 1 0 0 0 0 0 0 0 0 0 0
252	1	1 1 1 1 0 1 0 0 0 0 0 0 1 1 0 0
252	24	1 1 1 1 0 1 0 0 0 1 0 1 1 0 1 0
252	11	0 1 1 1 1 0 0 0 0 0 0 1 0 1 0 1
252	10	1 1 1 1 0 1 0 0 0 0 0 0 0 0 1 0
252	9	0 1 1 1 0 1 0 0 0 0 0 1 0 0 0 0
252	11	1 1 1 1 0 1 0 0 0 0 0 1 0 1 1 0
252	20	0 1 1 1 1 0 0 0 0 0 0 0 0 0 0 1
252	2	1 1 1 1 0 1 0 0 0 0 0 0 0 1 0 0
252	1	1 1 1 1 0 1 0 0 0 0 1 1 0 0 1 1
252	1	1 1 1 0 0 1 1 0 0 0 0 0 0 0 0 0
252	5	1 1 1 0 0 1 0 0 0 1 0 1 0 0 1 0
252	5	1 1 1 1 0 1 0 1 0 0 0 0 1 0 0 0
252	47	1 1 1 1 0 1 0 0 0 0 0 0 0 0 0 1
252	1	1 1 1 1 0 1 1 0 0 1 0 1 1 0 0 0
252	8	1 1 1 1 1 1 0 0 0 0 1 1 0 0 0 0
252	2	1 1 1 1 0 1 0 1 0 0 0 0 0 0 0 0
252	3	0 1 1 0 0 0 0 0 0 0 1 1 0 0 0 0
252	9	1 1 1 1 1 0 0 0 0 0 0 0 0 0 1 0
252	10	0 1 1 1 1 0 0 0 0 0 0 0 0 0 0 0
252	2	1 1 1 0 0 1 0 0 0 1 0 1 1 0 0 0
252	2	1 1 1 1 0 1 0 0 0 0 1 0 0 0 0 0
252	3	0 0 1 1 0 0 0 0 0 1 0 1 1 0 0 0
252	1	1 0 1 1 0 1 1 0 0 1 0 1 0 0 0 0
252	1	1 1 1 0 1 1 0 0 0 1 0 0 0 0 0 0
252	2	1 1 1 0 0 1 1 0 0 0 0 1 0 1 0 0
252	3	1 1 1 1 1 1 0 0 0 0 1 1 0 0 1 0
252	1	1 1 1 1 0 0 1 0 0 0 0 0 0 0 0 0
252	11	1 1 0 1 0 1 0 0 0 0 0 0 1 0 1 0
252	5	1 1 1 1 1 0 0 0 0 0 0 1 0 1 0 0
252	8	1 1 1 1 0 1 1 0 0 0 0 1 0 1 0 0
252	9	1 1 1 1 1 1 1 0 0 0 1 1 0 0 0 0
252	2	0 1 1 1 0 1 0 0 0 1 0 0 1 0 0 0
252	6	0 0 1 1 0 1 1 0 0 1 0 1 0 0 0 0
252	2	1 1 1 1 0 1 0 0 1 0 0 0 1 0 1 0
252	8	0 1 1 1 0 1 0 0 0 0 0 0 1 0 0 0
252	2	1 1 1 1 0 1 0 0 0 1 0 1 0 1 0 0
252	19	1 1 1 1 0 0 0 0 0 0 0 0 0 0 0 0
252	1	1 1 1 1 1 1 0 1 0 0 0 1 0 0 0 0
252	6	1 1 1 1 0 1 0 0 0 0 0 1 1 0 0 0
252	4	0 0 1 1 0 0 0 0 0 1 0 1 1 1 1 0
252	8	1 1 1 0 0 0 0 0 0 0 0 0 0 1 0 0
252	4	1 1 1 0 0 1 0 0 0 0 0 1 0 0 0 0
252	13	1 1 1 1 0 1 1 0 0 1 0 0 0 0 0 0
252	7	1 1 1 1 1 1 0 0 0 0 0 1 0 1 0 0
252	2	1 1 1 1 1 0 0 0 0 0 0 0 0 0 0 0
252	4	1 1 1 1 0 1 0 0 0 1 0 0 0 0 0 0
252	4	0 1 1 0 0 1 1 0 1 0 0 0 0 0 0 0
252	1	1 1 1 1 0 1 0 0 0 0 1 1 0 1 1 0
252	4	1 1 1 1 0 1 1 0 0 0 0 1 1 0 0 0
252	3	1 1 1 0 0 1 1 0 0 0 0 1 0 0 0 1
252	2	1 0 1 0 1 1 0 0 0 0 0 0 1 0 0 0
252	4	1 1 1 0 0 1 0 0 0 0 0 1 1 1 0 0
252	1	0 1 1 0 0 1 0 0 0 0 0 0 0 1 0 1
252	1	1 1 1 0 0 0 0 0 0 0 0 0 0 0 0 0
252	2	0 0 1 0 0 1 0 0 0 1 0 0 0 0 0 0
252	2	1 0 0 1 0 1 0 0 0 0 0 0 1 0 1 0
252	3	1 1 1 1 0 1 1 0 0 1 0 0 0 0 1 0
252	1	0 1 1 1 1 0 0 0 0 1 0 0 0 0 1 0
252	2	1 1 0 1 0 1 0 0 0 0 0 0 0 0 0 1
252	2	1 1 1 1 0 1 1 0 0 0 0 0 0 0 0 1
252	1	0 1 1 0 0 1 0 0 0 1 0 0 1 0 0 0
252	2	0 1 1 1 1 0 0 1 0 0 0 1 0 1 0 0
252	1	1 0 1 1 0 1 0 0 0 1 0 1 1 0 1 0
252	1	0 1 1 1 1 0 0 1 0 0 0 0 0 0 0 1
350	95	1 1 1 1 0 1 0 0 0 0 0 0 0 0 0 0
350	20	1 1 1 1 0 1 0 0 0 0 0 1 0 0 0 0
350	45	1 1 1 1 0 1 1 0 0 0 0 0 0 0 0 0
350	12	1 1 1 1 0 1 0 0 0 1 0 1 0 0 0 0
350	1	1 1 1 1 0 1 0 0 0 1 0 1 0 1 0 0
350	4	1 1 1 1 0 1 0 0 0 1 0 0 0 0 0 0
350	56	1 1 1 1 0 1 0 0 0 0 1 1 0 0 0 0
350	16	0 1 1 0 0 1 0 0 0 1 0 1 0 0 0 0
350	69	1 1 1 1 0 1 0 1 0 0 0 0 0 0 0 0
350	16	0 1 1 1 0 1 1 0 0 0 0 0 0 0 0 0
350	14	1 1 1 1 0 1 0 0 0 0 0 0 1 0 0 0
350	21	1 1 1 1 0 1 1 1 0 0 0 0 0 0 0 0
350	9	1 1 1 1 1 1 0 0 0 0 0 0 0 0 0 0
350	2	0 1 1 1 0 1 1 0 0 0 0 1 0 1 0 0
350	21	1 1 1 1 0 1 0 0 0 1 0 1 0 0 1 0
350	19	1 1 1 1 1 1 0 1 0 1 0 1 0 0 0 0
350	10	1 1 1 1 0 1 1 0 1 0 0 1 0 1 0 0
350	1	1 1 1 1 0 1 0 1 0 1 0 1 0 1 0 0
350	72	1 1 1 1 0 1 0 1 0 0 0 1 0 0 0 0
350	38	1 1 1 1 0 1 1 0 1 0 0 0 0 0 0 0
350	25	1 1 1 1 0 1 0 1 0 1 0 1 0 0 0 0
350	14	1 1 1 1 0 1 0 0 0 0 0 1 0 1 0 0
350	6	1 1 1 1 1 1 1 0 0 0 0 0 0 0 0 0
350	17	1 1 1 1 0 1 0 0 0 0 1 0 0 0 0 0
350	17	1 1 1 0 0 1 0 0 0 0 0 0 0 0 0 0
350	11	1 1 1 1 0 1 0 0 0 0 0 0 0 0 0 1
350	24	1 1 1 1 0 1 0 1 0 1 0 1 0 0 1 0
350	1	0 1 1 1 1 1 1 0 0 0 0 0 0 0 0 0
350	28	1 1 1 1 0 1 0 1 0 0 0 0 0 0 1 0
350	21	0 1 1 1 0 1 1 0 0 0 0 0 1 0 0 0
350	12	1 1 1 1 0 1 1 0 0 0 0 1 0 0 0 0
350	6	1 1 1 1 0 1 0 0 0 0 1 1 0 0 1 0
350	15	1 1 1 1 0 0 0 0 0 0 1 0 0 0 0 0
350	9	1 1 1 1 0 1 0 1 1 1 0 0 0 0 0 0
350	10	1 1 1 1 1 1 0 1 0 1 0 0 0 0 0 0
350	23	1 1 1 1 0 1 0 0 1 0 0 0 0 0 0 0
350	5	1 1 1 1 0 1 0 0 0 1 0 1 0 1 1 0
350	5	1 0 1 1 0 1 1 0 0 0 0 0 0 0 0 0
350	11	1 1 1 1 0 0 0 1 0 0 0 1 0 0 0 0
350	2	0 1 1 1 0 1 1 0 0 0 0 1 0 0 0 0
350	16	0 1 1 1 0 0 0 0 0 1 0 1 1 0 0 0
350	3	1 0 1 1 1 1 0 1 0 1 0 1 0 0 0 0
350	2	1 1 1 1 0 1 0 1 0 1 0 0 0 1 0 0
350	18	1 0 1 1 0 1 0 0 0 1 0 1 0 0 0 0
350	11	1 1 1 1 0 1 0 0 1 1 0 1 0 1 0 0
350	4	1 1 1 0 0 1 0 0 0 0 0 1 0 0 0 0
350	7	1 1 0 1 0 1 1 0 0 0 0 0 0 0 0 0
350	10	1 1 1 1 0 1 1 0 0 0 0 0 0 1 0 0
350	1	1 1 0 1 0 1 0 0 0 0 1 1 0 0 0 0
350	3	1 1 1 1 0 1 0 1 1 0 0 0 0 0 0 0
350	6	1 1 1 1 0 1 0 1 0 0 0 0 0 1 0 0
350	4	1 1 1 1 1 1 0 0 1 0 0 0 0 0 0 0
350	20	1 1 1 1 0 1 0 0 1 0 0 0 0 0 1 0
350	10	0 1 1 1 0 1 0 1 0 1 0 1 0 0 1 0
350	2	1 1 1 0 0 1 0 0 0 0 1 0 0 0 1 0
350	4	0 1 1 0 0 1 1 0 0 0 0 1 0 1 0 0
350	2	1 1 1 1 0 1 0 1 0 0 1 0 0 0 1 0
350	2	1 1 1 1 0 1 0 1 1 0 0 0 0 0 1 0
350	1	1 1 1 1 0 1 0 1 0 0 0 1 0 0 1 0
350	4	1 1 1 1 0 0 0 0 0 1 0 1 1 0 0 0
350	7	1 1 1 1 0 0 0 0 0 0 0 0 0 0 0 0
350	4	1 1 1 0 0 1 0 0 0 0 0 1 0 1 0 0
350	2	1 1 1 1 0 1 0 0 1 1 1 1 0 1 0 0
350	4	1 1 1 1 0 1 1 1 0 1 0 1 1 0 1 0
350	1	1 1 1 1 0 1 0 0 0 0 1 0 0 0 1 0
350	2	1 1 1 1 0 1 1 0 0 0 0 0 1 0 0 0
350	4	1 1 1 1 1 1 0 0 0 0 0 0 0 1 0 0
350	3	1 1 1 0 1 1 1 0 0 0 0 0 0 0 0 0
350	7	1 1 1 1 1 1 0 0 0 0 1 0 0 0 0 0
350	3	1 1 1 1 0 1 0 0 0 0 0 0 0 1 0 1
350	4	1 1 1 1 0 0 0 0 0 0 1 0 0 0 0 1
350	1	1 1 1 1 0 1 0 0 0 0 0 1 1 0 0 0
350	3	1 1 1 1 0 0 0 0 0 0 1 0 0 0 1 0
350	2	1 1 1 0 0 1 0 0 0 1 0 1 0 1 1 0
350	3	1 1 0 1 1 1 1 0 0 0 1 0 0 0 0 0
350	2	1 1 1 1 0 1 0 0 0 1 0 1 1 0 0 0
350	1	1 1 1 1 0 1 1 0 0 1 0 1 0 0 1 0
350	2	1 1 1 1 0 1 0 1 0 1 0 0 0 0 0 0
350	2	1 1 1 1 0 0 0 0 0 1 0 0 0 0 0 0
350	2	1 1 0 1 0 1 0 0 0 0 0 0 0 0 0 0
350	1	1 1 1 1 0 1 0 1 0 0 1 1 0 0 0 0
350	1	1 1 1 1 0 1 0 0 0 1 1 1 0 0 1 0
350	1	1 1 1 1 0 1 1 1 0 0 0 1 0 0 0 0
350	2	1 1 1 1 0 1 0 0 0 0 1 0 0 0 0 1
350	1	1 1 0 1 0 1 0 1 0 0 0 0 0 0 1 0
350	1	0 1 1 1 0 0 0 0 0 0 1 0 0 0 0 0
350	1	1 1 1 1 0 1 0 0 1 0 0 1 0 0 1 0
400	88	1 1 1 1 0 1 0 0 0 0 0 0 0 0 0 0
400	29	1 1 1 1 0 1 1 0 0 0 0 0 0 0 0 0
400	22	1 1 1 1 0 1 0 0 0 0 1 1 0 0 0 0
400	158	1 1 1 1 0 1 0 1 0 0 0 0 0 0 0 0
400	40	0 1 1 1 0 1 1 0 0 0 0 0 0 0 0 0
400	33	1 1 1 1 1 1 0 1 0 1 0 1 0 0 0 0
400	1	1 1 1 1 0 1 0 1 0 0 0 1 0 0 0 0
400	5	1 1 1 1 0 1 1 0 1 0 0 0 0 0 0 0
400	27	1 1 1 1 0 1 0 1 0 1 0 1 0 0 0 0
400	12	0 1 1 1 1 1 1 0 0 0 0 0 0 0 0 0
400	11	1 1 1 1 0 1 0 1 0 0 0 0 0 0 1 0
400	15	1 1 1 1 1 1 0 1 0 1 0 0 0 0 0 0
400	13	1 1 1 1 0 1 0 0 1 0 0 0 0 0 0 0
400	15	1 0 1 1 0 1 0 0 0 1 0 1 0 0 0 0
400	2	1 1 1 1 0 1 0 1 1 0 0 0 0 0 0 0
400	32	1 1 1 1 0 1 0 0 1 0 0 0 0 0 1 0
400	64	1 1 1 1 0 0 0 0 0 0 0 0 0 0 0 0
400	28	1 1 1 1 0 1 0 1 0 1 0 0 0 0 0 0
400	33	0 1 1 1 0 1 0 0 0 0 0 0 0 0 0 0
400	4	1 1 1 1 1 1 0 1 0 0 0 0 0 0 0 0
400	5	1 1 0 1 0 1 0 0 0 0 0 0 0 0 0 0
400	2	1 0 1 1 0 1 0 1 0 0 0 1 0 0 0 0
400	2	1 1 0 1 1 0 1 0 0 0 1 0 0 0 0 0
400	5	1 1 1 1 0 1 0 0 1 0 0 1 0 0 0 0
400	10	1 1 1 1 1 1 0 1 1 1 0 1 0 0 0 0
400	2	1 1 1 0 0 1 1 0 0 0 0 0 0 0 0 0
400	5	1 0 1 1 0 1 0 0 0 0 0 0 0 0 0 0
400	7	0 1 1 1 0 1 0 0 0 0 1 0 0 0 0 0
400	2	1 1 1 1 0 1 1 1 0 0 0 1 0 0 0 0
400	11	0 1 0 1 1 0 1 0 0 0 1 0 0 0 0 0
400	11	0 1 1 1 1 1 0 0 0 0 0 0 0 0 0 0
400	10	1 0 1 1 0 1 0 1 0 1 0 1 0 0 0 0
400	3	0 0 1 1 0 0 0 0 0 1 0 1 1 1 0 0
400	2	0 1 1 1 1 0 0 0 1 1 0 1 0 0 0 0
400	4	1 1 1 1 0 1 0 0 1 1 0 0 0 0 0 0
400	13	1 1 1 1 0 1 0 0 0 0 0 0 0 0 1 0
400	3	1 1 1 0 0 1 0 0 0 0 0 1 0 0 1 0
400	10	1 1 1 1 0 1 0 0 0 1 0 0 0 0 0 0
400	17	1 1 1 1 1 1 0 0 1 0 0 0 0 0 0 0
400	1	0 1 1 1 1 0 0 1 0 0 0 1 0 0 0 0
400	26	1 0 1 1 0 1 0 0 0 1 0 0 0 0 0 0
400	14	1 1 1 1 0 1 0 1 1 0 0 0 1 0 0 0
400	3	1 1 1 1 0 0 0 0 0 0 1 0 0 0 0 0
400	31	1 1 1 1 0 0 0 0 0 1 0 0 0 0 0 0
400	9	0 1 1 1 1 0 0 0 0 1 0 1 1 0 0 0
400	1	1 1 0 1 0 1 0 0 0 0 0 0 1 0 0 0
400	5	1 0 1 1 0 1 1 1 0 0 0 0 0 0 0 0
400	5	1 1 1 1 1 0 0 0 0 0 0 0 0 0 0 0
400	3	0 1 1 1 0 1 1 0 0 0 0 0 1 0 0 0
400	11	1 1 1 1 1 1 0 1 1 0 0 0 0 0 0 0
400	8	0 1 1 1 0 0 0 0 0 0 0 0 0 0 0 0
400	2	0 1 0 1 1 0 1 0 0 0 1 0 0 0 0 1
400	6	1 1 1 1 0 1 1 1 0 1 0 1 0 0 0 0
400	5	1 1 1 0 1 1 0 1 0 1 0 0 0 0 0 0
400	6	1 1 0 1 0 0 0 0 0 0 0 0 0 0 0 0
400	2	1 1 1 1 0 1 0 0 0 1 0 0 0 1 0 0
400	6	0 1 1 1 1 1 0 1 0 1 0 1 0 0 0 0
400	12	1 1 1 1 0 1 0 0 0 0 0 1 0 0 0 0
400	6	1 1 0 1 0 1 0 1 0 0 0 0 0 0 0 0
400	5	1 1 1 1 0 1 0 1 0 0 0 0 0 1 0 0
400	2	1 1 1 1 0 1 0 1 0 1 1 1 0 0 0 0
400	1	1 1 1 1 0 0 0 0 0 0 0 0 0 0 1 0
400	5	1 0 1 1 0 1 0 1 0 0 1 1 0 0 0 0
400	1	1 1 1 1 1 1 1 0 0 1 0 0 0 1 0 0
400	11	1 1 1 0 0 1 0 0 0 0 0 0 0 0 0 0
400	1	0 1 1 1 1 1 1 0 0 0 1 0 0 0 0 0
400	2	1 1 1 1 0 1 1 1 0 0 0 0 0 0 1 0
400	4	1 1 1 1 0 0 0 0 0 0 0 1 0 0 0 0
400	2	1 1 1 1 0 0 0 0 0 0 0 0 0 0 0 1
400	1	0 1 0 1 1 0 1 0 1 0 1 0 0 0 0 0
400	2	1 1 0 1 0 1 0 0 0 0 1 0 1 0 0 0
400	3	1 1 1 1 1 1 0 1 0 1 0 1 0 0 1 0
400	3	1 0 1 1 0 1 1 0 1 0 0 0 0 0 0 0
400	2	1 0 1 1 0 1 1 0 0 1 0 1 0 0 0 0
400	1	0 1 1 1 0 1 0 0 0 0 0 0 0 0 1 0
400	3	1 1 0 0 0 1 0 0 0 0 0 0 0 0 0 0
400	4	1 1 1 1 0 1 1 0 0 0 0 0 0 0 0 1
400	2	1 1 1 1 0 1 0 0 0 0 1 1 0 0 0 1
400	5	1 0 1 1 0 1 0 0 0 1 0 1 1 0 0 0
400	1	1 0 1 1 0 1 0 1 0 0 0 1 1 0 0 0
400	2	1 1 1 1 1 1 0 0 0 0 0 0 0 0 0 0
400	1	1 1 1 1 1 1 0 1 1 0 0 0 0 0 1 0
400	1	1 1 1 1 0 1 1 1 0 0 0 0 0 0 0 0
400	2	1 1 1 0 0 0 0 0 0 1 0 0 0 0 0 0
400	1	1 1 1 1 1 1 1 0 0 0 0 0 0 0 1 0
400	3	1 1 1 1 0 0 0 0 0 0 0 0 1 0 0 0
400	1	1 1 1 1 1 1 0 0 1 0 0 0 0 0 1 0
400	1	1 1 1 1 1 1 0 1 1 0 0 0 1 0 0 0
400	1	0 1 1 1 0 1 0 1 1 0 0 0 0 0 0 0
400	2	1 1 0 1 0 1 0 0 1 0 0 0 0 0 1 0
400	3	0 1 1 1 1 1 0 1 0 0 0 0 0 0 0 0
400	1	1 1 1 1 0 1 0 0 0 0 0 1 0 0 1 0
400	1	1 0 1 1 0 0 0 0 0 1 0 0 0 0 0 0
400	1	1 1 0 1 0 1 0 1 0 0 1 0 0 0 0 0
