0	250	1 1 0 0 0 0 1 0 0 0 1 0 0 0 0 0
0	250	0 0 0 0 0 0 1 0 0 1 1 0 0 0 0 0
0	250	0 0 0 0 0 1 0 0 0 0 0 0 0 0 1 0
0	250	0 0 1 0 0 0 0 1 0 1 0 1 1 1 0 1
20	332	1 1 0 0 0 0 1 0 0 0 1 0 0 0 0 0
20	300	0 0 0 0 0 0 1 0 0 1 1 0 0 0 0 0
20	6	0 0 0 0 0 1 0 0 0 0 0 0 0 0 1 0
20	33	0 0 1 0 0 0 0 1 0 1 0 1 1 1 0 1
20	6	0 1 0 0 0 0 1 0 0 0 1 0 0 0 0 0
20	8	0 0 1 0 0 1 0 0 0 0 0 0 0 0 1 0
20	4	1 0 1 0 0 0 0 1 0 1 0 1 1 1 0 1
20	12	0 0 0 0 0 0 1 0 0 1 1 1 0 0 0 0
20	15	1 1 0 1 0 0 1 0 0 0 1 0 0 0 0 0
20	55	1 1 0 0 0 0 1 0 0 1 1 0 0 0 0 0
20	4	0 0 1 0 0 0 1 0 0 1 1 0 0 0 0 0
20	11	1 1 0 0 0 0 1 0 0 0 1 1 0 0 0 0
20	40	1 1 0 0 0 1 1 0 0 0 1 0 0 0 0 0
20	11	1 1 0 0 0 0 1 0 0 0 1 0 0 1 0 0
20	2	1 0 0 0 0 0 1 0 0 1 1 0 0 0 0 0
20	7	0 0 0 0 0 0 0 0 0 1 1 0 1 0 0 0
20	15	1 1 0 0 1 0 1 0 0 0 1 0 0 0 0 0
20	1	0 0 0 0 0 0 1 0 0 1 1 0 0 0 0 1
20	3	0 0 1 0 0 1 0 1 0 1 0 1 1 1 0 1
20	10	0 0 0 0 0 0 0 1 0 1 0 1 1 1 0 1
20	3	0 0 1 0 0 0 0 1 0 1 0 1 0 0 0 0
20	5	1 1 0 0 0 0 1 0 0 0 1 0 1 0 0 0
20	4	0 0 0 0 0 0 1 0 0 1 0 0 0 0 0 0
20	5	1 0 0 0 0 0 1 0 0 0 1 0 0 0 0 0
20	11	0 1 1 0 0 0 0 1 0 1 0 1 1 1 0 1
20	3	0 0 1 0 0 0 0 1 0 1 0 1 1 0 0 1
20	4	0 0 0 0 0 1 1 0 0 0 0 0 1 0 1 0
20	10	0 0 0 0 0 1 1 0 0 1 1 0 0 0 0 0
20	1	0 0 1 0 0 0 0 1 0 1 0 0 0 0 1 0
20	6	0 1 0 0 0 0 1 0 0 1 1 0 0 0 0 0
20	8	1 1 1 0 0 0 1 0 0 0 1 0 0 0 0 0
20	1	1 1 0 0 1 0 1 0 0 1 1 0 0 0 0 0
20	2	1 0 0 0 0 0 1 0 1 1 1 0 0 0 0 0
20	3	0 0 1 0 0 1 0 1 0 1 0 1 1 0 0 1
20	3	0 0 0 0 0 0 1 0 0 0 1 0 0 0 0 0
20	12	1 1 0 0 0 1 1 0 0 1 1 0 0 0 0 0
20	4	0 0 0 0 0 0 0 0 0 0 1 0 0 0 0 0
20	5	1 1 0 0 0 1 0 1 0 1 0 1 1 1 0 1
20	1	0 0 0 0 0 0 1 0 0 1 1 0 0 0 1 0
20	3	0 0 0 0 0 0 1 0 0 1 0 1 1 0 0 1
20	6	1 1 0 0 0 0 1 1 0 0 1 0 0 0 0 0
20	4	1 1 0 0 0 0 0 1 0 1 0 1 1 1 0 1
20	5	1 1 0 0 0 0 1 0 0 0 1 0 0 0 1 0
20	1	0 0 0 0 0 0 1 0 0 1 1 0 0 1 0 0
20	1	0 0 0 1 0 1 0 0 0 0 0 0 0 0 0 0
20	3	0 0 0 1 0 0 1 0 0 1 1 0 0 0 0 0
20	3	0 0 1 0 0 0 0 1 0 1 1 1 1 1 0 1
20	2	0 1 0 0 0 1 1 0 0 0 1 0 0 0 0 0
20	2	1 1 0 1 0 0 1 0 0 1 1 0 0 0 0 0
20	2	1 1 1 0 0 0 1 0 0 0 1 1 0 0 0 0
20	1	1 0 0 0 0 1 1 0 0 0 1 0 0 0 0 0
20	1	0 0 0 0 0 0 1 0 0 1 1 0 1 0 0 0
40	326	1 1 0 0 0 0 1 0 0 0 1 0 0 0 0 0
40	131	0 0 0 0 0 0 1 0 0 1 1 0 0 0 0 0
40	20	0 0 1 0 0 0 0 1 0 1 0 1 1 1 0 1
40	22	0 1 0 0 0 0 1 0 0 0 1 0 0 0 0 0
40	57	1 1 0 1 0 0 1 0 0 0 1 0 0 0 0 0
40	69	1 1 0 0 0 0 1 0 0 1 1 0 0 0 0 0
40	4	0 0 1 0 0 0 1 0 0 1 1 0 0 0 0 0
40	25	1 1 0 0 0 0 1 0 0 0 1 1 0 0 0 0
40	15	1 1 0 0 0 1 1 0 0 0 1 0 0 0 0 0
40	12	1 1 0 0 0 0 1 0 0 0 1 0 0 1 0 0
40	3	1 0 0 0 0 0 1 0 0 1 1 0 0 0 0 0
40	4	0 0 0 0 0 0 0 0 0 1 1 0 1 0 0 0
40	19	1 1 0 0 1 0 1 0 0 0 1 0 0 0 0 0
40	6	0 0 0 0 0 0 0 1 0 1 0 1 1 1 0 1
40	1	0 0 1 0 0 0 0 1 0 1 0 1 0 0 0 0
40	7	1 1 0 0 0 0 1 0 0 0 1 0 1 0 0 0
40	9	0 0 0 0 0 0 1 0 0 1 0 0 0 0 0 0
40	3	1 0 0 0 0 0 1 0 0 0 1 0 0 0 0 0
40	2	0 0 0 0 0 1 1 0 0 1 1 0 0 0 0 0
40	8	0 1 0 0 0 0 1 0 0 1 1 0 0 0 0 0
40	48	1 1 1 0 0 0 1 0 0 0 1 0 0 0 0 0
40	19	0 0 0 0 0 0 1 0 0 0 1 0 0 0 0 0
40	6	1 1 0 0 0 1 1 0 0 1 1 0 0 0 0 0
40	8	1 1 0 0 0 1 0 1 0 1 0 1 1 1 0 1
40	12	0 0 0 0 0 0 1 0 0 1 1 0 0 0 1 0
40	13	1 1 0 1 0 0 1 0 0 1 1 0 0 0 0 0
40	3	1 1 0 0 0 0 1 0 1 0 1 0 0 0 0 0
40	19	1 1 0 0 0 0 0 0 0 0 1 0 0 0 0 0
40	4	0 0 0 0 0 0 1 0 0 0 1 1 0 0 0 0
40	4	0 0 0 0 0 0 1 0 0 1 1 0 1 0 0 0
40	1	0 0 1 1 0 1 0 1 0 1 0 1 1 0 0 1
40	9	1 1 1 0 0 0 0 1 0 1 0 1 1 1 0 1
40	1	1 1 0 1 0 0 1 0 0 0 1 0 1 1 0 1
40	3	1 1 0 1 1 0 1 0 0 0 1 0 0 0 0 0
40	1	0 0 0 0 0 0 1 0 0 1 1 0 0 1 0 0
40	6	1 1 0 0 0 0 1 0 0 0 1 0 1 0 1 0
40	8	0 1 0 0 0 0 1 0 0 1 1 1 1 1 0 1
40	6	1 1 0 0 0 0 1 1 0 0 1 0 0 0 0 0
40	5	0 1 0 0 0 0 1 0 0 1 1 0 0 1 0 0
40	5	1 0 1 0 0 0 1 0 0 0 1 0 0 0 0 0
40	6	0 0 0 0 1 0 1 0 0 1 1 0 0 0 0 0
40	4	0 1 0 0 0 1 1 0 0 0 1 0 0 0 0 0
40	3	1 1 0 0 0 0 1 0 1 0 1 1 0 0 0 0
40	3	1 1 1 0 1 0 1 0 0 0 1 0 0 0 0 0
40	1	0 0 1 0 0 0 0 1 0 1 0 1 1 0 0 1
40	8	1 1 0 0 0 1 1 0 0 0 1 0 0 0 1 0
40	7	1 0 0 0 0 0 1 0 0 1 1 0 0 1 0 0
40	2	0 0 0 0 0 0 1 0 0 1 1 0 0 0 0 1
40	4	1 1 0 1 1 0 1 0 0 1 1 0 0 0 0 0
40	1	1 1 0 0 0 1 1 0 1 0 1 0 0 0 0 0
40	1	0 1 1 0 0 0 0 0 0 0 1 0 0 0 0 0
40	2	1 0 1 0 0 0 0 1 0 1 0 1 1 1 0 1
40	2	1 1 0 0 0 0 1 0 0 0 1 0 0 0 0 1
40	1	0 0 0 0 0 0 1 1 0 1 1 0 0 0 0 0
40	2	0 0 0 0 0 0 0 0 0 1 0 1 1 1 0 1
40	4	1 1 0 0 0 1 1 0 0 0 1 0 1 0 1 0
40	4	1 0 1 0 0 0 1 0 0 1 1 0 0 0 0 0
40	2	1 1 0 0 0 0 1 0 0 0 0 1 0 0 0 0
40	2	0 1 0 0 0 0 1 0 0 1 0 0 0 0 0 0
40	1	1 0 0 0 0 0 1 0 0 1 0 0 0 0 0 0
40	1	0 0 0 0 0 0 1 0 0 1 1 1 1 1 0 1
40	2	0 0 0 0 0 0 0 1 0 1 0 1 0 0 0 0
40	1	1 1 0 1 0 1 1 0 0 0 1 0 0 0 0 0
40	2	1 1 0 0 0 0 1 0 0 1 1 0 1 0 0 0
40	2	0 0 0 0 0 0 1 0 0 0 1 0 0 0 1 0
40	1	1 1 0 0 0 1 0 0 0 1 0 1 1 1 0 1
40	4	1 1 0 0 0 0 1 0 1 0 0 1 0 0 0 0
40	1	0 0 1 0 0 0 1 0 0 0 1 1 0 0 0 0
40	2	0 0 1 0 0 0 1 1 0 1 1 0 0 0 0 0
60	277	1 1 0 0 0 0 1 0 0 0 1 0 0 0 0 0
60	41	0 0 0 0 0 0 1 0 0 1 1 0 0 0 0 0
60	25	0 1 0 0 0 0 1 0 0 0 1 0 0 0 0 0
60	118	1 1 0 1 0 0 1 0 0 0 1 0 0 0 0 0
60	80	1 1 0 0 0 0 1 0 0 1 1 0 0 0 0 0
60	4	1 1 0 0 0 0 1 0 0 0 1 1 0 0 0 0
60	23	1 1 0 0 0 1 1 0 0 0 1 0 0 0 0 0
60	3	1 1 0 0 0 0 1 0 0 0 1 0 0 1 0 0
60	11	1 0 0 0 0 0 1 0 0 1 1 0 0 0 0 0
60	9	1 1 0 0 1 0 1 0 0 0 1 0 0 0 0 0
60	8	0 0 0 0 0 0 0 1 0 1 0 1 1 1 0 1
60	7	1 1 0 0 0 0 1 0 0 0 1 0 1 0 0 0
60	46	0 1 0 0 0 0 1 0 0 1 1 0 0 0 0 0
60	81	1 1 1 0 0 0 1 0 0 0 1 0 0 0 0 0
60	6	0 0 0 0 0 0 1 0 0 0 1 0 0 0 0 0
60	11	1 1 0 0 0 1 1 0 0 1 1 0 0 0 0 0
60	5	0 0 0 0 0 0 1 0 0 1 1 0 0 0 1 0
60	26	1 1 0 1 0 0 1 0 0 1 1 0 0 0 0 0
60	29	1 1 0 0 0 0 0 0 0 0 1 0 0 0 0 0
60	6	1 1 1 0 0 0 0 1 0 1 0 1 1 1 0 1
60	16	1 1 0 1 1 0 1 0 0 0 1 0 0 0 0 0
60	12	1 1 0 0 0 0 1 0 0 0 1 0 1 0 1 0
60	11	1 1 0 0 0 0 1 1 0 0 1 0 0 0 0 0
60	11	1 0 1 0 0 0 0 1 0 1 0 1 0 0 0 0
60	4	1 1 0 0 1 0 1 0 0 1 1 0 0 0 0 0
60	8	1 1 0 0 0 0 1 0 0 0 0 0 0 0 0 0
60	9	1 1 0 0 0 0 0 0 0 1 1 0 0 0 0 0
60	1	0 0 0 1 0 0 1 0 0 1 1 0 0 0 0 0
60	3	1 1 1 0 0 0 0 0 0 0 1 0 0 0 0 0
60	14	1 1 0 0 0 0 1 1 0 0 1 1 0 0 0 0
60	1	0 0 1 0 0 0 0 1 0 1 1 0 0 0 0 0
60	8	1 1 1 0 0 0 1 0 0 0 1 0 1 0 0 0
60	1	1 1 0 0 0 1 1 0 0 1 1 0 1 0 0 0
60	4	1 1 0 0 0 0 1 0 0 1 1 0 0 0 1 0
60	2	1 1 1 0 1 0 1 0 0 0 1 0 0 0 0 0
60	4	1 0 0 1 0 0 1 0 0 1 1 0 0 0 0 0
60	2	1 1 1 0 0 0 1 0 1 0 1 0 0 0 0 0
60	6	0 1 1 0 0 0 0 1 0 1 1 0 0 0 0 0
60	3	0 1 1 0 0 0 1 0 0 1 0 0 0 0 0 0
60	1	1 1 0 0 0 0 1 0 1 0 1 0 0 0 0 0
60	4	0 0 0 0 0 1 1 0 0 1 1 0 0 0 0 0
60	1	1 1 0 0 0 1 1 0 0 0 1 0 0 1 0 0
60	7	1 1 1 0 0 0 1 1 0 0 1 0 0 0 0 0
60	5	0 0 0 0 0 0 1 0 0 1 1 1 0 0 0 0
60	2	0 0 0 0 0 0 1 0 0 1 1 0 1 0 1 0
60	4	0 1 0 0 0 0 1 0 0 0 1 0 1 0 0 0
60	7	0 0 0 0 0 0 1 1 0 0 1 0 0 0 0 0
60	2	0 0 0 0 0 0 1 0 0 1 1 0 0 0 0 1
60	4	1 1 1 0 0 0 1 0 0 1 1 0 0 0 0 0
60	2	1 0 0 1 0 0 1 0 0 0 1 0 0 0 0 0
60	1	1 1 0 0 0 0 1 0 0 0 1 0 0 0 1 0
60	2	1 1 0 0 0 0 1 0 1 1 1 0 0 0 0 0
60	6	1 1 0 0 0 0 0 0 0 0 1 0 0 1 0 0
60	5	1 1 0 1 0 1 1 0 0 1 1 0 0 0 0 0
60	1	1 1 0 0 0 0 0 0 1 0 1 0 0 0 0 0
60	1	0 1 0 0 0 0 1 0 0 0 1 0 0 0 0 1
60	2	1 1 0 1 0 0 1 0 0 0 0 0 0 0 0 0
60	1	1 1 0 0 1 1 1 0 0 0 1 0 0 0 0 0
60	1	1 1 1 0 0 0 1 0 0 0 0 0 0 0 0 0
60	2	1 1 1 0 1 0 1 0 1 0 1 0 0 0 0 0
60	1	1 1 1 0 0 0 1 0 0 1 0 0 0 0 0 0
60	1	0 1 0 0 0 1 1 0 0 0 1 0 0 1 0 0
60	1	0 0 1 0 0 0 1 0 0 1 1 1 0 0 0 0
80	158	1 1 0 0 0 0 1 0 0 0 1 0 0 0 0 0
80	2	0 1 0 0 0 0 1 0 0 0 1 0 0 0 0 0
80	122	1 1 0 1 0 0 1 0 0 0 1 0 0 0 0 0
80	84	1 1 0 0 0 0 1 0 0 1 1 0 0 0 0 0
80	21	1 1 0 0 0 1 1 0 0 0 1 0 0 0 0 0
80	4	1 0 0 0 0 0 1 0 0 1 1 0 0 0 0 0
80	15	1 1 0 0 1 0 1 0 0 0 1 0 0 0 0 0
80	20	0 1 0 0 0 0 1 0 0 1 1 0 0 0 0 0
80	49	1 1 1 0 0 0 1 0 0 0 1 0 0 0 0 0
80	34	1 1 0 0 0 1 1 0 0 1 1 0 0 0 0 0
80	16	1 1 0 1 0 0 1 0 0 1 1 0 0 0 0 0
80	17	1 1 0 0 0 0 0 0 0 0 1 0 0 0 0 0
80	27	1 1 0 1 1 0 1 0 0 0 1 0 0 0 0 0
80	16	1 1 0 0 0 0 1 1 0 0 1 0 0 0 0 0
80	28	1 1 0 0 0 0 1 0 0 0 0 0 0 0 0 0
80	4	1 1 0 0 0 0 0 0 0 1 1 0 0 0 0 0
80	33	1 1 0 0 0 0 1 1 0 0 1 1 0 0 0 0
80	29	1 1 1 0 0 0 1 0 1 0 1 0 0 0 0 0
80	4	1 1 1 0 0 0 1 1 0 0 1 0 0 0 0 0
80	17	0 1 0 0 0 0 1 0 0 0 1 0 1 0 0 0
80	15	1 1 1 1 0 0 1 0 0 0 1 0 0 0 0 0
80	26	1 1 0 1 0 0 0 0 0 0 1 0 0 0 0 0
80	2	1 1 1 1 0 0 0 1 0 1 0 1 1 1 0 1
80	7	1 1 0 0 0 0 0 0 0 1 1 1 0 0 0 0
80	7	1 1 0 0 0 0 1 0 0 1 1 0 0 1 1 0
80	6	1 1 0 1 0 1 1 0 0 1 1 0 0 0 1 0
80	4	1 1 0 1 0 0 1 1 0 0 1 1 0 0 0 0
80	1	0 0 0 0 0 0 1 0 0 0 1 0 1 0 1 0
80	12	1 0 1 0 0 0 0 1 1 1 0 1 0 0 0 0
80	1	1 1 0 1 0 0 1 0 0 0 0 0 0 0 0 0
80	7	1 1 0 1 0 0 1 0 0 0 1 0 0 1 0 0
80	6	1 1 0 0 0 0 1 1 0 1 1 0 0 0 0 0
80	2	1 1 0 0 0 0 1 0 0 0 1 0 0 0 0 1
80	27	1 1 0 1 0 0 1 0 0 0 1 0 0 0 1 0
80	10	1 1 0 1 0 0 1 0 1 0 1 0 0 0 0 0
80	5	1 1 1 0 0 1 1 0 0 0 1 0 0 0 0 0
80	3	1 1 0 1 0 0 1 0 0 1 0 0 0 0 0 0
80	2	1 1 0 1 0 0 1 0 0 0 1 0 1 0 0 0
80	10	1 1 1 0 0 0 1 1 0 0 1 1 0 0 0 0
80	2	1 1 0 0 0 0 1 0 1 1 1 0 0 0 0 0
80	4	1 1 0 0 0 0 1 0 1 0 1 0 0 0 1 0
80	15	1 1 1 0 0 0 1 1 0 1 1 0 0 0 0 0
80	1	1 1 0 0 1 0 1 0 0 0 1 0 0 1 0 0
80	9	1 1 0 0 0 0 1 0 0 0 0 1 0 0 0 1
80	2	0 0 0 0 0 1 1 0 0 1 1 0 0 0 0 0
80	13	1 1 0 1 0 0 0 0 0 0 1 0 0 1 0 0
80	5	0 0 0 0 0 0 1 0 0 1 1 0 1 0 0 0
80	6	1 1 0 0 0 0 1 0 0 1 1 0 0 0 0 1
80	9	1 1 1 1 0 0 1 0 0 0 1 0 0 0 1 0
80	4	0 0 0 0 0 0 1 1 0 0 1 1 0 0 0 0
80	5	0 1 0 0 0 0 1 0 0 0 0 0 0 0 0 0
80	11	1 1 0 0 0 0 1 0 0 1 0 0 0 0 0 0
80	9	1 1 0 0 0 1 1 1 0 0 1 0 0 0 0 0
80	2	1 1 0 0 1 0 0 0 0 0 1 0 0 0 0 0
80	3	1 1 1 0 0 0 1 0 0 0 1 0 0 0 0 1
80	1	1 1 1 0 0 0 1 0 0 0 1 1 0 0 0 0
80	2	1 1 0 0 0 0 1 1 0 1 1 0 0 0 1 0
80	8	1 1 0 0 0 0 1 1 0 0 1 1 1 0 0 0
80	1	1 1 1 0 0 1 1 0 0 0 1 0 0 1 0 0
80	1	1 1 1 1 0 0 1 0 0 0 1 0 1 0 0 0
80	1	1 1 1 1 0 0 0 1 0 1 0 0 0 0 0 0
80	3	1 0 0 0 0 0 1 0 0 0 1 0 0 0 0 0
80	1	1 1 0 0 0 1 1 0 0 0 1 0 0 1 0 0
80	1	1 1 0 0 0 0 1 1 0 0 1 0 0 0 1 0
80	1	1 1 1 1 0 0 1 0 1 0 1 0 0 0 0 0
80	1	1 1 0 0 0 0 1 0 0 0 1 0 0 0 1 0
80	4	1 0 0 0 0 0 1 1 0 1 1 0 0 0 0 0
80	5	1 1 0 1 0 0 1 1 0 0 1 0 0 0 0 0
80	3	1 0 0 1 0 0 1 0 0 0 1 0 0 0 0 0
80	2	1 1 0 0 0 1 1 0 0 0 1 0 1 0 0 0
80	2	1 1 0 0 1 0 1 0 0 0 1 0 0 0 0 1
80	1	1 1 1 0 1 0 1 0 0 0 1 0 0 0 0 0
80	1	1 1 1 0 0 0 1 0 0 0 1 0 0 0 1 0
80	2	1 0 0 1 1 0 1 0 0 0 1 0 0 0 0 0
80	4	1 1 0 1 0 0 1 0 0 1 0 0 0 0 0 1
80	1	1 1 0 1 0 0 1 0 0 0 1 0 1 1 0 0
80	1	1 1 1 1 0 0 0 1 0 0 0 0 0 0 0 0
100	92	1 1 0 0 0 0 1 0 0 0 1 0 0 0 0 0
100	125	1 1 0 1 0 0 1 0 0 0 1 0 0 0 0 0
100	77	1 1 0 0 0 0 1 0 0 1 1 0 0 0 0 0
100	14	1 1 0 0 0 1 1 0 0 0 1 0 0 0 0 0
100	11	1 0 0 0 0 0 1 0 0 1 1 0 0 0 0 0
100	24	1 1 0 0 1 0 1 0 0 0 1 0 0 0 0 0
100	6	0 1 0 0 0 0 1 0 0 1 1 0 0 0 0 0
100	76	1 1 1 0 0 0 1 0 0 0 1 0 0 0 0 0
100	10	1 1 0 0 0 1 1 0 0 1 1 0 0 0 0 0
100	4	1 1 0 1 0 0 1 0 0 1 1 0 0 0 0 0
100	30	1 1 0 0 0 0 0 0 0 0 1 0 0 0 0 0
100	9	1 1 0 0 0 0 1 0 0 0 0 0 0 0 0 0
100	10	1 1 0 0 0 0 0 0 0 1 1 0 0 0 0 0
100	17	1 1 0 0 0 0 1 1 0 0 1 1 0 0 0 0
100	18	1 1 1 0 0 0 1 0 1 0 1 0 0 0 0 0
100	15	1 1 0 1 0 0 0 0 0 0 1 0 0 0 0 0
100	7	1 1 0 0 0 0 0 0 0 1 1 1 0 0 0 0
100	1	1 1 0 0 0 0 1 0 0 1 1 0 0 1 1 0
100	2	1 1 0 1 0 0 1 0 0 0 1 0 0 1 0 0
100	4	1 1 0 0 0 0 1 1 0 1 1 0 0 0 0 0
100	109	1 1 0 1 0 0 1 0 0 0 1 0 0 0 1 0
100	5	1 1 1 0 0 1 1 0 0 0 1 0 0 0 0 0
100	11	1 1 1 0 0 0 1 1 0 0 1 1 0 0 0 0
100	16	1 1 0 0 0 0 1 0 1 1 1 0 0 0 0 0
100	2	1 1 1 0 0 0 1 1 0 1 1 0 0 0 0 0
100	1	1 1 0 0 0 0 1 0 0 0 0 1 0 0 0 1
100	4	0 0 0 0 0 0 1 0 0 1 1 0 1 0 0 0
100	16	1 1 0 0 0 0 1 0 0 1 1 0 0 0 0 1
100	3	1 1 1 1 0 0 1 0 0 0 1 0 0 0 1 0
100	6	1 1 0 0 0 0 1 0 0 1 0 0 0 0 0 0
100	1	1 1 0 0 0 1 1 1 0 0 1 0 0 0 0 0
100	23	1 1 1 0 0 0 1 0 0 0 1 1 0 0 0 0
100	2	1 1 0 0 0 0 0 0 0 0 0 0 0 0 0 0
100	28	0 1 0 1 1 0 1 0 0 0 1 0 0 0 0 0
100	9	1 1 0 0 1 0 1 1 0 0 1 0 0 0 0 0
100	15	1 1 0 0 0 0 1 0 0 1 1 1 0 0 0 0
100	18	1 1 1 0 0 0 1 0 0 1 1 0 0 0 0 0
100	16	1 1 1 0 1 0 1 0 0 0 1 0 0 0 0 0
100	9	1 0 0 0 0 0 1 0 0 0 1 0 1 0 0 0
100	9	1 1 0 1 0 0 1 0 0 0 0 0 0 0 1 1
100	7	1 0 0 1 0 0 0 0 0 0 1 0 0 1 0 0
100	11	1 1 0 0 0 0 1 0 1 0 1 0 0 0 0 0
100	8	1 1 1 1 0 0 1 0 0 0 0 0 0 0 1 0
100	12	1 1 0 0 0 0 1 0 0 0 1 1 0 0 0 0
100	2	1 1 1 0 0 0 0 0 0 0 1 0 0 0 0 0
100	12	1 1 1 0 0 0 1 0 1 1 1 0 0 0 0 0
100	10	1 1 0 1 0 0 1 0 1 0 1 0 0 0 0 0
100	1	1 1 1 0 0 0 1 0 1 0 1 1 0 0 0 0
100	9	1 1 0 1 0 1 1 0 0 0 1 0 0 0 0 0
100	2	1 0 1 0 0 0 1 0 0 0 1 0 0 0 0 0
100	1	1 1 0 0 0 0 0 0 0 1 0 0 0 0 0 0
100	2	1 1 0 0 0 1 1 0 0 1 0 0 0 0 0 0
100	2	1 1 0 0 0 0 1 0 0 1 1 0 0 0 1 0
100	2	1 1 1 0 0 0 1 0 0 0 1 0 0 0 1 0
100	4	1 1 0 0 0 1 1 1 0 0 1 1 0 0 0 0
100	2	0 1 0 1 1 0 1 0 0 0 0 0 0 0 0 0
100	1	1 1 1 0 0 0 1 0 0 1 1 0 0 0 0 1
100	1	0 1 0 0 0 0 1 0 0 0 1 1 0 0 0 0
100	2	1 1 0 0 0 0 1 0 0 0 1 0 0 1 1 1
100	1	1 1 0 1 0 0 1 0 0 1 1 0 0 0 0 1
100	2	1 1 0 1 0 0 1 0 0 0 1 1 0 0 0 0
100	2	1 1 0 1 0 0 1 0 0 1 1 1 0 0 0 0
100	2	1 1 1 0 0 0 1 0 0 0 0 0 0 0 0 0
100	1	0 1 0 0 0 0 0 0 0 0 1 0 0 0 0 0
100	2	1 1 0 0 0 1 0 0 0 1 1 0 0 0 0 0
100	2	1 0 0 0 0 0 1 0 0 1 0 0 0 0 0 0
100	3	1 0 0 0 0 0 1 0 0 0 1 0 0 0 0 0
100	3	1 0 0 1 0 0 1 0 0 0 1 0 0 0 0 0
100	1	1 1 0 0 1 0 1 0 0 1 1 0 0 0 0 0
100	4	1 0 0 1 0 0 1 0 0 0 1 0 0 1 0 0
100	2	1 1 1 0 0 1 0 0 0 0 1 0 0 0 0 0
100	3	1 0 0 0 0 0 1 0 1 1 1 0 0 0 0 0
100	2	0 1 0 1 1 0 1 0 0 0 1 0 0 0 1 0
100	1	0 1 1 0 0 0 0 0 0 0 1 0 0 0 0 0
100	6	1 1 0 0 0 0 1 0 0 0 1 0 0 0 1 0
100	2	0 0 0 0 0 0 1 0 0 1 1 0 0 0 0 0
100	2	1 1 0 0 0 0 1 1 0 0 1 0 0 0 0 0
100	1	1 1 0 1 0 0 1 0 0 0 1 0 1 0 0 0
100	1	0 1 0 0 0 1 1 0 0 1 1 0 0 0 0 0
100	1	1 1 0 0 0 0 0 0 0 0 1 0 0 0 0 1
100	2	1 1 0 0 0 0 0 0 0 1 1 0 0 1 0 0
100	4	0 1 0 0 0 0 1 0 1 1 1 0 0 0 0 0
100	2	1 1 0 0 0 0 1 0 1 1 1 0 0 1 0 0
100	1	1 1 0 0 0 0 0 0 0 0 0 1 0 0 0 1
100	1	1 1 1 0 0 0 1 0 0 1 1 1 0 0 0 0
120	127	1 1 0 0 0 0 1 0 0 0 1 0 0 0 0 0
120	117	1 1 0 1 0 0 1 0 0 0 1 0 0 0 0 0
120	13	1 1 0 0 0 0 1 0 0 1 1 0 0 0 0 0
120	5	1 1 0 0 0 1 1 0 0 0 1 0 0 0 0 0
120	7	1 1 0 0 1 0 1 0 0 0 1 0 0 0 0 0
120	72	1 1 1 0 0 0 1 0 0 0 1 0 0 0 0 0
120	9	1 1 0 0 0 1 1 0 0 1 1 0 0 0 0 0
120	34	1 1 0 1 0 0 1 0 0 1 1 0 0 0 0 0
120	15	1 1 0 0 0 0 0 0 0 0 1 0 0 0 0 0
120	16	1 1 0 0 0 0 1 0 0 0 0 0 0 0 0 0
120	8	1 1 0 0 0 0 1 1 0 0 1 1 0 0 0 0
120	42	1 1 1 0 0 0 1 0 1 0 1 0 0 0 0 0
120	11	1 1 0 0 0 0 1 0 0 1 1 0 0 1 1 0
120	4	1 1 0 1 0 0 1 0 0 0 1 0 0 1 0 0
120	49	1 1 0 1 0 0 1 0 0 0 1 0 0 0 1 0
120	4	1 1 1 0 0 1 1 0 0 0 1 0 0 0 0 0
120	6	1 1 1 0 0 0 1 0 0 0 1 1 0 0 0 0
120	3	1 1 0 0 0 0 0 0 0 0 0 0 0 0 0 0
120	43	0 1 0 1 1 0 1 0 0 0 1 0 0 0 0 0
120	1	1 1 0 0 1 0 1 1 0 0 1 0 0 0 0 0
120	12	1 1 0 0 0 0 1 0 0 1 1 1 0 0 0 0
120	16	1 1 1 0 0 0 1 0 0 1 1 0 0 0 0 0
120	20	1 1 1 0 1 0 1 0 0 0 1 0 0 0 0 0
120	9	1 1 0 1 0 0 1 0 0 0 0 0 0 0 1 1
120	14	1 0 0 1 0 0 0 0 0 0 1 0 0 1 0 0
120	9	1 1 0 0 0 0 1 0 0 0 1 1 0 0 0 0
120	25	1 1 1 0 0 0 1 0 1 1 1 0 0 0 0 0
120	2	1 1 0 1 0 0 1 0 1 0 1 0 0 0 0 0
120	9	0 1 0 1 1 0 1 0 0 0 0 0 0 0 0 0
120	5	1 1 0 1 0 0 1 0 0 0 1 1 0 0 0 0
120	24	1 0 0 0 0 0 1 0 0 1 0 0 0 0 0 0
120	8	1 1 0 0 0 0 1 0 0 0 1 0 0 0 1 0
120	1	1 1 0 1 0 0 1 0 1 0 1 0 0 0 1 0
120	1	1 0 0 0 0 0 1 0 0 0 0 0 0 0 0 0
120	8	0 1 0 0 0 0 1 0 0 0 1 1 0 0 0 0
120	1	1 1 0 0 0 0 0 0 0 1 1 1 0 0 0 0
120	3	1 1 1 0 0 0 1 0 0 1 1 0 0 1 0 0
120	5	1 1 1 1 0 0 1 0 0 0 1 0 0 1 0 0
120	6	1 1 0 0 0 0 0 0 0 0 1 1 0 0 0 0
120	14	1 1 0 0 0 0 1 0 0 1 0 0 0 0 0 0
120	8	1 0 0 0 0 1 1 0 0 1 1 0 0 0 0 0
120	15	1 1 0 0 1 0 1 0 0 0 1 0 0 1 0 0
120	5	1 1 0 1 1 0 1 0 0 0 0 0 0 0 0 0
120	12	0 1 0 1 0 0 1 0 1 1 1 0 0 0 0 0
120	8	1 1 1 0 0 0 0 0 0 0 1 0 0 0 0 0
120	4	1 1 0 0 0 0 0 1 0 0 1 1 0 0 0 0
120	47	1 1 1 0 0 0 1 0 1 1 0 0 0 0 0 0
120	1	0 1 0 0 1 0 1 0 0 0 1 0 0 0 0 0
120	7	1 1 0 1 1 0 1 0 0 0 1 0 0 0 1 0
120	3	1 1 0 1 0 0 0 0 0 0 0 0 0 0 1 1
120	6	0 1 1 0 0 0 1 0 0 0 1 1 0 0 0 0
120	11	1 1 0 0 1 0 1 0 0 0 1 1 0 0 0 0
120	2	1 1 1 0 0 0 1 0 0 0 1 0 0 0 1 0
120	4	1 1 1 0 0 1 1 0 1 0 1 0 0 0 0 0
120	7	1 1 0 1 0 1 1 0 0 0 1 0 1 0 0 0
120	11	1 1 1 1 0 0 1 0 1 1 1 0 0 0 0 0
120	1	1 1 0 0 0 0 1 0 0 1 1 0 1 0 0 0
120	1	1 1 1 0 1 0 1 1 0 0 1 0 0 0 0 0
120	4	0 1 0 1 1 0 0 0 0 0 0 0 0 0 0 0
120	2	1 1 0 1 0 0 1 0 1 1 1 0 0 0 0 0
120	6	1 1 0 0 0 0 1 0 0 0 0 0 0 0 1 0
120	2	1 0 0 0 0 1 1 0 0 1 0 0 0 0 0 0
120	3	1 1 0 1 0 0 1 0 0 0 0 0 0 0 0 1
120	2	0 1 0 1 1 0 1 0 0 0 1 0 0 0 1 0
120	3	1 1 0 0 0 0 1 0 1 0 1 0 0 0 0 0
120	1	1 1 0 0 0 0 1 0 0 0 1 0 1 0 0 0
120	5	1 0 1 0 0 0 1 0 0 0 1 0 0 0 0 0
120	1	1 1 1 0 0 0 1 0 0 1 1 0 0 0 0 1
120	5	1 1 1 0 0 0 1 0 1 1 1 0 0 0 0 1
120	3	1 1 0 1 1 0 1 0 0 0 1 1 0 0 0 0
120	3	1 1 1 0 1 1 1 0 1 0 1 0 0 0 0 0
120	2	1 1 0 0 0 0 1 0 0 0 1 0 0 1 0 0
120	3	1 1 0 0 0 1 1 0 1 1 1 0 0 0 0 0
120	3	0 1 0 1 1 0 1 0 1 0 1 0 0 0 0 0
120	3	1 1 0 0 0 0 1 0 0 1 0 0 0 0 1 0
120	1	0 1 0 0 0 0 1 0 0 1 0 0 0 0 0 0
120	3	1 1 1 1 0 0 1 0 0 0 1 0 0 0 1 0
120	2	0 1 0 1 0 0 1 0 1 1 0 0 0 0 0 0
120	3	1 0 0 0 0 0 1 0 0 0 1 0 0 0 0 0
120	1	1 1 0 1 1 0 1 0 0 0 1 0 0 0 0 0
120	1	1 1 1 0 0 0 1 1 0 0 1 0 0 0 0 0
120	1	0 1 0 1 1 0 1 0 0 0 1 0 1 0 0 0
120	1	1 1 1 0 0 0 1 0 0 1 1 1 0 0 0 0
120	2	0 1 1 0 0 0 1 0 1 1 0 0 0 0 0 0
120	2	0 0 0 0 1 0 1 0 0 0 1 0 0 0 0 0
120	1	0 1 0 1 1 0 0 1 0 0 0 0 0 0 0 0
140	41	1 1 0 0 0 0 1 0 0 0 1 0 0 0 0 0
140	60	1 1 0 1 0 0 1 0 0 0 1 0 0 0 0 0
140	11	1 1 0 0 0 1 1 0 0 0 1 0 0 0 0 0
140	113	1 1 1 0 0 0 1 0 0 0 1 0 0 0 0 0
140	8	1 1 0 0 0 1 1 0 0 1 1 0 0 0 0 0
140	9	1 1 0 0 0 0 0 0 0 0 1 0 0 0 0 0
140	1	1 1 0 0 0 0 1 0 0 0 0 0 0 0 0 0
140	3	1 1 1 0 0 0 1 0 1 0 1 0 0 0 0 0
140	18	1 1 0 1 0 0 1 0 0 0 1 0 0 0 1 0
140	22	1 1 1 0 0 1 1 0 0 0 1 0 0 0 0 0
140	14	1 1 1 0 0 0 1 0 0 0 1 1 0 0 0 0
140	16	0 1 0 1 1 0 1 0 0 0 1 0 0 0 0 0
140	32	1 1 0 0 0 0 1 0 0 1 1 1 0 0 0 0
140	40	1 1 1 0 0 0 1 0 0 1 1 0 0 0 0 0
140	21	1 1 1 0 1 0 1 0 0 0 1 0 0 0 0 0
140	7	1 0 0 1 0 0 0 0 0 0 1 0 0 1 0 0
140	28	1 1 1 0 0 0 1 0 1 1 1 0 0 0 0 0
140	34	1 1 0 1 0 0 1 0 0 0 1 1 0 0 0 0
140	42	1 0 0 0 0 0 1 0 0 1 0 0 0 0 0 0
140	3	0 1 0 0 0 0 1 0 0 0 1 1 0 0 0 0
140	9	1 1 0 0 0 0 1 0 0 1 0 0 0 0 0 0
140	42	1 1 0 1 1 0 1 0 0 0 0 0 0 0 0 0
140	27	0 1 0 1 0 0 1 0 1 1 1 0 0 0 0 0
140	4	1 1 1 0 0 0 0 0 0 0 1 0 0 0 0 0
140	51	1 1 1 0 0 0 1 0 1 1 0 0 0 0 0 0
140	4	1 1 0 0 1 0 1 0 0 0 1 1 0 0 0 0
140	3	1 1 1 0 0 1 1 0 1 0 1 0 0 0 0 0
140	7	1 1 0 1 0 1 1 0 0 0 1 0 1 0 0 0
140	8	1 1 0 0 0 0 1 0 1 0 1 0 0 0 0 0
140	16	1 1 0 0 0 0 1 0 0 0 1 0 1 0 0 0
140	3	1 1 1 0 0 0 1 0 1 1 1 0 0 0 0 1
140	50	1 1 0 1 1 0 1 0 0 0 1 0 0 0 0 0
140	5	0 1 0 1 1 0 1 0 0 0 1 0 1 0 0 0
140	7	1 1 1 0 0 0 1 0 0 1 1 1 0 0 0 0
140	15	0 1 1 0 0 0 1 0 1 1 0 0 0 0 0 0
140	8	1 1 1 0 0 0 1 0 0 0 1 0 0 1 0 0
140	8	0 1 1 0 0 0 1 0 1 0 1 0 0 0 0 0
140	12	1 1 0 1 0 1 1 0 0 0 0 0 1 0 0 0
140	3	1 1 0 1 0 0 1 1 0 0 1 0 0 0 1 0
140	1	1 1 0 0 0 0 1 0 1 1 0 0 0 0 0 0
140	3	1 0 1 0 0 0 1 0 1 1 1 0 0 0 0 0
140	9	0 1 0 0 0 0 0 0 0 0 1 0 0 0 0 0
140	2	1 1 0 1 0 1 1 0 0 0 1 0 0 0 0 1
140	4	0 1 0 0 0 1 1 0 0 0 1 0 0 0 0 0
140	6	0 1 1 0 0 0 1 0 0 0 1 0 0 0 0 0
140	5	1 0 0 1 0 0 0 0 0 0 1 0 0 0 0 0
140	3	1 1 1 0 0 0 1 0 0 0 1 0 0 0 1 0
140	5	1 1 1 1 0 0 1 0 0 0 1 0 0 0 1 0
140	1	0 0 0 0 0 0 1 0 0 1 1 0 0 0 0 0
140	8	1 1 1 0 0 0 1 0 0 1 0 0 0 0 0 0
140	17	1 1 1 0 0 0 1 0 1 1 0 0 0 0 1 0
140	1	1 0 1 0 0 0 1 0 0 1 1 0 0 0 0 0
140	2	1 1 0 1 1 0 1 0 1 0 1 0 0 0 0 0
140	1	1 1 1 0 0 0 1 0 1 1 0 0 0 0 0 1
140	8	1 1 0 0 0 1 1 1 0 1 1 0 0 0 0 0
140	2	1 1 1 0 0 1 1 0 1 1 1 0 0 0 0 0
140	12	1 1 0 1 0 0 1 0 1 1 0 0 0 0 0 0
140	9	1 1 0 1 0 0 1 0 0 1 1 0 0 0 0 0
140	3	1 0 0 0 0 0 1 0 0 1 0 1 0 0 0 0
140	1	1 1 1 0 1 0 1 0 0 0 1 0 0 1 0 0
140	2	1 1 1 0 0 1 1 0 0 0 1 0 0 0 1 0
140	1	1 1 0 1 0 0 1 0 0 0 1 1 1 0 0 0
140	4	1 1 0 0 0 1 1 0 1 0 1 0 0 0 0 0
140	5	1 1 0 1 0 1 1 0 0 0 0 0 0 0 0 0
140	6	1 1 0 0 0 0 1 0 0 0 1 0 0 1 0 0
140	2	1 1 0 0 0 0 1 0 0 0 1 1 0 0 0 0
140	7	0 1 0 1 0 0 1 0 0 0 1 0 0 0 1 0
140	2	1 1 1 0 1 1 1 0 0 0 1 0 0 0 0 0
140	2	1 1 1 1 0 0 1 0 1 1 1 0 0 0 0 0
140	2	0 1 0 1 1 0 1 0 0 0 0 0 0 0 1 0
140	1	1 1 0 1 1 0 1 0 0 0 0 1 0 0 0 0
140	4	1 1 0 0 0 0 0 0 0 0 0 0 0 0 0 0
140	2	0 1 0 1 1 0 1 0 1 0 1 0 0 0 0 0
140	4	0 1 1 0 0 0 1 0 1 1 1 0 0 0 0 0
140	4	1 0 0 0 1 0 1 0 0 1 0 0 0 0 0 0
140	2	1 0 0 0 0 0 1 0 0 0 1 0 1 0 0 0
140	2	1 1 1 0 0 0 1 0 1 0 1 0 0 1 0 0
140	1	0 0 1 0 0 0 1 0 1 1 1 0 0 0 0 0
140	2	0 1 0 1 0 1 1 0 0 0 0 0 0 0 0 0
140	1	1 1 1 1 0 0 1 0 0 0 1 0 0 0 0 0
140	4	1 0 0 0 0 0 0 0 0 0 1 0 0 0 0 0
140	2	1 1 0 0 0 0 0 0 0 0 1 0 1 0 0 0
140	1	1 1 1 0 1 0 1 0 0 0 1 1 0 0 0 0
140	3	0 1 0 0 0 0 1 0 0 1 1 1 0 0 0 0
140	5	1 0 0 0 0 0 0 0 0 0 1 0 0 1 0 0
140	2	0 0 0 0 0 0 0 0 0 0 1 0 0 0 0 0
140	2	1 1 1 0 1 1 1 0 0 0 1 0 0 0 1 0
140	1	1 1 0 0 0 0 1 0 1 1 1 0 0 0 0 0
140	1	1 1 1 0 0 0 1 0 0 0 1 0 1 0 0 0
140	1	0 1 0 1 0 0 1 0 0 0 1 0 0 0 0 0
140	1	0 1 0 0 0 0 1 0 0 0 1 0 0 0 0 0
140	2	1 1 1 0 0 0 1 0 0 1 0 0 0 0 1 0
140	1	1 1 1 1 0 0 1 0 0 1 1 0 0 0 0 0
140	1	1 0 1 0 0 0 1 0 0 1 0 0 0 0 0 0
140	2	0 0 0 0 0 0 1 0 0 1 0 0 0 0 0 0
140	3	1 1 0 1 1 0 1 0 0 0 0 0 0 1 0 0
140	1	0 1 0 0 0 0 1 0 1 1 1 0 0 0 0 0
140	2	0 1 1 0 0 0 1 0 0 1 0 0 0 0 0 0
140	1	1 1 1 0 0 0 1 0 0 0 1 0 0 1 0 1
160	13	1 1 0 0 0 0 1 0 0 0 1 0 0 0 0 0
160	32	1 1 0 1 0 0 1 0 0 0 1 0 0 0 0 0
160	32	1 1 1 0 0 0 1 0 0 0 1 0 0 0 0 0
160	4	1 1 0 1 0 0 1 0 0 0 1 0 0 0 1 0
160	14	1 1 1 0 0 0 1 0 0 0 1 1 0 0 0 0
160	76	0 1 0 1 1 0 1 0 0 0 1 0 0 0 0 0
160	3	1 1 0 0 0 0 1 0 0 1 1 1 0 0 0 0
160	55	1 1 1 0 0 0 1 0 0 1 1 0 0 0 0 0
160	4	1 1 1 0 1 0 1 0 0 0 1 0 0 0 0 0
160	31	1 1 1 0 0 0 1 0 1 1 1 0 0 0 0 0
160	47	1 1 0 1 0 0 1 0 0 0 1 1 0 0 0 0
160	8	1 0 0 0 0 0 1 0 0 1 0 0 0 0 0 0
160	17	1 1 0 1 1 0 1 0 0 0 0 0 0 0 0 0
160	16	0 1 0 1 0 0 1 0 1 1 1 0 0 0 0 0
160	119	1 1 1 0 0 0 1 0 1 1 0 0 0 0 0 0
160	1	1 1 0 1 0 1 1 0 0 0 1 0 1 0 0 0
160	9	1 1 0 0 0 0 1 0 0 0 1 0 1 0 0 0
160	26	1 1 0 1 1 0 1 0 0 0 1 0 0 0 0 0
160	7	1 1 1 0 0 0 1 0 0 1 1 1 0 0 0 0
160	18	0 1 1 0 0 0 1 0 1 1 0 0 0 0 0 0
160	15	0 1 1 0 0 0 1 0 1 0 1 0 0 0 0 0
160	3	1 1 0 1 0 1 1 0 0 0 0 0 1 0 0 0
160	2	0 1 0 0 0 0 0 0 0 0 1 0 0 0 0 0
160	15	1 1 1 0 0 0 1 0 0 0 1 0 0 0 1 0
160	9	1 1 1 0 0 0 1 0 0 1 0 0 0 0 0 0
160	18	1 1 0 0 0 1 1 1 0 1 1 0 0 0 0 0
160	5	1 1 1 0 0 1 1 0 1 1 1 0 0 0 0 0
160	21	1 1 1 0 1 0 1 0 0 0 1 0 0 1 0 0
160	6	1 1 0 0 0 0 1 0 0 0 1 0 0 1 0 0
160	4	1 1 1 0 1 1 1 0 0 0 1 0 0 0 0 0
160	1	0 1 0 1 1 0 1 0 0 0 0 0 0 0 1 0
160	7	1 1 0 0 0 0 0 0 0 0 0 0 0 0 0 0
160	2	0 1 1 0 0 0 1 0 1 1 1 0 0 0 0 0
160	5	1 0 0 0 1 0 1 0 0 1 0 0 0 0 0 0
160	1	1 1 1 1 0 0 1 0 0 0 1 0 0 0 0 0
160	5	0 1 0 0 0 0 1 0 0 1 1 1 0 0 0 0
160	29	1 1 0 1 1 0 1 0 0 0 1 1 0 0 0 0
160	8	1 1 0 1 0 0 1 0 1 0 0 0 0 0 0 0
160	11	1 1 1 0 0 0 1 0 0 0 1 0 0 0 0 1
160	20	1 1 1 0 0 0 1 1 0 0 1 0 0 0 0 0
160	4	1 1 1 1 0 0 1 0 1 0 0 0 0 0 0 0
160	3	1 0 1 0 0 1 1 0 0 0 1 0 0 0 0 0
160	2	1 1 1 0 0 0 1 0 0 1 1 0 0 1 0 0
160	4	0 1 0 1 0 0 1 0 0 0 1 0 0 0 0 0
160	11	1 1 1 0 1 1 1 0 1 0 1 0 0 0 0 0
160	4	1 1 1 0 0 1 0 0 0 0 1 0 0 0 0 0
160	4	1 0 0 0 0 0 1 0 0 1 0 0 0 0 1 0
160	2	1 1 0 1 1 0 1 0 0 1 0 0 0 0 0 0
160	14	1 1 1 0 0 0 1 0 1 0 0 0 0 0 0 0
160	9	1 1 0 0 0 0 1 1 0 0 1 0 0 0 0 0
160	1	1 1 0 1 0 0 1 0 0 0 0 0 0 0 1 0
160	9	0 1 0 0 0 0 1 0 0 1 1 0 0 0 0 0
160	6	1 1 1 0 1 0 1 0 0 0 1 0 0 0 1 0
160	14	1 1 0 0 0 1 1 0 0 0 1 0 0 0 0 0
160	3	1 0 1 0 1 0 1 0 1 0 1 0 0 0 0 0
160	3	1 1 1 0 0 0 0 0 0 1 1 0 0 0 0 0
160	4	1 1 0 1 0 0 1 0 0 0 0 1 0 0 0 0
160	7	1 1 1 1 0 0 1 0 1 1 1 0 0 0 0 0
160	2	1 1 0 1 1 0 1 0 0 0 1 0 0 0 1 0
160	4	1 1 1 0 1 0 1 0 0 0 1 1 0 0 0 0
160	5	0 1 1 1 1 0 1 0 0 0 1 0 0 0 0 0
160	4	0 1 1 0 0 0 1 0 0 1 1 0 0 0 0 0
160	18	1 1 0 1 1 0 0 0 0 0 0 0 0 0 0 0
160	4	1 1 1 0 1 1 1 0 0 0 1 0 0 0 1 0
160	5	1 1 0 1 1 0 1 0 0 1 0 0 0 0 0 1
160	1	1 1 1 0 1 1 1 0 0 1 1 0 0 0 0 0
160	9	1 1 1 0 0 0 1 0 0 0 1 1 0 0 1 0
160	6	1 1 1 1 0 0 1 0 1 1 1 0 0 0 1 0
160	4	1 1 1 1 0 0 1 0 0 0 1 1 0 0 0 0
160	6	1 1 0 1 0 0 1 0 0 1 1 0 0 0 0 0
160	1	1 0 1 0 0 1 1 0 0 0 1 0 0 1 0 0
160	2	1 1 0 1 0 0 1 0 1 1 1 0 0 0 0 0
160	4	1 1 1 0 0 0 1 0 0 0 0 0 0 0 1 0
160	2	1 1 1 0 0 0 1 0 1 1 1 0 0 0 0 1
160	6	0 1 1 0 0 0 1 0 1 1 0 0 0 0 1 0
160	2	1 1 0 1 0 0 1 0 0 0 0 1 0 1 0 0
160	4	1 1 0 0 1 0 1 0 1 1 0 0 0 0 0 0
160	2	0 1 1 0 0 0 1 0 1 0 1 0 0 0 0 1
160	3	0 1 0 0 0 0 0 0 0 0 1 1 0 0 0 0
160	3	1 1 1 0 0 0 0 0 0 0 1 1 0 0 0 0
160	3	1 1 0 1 0 0 1 0 0 0 1 1 0 0 1 0
160	1	1 0 1 0 1 1 1 0 0 0 1 0 0 0 0 0
160	2	1 1 0 1 1 0 1 0 0 1 0 0 1 0 0 1
160	1	1 0 1 0 1 1 1 0 0 1 1 0 0 0 0 0
160	4	1 1 1 0 1 1 1 0 0 0 0 0 0 1 0 0
160	2	1 1 0 1 0 1 1 0 1 1 1 0 0 0 0 0
160	2	1 1 1 1 1 0 1 0 0 0 1 0 0 0 0 0
160	3	1 1 1 0 1 0 0 0 0 0 1 1 0 0 0 0
160	5	1 1 0 0 0 0 1 0 1 0 1 0 0 0 0 0
160	3	1 1 0 1 0 0 1 0 0 0 1 0 0 1 0 0
160	1	1 1 1 0 0 0 1 0 0 0 1 1 0 0 0 1
160	3	0 1 0 1 1 1 1 0 0 0 1 0 0 0 0 0
160	1	1 1 0 1 0 0 1 0 0 0 1 1 0 1 0 0
160	1	1 1 1 0 0 0 1 0 1 1 0 0 1 0 0 0
160	4	1 1 1 0 1 1 1 0 0 0 1 0 0 1 0 0
160	4	1 1 1 0 1 0 1 0 0 0 0 1 0 0 0 0
160	12	1 1 0 0 0 0 1 1 0 1 1 0 0 0 1 0
160	2	1 1 0 1 0 0 1 0 0 1 0 0 0 0 1 0
160	3	1 1 0 1 0 0 1 0 0 0 1 0 1 0 0 0
160	5	0 1 0 1 1 0 1 0 0 0 1 0 0 0 0 1
160	1	1 0 1 0 0 0 1 0 0 1 1 0 0 0 0 0
160	1	1 1 1 0 0 1 1 0 1 1 0 0 0 0 0 0
160	1	0 1 1 0 0 0 1 0 1 1 0 0 0 1 0 0
160	1	1 1 1 1 0 0 1 0 0 1 1 1 0 0 0 0
160	1	1 1 1 0 1 0 0 0 0 0 0 0 0 0 0 0
160	4	1 1 1 0 0 0 0 0 0 0 1 0 0 0 0 0
160	1	1 0 1 0 0 0 1 0 0 0 1 0 0 0 0 0
160	1	1 1 0 0 0 0 1 0 0 1 1 0 0 0 0 0
160	1	1 1 0 1 1 0 1 0 0 0 0 0 1 0 0 0
160	2	1 1 0 1 1 0 1 0 0 0 1 0 0 1 0 0
160	1	1 1 1 1 0 0 1 1 1 1 1 0 0 0 1 0
160	1	1 1 1 0 0 0 1 0 0 1 1 0 0 0 0 1
160	2	1 0 1 0 1 0 1 0 0 0 1 1 0 1 0 0
180	28	1 1 0 0 0 0 1 0 0 0 1 0 0 0 0 0
180	11	1 1 0 1 0 0 1 0 0 0 1 0 0 0 0 0
180	60	1 1 1 0 0 0 1 0 0 0 1 0 0 0 0 0
180	27	1 1 1 0 0 0 1 0 0 0 1 1 0 0 0 0
180	9	0 1 0 1 1 0 1 0 0 0 1 0 0 0 0 0
180	21	1 1 1 0 0 0 1 0 0 1 1 0 0 0 0 0
180	32	1 1 1 0 0 0 1 0 1 1 1 0 0 0 0 0
180	25	1 1 0 1 0 0 1 0 0 0 1 1 0 0 0 0
180	4	1 1 0 1 1 0 1 0 0 0 0 0 0 0 0 0
180	20	1 1 1 0 0 0 1 0 1 1 0 0 0 0 0 0
180	1	1 1 0 1 0 1 1 0 0 0 1 0 1 0 0 0
180	27	1 1 0 0 0 0 1 0 0 0 1 0 1 0 0 0
180	47	1 1 0 1 1 0 1 0 0 0 1 0 0 0 0 0
180	9	1 1 1 0 0 0 1 0 0 1 1 1 0 0 0 0
180	23	0 1 1 0 0 0 1 0 1 1 0 0 0 0 0 0
180	11	0 1 1 0 0 0 1 0 1 0 1 0 0 0 0 0
180	6	1 1 1 0 0 0 1 0 0 0 1 0 0 0 1 0
180	5	1 1 0 0 0 1 1 1 0 1 1 0 0 0 0 0
180	17	1 1 1 0 0 1 1 0 1 1 1 0 0 0 0 0
180	6	1 1 1 0 1 0 1 0 0 0 1 0 0 1 0 0
180	10	1 1 0 0 0 0 1 0 0 0 1 0 0 1 0 0
180	3	1 1 0 0 0 0 0 0 0 0 0 0 0 0 0 0
180	6	0 1 1 0 0 0 1 0 1 1 1 0 0 0 0 0
180	2	0 1 0 0 0 0 1 0 0 1 1 1 0 0 0 0
180	84	1 1 0 1 1 0 1 0 0 0 1 1 0 0 0 0
180	29	1 1 1 0 0 0 1 1 0 0 1 0 0 0 0 0
180	21	1 1 1 1 0 0 1 0 1 0 0 0 0 0 0 0
180	19	0 1 0 1 0 0 1 0 0 0 1 0 0 0 0 0
180	5	1 1 1 0 0 0 1 0 1 0 0 0 0 0 0 0
180	11	1 1 0 1 0 0 1 0 0 0 0 1 0 0 0 0
180	62	1 1 0 1 1 0 0 0 0 0 0 0 0 0 0 0
180	5	1 1 0 1 1 0 1 0 0 1 0 0 0 0 0 1
180	22	1 1 1 0 0 0 1 0 0 0 1 1 0 0 1 0
180	14	1 1 1 1 0 0 1 0 0 0 1 1 0 0 0 0
180	21	1 1 0 1 0 0 1 0 0 1 1 0 0 0 0 0
180	14	1 1 0 1 0 0 1 0 1 1 1 0 0 0 0 0
180	1	0 1 1 0 0 0 1 0 1 1 0 0 0 0 1 0
180	2	1 0 1 0 1 1 1 0 0 1 1 0 0 0 0 0
180	8	1 1 0 1 0 1 1 0 1 1 1 0 0 0 0 0
180	3	1 1 1 1 1 0 1 0 0 0 1 0 0 0 0 0
180	7	1 1 1 0 0 1 1 0 1 1 0 0 0 0 0 0
180	15	1 1 1 0 1 0 0 0 0 0 0 0 0 0 0 0
180	5	1 1 1 0 0 0 0 0 0 0 1 0 0 0 0 0
180	6	1 1 0 1 1 0 1 0 0 0 0 0 1 0 0 0
180	4	1 1 0 0 1 1 1 1 0 1 1 0 0 0 0 0
180	4	0 1 0 0 1 0 1 0 0 0 1 0 0 0 0 0
180	11	1 1 1 0 1 0 1 0 1 0 1 0 0 1 0 0
180	8	1 0 1 0 0 1 0 0 0 0 1 0 0 0 0 0
180	1	1 1 0 0 0 0 1 0 0 1 1 0 0 0 0 1
180	2	0 1 1 0 0 0 1 0 0 1 0 0 0 0 0 0
180	4	1 0 1 0 1 1 1 0 0 0 1 0 0 0 0 0
180	17	1 1 1 0 0 0 0 0 0 0 0 0 0 0 0 0
180	1	0 1 0 1 1 0 1 0 0 0 1 0 0 0 1 0
180	14	1 1 1 0 0 0 1 0 1 0 0 1 0 0 0 0
180	2	1 1 1 1 0 0 1 0 1 1 0 0 0 0 1 0
180	2	1 1 0 1 1 0 1 0 0 0 1 1 0 1 0 0
180	3	1 1 1 0 0 0 1 0 0 0 1 0 1 0 0 0
180	1	0 1 1 0 0 0 0 0 1 1 0 0 0 0 1 0
180	8	1 1 0 0 0 0 1 0 0 1 1 0 0 0 0 0
180	1	1 1 1 0 1 0 1 0 1 1 0 0 0 0 0 0
180	1	1 1 0 0 0 1 1 0 0 0 1 0 1 0 0 0
180	11	1 1 1 0 1 0 1 0 0 0 1 0 0 0 0 0
180	2	0 0 1 0 0 0 1 0 1 1 1 0 0 0 0 0
180	5	1 1 0 0 0 1 1 1 0 1 1 0 1 0 0 0
180	3	1 1 1 0 0 0 1 0 0 0 1 0 0 0 0 1
180	7	1 1 1 1 0 0 1 0 1 1 1 0 0 1 0 0
180	2	1 1 0 1 0 0 1 0 0 1 1 0 0 1 0 0
180	3	0 1 0 1 0 0 1 0 0 0 1 1 0 0 0 0
180	10	1 1 1 0 0 1 1 0 1 1 1 1 0 0 0 0
180	5	1 1 0 0 0 1 1 1 0 1 1 0 0 0 0 1
180	1	1 1 1 0 0 0 1 1 1 1 0 0 0 0 0 0
180	8	1 1 0 0 0 1 1 1 0 1 0 0 0 0 0 0
180	3	1 1 0 0 0 0 0 0 0 0 1 0 0 0 0 0
180	12	1 1 0 1 1 0 1 0 0 0 0 1 0 0 0 0
180	6	0 1 1 0 0 0 1 0 1 1 0 0 0 0 1 1
180	5	1 0 1 0 1 1 1 0 0 1 1 0 0 0 0 1
180	2	1 1 0 1 1 0 1 0 0 0 1 0 1 0 0 0
180	2	1 1 0 1 1 0 0 0 0 1 0 0 0 0 0 1
180	6	1 1 1 0 1 0 1 0 0 0 1 0 0 0 0 1
180	5	1 1 0 1 0 0 1 0 0 0 0 0 0 0 0 0
180	2	1 1 0 1 0 1 1 0 1 0 1 1 0 0 0 0
180	1	1 1 1 0 0 1 1 0 0 0 1 1 0 0 0 0
180	5	0 1 1 0 0 0 1 0 0 1 1 0 0 0 0 0
180	1	1 1 0 0 0 0 1 1 0 0 1 0 1 0 0 0
180	1	1 1 0 1 1 0 1 0 0 0 1 1 0 0 1 0
180	2	1 1 0 1 1 0 0 0 0 0 0 0 0 0 0 1
180	2	1 1 1 1 0 0 1 0 1 1 1 0 0 0 0 0
180	8	1 1 1 0 0 1 1 0 1 1 1 0 0 0 0 1
180	2	1 1 1 0 1 0 0 0 0 0 1 0 1 0 0 0
180	2	1 1 1 0 1 0 1 0 0 1 1 0 0 0 0 0
180	4	1 1 1 0 0 0 1 0 1 0 1 0 0 0 0 0
180	2	1 1 1 0 1 0 1 0 0 0 0 0 0 1 0 0
180	1	1 1 0 1 1 0 1 0 0 1 1 1 0 0 0 0
180	1	1 1 1 0 0 0 1 1 1 0 1 0 0 0 0 0
180	1	0 1 0 1 0 0 1 0 0 0 0 0 0 0 0 0
180	1	1 1 1 1 1 0 0 0 0 0 0 0 0 0 0 0
180	3	1 1 1 1 0 0 1 0 0 0 0 0 0 0 0 0
180	2	1 1 0 0 0 0 1 0 1 0 1 0 0 0 0 0
180	2	1 1 0 0 0 0 1 0 0 0 0 0 1 0 0 0
180	1	0 1 0 0 0 1 1 1 0 1 1 0 0 0 0 0
180	1	1 1 0 1 1 0 1 1 0 0 1 1 0 0 0 0
180	2	1 1 1 1 1 0 1 0 1 0 0 0 0 0 0 0
180	1	1 1 1 0 0 0 1 0 0 0 1 1 0 1 1 0
180	2	1 1 0 0 0 1 1 0 0 0 1 0 1 0 0 1
180	4	1 1 1 0 0 1 1 0 1 1 1 1 1 0 0 0
200	12	1 1 0 1 0 0 1 0 0 0 1 0 0 0 0 0
200	85	1 1 1 0 0 0 1 0 0 0 1 0 0 0 0 0
200	26	1 1 1 0 0 0 1 0 0 0 1 1 0 0 0 0
200	32	1 1 1 0 0 0 1 0 0 1 1 0 0 0 0 0
200	14	1 1 1 0 0 0 1 0 1 1 1 0 0 0 0 0
200	11	1 1 0 1 0 0 1 0 0 0 1 1 0 0 0 0
200	6	1 1 1 0 0 0 1 0 1 1 0 0 0 0 0 0
200	44	1 1 0 0 0 0 1 0 0 0 1 0 1 0 0 0
200	22	1 1 0 1 1 0 1 0 0 0 1 0 0 0 0 0
200	12	0 1 1 0 0 0 1 0 1 1 0 0 0 0 0 0
200	9	1 1 1 0 0 0 1 0 0 0 1 0 0 0 1 0
200	27	1 1 1 0 0 1 1 0 1 1 1 0 0 0 0 0
200	3	1 1 0 0 0 0 1 0 0 0 1 0 0 1 0 0
200	5	1 1 0 0 0 0 0 0 0 0 0 0 0 0 0 0
200	115	1 1 0 1 1 0 1 0 0 0 1 1 0 0 0 0
200	6	1 1 1 0 0 0 1 1 0 0 1 0 0 0 0 0
200	25	1 1 1 1 0 0 1 0 1 0 0 0 0 0 0 0
200	11	0 1 0 1 0 0 1 0 0 0 1 0 0 0 0 0
200	6	1 1 0 1 0 0 1 0 0 0 0 1 0 0 0 0
200	4	1 1 0 1 1 0 0 0 0 0 0 0 0 0 0 0
200	14	1 1 0 1 1 0 1 0 0 1 0 0 0 0 0 1
200	11	1 1 1 0 0 0 1 0 0 0 1 1 0 0 1 0
200	23	1 1 1 1 0 0 1 0 0 0 1 1 0 0 0 0
200	9	1 1 0 1 0 0 1 0 0 1 1 0 0 0 0 0
200	13	1 1 1 0 0 1 1 0 1 1 0 0 0 0 0 0
200	27	1 1 1 0 1 0 0 0 0 0 0 0 0 0 0 0
200	30	1 1 1 0 1 0 1 0 1 0 1 0 0 1 0 0
200	9	1 0 1 0 1 1 1 0 0 0 1 0 0 0 0 0
200	10	1 1 1 0 0 0 1 0 1 0 0 1 0 0 0 0
200	4	1 1 0 0 0 0 1 0 0 1 1 0 0 0 0 0
200	26	1 1 1 0 1 0 1 0 0 0 1 0 0 0 0 0
200	7	1 1 1 1 0 0 1 0 1 1 1 0 0 1 0 0
200	23	1 1 1 0 0 1 1 0 1 1 1 1 0 0 0 0
200	18	1 1 0 0 0 1 1 1 0 1 1 0 0 0 0 1
200	6	1 1 0 0 0 1 1 1 0 1 0 0 0 0 0 0
200	6	1 1 0 1 0 1 1 0 1 0 1 1 0 0 0 0
200	7	1 1 0 1 1 0 0 0 0 0 0 0 0 0 0 1
200	12	1 1 1 0 1 0 0 0 0 0 1 0 1 0 0 0
200	7	1 1 1 0 1 0 1 0 0 0 0 0 0 1 0 0
200	21	1 1 1 0 0 0 1 1 1 0 1 0 0 0 0 0
200	8	1 1 0 0 0 0 1 0 1 0 1 0 0 0 0 0
200	5	1 1 0 1 1 0 1 1 0 0 1 1 0 0 0 0
200	5	1 1 1 0 0 0 1 0 0 0 0 1 0 0 1 0
200	13	1 0 1 0 1 0 1 0 0 0 1 0 0 0 0 0
200	7	1 0 0 1 1 0 1 1 0 0 1 1 0 0 0 0
200	4	0 1 0 1 1 0 1 0 0 0 1 0 0 1 0 0
200	4	1 1 1 0 0 1 1 0 0 0 1 0 0 0 0 0
200	6	1 1 1 1 0 0 1 0 0 0 1 0 0 0 0 0
200	2	1 1 1 0 0 0 1 0 1 1 1 0 1 0 0 0
200	8	1 1 0 0 0 0 0 0 0 0 1 0 1 0 0 0
200	27	0 1 0 1 1 0 1 0 0 0 1 1 0 0 0 0
200	4	0 1 0 1 0 0 1 0 1 1 1 1 0 0 0 0
200	18	1 1 0 0 0 0 0 0 0 0 1 0 0 0 0 1
200	4	1 0 0 1 0 0 1 0 0 0 1 1 0 0 0 0
200	1	1 1 0 1 1 0 0 0 0 0 1 0 0 0 0 0
200	5	1 1 1 0 1 0 1 0 1 0 1 0 0 0 0 0
200	15	1 1 1 0 0 0 1 0 0 0 0 0 0 0 0 0
200	2	1 1 1 1 1 0 0 0 0 0 0 0 0 0 0 0
200	1	1 1 1 0 0 0 1 0 0 0 0 1 0 0 0 0
200	10	0 1 1 0 0 0 1 0 1 1 1 0 0 0 0 0
200	4	1 1 0 1 1 0 1 0 0 0 1 1 1 0 0 0
200	2	1 1 0 0 0 0 0 0 0 0 1 1 0 0 0 0
200	4	1 1 0 0 1 0 1 0 1 0 1 0 0 1 0 0
200	1	1 1 1 0 1 1 1 0 1 1 1 0 0 0 0 1
200	1	1 1 1 1 0 0 1 0 0 0 0 0 1 0 0 0
200	3	1 1 1 0 1 0 1 0 1 0 1 0 0 1 1 0
200	4	0 1 0 1 1 0 1 0 1 1 0 0 0 0 0 0
200	1	1 1 1 0 1 1 1 0 0 0 1 0 0 0 0 0
200	4	1 1 1 0 0 0 1 0 0 0 0 1 0 1 0 0
200	5	1 1 1 1 0 1 1 0 1 1 1 0 0 1 0 0
200	4	1 1 0 1 0 1 1 0 0 0 1 0 0 0 0 0
200	5	1 1 0 0 1 0 1 0 0 0 1 0 1 0 0 0
200	4	1 1 0 0 0 0 1 0 1 1 1 0 0 0 0 0
200	3	1 0 1 0 0 0 1 0 1 1 0 0 0 0 0 0
200	1	1 1 1 1 0 0 1 0 0 1 1 1 0 0 0 0
200	3	0 1 1 0 0 0 1 0 1 0 1 0 0 0 0 0
200	10	0 1 0 1 1 0 1 0 1 1 0 1 0 0 0 0
200	4	1 1 1 0 1 0 1 0 0 0 1 1 0 0 0 0
200	7	1 1 0 1 1 0 1 0 0 0 0 0 0 0 0 0
200	1	0 1 0 1 0 0 1 0 0 0 1 0 0 0 0 1
200	1	1 1 1 0 0 1 1 0 0 0 1 1 0 0 0 0
200	2	1 1 1 0 0 0 1 0 1 1 1 0 0 1 0 0
200	1	1 0 0 0 0 0 1 0 0 0 1 0 1 0 0 0
200	2	1 1 0 0 0 0 0 0 0 0 1 0 1 0 0 1
200	2	1 1 0 1 1 1 1 0 0 0 1 0 0 0 0 0
200	2	1 1 1 0 1 0 1 0 1 1 1 0 0 0 0 0
200	4	1 1 1 1 0 0 1 0 1 1 1 1 0 0 0 0
200	1	1 1 1 0 0 0 1 0 1 1 1 1 0 0 0 0
200	1	1 1 1 0 0 0 1 0 1 0 0 0 0 0 0 0
200	2	1 1 1 0 0 1 1 0 1 1 1 0 0 0 1 0
200	1	1 1 0 0 0 0 1 0 1 0 1 0 1 0 0 0
200	1	1 1 1 0 1 0 1 0 0 0 0 0 0 0 0 0
200	2	1 1 1 1 0 0 1 0 0 0 0 1 0 1 0 0
220	4	1 1 0 1 0 0 1 0 0 0 1 0 0 0 0 0
220	77	1 1 1 0 0 0 1 0 0 0 1 0 0 0 0 0
220	14	1 1 1 0 0 0 1 0 0 0 1 1 0 0 0 0
220	34	1 1 1 0 0 0 1 0 0 1 1 0 0 0 0 0
220	2	1 1 0 1 0 0 1 0 0 0 1 1 0 0 0 0
220	34	1 1 1 0 0 0 1 0 1 1 0 0 0 0 0 0
220	8	1 1 0 1 1 0 1 0 0 0 1 0 0 0 0 0
220	17	0 1 1 0 0 0 1 0 1 1 0 0 0 0 0 0
220	1	1 1 1 0 0 0 1 0 0 0 1 0 0 0 1 0
220	12	1 1 1 0 0 1 1 0 1 1 1 0 0 0 0 0
220	1	1 1 0 0 0 0 1 0 0 0 1 0 0 1 0 0
220	103	1 1 0 1 1 0 1 0 0 0 1 1 0 0 0 0
220	32	1 1 1 1 0 0 1 0 1 0 0 0 0 0 0 0
220	4	1 1 0 1 0 0 1 0 0 0 0 1 0 0 0 0
220	9	1 1 0 1 1 0 0 0 0 0 0 0 0 0 0 0
220	8	1 1 0 1 1 0 1 0 0 1 0 0 0 0 0 1
220	28	1 1 1 0 0 0 1 0 0 0 1 1 0 0 1 0
220	21	1 1 1 1 0 0 1 0 0 0 1 1 0 0 0 0
220	51	1 1 1 0 0 1 1 0 1 1 0 0 0 0 0 0
220	2	1 1 1 0 1 0 0 0 0 0 0 0 0 0 0 0
220	39	1 1 1 0 1 0 1 0 0 0 1 0 0 0 0 0
220	5	1 1 1 0 0 1 1 0 1 1 1 1 0 0 0 0
220	3	1 1 0 1 1 0 0 0 0 0 0 0 0 0 0 1
220	14	1 1 1 0 1 0 0 0 0 0 1 0 1 0 0 0
220	14	1 1 0 0 0 0 1 0 1 0 1 0 0 0 0 0
220	39	1 0 1 0 1 0 1 0 0 0 1 0 0 0 0 0
220	10	1 1 0 0 0 0 0 0 0 0 1 0 1 0 0 0
220	11	0 1 0 1 1 0 1 0 0 0 1 1 0 0 0 0
220	8	1 1 1 0 1 0 1 0 1 0 1 0 0 0 0 0
220	20	1 1 1 0 0 0 1 0 0 0 0 0 0 0 0 0
220	5	0 1 1 0 0 0 1 0 1 1 1 0 0 0 0 0
220	8	1 1 1 1 0 0 1 0 0 0 0 0 1 0 0 0
220	4	1 1 1 1 0 1 1 0 1 1 1 0 0 1 0 0
220	7	1 1 0 0 1 0 1 0 0 0 1 0 1 0 0 0
220	4	1 1 1 0 1 0 1 0 0 0 1 1 0 0 0 0
220	5	1 1 1 1 0 0 1 0 1 1 1 1 0 0 0 0
220	11	1 1 1 0 0 0 1 0 1 0 0 0 0 0 0 0
220	5	1 1 1 0 1 0 1 0 0 0 0 0 0 0 0 0
220	27	0 1 0 1 1 1 1 0 0 0 1 1 0 0 0 0
220	3	1 1 0 1 1 0 0 0 0 0 0 1 0 0 0 0
220	2	0 1 1 0 0 0 1 0 0 0 1 0 0 0 1 0
220	7	1 1 1 0 0 0 1 0 0 0 1 1 1 0 0 0
220	17	1 1 1 1 0 0 1 0 1 0 0 0 0 0 0 1
220	22	1 0 1 0 1 1 1 0 0 0 0 0 0 0 0 0
220	1	0 1 1 0 0 0 1 0 0 1 1 0 0 0 0 0
220	24	0 1 1 0 0 1 1 0 1 1 0 0 0 0 0 0
220	7	1 1 1 1 1 0 1 0 0 0 1 1 0 0 0 0
220	8	1 1 1 0 1 0 0 1 0 0 0 0 0 0 0 0
220	15	1 1 1 1 0 0 1 0 1 0 0 0 1 0 0 0
220	5	1 1 1 0 1 0 1 0 0 0 1 1 0 0 1 0
220	9	1 1 1 1 1 0 1 0 0 1 0 0 0 0 0 1
220	3	1 1 1 0 1 0 0 0 0 0 0 1 0 0 0 0
220	1	1 1 0 1 1 1 1 0 0 0 1 1 0 0 0 0
220	3	1 1 0 1 1 0 1 0 0 0 1 1 1 0 0 0
220	2	1 1 0 1 1 0 0 0 0 0 1 1 0 0 0 0
220	3	1 1 1 1 0 0 1 0 1 1 0 0 0 1 0 0
220	5	1 1 0 0 0 0 1 0 0 0 1 0 0 0 0 1
220	12	1 1 1 0 1 1 0 0 0 0 1 0 1 0 0 0
220	4	1 1 0 1 0 0 1 0 0 0 0 0 0 1 0 0
220	4	1 1 0 0 0 0 1 0 1 1 0 0 0 0 0 0
220	13	1 0 1 0 1 0 1 0 0 1 1 0 0 0 0 0
220	4	1 1 0 1 1 0 1 0 0 0 1 0 1 0 0 0
220	4	1 1 0 0 0 0 1 0 0 1 1 0 1 0 0 0
220	2	1 1 0 0 0 0 0 0 0 1 1 0 0 0 0 0
220	3	1 1 1 1 1 0 1 0 0 0 0 1 0 0 0 0
220	2	1 1 1 0 1 0 1 0 0 1 1 1 0 0 1 0
220	3	1 1 1 0 0 0 1 0 1 0 1 0 0 0 0 0
220	14	0 1 1 0 0 0 1 1 1 1 0 0 0 0 0 0
220	5	1 1 1 1 0 0 1 1 1 0 0 0 0 0 0 0
220	2	1 1 1 0 1 1 1 0 1 1 0 0 0 0 0 0
220	1	1 1 1 0 0 0 0 0 0 0 0 0 0 0 0 0
220	2	1 1 1 0 0 1 1 0 0 0 0 0 0 0 0 0
220	4	1 1 0 1 1 0 1 0 1 1 1 0 0 1 0 0
220	4	1 1 1 0 0 1 1 0 0 1 1 0 0 0 0 0
220	7	1 1 0 0 0 0 1 0 0 0 1 1 0 0 1 0
220	4	1 1 0 1 1 0 1 0 0 0 0 0 0 0 0 0
220	6	1 1 1 0 0 0 1 0 0 0 1 0 0 0 0 1
220	2	1 1 1 0 1 0 1 0 0 1 1 0 0 0 0 0
220	4	1 1 1 0 1 1 1 0 0 0 0 0 0 0 0 0
220	3	1 1 1 0 0 1 1 0 0 0 1 1 1 0 0 0
220	4	1 0 1 1 0 0 1 0 1 0 0 0 1 0 0 0
220	4	1 1 1 0 1 0 0 0 0 0 0 0 0 0 0 1
220	1	1 1 0 1 0 1 1 0 0 0 1 0 0 0 0 0
220	4	1 1 1 1 0 0 1 0 1 1 0 0 0 0 0 0
220	1	0 1 1 0 0 0 1 0 1 1 0 0 1 0 0 0
220	3	1 1 0 0 0 1 1 1 0 1 1 1 0 0 0 1
220	8	0 1 0 0 0 0 1 0 1 1 1 0 0 0 0 0
220	1	0 1 1 0 0 0 1 0 1 0 1 0 0 0 0 0
220	4	1 0 1 0 1 0 1 1 0 1 1 0 0 0 0 0
220	2	1 1 0 1 1 0 1 0 0 1 1 0 0 0 0 0
220	1	1 1 1 0 1 0 1 0 1 1 1 0 0 0 0 0
220	1	1 1 0 1 0 0 1 1 1 0 0 0 0 0 0 0
220	1	0 1 1 1 0 0 1 0 0 0 1 0 0 0 0 0
220	4	1 1 1 0 1 1 0 0 0 0 1 0 0 0 0 0
220	1	0 1 1 0 0 0 1 1 1 0 1 1 0 0 0 0
220	1	1 1 1 0 0 1 1 0 0 1 0 0 0 0 0 0
220	2	1 1 1 1 0 1 1 0 1 0 1 0 0 1 0 0
220	1	1 1 0 0 1 0 1 0 0 0 1 1 0 0 1 0
220	2	1 1 0 1 1 0 1 0 0 0 1 1 0 0 0 1
220	2	0 1 0 1 1 0 1 0 0 0 1 1 0 0 0 1
220	1	0 1 0 1 1 0 0 0 0 0 1 1 0 0 0 0
220	4	0 1 1 0 0 1 1 0 1 1 0 0 0 1 0 0
240	24	1 1 1 0 0 0 1 0 0 0 1 0 0 0 0 0
240	9	1 1 1 0 0 0 1 0 0 0 1 1 0 0 0 0
240	34	1 1 1 0 0 0 1 0 0 1 1 0 0 0 0 0
240	53	1 1 1 0 0 0 1 0 1 1 0 0 0 0 0 0
240	6	1 1 0 1 1 0 1 0 0 0 1 0 0 0 0 0
240	14	1 1 1 0 0 1 1 0 1 1 1 0 0 0 0 0
240	59	1 1 0 1 1 0 1 0 0 0 1 1 0 0 0 0
240	23	1 1 1 1 0 0 1 0 1 0 0 0 0 0 0 0
240	3	1 1 0 1 0 0 1 0 0 0 0 1 0 0 0 0
240	12	1 1 0 1 1 0 0 0 0 0 0 0 0 0 0 0
240	11	1 1 1 1 0 0 1 0 0 0 1 1 0 0 0 0
240	34	1 1 1 0 0 1 1 0 1 1 0 0 0 0 0 0
240	85	1 1 1 0 1 0 1 0 0 0 1 0 0 0 0 0
240	7	1 1 1 0 1 0 0 0 0 0 1 0 1 0 0 0
240	9	1 1 0 0 0 0 1 0 1 0 1 0 0 0 0 0
240	36	1 0 1 0 1 0 1 0 0 0 1 0 0 0 0 0
240	2	1 1 0 0 0 0 0 0 0 0 1 0 1 0 0 0
240	7	0 1 0 1 1 0 1 0 0 0 1 1 0 0 0 0
240	17	1 1 1 0 1 0 1 0 1 0 1 0 0 0 0 0
240	9	1 1 1 0 0 0 1 0 0 0 0 0 0 0 0 0
240	4	1 1 1 0 1 0 1 0 0 0 0 0 0 0 0 0
240	38	1 1 0 1 1 0 0 0 0 0 0 1 0 0 0 0
240	20	0 1 1 0 0 1 1 0 1 1 0 0 0 0 0 0
240	33	1 1 1 1 1 0 1 0 0 1 0 0 0 0 0 1
240	21	1 1 0 0 0 0 1 0 0 0 1 0 0 0 0 1
240	9	1 1 0 1 0 0 1 0 0 0 0 0 0 1 0 0
240	19	1 0 1 0 1 0 1 0 0 1 1 0 0 0 0 0
240	6	1 1 0 1 1 0 1 0 0 0 1 0 1 0 0 0
240	6	0 1 1 0 0 0 1 1 1 1 0 0 0 0 0 0
240	9	1 1 1 0 0 1 1 0 0 1 1 0 0 0 0 0
240	7	1 0 1 1 0 0 1 0 1 0 0 0 1 0 0 0
240	22	1 0 1 0 1 0 1 1 0 1 1 0 0 0 0 0
240	2	0 1 0 1 1 0 1 0 0 0 1 1 0 0 0 1
240	23	1 1 1 1 0 0 1 0 0 0 1 0 0 0 0 0
240	9	1 1 0 1 1 0 1 0 0 1 1 1 0 0 0 0
240	3	1 1 1 0 0 0 1 0 0 0 0 0 0 0 0 1
240	11	1 1 1 1 0 0 1 0 0 0 0 0 0 0 0 0
240	3	1 1 0 1 1 0 1 0 0 0 1 1 0 0 1 0
240	30	1 0 1 0 0 0 1 0 0 0 0 0 0 0 0 0
240	6	0 1 0 1 1 0 1 0 0 1 0 0 0 0 0 1
240	12	0 1 1 0 0 1 1 0 1 0 0 0 0 0 0 0
240	20	1 1 0 1 1 0 1 0 1 1 0 0 0 0 0 0
240	4	1 1 1 1 0 0 1 0 0 1 1 1 0 0 0 0
240	12	1 1 1 0 1 0 1 0 0 1 0 0 0 0 0 0
240	2	1 1 1 1 0 1 1 0 1 1 0 0 0 0 0 0
240	8	0 1 0 1 1 1 1 0 0 0 1 1 1 0 0 0
240	5	1 1 0 1 1 0 1 0 0 1 0 0 0 0 0 0
240	7	1 1 0 1 0 0 1 0 0 0 0 0 0 0 0 0
240	7	1 0 1 0 0 0 1 0 0 0 1 0 0 0 0 0
240	4	1 1 1 0 0 0 1 0 0 0 1 1 0 1 0 0
240	3	1 1 0 1 1 1 1 0 0 0 1 1 0 0 0 0
240	9	1 1 0 1 1 0 1 0 0 0 0 1 0 0 0 0
240	5	1 1 0 1 1 0 1 0 0 0 1 1 0 1 0 0
240	5	1 1 1 1 1 0 1 0 0 1 0 0 0 0 0 0
240	8	0 1 1 0 0 0 1 0 0 1 1 0 0 0 0 0
240	14	1 1 1 1 0 0 1 0 0 0 0 0 0 0 0 1
240	9	1 1 1 0 1 1 1 0 0 0 0 0 0 0 0 0
240	7	1 1 0 1 1 0 1 0 0 0 1 0 0 0 0 1
240	10	1 1 0 1 0 1 1 0 0 0 0 0 0 1 0 0
240	4	1 1 0 1 1 0 1 0 0 0 0 0 1 0 0 0
240	3	1 1 0 0 0 0 1 0 0 0 0 0 0 0 0 0
240	2	1 0 1 0 1 1 1 0 1 1 1 0 0 0 0 0
240	10	1 1 1 0 0 0 1 1 1 1 0 0 0 0 0 0
240	3	1 0 1 1 1 0 1 0 1 0 0 0 1 0 0 0
240	1	1 1 1 1 0 0 1 0 0 1 1 0 0 0 0 0
240	5	1 1 1 1 0 0 1 0 0 0 0 0 0 0 1 0
240	1	1 1 1 0 1 0 1 0 0 1 0 0 1 0 0 0
240	3	1 1 1 1 0 0 1 1 0 1 1 0 0 0 0 0
240	4	1 1 1 1 1 0 1 0 1 0 1 0 0 0 0 0
240	2	1 1 1 0 0 0 1 0 1 1 1 0 0 0 0 0
240	3	1 1 0 0 0 1 1 0 1 1 0 0 0 0 0 0
240	2	1 1 1 1 1 0 1 0 0 0 1 0 0 0 0 0
240	8	1 1 1 0 0 0 1 1 0 0 1 0 0 0 0 0
240	3	1 1 1 0 0 0 1 0 0 1 1 0 0 0 0 1
240	5	1 1 1 1 0 0 0 0 1 0 0 0 0 0 0 0
240	1	1 0 1 0 0 1 1 0 1 1 0 0 0 0 0 0
240	4	1 1 0 1 0 0 1 0 0 0 1 0 0 0 0 0
240	1	1 1 1 0 0 0 1 0 0 0 0 0 1 0 0 1
240	3	1 1 0 1 1 0 1 0 0 1 1 1 0 0 0 1
240	1	1 0 1 0 0 0 1 0 0 1 1 0 0 0 0 0
240	2	1 1 1 0 0 0 1 0 0 1 1 0 0 0 1 0
240	4	1 1 1 0 1 0 1 0 1 0 0 0 0 0 0 0
240	2	1 0 1 0 0 0 1 0 0 0 0 0 0 0 1 0
240	3	1 1 1 0 0 1 1 0 1 0 1 0 1 0 0 0
240	7	0 1 1 0 0 0 1 0 0 0 1 0 0 0 0 0
240	3	1 0 1 0 1 0 1 1 0 1 1 1 0 0 0 0
240	4	1 0 1 0 0 0 1 0 0 0 0 0 0 0 0 1
240	1	1 1 1 0 0 0 1 0 0 1 1 0 1 0 0 0
240	2	1 0 1 0 0 0 1 1 0 0 0 0 0 0 0 0
240	1	1 1 1 1 1 0 1 0 1 1 0 0 0 0 0 0
240	1	1 0 0 0 0 1 1 0 1 1 0 0 0 0 0 0
240	2	1 1 1 0 0 0 1 0 0 0 0 0 0 0 1 0
240	3	1 1 0 1 1 0 1 0 0 0 1 1 1 0 0 0
240	1	1 1 0 1 1 0 1 0 1 1 0 0 0 1 0 0
240	1	1 1 0 1 1 0 0 0 1 1 0 0 0 0 0 0
240	1	1 1 1 0 1 0 1 0 0 0 1 1 0 1 0 0
240	1	1 1 0 1 1 1 1 0 0 0 1 1 0 0 0 1
240	3	1 1 0 0 0 0 0 0 0 0 0 0 0 0 0 0
240	2	1 0 1 0 0 0 1 0 1 1 1 0 0 0 0 0
240	1	1 1 1 0 0 0 1 1 1 0 1 0 0 0 0 0
260	4	1 1 1 0 0 0 1 0 0 0 1 0 0 0 0 0
260	35	1 1 1 0 0 0 1 0 0 1 1 0 0 0 0 0
260	72	1 1 1 0 0 0 1 0 1 1 0 0 0 0 0 0
260	15	1 1 0 1 1 0 1 0 0 0 1 0 0 0 0 0
260	81	1 1 0 1 1 0 1 0 0 0 1 1 0 0 0 0
260	13	1 1 0 1 1 0 0 0 0 0 0 0 0 0 0 0
260	53	1 1 1 0 1 0 1 0 0 0 1 0 0 0 0 0
260	7	1 1 0 0 0 0 1 0 1 0 1 0 0 0 0 0
260	18	1 0 1 0 1 0 1 0 0 0 1 0 0 0 0 0
260	5	0 1 0 1 1 0 1 0 0 0 1 1 0 0 0 0
260	9	1 1 1 0 1 0 1 0 1 0 1 0 0 0 0 0
260	5	1 1 1 0 0 0 1 0 0 0 0 0 0 0 0 0
260	19	1 1 1 0 1 0 1 0 0 0 0 0 0 0 0 0
260	14	1 1 0 1 1 0 0 0 0 0 0 1 0 0 0 0
260	2	0 1 1 0 0 1 1 0 1 1 0 0 0 0 0 0
260	35	1 0 1 0 1 0 1 0 0 1 1 0 0 0 0 0
260	15	0 1 1 0 0 0 1 1 1 1 0 0 0 0 0 0
260	3	1 1 0 1 1 0 1 0 0 1 1 1 0 0 0 0
260	6	1 1 1 0 0 0 1 0 0 0 0 0 0 0 0 1
260	9	1 1 1 1 0 0 1 0 0 0 0 0 0 0 0 0
260	22	1 0 1 0 0 0 1 0 0 0 0 0 0 0 0 0
260	13	0 1 1 0 0 1 1 0 1 0 0 0 0 0 0 0
260	4	1 1 0 1 1 0 1 0 1 1 0 0 0 0 0 0
260	2	1 1 1 0 1 0 1 0 0 1 0 0 0 0 0 0
260	11	1 1 1 1 0 1 1 0 1 1 0 0 0 0 0 0
260	18	1 1 0 1 1 0 1 0 0 1 0 0 0 0 0 0
260	5	1 1 0 1 1 0 1 0 0 0 1 1 0 1 0 0
260	8	1 1 1 1 1 0 1 0 0 1 0 0 0 0 0 0
260	15	1 1 1 0 0 0 1 1 1 1 0 0 0 0 0 0
260	21	1 1 1 1 0 0 1 1 0 1 1 0 0 0 0 0
260	16	1 1 1 1 1 0 1 0 1 0 1 0 0 0 0 0
260	3	1 1 1 0 0 0 1 1 0 0 1 0 0 0 0 0
260	62	1 1 1 0 0 0 1 0 0 1 1 0 0 0 0 1
260	1	1 1 0 1 0 0 1 0 0 0 1 0 0 0 0 0
260	3	1 1 0 1 1 0 1 0 0 0 1 1 1 0 0 0
260	19	1 1 1 0 1 0 1 0 0 0 1 1 0 1 0 0
260	15	1 1 1 0 0 0 1 1 1 0 1 0 0 0 0 0
260	6	1 1 1 0 1 0 1 1 0 0 1 0 0 0 0 0
260	1	0 1 1 0 0 0 1 0 0 0 0 0 0 0 0 0
260	1	1 1 0 1 1 0 1 0 1 1 0 0 0 0 0 1
260	2	1 1 1 1 1 0 1 0 1 0 0 0 0 0 0 0
260	1	1 1 1 1 1 0 0 0 0 0 0 0 0 0 0 0
260	20	1 1 1 1 0 0 1 0 0 0 0 1 0 0 0 0
260	4	1 1 1 1 1 0 1 0 0 1 0 0 0 0 1 1
260	6	1 1 1 1 1 0 1 0 0 0 0 1 0 0 0 0
260	1	1 1 1 1 1 0 1 0 0 0 1 1 0 0 1 0
260	4	1 1 0 1 1 0 0 0 0 0 1 0 0 0 0 0
260	27	1 1 0 0 0 0 1 0 0 1 0 0 0 0 0 1
260	4	0 1 1 0 0 0 1 0 0 1 1 1 0 0 0 0
260	8	1 1 0 0 0 0 1 0 0 0 0 0 1 1 0 0
260	19	1 1 1 0 0 1 1 1 1 1 0 0 0 0 0 0
260	5	1 1 1 0 1 0 0 0 0 0 1 0 0 0 0 0
260	10	0 0 0 1 1 0 1 0 0 0 1 1 0 0 0 0
260	3	0 1 0 1 1 0 1 0 0 0 1 1 0 0 1 0
260	14	1 1 1 1 1 1 1 0 1 0 0 0 0 0 0 0
260	2	1 1 1 0 1 0 1 1 0 0 0 0 0 0 0 0
260	1	1 1 1 1 1 0 1 0 0 0 0 0 0 0 0 0
260	15	0 1 1 1 1 0 1 0 0 0 1 0 0 0 0 0
260	2	1 0 1 0 1 0 1 0 0 0 1 1 0 0 0 0
260	1	0 1 0 1 1 0 1 0 0 0 1 0 1 0 0 0
260	6	1 0 1 0 1 0 1 0 0 0 1 0 0 0 0 1
260	3	1 1 1 0 0 0 0 0 0 1 1 0 0 0 0 1
260	2	0 1 0 1 1 1 1 0 0 0 1 1 0 0 0 0
260	3	1 0 1 1 1 0 1 0 0 0 1 1 0 0 1 0
260	9	1 0 0 0 0 0 1 0 0 0 1 0 0 0 0 1
260	5	1 1 0 1 1 1 1 0 0 0 1 0 0 0 0 0
260	5	1 1 1 1 1 0 0 0 0 0 0 1 0 0 0 0
260	4	1 0 1 1 1 0 0 0 0 0 0 0 0 0 0 0
260	15	1 1 1 0 0 0 1 0 1 1 0 1 0 0 0 0
260	9	1 1 1 0 1 0 0 0 1 0 1 0 0 0 0 0
260	5	1 1 1 1 0 1 1 0 1 1 0 0 1 0 0 0
260	5	1 1 0 1 1 0 1 0 0 0 1 0 0 1 0 0
260	9	1 1 0 1 1 1 1 0 1 0 1 0 0 0 0 0
260	1	1 1 1 0 0 0 1 0 1 0 1 1 1 0 0 0
260	4	0 1 0 1 1 0 1 0 1 1 0 0 0 0 0 0
260	2	1 1 0 0 0 0 1 0 0 1 1 0 0 0 0 0
260	6	1 1 1 0 1 0 1 0 0 1 1 0 0 0 0 0
260	8	1 1 1 0 1 0 1 0 0 0 1 0 1 0 0 0
260	1	1 1 1 1 0 1 1 0 1 1 0 0 0 0 1 0
260	2	1 1 1 1 1 0 1 0 1 0 1 0 0 0 1 0
260	2	1 0 1 0 0 0 1 1 0 0 1 0 0 0 0 0
260	8	1 1 1 1 1 1 1 0 1 0 1 0 0 0 0 0
260	1	0 0 0 1 1 0 1 0 0 0 1 1 0 1 0 0
260	1	1 1 1 0 0 1 1 1 1 1 1 0 0 0 0 0
260	5	1 1 1 0 0 0 0 0 0 0 0 0 0 0 0 0
260	1	1 1 1 0 0 0 1 0 0 1 1 0 1 0 0 0
260	1	1 1 1 0 1 0 1 0 0 0 1 1 1 1 0 0
260	4	1 1 1 1 1 1 1 0 1 0 0 0 0 0 1 0
260	1	1 1 0 1 1 0 1 1 0 1 1 0 0 0 0 0
260	4	1 1 1 0 0 1 1 0 0 1 1 0 0 0 0 0
260	2	1 0 0 1 1 0 0 0 0 0 0 1 0 0 0 0
260	4	1 0 1 0 0 0 1 1 1 1 0 0 0 0 0 0
260	4	1 1 1 1 0 1 1 1 0 1 1 0 0 0 0 0
260	2	1 1 0 0 1 0 1 1 0 0 1 0 0 0 0 0
260	3	1 1 1 1 1 0 1 0 0 0 0 0 0 0 1 0
260	2	1 1 1 1 0 1 1 1 1 0 0 0 0 0 0 0
260	2	1 1 1 0 1 0 1 0 0 1 1 0 1 0 0 0
260	1	1 1 1 0 1 0 1 0 0 0 1 1 0 0 0 0
260	1	1 1 0 1 1 0 0 0 0 0 1 1 0 0 0 0
260	1	1 1 0 0 0 0 1 0 0 0 1 0 0 0 0 0
260	4	1 1 1 1 1 0 1 0 0 0 1 1 0 0 0 0
260	1	1 1 1 0 0 0 0 0 1 1 0 0 0 0 0 0
260	4	1 1 0 1 1 0 1 1 0 0 1 1 0 0 0 0
260	2	1 1 1 1 0 1 1 0 1 1 0 0 0 0 0 1
260	1	1 1 1 0 0 0 1 1 1 0 1 0 0 0 1 0
260	1	1 1 1 0 0 0 1 0 0 1 0 0 0 0 0 0
260	1	1 1 1 0 0 0 1 0 0 0 1 0 0 0 0 1
260	3	1 1 0 1 1 0 1 0 1 1 1 0 0 0 0 0
260	1	1 1 1 0 0 0 1 0 1 0 0 0 0 0 0 0
260	1	1 1 0 1 1 0 1 0 0 0 1 0 0 0 1 0
260	3	1 1 0 0 1 0 1 0 0 0 1 1 0 0 0 0
260	1	1 1 0 0 0 0 1 0 0 0 1 0 0 0 1 1
260	1	1 1 1 1 0 0 1 0 0 1 1 0 0 0 0 1
260	3	1 1 1 1 1 0 0 0 0 0 1 0 0 0 0 0
260	1	1 1 0 1 1 1 0 0 0 0 1 0 0 0 0 0
260	1	1 1 1 0 0 0 1 0 0 1 1 0 1 0 0 1
260	2	1 1 1 1 1 1 1 1 1 0 0 0 0 0 1 0
280	41	1 1 1 0 0 0 1 0 0 1 1 0 0 0 0 0
280	72	1 1 1 0 0 0 1 0 1 1 0 0 0 0 0 0
280	27	1 1 0 1 1 0 1 0 0 0 1 1 0 0 0 0
280	7	1 1 0 1 1 0 0 0 0 0 0 0 0 0 0 0
280	81	1 1 1 0 1 0 1 0 0 0 1 0 0 0 0 0
280	17	1 1 1 0 0 0 1 0 0 0 0 0 0 0 0 0
280	50	1 1 1 0 1 0 1 0 0 0 0 0 0 0 0 0
280	15	1 0 1 0 1 0 1 0 0 1 1 0 0 0 0 0
280	27	0 1 1 0 0 0 1 1 1 1 0 0 0 0 0 0
280	2	1 1 1 1 0 0 1 0 0 0 0 0 0 0 0 0
280	9	0 1 1 0 0 1 1 0 1 0 0 0 0 0 0 0
280	19	1 1 0 1 1 0 1 0 1 1 0 0 0 0 0 0
280	8	1 1 1 1 0 1 1 0 1 1 0 0 0 0 0 0
280	36	1 1 0 1 1 0 1 0 0 1 0 0 0 0 0 0
280	15	1 1 1 1 1 0 1 0 0 1 0 0 0 0 0 0
280	2	1 1 1 0 0 0 1 1 1 1 0 0 0 0 0 0
280	11	1 1 1 1 0 0 1 1 0 1 1 0 0 0 0 0
280	6	1 1 1 1 1 0 1 0 1 0 1 0 0 0 0 0
280	51	1 1 1 0 0 0 1 0 0 1 1 0 0 0 0 1
280	7	1 1 0 1 1 0 1 0 0 0 1 1 1 0 0 0
280	23	1 1 1 1 0 0 1 0 0 0 0 1 0 0 0 0
280	3	1 1 0 1 1 0 0 0 0 0 1 0 0 0 0 0
280	4	1 1 0 0 0 0 1 0 0 1 0 0 0 0 0 1
280	2	1 1 1 0 0 1 1 1 1 1 0 0 0 0 0 0
280	12	0 1 0 1 1 0 1 0 0 0 1 1 0 0 1 0
280	21	1 1 1 1 1 1 1 0 1 0 0 0 0 0 0 0
280	3	1 1 1 1 1 0 1 0 0 0 0 0 0 0 0 0
280	17	0 1 1 1 1 0 1 0 0 0 1 0 0 0 0 0
280	3	1 0 1 0 1 0 1 0 0 0 1 0 0 0 0 1
280	10	1 1 0 1 1 1 1 0 0 0 1 0 0 0 0 0
280	28	1 1 1 0 0 0 1 0 1 1 0 1 0 0 0 0
280	3	1 1 1 0 1 0 0 0 1 0 1 0 0 0 0 0
280	29	1 1 0 1 1 1 1 0 1 0 1 0 0 0 0 0
280	6	1 1 1 0 1 0 1 0 0 0 1 0 1 0 0 0
280	11	1 1 1 0 0 0 0 0 0 0 0 0 0 0 0 0
280	22	1 1 1 1 0 1 1 1 1 0 0 0 0 0 0 0
280	13	1 1 0 1 1 0 0 0 0 0 1 1 0 0 0 0
280	17	1 1 0 1 1 0 1 1 0 0 1 1 0 0 0 0
280	5	1 1 0 1 1 0 1 0 0 0 1 1 0 0 1 0
280	5	1 1 1 0 0 0 0 0 1 1 1 0 0 0 0 1
280	10	1 1 1 1 1 0 0 0 1 1 0 0 0 0 0 0
280	1	1 0 1 0 0 0 1 0 0 1 1 0 0 0 0 0
280	5	1 1 0 0 1 0 1 0 0 1 0 1 0 0 0 1
280	9	1 1 1 1 0 1 1 0 0 1 1 0 0 0 0 0
280	7	1 1 0 1 0 1 1 1 1 1 0 0 0 0 0 0
280	6	0 1 1 0 0 0 1 0 1 1 1 1 0 0 0 0
280	3	1 0 0 0 1 0 1 0 0 1 1 0 0 0 0 1
280	3	1 1 1 1 1 1 1 0 1 0 0 1 0 0 0 0
280	14	1 1 1 0 0 1 1 1 1 0 0 0 0 0 0 0
280	3	1 0 1 0 1 0 1 0 0 1 1 0 0 0 1 0
280	3	1 1 0 1 1 0 0 0 1 1 1 0 0 0 0 0
280	12	0 1 1 0 0 1 1 1 1 0 1 0 0 0 0 0
280	11	1 1 1 0 1 0 1 0 0 1 1 0 0 0 0 0
280	1	0 1 1 1 1 1 1 0 1 0 0 0 0 0 0 0
280	10	1 1 1 1 0 1 1 1 0 1 1 1 0 0 0 0
280	16	1 1 1 0 1 0 1 0 0 0 1 1 0 0 0 0
280	7	1 1 1 1 1 0 0 0 1 1 1 0 0 0 0 1
280	10	1 1 0 1 1 0 1 0 0 0 1 0 0 0 0 0
280	9	0 1 1 0 0 0 1 0 1 1 0 0 0 0 0 0
280	2	1 1 1 1 0 1 1 1 0 1 1 0 0 0 0 0
280	1	1 1 1 0 1 0 1 0 0 1 1 0 0 0 0 1
280	7	1 1 1 0 0 1 0 0 0 1 1 0 0 0 0 1
280	5	1 1 0 1 0 0 0 0 0 0 1 1 0 0 0 0
280	4	0 1 1 1 0 0 1 0 1 1 0 0 0 0 0 0
280	2	1 1 0 1 1 0 0 0 1 0 0 0 0 0 0 0
280	3	0 1 0 1 1 0 1 0 0 1 0 0 0 0 0 0
280	1	1 1 1 0 0 0 1 0 0 1 1 0 0 1 0 1
280	3	1 1 1 0 1 0 1 0 0 0 1 0 0 1 0 0
280	6	1 1 1 1 0 0 1 1 1 1 1 0 0 0 0 0
280	4	0 1 1 0 0 0 0 0 0 1 1 0 0 0 0 1
280	3	1 1 0 0 0 0 0 0 0 0 0 0 0 0 0 0
280	2	1 1 1 0 0 0 1 0 1 0 0 0 0 0 0 0
280	10	1 1 0 1 1 0 1 0 0 0 1 1 0 1 0 0
280	2	0 1 1 0 1 0 1 0 0 0 0 0 0 0 0 0
280	2	1 1 0 1 1 0 1 0 1 1 0 0 0 1 0 0
280	3	1 0 1 0 1 0 1 0 0 0 1 1 0 1 0 0
280	2	0 1 1 0 1 0 1 0 0 0 1 0 0 0 0 0
280	16	0 1 1 0 0 0 1 1 0 0 1 1 0 0 0 0
280	1	1 1 1 1 1 0 0 0 1 1 1 0 0 0 1 1
280	5	1 1 1 1 1 0 1 1 1 1 0 0 0 0 0 0
280	2	1 1 0 1 0 0 1 0 0 1 0 0 0 0 0 0
280	1	1 1 1 0 1 0 1 0 1 0 1 1 0 1 0 0
280	1	1 1 1 1 1 1 1 0 1 1 0 0 0 0 0 0
280	2	1 1 1 1 1 0 0 0 1 0 0 0 0 0 0 1
280	1	0 1 1 0 0 1 1 1 1 0 0 0 0 0 0 0
280	1	1 1 1 0 0 1 1 0 1 0 0 0 0 0 0 0
280	4	1 1 1 0 0 0 1 0 1 1 0 0 0 0 0 1
280	1	1 1 1 0 1 0 1 1 0 0 0 0 0 0 0 0
280	1	1 1 1 1 0 0 1 0 0 0 0 1 0 0 0 1
280	1	0 1 1 0 0 1 1 1 1 0 1 0 1 0 0 0
280	3	1 1 1 0 0 0 1 1 1 1 1 0 0 0 0 0
280	1	1 1 1 1 1 1 1 0 0 0 1 0 0 0 0 0
280	2	0 1 1 0 0 0 1 1 1 0 0 0 0 0 0 0
280	2	1 1 1 0 0 0 1 0 0 0 1 0 0 0 0 1
280	1	0 1 0 1 1 0 1 1 0 0 1 1 0 0 1 0
280	3	1 1 1 1 1 1 1 0 0 0 0 0 0 0 0 0
280	4	0 1 1 1 0 0 1 0 0 0 1 0 0 0 0 0
280	3	1 1 0 1 0 1 1 1 1 0 0 0 0 0 0 0
280	1	1 1 0 1 1 0 0 0 0 0 1 1 1 0 0 0
280	1	1 1 1 0 1 0 1 0 0 0 0 1 0 0 0 0
300	52	1 1 1 0 0 0 1 0 0 1 1 0 0 0 0 0
300	72	1 1 1 0 0 0 1 0 1 1 0 0 0 0 0 0
300	3	1 1 0 1 1 0 1 0 0 0 1 1 0 0 0 0
300	78	1 1 1 0 1 0 1 0 0 0 1 0 0 0 0 0
300	29	1 1 1 0 0 0 1 0 0 0 0 0 0 0 0 0
300	22	1 1 1 0 1 0 1 0 0 0 0 0 0 0 0 0
300	14	1 0 1 0 1 0 1 0 0 1 1 0 0 0 0 0
300	7	1 1 1 1 0 0 1 0 0 0 0 0 0 0 0 0
300	3	1 1 0 1 1 0 1 0 1 1 0 0 0 0 0 0
300	9	1 1 0 1 1 0 1 0 0 1 0 0 0 0 0 0
300	6	1 1 1 1 1 0 1 0 0 1 0 0 0 0 0 0
300	1	1 1 1 1 0 0 1 1 0 1 1 0 0 0 0 0
300	1	1 1 1 1 1 0 1 0 1 0 1 0 0 0 0 0
300	21	1 1 1 0 0 0 1 0 0 1 1 0 0 0 0 1
300	9	1 1 1 1 0 0 1 0 0 0 0 1 0 0 0 0
300	11	1 1 1 1 1 1 1 0 1 0 0 0 0 0 0 0
300	8	0 1 1 1 1 0 1 0 0 0 1 0 0 0 0 0
300	3	1 0 1 0 1 0 1 0 0 0 1 0 0 0 0 1
300	15	1 1 1 0 0 0 1 0 1 1 0 1 0 0 0 0
300	12	1 1 1 0 1 0 0 0 1 0 1 0 0 0 0 0
300	9	1 1 0 1 1 1 1 0 1 0 1 0 0 0 0 0
300	6	1 1 1 0 0 0 0 0 0 0 0 0 0 0 0 0
300	4	1 1 1 1 0 1 1 1 1 0 0 0 0 0 0 0
300	22	1 1 0 1 1 0 0 0 0 0 1 1 0 0 0 0
300	71	1 1 0 1 1 0 1 1 0 0 1 1 0 0 0 0
300	16	1 1 1 0 0 0 0 0 1 1 1 0 0 0 0 1
300	12	1 1 1 1 0 1 1 0 0 1 1 0 0 0 0 0
300	23	0 1 1 0 0 0 1 0 1 1 1 1 0 0 0 0
300	16	1 1 1 0 0 1 1 1 1 0 0 0 0 0 0 0
300	2	1 0 1 0 1 0 1 0 0 1 1 0 0 0 1 0
300	13	0 1 1 0 0 1 1 1 1 0 1 0 0 0 0 0
300	13	1 1 1 0 1 0 1 0 0 1 1 0 0 0 0 0
300	55	1 1 1 1 0 1 1 1 0 1 1 1 0 0 0 0
300	15	1 1 1 1 1 0 0 0 1 1 1 0 0 0 0 1
300	26	0 1 1 0 0 0 1 0 1 1 0 0 0 0 0 0
300	11	0 1 1 1 0 0 1 0 1 1 0 0 0 0 0 0
300	5	1 1 1 0 1 0 1 0 0 0 1 0 0 1 0 0
300	7	0 1 1 0 0 0 1 1 0 0 1 1 0 0 0 0
300	25	1 1 1 1 1 0 1 1 1 1 0 0 0 0 0 0
300	5	1 1 1 0 0 1 1 0 1 0 0 0 0 0 0 0
300	3	0 1 1 0 0 1 1 1 1 1 0 0 0 0 0 0
300	1	1 0 0 0 1 0 1 0 0 1 1 0 1 0 0 1
300	19	1 1 1 1 1 1 0 0 1 0 0 0 0 0 0 0
300	1	1 1 0 0 0 0 1 0 0 1 1 0 0 0 0 0
300	24	1 1 0 0 0 0 1 0 1 1 0 1 0 0 0 0
300	1	0 1 1 1 0 1 1 1 1 0 0 0 0 0 0 0
300	4	1 1 1 0 0 0 1 0 1 1 1 1 0 0 0 0
300	7	1 1 1 0 1 0 1 0 1 0 1 0 0 0 0 0
300	1	1 1 1 0 0 0 1 0 0 1 1 0 0 0 1 0
300	3	1 1 1 1 1 0 1 0 0 1 1 0 0 0 0 0
300	11	0 1 1 0 0 0 1 1 0 0 0 0 0 0 0 0
300	8	1 1 0 1 1 0 1 1 1 1 0 0 0 0 0 0
300	4	1 1 1 0 0 0 1 0 0 1 1 1 0 0 0 0
300	4	0 1 1 0 0 0 1 0 0 1 1 0 0 0 0 0
300	4	1 1 0 1 0 0 1 0 0 1 0 0 0 0 0 0
300	5	1 1 1 0 0 0 0 0 1 1 1 0 0 0 0 0
300	10	1 1 1 1 0 0 1 0 0 0 0 1 0 0 0 1
300	11	1 1 1 0 0 0 1 0 0 0 1 0 0 0 0 0
300	2	1 1 1 1 1 1 1 1 0 1 1 1 0 0 0 0
300	7	1 1 1 0 0 1 1 1 1 0 1 0 0 0 0 0
300	5	1 1 0 0 0 0 1 0 1 1 1 1 0 0 0 0
300	1	1 1 1 0 1 0 1 0 0 0 1 1 0 0 0 0
300	1	1 1 1 1 1 0 1 1 1 1 0 1 0 0 0 0
300	7	1 1 1 1 0 0 1 0 0 1 1 0 0 0 0 0
300	3	1 1 0 1 0 0 1 0 1 1 0 0 0 0 0 0
300	1	1 1 1 0 0 1 0 0 1 1 1 0 0 0 0 1
300	2	1 1 1 0 1 0 0 0 1 1 1 0 0 0 0 1
300	7	0 1 1 1 0 0 1 0 1 1 0 0 0 0 0 1
300	15	1 1 0 1 1 1 1 0 1 0 0 0 0 0 0 1
300	2	1 1 0 1 1 0 1 1 0 0 1 0 0 0 0 0
300	3	1 1 1 1 1 0 1 1 1 0 0 0 0 0 0 0
300	1	0 1 1 0 0 0 1 1 0 0 1 1 0 0 0 1
300	4	1 1 1 0 1 0 1 0 0 1 1 1 0 0 0 0
300	11	1 1 0 1 1 0 0 0 0 0 1 1 0 1 0 0
300	4	1 0 0 0 1 0 1 0 1 1 0 1 0 0 0 0
300	3	1 1 1 0 1 0 0 0 0 0 1 0 0 0 0 0
300	1	1 1 0 1 1 1 1 0 1 0 0 0 0 0 0 0
300	1	0 1 0 0 0 1 1 1 1 0 1 0 0 0 0 0
300	3	1 1 1 0 1 0 1 0 1 1 0 0 0 0 0 0
300	1	1 0 1 0 1 0 1 1 1 1 0 0 0 0 0 0
300	2	1 1 0 1 0 0 0 0 1 1 1 0 0 0 0 1
300	1	1 1 1 0 0 0 1 0 1 1 0 0 0 1 0 0
300	7	1 1 1 0 1 0 0 0 1 0 1 0 0 0 1 0
300	2	1 1 0 0 1 0 1 1 0 0 1 1 0 0 0 0
300	1	0 1 1 1 0 1 1 1 1 0 0 0 0 0 0 1
300	2	1 0 1 0 1 0 1 0 1 0 1 0 0 0 0 0
300	3	1 1 0 1 0 0 0 0 0 1 0 0 0 0 0 0
300	1	1 1 1 0 0 0 1 0 1 1 1 0 0 0 0 0
300	1	1 1 1 0 0 0 1 0 0 1 0 0 0 0 0 0
300	5	0 1 1 0 0 0 1 1 0 0 0 0 0 0 0 1
300	5	1 1 1 0 1 0 1 0 0 0 1 0 0 0 0 1
300	1	1 1 0 1 1 0 1 0 1 0 1 0 0 0 0 0
300	6	1 1 1 1 0 1 1 1 0 1 1 1 0 1 0 0
300	1	0 1 1 0 0 0 1 0 1 1 0 0 1 0 0 0
300	1	0 1 1 0 0 0 1 0 1 1 0 0 0 0 0 1
300	2	0 1 1 0 0 1 1 0 1 0 0 0 0 0 0 0
300	3	1 1 1 1 1 0 1 1 1 0 0 1 0 0 0 0
300	1	1 1 0 1 0 0 1 0 0 1 1 0 0 0 0 0
300	1	0 1 0 1 0 1 1 1 1 0 1 0 0 0 0 0
300	1	1 1 1 1 0 0 1 0 1 1 0 1 0 0 0 0
300	3	1 0 0 0 1 0 1 1 0 0 1 1 0 0 0 0
300	2	1 1 1 0 0 0 1 0 0 1 1 0 1 0 0 0
300	1	1 1 1 0 0 1 1 0 0 1 1 0 0 0 0 0
300	1	1 1 0 0 1 0 1 0 0 0 1 0 0 0 0 0
300	1	1 1 1 0 0 0 1 0 0 0 0 0 0 0 1 0
300	2	1 1 1 1 1 0 1 0 0 0 0 0 0 0 0 0
300	1	0 1 1 0 0 0 1 1 1 1 0 0 0 0 0 0
300	1	0 1 1 1 0 0 1 1 0 0 1 1 0 0 0 0
300	2	1 1 1 0 1 1 1 0 1 0 0 0 0 0 0 0
300	1	1 1 0 1 1 0 0 1 1 1 0 0 0 0 0 0
320	87	1 1 1 0 0 0 1 0 0 1 1 0 0 0 0 0
320	57	1 1 1 0 0 0 1 0 1 1 0 0 0 0 0 0
320	60	1 1 1 0 1 0 1 0 0 0 1 0 0 0 0 0
320	27	1 1 1 0 0 0 1 0 0 0 0 0 0 0 0 0
320	32	1 1 1 0 1 0 1 0 0 0 0 0 0 0 0 0
320	19	1 1 1 1 0 0 1 0 0 0 0 0 0 0 0 0
320	18	1 1 1 0 0 0 1 0 0 1 1 0 0 0 0 1
320	19	1 1 1 1 1 1 1 0 1 0 0 0 0 0 0 0
320	16	1 1 1 0 0 0 1 0 1 1 0 1 0 0 0 0
320	9	1 1 0 1 1 1 1 0 1 0 1 0 0 0 0 0
320	10	1 1 1 0 0 0 0 0 0 0 0 0 0 0 0 0
320	18	1 1 0 1 1 0 1 1 0 0 1 1 0 0 0 0
320	13	1 1 1 0 0 0 0 0 1 1 1 0 0 0 0 1
320	3	1 1 1 1 0 1 1 0 0 1 1 0 0 0 0 0
320	12	0 1 1 0 0 0 1 0 1 1 1 1 0 0 0 0
320	15	0 1 1 0 0 1 1 1 1 0 1 0 0 0 0 0
320	1	1 1 1 0 1 0 1 0 0 1 1 0 0 0 0 0
320	31	1 1 1 1 0 1 1 1 0 1 1 1 0 0 0 0
320	13	1 1 1 1 1 0 0 0 1 1 1 0 0 0 0 1
320	2	0 1 1 0 0 0 1 0 1 1 0 0 0 0 0 0
320	33	1 1 1 1 1 0 1 1 1 1 0 0 0 0 0 0
320	5	1 0 0 0 1 0 1 0 0 1 1 0 1 0 0 1
320	5	1 1 1 1 1 1 0 0 1 0 0 0 0 0 0 0
320	27	1 1 0 0 0 0 1 0 1 1 0 1 0 0 0 0
320	6	1 1 1 0 0 0 1 0 1 1 1 1 0 0 0 0
320	22	1 1 1 0 1 0 1 0 1 0 1 0 0 0 0 0
320	1	1 1 1 0 0 0 1 0 0 1 1 1 0 0 0 0
320	25	1 1 1 1 0 0 1 0 0 0 0 1 0 0 0 1
320	11	1 1 1 0 0 1 1 1 1 0 1 0 0 0 0 0
320	19	1 1 0 1 1 1 1 0 1 0 0 0 0 0 0 1
320	10	1 1 1 0 1 0 1 0 0 1 1 1 0 0 0 0
320	1	1 1 1 0 1 0 0 0 0 0 1 0 0 0 0 0
320	5	1 1 0 1 1 1 1 0 1 0 0 0 0 0 0 0
320	5	1 1 0 1 0 0 0 0 0 1 0 0 0 0 0 0
320	31	1 1 1 0 0 0 1 0 0 1 0 0 0 0 0 0
320	3	0 1 1 0 0 0 1 1 0 0 0 0 0 0 0 1
320	9	1 1 1 0 0 1 1 0 0 1 1 0 0 0 0 0
320	26	1 1 1 1 0 1 1 1 0 1 1 0 0 0 0 0
320	16	1 1 1 0 1 0 1 0 1 0 0 0 0 0 0 0
320	9	1 1 1 0 0 0 1 0 0 0 0 0 0 1 0 0
320	23	1 1 1 1 1 0 0 1 1 1 1 0 0 0 0 1
320	7	1 1 1 1 1 1 0 0 1 0 1 0 0 0 0 0
320	10	1 1 1 0 1 0 1 1 0 0 1 1 0 0 0 0
320	1	1 1 1 1 0 1 1 1 0 1 0 0 0 0 0 0
320	3	0 1 1 0 0 0 1 0 1 0 0 0 0 0 0 1
320	17	1 1 0 1 1 1 1 0 0 0 1 0 0 0 0 0
320	1	1 1 0 0 0 0 1 0 0 0 0 0 0 0 0 0
320	3	1 1 1 1 0 1 1 1 0 1 1 1 0 0 1 0
320	5	1 0 0 0 0 0 1 0 0 1 1 0 1 0 0 1
320	12	1 0 1 0 1 0 0 1 1 1 0 0 0 0 0 0
320	14	1 1 1 0 0 0 1 0 0 0 1 0 0 0 0 0
320	2	1 1 0 0 0 0 0 0 0 1 0 0 0 0 0 0
320	6	1 1 1 0 1 1 1 0 1 0 0 0 0 0 0 0
320	17	1 1 1 1 1 0 1 0 0 0 1 0 0 0 0 0
320	2	0 1 1 0 0 0 1 0 0 0 0 0 0 0 0 0
320	7	1 1 1 1 1 0 0 0 0 1 0 0 0 0 0 0
320	3	1 1 0 1 1 0 1 1 0 0 1 0 0 0 0 0
320	1	1 1 1 1 0 0 1 1 1 0 0 0 0 0 0 0
320	7	1 1 1 0 0 1 1 0 0 0 0 0 0 1 0 0
320	1	1 0 0 0 1 0 1 0 0 1 0 0 0 0 0 0
320	3	0 1 1 0 0 0 1 0 1 0 0 0 0 0 0 0
320	6	1 0 1 0 1 0 0 1 1 1 1 0 0 0 0 0
320	5	1 1 1 0 0 0 1 1 0 1 1 0 0 0 0 0
320	1	0 1 1 0 0 0 1 0 1 1 1 1 0 0 1 0
320	3	1 1 1 1 1 1 0 1 1 1 1 0 0 0 0 0
320	1	1 1 1 1 0 1 1 0 1 1 0 0 0 0 0 0
320	8	1 1 1 0 0 1 1 0 1 0 0 0 0 0 0 1
320	4	1 0 0 1 1 1 1 0 1 0 1 0 0 0 0 0
320	2	1 1 0 0 1 0 1 1 0 0 1 1 0 0 0 0
320	2	1 1 1 1 1 0 0 1 1 0 1 0 0 0 0 1
320	8	1 1 0 0 1 1 1 0 0 0 1 0 0 0 0 0
320	3	1 1 1 0 0 0 1 0 1 1 0 1 0 1 0 0
320	4	0 1 1 0 0 0 1 0 0 1 1 0 0 0 1 0
320	3	1 1 1 0 1 0 1 0 1 1 0 1 0 0 0 0
320	3	1 1 1 1 1 0 0 0 0 0 1 0 0 0 0 0
320	1	1 1 1 0 0 0 1 0 0 0 0 0 0 0 1 0
320	6	1 1 0 1 1 1 1 1 1 0 0 0 0 0 0 0
320	11	1 1 0 1 1 1 0 0 0 0 1 0 0 0 0 0
320	2	1 1 1 0 1 0 0 1 1 1 0 0 0 0 0 0
320	1	1 1 1 0 1 0 0 0 1 1 1 0 0 0 0 1
320	4	1 1 1 1 0 0 1 0 1 1 0 0 0 0 0 0
320	1	1 1 1 0 0 0 1 1 0 0 0 0 0 0 0 1
320	2	1 1 1 1 0 0 1 0 0 0 0 1 0 0 0 0
320	1	1 1 0 0 0 0 1 0 1 1 0 1 0 0 0 1
320	3	1 1 1 0 0 0 1 0 0 0 1 1 0 0 0 0
320	4	1 1 0 1 1 0 1 1 0 0 1 1 0 0 0 1
320	4	1 1 1 1 1 0 1 1 1 0 0 0 0 0 0 0
320	1	1 1 0 1 1 1 1 0 1 1 0 0 0 0 0 0
320	1	1 1 0 1 1 0 1 1 1 1 0 0 0 0 0 0
320	1	1 0 0 0 0 0 1 0 0 1 1 0 0 0 0 0
320	4	1 0 1 0 0 0 1 0 0 1 1 0 0 0 0 0
320	1	1 1 1 0 0 0 1 0 0 1 1 0 0 1 0 0
320	1	1 1 1 0 0 0 1 0 1 1 0 1 0 0 1 0
320	4	1 1 1 1 0 1 1 1 0 0 1 1 0 0 0 0
320	2	1 1 1 1 1 0 1 0 1 0 1 0 0 0 0 0
320	2	0 0 0 0 0 0 1 0 0 1 1 0 1 0 0 1
320	1	1 1 1 1 0 0 1 0 0 0 1 0 0 0 0 0
320	3	1 1 1 0 0 0 1 0 1 1 0 1 0 0 0 1
320	1	1 1 1 0 1 0 1 1 0 0 1 0 0 0 0 0
320	2	1 1 1 1 1 1 1 1 0 1 1 1 0 0 0 0
320	1	1 1 0 1 1 1 1 0 0 0 0 0 0 0 0 0
320	2	1 0 1 0 1 0 0 1 0 1 0 0 0 0 0 0
320	1	1 1 1 1 0 1 1 0 1 1 0 0 0 0 0 1
320	3	1 1 1 0 0 0 1 1 0 0 0 1 0 0 0 1
340	70	1 1 1 0 0 0 1 0 0 1 1 0 0 0 0 0
340	36	1 1 1 0 0 0 1 0 1 1 0 0 0 0 0 0
340	66	1 1 1 0 1 0 1 0 0 0 1 0 0 0 0 0
340	28	1 1 1 0 0 0 1 0 0 0 0 0 0 0 0 0
340	40	1 1 1 0 1 0 1 0 0 0 0 0 0 0 0 0
340	23	1 1 1 1 0 0 1 0 0 0 0 0 0 0 0 0
340	4	1 1 1 0 0 0 1 0 0 1 1 0 0 0 0 1
340	3	1 1 1 1 1 1 1 0 1 0 0 0 0 0 0 0
340	86	1 1 1 0 0 0 1 0 1 1 0 1 0 0 0 0
340	7	0 1 1 0 0 0 1 0 1 1 1 1 0 0 0 0
340	59	1 1 1 1 0 1 1 1 0 1 1 1 0 0 0 0
340	3	1 1 1 1 1 0 1 1 1 1 0 0 0 0 0 0
340	25	1 1 0 0 0 0 1 0 1 1 0 1 0 0 0 0
340	9	1 1 1 0 1 0 1 0 1 0 1 0 0 0 0 0
340	8	1 1 1 1 0 0 1 0 0 0 0 1 0 0 0 1
340	17	1 1 1 0 0 1 1 1 1 0 1 0 0 0 0 0
340	26	1 1 0 1 1 1 1 0 1 0 0 0 0 0 0 1
340	17	1 1 1 0 1 0 1 0 0 1 1 1 0 0 0 0
340	7	1 1 0 1 1 1 1 0 1 0 0 0 0 0 0 0
340	2	1 1 1 0 0 0 1 0 0 1 0 0 0 0 0 0
340	21	1 1 1 0 0 1 1 0 0 1 1 0 0 0 0 0
340	22	1 1 1 1 0 1 1 1 0 1 1 0 0 0 0 0
340	16	1 1 1 0 0 0 1 0 0 0 0 0 0 1 0 0
340	15	1 1 0 1 1 1 1 0 0 0 1 0 0 0 0 0
340	17	1 1 1 1 0 1 1 1 0 1 1 1 0 0 1 0
340	7	1 1 1 0 1 1 1 0 1 0 0 0 0 0 0 0
340	2	1 0 0 0 1 0 1 0 0 1 0 0 0 0 0 0
340	10	1 0 1 0 1 0 0 1 1 1 1 0 0 0 0 0
340	29	1 1 1 1 1 1 0 1 1 1 1 0 0 0 0 0
340	9	1 1 1 0 1 0 1 0 1 1 0 1 0 0 0 0
340	5	1 1 0 0 0 0 1 0 1 1 0 1 0 0 0 1
340	1	1 1 1 0 0 0 1 0 0 0 1 1 0 0 0 0
340	1	1 1 0 1 1 0 1 1 1 1 0 0 0 0 0 0
340	12	1 1 1 0 0 0 1 0 1 1 0 1 0 0 1 0
340	1	1 1 1 0 1 0 1 1 0 0 1 0 0 0 0 0
340	1	1 1 1 0 0 1 1 0 0 1 1 0 0 0 0 1
340	7	1 1 1 0 0 1 1 0 0 1 0 0 0 0 0 0
340	3	1 1 1 0 0 0 1 1 0 1 1 0 0 1 0 0
340	2	1 1 1 0 0 1 1 0 0 0 1 0 0 0 0 0
340	7	1 1 1 0 0 1 1 1 0 1 1 1 0 1 0 0
340	7	1 1 1 1 1 1 0 0 0 1 1 1 0 0 0 0
340	4	1 1 1 0 0 0 1 0 0 0 0 0 0 0 1 0
340	8	1 1 1 1 1 1 1 1 1 1 0 1 0 0 0 0
340	2	1 1 1 0 1 1 1 0 0 0 0 0 0 0 0 0
340	11	0 1 0 0 0 0 1 0 1 1 0 1 0 0 0 0
340	14	1 1 1 0 0 0 1 0 0 1 1 1 0 0 0 0
340	2	1 1 1 0 1 1 0 0 0 0 1 0 0 0 0 0
340	11	0 1 1 0 0 0 1 0 0 1 1 0 0 0 0 0
340	3	1 1 1 0 1 0 1 1 0 0 1 1 0 0 0 0
340	14	1 1 1 1 1 1 0 0 1 1 0 0 0 0 0 0
340	5	1 1 1 1 0 0 1 0 0 0 0 0 0 1 0 0
340	25	1 1 1 0 1 0 1 0 0 0 0 0 0 0 0 1
340	1	1 1 1 0 1 0 1 0 0 1 0 0 0 1 0 0
340	8	1 1 1 0 0 1 1 1 0 1 1 1 0 0 0 0
340	2	1 1 1 0 1 0 1 1 0 0 0 0 0 0 0 0
340	2	1 0 1 0 1 0 0 1 1 1 1 0 0 0 0 1
340	12	1 1 1 1 0 0 1 1 0 0 0 1 0 0 0 0
340	6	1 1 1 1 0 0 1 0 0 0 1 1 0 0 0 0
340	4	1 1 1 0 0 0 0 0 0 1 1 0 0 0 0 0
340	8	1 1 0 0 0 0 1 0 1 1 0 0 0 0 0 0
340	5	1 1 0 1 1 1 1 0 0 0 0 0 0 0 0 1
340	8	1 1 1 0 0 0 1 0 0 1 1 0 0 0 1 0
340	2	1 1 1 0 0 0 1 1 1 1 0 0 0 0 0 0
340	1	1 1 1 1 0 1 1 1 0 0 1 1 0 0 0 0
340	5	1 0 1 0 1 0 1 0 0 0 0 0 0 0 1 0
340	1	1 1 1 1 1 1 1 1 0 0 0 0 0 0 0 0
340	3	1 1 1 0 0 1 1 1 0 1 1 0 0 0 0 1
340	3	1 1 1 1 0 1 0 0 1 1 0 0 0 0 0 0
340	6	1 1 1 0 1 0 1 1 0 0 0 1 0 0 0 0
340	3	1 1 1 0 0 0 1 0 0 1 1 0 0 1 0 0
340	3	1 0 1 0 1 0 1 0 0 0 1 0 0 0 0 0
340	2	1 1 1 0 0 0 1 0 0 0 0 1 0 1 0 0
340	6	1 1 1 0 0 0 1 0 1 1 0 1 0 0 0 1
340	3	0 1 1 1 0 1 1 1 0 1 1 1 0 0 0 0
340	4	1 1 1 0 0 1 1 1 1 0 1 0 0 0 1 0
340	5	1 1 0 0 1 1 1 0 0 0 1 0 0 0 0 0
340	4	1 1 1 0 1 1 0 1 1 1 1 0 0 0 0 0
340	1	1 1 1 0 1 0 1 0 1 1 0 0 0 0 0 0
340	1	1 1 0 1 1 0 1 0 0 0 0 0 0 1 0 0
340	3	1 1 0 1 1 1 1 1 1 1 0 1 0 0 0 0
340	5	1 1 1 0 1 0 1 0 1 1 0 1 0 0 0 1
340	5	1 1 1 1 0 0 1 0 1 1 0 0 0 0 0 0
340	1	1 1 1 0 0 0 1 0 0 0 0 1 0 0 0 0
340	1	1 1 1 0 0 0 1 0 1 1 1 1 0 0 0 0
340	3	1 1 0 1 1 1 1 0 0 0 1 0 0 0 0 1
340	1	1 1 1 1 1 1 1 1 1 1 0 0 1 0 0 0
340	4	1 1 1 0 0 0 1 0 0 1 0 0 0 0 1 0
340	1	1 1 1 0 1 1 0 0 1 1 1 0 0 0 0 0
340	1	1 1 1 1 0 0 1 0 1 1 0 1 0 0 0 0
340	3	1 1 0 1 1 1 1 0 0 1 1 0 0 0 0 0
340	1	1 1 1 0 0 0 1 0 0 1 1 0 1 0 0 0
340	4	1 1 1 0 1 0 1 0 0 0 1 0 0 1 0 0
340	3	1 1 1 0 0 1 1 0 0 0 0 0 0 0 0 0
340	3	1 1 1 1 0 1 0 1 0 1 1 1 0 0 0 0
340	2	1 1 0 1 0 0 1 0 1 1 0 1 0 0 0 0
340	1	1 0 1 0 0 0 1 0 0 1 0 0 0 0 0 0
340	1	1 1 1 0 1 1 1 1 0 1 1 1 0 0 0 0
340	2	0 1 1 0 0 0 1 0 1 1 0 0 0 0 0 0
340	2	1 1 0 1 1 1 1 0 1 0 0 1 0 0 1 0
340	1	0 1 1 0 0 0 1 0 1 1 1 1 0 0 0 1
340	1	1 1 1 1 0 0 1 1 0 1 1 1 0 0 0 0
340	2	1 1 0 0 0 0 1 0 1 0 0 1 0 0 0 0
340	1	1 1 0 0 1 1 1 0 1 0 0 0 0 0 0 1
340	1	1 1 0 1 1 0 1 0 0 0 1 0 0 0 0 0
340	3	1 1 0 1 0 1 1 0 0 0 1 0 0 0 0 0
340	2	1 1 1 0 1 1 1 0 1 1 0 1 0 0 0 0
340	1	0 1 1 0 1 0 1 0 1 1 0 1 0 0 0 0
340	1	1 1 1 0 1 0 1 0 0 0 0 0 1 0 0 1
340	1	1 1 1 0 0 0 0 0 0 1 1 0 1 0 0 0
360	72	1 1 1 0 0 0 1 0 0 1 1 0 0 0 0 0
360	46	1 1 1 0 1 0 1 0 0 0 1 0 0 0 0 0
360	51	1 1 1 0 0 0 1 0 0 0 0 0 0 0 0 0
360	18	1 1 1 1 0 0 1 0 0 0 0 0 0 0 0 0
360	2	1 1 1 0 0 0 1 0 0 1 1 0 0 0 0 1
360	2	1 1 1 1 1 1 1 0 1 0 0 0 0 0 0 0
360	65	1 1 1 0 0 0 1 0 1 1 0 1 0 0 0 0
360	82	1 1 1 1 0 1 1 1 0 1 1 1 0 0 0 0
360	4	1 1 1 1 1 0 1 1 1 1 0 0 0 0 0 0
360	7	1 1 0 0 0 0 1 0 1 1 0 1 0 0 0 0
360	1	1 1 1 0 1 0 1 0 1 0 1 0 0 0 0 0
360	23	1 1 1 1 0 0 1 0 0 0 0 1 0 0 0 1
360	2	1 1 0 1 1 1 1 0 1 0 0 0 0 0 0 1
360	27	1 1 1 0 0 0 1 0 0 1 0 0 0 0 0 0
360	16	1 1 1 0 0 1 1 0 0 1 1 0 0 0 0 0
360	3	1 1 1 1 0 1 1 1 0 1 1 0 0 0 0 0
360	3	1 1 1 1 0 1 1 1 0 1 1 1 0 0 1 0
360	57	1 1 1 1 1 1 0 1 1 1 1 0 0 0 0 0
360	15	1 1 1 0 0 0 1 0 1 1 0 1 0 0 1 0
360	8	1 1 1 0 0 1 1 0 0 1 0 0 0 0 0 0
360	31	1 1 1 1 1 1 0 0 0 1 1 1 0 0 0 0
360	32	1 1 1 0 0 0 1 0 0 1 1 1 0 0 0 0
360	38	1 1 1 1 1 1 0 0 1 1 0 0 0 0 0 0
360	2	1 1 1 0 1 0 1 0 0 0 0 0 0 0 0 1
360	27	1 1 1 0 0 1 1 1 0 1 1 1 0 0 0 0
360	8	1 1 1 0 1 0 1 1 0 0 0 0 0 0 0 0
360	7	1 1 1 1 0 0 1 1 0 0 0 1 0 0 0 0
360	2	1 1 1 1 1 1 1 1 0 0 0 0 0 0 0 0
360	15	1 1 1 1 0 1 0 0 1 1 0 0 0 0 0 0
360	3	1 1 1 0 0 0 1 0 1 1 0 1 0 0 0 1
360	5	1 1 1 0 0 1 1 1 1 0 1 0 0 0 1 0
360	3	1 1 1 0 1 0 1 0 1 1 0 1 0 0 0 1
360	7	1 1 1 1 0 0 1 0 1 1 0 0 0 0 0 0
360	19	1 1 1 0 0 0 1 0 0 1 0 0 0 0 1 0
360	8	1 1 1 0 1 0 1 0 0 0 0 0 1 0 0 1
360	2	1 1 1 0 0 1 1 0 0 0 0 0 0 1 0 0
360	4	1 1 1 0 0 0 1 0 0 1 1 1 1 0 0 0
360	5	1 1 1 1 0 1 1 0 0 1 1 0 0 0 0 0
360	3	1 1 0 1 1 1 1 0 1 1 1 0 0 0 0 0
360	12	1 1 0 1 1 1 0 1 1 1 1 0 0 0 0 0
360	14	1 1 1 1 1 1 0 0 1 1 0 0 0 0 1 0
360	3	1 1 1 0 0 0 1 0 1 1 0 0 0 0 1 0
360	1	0 1 1 0 0 0 1 0 0 0 0 0 0 0 0 0
360	1	1 1 0 1 1 1 1 0 1 0 0 0 0 0 0 0
360	6	1 1 1 1 0 0 1 1 1 1 0 0 0 0 0 0
360	12	1 1 1 0 1 0 1 0 1 1 0 0 0 0 0 0
360	2	1 1 1 0 1 1 1 0 0 0 1 0 0 0 0 0
360	4	1 1 1 0 0 0 0 0 0 0 0 0 0 0 0 1
360	1	1 1 1 0 0 0 1 1 1 1 0 1 0 0 0 0
360	3	1 1 1 1 0 1 1 0 0 1 1 1 0 0 0 0
360	1	1 1 0 1 1 0 1 1 1 1 0 0 0 0 0 0
360	21	1 1 1 1 1 1 0 0 1 1 0 1 0 0 0 0
360	8	1 1 1 0 1 1 0 1 1 1 1 0 0 0 0 0
360	8	1 1 1 1 1 0 1 0 0 0 1 0 0 0 0 0
360	3	1 1 0 1 0 0 1 0 0 0 0 1 0 0 0 1
360	5	1 1 1 1 1 1 0 1 1 0 1 0 0 0 0 0
360	7	1 1 1 0 0 1 1 0 0 1 1 1 0 0 0 0
360	6	1 0 1 0 0 0 1 0 0 1 1 1 0 0 0 0
360	8	1 1 1 1 1 0 0 0 0 1 1 1 0 1 0 0
360	2	1 1 1 0 1 0 1 0 0 1 0 0 0 0 0 0
360	6	1 1 0 0 0 0 1 0 1 1 0 0 0 0 0 0
360	3	1 1 1 1 1 1 0 1 1 1 0 0 0 0 0 0
360	20	1 0 1 0 1 1 1 0 0 0 0 0 0 0 1 0
360	6	1 1 1 0 0 0 0 0 0 1 0 0 0 0 1 0
360	2	1 1 1 0 0 1 1 0 0 0 0 0 0 1 1 0
360	2	1 1 1 0 0 1 1 0 0 1 1 0 0 1 0 0
360	2	1 1 1 1 1 1 1 0 1 1 1 0 0 0 0 0
360	4	1 1 1 0 0 0 1 0 0 1 1 1 0 0 0 1
360	1	1 1 1 1 0 1 1 1 0 1 0 0 0 0 0 0
360	3	1 1 1 0 0 0 1 0 0 0 0 0 0 0 0 1
360	1	1 1 1 1 0 0 1 1 0 0 0 0 0 0 0 0
360	3	1 1 1 1 0 0 0 0 0 0 0 0 0 0 0 0
360	13	1 1 1 1 0 0 1 1 0 0 0 1 0 0 1 0
360	2	1 1 0 1 1 1 1 0 0 1 1 0 0 0 1 0
360	3	1 1 1 0 0 0 1 0 0 1 0 1 0 0 0 0
360	3	1 1 1 0 0 0 1 1 0 1 0 0 0 0 1 0
360	3	1 0 1 0 0 0 0 0 0 1 0 0 0 0 1 0
360	1	1 1 1 0 1 1 0 0 0 0 1 1 0 0 0 0
360	2	1 1 1 1 1 1 1 0 0 1 1 0 0 0 0 0
360	2	1 1 0 1 1 1 0 0 1 1 0 1 0 0 0 0
360	3	0 1 1 1 0 1 1 1 0 0 0 1 0 0 0 0
360	1	1 1 1 0 1 0 1 0 0 0 0 0 0 0 0 0
360	1	1 1 1 0 0 0 1 0 0 0 0 1 0 0 0 0
360	1	1 1 1 1 0 0 1 0 0 0 0 1 0 0 0 0
360	2	1 1 1 0 0 0 1 0 0 1 0 0 0 1 1 0
360	3	1 1 1 0 1 0 1 0 0 1 0 1 0 0 0 0
360	2	1 1 1 1 0 0 1 0 0 0 0 0 0 0 1 1
360	2	1 0 1 0 1 0 1 0 0 1 1 0 0 0 0 0
360	5	1 1 1 1 0 0 1 0 0 1 1 0 0 0 0 0
360	1	1 1 1 1 1 1 0 0 0 0 1 0 0 0 0 0
360	2	1 1 1 0 0 1 0 0 1 1 0 0 0 0 0 0
360	2	1 1 1 0 0 1 1 1 0 0 0 0 0 0 0 0
360	4	1 1 1 0 0 0 1 0 0 1 1 0 0 1 0 0
360	4	1 1 1 0 0 0 0 0 0 0 0 0 0 0 0 0
360	5	1 1 0 0 0 0 1 0 0 0 0 0 0 0 0 0
360	1	0 1 1 1 1 1 0 1 1 1 1 0 0 0 0 0
360	3	1 1 1 0 1 1 0 0 0 1 1 0 0 0 0 0
360	1	1 1 1 0 0 0 0 0 0 0 0 0 0 0 1 0
360	1	1 1 1 0 1 0 1 0 0 1 1 1 0 0 0 1
360	2	1 1 1 0 1 1 0 0 0 1 1 1 0 0 0 0
360	4	1 1 1 1 1 1 0 0 0 1 1 0 0 0 0 0
360	1	1 1 1 1 0 1 0 0 1 1 0 1 0 0 0 0
360	1	1 1 1 0 0 1 1 1 0 1 0 0 0 0 1 0
360	1	1 1 1 0 1 0 1 0 0 0 0 0 1 0 0 0
360	1	1 1 0 1 1 1 1 0 1 1 0 0 0 0 0 0
360	3	1 1 1 1 1 0 1 0 0 1 0 0 0 0 0 0
360	2	1 1 0 0 1 0 1 0 0 0 1 0 0 0 0 0
360	1	1 1 1 1 0 0 1 1 0 1 1 1 0 0 0 0
360	1	1 1 1 1 1 1 1 1 0 0 0 0 0 0 1 0
360	1	1 1 1 0 0 0 1 0 1 1 0 0 0 0 0 0
360	1	1 1 1 1 1 1 0 1 0 0 1 0 0 0 0 0
360	2	1 1 0 1 1 1 1 1 0 1 1 0 0 0 1 0
380	43	1 1 1 0 0 0 1 0 0 1 1 0 0 0 0 0
380	10	1 1 1 0 1 0 1 0 0 0 1 0 0 0 0 0
380	75	1 1 1 0 0 0 1 0 0 0 0 0 0 0 0 0
380	14	1 1 1 1 0 0 1 0 0 0 0 0 0 0 0 0
380	24	1 1 1 0 0 0 1 0 1 1 0 1 0 0 0 0
380	149	1 1 1 1 0 1 1 1 0 1 1 1 0 0 0 0
380	19	1 1 0 0 0 0 1 0 1 1 0 1 0 0 0 0
380	47	1 1 1 1 0 0 1 0 0 0 0 1 0 0 0 1
380	48	1 1 1 0 0 0 1 0 0 1 0 0 0 0 0 0
380	15	1 1 1 1 0 1 1 1 0 1 1 0 0 0 0 0
380	3	1 1 1 1 0 1 1 1 0 1 1 1 0 0 1 0
380	36	1 1 1 1 1 1 0 1 1 1 1 0 0 0 0 0
380	60	1 1 1 1 1 1 0 0 0 1 1 1 0 0 0 0
380	20	1 1 1 0 0 0 1 0 0 1 1 1 0 0 0 0
380	4	1 1 1 1 1 1 0 0 1 1 0 0 0 0 0 0
380	8	1 1 1 0 0 1 1 1 0 1 1 1 0 0 0 0
380	7	1 1 1 0 1 0 1 1 0 0 0 0 0 0 0 0
380	33	1 1 1 1 0 1 0 0 1 1 0 0 0 0 0 0
380	7	1 1 1 1 0 0 1 0 1 1 0 0 0 0 0 0
380	6	1 1 1 0 1 0 1 0 0 0 0 0 1 0 0 1
380	4	1 1 1 0 0 1 1 0 0 0 0 0 0 1 0 0
380	7	1 1 1 0 0 0 1 0 0 1 1 1 1 0 0 0
380	3	1 1 1 1 0 1 1 0 0 1 1 0 0 0 0 0
380	7	1 1 1 1 1 1 0 0 1 1 0 0 0 0 1 0
380	19	1 1 1 1 0 0 1 1 1 1 0 0 0 0 0 0
380	20	1 1 1 0 1 0 1 0 1 1 0 0 0 0 0 0
380	3	1 1 1 0 0 0 1 1 1 1 0 1 0 0 0 0
380	7	1 1 1 1 1 1 0 0 1 1 0 1 0 0 0 0
380	3	1 1 1 0 1 1 0 1 1 1 1 0 0 0 0 0
380	6	1 1 1 1 1 0 1 0 0 0 1 0 0 0 0 0
380	3	1 1 1 1 1 1 0 1 1 0 1 0 0 0 0 0
380	2	1 0 1 0 0 0 1 0 0 1 1 1 0 0 0 0
380	11	1 1 1 1 1 0 0 0 0 1 1 1 0 1 0 0
380	4	1 1 1 0 0 0 0 0 0 1 0 0 0 0 1 0
380	4	1 1 1 0 0 0 1 0 0 0 0 0 0 0 0 1
380	6	1 1 1 1 0 0 1 1 0 0 0 0 0 0 0 0
380	3	1 1 1 1 0 0 1 1 0 0 0 1 0 0 1 0
380	4	1 1 1 0 0 0 1 0 0 1 0 1 0 0 0 0
380	16	1 1 1 1 0 0 1 0 0 1 1 0 0 0 0 0
380	8	1 1 1 0 0 1 0 0 1 1 0 0 0 0 0 0
380	18	1 1 1 0 0 0 0 0 0 0 0 0 0 0 0 0
380	4	1 1 1 0 0 1 1 1 0 1 0 0 0 0 1 0
380	6	1 1 0 1 1 1 1 0 1 1 0 0 0 0 0 0
380	12	1 1 1 0 0 0 1 0 1 1 0 0 0 0 0 0
380	10	1 1 1 1 1 1 0 0 1 1 1 1 0 0 0 0
380	9	1 1 1 0 0 0 0 0 0 1 1 1 0 0 0 0
380	6	1 1 1 1 0 0 1 0 1 1 0 1 0 0 0 0
380	17	1 1 1 0 0 1 1 0 1 1 0 1 0 0 0 0
380	9	1 1 1 1 0 0 1 1 0 1 0 0 0 0 0 0
380	8	1 1 1 1 0 1 1 1 0 1 1 0 0 1 0 0
380	2	1 1 1 1 1 1 0 1 1 1 1 0 0 0 0 1
380	6	1 1 1 0 0 0 1 0 0 0 0 0 0 0 1 0
380	12	1 1 1 1 0 0 1 0 1 0 0 1 0 0 0 1
380	2	1 1 1 0 0 0 0 0 0 1 1 0 0 0 0 0
380	8	1 1 1 0 0 0 1 0 0 0 1 0 0 0 0 0
380	2	1 1 1 1 0 1 1 1 0 1 1 1 1 0 0 0
380	13	1 1 1 1 1 1 0 0 1 1 0 0 0 1 0 0
380	3	1 1 1 1 1 1 0 0 1 1 1 0 0 0 0 0
380	7	1 1 1 1 0 1 0 1 0 1 1 1 0 0 0 0
380	1	1 1 1 1 1 1 1 1 1 1 1 0 0 0 0 0
380	3	1 1 0 0 1 0 1 1 0 0 0 0 0 0 0 0
380	2	1 1 1 1 0 1 0 0 1 1 0 0 0 0 0 1
380	4	1 1 1 1 0 0 1 0 1 1 0 0 0 0 1 0
380	1	1 1 1 1 0 1 1 0 0 0 0 0 0 1 0 0
380	2	1 0 1 1 1 0 1 0 0 0 0 0 0 0 0 0
380	1	1 1 0 0 0 0 1 0 0 0 0 0 0 0 0 0
380	1	1 1 0 1 1 0 1 0 0 0 1 0 0 0 0 0
380	8	1 1 1 1 1 0 1 0 0 0 1 1 0 0 0 0
380	3	0 1 1 1 0 0 1 0 0 1 1 0 0 0 0 0
380	4	1 0 1 1 0 1 1 0 0 1 1 0 0 0 0 0
380	3	1 1 1 1 0 0 1 0 0 1 1 1 0 0 0 0
380	1	1 1 1 0 0 1 0 0 1 1 0 0 0 0 0 1
380	3	1 1 0 0 0 0 0 0 1 1 0 1 0 1 0 1
380	3	1 1 1 1 1 1 0 1 1 1 0 0 0 0 0 0
380	2	1 1 1 0 0 0 1 1 0 1 0 0 0 0 0 0
380	6	1 1 0 1 0 1 0 0 1 1 0 0 0 0 0 0
380	2	1 1 1 1 0 0 1 1 1 1 0 0 1 0 0 0
380	2	1 1 1 1 0 0 1 0 1 1 0 1 0 0 0 1
380	2	1 1 1 1 1 1 0 1 0 1 1 1 0 0 0 0
380	2	1 1 1 0 0 0 0 0 0 1 0 1 0 0 0 0
380	1	1 1 1 0 0 0 1 0 0 1 0 0 0 1 0 0
380	3	1 1 0 1 0 1 1 1 0 1 1 1 1 0 0 0
380	2	1 1 0 0 1 0 1 1 0 0 0 0 0 0 0 1
380	2	0 1 1 0 0 0 1 0 1 1 0 0 0 0 0 0
380	1	1 1 1 1 0 0 0 0 0 1 1 1 0 0 0 0
380	2	1 1 1 1 1 0 1 0 0 0 0 0 0 0 0 0
380	2	0 1 1 0 0 0 1 0 1 1 0 1 0 0 0 0
380	1	1 1 1 1 1 1 1 1 0 1 1 1 0 0 0 0
380	1	1 1 1 1 0 0 1 0 0 0 0 0 0 0 0 1
380	1	1 1 1 1 1 1 0 0 0 1 1 1 0 0 0 1
380	1	1 0 1 0 0 1 1 0 0 0 0 0 0 1 0 0
380	1	0 1 1 1 0 0 1 1 1 1 0 0 0 0 0 0
380	2	1 1 1 1 1 1 0 1 1 1 0 0 0 0 0 1
380	1	0 1 1 1 0 0 1 0 1 0 0 1 0 0 0 1
380	1	1 1 1 1 1 1 0 0 1 1 0 0 0 1 1 0
400	77	1 1 1 0 0 0 1 0 0 0 0 0 0 0 0 0
400	4	1 1 1 0 0 0 1 0 1 1 0 1 0 0 0 0
400	120	1 1 1 1 0 1 1 1 0 1 1 1 0 0 0 0
400	17	1 1 0 0 0 0 1 0 1 1 0 1 0 0 0 0
400	24	1 1 1 1 0 0 1 0 0 0 0 1 0 0 0 1
400	48	1 1 1 0 0 0 1 0 0 1 0 0 0 0 0 0
400	2	1 1 1 1 0 1 1 1 0 1 1 0 0 0 0 0
400	49	1 1 1 1 1 1 0 1 1 1 1 0 0 0 0 0
400	25	1 1 1 1 1 1 0 0 0 1 1 1 0 0 0 0
400	18	1 1 1 0 0 0 1 0 0 1 1 1 0 0 0 0
400	28	1 1 1 0 0 1 1 1 0 1 1 1 0 0 0 0
400	53	1 1 1 1 0 1 0 0 1 1 0 0 0 0 0 0
400	2	1 1 1 0 0 0 1 0 0 1 1 1 1 0 0 0
400	7	1 1 1 1 0 0 1 1 1 1 0 0 0 0 0 0
400	2	1 1 1 0 0 0 1 1 1 1 0 1 0 0 0 0
400	10	1 1 1 1 1 1 0 0 1 1 0 1 0 0 0 0
400	5	1 1 1 1 1 0 1 0 0 0 1 0 0 0 0 0
400	20	1 1 1 1 1 1 0 1 1 0 1 0 0 0 0 0
400	69	1 1 1 1 0 0 1 0 0 1 1 0 0 0 0 0
400	25	1 1 0 1 1 1 1 0 1 1 0 0 0 0 0 0
400	28	1 1 1 0 0 0 1 0 1 1 0 0 0 0 0 0
400	6	1 1 1 1 0 0 1 1 0 1 0 0 0 0 0 0
400	1	1 1 1 1 0 1 1 1 0 1 1 0 0 1 0 0
400	7	1 1 1 0 0 0 1 0 0 0 0 0 0 0 1 0
400	2	1 1 1 1 0 0 1 0 1 0 0 1 0 0 0 1
400	17	1 1 1 1 0 1 0 1 0 1 1 1 0 0 0 0
400	19	1 1 1 1 1 0 1 0 0 0 1 1 0 0 0 0
400	18	0 1 1 1 0 0 1 0 0 1 1 0 0 0 0 0
400	4	1 1 1 1 0 0 1 0 1 1 0 1 0 0 0 1
400	5	1 1 1 1 0 1 1 1 0 1 0 1 0 0 0 1
400	14	1 1 1 0 1 1 0 0 1 1 0 1 0 0 0 0
400	4	1 1 1 0 0 0 1 0 0 0 1 1 0 0 0 0
400	15	1 1 1 1 1 1 1 1 1 1 0 0 0 0 0 0
400	9	1 1 1 1 0 1 1 1 0 1 1 1 0 1 0 0
400	23	1 1 1 1 0 0 1 0 1 1 0 0 0 0 0 0
400	9	1 1 1 1 1 0 1 1 1 1 0 0 0 0 0 0
400	10	1 1 1 1 1 0 1 0 0 1 1 0 0 0 0 0
400	14	1 1 1 0 0 0 1 1 0 0 0 1 0 0 1 0
400	1	1 1 1 1 1 0 1 0 1 1 0 0 0 0 0 0
400	1	0 1 1 0 0 0 1 0 1 1 0 0 0 0 0 0
400	4	1 1 1 0 0 0 1 0 0 1 0 0 0 0 0 1
400	11	1 1 1 1 1 1 0 1 0 1 1 1 0 0 0 0
400	1	1 1 1 0 0 0 1 0 0 0 0 1 0 0 0 1
400	4	1 1 1 1 0 0 1 0 1 1 1 0 0 0 0 0
400	1	1 1 0 1 0 1 1 1 0 1 1 1 1 1 0 0
400	14	1 1 1 1 0 1 1 0 0 0 0 0 0 0 0 0
400	23	1 1 1 1 1 1 1 1 0 1 1 1 0 0 0 0
400	3	1 1 1 0 0 1 1 0 0 1 1 0 0 0 0 0
400	3	1 1 1 1 0 1 1 1 0 1 1 1 0 0 0 1
400	5	1 0 1 1 0 1 0 0 1 1 0 0 0 0 0 0
400	2	1 1 1 1 0 0 1 0 1 1 0 1 0 0 1 0
400	12	1 1 1 1 0 1 1 1 1 1 0 0 0 0 0 0
400	3	1 1 1 0 0 1 0 1 1 1 0 0 0 0 0 0
400	6	1 1 1 0 0 0 1 0 0 0 1 0 0 0 1 0
400	1	1 1 1 0 0 1 1 1 1 1 0 1 0 0 0 0
400	5	1 1 0 1 1 1 1 0 1 1 1 0 0 0 0 0
400	1	1 1 0 0 0 0 1 0 0 0 0 1 0 0 0 0
400	2	1 1 1 1 0 1 1 0 1 1 0 0 0 0 0 0
400	1	1 1 0 0 0 0 1 0 1 1 0 1 0 1 0 0
400	4	1 1 1 1 0 1 1 1 0 1 1 0 1 0 0 0
400	3	0 1 1 1 0 1 0 0 1 1 0 0 0 0 0 0
400	1	1 1 1 0 0 0 0 1 0 0 0 0 0 0 0 0
400	7	0 1 1 0 1 1 1 1 0 1 1 1 0 0 0 0
400	9	1 0 1 1 0 0 1 0 0 0 0 1 0 0 0 1
400	1	1 1 0 1 0 1 1 1 0 1 1 1 0 0 0 0
400	4	1 1 1 1 0 1 1 1 1 1 1 0 0 0 0 0
400	1	1 1 0 1 1 1 1 1 1 1 0 0 0 0 0 0
400	5	1 1 1 1 0 1 1 0 0 0 0 0 1 0 0 0
400	4	1 0 1 1 0 1 1 0 1 1 0 0 0 0 0 0
400	1	1 1 1 1 1 1 0 0 1 1 0 0 0 0 0 0
400	3	1 1 1 1 0 1 0 0 1 1 0 0 0 0 0 1
400	4	1 1 1 1 0 0 1 0 0 1 1 0 0 0 0 1
400	2	1 1 0 1 1 1 1 0 0 1 1 1 0 0 0 0
400	5	1 1 1 1 0 1 1 1 1 1 1 1 0 0 1 0
400	1	1 1 1 1 1 1 0 0 0 1 1 0 0 0 0 0
400	2	1 1 1 1 1 0 0 0 0 0 1 0 0 0 0 0
400	1	1 1 0 1 1 1 1 0 1 0 0 0 0 0 0 0
400	3	1 1 1 0 0 0 1 0 0 0 0 1 0 0 0 0
400	2	1 1 1 0 1 1 0 0 0 1 1 1 0 0 0 0
400	1	1 1 1 1 0 1 0 1 1 0 1 0 0 0 0 0
400	1	1 1 1 1 0 1 1 0 0 1 1 0 0 0 0 0
400	2	1 1 0 1 0 0 1 0 0 1 1 0 0 0 0 0
400	4	1 1 1 1 0 1 1 1 0 1 1 1 0 1 0 1
400	1	1 1 1 0 0 0 1 0 0 1 0 1 0 0 0 1
400	2	0 1 1 0 1 1 1 0 0 1 1 1 0 0 0 0
400	1	1 1 1 1 0 1 1 1 0 1 0 1 0 0 1 0
400	1	1 1 1 1 0 1 1 1 1 0 1 0 0 0 0 0
400	1	1 0 1 1 0 1 1 1 0 1 1 1 0 0 0 0
400	2	1 1 1 1 1 1 0 0 0 0 1 1 0 0 0 0
400	3	1 1 1 0 0 1 0 0 1 1 0 0 0 0 0 0
400	1	1 1 1 0 0 0 1 0 1 1 0 0 1 0 0 0
400	2	0 1 1 0 1 1 0 0 1 1 0 1 0 0 0 0
400	1	1 1 1 1 1 0 1 1 1 1 0 0 0 0 1 0
