0	250	0 1 1 1 0 1 0 0 0 0 0 0 0 0 0 0
0	250	0 0 0 0 0 0 0 1 0 1 0 1 0 0 0 0
0	250	0 0 0 0 0 0 0 0 0 0 0 0 0 0 0 0
0	250	0 0 0 1 1 0 0 0 0 0 0 0 0 0 0 0
8	218	0 1 1 1 0 1 0 0 0 0 0 0 0 0 0 0
8	121	0 0 0 0 0 0 0 1 0 1 0 1 0 0 0 0
8	120	0 0 0 0 0 0 0 0 0 0 0 0 0 0 0 0
8	365	0 0 0 1 1 0 0 0 0 0 0 0 0 0 0 0
8	3	0 0 0 0 0 0 0 1 0 1 0 0 0 0 0 0
8	7	0 1 1 1 0 1 0 0 0 0 0 1 0 0 0 0
8	3	0 1 1 1 0 0 0 0 0 0 0 0 0 0 0 0
8	25	0 1 1 1 0 1 0 0 0 0 0 0 0 1 0 0
8	4	1 0 0 0 0 0 0 1 0 1 0 1 0 0 0 0
8	8	0 0 0 1 1 0 0 0 0 0 0 0 0 0 0 1
8	13	0 1 1 1 0 1 0 1 0 1 0 1 0 0 0 0
8	4	0 1 1 1 0 1 0 0 0 0 0 0 1 0 0 0
8	1	0 1 1 1 0 1 0 0 0 1 0 0 0 0 0 0
8	2	1 0 0 0 0 0 0 0 0 0 0 0 0 0 0 0
8	6	1 0 0 1 1 0 0 0 0 0 0 0 0 0 0 0
8	7	0 0 0 0 0 0 0 1 0 0 0 0 0 0 0 0
8	4	0 1 1 1 0 1 0 0 0 1 0 1 0 0 0 0
8	2	0 0 0 1 1 0 0 1 0 0 0 0 0 0 0 0
8	1	0 1 1 1 0 1 0 0 0 0 0 0 0 0 0 1
8	6	0 1 1 1 0 1 1 0 0 0 0 0 0 0 0 0
8	4	0 0 0 0 0 0 0 0 0 0 0 0 1 0 0 0
8	5	0 0 0 1 0 0 0 0 0 0 0 0 0 0 0 0
8	3	0 0 0 1 1 1 0 0 0 0 0 0 0 0 0 0
8	9	0 0 0 1 1 0 1 0 0 0 0 0 0 0 0 0
8	1	0 1 1 1 1 0 0 0 0 0 0 0 0 0 0 0
8	1	0 0 0 0 0 0 0 0 0 1 0 1 0 0 0 0
8	1	0 0 0 1 1 0 0 1 0 1 0 1 0 0 0 0
8	2	1 1 1 1 0 1 0 0 0 0 0 0 0 0 0 0
8	3	0 1 1 1 0 1 0 0 0 0 1 0 0 0 0 0
8	1	0 0 1 0 0 0 0 1 0 1 0 1 0 0 0 0
8	1	0 0 0 0 0 0 0 1 0 1 0 1 1 0 0 0
8	1	0 0 0 0 0 0 0 0 0 0 0 0 0 0 0 1
8	6	0 0 1 1 0 1 0 0 0 0 0 0 0 0 0 0
8	8	0 1 1 1 0 1 0 0 1 0 0 0 0 0 0 0
8	7	0 0 0 1 1 0 0 0 0 0 0 0 0 1 0 0
8	1	0 0 0 1 1 0 0 0 0 0 0 0 0 0 1 0
8	5	1 1 1 1 0 1 0 0 0 0 0 1 0 0 0 0
8	3	0 1 0 0 0 0 0 0 0 0 0 0 0 0 0 0
8	1	0 0 1 0 0 0 0 0 0 0 0 0 0 0 0 0
8	4	0 0 0 1 1 0 0 0 0 1 0 0 0 0 0 0
8	2	0 1 1 1 0 1 0 0 0 0 0 0 0 1 0 1
8	2	0 1 1 0 0 1 0 0 0 0 0 0 0 0 0 0
8	1	0 1 0 1 0 1 0 0 0 0 0 0 0 0 0 0
8	1	0 0 0 0 0 0 0 1 0 0 0 1 0 0 0 0
8	3	0 0 1 1 1 0 0 0 0 0 0 0 0 0 0 0
8	1	0 1 1 1 0 1 0 0 0 0 0 0 0 1 1 0
8	1	0 0 0 1 1 1 0 1 0 0 0 0 0 0 0 0
8	2	0 0 1 1 1 0 1 0 0 0 0 0 0 0 0 0
45	225	0 1 1 1 0 1 0 0 0 0 0 0 0 0 0 0
45	111	0 0 0 1 1 0 0 0 0 0 0 0 0 0 0 0
45	69	0 1 1 1 0 0 0 0 0 0 0 0 0 0 0 0
45	42	0 1 1 1 0 1 0 0 0 0 0 0 0 1 0 0
45	64	0 1 1 1 0 1 0 1 0 1 0 1 0 0 0 0
45	3	0 1 1 1 0 1 0 0 0 0 0 0 1 0 0 0
45	29	0 1 1 1 0 1 0 0 0 1 0 0 0 0 0 0
45	50	0 1 1 1 0 1 0 0 0 1 0 1 0 0 0 0
45	18	0 0 0 1 1 0 0 1 0 0 0 0 0 0 0 0
45	2	0 1 1 1 0 1 0 0 0 0 0 0 0 0 0 1
45	16	0 1 1 1 1 0 0 0 0 0 0 0 0 0 0 0
45	10	1 1 1 1 0 1 0 0 0 0 0 0 0 0 0 0
45	12	0 0 1 1 0 1 0 0 0 0 0 0 0 0 0 0
45	4	0 1 1 1 0 1 0 0 0 0 0 0 0 1 0 1
45	2	0 1 1 1 1 0 1 0 0 0 0 0 0 0 0 0
45	10	0 1 1 1 1 0 1 0 0 0 0 0 0 0 1 0
45	6	1 0 0 1 1 0 0 0 0 0 0 0 0 0 0 0
45	35	0 1 1 1 0 1 0 0 0 0 1 0 0 0 0 0
45	15	0 1 1 1 1 1 0 0 0 1 0 1 0 0 0 0
45	4	0 0 0 1 1 0 1 0 0 0 1 0 0 0 0 0
45	15	0 1 1 1 1 0 0 1 0 0 0 0 0 0 0 0
45	3	0 1 1 1 0 1 0 0 0 0 0 0 0 1 1 0
45	21	0 1 1 1 0 1 0 0 1 0 0 0 0 0 0 0
45	17	0 1 1 0 0 1 0 1 0 1 0 1 0 0 0 0
45	5	0 1 1 1 0 1 1 0 0 0 0 0 0 0 0 0
45	29	0 1 1 1 1 0 0 0 1 0 0 0 0 0 0 0
45	19	0 1 1 1 1 1 0 0 0 0 0 0 0 0 0 0
45	9	0 1 1 1 0 1 0 1 1 1 0 1 0 0 0 0
45	2	0 1 1 1 0 1 0 0 0 1 0 1 0 1 0 0
45	2	0 0 0 1 1 0 0 0 0 0 0 0 0 0 1 0
45	4	0 0 0 1 0 1 0 0 0 0 0 0 0 0 0 0
45	3	0 1 1 1 0 1 0 1 0 1 0 1 1 0 0 0
45	11	0 1 1 1 1 0 1 0 0 0 0 0 0 0 0 1
45	21	1 1 1 1 0 1 0 1 0 1 0 1 0 0 0 0
45	9	0 1 1 1 0 1 0 0 0 0 0 1 0 0 0 0
45	3	0 1 1 1 1 1 0 0 0 1 0 0 0 0 0 0
45	3	0 1 1 1 1 0 1 0 0 0 0 0 0 0 1 1
45	17	0 0 1 1 0 1 0 0 0 1 0 0 0 0 0 0
45	10	0 0 0 1 1 0 0 1 0 1 0 0 0 0 0 0
45	1	0 0 0 1 1 1 0 1 0 0 0 0 0 0 0 0
45	4	0 0 0 0 1 0 1 0 0 1 0 0 0 0 0 0
45	3	0 1 1 1 0 1 0 1 0 0 0 0 0 0 0 0
45	2	0 0 0 1 1 0 0 0 0 0 0 0 0 0 1 1
45	2	0 0 0 1 1 0 0 0 0 0 1 0 0 0 0 0
45	2	0 1 1 1 0 0 0 0 0 0 0 1 0 0 0 0
45	2	0 1 0 1 1 0 0 1 0 0 0 0 0 1 0 0
45	4	0 0 1 1 0 0 0 0 0 0 0 0 0 0 0 0
45	4	0 1 1 1 0 0 0 0 0 1 0 0 0 0 0 0
45	7	0 1 0 1 1 0 0 0 1 0 0 0 0 0 0 0
45	5	0 1 1 1 1 0 0 0 0 1 0 0 0 0 0 0
45	2	0 1 0 1 0 1 1 0 0 0 0 0 0 0 0 0
45	2	0 0 0 1 1 0 1 0 0 0 0 0 0 0 0 0
45	4	0 0 0 0 1 0 0 0 0 0 0 0 0 0 0 0
45	1	0 1 1 1 0 0 0 0 0 0 0 0 0 1 0 0
45	3	0 1 1 1 0 1 0 1 0 1 1 1 0 0 0 0
45	1	0 0 0 1 1 0 0 0 0 1 0 0 0 0 0 0
45	2	0 1 1 1 0 1 0 0 0 1 0 0 0 1 0 0
45	4	0 0 0 1 0 0 0 1 0 0 0 0 0 0 0 0
45	3	0 1 1 1 1 0 1 0 0 0 1 0 0 0 0 0
45	1	0 1 1 1 0 0 0 1 1 1 0 1 0 0 0 0
45	2	1 1 1 1 0 1 0 0 0 0 0 0 0 1 0 0
45	1	0 1 1 1 0 1 0 0 0 0 0 0 0 0 1 0
45	1	0 0 0 1 1 0 0 0 1 0 0 0 0 0 0 0
45	2	0 1 1 1 0 0 0 0 1 0 0 0 0 0 0 0
45	1	0 0 0 1 1 0 1 1 0 0 0 0 0 0 0 0
45	1	0 1 1 0 0 1 0 1 0 0 0 1 0 0 0 0
45	1	1 1 1 1 1 0 0 0 1 0 0 0 0 0 0 0
45	1	0 1 1 1 0 1 0 0 0 0 1 1 0 0 0 0
45	1	0 0 0 1 1 0 0 0 0 0 0 0 0 1 1 1
85	131	0 1 1 1 0 1 0 0 0 0 0 0 0 0 0 0
85	31	0 0 0 1 1 0 0 0 0 0 0 0 0 0 0 0
85	60	0 1 1 1 0 0 0 0 0 0 0 0 0 0 0 0
85	4	0 1 1 1 0 1 0 0 0 0 0 0 0 1 0 0
85	96	0 1 1 1 0 1 0 1 0 1 0 1 0 0 0 0
85	35	0 1 1 1 0 1 0 0 0 1 0 0 0 0 0 0
85	33	0 1 1 1 0 1 0 0 0 1 0 1 0 0 0 0
85	5	0 1 1 1 1 0 0 0 0 0 0 0 0 0 0 0
85	11	1 1 1 1 0 1 0 0 0 0 0 0 0 0 0 0
85	7	0 1 1 1 0 1 0 0 0 0 0 0 0 1 0 1
85	30	0 1 1 1 0 1 0 0 0 0 1 0 0 0 0 0
85	48	0 1 1 1 0 1 1 0 0 0 0 0 0 0 0 0
85	41	0 1 1 1 0 1 0 1 1 1 0 1 0 0 0 0
85	15	0 1 1 1 0 1 0 0 0 0 0 1 0 0 0 0
85	5	0 1 1 1 1 1 0 0 0 1 0 0 0 0 0 0
85	12	0 0 0 0 1 0 1 0 0 1 0 0 0 0 0 0
85	6	0 1 0 1 0 1 1 0 0 0 0 0 0 0 0 0
85	2	0 0 0 1 1 0 0 0 1 0 0 0 0 0 0 0
85	22	0 1 1 1 0 1 0 0 1 0 0 1 0 0 0 0
85	4	0 1 1 0 1 0 0 0 0 0 0 0 0 0 0 0
85	6	0 1 1 1 0 1 0 1 0 1 0 1 0 0 0 1
85	12	0 1 1 1 0 1 0 1 0 0 0 1 0 0 0 0
85	2	0 1 1 1 0 1 0 0 0 1 1 0 0 0 0 0
85	3	0 1 1 1 0 1 0 0 0 0 0 1 0 1 0 0
85	5	0 0 1 1 1 0 1 0 0 1 0 0 0 0 1 0
85	11	0 1 1 1 1 0 0 0 0 0 0 0 0 0 0 1
85	9	0 1 1 1 0 1 0 1 0 1 1 1 0 0 0 1
85	10	0 1 0 0 1 0 1 0 0 1 0 0 0 0 0 0
85	12	0 1 1 1 0 1 0 1 0 1 0 1 0 0 1 0
85	9	0 1 1 1 0 1 0 0 0 1 0 0 1 0 0 0
85	39	1 1 1 1 0 1 0 0 0 0 1 0 0 0 0 0
85	12	0 1 1 1 0 0 0 0 1 0 0 1 0 0 0 0
85	12	0 1 1 0 1 0 1 0 0 0 1 1 0 0 0 0
85	9	0 0 0 1 1 0 0 0 0 1 0 1 0 0 0 0
85	3	0 1 1 0 1 0 0 0 1 0 0 0 0 0 0 0
85	6	0 0 0 1 1 0 0 0 0 0 0 1 0 0 0 0
85	8	0 1 1 1 0 1 0 1 0 1 0 0 0 0 0 0
85	5	0 1 1 1 0 1 0 1 0 1 0 0 0 0 1 0
85	2	0 1 1 0 1 0 0 0 0 0 0 0 0 1 1 0
85	5	0 1 0 1 0 1 1 0 0 0 0 1 0 0 0 0
85	6	0 0 0 1 1 0 0 0 0 0 0 0 0 0 1 0
85	13	1 1 1 1 0 0 0 0 0 0 0 0 0 0 0 0
85	5	0 1 1 1 0 1 1 0 0 0 0 0 0 1 0 0
85	1	0 1 1 1 0 1 1 1 1 1 0 1 0 0 0 0
85	3	0 1 1 1 0 1 0 1 1 1 1 0 0 0 0 0
85	9	0 1 1 1 1 1 0 0 0 0 0 0 0 0 0 0
85	6	0 1 1 0 1 0 0 1 0 0 0 0 0 0 0 0
85	10	0 1 1 1 0 1 1 0 0 0 0 1 0 0 0 0
85	7	0 1 1 1 0 1 1 0 0 1 0 1 0 0 0 0
85	4	0 1 1 0 1 0 0 0 0 0 0 1 0 0 0 0
85	8	0 1 1 1 1 0 0 0 0 0 0 0 0 1 0 1
85	2	0 1 0 0 0 1 0 1 0 0 0 1 0 0 0 0
85	2	0 0 0 0 1 0 1 0 0 1 0 0 0 1 0 0
85	3	0 1 1 1 0 1 0 1 0 1 1 0 0 0 0 0
85	20	0 1 1 1 0 1 1 0 0 1 0 0 0 0 0 0
85	5	0 0 1 1 0 1 0 0 0 0 0 0 0 0 0 0
85	8	0 1 1 1 0 1 0 0 0 1 0 0 1 1 0 0
85	6	0 0 1 0 1 0 1 0 0 0 1 1 0 0 0 0
85	3	0 0 1 1 0 1 0 1 1 1 0 1 0 0 0 0
85	6	0 1 1 1 0 1 1 0 0 0 0 0 0 0 0 1
85	5	1 1 1 1 1 1 0 0 0 0 1 0 0 0 0 0
85	2	0 1 1 0 1 0 1 0 0 0 1 0 0 0 0 0
85	9	0 0 1 1 0 1 1 0 0 0 0 1 0 0 0 0
85	6	0 1 1 1 0 1 0 0 0 0 0 0 0 0 0 1
85	10	0 1 1 1 1 0 0 0 0 0 0 0 0 0 1 0
85	1	0 1 1 1 0 0 0 0 1 0 0 0 0 0 0 1
85	3	0 1 1 1 0 1 1 1 0 1 0 0 0 0 0 0
85	2	0 0 0 1 0 1 0 0 0 0 0 0 0 0 0 0
85	3	0 1 1 1 0 1 0 0 0 1 0 0 0 0 0 1
85	5	1 0 0 1 1 0 0 0 0 0 0 0 0 0 0 0
85	6	0 0 1 1 0 1 0 1 0 1 0 1 0 0 0 0
85	7	0 0 1 1 0 1 0 0 0 0 0 0 0 1 0 0
85	3	0 1 1 1 0 1 0 0 0 0 0 0 1 0 0 0
85	4	0 0 0 1 1 0 0 0 0 0 1 0 0 0 0 0
85	4	0 1 1 1 1 1 0 0 0 1 0 1 0 0 0 0
85	1	0 1 1 1 0 1 1 0 0 0 1 0 0 0 0 0
85	2	0 0 1 1 0 1 0 0 0 1 0 0 1 0 0 0
85	1	0 1 1 1 0 0 0 0 1 1 0 1 0 0 0 0
85	3	0 0 0 1 1 0 0 0 0 1 1 1 0 0 0 0
85	2	0 1 1 1 0 0 0 0 0 1 0 0 0 0 0 0
85	1	0 1 1 1 0 1 0 1 1 1 0 0 0 0 0 0
85	1	0 1 1 1 0 1 0 0 1 0 0 0 0 1 0 0
85	2	0 1 1 1 0 1 0 1 0 1 1 1 0 0 0 0
85	3	0 1 0 1 0 1 0 1 0 1 0 1 0 0 0 0
85	2	1 1 1 1 0 1 0 0 0 1 0 1 0 0 0 0
85	1	0 1 1 1 0 1 0 1 1 0 0 1 0 0 0 0
85	3	0 1 1 0 0 1 0 1 0 0 0 1 0 0 1 0
85	1	0 1 0 0 1 0 1 0 1 1 0 0 0 0 0 0
85	1	1 1 1 0 0 1 0 0 0 0 1 0 0 0 0 0
85	1	0 1 1 1 0 0 0 0 0 0 0 0 0 0 1 1
154	93	0 1 1 1 0 1 0 0 0 0 0 0 0 0 0 0
154	2	0 0 0 1 1 0 0 0 0 0 0 0 0 0 0 0
154	17	0 1 1 1 0 0 0 0 0 0 0 0 0 0 0 0
154	17	0 1 1 1 0 1 0 1 0 1 0 1 0 0 0 0
154	55	0 1 1 1 0 1 0 0 0 1 0 0 0 0 0 0
154	43	0 1 1 1 0 1 0 0 0 1 0 1 0 0 0 0
154	20	0 1 1 1 1 0 0 0 0 0 0 0 0 0 0 0
154	41	1 1 1 1 0 1 0 0 0 0 0 0 0 0 0 0
154	27	0 1 1 1 0 1 0 0 0 0 1 0 0 0 0 0
154	2	0 1 1 1 0 1 0 0 0 0 0 1 0 0 0 0
154	43	0 1 1 1 0 1 0 0 1 0 0 1 0 0 0 0
154	37	0 1 1 1 1 0 0 0 0 0 0 0 0 0 0 1
154	13	1 1 1 1 0 1 0 0 0 0 1 0 0 0 0 0
154	57	0 1 1 1 0 1 0 1 1 1 1 0 0 0 0 0
154	48	0 1 1 1 0 1 0 1 0 0 0 0 0 0 0 0
154	13	0 1 1 1 0 1 0 0 0 0 0 0 0 1 0 0
154	4	0 1 1 1 0 1 0 0 1 0 0 0 0 0 0 0
154	7	1 1 1 1 0 1 0 0 0 1 0 1 0 0 0 0
154	4	0 0 1 1 0 0 0 0 0 0 0 0 0 0 0 0
154	31	0 0 1 1 0 1 0 0 0 1 0 0 0 0 0 0
154	8	0 1 1 1 0 0 0 0 0 1 0 0 0 0 0 0
154	12	0 1 1 1 0 1 0 0 0 1 0 1 0 1 0 0
154	8	0 1 1 1 0 1 1 0 1 0 0 1 0 0 0 0
154	41	0 1 1 1 0 1 1 0 0 0 1 0 0 0 0 0
154	11	0 1 1 1 0 0 0 0 0 1 0 1 0 0 0 0
154	10	0 1 1 1 1 0 0 0 0 1 0 0 0 0 0 0
154	10	0 0 1 1 0 1 1 0 0 0 1 0 0 0 0 0
154	4	1 1 1 1 0 1 0 1 0 1 0 1 0 0 0 0
154	7	0 1 1 1 0 0 0 0 0 0 0 1 0 0 0 0
154	3	1 1 1 1 0 1 0 0 0 1 0 1 0 1 0 0
154	2	1 1 1 1 0 1 0 0 0 0 0 0 1 0 0 0
154	2	1 1 1 1 0 1 0 0 1 1 0 0 0 0 0 0
154	3	0 1 1 1 0 1 0 1 1 1 1 0 0 1 0 0
154	6	0 1 0 1 0 1 1 0 0 0 0 0 0 0 0 0
154	1	0 0 1 1 1 0 0 0 0 0 0 0 0 0 0 0
154	4	0 1 1 1 0 1 0 1 0 1 0 1 1 0 0 0
154	8	1 1 0 1 0 1 0 0 0 0 0 0 0 0 0 0
154	4	0 1 1 1 0 1 0 0 1 0 0 1 0 1 0 0
154	17	0 1 1 1 0 0 0 0 0 1 1 0 0 0 0 0
154	25	0 1 1 1 0 1 1 0 0 0 1 1 0 0 0 0
154	4	0 1 1 1 0 1 0 0 0 0 0 0 1 0 0 0
154	15	0 1 1 1 1 1 1 0 0 1 0 0 0 0 0 0
154	3	0 0 1 1 0 1 0 0 0 0 1 0 0 0 0 0
154	1	0 1 1 1 0 0 0 1 1 1 0 1 0 0 0 0
154	3	0 1 1 1 1 0 1 0 0 0 1 0 0 0 0 0
154	1	0 0 0 1 1 0 0 0 1 0 0 0 0 0 0 0
154	4	1 1 1 1 0 1 0 0 0 0 0 0 0 0 1 0
154	1	0 1 1 1 0 1 0 1 0 0 0 0 0 0 0 1
154	7	1 1 1 1 0 1 0 0 0 1 0 0 0 0 0 0
154	6	0 1 1 1 0 1 0 0 0 1 0 1 1 0 0 0
154	18	0 0 1 1 0 1 0 0 0 0 0 0 0 0 0 0
154	4	0 1 1 1 0 1 0 0 0 0 0 0 0 0 1 0
154	15	0 0 1 1 0 0 0 0 0 0 0 0 0 0 1 0
154	2	0 1 1 1 0 0 0 0 0 0 1 0 0 0 0 0
154	16	0 1 0 1 0 1 0 1 0 1 0 1 0 0 0 0
154	14	1 0 1 1 0 1 0 0 0 0 0 0 0 0 0 0
154	14	0 1 1 1 0 1 0 1 1 1 1 0 0 0 1 0
154	2	0 1 1 1 0 1 0 1 1 1 1 0 1 0 0 0
154	3	1 1 1 1 0 1 0 1 1 1 0 0 0 0 0 0
154	6	0 1 1 1 0 1 0 0 0 1 1 1 0 0 0 0
154	3	1 1 1 1 0 1 0 1 0 0 0 0 0 0 0 0
154	4	1 1 1 1 0 1 0 0 0 0 0 1 0 0 0 0
154	1	0 1 1 1 0 0 0 0 0 0 0 0 0 0 1 0
154	13	0 1 1 1 0 1 0 0 0 1 0 1 0 0 0 1
154	10	0 1 1 1 1 0 0 0 0 0 1 0 0 0 0 0
154	3	1 1 1 1 0 1 0 0 1 0 1 0 0 0 0 0
154	4	0 1 1 1 0 1 0 0 0 1 0 1 1 1 0 0
154	1	0 1 1 1 0 1 1 0 0 0 1 0 1 0 0 0
154	3	0 0 1 1 0 1 0 0 0 0 0 1 0 0 0 0
154	5	0 1 1 1 1 1 1 0 0 0 1 1 0 0 0 0
154	5	0 1 1 1 0 1 0 0 0 0 0 0 0 0 0 1
154	2	0 1 1 1 1 0 0 0 1 0 0 1 0 0 0 0
154	1	0 1 0 1 0 1 0 0 0 1 0 0 0 0 0 0
154	3	0 1 1 1 0 1 0 0 0 1 0 0 0 0 1 0
154	2	0 1 1 1 0 1 0 1 0 0 1 0 0 0 0 0
154	1	0 1 1 1 0 1 0 0 0 1 1 0 0 0 0 0
154	1	0 1 0 1 0 1 0 1 0 1 0 1 0 0 0 1
154	2	0 1 0 1 0 1 0 0 0 0 0 0 0 0 0 0
154	2	0 1 1 1 1 1 1 0 0 1 0 1 0 0 0 0
154	9	1 1 1 1 1 1 0 0 0 1 1 0 0 0 0 0
154	1	1 1 1 1 0 1 0 0 1 0 0 0 0 0 0 0
154	8	1 1 1 0 0 1 0 0 0 0 0 0 0 0 0 0
154	4	1 1 1 1 0 1 0 1 1 1 1 0 0 0 0 0
154	1	0 1 1 1 1 0 0 0 0 1 0 0 0 1 0 0
154	1	0 1 1 1 0 1 0 0 0 0 1 0 0 1 0 0
154	2	0 0 1 1 0 1 0 0 1 1 1 0 0 0 0 0
154	1	1 1 1 1 1 0 0 0 0 0 0 0 0 0 0 0
154	1	0 1 1 1 1 1 0 1 1 1 1 0 0 0 0 0
154	1	0 1 1 1 0 1 0 0 1 0 0 0 0 0 0 1
154	1	0 0 1 1 0 1 0 1 0 1 0 0 0 0 0 0
154	1	0 0 1 0 0 1 0 0 0 1 0 0 0 0 0 0
154	2	0 1 1 1 0 1 1 0 0 1 1 0 0 0 0 0
154	1	1 1 1 1 0 1 0 0 0 0 0 0 0 0 1 1
154	1	0 0 1 1 0 0 0 0 0 0 0 0 0 1 1 0
239	33	0 1 1 1 0 1 0 0 0 1 0 1 0 0 0 0
239	17	0 1 1 1 1 0 0 0 0 0 0 0 0 0 0 0
239	12	0 1 1 1 0 1 0 0 0 0 1 0 0 0 0 0
239	8	0 1 1 1 0 1 0 0 1 0 0 1 0 0 0 0
239	50	0 1 1 1 0 1 0 1 1 1 1 0 0 0 0 0
239	14	0 0 1 1 0 1 0 0 0 1 0 0 0 0 0 0
239	2	0 1 1 1 0 1 0 0 0 1 0 1 0 1 0 0
239	21	0 1 1 1 0 1 1 0 1 0 0 1 0 0 0 0
239	46	0 1 1 1 0 0 0 0 0 1 0 1 0 0 0 0
239	10	0 1 0 1 0 1 1 0 0 0 0 0 0 0 0 0
239	4	0 1 1 1 0 1 0 0 0 1 0 1 0 0 0 1
239	11	0 1 1 1 1 0 0 0 0 0 1 0 0 0 0 0
239	33	1 1 1 1 0 1 0 0 0 0 1 1 0 0 0 0
239	37	1 1 1 1 0 1 0 1 0 0 0 0 0 0 0 0
239	19	0 1 1 1 0 1 1 0 0 0 0 0 0 0 0 0
239	17	1 1 1 0 0 1 0 0 0 0 1 1 0 0 0 0
239	5	1 0 1 1 0 1 0 1 0 0 0 0 0 0 0 0
239	6	0 1 1 1 0 1 0 0 0 0 0 1 0 0 0 0
239	16	0 1 1 1 0 1 1 0 1 0 1 1 0 0 0 0
239	5	0 1 1 0 1 0 0 0 0 0 0 0 0 0 0 0
239	3	1 1 1 1 0 1 0 0 1 0 0 0 0 0 0 0
239	4	1 1 1 0 0 1 0 0 1 0 0 1 0 0 0 0
239	3	1 1 1 1 0 1 0 1 0 1 0 0 0 0 0 0
239	2	0 1 1 1 1 1 0 0 0 0 0 1 0 0 0 0
239	34	0 1 1 1 0 1 0 0 0 1 0 0 0 0 0 0
239	19	0 1 1 1 1 1 0 1 0 1 0 1 0 1 0 0
239	7	0 1 1 1 1 1 1 0 0 1 1 0 0 0 0 0
239	2	1 0 1 1 1 1 0 0 0 1 1 0 0 0 0 0
239	2	0 1 1 1 0 1 0 0 0 0 1 0 0 1 0 0
239	34	1 1 1 1 0 1 0 1 1 1 1 0 0 0 0 0
239	2	1 1 1 1 0 1 0 0 1 0 1 0 0 0 0 0
239	24	1 1 1 0 0 0 0 0 0 0 1 1 0 0 0 0
239	42	1 1 1 0 0 1 0 0 0 0 1 0 0 0 0 0
239	2	0 1 1 1 1 1 0 0 0 1 1 0 0 0 0 0
239	4	1 0 1 1 0 1 0 0 0 1 0 1 0 0 0 0
239	23	1 1 1 1 0 1 0 0 0 1 0 1 0 0 0 0
239	9	1 1 1 1 0 1 0 1 0 1 1 0 0 0 0 0
239	8	0 1 1 1 0 1 1 0 0 1 0 0 0 0 0 0
239	13	1 1 1 0 0 1 0 0 0 0 0 1 0 0 1 0
239	10	0 1 1 1 1 0 0 0 0 0 0 1 0 0 0 0
239	15	1 1 1 0 0 0 0 0 0 0 0 0 0 0 0 0
239	17	1 0 1 1 0 1 0 0 0 1 0 1 1 0 0 0
239	1	0 1 0 1 0 1 0 1 0 0 0 0 0 0 0 0
239	2	1 1 1 0 0 1 0 1 0 1 0 1 0 0 0 0
239	15	0 1 0 1 0 1 1 0 0 0 1 0 0 0 0 0
239	34	1 1 1 0 0 0 0 0 0 0 0 1 0 0 0 0
239	15	1 1 1 0 0 1 0 0 0 1 0 1 0 0 0 0
239	5	0 1 0 1 0 1 0 0 0 1 0 0 0 0 0 0
239	11	0 1 1 1 0 0 0 0 0 0 0 0 0 0 0 0
239	3	0 1 1 1 0 0 1 0 0 0 0 0 0 0 0 0
239	1	1 1 0 1 0 1 0 1 0 1 0 0 0 0 0 0
239	21	0 1 1 1 0 1 1 0 1 0 0 1 0 0 1 0
239	7	0 1 1 1 1 1 0 0 0 1 0 1 0 0 0 0
239	3	0 1 0 1 0 1 1 0 0 1 0 0 0 0 0 0
239	12	0 1 1 1 0 1 0 0 1 1 0 1 0 1 0 0
239	1	0 1 1 1 0 0 0 0 0 0 0 1 0 0 0 0
239	6	1 1 1 1 0 1 0 0 0 1 0 0 0 0 0 0
239	2	0 1 1 1 1 0 0 0 0 0 0 0 0 1 0 0
239	12	0 1 1 1 1 0 0 0 0 1 0 0 0 0 0 0
239	12	1 1 1 1 1 1 0 0 0 1 1 0 0 0 0 0
239	1	1 0 1 1 1 1 0 0 0 1 0 1 0 0 0 0
239	10	1 1 1 1 0 1 0 0 0 0 0 1 0 0 0 0
239	7	0 1 1 1 0 1 0 1 1 0 1 0 0 0 0 0
239	2	0 1 1 1 0 1 1 0 0 0 0 0 0 1 0 0
239	6	0 1 0 1 0 1 0 0 0 1 1 0 0 0 0 1
239	14	1 1 1 1 0 0 0 0 0 0 0 1 0 0 0 0
239	11	0 1 1 1 0 1 0 1 0 1 1 0 0 0 0 0
239	4	0 1 1 1 1 1 0 1 1 1 1 0 0 0 0 0
239	11	0 1 1 1 0 1 0 1 0 0 0 0 0 0 0 0
239	4	1 0 1 1 1 1 0 0 0 1 1 1 0 0 0 0
239	4	0 1 1 1 0 1 0 1 1 0 0 1 0 0 0 0
239	2	0 1 1 1 0 1 0 1 1 1 1 0 0 1 0 0
239	2	1 0 1 1 1 1 0 0 1 0 0 1 0 0 0 0
239	14	0 1 1 1 0 1 0 0 0 0 1 1 0 0 0 0
239	1	0 1 1 1 1 0 0 0 0 1 0 1 0 0 0 0
239	2	1 1 1 0 1 1 0 0 0 0 0 1 0 0 1 0
239	4	0 1 1 0 0 1 0 0 0 0 0 1 0 0 1 0
239	6	1 1 1 1 1 0 0 0 0 0 0 0 0 1 0 0
239	9	1 1 1 1 0 1 0 0 0 0 1 0 0 0 0 0
239	1	0 1 1 1 1 0 0 0 0 1 0 0 0 0 1 0
239	2	0 1 1 1 0 1 1 0 0 1 0 1 0 0 0 0
239	7	1 1 1 1 0 0 0 0 0 1 0 1 0 0 0 0
239	1	0 1 1 1 0 1 0 0 0 0 0 1 0 0 0 1
239	1	0 1 1 1 0 1 1 0 1 0 1 1 1 0 0 0
239	5	1 1 1 0 0 0 1 0 0 0 0 1 0 0 0 0
239	2	0 1 1 1 0 1 0 1 0 0 1 0 0 0 0 0
239	1	0 1 1 1 0 0 0 0 0 1 0 1 0 0 1 0
239	4	1 1 1 1 0 0 0 0 0 0 0 0 0 0 0 0
239	2	1 1 0 1 0 1 1 0 0 0 1 0 0 0 0 0
239	6	1 1 1 1 0 1 0 0 0 1 0 0 0 1 0 0
239	6	0 1 1 1 0 1 1 0 0 0 1 1 0 0 0 0
239	1	0 1 1 1 0 0 0 0 0 1 0 1 1 0 0 0
239	1	1 1 1 1 0 0 0 0 1 0 0 0 0 0 0 0
239	5	1 1 1 1 0 1 0 1 1 0 1 0 0 0 0 0
239	1	1 1 1 0 0 1 0 1 0 0 0 1 0 0 1 0
239	4	0 1 0 1 0 0 1 0 0 0 0 0 0 0 0 0
239	3	1 1 1 0 0 1 0 0 0 0 0 0 0 0 0 0
239	1	1 1 1 1 1 0 0 0 0 0 0 0 0 0 0 0
239	3	1 1 1 1 0 1 1 0 1 0 0 1 0 0 1 0
239	1	1 1 1 1 0 1 1 0 0 0 1 1 0 0 0 0
239	3	0 1 0 1 0 1 1 0 1 0 1 1 0 0 0 0
239	1	1 1 1 0 0 1 1 0 0 0 1 0 0 0 0 0
239	4	1 1 1 0 0 1 0 0 0 1 0 1 0 0 1 0
239	2	0 1 1 0 1 0 0 0 0 1 0 1 0 0 0 0
239	4	0 1 1 0 0 1 0 0 1 1 1 0 0 0 1 0
239	1	1 1 1 1 0 1 0 1 0 0 0 1 0 0 0 0
239	1	1 1 1 1 0 1 0 1 0 0 1 0 0 0 0 0
239	1	1 0 1 1 1 1 0 0 0 1 1 0 1 0 0 0
239	1	1 1 1 0 0 0 0 0 0 0 1 1 0 1 0 0
239	1	1 1 1 1 0 0 0 1 0 1 1 0 0 0 0 0
239	1	0 1 1 1 1 0 0 0 1 0 0 1 0 0 0 0
252	17	0 1 1 1 0 1 0 0 0 1 0 1 0 0 0 0
252	3	0 1 1 1 1 0 0 0 0 0 0 0 0 0 0 0
252	18	0 1 1 1 0 1 0 0 0 0 1 0 0 0 0 0
252	41	0 1 1 1 0 1 0 1 1 1 1 0 0 0 0 0
252	3	0 0 1 1 0 1 0 0 0 1 0 0 0 0 0 0
252	24	0 1 1 1 0 1 1 0 1 0 0 1 0 0 0 0
252	17	0 1 1 1 0 0 0 0 0 1 0 1 0 0 0 0
252	7	0 1 0 1 0 1 1 0 0 0 0 0 0 0 0 0
252	18	0 1 1 1 1 0 0 0 0 0 1 0 0 0 0 0
252	94	1 1 1 1 0 1 0 0 0 0 1 1 0 0 0 0
252	71	1 1 1 1 0 1 0 1 0 0 0 0 0 0 0 0
252	17	0 1 1 1 0 1 1 0 0 0 0 0 0 0 0 0
252	26	1 1 1 0 0 1 0 0 0 0 1 1 0 0 0 0
252	9	1 0 1 1 0 1 0 1 0 0 0 0 0 0 0 0
252	2	0 1 1 1 0 1 0 0 0 0 0 1 0 0 0 0
252	17	0 1 1 1 0 1 1 0 1 0 1 1 0 0 0 0
252	9	0 1 1 0 1 0 0 0 0 0 0 0 0 0 0 0
252	6	1 1 1 1 0 1 0 1 0 1 0 0 0 0 0 0
252	32	0 1 1 1 0 1 0 0 0 1 0 0 0 0 0 0
252	14	0 1 1 1 1 1 1 0 0 1 1 0 0 0 0 0
252	12	1 1 1 1 0 1 0 1 1 1 1 0 0 0 0 0
252	22	1 1 1 0 0 0 0 0 0 0 1 1 0 0 0 0
252	58	1 1 1 0 0 1 0 0 0 0 1 0 0 0 0 0
252	1	0 1 1 1 1 1 0 0 0 1 1 0 0 0 0 0
252	9	1 0 1 1 0 1 0 0 0 1 0 1 0 0 0 0
252	32	1 1 1 1 0 1 0 0 0 1 0 1 0 0 0 0
252	21	0 1 1 1 1 0 0 0 0 0 0 1 0 0 0 0
252	3	1 1 1 0 0 0 0 0 0 0 0 0 0 0 0 0
252	10	1 0 1 1 0 1 0 0 0 1 0 1 1 0 0 0
252	31	1 1 1 0 0 0 0 0 0 0 0 1 0 0 0 0
252	7	1 1 1 0 0 1 0 0 0 1 0 1 0 0 0 0
252	11	0 1 1 1 0 1 1 0 1 0 0 1 0 0 1 0
252	2	0 1 1 1 1 1 0 0 0 1 0 1 0 0 0 0
252	5	1 1 1 1 0 1 0 0 0 1 0 0 0 0 0 0
252	9	0 1 1 1 1 0 0 0 0 1 0 0 0 0 0 0
252	2	1 1 1 1 1 1 0 0 0 1 1 0 0 0 0 0
252	10	1 0 1 1 1 1 0 0 0 1 0 1 0 0 0 0
252	3	1 1 1 1 0 1 0 0 0 0 0 1 0 0 0 0
252	3	0 1 0 1 0 1 0 0 0 1 1 0 0 0 0 1
252	11	1 1 1 1 0 0 0 0 0 0 0 1 0 0 0 0
252	4	0 1 1 1 0 1 0 1 0 1 1 0 0 0 0 0
252	4	0 1 1 1 1 1 0 1 1 1 1 0 0 0 0 0
252	30	0 1 1 1 0 1 0 1 0 0 0 0 0 0 0 0
252	2	0 1 1 1 0 1 0 1 1 1 1 0 0 1 0 0
252	2	1 0 1 1 1 1 0 0 1 0 0 1 0 0 0 0
252	2	0 1 1 1 0 1 0 0 0 0 1 1 0 0 0 0
252	3	0 1 1 1 1 0 0 0 0 1 0 1 0 0 0 0
252	11	1 1 1 0 1 1 0 0 0 0 0 1 0 0 1 0
252	7	1 1 1 1 0 1 0 0 0 0 1 0 0 0 0 0
252	1	0 1 1 1 0 1 1 0 0 1 0 1 0 0 0 0
252	10	1 1 1 1 0 0 0 0 0 1 0 1 0 0 0 0
252	8	1 1 1 1 0 1 0 0 0 1 0 0 0 1 0 0
252	3	0 1 1 1 0 1 1 0 0 0 1 1 0 0 0 0
252	2	1 1 1 1 0 1 0 1 1 0 1 0 0 0 0 0
252	2	1 1 1 0 0 1 0 0 0 0 0 0 0 0 0 0
252	8	0 1 1 0 1 0 0 0 0 1 0 1 0 0 0 0
252	3	0 1 1 0 0 1 0 0 1 1 1 0 0 0 1 0
252	4	0 0 1 1 0 1 0 1 0 0 0 0 0 0 0 0
252	5	0 1 0 1 0 0 0 0 0 1 0 1 0 0 0 0
252	2	0 1 1 0 0 0 0 0 0 0 0 0 0 0 0 0
252	12	0 1 1 1 0 1 1 0 1 1 1 0 0 0 0 0
252	3	0 0 1 1 1 1 0 0 0 1 0 1 0 0 0 0
252	3	0 1 1 1 0 1 1 0 0 0 0 0 0 0 1 0
252	15	0 1 1 1 0 0 0 0 1 1 0 1 0 0 0 0
252	9	0 1 1 1 1 0 0 0 0 1 1 0 0 0 0 0
252	7	0 1 1 1 0 1 1 0 0 0 0 1 0 0 0 0
252	14	0 1 0 1 0 1 0 0 0 0 1 0 0 0 0 0
252	1	0 1 1 1 0 0 0 0 0 1 0 1 0 0 0 1
252	1	1 1 1 0 0 1 1 0 0 0 1 1 0 0 0 0
252	1	0 1 1 1 1 0 0 0 1 0 0 1 0 0 0 0
252	4	1 0 1 1 1 1 0 1 1 1 1 0 0 0 0 0
252	7	1 1 1 1 0 1 0 0 0 1 0 1 1 0 0 0
252	3	1 1 1 1 0 1 1 0 0 0 0 0 0 0 0 0
252	10	1 1 1 0 0 1 0 0 0 0 0 1 0 0 0 0
252	1	0 1 1 1 0 1 1 0 1 0 0 1 0 0 0 1
252	1	0 1 1 1 1 1 0 0 0 1 1 0 1 0 0 0
252	2	1 1 1 1 0 1 1 0 0 0 0 0 0 1 0 0
252	1	1 0 1 1 0 1 0 0 0 0 1 0 0 0 0 0
252	1	0 1 1 1 0 1 0 1 1 1 1 1 0 0 0 0
252	2	1 1 1 0 0 1 1 0 0 0 1 0 0 0 0 0
252	1	0 1 1 1 1 1 0 0 0 1 1 0 0 0 1 0
252	6	1 1 1 1 0 1 0 0 0 0 1 1 1 0 0 0
252	5	1 1 1 0 0 0 0 0 0 0 1 0 0 0 0 0
252	1	1 1 1 1 0 0 0 0 0 1 0 1 1 0 0 0
252	3	0 1 1 0 0 1 0 0 1 1 1 0 1 0 1 0
252	1	1 1 1 1 0 1 1 0 1 1 1 0 0 0 0 0
252	3	0 1 1 1 1 1 0 1 0 1 0 0 0 0 0 0
252	2	0 1 1 1 0 1 1 0 1 0 0 0 0 0 0 0
252	1	1 1 1 1 0 1 0 1 0 0 0 0 0 1 0 0
252	1	1 1 1 0 0 0 1 0 0 0 0 0 0 0 0 0
252	3	0 1 1 1 0 0 1 0 1 1 1 0 0 0 0 0
252	2	0 1 1 1 0 1 0 1 0 0 1 0 0 0 0 0
252	3	0 1 1 1 0 1 1 1 1 1 1 0 0 0 0 0
252	3	1 1 1 1 1 0 0 0 0 0 1 0 0 0 0 0
252	4	0 1 1 1 0 1 0 0 1 1 0 0 0 0 0 0
252	4	1 1 1 1 0 1 0 0 0 1 0 1 0 0 0 1
252	2	0 1 0 1 0 1 1 0 1 0 0 1 0 0 1 0
252	1	1 1 1 1 0 1 0 1 0 0 0 0 0 0 1 0
252	1	1 0 1 1 0 1 0 1 1 1 1 0 0 1 0 0
252	1	1 0 1 1 0 1 0 0 0 1 0 0 0 0 0 0
252	3	0 1 1 0 1 0 0 1 0 0 0 0 0 0 0 0
252	3	0 1 1 1 1 1 0 0 0 0 0 1 0 0 0 0
252	1	0 1 0 1 0 0 0 0 0 1 0 1 1 0 0 0
252	2	0 1 1 1 0 1 0 0 0 1 0 1 0 0 1 0
252	3	0 1 1 1 0 1 0 1 1 0 1 0 0 0 0 0
252	3	0 1 1 0 0 1 0 1 1 1 1 0 0 0 0 0
252	1	0 0 1 1 1 0 0 0 0 0 1 0 0 0 0 0
252	3	1 1 1 1 0 1 0 0 0 0 1 1 0 0 0 1
252	1	1 0 1 0 0 1 0 0 0 0 1 1 0 0 0 0
252	2	0 1 1 0 0 1 0 0 0 1 0 0 0 0 0 0
252	2	1 1 1 0 1 1 0 0 0 0 1 0 0 0 0 0
252	2	1 1 1 1 0 1 1 0 0 1 0 0 0 0 0 0
252	1	0 1 1 1 0 1 0 1 0 0 0 0 0 1 0 0
252	1	0 1 1 1 0 1 0 1 0 0 0 0 1 0 0 0
252	1	1 1 1 1 1 1 0 1 1 0 1 0 0 0 0 0
252	1	0 1 0 0 0 1 0 0 1 1 1 0 0 0 1 0
252	3	0 1 1 1 0 1 0 0 0 1 0 1 1 0 0 0
252	1	1 1 1 1 0 1 1 0 1 0 0 0 0 1 0 0
350	79	1 1 1 1 0 1 0 0 0 0 1 1 0 0 0 0
350	40	1 1 1 1 0 1 0 1 0 0 0 0 0 0 0 0
350	33	1 1 1 1 0 1 0 1 1 1 1 0 0 0 0 0
350	70	1 1 1 1 0 1 0 0 0 1 0 1 0 0 0 0
350	38	0 1 1 1 1 0 0 0 0 0 0 1 0 0 0 0
350	4	0 1 1 1 0 1 1 0 1 1 1 0 0 0 0 0
350	2	0 1 1 1 1 0 0 0 0 1 0 1 0 0 0 0
350	27	1 1 1 1 1 1 0 0 0 1 0 1 0 0 0 0
350	6	1 1 1 0 0 0 0 0 0 0 0 0 0 0 0 0
350	24	1 1 1 0 0 1 0 0 0 0 0 0 0 0 0 0
350	1	0 1 1 1 0 1 0 0 0 0 1 1 0 0 0 0
350	2	1 1 0 1 0 1 0 1 1 1 1 0 0 0 0 0
350	13	1 1 1 1 0 1 0 0 0 1 1 0 0 0 0 0
350	16	1 1 1 1 0 1 0 1 1 0 1 0 0 0 0 0
350	45	1 1 1 1 0 1 0 0 1 0 1 1 0 0 0 0
350	44	1 1 1 1 0 1 0 0 0 0 0 0 0 0 0 0
350	17	1 1 0 1 0 1 0 1 0 1 0 1 0 0 0 0
350	13	1 1 1 1 1 0 0 1 0 1 0 1 0 0 0 0
350	29	1 1 1 1 0 1 0 0 0 0 0 1 0 0 0 0
350	4	1 1 1 1 0 1 1 1 0 0 0 0 0 0 0 0
350	15	1 1 1 1 0 1 0 0 1 0 0 1 0 0 0 0
350	9	1 1 1 1 0 1 0 1 0 0 0 0 0 0 1 0
350	1	1 1 1 1 0 0 0 1 0 0 0 0 0 0 0 0
350	7	1 1 1 1 0 1 1 1 0 1 0 1 0 0 0 0
350	20	1 1 1 1 0 1 0 0 1 0 1 1 0 0 1 0
350	13	1 0 1 1 0 1 0 1 1 0 0 0 0 0 0 0
350	2	0 1 1 1 0 1 0 0 0 1 0 1 0 0 0 0
350	12	1 1 0 1 1 1 0 1 0 0 0 1 0 0 0 0
350	15	1 0 1 1 0 1 0 1 0 0 0 1 0 0 0 0
350	8	1 1 1 1 0 1 1 0 0 1 0 1 1 0 1 0
350	19	0 1 1 1 0 1 0 1 1 1 1 0 0 0 0 0
350	1	1 1 1 1 0 0 0 1 0 0 0 0 1 0 0 0
350	3	1 1 1 1 0 0 0 1 0 0 0 0 0 0 1 0
350	4	1 1 0 1 1 0 0 0 0 0 1 0 0 0 0 0
350	81	1 1 1 1 1 0 1 0 0 1 0 1 0 0 0 0
350	4	1 1 1 1 0 0 0 1 1 0 1 0 0 0 0 0
350	17	1 1 0 1 0 1 0 0 0 1 1 0 0 0 0 0
350	2	1 1 1 1 0 1 1 1 0 0 1 0 0 0 0 0
350	17	1 1 1 1 0 1 0 0 0 1 0 0 0 0 0 1
350	3	1 1 1 1 0 1 0 0 0 1 0 1 0 0 1 0
350	46	1 0 1 1 0 1 0 1 1 0 1 0 0 0 0 0
350	15	1 1 1 1 0 0 0 0 1 0 1 1 0 0 0 0
350	10	1 1 1 1 0 1 0 1 0 0 0 1 0 0 0 0
350	2	0 1 1 1 0 1 0 0 0 0 1 1 0 0 1 0
350	25	1 1 1 1 0 1 0 0 1 1 1 0 0 0 0 0
350	6	0 1 1 1 0 1 0 0 0 0 0 1 0 0 0 0
350	1	1 1 0 1 0 1 0 0 0 1 0 1 0 0 1 0
350	1	1 1 0 1 0 1 1 1 0 1 0 1 0 0 0 0
350	5	1 1 1 1 0 1 0 0 1 0 0 1 1 0 0 0
350	3	0 1 1 1 0 1 1 1 0 0 0 0 1 0 0 0
350	8	1 1 1 1 0 1 0 0 0 1 1 1 0 0 0 0
350	2	1 1 1 1 0 1 1 0 1 1 1 0 0 0 0 0
350	5	1 1 1 1 0 0 0 0 0 0 1 1 0 0 0 0
350	15	1 0 1 1 0 0 0 1 1 0 0 0 0 0 0 0
350	6	1 1 1 1 0 1 0 1 1 0 0 0 0 0 0 0
350	1	0 1 1 1 1 1 0 0 0 1 0 1 0 0 0 0
350	4	1 1 1 1 0 1 0 0 0 1 0 1 0 0 0 1
350	4	1 1 1 1 0 1 0 0 0 0 0 0 0 0 0 1
350	13	1 1 1 1 1 1 0 0 0 0 0 1 0 0 0 0
350	1	0 1 1 1 0 1 0 1 1 0 1 1 0 0 0 0
350	2	1 0 0 1 0 1 0 1 0 1 0 1 0 0 0 0
350	2	0 1 1 1 0 1 0 1 0 0 0 0 0 0 0 0
350	1	1 1 1 1 1 1 0 0 1 0 1 1 0 0 0 0
350	2	1 1 1 1 1 1 0 0 0 0 0 0 0 0 0 0
350	1	1 1 0 1 0 1 0 0 0 1 0 1 0 0 0 1
350	1	1 1 1 0 0 0 0 0 1 0 1 1 0 0 0 0
350	2	1 1 1 1 1 1 0 0 0 0 1 1 0 0 1 0
350	6	1 1 1 1 0 1 0 1 0 1 0 1 0 0 0 0
350	3	0 1 1 1 0 1 0 1 1 0 0 1 0 0 1 0
350	1	1 1 1 1 0 1 0 0 0 0 1 0 0 0 0 0
350	5	1 1 1 1 0 1 0 0 1 1 0 1 0 0 0 0
350	2	0 1 1 1 1 0 0 0 0 0 0 1 0 0 1 0
350	2	1 1 1 1 0 0 0 1 1 0 0 0 1 0 0 0
350	2	1 1 1 1 1 0 1 0 0 1 0 1 0 0 0 1
350	4	1 1 1 1 0 1 1 1 0 1 1 0 0 0 0 0
350	1	1 0 1 1 0 1 0 1 1 0 1 0 0 0 0 1
350	6	1 0 1 1 0 0 0 0 1 0 1 1 0 0 0 0
350	1	0 1 1 1 1 1 0 1 1 0 1 0 0 0 0 0
350	2	1 1 1 1 1 0 0 0 1 1 0 1 0 0 0 0
350	1	1 1 1 1 0 1 0 0 0 1 1 0 0 0 0 1
350	1	1 1 1 1 0 1 1 1 0 1 0 0 0 0 0 0
350	3	1 0 0 1 0 1 0 1 1 0 0 0 0 0 0 0
350	4	0 1 1 1 0 1 0 0 0 1 1 1 0 0 1 0
350	1	1 1 1 1 1 0 1 0 1 0 0 1 0 0 1 0
350	2	1 0 1 1 0 1 0 0 0 1 1 0 0 0 0 0
350	1	0 1 1 1 0 1 0 0 1 0 0 1 1 0 0 0
350	1	1 1 1 1 0 1 0 0 0 0 1 1 0 0 0 1
350	1	1 1 1 1 0 1 0 1 1 1 0 0 0 0 0 0
350	1	1 1 1 1 0 1 0 0 0 0 0 1 0 0 1 0
350	2	1 1 1 1 1 1 0 1 0 0 0 1 0 0 0 0
350	1	1 0 1 1 0 1 0 0 0 1 0 1 0 0 0 1
350	2	1 1 0 0 0 1 0 0 0 1 0 1 0 0 0 1
400	7	1 1 1 1 0 1 0 1 0 0 0 0 0 0 0 0
400	22	1 1 1 1 0 1 0 1 1 1 1 0 0 0 0 0
400	115	1 1 1 1 0 1 0 0 0 1 0 1 0 0 0 0
400	24	1 1 1 1 1 1 0 0 0 1 0 1 0 0 0 0
400	22	1 1 1 0 0 1 0 0 0 0 0 0 0 0 0 0
400	28	1 1 1 1 0 1 0 0 1 0 1 1 0 0 0 0
400	3	1 1 1 1 0 1 0 0 0 0 0 0 0 0 0 0
400	51	1 1 1 1 1 0 0 1 0 1 0 1 0 0 0 0
400	35	1 1 1 1 0 1 0 0 1 0 0 1 0 0 0 0
400	7	1 1 1 1 0 1 0 0 1 0 1 1 0 0 1 0
400	17	1 1 1 1 0 1 1 0 0 1 0 1 1 0 1 0
400	73	1 1 1 1 1 0 1 0 0 1 0 1 0 0 0 0
400	40	1 1 0 1 0 1 0 0 0 1 1 0 0 0 0 0
400	17	1 1 1 1 0 1 0 0 0 1 0 0 0 0 0 1
400	28	1 0 1 1 0 1 0 1 1 0 1 0 0 0 0 0
400	34	1 1 1 1 0 0 0 0 1 0 1 1 0 0 0 0
400	12	1 1 1 1 0 1 0 1 0 0 0 1 0 0 0 0
400	10	1 1 1 1 0 1 0 0 1 1 1 0 0 0 0 0
400	4	0 1 1 1 0 1 1 1 0 0 0 0 1 0 0 0
400	31	1 1 1 1 1 1 0 0 0 0 0 1 0 0 0 0
400	20	1 1 1 1 0 1 0 1 0 1 0 1 0 0 0 0
400	11	1 1 1 1 0 1 0 0 0 1 0 0 0 0 0 0
400	11	1 1 1 1 0 1 0 0 1 1 0 1 0 0 0 0
400	21	1 1 1 1 1 1 0 1 0 1 0 1 0 0 0 0
400	10	1 1 1 1 1 0 1 0 0 1 0 1 0 0 0 1
400	20	1 1 1 1 1 1 0 0 0 1 0 0 0 0 0 1
400	7	1 1 1 1 0 0 0 0 0 1 0 0 0 0 0 1
400	14	1 1 1 1 0 0 1 0 0 1 0 1 0 0 0 0
400	1	1 1 1 1 1 0 1 0 0 1 0 1 0 1 0 0
400	4	1 1 1 1 0 1 0 1 1 0 0 1 0 0 1 0
400	7	1 1 1 1 0 1 0 0 1 1 1 0 0 0 1 0
400	18	1 1 1 1 1 1 1 0 0 1 0 1 0 0 0 0
400	8	1 1 1 0 0 1 0 0 1 0 0 1 0 0 0 0
400	12	1 0 1 0 1 0 0 0 0 1 0 1 0 0 0 0
400	3	1 1 1 0 0 1 0 0 1 0 1 1 0 0 0 0
400	9	1 1 0 1 0 1 0 0 1 0 1 1 0 0 1 0
400	7	1 1 1 1 0 1 0 0 0 1 1 1 0 0 0 0
400	15	0 1 1 1 0 1 0 1 1 1 1 0 0 0 0 0
400	11	1 1 1 1 0 1 0 1 0 0 0 1 0 0 1 0
400	21	1 0 1 1 0 1 0 0 0 1 0 1 0 0 0 0
400	10	1 1 1 1 0 1 0 1 1 1 0 1 0 0 0 0
400	11	1 1 1 1 1 0 1 0 0 1 0 1 1 0 0 0
400	2	1 1 1 1 1 1 0 0 1 0 1 1 0 0 0 0
400	12	1 1 1 1 0 1 1 0 0 1 1 0 0 0 0 0
400	1	1 1 1 0 0 1 0 0 0 1 1 0 0 0 0 1
400	10	1 1 1 1 1 0 0 0 0 1 0 1 0 0 0 0
400	3	1 0 1 1 1 0 1 1 0 1 0 1 0 0 0 0
400	1	1 1 1 1 1 1 0 0 0 1 1 1 0 0 0 0
400	1	0 1 1 1 0 1 1 1 0 1 0 1 0 0 0 0
400	3	1 1 1 0 0 1 0 0 0 1 0 1 0 0 0 0
400	5	1 0 1 1 0 0 0 0 1 0 1 1 0 0 0 0
400	4	1 1 1 1 1 0 0 0 0 1 1 0 0 0 0 1
400	6	1 1 1 1 0 1 0 0 0 1 0 1 0 0 1 0
400	4	1 1 1 1 1 0 1 0 0 1 0 0 0 0 0 0
400	3	1 1 0 1 1 1 0 0 0 0 0 1 0 0 0 0
400	14	1 1 1 0 0 1 0 0 1 0 0 0 0 0 0 0
400	2	1 1 1 1 0 0 0 0 1 1 1 1 0 0 0 0
400	3	1 1 1 1 1 0 1 0 0 1 0 0 1 0 0 1
400	3	1 1 1 1 1 1 0 0 0 1 0 0 0 0 0 0
400	4	0 1 1 1 0 1 0 0 1 0 1 1 0 0 0 0
400	4	1 1 1 0 1 0 1 0 0 1 0 1 0 0 0 1
400	1	1 1 1 1 1 1 0 0 0 0 1 1 0 1 0 0
400	2	1 1 1 1 0 1 1 0 0 1 0 1 0 0 0 0
400	4	1 1 1 0 0 1 0 0 0 0 0 0 0 1 0 0
400	3	1 0 1 1 0 1 0 0 0 1 1 1 0 0 0 0
400	1	0 1 1 1 0 0 1 1 0 1 0 1 0 0 0 0
400	2	1 0 1 1 0 1 0 1 1 0 0 1 0 0 1 0
400	2	1 1 1 1 0 0 0 0 1 0 1 1 1 0 0 0
400	2	1 1 1 0 0 0 0 0 0 1 0 0 0 0 0 1
400	1	1 1 1 1 1 1 0 0 0 1 0 0 0 1 0 1
400	5	0 1 1 0 0 1 1 1 0 1 0 1 0 0 0 0
400	4	1 0 1 1 1 1 0 0 0 0 0 1 0 0 0 0
400	7	1 1 1 1 1 0 0 1 0 1 0 1 0 1 0 0
400	3	1 1 1 0 0 1 0 0 1 0 1 0 0 0 0 0
400	1	1 0 1 1 0 1 0 0 0 0 0 0 0 0 0 0
400	2	0 1 1 1 1 1 1 1 0 0 0 0 1 0 0 0
400	3	1 1 1 0 1 1 0 1 0 1 0 1 0 0 0 0
400	6	1 0 1 1 1 1 0 1 0 1 0 1 0 0 0 0
400	3	1 1 1 1 0 0 0 0 0 1 0 0 1 0 0 1
400	3	1 1 1 1 1 1 1 0 0 0 0 1 0 0 0 0
400	3	1 1 1 1 0 1 0 0 0 0 0 1 0 0 0 0
400	1	1 1 1 1 0 1 0 0 1 0 1 1 0 0 0 1
400	2	1 1 1 1 0 1 0 0 1 0 1 0 0 0 1 0
400	3	0 0 1 1 0 1 0 0 0 1 0 1 0 0 0 0
400	1	1 1 1 0 1 0 0 0 1 1 0 1 0 0 0 0
400	1	1 1 1 1 1 0 1 0 0 1 0 0 0 0 0 1
400	1	1 1 1 0 0 1 0 0 0 0 0 1 0 0 0 0
400	3	1 1 1 1 1 1 0 1 1 0 1 0 0 0 0 0
400	1	1 1 1 0 0 1 0 0 1 1 1 0 0 0 0 1
400	1	1 1 1 0 1 1 0 1 0 1 0 1 1 0 1 0
400	1	1 1 1 0 0 1 1 0 0 0 0 0 0 0 0 0
400	2	1 1 1 1 1 0 1 0 0 1 0 1 0 0 1 0
400	2	1 1 0 1 1 1 0 0 0 1 1 0 0 0 0 0
400	1	1 1 0 0 0 1 0 0 0 1 1 0 0 0 0 0
400	1	1 1 1 1 1 1 0 0 0 0 0 0 0 0 0 0
400	3	1 1 0 0 0 1 0 0 1 0 0 0 0 0 0 0
400	2	1 1 1 0 0 1 0 1 1 0 0 0 0 0 0 0
