0	250	1 0 0 0 0 0 0 0 0 0 1 0 0 1 0 0
0	250	0 1 0 0 0 0 0 0 0 0 0 0 0 1 0 0
0	250	0 0 0 1 0 0 0 0 1 0 1 0 0 1 0 0
0	250	0 1 0 0 0 1 0 0 1 1 1 0 0 1 0 0
8	269	1 0 0 0 0 0 0 0 0 0 1 0 0 1 0 0
8	174	0 1 0 0 0 0 0 0 0 0 0 0 0 1 0 0
8	151	0 0 0 1 0 0 0 0 1 0 1 0 0 1 0 0
8	247	0 1 0 0 0 1 0 0 1 1 1 0 0 1 0 0
8	9	0 0 0 1 0 0 0 0 1 0 0 0 0 1 0 0
8	8	1 0 0 0 0 0 0 0 0 0 0 0 0 1 0 0
8	9	0 1 0 0 0 0 0 0 1 0 1 0 0 1 0 0
8	6	1 0 0 0 0 0 1 0 0 0 1 0 0 1 0 0
8	5	1 1 0 0 0 0 0 0 0 0 0 0 0 1 0 0
8	11	0 1 0 0 0 1 0 0 1 1 1 1 0 1 0 0
8	7	0 1 0 0 0 1 0 0 1 1 1 0 0 1 0 1
8	2	1 1 0 0 0 1 0 0 1 1 1 0 0 1 0 0
8	2	1 0 0 0 1 0 0 0 0 0 1 0 0 1 0 0
8	8	1 0 0 0 0 0 0 0 0 0 1 0 1 1 0 0
8	1	0 1 0 0 0 0 0 0 1 0 0 0 0 1 0 0
8	10	0 0 0 1 0 0 0 0 1 0 1 0 0 1 1 0
8	2	0 1 0 0 0 1 0 0 1 1 1 0 0 0 0 0
8	3	0 0 0 0 0 1 0 0 1 1 1 0 0 1 0 0
8	2	0 1 0 0 0 1 1 0 1 1 1 0 0 1 0 0
8	1	0 1 0 0 0 1 0 1 1 1 1 0 0 1 0 1
8	4	1 1 0 0 0 1 0 0 0 1 1 0 0 1 0 0
8	4	1 0 0 0 0 0 0 0 1 0 1 0 0 1 0 0
8	5	1 0 1 0 0 0 0 0 0 0 1 0 0 1 0 0
8	4	0 1 0 0 0 0 0 0 1 1 1 0 0 1 0 0
8	3	0 1 0 0 1 0 0 0 0 0 0 0 0 1 0 0
8	7	0 0 0 1 0 0 0 0 0 0 1 0 0 1 0 0
8	4	0 1 0 0 0 1 0 1 1 1 1 0 0 1 0 0
8	1	1 0 0 0 0 0 0 0 1 1 1 0 0 1 0 0
8	1	1 0 0 0 0 0 0 0 0 0 1 0 0 1 0 1
8	6	0 1 0 0 0 0 0 0 0 0 1 0 0 1 0 0
8	3	0 1 0 0 0 1 0 0 0 1 1 0 0 1 0 0
8	3	1 1 0 0 0 1 0 1 0 1 1 0 0 1 0 0
8	2	0 0 0 1 0 1 0 0 1 1 0 0 0 1 0 0
8	4	1 0 0 0 0 0 0 0 0 0 1 1 0 1 0 0
8	1	0 1 0 0 0 0 0 0 0 0 0 0 0 1 0 1
8	6	0 1 0 0 0 0 0 0 0 0 0 0 1 1 0 0
8	2	0 0 0 1 0 0 0 0 1 0 1 1 0 1 0 0
8	3	1 0 0 1 0 0 0 0 1 0 1 0 0 1 0 0
8	2	1 0 0 0 0 1 0 0 1 1 1 0 0 1 0 0
8	3	0 1 0 0 0 1 0 0 0 0 0 0 0 1 0 0
8	2	1 0 0 0 0 0 0 0 0 1 1 0 0 1 0 0
8	1	0 1 0 1 0 0 0 0 1 0 1 0 0 1 0 0
8	1	0 1 1 0 0 1 0 0 1 1 1 0 0 1 0 0
8	1	1 1 1 0 0 1 0 0 0 1 1 0 0 1 0 0
45	75	1 0 0 0 0 0 0 0 0 0 1 0 0 1 0 0
45	5	0 1 0 0 0 0 0 0 0 0 0 0 0 1 0 0
45	41	0 0 0 1 0 0 0 0 1 0 1 0 0 1 0 0
45	233	0 1 0 0 0 1 0 0 1 1 1 0 0 1 0 0
45	12	0 0 0 1 0 0 0 0 1 0 0 0 0 1 0 0
45	1	1 0 0 0 0 0 0 0 0 0 0 0 0 1 0 0
45	1	0 1 0 0 0 0 0 0 1 0 1 0 0 1 0 0
45	13	1 0 0 0 0 0 0 0 0 0 1 0 1 1 0 0
45	15	0 1 0 0 0 0 0 0 1 0 0 0 0 1 0 0
45	26	0 0 0 1 0 0 0 0 1 0 1 0 0 1 1 0
45	15	0 1 0 0 0 1 1 0 1 1 1 0 0 1 0 0
45	13	1 1 0 0 0 1 0 0 0 1 1 0 0 1 0 0
45	14	1 0 0 0 0 0 0 0 1 0 1 0 0 1 0 0
45	4	0 1 0 0 0 1 0 1 1 1 1 0 0 1 0 0
45	2	0 1 0 0 0 1 0 0 0 1 1 0 0 1 0 0
45	11	1 0 0 0 0 1 0 0 1 1 1 0 0 1 0 0
45	8	1 0 0 0 0 0 0 0 0 1 1 0 0 1 0 0
45	8	0 1 0 0 0 1 0 0 1 0 1 0 0 1 0 0
45	25	0 1 0 1 0 0 0 0 1 0 1 0 0 1 0 0
45	36	0 0 0 1 0 0 0 0 1 1 1 0 0 1 0 0
45	29	0 1 0 0 0 1 0 0 1 1 1 0 1 1 0 0
45	20	1 0 0 1 0 0 0 0 1 0 1 0 0 1 0 0
45	4	0 0 0 0 0 0 0 0 0 0 1 0 0 1 0 0
45	17	0 0 0 1 0 0 0 0 1 0 1 1 0 1 0 0
45	4	1 0 0 0 0 0 0 0 1 1 1 0 0 1 0 0
45	16	1 0 0 0 0 1 0 0 1 1 1 0 1 1 0 0
45	23	0 0 0 1 0 0 0 0 1 0 1 0 0 0 0 0
45	12	0 1 0 0 0 0 0 0 1 0 0 0 0 0 0 0
45	17	1 0 0 0 1 0 0 0 0 0 1 0 0 1 0 0
45	39	1 1 0 0 0 1 0 0 1 1 1 0 0 1 0 0
45	3	0 0 0 1 1 0 0 0 1 1 1 0 0 1 0 0
45	11	1 0 0 0 0 0 1 0 0 0 1 0 0 1 0 0
45	19	1 0 0 0 0 0 0 0 0 0 1 0 0 1 0 1
45	9	0 1 1 0 0 1 0 0 1 1 1 0 0 1 0 0
45	16	1 0 0 0 0 0 0 0 1 0 1 0 0 0 0 0
45	6	0 1 1 0 0 1 0 0 0 0 0 0 0 1 0 0
45	6	0 0 0 0 0 1 0 0 1 1 1 0 0 1 0 0
45	13	1 0 0 0 0 0 0 0 0 0 1 0 0 1 1 0
45	8	1 0 1 0 0 0 0 0 0 0 1 0 0 1 0 1
45	4	0 1 0 1 0 0 0 0 1 0 1 1 0 1 0 0
45	7	1 0 1 0 0 0 0 0 0 0 1 0 0 1 0 0
45	5	0 1 0 0 0 1 0 0 1 1 1 1 0 1 0 0
45	5	1 0 0 0 0 1 0 0 0 1 1 0 0 1 0 0
45	10	1 0 0 0 0 0 0 0 1 0 1 0 1 1 0 0
45	3	0 1 0 0 1 1 0 0 1 1 1 0 1 1 0 0
45	1	0 1 0 0 0 1 0 0 1 1 1 1 1 1 0 0
45	11	0 1 0 0 0 1 0 0 1 1 1 0 0 1 1 0
45	11	0 1 0 0 0 1 0 0 1 1 0 0 0 1 0 0
45	8	0 1 0 0 1 1 0 0 1 1 1 0 0 1 0 0
45	4	1 0 0 0 0 0 0 0 1 0 1 1 0 1 0 0
45	1	1 0 0 0 0 1 0 0 1 0 1 0 1 1 0 0
45	9	1 0 0 0 0 0 0 0 0 0 1 0 0 0 0 0
45	2	0 0 0 0 0 0 0 0 0 1 1 0 0 1 0 0
45	2	1 0 0 0 0 0 1 0 0 0 1 0 0 1 0 1
45	3	1 0 0 0 0 0 1 0 1 0 1 0 0 1 0 0
45	2	0 1 0 1 0 0 0 0 1 0 1 0 1 1 0 0
45	8	1 0 0 0 1 0 0 0 0 0 1 0 0 1 1 0
45	6	1 1 0 0 0 1 0 0 1 0 1 0 0 1 0 0
45	2	0 0 1 1 0 0 0 0 1 0 1 0 0 1 1 0
45	9	1 1 0 0 0 1 0 0 0 0 1 0 0 1 0 0
45	8	0 1 1 0 0 1 0 1 1 1 1 0 0 1 0 0
45	4	1 1 0 0 0 1 0 0 1 0 0 0 0 1 0 0
45	3	0 0 0 1 0 0 0 0 0 1 1 0 0 1 0 0
45	3	0 1 0 0 0 1 1 0 1 0 1 0 0 1 1 0
45	7	1 0 0 0 0 0 0 0 0 1 1 0 0 1 0 1
45	7	0 0 0 1 0 0 0 0 1 1 1 0 0 1 0 1
45	2	0 0 0 0 0 0 0 0 0 0 1 0 0 0 0 0
45	2	0 0 0 1 0 0 0 1 1 0 1 0 0 0 0 0
45	2	1 1 1 0 0 1 0 0 1 1 1 0 0 1 0 0
45	1	0 1 0 0 0 1 1 0 1 1 1 0 1 1 0 0
45	1	1 0 0 0 0 1 0 0 1 1 1 1 0 1 0 0
45	1	1 0 0 1 0 0 0 0 1 0 1 0 0 0 0 0
45	2	0 0 0 0 0 0 1 0 0 0 1 0 0 1 0 0
45	1	1 0 0 0 0 1 0 0 0 0 1 0 0 1 0 1
45	1	1 0 0 0 0 1 0 0 0 0 1 0 0 1 0 0
45	2	0 1 0 0 0 0 0 0 0 0 1 0 0 1 0 0
45	1	1 1 0 0 0 0 0 0 1 0 1 0 0 0 0 0
45	2	0 1 0 0 0 1 0 0 1 1 1 0 0 0 0 0
45	1	1 0 0 0 0 1 0 0 1 1 0 0 0 1 0 0
45	2	0 0 0 0 0 0 0 0 0 0 1 0 0 1 0 1
45	4	0 0 1 0 0 0 0 0 0 0 1 0 0 1 0 1
85	24	1 0 0 0 0 0 0 0 0 0 1 0 0 1 0 0
85	42	0 1 0 0 0 1 0 0 1 1 1 0 0 1 0 0
85	5	0 1 0 0 0 0 0 0 1 0 1 0 0 1 0 0
85	30	0 1 0 0 0 1 1 0 1 1 1 0 0 1 0 0
85	70	1 1 0 0 0 1 0 0 0 1 1 0 0 1 0 0
85	5	0 1 0 0 0 1 0 0 1 0 1 0 0 1 0 0
85	58	0 1 0 1 0 0 0 0 1 0 1 0 0 1 0 0
85	12	0 1 0 0 0 1 0 0 1 1 1 0 1 1 0 0
85	31	1 0 0 1 0 0 0 0 1 0 1 0 0 1 0 0
85	6	1 0 0 0 0 1 0 0 1 1 1 0 1 1 0 0
85	32	0 0 0 1 0 0 0 0 1 0 1 0 0 0 0 0
85	16	1 0 0 0 1 0 0 0 0 0 1 0 0 1 0 0
85	63	1 1 0 0 0 1 0 0 1 1 1 0 0 1 0 0
85	7	1 0 0 0 0 0 0 0 0 0 1 0 0 1 0 1
85	22	1 0 0 0 0 0 0 0 0 0 1 0 0 1 1 0
85	26	1 0 0 0 0 1 0 0 0 1 1 0 0 1 0 0
85	7	1 0 0 0 0 0 0 0 0 0 1 0 0 0 0 0
85	55	1 1 0 0 0 1 0 0 1 0 1 0 0 1 0 0
85	1	0 0 0 1 0 0 0 0 1 1 1 0 0 1 0 1
85	42	0 0 0 1 0 0 0 1 1 0 1 0 0 0 0 0
85	4	0 1 0 1 0 1 0 0 1 1 1 0 0 1 1 0
85	7	1 0 0 0 0 0 0 0 1 1 1 0 0 1 0 0
85	2	0 1 0 1 0 1 1 0 1 1 1 0 0 1 1 0
85	2	0 1 0 0 0 1 0 0 0 0 1 0 0 1 0 0
85	5	0 0 0 1 0 0 0 0 1 0 1 1 0 0 0 0
85	7	1 0 0 1 0 1 0 0 1 1 1 0 1 1 0 0
85	4	0 1 0 1 1 1 0 0 1 1 1 0 1 1 0 0
85	1	0 0 1 0 0 1 0 1 1 1 1 0 0 1 0 0
85	17	1 0 0 0 1 0 0 0 0 0 1 1 0 1 0 0
85	6	1 1 0 0 0 1 0 0 0 1 1 0 1 1 0 0
85	46	0 1 0 0 1 0 1 0 1 0 1 1 0 1 0 0
85	5	0 1 0 0 0 0 0 0 1 0 0 0 0 1 0 0
85	4	1 1 0 0 0 1 0 0 0 1 1 0 0 0 0 0
85	7	1 0 0 0 0 0 0 0 1 0 1 1 0 1 0 0
85	4	1 0 0 0 0 0 0 0 1 1 1 1 0 1 0 0
85	2	1 0 1 0 1 0 0 0 1 0 1 0 0 1 1 0
85	4	0 1 0 0 0 0 0 0 1 0 1 0 0 1 1 0
85	5	0 0 0 1 0 0 0 0 1 0 1 0 0 1 0 0
85	1	0 0 0 1 0 0 0 0 1 0 0 1 0 1 0 0
85	10	1 0 0 0 0 1 0 0 0 1 1 0 1 1 0 0
85	10	0 1 0 0 1 1 0 0 1 1 1 0 0 1 0 0
85	10	1 0 0 0 0 0 0 0 1 0 1 0 0 1 0 0
85	6	1 1 0 0 0 0 0 0 1 1 1 0 1 1 0 0
85	11	1 1 0 0 0 1 0 0 0 1 1 0 0 1 0 1
85	9	1 1 0 0 0 1 0 0 0 1 1 0 0 0 1 0
85	1	1 0 0 0 0 1 0 0 1 1 1 0 0 1 0 0
85	1	1 0 0 0 0 0 0 0 0 0 1 1 0 1 0 0
85	2	1 1 0 0 0 1 0 0 1 0 1 1 0 1 0 0
85	3	1 1 0 0 0 1 0 1 0 0 0 0 0 1 0 0
85	1	1 0 1 0 1 0 0 0 1 0 1 0 0 0 0 0
85	2	1 1 1 0 0 1 0 0 1 1 1 0 0 1 0 0
85	16	0 1 0 1 0 1 0 0 1 1 1 0 0 1 0 0
85	7	1 1 0 0 0 0 0 0 0 1 1 0 1 1 0 0
85	1	1 1 0 0 0 0 0 1 1 0 1 0 0 0 0 0
85	13	1 0 0 0 1 0 0 0 0 0 0 0 0 1 0 0
85	2	0 1 0 0 0 1 0 0 1 0 0 0 0 1 1 0
85	2	0 1 0 1 0 0 0 0 1 1 1 0 0 1 0 0
85	9	1 1 0 1 0 0 0 0 1 0 1 0 0 1 0 0
85	14	0 1 0 0 0 1 1 0 1 1 0 0 0 1 0 0
85	6	0 1 1 0 1 0 1 0 1 0 1 1 0 1 0 0
85	4	0 0 0 0 1 0 0 0 1 0 1 0 0 1 0 0
85	1	0 1 0 0 0 1 1 1 1 1 1 0 1 1 1 0
85	3	1 0 0 1 0 0 0 0 0 0 1 0 0 1 0 0
85	9	0 0 0 0 0 1 1 0 1 1 1 0 0 1 0 0
85	2	1 1 0 0 0 1 1 0 0 1 1 0 0 1 0 0
85	15	0 1 0 0 0 1 0 1 1 1 1 0 0 0 0 0
85	3	1 0 0 1 1 1 0 0 0 0 1 0 0 1 0 0
85	14	1 0 0 0 0 0 0 0 1 0 0 0 0 1 0 0
85	6	1 0 0 0 1 0 0 0 0 0 1 0 0 0 0 0
85	5	1 1 0 0 0 1 0 0 0 0 0 0 0 1 0 0
85	1	0 1 0 0 0 0 0 0 1 0 1 0 0 0 0 0
85	6	1 1 0 1 0 1 0 0 0 1 1 0 0 1 0 0
85	1	1 0 0 0 0 0 0 0 0 1 1 0 1 1 0 0
85	2	0 1 0 1 0 0 0 0 1 0 0 0 0 1 0 0
85	5	1 0 0 0 0 1 0 1 0 0 0 0 0 1 0 0
85	4	1 0 0 1 0 0 0 0 1 0 1 0 1 1 0 0
85	3	0 0 0 1 0 0 0 0 1 1 0 0 0 1 1 0
85	8	1 0 0 1 0 0 0 1 1 0 1 0 0 0 0 0
85	3	0 1 0 1 0 1 0 0 1 0 1 0 0 1 0 0
85	2	1 0 0 0 0 1 0 0 1 1 0 0 1 1 0 0
85	5	1 0 0 0 1 0 1 0 0 0 1 0 0 1 0 0
85	5	1 0 0 0 1 1 0 0 0 1 1 0 0 1 0 0
85	3	1 0 1 0 1 0 0 0 1 0 1 0 0 0 1 0
85	1	1 1 0 0 0 0 0 0 1 0 1 0 1 1 0 0
85	4	1 1 0 0 0 1 0 0 0 0 1 0 0 0 1 0
85	2	1 1 0 0 0 1 1 0 0 1 1 0 0 0 1 0
85	7	1 0 0 0 1 0 0 0 0 0 0 1 0 1 0 0
85	1	0 1 0 1 0 1 0 0 1 0 1 0 0 1 1 0
85	2	0 1 0 0 0 0 0 0 0 0 1 0 0 1 0 0
85	3	1 0 0 0 0 1 0 0 1 0 1 0 1 1 0 0
85	4	1 1 0 0 0 0 0 0 1 1 1 0 0 1 0 0
85	2	1 0 0 1 0 0 0 0 0 0 1 0 0 1 0 1
85	3	1 0 0 0 0 0 0 0 1 0 1 0 0 1 1 0
85	2	0 1 0 0 1 0 1 0 0 0 1 1 0 1 0 0
85	3	0 1 0 1 0 0 0 0 1 0 1 1 0 1 0 0
85	3	1 0 0 0 0 1 1 0 0 1 1 0 0 0 1 0
85	4	0 0 0 1 0 0 0 0 1 0 0 0 0 0 0 0
85	3	1 0 1 0 0 1 0 0 0 1 1 0 0 1 0 0
85	2	0 0 0 1 0 0 1 0 1 0 0 1 0 1 0 0
85	1	1 1 0 1 0 0 0 1 1 0 1 0 0 0 0 0
85	7	1 0 0 1 0 0 1 0 0 0 1 0 0 1 0 0
85	3	1 0 0 1 0 0 0 0 1 0 1 0 0 0 0 0
85	3	0 0 0 0 0 1 0 0 0 1 1 0 0 1 0 0
85	2	1 0 0 0 0 0 0 0 1 0 1 0 0 0 0 0
85	1	1 1 0 0 0 1 1 0 1 1 1 0 0 1 0 0
85	1	0 1 0 1 0 0 0 0 1 1 1 0 0 1 1 0
85	2	0 0 0 1 0 0 0 0 1 0 1 1 0 0 0 1
85	1	0 1 0 0 0 1 0 1 1 1 1 0 0 0 0 1
154	23	0 1 0 1 0 0 0 0 1 0 1 0 0 1 0 0
154	20	1 0 0 1 0 0 0 0 1 0 1 0 0 1 0 0
154	23	1 1 0 0 0 1 0 0 1 1 1 0 0 1 0 0
154	27	1 1 0 0 0 1 0 0 1 0 1 0 0 1 0 0
154	19	0 0 0 1 0 0 0 1 1 0 1 0 0 0 0 0
154	86	1 1 0 1 0 0 0 0 1 0 1 0 0 1 0 0
154	14	1 1 0 1 0 1 0 0 0 1 1 0 0 1 0 0
154	6	0 0 0 1 0 0 0 0 1 0 1 1 0 0 0 1
154	16	0 1 0 1 0 0 0 0 1 0 1 1 0 1 0 0
154	19	1 1 0 0 1 0 0 0 0 0 1 1 0 1 0 0
154	20	0 0 0 1 0 0 0 0 1 0 1 0 0 0 0 1
154	106	0 1 0 1 0 0 0 1 1 0 1 0 0 0 0 0
154	39	0 0 0 1 0 0 0 0 1 1 1 1 0 0 0 0
154	8	1 0 0 0 0 0 0 0 1 0 1 0 1 1 0 0
154	14	0 0 0 1 0 1 0 1 1 0 0 0 0 0 0 0
154	10	1 1 0 1 0 1 1 0 0 1 1 0 1 1 0 0
154	11	1 1 0 0 0 0 0 0 0 0 1 0 0 1 0 0
154	13	0 0 0 1 0 0 0 0 1 0 1 0 0 1 0 0
154	11	1 1 0 0 0 1 0 1 1 0 1 0 0 1 0 0
154	9	1 1 0 1 0 1 0 0 0 1 1 0 0 1 1 0
154	17	1 1 0 0 0 1 0 1 1 1 1 0 0 1 0 0
154	23	0 1 0 1 0 0 0 0 1 0 1 1 0 0 0 0
154	3	0 0 0 1 0 0 0 0 0 0 1 1 0 1 0 0
154	20	0 0 0 1 0 1 0 0 1 0 1 0 0 1 0 0
154	1	0 0 0 1 0 0 0 0 0 0 0 0 0 0 0 0
154	16	0 1 0 0 0 0 0 0 0 0 1 0 0 0 0 0
154	4	0 0 0 1 0 0 0 0 0 1 1 0 0 1 1 0
154	5	0 0 0 1 0 0 0 0 1 0 1 0 1 1 0 0
154	11	0 1 0 1 0 0 0 1 1 0 1 1 0 0 0 0
154	7	0 0 0 1 0 0 0 0 1 0 1 0 1 0 1 1
154	25	0 1 0 1 1 0 0 0 1 0 1 0 0 1 0 0
154	4	1 1 0 0 1 0 1 0 1 0 1 1 0 1 0 0
154	3	1 1 0 1 0 1 0 0 0 0 1 0 0 1 1 0
154	6	0 0 0 1 0 0 0 0 1 0 1 1 0 1 0 0
154	39	1 1 0 1 0 1 0 0 0 1 1 0 0 1 0 1
154	9	0 1 0 1 0 0 0 0 1 0 0 1 0 1 0 0
154	8	0 0 1 1 0 0 0 0 1 1 1 1 0 0 0 0
154	18	1 0 0 0 1 0 0 0 1 0 1 0 1 1 0 0
154	24	1 1 0 1 0 0 0 0 1 0 1 1 0 1 0 0
154	1	1 1 0 1 0 0 1 0 1 0 1 0 1 1 0 0
154	16	1 1 0 0 0 1 0 0 0 1 1 1 0 0 0 0
154	2	0 1 0 1 0 0 0 0 0 0 1 1 0 0 0 0
154	8	1 1 0 1 0 1 0 0 0 0 0 0 0 1 0 0
154	1	0 0 0 1 0 0 0 1 1 1 1 1 0 0 0 0
154	6	1 1 0 0 0 1 1 0 0 1 1 1 0 0 0 0
154	2	1 0 0 1 0 0 0 0 1 1 1 0 0 1 0 1
154	1	1 1 0 1 0 0 0 0 0 0 1 1 0 0 0 0
154	15	1 0 0 0 1 0 0 0 1 0 1 1 0 0 0 0
154	25	1 1 0 1 0 0 1 0 1 0 1 0 0 0 0 0
154	4	0 0 0 1 0 0 0 0 1 1 1 0 0 0 0 0
154	2	0 0 0 1 0 1 0 1 1 0 1 0 0 1 0 0
154	7	0 1 0 1 0 0 0 0 1 0 1 0 0 0 0 0
154	1	0 1 0 1 0 0 0 1 1 0 1 0 0 1 0 0
154	5	1 1 0 0 0 0 0 0 1 0 1 1 0 0 0 0
154	9	1 1 1 0 0 1 0 0 1 1 1 0 0 1 0 0
154	24	0 1 0 1 1 1 0 0 1 0 1 0 0 1 0 0
154	2	0 0 0 1 0 1 0 0 1 0 1 0 0 0 0 1
154	5	0 0 0 1 0 0 0 0 1 1 0 1 0 0 0 0
154	2	1 1 0 0 0 1 0 0 1 0 1 0 0 1 0 1
154	3	1 1 0 1 0 0 0 1 1 0 1 0 0 0 0 0
154	5	1 1 0 1 0 1 0 1 0 1 1 0 0 1 1 0
154	13	1 0 0 1 0 0 0 0 0 1 1 0 0 1 0 0
154	1	0 0 0 1 0 0 0 1 1 0 1 0 0 0 0 1
154	3	1 1 0 0 0 1 0 0 1 1 1 0 0 0 0 0
154	1	1 1 0 1 0 0 0 0 0 0 1 0 0 1 0 0
154	1	0 1 0 1 0 0 0 0 1 1 1 0 0 1 0 0
154	7	0 1 0 1 0 0 0 1 1 1 1 1 0 0 0 0
154	3	0 1 0 1 0 1 0 0 1 0 1 1 0 1 0 0
154	9	0 0 1 1 0 0 0 0 1 0 1 0 0 0 0 1
154	5	0 1 0 1 0 0 1 0 0 1 1 1 0 0 0 0
154	1	0 1 0 1 1 0 0 1 1 0 1 0 0 0 0 0
154	3	1 0 0 1 0 0 0 0 1 0 1 0 1 0 1 1
154	3	1 1 0 0 0 1 0 1 1 0 1 0 0 0 0 0
154	1	0 0 1 1 0 1 0 1 1 0 1 0 0 0 0 0
154	2	0 1 0 1 0 0 1 0 1 0 1 1 0 1 0 0
154	6	0 0 0 1 0 0 1 0 1 0 1 0 0 0 0 1
154	1	1 1 0 0 0 0 1 0 1 0 1 1 0 1 0 0
154	8	1 0 0 0 1 0 0 0 1 0 1 0 0 0 0 0
154	3	1 1 0 1 0 0 0 0 1 0 1 1 0 0 0 0
154	1	0 0 0 1 0 0 0 0 1 0 1 1 0 0 0 0
154	2	1 0 0 0 1 0 0 0 0 0 1 0 0 0 0 0
154	5	1 1 0 1 0 0 0 0 1 0 1 0 1 1 0 0
154	6	0 1 0 1 0 0 0 0 1 1 1 1 0 0 0 0
154	2	1 1 0 1 0 1 0 0 0 0 0 1 0 1 0 0
154	1	0 0 0 1 0 0 0 0 1 0 1 0 0 0 0 0
154	1	1 1 0 1 0 0 0 0 1 0 0 0 0 1 0 0
154	1	0 1 0 1 0 0 1 0 1 0 1 0 0 1 0 0
154	1	0 1 1 0 0 0 1 0 1 0 1 1 0 1 0 0
154	4	0 1 0 1 1 0 0 1 1 1 1 1 0 0 0 0
154	2	1 0 0 1 0 1 0 1 1 0 1 0 0 1 0 0
154	2	0 1 0 1 1 0 0 0 0 1 1 1 0 0 0 0
154	1	1 1 0 0 1 0 0 0 1 0 1 0 1 1 0 0
154	1	1 1 0 1 0 1 0 0 0 1 1 1 0 1 0 0
154	2	1 1 1 1 0 1 0 0 0 0 0 0 0 1 0 0
154	2	1 1 0 1 1 1 0 0 0 0 0 0 0 1 0 0
154	1	0 0 1 1 0 0 0 1 1 1 1 1 0 0 0 0
154	2	1 0 0 1 0 0 0 1 1 0 1 0 0 0 0 0
154	1	0 1 0 1 0 0 0 1 1 0 1 1 0 1 0 0
154	1	0 0 0 1 0 1 0 1 1 0 1 0 0 0 0 0
154	2	1 1 0 1 0 0 1 1 1 0 1 0 0 0 0 0
154	2	0 1 0 1 1 0 0 1 1 0 1 0 0 1 0 1
154	1	1 0 0 1 0 0 0 0 1 0 1 0 0 1 1 0
154	1	0 1 0 1 0 0 0 1 1 1 1 0 0 0 0 0
154	1	1 1 0 0 0 1 0 1 1 0 1 0 0 0 1 0
239	30	0 0 0 1 0 0 0 1 1 0 1 0 0 0 0 0
239	13	1 1 0 1 0 0 0 0 1 0 1 0 0 1 0 0
239	48	1 1 0 1 0 1 0 0 0 1 1 0 0 1 0 0
239	100	0 1 0 1 0 0 0 1 1 0 1 0 0 0 0 0
239	9	1 1 0 1 0 0 1 0 1 0 1 0 1 1 0 0
239	9	1 1 0 0 0 1 0 0 0 1 1 1 0 0 0 0
239	36	1 1 0 1 0 0 1 0 1 0 1 0 0 0 0 0
239	16	1 1 1 0 0 1 0 0 1 1 1 0 0 1 0 0
239	11	1 1 0 1 0 0 0 0 1 0 1 0 1 1 0 0
239	17	0 0 1 1 0 0 0 0 1 1 1 0 0 0 0 0
239	34	0 1 0 1 1 0 0 1 1 0 1 0 0 0 0 0
239	3	1 1 0 1 0 0 0 0 1 0 1 1 0 0 0 0
239	13	0 1 0 1 1 0 0 0 1 0 1 1 0 0 0 0
239	22	1 1 0 0 0 0 0 0 1 0 0 0 0 0 0 0
239	14	1 1 0 1 1 0 1 0 0 1 1 1 0 0 0 0
239	42	0 1 0 1 0 0 1 1 1 0 1 0 0 0 0 1
239	13	1 1 0 0 0 0 0 0 1 1 0 0 0 0 0 0
239	48	0 0 1 1 1 0 0 0 1 1 1 0 0 0 0 0
239	6	1 1 0 0 0 1 0 1 1 1 1 0 0 1 0 0
239	24	0 1 1 1 1 0 1 0 1 0 1 1 0 0 0 0
239	3	0 1 0 1 0 1 0 0 1 0 1 1 0 0 0 0
239	15	1 1 0 1 0 0 0 0 0 0 1 1 0 0 0 0
239	8	0 0 1 1 1 0 0 0 1 0 0 0 0 0 0 0
239	37	1 1 0 1 0 0 0 1 1 0 1 0 0 0 0 0
239	18	0 0 0 1 0 0 0 0 1 0 1 0 0 1 0 0
239	3	1 1 1 1 0 1 0 0 0 1 1 0 0 1 0 0
239	7	0 1 0 1 0 0 1 0 1 0 1 0 0 0 0 0
239	1	0 1 0 0 0 0 0 0 1 0 1 0 0 0 0 0
239	21	0 1 1 1 1 0 1 0 1 0 1 0 0 1 0 0
239	4	1 0 0 1 0 0 0 0 0 1 1 0 0 1 0 0
239	13	0 1 1 1 1 0 1 0 1 0 1 0 1 1 0 0
239	28	0 1 0 1 0 0 1 1 1 0 1 0 0 0 0 0
239	6	1 1 0 0 0 0 0 0 0 0 1 0 1 1 0 0
239	14	1 1 0 1 0 0 1 1 1 0 1 0 0 0 0 1
239	20	1 1 0 1 0 0 0 1 1 1 1 0 0 0 0 0
239	1	0 1 0 1 1 0 0 0 1 0 1 0 0 0 0 0
239	2	0 0 1 1 1 0 0 0 1 1 1 0 0 0 0 1
239	2	1 1 0 0 0 0 0 0 1 1 1 0 0 0 0 1
239	3	1 1 0 0 0 0 1 0 1 0 1 0 1 1 0 0
239	9	0 0 1 1 0 0 0 0 1 0 0 0 0 0 0 0
239	10	0 1 1 1 0 0 0 0 1 0 1 0 1 1 0 0
239	2	1 0 1 1 0 1 0 0 1 0 1 1 0 1 0 0
239	5	1 0 1 1 1 0 0 1 1 1 1 0 0 0 0 0
239	18	1 0 1 1 1 0 0 0 1 1 1 0 0 0 0 0
239	4	0 0 0 1 0 0 0 0 1 0 1 0 1 1 0 0
239	5	0 1 0 1 0 0 1 0 1 0 0 1 0 1 0 1
239	15	0 1 0 1 0 0 0 1 1 0 1 0 0 0 0 1
239	1	1 1 0 1 0 0 1 0 1 0 0 0 0 0 0 0
239	10	1 1 0 1 0 0 0 0 0 0 1 0 0 0 0 0
239	4	0 1 1 1 1 0 1 0 0 1 1 0 0 1 0 0
239	3	0 0 1 0 1 0 0 0 1 1 1 1 0 0 0 0
239	2	0 0 0 1 0 0 0 0 1 0 1 0 0 0 0 0
239	6	0 0 1 1 0 0 0 0 1 1 1 1 0 0 0 0
239	8	0 1 0 1 0 0 1 1 1 1 1 0 0 0 0 1
239	7	1 1 0 1 0 1 0 0 0 0 1 0 0 0 0 0
239	8	0 1 0 1 0 0 0 1 1 0 1 0 0 0 1 0
239	3	0 1 1 1 0 0 0 1 1 0 1 0 0 0 0 0
239	1	0 0 1 1 0 0 0 1 1 1 1 0 0 0 0 0
239	4	0 0 1 1 1 0 0 0 0 1 1 0 0 0 0 0
239	1	0 1 1 1 1 0 1 0 1 0 1 0 1 1 1 0
239	2	0 0 0 1 0 1 0 0 1 0 0 0 0 1 0 0
239	3	0 1 0 1 1 0 1 1 1 0 1 0 0 1 1 0
239	1	0 1 0 1 1 0 1 0 1 0 1 0 1 0 0 0
239	4	0 0 0 1 0 0 0 1 1 0 1 0 0 1 0 0
239	5	1 0 1 1 0 0 0 0 1 1 1 0 0 0 0 0
239	5	0 1 0 0 0 1 0 0 1 0 1 0 0 0 0 0
239	3	0 1 0 1 0 0 0 0 1 0 1 0 0 0 0 0
239	3	0 0 0 1 0 0 0 1 1 0 1 0 0 0 1 0
239	2	1 1 0 1 0 0 0 0 1 0 0 0 0 1 0 0
239	3	1 0 0 0 0 0 0 0 1 1 0 0 0 0 0 0
239	2	1 1 1 0 0 1 0 1 1 0 1 0 0 0 0 1
239	1	1 0 0 0 0 0 1 0 1 0 1 0 1 1 0 0
239	4	0 0 1 0 1 0 0 0 1 0 1 1 0 0 0 0
239	14	1 0 1 1 0 1 0 0 1 1 1 0 0 0 0 0
239	3	0 1 0 1 0 0 0 0 1 0 1 0 1 1 0 0
239	8	0 1 0 1 0 1 0 0 0 1 1 0 0 1 0 0
239	4	1 1 0 1 0 0 0 1 1 0 1 0 0 0 1 0
239	1	0 0 0 1 0 0 0 0 0 1 1 0 0 1 0 0
239	1	0 1 0 1 0 0 1 1 1 0 1 0 1 0 0 1
239	2	1 1 0 1 0 0 0 1 0 0 1 1 0 0 0 0
239	1	1 1 0 0 0 0 1 0 1 1 1 0 0 0 0 1
239	2	0 0 1 1 0 0 1 0 1 0 0 0 0 0 0 0
239	1	0 1 0 1 1 0 1 1 1 1 1 0 0 0 0 1
239	1	0 1 0 1 1 0 0 1 1 0 1 0 0 0 0 1
239	3	0 0 1 0 0 1 0 0 1 0 1 0 0 0 0 0
239	2	0 0 0 1 0 1 0 0 0 1 1 0 0 0 0 0
239	1	0 1 0 1 0 0 0 1 1 0 1 1 0 0 0 0
239	1	1 1 1 0 0 1 0 0 1 1 1 0 1 1 0 0
239	3	0 1 0 0 0 0 0 0 1 0 1 0 1 0 0 0
239	4	1 0 1 1 1 0 1 1 1 1 1 0 0 0 0 0
239	5	0 0 1 1 0 0 0 0 1 1 0 1 0 0 0 0
239	5	0 1 0 1 1 1 0 0 0 1 1 0 0 1 0 0
239	2	0 1 0 1 0 0 1 1 1 1 1 0 0 0 0 0
239	1	0 0 0 1 0 0 1 1 1 0 1 0 0 0 0 1
239	3	0 0 1 1 0 0 0 0 1 0 0 0 0 1 0 0
239	2	0 1 0 1 0 0 1 0 1 0 1 0 0 0 0 1
239	6	1 1 0 1 0 0 0 1 1 0 1 1 0 0 0 0
239	2	1 1 0 1 0 0 0 0 1 0 1 0 0 0 0 0
239	5	1 1 0 0 0 0 0 0 1 1 0 0 0 1 0 0
239	2	0 0 0 0 0 0 0 0 1 0 1 0 0 1 0 0
239	3	1 1 0 0 1 0 0 0 1 1 1 0 0 0 0 1
239	1	0 1 0 1 0 0 1 1 1 0 0 0 1 0 0 1
239	1	1 1 0 1 0 0 1 0 1 0 1 0 0 1 0 0
239	1	0 0 1 1 0 0 0 0 1 1 1 0 0 1 0 0
239	2	1 1 0 0 0 0 0 0 1 1 1 1 0 0 0 0
239	1	0 1 0 1 0 0 0 0 1 1 1 0 0 0 0 0
239	2	0 1 1 1 1 0 0 0 1 1 1 0 0 0 0 0
239	1	1 0 1 1 0 0 0 1 0 0 1 1 0 0 0 0
239	1	0 1 0 1 0 0 0 0 0 0 1 0 0 0 0 0
239	1	0 1 0 1 0 0 0 1 0 0 1 0 0 0 0 0
239	3	0 1 0 0 0 0 1 1 1 0 1 0 0 0 0 1
239	2	0 1 0 1 0 1 0 0 1 1 1 1 0 0 0 0
239	2	1 1 0 1 0 0 0 0 0 0 1 1 0 0 0 1
239	2	1 1 1 1 0 0 0 0 0 0 1 1 0 0 0 0
239	1	1 1 1 1 0 1 0 1 0 1 1 0 0 1 0 0
239	1	0 1 1 1 1 0 0 0 1 1 1 0 0 0 0 1
239	2	1 1 0 1 0 0 0 0 0 0 1 0 0 0 1 0
239	3	0 0 0 1 0 0 1 1 1 1 1 0 0 0 0 1
239	1	1 0 0 1 0 1 0 0 0 0 1 0 0 0 0 0
239	4	1 0 1 0 0 1 0 1 1 0 1 0 0 0 0 1
239	2	0 1 1 1 1 0 1 0 1 1 1 0 0 0 0 0
252	14	1 1 0 1 0 0 0 0 1 0 1 0 0 1 0 0
252	73	1 1 0 1 0 1 0 0 0 1 1 0 0 1 0 0
252	112	0 1 0 1 0 0 0 1 1 0 1 0 0 0 0 0
252	4	1 1 0 1 0 0 1 0 1 0 1 0 1 1 0 0
252	2	1 1 0 0 0 1 0 0 0 1 1 1 0 0 0 0
252	60	1 1 0 1 0 0 1 0 1 0 1 0 0 0 0 0
252	27	1 1 1 0 0 1 0 0 1 1 1 0 0 1 0 0
252	8	0 0 1 1 0 0 0 0 1 1 1 0 0 0 0 0
252	38	0 1 0 1 1 0 0 1 1 0 1 0 0 0 0 0
252	28	1 1 0 0 0 0 0 0 1 0 0 0 0 0 0 0
252	12	1 1 0 1 1 0 1 0 0 1 1 1 0 0 0 0
252	30	0 1 0 1 0 0 1 1 1 0 1 0 0 0 0 1
252	4	1 1 0 0 0 0 0 0 1 1 0 0 0 0 0 0
252	58	0 0 1 1 1 0 0 0 1 1 1 0 0 0 0 0
252	32	0 1 1 1 1 0 1 0 1 0 1 1 0 0 0 0
252	24	1 1 0 1 0 0 0 0 0 0 1 1 0 0 0 0
252	12	0 0 1 1 1 0 0 0 1 0 0 0 0 0 0 0
252	16	1 1 0 1 0 0 0 1 1 0 1 0 0 0 0 0
252	3	0 0 0 1 0 0 0 0 1 0 1 0 0 1 0 0
252	2	1 1 1 1 0 1 0 0 0 1 1 0 0 1 0 0
252	9	0 1 0 1 0 0 1 0 1 0 1 0 0 0 0 0
252	16	0 1 1 1 1 0 1 0 1 0 1 0 0 1 0 0
252	19	0 1 1 1 1 0 1 0 1 0 1 0 1 1 0 0
252	26	0 1 0 1 0 0 1 1 1 0 1 0 0 0 0 0
252	25	1 1 0 1 0 0 1 1 1 0 1 0 0 0 0 1
252	1	1 1 0 1 0 0 0 1 1 1 1 0 0 0 0 0
252	4	0 0 1 1 0 0 0 0 1 0 0 0 0 0 0 0
252	2	0 1 1 1 0 0 0 0 1 0 1 0 1 1 0 0
252	37	1 0 1 1 1 0 0 0 1 1 1 0 0 0 0 0
252	3	0 1 1 1 1 0 1 0 0 1 1 0 0 1 0 0
252	3	0 0 0 1 0 0 0 0 1 0 1 0 0 0 0 0
252	15	0 1 0 1 0 0 0 1 1 0 1 0 0 0 1 0
252	7	0 0 1 1 1 0 0 0 0 1 1 0 0 0 0 0
252	1	0 0 0 1 0 0 0 1 1 0 1 0 0 1 0 0
252	6	1 0 1 1 0 0 0 0 1 1 1 0 0 0 0 0
252	3	1 0 1 1 0 1 0 0 1 1 1 0 0 0 0 0
252	10	0 1 0 1 0 1 0 0 0 1 1 0 0 1 0 0
252	3	1 1 0 1 0 0 0 1 1 0 1 0 0 0 1 0
252	9	0 0 1 1 0 0 0 0 1 1 0 1 0 0 0 0
252	4	0 1 0 1 1 1 0 0 0 1 1 0 0 1 0 0
252	14	1 1 0 0 0 0 0 0 1 1 0 0 0 1 0 0
252	9	0 1 0 1 0 0 1 1 1 0 0 0 1 0 0 1
252	4	0 1 0 0 0 0 1 1 1 0 1 0 0 0 0 1
252	4	1 1 0 1 0 0 0 0 0 0 1 0 0 0 1 0
252	10	0 1 1 1 1 0 1 0 1 1 1 0 0 0 0 0
252	6	0 1 1 1 0 1 0 0 0 1 1 0 0 1 0 0
252	6	0 1 1 1 1 0 1 0 1 0 1 0 0 0 0 0
252	3	0 0 0 1 0 0 0 1 1 0 1 1 0 0 0 0
252	17	1 1 0 1 0 0 0 1 1 0 1 0 0 1 0 0
252	3	0 0 0 0 0 1 0 0 1 0 1 0 0 0 0 0
252	7	0 1 0 1 1 0 0 0 1 0 1 0 0 0 0 0
252	3	1 1 1 1 1 0 1 0 0 1 1 1 0 0 0 0
252	10	0 1 0 1 0 0 0 1 1 1 1 0 0 0 0 0
252	10	0 1 0 1 0 0 0 1 1 0 0 0 0 0 0 0
252	2	0 1 0 1 0 0 0 0 1 0 1 0 0 0 0 0
252	5	0 0 1 1 1 0 1 0 1 1 1 0 0 0 0 0
252	2	0 1 0 1 0 0 1 1 0 1 1 1 0 0 0 0
252	13	0 0 0 1 0 0 0 0 1 1 1 0 0 0 0 0
252	2	1 1 0 0 1 0 0 0 1 1 1 0 0 0 0 0
252	2	0 1 1 1 1 0 1 0 1 0 1 1 0 0 0 1
252	5	1 1 0 1 1 0 0 1 1 0 1 0 0 0 0 0
252	8	0 1 1 1 1 0 1 0 0 1 1 1 0 0 0 0
252	7	1 0 1 1 1 0 1 1 1 0 1 0 0 0 0 0
252	6	0 1 0 0 0 0 0 0 1 1 1 0 0 0 0 0
252	2	1 1 0 0 0 1 0 0 1 1 0 0 0 1 0 0
252	1	1 1 0 0 0 0 0 0 0 0 1 0 0 0 1 0
252	4	0 1 1 1 0 0 1 0 1 0 1 0 0 0 0 0
252	7	1 1 0 1 0 0 0 0 1 0 1 1 0 0 0 0
252	1	0 0 1 1 1 1 0 0 1 1 1 0 0 1 0 0
252	2	1 1 1 1 1 0 0 0 0 1 1 0 0 0 0 0
252	1	0 1 0 1 0 0 0 1 1 0 0 0 0 0 0 1
252	1	1 1 1 0 0 0 0 0 1 1 1 0 0 1 0 0
252	4	0 1 0 1 1 0 1 1 1 0 1 0 0 0 0 1
252	4	1 1 1 1 0 1 0 0 1 1 1 0 0 1 0 0
252	5	1 0 0 1 0 0 1 1 1 0 1 0 0 0 0 1
252	1	0 1 1 1 0 1 0 1 0 1 1 0 0 1 0 0
252	3	0 0 1 1 1 0 1 1 1 0 1 0 0 0 0 1
252	2	1 1 0 1 1 0 1 0 1 0 1 0 0 1 0 0
252	5	0 1 0 1 0 0 0 1 1 0 1 0 1 0 0 0
252	2	1 1 1 1 0 0 1 0 1 0 1 0 0 0 0 0
252	2	0 0 1 1 1 0 0 0 1 0 1 0 0 0 0 0
252	2	0 1 1 1 1 0 1 0 1 0 0 1 0 0 0 0
252	3	0 1 1 1 0 0 0 0 0 0 1 0 1 1 0 0
252	1	0 0 1 1 0 0 0 0 1 0 1 0 0 0 0 0
252	1	0 1 0 1 0 1 0 1 1 0 1 0 0 0 0 0
252	3	1 1 0 0 0 0 1 0 1 0 1 0 0 0 0 0
252	3	0 1 1 1 1 0 1 0 1 0 0 1 0 0 0 1
252	1	1 1 0 1 0 1 0 0 1 1 1 0 0 1 0 0
252	3	1 1 0 1 0 1 0 0 0 1 1 0 0 0 0 0
252	2	0 1 0 1 0 0 0 0 1 1 1 0 0 0 0 0
252	2	0 1 0 1 0 0 0 1 1 0 1 0 0 1 0 0
252	3	0 1 0 1 1 0 1 0 1 1 1 0 0 0 0 0
252	1	0 1 1 1 1 0 1 0 1 1 1 0 0 1 0 0
252	1	0 1 0 1 0 1 0 0 0 1 1 0 0 0 0 0
252	1	0 1 0 1 1 0 0 0 1 1 1 0 0 0 0 0
252	1	0 1 0 0 0 0 0 1 1 0 1 0 0 0 0 0
252	2	0 1 1 1 1 0 1 0 1 1 1 0 1 1 0 0
252	1	0 1 0 1 0 0 1 1 1 0 0 0 0 0 0 0
252	2	0 1 0 1 0 0 0 1 1 0 0 0 0 0 1 0
350	9	0 1 0 1 0 0 0 1 1 0 1 0 0 0 0 0
350	25	1 1 0 1 0 0 1 0 1 0 1 0 0 0 0 0
350	65	0 1 0 1 1 0 0 1 1 0 1 0 0 0 0 0
350	42	0 1 0 1 0 0 1 0 1 0 1 0 0 0 0 0
350	10	0 1 1 1 1 0 1 0 1 0 1 0 0 0 0 0
350	41	1 1 1 1 1 0 1 0 0 1 1 1 0 0 0 0
350	58	1 1 1 1 0 1 0 0 1 1 1 0 0 1 0 0
350	4	0 1 0 1 0 0 0 0 1 0 0 0 0 0 0 0
350	38	1 1 0 1 0 0 1 0 1 0 0 0 0 0 0 0
350	9	1 1 0 0 0 0 1 0 1 0 1 0 0 0 0 0
350	8	1 1 1 1 1 0 1 0 0 1 1 1 0 0 0 1
350	7	1 1 1 0 1 0 1 0 0 1 1 1 0 0 0 0
350	19	1 0 0 1 1 1 1 0 1 0 1 1 0 0 0 0
350	6	1 1 1 1 1 0 1 0 1 0 1 0 0 0 0 0
350	7	1 1 0 1 0 0 0 0 1 1 1 0 0 0 0 0
350	15	1 1 1 1 1 0 1 0 1 0 1 1 0 0 0 0
350	3	0 1 1 1 1 0 0 0 1 1 1 0 0 0 1 0
350	19	1 1 0 1 0 0 0 0 1 0 1 0 0 0 0 0
350	15	1 1 1 1 1 0 0 0 1 1 1 0 0 0 0 0
350	1	1 1 0 1 0 0 0 0 1 1 1 0 1 0 0 0
350	11	0 1 0 0 1 0 1 0 0 1 1 0 0 0 0 0
350	6	1 1 1 1 1 1 0 0 1 1 1 0 0 1 0 0
350	13	1 1 0 1 0 0 0 0 1 1 1 0 0 1 0 0
350	17	1 1 0 1 1 1 1 0 1 0 1 1 0 0 0 0
350	5	1 1 0 1 0 0 0 1 1 0 1 0 0 0 0 0
350	56	0 1 1 1 0 0 1 0 1 0 1 0 0 0 0 0
350	38	0 0 1 1 1 1 1 0 1 0 1 1 0 0 0 0
350	21	1 1 0 1 0 0 0 1 1 0 1 0 0 1 0 0
350	11	1 1 0 1 0 0 1 1 1 0 0 0 0 0 0 0
350	3	1 0 1 0 1 0 0 0 1 1 0 0 1 0 0 0
350	8	1 1 1 0 0 0 0 0 1 0 0 0 0 0 0 0
350	1	1 0 0 1 0 1 0 0 0 1 1 0 0 0 0 0
350	1	1 0 1 1 1 0 1 0 0 1 1 1 0 0 0 0
350	20	0 1 0 1 1 0 0 1 1 0 1 0 0 1 0 0
350	12	1 1 1 1 0 1 0 0 1 1 1 0 0 1 0 1
350	51	1 1 0 1 0 0 0 0 1 1 1 0 1 1 0 0
350	2	0 1 0 1 1 1 1 0 1 0 1 1 0 0 0 0
350	13	0 1 0 1 0 0 1 0 1 0 1 1 0 0 0 0
350	3	1 0 0 1 0 1 0 0 0 1 1 0 0 1 0 0
350	7	0 1 1 1 1 0 0 0 1 1 1 0 0 0 0 0
350	21	0 1 0 1 1 0 0 1 1 0 1 1 0 0 0 0
350	7	1 1 0 1 0 0 0 0 0 0 1 0 0 1 0 0
350	4	1 0 0 1 1 1 1 0 1 0 1 0 0 0 0 0
350	9	1 1 1 1 1 0 1 0 1 0 0 1 0 0 0 0
350	6	0 1 1 1 1 0 1 0 1 0 1 0 1 0 0 0
350	13	1 1 1 1 1 0 1 1 0 0 1 1 0 0 0 0
350	2	0 0 1 1 0 0 0 0 1 1 1 0 0 1 0 0
350	9	1 1 0 1 0 0 1 0 1 0 1 0 0 1 0 0
350	4	1 1 1 1 0 0 0 0 1 1 1 0 0 0 0 0
350	8	0 1 0 1 1 0 0 0 1 0 1 0 0 1 0 0
350	1	1 1 1 1 1 0 1 0 1 0 0 0 0 0 0 0
350	8	1 1 0 1 0 0 1 0 0 0 1 0 0 0 0 0
350	3	1 1 1 1 0 0 1 0 0 0 1 1 0 0 0 0
350	2	0 1 0 1 1 0 1 0 1 0 1 1 0 0 0 0
350	6	1 1 0 1 0 0 1 0 1 0 0 0 0 0 0 1
350	1	1 0 0 1 0 0 1 0 1 0 0 0 0 0 0 0
350	1	1 1 1 1 1 0 1 0 0 0 1 1 0 0 1 0
350	11	0 1 0 0 1 0 0 1 1 0 1 1 0 0 0 0
350	12	1 1 1 1 1 1 0 0 1 1 1 0 0 1 0 1
350	3	1 0 1 1 0 1 0 0 0 1 1 0 0 0 0 0
350	5	1 1 0 1 0 0 0 0 0 0 1 1 0 1 0 0
350	15	1 1 0 1 1 0 0 1 1 0 1 0 0 0 0 0
350	3	1 1 0 1 0 1 0 0 0 1 0 1 0 0 0 1
350	3	1 1 1 1 1 0 1 0 0 0 0 1 0 0 0 0
350	2	1 1 1 1 1 0 0 0 1 0 1 0 1 1 0 0
350	5	1 1 1 1 0 1 0 0 0 1 1 0 0 0 0 0
350	1	0 1 1 1 1 0 1 0 1 1 1 0 0 0 0 0
350	1	1 0 0 1 0 1 0 0 0 0 1 0 0 0 0 0
350	3	1 1 1 1 0 1 1 0 1 1 1 0 0 1 0 1
350	5	0 0 1 1 0 0 1 0 1 0 1 0 0 0 0 0
350	6	0 1 0 0 0 0 1 0 1 0 1 0 0 0 0 0
350	1	0 1 0 1 1 0 0 1 1 0 0 0 0 0 0 0
350	7	0 1 0 1 0 0 0 0 1 0 0 0 0 0 0 1
350	3	0 0 1 1 0 1 1 0 1 0 1 1 0 0 0 0
350	1	1 1 1 1 1 0 1 0 1 0 1 1 0 0 0 1
350	13	0 1 0 1 0 0 1 0 1 0 0 0 0 0 0 0
350	2	1 1 1 1 1 0 1 0 1 0 0 1 0 0 0 1
350	4	1 1 1 1 1 0 1 1 1 0 1 1 0 0 0 0
350	2	0 1 1 1 0 1 0 0 1 1 1 0 0 1 0 1
350	2	1 1 1 1 0 1 0 1 1 0 1 1 0 0 0 0
350	1	1 0 0 1 0 0 0 1 1 0 1 0 0 0 0 0
350	1	1 1 1 1 1 0 1 0 0 1 1 1 1 0 0 0
350	4	1 0 1 0 1 0 1 0 0 1 1 1 0 0 0 0
350	5	0 1 1 1 1 0 0 1 0 1 1 0 0 0 0 0
350	5	0 1 0 1 0 0 0 0 1 0 1 1 0 0 0 0
350	2	0 1 0 0 1 0 1 0 0 1 1 0 0 1 0 0
350	3	1 1 1 1 1 0 0 0 0 0 1 1 0 1 0 0
350	1	0 1 0 1 1 0 0 1 1 0 0 0 0 1 0 0
350	5	1 0 0 1 0 0 1 0 1 1 0 0 0 0 0 0
350	1	0 0 1 1 0 1 1 0 1 0 1 1 0 0 1 0
350	4	0 1 0 1 0 0 1 0 1 0 0 0 0 0 0 1
350	1	0 0 1 1 1 0 0 0 0 0 1 0 0 1 0 0
350	3	0 1 0 1 1 0 0 1 1 0 1 1 0 0 0 1
350	1	1 1 1 1 1 0 1 0 1 1 1 0 0 0 0 0
350	1	1 0 0 1 0 0 0 0 1 1 1 0 0 0 0 0
350	6	0 1 0 0 1 0 1 0 0 1 0 0 0 0 0 0
350	1	1 0 1 1 1 0 1 0 1 1 1 1 0 0 0 0
350	1	1 1 1 1 1 0 0 0 1 0 0 1 0 0 0 0
350	3	1 1 0 1 0 0 1 0 1 0 1 1 1 0 0 0
350	2	0 1 1 1 0 0 0 1 1 0 1 0 0 0 0 0
350	2	1 0 1 1 1 0 1 0 1 0 1 0 0 1 0 0
350	2	0 1 0 1 1 0 1 0 1 0 1 0 0 0 0 0
350	1	1 1 1 1 0 0 1 0 1 0 0 0 0 0 0 1
350	1	1 1 0 1 0 0 0 0 0 0 1 1 0 0 0 0
350	1	0 1 1 1 1 0 1 0 1 0 0 0 0 0 0 0
350	2	1 1 1 1 1 0 0 0 1 0 1 0 0 0 0 0
350	2	0 1 1 1 0 0 1 0 0 0 1 0 0 0 0 0
350	1	1 0 0 1 0 0 0 0 0 0 1 1 0 1 0 0
350	3	1 1 1 1 0 1 0 0 0 1 1 0 0 1 0 0
350	1	0 1 1 1 1 0 0 1 1 0 1 0 0 0 0 0
350	3	1 1 1 1 0 1 0 0 1 0 1 1 0 0 0 0
350	1	1 1 1 1 0 1 0 0 1 0 1 0 0 0 0 0
350	1	1 1 1 0 0 0 0 0 1 0 1 0 0 1 0 1
350	1	1 0 0 1 0 1 0 0 1 1 1 0 0 0 0 0
350	1	1 1 1 1 0 0 1 0 1 0 1 0 0 0 0 0
350	1	1 1 0 1 1 0 1 0 1 0 0 0 0 0 0 0
350	2	0 1 0 1 1 0 1 1 1 0 1 0 0 1 0 0
350	1	1 1 1 1 0 1 0 1 1 1 1 0 0 1 0 1
350	2	1 1 0 1 0 1 0 0 1 1 1 0 0 1 0 1
350	2	1 0 0 1 1 1 1 0 1 0 1 0 1 0 0 0
350	3	0 1 1 1 0 1 0 0 0 1 1 0 0 1 0 0
400	10	1 1 0 1 0 0 1 0 1 0 1 0 0 0 0 0
400	9	0 1 0 1 1 0 0 1 1 0 1 0 0 0 0 0
400	2	0 1 0 1 0 0 1 0 1 0 1 0 0 0 0 0
400	75	0 1 1 1 1 0 1 0 1 0 1 0 0 0 0 0
400	75	1 1 1 1 1 0 1 0 0 1 1 1 0 0 0 0
400	30	1 1 1 1 0 1 0 0 1 1 1 0 0 1 0 0
400	17	1 1 0 1 0 0 1 0 1 0 0 0 0 0 0 0
400	53	1 1 1 1 1 0 1 0 0 1 1 1 0 0 0 1
400	22	1 1 0 1 0 0 0 0 1 0 1 0 0 0 0 0
400	51	0 1 1 1 0 0 1 0 1 0 1 0 0 0 0 0
400	26	1 1 1 0 0 0 0 0 1 0 0 0 0 0 0 0
400	40	1 1 0 1 1 0 0 1 1 0 1 0 0 0 0 0
400	17	1 1 1 1 1 0 1 0 1 0 0 1 0 0 0 1
400	15	1 1 1 1 1 0 0 0 1 0 1 0 0 0 0 0
400	37	1 1 1 1 1 0 0 1 1 0 0 0 0 0 0 0
400	2	1 1 0 1 0 0 0 0 0 0 1 0 0 0 0 0
400	14	0 1 1 1 0 0 1 0 1 0 1 1 0 0 0 0
400	21	1 1 1 1 1 1 1 1 0 0 1 1 0 0 0 0
400	28	1 0 0 1 0 1 1 0 1 0 0 0 0 0 0 0
400	23	1 1 1 1 1 0 0 1 1 0 1 0 0 0 0 0
400	3	0 1 0 1 0 0 1 0 1 0 1 0 0 0 0 1
400	9	1 1 1 1 1 1 1 0 0 1 1 1 0 0 0 0
400	1	1 1 1 1 0 1 0 0 1 1 0 0 0 1 0 0
400	3	1 0 1 1 1 0 1 1 1 0 1 1 0 0 0 0
400	31	1 1 1 1 1 0 1 0 0 1 1 1 0 1 0 0
400	1	1 1 1 1 1 0 0 1 1 0 1 0 0 1 0 0
400	4	0 1 0 1 1 0 0 0 1 0 1 0 0 0 0 0
400	1	1 1 1 1 1 0 0 0 1 1 1 0 0 0 0 1
400	5	1 1 1 1 1 0 1 0 1 0 1 0 0 0 0 0
400	7	1 1 1 1 1 0 1 0 1 1 1 0 0 1 0 0
400	5	1 0 0 1 0 0 0 0 1 1 1 0 0 1 0 0
400	11	1 1 1 1 1 0 0 1 1 1 0 0 0 0 0 0
400	7	1 1 1 1 0 1 1 1 1 0 1 0 0 0 0 0
400	1	1 1 1 1 1 0 1 1 1 0 1 0 0 0 0 0
400	10	1 1 0 1 0 0 0 0 0 0 1 0 0 0 1 0
400	34	0 1 0 0 1 0 0 0 1 0 1 0 0 0 0 0
400	8	1 1 1 0 0 0 0 0 1 0 1 1 0 0 0 0
400	11	0 1 1 1 0 0 0 0 1 1 1 0 0 1 0 0
400	3	1 1 0 1 1 0 1 0 1 0 1 0 0 0 0 0
400	2	1 1 1 1 1 0 1 1 1 1 1 0 0 1 0 0
400	1	1 1 0 1 1 1 1 1 0 0 1 1 0 0 0 0
400	13	1 1 1 0 1 0 0 1 1 0 0 0 0 0 0 0
400	31	1 1 0 1 1 0 0 1 0 0 1 0 0 0 0 0
400	2	1 1 0 1 0 0 0 0 1 0 1 1 0 0 0 0
400	8	1 1 1 1 1 0 0 0 1 1 0 0 0 0 0 0
400	2	1 1 1 1 0 0 0 0 1 0 1 0 0 0 0 0
400	4	0 1 1 0 0 0 0 0 1 1 1 0 0 1 0 0
400	5	0 1 0 0 0 0 0 0 1 0 1 1 0 0 0 1
400	2	1 1 0 1 0 0 0 0 0 0 1 0 0 0 0 1
400	2	1 1 0 1 1 1 1 0 0 1 1 1 0 0 0 0
400	2	1 1 1 1 1 0 1 0 1 0 0 1 1 0 0 1
400	1	0 1 1 1 1 0 1 0 1 0 0 1 0 0 0 1
400	6	1 1 1 0 1 0 0 1 1 0 1 0 0 0 0 0
400	6	1 0 0 1 0 1 0 0 1 1 1 0 0 1 0 0
400	11	0 1 1 1 0 0 1 0 1 1 1 0 0 1 0 0
400	1	1 1 0 1 1 0 1 0 0 1 1 1 0 0 1 1
400	13	1 1 1 1 1 0 1 1 1 0 1 1 0 0 0 0
400	1	0 1 1 1 1 0 1 0 1 0 1 0 0 0 0 1
400	2	1 1 1 1 1 1 1 0 1 1 1 0 0 1 0 0
400	11	0 0 1 1 0 0 1 1 1 0 1 0 0 0 0 0
400	6	1 1 1 1 0 1 0 0 1 0 1 0 0 1 0 0
400	8	1 1 1 1 0 0 1 0 1 0 0 0 0 0 0 0
400	13	1 1 0 0 1 0 0 1 1 0 1 0 0 0 0 0
400	2	1 0 1 1 1 0 0 1 1 0 0 0 0 0 0 0
400	3	1 0 0 1 1 1 1 0 0 1 1 1 0 0 0 0
400	2	0 1 1 1 1 0 1 0 1 0 1 0 0 1 0 0
400	2	1 1 1 1 0 1 0 0 1 1 1 0 1 1 0 0
400	9	1 0 1 1 1 0 0 0 1 1 1 0 0 0 0 1
400	3	0 1 0 0 0 0 0 0 1 0 0 0 0 0 0 0
400	5	0 1 1 1 0 1 1 0 1 0 1 1 0 0 0 0
400	5	1 1 1 1 1 0 0 1 1 1 0 0 0 0 0 1
400	7	1 1 0 1 0 0 1 0 1 0 0 1 0 0 0 1
400	3	1 1 1 1 0 1 1 0 1 0 0 0 0 0 0 0
400	1	1 1 1 1 1 0 0 1 1 0 1 1 0 1 0 0
400	6	1 1 1 1 1 0 1 0 1 1 1 0 0 0 0 0
400	7	1 0 0 1 0 0 0 0 1 0 0 0 0 0 0 0
400	3	0 1 1 1 1 0 1 0 0 1 0 0 0 0 0 0
400	3	1 1 0 1 1 0 0 1 1 0 1 0 0 0 0 1
400	4	1 1 1 0 1 0 1 0 0 1 1 1 0 1 0 0
400	2	0 1 1 1 0 0 0 0 1 0 1 0 0 0 0 0
400	3	1 0 0 1 0 1 1 0 1 0 1 0 0 0 0 0
400	1	1 1 1 1 1 1 1 0 0 1 1 1 0 1 0 0
400	6	0 0 0 1 0 0 0 0 1 1 1 0 0 1 0 0
400	3	1 1 1 1 1 0 1 0 0 1 0 0 0 0 0 0
400	2	1 1 0 1 1 0 0 0 1 0 0 0 0 0 0 0
400	2	0 1 1 1 0 0 1 1 1 0 1 0 0 0 0 0
400	1	1 1 1 1 1 1 0 1 1 1 0 0 0 0 0 0
400	2	0 1 0 1 1 0 0 0 1 0 1 1 0 0 0 0
400	1	1 1 1 0 1 0 1 0 0 1 1 1 0 0 0 0
400	2	1 0 1 0 1 0 1 1 1 0 1 1 0 0 0 0
400	4	0 1 1 0 0 0 0 0 1 1 1 1 0 0 0 0
400	3	1 1 1 0 0 0 1 0 0 1 1 1 0 1 0 0
400	4	1 1 1 0 1 0 0 0 1 0 0 0 0 0 0 0
400	3	1 1 1 1 1 0 1 0 1 0 1 0 0 1 0 0
400	1	0 1 0 1 0 0 0 1 1 0 1 0 0 0 0 0
400	3	0 1 1 1 0 0 1 0 1 1 1 0 0 0 0 0
400	1	1 1 1 1 1 0 0 0 1 0 0 0 0 0 0 0
400	3	1 1 1 1 1 0 0 1 1 0 0 0 1 0 0 0
400	3	0 1 0 1 0 0 1 0 1 0 0 0 1 0 0 0
400	3	0 1 1 1 1 0 0 1 1 0 1 1 0 1 0 0
400	1	1 1 1 1 1 0 1 0 0 1 1 0 0 0 0 0
400	1	0 1 1 1 0 1 0 0 1 0 1 0 0 1 0 0
400	1	1 1 1 1 1 0 1 0 0 0 1 1 0 0 0 0
400	1	1 1 1 1 1 0 0 1 1 1 1 0 0 0 0 0
400	1	1 1 0 1 0 0 0 0 0 1 1 0 0 0 1 0
400	2	0 1 1 1 0 0 0 1 1 0 1 0 0 0 0 0
