0	250	0 1 0 1 1 0 0 0 0 0 0 0 0 0 0 0
0	250	0 0 0 0 0 0 0 0 0 0 0 0 0 0 0 1
0	250	0 1 0 0 0 0 0 1 0 0 0 0 0 0 1 1
0	250	0 0 0 0 1 0 0 1 0 0 0 1 1 1 0 0
20	113	0 1 0 1 1 0 0 0 0 0 0 0 0 0 0 0
20	257	0 0 0 0 0 0 0 0 0 0 0 0 0 0 0 1
20	232	0 1 0 0 0 0 0 1 0 0 0 0 0 0 1 1
20	58	0 0 0 0 1 0 0 1 0 0 0 1 1 1 0 0
20	8	0 1 0 1 1 0 0 0 0 0 0 0 0 0 1 1
20	11	0 1 0 1 1 0 0 0 0 0 0 0 0 0 0 1
20	3	0 0 0 0 1 0 0 0 0 0 0 0 0 0 0 0
20	2	0 0 0 0 0 0 1 0 0 0 0 0 0 0 0 1
20	3	0 0 0 0 1 0 0 1 0 0 0 0 1 1 0 0
20	13	0 1 0 0 0 0 0 0 0 0 0 0 0 0 0 1
20	4	0 1 0 1 1 0 0 1 0 0 0 0 0 0 0 0
20	4	0 0 1 0 0 0 0 0 0 0 0 0 0 0 0 1
20	7	0 1 0 0 0 0 0 1 0 1 0 0 0 0 1 1
20	4	0 0 0 0 0 0 0 1 0 0 0 1 1 1 0 0
20	4	0 1 0 1 1 0 0 0 0 0 0 1 1 1 0 0
20	5	0 1 0 0 0 0 0 1 0 0 0 0 0 0 0 0
20	2	0 0 0 0 1 0 0 1 0 0 0 0 0 0 1 1
20	3	1 1 0 1 1 0 0 0 0 0 0 0 0 0 0 0
20	18	0 1 0 1 1 0 0 0 0 0 0 0 0 1 0 0
20	11	0 1 0 1 1 0 1 0 0 0 0 0 0 0 0 0
20	25	0 1 0 0 0 0 0 0 0 0 0 0 0 0 1 1
20	13	0 1 1 0 0 0 0 1 0 0 0 0 0 0 1 1
20	32	0 0 0 0 0 0 0 1 0 0 0 0 0 0 0 1
20	13	1 1 1 1 1 0 0 0 0 0 0 0 0 0 0 0
20	33	0 1 0 0 0 0 0 1 0 0 0 0 0 0 0 1
20	6	0 1 0 1 1 0 1 0 0 1 0 0 0 0 0 0
20	3	1 1 1 1 1 0 0 0 0 0 0 0 0 0 0 1
20	2	0 0 0 0 0 0 0 0 0 0 0 0 1 0 0 1
20	13	0 0 0 0 0 0 0 0 0 0 0 0 0 0 1 1
20	4	0 0 0 0 0 0 0 0 0 0 0 0 0 1 0 1
20	2	0 0 0 0 0 1 0 0 0 0 0 0 0 0 0 1
20	5	0 1 0 0 1 0 0 0 0 0 0 0 0 0 0 0
20	1	0 0 0 1 0 0 0 0 0 0 0 0 0 0 0 1
20	9	0 0 0 0 0 0 0 0 0 0 0 0 0 0 0 0
20	7	0 1 0 0 0 0 0 1 1 0 0 0 0 0 1 1
20	1	0 0 0 0 1 0 0 0 0 0 0 1 1 1 0 0
20	9	0 1 0 1 1 0 0 0 0 0 0 0 1 0 0 1
20	2	0 0 0 1 1 0 0 1 0 0 0 0 0 0 0 0
20	20	0 0 0 0 1 0 0 0 0 0 0 0 0 0 0 1
20	1	0 1 0 1 1 0 0 0 0 0 1 0 0 0 0 0
20	3	0 0 0 0 1 0 0 1 0 0 0 1 1 1 0 1
20	3	0 0 0 0 0 0 0 1 0 1 0 0 0 0 0 1
20	3	0 1 0 0 1 0 0 1 0 0 0 0 0 0 1 1
20	2	0 0 0 0 0 0 0 1 0 0 0 0 0 1 0 1
20	4	0 0 0 0 0 0 0 0 0 0 0 1 1 1 0 0
20	2	0 1 0 0 0 0 0 1 0 0 1 0 0 0 1 1
20	2	0 1 0 1 0 0 0 1 0 0 0 0 0 0 1 1
20	3	0 1 0 1 1 0 1 0 0 0 0 0 0 0 0 1
20	2	0 1 0 0 1 0 0 1 0 0 0 0 0 0 0 1
20	1	0 1 0 0 1 0 0 0 0 0 1 0 0 0 0 0
20	2	0 1 0 0 0 0 0 1 1 0 0 0 0 0 0 0
20	2	0 0 0 0 0 0 0 0 1 0 0 0 0 0 0 1
20	1	0 1 0 0 1 0 0 1 0 0 0 1 1 1 0 0
20	1	0 1 0 1 1 0 0 0 1 0 0 0 0 0 0 0
20	1	1 0 0 0 0 0 0 0 0 0 0 0 0 0 0 1
20	2	0 0 0 0 1 0 0 1 0 1 0 0 0 0 0 1
20	1	0 0 0 0 0 0 0 0 0 0 1 0 0 0 0 1
20	1	1 1 0 0 0 0 0 1 0 0 0 0 0 0 1 1
20	1	1 0 0 0 0 0 0 1 0 0 0 1 1 1 0 0
40	38	0 1 0 1 1 0 0 0 0 0 0 0 0 0 0 0
40	67	0 0 0 0 0 0 0 0 0 0 0 0 0 0 0 1
40	223	0 1 0 0 0 0 0 1 0 0 0 0 0 0 1 1
40	4	0 0 0 0 1 0 0 1 0 0 0 1 1 1 0 0
40	6	0 1 0 1 1 0 0 0 0 0 0 0 0 0 0 1
40	15	0 0 0 0 1 0 0 0 0 0 0 0 0 0 0 0
40	35	0 1 0 0 0 0 0 0 0 0 0 0 0 0 0 1
40	15	0 0 1 0 0 0 0 0 0 0 0 0 0 0 0 1
40	5	0 1 0 0 0 0 0 1 0 0 0 0 0 0 0 0
40	24	0 1 0 1 1 0 0 0 0 0 0 0 0 1 0 0
40	30	0 1 0 0 0 0 0 0 0 0 0 0 0 0 1 1
40	40	0 0 0 0 0 0 0 1 0 0 0 0 0 0 0 1
40	4	1 1 1 1 1 0 0 0 0 0 0 0 0 0 0 0
40	70	0 1 0 0 0 0 0 1 0 0 0 0 0 0 0 1
40	45	0 0 0 0 0 0 0 0 0 0 0 0 0 0 1 1
40	7	0 0 0 0 0 0 0 0 0 0 0 0 0 1 0 1
40	34	0 0 0 0 1 0 0 0 0 0 0 0 0 0 0 1
40	32	0 0 0 0 0 0 0 1 0 1 0 0 0 0 0 1
40	6	0 1 0 0 1 0 0 1 0 0 0 0 0 0 1 1
40	5	0 1 0 0 0 0 0 1 1 0 0 0 0 0 0 0
40	4	0 0 0 0 0 0 0 0 1 0 0 0 0 0 0 1
40	14	1 0 0 0 0 0 0 0 0 0 0 0 0 0 0 1
40	7	0 0 0 0 0 0 0 0 1 0 0 0 0 0 0 0
40	9	0 0 0 0 1 0 0 1 0 0 0 1 0 0 0 1
40	6	0 0 0 0 0 0 0 0 0 0 0 0 1 0 0 1
40	8	0 1 0 0 0 0 1 1 0 0 0 0 0 0 1 1
40	4	0 1 1 0 0 0 0 1 0 0 0 0 0 0 0 1
40	5	0 0 0 0 0 0 0 1 0 0 0 0 0 0 1 1
40	12	0 1 1 0 0 0 0 1 0 1 0 0 0 0 0 1
40	4	1 0 0 0 0 0 0 0 0 0 0 0 1 0 0 1
40	13	0 1 0 0 1 0 0 1 0 1 0 0 0 0 1 1
40	16	0 0 0 0 1 0 0 0 0 0 0 0 0 1 0 1
40	19	0 1 0 1 1 0 0 1 0 0 0 0 0 0 0 1
40	13	1 1 1 1 1 0 0 0 0 0 0 0 0 0 1 1
40	8	0 0 1 0 1 0 0 1 0 0 0 1 1 1 0 0
40	15	0 0 0 0 1 0 0 1 0 1 0 0 0 0 0 1
40	16	0 0 0 0 0 0 0 0 0 0 0 1 0 1 0 0
40	2	1 0 0 0 1 0 0 0 0 0 0 0 0 0 0 1
40	2	0 0 0 0 1 0 0 1 0 0 0 1 0 0 1 1
40	1	0 0 0 0 0 0 0 0 0 0 0 0 0 0 0 0
40	14	0 0 1 1 0 0 0 0 0 0 0 0 0 0 0 1
40	5	0 0 0 0 1 0 0 0 1 0 0 0 0 0 0 1
40	4	0 0 0 0 1 0 0 1 0 0 1 1 0 0 0 1
40	3	1 1 1 1 1 0 0 0 0 0 0 0 0 0 0 1
40	2	0 0 0 0 0 0 0 1 1 0 0 0 0 0 0 0
40	5	1 0 0 0 0 0 0 0 0 0 0 0 0 0 1 1
40	1	0 1 0 0 0 0 0 1 0 1 0 0 0 0 1 1
40	4	0 1 0 1 1 0 1 0 0 0 0 0 1 0 0 1
40	2	0 0 0 1 1 0 0 1 0 0 0 0 0 0 0 1
40	9	0 1 0 1 1 0 0 0 0 0 0 0 0 0 1 1
40	4	0 0 1 0 0 0 0 1 0 0 0 0 0 0 1 1
40	1	0 0 0 1 0 0 0 0 0 0 0 0 0 0 1 1
40	7	0 1 0 0 0 0 0 1 0 0 1 0 0 0 1 1
40	2	0 0 0 1 0 0 0 1 0 1 0 0 0 0 0 1
40	4	0 1 1 0 0 0 0 1 0 1 0 0 0 0 1 1
40	1	1 0 0 0 0 0 0 0 0 0 0 0 1 1 0 1
40	1	1 1 0 0 1 0 0 1 0 1 0 0 0 0 1 1
40	1	1 1 0 1 1 0 0 0 0 0 0 0 0 0 0 0
40	1	0 0 0 0 0 0 0 1 0 0 0 0 0 1 0 1
40	1	0 0 0 0 1 0 0 1 0 1 0 0 1 1 0 0
40	6	0 1 0 1 1 0 0 0 1 0 0 0 0 0 0 1
40	1	0 1 0 0 1 0 0 1 0 1 0 0 0 1 0 0
40	1	0 0 0 1 0 0 0 1 0 0 0 0 0 0 1 1
40	1	0 1 0 1 1 1 0 0 0 0 0 0 0 0 0 0
40	4	0 1 1 0 0 0 0 1 0 0 0 0 0 0 1 1
40	3	0 1 0 0 0 0 0 1 0 0 0 0 0 0 1 0
40	4	0 0 0 0 0 0 0 1 0 1 0 0 0 1 0 1
40	1	0 0 0 0 1 0 0 1 1 1 0 0 0 0 0 0
40	2	0 1 0 0 0 0 0 1 0 0 0 0 0 1 0 0
40	2	0 0 0 0 1 0 0 0 0 0 0 0 0 0 1 1
40	2	0 1 0 0 1 0 0 1 0 0 1 1 0 0 0 1
40	1	0 1 0 1 1 0 0 1 0 0 0 0 0 0 1 1
40	4	0 0 0 0 1 0 0 1 0 1 0 0 0 0 1 1
40	2	0 1 1 1 1 0 0 0 0 0 0 0 0 1 0 0
40	1	0 1 0 0 0 0 0 0 0 1 0 0 0 0 1 1
40	3	0 0 0 0 0 0 0 1 0 0 0 1 0 0 0 1
40	2	0 1 0 0 1 0 0 1 0 0 0 0 1 0 1 1
40	2	1 0 0 0 0 0 0 1 0 0 0 0 0 0 1 1
40	3	0 1 0 0 0 0 0 1 0 0 0 1 0 1 1 1
60	8	0 1 0 1 1 0 0 0 0 0 0 0 0 0 0 0
60	99	0 0 0 0 0 0 0 0 0 0 0 0 0 0 0 1
60	132	0 1 0 0 0 0 0 1 0 0 0 0 0 0 1 1
60	2	0 0 0 0 1 0 0 0 0 0 0 0 0 0 0 0
60	56	0 1 0 0 0 0 0 0 0 0 0 0 0 0 0 1
60	16	0 0 1 0 0 0 0 0 0 0 0 0 0 0 0 1
60	17	0 1 0 0 0 0 0 1 0 0 0 0 0 0 0 0
60	11	0 1 0 0 0 0 0 0 0 0 0 0 0 0 1 1
60	15	0 0 0 0 0 0 0 1 0 0 0 0 0 0 0 1
60	31	1 1 1 1 1 0 0 0 0 0 0 0 0 0 0 0
60	38	0 1 0 0 0 0 0 1 0 0 0 0 0 0 0 1
60	24	0 0 0 0 0 0 0 0 0 0 0 0 0 0 1 1
60	34	0 0 0 0 1 0 0 0 0 0 0 0 0 0 0 1
60	8	0 0 0 0 0 0 0 1 0 1 0 0 0 0 0 1
60	2	0 1 0 0 1 0 0 1 0 0 0 0 0 0 1 1
60	16	1 0 0 0 0 0 0 0 0 0 0 0 0 0 0 1
60	21	0 1 1 0 0 0 0 1 0 0 0 0 0 0 0 1
60	30	0 1 0 0 1 0 0 1 0 1 0 0 0 0 1 1
60	50	0 1 0 1 1 0 0 1 0 0 0 0 0 0 0 1
60	8	0 0 0 0 1 0 0 1 0 1 0 0 0 0 0 1
60	6	0 0 1 1 0 0 0 0 0 0 0 0 0 0 0 1
60	4	0 0 0 0 1 0 0 0 1 0 0 0 0 0 0 1
60	14	0 0 0 0 1 0 0 1 0 0 1 1 0 0 0 1
60	6	0 0 0 0 0 0 0 1 1 0 0 0 0 0 0 0
60	14	0 1 1 0 0 0 0 1 0 1 0 0 0 0 1 1
60	29	0 1 0 1 1 0 0 0 1 0 0 0 0 0 0 1
60	5	0 0 0 0 1 0 0 1 1 1 0 0 0 0 0 0
60	23	0 1 0 0 1 0 0 1 0 0 1 1 0 0 0 1
60	7	0 1 0 0 0 0 0 0 1 0 0 0 0 0 0 1
60	16	0 1 0 0 0 0 0 1 0 1 0 0 0 0 0 1
60	1	0 0 0 0 1 0 0 1 0 0 0 0 0 0 0 1
60	1	0 1 0 1 1 0 1 1 0 0 0 0 0 0 1 1
60	12	0 1 0 0 0 0 0 1 0 0 1 1 0 0 0 1
60	6	0 0 0 0 0 0 0 1 1 0 0 0 0 0 0 1
60	5	1 1 1 1 1 0 0 0 0 0 0 0 1 0 1 1
60	4	0 1 0 0 1 0 0 1 0 0 0 0 0 0 0 1
60	11	0 1 0 0 1 0 0 1 0 0 0 1 0 0 1 1
60	3	0 1 0 1 1 0 0 0 0 0 1 0 0 0 0 0
60	1	0 1 0 1 0 0 0 0 0 0 0 0 0 0 0 0
60	2	0 1 0 0 0 0 0 0 0 0 0 1 0 0 0 1
60	7	1 1 1 0 1 0 0 0 0 0 0 0 0 0 0 0
60	1	1 1 1 1 1 0 0 1 0 0 0 0 1 0 1 1
60	2	1 1 1 1 1 0 0 0 0 0 0 0 0 0 0 1
60	6	0 1 0 0 1 0 0 1 0 1 0 0 0 0 0 1
60	4	0 1 0 0 0 0 0 1 0 0 0 0 0 1 0 1
60	17	0 0 0 0 1 0 1 0 0 0 0 0 0 0 0 1
60	16	0 0 0 0 1 0 0 1 1 0 0 0 0 0 0 1
60	11	0 1 0 1 1 1 0 0 1 1 0 0 0 0 0 1
60	1	0 0 0 0 0 0 0 1 0 0 0 0 0 1 0 1
60	10	0 1 0 0 0 0 0 1 0 0 0 1 0 1 0 1
60	7	0 1 0 1 1 0 0 1 0 0 0 0 0 0 1 1
60	9	0 1 0 1 1 0 0 0 0 0 1 0 0 0 0 1
60	4	0 1 0 0 0 0 0 0 0 1 0 0 0 0 1 1
60	7	0 1 0 1 1 0 1 1 0 1 0 0 0 0 1 1
60	3	0 1 0 1 1 0 0 1 0 0 0 0 1 0 1 1
60	4	0 0 0 0 1 0 0 1 0 0 0 1 0 0 1 1
60	3	0 0 0 0 1 0 1 1 0 0 0 0 0 0 0 1
60	1	0 0 1 0 0 0 0 1 0 0 0 0 0 0 1 1
60	4	0 0 0 0 0 0 0 1 0 0 0 0 0 0 1 1
60	1	0 0 1 0 1 0 0 1 0 0 0 1 0 0 0 1
60	1	1 0 0 0 0 0 0 0 0 0 0 0 0 0 1 1
60	3	0 1 0 1 1 0 1 0 0 0 0 0 0 0 0 0
60	4	0 1 0 0 0 0 1 1 0 0 0 0 0 0 0 1
60	9	0 1 0 1 1 0 0 1 0 1 0 0 0 0 0 1
60	1	0 0 0 0 1 0 0 1 0 0 1 1 1 0 0 1
60	11	0 1 1 0 0 0 0 0 1 0 0 0 0 0 0 1
60	6	0 1 0 0 1 0 0 1 0 1 0 1 0 0 0 1
60	1	0 1 1 0 0 0 0 1 0 0 0 0 0 0 1 1
60	1	0 1 0 0 0 0 0 1 0 0 0 0 0 1 1 1
60	1	1 1 1 1 1 0 0 0 0 0 0 0 1 0 0 0
60	6	1 1 1 1 1 0 0 0 0 0 0 1 0 0 0 0
60	2	0 1 0 1 1 0 0 1 0 0 0 1 0 0 0 1
60	2	0 1 0 0 1 0 0 1 0 0 1 1 0 0 1 1
60	3	0 1 1 1 1 0 0 0 0 0 0 0 0 0 0 0
60	2	1 1 1 1 1 0 0 0 0 0 0 0 0 0 1 1
60	2	0 0 1 0 0 0 0 1 0 0 0 0 0 0 0 1
60	1	0 1 0 1 1 0 0 0 0 0 0 0 0 0 0 1
60	1	0 1 0 0 1 1 0 1 0 0 1 1 0 0 0 1
60	5	0 0 0 0 1 1 0 1 1 0 0 0 0 0 0 1
60	3	0 1 0 1 1 1 0 0 1 0 0 0 0 0 0 1
60	3	0 0 1 1 1 0 0 1 0 1 0 1 0 0 0 1
60	1	1 1 1 1 1 0 0 0 0 0 1 0 0 0 0 0
60	2	0 1 0 1 1 0 0 1 0 1 0 1 0 0 0 1
60	2	0 1 1 1 1 0 0 0 0 0 0 0 0 0 1 0
60	1	1 0 0 0 1 0 0 0 0 0 0 0 0 0 0 1
60	3	0 1 0 1 1 0 0 1 0 0 1 1 0 0 0 1
60	1	1 1 0 0 0 0 0 0 0 1 0 0 0 0 1 1
60	1	0 0 0 1 0 0 0 0 0 0 0 0 0 0 0 1
60	2	1 1 0 0 0 0 0 1 0 0 0 0 0 0 1 1
60	4	0 1 0 0 0 1 0 0 0 0 0 0 0 0 1 1
60	2	0 1 0 0 0 0 0 1 0 0 1 0 0 0 0 1
60	2	0 1 1 0 0 0 0 1 0 0 0 0 0 0 0 0
60	1	0 1 0 0 0 0 0 1 0 1 0 0 1 0 0 1
60	1	0 1 0 0 1 0 0 1 0 1 0 0 0 0 0 0
60	1	0 0 1 0 0 0 0 1 0 0 0 0 0 1 0 1
60	1	0 1 1 1 1 0 0 0 0 0 1 0 0 0 0 1
60	1	0 0 0 0 1 0 1 0 0 1 0 0 0 1 0 1
80	80	0 0 0 0 0 0 0 0 0 0 0 0 0 0 0 1
80	21	0 1 0 0 0 0 0 1 0 0 0 0 0 0 1 1
80	23	0 1 0 0 0 0 0 0 0 0 0 0 0 0 0 1
80	2	0 1 0 0 0 0 0 1 0 0 0 0 0 0 0 0
80	36	1 1 1 1 1 0 0 0 0 0 0 0 0 0 0 0
80	27	0 1 0 0 0 0 0 1 0 0 0 0 0 0 0 1
80	4	0 0 0 0 0 0 0 0 0 0 0 0 0 0 1 1
80	23	0 0 0 0 1 0 0 0 0 0 0 0 0 0 0 1
80	7	0 1 0 0 1 0 0 1 0 1 0 0 0 0 1 1
80	120	0 1 0 1 1 0 0 1 0 0 0 0 0 0 0 1
80	3	0 0 0 0 1 0 0 1 0 1 0 0 0 0 0 1
80	29	0 0 0 0 1 0 0 1 0 0 1 1 0 0 0 1
80	22	0 1 0 1 1 0 0 0 1 0 0 0 0 0 0 1
80	10	0 1 0 0 1 0 0 1 0 0 1 1 0 0 0 1
80	9	0 1 0 0 0 0 0 0 1 0 0 0 0 0 0 1
80	3	0 1 0 0 0 0 0 1 0 1 0 0 0 0 0 1
80	1	0 1 0 0 0 0 0 1 0 0 1 1 0 0 0 1
80	24	1 1 1 1 1 0 0 0 0 0 0 0 1 0 1 1
80	42	1 1 1 0 1 0 0 0 0 0 0 0 0 0 0 0
80	48	0 1 0 0 1 0 0 1 0 1 0 0 0 0 0 1
80	6	0 0 0 0 1 0 1 0 0 0 0 0 0 0 0 1
80	9	0 1 0 1 1 1 0 0 1 1 0 0 0 0 0 1
80	13	0 1 0 1 1 0 0 0 0 0 1 0 0 0 0 1
80	9	0 0 0 0 1 0 0 1 0 0 0 1 0 0 1 1
80	3	0 0 0 0 0 0 0 1 0 0 0 0 0 0 1 1
80	9	0 1 0 1 1 0 0 1 0 1 0 0 0 0 0 1
80	3	1 1 1 1 1 0 0 0 0 0 0 0 1 0 0 0
80	38	1 1 1 1 1 0 0 0 0 0 0 1 0 0 0 0
80	33	0 1 0 1 1 1 0 0 1 0 0 0 0 0 0 1
80	7	0 1 0 0 0 0 0 0 0 0 0 0 0 0 0 0
80	33	0 1 1 1 1 1 0 0 1 1 0 0 0 0 0 1
80	7	0 1 1 0 0 0 0 0 1 0 0 1 0 0 0 1
80	1	0 1 1 0 0 0 0 1 0 1 1 0 0 0 1 1
80	15	0 1 1 0 0 0 0 0 1 0 1 0 0 0 0 1
80	10	0 1 0 1 1 1 0 1 0 1 0 0 0 0 0 1
80	15	0 1 1 0 0 0 0 0 1 0 0 1 1 0 0 1
80	2	0 1 0 1 1 1 0 1 0 1 0 1 0 0 0 1
80	2	1 1 0 1 1 0 0 0 0 0 0 0 0 0 0 0
80	5	1 1 1 1 1 0 0 0 0 0 0 0 0 0 1 0
80	38	1 0 0 1 0 0 0 0 0 0 0 0 0 0 0 1
80	6	0 0 0 0 1 0 0 0 0 0 0 0 0 0 1 1
80	2	0 1 0 1 0 1 0 0 1 1 0 0 0 0 0 1
80	3	0 1 0 0 1 0 0 0 0 0 0 0 0 0 0 1
80	6	0 0 0 0 0 0 0 0 0 0 0 0 1 0 0 1
80	3	0 1 0 0 0 0 1 1 0 0 0 0 0 0 1 1
80	4	0 0 0 0 1 0 0 1 0 0 0 1 0 0 0 1
80	3	0 0 0 0 0 0 1 0 0 0 0 0 0 0 0 1
80	5	0 1 0 0 1 0 0 0 1 0 0 0 0 0 0 1
80	1	0 1 1 0 0 0 0 1 0 0 0 0 0 0 0 0
80	10	0 1 0 0 0 0 0 1 0 0 0 1 0 0 0 1
80	2	0 1 0 1 1 0 0 1 0 0 1 0 0 0 0 1
80	5	0 0 0 1 1 0 0 1 0 0 0 0 0 0 0 1
80	6	0 1 0 0 1 0 0 1 0 1 0 0 1 0 0 1
80	3	1 1 1 0 1 0 0 0 0 0 0 1 0 0 0 0
80	8	0 0 0 0 1 0 0 1 0 0 0 0 0 0 0 1
80	1	0 1 0 0 1 0 0 0 1 0 0 1 0 0 0 1
80	1	1 1 0 0 0 0 0 0 0 0 0 0 0 0 0 1
80	9	1 1 0 0 0 0 0 0 1 0 0 0 0 0 0 1
80	4	1 1 1 1 1 0 0 0 0 0 0 1 0 0 0 1
80	5	0 0 0 0 0 0 1 0 0 1 0 0 0 0 0 1
80	6	0 0 0 0 0 0 0 1 1 0 0 0 0 0 1 1
80	10	1 1 1 1 1 0 0 1 0 0 0 1 0 0 0 0
80	6	1 0 1 1 0 0 0 0 0 0 0 0 0 0 0 1
80	9	0 1 0 0 1 0 1 1 0 0 0 0 0 0 1 1
80	6	0 1 0 0 1 0 1 0 0 0 0 0 0 0 0 1
80	8	1 1 1 1 1 0 0 1 0 0 0 0 0 0 0 1
80	3	0 1 0 0 0 0 0 1 1 0 0 0 0 0 1 1
80	3	1 1 1 0 1 0 0 0 0 0 0 0 1 0 0 0
80	3	0 1 1 0 0 0 0 1 1 0 0 1 1 0 0 1
80	8	1 0 0 1 0 1 0 0 0 0 0 0 0 0 0 1
80	3	0 0 0 1 1 0 0 0 0 0 0 0 0 0 0 1
80	1	0 1 0 1 1 1 0 1 1 1 0 0 0 0 0 1
80	3	0 1 1 0 0 0 0 1 0 0 0 0 0 1 0 0
80	1	1 1 0 0 0 0 0 1 0 1 0 1 0 0 0 1
80	2	0 0 0 1 1 1 0 0 1 1 0 0 0 0 0 1
80	3	0 1 1 0 0 0 0 1 0 1 0 0 0 0 0 1
80	1	0 0 0 0 0 0 0 0 0 0 0 1 0 0 0 1
80	1	0 0 0 0 1 0 0 1 0 1 0 0 1 0 0 1
80	4	0 1 1 0 0 0 0 1 0 0 1 1 0 0 0 1
80	3	0 1 0 0 1 1 0 0 1 1 0 0 0 0 0 1
80	5	0 0 0 0 1 0 0 1 0 0 0 0 0 0 0 0
80	2	1 0 0 0 1 0 0 0 0 0 0 0 0 0 0 1
80	1	1 1 1 1 1 0 0 0 0 0 1 0 1 0 1 1
80	1	0 1 0 1 0 1 0 0 0 1 0 0 0 0 0 1
80	2	0 1 1 1 1 0 0 1 0 0 0 0 0 0 0 1
80	2	0 1 0 0 1 0 0 1 0 1 0 1 0 0 0 1
80	1	0 1 0 1 1 0 0 1 0 0 0 1 0 0 0 1
80	4	0 1 0 1 1 0 0 0 0 1 1 0 0 0 0 1
80	2	0 1 0 1 1 1 0 0 0 0 1 0 0 0 0 1
80	1	1 1 0 1 1 1 0 0 1 0 0 0 0 0 0 1
80	1	1 0 0 1 0 0 0 0 1 0 0 0 0 0 0 1
80	1	1 0 1 1 0 0 0 0 0 0 0 0 0 0 0 0
80	2	0 1 0 0 1 0 0 1 0 0 1 0 0 0 0 0
80	2	1 1 1 0 1 0 0 0 0 0 0 0 0 0 0 1
80	2	1 1 1 1 1 0 0 0 1 1 0 0 0 0 0 1
80	1	0 1 0 0 1 0 0 0 0 0 0 1 0 0 0 0
80	1	0 0 0 0 0 0 0 0 0 0 1 0 0 0 0 1
80	1	0 0 0 0 0 0 0 0 0 0 0 0 0 0 0 0
80	1	0 1 1 1 1 0 0 0 0 0 0 0 1 0 1 1
80	1	0 1 0 1 1 1 0 0 1 0 0 0 1 0 0 1
80	2	0 1 1 0 0 0 0 0 1 0 1 1 1 0 0 1
80	1	0 1 0 0 1 1 0 0 1 0 0 0 0 0 0 1
100	27	0 0 0 0 0 0 0 0 0 0 0 0 0 0 0 1
100	5	0 1 0 0 0 0 0 0 0 0 0 0 0 0 0 1
100	105	1 1 1 1 1 0 0 0 0 0 0 0 0 0 0 0
100	9	0 1 0 0 0 0 0 1 0 0 0 0 0 0 0 1
100	1	0 0 0 0 0 0 0 0 0 0 0 0 0 0 1 1
100	95	0 1 0 1 1 0 0 1 0 0 0 0 0 0 0 1
100	36	0 0 0 0 1 0 0 1 0 0 1 1 0 0 0 1
100	25	0 1 0 1 1 0 0 0 1 0 0 0 0 0 0 1
100	16	0 1 0 0 1 0 0 1 0 0 1 1 0 0 0 1
100	9	0 1 0 0 0 0 0 0 1 0 0 0 0 0 0 1
100	46	1 1 1 0 1 0 0 0 0 0 0 0 0 0 0 0
100	30	0 1 0 0 1 0 0 1 0 1 0 0 0 0 0 1
100	15	0 1 0 1 1 1 0 0 1 1 0 0 0 0 0 1
100	10	0 1 0 1 1 0 0 0 0 0 1 0 0 0 0 1
100	91	1 1 1 1 1 0 0 0 0 0 0 1 0 0 0 0
100	5	0 1 0 1 1 1 0 0 1 0 0 0 0 0 0 1
100	4	0 1 0 0 0 0 0 0 0 0 0 0 0 0 0 0
100	51	0 1 1 1 1 1 0 0 1 1 0 0 0 0 0 1
100	31	0 1 1 0 0 0 0 0 1 0 1 0 0 0 0 1
100	5	0 1 0 1 1 1 0 1 0 1 0 0 0 0 0 1
100	14	1 1 1 1 1 0 0 0 0 0 0 0 0 0 1 0
100	35	1 0 0 1 0 0 0 0 0 0 0 0 0 0 0 1
100	12	0 1 0 1 0 1 0 0 1 1 0 0 0 0 0 1
100	2	0 0 0 0 0 0 0 0 0 0 0 0 1 0 0 1
100	10	1 0 1 1 0 0 0 0 0 0 0 0 0 0 0 1
100	2	1 1 1 1 1 0 0 1 0 0 0 0 0 0 0 1
100	1	0 1 1 0 0 0 0 1 1 0 0 1 1 0 0 1
100	25	1 0 0 1 0 1 0 0 0 0 0 0 0 0 0 1
100	7	0 0 0 0 0 0 0 0 0 0 0 1 0 0 0 1
100	6	0 1 0 0 1 1 0 0 1 1 0 0 0 0 0 1
100	3	0 0 0 0 1 0 0 1 0 0 0 0 0 0 0 0
100	17	1 1 1 0 1 0 0 0 0 0 0 0 0 0 0 1
100	3	0 1 1 1 1 0 0 0 0 0 0 0 1 0 1 1
100	12	1 1 1 1 1 0 0 0 0 0 0 0 0 0 0 1
100	6	1 1 0 0 1 0 0 1 0 1 0 0 0 0 0 1
100	6	0 1 0 1 0 0 0 1 0 0 0 0 0 0 0 1
100	7	0 0 1 0 0 0 0 0 1 0 0 1 0 0 0 1
100	1	1 0 0 1 1 1 0 0 1 0 0 0 0 0 0 1
100	17	0 1 1 1 1 1 1 0 1 1 0 0 0 0 0 1
100	2	0 1 0 1 1 0 0 0 1 0 0 0 0 0 0 0
100	3	0 1 1 1 1 1 0 0 1 0 0 0 0 0 0 1
100	5	1 1 0 0 0 0 0 0 0 0 0 0 0 0 0 1
100	7	0 1 0 0 0 0 0 0 0 0 1 1 0 0 0 1
100	3	1 1 1 0 1 0 0 1 0 0 0 1 0 0 1 1
100	16	1 1 1 1 1 0 0 0 0 0 0 0 1 0 0 1
100	7	0 1 0 0 0 1 0 1 0 0 0 0 0 0 0 1
100	7	0 1 0 1 1 0 0 1 1 0 0 0 0 0 0 1
100	1	0 1 0 1 1 0 0 1 0 0 1 0 0 0 0 1
100	1	0 0 1 0 0 0 0 1 0 0 0 0 0 0 1 1
100	6	1 1 1 0 1 0 0 0 0 0 0 1 0 0 0 0
100	2	0 1 0 1 1 1 0 0 0 0 0 0 0 0 0 1
100	8	1 1 1 0 1 0 0 0 0 0 0 0 0 0 1 0
100	1	0 1 0 1 1 0 0 1 0 0 0 0 0 0 1 1
100	5	1 1 1 1 1 0 0 1 0 0 0 1 0 0 0 0
100	4	0 1 0 1 1 1 0 1 0 1 0 0 1 0 0 1
100	2	1 1 1 1 1 0 0 0 0 1 0 0 0 0 0 1
100	3	0 1 0 0 0 0 0 1 0 0 0 0 0 0 0 0
100	3	0 0 0 0 1 0 0 1 0 0 1 0 0 0 0 1
100	1	1 0 0 0 1 0 0 0 0 0 0 1 0 0 0 1
100	1	0 0 0 0 1 0 0 1 1 0 1 1 0 0 0 1
100	3	0 1 1 0 0 0 0 0 1 0 1 0 1 0 0 1
100	1	0 0 0 0 0 1 0 0 0 0 0 1 0 0 0 1
100	6	1 1 1 1 1 0 0 0 0 0 1 0 0 0 0 1
100	2	0 1 1 1 1 1 0 0 1 1 0 0 0 0 0 0
100	1	1 1 1 0 1 0 0 0 0 1 0 0 0 0 0 1
100	5	0 0 0 0 1 0 0 1 0 0 1 1 0 0 1 1
100	2	1 1 1 1 1 0 0 0 0 0 0 1 0 1 0 0
100	5	1 1 1 1 1 0 0 0 0 0 0 1 0 0 0 1
100	8	1 1 1 1 1 0 0 0 0 1 0 0 0 0 0 0
100	1	0 0 0 0 1 0 0 1 0 0 0 1 0 0 0 1
100	11	1 1 1 0 1 0 0 1 0 0 0 0 0 0 0 0
100	2	1 1 1 1 1 1 0 0 1 1 0 0 0 0 0 1
100	5	1 1 1 1 1 0 0 1 1 0 0 0 0 0 0 1
100	3	1 1 1 0 1 0 0 0 0 0 0 0 0 1 0 1
100	4	1 0 0 1 1 1 0 0 1 0 1 0 0 0 0 1
100	5	0 0 1 1 1 1 1 0 1 1 0 0 0 0 0 1
100	1	0 1 1 1 1 0 0 0 1 1 0 0 1 0 0 1
100	4	0 1 0 1 1 0 0 1 0 0 0 0 0 0 0 0
100	2	0 1 1 1 1 0 0 0 0 0 0 1 0 0 0 0
100	1	0 0 0 1 1 1 0 0 1 1 0 0 0 0 0 1
100	1	1 1 1 0 1 0 0 1 0 0 1 1 0 0 0 1
100	2	0 1 1 0 0 0 0 0 0 0 1 1 0 0 0 1
100	1	1 0 0 0 1 0 0 1 0 1 0 0 0 0 0 1
100	2	1 0 0 1 0 0 0 1 1 0 0 0 0 0 0 1
100	1	1 1 1 0 1 0 0 1 0 1 0 0 0 0 0 1
100	1	0 0 0 0 1 0 0 1 0 0 1 1 1 0 0 1
100	6	0 1 0 0 1 0 0 1 0 1 1 0 0 0 0 1
100	3	0 1 1 1 1 1 0 0 1 1 0 0 1 0 0 1
100	3	0 1 0 0 1 0 0 1 0 0 0 0 0 0 1 1
100	1	0 1 0 0 1 0 0 1 0 1 0 0 0 0 0 0
100	1	0 1 0 1 1 0 0 1 0 1 0 0 0 0 0 1
100	1	1 0 0 1 0 0 0 0 1 0 1 0 0 0 0 1
100	1	1 1 1 0 1 0 0 1 0 0 0 0 0 0 0 1
100	1	1 1 1 1 1 0 0 0 0 0 0 0 0 1 0 0
100	3	0 0 0 0 1 0 1 1 0 0 1 1 0 0 0 1
100	1	0 0 0 1 1 0 0 1 0 0 1 1 0 0 0 1
100	2	1 1 1 1 1 0 0 0 0 0 0 1 0 0 1 0
100	3	0 1 0 1 1 1 0 1 0 1 0 0 0 0 1 1
100	2	0 1 1 1 1 1 1 0 1 1 1 0 0 0 0 1
100	1	1 1 1 1 1 1 1 0 1 1 0 0 0 0 0 1
100	1	1 0 0 1 0 1 1 0 0 0 0 0 0 0 0 1
120	12	0 0 0 0 0 0 0 0 0 0 0 0 0 0 0 1
120	136	1 1 1 1 1 0 0 0 0 0 0 0 0 0 0 0
120	94	0 1 0 1 1 0 0 1 0 0 0 0 0 0 0 1
120	23	0 0 0 0 1 0 0 1 0 0 1 1 0 0 0 1
120	25	0 1 0 1 1 0 0 0 1 0 0 0 0 0 0 1
120	2	0 1 0 0 1 0 0 1 0 0 1 1 0 0 0 1
120	16	1 1 1 0 1 0 0 0 0 0 0 0 0 0 0 0
120	5	0 1 0 1 1 1 0 0 1 1 0 0 0 0 0 1
120	83	1 1 1 1 1 0 0 0 0 0 0 1 0 0 0 0
120	73	0 1 1 1 1 1 0 0 1 1 0 0 0 0 0 1
120	5	0 1 1 0 0 0 0 0 1 0 1 0 0 0 0 1
120	16	1 1 1 1 1 0 0 0 0 0 0 0 0 0 1 0
120	5	0 1 0 1 0 1 0 0 1 1 0 0 0 0 0 1
120	1	0 1 0 0 1 1 0 0 1 1 0 0 0 0 0 1
120	16	1 1 1 0 1 0 0 0 0 0 0 0 0 0 0 1
120	5	0 1 1 1 1 0 0 0 0 0 0 0 1 0 1 1
120	10	1 1 1 1 1 0 0 0 0 0 0 0 0 0 0 1
120	7	1 1 0 0 1 0 0 1 0 1 0 0 0 0 0 1
120	10	1 1 0 0 0 0 0 0 0 0 0 0 0 0 0 1
120	10	1 1 1 1 1 0 0 0 0 0 0 0 1 0 0 1
120	10	1 1 1 0 1 0 0 0 0 0 0 1 0 0 0 0
120	12	1 1 1 0 1 0 0 0 0 0 0 0 0 0 1 0
120	3	0 1 0 0 0 0 0 1 0 0 0 0 0 0 0 0
120	3	0 0 0 0 1 0 0 1 0 0 1 0 0 0 0 1
120	13	1 1 1 1 1 0 0 0 0 0 1 0 0 0 0 1
120	11	0 1 1 1 1 1 0 0 1 1 0 0 0 0 0 0
120	12	1 1 1 0 1 0 0 0 0 1 0 0 0 0 0 1
120	23	1 1 1 1 1 0 0 0 0 0 0 1 0 0 0 1
120	15	1 1 1 1 1 0 0 0 0 1 0 0 0 0 0 0
120	15	1 1 1 1 1 0 0 1 1 0 0 0 0 0 0 1
120	5	0 1 0 1 1 0 0 1 0 0 0 0 0 0 0 0
120	4	0 1 0 0 1 0 0 1 0 1 1 0 0 0 0 1
120	12	0 0 0 0 1 0 1 1 0 0 1 1 0 0 0 1
120	3	1 1 1 0 1 0 0 0 0 0 1 1 0 0 0 1
120	6	0 1 1 1 1 1 0 0 1 1 0 0 0 1 0 1
120	6	0 1 1 1 1 1 0 0 1 1 0 0 0 0 1 1
120	7	0 0 0 1 1 0 0 1 0 0 1 1 0 0 0 0
120	6	1 1 1 1 1 0 0 1 0 0 0 0 0 0 0 1
120	12	0 1 0 0 0 0 0 0 0 0 1 1 0 0 0 0
120	9	0 1 0 1 1 0 1 1 0 0 0 0 0 0 0 1
120	2	0 0 0 0 0 0 0 0 1 0 0 1 0 0 0 1
120	15	0 1 0 0 1 0 0 0 0 0 0 0 0 0 0 1
120	4	1 1 0 1 1 0 0 1 0 0 0 0 0 0 0 1
120	8	1 0 0 0 1 0 1 1 0 0 1 1 0 0 0 1
120	5	0 1 0 1 0 1 0 0 1 1 0 0 1 0 0 1
120	3	0 1 1 1 1 1 0 0 1 1 0 0 0 1 0 0
120	2	0 1 1 0 0 0 1 0 1 0 1 0 0 0 1 1
120	7	1 1 1 1 1 1 0 1 1 0 0 0 0 0 0 1
120	1	0 1 0 1 1 1 0 0 1 1 0 0 0 0 0 0
120	6	1 0 0 0 1 0 0 1 0 0 1 1 0 0 0 1
120	3	1 0 0 1 0 1 0 0 0 0 1 0 0 0 0 0
120	1	0 1 0 0 1 0 0 0 0 1 0 0 0 0 0 0
120	9	0 1 1 0 0 0 1 0 1 0 1 0 0 0 0 0
120	6	0 1 0 1 1 0 0 1 0 0 0 0 1 0 0 1
120	7	1 1 1 1 1 0 1 1 1 0 0 0 0 0 0 1
120	25	1 1 1 0 1 0 0 0 0 0 0 0 1 0 1 0
120	3	0 0 0 0 0 0 0 1 0 0 1 1 0 0 0 1
120	1	0 0 0 1 1 0 0 1 0 0 0 0 0 0 0 1
120	1	0 1 0 0 1 0 0 1 0 1 0 1 0 0 0 0
120	8	1 1 0 1 1 0 0 1 0 0 0 1 0 0 0 0
120	6	1 1 0 1 1 0 1 1 0 0 0 0 0 0 0 1
120	3	0 1 1 1 1 0 0 0 0 0 0 0 0 0 0 0
120	4	1 1 0 1 1 0 0 0 1 0 0 0 0 0 0 1
120	2	1 1 1 1 1 1 0 0 0 0 0 0 0 0 0 0
120	3	1 1 1 0 1 0 0 0 0 0 0 0 0 0 1 1
120	1	1 1 1 1 1 0 0 1 0 0 0 0 0 0 0 0
120	10	0 1 1 0 0 0 1 1 0 0 0 0 0 0 0 1
120	2	1 1 0 0 1 0 0 1 0 1 0 0 1 0 0 1
120	2	0 1 1 1 1 0 0 0 0 0 1 0 0 0 0 1
120	14	0 1 0 0 1 1 0 0 1 0 0 0 0 0 0 1
120	1	0 1 1 1 1 0 0 0 0 0 0 0 0 0 1 1
120	4	1 1 1 1 1 0 0 0 1 1 0 0 0 0 0 0
120	4	1 1 1 1 1 0 0 1 0 0 0 0 1 0 0 1
120	1	0 1 0 0 1 0 0 0 0 0 0 1 0 0 0 0
120	3	0 1 0 1 0 1 0 0 1 1 0 0 0 0 0 0
120	3	0 1 0 1 1 0 0 1 0 0 0 0 0 1 0 1
120	2	1 1 1 1 1 0 0 1 0 0 1 1 0 0 0 1
120	4	0 1 0 1 1 0 0 0 1 0 0 0 0 0 0 0
120	3	0 1 0 0 0 0 0 1 0 0 0 0 0 0 0 1
120	3	1 0 1 1 1 0 0 0 0 0 0 0 0 0 0 0
120	1	0 1 1 1 1 1 0 1 1 1 0 0 0 0 0 1
120	2	0 1 1 1 1 0 0 0 0 1 0 0 1 0 1 1
120	1	1 1 0 0 1 0 0 0 0 1 0 0 0 0 0 1
120	10	1 1 1 0 0 0 0 0 0 0 0 1 0 0 0 0
120	3	0 1 1 1 1 1 0 0 1 1 0 0 1 1 0 1
120	4	1 1 1 1 1 0 0 1 0 0 0 0 0 0 1 1
120	3	1 1 1 1 1 0 0 1 0 0 1 0 0 0 0 0
120	1	0 1 1 0 0 0 1 1 0 0 0 0 0 0 0 0
120	1	0 1 0 1 0 1 0 0 0 0 0 0 0 0 0 0
120	3	1 1 0 0 1 0 0 1 0 0 0 0 0 0 0 0
120	2	1 1 1 0 1 0 0 0 0 0 0 1 0 0 0 1
120	3	0 1 0 1 1 0 0 0 0 0 0 0 0 0 0 1
120	1	1 1 1 1 1 0 0 0 0 0 0 1 1 0 0 0
120	5	1 1 1 1 1 0 0 0 0 0 0 0 1 0 1 0
120	1	1 1 1 1 1 0 0 1 0 1 0 0 0 0 0 1
120	1	0 1 0 0 1 0 0 0 0 0 1 0 0 0 0 1
120	5	0 1 1 1 1 1 0 1 1 0 0 0 0 0 0 1
120	3	1 1 1 1 1 0 0 0 0 0 0 0 0 0 1 1
120	2	1 1 1 1 1 0 0 1 0 0 1 1 0 0 0 0
120	2	1 0 0 0 1 0 0 0 0 0 0 1 0 0 0 0
120	1	0 1 0 1 1 0 0 1 0 1 0 1 0 0 0 0
120	1	0 0 0 0 1 0 0 0 0 1 0 0 0 0 0 1
120	1	1 1 1 1 1 0 0 1 0 0 0 1 0 0 0 0
120	1	1 0 1 1 1 0 0 0 0 0 0 1 0 0 0 0
120	4	0 1 1 1 1 1 1 0 1 1 0 0 0 0 0 1
120	1	1 1 0 0 0 0 0 0 0 0 0 0 1 0 0 1
120	2	1 1 0 1 1 0 0 1 0 0 0 1 0 0 0 1
120	1	0 1 1 1 1 0 0 0 1 0 0 0 0 0 0 0
120	1	0 1 1 1 1 0 0 0 1 1 0 0 0 0 0 0
140	4	0 0 0 0 0 0 0 0 0 0 0 0 0 0 0 1
140	118	1 1 1 1 1 0 0 0 0 0 0 0 0 0 0 0
140	72	0 1 0 1 1 0 0 1 0 0 0 0 0 0 0 1
140	2	0 1 0 1 1 0 0 0 1 0 0 0 0 0 0 1
140	12	1 1 1 0 1 0 0 0 0 0 0 0 0 0 0 0
140	25	0 1 0 1 1 1 0 0 1 1 0 0 0 0 0 1
140	98	1 1 1 1 1 0 0 0 0 0 0 1 0 0 0 0
140	24	0 1 1 1 1 1 0 0 1 1 0 0 0 0 0 1
140	8	0 1 1 0 0 0 0 0 1 0 1 0 0 0 0 1
140	47	1 1 1 1 1 0 0 0 0 0 0 0 0 0 1 0
140	7	1 1 1 1 1 0 0 0 0 0 0 0 0 0 0 1
140	1	1 1 0 0 0 0 0 0 0 0 0 0 0 0 0 1
140	25	1 1 1 1 1 0 0 0 0 0 0 0 1 0 0 1
140	4	1 1 1 0 1 0 0 0 0 0 0 1 0 0 0 0
140	2	1 1 1 0 1 0 0 0 0 0 0 0 0 0 1 0
140	3	0 0 0 0 1 0 0 1 0 0 1 0 0 0 0 1
140	4	1 1 1 1 1 0 0 0 0 0 1 0 0 0 0 1
140	21	0 1 1 1 1 1 0 0 1 1 0 0 0 0 0 0
140	6	1 1 1 0 1 0 0 0 0 1 0 0 0 0 0 1
140	8	1 1 1 1 1 0 0 0 0 0 0 1 0 0 0 1
140	18	1 1 1 1 1 0 0 0 0 1 0 0 0 0 0 0
140	8	1 1 1 1 1 0 0 1 0 0 0 0 0 0 0 1
140	9	0 1 0 1 1 0 1 1 0 0 0 0 0 0 0 1
140	24	1 1 0 1 1 0 0 1 0 0 0 0 0 0 0 1
140	5	1 1 1 0 1 0 0 0 0 0 0 0 1 0 1 0
140	69	1 1 0 1 1 0 0 1 0 0 0 1 0 0 0 0
140	7	0 1 1 1 1 0 0 0 0 0 1 0 0 0 0 1
140	48	1 1 1 1 1 0 0 0 1 1 0 0 0 0 0 0
140	4	1 1 1 1 1 0 0 1 0 0 1 1 0 0 0 1
140	7	0 1 0 1 1 0 0 0 1 0 0 0 0 0 0 0
140	3	1 1 1 1 1 0 0 1 0 0 0 0 0 0 1 1
140	20	1 1 1 1 1 0 0 0 0 0 0 0 1 0 1 0
140	3	0 1 1 1 1 1 0 1 1 0 0 0 0 0 0 1
140	2	0 1 1 1 1 1 1 0 1 1 0 0 0 0 0 1
140	1	0 1 1 0 1 0 0 0 0 0 0 0 0 0 1 0
140	19	1 1 1 1 1 0 1 1 1 0 0 0 0 0 0 0
140	11	0 1 1 0 0 0 0 1 0 0 1 1 0 0 0 1
140	1	0 0 0 1 1 0 1 1 0 0 0 0 0 0 0 1
140	4	1 1 1 1 1 0 0 0 1 1 0 0 0 0 0 1
140	24	1 1 1 1 1 0 1 1 0 0 1 1 0 0 0 1
140	3	0 0 0 0 0 0 0 0 0 1 0 0 0 0 0 1
140	2	1 1 1 1 1 0 0 1 0 0 0 0 0 0 0 0
140	9	0 1 1 0 0 0 1 1 0 0 0 0 0 0 0 0
140	11	0 0 0 0 1 0 0 0 0 0 0 0 0 0 0 1
140	8	1 1 0 1 1 1 0 0 1 1 0 0 0 0 0 0
140	10	1 1 1 0 1 0 0 1 0 0 0 0 0 0 0 1
140	2	0 0 0 0 1 0 1 1 0 0 1 0 0 0 0 1
140	12	0 1 1 0 0 0 1 1 1 0 0 0 0 0 0 0
140	8	1 1 1 1 1 0 0 0 0 0 0 0 1 0 0 0
140	2	1 1 1 1 1 0 1 0 0 0 0 0 0 0 0 0
140	3	1 1 1 1 1 0 0 0 0 0 0 1 1 0 0 0
140	23	1 1 1 1 1 1 0 0 0 0 0 0 1 0 0 1
140	12	0 1 0 1 1 1 0 0 1 1 0 0 0 0 0 0
140	7	0 1 1 1 1 1 0 0 1 1 1 0 0 0 0 1
140	5	0 1 1 1 1 1 1 0 1 1 0 0 0 0 0 0
140	3	1 1 1 1 0 0 0 0 0 0 0 1 0 0 0 0
140	2	1 1 0 1 1 0 0 0 0 0 0 0 0 0 1 0
140	1	1 1 0 0 0 0 0 0 0 0 0 0 0 0 0 0
140	6	1 1 1 1 1 0 0 0 0 1 0 0 0 0 0 1
140	3	1 1 1 1 1 0 0 0 0 1 0 0 1 0 0 0
140	8	0 1 0 1 1 0 0 1 0 1 0 0 0 0 0 0
140	6	0 1 1 1 1 0 0 0 0 0 0 1 0 0 0 1
140	3	0 1 0 1 1 1 0 1 0 0 0 0 0 0 0 1
140	10	0 0 1 0 1 0 0 0 0 0 0 0 0 0 0 1
140	4	0 1 0 1 1 0 0 1 0 0 0 0 1 0 0 1
140	2	1 1 0 1 1 0 0 0 1 0 0 0 0 0 0 1
140	2	1 1 1 1 1 0 0 1 0 0 1 0 0 0 1 1
140	3	0 1 1 1 1 0 1 1 1 0 0 0 0 0 0 0
140	4	1 1 1 1 1 1 0 0 1 1 0 0 0 0 1 1
140	4	1 1 0 1 1 0 0 1 0 0 0 1 0 0 1 0
140	3	0 1 0 0 1 0 0 1 0 0 0 0 0 0 0 1
140	2	1 1 1 1 1 0 0 0 1 0 0 1 0 1 0 1
140	3	0 1 1 1 1 0 0 1 0 0 0 0 0 0 0 1
140	2	1 1 1 1 1 0 0 0 1 1 0 0 0 0 1 0
140	2	0 1 1 0 0 0 1 1 1 0 0 0 0 0 1 0
140	1	0 1 0 1 1 0 0 1 0 0 0 0 0 0 0 0
140	2	1 1 0 1 1 0 0 1 1 0 0 0 0 0 0 0
140	1	1 1 1 1 1 0 0 0 1 0 1 0 0 0 0 1
140	1	0 0 0 0 1 0 0 1 0 0 0 1 0 0 0 0
140	3	1 1 1 1 1 0 0 1 0 0 0 0 0 1 0 1
140	2	1 1 1 1 1 0 0 1 0 0 0 0 1 0 0 1
140	3	1 1 1 1 1 0 0 0 1 0 0 0 0 0 0 0
140	4	0 1 0 1 0 0 0 1 0 0 0 0 1 0 0 0
140	1	0 1 0 1 1 0 0 1 0 0 0 1 0 0 0 0
140	2	0 1 0 1 1 0 0 0 1 1 0 0 0 0 1 0
140	2	1 1 1 1 1 0 1 1 0 0 1 1 0 0 1 0
140	1	1 1 1 0 1 0 0 1 0 0 0 0 0 0 0 0
140	1	1 1 0 1 1 0 0 0 0 0 0 0 0 0 0 0
140	1	1 1 1 1 1 0 0 0 0 1 0 1 0 0 0 0
140	1	1 1 1 1 1 0 0 0 1 1 0 1 0 0 0 0
140	3	0 1 0 1 1 0 0 0 1 0 0 0 0 1 0 0
140	3	0 1 1 1 1 0 0 0 1 0 0 1 0 0 0 1
160	136	1 1 1 1 1 0 0 0 0 0 0 0 0 0 0 0
160	1	0 1 0 1 1 0 0 1 0 0 0 0 0 0 0 1
160	6	0 1 0 1 1 1 0 0 1 1 0 0 0 0 0 1
160	159	1 1 1 1 1 0 0 0 0 0 0 1 0 0 0 0
160	13	1 1 1 1 1 0 0 0 0 0 0 0 0 0 1 0
160	44	1 1 1 1 1 0 0 0 0 0 0 0 0 0 0 1
160	23	0 1 1 1 1 1 0 0 1 1 0 0 0 0 0 0
160	12	1 1 1 1 1 0 0 0 0 0 0 1 0 0 0 1
160	38	1 1 1 1 1 0 0 0 0 1 0 0 0 0 0 0
160	19	0 1 0 1 1 0 1 1 0 0 0 0 0 0 0 1
160	6	1 1 0 1 1 0 0 1 0 0 0 1 0 0 0 0
160	73	1 1 1 1 1 0 0 0 1 1 0 0 0 0 0 0
160	1	0 1 0 1 1 0 0 0 1 0 0 0 0 0 0 0
160	6	1 1 1 1 1 0 0 0 0 0 0 0 1 0 1 0
160	2	1 1 1 1 1 0 1 1 1 0 0 0 0 0 0 0
160	6	0 1 1 0 0 0 0 1 0 0 1 1 0 0 0 1
160	3	1 1 1 1 1 0 0 0 1 1 0 0 0 0 0 1
160	1	1 1 1 1 1 0 1 1 0 0 1 1 0 0 0 1
160	29	1 1 1 1 1 0 0 1 0 0 0 0 0 0 0 0
160	2	0 1 1 0 0 0 1 1 0 0 0 0 0 0 0 0
160	33	1 1 0 1 1 1 0 0 1 1 0 0 0 0 0 0
160	7	1 1 1 0 1 0 0 1 0 0 0 0 0 0 0 1
160	18	0 1 1 0 0 0 1 1 1 0 0 0 0 0 0 0
160	7	1 1 1 1 1 0 0 0 0 0 0 0 1 0 0 0
160	38	1 1 1 1 1 1 0 0 0 0 0 0 1 0 0 1
160	9	0 1 1 1 1 1 0 0 1 1 1 0 0 0 0 1
160	9	0 1 1 1 1 1 1 0 1 1 0 0 0 0 0 0
160	7	1 1 1 1 1 0 0 0 0 1 0 0 1 0 0 0
160	2	0 1 0 1 1 0 0 1 0 1 0 0 0 0 0 0
160	18	1 1 0 1 1 0 0 0 1 0 0 0 0 0 0 1
160	10	0 1 0 0 1 0 0 1 0 0 0 0 0 0 0 1
160	7	1 1 1 1 1 0 0 0 1 1 0 0 0 0 1 0
160	11	1 1 0 1 1 0 0 1 1 0 0 0 0 0 0 0
160	21	1 1 1 1 1 0 0 0 1 0 0 0 0 0 0 0
160	3	0 1 0 1 0 0 0 1 0 0 0 0 1 0 0 0
160	1	1 1 1 1 1 0 1 1 0 0 1 1 0 0 1 0
160	14	0 1 0 1 1 0 0 0 1 0 0 0 0 1 0 0
160	23	1 1 0 1 1 0 0 1 0 0 0 0 0 0 0 0
160	1	0 1 1 0 1 0 0 1 0 0 0 1 0 0 0 0
160	18	1 1 1 1 1 0 0 0 0 0 0 0 0 0 1 1
160	2	0 1 0 1 1 0 0 1 0 0 0 0 0 0 0 0
160	5	0 1 1 0 1 0 0 0 0 0 0 0 0 0 0 0
160	5	1 1 1 1 1 0 0 1 0 0 0 1 0 0 0 0
160	3	1 1 0 1 1 0 0 0 0 0 0 0 0 0 1 1
160	1	0 1 1 1 0 0 1 1 0 0 0 0 0 0 0 0
160	2	1 1 1 1 1 0 0 0 1 1 0 1 0 0 1 0
160	4	0 1 1 0 0 0 0 0 1 1 0 0 0 0 0 0
160	6	1 1 1 1 1 0 0 0 1 1 0 1 0 0 0 0
160	4	0 1 1 1 1 1 0 0 0 0 0 0 1 0 0 1
160	5	1 1 1 1 0 0 0 0 0 0 0 0 0 0 0 1
160	10	1 1 0 1 1 0 0 1 0 0 0 1 0 1 0 0
160	18	1 1 1 1 1 0 1 0 0 1 0 0 1 0 0 0
160	1	1 1 1 0 1 0 0 0 0 0 0 0 0 0 0 0
160	1	1 1 1 1 1 1 0 0 1 1 0 0 0 0 0 0
160	2	1 1 0 1 1 0 1 0 1 0 0 0 0 0 0 1
160	9	0 1 1 1 1 1 0 0 0 0 0 0 1 0 0 0
160	2	0 1 1 1 1 0 0 0 0 0 0 0 0 0 0 1
160	12	1 1 1 1 1 0 1 1 0 0 0 0 1 0 0 1
160	2	0 1 1 0 1 0 0 0 0 0 0 0 0 0 1 0
160	1	0 1 0 1 1 1 0 0 0 1 0 0 1 0 0 0
160	4	1 1 1 1 1 0 1 0 0 0 0 1 0 0 0 0
160	6	1 1 1 0 0 0 1 1 1 0 0 0 0 0 0 0
160	3	1 0 1 1 1 1 0 0 0 0 0 0 1 0 0 1
160	4	1 1 1 1 1 1 0 0 1 1 1 0 0 0 0 0
160	9	0 1 1 0 0 1 0 0 1 0 1 0 0 0 0 1
160	1	0 1 1 1 1 0 0 0 1 1 0 0 0 0 1 0
160	2	1 1 1 1 1 1 1 0 1 1 0 0 0 0 0 0
160	3	1 1 0 1 1 0 0 0 0 0 0 0 0 0 0 1
160	2	1 1 1 1 1 0 0 0 0 0 0 1 1 0 0 0
160	1	0 1 1 1 1 1 0 0 1 1 0 0 0 0 1 0
160	1	1 1 1 1 1 0 0 0 1 0 0 0 0 0 1 1
160	5	1 0 1 1 1 0 0 0 0 0 0 0 0 0 0 0
160	2	1 0 1 1 1 0 0 0 0 0 0 1 0 0 0 0
160	1	1 1 1 1 1 0 0 0 1 1 0 0 0 1 0 0
160	2	1 1 1 1 1 1 0 0 0 0 0 0 1 0 1 0
160	1	0 1 0 1 1 0 1 1 0 1 0 0 0 0 0 1
160	1	0 1 0 1 1 0 1 1 1 0 0 0 0 0 0 1
160	3	1 1 1 1 1 1 0 1 0 0 0 0 0 0 0 0
160	1	1 1 1 0 1 0 0 1 0 0 0 0 0 0 1 1
160	1	0 1 1 1 1 1 0 0 1 0 1 0 0 0 0 1
160	1	1 1 1 1 1 0 0 0 0 1 0 0 0 0 1 1
160	3	1 1 1 1 1 0 0 1 1 1 0 1 0 0 0 0
160	1	1 1 1 1 1 0 0 0 0 0 0 0 1 0 0 1
160	1	1 1 0 1 1 0 0 0 0 0 0 1 0 0 0 0
160	1	1 1 0 1 1 0 0 0 1 1 0 0 0 0 0 0
160	1	0 1 1 1 1 1 0 0 1 1 0 0 0 1 0 0
160	1	0 1 0 1 1 1 0 0 1 1 0 0 0 0 0 0
160	1	0 1 0 1 1 0 1 0 0 0 0 0 0 0 0 1
160	3	1 1 0 1 1 0 1 1 0 0 0 0 0 0 0 0
160	1	0 1 1 1 0 0 0 0 0 0 0 0 0 0 0 1
160	1	0 1 1 1 1 1 0 0 1 1 0 0 1 0 1 0
180	90	1 1 1 1 1 0 0 0 0 0 0 0 0 0 0 0
180	97	1 1 1 1 1 0 0 0 0 0 0 1 0 0 0 0
180	37	1 1 1 1 1 0 0 0 0 0 0 0 0 0 1 0
180	31	1 1 1 1 1 0 0 0 0 0 0 0 0 0 0 1
180	3	1 1 1 1 1 0 0 0 0 0 0 1 0 0 0 1
180	50	1 1 1 1 1 0 0 0 0 1 0 0 0 0 0 0
180	4	0 1 0 1 1 0 1 1 0 0 0 0 0 0 0 1
180	104	1 1 1 1 1 0 0 0 1 1 0 0 0 0 0 0
180	91	1 1 1 1 1 0 0 1 0 0 0 0 0 0 0 0
180	11	1 1 0 1 1 1 0 0 1 1 0 0 0 0 0 0
180	3	1 1 1 0 1 0 0 1 0 0 0 0 0 0 0 1
180	15	0 1 1 0 0 0 1 1 1 0 0 0 0 0 0 0
180	30	1 1 1 1 1 1 0 0 0 0 0 0 1 0 0 1
180	4	0 1 1 1 1 1 0 0 1 1 1 0 0 0 0 1
180	15	0 1 1 1 1 1 1 0 1 1 0 0 0 0 0 0
180	1	1 1 1 1 1 0 0 0 0 1 0 0 1 0 0 0
180	7	0 1 0 1 1 0 0 1 0 1 0 0 0 0 0 0
180	11	1 1 0 1 1 0 0 0 1 0 0 0 0 0 0 1
180	10	0 1 0 0 1 0 0 1 0 0 0 0 0 0 0 1
180	6	1 1 1 1 1 0 0 0 1 1 0 0 0 0 1 0
180	20	1 1 1 1 1 0 0 0 1 0 0 0 0 0 0 0
180	27	1 1 0 1 1 0 0 1 0 0 0 0 0 0 0 0
180	12	1 1 1 1 1 0 0 0 0 0 0 0 0 0 1 1
180	3	1 1 1 1 1 0 0 1 0 0 0 1 0 0 0 0
180	41	1 1 1 1 1 0 1 0 0 1 0 0 1 0 0 0
180	2	1 1 1 1 1 0 1 1 0 0 0 0 1 0 0 1
180	5	1 1 1 1 1 0 1 0 0 0 0 1 0 0 0 0
180	9	0 1 1 0 0 1 0 0 1 0 1 0 0 0 0 1
180	5	1 1 1 1 1 0 0 1 1 1 0 1 0 0 0 0
180	10	1 1 0 1 1 0 0 1 1 0 0 0 0 0 0 1
180	19	1 1 1 1 1 0 0 0 1 1 0 1 0 1 1 0
180	5	1 1 1 1 1 0 0 1 0 0 0 1 0 1 0 0
180	5	1 1 1 1 0 0 0 1 0 0 0 1 0 0 0 0
180	5	0 1 1 0 0 1 1 1 1 0 1 0 0 0 0 0
180	5	1 1 1 1 1 0 1 1 0 0 0 0 0 0 0 0
180	1	1 1 1 1 1 0 0 0 0 0 0 1 0 0 1 0
180	6	1 1 1 1 1 0 0 1 0 0 0 0 0 1 0 0
180	5	1 1 1 1 1 0 1 1 0 0 0 1 0 0 0 0
180	17	1 1 1 1 1 0 0 1 0 1 0 1 0 0 0 1
180	5	1 0 0 1 1 0 1 1 0 1 0 0 0 0 0 1
180	29	0 1 1 1 1 0 1 0 0 1 0 0 1 0 0 0
180	3	1 1 1 1 0 0 0 0 0 0 0 1 0 0 0 0
180	5	1 1 0 1 1 1 0 0 1 0 0 0 0 0 0 0
180	3	1 1 1 1 1 0 0 0 1 0 0 1 0 0 0 0
180	13	1 1 1 1 1 0 0 0 0 0 0 0 1 0 0 1
180	3	1 1 0 1 1 1 0 1 1 0 0 0 0 0 0 1
180	7	1 1 0 1 1 0 0 1 0 0 0 0 0 0 0 1
180	2	0 1 1 1 1 1 0 0 1 1 0 0 0 0 1 1
180	2	0 1 1 1 0 0 1 1 0 0 0 0 0 0 0 1
180	2	0 1 0 1 1 1 0 0 1 1 0 0 0 0 0 0
180	6	1 1 1 1 1 0 0 1 0 0 0 0 0 0 0 1
180	1	1 1 1 0 1 0 0 1 0 0 0 1 0 0 0 0
180	9	0 1 1 1 1 0 0 0 1 1 0 0 0 0 0 0
180	7	1 1 1 1 0 0 0 0 0 0 0 0 0 0 1 1
180	1	1 1 1 1 1 0 0 0 0 1 0 0 0 0 0 1
180	7	1 1 1 0 1 0 0 1 0 0 0 0 0 0 0 0
180	3	0 1 1 1 1 1 1 0 1 1 0 0 0 1 0 0
180	3	0 1 0 1 1 1 0 0 0 1 0 1 0 0 0 0
180	2	1 1 1 1 1 0 1 1 0 0 0 0 1 0 0 0
180	10	1 1 1 1 1 0 1 0 0 0 0 0 1 0 0 0
180	1	0 0 0 0 0 0 1 1 1 0 0 0 0 0 0 0
180	4	1 1 1 1 1 0 0 0 0 1 0 0 0 0 1 1
180	2	1 1 1 1 1 0 0 0 0 0 1 0 0 0 0 1
180	1	1 1 1 1 1 0 0 0 1 1 0 0 0 0 0 1
180	2	1 1 1 1 1 1 0 1 0 0 0 0 0 0 0 0
180	4	0 1 1 1 0 0 0 0 0 0 0 1 0 0 0 0
180	3	1 1 0 1 1 1 1 0 1 0 0 0 0 0 0 0
180	2	1 1 1 1 1 0 1 0 0 1 0 1 0 0 0 0
180	2	1 0 1 1 1 0 0 0 1 1 0 0 0 0 0 0
180	2	1 1 1 1 1 0 0 0 1 0 0 1 0 0 0 1
180	1	1 0 1 1 1 0 0 0 0 1 0 0 0 0 0 0
180	2	1 0 0 1 1 1 0 0 1 1 0 0 0 0 0 0
180	2	1 1 1 1 1 0 0 0 1 1 0 0 0 1 1 0
180	1	1 1 1 1 1 0 0 1 0 0 0 0 1 0 0 1
180	1	1 1 1 0 1 0 1 1 0 0 0 0 0 0 0 0
180	2	1 1 1 1 1 0 0 1 0 0 0 1 0 0 1 0
180	1	0 1 1 0 0 0 0 1 0 0 0 0 0 0 0 0
180	1	1 1 1 1 1 1 1 0 1 1 0 0 0 0 0 0
180	2	1 1 1 1 0 0 0 0 0 0 0 0 0 0 0 0
180	2	1 1 1 0 1 0 0 0 0 0 0 0 0 0 0 0
180	1	1 1 0 1 1 0 0 0 0 0 0 0 0 0 0 0
180	1	1 1 1 1 1 0 0 0 0 1 1 0 0 0 0 0
180	1	1 1 1 1 1 0 0 0 1 1 0 1 0 0 0 0
180	1	1 1 0 1 1 1 0 0 0 0 0 0 1 0 0 1
180	3	0 1 1 1 1 0 1 0 1 1 0 0 0 0 0 0
180	1	1 1 0 1 1 0 0 0 0 0 0 0 0 0 1 1
180	1	1 0 1 1 1 0 1 0 0 1 0 0 1 0 0 0
180	1	1 1 1 1 1 0 1 0 0 1 0 1 1 0 0 0
180	3	0 1 1 1 1 0 1 1 0 0 0 1 0 0 0 0
180	2	0 1 1 1 1 0 1 0 0 1 0 1 1 0 0 0
180	2	1 0 1 1 1 0 0 0 0 1 0 0 0 0 1 0
200	125	1 1 1 1 1 0 0 0 0 0 0 0 0 0 0 0
200	96	1 1 1 1 1 0 0 0 0 0 0 1 0 0 0 0
200	26	1 1 1 1 1 0 0 0 0 0 0 0 0 0 1 0
200	42	1 1 1 1 1 0 0 0 0 0 0 0 0 0 0 1
200	32	1 1 1 1 1 0 0 0 0 1 0 0 0 0 0 0
200	94	1 1 1 1 1 0 0 0 1 1 0 0 0 0 0 0
200	71	1 1 1 1 1 0 0 1 0 0 0 0 0 0 0 0
200	5	0 1 1 1 1 1 1 0 1 1 0 0 0 0 0 0
200	1	1 1 0 1 1 0 0 0 1 0 0 0 0 0 0 1
200	35	1 1 1 1 1 0 0 0 1 1 0 0 0 0 1 0
200	4	1 1 1 1 1 0 0 0 1 0 0 0 0 0 0 0
200	15	1 1 0 1 1 0 0 1 0 0 0 0 0 0 0 0
200	3	1 1 1 1 1 0 0 0 0 0 0 0 0 0 1 1
200	4	1 1 1 1 1 0 0 1 0 0 0 1 0 0 0 0
200	2	1 1 1 1 1 0 1 0 0 1 0 0 1 0 0 0
200	12	1 1 1 1 1 0 1 0 0 0 0 1 0 0 0 0
200	1	1 1 1 1 1 0 1 1 0 0 0 0 0 0 0 0
200	9	1 1 1 1 1 0 0 0 0 0 0 1 0 0 1 0
200	3	1 1 1 1 1 0 1 1 0 0 0 1 0 0 0 0
200	1	0 1 1 1 1 0 1 0 0 1 0 0 1 0 0 0
200	34	1 1 1 1 1 0 0 0 1 0 0 1 0 0 0 0
200	20	1 1 1 1 1 0 0 0 0 0 0 0 1 0 0 1
200	10	1 1 0 1 1 0 0 1 0 0 0 0 0 0 0 1
200	13	0 1 0 1 1 1 0 0 1 1 0 0 0 0 0 0
200	4	1 1 1 1 1 0 0 1 0 0 0 0 0 0 0 1
200	11	0 1 1 1 1 0 0 0 1 1 0 0 0 0 0 0
200	13	1 1 1 1 0 0 0 0 0 0 0 0 0 0 1 1
200	1	0 0 0 0 0 0 1 1 1 0 0 0 0 0 0 0
200	5	1 0 1 1 1 0 0 0 1 1 0 0 0 0 0 0
200	34	1 1 1 1 1 1 1 0 1 1 0 0 0 0 0 0
200	2	1 1 1 1 1 1 1 0 0 0 0 0 1 0 0 0
200	1	1 1 1 1 1 0 0 0 0 1 0 0 1 0 0 0
200	2	1 1 1 1 1 0 0 1 0 1 0 0 0 0 0 0
200	5	1 1 1 1 1 0 0 1 0 1 0 1 0 0 0 0
200	22	1 1 0 1 1 0 0 0 0 1 0 0 0 0 1 0
200	13	1 1 1 1 1 0 0 0 1 0 0 0 0 0 0 1
200	2	1 1 1 1 1 0 1 0 0 0 0 0 0 0 1 0
200	7	1 1 0 1 1 0 0 0 1 1 0 0 0 0 0 0
200	12	1 0 0 1 1 1 1 0 1 0 0 0 0 0 0 0
200	7	0 1 1 1 1 0 0 0 1 1 0 0 0 0 1 0
200	3	1 1 1 1 1 0 0 0 1 1 0 1 0 0 1 0
200	1	1 1 1 1 1 1 0 0 0 0 0 0 0 0 0 0
200	3	1 1 1 1 1 0 1 0 1 1 0 0 1 0 0 0
200	12	0 1 1 1 1 0 0 0 0 0 0 0 0 0 0 0
200	4	1 1 1 1 1 0 0 0 1 0 0 0 0 0 1 0
200	6	0 1 1 1 1 0 0 1 0 0 0 0 0 0 0 0
200	1	1 1 1 1 1 1 0 1 0 0 0 0 0 0 0 0
200	2	0 1 1 1 1 1 1 1 1 1 0 0 0 0 0 0
200	11	1 1 1 1 1 0 0 0 0 1 0 1 0 0 1 0
200	12	1 1 0 0 0 0 0 1 0 0 0 0 0 0 0 1
200	1	1 1 1 1 1 1 0 0 0 0 0 1 0 0 0 0
200	16	0 1 1 1 1 0 0 0 0 0 0 0 0 0 1 0
200	6	1 1 1 1 1 0 0 0 0 0 0 1 0 0 0 1
200	4	1 1 0 1 1 0 0 1 0 0 1 0 0 0 0 0
200	3	0 1 0 0 0 1 1 1 1 0 1 0 0 0 0 0
200	1	1 1 1 1 1 0 0 0 1 0 0 1 0 0 1 0
200	1	1 1 1 1 1 0 0 0 0 1 0 0 0 0 0 1
200	1	0 1 1 1 1 0 0 0 1 1 0 1 0 0 1 0
200	3	1 1 1 1 1 0 0 0 0 0 1 0 0 0 0 0
200	12	0 1 1 1 1 1 0 0 1 1 0 0 0 0 0 0
200	3	0 1 1 1 1 0 0 0 0 0 0 1 0 0 0 0
200	8	1 1 1 1 1 0 0 0 1 1 1 0 0 0 0 0
200	3	1 1 1 1 1 0 0 1 0 0 1 0 0 0 0 0
200	5	1 1 1 1 1 0 0 1 1 1 0 0 0 0 1 0
200	6	1 1 0 1 1 0 0 0 0 1 0 1 0 0 1 0
200	3	1 1 1 1 1 1 1 0 0 0 0 1 0 0 0 0
200	1	1 1 1 1 1 0 0 1 0 0 1 0 0 0 1 0
200	13	1 1 1 1 1 0 0 0 0 0 0 0 1 0 1 0
200	3	1 1 1 1 1 0 0 1 0 0 0 1 0 1 0 0
200	7	1 1 0 1 1 0 0 0 1 0 0 0 0 0 1 0
200	6	0 0 0 0 0 0 1 1 0 0 0 0 0 0 0 0
200	3	0 1 1 1 1 1 1 1 1 0 0 0 0 0 0 0
200	3	1 1 1 0 1 0 0 0 0 0 0 1 0 0 0 0
200	8	0 1 1 1 1 0 0 0 0 1 0 0 0 0 0 0
200	2	1 1 1 1 1 0 1 0 0 1 0 0 0 0 0 0
200	1	1 1 0 1 1 0 0 1 0 0 0 0 0 0 1 0
200	1	1 1 0 1 1 0 1 1 0 0 0 0 0 0 0 0
200	1	1 1 1 1 1 0 1 1 0 1 0 0 1 0 0 0
200	1	1 0 1 1 1 0 0 0 1 0 0 0 0 0 0 0
200	3	1 1 1 1 1 0 0 0 1 1 0 0 0 0 0 1
200	2	1 1 1 1 1 0 0 0 0 0 0 0 1 1 1 0
200	1	1 0 1 1 1 0 0 0 0 0 0 0 0 0 0 0
200	2	1 1 1 1 1 0 0 0 0 0 1 1 0 0 0 0
200	3	1 0 1 1 1 0 0 0 0 0 0 1 0 0 0 0
200	1	1 1 0 1 1 0 0 1 0 0 0 0 1 0 0 1
200	2	0 1 0 1 1 1 0 0 1 0 0 0 0 0 0 0
200	1	0 1 1 1 1 0 0 1 1 1 0 0 0 0 0 0
200	1	1 1 1 1 1 0 1 0 1 1 0 0 0 0 0 0
200	2	1 1 0 1 1 1 0 0 0 1 0 0 0 0 1 0
200	1	1 1 1 1 1 1 0 0 1 0 0 0 0 0 0 1
200	1	1 1 1 1 1 0 0 1 0 0 1 0 0 1 0 0
220	177	1 1 1 1 1 0 0 0 0 0 0 0 0 0 0 0
220	119	1 1 1 1 1 0 0 0 0 0 0 1 0 0 0 0
220	33	1 1 1 1 1 0 0 0 0 0 0 0 0 0 1 0
220	43	1 1 1 1 1 0 0 0 0 0 0 0 0 0 0 1
220	11	1 1 1 1 1 0 0 0 0 1 0 0 0 0 0 0
220	133	1 1 1 1 1 0 0 0 1 1 0 0 0 0 0 0
220	34	1 1 1 1 1 0 0 1 0 0 0 0 0 0 0 0
220	7	0 1 1 1 1 1 1 0 1 1 0 0 0 0 0 0
220	27	1 1 1 1 1 0 0 0 1 1 0 0 0 0 1 0
220	49	1 1 1 1 1 0 0 0 1 0 0 0 0 0 0 0
220	1	1 1 0 1 1 0 0 1 0 0 0 0 0 0 0 0
220	47	1 1 1 1 1 0 0 0 1 0 0 1 0 0 0 0
220	6	1 1 1 1 1 0 0 0 0 0 0 0 1 0 0 1
220	10	1 1 1 1 1 0 0 1 0 0 0 0 0 0 0 1
220	1	0 1 1 1 1 0 0 0 1 1 0 0 0 0 0 0
220	13	1 1 1 1 1 1 1 0 1 1 0 0 0 0 0 0
220	1	1 1 0 1 1 0 0 0 0 1 0 0 0 0 1 0
220	3	1 0 0 1 1 1 1 0 1 0 0 0 0 0 0 0
220	3	0 1 1 1 1 0 0 0 0 0 0 0 0 0 0 0
220	1	1 1 1 1 1 0 0 0 1 0 0 0 0 0 1 0
220	6	1 1 1 1 1 0 0 0 0 0 0 1 0 0 0 1
220	2	1 1 1 1 1 0 0 0 0 1 0 0 0 0 0 1
220	31	1 1 1 1 1 0 0 0 1 1 1 0 0 0 0 0
220	3	1 1 1 1 1 0 0 1 1 1 0 0 0 0 1 0
220	4	1 1 1 1 1 0 0 0 0 0 0 0 1 0 1 0
220	2	1 1 0 1 1 0 0 0 1 0 0 0 0 0 1 0
220	16	0 1 1 1 1 0 0 0 0 1 0 0 0 0 0 0
220	4	1 1 1 1 1 0 1 0 0 1 0 0 0 0 0 0
220	12	1 1 0 1 1 0 1 1 0 0 0 0 0 0 0 0
220	4	1 1 1 1 1 0 0 0 0 0 0 0 1 1 1 0
220	6	1 1 1 1 1 0 0 0 0 0 1 1 0 0 0 0
220	2	1 0 1 1 1 0 0 0 0 0 0 1 0 0 0 0
220	5	1 1 1 1 1 0 0 0 0 0 0 1 0 1 0 0
220	2	0 1 0 1 1 0 0 1 0 0 0 0 0 0 0 1
220	4	1 1 1 1 1 0 0 0 1 1 0 0 1 0 1 0
220	2	1 0 0 1 1 0 0 0 0 0 0 0 0 0 0 0
220	4	0 1 1 1 1 0 0 0 1 1 0 0 1 0 0 0
220	1	1 1 1 1 1 0 0 0 1 1 0 0 0 0 0 1
220	4	1 1 1 1 1 0 0 0 1 1 0 0 0 1 0 0
220	8	1 1 1 1 1 0 0 1 0 1 0 0 0 0 1 0
220	2	1 1 1 1 1 0 0 0 0 1 0 0 0 0 1 0
220	14	1 1 1 1 1 0 1 1 0 0 0 0 0 0 0 0
220	25	1 1 1 1 1 0 0 1 1 0 0 0 0 0 0 1
220	5	1 1 0 1 1 0 0 0 1 1 0 0 0 1 0 0
220	11	1 0 1 1 1 0 0 0 0 0 0 0 0 0 0 1
220	2	1 1 1 1 1 0 0 1 0 0 0 0 1 0 0 1
220	3	1 1 1 1 0 0 0 0 0 0 0 0 0 0 0 0
220	10	1 1 1 1 1 0 0 0 1 1 0 0 1 0 0 0
220	1	1 1 1 1 1 0 0 1 0 0 0 0 1 0 1 0
220	11	0 1 1 1 1 1 1 0 1 0 0 0 0 0 0 0
220	7	1 1 0 1 1 0 0 1 0 0 0 0 1 0 0 0
220	1	1 1 1 1 1 1 1 0 1 1 0 0 0 1 0 0
220	11	1 1 1 1 1 1 0 0 1 0 0 0 0 0 0 0
220	1	1 1 0 1 1 0 0 0 0 1 0 0 0 0 0 0
220	2	1 0 1 1 1 1 0 0 0 0 0 1 0 0 1 0
220	6	1 1 1 1 0 0 0 0 1 1 1 0 0 0 0 0
220	2	0 1 1 1 1 0 0 0 0 0 1 1 0 0 0 0
220	1	1 1 0 1 1 0 0 1 0 0 0 0 0 0 0 1
220	2	1 0 1 1 1 0 0 0 1 1 0 0 0 0 0 0
220	2	1 1 1 1 1 0 0 1 0 0 1 0 0 0 1 0
220	1	1 1 1 1 1 0 0 0 0 0 0 1 1 0 0 0
220	2	1 1 0 1 1 0 0 0 0 0 0 0 0 0 0 1
220	3	0 1 1 1 1 0 0 0 1 0 0 0 0 0 0 0
220	5	1 1 0 1 1 0 1 0 1 1 0 0 0 0 0 0
220	1	1 1 1 1 1 0 0 1 0 0 0 1 0 0 0 0
220	3	1 1 1 1 1 0 0 0 0 0 0 0 1 0 0 0
220	2	1 1 1 0 1 0 0 0 0 0 0 0 0 0 0 0
220	1	1 1 1 1 1 0 0 0 1 0 0 0 1 0 0 0
220	1	1 1 1 1 1 0 0 1 0 1 0 1 0 0 1 0
220	2	1 0 0 1 1 1 1 0 1 1 0 0 0 0 0 0
220	2	1 1 1 1 0 0 0 0 1 1 1 0 0 0 1 0
220	1	0 1 1 1 1 0 0 0 0 1 1 0 0 0 0 0
220	1	1 1 0 1 1 0 0 0 0 0 0 0 0 0 0 0
220	3	1 1 1 1 1 1 0 0 0 0 0 1 0 0 0 0
220	2	1 1 1 1 1 0 1 0 1 1 0 0 0 0 0 0
220	1	1 1 1 1 1 0 0 1 1 0 0 1 0 0 0 0
220	1	1 1 1 1 1 1 0 0 1 1 1 0 0 0 0 0
220	2	1 0 0 1 1 1 1 0 1 0 1 1 0 0 0 0
220	3	1 1 1 1 0 0 0 1 0 1 0 0 0 0 1 0
220	3	1 1 0 1 0 0 0 1 0 0 0 0 1 0 0 0
240	161	1 1 1 1 1 0 0 0 0 0 0 0 0 0 0 0
240	50	1 1 1 1 1 0 0 0 0 0 0 1 0 0 0 0
240	44	1 1 1 1 1 0 0 0 0 0 0 0 0 0 1 0
240	49	1 1 1 1 1 0 0 0 0 0 0 0 0 0 0 1
240	32	1 1 1 1 1 0 0 0 0 1 0 0 0 0 0 0
240	121	1 1 1 1 1 0 0 0 1 1 0 0 0 0 0 0
240	29	1 1 1 1 1 0 0 1 0 0 0 0 0 0 0 0
240	64	1 1 1 1 1 0 0 0 1 0 0 0 0 0 0 0
240	82	1 1 1 1 1 0 0 0 1 0 0 1 0 0 0 0
240	17	1 1 1 1 1 1 1 0 1 1 0 0 0 0 0 0
240	6	1 1 1 1 1 0 0 0 0 0 0 1 0 0 0 1
240	24	1 1 1 1 1 0 0 0 1 1 1 0 0 0 0 0
240	5	0 1 1 1 1 0 0 0 0 1 0 0 0 0 0 0
240	1	1 1 0 1 1 0 1 1 0 0 0 0 0 0 0 0
240	7	0 1 1 1 1 0 0 0 1 1 0 0 1 0 0 0
240	25	1 1 1 1 1 0 1 1 0 0 0 0 0 0 0 0
240	12	1 1 1 1 1 0 0 1 1 0 0 0 0 0 0 1
240	15	1 1 1 1 0 0 0 0 0 0 0 0 0 0 0 0
240	32	1 1 1 1 1 0 0 0 1 1 0 0 1 0 0 0
240	19	0 1 1 1 1 1 1 0 1 0 0 0 0 0 0 0
240	5	1 1 1 1 1 1 0 0 1 0 0 0 0 0 0 0
240	20	1 1 1 1 1 0 0 0 0 0 0 0 1 0 0 0
240	2	1 1 1 1 1 0 0 0 1 0 0 0 1 0 0 0
240	2	1 1 1 1 1 0 1 0 1 1 0 0 0 0 0 0
240	22	1 1 1 1 0 0 0 1 0 0 0 0 0 0 0 0
240	8	1 1 1 1 1 0 0 0 0 1 0 0 0 1 0 0
240	3	1 1 1 1 1 0 1 0 1 0 0 1 0 0 0 0
240	2	1 1 1 1 0 0 0 0 0 0 0 1 0 1 0 0
240	2	1 1 1 1 1 0 1 0 0 0 1 0 0 0 0 0
240	14	1 1 1 1 1 0 0 0 0 0 0 0 1 0 1 1
240	2	1 1 1 1 1 0 0 1 0 0 1 0 0 0 0 0
240	4	1 1 1 1 1 0 0 0 0 1 0 1 0 0 0 1
240	6	1 1 1 1 1 1 1 0 1 0 0 0 0 0 0 0
240	9	0 1 1 1 1 1 1 0 1 1 1 0 0 0 0 0
240	8	0 1 1 1 1 0 0 0 0 0 0 0 0 0 0 1
240	3	1 1 1 1 1 0 0 0 0 0 0 0 0 1 1 0
240	4	0 1 1 1 1 0 1 0 1 1 0 0 0 0 0 0
240	6	1 1 1 1 1 0 0 1 0 1 0 0 0 0 0 0
240	4	1 1 0 1 1 0 1 0 1 1 0 1 0 0 0 0
240	4	1 1 1 0 1 0 0 0 1 0 0 1 0 0 0 0
240	5	0 1 1 1 1 0 0 0 0 1 0 0 0 0 1 0
240	1	1 1 1 1 1 0 1 0 1 0 1 0 0 0 0 0
240	2	1 1 1 1 1 0 0 0 0 0 1 0 0 0 0 0
240	1	1 1 1 1 1 0 0 1 0 0 0 0 0 0 0 1
240	3	1 1 1 1 0 0 0 1 1 0 0 0 0 0 0 1
240	8	1 1 1 1 1 1 0 0 1 0 1 0 0 0 0 0
240	1	0 1 1 1 1 1 1 0 1 1 1 0 0 0 1 0
240	5	1 1 1 1 1 1 0 0 1 1 0 0 0 0 0 0
240	8	1 1 1 1 1 0 0 0 1 1 0 0 0 0 0 1
240	1	0 1 1 1 1 0 0 0 0 0 0 1 0 0 0 1
240	7	1 1 0 1 1 0 0 0 1 0 0 1 0 0 0 0
240	1	1 0 1 1 1 0 0 0 0 0 0 0 1 0 0 0
240	1	1 1 1 1 1 0 0 0 0 1 0 0 1 0 1 1
240	5	0 1 1 1 1 0 0 0 1 0 0 0 0 0 0 0
240	2	1 1 1 1 1 1 0 0 0 0 0 0 0 0 0 0
240	1	1 1 1 0 1 0 0 0 0 0 0 1 0 0 0 0
240	2	1 1 1 1 1 0 0 0 1 1 0 0 0 1 0 0
240	4	1 1 1 1 1 0 0 0 0 1 0 0 0 1 0 1
240	3	0 1 1 1 1 0 0 0 0 0 0 1 0 0 0 0
240	2	1 0 1 1 1 0 0 0 0 0 0 0 0 0 0 1
240	2	1 1 1 1 1 0 0 1 1 1 0 0 0 0 0 0
240	1	1 1 1 1 1 0 0 0 0 0 0 0 0 0 1 1
240	5	1 1 1 0 0 0 0 0 1 0 0 1 0 0 0 0
240	2	0 1 1 1 1 0 0 1 1 1 0 0 1 0 0 0
240	2	1 1 0 1 1 0 0 0 0 0 0 0 1 0 1 1
260	135	1 1 1 1 1 0 0 0 0 0 0 0 0 0 0 0
260	40	1 1 1 1 1 0 0 0 0 0 0 1 0 0 0 0
260	13	1 1 1 1 1 0 0 0 0 0 0 0 0 0 0 1
260	51	1 1 1 1 1 0 0 0 0 1 0 0 0 0 0 0
260	76	1 1 1 1 1 0 0 0 1 1 0 0 0 0 0 0
260	37	1 1 1 1 1 0 0 1 0 0 0 0 0 0 0 0
260	30	1 1 1 1 1 0 0 0 1 0 0 0 0 0 0 0
260	81	1 1 1 1 1 0 0 0 1 0 0 1 0 0 0 0
260	32	1 1 1 1 1 1 1 0 1 1 0 0 0 0 0 0
260	10	1 1 1 1 1 0 0 0 1 1 1 0 0 0 0 0
260	4	0 1 1 1 1 0 0 0 1 1 0 0 1 0 0 0
260	21	1 1 1 1 1 0 1 1 0 0 0 0 0 0 0 0
260	17	1 1 1 1 1 0 0 0 1 1 0 0 1 0 0 0
260	6	1 1 1 1 1 0 0 0 0 0 0 0 1 0 0 0
260	30	1 1 1 1 0 0 0 1 0 0 0 0 0 0 0 0
260	1	1 1 1 1 1 0 1 0 1 0 0 1 0 0 0 0
260	5	1 1 1 1 1 0 1 0 0 0 1 0 0 0 0 0
260	21	1 1 1 1 1 1 1 0 1 0 0 0 0 0 0 0
260	6	0 1 1 1 1 1 1 0 1 1 1 0 0 0 0 0
260	1	0 1 1 1 1 0 0 0 0 0 0 0 0 0 0 1
260	33	0 1 1 1 1 0 1 0 1 1 0 0 0 0 0 0
260	4	1 1 0 1 1 0 1 0 1 1 0 1 0 0 0 0
260	8	1 1 1 1 1 0 0 0 0 0 1 0 0 0 0 0
260	26	1 1 1 1 1 1 0 0 1 0 1 0 0 0 0 0
260	8	1 1 1 1 1 1 0 0 1 1 0 0 0 0 0 0
260	14	1 1 1 1 1 0 0 0 1 1 0 0 0 0 0 1
260	14	0 1 1 1 1 0 0 0 0 0 0 1 0 0 0 1
260	7	0 1 1 1 1 0 0 0 1 0 0 0 0 0 0 0
260	32	1 1 1 1 1 1 0 0 0 0 0 0 0 0 0 0
260	8	1 1 1 0 0 0 0 0 1 0 0 1 0 0 0 0
260	4	1 1 1 1 0 0 0 1 0 0 0 1 0 0 0 0
260	9	0 1 1 1 1 1 1 0 1 1 0 0 0 0 0 0
260	1	1 1 1 1 1 0 0 0 1 0 0 1 0 1 0 0
260	5	1 0 1 1 1 0 0 0 1 0 0 0 0 0 0 0
260	10	1 1 1 1 1 0 1 0 1 1 1 0 0 0 0 0
260	8	1 1 0 1 1 1 1 0 1 0 0 0 0 0 0 0
260	2	1 1 1 1 1 0 1 1 0 0 0 0 0 0 1 0
260	2	1 1 1 0 1 0 0 0 0 0 0 0 1 0 0 0
260	23	0 1 0 1 1 0 1 0 1 1 0 0 0 0 0 0
260	3	1 1 1 1 1 1 0 0 0 1 0 0 0 0 0 0
260	14	1 1 1 1 0 0 0 0 1 1 0 0 0 0 0 0
260	7	1 1 1 1 1 0 0 0 0 0 0 1 0 0 0 1
260	9	1 1 1 1 1 1 0 1 0 0 0 0 0 0 0 0
260	1	1 1 1 1 1 0 0 0 1 0 0 1 0 0 1 0
260	8	0 1 1 1 1 0 0 0 1 1 0 0 1 0 0 1
260	1	1 1 1 0 1 0 1 0 1 1 1 0 0 0 0 0
260	9	1 1 1 1 1 0 1 0 1 0 0 1 1 1 0 0
260	3	1 1 1 1 1 0 0 1 1 0 0 1 0 0 0 0
260	1	1 0 1 1 1 1 0 0 1 1 0 0 1 0 0 0
260	4	1 1 0 1 1 0 0 1 0 0 0 0 0 0 0 0
260	3	1 1 1 1 1 0 1 0 1 0 0 0 0 0 0 0
260	17	1 1 1 1 1 0 1 0 1 1 0 0 0 0 0 0
260	4	1 1 0 0 0 0 0 0 1 0 0 1 0 0 0 0
260	1	1 1 1 0 0 0 0 0 0 0 0 0 1 0 0 0
260	6	1 1 1 1 1 0 0 1 1 1 0 0 0 0 0 0
260	4	0 1 1 1 1 0 0 0 1 1 0 0 0 0 0 0
260	2	1 1 1 1 1 0 0 0 1 0 0 1 0 0 0 1
260	4	1 1 1 1 0 0 0 0 0 0 0 0 0 0 0 0
260	5	1 1 1 0 1 0 0 0 0 0 0 0 0 0 0 0
260	5	1 1 1 1 1 0 0 0 1 1 0 0 0 0 1 0
260	2	1 1 1 1 0 1 0 0 0 0 0 0 0 0 0 0
260	2	1 1 1 1 1 0 0 1 1 1 0 0 1 0 0 0
260	4	1 1 1 1 0 0 0 0 1 0 0 1 0 0 0 0
260	1	1 1 1 1 0 0 0 0 1 1 1 0 0 0 0 0
260	3	1 1 1 1 1 0 0 0 0 1 0 0 1 0 0 0
260	3	1 1 1 1 1 1 0 0 1 1 0 0 1 0 0 0
260	4	0 0 1 1 1 0 1 0 1 1 0 0 0 0 0 0
260	4	1 1 1 1 1 0 0 0 1 1 0 0 1 0 0 1
260	3	1 1 1 1 0 1 0 0 0 0 1 0 0 0 0 0
260	4	1 1 0 1 1 0 0 0 0 0 0 1 0 0 0 0
260	1	1 1 1 1 1 0 0 0 0 0 0 1 0 0 1 0
260	1	0 1 1 1 1 0 0 0 0 1 0 0 0 0 0 0
260	3	1 0 1 1 1 1 0 0 0 0 0 0 0 0 0 0
260	1	0 1 1 1 1 0 0 1 1 1 0 0 1 0 0 1
260	2	1 1 1 1 1 0 0 0 1 0 1 0 0 0 0 0
260	1	0 1 0 1 1 0 0 0 0 0 0 0 0 0 0 0
260	1	1 1 1 1 1 0 1 0 0 0 0 0 0 0 0 0
260	2	1 1 1 1 1 0 0 0 0 0 0 0 0 0 1 0
260	1	1 1 1 0 1 0 0 0 0 0 0 1 0 0 0 0
260	1	1 1 1 1 1 0 0 0 0 1 0 1 0 0 0 0
260	1	1 1 1 1 0 0 0 0 0 0 0 1 0 0 0 0
260	1	1 1 1 1 1 0 0 0 0 0 1 1 0 0 0 0
260	1	1 1 1 1 1 1 1 0 1 0 0 1 0 0 0 0
260	3	0 1 1 1 1 0 1 0 1 1 0 0 0 1 0 0
260	2	1 1 1 1 1 1 1 0 1 0 1 0 0 0 0 0
260	1	0 1 1 1 1 0 0 0 0 0 0 1 1 0 0 1
260	1	1 1 1 1 0 0 0 0 0 1 0 0 0 0 0 0
280	77	1 1 1 1 1 0 0 0 0 0 0 0 0 0 0 0
280	28	1 1 1 1 1 0 0 0 0 0 0 1 0 0 0 0
280	3	1 1 1 1 1 0 0 0 0 0 0 0 0 0 0 1
280	60	1 1 1 1 1 0 0 0 0 1 0 0 0 0 0 0
280	48	1 1 1 1 1 0 0 0 1 1 0 0 0 0 0 0
280	39	1 1 1 1 1 0 0 1 0 0 0 0 0 0 0 0
280	40	1 1 1 1 1 0 0 0 1 0 0 0 0 0 0 0
280	106	1 1 1 1 1 0 0 0 1 0 0 1 0 0 0 0
280	9	1 1 1 1 1 1 1 0 1 1 0 0 0 0 0 0
280	33	1 1 1 1 1 0 1 1 0 0 0 0 0 0 0 0
280	28	1 1 1 1 0 0 0 1 0 0 0 0 0 0 0 0
280	23	1 1 1 1 1 1 1 0 1 0 0 0 0 0 0 0
280	21	0 1 1 1 1 1 1 0 1 1 1 0 0 0 0 0
280	1	1 1 1 1 1 0 0 0 0 0 1 0 0 0 0 0
280	27	1 1 1 1 1 1 0 0 1 0 1 0 0 0 0 0
280	7	1 1 1 1 1 0 0 0 1 1 0 0 0 0 0 1
280	37	1 1 1 1 1 1 0 0 0 0 0 0 0 0 0 0
280	12	1 1 1 0 0 0 0 0 1 0 0 1 0 0 0 0
280	10	1 1 0 1 1 1 1 0 1 0 0 0 0 0 0 0
280	8	1 1 1 1 1 1 0 0 0 1 0 0 0 0 0 0
280	20	1 1 1 1 0 0 0 0 1 1 0 0 0 0 0 0
280	1	0 1 1 1 1 0 0 0 1 1 0 0 1 0 0 1
280	12	1 1 1 1 1 0 0 1 1 0 0 1 0 0 0 0
280	6	1 1 0 1 1 0 0 1 0 0 0 0 0 0 0 0
280	70	1 1 1 1 1 0 1 0 1 1 0 0 0 0 0 0
280	10	1 1 1 1 1 0 0 1 1 1 0 0 0 0 0 0
280	8	1 1 1 1 0 0 0 0 0 0 0 0 0 0 0 0
280	54	1 1 1 1 0 0 0 0 1 0 0 1 0 0 0 0
280	4	1 1 1 1 1 0 0 0 0 0 0 1 0 0 1 0
280	5	1 1 1 1 1 0 0 0 0 0 0 0 0 0 1 0
280	10	1 1 1 1 1 0 0 0 0 1 0 1 0 0 0 0
280	4	1 1 1 1 1 0 0 0 0 0 1 1 0 0 0 0
280	1	1 1 1 1 0 1 1 0 1 0 0 0 0 0 0 0
280	1	0 1 1 1 1 0 0 0 1 0 0 1 0 0 0 0
280	7	0 1 1 1 1 0 0 0 1 1 1 0 0 0 0 0
280	4	0 1 0 1 1 0 1 0 0 1 0 0 0 0 0 0
280	1	1 1 0 1 1 0 0 0 0 0 0 0 0 0 0 0
280	3	1 1 0 1 1 0 1 0 1 1 0 0 0 0 0 0
280	4	1 1 1 1 1 1 0 0 1 0 1 1 0 0 0 0
280	7	1 1 1 1 1 0 0 1 0 0 1 0 0 0 0 0
280	1	1 1 1 1 1 0 0 0 1 0 0 1 0 0 1 0
280	3	1 1 1 1 1 0 0 0 0 0 0 0 0 1 0 0
280	10	1 1 1 0 1 0 0 0 0 0 0 0 0 0 0 0
280	5	1 1 1 1 1 0 1 1 1 0 0 0 0 0 0 0
280	1	1 1 1 1 0 1 0 1 0 0 0 0 0 0 0 0
280	11	0 1 1 1 1 1 1 0 1 0 1 0 0 0 0 0
280	3	1 1 1 1 0 0 0 0 1 1 0 0 0 1 0 0
280	3	0 1 1 1 1 0 0 0 1 1 0 0 1 0 0 0
280	2	0 1 1 1 1 0 0 0 0 0 0 0 0 0 0 0
280	4	1 1 1 1 1 0 0 0 0 1 0 0 0 0 0 1
280	2	1 1 1 1 0 0 0 0 0 0 0 0 0 1 0 0
280	9	1 1 1 1 1 0 0 0 0 1 1 1 0 0 0 0
280	3	1 1 0 1 1 1 1 1 0 0 0 0 0 0 0 0
280	2	0 1 1 1 1 1 1 0 1 1 0 0 0 0 0 0
280	7	1 1 1 1 1 1 1 0 1 0 1 0 0 0 0 0
280	11	1 1 1 1 0 1 0 0 0 1 0 0 0 0 0 0
280	1	1 1 1 1 1 0 1 0 1 1 0 0 1 0 0 0
280	9	1 1 1 0 0 0 0 1 0 0 1 0 0 0 0 0
280	1	1 1 1 1 1 0 1 0 0 0 0 0 0 0 0 0
280	2	1 1 1 1 1 0 1 0 0 1 0 0 0 0 0 0
280	6	0 1 1 1 1 0 0 0 0 0 1 1 0 0 0 1
280	1	1 1 1 1 1 1 1 0 0 0 0 0 0 0 0 0
280	1	1 1 1 1 1 0 0 1 0 1 0 0 0 0 0 0
280	2	1 1 0 1 1 0 0 0 0 0 1 1 0 0 0 0
280	1	1 1 0 1 1 0 0 0 1 0 0 1 0 0 0 0
280	3	1 1 1 1 1 0 0 1 0 0 0 1 0 0 0 0
280	6	1 1 0 1 1 0 0 0 1 0 0 0 0 0 0 0
280	2	1 1 0 1 0 0 0 1 0 0 0 0 0 0 0 0
280	2	1 1 1 1 1 0 0 0 1 0 1 0 0 0 0 0
280	5	1 1 1 1 1 1 0 0 0 0 1 0 0 0 0 0
280	4	1 1 1 1 0 0 0 0 1 1 0 0 1 0 0 0
280	2	1 0 1 1 0 0 0 0 1 1 0 0 0 0 0 0
280	4	1 1 1 1 0 0 1 0 1 1 0 0 0 0 0 0
280	3	0 1 1 1 1 0 0 0 1 0 0 1 0 1 0 0
280	1	1 1 1 1 1 0 0 1 0 0 0 0 0 1 0 0
280	1	0 1 1 1 1 1 0 0 0 0 0 0 0 0 0 0
280	1	1 1 1 1 0 0 0 0 1 0 0 1 1 0 0 0
280	1	1 1 1 1 1 1 0 0 1 1 0 0 0 0 0 0
280	1	1 1 1 1 1 0 0 0 0 1 0 0 0 0 1 0
280	3	1 1 1 1 1 0 0 0 1 1 0 1 0 0 0 0
280	2	1 1 1 1 1 0 1 1 0 1 0 0 0 0 0 0
280	2	1 1 1 0 0 0 0 1 0 0 0 0 0 0 0 0
280	2	1 0 1 1 1 1 0 0 0 0 0 0 0 0 0 0
280	2	1 1 0 1 0 0 0 0 1 1 0 0 0 0 0 0
280	1	0 1 1 1 0 0 0 0 1 1 0 0 0 0 0 0
280	1	1 1 1 1 1 1 0 0 1 0 0 1 0 0 1 0
280	1	1 1 0 1 0 0 0 1 0 0 1 0 0 0 0 0
300	28	1 1 1 1 1 0 0 0 0 0 0 0 0 0 0 0
300	16	1 1 1 1 1 0 0 0 0 0 0 1 0 0 0 0
300	32	1 1 1 1 1 0 0 0 0 1 0 0 0 0 0 0
300	33	1 1 1 1 1 0 0 0 1 1 0 0 0 0 0 0
300	53	1 1 1 1 1 0 0 1 0 0 0 0 0 0 0 0
300	99	1 1 1 1 1 0 0 0 1 0 0 0 0 0 0 0
300	68	1 1 1 1 1 0 0 0 1 0 0 1 0 0 0 0
300	49	1 1 1 1 1 0 1 1 0 0 0 0 0 0 0 0
300	43	1 1 1 1 0 0 0 1 0 0 0 0 0 0 0 0
300	7	1 1 1 1 1 1 1 0 1 0 0 0 0 0 0 0
300	3	0 1 1 1 1 1 1 0 1 1 1 0 0 0 0 0
300	2	1 1 1 1 1 1 0 0 1 0 1 0 0 0 0 0
300	63	1 1 1 1 1 1 0 0 0 0 0 0 0 0 0 0
300	3	1 1 1 0 0 0 0 0 1 0 0 1 0 0 0 0
300	17	1 1 1 1 1 1 0 0 0 1 0 0 0 0 0 0
300	10	1 1 1 1 0 0 0 0 1 1 0 0 0 0 0 0
300	1	1 1 1 1 1 0 0 1 1 0 0 1 0 0 0 0
300	12	1 1 0 1 1 0 0 1 0 0 0 0 0 0 0 0
300	48	1 1 1 1 1 0 1 0 1 1 0 0 0 0 0 0
300	6	1 1 1 1 1 0 0 1 1 1 0 0 0 0 0 0
300	41	1 1 1 1 0 0 0 0 1 0 0 1 0 0 0 0
300	5	1 1 1 1 1 0 0 0 0 0 0 0 0 0 1 0
300	8	1 1 1 1 1 0 0 0 0 0 1 1 0 0 0 0
300	2	1 1 1 0 1 0 0 0 0 0 0 0 0 0 0 0
300	5	1 1 1 1 1 0 0 0 0 1 0 0 0 0 0 1
300	6	1 1 1 1 0 1 0 0 0 1 0 0 0 0 0 0
300	2	1 1 1 0 0 0 0 1 0 0 1 0 0 0 0 0
300	33	1 1 1 1 1 0 1 0 0 1 0 0 0 0 0 0
300	1	1 1 0 1 1 0 0 0 1 0 0 1 0 0 0 0
300	6	1 1 0 1 1 0 0 0 1 0 0 0 0 0 0 0
300	11	1 1 1 1 1 0 0 0 1 0 1 0 0 0 0 0
300	4	1 1 1 1 0 0 0 0 1 1 0 0 1 0 0 0
300	15	1 1 1 1 1 0 1 1 0 1 0 0 0 0 0 0
300	19	1 1 1 1 0 0 0 1 1 0 0 0 0 0 0 0
300	5	0 1 1 1 1 0 0 0 1 1 0 0 0 0 0 0
300	1	1 1 1 0 1 0 0 1 0 0 0 0 0 0 0 0
300	15	1 1 1 1 0 0 1 0 1 0 0 1 0 0 0 0
300	6	1 1 0 1 1 0 0 0 0 0 0 0 0 0 0 0
300	13	1 1 1 1 1 1 0 0 0 0 0 1 0 0 0 0
300	37	1 1 1 1 0 0 0 0 0 1 0 0 0 0 0 0
300	5	1 1 1 1 1 1 0 0 1 0 0 0 0 0 0 0
300	1	1 1 1 0 0 0 0 0 1 0 0 1 0 1 0 0
300	2	1 1 1 1 1 0 0 0 1 0 0 1 0 1 0 0
300	12	1 1 1 1 1 0 1 0 0 0 1 1 0 0 1 0
300	7	1 1 1 1 1 0 1 0 1 1 0 1 0 0 0 0
300	19	0 1 1 1 1 0 1 1 0 0 0 0 0 0 0 0
300	4	1 1 1 1 0 1 0 0 0 1 0 0 0 0 1 0
300	14	1 1 0 1 1 0 0 1 1 0 0 1 0 0 0 0
300	9	1 1 1 1 0 0 0 1 0 0 0 0 0 0 0 1
300	12	1 1 0 1 0 0 0 0 1 0 0 1 0 0 0 0
300	5	1 1 1 1 1 0 0 0 0 1 0 0 0 0 1 0
300	5	1 1 1 1 1 0 0 0 1 0 0 1 0 0 1 0
300	5	1 1 1 0 1 0 1 0 1 1 0 0 0 0 0 0
300	3	1 1 1 1 1 0 0 0 1 0 1 1 0 1 0 0
300	2	1 1 1 1 1 1 0 0 1 0 0 1 0 0 0 0
300	5	1 1 1 1 1 0 0 1 1 0 0 0 0 0 0 0
300	2	1 1 1 1 1 0 0 0 1 1 0 0 1 0 0 0
300	1	1 1 1 1 1 0 0 1 0 0 0 0 0 0 1 0
300	5	1 1 1 1 1 0 1 0 1 0 0 1 0 0 0 0
300	4	1 1 1 1 1 0 1 1 0 0 0 0 0 0 0 1
300	5	1 1 1 0 1 0 0 0 1 0 0 0 0 0 0 0
300	1	1 1 1 1 1 0 0 0 0 1 0 1 0 0 0 0
300	1	1 1 1 1 1 0 0 0 1 1 0 0 0 0 0 1
300	6	1 1 1 1 1 0 0 0 1 0 0 0 0 1 0 0
300	1	1 1 1 1 0 0 0 0 0 1 0 0 0 0 1 0
300	2	1 1 1 0 1 0 0 0 1 1 0 0 0 0 0 0
300	1	1 1 1 1 1 0 0 1 0 0 1 0 0 0 0 0
300	6	1 1 1 1 1 0 0 0 1 0 0 0 0 0 0 1
300	3	1 0 1 1 1 0 1 1 0 0 0 0 0 0 0 0
300	4	1 1 1 1 0 1 0 0 1 0 0 1 0 0 0 0
300	6	1 1 1 1 0 0 1 1 0 0 0 0 0 0 0 0
300	1	1 1 1 1 0 0 0 0 1 0 0 0 0 0 0 0
300	1	1 1 1 1 1 0 0 1 0 0 0 1 0 0 0 0
300	1	1 1 0 1 1 0 1 0 0 1 0 0 0 0 0 0
300	2	1 1 1 0 1 0 1 0 1 1 0 0 0 0 1 0
300	1	1 1 1 1 1 0 0 0 1 0 0 0 0 0 1 0
300	1	1 0 1 1 1 0 0 0 1 0 0 1 0 0 0 0
300	1	1 1 1 1 1 1 1 1 0 0 0 0 0 0 0 0
300	1	1 1 1 1 1 0 1 1 0 0 0 1 0 0 0 0
300	1	1 1 0 1 1 1 0 0 0 0 0 0 0 0 0 0
300	1	1 1 0 0 1 0 0 0 1 0 0 1 0 0 0 0
300	1	1 1 1 1 1 0 0 0 1 1 0 1 0 0 0 0
300	2	0 1 1 1 1 0 0 1 1 0 0 0 0 0 0 0
320	22	1 1 1 1 1 0 0 0 0 0 0 0 0 0 0 0
320	7	1 1 1 1 1 0 0 0 0 0 0 1 0 0 0 0
320	20	1 1 1 1 1 0 0 0 0 1 0 0 0 0 0 0
320	23	1 1 1 1 1 0 0 0 1 1 0 0 0 0 0 0
320	17	1 1 1 1 1 0 0 1 0 0 0 0 0 0 0 0
320	53	1 1 1 1 1 0 0 0 1 0 0 0 0 0 0 0
320	101	1 1 1 1 1 0 0 0 1 0 0 1 0 0 0 0
320	31	1 1 1 1 1 0 1 1 0 0 0 0 0 0 0 0
320	91	1 1 1 1 0 0 0 1 0 0 0 0 0 0 0 0
320	19	1 1 1 1 1 1 1 0 1 0 0 0 0 0 0 0
320	59	1 1 1 1 1 1 0 0 0 0 0 0 0 0 0 0
320	26	1 1 1 1 1 1 0 0 0 1 0 0 0 0 0 0
320	33	1 1 0 1 1 0 0 1 0 0 0 0 0 0 0 0
320	6	1 1 1 1 1 0 1 0 1 1 0 0 0 0 0 0
320	2	1 1 1 1 0 0 0 0 1 0 0 1 0 0 0 0
320	13	1 1 1 1 1 0 1 0 0 1 0 0 0 0 0 0
320	4	1 1 0 1 1 0 0 0 1 0 0 0 0 0 0 0
320	14	1 1 1 1 1 0 0 0 1 0 1 0 0 0 0 0
320	7	1 1 1 1 1 0 1 1 0 1 0 0 0 0 0 0
320	24	1 1 1 1 0 0 0 1 1 0 0 0 0 0 0 0
320	33	1 1 1 1 0 0 1 0 1 0 0 1 0 0 0 0
320	10	1 1 0 1 1 0 0 0 0 0 0 0 0 0 0 0
320	9	1 1 1 1 1 1 0 0 0 0 0 1 0 0 0 0
320	13	1 1 1 1 0 0 0 0 0 1 0 0 0 0 0 0
320	25	1 1 1 1 1 0 1 0 0 0 1 1 0 0 1 0
320	37	0 1 1 1 1 0 1 1 0 0 0 0 0 0 0 0
320	10	1 1 1 1 0 0 0 1 0 0 0 0 0 0 0 1
320	8	1 1 0 1 0 0 0 0 1 0 0 1 0 0 0 0
320	5	1 1 1 1 1 0 0 0 1 0 0 1 0 0 1 0
320	18	1 1 1 1 1 0 1 0 1 0 0 1 0 0 0 0
320	4	1 1 1 0 1 0 0 0 1 0 0 0 0 0 0 0
320	7	1 1 1 1 0 0 1 1 0 0 0 0 0 0 0 0
320	1	1 1 1 1 1 1 0 0 0 0 0 0 0 0 0 1
320	2	1 1 1 1 0 0 0 0 1 0 0 0 0 0 0 0
320	13	1 1 1 1 0 0 0 0 0 1 0 1 0 0 0 0
320	6	1 1 1 1 0 0 0 1 1 1 0 0 0 0 0 0
320	4	1 1 1 1 1 0 1 1 0 0 0 0 0 1 0 0
320	4	1 1 0 1 1 0 0 0 0 0 1 1 0 0 0 0
320	12	1 1 1 1 1 1 0 0 1 0 0 1 0 0 0 0
320	16	1 1 1 0 1 0 0 0 0 0 0 0 0 0 0 0
320	2	1 1 0 0 1 0 0 1 0 0 0 0 0 0 0 0
320	11	1 1 1 1 1 1 1 0 0 0 1 1 0 0 1 0
320	8	1 1 1 1 0 0 0 1 0 1 0 0 0 0 0 0
320	6	1 1 1 1 1 0 0 1 0 0 0 0 0 0 1 0
320	7	1 1 1 1 0 1 1 0 0 1 0 0 0 0 0 0
320	2	0 1 0 1 1 0 0 0 0 0 0 0 0 0 0 0
320	8	1 1 1 1 1 0 1 0 1 0 0 0 0 0 0 0
320	7	1 1 1 1 1 0 1 0 1 1 0 0 0 1 0 0
320	3	1 1 0 1 1 1 0 0 0 0 0 1 0 0 0 0
320	5	1 1 1 1 1 1 0 0 1 0 0 0 0 0 1 0
320	3	1 1 1 1 1 0 0 1 0 0 0 0 0 0 0 1
320	1	1 1 1 1 1 0 0 0 1 0 0 1 0 0 0 1
320	5	1 1 0 1 0 0 0 0 0 1 0 0 0 0 0 0
320	1	1 1 0 1 1 1 0 0 0 0 1 1 0 0 0 0
320	1	1 1 0 1 1 0 0 0 0 0 0 1 0 0 0 0
320	3	0 1 0 1 0 0 0 0 1 0 0 1 0 0 0 0
320	5	1 1 1 1 1 0 1 1 1 1 0 0 0 0 1 0
320	3	1 1 1 1 1 1 1 0 0 1 0 0 0 0 0 0
320	3	1 1 1 1 1 0 1 1 0 1 0 0 0 1 0 0
320	3	0 1 1 1 1 0 0 0 1 0 0 0 0 0 0 0
320	9	1 1 1 1 1 1 1 0 0 0 0 0 0 0 0 0
320	1	1 1 0 1 1 0 0 1 0 1 0 0 0 0 0 0
320	5	1 1 1 1 0 0 1 0 1 0 0 1 1 0 0 0
320	1	1 1 1 1 1 1 0 0 0 0 0 0 1 0 0 1
320	5	1 1 0 1 1 0 0 0 0 0 1 1 0 0 0 1
320	3	1 1 0 1 1 0 0 1 0 0 0 0 0 0 1 0
320	3	1 0 1 1 1 0 0 0 1 0 0 0 0 0 0 0
320	10	1 1 0 1 0 0 1 0 1 0 0 1 0 0 0 0
320	1	0 1 1 1 1 0 0 0 1 0 0 1 0 0 0 1
320	4	0 1 1 1 1 0 0 0 1 1 0 0 0 0 0 0
320	6	1 1 1 1 1 1 0 0 0 0 0 0 0 1 0 0
320	3	1 1 0 1 0 0 0 1 0 0 0 0 0 0 0 0
320	2	1 1 0 1 1 0 0 1 0 0 0 0 0 1 0 0
320	1	0 1 0 1 1 0 1 1 0 0 0 0 0 0 0 0
320	4	1 1 0 1 1 1 0 0 0 0 0 1 0 0 0 1
320	1	1 1 1 1 1 1 0 0 0 1 0 0 0 0 1 0
320	6	1 1 1 1 0 0 0 0 0 0 0 0 0 0 0 0
320	2	1 0 1 1 1 0 0 0 1 0 0 1 0 0 0 0
320	6	1 1 1 1 0 0 0 1 0 0 0 0 0 1 0 0
320	1	1 1 0 1 0 0 0 1 1 0 0 0 0 0 0 0
320	1	1 0 1 1 1 0 1 0 0 0 1 1 0 0 1 0
320	3	0 1 0 1 1 0 0 0 0 0 1 0 0 0 0 0
320	2	0 1 1 1 1 0 0 0 0 1 0 0 1 0 0 0
320	5	1 1 0 1 0 0 0 0 0 1 0 0 0 1 0 0
320	1	1 1 1 1 1 0 0 1 0 0 0 1 0 0 0 0
320	1	1 1 1 1 0 0 1 0 1 0 0 1 0 0 0 1
320	1	1 1 1 1 1 1 0 1 1 0 0 1 0 0 0 0
320	2	1 1 1 1 1 0 0 0 1 1 0 1 0 0 0 0
320	1	1 1 1 1 1 0 0 1 0 0 0 0 0 1 0 0
320	2	1 1 0 0 1 0 1 0 1 0 0 1 0 0 0 0
320	1	1 1 1 1 1 0 0 0 0 1 1 0 0 0 0 0
320	3	1 1 1 1 1 1 1 1 0 0 0 0 0 0 0 0
320	1	0 1 1 1 0 0 0 1 0 0 0 0 0 0 0 0
320	1	1 1 1 1 0 0 0 1 0 0 1 0 0 0 0 0
320	2	1 1 1 1 1 0 1 0 1 1 0 0 1 0 0 0
320	2	1 1 1 1 1 0 1 0 0 1 0 0 0 0 0 1
320	1	0 1 1 1 1 0 1 1 0 0 0 0 0 0 0 1
340	1	1 1 1 1 1 0 0 0 0 0 0 0 0 0 0 0
340	8	1 1 1 1 1 0 0 0 0 0 0 1 0 0 0 0
340	16	1 1 1 1 1 0 0 0 1 1 0 0 0 0 0 0
340	15	1 1 1 1 1 0 0 1 0 0 0 0 0 0 0 0
340	42	1 1 1 1 1 0 0 0 1 0 0 0 0 0 0 0
340	135	1 1 1 1 1 0 0 0 1 0 0 1 0 0 0 0
340	28	1 1 1 1 1 0 1 1 0 0 0 0 0 0 0 0
340	61	1 1 1 1 0 0 0 1 0 0 0 0 0 0 0 0
340	3	1 1 1 1 1 1 1 0 1 0 0 0 0 0 0 0
340	62	1 1 1 1 1 1 0 0 0 0 0 0 0 0 0 0
340	2	1 1 0 1 1 0 0 1 0 0 0 0 0 0 0 0
340	21	1 1 1 1 0 0 0 0 1 0 0 1 0 0 0 0
340	9	1 1 1 1 1 0 0 0 1 0 1 0 0 0 0 0
340	14	1 1 1 1 0 0 0 1 1 0 0 0 0 0 0 0
340	15	1 1 1 1 0 0 1 0 1 0 0 1 0 0 0 0
340	29	1 1 0 1 1 0 0 0 0 0 0 0 0 0 0 0
340	15	1 1 1 1 1 1 0 0 0 0 0 1 0 0 0 0
340	22	1 1 1 1 0 0 0 0 0 1 0 0 0 0 0 0
340	1	1 1 1 1 1 0 1 0 0 0 1 1 0 0 1 0
340	4	0 1 1 1 1 0 1 1 0 0 0 0 0 0 0 0
340	2	1 1 0 1 0 0 0 0 1 0 0 1 0 0 0 0
340	22	1 1 1 1 1 0 1 0 1 0 0 1 0 0 0 0
340	24	1 1 1 1 0 0 0 0 0 1 0 1 0 0 0 0
340	2	1 1 1 1 1 0 1 1 0 0 0 0 0 1 0 0
340	20	1 1 1 1 1 1 0 0 1 0 0 1 0 0 0 0
340	14	1 1 1 0 1 0 0 0 0 0 0 0 0 0 0 0
340	17	1 1 1 1 1 1 1 0 0 0 1 1 0 0 1 0
340	58	1 1 1 1 0 0 0 1 0 1 0 0 0 0 0 0
340	8	1 1 1 1 1 0 1 0 1 1 0 0 0 1 0 0
340	1	1 1 0 1 0 0 0 0 0 1 0 0 0 0 0 0
340	3	1 1 0 1 1 0 0 0 0 0 1 1 0 0 0 1
340	3	1 1 0 1 0 0 1 0 1 0 0 1 0 0 0 0
340	8	0 1 1 1 1 0 0 0 1 0 0 1 0 0 0 1
340	21	0 1 1 1 1 0 0 0 0 1 0 0 1 0 0 0
340	2	1 1 1 1 1 0 0 1 0 0 0 1 0 0 0 0
340	6	1 1 1 1 1 0 0 0 1 0 0 0 0 0 0 1
340	4	1 1 1 1 1 0 0 0 1 0 0 1 1 0 0 0
340	5	1 1 1 1 1 1 1 1 0 1 0 0 0 0 0 0
340	4	1 1 1 1 0 0 1 0 0 0 0 1 0 0 0 0
340	14	0 1 1 1 1 1 0 0 0 0 0 0 0 0 0 0
340	4	0 1 1 1 1 0 1 0 1 0 0 1 0 0 0 1
340	13	0 1 1 1 1 0 0 0 1 0 0 0 0 0 0 1
340	4	1 1 1 1 0 0 0 1 1 0 0 0 0 0 1 0
340	11	1 1 1 1 1 0 0 0 1 1 0 1 0 0 0 0
340	8	1 1 1 1 1 0 1 1 1 1 0 0 0 1 0 0
340	11	1 1 1 1 1 0 0 0 1 0 0 1 0 0 0 1
340	10	1 1 0 1 1 0 0 0 1 0 0 1 0 0 0 0
340	4	1 0 1 1 1 0 0 1 0 0 0 0 0 0 0 0
340	6	1 1 0 1 1 0 0 0 1 0 1 0 0 0 0 0
340	6	1 1 1 1 1 0 0 0 0 0 1 1 0 0 0 1
340	13	1 1 1 1 0 0 0 1 0 1 0 0 0 1 0 0
340	13	1 1 1 1 0 0 0 1 0 1 0 1 0 0 0 0
340	15	1 1 0 1 0 0 0 0 0 0 0 0 0 0 0 0
340	4	0 1 1 1 1 0 1 0 0 1 0 0 1 0 0 0
340	1	1 1 1 1 1 0 0 0 1 0 1 1 1 0 0 0
340	15	1 1 1 1 1 0 0 0 0 1 0 0 1 0 0 0
340	3	1 1 1 1 0 0 0 1 0 0 0 0 1 0 0 0
340	2	1 0 1 1 0 0 1 0 1 0 0 1 0 0 0 0
340	2	1 1 1 0 1 1 0 0 0 0 0 0 0 0 0 0
340	7	1 0 1 0 1 0 0 0 0 0 0 0 0 0 0 0
340	2	0 1 1 1 0 0 1 0 0 1 0 1 0 0 0 0
340	5	1 1 1 1 0 0 1 0 0 1 0 1 0 0 1 0
340	13	0 0 1 1 1 0 1 1 0 0 0 0 0 0 0 0
340	2	1 1 1 1 1 1 0 0 1 0 0 1 0 0 1 0
340	1	1 1 1 0 1 0 0 1 0 0 0 0 0 0 0 0
340	4	1 1 1 0 1 0 0 0 0 0 1 0 0 0 0 0
340	4	1 1 1 1 1 0 0 0 1 0 0 0 0 0 1 1
340	2	1 1 1 1 1 0 1 0 1 0 0 1 0 0 0 1
340	6	1 1 1 1 1 0 0 0 0 1 0 1 0 0 0 0
340	3	1 1 1 1 0 0 0 1 0 0 0 1 0 0 0 0
340	5	1 1 1 1 0 0 1 0 1 0 0 1 0 0 1 0
340	5	0 0 1 1 1 1 0 0 0 0 0 0 0 0 0 0
340	2	1 0 1 1 0 0 1 0 0 0 0 1 0 0 0 0
340	1	0 1 1 1 1 1 1 0 0 0 1 1 0 0 1 0
340	2	1 1 1 1 1 0 0 0 0 0 0 0 0 0 0 1
340	7	1 1 1 1 1 0 1 0 1 1 0 0 0 0 0 0
340	1	1 1 1 1 1 1 0 0 1 0 0 1 0 1 0 0
340	3	1 1 0 1 1 0 0 0 0 0 0 1 0 0 0 0
340	1	1 1 1 1 0 0 0 0 0 0 0 0 0 0 0 0
340	1	1 1 0 1 1 0 0 0 0 0 1 1 0 0 0 0
340	2	1 1 0 1 1 1 0 0 0 0 0 0 0 0 0 0
340	1	0 1 1 1 0 0 0 1 1 0 0 0 0 0 0 0
340	4	1 1 1 1 0 0 0 1 0 1 1 0 0 0 0 0
340	7	1 0 1 1 0 0 0 1 0 1 0 1 0 0 0 0
340	1	1 1 0 1 0 0 0 0 0 0 0 0 0 1 0 0
340	1	1 1 1 1 1 0 1 0 1 0 0 0 0 0 0 0
340	1	1 1 1 1 1 1 0 0 1 0 0 0 0 0 0 0
340	1	1 1 1 1 1 0 0 0 0 1 0 0 0 0 0 0
340	4	1 1 1 1 0 0 0 0 1 0 0 0 0 0 0 0
340	2	1 1 1 1 0 0 0 0 1 1 0 0 0 0 0 0
340	2	1 1 1 1 1 0 0 0 1 0 1 1 0 0 0 0
340	1	0 1 1 1 1 0 0 0 1 0 0 1 0 0 0 0
340	1	0 1 1 1 0 0 1 1 0 0 0 0 0 0 0 0
340	2	1 1 1 1 1 0 1 0 1 0 1 1 0 0 0 0
340	1	1 1 1 1 1 1 0 0 1 0 1 1 0 0 0 0
340	1	1 1 0 1 1 0 0 1 1 0 0 1 0 0 0 0
340	1	1 1 0 1 1 0 0 0 1 0 0 0 0 0 0 0
340	1	1 1 1 1 0 0 1 0 0 1 0 1 0 0 1 1
340	2	1 0 1 1 1 0 0 0 0 1 0 1 0 0 0 0
340	1	1 1 0 1 0 0 0 1 0 1 1 0 0 0 0 0
360	20	1 1 1 1 1 0 0 0 0 0 0 0 0 0 0 0
360	10	1 1 1 1 1 0 0 0 1 1 0 0 0 0 0 0
360	21	1 1 1 1 1 0 0 1 0 0 0 0 0 0 0 0
360	30	1 1 1 1 1 0 0 0 1 0 0 0 0 0 0 0
360	20	1 1 1 1 1 0 0 0 1 0 0 1 0 0 0 0
360	18	1 1 1 1 1 0 1 1 0 0 0 0 0 0 0 0
360	118	1 1 1 1 0 0 0 1 0 0 0 0 0 0 0 0
360	18	1 1 1 1 1 1 0 0 0 0 0 0 0 0 0 0
360	10	1 1 1 1 0 0 0 0 1 0 0 1 0 0 0 0
360	32	1 1 1 1 1 0 0 0 1 0 1 0 0 0 0 0
360	32	1 1 1 1 0 0 0 1 1 0 0 0 0 0 0 0
360	2	1 1 1 1 0 0 1 0 1 0 0 1 0 0 0 0
360	19	1 1 0 1 1 0 0 0 0 0 0 0 0 0 0 0
360	19	1 1 1 1 1 1 0 0 0 0 0 1 0 0 0 0
360	44	1 1 1 1 0 0 0 0 0 1 0 0 0 0 0 0
360	34	1 1 1 1 1 0 1 0 1 0 0 1 0 0 0 0
360	13	1 1 1 1 0 0 0 0 0 1 0 1 0 0 0 0
360	3	1 1 1 1 1 1 0 0 1 0 0 1 0 0 0 0
360	2	1 1 1 1 1 1 1 0 0 0 1 1 0 0 1 0
360	65	1 1 1 1 0 0 0 1 0 1 0 0 0 0 0 0
360	13	1 1 1 1 1 0 1 0 1 1 0 0 0 1 0 0
360	13	0 1 1 1 1 0 0 0 0 1 0 0 1 0 0 0
360	12	1 1 1 1 1 0 0 0 1 0 0 0 0 0 0 1
360	6	1 1 1 1 1 0 0 0 1 0 0 1 1 0 0 0
360	3	0 1 1 1 1 1 0 0 0 0 0 0 0 0 0 0
360	12	1 1 1 1 1 0 0 0 1 1 0 1 0 0 0 0
360	17	1 1 1 1 1 0 1 1 1 1 0 0 0 1 0 0
360	5	1 1 0 1 1 0 0 0 1 0 0 1 0 0 0 0
360	3	1 0 1 1 1 0 0 1 0 0 0 0 0 0 0 0
360	21	1 1 0 1 1 0 0 0 1 0 1 0 0 0 0 0
360	3	1 1 1 1 0 0 0 1 0 1 0 0 0 1 0 0
360	19	1 1 0 1 0 0 0 0 0 0 0 0 0 0 0 0
360	2	1 0 1 0 1 0 0 0 0 0 0 0 0 0 0 0
360	7	0 0 1 1 1 0 1 1 0 0 0 0 0 0 0 0
360	3	1 1 1 1 1 1 0 0 1 0 0 1 0 0 1 0
360	3	1 1 1 1 1 0 1 0 1 0 0 1 0 0 0 1
360	7	1 1 1 1 0 0 0 1 0 0 0 1 0 0 0 0
360	3	1 0 1 1 0 0 1 0 0 0 0 1 0 0 0 0
360	2	1 1 1 1 1 0 1 0 1 0 0 0 0 0 0 0
360	5	1 1 1 1 0 0 0 1 1 0 0 1 0 0 1 0
360	12	1 1 1 1 1 1 1 0 1 0 0 1 0 0 0 0
360	18	1 1 1 1 0 0 0 1 1 0 0 1 0 0 0 0
360	23	1 1 1 1 0 0 0 1 0 1 1 0 0 0 0 0
360	20	1 1 1 1 0 0 0 0 1 0 1 0 0 0 0 0
360	10	0 1 1 1 1 0 0 0 1 0 0 1 0 0 0 0
360	4	1 0 1 1 1 0 0 0 1 0 0 1 0 0 0 0
360	3	1 1 1 1 1 0 0 1 1 0 0 1 0 0 0 0
360	5	1 1 1 0 0 0 0 1 0 0 0 0 0 0 0 0
360	3	1 1 1 1 0 0 0 1 0 1 0 0 0 0 0 1
360	5	1 1 0 1 1 0 1 0 1 0 0 1 0 0 0 1
360	10	1 1 1 1 1 0 0 0 1 0 0 1 0 1 0 0
360	7	1 1 1 1 1 0 0 0 0 1 0 0 0 0 0 0
360	3	1 1 1 1 1 0 0 0 1 0 0 0 1 0 0 0
360	2	1 1 1 1 1 0 1 1 1 1 0 0 0 0 0 0
360	16	1 1 0 1 0 0 0 0 0 0 0 0 0 0 0 1
360	5	1 1 1 1 1 0 0 0 1 0 0 1 0 0 0 1
360	10	1 1 1 1 0 0 0 0 0 0 0 1 0 0 0 0
360	3	1 1 1 1 1 1 1 0 0 0 0 0 0 0 0 0
360	1	1 1 0 1 1 1 0 0 0 0 0 0 0 0 0 0
360	7	1 1 0 1 0 0 0 0 0 1 0 1 0 0 0 0
360	4	0 1 1 1 0 0 0 0 0 1 0 1 0 0 0 0
360	10	1 1 0 1 0 0 0 1 0 1 0 0 0 0 0 0
360	30	1 1 1 1 0 0 1 0 1 0 0 1 0 0 0 1
360	1	1 1 0 1 1 0 0 0 1 0 0 1 0 1 0 0
360	5	0 1 1 1 0 0 1 0 1 0 0 0 0 0 0 0
360	3	1 0 1 1 0 0 0 1 1 0 0 0 0 0 0 0
360	1	1 1 1 1 0 0 1 0 1 0 1 1 0 0 0 0
360	4	1 1 1 1 0 0 0 0 0 1 0 0 0 0 0 1
360	6	1 1 1 1 0 0 0 0 0 1 0 0 0 1 0 0
360	2	1 1 1 1 1 0 1 1 0 0 0 0 1 0 0 0
360	3	1 1 0 1 0 0 0 1 0 0 0 0 0 0 0 0
360	3	1 1 1 1 0 0 0 0 1 0 0 0 0 0 0 0
360	1	0 0 1 1 1 0 1 0 0 1 0 0 1 0 0 0
360	1	0 1 1 1 1 1 0 0 1 0 0 1 0 0 0 0
360	4	1 0 1 1 0 0 0 1 0 1 0 0 0 0 0 0
360	1	1 1 1 1 1 1 0 0 1 0 0 1 1 0 0 0
360	2	1 1 1 1 0 0 0 1 0 1 0 0 0 1 0 1
360	6	1 1 1 1 1 0 0 0 1 0 1 1 0 1 0 0
360	7	0 0 1 1 1 0 0 0 1 0 0 0 0 0 0 0
360	1	1 1 1 1 0 1 0 0 0 0 0 0 0 0 0 0
360	6	1 1 1 1 0 0 1 1 1 0 0 1 0 0 0 0
360	2	1 1 0 1 0 0 0 0 1 0 1 0 0 0 0 0
360	1	1 1 0 1 1 0 0 0 1 1 1 0 0 0 0 0
360	3	1 1 0 1 0 0 0 0 0 0 0 0 1 0 0 0
360	1	1 1 1 1 0 0 0 1 0 0 0 0 0 0 1 0
360	1	1 1 1 1 0 0 0 1 0 0 0 0 1 0 0 0
360	1	1 1 1 1 1 0 0 0 1 1 1 0 0 0 0 0
360	3	1 1 1 1 0 0 1 0 0 0 0 1 0 0 0 0
360	2	1 1 0 1 1 1 0 0 0 0 0 1 0 0 0 0
360	5	1 1 1 0 1 0 0 0 1 0 0 1 1 0 0 0
360	1	1 1 0 1 1 0 1 1 1 1 0 0 0 1 0 0
360	1	1 1 1 1 0 0 0 1 0 1 0 0 1 0 0 1
360	5	1 1 1 1 0 0 0 0 1 1 0 1 0 0 0 0
360	3	1 1 1 1 0 0 0 0 1 0 0 1 1 0 0 0
360	1	1 1 1 1 0 0 0 1 1 0 1 0 0 0 0 0
360	3	0 1 1 1 1 0 0 0 1 0 0 0 0 0 0 0
360	4	1 1 0 1 1 0 0 0 0 1 0 0 0 0 0 0
360	1	1 1 1 1 0 0 0 0 0 1 0 0 1 0 0 0
360	2	1 1 1 1 1 1 1 0 0 0 0 1 0 0 0 0
360	1	0 1 1 1 1 0 0 0 1 0 0 1 0 1 0 0
360	2	0 1 1 1 1 0 1 0 1 0 0 0 0 0 0 0
380	60	1 1 1 1 1 0 0 0 0 0 0 0 0 0 0 0
380	2	1 1 1 1 1 0 0 0 1 1 0 0 0 0 0 0
380	7	1 1 1 1 1 0 0 1 0 0 0 0 0 0 0 0
380	17	1 1 1 1 1 0 0 0 1 0 0 0 0 0 0 0
380	27	1 1 1 1 1 0 0 0 1 0 0 1 0 0 0 0
380	181	1 1 1 1 0 0 0 1 0 0 0 0 0 0 0 0
380	35	1 1 1 1 1 1 0 0 0 0 0 0 0 0 0 0
380	1	1 1 1 1 0 0 0 0 1 0 0 1 0 0 0 0
380	47	1 1 1 1 1 0 0 0 1 0 1 0 0 0 0 0
380	44	1 1 1 1 0 0 0 1 1 0 0 0 0 0 0 0
380	30	1 1 1 1 1 1 0 0 0 0 0 1 0 0 0 0
380	31	1 1 1 1 0 0 0 0 0 1 0 0 0 0 0 0
380	13	1 1 1 1 1 0 1 0 1 0 0 1 0 0 0 0
380	6	1 1 1 1 1 1 0 0 1 0 0 1 0 0 0 0
380	78	1 1 1 1 0 0 0 1 0 1 0 0 0 0 0 0
380	1	1 1 1 1 1 0 1 0 1 1 0 0 0 1 0 0
380	9	1 1 1 1 1 0 0 0 1 0 0 0 0 0 0 1
380	14	1 1 0 1 1 0 0 0 1 0 1 0 0 0 0 0
380	7	1 1 0 1 0 0 0 0 0 0 0 0 0 0 0 0
380	23	1 1 1 1 1 1 1 0 1 0 0 1 0 0 0 0
380	22	1 1 1 1 0 0 0 1 1 0 0 1 0 0 0 0
380	1	1 1 1 1 0 0 0 1 0 1 1 0 0 0 0 0
380	15	1 1 1 1 0 0 0 0 1 0 1 0 0 0 0 0
380	7	0 1 1 1 1 0 0 0 1 0 0 1 0 0 0 0
380	9	1 1 1 1 1 0 0 0 1 0 0 1 0 1 0 0
380	11	1 1 0 1 0 0 0 0 0 0 0 0 0 0 0 1
380	5	1 1 1 1 1 0 0 0 1 0 0 1 0 0 0 1
380	4	1 1 1 1 0 0 0 0 0 0 0 1 0 0 0 0
380	33	1 1 0 1 0 0 0 1 0 1 0 0 0 0 0 0
380	39	1 1 1 1 0 0 0 0 0 1 0 0 0 1 0 0
380	3	1 1 1 1 1 0 1 1 0 0 0 0 1 0 0 0
380	6	1 1 1 1 0 0 0 0 1 0 0 0 0 0 0 0
380	1	1 0 1 1 0 0 0 1 0 1 0 0 0 0 0 0
380	5	1 1 1 1 0 0 1 1 1 0 0 1 0 0 0 0
380	3	1 1 1 1 0 0 0 1 1 0 0 1 0 1 0 0
380	3	1 1 1 1 0 0 0 1 0 1 1 0 1 0 0 1
380	5	1 1 1 1 0 0 1 0 0 1 0 0 0 0 0 0
380	6	1 1 1 1 1 0 1 0 1 0 0 0 0 0 0 0
380	2	1 1 1 1 0 0 0 0 0 0 1 0 0 0 0 0
380	2	1 1 0 1 1 0 0 0 1 0 0 0 0 0 0 0
380	4	1 1 1 1 0 0 0 0 0 1 0 0 0 1 0 1
380	3	1 1 1 1 0 1 0 0 0 1 0 0 0 1 0 1
380	2	0 1 1 1 0 0 0 1 0 0 0 0 0 0 0 0
380	4	1 1 1 1 1 0 0 0 0 1 0 0 0 1 0 0
380	3	1 1 1 1 1 0 0 1 0 0 0 1 0 0 0 0
380	9	1 1 1 1 0 0 0 1 1 0 0 0 0 0 0 1
380	1	1 1 1 1 1 0 1 0 1 0 0 1 0 0 1 0
380	5	1 1 1 1 1 0 0 0 0 1 0 0 1 0 0 0
380	6	1 1 1 1 1 0 1 0 1 0 1 0 0 1 0 0
380	2	1 1 1 1 0 0 0 0 0 0 0 0 0 0 0 0
380	7	1 1 0 1 0 0 0 1 1 0 0 0 0 0 0 0
380	3	1 1 1 1 1 1 0 0 1 0 0 1 0 0 0 1
380	3	1 1 1 1 1 1 0 0 0 0 0 0 1 0 0 0
380	3	1 1 1 1 1 0 0 0 0 0 1 0 0 0 0 0
380	1	1 1 1 1 0 0 0 1 0 0 0 0 0 0 0 1
380	11	1 1 0 1 1 1 0 0 1 0 1 0 0 0 0 0
380	13	1 1 1 1 1 0 0 1 1 0 0 0 1 0 0 0
380	5	1 1 0 1 0 0 0 0 0 0 0 0 1 0 0 1
380	10	1 1 1 1 0 0 1 0 1 0 0 0 0 0 0 1
380	5	1 1 1 1 0 0 1 0 0 1 0 0 1 0 0 0
380	10	1 1 0 1 1 0 1 0 0 0 0 0 0 0 1 0
380	1	1 1 1 1 1 0 0 0 0 0 0 1 0 0 0 0
380	5	1 1 1 1 0 0 0 1 0 0 0 0 0 1 0 0
380	3	1 1 1 1 0 0 0 1 0 0 1 0 0 0 0 0
380	4	1 1 1 1 0 0 0 1 0 0 0 0 0 0 1 0
380	3	0 1 0 1 1 0 0 0 0 1 0 0 1 0 0 0
380	1	1 0 1 1 0 0 0 0 0 1 0 0 0 1 0 0
380	3	1 1 1 1 1 0 1 1 1 0 0 1 0 0 0 0
380	2	1 1 0 1 0 0 0 0 1 0 1 0 0 0 0 0
380	2	0 1 0 1 1 0 0 0 1 0 0 1 0 0 0 0
380	4	1 1 1 0 1 0 0 0 1 0 0 0 1 0 0 0
380	4	1 1 1 1 1 1 0 0 1 0 1 0 0 0 0 0
380	1	1 1 1 1 0 0 0 1 0 0 0 0 1 0 0 0
380	3	1 1 1 1 1 0 0 1 1 0 0 0 0 0 0 0
380	7	1 1 1 1 0 0 0 1 1 1 0 0 0 0 0 0
380	5	1 1 1 1 0 0 0 0 1 1 0 0 0 0 0 0
380	1	1 1 1 1 0 0 1 1 0 1 0 0 0 0 0 0
380	3	1 1 0 1 0 0 0 1 0 1 0 1 0 0 0 0
380	3	1 0 1 1 1 0 0 0 0 0 1 0 0 0 0 0
380	1	1 1 1 1 0 0 0 1 0 0 1 0 0 0 0 1
380	2	1 1 1 1 1 0 1 0 1 0 0 0 0 0 0 1
380	1	1 1 1 1 1 0 0 0 1 0 0 0 1 0 0 0
380	2	1 1 1 1 0 0 0 0 0 0 0 0 0 0 0 1
380	1	1 1 1 1 1 1 0 0 0 0 0 0 0 1 0 0
380	2	1 1 0 1 1 1 0 1 0 1 0 0 0 0 0 0
380	1	1 1 0 1 1 0 1 0 0 0 0 0 0 1 0 0
380	3	1 1 1 1 1 0 0 0 0 0 0 0 0 1 0 0
380	1	1 1 0 1 0 0 0 1 0 0 0 0 0 0 0 0
380	1	1 1 0 1 1 1 0 0 0 0 0 0 0 0 0 0
380	2	1 1 1 1 1 1 1 0 1 0 0 1 1 0 0 0
380	1	1 1 1 1 0 0 1 1 1 0 0 0 0 0 0 0
380	1	1 1 1 0 0 0 0 1 1 0 0 0 0 0 0 1
380	1	1 1 1 1 0 1 0 1 0 0 1 0 0 0 0 0
400	35	1 1 1 1 1 0 0 0 0 0 0 0 0 0 0 0
400	32	1 1 1 1 1 0 0 1 0 0 0 0 0 0 0 0
400	5	1 1 1 1 1 0 0 0 1 0 0 1 0 0 0 0
400	154	1 1 1 1 0 0 0 1 0 0 0 0 0 0 0 0
400	10	1 1 1 1 1 1 0 0 0 0 0 0 0 0 0 0
400	31	1 1 1 1 1 0 0 0 1 0 1 0 0 0 0 0
400	12	1 1 1 1 0 0 0 1 1 0 0 0 0 0 0 0
400	7	1 1 1 1 1 1 0 0 0 0 0 1 0 0 0 0
400	17	1 1 1 1 0 0 0 0 0 1 0 0 0 0 0 0
400	8	1 1 1 1 1 0 1 0 1 0 0 1 0 0 0 0
400	128	1 1 1 1 0 0 0 1 0 1 0 0 0 0 0 0
400	14	1 1 1 1 1 0 0 0 1 0 0 0 0 0 0 1
400	32	1 1 0 1 1 0 0 0 1 0 1 0 0 0 0 0
400	13	1 1 1 1 0 0 0 1 1 0 0 1 0 0 0 0
400	16	1 1 1 1 0 0 0 0 1 0 1 0 0 0 0 0
400	16	1 1 1 1 1 0 0 0 1 0 0 1 0 1 0 0
400	66	1 1 0 1 0 0 0 1 0 1 0 0 0 0 0 0
400	27	1 1 1 1 0 0 0 0 0 1 0 0 0 1 0 0
400	5	1 1 1 1 1 0 0 1 0 0 0 1 0 0 0 0
400	39	1 1 1 1 1 0 1 0 1 0 0 1 0 0 1 0
400	15	1 1 1 1 1 0 0 0 0 1 0 0 1 0 0 0
400	57	1 1 0 1 0 0 0 1 1 0 0 0 0 0 0 0
400	5	1 1 1 1 0 0 0 1 0 0 0 0 0 0 0 1
400	10	1 1 1 1 1 0 0 1 1 0 0 0 1 0 0 0
400	3	1 1 0 1 1 0 1 0 0 0 0 0 0 0 1 0
400	7	1 1 0 1 0 0 0 0 1 0 1 0 0 0 0 0
400	15	1 1 1 1 1 1 0 0 1 0 1 0 0 0 0 0
400	10	1 1 1 1 0 0 0 1 0 0 0 0 1 0 0 0
400	1	1 1 1 1 1 0 0 1 1 0 0 0 0 0 0 0
400	1	1 1 1 1 0 0 0 1 1 1 0 0 0 0 0 0
400	9	1 1 1 1 0 0 0 0 1 1 0 0 0 0 0 0
400	4	1 1 1 1 0 0 0 0 0 0 0 0 0 0 0 1
400	10	1 1 1 1 1 0 0 0 0 0 0 0 0 1 0 0
400	20	1 1 0 1 0 0 0 1 0 0 0 0 0 0 0 0
400	1	1 1 1 1 1 0 0 0 1 0 1 1 0 0 0 0
400	1	1 1 1 1 0 0 1 0 0 1 0 0 0 1 0 0
400	12	1 1 1 1 0 1 0 1 0 0 0 0 0 0 0 0
400	19	1 1 1 1 1 0 0 0 0 0 1 0 0 0 0 0
400	3	0 1 1 1 1 1 0 0 0 0 0 1 0 0 0 0
400	6	1 1 1 1 1 1 0 0 0 0 1 0 0 0 0 0
400	4	1 1 1 1 1 0 0 0 1 0 0 1 0 0 1 0
400	2	1 1 1 1 0 0 0 0 1 0 0 0 0 0 0 0
400	1	1 1 1 1 1 0 0 1 0 1 0 0 0 0 0 0
400	3	1 1 1 0 0 0 1 1 0 1 0 0 0 0 0 0
400	10	1 1 1 1 0 0 0 0 0 0 0 0 0 0 0 0
400	3	1 0 1 1 0 0 0 0 0 1 0 0 0 1 0 0
400	19	1 1 1 1 0 0 0 1 0 1 0 0 0 1 0 0
400	1	1 1 1 1 0 0 0 0 0 0 1 0 0 0 0 0
400	3	0 1 1 1 1 1 0 0 0 0 1 0 0 0 0 0
400	1	1 0 1 1 1 0 0 0 1 0 1 0 0 1 0 0
400	3	1 1 1 1 1 1 0 0 0 0 0 0 0 1 0 0
400	5	1 1 1 1 0 1 0 0 1 0 1 0 0 0 0 0
400	8	1 1 0 1 0 0 0 1 0 1 0 0 0 0 0 1
400	7	1 1 1 1 1 1 1 0 0 0 0 1 0 0 0 0
400	2	1 1 1 1 1 0 1 0 1 0 0 1 0 1 1 0
400	4	1 1 1 1 0 0 0 0 1 0 0 0 1 0 0 0
400	1	1 1 0 1 1 0 0 0 1 0 0 0 0 0 0 0
400	2	1 1 1 1 1 0 1 1 0 0 0 0 0 0 0 0
400	8	1 1 1 1 0 0 0 1 0 1 0 0 0 0 1 0
400	2	1 1 1 1 0 0 0 1 0 1 0 0 0 0 0 1
400	2	1 1 1 1 1 0 0 1 1 0 0 1 0 1 0 0
400	4	1 1 1 1 0 0 0 1 0 0 0 0 0 1 0 0
400	1	1 1 0 1 0 0 1 1 0 1 0 0 0 0 0 0
400	1	0 1 1 1 0 0 0 0 0 1 0 0 0 1 0 0
400	3	1 1 1 1 1 0 0 0 1 1 0 0 1 0 0 0
400	2	1 1 1 1 0 0 1 0 0 0 0 0 0 0 0 0
400	3	1 1 0 1 1 0 0 0 1 0 0 0 0 0 0 1
400	2	1 1 0 1 0 0 0 1 0 1 0 0 1 0 0 0
400	5	1 1 1 1 0 0 0 1 0 0 1 0 0 1 0 0
400	3	1 1 1 1 0 0 0 1 1 0 1 0 0 1 0 0
400	2	1 1 0 1 0 0 0 0 0 0 0 0 0 0 0 0
400	1	1 0 1 1 1 0 0 0 1 0 1 0 0 0 0 0
400	2	1 1 1 0 0 0 0 1 0 1 0 0 0 0 0 0
400	2	1 1 0 1 0 0 0 1 0 1 0 0 0 0 1 0
400	1	0 1 1 1 1 0 0 1 0 0 0 1 0 0 0 0
400	1	1 1 1 1 0 0 0 0 1 0 0 0 1 0 1 0
