0	250	0 0 0 1 0 0 0 0 0 0 0 0 0 0 0 1
0	250	0 0 0 0 0 1 0 1 0 0 0 0 0 0 0 0
0	250	0 1 0 0 1 1 0 0 0 0 0 0 0 0 0 0
0	250	1 0 0 0 0 0 0 1 0 0 0 0 0 0 0 0
8	193	0 0 0 1 0 0 0 0 0 0 0 0 0 0 0 1
8	202	0 0 0 0 0 1 0 1 0 0 0 0 0 0 0 0
8	254	0 1 0 0 1 1 0 0 0 0 0 0 0 0 0 0
8	157	1 0 0 0 0 0 0 1 0 0 0 0 0 0 0 0
8	1	0 1 0 0 1 1 0 0 0 0 0 0 0 0 0 1
8	3	0 1 0 0 1 1 0 1 0 0 0 0 0 0 0 0
8	27	0 0 0 0 0 1 0 1 0 0 0 0 0 0 0 1
8	5	0 1 0 0 1 1 0 0 0 0 0 1 0 0 0 0
8	10	1 1 0 0 0 0 0 1 0 0 0 0 0 0 0 0
8	22	1 0 0 0 0 1 0 1 0 0 0 0 0 0 0 0
8	9	0 0 0 1 0 0 0 0 0 0 0 0 0 0 0 0
8	3	0 0 0 0 0 0 0 0 0 0 0 0 0 0 0 1
8	5	0 0 0 0 0 1 0 1 1 0 0 0 0 0 0 0
8	5	0 1 0 1 1 1 0 0 0 0 0 0 0 0 0 0
8	5	1 0 0 0 1 0 0 1 0 0 0 0 0 0 0 0
8	4	0 0 0 1 0 0 0 0 0 1 0 0 0 0 0 1
8	12	0 0 0 0 1 1 0 1 0 0 0 0 0 0 0 0
8	4	0 1 0 0 1 1 0 0 0 0 0 0 0 1 0 0
8	15	0 1 0 1 0 0 0 0 0 0 0 0 0 0 0 1
8	4	0 0 0 1 0 0 0 0 0 0 0 0 0 1 0 1
8	2	0 1 0 0 1 1 0 0 0 0 1 0 0 0 0 0
8	3	0 1 1 0 1 1 0 0 0 0 0 0 0 0 0 0
8	7	1 0 1 0 0 0 0 1 0 0 0 0 0 0 0 0
8	2	0 0 0 0 0 0 0 1 0 0 0 0 0 0 0 0
8	10	0 0 0 1 0 1 0 1 0 0 0 0 0 0 0 1
8	1	0 0 0 1 0 0 0 1 0 0 0 0 0 0 0 0
8	9	0 0 0 1 0 0 0 0 0 0 0 1 0 0 0 1
8	1	1 0 0 0 0 0 0 1 0 1 0 0 0 0 0 0
8	3	0 0 0 1 0 0 0 1 0 0 0 0 0 0 0 1
8	3	1 0 0 0 0 0 0 1 1 0 0 0 0 0 0 0
8	4	1 0 0 1 0 0 0 1 0 0 0 0 0 0 0 0
8	3	0 0 0 1 0 0 0 0 1 0 0 0 0 0 0 1
8	1	0 0 0 0 0 1 0 1 0 0 0 0 0 0 1 0
8	2	0 1 0 0 0 1 0 1 0 0 0 0 0 0 0 0
8	2	0 0 0 1 0 1 0 1 0 0 0 0 1 0 0 0
8	5	0 1 0 0 1 1 0 1 0 0 0 0 0 1 0 0
8	1	0 0 0 1 0 1 0 1 0 0 0 0 0 0 0 0
8	1	0 0 0 1 0 0 1 0 0 0 0 0 0 0 0 1
45	51	0 0 0 1 0 0 0 0 0 0 0 0 0 0 0 1
45	113	0 0 0 0 0 1 0 1 0 0 0 0 0 0 0 0
45	257	0 1 0 0 1 1 0 0 0 0 0 0 0 0 0 0
45	1	1 0 0 0 0 0 0 1 0 0 0 0 0 0 0 0
45	25	0 1 0 0 1 1 0 1 0 0 0 0 0 0 0 0
45	3	0 0 0 0 0 1 0 1 0 0 0 0 0 0 0 1
45	20	0 1 0 0 1 1 0 0 0 0 0 1 0 0 0 0
45	8	1 1 0 0 0 0 0 1 0 0 0 0 0 0 0 0
45	15	1 0 0 0 0 1 0 1 0 0 0 0 0 0 0 0
45	41	0 0 0 1 0 0 0 0 0 0 0 0 0 0 0 0
45	16	0 0 0 0 0 1 0 1 1 0 0 0 0 0 0 0
45	7	0 0 0 1 0 0 0 0 0 1 0 0 0 0 0 1
45	27	0 1 0 0 1 1 0 0 0 0 1 0 0 0 0 0
45	3	0 1 1 0 1 1 0 0 0 0 0 0 0 0 0 0
45	1	0 0 0 1 0 0 0 1 0 0 0 0 0 0 0 0
45	42	0 0 0 1 0 1 0 1 0 0 0 0 0 0 0 0
45	13	1 1 0 0 1 1 0 0 0 0 0 0 0 0 0 0
45	36	0 1 0 0 0 1 0 0 0 0 0 0 0 0 0 0
45	14	0 0 0 1 0 0 1 0 0 0 0 1 0 0 0 1
45	10	0 0 0 1 1 1 0 0 0 0 0 0 0 0 0 0
45	11	0 1 0 0 1 1 0 0 1 0 0 0 0 0 0 0
45	3	0 1 0 1 0 0 0 0 0 0 0 0 0 1 0 1
45	5	0 0 0 1 0 0 0 0 0 0 0 0 0 1 0 1
45	5	0 1 0 1 0 0 0 0 0 0 0 0 0 0 0 0
45	9	0 0 0 0 0 1 0 1 0 0 0 0 0 1 0 0
45	4	0 1 0 0 1 1 0 0 0 0 0 0 0 0 0 1
45	6	0 1 0 0 1 1 1 0 0 0 0 0 0 0 0 0
45	4	0 0 0 1 0 0 1 0 0 0 0 0 0 0 0 1
45	10	0 1 0 0 1 1 0 0 0 1 0 0 0 0 0 0
45	9	0 0 0 1 0 0 0 0 0 0 1 0 0 0 0 0
45	5	0 0 0 0 0 1 0 1 0 0 1 0 0 0 0 0
45	9	0 0 0 1 0 0 0 0 0 0 0 0 0 0 1 0
45	6	0 0 0 1 0 0 0 1 0 0 0 0 0 0 0 1
45	6	0 0 0 1 0 1 0 0 0 0 0 0 0 0 0 0
45	2	0 1 0 1 0 1 0 1 0 0 0 0 0 0 1 0
45	10	0 0 0 0 0 1 0 0 0 0 0 0 0 0 0 0
45	19	0 0 0 1 0 0 1 0 0 0 0 0 0 0 0 0
45	3	1 0 0 1 0 0 0 0 0 0 0 0 0 0 1 1
45	2	0 1 1 0 0 1 0 1 0 0 0 0 0 0 0 0
45	3	1 0 0 0 0 0 0 1 0 1 0 0 0 0 0 0
45	2	0 1 0 0 1 1 0 1 1 0 0 0 0 0 0 0
45	11	0 0 0 0 0 1 0 1 1 0 0 0 0 0 0 1
45	2	0 0 0 1 1 1 0 0 0 0 0 1 0 0 0 0
45	3	0 1 0 0 1 0 0 1 0 0 0 0 0 0 0 0
45	8	0 0 0 0 0 1 0 1 1 0 0 0 0 0 1 0
45	13	0 1 0 0 1 1 0 0 0 0 0 0 0 1 0 0
45	5	0 0 0 1 0 0 1 0 0 0 0 0 0 0 1 0
45	3	0 0 1 1 1 1 0 0 0 0 0 1 0 1 0 0
45	8	0 1 0 0 1 1 0 0 0 0 0 1 0 1 0 0
45	8	1 1 0 0 1 1 0 0 0 0 0 0 0 0 0 1
45	9	0 1 0 1 0 1 0 0 0 0 0 0 0 0 0 0
45	10	0 1 0 0 1 1 0 0 0 0 0 0 1 0 0 0
45	7	1 0 0 0 0 1 0 0 0 0 0 0 0 0 0 0
45	3	0 1 0 1 0 1 0 0 0 0 0 0 1 0 0 0
45	2	1 1 0 0 0 1 0 1 0 0 0 0 0 0 0 0
45	2	0 0 0 1 1 1 0 1 1 0 0 0 0 0 0 0
45	9	0 1 0 1 0 0 0 0 0 0 0 0 0 1 0 0
45	1	0 0 0 1 0 0 0 0 0 0 0 0 0 1 0 0
45	11	0 1 0 0 0 1 0 1 0 0 0 0 0 1 0 0
45	1	0 1 1 1 0 0 0 0 0 1 0 0 0 0 0 1
45	1	0 1 0 0 0 1 0 1 0 0 0 0 0 0 0 0
45	2	0 0 1 0 0 1 0 1 0 0 0 0 0 0 0 0
45	4	0 1 0 0 1 1 0 0 0 0 0 1 0 0 0 1
45	2	0 0 0 0 0 1 0 0 0 0 0 0 0 1 0 0
45	1	1 0 0 1 0 0 0 0 0 0 0 0 0 1 0 1
45	4	1 0 0 0 0 1 0 1 0 0 0 0 0 1 0 0
45	2	1 0 0 1 0 0 0 0 0 1 0 0 0 0 0 1
45	1	0 1 0 0 0 1 0 0 0 1 0 0 0 0 0 0
45	2	0 0 0 1 0 0 0 0 0 0 1 0 0 0 0 1
45	1	1 0 0 0 1 1 0 1 0 0 0 0 0 0 0 0
45	6	0 1 0 0 0 1 0 0 0 0 0 0 1 0 0 0
45	4	0 0 0 1 0 1 1 0 0 0 0 1 0 0 0 1
45	1	0 0 0 1 1 1 1 0 0 0 0 0 0 0 0 0
45	1	0 1 0 0 1 1 0 0 0 1 0 1 0 1 0 0
45	1	0 0 0 1 1 1 0 0 0 0 0 0 0 0 0 1
45	1	0 0 0 0 0 0 0 1 0 0 0 0 0 0 0 0
45	2	0 1 0 0 1 0 0 0 0 0 0 0 0 0 0 0
45	2	1 0 0 1 0 0 0 0 0 0 0 0 0 0 0 0
45	2	0 0 0 0 1 1 0 1 1 0 0 0 0 0 0 0
45	1	0 0 1 1 0 1 0 1 0 0 0 0 0 0 0 0
45	1	0 1 1 0 0 1 0 0 0 0 0 0 0 0 0 0
45	1	1 0 0 1 0 0 1 0 0 0 0 1 0 0 0 1
45	1	0 1 0 1 0 1 0 1 0 0 1 0 0 0 0 0
45	3	0 0 1 0 0 1 0 0 0 0 0 0 0 0 0 0
45	1	1 0 0 0 0 1 0 0 0 0 0 0 0 0 1 0
85	83	0 0 0 0 0 1 0 1 0 0 0 0 0 0 0 0
85	142	0 1 0 0 1 1 0 0 0 0 0 0 0 0 0 0
85	40	0 1 0 0 1 1 0 1 0 0 0 0 0 0 0 0
85	4	0 0 0 0 0 1 0 1 0 0 0 0 0 0 0 1
85	18	0 1 0 0 1 1 0 0 0 0 0 1 0 0 0 0
85	39	0 0 0 1 0 0 0 0 0 0 0 0 0 0 0 0
85	66	0 1 0 0 1 1 0 0 0 0 1 0 0 0 0 0
85	48	1 1 0 0 1 1 0 0 0 0 0 0 0 0 0 0
85	70	0 1 0 0 1 1 0 0 1 0 0 0 0 0 0 0
85	40	0 1 0 0 1 1 0 0 0 1 0 0 0 0 0 0
85	4	0 0 0 0 0 1 0 1 0 0 1 0 0 0 0 0
85	94	0 0 0 0 0 1 0 0 0 0 0 0 0 0 0 0
85	26	0 0 0 1 0 0 1 0 0 0 0 0 0 0 0 0
85	4	0 1 0 0 1 1 0 0 0 0 0 0 0 1 0 0
85	49	0 1 0 1 0 1 0 0 0 0 0 0 0 0 0 0
85	23	1 1 0 0 0 1 0 1 0 0 0 0 0 0 0 0
85	8	0 0 0 1 1 1 0 1 1 0 0 0 0 0 0 0
85	1	1 0 0 0 1 1 0 1 0 0 0 0 0 0 0 0
85	1	0 0 0 1 1 0 0 0 0 0 0 0 0 0 0 0
85	8	0 1 1 0 1 1 0 0 0 0 0 0 0 0 0 0
85	11	0 1 1 0 1 1 0 0 1 0 0 0 0 0 0 0
85	3	0 1 0 0 1 1 0 0 0 0 0 0 0 0 0 1
85	3	0 1 0 1 0 0 1 0 0 0 0 0 0 0 0 0
85	18	0 1 0 0 0 1 0 0 1 0 0 0 0 0 0 0
85	10	0 0 0 1 0 0 0 1 0 0 0 0 0 0 1 0
85	7	0 0 0 1 1 0 0 0 1 0 0 0 0 0 0 0
85	4	0 0 0 0 0 1 0 1 0 0 0 0 1 0 0 0
85	7	0 0 0 0 0 1 0 0 0 0 1 0 0 0 0 0
85	4	0 1 0 0 1 1 0 0 0 1 0 0 0 0 0 1
85	13	0 1 0 1 0 0 0 1 0 0 0 0 0 0 0 0
85	8	0 1 0 0 0 1 0 0 0 0 0 0 0 0 0 0
85	29	1 1 0 0 0 1 1 1 0 0 0 0 0 0 0 0
85	4	0 1 0 0 1 1 1 0 0 0 1 0 1 0 0 0
85	2	0 1 0 0 1 1 0 1 1 1 0 0 0 0 0 0
85	5	0 1 0 0 1 1 0 0 0 1 0 1 0 0 0 0
85	3	0 1 0 0 1 1 1 1 0 0 0 0 0 0 0 0
85	2	0 0 0 0 0 1 0 1 0 1 0 0 0 0 0 0
85	1	0 1 0 0 1 1 0 0 0 0 0 0 1 0 0 0
85	10	0 0 0 0 0 1 0 0 0 1 0 0 0 0 0 0
85	6	0 1 0 0 1 1 0 1 1 0 0 0 0 0 0 0
85	4	0 0 0 0 1 1 0 1 1 0 0 0 0 0 0 0
85	17	1 1 0 0 1 1 0 0 0 0 0 0 0 0 0 1
85	8	0 1 0 0 0 1 0 0 0 0 1 0 0 0 0 0
85	1	1 1 0 0 1 1 1 1 0 0 0 0 0 0 0 0
85	2	0 0 0 0 0 1 0 1 0 0 1 0 1 0 0 0
85	3	0 1 0 1 0 1 0 0 0 1 0 0 0 0 0 0
85	1	0 1 0 1 1 1 0 0 0 0 0 0 0 0 0 0
85	1	0 1 0 1 0 1 0 0 0 0 0 0 0 1 0 0
85	8	0 1 0 1 0 0 0 0 0 0 0 0 0 0 0 0
85	1	0 0 0 0 0 1 0 0 1 0 0 0 0 0 0 0
85	1	0 0 0 0 0 1 0 1 0 0 0 1 0 0 0 0
85	2	0 0 0 1 0 0 1 1 0 0 0 0 0 0 0 0
85	3	1 1 0 1 0 0 0 0 0 0 0 0 0 0 0 0
85	3	0 0 0 0 0 1 0 1 1 0 0 0 0 0 0 0
85	4	0 1 0 0 1 1 0 0 0 0 0 1 0 0 1 0
85	2	1 1 0 0 0 1 0 0 0 0 0 0 0 0 0 0
85	2	1 0 0 1 1 0 0 0 1 0 0 0 0 0 0 0
85	1	0 0 0 0 0 1 0 0 0 0 0 0 0 1 0 0
85	1	0 0 0 1 0 0 0 0 0 0 1 0 0 0 0 0
85	1	0 1 0 0 0 1 1 1 0 0 0 0 0 0 0 0
85	1	0 1 0 0 0 1 0 0 0 0 0 0 0 0 0 1
85	4	0 1 0 1 1 1 0 0 0 0 1 0 0 0 0 0
85	1	0 0 1 0 0 1 0 1 0 0 0 0 0 0 0 0
85	1	1 1 0 0 1 1 0 0 0 1 0 0 0 0 0 0
85	1	1 1 0 0 1 1 0 1 0 0 0 0 0 0 0 0
85	2	1 1 1 0 1 1 0 0 1 0 0 0 0 0 0 0
85	1	0 1 0 0 0 1 0 0 1 0 1 0 0 0 0 0
85	1	1 1 0 0 0 1 1 0 0 0 0 0 0 0 0 0
85	1	0 0 0 0 1 1 0 0 0 1 0 1 0 0 0 0
85	2	0 1 1 0 1 1 0 0 0 0 0 0 1 0 0 0
85	1	0 1 0 0 1 1 1 0 0 0 0 0 1 0 0 0
154	20	0 1 0 0 1 1 0 0 0 0 0 0 0 0 0 0
154	7	0 1 0 0 1 1 0 0 0 1 0 0 0 0 0 0
154	7	0 0 0 0 0 1 0 0 0 0 0 0 0 0 0 0
154	16	0 1 0 1 0 1 0 0 0 0 0 0 0 0 0 0
154	91	1 1 0 0 0 1 1 1 0 0 0 0 0 0 0 0
154	34	1 1 0 0 1 1 0 0 0 0 0 0 0 0 0 1
154	10	0 1 0 1 0 0 0 0 0 0 0 0 0 0 0 0
154	128	1 1 0 1 0 0 0 0 0 0 0 0 0 0 0 0
154	39	1 1 0 0 0 1 0 0 0 0 0 0 0 0 0 0
154	15	0 1 0 0 1 1 0 0 0 0 1 0 0 0 1 0
154	8	1 1 0 0 1 1 0 1 0 0 0 0 0 0 0 0
154	5	0 0 0 1 1 0 0 1 1 0 0 0 0 0 0 0
154	11	1 1 1 0 1 1 0 0 0 0 0 0 0 0 0 1
154	4	1 1 0 0 1 1 1 1 0 0 0 0 0 0 0 1
154	5	0 1 1 0 1 1 0 0 1 0 0 0 0 0 0 0
154	6	0 1 1 0 1 1 0 0 1 0 0 0 1 0 0 0
154	11	1 1 0 0 0 1 1 0 0 0 0 1 0 0 0 0
154	1	1 1 0 0 0 1 1 1 0 1 0 0 0 0 0 0
154	7	0 1 1 0 1 1 1 0 1 0 0 0 1 0 0 0
154	7	1 1 0 0 1 1 0 1 0 1 0 0 0 0 0 0
154	25	0 0 0 1 0 0 0 0 0 0 1 0 0 0 0 0
154	9	1 1 0 0 1 1 0 0 0 0 1 0 0 0 0 0
154	4	0 1 0 0 1 1 1 1 0 0 0 0 0 0 0 0
154	7	0 0 0 0 1 1 1 0 0 0 0 0 0 0 0 0
154	15	0 1 0 0 0 1 0 0 0 0 0 0 0 0 0 0
154	11	1 1 0 0 1 1 0 1 0 0 0 0 1 0 0 0
154	10	1 1 1 1 0 0 0 0 0 0 0 0 0 0 0 0
154	9	0 1 0 0 1 1 0 0 1 0 1 0 0 0 0 0
154	18	0 1 0 0 1 0 0 0 0 0 0 0 1 0 0 0
154	5	1 1 0 0 1 1 0 0 0 1 0 1 0 0 0 1
154	18	0 0 0 1 1 0 0 0 0 0 0 0 0 0 0 0
154	52	0 1 1 1 1 0 0 0 1 0 0 0 0 0 0 0
154	15	0 1 0 0 1 1 0 0 0 0 1 0 0 0 0 0
154	28	1 1 1 0 1 1 0 0 1 0 0 0 0 0 0 0
154	3	1 1 0 1 0 0 0 0 0 1 0 0 0 0 0 0
154	14	0 1 0 0 1 1 0 0 0 0 0 1 0 0 0 1
154	16	1 1 0 0 0 1 1 0 0 0 0 0 0 0 0 0
154	4	1 1 1 1 0 0 0 1 0 0 0 0 0 0 0 0
154	2	0 1 0 0 1 1 0 0 0 0 0 0 0 1 0 0
154	9	1 1 1 0 0 1 0 0 0 0 0 0 0 0 0 0
154	21	0 1 1 0 0 1 0 0 1 0 0 0 0 0 0 0
154	2	0 1 0 0 0 1 0 0 0 0 0 0 1 0 0 0
154	9	1 1 0 0 1 1 0 0 1 1 0 1 0 0 0 1
154	3	1 1 0 0 1 1 0 0 0 0 0 1 0 0 0 1
154	19	1 1 0 1 0 0 0 0 0 0 1 0 0 0 0 0
154	21	0 1 0 0 1 1 0 1 0 0 0 0 0 0 1 0
154	2	0 1 1 0 1 1 1 0 1 0 0 0 1 0 1 0
154	1	1 1 1 0 1 1 0 0 0 0 0 0 0 1 0 0
154	4	0 1 1 1 0 1 0 0 0 0 0 0 0 0 0 0
154	16	1 1 1 1 1 0 0 0 1 0 0 0 0 0 0 0
154	7	0 1 1 1 1 0 0 0 1 0 1 0 0 0 0 0
154	6	0 1 0 1 0 1 0 0 0 0 0 0 1 0 0 0
154	5	1 1 0 1 0 0 0 0 0 0 0 1 0 0 0 0
154	8	0 1 1 0 1 0 0 0 0 0 0 0 1 0 0 0
154	2	1 1 0 0 0 1 1 1 1 1 0 0 0 0 0 0
154	6	1 1 0 1 0 1 0 0 0 0 0 0 0 0 0 0
154	4	0 0 0 0 1 1 1 1 0 0 0 0 0 0 0 0
154	2	1 1 0 0 1 1 0 0 0 0 0 0 0 1 1 0
154	2	0 1 0 0 1 1 0 0 0 1 0 0 1 0 0 0
154	1	1 1 0 1 0 0 0 0 0 0 0 0 0 0 1 0
154	1	1 1 0 0 1 1 1 0 0 1 0 0 0 0 1 1
154	12	1 1 0 1 0 0 0 1 0 0 0 0 0 0 0 1
154	4	0 1 0 1 0 1 0 0 0 0 0 0 0 0 0 1
154	2	1 1 0 0 1 1 1 0 0 1 0 0 0 0 0 0
154	4	0 1 0 1 0 1 0 0 0 0 0 1 0 0 0 0
154	8	1 1 0 0 0 1 1 1 0 0 0 0 0 0 0 1
154	5	1 1 0 1 1 1 0 0 0 1 0 1 0 0 0 1
154	2	0 0 0 1 1 0 0 0 0 0 0 0 0 0 0 1
154	3	1 1 0 0 1 1 0 1 0 0 0 0 0 0 0 1
154	5	0 1 0 1 0 1 0 0 0 1 0 0 0 0 0 1
154	3	1 1 0 0 0 1 0 0 1 0 0 0 0 0 0 0
154	5	0 0 0 0 0 1 1 0 0 0 0 0 0 0 0 0
154	5	1 1 0 0 1 1 1 0 0 0 0 0 0 0 0 1
154	1	1 1 0 0 0 1 0 0 0 0 1 0 0 0 0 0
154	5	1 1 1 0 1 1 0 0 0 0 0 0 0 0 0 0
154	2	1 1 0 1 0 0 1 1 0 0 0 0 0 0 0 1
154	3	0 1 0 0 1 1 0 0 1 0 0 0 0 0 0 0
154	2	0 1 0 0 1 1 0 1 0 1 0 0 0 0 0 0
154	2	0 1 0 0 1 1 0 0 0 0 1 1 0 0 1 0
154	4	0 1 1 0 1 0 0 0 1 0 0 0 0 0 0 0
154	3	0 1 0 0 1 1 1 0 1 0 0 0 1 0 1 0
154	2	1 1 0 0 1 1 0 0 0 1 0 0 0 0 0 0
154	5	0 1 0 1 0 0 0 0 0 0 1 0 0 0 0 0
154	4	0 1 0 0 0 1 1 1 0 0 0 0 0 0 0 0
154	8	1 1 0 1 0 0 0 1 0 0 0 0 0 0 0 0
154	1	0 1 0 1 0 0 0 0 0 0 0 0 0 0 1 0
154	4	1 1 0 0 0 0 0 0 0 0 0 0 0 0 0 0
154	3	1 1 0 0 1 0 0 0 0 0 0 0 1 0 0 0
154	4	0 1 0 0 0 0 0 0 0 0 0 0 1 0 0 0
154	3	0 1 1 0 0 1 0 0 0 0 0 0 0 0 0 0
154	1	1 1 0 0 1 1 0 0 0 0 0 0 0 0 0 0
154	3	1 1 0 0 1 1 0 0 1 1 0 1 0 0 0 0
154	2	1 1 0 0 1 0 0 0 0 0 0 0 0 0 0 0
154	1	0 1 0 0 0 1 0 0 1 0 0 0 0 0 0 0
154	5	0 1 1 1 1 0 0 0 1 1 0 0 0 0 0 0
154	1	1 1 1 0 0 1 1 0 0 0 0 0 0 0 0 1
154	1	1 0 1 0 0 1 0 0 0 0 0 0 0 0 1 0
154	2	0 1 1 1 0 1 0 0 0 1 0 0 0 0 0 1
154	2	1 1 1 0 1 1 0 0 0 0 0 0 0 0 1 0
154	1	0 1 1 1 0 0 0 0 0 0 0 0 0 0 0 0
154	1	0 0 0 0 1 1 1 0 1 0 0 0 0 0 0 0
154	1	0 1 0 0 0 0 0 0 0 0 0 0 0 0 0 0
154	2	1 0 0 0 0 1 1 1 0 0 0 0 0 0 0 0
154	3	1 1 0 0 0 0 1 1 0 0 0 0 0 0 0 0
154	1	0 1 0 1 0 0 0 0 0 1 0 0 0 0 0 0
154	2	1 0 0 1 0 0 0 0 0 0 0 0 0 0 0 0
154	1	0 1 0 0 1 1 0 0 0 1 0 1 0 0 0 1
154	2	0 1 1 0 1 1 0 1 0 0 0 0 0 0 1 0
154	1	1 1 1 1 1 0 1 0 1 0 0 0 0 0 0 0
154	3	0 1 0 1 0 0 0 0 1 0 0 0 1 0 0 0
154	1	0 1 0 0 0 1 0 0 0 1 0 0 0 0 0 1
154	1	0 1 0 1 0 0 0 0 0 0 1 0 0 0 1 0
239	33	1 1 0 1 0 0 0 0 0 0 0 0 0 0 0 0
239	4	0 1 0 0 0 1 0 0 0 0 0 0 0 0 0 0
239	64	1 1 1 1 0 0 0 0 0 0 0 0 0 0 0 0
239	23	1 1 1 0 1 1 0 0 1 0 0 0 0 0 0 0
239	40	1 1 1 1 0 0 0 1 0 0 0 0 0 0 0 0
239	20	1 1 1 1 1 0 0 0 1 0 0 0 0 0 0 0
239	41	1 1 1 1 1 0 1 0 1 0 0 0 0 0 0 0
239	9	0 1 1 1 0 1 0 0 0 1 0 0 0 0 0 0
239	3	1 1 1 0 1 1 0 0 0 0 0 0 0 0 0 0
239	5	1 1 0 0 0 1 0 0 0 0 1 0 0 0 0 0
239	1	0 1 1 1 1 1 0 1 0 0 0 0 0 0 1 0
239	2	0 1 0 0 0 0 0 0 0 0 1 1 0 0 0 0
239	21	1 1 1 0 1 1 1 0 1 0 0 0 0 0 0 0
239	5	0 1 1 1 1 1 0 1 0 0 0 0 0 0 0 0
239	1	1 1 1 1 1 0 0 1 1 0 0 0 0 0 0 0
239	63	1 1 1 1 0 0 0 0 0 1 0 0 0 0 0 0
239	1	1 1 0 0 0 1 0 1 0 0 0 0 0 0 0 0
239	13	0 1 0 0 0 1 1 0 1 0 0 0 0 0 0 0
239	19	1 1 0 1 0 0 1 0 0 0 0 0 0 0 0 0
239	59	1 1 1 0 1 1 0 0 1 0 1 1 0 0 0 0
239	11	0 1 1 1 1 1 0 0 0 1 0 0 0 0 0 0
239	3	1 1 1 1 0 0 0 0 0 1 0 1 0 0 0 0
239	29	1 1 1 1 0 1 0 0 0 0 0 0 0 0 0 0
239	9	1 1 0 0 1 1 0 0 1 0 0 0 0 0 0 0
239	35	0 1 1 1 1 1 1 1 0 0 0 0 0 0 0 0
239	3	0 0 1 1 0 0 0 1 0 0 0 0 0 0 0 0
239	2	1 1 1 1 0 0 0 1 0 1 0 0 0 0 0 0
239	8	0 1 1 1 0 0 0 1 1 0 1 0 0 0 0 0
239	31	1 1 1 0 0 1 0 0 0 0 0 0 1 0 0 0
239	5	1 1 1 1 0 1 0 1 0 0 0 0 0 0 0 0
239	7	1 1 1 1 0 0 0 1 0 0 0 0 0 0 0 1
239	4	0 1 1 0 1 1 0 1 0 0 0 0 0 0 0 0
239	27	1 1 1 1 1 1 1 0 1 1 0 0 0 0 0 0
239	3	1 1 0 1 1 1 0 0 1 0 1 1 0 0 0 0
239	24	1 1 1 1 0 1 1 0 0 0 0 0 0 0 0 0
239	15	1 1 1 1 1 0 1 0 1 0 1 1 0 0 0 0
239	9	1 1 1 1 0 0 0 0 0 1 0 0 0 0 1 0
239	2	0 1 1 1 1 1 0 1 0 0 0 1 0 0 0 0
239	5	1 1 1 1 1 0 0 0 1 0 0 0 0 0 0 1
239	8	1 1 1 1 1 0 1 0 0 0 0 0 0 0 0 0
239	4	0 1 0 1 0 0 1 0 0 0 0 0 0 1 0 0
239	7	1 1 0 1 0 0 0 0 0 0 0 0 0 0 0 1
239	7	1 1 0 1 0 0 0 0 0 0 0 0 0 1 0 0
239	4	1 1 1 1 1 0 1 0 1 0 1 0 0 0 0 0
239	25	1 1 1 1 0 0 1 1 0 0 0 0 0 0 0 0
239	9	1 1 1 1 0 0 0 0 1 1 0 0 0 0 0 0
239	9	1 1 0 1 0 0 0 1 0 0 0 0 0 0 0 0
239	4	1 1 1 0 0 0 0 0 0 0 0 0 0 0 0 0
239	25	1 1 1 0 1 1 0 0 1 0 1 0 0 0 0 0
239	9	1 1 1 0 1 1 0 0 1 0 1 1 1 0 0 0
239	6	0 1 0 1 0 0 1 0 0 0 0 0 0 0 0 0
239	11	1 0 1 0 0 0 0 0 0 1 0 0 0 0 0 0
239	10	0 1 1 1 0 1 0 0 0 1 0 0 1 0 0 0
239	11	1 1 1 1 1 1 0 0 0 1 0 0 0 0 0 0
239	9	0 1 1 1 1 1 1 1 0 0 0 1 0 0 0 0
239	3	1 0 1 1 0 0 0 1 0 0 0 1 0 0 0 0
239	1	0 1 0 0 0 0 0 0 0 0 0 0 0 0 0 0
239	2	1 1 1 0 1 1 1 0 0 0 0 0 0 0 0 0
239	1	1 1 1 1 1 1 1 1 0 0 0 0 0 0 0 0
239	4	1 1 1 0 0 1 0 0 1 0 1 1 1 0 0 0
239	10	1 1 0 1 0 0 0 0 1 0 0 0 0 0 0 0
239	3	1 1 1 1 0 0 0 1 0 0 1 1 0 0 0 0
239	13	1 0 1 0 1 1 0 0 1 0 0 0 0 0 0 0
239	12	1 1 0 0 0 1 0 0 1 0 0 0 0 0 0 0
239	6	1 1 1 1 0 1 1 1 0 0 0 0 0 0 0 0
239	2	1 1 0 1 0 1 1 0 0 0 0 0 0 0 0 0
239	3	0 1 1 1 1 0 1 0 1 0 0 0 0 0 0 0
239	4	1 1 1 1 1 0 1 1 1 0 0 0 0 0 0 0
239	3	1 1 1 1 0 0 0 0 0 1 1 0 0 0 0 0
239	13	0 1 1 1 0 0 0 0 0 0 0 0 0 0 0 0
239	4	1 1 1 1 0 0 0 0 0 1 0 0 0 0 0 1
239	1	1 1 1 1 0 0 0 0 0 1 0 1 0 1 0 0
239	4	0 1 1 1 1 1 1 0 0 0 0 0 0 0 0 0
239	1	1 1 1 1 0 0 1 1 0 1 0 0 0 0 0 0
239	3	1 1 0 1 0 0 0 0 1 1 0 0 0 0 0 0
239	3	1 1 0 0 1 1 0 0 1 0 1 0 0 0 0 0
239	3	1 1 0 1 0 0 0 0 0 1 0 0 0 0 0 0
239	3	1 1 1 1 0 0 0 1 1 0 0 0 0 0 0 0
239	2	1 1 1 0 1 1 1 0 1 0 0 0 0 0 1 0
239	2	1 1 0 0 0 1 0 0 0 0 0 0 0 0 0 0
239	3	1 0 1 1 0 0 0 0 0 0 0 0 0 0 0 0
239	1	1 1 1 1 1 0 0 0 0 0 0 0 0 0 0 0
239	2	0 1 1 1 1 1 0 1 0 0 1 0 0 0 1 0
239	3	1 1 1 0 1 1 0 0 1 0 0 1 0 0 0 0
239	3	1 0 1 0 1 1 0 0 1 0 1 1 0 0 0 0
239	4	0 1 1 1 1 1 0 0 0 1 0 1 0 0 0 0
239	4	1 1 1 0 0 0 1 1 0 0 0 0 0 0 0 0
239	2	1 0 1 1 0 0 0 1 0 0 0 1 0 1 0 0
239	3	1 0 0 0 1 1 0 0 1 0 0 0 0 0 0 0
239	1	1 1 1 0 1 1 0 0 0 1 0 0 0 0 0 0
239	4	1 1 1 1 1 0 1 1 0 0 0 0 0 0 0 0
239	2	1 1 1 1 0 1 0 0 0 1 0 0 0 0 0 0
239	1	1 1 1 1 0 0 0 0 1 0 0 0 0 0 0 0
239	1	1 1 0 1 0 0 1 0 0 0 0 0 1 0 0 0
239	5	0 1 1 1 0 0 0 1 0 1 0 0 0 0 0 0
239	2	1 1 1 1 0 1 0 0 0 0 0 0 1 0 0 0
239	2	1 1 1 1 1 1 1 0 0 1 0 0 0 0 0 0
239	3	1 1 0 1 1 1 0 0 1 0 0 1 0 0 0 0
239	1	1 1 1 1 1 0 1 0 1 0 0 1 0 0 0 0
239	2	1 0 1 0 1 1 0 0 1 0 1 0 0 0 0 0
239	2	1 1 1 0 1 1 0 0 1 0 1 0 1 0 0 0
239	1	1 1 0 1 0 0 0 0 1 0 1 1 1 0 0 0
239	4	1 1 1 1 0 0 0 1 0 0 0 1 0 0 0 0
239	2	1 1 1 1 0 0 1 0 1 0 0 0 0 0 0 0
239	1	1 1 1 1 0 0 0 0 0 1 0 0 1 0 0 0
239	2	1 1 1 0 1 1 0 0 1 0 1 1 0 0 1 0
239	1	1 1 1 0 0 1 0 0 1 0 1 1 0 0 0 0
239	1	0 0 1 1 1 1 1 1 0 0 0 0 0 0 0 0
239	1	0 1 0 1 0 0 1 0 0 0 0 0 0 1 0 1
239	1	1 0 1 1 1 1 1 1 0 0 0 0 0 0 0 0
239	1	1 1 0 1 0 1 0 0 1 0 0 0 0 0 0 0
239	1	1 1 0 0 1 0 0 0 1 0 1 0 0 0 0 0
239	2	1 1 1 0 1 1 1 0 1 0 0 0 1 0 1 0
239	5	0 0 1 0 0 1 0 0 0 0 0 0 1 0 1 0
239	3	1 0 1 1 0 0 0 0 0 0 0 1 0 1 0 0
252	54	1 1 0 1 0 0 0 0 0 0 0 0 0 0 0 0
252	50	1 1 1 1 0 0 0 0 0 0 0 0 0 0 0 0
252	31	1 1 1 0 1 1 0 0 1 0 0 0 0 0 0 0
252	86	1 1 1 1 0 0 0 1 0 0 0 0 0 0 0 0
252	5	1 1 1 1 1 0 0 0 1 0 0 0 0 0 0 0
252	33	1 1 1 1 1 0 1 0 1 0 0 0 0 0 0 0
252	44	1 1 1 0 1 1 1 0 1 0 0 0 0 0 0 0
252	36	0 1 1 1 1 1 0 1 0 0 0 0 0 0 0 0
252	69	1 1 1 1 0 0 0 0 0 1 0 0 0 0 0 0
252	7	0 1 0 0 0 1 1 0 1 0 0 0 0 0 0 0
252	16	1 1 1 0 1 1 0 0 1 0 1 1 0 0 0 0
252	10	0 1 1 1 1 1 0 0 0 1 0 0 0 0 0 0
252	15	1 1 1 1 0 1 0 0 0 0 0 0 0 0 0 0
252	29	0 1 1 1 1 1 1 1 0 0 0 0 0 0 0 0
252	12	0 1 1 1 0 0 0 1 1 0 1 0 0 0 0 0
252	19	1 1 1 0 0 1 0 0 0 0 0 0 1 0 0 0
252	5	1 1 1 1 0 1 0 1 0 0 0 0 0 0 0 0
252	5	1 1 1 1 0 0 0 1 0 0 0 0 0 0 0 1
252	6	0 1 1 0 1 1 0 1 0 0 0 0 0 0 0 0
252	21	1 1 1 1 1 1 1 0 1 1 0 0 0 0 0 0
252	9	1 1 1 1 0 1 1 0 0 0 0 0 0 0 0 0
252	25	1 1 1 1 1 0 1 0 1 0 1 1 0 0 0 0
252	6	1 1 1 1 1 0 0 0 1 0 0 0 0 0 0 1
252	3	1 1 1 1 1 0 1 0 0 0 0 0 0 0 0 0
252	4	1 1 0 1 0 0 0 0 0 0 0 0 0 0 0 1
252	13	1 1 1 1 0 0 1 1 0 0 0 0 0 0 0 0
252	4	1 1 1 1 0 0 0 0 1 1 0 0 0 0 0 0
252	4	1 1 0 1 0 0 0 1 0 0 0 0 0 0 0 0
252	25	1 1 1 0 1 1 0 0 1 0 1 0 0 0 0 0
252	13	1 1 1 0 1 1 0 0 1 0 1 1 1 0 0 0
252	9	1 0 1 0 0 0 0 0 0 1 0 0 0 0 0 0
252	17	0 1 1 1 0 1 0 0 0 1 0 0 1 0 0 0
252	4	1 1 1 0 1 1 1 0 0 0 0 0 0 0 0 0
252	5	1 1 1 1 1 1 1 1 0 0 0 0 0 0 0 0
252	8	1 1 1 1 0 0 0 1 0 0 1 1 0 0 0 0
252	8	1 0 1 0 1 1 0 0 1 0 0 0 0 0 0 0
252	6	1 1 0 1 0 1 1 0 0 0 0 0 0 0 0 0
252	1	1 1 1 1 1 0 1 1 1 0 0 0 0 0 0 0
252	3	0 1 1 1 0 0 0 0 0 0 0 0 0 0 0 0
252	22	1 1 1 1 0 0 0 0 0 1 0 0 0 0 0 1
252	6	1 1 1 0 1 1 0 0 1 0 0 1 0 0 0 0
252	4	1 0 1 0 1 1 0 0 1 0 1 1 0 0 0 0
252	1	1 0 1 1 0 0 0 1 0 0 0 1 0 1 0 0
252	5	1 1 1 0 1 1 0 0 0 1 0 0 0 0 0 0
252	7	1 1 1 1 0 1 0 0 0 1 0 0 0 0 0 0
252	2	0 1 1 1 0 0 0 1 0 1 0 0 0 0 0 0
252	13	1 1 1 1 0 1 0 0 0 0 0 0 1 0 0 0
252	2	1 1 1 1 0 0 0 1 0 0 0 1 0 0 0 0
252	3	1 1 1 1 0 0 0 0 0 1 0 0 1 0 0 0
252	4	0 1 1 1 0 1 1 0 0 0 0 0 0 0 0 0
252	32	0 1 1 1 0 0 0 1 0 0 0 0 0 0 0 0
252	12	1 0 1 1 0 1 0 1 0 0 0 1 0 0 0 0
252	1	1 1 1 0 1 1 1 0 0 0 0 0 0 0 0 1
252	10	1 1 1 1 0 0 1 0 1 0 0 0 0 0 0 0
252	9	0 1 0 0 0 1 1 0 1 1 0 0 0 0 0 0
252	1	1 1 0 1 0 1 0 0 1 0 0 0 0 0 0 0
252	4	1 0 1 0 1 1 0 0 1 0 0 0 0 0 1 0
252	4	1 1 1 1 1 0 0 0 0 0 0 0 0 0 0 0
252	2	1 1 1 1 0 0 0 0 0 1 0 0 0 1 0 0
252	1	1 1 0 1 0 0 0 0 1 0 0 0 0 0 1 0
252	4	0 1 1 1 1 0 1 1 0 0 0 1 0 0 0 0
252	5	1 1 1 1 0 0 0 0 1 0 0 0 0 0 0 1
252	7	0 1 0 0 0 1 1 0 1 0 0 0 0 1 0 0
252	3	1 1 1 0 1 1 0 1 1 0 1 1 0 0 0 0
252	2	1 1 1 1 0 0 1 0 0 1 0 0 0 0 0 0
252	5	1 1 1 1 1 1 1 0 1 1 0 0 1 0 0 0
252	11	1 1 0 1 0 0 0 0 0 0 0 0 1 0 0 1
252	3	1 1 1 0 1 1 1 0 0 0 0 1 0 0 0 0
252	3	1 1 0 1 1 0 0 0 1 0 0 0 0 0 0 0
252	3	1 1 1 0 0 1 0 0 1 0 1 1 0 0 0 0
252	1	1 1 1 1 1 1 0 0 1 1 0 0 0 0 0 0
252	3	1 1 0 1 1 1 1 0 1 1 0 0 0 0 0 0
252	4	1 1 1 1 1 1 0 0 1 0 0 1 0 0 0 0
252	2	1 1 1 1 0 1 0 0 0 0 0 0 0 0 0 1
252	5	1 0 1 1 0 1 0 1 0 0 0 0 0 0 0 0
252	8	1 1 1 1 0 0 0 0 0 1 1 0 0 0 0 0
252	3	1 1 1 0 1 1 1 0 1 0 1 0 0 0 0 0
252	2	0 1 1 1 0 1 0 0 0 1 0 0 0 0 0 0
252	2	1 0 1 0 1 1 0 0 0 0 0 0 0 0 0 1
252	3	1 1 0 1 1 0 1 0 1 0 0 0 0 0 0 0
252	6	1 0 1 0 1 1 1 0 1 0 0 0 0 0 0 0
252	1	1 1 0 1 1 0 0 0 0 0 0 0 0 0 0 0
252	2	0 1 1 1 1 1 1 1 0 0 0 0 1 0 0 0
252	2	1 1 1 0 0 1 0 0 0 0 0 0 0 0 0 0
252	4	1 1 1 1 1 1 1 0 1 0 0 0 0 0 0 0
252	2	1 1 1 0 1 0 1 0 1 0 0 0 0 0 0 0
252	4	1 1 1 0 1 1 1 0 1 0 0 0 0 1 0 0
252	2	1 1 1 0 1 1 0 0 1 0 1 1 0 0 0 1
252	2	0 1 1 1 1 1 0 0 0 1 1 0 0 0 0 0
252	1	1 1 1 0 1 0 0 0 1 0 0 0 0 0 0 1
252	1	1 0 1 1 0 0 0 0 1 1 0 0 0 0 0 0
252	1	1 1 1 0 1 1 0 0 0 1 0 1 0 0 0 0
252	2	1 1 1 0 1 1 0 0 1 0 0 0 0 0 1 0
252	1	0 1 1 1 0 0 1 0 1 0 0 0 0 0 0 0
252	2	1 0 0 1 0 0 0 0 0 0 0 0 0 0 0 0
252	1	1 0 1 1 0 0 0 0 0 1 0 0 0 0 0 0
252	2	0 1 0 0 0 1 1 0 0 0 0 0 0 0 0 0
252	3	1 1 1 0 0 0 0 0 0 0 0 0 1 0 0 0
252	2	1 1 1 1 0 0 0 0 0 0 0 0 1 0 0 0
252	1	1 1 1 0 1 0 0 0 0 1 0 0 0 0 0 0
252	4	1 1 1 1 0 1 1 0 0 0 1 0 0 0 0 0
252	1	0 1 1 1 0 0 0 0 0 0 1 0 0 0 0 0
252	1	0 1 1 1 1 0 1 0 0 0 0 0 0 0 0 0
252	3	1 1 0 1 0 0 0 0 0 0 1 1 0 0 0 0
252	1	1 1 1 1 0 0 0 0 0 0 0 0 0 1 0 0
252	2	1 1 1 0 0 1 1 0 1 0 0 0 0 0 0 0
252	1	1 1 1 1 1 1 1 0 1 1 0 0 0 1 0 0
252	1	1 0 1 1 0 0 1 1 0 0 0 0 0 0 0 0
350	101	1 1 1 1 0 0 0 0 0 0 0 0 0 0 0 0
350	9	1 1 1 0 1 1 0 0 1 0 0 0 0 0 0 0
350	130	1 1 1 1 0 0 0 1 0 0 0 0 0 0 0 0
350	53	1 1 1 1 0 0 0 0 0 1 0 0 0 0 0 0
350	21	1 1 1 1 0 1 0 0 0 0 0 0 0 0 0 0
350	15	1 1 1 1 0 1 0 1 0 0 0 0 0 0 0 0
350	34	1 0 1 1 0 1 0 1 0 0 0 1 0 0 0 0
350	48	1 1 1 1 0 0 0 0 1 0 0 0 0 0 0 0
350	4	1 1 1 1 1 1 1 0 0 1 0 0 0 0 0 0
350	16	1 1 1 1 0 0 0 1 0 0 0 0 0 1 0 0
350	26	1 0 1 1 0 1 0 1 0 0 0 0 0 0 0 0
350	31	1 1 1 1 0 0 0 1 0 0 1 0 0 0 0 0
350	16	1 1 1 1 1 1 0 1 0 0 0 0 0 0 0 0
350	20	1 1 1 1 0 1 0 1 1 1 1 0 0 0 0 0
350	26	1 1 1 1 0 0 0 1 0 1 0 0 0 0 0 0
350	15	1 1 1 1 0 1 0 1 0 0 0 1 0 0 0 0
350	6	1 1 1 1 0 1 0 1 0 1 0 0 0 0 0 0
350	4	1 1 1 1 0 0 0 0 1 0 0 0 0 0 0 1
350	34	1 1 1 1 0 0 0 0 0 0 0 1 0 0 0 0
350	37	1 1 1 1 0 0 0 0 0 0 0 0 0 0 0 1
350	4	1 1 1 1 0 1 0 1 0 0 0 0 0 0 0 1
350	3	1 1 1 1 0 0 0 0 0 1 0 0 1 0 0 0
350	2	1 1 1 1 1 0 0 1 1 0 0 0 1 0 0 0
350	10	1 1 1 1 1 1 0 1 0 0 0 0 0 0 0 1
350	6	1 1 1 1 1 1 1 0 0 0 0 0 0 0 0 0
350	11	1 1 1 1 0 0 0 1 0 0 0 0 0 0 1 0
350	3	1 1 1 1 0 0 1 0 0 1 0 0 0 0 0 0
350	7	1 1 0 1 0 0 0 0 0 0 0 1 0 0 0 0
350	9	1 0 1 1 0 0 0 1 0 0 0 0 0 0 0 0
350	3	1 0 1 1 0 1 0 1 0 0 1 0 0 0 0 0
350	34	1 1 1 1 1 0 0 0 0 0 0 0 0 0 0 1
350	3	1 1 1 1 0 0 0 0 0 0 1 0 0 0 0 0
350	7	0 1 1 1 0 0 0 0 1 0 0 0 0 0 0 1
350	4	1 1 1 1 0 1 0 0 0 0 0 1 0 1 0 1
350	5	1 0 1 1 0 1 0 1 0 0 0 0 0 0 1 1
350	14	1 1 1 1 1 1 0 0 0 1 0 0 0 0 0 0
350	4	1 1 1 1 0 0 0 1 0 0 0 0 0 0 0 1
350	1	1 1 1 1 0 1 0 1 0 0 0 0 1 0 0 1
350	3	1 1 1 1 0 0 0 0 0 1 1 0 0 0 0 0
350	7	1 1 0 1 0 0 0 1 0 1 0 1 0 0 0 0
350	25	1 0 1 1 0 0 1 1 0 0 0 0 0 0 0 0
350	3	1 1 0 0 0 0 0 1 0 0 0 0 0 0 0 0
350	12	1 1 1 1 1 1 1 0 0 1 0 1 0 0 0 0
350	4	1 1 0 1 0 0 0 1 0 0 0 0 1 0 0 0
350	13	1 1 1 1 0 1 0 0 0 0 0 0 0 0 1 0
350	5	1 0 1 1 0 1 0 0 0 0 0 1 0 1 0 1
350	5	0 1 1 1 0 0 0 1 0 0 1 0 0 0 0 0
350	2	1 1 1 0 0 1 0 1 0 0 0 0 0 0 0 1
350	10	1 1 1 1 0 0 0 1 0 0 0 1 0 0 0 0
350	2	1 1 1 1 1 0 1 0 0 0 0 0 0 0 0 1
350	9	1 1 0 1 1 1 0 1 0 0 0 0 0 0 0 0
350	3	1 1 1 1 1 0 0 1 0 0 0 0 0 0 1 0
350	4	1 1 1 1 0 1 0 1 0 0 0 0 0 1 0 0
350	3	1 0 1 1 0 1 0 1 0 0 0 1 0 0 0 1
350	9	1 0 1 1 0 1 0 1 0 0 0 0 0 1 0 0
350	5	1 1 1 1 1 1 0 1 0 0 0 1 0 0 0 0
350	7	0 1 1 1 0 0 0 0 0 0 0 0 0 0 0 0
350	2	1 1 0 0 0 0 0 1 0 0 0 1 0 0 0 0
350	21	1 1 1 1 1 0 0 0 0 0 0 0 0 0 0 0
350	1	1 1 0 1 1 1 1 1 0 0 0 0 0 0 0 0
350	11	1 1 1 1 0 0 0 0 1 0 0 1 0 0 0 0
350	1	1 1 1 1 1 1 1 0 0 1 0 0 0 0 0 1
350	1	1 1 1 1 0 1 1 0 0 1 0 0 0 0 0 0
350	2	1 1 1 1 0 1 0 0 1 0 0 0 0 0 0 0
350	1	1 0 1 1 0 1 0 1 0 0 0 0 1 0 0 0
350	5	1 1 1 1 1 1 0 1 1 0 0 0 0 0 0 0
350	2	1 0 1 1 0 1 0 1 0 0 0 0 0 0 1 0
350	3	1 1 1 1 0 0 0 0 1 1 0 0 0 0 0 0
350	2	1 1 1 1 1 1 0 1 0 0 1 0 0 0 0 0
350	3	1 1 1 1 0 0 0 0 0 0 0 0 0 0 1 0
350	1	1 1 1 1 0 0 0 0 0 0 0 0 1 0 0 0
350	1	1 1 1 1 0 0 0 0 0 0 0 1 0 0 1 0
350	1	1 0 0 1 0 1 0 1 0 0 1 0 0 0 0 0
350	9	1 1 1 1 1 0 0 0 0 0 0 0 1 0 0 1
350	2	1 0 1 1 0 0 0 0 1 1 0 0 0 0 0 0
350	1	1 1 0 1 0 0 0 0 0 0 0 0 0 0 0 0
350	2	1 1 1 1 0 0 0 0 0 0 0 0 0 1 0 0
350	4	0 1 1 1 0 1 0 0 0 0 0 0 0 0 0 0
350	1	1 1 0 1 0 0 0 0 1 0 0 0 0 0 0 0
350	3	1 1 1 1 0 0 0 1 0 1 0 1 0 0 0 0
350	6	1 1 1 1 0 0 0 0 1 0 1 0 0 0 0 1
350	3	1 0 1 1 0 1 0 1 0 0 0 1 0 0 1 0
350	2	1 1 1 1 0 1 0 0 0 1 0 0 0 0 0 0
350	2	1 1 1 0 1 1 0 1 0 0 0 0 0 0 0 0
400	51	1 1 1 1 0 0 0 0 0 0 0 0 0 0 0 0
400	129	1 1 1 1 0 0 0 1 0 0 0 0 0 0 0 0
400	19	1 1 1 1 0 0 0 0 0 1 0 0 0 0 0 0
400	19	1 1 1 1 0 1 0 0 0 0 0 0 0 0 0 0
400	9	1 1 1 1 0 1 0 1 0 0 0 0 0 0 0 0
400	34	1 1 1 1 0 0 0 0 1 0 0 0 0 0 0 0
400	16	1 0 1 1 0 1 0 1 0 0 0 0 0 0 0 0
400	13	1 1 1 1 0 0 0 1 0 0 1 0 0 0 0 0
400	39	1 1 1 1 1 1 0 1 0 0 0 0 0 0 0 0
400	22	1 1 1 1 0 1 0 1 1 1 1 0 0 0 0 0
400	24	1 1 1 1 0 1 0 1 0 0 0 1 0 0 0 0
400	5	1 1 1 1 0 1 0 1 0 1 0 0 0 0 0 0
400	3	1 1 1 1 0 0 0 0 0 0 0 1 0 0 0 0
400	4	1 1 1 1 0 0 0 0 0 0 0 0 0 0 0 1
400	11	1 1 1 1 0 0 0 1 0 0 0 0 0 0 0 1
400	64	1 1 1 1 0 0 0 0 0 1 1 0 0 0 0 0
400	27	1 0 1 1 0 0 1 1 0 0 0 0 0 0 0 0
400	26	1 1 1 1 0 1 0 0 0 0 0 0 0 0 1 0
400	45	1 1 1 1 0 0 0 1 0 0 0 1 0 0 0 0
400	31	0 1 1 1 0 0 0 0 0 0 0 0 0 0 0 0
400	4	1 1 1 1 0 0 0 0 1 0 0 1 0 0 0 0
400	14	1 1 1 1 1 1 0 1 1 0 0 0 0 0 0 0
400	4	1 1 1 1 0 0 0 0 1 0 1 0 0 0 0 1
400	12	1 1 1 1 0 0 0 0 0 1 0 1 0 0 0 0
400	5	1 1 1 1 0 0 1 0 0 0 0 1 0 0 0 0
400	4	1 1 1 1 1 0 0 1 0 0 0 1 0 0 0 0
400	22	1 1 1 1 0 0 0 0 0 1 1 0 0 0 0 1
400	6	1 1 1 1 0 1 1 0 0 0 0 1 0 0 0 0
400	3	0 1 1 1 0 0 0 0 0 0 0 1 0 0 0 0
400	3	1 1 1 1 0 0 0 0 1 0 1 0 0 0 0 0
400	1	1 0 1 1 0 0 0 1 0 1 0 0 0 0 0 0
400	13	1 1 1 1 0 0 1 0 0 1 0 0 0 0 0 0
400	22	1 1 1 1 0 0 1 0 0 0 0 0 0 0 0 0
400	8	0 1 1 1 0 0 0 1 0 0 1 0 0 0 0 0
400	44	1 1 1 1 0 1 0 1 0 0 1 0 0 0 0 0
400	1	0 1 1 1 0 0 0 0 0 1 1 0 0 0 0 1
400	6	1 0 1 1 0 1 1 1 0 0 0 0 0 0 0 0
400	5	1 1 1 1 0 0 0 0 0 1 0 0 0 0 1 0
400	5	1 1 0 1 1 0 0 1 0 0 0 0 0 0 0 0
400	6	1 1 1 0 0 1 0 1 1 0 0 0 0 0 0 0
400	1	1 1 1 1 0 0 0 1 1 1 1 0 0 0 0 0
400	9	1 1 1 1 0 0 0 1 1 0 1 0 0 0 0 1
400	6	1 1 1 1 0 0 1 0 0 1 1 0 0 0 0 0
400	3	1 1 1 1 0 1 1 0 0 0 0 0 0 0 0 0
400	6	1 1 1 1 1 0 0 1 0 0 1 0 0 0 0 1
400	3	1 1 1 1 0 0 0 1 1 0 1 0 0 0 0 0
400	13	1 1 1 1 0 1 0 1 0 0 0 0 0 0 0 1
400	3	1 1 1 1 0 0 0 0 1 1 1 0 0 0 0 0
400	11	1 1 1 1 1 0 0 0 0 0 0 0 0 0 0 0
400	1	1 1 1 0 0 0 0 1 0 0 0 0 0 0 0 0
400	6	0 1 1 1 0 0 0 1 0 0 0 0 0 0 0 0
400	5	1 0 1 1 0 1 0 0 1 0 1 0 1 0 0 1
400	8	1 1 1 1 0 0 0 1 0 0 0 0 0 0 1 0
400	3	1 1 1 1 0 0 0 1 1 0 0 0 0 0 0 0
400	3	1 1 1 1 0 1 0 1 0 0 0 0 1 1 0 0
400	2	1 1 1 1 0 1 0 1 1 1 0 0 0 0 0 0
400	1	0 1 1 1 0 1 0 1 0 0 0 1 0 0 0 0
400	10	1 1 0 1 0 0 0 0 0 1 1 0 0 0 0 0
400	6	1 1 1 1 0 1 1 1 0 0 1 0 0 0 0 0
400	10	1 0 1 1 0 1 0 1 0 0 0 0 0 0 1 0
400	5	1 1 1 1 1 1 0 1 0 0 1 0 0 0 0 0
400	4	1 1 1 1 1 1 0 0 0 1 1 0 0 0 0 1
400	2	1 1 1 1 0 0 0 1 0 0 1 0 0 0 0 1
400	6	1 1 1 1 1 1 1 1 0 0 0 0 0 0 0 0
400	7	1 1 1 1 0 1 0 1 0 0 1 0 1 0 0 0
400	3	0 1 1 1 0 1 0 0 0 0 0 0 0 0 1 0
400	6	1 1 1 1 0 0 0 0 1 0 0 0 0 0 0 1
400	1	1 1 1 1 0 0 1 0 1 0 0 0 0 0 0 0
400	6	1 1 1 1 0 0 0 0 0 0 0 0 0 0 1 0
400	3	1 1 1 1 0 1 0 1 0 0 1 0 1 0 0 1
400	6	1 1 1 1 0 1 1 1 0 0 0 0 1 1 0 0
400	6	1 1 1 1 0 0 1 1 0 0 1 0 0 0 0 0
400	2	1 1 1 1 0 1 0 1 0 0 0 0 1 1 1 0
400	3	1 0 1 1 0 1 0 1 1 1 1 0 0 0 0 0
400	3	1 1 1 1 1 0 0 0 0 0 0 0 0 0 0 1
400	7	1 1 1 1 0 0 0 1 1 0 0 0 1 0 0 0
400	2	1 1 1 1 1 0 0 1 1 0 0 0 0 0 0 0
400	2	1 1 1 1 0 1 0 1 0 0 1 0 0 0 0 1
400	2	1 1 0 1 0 0 0 1 0 0 0 0 0 0 0 0
400	4	1 0 1 1 0 1 0 0 0 0 0 0 0 0 0 0
400	2	1 1 1 1 1 1 0 0 0 0 0 0 0 0 0 0
400	1	1 1 1 1 0 0 0 0 0 1 1 0 0 0 1 0
400	1	0 1 1 1 0 0 0 0 0 1 0 1 0 0 0 0
400	2	1 1 1 1 0 0 0 1 0 1 0 0 0 0 0 0
400	1	1 1 0 1 1 1 0 1 0 0 0 0 0 0 0 0
400	6	1 1 1 1 1 1 0 1 0 0 0 0 0 0 0 1
400	4	1 1 1 0 0 0 0 0 1 1 1 0 0 0 0 0
400	2	0 1 1 1 0 1 0 0 0 1 0 0 0 0 0 0
400	1	1 1 1 0 0 1 0 0 0 0 0 0 0 0 0 0
400	1	1 0 1 1 0 1 0 1 0 0 0 0 0 1 0 0
400	2	1 1 1 1 1 0 0 0 0 1 1 0 0 0 0 0
400	2	1 1 1 1 0 1 0 0 0 1 1 0 0 0 0 0
400	1	1 1 1 1 0 0 0 0 0 0 1 0 0 0 0 0
400	1	1 1 1 1 0 0 0 1 1 0 0 1 0 0 0 0
400	1	0 1 1 1 0 0 0 0 0 0 0 0 0 0 0 1
400	1	1 1 1 1 1 0 0 0 1 0 0 0 0 0 0 1
400	1	1 1 1 1 0 1 1 1 0 0 0 0 1 1 1 0
400	1	1 1 1 1 0 0 0 0 0 1 1 0 1 0 1 0
