0	250	0 0 0 0 1 1 0 0 1 1 0 0 0 1 0 0
0	250	0 0 0 0 0 0 0 0 1 0 0 0 0 0 0 0
0	250	1 0 0 0 0 1 0 1 0 0 0 1 0 0 0 0
0	250	0 0 0 0 0 0 0 0 1 0 0 1 0 0 0 0
20	278	0 0 0 0 1 1 0 0 1 1 0 0 0 1 0 0
20	84	0 0 0 0 0 0 0 0 1 0 0 0 0 0 0 0
20	214	1 0 0 0 0 1 0 1 0 0 0 1 0 0 0 0
20	92	0 0 0 0 0 0 0 0 1 0 0 1 0 0 0 0
20	5	0 0 0 1 1 1 0 0 1 1 0 0 0 1 0 0
20	22	1 0 1 0 0 1 0 1 0 0 0 1 0 0 0 0
20	12	0 0 0 0 0 1 0 0 1 1 0 0 0 1 0 0
20	7	0 0 0 0 0 0 0 0 1 0 0 0 1 0 0 0
20	11	1 1 0 0 0 1 0 1 0 0 0 1 0 0 0 0
20	7	1 0 0 0 1 1 0 0 1 1 0 0 0 1 0 0
20	2	1 0 0 0 0 0 0 0 1 0 0 1 0 0 0 0
20	8	1 0 0 0 0 1 0 1 1 0 0 1 0 0 0 0
20	35	0 0 0 0 1 1 0 0 1 1 0 0 0 0 0 0
20	9	0 0 0 0 1 1 0 0 1 1 0 1 0 0 0 0
20	8	0 1 0 0 1 1 0 0 1 1 0 0 0 1 0 0
20	3	0 0 0 0 0 1 0 0 0 1 0 0 0 1 0 0
20	5	0 0 0 0 0 0 0 1 1 0 0 0 0 0 0 0
20	2	1 0 0 1 0 1 0 1 0 0 0 1 0 0 0 0
20	9	0 0 0 0 1 1 0 1 0 0 0 1 0 0 0 0
20	5	0 0 0 0 1 1 0 0 1 0 0 0 0 1 0 0
20	3	1 0 0 0 0 1 0 1 0 0 0 1 0 0 0 1
20	1	0 0 0 0 1 1 0 0 1 0 0 0 0 0 0 0
20	24	0 0 0 0 1 1 0 0 0 1 0 0 0 1 0 0
20	1	0 0 0 0 1 0 0 0 1 1 0 0 0 1 0 0
20	5	0 0 0 0 1 1 0 0 1 1 0 1 0 1 0 0
20	3	0 0 0 0 0 0 0 0 1 0 0 1 0 0 0 1
20	10	1 0 0 0 0 0 0 0 1 0 0 0 0 0 0 0
20	1	0 0 0 0 1 0 0 0 1 0 0 1 0 0 0 0
20	3	1 0 1 0 0 1 0 1 0 0 0 1 1 0 0 0
20	5	0 0 0 0 0 1 0 0 1 1 0 1 0 0 0 0
20	17	0 0 0 0 1 1 0 0 1 1 1 0 0 1 0 0
20	14	0 0 0 0 0 0 0 0 1 0 0 0 0 1 0 0
20	1	0 0 0 0 0 0 1 0 1 0 0 0 0 0 0 0
20	3	0 0 0 0 0 0 0 0 1 0 0 0 0 0 1 0
20	4	0 0 0 1 1 0 0 0 1 1 0 0 0 1 0 0
20	12	0 0 0 1 1 1 0 0 1 1 0 0 0 0 0 0
20	4	0 0 0 0 1 1 0 0 1 1 1 0 0 1 1 0
20	2	0 0 0 0 1 1 0 0 1 0 0 1 0 0 0 0
20	3	0 0 0 0 1 0 0 0 1 0 0 0 1 0 0 0
20	3	1 0 0 0 0 1 0 1 0 1 0 1 0 0 0 0
20	1	0 0 0 0 0 0 0 0 1 1 0 1 0 0 0 0
20	1	1 0 0 0 1 1 0 0 1 0 0 0 0 1 0 0
20	5	1 0 0 0 0 1 0 1 0 1 0 0 0 1 0 0
20	4	1 1 0 0 0 1 0 1 0 0 0 1 0 1 0 0
20	2	0 0 0 0 0 0 0 0 0 0 0 0 0 0 0 0
20	4	0 0 0 1 0 0 0 0 1 0 0 0 0 0 0 0
20	3	0 0 0 0 0 1 0 1 0 1 0 0 0 1 0 0
20	1	1 0 0 0 0 1 0 1 0 0 0 1 0 1 0 0
20	1	0 0 0 0 0 0 0 0 1 0 1 0 1 0 0 0
20	5	0 0 0 0 0 1 0 1 0 0 0 1 0 0 0 0
20	3	0 0 0 0 1 1 0 0 1 0 0 1 0 0 1 0
20	4	1 0 0 0 0 1 0 0 1 1 0 0 0 1 0 0
20	2	0 0 1 0 1 1 0 0 1 1 0 0 0 1 0 0
20	2	0 0 0 0 0 0 0 0 1 0 0 1 0 1 0 0
20	2	0 0 0 1 0 0 0 0 1 1 0 1 0 0 0 0
20	4	1 0 0 0 0 1 0 1 0 1 0 0 1 1 0 0
20	2	0 0 0 0 1 1 0 0 1 1 0 0 0 1 1 0
20	1	0 0 0 0 0 1 0 0 1 0 0 0 0 0 0 0
20	4	1 0 0 0 0 0 0 1 0 0 0 1 0 0 0 0
20	1	1 0 0 0 0 1 0 1 0 0 0 0 0 0 0 0
20	2	1 0 0 0 1 1 0 1 0 0 0 1 0 0 0 1
20	4	0 0 0 0 0 1 0 0 0 0 0 0 0 1 0 0
20	4	0 0 0 0 1 0 0 0 1 0 0 1 1 0 0 0
20	1	0 0 0 0 0 1 0 1 0 1 0 1 0 0 0 0
40	177	0 0 0 0 1 1 0 0 1 1 0 0 0 1 0 0
40	35	0 0 0 0 0 0 0 0 1 0 0 0 0 0 0 0
40	68	1 0 0 0 0 1 0 1 0 0 0 1 0 0 0 0
40	63	0 0 0 0 0 0 0 0 1 0 0 1 0 0 0 0
40	31	0 0 0 1 1 1 0 0 1 1 0 0 0 1 0 0
40	5	1 0 1 0 0 1 0 1 0 0 0 1 0 0 0 0
40	16	0 0 0 0 0 1 0 0 1 1 0 0 0 1 0 0
40	16	1 1 0 0 0 1 0 1 0 0 0 1 0 0 0 0
40	12	1 0 0 0 1 1 0 0 1 1 0 0 0 1 0 0
40	5	1 0 0 0 0 1 0 1 1 0 0 1 0 0 0 0
40	84	0 0 0 0 1 1 0 0 1 1 0 0 0 0 0 0
40	7	0 0 0 0 1 1 0 0 1 1 0 1 0 0 0 0
40	28	0 0 0 0 0 1 0 0 0 1 0 0 0 1 0 0
40	4	0 0 0 0 0 0 0 1 1 0 0 0 0 0 0 0
40	7	0 0 0 0 1 1 0 1 0 0 0 1 0 0 0 0
40	27	0 0 0 0 1 1 0 0 1 0 0 0 0 1 0 0
40	18	0 0 0 0 1 1 0 0 0 1 0 0 0 1 0 0
40	4	0 0 0 0 1 1 0 0 1 1 0 1 0 1 0 0
40	42	0 0 0 0 1 1 0 0 1 1 1 0 0 1 0 0
40	14	0 0 0 0 0 0 0 0 1 0 0 0 0 1 0 0
40	22	0 0 0 1 1 1 0 0 1 1 0 0 0 0 0 0
40	6	0 0 0 1 0 0 0 0 1 0 0 0 0 0 0 0
40	2	1 0 0 0 0 1 0 1 0 0 0 1 0 1 0 0
40	3	0 0 0 0 0 1 0 1 0 0 0 1 0 0 0 0
40	4	0 0 0 0 0 0 0 0 1 0 0 1 0 1 0 0
40	5	1 0 0 0 0 1 0 1 0 1 0 0 1 1 0 0
40	13	0 0 0 0 0 1 0 0 0 0 0 0 0 1 0 0
40	3	0 0 0 0 1 1 0 1 1 1 0 0 0 1 0 0
40	1	0 0 0 0 0 1 0 0 1 1 0 0 0 0 0 0
40	10	0 0 0 0 0 1 0 0 1 0 0 1 0 0 0 0
40	3	1 0 1 0 1 1 0 1 0 0 0 1 0 0 0 0
40	3	0 0 1 0 0 1 0 0 1 1 0 0 0 1 0 0
40	10	0 0 0 0 1 1 0 1 0 0 0 0 0 1 0 0
40	2	1 0 1 0 0 1 0 1 1 0 0 0 0 1 0 0
40	7	1 0 1 0 0 1 0 1 0 0 0 1 0 1 0 0
40	3	0 0 0 1 1 1 1 0 1 1 0 0 0 0 0 0
40	24	0 0 0 0 1 0 0 0 1 0 0 0 0 0 0 0
40	8	1 0 0 1 0 1 0 1 0 0 0 1 0 0 0 0
40	6	0 0 0 1 1 1 0 0 1 1 0 0 0 0 0 1
40	13	1 0 0 0 0 1 0 1 0 0 0 0 0 1 0 0
40	14	0 0 0 0 0 1 0 0 0 1 0 1 0 0 0 0
40	2	1 0 0 0 0 1 0 1 0 0 0 1 0 1 1 0
40	4	0 0 0 0 0 1 0 1 1 0 0 1 0 0 0 0
40	5	0 0 0 0 1 1 1 0 1 1 0 0 0 1 0 0
40	6	0 0 1 0 1 1 0 0 1 1 0 0 0 1 0 0
40	10	0 0 0 0 0 0 0 0 1 0 0 1 1 0 0 0
40	3	0 0 0 0 0 1 1 1 0 0 0 1 0 0 0 0
40	9	0 1 0 0 0 0 0 0 1 0 0 1 0 0 0 0
40	2	0 0 0 1 0 0 0 0 1 0 1 0 0 0 0 0
40	14	0 0 0 1 1 1 0 1 1 1 0 0 0 1 0 0
40	6	0 0 0 1 1 1 0 1 0 1 0 1 0 0 0 0
40	1	0 0 0 0 0 1 0 0 1 1 0 0 1 1 0 0
40	4	1 0 0 0 0 1 1 1 0 0 0 1 0 0 0 0
40	7	1 0 0 0 0 1 0 1 1 1 0 0 0 1 0 0
40	8	1 1 0 0 0 1 0 1 0 1 0 1 0 0 0 0
40	2	1 0 0 0 0 1 0 0 0 1 0 0 0 1 0 0
40	9	0 0 0 0 1 0 0 0 1 0 1 0 0 0 0 0
40	6	0 0 0 0 1 1 0 0 0 0 0 1 0 1 0 0
40	2	0 0 0 0 1 1 0 0 1 1 0 0 1 0 0 0
40	4	0 0 0 0 1 1 0 0 1 1 0 0 0 1 0 1
40	3	0 0 0 0 0 0 0 0 0 0 0 0 0 0 0 0
40	3	1 0 0 0 0 1 0 1 1 0 0 1 0 0 0 1
40	3	0 0 0 1 0 0 0 0 1 1 0 0 0 0 0 0
40	1	0 0 0 0 1 1 0 1 1 0 0 1 0 0 0 0
40	6	1 0 0 0 0 1 0 1 1 0 0 0 0 0 0 0
40	4	0 0 0 0 1 1 0 0 1 0 0 1 0 0 0 0
40	1	0 0 0 0 1 0 0 1 0 0 0 1 0 1 1 0
40	3	0 1 0 0 0 0 0 0 1 0 0 0 0 0 0 0
40	4	0 1 0 0 1 1 0 0 1 1 0 0 0 0 0 0
40	2	1 0 0 0 0 1 0 1 1 0 0 0 0 1 0 0
40	1	0 0 0 1 1 0 0 1 1 1 0 0 0 0 0 0
40	3	0 0 0 0 0 1 0 0 1 0 0 0 0 1 0 0
40	1	1 0 0 0 0 1 0 0 1 1 0 0 0 0 0 0
40	1	0 0 0 0 1 0 0 0 1 0 0 1 0 0 0 0
40	1	0 1 0 0 0 0 0 0 1 0 0 1 0 1 0 0
40	1	0 0 0 0 0 0 0 0 1 0 0 0 0 0 1 0
40	6	0 0 0 1 1 1 0 0 1 1 1 0 0 1 0 0
40	1	0 0 1 0 0 0 0 0 1 0 0 0 0 1 0 0
40	5	0 0 0 0 1 1 0 1 0 0 0 0 0 0 0 0
40	4	0 0 0 0 0 0 0 0 1 1 0 0 0 1 0 0
40	2	0 0 0 0 0 0 0 0 0 1 0 0 0 1 0 0
40	1	0 0 0 0 1 1 0 1 1 1 0 0 0 0 0 0
40	3	0 0 1 0 0 1 0 0 1 0 0 0 0 0 0 0
40	2	0 0 0 0 1 0 0 1 1 1 0 0 0 0 0 0
40	1	1 0 1 0 0 1 0 1 0 1 0 1 0 0 0 0
40	2	1 1 0 0 0 1 0 1 1 0 0 1 0 0 0 0
40	1	0 0 0 0 1 1 0 0 0 1 0 0 0 0 0 0
40	2	0 0 0 1 0 1 0 0 1 0 0 1 0 0 0 0
40	2	0 1 0 0 0 0 0 0 1 1 0 1 0 0 0 0
40	1	0 0 0 0 1 0 0 0 0 0 0 0 0 0 0 0
60	151	0 0 0 0 1 1 0 0 1 1 0 0 0 1 0 0
60	10	0 0 0 0 0 0 0 0 1 0 0 0 0 0 0 0
60	3	1 0 0 0 0 1 0 1 0 0 0 1 0 0 0 0
60	23	0 0 0 0 0 0 0 0 1 0 0 1 0 0 0 0
60	22	0 0 0 1 1 1 0 0 1 1 0 0 0 1 0 0
60	21	0 0 0 0 0 1 0 0 1 1 0 0 0 1 0 0
60	1	1 1 0 0 0 1 0 1 0 0 0 1 0 0 0 0
60	14	1 0 0 0 1 1 0 0 1 1 0 0 0 1 0 0
60	50	0 0 0 0 1 1 0 0 1 1 0 0 0 0 0 0
60	7	0 0 0 0 1 1 0 0 1 1 0 1 0 0 0 0
60	21	0 0 0 0 0 1 0 0 0 1 0 0 0 1 0 0
60	8	0 0 0 0 0 0 0 1 1 0 0 0 0 0 0 0
60	24	0 0 0 0 1 1 0 1 0 0 0 1 0 0 0 0
60	9	0 0 0 0 1 1 0 0 1 0 0 0 0 1 0 0
60	13	0 0 0 0 1 1 0 0 0 1 0 0 0 1 0 0
60	22	0 0 0 0 1 1 0 0 1 1 1 0 0 1 0 0
60	19	0 0 0 0 0 0 0 0 1 0 0 0 0 1 0 0
60	49	0 0 0 1 1 1 0 0 1 1 0 0 0 0 0 0
60	20	0 0 0 0 0 0 0 0 1 0 0 1 0 1 0 0
60	11	0 0 0 0 0 1 0 0 1 0 0 1 0 0 0 0
60	2	1 0 1 0 1 1 0 1 0 0 0 1 0 0 0 0
60	22	0 0 0 1 1 1 0 0 1 1 0 0 0 0 0 1
60	9	0 0 0 0 0 1 0 0 0 1 0 1 0 0 0 0
60	25	0 0 1 0 1 1 0 0 1 1 0 0 0 1 0 0
60	10	0 0 0 0 0 0 0 0 1 0 0 1 1 0 0 0
60	36	0 0 0 1 1 1 0 1 1 1 0 0 0 1 0 0
60	23	0 0 0 1 1 1 0 1 0 1 0 1 0 0 0 0
60	1	1 0 0 0 0 1 0 1 1 1 0 0 0 1 0 0
60	4	1 1 0 0 0 1 0 1 0 1 0 1 0 0 0 0
60	6	1 0 0 0 0 1 0 0 0 1 0 0 0 1 0 0
60	30	0 0 0 0 1 1 0 0 0 0 0 1 0 1 0 0
60	2	0 0 0 0 1 1 0 1 1 0 0 1 0 0 0 0
60	9	0 0 0 0 1 1 0 0 1 0 0 1 0 0 0 0
60	24	0 1 0 0 1 1 0 0 1 1 0 0 0 0 0 0
60	10	0 0 0 1 1 0 0 1 1 1 0 0 0 0 0 0
60	6	0 0 0 0 0 0 0 0 0 1 0 0 0 1 0 0
60	6	0 0 0 0 1 1 0 1 1 1 0 0 0 0 0 0
60	12	0 0 0 0 0 1 0 0 1 1 0 1 0 0 0 0
60	9	0 0 0 1 0 1 0 0 1 1 0 0 0 1 0 0
60	4	0 1 0 1 1 1 0 0 1 1 0 0 0 0 0 1
60	3	0 0 0 0 1 0 0 0 1 1 0 0 0 0 0 0
60	22	0 0 0 1 0 1 0 0 0 1 0 0 0 1 0 0
60	16	0 0 0 0 1 1 0 0 1 0 0 0 0 0 0 0
60	28	0 0 1 0 0 0 0 0 0 1 0 0 0 1 0 0
60	4	0 0 0 0 0 0 0 0 1 1 0 0 0 1 0 0
60	7	0 0 0 0 0 1 0 1 0 0 0 0 0 1 0 0
60	2	1 0 1 0 1 0 0 0 1 0 0 1 0 0 0 0
60	5	0 0 0 0 0 1 0 0 0 1 1 0 0 1 0 0
60	8	0 0 0 0 0 0 0 1 0 0 0 1 0 1 0 0
60	8	1 0 0 0 1 1 0 0 1 1 0 0 0 1 0 1
60	2	1 0 1 0 0 1 0 0 1 1 0 0 0 1 0 0
60	25	0 0 0 0 1 1 0 1 0 1 0 0 0 1 0 0
60	15	0 0 0 0 1 1 0 1 1 1 0 0 0 1 0 0
60	4	0 0 0 0 0 1 0 0 1 1 0 0 0 0 0 0
60	10	1 0 0 0 0 0 0 0 1 0 0 1 1 0 0 0
60	4	0 0 0 1 1 1 0 1 1 1 0 1 0 1 0 0
60	1	1 1 0 0 0 1 0 1 0 1 0 1 0 1 0 0
60	10	0 0 0 0 1 1 0 1 1 0 0 0 0 0 0 0
60	2	0 0 0 0 0 1 0 0 0 1 0 0 1 1 0 0
60	3	0 0 0 0 1 1 0 0 1 1 1 0 0 0 0 0
60	3	0 0 0 1 1 1 0 1 1 1 0 1 0 0 0 0
60	2	0 0 0 0 1 0 0 0 1 1 0 0 0 1 0 0
60	7	1 0 0 0 0 0 0 0 1 0 0 0 0 1 0 0
60	1	0 0 1 0 0 0 0 0 0 1 0 1 0 0 0 0
60	1	0 0 0 0 0 0 0 0 0 0 0 0 0 1 0 0
60	2	0 1 0 1 1 1 0 1 1 1 0 0 0 0 0 1
60	5	0 0 0 0 0 0 0 0 0 1 1 0 0 1 0 0
60	8	1 1 0 0 0 1 0 1 1 1 0 1 0 0 0 0
60	3	0 0 0 0 0 0 0 0 1 0 1 0 0 1 0 0
60	2	0 0 0 0 0 1 0 0 1 1 0 1 0 0 1 0
60	3	0 1 0 1 1 1 0 1 1 1 0 0 0 0 0 0
60	3	0 0 0 1 0 0 0 0 1 0 0 0 0 1 0 0
60	1	0 0 0 1 0 0 0 0 1 0 0 1 1 0 0 0
60	1	0 0 0 1 0 1 1 0 0 1 0 0 0 1 0 0
60	1	0 0 1 1 0 0 0 0 0 1 0 0 0 1 0 0
60	3	0 1 0 1 1 1 0 1 1 1 0 0 0 1 0 0
60	2	0 0 0 0 1 1 0 0 1 1 0 0 0 1 0 1
60	1	1 1 0 0 1 1 0 0 1 1 0 0 0 1 0 0
60	1	0 0 0 1 1 1 0 1 1 1 0 0 0 1 1 0
60	1	0 0 1 0 1 1 0 0 0 0 0 1 0 1 0 0
60	1	0 0 0 0 1 1 1 1 1 0 0 1 0 0 0 0
60	2	0 0 1 0 0 1 0 0 0 1 0 0 0 1 0 0
60	2	0 0 0 0 0 0 0 1 1 1 0 0 0 1 0 0
60	5	0 0 1 0 1 1 0 0 1 1 0 1 0 1 0 0
60	2	0 1 1 0 0 0 0 0 0 1 0 0 0 1 0 0
60	1	0 0 1 0 0 0 0 0 0 1 0 0 0 0 0 0
60	1	0 0 0 0 1 1 1 0 1 1 0 0 0 0 0 0
60	1	0 0 0 1 1 1 0 0 1 1 0 1 0 0 0 0
60	1	0 1 0 0 0 0 0 0 1 0 0 1 1 0 0 0
60	3	0 0 0 0 1 0 0 1 1 1 0 0 0 0 0 0
60	1	0 0 0 1 0 1 0 0 1 1 0 0 0 1 1 0
60	1	0 0 0 0 1 1 1 1 0 1 0 0 0 1 0 0
60	1	1 1 0 0 0 1 0 1 1 1 0 1 0 0 1 0
80	123	0 0 0 0 1 1 0 0 1 1 0 0 0 1 0 0
80	1	0 0 0 0 0 0 0 0 1 0 0 0 0 0 0 0
80	9	0 0 0 1 1 1 0 0 1 1 0 0 0 1 0 0
80	13	0 0 0 0 0 1 0 0 1 1 0 0 0 1 0 0
80	25	1 0 0 0 1 1 0 0 1 1 0 0 0 1 0 0
80	55	0 0 0 0 1 1 0 0 1 1 0 0 0 0 0 0
80	33	0 0 0 0 1 1 0 0 1 1 0 1 0 0 0 0
80	10	0 0 0 0 0 1 0 0 0 1 0 0 0 1 0 0
80	43	0 0 0 0 1 1 0 1 0 0 0 1 0 0 0 0
80	11	0 0 0 0 1 1 0 0 1 0 0 0 0 1 0 0
80	2	0 0 0 0 1 1 0 0 1 1 1 0 0 1 0 0
80	12	0 0 0 0 0 0 0 0 1 0 0 0 0 1 0 0
80	13	0 0 0 1 1 1 0 0 1 1 0 0 0 0 0 0
80	25	0 0 0 1 1 1 0 0 1 1 0 0 0 0 0 1
80	18	0 0 0 0 0 1 0 0 0 1 0 1 0 0 0 0
80	50	0 0 1 0 1 1 0 0 1 1 0 0 0 1 0 0
80	42	0 0 0 1 1 1 0 1 1 1 0 0 0 1 0 0
80	21	0 0 0 1 1 1 0 1 0 1 0 1 0 0 0 0
80	11	0 0 0 0 1 1 0 0 0 0 0 1 0 1 0 0
80	6	0 1 0 0 1 1 0 0 1 1 0 0 0 0 0 0
80	14	0 0 0 1 1 0 0 1 1 1 0 0 0 0 0 0
80	1	0 1 0 1 1 1 0 0 1 1 0 0 0 0 0 1
80	10	0 0 0 0 1 0 0 0 1 1 0 0 0 0 0 0
80	46	0 0 0 1 0 1 0 0 0 1 0 0 0 1 0 0
80	10	0 0 1 0 0 0 0 0 0 1 0 0 0 1 0 0
80	12	0 0 0 0 0 1 0 1 0 0 0 0 0 1 0 0
80	10	1 0 1 0 1 0 0 0 1 0 0 1 0 0 0 0
80	8	0 0 0 0 1 1 0 1 0 1 0 0 0 1 0 0
80	7	0 0 0 0 1 1 0 1 1 1 0 0 0 1 0 0
80	24	0 0 0 0 1 1 0 1 1 0 0 0 0 0 0 0
80	25	0 0 0 0 1 0 0 0 1 1 0 0 0 1 0 0
80	4	1 0 0 0 0 0 0 0 1 0 0 0 0 1 0 0
80	12	0 1 0 1 1 1 0 1 1 1 0 0 0 0 0 1
80	13	0 0 0 0 0 0 0 0 0 1 1 0 0 1 0 0
80	3	1 1 0 0 0 1 0 1 1 1 0 1 0 0 0 0
80	22	0 1 0 1 1 1 0 1 1 1 0 0 0 1 0 0
80	3	1 1 0 0 1 1 0 0 1 1 0 0 0 1 0 0
80	27	1 0 0 0 1 1 0 0 1 1 0 0 0 0 0 0
80	8	0 0 0 0 1 1 0 1 0 1 0 0 0 0 0 0
80	6	0 0 0 0 1 1 0 0 0 1 0 0 0 0 0 0
80	11	0 0 0 1 1 1 0 1 0 1 0 0 0 1 0 0
80	2	0 0 0 1 1 1 0 0 1 1 1 0 0 0 0 0
80	4	1 1 0 0 1 1 0 0 1 1 0 0 0 0 0 0
80	3	0 0 0 0 1 1 0 0 1 1 0 0 1 1 0 0
80	8	0 0 0 1 1 0 0 0 1 1 0 0 0 0 0 0
80	2	0 0 0 0 1 0 0 0 1 1 0 1 0 0 0 0
80	5	0 0 0 1 1 1 0 0 1 1 0 1 0 0 0 0
80	18	0 0 0 1 1 1 0 1 1 0 0 0 0 1 0 0
80	10	1 1 1 0 1 1 0 0 1 1 0 0 0 1 0 0
80	8	0 0 0 1 1 1 0 1 0 1 0 1 0 1 0 0
80	16	1 1 0 0 1 1 0 0 1 1 0 0 0 1 0 1
80	5	1 0 0 1 1 1 0 0 1 1 0 0 0 0 0 0
80	4	1 1 0 1 1 1 0 1 1 1 0 0 0 0 0 1
80	5	1 1 0 1 0 1 0 1 1 1 0 1 0 0 0 0
80	5	0 0 1 0 0 0 0 0 1 1 0 0 0 1 0 0
80	7	0 0 0 1 1 1 0 0 0 1 0 1 0 0 0 0
80	1	0 0 0 0 1 1 0 0 1 0 0 0 0 0 0 0
80	1	0 0 0 0 1 0 0 1 0 0 0 1 0 0 0 0
80	4	1 0 0 1 1 1 0 1 1 1 0 0 0 1 0 0
80	3	0 0 0 0 0 0 1 0 1 0 0 0 0 0 0 0
80	4	0 0 1 0 1 1 0 0 0 1 0 0 0 1 0 0
80	9	0 1 0 1 0 1 0 0 0 1 0 0 0 1 0 0
80	6	0 0 0 1 1 0 0 0 0 0 0 0 0 1 0 0
80	1	1 0 1 0 1 1 0 1 1 1 0 0 0 1 0 0
80	3	1 0 0 0 0 1 0 1 0 0 0 0 0 1 0 0
80	1	0 1 0 1 1 1 0 1 0 1 0 1 0 1 0 0
80	6	0 0 0 1 1 0 0 1 1 1 0 0 0 1 0 0
80	3	0 0 0 1 0 1 0 0 0 1 0 0 0 0 0 0
80	6	0 0 0 0 1 1 0 0 0 1 0 0 0 1 0 0
80	1	0 0 0 0 1 1 0 1 1 1 0 0 0 0 0 0
80	1	0 0 0 0 0 1 0 0 0 0 0 1 0 0 0 0
80	3	0 0 0 1 1 0 1 1 1 1 0 0 0 0 0 0
80	4	0 0 0 0 1 1 0 0 1 0 0 1 1 0 0 0
80	4	1 1 0 0 1 1 0 1 1 1 0 1 0 1 0 0
80	1	0 1 0 0 1 1 0 0 1 1 0 1 0 0 0 0
80	1	0 0 1 0 0 0 0 0 0 0 0 0 0 1 0 0
80	3	0 0 0 0 1 0 0 0 1 1 0 1 0 1 0 0
80	3	1 0 0 0 0 0 0 0 0 0 0 0 0 1 0 0
80	5	1 0 0 0 0 1 0 1 1 1 0 1 0 0 0 0
80	4	0 0 0 1 1 1 0 1 1 0 0 0 1 1 0 0
80	3	0 1 0 1 1 1 0 0 0 1 0 1 0 0 0 0
80	1	0 0 1 1 1 1 0 0 0 1 0 1 0 0 0 0
80	1	0 0 0 0 0 1 1 0 1 0 0 0 0 0 0 0
80	2	1 0 0 0 0 0 0 0 1 0 0 1 0 0 0 0
80	1	0 0 0 0 0 1 0 0 0 1 0 0 1 1 0 0
80	2	0 0 0 0 1 1 0 0 1 0 0 0 0 1 0 1
80	1	0 0 0 1 1 1 0 1 1 1 0 1 0 0 0 0
80	1	0 1 0 0 1 1 0 0 1 0 0 0 0 0 0 0
80	1	0 0 0 0 1 1 0 1 0 1 0 1 0 0 0 0
80	1	0 1 0 1 1 1 0 1 0 1 0 0 0 1 0 0
80	1	0 0 0 1 1 1 0 0 0 1 0 0 0 0 0 1
80	1	0 0 0 1 1 1 0 0 1 1 0 0 0 0 1 1
80	3	0 0 0 1 1 0 0 1 1 1 0 0 1 0 0 0
80	1	0 0 0 0 1 1 0 1 1 0 0 0 0 0 1 0
80	1	0 1 0 0 1 1 0 1 0 1 0 0 0 0 0 0
100	79	0 0 0 0 1 1 0 0 1 1 0 0 0 1 0 0
100	6	0 0 0 1 1 1 0 0 1 1 0 0 0 1 0 0
100	5	1 0 0 0 1 1 0 0 1 1 0 0 0 1 0 0
100	30	0 0 0 0 1 1 0 0 1 1 0 0 0 0 0 0
100	29	0 0 0 0 1 1 0 0 1 1 0 1 0 0 0 0
100	29	0 0 0 0 1 1 0 1 0 0 0 1 0 0 0 0
100	17	0 0 0 0 1 1 0 0 1 0 0 0 0 1 0 0
100	2	0 0 0 0 0 0 0 0 1 0 0 0 0 1 0 0
100	31	0 0 0 1 1 1 0 0 1 1 0 0 0 0 0 0
100	6	0 0 0 0 0 1 0 0 0 1 0 1 0 0 0 0
100	45	0 0 1 0 1 1 0 0 1 1 0 0 0 1 0 0
100	32	0 0 0 1 1 1 0 1 1 1 0 0 0 1 0 0
100	6	0 0 0 1 1 1 0 1 0 1 0 1 0 0 0 0
100	17	0 0 0 0 1 1 0 0 0 0 0 1 0 1 0 0
100	12	0 1 0 0 1 1 0 0 1 1 0 0 0 0 0 0
100	32	0 0 0 1 1 0 0 1 1 1 0 0 0 0 0 0
100	23	0 0 0 1 0 1 0 0 0 1 0 0 0 1 0 0
100	22	0 0 0 0 0 1 0 1 0 0 0 0 0 1 0 0
100	19	1 0 1 0 1 0 0 0 1 0 0 1 0 0 0 0
100	21	0 0 0 0 1 1 0 1 1 0 0 0 0 0 0 0
100	4	0 0 0 0 1 0 0 0 1 1 0 0 0 1 0 0
100	9	0 0 0 0 0 0 0 0 0 1 1 0 0 1 0 0
100	48	0 1 0 1 1 1 0 1 1 1 0 0 0 1 0 0
100	72	1 0 0 0 1 1 0 0 1 1 0 0 0 0 0 0
100	1	0 0 0 0 1 1 0 1 0 1 0 0 0 0 0 0
100	15	0 0 0 0 1 1 0 0 0 1 0 0 0 0 0 0
100	9	0 0 0 1 1 1 0 1 0 1 0 0 0 1 0 0
100	6	0 0 0 1 1 0 0 0 1 1 0 0 0 0 0 0
100	1	0 0 0 1 1 1 0 1 1 0 0 0 0 1 0 0
100	4	1 1 1 0 1 1 0 0 1 1 0 0 0 1 0 0
100	1	0 0 1 0 0 0 0 0 1 1 0 0 0 1 0 0
100	7	0 1 0 1 0 1 0 0 0 1 0 0 0 1 0 0
100	1	0 0 0 1 0 1 0 0 0 1 0 0 0 0 0 0
100	35	0 0 0 0 1 1 0 0 0 1 0 0 0 1 0 0
100	4	0 0 0 1 1 1 0 1 1 1 0 1 0 0 0 0
100	1	0 0 0 0 0 1 0 0 1 0 0 0 0 1 0 0
100	14	0 0 1 0 1 1 0 0 1 0 0 0 0 1 0 0
100	25	1 0 1 1 1 1 0 0 1 1 0 0 0 0 0 0
100	2	1 0 0 0 1 1 0 1 1 1 0 0 0 0 0 0
100	8	0 0 0 1 0 1 1 0 0 1 0 0 0 1 0 0
100	7	0 0 1 0 0 0 0 1 1 0 0 0 0 1 0 0
100	3	1 0 0 0 1 0 0 0 1 1 0 0 0 0 0 0
100	9	0 0 0 1 1 1 0 0 0 1 0 0 0 0 0 0
100	6	0 0 0 1 0 1 0 1 1 1 0 0 0 1 0 0
100	4	0 0 0 1 1 0 0 0 1 1 0 0 1 0 0 0
100	9	0 0 0 1 1 1 0 1 1 1 0 0 0 0 0 0
100	7	0 0 0 1 1 1 0 0 0 1 0 0 0 1 0 0
100	1	0 0 1 0 1 1 0 0 0 1 0 0 0 0 0 0
100	2	0 0 0 0 0 1 0 0 1 0 0 0 0 0 0 0
100	13	1 0 0 1 1 1 0 0 1 1 0 0 0 0 1 0
100	20	0 1 1 0 1 1 0 0 1 1 0 0 0 0 0 0
100	3	0 0 0 0 0 0 0 1 1 0 0 0 0 1 0 0
100	23	0 0 0 0 1 1 0 1 1 1 0 1 0 0 0 0
100	2	1 0 1 0 1 1 0 0 1 0 0 0 0 1 0 0
100	11	0 0 0 0 1 1 1 0 1 1 0 0 0 1 0 0
100	3	0 0 1 0 0 0 0 0 0 1 1 0 0 1 0 0
100	3	0 0 0 1 1 0 0 1 1 0 0 0 0 1 0 0
100	2	0 0 0 0 1 1 0 0 0 0 0 0 0 1 0 0
100	7	0 0 0 0 1 1 0 0 1 0 0 0 0 0 0 0
100	4	0 0 0 1 1 1 0 0 1 1 0 0 1 0 0 0
100	7	0 1 1 1 1 1 0 1 1 1 0 0 0 1 0 0
100	3	0 0 1 0 1 1 0 0 0 0 0 0 0 1 0 0
100	6	0 1 0 1 1 1 0 1 1 1 0 0 0 0 0 0
100	2	0 1 0 1 0 1 0 0 0 1 0 0 0 1 0 1
100	4	0 0 0 1 1 1 0 0 1 1 0 0 0 1 1 0
100	5	0 0 0 0 1 1 0 1 0 0 0 1 0 0 0 1
100	7	0 0 0 1 1 1 0 0 1 0 0 0 0 0 0 0
100	3	0 1 0 1 0 1 0 1 1 1 0 0 0 1 0 0
100	9	0 0 1 0 1 1 0 1 0 1 0 0 0 0 0 0
100	4	1 0 0 1 1 1 0 1 1 1 0 0 0 0 0 0
100	2	0 0 0 1 1 1 0 0 1 1 0 0 0 0 0 1
100	1	0 0 1 0 1 1 0 0 1 1 0 1 0 1 0 0
100	13	0 0 0 0 1 1 0 0 0 1 1 0 0 1 0 0
100	2	0 1 0 0 0 1 0 0 1 0 0 0 0 1 0 0
100	3	0 0 0 0 1 1 0 0 0 0 0 1 0 0 0 0
100	1	0 0 0 1 1 1 0 1 1 0 0 0 0 0 0 0
100	3	1 0 0 0 1 0 0 0 1 0 0 0 0 0 0 0
100	3	0 0 0 1 1 0 0 1 1 1 0 0 0 1 0 0
100	3	0 0 0 1 0 1 0 0 1 0 0 0 0 1 0 0
100	3	0 0 0 0 1 1 0 1 1 1 0 0 0 1 0 0
100	1	0 0 1 0 1 1 0 0 1 1 0 0 0 0 0 0
100	1	0 0 0 0 1 1 0 1 0 0 0 1 0 1 0 0
100	1	0 0 0 1 1 0 0 0 1 1 0 0 1 1 0 0
100	6	0 0 0 1 1 1 0 0 0 1 0 0 0 1 1 0
100	4	0 0 0 1 1 1 0 1 1 1 0 0 0 0 0 1
100	3	0 0 0 1 1 1 0 0 1 0 0 1 0 0 0 0
100	1	0 0 0 1 1 0 0 0 1 0 0 0 0 0 0 0
100	2	0 0 1 0 0 0 0 0 1 1 1 0 0 1 0 0
100	3	0 0 0 1 1 1 0 1 1 1 0 1 1 0 0 0
100	1	0 0 0 0 0 1 0 0 0 0 0 0 0 1 0 0
100	1	0 0 0 0 0 1 1 0 1 0 0 0 0 1 0 0
100	1	0 0 0 1 0 1 0 1 1 1 0 0 0 0 0 0
100	1	0 0 1 0 0 1 0 0 1 0 0 0 0 0 0 0
100	5	0 1 0 1 1 1 0 1 0 1 0 0 0 0 0 0
100	3	0 1 0 1 0 1 0 1 1 1 0 0 0 0 0 0
100	1	1 0 0 1 1 0 0 1 1 1 0 0 0 0 0 0
100	2	0 0 1 0 0 1 0 1 1 1 0 0 0 1 0 0
100	1	0 0 1 0 0 1 0 0 1 1 0 0 0 1 0 0
100	1	1 0 0 0 1 0 0 0 1 0 0 1 0 0 0 0
100	3	1 0 1 0 1 0 0 0 0 0 0 1 0 0 0 0
100	2	1 0 0 1 1 1 0 0 1 1 0 0 0 0 0 0
100	1	1 0 0 0 1 1 1 0 1 1 0 0 0 0 0 0
100	2	0 0 0 0 1 1 0 1 1 1 0 0 0 0 0 0
120	20	0 0 0 0 1 1 0 0 1 1 0 0 0 1 0 0
120	3	0 0 0 1 1 1 0 0 1 1 0 0 0 1 0 0
120	9	0 0 0 0 1 1 0 0 1 1 0 0 0 0 0 0
120	7	0 0 0 0 1 1 0 1 0 0 0 1 0 0 0 0
120	10	0 0 0 0 0 0 0 0 1 0 0 0 0 1 0 0
120	29	0 0 0 1 1 1 0 0 1 1 0 0 0 0 0 0
120	1	0 0 0 0 0 1 0 0 0 1 0 1 0 0 0 0
120	17	0 0 1 0 1 1 0 0 1 1 0 0 0 1 0 0
120	15	0 0 0 1 1 1 0 1 1 1 0 0 0 1 0 0
120	4	0 1 0 0 1 1 0 0 1 1 0 0 0 0 0 0
120	65	0 0 0 1 1 0 0 1 1 1 0 0 0 0 0 0
120	4	0 0 0 1 0 1 0 0 0 1 0 0 0 1 0 0
120	16	0 0 0 0 0 1 0 1 0 0 0 0 0 1 0 0
120	3	0 0 0 0 1 1 0 1 1 0 0 0 0 0 0 0
120	1	0 0 0 0 0 0 0 0 0 1 1 0 0 1 0 0
120	48	1 0 0 0 1 1 0 0 1 1 0 0 0 0 0 0
120	9	0 0 0 0 1 1 0 0 0 1 0 0 0 0 0 0
120	6	0 0 0 1 1 1 0 1 0 1 0 0 0 1 0 0
120	33	1 1 1 0 1 1 0 0 1 1 0 0 0 1 0 0
120	25	0 0 0 0 1 1 0 0 0 1 0 0 0 1 0 0
120	13	1 0 1 1 1 1 0 0 1 1 0 0 0 0 0 0
120	10	0 0 0 1 1 1 0 0 0 1 0 0 0 0 0 0
120	15	0 0 0 1 1 1 0 1 1 1 0 0 0 0 0 0
120	3	1 0 0 1 1 1 0 0 1 1 0 0 0 0 1 0
120	35	0 1 1 0 1 1 0 0 1 1 0 0 0 0 0 0
120	57	0 0 0 0 1 1 0 1 1 1 0 1 0 0 0 0
120	12	0 0 0 0 1 1 1 0 1 1 0 0 0 1 0 0
120	10	0 0 0 1 1 0 0 1 1 0 0 0 0 1 0 0
120	38	0 1 1 1 1 1 0 1 1 1 0 0 0 1 0 0
120	25	0 0 1 0 1 1 0 0 0 0 0 0 0 1 0 0
120	5	0 1 0 1 1 1 0 1 1 1 0 0 0 0 0 0
120	7	0 0 1 0 1 1 0 1 0 1 0 0 0 0 0 0
120	22	1 0 0 1 1 1 0 1 1 1 0 0 0 0 0 0
120	19	1 0 0 0 1 0 0 0 1 0 0 0 0 0 0 0
120	8	0 0 1 0 1 1 0 0 1 1 0 0 0 0 0 0
120	12	0 0 0 1 1 1 0 1 1 1 0 0 0 0 0 1
120	32	0 1 0 1 1 1 0 1 0 1 0 0 0 0 0 0
120	5	1 0 1 0 1 0 0 0 0 0 0 1 0 0 0 0
120	15	1 0 0 1 1 1 0 0 1 1 0 0 0 0 0 0
120	3	1 0 0 1 1 1 0 1 1 1 0 1 0 0 0 0
120	3	0 0 0 0 0 1 0 0 1 1 0 1 0 0 0 0
120	8	0 0 1 0 1 0 0 0 1 0 0 1 0 0 0 0
120	23	1 0 1 0 1 0 0 0 1 1 0 0 0 1 0 0
120	5	0 1 0 0 1 1 1 0 1 1 0 0 0 0 0 0
120	1	1 0 0 0 1 0 0 0 1 1 0 0 0 0 0 0
120	24	0 0 1 1 1 0 0 0 1 1 0 0 0 0 0 0
120	20	0 0 0 0 0 1 0 0 1 1 0 0 0 1 0 0
120	2	0 0 0 0 1 1 0 1 0 0 0 0 0 1 0 0
120	4	0 0 1 0 1 1 0 0 1 0 0 0 0 0 0 0
120	3	0 0 0 0 0 1 1 1 0 0 0 0 0 1 0 0
120	6	0 1 0 1 0 1 0 0 0 1 0 1 0 1 0 1
120	2	0 1 0 1 1 1 0 1 1 1 1 0 0 1 0 0
120	7	0 0 1 0 1 1 0 1 1 1 0 0 0 0 0 0
120	15	0 0 0 0 1 1 0 0 1 1 0 0 0 0 0 1
120	17	0 1 1 1 1 1 0 1 1 1 0 1 0 0 0 0
120	3	1 0 0 0 1 1 1 0 1 1 0 0 0 0 0 0
120	4	0 1 0 1 0 1 0 1 1 1 0 0 0 1 0 0
120	2	0 0 0 1 1 0 1 1 1 1 0 0 1 0 0 0
120	7	0 0 0 1 1 1 0 1 1 0 0 0 0 0 0 0
120	5	0 0 0 0 1 1 0 0 1 1 0 0 0 1 1 0
120	10	1 0 0 0 1 1 0 0 0 1 0 0 0 0 0 0
120	4	1 0 0 0 1 1 1 0 1 1 0 0 0 1 0 0
120	2	1 0 1 1 1 1 0 0 1 1 0 0 0 1 0 0
120	6	0 0 0 0 1 0 0 0 1 1 0 0 0 1 0 0
120	3	1 0 1 0 1 0 0 0 1 0 0 0 0 0 0 0
120	1	0 0 0 0 0 0 1 0 1 1 0 0 0 1 0 0
120	7	0 0 0 1 1 1 0 1 1 1 0 1 0 0 0 0
120	6	1 0 1 1 1 1 0 0 0 1 0 0 0 1 0 0
120	1	0 0 0 0 0 1 0 0 0 1 0 0 0 1 0 0
120	10	1 1 1 0 1 1 0 0 1 1 0 0 0 1 1 0
120	3	0 0 0 1 1 1 0 1 1 1 0 0 1 0 0 0
120	2	1 0 0 0 1 0 0 1 1 0 0 0 0 0 0 0
120	2	0 1 0 0 1 1 1 1 0 0 0 1 0 0 0 0
120	1	0 0 0 1 1 1 1 0 1 1 0 0 0 1 0 0
120	1	1 0 0 0 1 1 0 1 1 1 0 1 0 0 0 0
120	1	0 0 0 1 0 1 0 0 1 1 0 0 0 0 0 0
120	2	0 0 0 1 1 0 0 1 1 1 0 0 1 0 0 0
120	11	1 1 1 0 1 1 0 0 1 1 0 0 0 0 0 0
120	6	1 0 1 0 1 0 1 0 1 1 0 0 0 1 0 0
120	3	0 0 0 0 1 1 0 1 0 0 0 0 0 0 0 0
120	2	0 0 0 0 1 1 0 1 1 1 0 1 0 1 0 0
120	3	0 0 0 0 1 1 0 1 1 1 1 1 0 0 0 0
120	5	0 0 0 0 1 1 0 0 1 1 1 0 0 1 1 0
120	3	0 1 1 0 1 1 0 0 0 1 0 0 0 0 0 0
120	4	0 0 0 1 1 1 0 1 1 0 0 1 0 0 0 0
120	2	0 0 0 0 0 1 1 1 0 0 0 0 0 0 0 0
120	5	1 0 0 0 1 1 0 0 1 1 0 0 0 1 0 0
120	2	0 0 0 0 1 0 0 1 1 1 0 0 0 0 0 0
120	7	0 0 0 1 1 0 0 1 1 1 0 0 0 0 0 1
120	1	0 0 1 0 1 1 0 0 0 0 0 0 0 0 0 0
120	2	1 0 1 0 0 0 0 0 1 1 0 0 0 1 0 0
120	7	0 1 0 1 0 1 0 1 0 1 0 1 0 1 0 1
120	4	0 0 0 0 1 1 1 1 0 0 0 1 0 0 0 0
120	2	1 0 1 0 1 0 0 0 1 1 0 0 0 0 0 0
120	1	0 0 0 1 1 1 0 0 1 0 0 0 0 0 0 0
120	1	0 1 1 0 1 1 1 0 1 1 0 0 0 0 0 0
120	2	0 0 0 1 1 1 0 1 1 1 0 0 1 0 0 1
120	3	0 1 0 1 0 1 0 1 0 1 0 0 0 0 0 0
120	2	0 0 0 1 1 1 0 1 1 1 0 1 1 0 0 0
120	2	1 0 0 1 1 0 0 1 1 1 0 0 0 0 0 0
120	1	0 0 0 0 1 0 0 0 1 0 0 0 0 0 0 0
120	5	0 1 1 0 1 1 0 0 1 1 0 0 0 1 0 0
120	1	0 0 0 0 1 1 0 0 0 0 0 1 0 0 0 0
120	1	0 1 0 1 1 1 1 0 1 1 0 0 0 0 0 0
120	1	0 0 0 0 1 1 0 1 0 0 0 1 1 0 0 0
120	1	0 0 1 0 0 1 0 0 1 1 0 0 0 1 0 0
120	1	0 0 0 0 0 1 0 0 0 0 0 0 0 1 0 0
120	1	0 0 0 0 1 1 0 1 1 0 1 0 0 0 0 0
120	2	1 1 1 0 1 0 0 0 1 1 0 0 0 1 0 0
120	1	0 1 1 0 1 1 0 0 1 1 0 0 0 0 0 1
120	2	0 1 1 0 1 1 0 0 1 1 0 0 1 0 0 0
120	2	1 0 0 1 1 1 0 0 1 1 0 0 1 0 0 0
120	3	0 0 0 0 0 1 0 0 1 1 0 1 1 0 0 0
120	1	0 1 1 1 1 1 0 1 1 1 0 1 0 0 1 0
120	3	1 0 0 0 1 1 0 0 0 1 0 0 0 0 1 0
140	3	0 0 0 0 1 1 0 0 1 1 0 0 0 1 0 0
140	1	0 0 0 0 1 1 0 0 1 1 0 0 0 0 0 0
140	13	0 0 0 1 1 1 0 0 1 1 0 0 0 0 0 0
140	13	0 0 0 1 1 1 0 1 1 1 0 0 0 1 0 0
140	13	0 0 0 1 1 0 0 1 1 1 0 0 0 0 0 0
140	12	0 0 0 0 0 1 0 1 0 0 0 0 0 1 0 0
140	69	1 0 0 0 1 1 0 0 1 1 0 0 0 0 0 0
140	69	1 1 1 0 1 1 0 0 1 1 0 0 0 1 0 0
140	9	0 0 0 0 1 1 0 0 0 1 0 0 0 1 0 0
140	12	0 0 0 1 1 1 0 0 0 1 0 0 0 0 0 0
140	18	0 0 0 1 1 1 0 1 1 1 0 0 0 0 0 0
140	23	0 1 1 0 1 1 0 0 1 1 0 0 0 0 0 0
140	22	0 0 0 0 1 1 0 1 1 1 0 1 0 0 0 0
140	2	0 0 0 0 1 1 1 0 1 1 0 0 0 1 0 0
140	41	0 1 1 1 1 1 0 1 1 1 0 0 0 1 0 0
140	5	0 0 1 0 1 1 0 0 0 0 0 0 0 1 0 0
140	53	1 0 0 1 1 1 0 1 1 1 0 0 0 0 0 0
140	30	0 0 1 0 1 1 0 0 1 1 0 0 0 0 0 0
140	5	0 0 0 1 1 1 0 1 1 1 0 0 0 0 0 1
140	9	1 0 1 0 1 0 0 0 0 0 0 1 0 0 0 0
140	3	1 0 0 1 1 1 0 0 1 1 0 0 0 0 0 0
140	26	1 0 1 0 1 0 0 0 1 1 0 0 0 1 0 0
140	41	0 0 1 1 1 0 0 0 1 1 0 0 0 0 0 0
140	1	0 0 1 0 1 1 0 1 1 1 0 0 0 0 0 0
140	7	0 1 1 1 1 1 0 1 1 1 0 1 0 0 0 0
140	8	1 0 0 0 1 1 1 0 1 1 0 0 0 0 0 0
140	9	0 1 0 1 0 1 0 1 1 1 0 0 0 1 0 0
140	23	1 0 0 0 1 1 0 0 0 1 0 0 0 0 0 0
140	17	1 1 1 0 1 1 0 0 1 1 0 0 0 0 0 0
140	13	1 0 1 0 1 0 1 0 1 1 0 0 0 1 0 0
140	5	0 0 0 0 1 1 0 1 0 0 0 0 0 0 0 0
140	27	0 1 1 0 1 1 0 0 0 1 0 0 0 0 0 0
140	4	0 0 0 1 1 0 0 1 1 1 0 0 0 0 0 1
140	2	0 1 1 0 1 1 0 0 1 1 0 0 0 1 0 0
140	1	0 0 0 0 1 1 0 0 0 0 0 1 0 0 0 0
140	18	0 1 1 0 1 1 0 0 1 1 0 0 1 0 0 0
140	7	0 0 0 1 1 0 1 1 1 1 0 0 0 0 0 0
140	5	0 0 0 0 0 1 1 1 0 0 0 0 0 0 0 0
140	12	1 1 1 0 1 1 0 0 1 0 0 0 0 1 0 0
140	13	0 1 0 0 1 1 1 0 0 1 0 0 0 0 0 0
140	33	1 0 0 0 1 1 0 1 1 1 0 1 0 0 0 0
140	4	1 0 0 0 0 1 0 0 1 1 0 0 0 0 0 0
140	16	0 1 0 1 0 0 0 1 1 1 0 0 0 1 0 0
140	23	1 0 1 0 1 0 0 0 1 1 0 1 0 0 0 0
140	22	1 0 1 1 1 1 0 0 0 1 0 0 0 0 0 0
140	4	1 0 0 0 1 1 0 0 1 1 0 0 1 0 0 0
140	15	0 0 1 0 1 0 0 0 1 1 0 0 0 0 0 0
140	1	0 0 0 1 1 1 0 1 1 1 0 0 0 0 1 1
140	1	1 0 0 0 1 0 0 0 1 1 0 0 0 1 0 0
140	16	1 1 1 0 1 1 0 0 1 0 0 0 0 0 0 0
140	1	1 0 0 1 1 1 0 0 0 1 0 0 0 0 1 0
140	9	1 1 1 0 1 1 0 1 1 1 0 1 0 0 0 0
140	3	0 0 0 1 1 0 0 1 1 1 0 1 0 0 0 0
140	4	0 1 1 0 1 1 0 0 0 1 0 0 0 0 0 1
140	4	0 0 0 0 0 1 0 1 0 0 0 0 0 0 0 0
140	12	0 1 1 0 1 1 1 0 1 1 0 0 0 0 0 0
140	12	0 1 1 1 1 1 0 0 1 1 0 0 0 1 0 0
140	2	0 0 0 1 1 0 0 1 1 1 0 0 0 0 1 1
140	9	0 1 1 1 1 1 0 1 1 1 0 0 0 0 0 0
140	3	0 1 1 0 1 1 0 1 1 1 0 0 0 1 0 0
140	4	0 0 0 1 0 1 0 0 0 1 0 0 0 0 0 0
140	1	1 0 0 1 1 1 0 1 1 1 1 0 0 0 0 0
140	3	1 0 0 1 1 1 0 1 1 1 0 1 0 0 0 0
140	2	0 0 0 0 1 1 0 1 1 1 0 0 0 0 0 0
140	5	0 1 1 1 1 1 0 1 1 1 0 0 1 0 0 0
140	7	0 0 0 1 1 1 0 0 1 1 0 0 0 0 0 1
140	4	0 0 0 0 0 1 0 1 0 0 0 0 1 1 0 0
140	6	0 0 0 0 0 1 0 1 1 1 0 0 0 0 0 0
140	3	0 0 0 1 1 1 0 0 0 1 0 1 0 0 0 0
140	2	0 0 0 0 1 0 0 0 1 1 0 0 0 0 0 0
140	1	0 0 0 0 1 1 0 0 0 0 0 0 0 0 0 0
140	6	0 0 0 0 1 1 0 0 1 1 0 0 1 1 0 0
140	2	0 0 0 0 1 1 0 1 1 1 1 1 0 0 0 0
140	13	0 1 1 1 1 1 0 0 1 1 0 0 0 0 0 0
140	2	1 0 1 0 1 1 0 0 1 1 0 0 0 0 0 0
140	3	1 0 0 1 0 1 0 1 1 1 0 0 0 0 0 0
140	1	1 0 1 0 1 0 0 1 1 1 0 0 0 1 0 0
140	4	0 0 1 1 1 0 0 0 1 1 0 0 0 1 0 0
140	9	1 1 1 0 1 1 0 1 1 1 0 0 0 1 0 0
140	5	0 1 1 1 1 1 0 1 0 1 0 1 0 0 0 0
140	9	0 0 1 0 1 0 0 1 1 1 0 0 0 0 0 0
140	1	0 0 1 1 1 1 0 1 1 1 0 0 0 0 1 1
140	2	0 0 0 0 1 1 0 0 0 1 0 0 1 0 0 0
140	1	0 1 1 1 0 1 0 1 0 0 0 0 0 1 0 0
140	5	0 0 1 0 1 1 0 0 1 1 0 0 0 1 0 0
140	6	0 0 0 0 1 1 0 0 0 1 0 0 0 0 0 0
140	8	0 0 1 1 1 1 0 1 1 1 0 0 0 0 0 0
140	1	0 0 0 0 1 1 0 0 1 0 0 0 0 1 0 0
140	6	1 1 0 0 1 1 0 0 1 1 0 0 0 1 0 0
140	3	0 0 1 1 1 0 0 0 1 1 1 0 0 0 0 0
140	1	0 1 1 1 1 1 0 1 1 0 0 0 0 0 0 0
140	1	0 1 1 1 1 0 0 1 1 1 0 0 0 1 0 0
140	5	1 1 0 0 1 1 0 0 0 1 0 0 0 0 0 0
140	2	1 0 1 0 1 1 0 1 1 1 0 1 0 0 0 0
140	2	1 0 1 0 1 0 0 0 1 1 0 1 1 0 0 0
140	3	0 0 0 0 0 1 0 0 0 0 0 0 0 1 0 0
140	1	1 0 1 0 1 1 0 0 1 1 0 0 0 1 0 0
140	2	0 1 1 0 1 1 0 1 0 1 0 0 0 0 0 0
160	3	0 0 0 1 1 1 0 1 1 1 0 0 0 1 0 0
160	22	0 0 0 1 1 0 0 1 1 1 0 0 0 0 0 0
160	23	1 0 0 0 1 1 0 0 1 1 0 0 0 0 0 0
160	60	1 1 1 0 1 1 0 0 1 1 0 0 0 1 0 0
160	19	0 0 0 1 1 1 0 0 0 1 0 0 0 0 0 0
160	48	0 0 0 1 1 1 0 1 1 1 0 0 0 0 0 0
160	13	0 1 1 0 1 1 0 0 1 1 0 0 0 0 0 0
160	22	0 0 0 0 1 1 0 1 1 1 0 1 0 0 0 0
160	11	0 1 1 1 1 1 0 1 1 1 0 0 0 1 0 0
160	42	1 0 0 1 1 1 0 1 1 1 0 0 0 0 0 0
160	6	0 0 1 0 1 1 0 0 1 1 0 0 0 0 0 0
160	6	0 0 0 1 1 1 0 1 1 1 0 0 0 0 0 1
160	12	1 0 1 0 1 0 0 0 0 0 0 1 0 0 0 0
160	31	0 0 1 1 1 0 0 0 1 1 0 0 0 0 0 0
160	13	0 1 1 1 1 1 0 1 1 1 0 1 0 0 0 0
160	10	1 0 0 0 1 1 1 0 1 1 0 0 0 0 0 0
160	8	0 1 0 1 0 1 0 1 1 1 0 0 0 1 0 0
160	20	1 0 0 0 1 1 0 0 0 1 0 0 0 0 0 0
160	22	1 1 1 0 1 1 0 0 1 1 0 0 0 0 0 0
160	1	0 1 1 0 1 1 0 0 1 1 0 0 1 0 0 0
160	18	0 0 0 1 1 0 1 1 1 1 0 0 0 0 0 0
160	17	1 1 1 0 1 1 0 0 1 0 0 0 0 1 0 0
160	9	1 0 0 0 0 1 0 0 1 1 0 0 0 0 0 0
160	24	1 0 1 0 1 0 0 0 1 1 0 1 0 0 0 0
160	49	1 0 1 1 1 1 0 0 0 1 0 0 0 0 0 0
160	25	0 0 1 0 1 0 0 0 1 1 0 0 0 0 0 0
160	11	1 1 1 0 1 1 0 1 1 1 0 1 0 0 0 0
160	46	0 1 1 1 1 1 0 0 1 1 0 0 0 1 0 0
160	19	0 1 1 1 1 1 0 1 1 1 0 0 0 0 0 0
160	5	0 0 0 1 0 1 0 0 0 1 0 0 0 0 0 0
160	4	0 0 0 1 1 1 0 0 0 1 0 1 0 0 0 0
160	44	0 1 1 1 1 1 0 0 1 1 0 0 0 0 0 0
160	9	1 0 0 1 0 1 0 1 1 1 0 0 0 0 0 0
160	9	0 0 1 1 1 0 0 0 1 1 0 0 0 1 0 0
160	14	0 0 1 0 1 1 0 0 1 1 0 0 0 1 0 0
160	10	1 1 0 0 1 1 0 0 0 1 0 0 0 0 0 0
160	16	1 0 1 0 1 1 0 1 1 1 0 1 0 0 0 0
160	4	0 0 1 1 1 0 1 0 1 1 0 0 0 0 0 0
160	6	1 0 0 0 0 1 1 1 0 0 0 0 1 0 0 0
160	13	1 0 0 0 1 0 1 0 1 0 0 0 0 1 0 0
160	2	1 0 0 1 1 1 0 1 1 1 0 0 0 1 0 0
160	2	0 0 0 0 1 1 0 1 1 1 0 1 0 0 0 1
160	8	1 1 1 0 1 1 0 0 0 1 0 0 0 0 0 0
160	16	1 1 1 1 1 1 0 0 1 1 0 0 0 1 0 0
160	4	1 1 1 1 1 0 0 0 1 1 0 0 0 0 0 0
160	5	0 0 0 0 1 0 0 1 1 1 0 0 0 0 0 0
160	5	1 1 1 1 1 1 0 0 1 0 0 0 0 1 0 0
160	17	1 0 0 0 1 1 0 1 1 1 0 0 0 0 0 0
160	13	1 1 1 0 0 1 0 0 1 1 0 0 0 1 0 0
160	3	0 0 1 0 1 1 0 0 0 1 0 0 0 0 0 0
160	9	0 1 1 0 1 1 1 0 1 1 0 0 0 0 0 0
160	3	1 0 0 1 0 1 0 0 1 1 0 0 0 0 0 0
160	7	1 0 1 0 1 0 0 0 0 0 0 0 0 0 0 0
160	8	0 0 0 0 1 1 0 0 1 0 0 0 0 1 0 0
160	11	1 0 0 0 1 1 0 0 1 1 0 0 0 0 1 0
160	4	0 1 0 1 0 1 0 1 1 1 0 0 0 1 1 0
160	6	1 1 1 0 1 1 1 0 1 1 0 0 0 1 0 0
160	2	1 1 1 0 1 1 0 0 1 1 0 1 0 1 0 0
160	4	1 1 1 1 1 1 0 1 1 1 0 0 0 0 0 0
160	6	0 1 1 1 1 1 0 0 1 1 0 0 0 1 0 1
160	1	1 0 0 1 0 0 0 1 1 1 0 0 0 0 0 0
160	7	0 0 0 1 1 0 0 1 1 1 0 0 0 1 0 0
160	5	1 0 0 0 0 1 0 0 0 0 0 1 0 0 0 0
160	2	0 0 0 1 0 1 0 0 1 0 0 0 0 1 0 0
160	1	0 0 0 0 1 1 0 0 1 1 0 0 0 0 0 0
160	5	1 1 1 0 1 0 1 1 1 1 0 0 0 0 0 0
160	1	1 0 0 1 0 1 0 1 1 1 0 0 0 1 0 0
160	6	1 0 1 1 1 1 0 0 1 1 0 1 0 0 0 0
160	3	0 0 0 1 1 1 0 1 1 1 0 0 1 0 0 0
160	1	1 0 0 1 1 0 0 1 1 1 0 0 0 0 0 0
160	3	0 0 1 0 1 0 0 0 1 1 0 1 0 0 0 0
160	1	1 0 0 1 1 1 0 1 1 1 0 0 1 0 0 0
160	11	1 0 0 1 1 1 0 0 1 1 0 0 0 0 0 0
160	5	1 0 0 0 1 1 0 1 0 0 0 0 0 0 0 0
160	1	1 0 0 0 1 1 0 0 1 1 0 0 0 1 0 0
160	8	1 1 1 1 1 1 0 0 1 1 0 0 0 0 0 0
160	1	0 1 1 1 0 1 0 0 1 1 0 0 0 0 0 0
160	1	1 1 1 1 1 1 0 0 1 1 0 1 0 1 0 0
160	1	0 0 0 1 1 0 0 1 1 1 0 0 1 0 0 0
160	1	0 0 0 1 1 1 0 0 0 1 0 0 0 1 0 0
160	6	0 0 0 0 1 1 0 1 1 1 0 1 0 1 0 0
160	1	0 1 1 1 1 0 0 1 1 1 0 1 0 0 0 0
160	4	0 1 1 1 1 1 0 0 0 1 0 0 0 0 0 0
160	5	0 1 0 1 0 1 0 1 1 1 0 0 0 0 0 0
160	2	0 1 1 1 1 1 1 0 1 1 0 0 0 0 0 0
160	3	0 1 1 0 1 1 0 0 1 1 0 0 0 0 1 0
160	1	0 0 1 1 1 0 0 0 1 1 1 0 0 0 0 0
160	1	1 0 0 0 1 1 0 0 0 1 1 0 0 0 0 0
160	1	1 1 1 0 1 0 0 0 0 1 0 0 0 0 0 0
160	1	1 1 1 1 1 1 0 1 1 1 0 1 0 0 0 0
160	3	1 0 0 1 1 0 0 1 0 1 0 0 0 0 0 0
160	3	0 0 0 1 1 0 0 1 0 1 0 0 0 0 0 0
160	1	1 0 0 0 1 1 0 0 1 1 0 0 0 0 0 1
160	4	1 1 0 0 1 1 0 0 1 1 0 0 0 0 0 0
160	2	1 0 1 0 1 0 0 0 0 1 0 0 0 0 0 0
160	1	1 0 0 0 0 1 1 1 0 0 0 1 0 0 0 0
160	2	0 0 0 1 1 0 0 1 1 0 0 0 0 0 0 0
160	1	0 0 1 1 1 1 0 0 1 1 0 0 0 0 0 0
160	2	0 0 1 1 1 0 0 0 1 1 0 1 0 0 0 0
160	1	0 0 0 0 0 1 0 0 1 1 0 0 0 0 0 0
160	1	1 0 1 1 1 1 0 0 1 1 0 0 0 0 0 0
160	5	1 0 1 1 1 1 0 1 0 1 0 0 0 0 0 0
160	1	0 1 1 1 0 1 0 1 1 1 0 0 0 1 1 0
160	4	1 0 0 0 1 1 0 0 0 0 0 1 0 0 0 0
180	5	0 0 0 1 1 1 0 1 1 1 0 0 0 1 0 0
180	13	1 0 0 0 1 1 0 0 1 1 0 0 0 0 0 0
180	16	1 1 1 0 1 1 0 0 1 1 0 0 0 1 0 0
180	21	0 0 0 1 1 1 0 0 0 1 0 0 0 0 0 0
180	27	0 0 0 1 1 1 0 1 1 1 0 0 0 0 0 0
180	2	0 1 1 0 1 1 0 0 1 1 0 0 0 0 0 0
180	7	0 0 0 0 1 1 0 1 1 1 0 1 0 0 0 0
180	45	0 1 1 1 1 1 0 1 1 1 0 0 0 1 0 0
180	12	1 0 0 1 1 1 0 1 1 1 0 0 0 0 0 0
180	1	0 0 0 1 1 1 0 1 1 1 0 0 0 0 0 1
180	53	0 0 1 1 1 0 0 0 1 1 0 0 0 0 0 0
180	36	0 1 1 1 1 1 0 1 1 1 0 1 0 0 0 0
180	8	1 0 0 0 1 1 1 0 1 1 0 0 0 0 0 0
180	6	0 1 0 1 0 1 0 1 1 1 0 0 0 1 0 0
180	28	1 1 1 0 1 1 0 0 1 1 0 0 0 0 0 0
180	7	0 0 0 1 1 0 1 1 1 1 0 0 0 0 0 0
180	15	1 1 1 0 1 1 0 0 1 0 0 0 0 1 0 0
180	40	1 0 1 1 1 1 0 0 0 1 0 0 0 0 0 0
180	14	0 0 1 0 1 0 0 0 1 1 0 0 0 0 0 0
180	26	1 1 1 0 1 1 0 1 1 1 0 1 0 0 0 0
180	37	0 1 1 1 1 1 0 0 1 1 0 0 0 1 0 0
180	9	0 1 1 1 1 1 0 1 1 1 0 0 0 0 0 0
180	128	0 1 1 1 1 1 0 0 1 1 0 0 0 0 0 0
180	2	1 0 0 1 0 1 0 1 1 1 0 0 0 0 0 0
180	6	0 0 1 0 1 1 0 0 1 1 0 0 0 1 0 0
180	4	1 1 0 0 1 1 0 0 0 1 0 0 0 0 0 0
180	23	1 0 1 0 1 1 0 1 1 1 0 1 0 0 0 0
180	3	0 0 1 1 1 0 1 0 1 1 0 0 0 0 0 0
180	5	1 0 0 0 0 1 1 1 0 0 0 0 1 0 0 0
180	9	1 1 1 0 1 1 0 0 0 1 0 0 0 0 0 0
180	3	1 1 1 1 1 1 0 0 1 1 0 0 0 1 0 0
180	44	1 1 1 1 1 0 0 0 1 1 0 0 0 0 0 0
180	11	1 0 0 0 1 1 0 1 1 1 0 0 0 0 0 0
180	30	1 1 1 0 0 1 0 0 1 1 0 0 0 1 0 0
180	25	0 1 1 0 1 1 1 0 1 1 0 0 0 0 0 0
180	8	1 0 0 0 1 1 0 0 1 1 0 0 0 0 1 0
180	15	1 1 1 0 1 1 1 0 1 1 0 0 0 1 0 0
180	3	1 0 0 1 0 0 0 1 1 1 0 0 0 0 0 0
180	2	1 0 1 1 1 1 0 0 1 1 0 1 0 0 0 0
180	7	0 0 0 1 1 1 0 1 1 1 0 0 1 0 0 0
180	6	1 0 0 1 1 1 0 0 1 1 0 0 0 0 0 0
180	28	1 1 1 1 1 1 0 0 1 1 0 0 0 0 0 0
180	5	0 1 1 1 1 1 0 0 0 1 0 0 0 0 0 0
180	13	0 1 1 1 1 1 1 0 1 1 0 0 0 0 0 0
180	6	0 1 1 0 1 1 0 0 1 1 0 0 0 0 1 0
180	11	1 0 1 1 1 1 0 1 0 1 0 0 0 0 0 0
180	26	0 0 0 1 1 1 0 0 1 1 0 0 0 0 0 0
180	2	1 0 0 0 1 1 0 0 1 0 0 0 0 1 0 0
180	22	1 1 1 1 1 1 0 0 0 1 0 0 0 0 0 0
180	1	0 1 0 1 0 1 0 0 1 1 0 0 0 0 0 0
180	14	0 0 1 1 1 1 1 0 1 1 0 0 0 0 0 0
180	5	0 0 0 1 1 1 0 1 1 1 0 0 0 0 1 0
180	1	0 0 1 0 1 0 0 0 1 1 0 0 1 0 0 0
180	14	0 1 1 1 1 1 0 0 1 1 0 0 1 0 0 0
180	3	1 0 1 1 1 1 0 0 1 1 0 1 1 0 0 0
180	7	1 1 1 1 0 1 0 0 1 1 0 0 0 0 0 0
180	2	0 0 0 1 0 1 0 0 1 1 0 0 0 0 0 0
180	1	1 1 1 0 1 1 0 1 1 1 0 0 0 1 0 0
180	2	1 1 1 0 1 1 0 0 0 1 0 0 0 1 0 0
180	1	0 0 0 1 1 1 0 0 1 1 0 0 0 1 0 0
180	5	0 1 1 1 1 1 0 1 0 1 0 0 0 0 0 0
180	3	1 0 0 1 1 0 0 1 0 1 0 1 0 0 0 0
180	1	1 1 0 1 1 1 0 1 1 1 0 0 0 0 0 0
180	7	0 0 1 1 1 1 0 1 1 1 0 1 0 0 0 0
180	1	0 1 1 1 1 0 0 0 1 1 0 0 0 0 0 0
180	2	1 0 0 0 0 1 1 1 1 1 0 1 0 0 0 0
180	2	1 1 1 0 0 1 0 0 1 1 1 1 0 0 0 0
180	1	1 1 1 1 1 1 0 1 1 1 0 0 0 0 0 0
180	6	0 1 1 1 1 1 0 0 1 1 1 0 0 0 0 0
180	3	1 1 1 0 0 1 0 1 1 1 0 0 0 1 0 0
180	4	0 1 1 1 1 1 1 0 1 1 0 0 1 0 0 0
180	1	0 0 0 0 1 1 1 0 1 1 0 0 0 0 0 0
180	1	0 0 1 1 1 0 1 0 1 1 0 1 0 0 0 0
180	1	1 0 0 1 1 1 0 0 1 1 0 0 0 1 0 0
180	2	0 0 1 1 1 0 0 0 1 1 1 0 0 0 0 0
180	3	1 1 0 0 1 1 0 0 1 1 0 0 0 0 0 0
180	3	1 1 1 0 1 0 0 0 0 1 0 0 0 0 0 0
180	1	0 0 0 1 1 1 1 0 1 1 0 0 0 0 0 0
180	1	1 0 0 1 1 1 0 1 1 1 1 0 0 0 0 0
180	1	0 0 1 0 1 0 0 0 1 0 0 0 0 0 0 0
180	4	1 0 0 1 0 1 0 0 1 1 0 0 0 0 0 0
180	3	1 1 1 1 1 1 0 1 0 1 0 0 0 0 0 0
180	1	0 1 1 1 1 1 0 1 1 1 1 0 0 0 0 0
180	3	0 1 1 0 1 1 0 0 1 1 0 0 0 1 0 0
180	2	1 0 1 1 1 1 0 0 1 1 0 0 0 0 0 0
180	1	1 0 1 1 1 1 0 0 0 1 0 1 0 0 0 0
180	1	0 1 1 1 1 1 0 0 1 1 0 0 0 0 1 0
180	1	1 1 1 1 1 1 0 0 0 1 0 0 0 1 0 0
180	1	1 1 1 0 1 1 0 0 0 0 0 0 0 0 0 0
180	1	1 0 0 0 1 1 1 0 1 1 0 0 0 0 1 0
180	1	0 0 0 1 0 0 0 1 1 1 0 0 0 0 0 0
180	2	0 0 1 0 1 1 0 0 1 1 0 0 0 0 1 0
180	3	1 0 1 1 1 1 0 1 0 0 0 0 0 0 0 0
180	1	1 1 1 0 1 1 0 1 1 1 1 0 0 1 0 0
200	10	1 1 1 0 1 1 0 0 1 1 0 0 0 1 0 0
200	2	0 0 0 1 1 1 0 1 1 1 0 0 0 0 0 0
200	17	0 0 0 0 1 1 0 1 1 1 0 1 0 0 0 0
200	23	0 1 1 1 1 1 0 1 1 1 0 0 0 1 0 0
200	16	0 0 1 1 1 0 0 0 1 1 0 0 0 0 0 0
200	10	0 1 1 1 1 1 0 1 1 1 0 1 0 0 0 0
200	8	0 1 0 1 0 1 0 1 1 1 0 0 0 1 0 0
200	32	1 1 1 0 1 1 0 0 1 1 0 0 0 0 0 0
200	8	1 1 1 0 1 1 0 0 1 0 0 0 0 1 0 0
200	6	1 0 1 1 1 1 0 0 0 1 0 0 0 0 0 0
200	27	1 1 1 0 1 1 0 1 1 1 0 1 0 0 0 0
200	29	0 1 1 1 1 1 0 0 1 1 0 0 0 1 0 0
200	36	0 1 1 1 1 1 0 1 1 1 0 0 0 0 0 0
200	107	0 1 1 1 1 1 0 0 1 1 0 0 0 0 0 0
200	2	1 1 0 0 1 1 0 0 0 1 0 0 0 0 0 0
200	11	1 0 1 0 1 1 0 1 1 1 0 1 0 0 0 0
200	21	0 0 1 1 1 0 1 0 1 1 0 0 0 0 0 0
200	17	1 1 1 0 1 1 0 0 0 1 0 0 0 0 0 0
200	29	1 1 1 1 1 1 0 0 1 1 0 0 0 1 0 0
200	17	1 1 1 1 1 0 0 0 1 1 0 0 0 0 0 0
200	12	1 1 1 0 0 1 0 0 1 1 0 0 0 1 0 0
200	10	1 1 1 0 1 1 1 0 1 1 0 0 0 1 0 0
200	35	1 1 1 1 1 1 0 0 1 1 0 0 0 0 0 0
200	27	0 1 1 1 1 1 0 0 0 1 0 0 0 0 0 0
200	7	0 1 1 0 1 1 0 0 1 1 0 0 0 0 1 0
200	52	1 1 1 1 1 1 0 0 0 1 0 0 0 0 0 0
200	6	0 0 1 1 1 1 1 0 1 1 0 0 0 0 0 0
200	21	0 1 1 1 1 1 0 0 1 1 0 0 1 0 0 0
200	8	1 1 1 1 0 1 0 0 1 1 0 0 0 0 0 0
200	2	0 0 1 1 1 1 0 1 1 1 0 1 0 0 0 0
200	16	0 1 1 1 1 1 0 0 1 1 1 0 0 0 0 0
200	8	0 0 0 1 1 1 1 0 1 1 0 0 0 0 0 0
200	6	1 1 1 1 1 1 0 1 0 1 0 0 0 0 0 0
200	13	0 1 1 1 1 1 0 1 1 1 1 0 0 0 0 0
200	8	1 0 1 1 1 1 0 1 0 0 0 0 0 0 0 0
200	11	1 1 1 1 1 1 0 0 1 1 0 1 0 0 0 0
200	4	0 0 0 1 1 1 1 1 1 1 0 0 0 0 0 0
200	18	0 0 0 1 1 1 0 1 1 0 0 0 0 0 0 0
200	1	0 1 1 1 1 1 0 0 1 1 0 0 0 1 0 1
200	11	0 1 0 1 0 1 0 1 1 1 0 0 0 0 0 0
200	4	1 1 1 0 1 0 0 0 1 1 0 0 0 0 0 0
200	18	1 1 1 0 0 1 0 0 1 0 0 0 0 1 0 0
200	6	1 1 1 0 1 1 0 1 1 1 0 0 0 0 0 0
200	2	1 0 1 0 1 0 0 1 1 1 0 1 0 0 0 0
200	3	1 0 1 1 1 1 0 0 0 0 0 0 0 0 0 0
200	3	0 1 1 1 1 1 0 1 1 1 0 1 0 1 0 0
200	8	1 1 0 0 1 1 0 0 0 1 0 0 0 0 0 1
200	2	1 1 1 0 1 1 0 0 1 0 0 0 0 0 0 0
200	8	1 1 1 1 0 1 0 0 1 1 0 1 0 0 0 0
200	8	0 0 0 1 1 1 0 1 1 0 0 1 0 0 0 0
200	15	0 0 1 1 1 1 0 0 0 1 0 0 0 0 0 0
200	20	1 0 1 0 1 1 0 1 1 1 0 0 0 0 0 0
200	11	1 0 0 1 1 1 0 1 1 0 0 0 0 0 0 0
200	14	0 0 0 0 1 1 0 1 1 1 0 1 0 1 0 0
200	1	0 1 0 0 1 1 0 0 0 1 0 0 0 0 0 0
200	6	0 1 1 1 1 1 0 1 1 1 0 0 1 1 0 0
200	5	0 0 1 1 1 0 0 0 1 1 1 0 0 0 0 0
200	2	0 0 0 1 1 1 0 1 1 1 0 0 1 1 0 0
200	4	1 0 1 1 1 1 0 0 0 1 0 1 0 1 0 0
200	8	0 0 1 1 1 0 1 0 1 1 0 1 0 0 0 0
200	17	0 1 1 1 1 0 0 0 1 1 0 0 0 0 0 0
200	6	1 1 1 1 0 1 0 0 1 0 0 0 0 1 0 0
200	1	0 1 0 1 1 1 0 1 1 1 0 1 0 0 0 0
200	2	1 1 1 0 1 1 0 1 1 0 0 1 0 0 0 0
200	4	0 0 1 0 1 1 0 1 1 1 0 1 0 0 0 0
200	2	0 1 0 1 0 1 0 0 1 1 0 0 0 1 0 0
200	5	0 0 1 1 1 0 1 0 1 1 0 0 0 1 0 0
200	6	1 0 1 1 1 1 0 0 1 1 0 0 0 1 0 0
200	1	0 1 1 1 1 1 0 0 1 1 0 0 1 0 1 0
200	3	0 1 1 1 1 1 0 0 1 1 1 0 0 0 1 0
200	2	0 0 0 1 1 1 0 0 0 1 0 1 0 0 0 0
200	4	0 1 1 0 1 1 0 0 1 1 0 0 0 0 0 0
200	6	0 1 1 1 1 1 1 1 1 1 0 0 0 1 0 0
200	1	1 1 1 0 1 1 0 1 1 1 0 1 0 1 0 0
200	11	0 1 1 1 1 1 0 0 0 1 0 0 1 0 0 0
200	7	0 1 1 1 1 1 1 1 1 1 1 0 0 0 0 0
200	4	1 0 1 1 1 1 0 0 0 1 0 1 1 1 0 0
200	2	1 1 1 0 0 1 0 0 1 0 0 0 0 0 0 0
200	1	1 1 1 0 0 1 0 0 1 1 0 0 0 0 0 0
200	4	1 1 1 1 1 1 0 0 1 1 0 0 1 0 0 0
200	2	0 1 1 1 0 1 0 0 1 1 0 1 0 0 0 0
200	3	1 1 1 1 1 1 0 1 1 1 0 1 0 0 0 0
200	2	1 1 1 1 0 1 0 1 1 1 0 1 0 0 0 0
200	2	0 0 1 1 1 1 0 0 1 1 0 0 0 1 0 0
200	3	1 0 1 0 1 1 0 1 0 1 0 1 0 0 0 0
200	2	1 1 1 1 1 1 0 1 0 0 0 0 0 0 0 0
200	3	1 0 1 1 1 1 0 1 0 0 0 0 0 0 0 1
200	3	0 0 0 0 1 1 0 1 1 0 0 0 0 0 0 0
200	9	0 1 1 1 0 1 0 0 1 1 0 0 0 1 0 0
200	2	0 1 1 1 1 0 0 0 1 1 1 0 0 0 0 0
200	2	0 1 1 1 1 1 0 0 1 1 0 1 0 0 0 0
200	3	1 0 1 1 1 0 1 0 1 1 0 0 0 1 0 0
200	1	0 0 0 1 1 1 1 1 1 1 0 0 0 1 0 0
200	4	0 0 1 1 1 1 0 1 1 0 0 0 0 0 0 0
200	1	0 1 1 1 1 1 1 0 1 1 0 0 0 0 0 0
200	1	1 1 1 1 1 1 0 0 1 1 0 1 0 1 0 0
200	2	1 1 1 1 1 1 0 0 0 1 0 0 0 0 1 0
200	7	0 0 1 0 1 1 0 0 0 1 0 0 0 0 0 0
200	2	1 0 1 1 1 1 0 0 1 1 0 1 0 1 0 0
200	1	0 0 1 1 1 0 0 0 1 1 0 1 0 0 0 0
200	1	1 0 1 1 1 1 0 1 1 1 0 1 0 0 0 0
200	2	1 0 1 1 1 0 1 0 1 1 0 0 0 0 0 0
200	1	0 0 0 1 1 0 0 0 1 1 0 0 0 0 0 0
220	25	1 1 1 0 1 1 0 0 1 1 0 0 0 1 0 0
220	2	0 0 0 0 1 1 0 1 1 1 0 1 0 0 0 0
220	1	0 1 1 1 1 1 0 1 1 1 0 0 0 1 0 0
220	4	0 0 1 1 1 0 0 0 1 1 0 0 0 0 0 0
220	4	0 1 1 1 1 1 0 1 1 1 0 1 0 0 0 0
220	27	1 1 1 0 1 1 0 0 1 1 0 0 0 0 0 0
220	17	1 0 1 1 1 1 0 0 0 1 0 0 0 0 0 0
220	12	1 1 1 0 1 1 0 1 1 1 0 1 0 0 0 0
220	3	0 1 1 1 1 1 0 0 1 1 0 0 0 1 0 0
220	20	0 1 1 1 1 1 0 1 1 1 0 0 0 0 0 0
220	68	0 1 1 1 1 1 0 0 1 1 0 0 0 0 0 0
220	12	1 0 1 0 1 1 0 1 1 1 0 1 0 0 0 0
220	5	1 1 1 0 1 1 0 0 0 1 0 0 0 0 0 0
220	37	1 1 1 1 1 1 0 0 1 1 0 0 0 1 0 0
220	56	1 1 1 1 1 0 0 0 1 1 0 0 0 0 0 0
220	7	1 1 1 0 1 1 1 0 1 1 0 0 0 1 0 0
220	29	1 1 1 1 1 1 0 0 1 1 0 0 0 0 0 0
220	27	0 1 1 1 1 1 0 0 0 1 0 0 0 0 0 0
220	164	1 1 1 1 1 1 0 0 0 1 0 0 0 0 0 0
220	9	0 0 1 1 1 1 1 0 1 1 0 0 0 0 0 0
220	11	0 1 1 1 1 1 0 0 1 1 0 0 1 0 0 0
220	12	0 1 1 1 1 1 0 0 1 1 1 0 0 0 0 0
220	2	0 0 0 1 1 1 1 0 1 1 0 0 0 0 0 0
220	2	1 0 1 1 1 1 0 1 0 0 0 0 0 0 0 0
220	15	0 0 0 1 1 1 0 1 1 0 0 0 0 0 0 0
220	15	1 1 1 0 0 1 0 0 1 0 0 0 0 1 0 0
220	4	1 0 1 0 1 0 0 1 1 1 0 1 0 0 0 0
220	1	1 1 1 1 0 1 0 0 1 1 0 1 0 0 0 0
220	3	0 0 1 1 1 1 0 0 0 1 0 0 0 0 0 0
220	4	1 0 1 0 1 1 0 1 1 1 0 0 0 0 0 0
220	15	0 1 1 1 1 0 0 0 1 1 0 0 0 0 0 0
220	1	0 0 1 0 1 1 0 1 1 1 0 1 0 0 0 0
220	4	0 0 1 1 1 0 1 0 1 1 0 0 0 1 0 0
220	4	0 1 1 0 1 1 0 0 1 1 0 0 0 0 0 0
220	31	0 1 1 1 1 1 0 0 0 1 0 0 1 0 0 0
220	15	1 0 1 1 1 1 0 0 0 1 0 1 1 1 0 0
220	14	1 1 1 1 0 1 0 1 1 1 0 1 0 0 0 0
220	13	1 0 1 0 1 1 0 1 0 1 0 1 0 0 0 0
220	3	0 0 1 1 1 0 0 0 1 1 0 1 0 0 0 0
220	1	1 0 1 1 1 0 1 0 1 1 0 0 0 0 0 0
220	14	0 1 1 1 1 0 0 1 1 1 0 0 0 0 0 0
220	6	1 1 1 0 1 1 0 0 1 1 0 1 0 0 0 0
220	18	0 1 0 1 1 1 0 0 1 1 0 0 0 0 0 0
220	16	1 1 1 1 1 0 0 0 0 1 0 0 0 0 0 0
220	7	1 1 1 1 0 1 0 0 0 1 0 0 0 0 0 0
220	10	0 1 1 1 1 1 0 0 1 1 0 1 0 0 0 0
220	5	1 1 1 0 1 1 0 0 0 1 0 0 0 0 0 1
220	2	1 1 1 1 1 1 0 1 1 1 0 0 0 0 0 0
220	10	0 0 1 1 1 1 0 1 1 1 0 0 0 0 0 0
220	21	0 1 1 1 1 1 0 0 1 0 0 0 0 0 0 0
220	3	0 1 1 1 1 0 0 0 1 1 0 1 0 0 0 0
220	1	1 1 1 1 1 1 0 0 0 1 0 1 1 1 0 0
220	9	1 0 1 1 1 1 0 0 1 1 0 0 0 0 0 0
220	18	0 0 1 1 1 0 0 0 1 0 0 0 0 0 0 0
220	6	0 0 1 1 1 0 0 0 1 1 0 0 1 0 0 0
220	7	0 1 1 1 1 1 1 0 1 1 0 0 0 0 0 0
220	2	0 1 1 1 1 1 0 0 1 1 0 0 0 0 0 1
220	9	1 1 1 1 1 0 0 0 1 1 0 0 0 1 0 0
220	14	1 1 1 1 0 1 0 0 1 1 0 0 0 1 0 0
220	6	1 1 1 0 1 1 1 0 1 1 0 0 0 1 0 1
220	5	0 0 1 0 1 1 0 1 1 1 0 0 0 0 0 0
220	15	0 1 1 1 1 1 0 0 1 0 0 0 0 1 0 0
220	1	0 1 1 1 1 1 0 0 1 1 0 0 0 0 1 0
220	1	1 1 1 1 1 1 0 0 1 1 0 0 0 0 1 0
220	1	1 1 1 1 1 1 0 1 0 1 0 0 0 0 0 0
220	3	1 1 1 0 1 1 1 0 1 1 0 0 0 0 0 0
220	3	0 1 1 1 1 0 0 1 1 1 0 1 0 0 0 0
220	2	0 1 1 0 1 1 0 0 1 1 0 0 0 0 1 0
220	2	1 0 1 1 1 1 0 0 0 1 0 0 0 0 0 1
220	6	1 0 1 0 1 0 0 1 0 1 0 1 0 0 0 0
220	9	0 0 0 1 0 1 0 0 1 1 0 1 0 0 0 0
220	13	1 1 1 0 1 1 1 0 1 1 0 0 0 1 1 0
220	4	1 1 0 1 1 1 0 0 0 1 0 0 0 0 0 0
220	4	0 1 1 1 1 1 1 0 1 0 0 0 0 1 0 0
220	1	1 1 1 0 1 1 0 0 1 0 0 0 0 0 0 0
220	1	0 1 1 1 1 1 0 0 0 1 0 1 0 0 0 0
220	3	0 0 0 1 0 1 0 0 0 1 0 0 0 0 0 0
220	2	1 1 1 0 1 1 1 0 1 0 0 0 0 1 0 0
220	1	0 1 0 1 1 0 0 0 1 1 0 0 0 0 0 0
220	1	0 0 1 1 1 0 0 0 0 1 0 0 0 0 0 0
220	1	1 1 1 0 1 1 0 0 0 1 0 0 0 1 0 0
220	5	1 1 1 0 1 1 0 0 1 1 0 1 0 1 0 0
220	2	1 1 1 1 1 1 0 0 0 1 0 1 0 0 0 0
220	1	0 0 1 1 1 1 0 1 1 0 0 0 0 0 0 0
220	2	1 1 1 1 0 1 0 0 1 1 0 1 1 0 0 0
220	1	0 0 1 1 1 0 0 0 1 1 0 0 0 1 0 0
220	3	0 0 1 1 1 0 1 0 1 0 0 0 0 1 0 0
220	3	0 1 1 1 1 1 0 0 0 1 0 0 1 1 0 0
220	1	1 0 1 1 1 1 0 0 1 1 0 0 0 0 1 0
220	6	1 1 1 1 1 1 0 1 0 1 0 0 0 1 0 0
220	1	1 1 1 0 1 1 0 0 1 1 1 0 0 0 0 0
220	2	1 1 1 1 1 1 0 1 1 1 0 1 0 0 0 0
220	1	0 1 1 0 1 1 1 0 1 1 0 0 0 1 0 0
220	4	0 1 1 1 1 1 0 1 1 1 0 0 0 0 1 0
220	1	1 1 1 1 1 1 0 0 0 1 0 0 0 0 1 0
220	1	0 0 0 1 1 1 0 1 1 0 0 0 0 0 0 1
220	1	0 0 0 1 1 1 0 1 1 0 0 0 0 0 1 0
220	2	0 0 0 1 1 1 0 1 1 0 0 0 1 0 0 0
220	1	1 1 1 1 1 0 0 0 0 1 0 0 0 1 0 0
240	3	1 1 1 0 1 1 0 0 1 1 0 0 0 1 0 0
240	11	1 0 1 1 1 1 0 0 0 1 0 0 0 0 0 0
240	17	1 1 1 0 1 1 0 1 1 1 0 1 0 0 0 0
240	34	0 1 1 1 1 1 0 1 1 1 0 0 0 0 0 0
240	22	0 1 1 1 1 1 0 0 1 1 0 0 0 0 0 0
240	30	1 1 1 0 1 1 0 0 0 1 0 0 0 0 0 0
240	29	1 1 1 1 1 0 0 0 1 1 0 0 0 0 0 0
240	4	1 1 1 0 1 1 1 0 1 1 0 0 0 1 0 0
240	11	1 1 1 1 1 1 0 0 1 1 0 0 0 0 0 0
240	65	0 1 1 1 1 1 0 0 0 1 0 0 0 0 0 0
240	251	1 1 1 1 1 1 0 0 0 1 0 0 0 0 0 0
240	1	0 1 1 1 1 1 0 0 1 1 0 0 1 0 0 0
240	8	0 1 1 1 1 1 0 0 1 1 1 0 0 0 0 0
240	9	0 0 0 1 1 1 0 1 1 0 0 0 0 0 0 0
240	1	1 1 1 0 0 1 0 0 1 0 0 0 0 1 0 0
240	20	0 1 1 1 1 0 0 0 1 1 0 0 0 0 0 0
240	3	0 1 1 0 1 1 0 0 1 1 0 0 0 0 0 0
240	58	0 1 1 1 1 1 0 0 0 1 0 0 1 0 0 0
240	18	1 1 1 1 0 1 0 1 1 1 0 1 0 0 0 0
240	1	1 0 1 0 1 1 0 1 0 1 0 1 0 0 0 0
240	19	0 1 1 1 1 0 0 1 1 1 0 0 0 0 0 0
240	2	0 1 0 1 1 1 0 0 1 1 0 0 0 0 0 0
240	53	1 1 1 1 1 0 0 0 0 1 0 0 0 0 0 0
240	5	1 1 1 1 0 1 0 0 0 1 0 0 0 0 0 0
240	5	0 0 1 1 1 1 0 1 1 1 0 0 0 0 0 0
240	3	0 1 1 1 1 1 0 0 1 0 0 0 0 0 0 0
240	10	0 0 1 1 1 0 0 0 1 0 0 0 0 0 0 0
240	2	1 1 1 1 1 0 0 0 1 1 0 0 0 1 0 0
240	3	1 1 1 1 0 1 0 0 1 1 0 0 0 1 0 0
240	6	0 1 1 1 1 1 0 0 1 0 0 0 0 1 0 0
240	6	0 1 1 1 1 1 0 0 1 1 0 0 0 0 1 0
240	10	1 1 1 1 1 1 0 0 1 1 0 0 0 0 1 0
240	1	0 1 1 0 1 1 0 0 1 1 0 0 0 0 1 0
240	15	0 0 0 1 0 1 0 0 1 1 0 1 0 0 0 0
240	6	0 1 0 1 1 0 0 0 1 1 0 0 0 0 0 0
240	2	1 1 1 0 1 1 0 0 1 1 0 1 0 1 0 0
240	9	0 1 1 1 1 1 0 0 0 1 0 0 1 1 0 0
240	10	1 0 1 1 1 1 0 0 1 1 0 0 0 0 1 0
240	20	1 1 1 1 1 0 0 1 1 1 0 0 0 0 0 0
240	13	0 1 1 1 1 1 0 1 1 1 0 1 0 0 1 0
240	3	1 0 1 1 1 1 0 0 0 1 0 0 1 0 0 0
240	10	1 1 1 0 1 0 0 0 1 1 0 0 0 0 0 0
240	2	0 1 0 1 1 1 0 1 1 1 0 0 0 0 0 0
240	5	0 1 1 1 1 1 0 0 1 1 0 1 0 1 0 0
240	6	1 1 1 1 0 1 0 1 1 0 0 0 0 1 0 0
240	5	1 1 1 0 1 1 0 1 1 1 0 1 0 0 0 1
240	5	1 1 0 1 0 1 0 0 1 1 0 1 1 0 0 0
240	4	0 1 1 1 1 1 0 0 0 1 1 0 0 0 0 0
240	2	0 1 0 1 1 1 0 0 0 1 0 0 1 0 0 0
240	2	0 1 1 1 1 1 1 0 1 0 0 1 0 1 0 0
240	2	0 1 1 1 0 1 0 0 1 1 0 1 1 0 0 0
240	7	1 1 1 1 1 1 0 1 0 1 0 0 0 0 0 0
240	1	1 1 1 1 1 1 0 0 0 1 0 0 0 0 0 1
240	3	0 1 1 0 1 1 0 1 1 1 0 1 0 0 0 1
240	7	1 0 1 1 1 1 0 0 0 1 0 1 0 0 0 0
240	2	1 1 1 1 0 1 0 1 1 0 0 1 0 0 0 0
240	5	0 1 1 1 1 0 0 0 1 0 0 0 0 0 0 0
240	6	0 1 1 1 1 1 0 1 1 0 0 0 0 1 0 0
240	14	0 1 1 1 0 1 0 1 1 1 0 0 0 0 0 0
240	14	1 1 1 1 1 1 0 1 1 1 0 1 0 0 0 0
240	8	1 0 1 1 1 1 1 0 1 1 0 0 0 0 1 0
240	4	0 1 1 1 1 1 0 0 0 1 0 0 0 1 0 0
240	4	1 1 1 1 1 1 1 0 1 1 0 0 0 0 0 0
240	3	0 1 1 1 1 1 0 0 1 1 0 0 0 1 1 0
240	3	1 1 1 0 1 1 0 1 0 1 0 1 0 0 0 0
240	1	1 1 1 1 1 1 0 0 0 1 0 1 0 0 0 0
240	3	0 1 1 1 1 1 0 0 0 1 0 0 1 0 1 0
240	8	1 1 1 0 1 1 1 0 1 1 0 0 0 0 0 0
240	7	0 1 1 1 0 1 0 0 0 1 0 0 0 0 0 0
240	1	1 1 1 1 1 1 0 0 0 1 0 0 0 0 1 0
240	2	1 1 1 1 1 1 0 0 0 1 0 0 1 0 0 0
240	1	0 1 0 1 1 1 0 0 1 0 0 0 0 0 0 0
240	6	1 1 1 1 1 0 0 0 1 0 0 0 0 0 0 0
240	2	1 0 1 1 0 1 0 0 1 1 1 0 0 1 0 0
240	1	1 1 1 0 0 0 0 0 0 1 0 0 0 0 0 1
240	2	1 1 1 1 1 0 0 1 1 1 0 0 1 0 0 0
240	6	1 1 0 1 1 1 0 0 1 1 0 0 0 0 0 0
240	1	1 1 1 1 1 0 0 0 0 1 0 0 1 1 0 0
240	2	1 1 1 1 1 1 0 0 0 1 1 0 0 0 0 0
240	3	0 1 1 1 1 1 0 0 0 0 0 0 1 0 0 0
240	3	0 0 1 1 1 0 1 0 1 0 0 0 0 0 0 0
240	4	0 1 1 1 1 0 0 0 1 1 0 0 0 1 0 0
240	2	1 1 1 1 0 1 0 1 1 1 0 0 0 0 0 0
240	3	1 0 1 1 1 1 0 0 0 1 0 0 0 0 0 1
240	1	0 0 0 1 1 1 1 1 1 0 0 0 0 0 0 0
240	2	0 0 1 1 1 0 0 0 1 1 0 0 0 0 0 0
240	2	1 1 1 1 1 1 0 1 1 1 0 0 0 0 0 0
240	1	1 1 1 0 1 1 0 0 0 1 0 0 0 0 0 1
240	2	0 1 1 1 1 1 0 1 0 1 0 0 0 0 0 0
240	2	0 1 1 1 1 1 0 1 1 1 0 1 0 0 0 0
240	2	1 0 1 0 1 1 0 1 1 1 0 1 0 0 0 0
240	2	1 1 1 1 1 1 1 0 0 1 0 0 0 0 0 0
240	2	1 1 1 1 0 1 0 1 1 1 1 1 0 0 0 0
240	1	0 1 0 1 0 1 0 1 1 1 0 0 0 0 0 0
240	2	0 0 1 1 1 0 1 0 1 0 1 0 0 0 0 0
260	7	1 0 1 1 1 1 0 0 0 1 0 0 0 0 0 0
260	22	0 1 1 1 1 1 0 1 1 1 0 0 0 0 0 0
260	65	1 1 1 0 1 1 0 0 0 1 0 0 0 0 0 0
260	56	1 1 1 1 1 0 0 0 1 1 0 0 0 0 0 0
260	8	1 1 1 0 1 1 1 0 1 1 0 0 0 1 0 0
260	49	1 1 1 1 1 1 0 0 1 1 0 0 0 0 0 0
260	56	0 1 1 1 1 1 0 0 0 1 0 0 0 0 0 0
260	254	1 1 1 1 1 1 0 0 0 1 0 0 0 0 0 0
260	25	0 1 1 1 1 1 0 0 0 1 0 0 1 0 0 0
260	27	1 1 1 1 0 1 0 1 1 1 0 1 0 0 0 0
260	12	0 1 1 1 1 0 0 1 1 1 0 0 0 0 0 0
260	30	1 1 1 1 1 0 0 0 0 1 0 0 0 0 0 0
260	3	1 1 1 1 0 1 0 0 0 1 0 0 0 0 0 0
260	2	0 1 1 1 1 1 0 0 1 0 0 0 0 1 0 0
260	2	1 1 1 1 1 1 0 0 1 1 0 0 0 0 1 0
260	21	0 0 0 1 0 1 0 0 1 1 0 1 0 0 0 0
260	13	0 1 1 1 1 1 0 1 1 1 0 1 0 0 1 0
260	12	1 0 1 1 1 1 0 0 0 1 0 0 1 0 0 0
260	7	1 1 1 0 1 0 0 0 1 1 0 0 0 0 0 0
260	3	1 1 1 1 1 1 0 1 0 1 0 0 0 0 0 0
260	15	0 1 1 1 0 1 0 1 1 1 0 0 0 0 0 0
260	7	0 1 1 1 1 1 0 0 0 1 0 0 0 1 0 0
260	8	0 1 1 1 1 1 0 0 1 1 0 0 0 1 1 0
260	5	0 1 1 1 1 1 0 0 0 1 0 0 1 0 1 0
260	8	0 1 1 1 0 1 0 0 0 1 0 0 0 0 0 0
260	6	1 1 1 1 1 0 0 1 1 1 0 0 1 0 0 0
260	9	0 1 1 1 1 1 0 1 0 1 0 0 0 0 0 0
260	12	0 1 1 1 1 1 0 1 1 1 0 1 0 0 0 0
260	8	0 0 1 1 1 0 1 0 1 0 1 0 0 0 0 0
260	11	1 1 1 0 1 1 0 0 0 1 0 0 0 0 1 0
260	9	0 1 1 0 1 0 0 0 1 1 0 0 0 0 0 0
260	3	1 0 1 1 1 0 0 0 0 1 0 0 0 0 0 0
260	14	1 1 1 1 1 0 0 0 1 1 1 0 0 0 0 0
260	15	1 1 0 1 1 0 0 1 1 1 0 0 0 0 0 0
260	2	1 1 1 1 1 0 0 0 0 1 0 0 1 0 0 0
260	15	1 1 1 1 1 1 1 0 0 0 0 0 0 0 0 0
260	13	1 0 1 1 1 0 0 1 1 1 0 0 0 0 0 0
260	4	0 1 1 0 1 1 0 0 0 1 0 0 0 0 0 0
260	9	1 1 1 1 1 0 0 1 1 1 0 1 0 0 0 0
260	10	1 0 1 1 1 1 0 0 0 1 0 0 0 0 1 0
260	2	0 1 1 1 1 0 0 1 1 1 0 0 0 1 0 0
260	19	1 0 1 1 1 1 0 0 0 1 1 1 0 0 0 0
260	2	1 1 1 0 1 1 1 0 0 1 0 0 0 0 1 0
260	31	1 1 1 1 1 1 0 0 0 1 0 1 0 0 0 0
260	2	1 0 1 1 1 0 1 0 1 1 0 0 0 0 1 0
260	4	1 1 1 1 1 0 0 1 1 1 0 0 0 0 0 0
260	4	1 1 1 1 1 1 0 0 1 0 0 0 0 0 0 0
260	3	1 1 1 0 1 1 0 1 1 1 0 0 0 0 0 0
260	5	1 0 1 1 1 1 0 0 0 0 0 0 0 0 0 0
260	1	1 1 1 0 0 1 0 0 0 1 0 0 0 0 0 0
260	4	1 1 1 0 1 1 0 0 1 1 0 0 0 0 1 0
260	3	0 1 1 1 1 1 1 0 1 1 0 0 0 0 0 0
260	1	1 1 1 1 1 1 0 0 1 1 0 0 1 0 0 0
260	2	1 1 1 1 0 0 0 1 1 1 0 1 0 0 0 0
260	4	1 1 1 1 1 0 0 0 0 1 1 0 0 0 0 0
260	2	0 1 1 1 1 1 0 0 0 1 0 0 1 1 0 0
260	7	1 1 1 1 1 0 0 1 1 1 0 0 0 1 0 0
260	1	1 1 0 1 1 0 0 1 1 1 0 1 0 0 0 0
260	2	0 1 1 1 1 1 0 0 0 1 1 1 0 0 0 0
260	6	1 1 1 1 1 1 0 0 0 0 0 0 0 0 0 0
260	10	1 1 1 1 1 1 1 0 1 0 0 0 0 0 0 0
260	1	0 1 1 1 0 1 0 1 1 1 0 1 0 0 0 0
260	1	0 1 1 1 1 1 0 1 1 1 0 0 1 0 0 0
260	3	1 1 1 1 1 1 0 0 1 1 0 0 0 1 0 0
260	3	1 1 1 1 1 1 1 0 0 1 0 0 0 0 0 0
260	2	0 1 1 1 0 1 0 0 0 1 0 0 1 0 0 0
260	3	0 1 1 0 1 0 0 0 1 1 0 0 1 0 0 0
260	1	1 1 1 1 1 1 0 0 0 1 0 1 1 0 0 0
260	2	0 1 1 1 1 1 0 0 1 0 0 0 0 0 0 0
260	2	1 0 1 1 1 0 0 1 0 1 0 0 0 0 0 0
260	1	0 1 1 1 1 1 0 1 1 0 0 0 0 0 0 0
260	1	1 1 1 1 1 0 0 0 1 1 0 0 0 0 0 1
260	2	1 1 0 1 1 0 0 1 1 1 0 0 1 0 0 0
260	1	1 1 1 1 1 0 0 0 0 1 0 1 0 0 0 0
260	2	0 1 1 1 1 0 0 0 1 1 0 0 0 0 0 0
260	1	1 1 1 0 1 1 0 1 0 1 0 0 0 0 0 0
260	2	1 0 1 1 1 1 1 0 0 1 0 0 1 0 0 0
280	16	1 0 1 1 1 1 0 0 0 1 0 0 0 0 0 0
280	36	0 1 1 1 1 1 0 1 1 1 0 0 0 0 0 0
280	39	1 1 1 0 1 1 0 0 0 1 0 0 0 0 0 0
280	44	1 1 1 1 1 0 0 0 1 1 0 0 0 0 0 0
280	63	1 1 1 1 1 1 0 0 1 1 0 0 0 0 0 0
280	79	0 1 1 1 1 1 0 0 0 1 0 0 0 0 0 0
280	248	1 1 1 1 1 1 0 0 0 1 0 0 0 0 0 0
280	7	1 1 1 1 1 0 0 0 0 1 0 0 0 0 0 0
280	5	1 1 1 1 1 1 0 1 0 1 0 0 0 0 0 0
280	4	0 1 1 1 0 1 0 1 1 1 0 0 0 0 0 0
280	6	0 1 1 1 1 1 0 0 0 1 0 0 0 1 0 0
280	7	1 1 1 1 1 0 0 1 1 1 0 0 1 0 0 0
280	9	0 1 1 1 1 1 0 1 0 1 0 0 0 0 0 0
280	3	0 1 1 1 1 1 0 1 1 1 0 1 0 0 0 0
280	9	1 1 1 0 1 1 0 0 0 1 0 0 0 0 1 0
280	11	0 1 1 0 1 0 0 0 1 1 0 0 0 0 0 0
280	7	1 1 1 1 1 0 0 0 1 1 1 0 0 0 0 0
280	17	1 1 0 1 1 0 0 1 1 1 0 0 0 0 0 0
280	4	1 0 1 1 1 0 0 1 1 1 0 0 0 0 0 0
280	18	1 0 1 1 1 1 0 0 0 1 0 0 0 0 1 0
280	38	1 1 1 1 1 1 0 0 0 1 0 1 0 0 0 0
280	6	1 1 1 1 1 1 0 0 1 0 0 0 0 0 0 0
280	2	1 1 1 0 0 1 0 0 0 1 0 0 0 0 0 0
280	4	0 1 1 1 1 1 1 0 1 1 0 0 0 0 0 0
280	23	1 1 1 1 1 1 0 0 0 0 0 0 0 0 0 0
280	2	1 1 1 1 1 1 1 0 1 0 0 0 0 0 0 0
280	9	1 1 1 1 1 1 0 0 1 1 0 0 0 1 0 0
280	5	1 1 1 1 1 1 1 0 0 1 0 0 0 0 0 0
280	6	1 0 1 1 1 0 0 1 0 1 0 0 0 0 0 0
280	10	0 1 1 1 1 0 0 0 1 1 0 0 0 0 0 0
280	23	1 1 1 1 1 0 0 0 1 1 0 1 0 0 0 0
280	11	1 1 1 1 1 1 0 0 0 1 0 0 1 0 0 0
280	1	1 0 1 1 1 0 0 0 0 1 0 0 1 0 0 0
280	5	1 1 1 1 1 1 0 0 0 1 0 0 0 1 0 0
280	14	1 0 1 1 1 1 0 0 0 0 1 1 0 0 0 0
280	2	1 1 1 0 1 1 1 0 1 1 0 1 0 1 0 0
280	12	1 1 1 0 1 1 0 0 0 1 0 0 0 0 0 1
280	6	0 1 1 1 1 0 0 0 0 1 0 0 0 0 0 0
280	8	1 1 1 1 1 1 0 0 0 1 1 1 0 0 0 0
280	3	1 1 1 1 1 1 1 0 1 1 0 0 0 0 0 0
280	2	0 1 1 1 1 1 0 0 0 1 0 1 0 0 0 0
280	3	0 0 0 1 0 1 0 0 0 1 0 1 0 0 0 0
280	8	0 1 1 1 1 1 0 1 0 1 0 0 0 0 0 1
280	4	0 0 1 1 1 1 0 0 0 1 0 0 1 0 0 0
280	17	1 1 1 0 1 1 0 1 1 1 0 1 0 0 0 0
280	2	1 0 1 1 1 1 0 1 1 1 0 1 0 0 1 0
280	8	0 1 1 1 1 1 0 0 0 0 1 1 0 0 0 0
280	11	1 1 1 1 1 0 0 1 1 1 0 0 0 0 0 0
280	7	1 0 1 1 0 0 0 0 0 1 0 0 1 0 0 0
280	7	0 1 1 0 1 0 1 0 0 1 0 0 1 0 0 0
280	6	1 1 1 1 1 0 1 0 1 1 0 0 0 1 0 0
280	3	1 1 1 1 1 1 0 0 1 1 0 0 1 0 0 0
280	2	1 1 0 1 1 0 0 1 0 1 0 0 0 0 0 0
280	3	1 1 1 1 1 1 0 0 0 1 1 1 1 0 0 0
280	11	0 1 1 1 1 0 0 1 1 1 0 0 0 0 0 0
280	1	1 1 1 0 1 1 0 0 0 1 1 0 0 0 0 1
280	2	1 1 1 1 0 0 0 0 1 1 0 0 0 0 0 0
280	1	1 1 1 0 1 1 0 0 0 1 0 0 0 1 0 0
280	2	1 0 1 1 1 0 0 0 0 1 0 0 0 0 0 0
280	1	1 1 0 0 1 1 0 0 0 1 0 0 0 0 0 0
280	7	1 1 1 1 1 1 1 0 1 0 0 1 0 0 0 0
280	7	0 1 0 1 1 0 0 1 0 1 0 0 0 0 0 0
280	5	1 1 1 1 1 0 0 0 1 0 1 1 0 0 0 0
280	3	1 1 1 1 1 1 0 0 0 1 0 0 0 0 0 1
280	3	0 1 1 1 0 1 0 1 1 1 1 0 0 0 0 0
280	5	1 1 1 1 1 1 0 1 1 1 0 0 1 0 0 0
280	3	0 1 1 1 1 1 0 0 0 0 0 0 0 0 0 0
280	4	1 0 1 1 1 1 1 0 1 0 0 0 0 0 0 0
280	3	1 0 1 1 1 0 0 0 1 1 0 0 1 0 0 0
280	2	1 1 1 1 0 1 0 0 0 1 1 0 0 0 0 1
280	2	1 1 0 1 1 1 0 0 0 1 0 0 0 0 0 0
280	1	1 0 1 1 0 1 0 0 0 1 0 0 0 0 0 0
280	2	0 1 1 0 1 1 0 0 0 1 0 0 0 0 0 0
280	1	1 1 1 1 1 0 0 0 1 1 0 0 1 0 0 0
280	2	1 1 1 1 1 0 0 0 1 0 0 0 0 0 0 0
280	1	0 1 1 1 1 1 1 0 0 1 0 0 0 0 0 0
280	8	1 1 1 1 0 1 0 0 0 1 0 0 0 0 0 0
280	7	1 1 1 1 1 0 0 0 0 0 0 0 0 0 0 0
280	1	0 1 1 1 1 1 0 0 1 1 0 0 0 0 0 0
280	3	1 1 1 0 1 1 0 1 1 1 0 1 0 0 0 1
280	2	0 1 1 1 1 1 0 1 1 1 0 0 0 0 1 0
280	1	1 1 1 0 1 1 0 0 0 1 0 0 0 0 1 1
280	1	1 0 0 1 1 0 0 1 1 1 0 0 0 0 0 0
280	1	1 0 1 1 1 0 0 1 1 1 0 0 0 1 0 0
280	2	0 1 1 1 0 0 0 0 1 1 0 0 0 0 0 0
300	6	1 0 1 1 1 1 0 0 0 1 0 0 0 0 0 0
300	31	0 1 1 1 1 1 0 1 1 1 0 0 0 0 0 0
300	5	1 1 1 0 1 1 0 0 0 1 0 0 0 0 0 0
300	40	1 1 1 1 1 0 0 0 1 1 0 0 0 0 0 0
300	49	1 1 1 1 1 1 0 0 1 1 0 0 0 0 0 0
300	27	0 1 1 1 1 1 0 0 0 1 0 0 0 0 0 0
300	318	1 1 1 1 1 1 0 0 0 1 0 0 0 0 0 0
300	17	1 1 1 1 1 0 0 0 0 1 0 0 0 0 0 0
300	22	0 1 1 1 1 1 0 1 0 1 0 0 0 0 0 0
300	12	0 1 1 0 1 0 0 0 1 1 0 0 0 0 0 0
300	11	1 1 0 1 1 0 0 1 1 1 0 0 0 0 0 0
300	46	1 1 1 1 1 1 0 0 0 1 0 1 0 0 0 0
300	8	1 1 1 0 0 1 0 0 0 1 0 0 0 0 0 0
300	12	0 1 1 1 1 1 1 0 1 1 0 0 0 0 0 0
300	36	1 1 1 1 1 1 0 0 0 0 0 0 0 0 0 0
300	14	1 1 1 1 1 1 1 0 0 1 0 0 0 0 0 0
300	10	1 0 1 1 1 0 0 1 0 1 0 0 0 0 0 0
300	60	1 1 1 1 1 0 0 0 1 1 0 1 0 0 0 0
300	19	1 1 1 1 1 1 0 0 0 1 0 0 1 0 0 0
300	22	1 1 1 1 1 1 0 0 0 1 1 1 0 0 0 0
300	5	0 1 1 1 1 1 0 0 0 1 0 1 0 0 0 0
300	2	1 1 1 0 1 1 0 1 1 1 0 1 0 0 0 0
300	8	1 1 1 1 1 0 0 1 1 1 0 0 0 0 0 0
300	1	1 1 0 1 1 0 0 1 0 1 0 0 0 0 0 0
300	2	1 1 1 1 1 1 0 0 0 1 1 1 1 0 0 0
300	10	1 0 1 1 1 0 0 0 0 1 0 0 0 0 0 0
300	3	0 1 0 1 1 0 0 1 0 1 0 0 0 0 0 0
300	1	1 1 1 1 1 0 0 0 1 0 1 1 0 0 0 0
300	7	1 1 1 1 1 1 0 1 1 1 0 0 1 0 0 0
300	6	0 1 1 1 1 1 0 0 0 0 0 0 0 0 0 0
300	9	1 1 1 1 0 1 0 0 0 1 0 0 0 0 0 0
300	2	1 1 1 1 1 0 0 0 1 1 0 0 0 1 0 0
300	10	1 1 1 1 1 1 0 0 0 0 1 0 0 0 0 0
300	7	1 1 1 1 1 1 0 0 1 1 0 0 0 0 0 1
300	17	1 1 1 1 1 1 0 0 0 0 1 1 0 0 0 0
300	6	1 1 1 1 1 1 0 1 0 1 0 1 0 0 0 0
300	2	1 1 1 1 0 0 0 0 1 1 0 1 0 0 0 0
300	10	1 1 1 0 1 1 0 0 0 0 0 0 0 0 0 0
300	2	1 1 0 1 1 0 0 0 1 1 0 1 0 0 0 0
300	1	1 1 1 0 1 1 0 0 0 1 0 0 1 0 0 0
300	3	1 1 1 1 1 1 0 0 1 1 0 0 0 0 1 0
300	2	0 1 1 1 1 1 0 0 0 1 0 0 0 1 0 0
300	24	1 1 1 1 1 1 0 0 0 1 0 0 0 0 0 1
300	15	1 0 1 1 1 1 0 0 1 1 0 0 0 0 0 0
300	10	0 1 1 1 0 1 0 1 1 1 0 0 0 0 0 0
300	4	1 1 1 1 1 0 0 0 0 1 1 0 0 0 0 0
300	2	1 1 1 1 1 1 1 0 1 1 0 0 0 0 0 0
300	3	0 1 1 1 1 1 1 1 1 1 0 0 0 0 0 0
300	1	1 0 1 1 1 1 0 0 1 1 0 0 1 0 0 0
300	5	0 1 1 1 1 1 0 1 0 1 0 0 0 0 0 1
300	3	1 1 1 1 1 1 0 0 0 0 0 0 0 0 1 0
300	3	1 1 1 1 0 1 0 0 0 1 1 1 0 0 0 0
300	3	1 1 1 1 1 0 0 0 0 1 0 1 0 0 0 0
300	1	1 1 0 1 1 1 0 0 0 1 0 1 0 0 0 0
300	3	0 1 1 1 1 0 0 0 1 1 0 1 0 0 0 0
300	1	0 1 1 1 1 1 0 1 1 1 0 1 0 0 0 0
300	5	1 1 1 1 1 1 0 1 1 1 0 0 0 0 0 0
300	3	1 0 1 1 1 0 0 1 0 1 1 0 0 0 0 0
300	2	0 1 1 0 1 1 0 0 0 1 0 0 0 0 0 0
300	5	1 1 1 1 1 1 0 0 0 1 0 0 0 0 1 0
300	1	1 1 1 1 1 1 0 0 0 0 0 1 0 0 0 0
300	2	1 1 1 1 1 1 1 1 1 1 0 0 0 0 0 0
300	2	1 1 1 1 0 0 0 0 0 1 0 0 0 0 0 0
300	3	1 0 1 1 1 1 0 0 0 0 0 0 0 0 0 0
300	3	1 0 1 0 1 0 0 1 0 1 0 0 0 0 0 0
300	6	1 1 1 1 1 1 0 0 0 1 0 0 1 0 0 1
300	2	1 1 1 1 1 1 0 0 0 1 1 0 0 0 0 0
300	1	0 1 1 1 0 1 0 0 0 1 1 1 0 0 0 0
300	2	0 1 1 1 1 1 1 0 0 1 0 0 0 0 0 1
300	1	1 0 1 1 0 1 0 0 0 1 0 0 0 0 0 0
300	1	1 1 1 1 1 1 1 0 0 1 0 0 1 0 0 0
300	1	1 1 1 1 1 0 0 0 0 1 1 1 0 0 0 0
300	1	0 0 1 1 1 1 1 1 1 1 0 0 0 0 0 0
320	4	1 0 1 1 1 1 0 0 0 1 0 0 0 0 0 0
320	4	0 1 1 1 1 1 0 1 1 1 0 0 0 0 0 0
320	49	1 1 1 1 1 0 0 0 1 1 0 0 0 0 0 0
320	58	1 1 1 1 1 1 0 0 1 1 0 0 0 0 0 0
320	23	0 1 1 1 1 1 0 0 0 1 0 0 0 0 0 0
320	338	1 1 1 1 1 1 0 0 0 1 0 0 0 0 0 0
320	44	0 1 1 1 1 1 0 1 0 1 0 0 0 0 0 0
320	32	1 1 0 1 1 0 0 1 1 1 0 0 0 0 0 0
320	37	1 1 1 1 1 1 0 0 0 1 0 1 0 0 0 0
320	9	1 1 1 0 0 1 0 0 0 1 0 0 0 0 0 0
320	52	1 1 1 1 1 1 0 0 0 0 0 0 0 0 0 0
320	3	1 1 1 1 1 1 1 0 0 1 0 0 0 0 0 0
320	19	1 0 1 1 1 0 0 1 0 1 0 0 0 0 0 0
320	30	1 1 1 1 1 0 0 0 1 1 0 1 0 0 0 0
320	16	1 1 1 1 1 1 0 0 0 1 0 0 1 0 0 0
320	2	1 1 1 1 1 0 0 1 1 1 0 0 0 0 0 0
320	13	1 1 1 1 1 1 0 1 1 1 0 0 1 0 0 0
320	9	0 1 1 1 1 1 0 0 0 0 0 0 0 0 0 0
320	18	1 1 1 1 0 1 0 0 0 1 0 0 0 0 0 0
320	5	1 1 1 0 1 1 0 0 0 0 0 0 0 0 0 0
320	12	1 1 0 1 1 0 0 0 1 1 0 1 0 0 0 0
320	35	0 1 1 1 1 1 0 0 0 1 0 0 0 1 0 0
320	10	1 1 1 1 1 1 0 0 0 1 0 0 0 0 0 1
320	10	0 1 1 1 0 1 0 0 0 1 1 1 0 0 0 0
320	48	1 1 1 1 1 1 0 1 0 1 1 1 0 0 0 0
320	3	1 1 0 1 1 1 0 0 0 1 0 0 0 0 0 0
320	2	1 1 1 1 1 1 0 0 1 1 0 1 0 0 0 0
320	1	1 1 1 1 1 1 0 1 0 1 0 0 0 0 0 0
320	7	1 0 1 1 1 0 0 0 1 1 0 1 0 0 0 0
320	1	1 1 1 1 1 0 0 0 1 0 0 1 0 0 0 0
320	2	1 1 1 1 1 1 0 0 0 1 1 0 0 0 1 0
320	2	1 1 1 1 0 0 0 0 0 1 0 0 0 0 0 1
320	5	1 1 1 1 1 0 1 0 1 1 0 1 0 0 0 0
320	2	1 1 1 1 0 1 0 0 0 1 1 1 0 0 0 0
320	1	1 1 1 1 1 0 1 0 1 1 0 0 0 0 0 0
320	4	1 1 1 1 1 1 0 1 0 0 0 0 0 0 0 0
320	14	1 1 1 1 1 0 0 0 0 1 0 0 0 0 0 0
320	3	1 1 1 1 1 0 0 0 0 1 0 1 0 0 0 0
320	7	1 1 1 1 1 1 0 1 0 1 0 1 0 0 0 0
320	6	1 1 1 1 1 0 0 0 1 1 1 0 0 0 0 0
320	3	1 1 1 1 1 1 0 1 1 1 0 1 1 0 0 0
320	2	1 1 1 1 1 0 0 0 1 1 0 0 0 0 0 1
320	8	1 1 1 0 1 1 0 0 0 1 0 0 0 0 0 0
320	3	1 1 1 1 1 1 0 0 0 1 0 1 0 1 0 0
320	2	0 1 1 1 1 1 0 0 0 1 0 0 1 1 0 0
320	1	1 1 1 1 0 1 0 0 0 0 0 0 0 0 0 0
320	4	1 1 1 1 1 1 0 0 0 1 0 0 0 1 0 1
320	7	1 1 1 1 1 1 0 0 0 1 0 0 0 1 0 0
320	2	1 0 1 1 0 1 0 0 0 1 0 0 0 0 0 0
320	1	1 0 1 1 1 0 0 0 0 1 0 0 0 0 0 0
320	4	0 1 1 1 1 1 0 1 1 1 1 0 0 0 0 0
320	2	1 1 1 0 0 1 0 0 1 1 0 0 0 0 0 0
320	3	0 1 1 1 1 0 0 0 1 1 0 1 0 0 0 0
320	3	1 1 1 1 1 1 0 1 0 1 1 0 0 0 0 0
320	2	1 1 0 1 1 1 0 0 0 1 0 0 0 1 0 0
320	2	1 1 1 0 1 1 0 0 0 1 0 0 0 1 0 0
320	3	1 1 1 1 1 1 0 0 1 1 1 0 0 0 0 0
320	2	0 1 1 1 1 1 0 0 0 1 0 0 1 0 0 0
320	1	1 1 1 1 1 1 1 1 1 1 0 0 1 0 0 0
320	1	0 1 1 1 1 1 0 0 0 1 1 0 0 1 0 0
320	2	1 1 1 1 1 1 0 1 0 0 1 1 0 0 0 0
320	2	0 1 1 1 1 0 0 0 0 0 1 0 0 0 0 0
340	4	0 1 1 1 1 1 0 1 1 1 0 0 0 0 0 0
340	76	1 1 1 1 1 0 0 0 1 1 0 0 0 0 0 0
340	88	1 1 1 1 1 1 0 0 1 1 0 0 0 0 0 0
340	23	0 1 1 1 1 1 0 0 0 1 0 0 0 0 0 0
340	270	1 1 1 1 1 1 0 0 0 1 0 0 0 0 0 0
340	18	0 1 1 1 1 1 0 1 0 1 0 0 0 0 0 0
340	24	1 1 0 1 1 0 0 1 1 1 0 0 0 0 0 0
340	5	1 1 1 1 1 1 0 0 0 1 0 1 0 0 0 0
340	17	1 1 1 0 0 1 0 0 0 1 0 0 0 0 0 0
340	47	1 1 1 1 1 1 0 0 0 0 0 0 0 0 0 0
340	10	1 0 1 1 1 0 0 1 0 1 0 0 0 0 0 0
340	60	1 1 1 1 1 0 0 0 1 1 0 1 0 0 0 0
340	2	1 1 1 1 1 1 0 0 0 1 0 0 1 0 0 0
340	4	1 1 1 1 1 1 0 1 1 1 0 0 1 0 0 0
340	15	1 1 1 1 0 1 0 0 0 1 0 0 0 0 0 0
340	20	1 1 0 1 1 0 0 0 1 1 0 1 0 0 0 0
340	4	0 1 1 1 1 1 0 0 0 1 0 0 0 1 0 0
340	4	0 1 1 1 0 1 0 0 0 1 1 1 0 0 0 0
340	14	1 1 1 1 1 1 0 1 0 1 1 1 0 0 0 0
340	36	1 1 0 1 1 1 0 0 0 1 0 0 0 0 0 0
340	39	1 1 1 1 1 1 0 1 0 1 0 0 0 0 0 0
340	2	1 0 1 1 1 0 0 0 1 1 0 1 0 0 0 0
340	8	1 1 1 1 1 0 1 0 1 1 0 1 0 0 0 0
340	6	1 1 1 1 1 0 0 0 0 1 0 0 0 0 0 0
340	12	1 1 1 1 1 0 0 0 1 1 1 0 0 0 0 0
340	8	1 1 1 1 1 1 0 0 0 1 0 1 0 1 0 0
340	13	1 1 1 1 1 1 0 0 0 1 0 0 0 1 0 0
340	3	1 1 1 0 0 1 0 0 1 1 0 0 0 0 0 0
340	2	0 1 1 1 1 0 0 0 1 1 0 1 0 0 0 0
340	12	0 1 1 1 1 0 0 0 0 0 1 0 0 0 0 0
340	9	1 1 1 1 1 1 0 1 1 1 0 0 0 0 0 0
340	2	1 1 1 1 1 0 0 0 0 0 1 0 0 0 0 0
340	6	0 1 0 1 1 0 0 0 1 1 0 1 0 0 0 0
340	12	0 1 1 1 1 0 0 0 1 1 0 0 0 0 1 0
340	2	1 1 1 1 1 1 1 0 0 1 0 0 0 0 0 0
340	9	1 1 1 0 1 1 0 0 0 1 0 0 0 0 0 0
340	2	1 0 1 1 1 0 0 1 0 1 0 0 0 0 0 1
340	11	1 1 0 1 1 0 0 0 1 1 0 0 0 0 0 0
340	2	0 1 1 1 1 1 0 0 0 1 1 0 0 0 0 0
340	4	1 1 1 1 1 1 0 0 0 0 0 1 0 0 0 0
340	3	0 1 1 0 0 1 0 0 0 1 1 1 0 0 0 0
340	4	1 1 1 1 1 1 0 0 0 1 0 0 0 0 0 1
340	1	0 1 1 1 1 1 0 0 0 1 1 0 0 1 0 0
340	5	1 1 1 1 1 1 0 0 0 1 1 0 0 0 0 0
340	6	0 1 0 1 1 1 0 1 1 1 0 0 0 0 0 0
340	1	1 1 1 1 0 0 0 0 0 0 1 0 0 0 0 0
340	1	1 1 1 1 1 1 1 0 0 1 0 0 0 0 0 1
340	6	1 1 0 1 1 1 0 0 1 1 0 0 0 0 0 0
340	4	1 1 1 1 1 1 0 1 0 1 0 1 0 0 0 0
340	2	1 0 1 1 1 0 0 0 1 1 1 0 0 0 0 0
340	2	1 1 1 1 1 1 0 0 0 0 0 0 1 0 0 0
340	2	1 1 0 1 1 1 0 1 0 1 0 0 0 0 0 0
340	3	1 1 1 1 1 1 0 0 1 1 1 0 0 0 0 0
340	5	1 1 0 1 1 0 0 0 1 1 1 0 0 0 0 0
340	4	0 1 1 1 1 1 0 0 0 0 0 0 0 0 0 0
340	4	1 1 1 0 1 1 0 0 1 1 0 1 0 0 0 0
340	1	1 1 0 1 1 0 0 0 0 1 0 0 0 0 0 0
340	9	1 1 1 1 1 0 1 0 1 1 0 0 0 0 0 0
340	5	1 0 1 1 1 1 0 0 0 1 0 0 0 0 0 0
340	6	1 1 1 0 0 1 0 0 1 0 0 0 0 0 0 0
340	1	1 1 1 1 1 1 0 0 1 1 1 1 0 0 0 0
340	2	1 1 1 1 0 1 0 1 1 1 0 0 1 0 0 0
340	1	0 1 0 1 1 0 0 0 1 1 0 0 0 0 0 0
340	1	1 1 1 1 1 0 0 0 1 0 0 0 0 0 0 0
340	1	1 1 1 1 1 0 0 0 1 1 0 1 1 0 0 0
340	3	1 1 1 1 1 1 0 1 0 1 0 0 0 1 0 0
340	1	0 1 1 1 1 0 0 0 1 0 1 0 0 0 0 0
340	1	1 1 1 1 0 1 0 0 0 1 0 0 0 1 0 0
340	2	1 1 1 1 1 1 0 0 1 1 0 0 0 1 0 0
340	1	1 1 1 1 0 1 0 0 0 0 0 0 0 0 0 0
340	1	1 1 1 1 1 1 0 0 1 0 0 0 0 0 0 0
340	2	1 1 1 1 1 1 0 1 0 0 0 0 0 0 0 0
340	1	1 1 0 1 0 0 0 0 1 1 0 1 0 0 0 0
340	1	1 0 1 1 1 0 0 0 0 1 0 0 0 0 0 0
340	1	1 1 1 1 1 1 1 0 0 1 0 0 1 0 0 0
340	1	1 1 1 1 1 1 0 1 1 1 1 1 0 0 0 0
360	110	1 1 1 1 1 0 0 0 1 1 0 0 0 0 0 0
360	72	1 1 1 1 1 1 0 0 1 1 0 0 0 0 0 0
360	53	0 1 1 1 1 1 0 0 0 1 0 0 0 0 0 0
360	194	1 1 1 1 1 1 0 0 0 1 0 0 0 0 0 0
360	16	0 1 1 1 1 1 0 1 0 1 0 0 0 0 0 0
360	7	1 1 0 1 1 0 0 1 1 1 0 0 0 0 0 0
360	7	1 1 1 0 0 1 0 0 0 1 0 0 0 0 0 0
360	34	1 1 1 1 1 1 0 0 0 0 0 0 0 0 0 0
360	25	1 1 1 1 1 0 0 0 1 1 0 1 0 0 0 0
360	6	1 1 1 1 1 1 0 0 0 1 0 0 1 0 0 0
360	5	1 1 1 1 0 1 0 0 0 1 0 0 0 0 0 0
360	22	0 1 1 1 0 1 0 0 0 1 1 1 0 0 0 0
360	38	1 1 1 1 1 1 0 1 0 1 1 1 0 0 0 0
360	16	1 1 0 1 1 1 0 0 0 1 0 0 0 0 0 0
360	18	1 1 1 1 1 1 0 1 0 1 0 0 0 0 0 0
360	9	1 0 1 1 1 0 0 0 1 1 0 1 0 0 0 0
360	13	1 1 1 1 1 0 0 0 0 1 0 0 0 0 0 0
360	7	1 1 1 1 1 0 0 0 1 1 1 0 0 0 0 0
360	19	1 1 1 1 1 1 0 0 0 1 0 1 0 1 0 0
360	12	1 1 1 0 0 1 0 0 1 1 0 0 0 0 0 0
360	13	1 1 1 1 1 1 0 1 1 1 0 0 0 0 0 0
360	7	1 1 1 0 1 1 0 0 0 1 0 0 0 0 0 0
360	4	1 1 0 1 1 0 0 0 1 1 0 0 0 0 0 0
360	3	1 1 1 1 1 1 0 0 0 0 0 1 0 0 0 0
360	13	1 1 1 1 1 1 0 0 0 1 1 0 0 0 0 0
360	5	1 1 0 1 1 1 0 0 1 1 0 0 0 0 0 0
360	1	1 0 1 1 1 0 0 0 1 1 1 0 0 0 0 0
360	3	1 1 1 1 1 1 0 0 1 1 1 0 0 0 0 0
360	9	1 1 0 1 1 0 0 0 1 1 1 0 0 0 0 0
360	13	0 1 1 1 1 1 0 0 0 0 0 0 0 0 0 0
360	5	1 1 1 1 1 0 1 0 1 1 0 0 0 0 0 0
360	12	1 1 1 1 0 1 0 1 1 1 0 0 1 0 0 0
360	3	1 1 1 1 1 0 0 0 1 1 0 0 0 0 0 1
360	18	1 1 1 1 1 1 0 1 1 1 0 1 0 0 0 0
360	3	1 0 1 1 1 0 0 0 1 1 0 0 0 0 0 0
360	1	1 1 1 1 1 1 0 0 1 1 0 1 0 0 0 0
360	12	1 1 1 1 1 1 0 0 0 1 0 0 0 0 0 1
360	2	1 0 1 1 1 0 0 0 0 1 0 1 0 0 0 0
360	1	1 1 1 1 1 0 0 0 1 1 1 0 0 1 0 0
360	21	1 1 1 1 1 1 0 0 1 0 0 0 0 0 0 0
360	4	1 0 1 0 1 0 0 0 1 1 0 0 0 0 0 0
360	22	1 0 1 1 1 0 0 0 0 1 0 1 1 0 0 0
360	11	0 1 1 1 1 1 0 0 0 1 0 0 0 0 0 1
360	1	1 1 1 1 0 1 0 0 0 1 0 0 0 1 0 0
360	3	1 1 1 1 0 0 0 0 1 1 1 0 0 0 0 0
360	3	1 1 1 1 1 1 0 0 1 1 0 0 0 0 0 1
360	12	1 1 0 1 1 0 1 0 1 1 0 0 0 0 0 0
360	8	0 0 1 1 0 1 0 0 0 1 1 1 0 0 0 0
360	2	1 1 1 0 1 1 0 1 0 1 1 1 0 0 0 0
360	1	1 1 1 1 1 1 0 1 1 1 1 1 0 0 0 0
360	1	1 1 1 1 1 1 0 0 1 1 0 0 1 0 0 0
360	2	1 0 1 1 1 0 0 0 1 1 0 1 1 0 0 0
360	5	1 1 1 0 0 1 0 1 0 1 1 0 0 0 0 0
360	14	1 1 0 1 1 1 0 0 0 1 0 1 0 0 0 0
360	1	1 0 1 1 0 1 0 0 0 0 0 0 0 0 0 0
360	2	1 1 1 0 1 1 0 0 1 1 0 0 0 0 0 0
360	3	1 1 1 1 1 1 0 1 0 1 0 1 0 0 0 0
360	3	1 1 1 1 1 1 0 0 0 0 0 1 0 1 0 0
360	6	1 1 1 1 1 0 0 0 0 1 0 1 0 1 0 0
360	4	1 1 1 1 0 1 0 0 0 1 0 1 0 1 0 0
360	4	1 1 1 1 1 1 0 0 1 1 1 1 0 0 0 0
360	1	1 1 1 1 1 0 0 0 0 1 0 1 0 0 0 0
360	2	0 1 1 1 1 0 0 0 0 1 0 0 0 0 0 0
360	2	1 1 1 1 1 1 0 0 0 1 0 1 0 0 0 0
360	3	1 0 1 1 1 1 0 0 0 1 0 0 0 0 0 0
360	1	0 1 1 1 1 1 0 1 0 1 0 0 0 0 1 0
360	1	1 0 0 1 1 1 0 0 0 1 0 0 0 0 0 0
360	2	1 0 1 1 1 0 0 0 1 1 0 1 0 0 0 1
360	1	1 1 1 1 0 0 0 0 0 1 0 0 0 0 0 0
360	1	1 0 1 1 1 1 0 0 0 1 0 1 0 1 0 0
360	2	0 1 1 1 1 1 0 1 0 0 0 0 0 0 0 0
360	2	1 0 1 1 1 1 0 1 0 1 0 1 0 0 0 0
360	1	1 1 1 1 0 0 0 0 1 1 0 0 0 0 0 0
360	2	1 1 1 1 0 1 0 0 1 1 0 0 0 0 0 0
360	2	1 1 1 1 1 1 1 0 0 1 0 0 0 0 0 0
360	3	1 1 0 1 1 0 0 1 0 1 0 0 0 0 0 0
360	6	1 1 1 1 1 1 0 1 0 0 0 0 0 0 0 0
360	2	1 1 1 1 1 1 0 1 0 0 1 1 0 0 0 0
360	2	0 1 1 1 1 1 0 1 0 1 1 1 0 0 0 0
360	2	1 0 1 1 1 0 0 0 0 1 0 0 1 0 1 0
360	2	1 1 1 1 1 1 0 1 0 1 0 0 0 0 0 1
360	1	1 1 1 0 1 0 0 0 1 1 0 0 0 0 0 0
360	1	0 1 1 1 1 1 0 0 1 1 0 0 0 0 0 0
360	2	1 1 1 1 1 1 1 0 1 1 0 0 0 0 0 0
360	2	0 1 0 1 1 1 0 0 0 1 0 0 0 0 0 0
360	3	0 1 1 0 1 1 0 0 0 1 0 0 0 0 0 0
360	3	1 1 1 1 1 1 0 0 0 1 0 0 0 0 1 0
360	1	0 1 1 1 1 1 0 1 0 1 0 0 0 1 0 0
360	1	1 1 0 1 1 1 0 1 0 1 0 0 0 0 0 0
360	1	1 0 1 1 1 1 0 1 0 1 0 0 0 0 0 0
360	1	0 1 1 1 1 0 0 1 0 1 1 1 0 0 0 0
380	92	1 1 1 1 1 0 0 0 1 1 0 0 0 0 0 0
380	22	1 1 1 1 1 1 0 0 1 1 0 0 0 0 0 0
380	15	0 1 1 1 1 1 0 0 0 1 0 0 0 0 0 0
380	246	1 1 1 1 1 1 0 0 0 1 0 0 0 0 0 0
380	1	0 1 1 1 1 1 0 1 0 1 0 0 0 0 0 0
380	23	1 1 1 1 1 1 0 0 0 0 0 0 0 0 0 0
380	2	1 1 1 1 0 1 0 0 0 1 0 0 0 0 0 0
380	7	0 1 1 1 0 1 0 0 0 1 1 1 0 0 0 0
380	47	1 1 1 1 1 1 0 1 0 1 1 1 0 0 0 0
380	8	1 1 0 1 1 1 0 0 0 1 0 0 0 0 0 0
380	33	1 1 1 1 1 1 0 1 0 1 0 0 0 0 0 0
380	5	1 1 1 1 1 0 0 0 0 1 0 0 0 0 0 0
380	18	1 1 1 1 1 1 0 0 0 1 0 1 0 1 0 0
380	23	1 1 1 0 1 1 0 0 0 1 0 0 0 0 0 0
380	10	1 1 0 1 1 0 0 0 1 1 1 0 0 0 0 0
380	11	1 1 1 1 0 1 0 1 1 1 0 0 1 0 0 0
380	17	1 1 1 1 1 1 0 1 1 1 0 1 0 0 0 0
380	8	1 0 1 1 1 0 0 0 1 1 0 0 0 0 0 0
380	4	1 1 1 1 1 1 0 0 1 1 0 1 0 0 0 0
380	42	1 1 1 1 1 1 0 0 0 1 0 0 0 0 0 1
380	52	1 1 1 1 1 1 0 0 1 0 0 0 0 0 0 0
380	3	1 1 1 1 1 1 0 0 1 1 0 0 1 0 0 0
380	9	1 1 1 0 0 1 0 1 0 1 1 0 0 0 0 0
380	18	1 1 0 1 1 1 0 0 0 1 0 1 0 0 0 0
380	2	1 1 1 1 1 0 0 0 0 1 0 1 0 1 0 0
380	10	1 0 1 1 1 1 0 0 0 1 0 0 0 0 0 0
380	6	0 1 1 1 1 1 0 1 0 1 0 0 0 0 1 0
380	2	1 1 1 1 1 1 0 1 0 0 0 0 0 0 0 0
380	8	1 1 1 1 1 1 0 1 0 1 0 0 0 0 0 1
380	5	0 1 1 1 1 1 0 0 1 1 0 0 0 0 0 0
380	5	1 1 1 1 1 1 1 0 1 1 0 0 0 0 0 0
380	9	1 1 0 1 1 1 0 1 0 0 1 1 0 0 0 0
380	5	1 1 0 1 1 0 0 0 0 1 0 1 0 1 0 0
380	5	1 1 1 1 1 1 0 1 0 1 1 0 0 0 0 0
380	17	1 1 0 1 1 1 0 1 0 1 0 0 0 0 0 0
380	4	1 1 1 1 1 1 0 1 1 1 0 1 0 0 1 0
380	5	1 1 1 1 0 1 0 0 0 1 1 1 0 0 0 0
380	14	1 1 1 1 1 1 0 0 0 1 1 1 0 0 0 0
380	16	0 1 1 1 1 0 0 0 1 1 0 0 0 0 0 0
380	12	0 1 1 1 1 1 0 0 1 0 0 0 0 0 0 0
380	14	1 1 1 1 1 1 0 0 1 1 1 0 0 0 0 0
380	2	0 1 1 1 1 1 0 1 1 1 0 1 0 0 0 0
380	1	1 0 1 1 1 0 0 1 1 1 0 1 0 0 0 0
380	4	1 1 0 1 1 1 0 0 0 1 1 1 0 0 0 0
380	12	1 1 1 1 1 1 1 0 0 1 0 0 0 0 0 0
380	6	1 1 1 0 0 1 0 0 0 1 0 0 0 0 0 0
380	6	1 1 1 1 1 0 0 0 0 1 0 0 0 0 0 1
380	2	1 1 1 1 1 0 0 0 1 1 0 0 0 0 1 0
380	1	1 1 1 1 1 1 0 1 0 1 0 0 1 0 0 0
380	15	1 1 0 0 0 1 0 1 0 1 0 0 0 0 0 0
380	3	1 1 1 1 1 0 1 1 0 1 0 1 0 0 0 0
380	1	0 1 1 1 0 1 0 0 0 1 0 0 0 0 0 0
380	1	1 1 1 1 1 1 1 0 1 1 0 0 0 1 0 1
380	3	1 1 1 1 1 1 0 0 0 1 0 1 0 0 0 0
380	1	0 1 1 1 1 1 0 0 0 1 0 0 0 1 0 0
380	10	1 1 1 1 1 1 0 0 0 1 0 0 0 0 1 1
380	4	1 1 1 1 1 1 0 0 0 1 1 0 0 0 0 1
380	1	0 1 1 0 1 1 0 1 0 0 0 0 0 0 0 0
380	3	1 1 0 1 1 1 0 0 0 1 0 0 1 0 0 0
380	6	1 1 1 1 1 1 1 0 0 0 0 0 0 0 0 0
380	3	1 1 1 1 1 1 0 1 0 1 0 0 0 1 0 0
380	13	1 1 1 0 0 1 0 1 0 1 1 0 0 0 1 0
380	2	1 1 1 0 1 1 0 0 1 1 1 0 0 0 0 0
380	5	1 1 1 1 1 1 0 0 0 1 0 0 0 0 1 0
380	4	1 1 1 1 1 1 0 0 0 0 0 1 0 0 0 0
380	1	1 1 1 1 0 1 0 1 0 1 0 0 0 0 0 0
380	4	1 1 1 1 1 1 0 0 1 1 0 1 0 0 1 0
380	3	1 0 1 1 1 1 0 0 0 1 1 1 0 0 0 0
380	1	1 1 1 1 1 1 0 1 1 1 1 0 0 0 0 0
380	2	1 1 1 1 1 1 0 0 0 1 1 0 0 0 0 0
380	1	1 1 1 1 1 0 0 1 0 1 0 0 0 0 0 0
380	3	1 1 1 1 1 1 0 1 1 0 1 0 0 0 0 0
380	4	1 1 1 0 0 1 0 1 0 0 0 0 0 0 0 0
380	2	1 1 1 1 1 0 0 0 1 0 0 0 0 0 0 0
380	1	1 1 0 1 1 0 0 0 1 1 0 0 0 0 0 0
380	2	1 1 1 1 0 1 0 0 0 0 0 0 0 0 0 0
380	1	1 0 1 1 1 1 0 1 0 1 0 0 0 0 0 0
380	1	0 1 1 1 1 1 0 0 0 1 0 1 0 1 0 0
380	1	1 1 1 0 1 1 0 0 0 1 0 0 0 0 0 1
380	1	1 1 1 1 0 1 0 0 1 0 0 0 0 0 0 0
380	2	1 0 1 1 1 1 0 0 1 1 0 0 0 0 0 0
380	1	1 1 0 1 1 0 0 0 0 1 1 1 0 1 0 0
380	4	1 1 0 0 0 1 0 1 1 1 0 0 0 0 0 0
380	1	1 1 0 1 0 1 0 1 0 1 0 0 0 0 0 0
400	86	1 1 1 1 1 0 0 0 1 1 0 0 0 0 0 0
400	16	1 1 1 1 1 1 0 0 1 1 0 0 0 0 0 0
400	197	1 1 1 1 1 1 0 0 0 1 0 0 0 0 0 0
400	16	1 1 1 1 1 1 0 0 0 0 0 0 0 0 0 0
400	48	1 1 1 1 1 1 0 1 0 1 1 1 0 0 0 0
400	7	1 1 1 1 1 1 0 1 0 1 0 0 0 0 0 0
400	31	1 1 1 1 1 0 0 0 0 1 0 0 0 0 0 0
400	10	1 1 1 1 1 1 0 0 0 1 0 1 0 1 0 0
400	19	1 1 1 0 1 1 0 0 0 1 0 0 0 0 0 0
400	3	1 1 1 1 1 1 0 1 1 1 0 1 0 0 0 0
400	19	1 1 1 1 1 1 0 0 0 1 0 0 0 0 0 1
400	97	1 1 1 1 1 1 0 0 1 0 0 0 0 0 0 0
400	9	1 1 1 1 1 1 0 0 1 1 0 0 1 0 0 0
400	42	1 0 1 1 1 1 0 0 0 1 0 0 0 0 0 0
400	8	0 1 1 1 1 1 0 0 1 1 0 0 0 0 0 0
400	7	1 1 0 1 1 1 0 1 0 0 1 1 0 0 0 0
400	21	1 1 1 1 1 1 0 1 0 1 1 0 0 0 0 0
400	6	1 1 0 1 1 1 0 1 0 1 0 0 0 0 0 0
400	5	1 1 1 1 1 1 0 0 0 1 1 1 0 0 0 0
400	16	0 1 1 1 1 0 0 0 1 1 0 0 0 0 0 0
400	7	0 1 1 1 1 1 0 0 1 0 0 0 0 0 0 0
400	30	1 1 1 1 1 1 0 0 1 1 1 0 0 0 0 0
400	2	1 1 0 1 1 1 0 0 0 1 1 1 0 0 0 0
400	14	1 1 1 0 0 1 0 0 0 1 0 0 0 0 0 0
400	2	1 1 1 1 1 0 0 0 0 1 0 0 0 0 0 1
400	7	1 1 1 1 1 0 0 0 1 1 0 0 0 0 1 0
400	10	1 1 1 1 1 1 0 0 0 1 0 1 0 0 0 0
400	3	1 1 1 1 1 1 0 0 0 1 0 0 0 0 1 1
400	2	1 1 1 1 1 1 0 0 0 1 1 0 0 0 0 1
400	3	1 1 1 1 1 1 0 0 0 1 0 0 0 0 1 0
400	14	1 1 1 1 1 1 0 0 1 1 0 1 0 0 1 0
400	5	1 0 1 1 1 1 0 0 0 1 1 1 0 0 0 0
400	11	1 1 1 1 1 1 0 0 0 1 1 0 0 0 0 0
400	5	1 1 1 1 1 0 0 0 1 0 0 0 0 0 0 0
400	5	1 0 1 1 1 1 0 1 0 1 1 0 0 0 0 0
400	12	1 1 1 1 1 1 0 0 0 1 0 0 0 1 0 0
400	17	1 0 1 1 1 1 0 0 0 1 0 1 0 1 0 0
400	9	1 1 1 0 1 1 0 0 1 1 0 0 0 0 0 0
400	3	0 1 1 1 1 0 0 0 1 0 0 0 0 0 0 0
400	3	1 1 1 0 0 1 0 1 0 0 0 0 0 0 0 1
400	7	1 1 1 1 1 1 1 0 1 1 0 0 0 0 0 1
400	3	1 1 1 0 0 1 0 1 1 1 1 0 0 0 1 0
400	12	1 1 1 1 0 1 0 0 0 1 0 0 0 0 0 0
400	3	1 0 1 1 1 1 1 0 0 1 0 0 0 0 0 0
400	5	0 1 1 1 1 1 1 1 0 1 0 0 0 0 0 0
400	9	0 1 1 1 1 0 0 0 0 1 0 0 0 0 0 0
400	18	1 1 1 1 1 1 0 1 1 1 0 0 0 0 0 0
400	7	1 1 1 0 1 1 0 1 0 1 1 0 0 0 0 0
400	3	1 1 1 1 0 1 0 1 0 0 0 0 0 0 0 0
400	1	1 1 1 1 1 1 0 1 0 0 0 0 0 0 0 1
400	11	1 1 0 1 1 1 0 1 0 1 1 0 0 0 0 0
400	6	1 1 1 1 0 1 0 0 0 1 0 0 0 0 0 1
400	4	1 1 1 1 1 1 0 0 1 1 0 1 0 0 0 0
400	1	0 1 1 1 1 1 0 0 0 0 0 0 0 0 0 0
400	5	1 1 1 0 1 1 0 0 0 0 0 0 0 0 0 0
400	3	1 0 1 1 1 1 0 0 0 1 0 0 0 1 0 0
400	2	1 0 1 1 1 1 0 0 0 1 0 0 0 0 0 1
400	2	1 1 1 0 0 1 0 1 0 1 0 0 0 0 0 0
400	1	1 1 1 1 1 0 0 0 0 1 0 0 0 1 0 1
400	4	1 1 1 0 1 1 0 1 0 1 0 0 0 0 0 0
400	4	1 1 1 1 1 1 0 1 0 1 1 1 0 0 0 1
400	3	1 1 1 1 1 1 0 0 1 0 1 0 0 0 0 0
400	3	1 1 1 1 1 1 0 1 0 1 1 0 0 0 0 1
400	3	1 1 1 1 1 1 0 0 0 1 0 0 0 1 1 0
400	1	1 0 1 1 0 1 0 1 0 0 0 0 0 0 0 1
400	3	1 1 1 1 1 1 0 1 1 1 1 1 0 0 0 0
400	2	1 1 1 0 1 1 0 0 0 1 0 0 0 0 1 0
400	2	1 1 1 1 1 0 0 0 1 1 0 0 1 0 0 0
400	5	1 0 1 1 1 1 0 0 1 0 0 0 0 0 0 0
400	2	1 1 1 1 1 0 0 0 1 1 0 0 0 1 0 0
400	3	1 1 1 1 1 1 1 0 0 1 0 0 0 0 0 0
400	1	1 1 1 1 1 1 0 0 0 0 0 0 0 0 1 0
400	4	1 1 0 1 1 1 0 1 0 1 1 1 0 0 0 0
400	6	1 1 1 1 1 1 0 1 1 1 0 0 1 0 0 0
400	2	1 1 1 1 0 1 0 0 0 1 0 0 1 0 0 1
400	3	1 1 1 1 0 1 0 0 0 1 1 0 0 0 0 1
400	1	1 1 1 1 1 1 0 0 1 1 1 1 0 0 0 0
400	3	1 1 1 0 0 1 0 0 0 1 0 0 0 0 0 1
400	3	1 1 1 1 1 1 1 0 1 0 0 0 0 0 0 0
400	2	1 1 0 1 1 1 0 1 0 1 0 0 0 0 0 1
400	2	1 1 0 1 1 1 0 0 0 1 0 0 0 0 0 0
400	3	0 1 1 1 1 1 0 0 0 1 0 0 0 0 0 1
400	1	1 1 1 1 0 1 0 0 1 0 0 0 0 0 0 0
400	1	1 1 1 0 1 1 0 0 1 0 0 0 0 0 0 0
400	1	1 0 1 1 1 1 0 0 0 0 0 0 0 0 0 0
400	1	1 1 0 0 0 1 0 0 0 1 0 0 0 0 0 0
400	1	1 1 0 1 1 1 0 1 0 1 1 0 0 0 0 1
