0	250	1 0 0 0 0 0 0 0 0 0 1 0 0 1 0 0
0	250	0 1 0 0 0 0 1 0 0 0 0 0 0 0 0 0
0	250	0 0 0 0 0 0 0 0 0 0 0 0 0 0 0 0
0	250	0 1 0 0 0 0 0 0 0 0 0 0 1 0 0 0
20	49	1 0 0 0 0 0 0 0 0 0 1 0 0 1 0 0
20	116	0 1 0 0 0 0 1 0 0 0 0 0 0 0 0 0
20	62	0 0 0 0 0 0 0 0 0 0 0 0 0 0 0 0
20	385	0 1 0 0 0 0 0 0 0 0 0 0 1 0 0 0
20	20	0 1 0 0 0 0 0 0 0 0 0 0 0 0 0 0
20	1	0 1 0 0 0 1 1 0 0 0 0 0 0 0 0 0
20	31	0 1 0 0 0 0 1 0 0 0 0 0 1 0 0 0
20	35	0 0 0 0 0 0 0 0 0 0 0 0 1 0 0 0
20	12	1 0 0 0 0 1 0 0 0 0 1 0 0 1 0 0
20	9	1 0 0 0 0 0 0 0 0 0 1 0 0 0 0 0
20	18	0 1 0 0 0 0 0 1 0 0 0 0 1 0 0 0
20	11	0 1 0 0 0 1 0 0 0 0 0 0 1 0 0 0
20	2	1 0 0 0 0 0 0 0 0 0 0 0 0 0 0 0
20	6	1 0 0 0 0 0 0 0 0 0 1 1 0 1 0 0
20	15	0 1 0 0 0 0 0 0 0 0 0 0 1 1 0 0
20	11	1 0 0 0 0 0 0 0 0 0 0 0 1 0 0 0
20	15	0 1 1 0 0 0 0 0 0 0 0 0 1 0 0 0
20	3	0 1 0 0 0 0 0 0 0 0 0 1 1 0 0 0
20	2	0 1 0 1 0 0 0 0 0 0 0 0 0 0 0 0
20	14	0 1 0 0 0 0 1 0 0 1 0 0 0 0 0 0
20	8	0 1 0 0 0 0 0 1 0 0 0 0 0 0 0 0
20	2	0 1 0 1 0 0 1 0 1 0 0 0 0 0 0 0
20	9	0 1 0 0 1 0 1 0 0 0 0 0 0 0 0 0
20	6	0 1 0 0 0 0 1 0 1 0 0 0 0 0 0 0
20	5	0 1 0 0 0 0 1 0 0 0 0 0 0 0 1 0
20	7	0 0 0 0 0 0 1 0 0 0 0 0 0 0 0 0
20	9	0 1 0 0 1 0 0 0 0 0 0 0 1 0 0 0
20	4	0 0 0 0 0 0 0 1 0 0 0 0 1 0 0 0
20	11	1 0 0 0 0 0 0 0 0 0 1 0 1 1 0 0
20	20	0 1 0 0 0 0 0 0 0 0 0 0 1 0 0 1
20	14	0 1 0 1 0 0 1 0 0 0 0 0 0 0 0 0
20	5	0 0 0 0 0 0 0 0 0 0 0 0 0 0 1 0
20	9	0 1 0 0 0 0 0 0 0 1 0 0 1 0 0 0
20	7	0 1 0 0 0 0 0 0 0 0 1 0 1 0 0 0
20	8	1 0 0 0 0 0 0 1 1 0 1 0 0 1 0 0
20	3	1 1 0 0 0 0 0 0 0 1 0 0 1 0 0 0
20	2	0 1 0 0 0 0 0 0 0 0 0 0 1 0 1 0
20	8	0 1 1 0 0 0 1 0 0 0 0 0 1 0 0 0
20	4	0 1 0 0 0 0 1 0 0 0 0 0 0 0 0 1
20	3	0 1 1 0 0 0 0 1 0 0 0 0 1 0 0 0
20	1	0 0 0 0 0 0 0 0 0 0 0 0 0 1 0 0
20	7	0 1 1 0 0 0 1 0 0 0 0 0 0 0 0 0
20	2	0 0 0 1 0 0 0 0 0 0 0 0 1 0 0 0
20	1	0 1 0 0 0 0 0 0 0 0 1 0 0 1 0 0
20	2	1 0 0 0 0 0 0 1 0 0 1 0 0 1 0 0
20	1	1 0 0 0 0 0 0 0 1 0 1 0 0 1 0 0
20	1	0 0 0 0 0 0 0 1 0 0 0 0 0 0 0 0
20	1	0 0 1 0 1 0 0 0 0 0 0 0 0 0 0 0
20	1	0 0 0 0 0 0 0 1 0 0 1 0 0 1 0 0
20	3	0 0 0 0 0 0 0 0 0 0 1 0 0 0 0 0
20	1	0 1 0 0 0 0 1 0 1 0 0 0 1 0 0 0
20	3	0 1 0 1 0 0 0 0 0 0 0 1 0 0 0 0
20	1	0 1 0 0 1 0 1 0 0 0 0 0 0 0 0 1
20	1	0 1 0 0 0 1 0 0 0 1 0 0 0 0 0 0
20	3	0 0 1 0 1 1 0 0 0 0 0 0 0 0 0 0
20	2	1 0 0 0 0 0 1 0 0 0 0 0 0 0 0 0
20	1	0 0 0 0 0 0 0 1 1 0 1 0 0 1 0 0
20	1	0 1 0 0 0 0 1 0 0 0 0 1 0 0 0 0
20	1	1 0 0 0 0 1 0 0 0 0 1 0 0 1 0 1
20	1	0 1 0 0 1 0 1 0 0 0 0 0 1 0 0 0
20	1	0 1 0 1 1 0 1 0 0 0 0 0 0 0 0 0
20	3	0 0 0 0 0 0 1 0 0 0 0 0 0 0 0 1
40	2	1 0 0 0 0 0 0 0 0 0 1 0 0 1 0 0
40	78	0 1 0 0 0 0 1 0 0 0 0 0 0 0 0 0
40	29	0 0 0 0 0 0 0 0 0 0 0 0 0 0 0 0
40	343	0 1 0 0 0 0 0 0 0 0 0 0 1 0 0 0
40	13	0 1 0 0 0 0 0 0 0 0 0 0 0 0 0 0
40	36	0 1 0 0 0 0 1 0 0 0 0 0 1 0 0 0
40	34	0 0 0 0 0 0 0 0 0 0 0 0 1 0 0 0
40	2	1 0 0 0 0 1 0 0 0 0 1 0 0 1 0 0
40	12	0 1 0 0 0 0 0 1 0 0 0 0 1 0 0 0
40	11	0 1 0 0 0 0 0 0 0 0 0 0 1 1 0 0
40	31	1 0 0 0 0 0 0 0 0 0 0 0 1 0 0 0
40	9	0 1 1 0 0 0 0 0 0 0 0 0 1 0 0 0
40	33	0 1 0 0 0 0 1 0 0 1 0 0 0 0 0 0
40	4	0 1 0 0 0 0 0 1 0 0 0 0 0 0 0 0
40	3	0 1 0 0 1 0 0 0 0 0 0 0 1 0 0 0
40	20	0 1 0 0 0 0 0 0 0 0 0 0 1 0 0 1
40	17	0 1 0 1 0 0 1 0 0 0 0 0 0 0 0 0
40	5	0 1 0 0 0 0 0 0 0 1 0 0 1 0 0 0
40	7	0 1 0 0 0 0 0 0 0 0 1 0 1 0 0 0
40	11	0 0 0 0 0 0 0 0 0 0 0 0 0 1 0 0
40	1	0 0 0 0 0 0 0 1 0 0 0 0 0 0 0 0
40	7	0 0 1 0 1 1 0 0 0 0 0 0 0 0 0 0
40	14	0 0 0 0 0 0 1 0 0 0 0 0 0 0 0 1
40	30	1 1 0 0 0 0 0 0 0 0 0 0 1 0 0 0
40	38	0 1 1 0 0 0 0 1 0 0 0 0 0 0 0 0
40	1	0 1 0 1 1 0 0 0 0 0 0 1 0 0 0 0
40	10	0 0 0 0 0 0 1 0 0 0 0 0 1 0 0 0
40	18	0 1 1 0 0 0 0 0 0 0 0 0 1 0 1 0
40	5	0 0 0 1 1 0 1 0 0 0 0 0 0 0 0 0
40	6	1 1 0 0 0 0 0 0 0 0 1 0 0 1 0 0
40	8	0 1 1 0 0 0 0 1 0 0 0 0 0 1 0 0
40	2	0 1 0 1 1 0 0 0 0 0 0 0 0 0 0 0
40	1	0 1 0 0 0 0 1 0 0 0 0 0 1 1 0 0
40	14	0 1 0 1 0 0 1 0 1 0 0 0 0 1 0 0
40	2	0 1 0 1 0 0 0 0 0 0 0 0 1 0 0 1
40	15	0 1 0 0 0 0 0 0 1 0 0 0 1 0 0 0
40	4	0 1 0 1 1 0 1 0 0 0 0 0 0 0 0 0
40	3	0 0 0 0 0 0 0 0 0 0 0 1 1 0 0 0
40	6	1 1 0 0 0 0 0 0 0 0 1 0 1 0 0 0
40	5	0 0 0 0 0 0 1 0 0 0 0 0 1 1 0 0
40	1	0 1 0 0 0 0 0 1 0 1 0 0 1 0 0 0
40	3	0 1 0 0 0 0 1 1 0 0 0 0 0 0 0 0
40	5	1 1 0 0 0 0 1 0 0 0 0 0 0 0 0 0
40	10	0 1 0 0 0 0 0 1 1 0 0 0 1 0 0 0
40	4	1 0 0 0 0 0 0 0 0 0 1 0 1 0 0 0
40	6	0 1 0 0 0 0 0 0 0 0 0 1 1 0 0 0
40	19	1 1 0 0 0 0 1 0 0 0 0 0 1 0 0 0
40	10	0 1 0 0 0 0 0 0 0 0 0 0 1 0 1 0
40	11	0 1 0 0 0 0 0 1 0 0 0 0 1 1 0 0
40	7	0 1 0 0 0 0 1 0 1 0 0 0 0 1 0 0
40	2	0 1 1 0 0 0 1 0 0 0 0 0 0 0 0 0
40	4	0 1 0 0 0 1 1 0 0 0 0 0 1 0 0 0
40	1	0 0 0 1 0 0 0 0 0 0 0 0 1 0 0 0
40	6	0 0 1 0 0 0 0 0 0 0 0 0 1 0 0 0
40	1	0 1 1 0 0 0 0 1 0 0 0 0 1 1 0 0
40	5	0 0 1 0 0 0 0 0 0 0 0 0 0 0 0 0
40	2	0 1 0 0 1 0 0 0 0 0 0 0 1 0 0 1
40	1	0 0 0 0 0 0 0 1 0 0 0 1 0 0 0 0
40	2	1 1 0 0 0 0 0 0 1 0 0 0 1 0 0 0
40	2	0 0 0 0 0 0 0 0 0 0 1 0 0 1 0 0
40	1	0 1 1 0 0 0 0 0 0 0 1 0 0 1 0 0
40	2	0 0 0 0 0 0 0 0 0 0 0 0 1 1 0 0
40	3	0 1 0 0 0 1 1 0 0 0 0 0 0 0 0 0
40	1	0 1 0 0 0 0 0 1 0 0 0 1 1 0 0 0
40	1	0 1 1 0 0 0 0 0 0 0 0 1 1 0 1 0
60	18	0 1 0 0 0 0 1 0 0 0 0 0 0 0 0 0
60	7	0 0 0 0 0 0 0 0 0 0 0 0 0 0 0 0
60	182	0 1 0 0 0 0 0 0 0 0 0 0 1 0 0 0
60	20	0 1 0 0 0 0 0 0 0 0 0 0 0 0 0 0
60	62	0 1 0 0 0 0 1 0 0 0 0 0 1 0 0 0
60	22	0 0 0 0 0 0 0 0 0 0 0 0 1 0 0 0
60	3	0 1 0 0 0 0 0 1 0 0 0 0 1 0 0 0
60	24	0 1 0 0 0 0 0 0 0 0 0 0 1 1 0 0
60	8	1 0 0 0 0 0 0 0 0 0 0 0 1 0 0 0
60	39	0 1 1 0 0 0 0 0 0 0 0 0 1 0 0 0
60	34	0 1 0 0 0 0 0 1 0 0 0 0 0 0 0 0
60	5	0 1 0 0 1 0 0 0 0 0 0 0 1 0 0 0
60	11	0 1 0 0 0 0 0 0 0 0 0 0 1 0 0 1
60	8	0 1 0 0 0 0 0 0 0 1 0 0 1 0 0 0
60	16	1 1 0 0 0 0 0 0 0 0 0 0 1 0 0 0
60	31	0 1 1 0 0 0 0 1 0 0 0 0 0 0 0 0
60	41	0 0 0 1 1 0 1 0 0 0 0 0 0 0 0 0
60	8	1 1 0 0 0 0 0 0 0 0 1 0 0 1 0 0
60	8	0 1 1 0 0 0 0 1 0 0 0 0 0 1 0 0
60	15	0 1 0 1 0 0 1 0 1 0 0 0 0 1 0 0
60	51	0 1 0 0 0 0 0 0 1 0 0 0 1 0 0 0
60	19	0 1 0 1 1 0 1 0 0 0 0 0 0 0 0 0
60	9	1 1 0 0 0 0 1 0 0 0 0 0 0 0 0 0
60	2	0 1 0 0 0 0 0 1 1 0 0 0 1 0 0 0
60	16	0 1 0 0 0 0 0 0 0 0 0 1 1 0 0 0
60	67	1 1 0 0 0 0 1 0 0 0 0 0 1 0 0 0
60	1	0 1 0 0 0 0 1 0 1 0 0 0 0 1 0 0
60	2	0 1 0 0 0 1 1 0 0 0 0 0 1 0 0 0
60	9	0 0 1 0 0 0 0 0 0 0 0 0 0 0 0 0
60	19	1 1 0 0 0 0 0 0 1 0 0 0 1 0 0 0
60	15	0 0 0 0 0 0 1 0 0 0 0 1 1 0 0 0
60	6	0 0 0 0 0 0 1 0 1 0 0 0 0 0 0 1
60	15	0 0 1 0 0 0 0 0 0 1 0 0 1 0 0 0
60	1	0 0 0 1 1 0 1 0 0 0 0 0 1 0 0 0
60	13	1 0 0 0 1 0 0 0 0 0 0 0 1 0 0 0
60	9	1 1 1 0 0 0 0 1 0 0 0 0 0 0 0 0
60	6	0 1 0 0 1 0 0 0 0 0 0 0 0 0 0 0
60	9	0 1 0 1 0 0 0 0 0 0 0 0 1 0 0 0
60	1	1 1 0 0 0 0 1 0 0 0 0 0 1 1 0 0
60	4	0 1 1 0 0 0 0 1 0 0 0 1 1 0 1 0
60	2	0 1 0 1 0 0 0 1 0 0 0 0 1 1 0 0
60	3	1 1 0 0 0 0 0 1 0 0 0 0 1 1 0 0
60	30	0 1 0 0 0 1 0 0 0 0 0 0 1 0 0 0
60	5	0 1 0 0 1 0 1 0 0 0 0 0 1 0 0 0
60	2	0 1 1 0 1 1 0 0 0 0 0 0 0 0 0 0
60	17	0 1 0 1 0 0 0 0 1 0 0 0 0 1 0 0
60	2	0 1 0 0 0 0 0 0 0 0 1 1 0 1 0 0
60	11	0 1 0 0 0 0 0 0 0 0 1 0 1 0 0 0
60	6	1 0 0 0 0 0 0 0 1 0 0 0 1 0 0 0
60	6	0 1 0 0 0 0 0 0 1 0 0 1 1 0 0 0
60	6	0 1 1 0 0 0 1 0 1 0 0 0 0 1 0 0
60	2	0 1 1 0 0 0 0 1 0 1 0 1 1 0 1 0
60	1	0 1 0 0 0 1 1 0 0 0 0 0 0 0 0 0
60	3	0 1 1 0 0 0 1 0 0 0 0 0 0 0 0 0
60	7	0 1 1 0 0 0 1 0 0 0 0 0 1 0 0 0
60	16	1 1 0 0 0 0 0 1 0 0 0 0 0 0 0 0
60	1	0 1 1 0 0 1 0 1 0 0 0 0 0 0 0 0
60	1	1 1 0 0 0 0 1 0 0 1 0 0 1 0 0 0
60	2	1 1 0 0 0 0 1 1 0 0 0 0 1 0 0 0
60	1	0 0 0 1 0 0 0 0 0 0 0 0 1 0 0 0
60	1	0 1 1 0 0 0 0 0 1 0 0 0 1 0 0 0
60	3	1 1 0 0 0 0 1 0 0 0 0 1 0 0 0 0
60	7	0 1 0 0 0 0 1 0 0 0 0 1 1 0 0 0
60	1	0 1 0 0 0 1 1 0 0 0 0 0 1 1 0 0
60	4	1 1 0 0 0 0 0 1 0 0 0 0 1 0 0 0
60	1	0 0 0 0 0 0 0 0 0 0 0 0 1 0 1 0
60	1	0 1 0 0 0 0 0 1 0 0 0 0 1 0 0 1
60	1	0 1 0 1 1 0 1 0 0 0 0 0 0 1 0 0
60	9	0 1 0 1 1 0 1 1 0 0 0 0 0 0 0 0
60	1	0 1 0 1 0 0 1 0 0 0 0 0 1 0 0 0
60	1	0 0 0 0 0 0 0 0 1 0 0 0 1 0 0 0
60	2	0 1 1 0 0 0 0 0 0 0 0 0 1 0 0 1
60	1	0 1 0 0 0 1 0 0 0 0 0 0 1 1 0 0
60	1	0 1 0 0 0 0 0 0 0 0 0 0 1 0 1 0
60	1	0 1 1 0 0 0 0 1 0 1 0 0 0 0 0 0
60	1	0 1 0 0 0 0 0 0 1 0 0 0 1 0 0 1
60	2	0 0 1 0 0 0 0 0 0 1 0 0 1 0 0 1
60	2	0 1 0 1 0 0 0 0 1 0 0 0 0 0 0 0
80	7	0 1 0 0 0 0 1 0 0 0 0 0 0 0 0 0
80	136	0 1 0 0 0 0 0 0 0 0 0 0 1 0 0 0
80	14	0 1 0 0 0 0 0 0 0 0 0 0 0 0 0 0
80	2	0 1 0 0 0 0 1 0 0 0 0 0 1 0 0 0
80	7	0 0 0 0 0 0 0 0 0 0 0 0 1 0 0 0
80	24	0 1 0 0 0 0 0 1 0 0 0 0 1 0 0 0
80	45	0 1 0 0 0 0 0 0 0 0 0 0 1 1 0 0
80	13	1 0 0 0 0 0 0 0 0 0 0 0 1 0 0 0
80	32	0 1 1 0 0 0 0 0 0 0 0 0 1 0 0 0
80	9	0 1 0 0 0 0 0 1 0 0 0 0 0 0 0 0
80	11	0 1 0 0 0 0 0 0 0 1 0 0 1 0 0 0
80	27	1 1 0 0 0 0 0 0 0 0 0 0 1 0 0 0
80	67	0 1 1 0 0 0 0 1 0 0 0 0 0 0 0 0
80	21	0 0 0 1 1 0 1 0 0 0 0 0 0 0 0 0
80	1	0 1 0 0 0 0 0 0 1 0 0 0 1 0 0 0
80	5	1 1 0 0 0 0 1 0 0 0 0 0 0 0 0 0
80	11	0 1 0 0 0 0 0 0 0 0 0 1 1 0 0 0
80	15	1 1 0 0 0 0 1 0 0 0 0 0 1 0 0 0
80	7	0 0 1 0 0 0 0 0 0 0 0 0 0 0 0 0
80	31	0 0 0 0 0 0 1 0 0 0 0 1 1 0 0 0
80	4	0 0 0 0 0 0 1 0 1 0 0 0 0 0 0 1
80	2	0 0 0 1 1 0 1 0 0 0 0 0 1 0 0 0
80	9	1 0 0 0 1 0 0 0 0 0 0 0 1 0 0 0
80	12	1 1 1 0 0 0 0 1 0 0 0 0 0 0 0 0
80	28	0 1 0 1 0 0 0 0 0 0 0 0 1 0 0 0
80	16	0 1 0 0 0 1 0 0 0 0 0 0 1 0 0 0
80	7	0 1 0 1 0 0 0 0 1 0 0 0 0 1 0 0
80	4	0 1 0 0 0 0 0 0 0 0 1 0 1 0 0 0
80	6	0 1 0 0 0 0 0 0 1 0 0 1 1 0 0 0
80	9	0 1 1 0 0 0 1 0 1 0 0 0 0 1 0 0
80	19	0 1 1 0 0 0 1 0 0 0 0 0 1 0 0 0
80	40	1 1 0 0 0 0 0 1 0 0 0 0 0 0 0 0
80	50	0 1 1 0 0 1 0 1 0 0 0 0 0 0 0 0
80	3	0 1 0 0 0 0 1 0 0 0 0 1 1 0 0 0
80	23	0 1 0 1 1 0 1 1 0 0 0 0 0 0 0 0
80	29	0 1 0 1 0 0 0 0 1 0 0 0 0 0 0 0
80	3	0 1 0 1 0 0 0 0 1 0 0 0 1 0 0 0
80	5	0 0 1 0 1 1 0 0 0 0 0 0 0 0 0 0
80	17	0 1 1 0 0 0 0 1 1 0 0 0 0 0 0 0
80	21	1 1 0 0 0 0 1 0 0 0 0 1 1 0 0 0
80	9	0 1 0 1 0 0 0 1 0 0 0 0 0 0 0 0
80	3	1 1 1 0 0 0 0 0 0 0 0 0 1 0 0 0
80	1	1 1 0 0 0 0 0 0 0 0 1 0 1 0 0 0
80	1	0 1 0 0 0 0 0 0 1 0 0 0 0 0 0 0
80	9	0 1 0 1 0 1 0 0 0 0 0 0 1 0 0 0
80	7	1 0 0 0 1 0 0 0 1 0 0 0 1 1 0 0
80	16	1 1 0 0 0 0 0 1 0 0 0 1 1 0 0 0
80	1	0 1 1 1 1 0 1 1 0 0 0 0 1 0 0 1
80	1	0 0 0 0 0 0 0 0 0 0 1 0 1 0 0 0
80	4	0 1 0 0 0 0 0 1 0 0 0 0 1 1 0 0
80	9	1 1 0 0 0 0 0 0 0 0 0 0 1 1 0 0
80	21	1 1 0 0 0 0 0 0 0 0 0 0 0 0 0 0
80	1	1 0 0 0 0 0 0 0 0 0 0 0 1 0 0 1
80	2	1 1 0 0 0 1 0 0 0 0 0 0 1 0 0 0
80	11	0 1 1 1 0 0 0 1 0 0 0 0 0 0 0 0
80	3	0 1 0 1 1 0 1 1 0 0 0 0 1 0 0 0
80	5	0 1 1 0 0 0 0 0 0 0 0 0 1 0 0 1
80	1	0 1 0 0 0 0 0 0 0 0 0 1 1 0 0 1
80	14	0 0 0 0 0 0 0 1 0 0 0 0 0 0 0 0
80	8	0 0 0 0 0 0 1 0 0 0 0 0 1 0 0 0
80	9	0 1 1 0 0 0 1 1 0 0 0 0 0 0 0 0
80	11	0 0 1 1 1 0 1 0 0 0 0 0 0 0 0 0
80	2	0 1 1 0 0 0 0 0 0 0 0 0 0 0 0 0
80	3	0 1 0 0 1 0 1 0 1 0 0 0 1 0 0 0
80	2	0 0 0 1 1 0 1 1 0 0 0 0 0 0 0 0
80	1	0 1 0 1 1 0 0 1 0 0 0 0 0 0 0 0
80	1	0 1 0 1 0 1 0 0 0 1 0 0 1 0 0 0
80	3	1 1 0 0 0 0 1 0 1 0 0 0 0 0 0 0
80	4	0 1 0 1 0 0 0 0 1 0 0 0 1 1 0 0
80	4	0 1 0 1 0 0 0 0 1 0 0 1 1 0 0 0
80	4	0 1 1 0 0 0 1 0 0 0 1 0 1 0 0 0
80	2	0 1 0 0 0 0 0 0 0 0 0 1 1 1 0 0
80	7	0 0 0 0 0 0 1 1 0 0 0 1 1 0 0 0
80	2	1 1 0 1 0 0 0 1 0 0 0 1 1 0 0 0
80	1	0 0 1 1 1 1 0 1 0 0 0 0 0 0 0 0
80	1	1 1 0 0 0 0 0 1 0 0 1 0 0 0 0 0
80	2	0 1 0 1 1 0 1 1 0 0 0 1 0 0 0 0
80	1	1 1 0 0 1 0 0 1 0 0 0 1 1 0 0 0
80	2	0 1 1 0 0 0 0 1 1 0 0 0 1 0 0 0
80	1	1 1 0 0 0 0 1 1 0 0 0 0 1 0 0 1
80	1	1 0 1 0 0 0 0 0 0 0 0 0 1 0 0 0
80	2	0 1 1 0 0 0 1 1 1 0 0 0 0 0 0 0
80	1	0 1 1 1 0 0 0 1 0 1 0 0 0 0 0 0
80	2	0 0 1 1 1 0 1 0 0 1 0 0 0 0 0 0
80	1	0 1 0 0 0 0 0 0 0 0 0 0 1 0 1 0
80	2	0 1 0 1 0 0 0 0 0 0 0 1 1 0 0 0
80	3	1 0 0 0 1 0 0 0 0 0 0 0 1 0 1 0
80	2	1 1 1 0 0 0 0 1 0 0 0 0 0 0 1 0
80	3	0 1 0 1 0 0 0 1 1 0 0 0 0 0 0 0
80	1	0 1 1 1 0 0 0 1 0 0 0 0 1 0 0 0
100	110	0 1 0 0 0 0 0 0 0 0 0 0 1 0 0 0
100	37	0 1 0 0 0 0 0 0 0 0 0 0 1 1 0 0
100	17	1 0 0 0 0 0 0 0 0 0 0 0 1 0 0 0
100	31	0 1 1 0 0 0 0 0 0 0 0 0 1 0 0 0
100	3	0 1 0 0 0 0 0 1 0 0 0 0 0 0 0 0
100	8	0 1 0 0 0 0 0 0 0 1 0 0 1 0 0 0
100	9	1 1 0 0 0 0 0 0 0 0 0 0 1 0 0 0
100	21	0 1 1 0 0 0 0 1 0 0 0 0 0 0 0 0
100	8	0 0 0 1 1 0 1 0 0 0 0 0 0 0 0 0
100	8	0 1 0 0 0 0 0 0 0 0 0 1 1 0 0 0
100	2	1 1 0 0 0 0 1 0 0 0 0 0 1 0 0 0
100	16	0 0 0 0 0 0 1 0 0 0 0 1 1 0 0 0
100	5	1 0 0 0 1 0 0 0 0 0 0 0 1 0 0 0
100	12	1 1 1 0 0 0 0 1 0 0 0 0 0 0 0 0
100	24	0 1 0 1 0 0 0 0 0 0 0 0 1 0 0 0
100	27	0 1 0 1 0 0 0 0 1 0 0 0 0 1 0 0
100	7	0 1 0 0 0 0 0 0 0 0 1 0 1 0 0 0
100	3	0 1 1 0 0 0 1 0 1 0 0 0 0 1 0 0
100	31	0 1 1 0 0 0 1 0 0 0 0 0 1 0 0 0
100	34	1 1 0 0 0 0 0 1 0 0 0 0 0 0 0 0
100	44	0 1 1 0 0 1 0 1 0 0 0 0 0 0 0 0
100	5	0 1 0 0 0 0 1 0 0 0 0 1 1 0 0 0
100	39	0 1 0 1 0 0 0 0 1 0 0 0 0 0 0 0
100	4	0 1 0 1 0 0 0 0 1 0 0 0 1 0 0 0
100	15	0 1 1 0 0 0 0 1 1 0 0 0 0 0 0 0
100	18	1 1 0 0 0 0 1 0 0 0 0 1 1 0 0 0
100	52	0 1 0 1 0 0 0 1 0 0 0 0 0 0 0 0
100	3	0 1 0 1 0 1 0 0 0 0 0 0 1 0 0 0
100	22	1 1 0 0 0 0 0 1 0 0 0 1 1 0 0 0
100	4	0 1 1 1 1 0 1 1 0 0 0 0 1 0 0 1
100	1	1 1 0 0 0 0 0 0 0 0 0 0 0 0 0 0
100	16	0 1 1 1 0 0 0 1 0 0 0 0 0 0 0 0
100	34	0 0 0 0 0 0 1 0 0 0 0 0 1 0 0 0
100	9	0 1 1 0 0 0 1 1 0 0 0 0 0 0 0 0
100	3	0 0 1 1 1 0 1 0 0 0 0 0 0 0 0 0
100	1	0 0 0 0 0 0 1 1 0 0 0 1 1 0 0 0
100	39	0 1 0 1 0 0 0 1 1 0 0 0 0 0 0 0
100	3	0 1 0 1 0 0 0 0 0 0 0 0 1 1 0 0
100	8	0 1 1 1 0 0 0 0 0 0 0 0 1 0 0 0
100	13	0 1 1 0 0 0 0 1 0 0 0 1 0 0 0 0
100	7	0 1 1 0 0 1 0 1 1 0 0 0 0 0 0 0
100	7	0 0 1 1 1 0 1 0 0 0 0 0 0 1 0 0
100	7	0 1 0 1 0 0 0 0 0 0 0 0 0 0 0 0
100	23	0 1 1 0 0 1 0 1 0 0 0 1 1 0 0 0
100	11	0 1 1 1 0 0 0 1 0 0 0 0 0 0 0 1
100	10	1 1 1 0 0 0 0 0 0 0 0 0 1 0 0 0
100	3	0 1 0 1 1 0 0 1 0 0 0 0 1 0 0 0
100	1	1 1 0 0 0 0 0 1 0 0 0 0 0 0 0 1
100	1	1 1 0 1 0 0 0 0 1 0 0 0 0 1 0 0
100	5	1 1 0 0 0 0 0 0 1 0 0 1 1 0 0 0
100	4	0 1 0 0 0 0 0 0 1 0 0 0 1 0 0 0
100	5	0 1 0 1 0 0 1 0 0 0 0 0 0 0 0 0
100	10	0 1 0 1 0 1 0 0 0 0 0 0 0 0 0 0
100	1	1 1 0 1 0 0 0 0 0 0 0 0 1 0 0 0
100	13	1 1 0 0 0 0 0 0 1 0 0 0 1 0 0 0
100	7	1 0 0 0 0 0 1 0 0 0 0 1 1 0 0 0
100	1	0 0 0 0 0 0 1 0 0 1 0 1 1 0 0 0
100	8	0 1 1 0 1 1 0 1 0 0 0 0 0 0 0 0
100	2	1 1 0 0 0 0 1 0 1 0 0 1 1 0 0 0
100	1	0 1 1 0 0 0 0 0 1 0 0 0 0 1 0 0
100	3	0 0 0 0 0 0 0 0 0 0 0 1 1 0 0 0
100	5	1 1 0 0 0 0 0 1 0 0 0 0 0 1 0 0
100	3	0 1 0 1 0 0 0 1 0 0 0 0 0 1 0 0
100	3	0 1 1 0 0 0 0 1 0 1 0 0 0 0 0 0
100	7	0 0 0 1 1 0 1 0 0 0 0 0 0 0 1 0
100	3	0 0 1 1 0 0 0 1 0 0 0 0 0 0 0 0
100	12	0 1 1 1 0 0 0 1 0 0 0 0 1 0 0 0
100	5	0 0 0 0 0 0 1 1 0 0 0 1 1 0 0 1
100	7	0 0 1 0 0 0 1 0 0 0 0 0 0 0 0 0
100	1	0 1 0 0 0 0 0 1 1 0 0 0 0 0 0 0
100	5	0 1 0 0 0 1 0 1 0 0 0 0 0 0 0 0
100	5	1 1 1 0 0 0 0 1 0 0 0 0 1 0 0 0
100	8	0 1 0 0 1 0 0 0 0 0 0 0 1 0 0 1
100	4	1 1 0 0 0 0 0 1 0 1 0 0 0 0 0 0
100	1	0 0 1 0 0 0 1 0 0 0 0 0 1 0 0 0
100	3	0 0 1 1 0 0 0 1 0 0 0 0 1 0 0 0
100	2	0 1 1 0 0 0 1 0 1 0 0 1 1 0 0 0
100	5	0 1 0 1 0 0 0 0 1 0 0 1 1 0 0 0
100	1	0 0 0 0 0 1 1 0 0 0 0 1 1 0 0 0
100	2	0 1 1 1 0 0 1 0 1 0 0 0 0 1 0 0
100	2	0 1 1 1 0 1 0 1 0 0 0 0 0 0 0 0
100	1	1 1 0 1 0 0 0 0 1 0 0 0 0 0 0 0
100	2	0 0 0 0 0 0 1 1 0 0 0 0 0 0 0 0
100	5	1 1 1 0 0 0 0 0 0 0 0 0 1 0 0 1
100	8	0 0 1 1 0 0 0 1 0 0 0 0 1 0 0 1
100	1	0 1 0 0 0 0 1 0 0 0 0 0 1 0 0 0
100	1	0 1 0 1 0 0 0 0 1 0 0 0 1 1 0 0
100	1	0 1 0 1 0 0 0 1 1 1 0 0 0 0 0 0
100	2	0 1 0 1 1 0 0 0 1 0 0 0 0 0 0 1
100	3	0 0 0 0 0 0 1 0 0 0 0 0 0 0 0 0
100	2	0 0 0 0 0 0 0 0 0 0 0 0 1 0 0 0
100	2	0 1 1 0 0 1 0 1 1 0 0 0 0 1 0 0
100	1	0 1 1 0 0 0 0 0 0 0 0 1 1 0 0 0
100	1	0 1 1 0 0 1 0 0 0 0 0 0 1 0 0 0
100	2	0 0 1 0 0 0 0 1 0 0 0 0 0 0 0 0
100	1	0 1 0 1 0 0 0 0 0 0 0 0 1 0 0 1
100	1	0 0 1 0 0 1 0 1 0 0 0 0 0 0 0 0
100	1	1 1 0 0 1 0 1 0 0 0 0 1 1 0 0 0
100	1	0 1 0 1 0 0 0 1 1 0 1 0 0 0 0 0
100	3	0 1 0 1 0 1 0 0 0 0 0 0 0 0 0 1
100	1	1 0 1 1 0 0 0 1 0 0 0 0 0 0 0 0
120	52	0 1 0 0 0 0 0 0 0 0 0 0 1 0 0 0
120	8	0 1 0 0 0 0 0 0 0 0 0 0 1 1 0 0
120	2	1 0 0 0 0 0 0 0 0 0 0 0 1 0 0 0
120	57	0 1 1 0 0 0 0 0 0 0 0 0 1 0 0 0
120	36	0 1 0 0 0 0 0 1 0 0 0 0 0 0 0 0
120	25	0 1 1 0 0 0 0 1 0 0 0 0 0 0 0 0
120	19	0 0 0 1 1 0 1 0 0 0 0 0 0 0 0 0
120	15	1 0 0 0 1 0 0 0 0 0 0 0 1 0 0 0
120	24	1 1 1 0 0 0 0 1 0 0 0 0 0 0 0 0
120	2	0 1 0 1 0 0 0 0 0 0 0 0 1 0 0 0
120	10	0 1 0 1 0 0 0 0 1 0 0 0 0 1 0 0
120	8	0 1 1 0 0 0 1 0 0 0 0 0 1 0 0 0
120	2	1 1 0 0 0 0 0 1 0 0 0 0 0 0 0 0
120	18	0 1 0 1 0 0 0 0 1 0 0 0 0 0 0 0
120	24	0 1 0 1 0 0 0 0 1 0 0 0 1 0 0 0
120	36	0 1 1 0 0 0 0 1 1 0 0 0 0 0 0 0
120	6	1 1 0 0 0 0 1 0 0 0 0 1 1 0 0 0
120	51	0 1 0 1 0 0 0 1 0 0 0 0 0 0 0 0
120	11	1 1 0 0 0 0 0 1 0 0 0 1 1 0 0 0
120	34	0 1 1 1 0 0 0 1 0 0 0 0 0 0 0 0
120	8	0 0 0 0 0 0 1 0 0 0 0 0 1 0 0 0
120	28	0 1 1 0 0 0 1 1 0 0 0 0 0 0 0 0
120	36	0 1 0 1 0 0 0 1 1 0 0 0 0 0 0 0
120	29	0 1 1 1 0 0 0 0 0 0 0 0 1 0 0 0
120	15	0 1 1 0 0 0 0 1 0 0 0 1 0 0 0 0
120	73	0 1 0 1 0 0 0 0 0 0 0 0 0 0 0 0
120	7	0 1 1 0 0 1 0 1 0 0 0 1 1 0 0 0
120	7	1 1 1 0 0 0 0 0 0 0 0 0 1 0 0 0
120	27	1 1 0 1 0 0 0 0 1 0 0 0 0 1 0 0
120	15	1 1 0 0 0 0 0 0 1 0 0 1 1 0 0 0
120	14	0 1 0 1 0 0 1 0 0 0 0 0 0 0 0 0
120	10	1 1 0 0 0 0 0 0 1 0 0 0 1 0 0 0
120	22	1 1 0 0 0 0 1 0 1 0 0 1 1 0 0 0
120	4	0 0 0 1 1 0 1 0 0 0 0 0 0 0 1 0
120	2	0 0 1 1 0 0 0 1 0 0 0 0 0 0 0 0
120	11	0 1 0 0 0 1 0 1 0 0 0 0 0 0 0 0
120	11	1 1 1 0 0 0 0 1 0 0 0 0 1 0 0 0
120	3	1 1 0 1 0 0 0 0 1 0 0 0 0 0 0 0
120	10	1 1 1 0 0 0 0 0 0 0 0 0 1 0 0 1
120	11	0 1 0 1 0 0 0 1 1 1 0 0 0 0 0 0
120	1	0 0 0 0 0 0 1 0 0 0 0 0 0 0 0 0
120	7	0 1 0 0 0 0 0 1 0 0 0 0 1 0 0 0
120	5	0 1 0 1 0 0 0 1 0 0 0 0 1 0 0 1
120	12	0 0 0 1 0 0 0 1 0 0 0 0 0 0 0 0
120	1	0 0 1 0 1 0 1 0 0 0 0 0 0 0 0 0
120	3	0 1 1 1 0 0 0 0 1 0 0 0 0 0 0 0
120	1	1 0 0 0 0 0 1 0 0 0 0 0 1 0 0 0
120	3	1 1 0 0 0 0 0 1 0 0 0 0 0 0 0 1
120	3	1 1 0 1 0 0 0 1 0 0 0 0 0 0 0 0
120	19	0 0 1 1 0 0 0 1 0 0 0 0 0 0 0 1
120	3	0 1 0 0 0 0 1 1 0 0 0 0 0 0 0 0
120	6	0 0 1 1 0 0 0 1 0 0 0 0 0 0 1 0
120	6	1 1 0 0 1 0 1 0 0 0 0 0 1 0 0 0
120	7	0 1 1 0 0 0 0 0 0 0 0 0 1 1 0 0
120	3	0 1 0 1 0 0 0 0 1 1 0 0 1 0 0 0
120	3	0 1 0 0 0 0 0 1 0 0 0 1 1 0 0 0
120	6	0 1 1 0 0 0 0 0 1 0 0 0 0 0 0 0
120	5	0 0 1 1 0 0 1 1 0 0 0 0 0 0 0 0
120	6	0 1 1 0 0 0 0 1 0 0 0 0 1 0 1 0
120	3	1 1 0 0 0 0 0 0 1 1 0 0 0 0 0 0
120	3	0 1 0 0 0 0 0 0 0 0 0 1 1 0 0 0
120	4	1 1 0 0 1 0 0 0 1 0 0 1 1 0 0 0
120	2	0 1 0 0 0 0 0 1 0 0 0 1 0 0 0 0
120	2	1 1 0 1 0 0 0 0 1 0 0 0 1 0 0 0
120	3	1 1 1 0 0 0 0 0 0 0 0 0 0 0 0 0
120	1	1 1 0 0 1 0 1 0 0 0 0 0 0 0 0 0
120	1	0 0 0 1 0 0 0 0 1 0 0 0 0 0 0 0
120	1	0 1 0 0 1 0 0 0 1 0 0 0 1 0 0 1
120	2	1 1 0 0 1 0 1 0 0 0 0 1 1 1 0 0
120	2	1 1 0 1 0 0 0 0 0 0 0 0 0 0 0 0
120	7	0 1 1 1 0 0 0 1 1 0 0 0 0 0 0 0
120	2	0 1 1 0 0 0 0 1 0 0 0 0 1 0 0 0
120	5	0 1 0 1 0 0 0 1 1 0 0 0 1 0 0 0
120	4	0 1 0 0 1 0 1 0 0 0 0 0 1 0 0 0
120	1	0 1 0 1 0 0 0 0 1 0 0 0 1 0 1 0
120	1	0 1 1 0 0 0 0 0 0 0 0 0 0 0 0 0
120	5	0 0 1 1 0 0 1 0 0 0 0 0 1 0 0 0
120	6	0 1 1 0 0 0 1 0 1 0 0 0 1 0 0 0
120	2	0 1 0 1 0 0 0 1 1 0 0 1 0 0 0 0
120	6	0 1 0 0 0 0 0 0 0 0 0 0 0 0 0 0
120	6	0 1 0 1 0 0 0 0 1 0 0 0 1 0 0 1
120	2	1 1 0 0 1 0 0 1 0 0 0 1 1 0 0 0
120	4	0 1 0 1 0 0 0 0 0 0 0 0 0 0 0 1
120	3	0 1 1 0 0 1 0 1 1 0 0 1 1 0 0 0
120	1	0 1 0 0 1 0 0 0 1 0 0 0 0 0 0 1
120	4	0 1 1 0 0 0 0 1 1 0 0 1 0 0 0 0
120	3	0 1 1 1 0 0 0 0 0 0 0 1 0 0 0 0
120	3	1 1 1 0 0 0 0 0 1 0 0 0 0 0 0 0
120	1	0 1 1 0 0 0 0 1 0 0 0 0 0 0 1 0
120	1	0 1 0 1 0 0 1 0 1 0 0 0 1 0 0 0
120	1	1 1 0 0 0 0 0 1 1 0 0 1 1 0 0 0
120	3	0 1 1 1 0 0 0 0 0 0 0 0 0 0 0 0
120	4	0 1 0 1 0 0 0 1 0 0 0 0 1 0 0 0
120	3	0 1 0 1 0 0 0 0 0 0 0 1 0 0 0 0
120	2	1 1 0 0 0 0 0 0 0 0 0 0 1 0 0 0
120	1	0 1 0 0 0 0 0 0 1 0 0 0 1 0 0 0
120	1	0 1 0 0 0 0 0 1 0 1 0 0 0 0 0 0
120	1	0 1 0 1 0 0 0 0 1 0 0 1 1 0 0 0
120	2	1 1 0 0 0 1 1 0 0 0 0 1 1 0 0 0
120	1	0 1 0 1 0 0 0 1 0 0 0 0 0 0 1 0
120	1	0 1 0 1 1 0 0 1 0 0 0 0 0 0 0 0
120	3	1 1 0 0 0 0 0 1 0 0 0 1 1 0 0 1
120	1	0 1 1 1 0 1 0 0 0 0 0 0 1 0 0 0
120	1	0 1 0 1 0 0 0 0 0 0 0 0 0 0 1 0
120	1	1 1 1 0 0 0 0 1 1 0 0 1 1 0 0 0
140	22	0 1 0 0 0 0 0 0 0 0 0 0 1 0 0 0
140	24	0 1 1 0 0 0 0 0 0 0 0 0 1 0 0 0
140	37	0 1 0 0 0 0 0 1 0 0 0 0 0 0 0 0
140	17	0 1 1 0 0 0 0 1 0 0 0 0 0 0 0 0
140	4	0 0 0 1 1 0 1 0 0 0 0 0 0 0 0 0
140	15	1 1 1 0 0 0 0 1 0 0 0 0 0 0 0 0
140	5	0 1 0 1 0 0 0 0 0 0 0 0 1 0 0 0
140	14	0 1 0 1 0 0 0 0 1 0 0 0 0 1 0 0
140	2	0 1 1 0 0 0 1 0 0 0 0 0 1 0 0 0
140	15	0 1 0 1 0 0 0 0 1 0 0 0 0 0 0 0
140	16	0 1 0 1 0 0 0 0 1 0 0 0 1 0 0 0
140	22	0 1 1 0 0 0 0 1 1 0 0 0 0 0 0 0
140	26	0 1 0 1 0 0 0 1 0 0 0 0 0 0 0 0
140	70	0 1 1 1 0 0 0 1 0 0 0 0 0 0 0 0
140	19	0 0 0 0 0 0 1 0 0 0 0 0 1 0 0 0
140	27	0 1 1 0 0 0 1 1 0 0 0 0 0 0 0 0
140	2	0 1 0 1 0 0 0 1 1 0 0 0 0 0 0 0
140	4	0 1 1 0 0 0 0 1 0 0 0 1 0 0 0 0
140	49	0 1 0 1 0 0 0 0 0 0 0 0 0 0 0 0
140	8	1 1 0 1 0 0 0 0 1 0 0 0 0 1 0 0
140	8	1 1 0 0 0 0 0 0 1 0 0 1 1 0 0 0
140	12	1 1 0 0 0 0 0 0 1 0 0 0 1 0 0 0
140	8	1 1 0 0 0 0 1 0 1 0 0 1 1 0 0 0
140	11	0 0 1 1 0 0 0 1 0 0 0 0 0 0 0 0
140	18	1 1 1 0 0 0 0 1 0 0 0 0 1 0 0 0
140	1	1 1 0 1 0 0 0 0 1 0 0 0 0 0 0 0
140	11	1 1 1 0 0 0 0 0 0 0 0 0 1 0 0 1
140	11	0 0 0 1 0 0 0 1 0 0 0 0 0 0 0 0
140	16	0 1 1 1 0 0 0 0 1 0 0 0 0 0 0 0
140	24	0 0 1 1 0 0 0 1 0 0 0 0 0 0 0 1
140	3	0 1 0 0 0 0 1 1 0 0 0 0 0 0 0 0
140	8	0 1 1 0 0 0 0 0 0 0 0 0 1 1 0 0
140	4	0 1 0 0 0 0 0 0 0 0 0 1 1 0 0 0
140	11	1 1 0 0 1 0 0 0 1 0 0 1 1 0 0 0
140	10	0 1 1 1 0 0 0 1 1 0 0 0 0 0 0 0
140	2	0 1 0 1 0 0 0 1 1 0 0 0 1 0 0 0
140	10	0 1 0 0 1 0 1 0 0 0 0 0 1 0 0 0
140	4	0 1 1 0 0 0 0 0 0 0 0 0 0 0 0 0
140	8	0 1 1 0 0 0 1 0 1 0 0 0 1 0 0 0
140	10	0 1 0 1 0 0 0 1 1 0 0 1 0 0 0 0
140	2	0 1 0 1 0 0 0 0 0 0 0 1 0 0 0 0
140	19	0 1 0 0 0 0 0 1 0 1 0 0 0 0 0 0
140	9	0 1 1 1 0 1 0 0 0 0 0 0 1 0 0 0
140	10	1 1 1 0 0 0 0 1 1 0 0 1 1 0 0 0
140	11	0 0 0 1 1 0 1 0 1 0 0 0 0 0 0 0
140	16	1 1 0 0 0 0 0 0 1 0 0 0 0 0 0 0
140	1	0 1 0 1 0 0 0 1 1 0 0 0 0 1 0 0
140	6	0 0 1 0 0 0 0 0 0 0 0 0 1 0 0 0
140	10	0 1 1 0 0 1 0 0 0 0 0 0 1 0 0 0
140	9	0 1 0 0 0 0 1 0 0 0 0 0 1 0 0 0
140	43	1 0 0 1 0 0 0 1 0 0 0 0 0 0 0 0
140	5	1 0 0 0 1 0 0 0 0 0 0 0 0 0 0 0
140	21	0 1 0 1 1 0 0 1 0 0 0 0 0 0 0 0
140	4	0 0 1 1 0 0 1 0 0 0 1 0 1 0 0 0
140	1	0 1 1 1 0 0 0 0 1 0 0 0 1 0 0 0
140	2	0 1 0 0 0 0 0 0 0 0 0 0 0 0 0 0
140	1	0 0 0 1 1 0 1 1 0 0 0 0 0 0 0 0
140	12	0 1 1 0 0 0 0 1 0 0 0 1 0 0 1 0
140	20	1 0 0 1 0 0 0 1 0 1 0 0 0 0 0 0
140	11	0 1 0 1 0 0 1 1 0 0 0 0 0 0 0 0
140	9	0 1 1 0 0 0 1 0 0 0 0 0 0 0 0 0
140	18	0 1 1 0 1 0 0 0 0 0 0 0 1 0 0 0
140	10	0 0 0 1 1 0 0 0 0 0 0 0 0 0 0 0
140	6	0 0 0 0 0 0 0 1 0 0 0 0 0 0 1 0
140	3	1 1 0 0 0 0 0 0 1 0 1 1 1 0 0 0
140	9	0 1 1 1 0 0 0 1 1 0 0 0 1 0 0 0
140	6	1 1 0 0 0 0 0 0 0 0 0 0 0 0 0 0
140	6	1 0 0 0 1 0 0 0 1 0 0 0 0 0 0 0
140	2	1 1 1 0 0 0 1 1 0 0 0 0 0 0 0 0
140	6	0 1 0 1 0 0 0 1 0 0 0 0 0 0 0 1
140	17	1 1 1 1 0 0 0 1 0 0 0 0 0 0 0 0
140	3	0 1 1 0 0 0 0 0 0 0 1 0 0 0 0 0
140	4	1 1 0 0 0 0 0 1 0 0 0 0 0 0 0 0
140	2	1 1 1 0 0 0 0 1 0 0 0 0 0 0 0 1
140	1	1 1 1 0 0 0 0 1 0 1 0 0 0 0 0 0
140	4	0 1 0 1 0 0 0 1 1 0 0 0 1 0 0 1
140	4	0 1 1 0 0 0 0 0 1 0 0 0 1 0 1 0
140	2	0 1 0 1 0 0 0 0 0 0 0 0 0 1 0 0
140	1	0 0 0 1 0 0 0 0 0 0 0 0 0 0 0 0
140	13	0 1 0 1 1 0 0 1 0 0 1 0 0 0 0 0
140	3	0 1 0 0 0 0 0 1 0 0 0 1 0 0 0 0
140	3	0 1 1 1 0 0 0 0 0 0 0 0 1 0 0 0
140	1	0 0 1 0 0 0 0 0 0 0 0 0 1 0 1 0
140	1	1 0 0 1 1 0 0 1 0 0 0 0 0 0 0 0
140	1	0 1 1 0 0 0 0 0 1 0 0 0 0 0 1 0
140	9	0 1 0 1 0 0 0 1 0 0 0 1 0 0 0 0
140	4	1 0 0 1 0 0 0 1 0 1 0 0 0 0 0 1
140	2	0 1 1 0 0 0 1 1 0 0 0 0 1 0 0 0
140	4	0 0 0 1 1 0 0 1 0 0 1 0 0 0 0 0
140	2	1 1 1 1 0 0 0 0 0 0 0 0 1 0 0 1
140	1	0 0 1 1 0 0 0 1 0 1 0 0 0 0 0 1
140	2	0 1 0 0 0 0 0 1 1 1 0 0 0 0 0 0
140	3	0 1 1 0 0 0 1 1 1 0 0 0 0 0 0 0
140	1	0 1 1 0 0 1 0 0 0 0 0 0 0 0 0 0
140	1	1 1 1 1 0 0 0 0 0 0 0 0 0 0 0 0
140	4	1 1 1 0 0 0 0 1 0 0 0 1 0 0 0 0
140	2	0 1 0 1 1 0 0 1 1 0 0 1 0 0 0 0
140	1	0 1 0 0 0 0 0 1 1 0 0 0 0 0 0 0
140	4	0 0 0 0 0 0 1 0 0 0 0 0 0 0 0 0
140	2	1 1 1 0 0 0 0 1 0 0 1 0 1 0 0 0
140	1	0 1 1 1 0 0 0 1 0 0 0 0 0 0 0 1
140	2	0 1 1 0 0 0 0 0 1 0 0 0 1 0 0 0
140	1	0 0 0 1 1 0 1 1 0 0 0 0 0 0 0 1
140	3	0 1 1 1 0 0 0 1 0 0 0 1 0 0 1 0
140	2	1 1 1 0 1 0 0 0 0 0 0 0 1 0 0 0
140	3	0 1 1 1 0 0 0 1 1 0 1 0 1 0 0 0
140	2	0 0 0 0 0 0 0 0 0 0 1 0 0 0 0 0
140	1	0 1 1 0 0 1 0 0 0 0 1 0 0 0 0 0
140	1	0 1 0 1 1 0 0 1 1 0 0 0 1 0 0 0
140	1	0 1 1 0 0 0 0 1 1 0 0 0 0 1 0 0
140	1	0 1 1 1 0 0 0 1 0 0 0 0 1 0 0 0
140	2	0 1 1 1 1 1 0 0 0 0 0 0 1 0 0 0
140	2	0 1 1 1 0 0 0 1 1 0 0 1 1 0 0 0
160	18	0 1 0 0 0 0 0 0 0 0 0 0 1 0 0 0
160	54	0 1 1 0 0 0 0 0 0 0 0 0 1 0 0 0
160	16	0 1 0 0 0 0 0 1 0 0 0 0 0 0 0 0
160	16	0 1 1 0 0 0 0 1 0 0 0 0 0 0 0 0
160	5	1 1 1 0 0 0 0 1 0 0 0 0 0 0 0 0
160	13	0 1 0 1 0 0 0 0 0 0 0 0 1 0 0 0
160	1	0 1 0 1 0 0 0 0 1 0 0 0 0 1 0 0
160	21	0 1 0 1 0 0 0 0 1 0 0 0 0 0 0 0
160	27	0 1 0 1 0 0 0 0 1 0 0 0 1 0 0 0
160	1	0 1 1 0 0 0 0 1 1 0 0 0 0 0 0 0
160	3	0 1 0 1 0 0 0 1 0 0 0 0 0 0 0 0
160	67	0 1 1 1 0 0 0 1 0 0 0 0 0 0 0 0
160	4	0 1 1 0 0 0 0 1 0 0 0 1 0 0 0 0
160	69	0 1 0 1 0 0 0 0 0 0 0 0 0 0 0 0
160	30	1 1 0 0 0 0 1 0 1 0 0 1 1 0 0 0
160	12	0 0 1 1 0 0 0 1 0 0 0 0 0 0 0 0
160	11	1 1 1 0 0 0 0 1 0 0 0 0 1 0 0 0
160	11	1 1 1 0 0 0 0 0 0 0 0 0 1 0 0 1
160	22	0 0 0 1 0 0 0 1 0 0 0 0 0 0 0 0
160	48	0 1 1 1 0 0 0 0 1 0 0 0 0 0 0 0
160	1	0 0 1 1 0 0 0 1 0 0 0 0 0 0 0 1
160	10	0 1 0 0 0 0 1 1 0 0 0 0 0 0 0 0
160	33	0 1 1 1 0 0 0 1 1 0 0 0 0 0 0 0
160	10	0 1 0 0 1 0 1 0 0 0 0 0 1 0 0 0
160	21	0 1 0 0 0 0 0 1 0 1 0 0 0 0 0 0
160	10	0 1 1 1 0 1 0 0 0 0 0 0 1 0 0 0
160	11	1 1 1 0 0 0 0 1 1 0 0 1 1 0 0 0
160	10	0 0 0 1 1 0 1 0 1 0 0 0 0 0 0 0
160	10	0 1 1 0 0 1 0 0 0 0 0 0 1 0 0 0
160	7	0 1 0 0 0 0 1 0 0 0 0 0 1 0 0 0
160	26	1 0 0 1 0 0 0 1 0 0 0 0 0 0 0 0
160	5	1 0 0 0 1 0 0 0 0 0 0 0 0 0 0 0
160	40	0 1 0 0 0 0 0 0 0 0 0 0 0 0 0 0
160	14	0 1 1 0 0 0 0 1 0 0 0 1 0 0 1 0
160	12	1 0 0 1 0 0 0 1 0 1 0 0 0 0 0 0
160	2	0 1 0 1 0 0 1 1 0 0 0 0 0 0 0 0
160	5	0 1 1 0 0 0 1 0 0 0 0 0 0 0 0 0
160	8	0 1 1 0 1 0 0 0 0 0 0 0 1 0 0 0
160	17	0 1 1 1 0 0 0 1 1 0 0 0 1 0 0 0
160	3	1 1 1 1 0 0 0 1 0 0 0 0 0 0 0 0
160	11	1 1 0 0 0 0 0 1 0 0 0 0 0 0 0 0
160	13	0 1 0 1 1 0 0 1 0 0 1 0 0 0 0 0
160	4	1 0 0 1 0 0 0 1 0 1 0 0 0 0 0 1
160	10	1 1 1 0 1 0 0 0 0 0 0 0 1 0 0 0
160	2	0 1 1 1 0 0 0 1 0 0 0 0 1 0 0 0
160	10	1 1 1 0 0 0 0 0 0 0 0 0 1 0 0 0
160	3	0 1 1 0 1 0 0 0 0 0 0 0 0 0 0 0
160	11	1 0 1 1 0 0 0 1 0 1 0 0 0 0 0 0
160	12	0 0 1 1 1 0 1 0 0 0 1 0 1 0 0 0
160	10	1 1 0 0 0 0 0 0 0 0 0 0 1 0 0 0
160	12	0 1 1 0 0 1 0 0 1 0 0 0 0 0 0 0
160	3	0 1 1 0 0 0 0 1 0 0 1 0 0 0 0 0
160	3	1 1 1 1 0 0 0 1 1 0 0 0 1 0 0 0
160	6	0 1 1 1 0 0 0 1 0 0 0 1 0 0 0 0
160	7	0 1 1 0 0 0 0 1 0 1 0 0 0 0 0 0
160	1	0 0 1 0 0 0 0 1 0 0 0 1 0 0 0 0
160	1	0 1 0 1 0 0 0 0 0 0 0 0 0 1 0 0
160	7	1 1 0 0 1 0 1 0 1 0 0 1 1 0 0 0
160	3	0 1 1 1 0 0 0 1 1 0 1 0 1 1 0 0
160	1	0 0 1 1 0 0 0 1 0 0 1 0 0 0 0 0
160	8	1 1 0 0 0 0 0 1 0 0 0 0 1 0 0 0
160	7	0 1 0 1 0 0 1 0 1 0 0 0 0 0 0 0
160	6	0 1 1 1 0 1 0 1 0 0 0 0 0 0 0 0
160	6	1 1 1 0 0 0 0 0 0 0 0 0 0 0 0 0
160	4	0 1 1 0 0 0 0 1 0 0 0 0 0 0 0 1
160	2	0 1 1 1 1 0 0 1 0 0 0 1 0 0 1 0
160	3	1 1 1 1 0 0 0 1 0 0 0 0 1 0 0 0
160	1	0 0 0 1 1 0 1 0 1 0 0 0 0 0 0 1
160	1	0 1 1 1 0 0 1 1 0 0 0 0 0 0 0 0
160	3	1 0 1 0 0 0 0 1 1 0 0 1 1 0 0 0
160	4	1 0 0 0 0 0 0 1 0 0 0 0 0 0 1 0
160	3	1 1 0 0 0 0 0 1 0 0 0 0 1 0 1 0
160	4	1 1 1 0 0 0 0 0 1 0 0 0 0 0 0 0
160	7	0 0 0 0 0 0 0 1 0 1 0 0 0 0 0 0
160	4	0 1 1 0 0 0 0 0 0 0 0 0 0 0 0 0
160	3	0 0 0 1 0 0 0 1 0 1 0 0 0 0 0 1
160	1	0 0 0 1 0 0 0 0 0 0 0 0 0 0 0 0
160	2	0 1 0 1 1 0 0 1 0 1 1 0 0 0 0 0
160	1	0 1 0 1 0 0 0 0 0 0 0 1 0 0 0 0
160	5	0 0 0 1 1 0 1 0 0 0 0 0 1 0 0 0
160	2	0 0 0 1 0 0 0 1 0 0 0 0 0 0 0 1
160	5	0 1 1 0 0 1 0 0 0 0 0 0 0 0 0 0
160	1	0 1 1 0 0 0 0 0 0 0 0 0 1 1 0 0
160	5	0 1 0 1 0 1 0 0 1 0 0 0 0 0 0 0
160	4	0 1 1 0 1 1 0 0 0 0 0 0 1 0 0 0
160	9	0 1 0 1 0 0 0 0 0 0 0 1 1 0 0 0
160	3	0 1 1 1 0 0 0 1 1 0 0 0 1 1 0 0
160	3	0 0 1 1 1 0 1 0 0 0 0 0 1 0 0 0
160	1	0 1 0 0 0 0 0 1 0 0 0 1 0 0 0 0
160	3	1 0 0 0 0 0 0 0 0 0 0 0 0 0 0 0
160	1	0 0 1 1 0 0 0 0 0 0 0 0 0 0 0 0
160	2	0 1 1 0 0 0 1 0 0 0 0 0 1 0 0 0
160	4	0 1 0 1 0 0 0 0 1 0 0 0 0 0 1 0
160	7	1 0 0 1 0 0 0 1 0 1 0 1 0 0 0 0
160	2	0 1 1 1 1 0 0 1 1 0 0 0 1 0 0 0
160	3	0 1 1 1 1 0 0 1 0 0 0 1 0 0 0 0
160	2	0 1 1 0 0 0 0 0 0 0 1 0 1 0 0 0
160	3	0 1 1 0 0 0 0 1 0 0 0 0 1 0 0 0
160	1	1 1 1 0 0 0 0 1 0 0 0 1 0 0 0 0
160	4	1 0 1 0 0 0 0 1 0 0 0 0 1 0 0 0
160	1	1 1 1 0 0 0 0 0 0 0 0 0 0 0 0 1
160	2	0 0 0 1 0 0 1 1 0 0 0 0 0 0 0 0
160	2	0 1 1 1 0 1 0 0 0 0 0 0 1 0 0 1
160	2	1 0 0 0 1 0 0 0 0 1 0 0 0 0 0 0
160	1	0 1 1 1 0 0 0 1 1 0 0 0 1 0 0 1
160	1	0 1 0 0 0 0 0 0 0 0 1 0 1 0 0 0
160	1	0 1 1 0 0 0 0 1 1 0 0 1 1 0 0 0
160	2	0 1 0 0 1 0 0 0 0 0 0 0 1 0 0 0
160	2	1 1 1 0 1 0 0 1 0 0 0 0 0 0 0 0
160	2	0 0 1 0 0 0 0 1 0 0 0 0 0 0 0 0
160	1	1 0 0 1 0 1 0 1 0 0 0 0 0 0 0 0
160	1	0 1 1 1 0 0 0 1 1 1 0 0 1 0 0 0
160	3	0 1 0 1 1 0 0 1 0 0 1 0 1 0 0 0
160	3	1 0 1 1 0 0 0 1 0 1 0 0 0 1 0 0
160	2	0 0 1 0 0 0 0 1 0 0 1 0 0 0 0 0
180	44	0 1 1 0 0 0 0 0 0 0 0 0 1 0 0 0
180	5	0 1 0 0 0 0 0 1 0 0 0 0 0 0 0 0
180	29	0 1 1 0 0 0 0 1 0 0 0 0 0 0 0 0
180	9	0 1 0 1 0 0 0 0 0 0 0 0 1 0 0 0
180	4	0 1 0 1 0 0 0 0 1 0 0 0 0 0 0 0
180	19	0 1 0 1 0 0 0 0 1 0 0 0 1 0 0 0
180	20	0 1 0 1 0 0 0 1 0 0 0 0 0 0 0 0
180	35	0 1 1 1 0 0 0 1 0 0 0 0 0 0 0 0
180	28	0 1 1 0 0 0 0 1 0 0 0 1 0 0 0 0
180	80	0 1 0 1 0 0 0 0 0 0 0 0 0 0 0 0
180	3	1 1 0 0 0 0 1 0 1 0 0 1 1 0 0 0
180	33	0 0 1 1 0 0 0 1 0 0 0 0 0 0 0 0
180	9	0 0 0 1 0 0 0 1 0 0 0 0 0 0 0 0
180	4	0 1 1 1 0 0 0 0 1 0 0 0 0 0 0 0
180	12	0 1 0 0 0 0 1 1 0 0 0 0 0 0 0 0
180	47	0 1 1 1 0 0 0 1 1 0 0 0 0 0 0 0
180	7	0 1 0 0 0 0 0 1 0 1 0 0 0 0 0 0
180	32	1 1 1 0 0 0 0 1 1 0 0 1 1 0 0 0
180	10	0 0 0 1 1 0 1 0 1 0 0 0 0 0 0 0
180	5	0 1 1 0 0 1 0 0 0 0 0 0 1 0 0 0
180	23	1 0 0 1 0 0 0 1 0 0 0 0 0 0 0 0
180	19	0 1 0 0 0 0 0 0 0 0 0 0 0 0 0 0
180	21	0 1 1 0 0 0 0 1 0 0 0 1 0 0 1 0
180	3	0 1 1 0 1 0 0 0 0 0 0 0 1 0 0 0
180	32	0 1 1 1 0 0 0 1 1 0 0 0 1 0 0 0
180	4	1 1 1 0 1 0 0 0 0 0 0 0 1 0 0 0
180	4	1 1 1 0 0 0 0 0 0 0 0 0 1 0 0 0
180	6	1 0 1 1 0 0 0 1 0 1 0 0 0 0 0 0
180	5	0 0 1 1 1 0 1 0 0 0 1 0 1 0 0 0
180	2	1 1 0 0 0 0 0 0 0 0 0 0 1 0 0 0
180	3	0 1 1 0 0 1 0 0 1 0 0 0 0 0 0 0
180	10	0 1 1 1 0 0 0 1 0 0 0 1 0 0 0 0
180	7	1 1 1 0 0 0 0 0 0 0 0 0 0 0 0 0
180	2	1 1 0 0 0 0 0 1 0 0 0 0 1 0 1 0
180	5	0 1 1 0 0 0 0 0 0 0 0 0 0 0 0 0
180	3	0 0 0 1 0 0 0 1 0 1 0 0 0 0 0 1
180	11	0 1 0 1 0 1 0 0 1 0 0 0 0 0 0 0
180	4	0 1 1 1 0 0 0 1 1 0 0 0 1 1 0 0
180	21	0 1 0 1 0 0 0 0 1 0 0 0 0 0 1 0
180	4	1 0 0 1 0 0 0 1 0 1 0 1 0 0 0 0
180	3	0 1 1 1 0 0 0 1 1 0 1 0 1 0 0 0
180	13	0 1 1 1 0 0 0 1 0 0 0 0 0 0 0 1
180	3	1 1 0 1 0 0 0 1 0 0 0 0 1 0 0 0
180	54	0 1 1 1 0 1 1 1 0 0 0 0 0 0 0 0
180	7	1 1 1 1 0 0 0 0 0 0 0 0 1 0 0 0
180	9	0 1 0 1 0 1 1 1 0 0 0 0 0 0 0 0
180	7	0 1 0 1 0 0 0 1 1 0 0 0 0 0 0 0
180	8	1 1 1 0 0 0 0 1 1 0 0 1 1 0 0 1
180	3	1 1 0 1 0 0 0 1 0 0 0 0 1 0 1 0
180	3	0 1 1 0 0 0 0 1 0 0 1 1 0 0 1 0
180	7	1 1 1 0 0 0 0 0 0 0 0 0 0 0 1 0
180	18	0 1 0 1 0 0 0 0 0 0 0 1 0 1 0 0
180	4	0 1 1 1 0 0 0 0 0 0 0 0 0 0 0 0
180	1	0 1 0 0 0 0 0 0 0 0 0 1 0 0 0 0
180	12	0 1 1 1 0 0 0 0 1 0 0 0 0 0 1 0
180	4	1 1 0 1 0 0 0 0 1 0 0 0 0 0 0 0
180	5	0 1 1 1 0 0 0 1 1 0 0 0 0 0 1 0
180	3	0 1 0 1 0 0 0 0 0 0 1 0 0 0 0 0
180	3	0 1 1 1 1 1 0 1 0 0 0 0 0 0 0 0
180	6	0 1 1 0 0 0 0 0 1 0 0 0 0 0 1 0
180	1	0 1 1 1 0 0 0 0 0 0 0 0 1 0 0 0
180	3	0 1 1 0 0 0 0 1 0 0 0 0 1 0 0 0
180	11	0 1 0 1 0 0 0 0 0 0 0 0 0 0 1 0
180	3	0 0 0 1 0 0 0 0 0 0 0 0 0 0 0 0
180	8	0 1 1 0 0 0 0 0 0 0 0 0 1 0 0 1
180	3	0 1 0 1 0 0 0 1 0 0 0 0 0 0 0 1
180	11	1 1 1 0 0 0 0 0 0 0 0 1 1 0 0 0
180	3	0 1 1 0 0 1 0 0 1 0 0 0 0 0 1 0
180	3	1 0 1 1 0 1 0 1 0 1 0 0 0 0 0 0
180	3	1 1 0 0 1 0 0 1 0 0 0 0 1 0 1 0
180	10	0 0 0 1 0 0 0 0 1 0 0 0 0 0 1 0
180	5	1 0 0 1 0 0 0 1 0 1 0 1 0 0 0 1
180	6	1 1 1 0 1 0 0 0 0 0 0 0 0 0 0 0
180	4	0 1 1 0 0 0 0 1 1 0 0 0 1 0 0 0
180	11	0 1 1 1 0 0 0 1 0 1 1 0 0 1 0 0
180	2	0 0 1 1 0 0 0 0 0 0 0 0 0 0 0 0
180	4	0 1 0 0 0 0 0 0 0 0 0 1 1 0 0 0
180	1	0 1 1 1 1 0 0 0 0 0 0 0 1 0 0 1
180	1	0 1 1 1 0 1 0 1 0 1 0 1 0 0 0 0
180	2	0 1 1 0 0 1 0 1 0 0 0 1 0 0 1 0
180	2	0 1 0 1 0 0 0 0 0 0 0 1 0 0 0 0
180	1	1 1 0 1 0 0 0 1 0 0 0 0 0 0 0 0
180	1	0 1 0 1 0 0 0 0 1 0 0 0 1 0 0 1
180	4	0 1 1 0 0 1 0 1 0 0 0 1 0 0 0 0
180	13	0 1 1 1 0 0 0 1 0 0 0 1 1 0 0 0
180	10	1 1 0 1 1 0 0 1 0 0 0 0 1 0 1 0
180	2	0 1 0 1 0 1 0 1 0 0 0 0 0 0 0 1
180	7	0 0 0 1 0 1 0 1 0 0 0 0 0 0 0 0
180	9	0 1 0 0 0 0 0 0 1 0 0 0 0 0 0 0
180	2	0 1 1 0 0 0 0 1 0 0 1 1 0 0 0 0
180	1	0 1 1 0 0 0 0 0 1 0 0 0 1 0 0 0
180	2	0 1 1 1 1 0 0 1 0 0 0 0 0 0 0 0
180	9	0 1 1 1 0 0 1 1 0 0 0 0 0 0 0 0
180	1	0 1 1 0 0 0 0 0 0 0 0 0 1 0 1 0
180	6	0 1 0 0 1 0 0 0 0 0 0 0 1 0 0 0
180	4	1 0 0 1 0 0 0 0 0 0 0 0 0 0 0 0
180	4	0 1 1 0 0 0 0 0 0 0 0 0 0 1 0 0
180	2	0 1 1 0 0 0 0 1 0 0 1 1 0 1 1 0
180	2	1 1 0 1 0 0 0 0 1 0 0 0 0 0 1 0
180	2	0 1 0 1 0 0 0 1 0 0 0 0 1 0 1 0
180	5	1 1 1 1 1 0 0 0 0 0 0 0 1 0 0 1
180	1	1 0 0 1 0 0 1 1 0 0 0 0 0 0 0 0
180	1	1 1 0 1 0 0 0 1 0 0 0 0 1 0 1 1
180	2	0 0 0 0 0 0 0 0 1 0 0 0 0 0 1 0
180	3	0 1 1 1 0 0 0 1 0 0 0 0 1 0 0 0
180	1	1 1 0 1 1 0 1 0 1 0 0 0 0 0 0 0
180	1	0 1 1 1 0 1 0 0 0 0 0 0 0 0 0 0
180	2	1 1 1 1 0 0 0 1 0 0 0 0 0 0 0 0
180	1	0 1 1 0 0 0 0 0 0 0 0 0 1 1 0 0
180	1	0 1 1 0 0 0 0 0 0 0 0 1 1 0 0 0
180	1	0 1 0 1 0 0 1 1 0 0 0 0 0 0 0 0
180	2	1 0 0 1 0 0 0 1 0 0 0 0 0 1 0 0
180	1	0 1 0 1 0 0 0 0 1 0 0 1 0 0 1 0
180	2	0 0 1 1 0 1 1 1 0 0 0 0 0 0 0 0
200	18	0 1 1 0 0 0 0 0 0 0 0 0 1 0 0 0
200	11	0 1 0 0 0 0 0 1 0 0 0 0 0 0 0 0
200	21	0 1 1 0 0 0 0 1 0 0 0 0 0 0 0 0
200	3	0 1 0 1 0 0 0 0 0 0 0 0 1 0 0 0
200	8	0 1 0 1 0 0 0 0 1 0 0 0 0 0 0 0
200	23	0 1 0 1 0 0 0 0 1 0 0 0 1 0 0 0
200	29	0 1 0 1 0 0 0 1 0 0 0 0 0 0 0 0
200	34	0 1 1 1 0 0 0 1 0 0 0 0 0 0 0 0
200	11	0 1 1 0 0 0 0 1 0 0 0 1 0 0 0 0
200	22	0 1 0 1 0 0 0 0 0 0 0 0 0 0 0 0
200	25	0 0 1 1 0 0 0 1 0 0 0 0 0 0 0 0
200	9	0 1 1 1 0 0 0 1 1 0 0 0 0 0 0 0
200	19	1 1 1 0 0 0 0 1 1 0 0 1 1 0 0 0
200	3	0 0 0 1 1 0 1 0 1 0 0 0 0 0 0 0
200	27	1 0 0 1 0 0 0 1 0 0 0 0 0 0 0 0
200	25	0 1 1 0 0 0 0 1 0 0 0 1 0 0 1 0
200	12	0 1 1 0 1 0 0 0 0 0 0 0 1 0 0 0
200	48	0 1 1 1 0 0 0 1 1 0 0 0 1 0 0 0
200	36	0 1 1 1 0 0 0 1 0 0 0 1 0 0 0 0
200	15	1 1 1 0 0 0 0 0 0 0 0 0 0 0 0 0
200	15	0 1 0 1 0 1 0 0 1 0 0 0 0 0 0 0
200	25	0 1 0 1 0 0 0 0 1 0 0 0 0 0 1 0
200	20	0 1 1 1 0 0 0 1 0 0 0 0 0 0 0 1
200	47	0 1 1 1 0 1 1 1 0 0 0 0 0 0 0 0
200	3	1 1 1 1 0 0 0 0 0 0 0 0 1 0 0 0
200	6	1 1 1 0 0 0 0 0 0 0 0 0 0 0 1 0
200	26	0 1 0 1 0 0 0 0 0 0 0 1 0 1 0 0
200	13	0 1 1 1 0 0 0 0 0 0 0 0 0 0 0 0
200	3	0 0 0 1 0 0 0 0 0 0 0 0 0 0 0 0
200	6	0 1 0 1 0 0 0 1 0 0 0 0 0 0 0 1
200	37	1 1 1 0 0 0 0 0 0 0 0 1 1 0 0 0
200	21	0 1 1 0 0 1 0 0 1 0 0 0 0 0 1 0
200	7	0 0 0 1 0 0 0 0 1 0 0 0 0 0 1 0
200	1	1 1 1 0 1 0 0 0 0 0 0 0 0 0 0 0
200	9	0 1 0 0 0 0 0 0 0 0 0 1 1 0 0 0
200	5	0 1 1 1 0 0 0 1 0 0 0 1 1 0 0 0
200	1	0 1 1 0 0 0 0 1 0 0 1 1 0 0 0 0
200	6	0 1 1 1 0 0 1 1 0 0 0 0 0 0 0 0
200	3	0 1 0 0 1 0 0 0 0 0 0 0 1 0 0 0
200	8	1 1 1 1 1 0 0 0 0 0 0 0 1 0 0 1
200	33	0 1 1 1 0 0 0 1 0 0 0 0 1 0 0 0
200	24	1 1 1 1 0 0 0 1 0 0 0 0 0 0 0 0
200	9	0 1 1 0 0 0 0 0 0 0 0 0 1 1 0 0
200	8	0 1 1 0 0 0 0 1 0 1 0 1 0 0 0 0
200	7	1 1 0 1 0 0 0 0 1 1 0 0 0 0 1 0
200	2	0 1 1 1 0 0 0 1 0 0 0 1 0 1 0 0
200	6	0 1 0 1 0 0 0 1 0 0 0 0 0 0 1 0
200	1	0 1 1 0 1 0 0 0 0 0 0 0 0 0 0 0
200	6	1 1 0 1 0 0 0 0 0 0 0 0 0 0 1 0
200	1	0 0 0 1 0 0 0 0 1 0 0 0 1 0 0 0
200	1	0 1 1 1 0 0 0 1 1 1 0 0 0 0 0 0
200	1	1 1 1 1 1 0 0 0 0 0 0 0 1 0 0 0
200	13	0 1 0 1 0 0 0 0 0 0 0 0 0 0 1 0
200	7	0 1 1 1 0 0 0 1 0 0 0 0 1 0 1 0
200	4	0 1 1 1 0 1 1 1 0 0 0 0 0 0 0 1
200	1	0 1 1 0 0 0 1 1 0 0 0 1 0 0 0 0
200	10	1 1 1 1 1 1 0 0 0 0 0 0 1 0 0 1
200	9	1 0 0 0 0 0 0 0 0 0 0 0 1 0 0 0
200	6	0 1 1 0 0 0 1 1 0 0 1 1 0 0 0 0
200	4	1 1 1 0 0 0 0 1 1 0 0 0 1 0 0 0
200	14	0 0 1 1 0 0 0 1 0 0 0 0 0 1 0 0
200	7	1 1 1 0 0 0 0 0 0 0 0 0 0 0 1 1
200	1	0 1 0 1 0 0 0 0 1 0 0 1 0 0 1 0
200	1	0 1 1 1 0 0 0 0 0 0 1 0 0 0 0 0
200	3	0 1 0 0 0 0 0 0 1 0 0 1 0 0 0 0
200	11	0 0 1 1 0 0 0 0 0 0 0 1 0 1 0 0
200	8	0 1 0 1 0 0 0 1 1 0 0 0 0 0 0 0
200	4	0 1 1 1 0 0 0 0 0 0 0 0 1 1 0 0
200	1	0 1 0 1 0 0 0 0 1 0 0 0 0 0 0 1
200	5	0 1 0 1 0 0 0 0 0 0 0 0 0 1 0 0
200	4	0 1 0 1 0 0 0 1 0 0 1 0 0 0 1 0
200	14	0 1 1 1 0 0 1 1 0 0 0 0 0 0 1 1
200	1	1 1 1 0 0 0 0 1 1 0 0 1 0 0 1 0
200	3	1 1 1 1 0 0 0 0 0 0 0 0 0 0 0 0
200	2	0 1 1 1 0 0 0 1 0 0 0 1 0 0 1 0
200	2	0 0 1 1 0 0 0 0 0 0 0 0 0 0 0 0
200	17	1 1 1 0 0 0 0 0 0 0 1 0 0 0 0 0
200	4	0 1 1 1 0 1 1 0 1 0 0 0 0 0 1 0
200	5	1 1 0 1 0 1 1 1 0 0 0 0 0 0 0 0
200	5	0 1 1 1 0 1 1 1 0 0 0 0 1 0 0 0
200	2	0 1 0 1 0 0 0 0 0 0 1 0 0 0 0 0
200	2	0 1 1 0 0 0 0 1 1 0 0 0 0 0 0 0
200	2	1 0 0 1 0 0 0 1 0 0 0 0 0 0 0 1
200	5	1 0 0 1 0 0 0 1 0 0 0 1 0 0 1 0
200	6	0 1 1 0 0 0 0 0 0 0 0 0 0 0 1 1
200	9	0 1 1 1 0 0 0 0 0 0 0 1 0 1 0 0
200	2	0 1 1 1 0 1 1 1 0 0 0 1 0 0 0 0
200	2	0 0 0 1 0 0 0 1 0 0 0 0 0 0 0 0
200	1	0 1 1 1 0 0 1 1 1 0 0 0 0 0 0 0
200	1	1 0 1 1 0 1 0 1 0 1 0 0 0 0 1 0
200	4	1 1 1 1 0 0 0 1 1 0 0 0 0 0 0 0
200	2	1 1 1 0 1 1 0 0 0 0 0 0 1 0 0 1
200	1	0 1 1 1 0 0 0 1 1 0 0 1 1 0 0 0
200	5	0 1 1 1 1 0 0 0 0 0 0 0 0 0 0 0
200	3	1 1 0 1 0 0 0 1 0 0 0 0 0 0 0 0
200	2	0 1 1 1 0 1 0 1 0 0 0 0 0 0 0 0
200	2	1 1 1 0 0 0 0 1 1 0 0 1 1 0 1 0
200	1	1 0 0 1 0 0 0 1 0 0 0 0 0 1 0 0
200	4	1 1 1 0 0 0 0 1 0 0 0 1 0 0 1 0
200	2	1 0 1 0 0 0 0 0 0 0 0 0 0 0 0 0
200	2	0 1 1 1 0 1 0 1 0 0 0 0 1 0 0 0
200	2	0 1 1 1 0 0 0 1 0 0 0 0 0 1 0 0
200	2	0 1 0 1 0 0 0 0 0 1 0 0 0 0 1 0
200	1	1 1 1 0 0 0 0 0 0 0 0 1 0 0 1 0
200	2	0 1 1 0 0 1 0 0 1 0 0 0 0 0 0 0
200	2	1 1 1 1 1 0 0 0 0 0 0 0 0 0 0 0
200	2	0 1 1 1 0 0 0 1 0 0 0 0 0 0 1 0
200	1	0 1 1 0 0 0 0 0 0 0 0 0 1 0 0 1
200	1	0 1 1 0 0 1 1 1 0 0 0 0 0 0 0 0
200	1	1 1 1 1 1 1 0 0 0 0 0 1 1 0 0 1
220	19	0 1 0 0 0 0 0 1 0 0 0 0 0 0 0 0
220	26	0 1 1 0 0 0 0 1 0 0 0 0 0 0 0 0
220	7	0 1 0 1 0 0 0 0 0 0 0 0 1 0 0 0
220	19	0 1 0 1 0 0 0 0 1 0 0 0 0 0 0 0
220	14	0 1 0 1 0 0 0 0 1 0 0 0 1 0 0 0
220	27	0 1 0 1 0 0 0 1 0 0 0 0 0 0 0 0
220	46	0 1 1 1 0 0 0 1 0 0 0 0 0 0 0 0
220	3	0 1 1 0 0 0 0 1 0 0 0 1 0 0 0 0
220	42	0 1 0 1 0 0 0 0 0 0 0 0 0 0 0 0
220	17	0 0 1 1 0 0 0 1 0 0 0 0 0 0 0 0
220	10	1 1 1 0 0 0 0 1 1 0 0 1 1 0 0 0
220	27	1 0 0 1 0 0 0 1 0 0 0 0 0 0 0 0
220	11	0 1 1 1 0 0 0 1 1 0 0 0 1 0 0 0
220	23	0 1 1 1 0 0 0 1 0 0 0 1 0 0 0 0
220	98	1 1 1 0 0 0 0 0 0 0 0 0 0 0 0 0
220	5	0 1 0 1 0 0 0 0 1 0 0 0 0 0 1 0
220	13	0 1 1 1 0 0 0 1 0 0 0 0 0 0 0 1
220	2	0 1 1 1 0 1 1 1 0 0 0 0 0 0 0 0
220	43	0 1 0 1 0 0 0 0 0 0 0 1 0 1 0 0
220	5	0 1 1 1 0 0 0 0 0 0 0 0 0 0 0 0
220	40	1 1 1 0 0 0 0 0 0 0 0 1 1 0 0 0
220	14	0 1 1 1 0 0 0 1 0 0 0 1 1 0 0 0
220	14	0 1 1 1 0 0 1 1 0 0 0 0 0 0 0 0
220	3	1 1 1 1 1 0 0 0 0 0 0 0 1 0 0 1
220	12	0 1 1 1 0 0 0 1 0 0 0 0 1 0 0 0
220	45	1 1 1 1 0 0 0 1 0 0 0 0 0 0 0 0
220	2	0 1 1 0 0 0 0 0 0 0 0 0 1 1 0 0
220	5	1 1 0 1 0 0 0 0 1 1 0 0 0 0 1 0
220	6	0 1 0 1 0 0 0 0 0 0 0 0 0 0 1 0
220	9	0 1 1 1 0 0 0 1 0 0 0 0 1 0 1 0
220	9	1 1 1 0 0 0 0 1 1 0 0 0 1 0 0 0
220	22	0 0 1 1 0 0 0 1 0 0 0 0 0 1 0 0
220	11	0 1 1 1 0 0 0 0 0 0 0 0 1 1 0 0
220	8	1 1 1 0 0 0 0 0 0 0 1 0 0 0 0 0
220	4	0 1 1 0 0 0 0 1 1 0 0 0 0 0 0 0
220	16	0 1 1 1 0 0 0 0 0 0 0 1 0 1 0 0
220	13	1 1 0 1 0 0 0 1 0 0 0 0 0 0 0 0
220	5	1 1 1 0 0 0 0 1 0 0 0 1 0 0 1 0
220	18	0 1 1 0 0 0 1 1 0 0 0 0 0 0 0 0
220	13	0 1 1 1 1 0 0 1 0 0 0 0 0 0 0 0
220	2	0 1 1 1 0 0 0 1 0 1 0 1 0 0 0 0
220	3	0 1 1 1 0 0 0 1 1 0 0 0 1 0 0 1
220	23	0 1 1 0 0 0 0 0 0 0 0 0 0 0 0 0
220	9	0 1 1 1 0 1 1 0 1 0 0 1 0 0 0 0
220	9	1 1 1 1 0 0 0 0 0 0 0 0 0 0 0 0
220	9	0 1 1 0 0 0 1 1 0 0 0 1 0 0 0 0
220	15	0 0 1 1 0 0 0 1 0 0 0 0 0 0 0 1
220	8	1 0 0 1 0 0 0 1 1 0 0 1 1 0 0 0
220	5	1 1 0 1 0 0 0 1 0 0 0 0 0 0 1 0
220	2	0 1 1 0 1 0 0 0 0 0 0 0 1 0 0 1
220	4	1 1 0 1 0 0 0 0 1 0 0 0 0 0 1 0
220	7	1 1 1 0 0 0 0 1 0 0 0 1 0 0 0 0
220	8	0 1 1 1 0 0 0 1 0 1 0 0 1 0 0 0
220	1	1 0 0 1 0 0 0 1 0 0 0 0 1 0 0 0
220	10	1 1 1 0 0 1 0 0 0 0 0 1 1 0 0 0
220	1	1 1 1 1 0 0 1 1 0 0 0 0 0 0 0 0
220	6	1 1 1 0 1 0 0 0 1 0 0 0 1 0 0 0
220	4	0 1 0 1 0 0 0 1 0 0 0 0 0 0 0 1
220	3	1 1 0 0 0 0 0 0 0 0 0 0 0 0 0 0
220	3	1 0 0 1 0 0 0 0 1 1 0 0 0 0 1 0
220	8	1 1 1 0 0 1 0 1 1 0 0 0 1 0 0 0
220	4	1 1 1 1 0 0 0 0 0 0 0 0 0 0 1 0
220	12	0 0 1 1 0 1 0 1 0 0 0 0 0 0 0 0
220	2	1 1 0 1 0 0 0 1 0 0 1 0 0 0 0 0
220	4	1 1 1 1 0 0 0 0 0 1 0 0 0 0 0 0
220	5	0 1 0 1 0 0 1 1 0 0 0 0 0 0 0 0
220	2	0 1 1 1 0 0 0 1 1 0 0 0 1 0 1 0
220	1	1 0 1 0 0 0 0 0 0 0 0 0 0 0 0 0
220	3	0 1 0 1 0 1 0 0 1 0 1 0 0 0 0 0
220	3	0 1 0 1 0 0 0 0 0 1 0 1 0 1 0 0
220	3	1 1 1 1 0 0 0 1 0 0 1 1 0 0 1 0
220	2	0 1 0 1 0 0 0 0 0 0 0 1 0 0 0 0
220	1	0 1 1 0 0 0 0 1 0 1 0 0 0 0 0 0
220	3	1 1 1 0 0 0 0 0 0 0 0 1 0 0 0 0
220	4	0 1 1 1 1 0 0 1 1 0 0 0 0 0 0 0
220	11	1 1 1 1 0 0 0 0 1 1 0 0 0 0 0 0
220	2	0 1 1 0 0 0 0 1 0 0 0 1 0 0 1 0
220	10	0 1 0 1 0 0 0 0 0 0 0 0 1 1 0 0
220	2	1 0 0 1 0 0 0 1 0 0 1 0 0 0 0 0
220	6	0 1 1 1 0 0 1 1 0 0 0 1 0 0 0 0
220	3	1 1 1 1 0 0 0 1 0 0 0 0 1 0 0 0
220	2	1 1 1 1 1 0 0 1 0 0 0 0 0 0 0 0
220	4	0 1 1 1 0 0 0 0 0 0 0 0 0 0 1 1
220	1	0 1 1 0 0 0 0 1 0 0 0 0 1 0 0 0
220	2	0 1 1 0 0 0 1 1 0 0 1 0 0 0 0 0
220	1	0 1 1 0 1 0 0 0 0 0 0 0 0 0 0 0
220	2	1 0 0 1 0 0 1 1 1 0 0 1 1 0 0 0
220	1	0 0 1 1 0 0 0 0 0 0 0 0 0 0 0 0
220	1	1 1 1 0 0 0 0 1 1 0 0 1 1 0 0 1
220	2	1 1 0 1 0 0 0 0 1 1 0 0 0 0 0 0
220	2	0 1 1 0 0 0 0 0 1 0 0 0 0 0 1 0
220	4	0 1 1 0 1 0 0 1 0 0 0 0 0 0 0 0
220	1	0 0 0 1 0 0 0 1 0 0 0 0 0 0 0 0
220	1	1 1 1 0 1 0 0 0 0 0 0 1 1 0 0 0
220	4	1 0 1 1 0 0 0 1 0 0 0 0 0 1 0 0
220	1	0 1 1 1 0 0 0 0 0 0 0 1 1 0 0 0
220	3	0 1 0 1 0 0 0 0 0 0 0 1 1 0 0 0
220	2	0 1 1 1 0 0 0 1 0 0 0 0 0 1 0 0
220	2	0 1 0 1 0 0 0 1 0 0 0 0 0 1 0 0
220	1	0 1 0 1 1 0 0 1 0 0 0 0 0 0 0 0
220	1	0 0 1 1 0 0 0 1 0 0 1 0 0 0 0 0
220	1	0 1 0 1 0 0 0 1 1 0 0 0 1 0 0 0
220	2	0 1 1 1 0 1 0 1 1 0 0 0 1 0 0 0
220	2	1 1 1 0 0 0 0 0 0 1 0 0 0 0 0 0
220	1	0 1 1 1 0 0 0 1 0 0 0 0 0 0 1 1
220	1	0 1 0 1 0 1 0 0 0 0 0 1 0 1 0 0
220	2	1 1 1 1 0 1 0 1 0 0 0 0 0 0 0 0
220	1	0 1 0 0 0 0 0 0 0 0 0 0 0 0 1 0
220	1	0 0 1 1 0 0 0 0 0 0 0 0 1 1 0 0
220	1	0 1 0 1 0 0 0 0 0 0 0 0 0 1 0 1
220	1	1 1 0 1 0 0 0 0 0 0 0 0 0 0 0 0
240	22	0 1 1 0 0 0 0 1 0 0 0 0 0 0 0 0
240	49	0 1 0 1 0 0 0 0 1 0 0 0 0 0 0 0
240	32	0 1 0 1 0 0 0 0 1 0 0 0 1 0 0 0
240	20	0 1 0 1 0 0 0 1 0 0 0 0 0 0 0 0
240	6	0 1 1 1 0 0 0 1 0 0 0 0 0 0 0 0
240	23	0 1 1 0 0 0 0 1 0 0 0 1 0 0 0 0
240	5	0 1 0 1 0 0 0 0 0 0 0 0 0 0 0 0
240	4	0 0 1 1 0 0 0 1 0 0 0 0 0 0 0 0
240	23	1 1 1 0 0 0 0 1 1 0 0 1 1 0 0 0
240	8	1 0 0 1 0 0 0 1 0 0 0 0 0 0 0 0
240	5	0 1 1 1 0 0 0 1 1 0 0 0 1 0 0 0
240	140	1 1 1 0 0 0 0 0 0 0 0 0 0 0 0 0
240	11	0 1 1 1 0 0 0 1 0 0 0 0 0 0 0 1
240	14	0 1 0 1 0 0 0 0 0 0 0 1 0 1 0 0
240	4	0 1 1 1 0 0 0 1 0 0 0 1 1 0 0 0
240	8	0 1 1 1 0 0 1 1 0 0 0 0 0 0 0 0
240	8	0 1 1 1 0 0 0 1 0 0 0 0 1 0 0 0
240	43	1 1 1 1 0 0 0 1 0 0 0 0 0 0 0 0
240	7	0 1 1 0 0 0 0 0 0 0 0 0 1 1 0 0
240	7	0 1 0 1 0 0 0 0 0 0 0 0 0 0 1 0
240	28	0 0 1 1 0 0 0 1 0 0 0 0 0 1 0 0
240	2	0 1 1 1 0 0 0 0 0 0 0 0 1 1 0 0
240	29	1 1 1 0 0 0 0 0 0 0 1 0 0 0 0 0
240	10	0 1 1 1 0 0 0 0 0 0 0 1 0 1 0 0
240	22	1 1 0 1 0 0 0 1 0 0 0 0 0 0 0 0
240	5	0 1 1 0 0 0 1 1 0 0 0 0 0 0 0 0
240	16	0 1 1 1 1 0 0 1 0 0 0 0 0 0 0 0
240	2	0 1 1 1 0 0 0 1 1 0 0 0 1 0 0 1
240	24	0 1 1 1 0 1 1 0 1 0 0 1 0 0 0 0
240	21	1 1 1 1 0 0 0 0 0 0 0 0 0 0 0 0
240	4	1 1 0 1 0 0 0 0 1 0 0 0 0 0 1 0
240	8	1 1 1 0 0 0 0 1 0 0 0 1 0 0 0 0
240	5	1 1 1 0 0 1 0 0 0 0 0 1 1 0 0 0
240	12	0 1 0 1 0 1 0 0 1 0 1 0 0 0 0 0
240	17	1 1 1 0 0 0 0 0 0 0 0 1 0 0 0 0
240	13	0 1 1 1 1 0 0 1 1 0 0 0 0 0 0 0
240	1	0 1 1 1 0 0 0 0 0 0 0 0 0 0 1 1
240	1	0 1 1 0 0 0 0 0 1 0 0 0 0 0 1 0
240	22	0 1 1 1 0 0 0 1 0 0 0 0 0 1 0 0
240	13	1 1 1 0 0 0 0 0 0 1 0 0 0 0 0 0
240	19	0 0 1 1 0 0 0 1 0 0 1 0 0 0 0 1
240	6	1 1 1 0 0 0 0 1 0 0 0 0 0 0 0 0
240	6	1 1 0 1 0 0 0 0 0 0 0 0 0 0 0 1
240	8	1 1 1 1 0 1 0 0 0 0 0 1 1 0 0 0
240	3	1 1 1 1 0 0 0 1 0 0 0 1 0 0 0 0
240	1	1 1 1 1 0 0 0 1 0 0 0 0 0 1 0 0
240	1	1 1 1 1 1 0 0 1 0 0 0 0 0 0 0 0
240	6	0 1 0 1 0 0 0 1 0 0 0 0 0 0 0 1
240	7	1 1 1 1 0 0 0 1 1 0 0 0 1 0 0 0
240	12	0 1 1 1 0 1 0 0 1 0 1 0 0 0 0 0
240	21	0 1 1 1 1 0 0 1 0 0 1 0 0 0 0 0
240	6	0 1 0 1 0 1 1 0 1 0 0 1 0 0 0 0
240	5	1 1 1 1 0 0 0 0 0 0 0 0 0 1 0 0
240	1	1 1 1 0 0 0 0 0 1 0 0 0 0 0 0 0
240	3	1 1 1 1 1 0 0 1 1 0 0 0 0 0 0 0
240	1	0 1 0 0 1 0 0 1 0 0 0 0 0 0 0 0
240	21	1 1 1 0 0 0 0 0 0 0 0 0 1 0 0 0
240	2	0 1 1 0 0 0 1 1 0 1 0 1 0 0 0 0
240	14	0 1 0 1 1 0 0 0 1 0 0 0 0 0 0 0
240	5	0 1 0 1 0 1 0 0 1 0 0 0 0 0 0 0
240	6	0 1 0 1 0 0 0 1 0 0 0 0 0 0 1 0
240	1	0 1 1 0 0 0 0 0 0 0 0 1 0 1 0 0
240	4	0 1 1 1 1 0 0 1 1 0 0 0 0 0 1 0
240	4	1 1 1 1 0 0 0 1 1 0 0 0 0 0 0 0
240	3	0 0 0 1 0 0 0 0 0 0 0 1 0 1 0 0
240	1	0 1 0 1 0 0 0 1 0 0 0 1 0 0 1 0
240	9	0 1 1 1 0 0 0 0 1 0 0 0 0 0 0 0
240	3	1 1 1 0 0 0 0 0 0 0 0 0 0 0 0 1
240	3	1 1 0 1 0 0 0 1 0 0 0 0 1 0 0 0
240	6	1 1 1 0 0 0 0 1 0 0 0 0 0 1 0 0
240	7	1 1 0 1 0 0 0 1 0 0 0 1 0 0 0 0
240	2	0 1 1 1 1 0 0 0 0 0 0 0 0 0 0 0
240	1	0 1 1 0 0 0 0 1 1 0 0 1 1 0 0 0
240	1	0 1 1 1 0 0 0 1 0 0 0 0 1 0 0 1
240	3	0 1 0 1 0 0 0 0 0 0 0 1 0 1 1 0
240	4	1 1 1 0 1 0 0 0 0 1 0 0 0 0 0 0
240	1	1 1 1 1 0 0 0 1 1 0 0 0 1 1 0 0
240	1	1 1 1 0 0 0 0 0 0 0 0 0 1 1 0 0
240	3	1 1 1 0 0 0 0 0 0 0 0 1 0 1 0 0
240	2	1 1 1 0 0 0 0 0 0 0 0 1 0 0 1 0
240	7	1 1 1 0 0 0 0 0 1 0 0 0 1 0 0 0
240	2	1 1 1 0 0 0 0 0 0 0 1 0 1 0 0 0
240	8	1 1 1 0 0 0 0 0 0 0 0 0 0 1 0 0
240	7	0 1 0 1 0 0 0 0 0 1 0 0 0 0 0 0
240	9	0 1 0 1 0 0 0 0 1 0 0 1 0 1 0 0
240	5	0 1 1 1 0 1 1 0 1 0 0 1 0 0 1 0
240	2	1 1 1 1 1 0 0 0 0 0 0 0 0 1 0 0
240	2	1 1 1 1 0 0 0 0 0 0 0 1 0 0 0 1
240	5	0 1 1 1 1 0 0 1 0 0 0 0 0 1 0 0
240	1	0 1 1 0 0 0 0 0 1 0 0 0 0 0 0 0
240	4	1 1 1 0 0 0 0 1 1 0 0 0 1 0 0 0
240	1	1 1 1 0 0 0 1 1 1 0 0 1 1 0 0 0
240	1	0 1 1 1 0 0 0 1 0 0 1 0 1 0 0 0
240	9	1 1 1 0 0 0 0 0 1 0 0 1 0 0 0 0
240	5	1 1 1 1 1 0 1 1 0 0 0 0 0 0 0 0
240	3	0 1 0 1 1 0 0 1 1 0 0 0 0 0 0 1
240	2	1 1 1 0 0 0 0 0 0 0 0 0 0 0 1 0
240	3	0 1 1 1 0 1 1 0 1 0 0 0 0 1 0 0
240	2	0 1 1 1 1 0 0 1 0 0 1 0 0 0 0 1
240	3	0 1 1 1 1 0 0 1 0 0 0 0 0 0 0 1
240	1	0 1 1 1 0 1 1 0 1 0 0 0 0 0 0 0
240	2	0 0 1 1 1 0 0 1 0 0 1 0 0 0 0 1
240	2	0 1 1 1 0 1 1 0 1 0 0 0 0 0 0 1
240	2	0 1 0 1 0 1 0 0 1 0 1 0 0 1 0 0
240	1	1 1 1 0 0 1 0 0 0 0 0 0 0 0 0 0
240	1	0 1 0 1 1 0 0 0 0 0 0 1 0 1 0 0
240	1	0 1 1 1 0 1 0 1 0 0 0 0 0 1 0 0
240	2	0 1 0 1 1 0 0 0 0 0 0 0 0 0 0 0
260	18	0 1 1 0 0 0 0 1 0 0 0 0 0 0 0 0
260	35	0 1 0 1 0 0 0 0 1 0 0 0 0 0 0 0
260	3	0 1 0 1 0 0 0 0 1 0 0 0 1 0 0 0
260	5	0 1 0 1 0 0 0 1 0 0 0 0 0 0 0 0
260	26	0 1 1 1 0 0 0 1 0 0 0 0 0 0 0 0
260	30	0 1 1 0 0 0 0 1 0 0 0 1 0 0 0 0
260	21	1 1 1 0 0 0 0 1 1 0 0 1 1 0 0 0
260	89	1 1 1 0 0 0 0 0 0 0 0 0 0 0 0 0
260	45	0 1 1 1 0 0 0 1 0 0 0 0 0 0 0 1
260	12	0 1 1 1 0 0 1 1 0 0 0 0 0 0 0 0
260	10	0 1 1 1 0 0 0 1 0 0 0 0 1 0 0 0
260	25	1 1 1 1 0 0 0 1 0 0 0 0 0 0 0 0
260	4	0 1 1 0 0 0 0 0 0 0 0 0 1 1 0 0
260	34	0 0 1 1 0 0 0 1 0 0 0 0 0 1 0 0
260	30	1 1 1 0 0 0 0 0 0 0 1 0 0 0 0 0
260	19	0 1 1 1 0 0 0 0 0 0 0 1 0 1 0 0
260	8	0 1 1 1 0 1 1 0 1 0 0 1 0 0 0 0
260	2	1 1 1 1 0 0 0 0 0 0 0 0 0 0 0 0
260	4	1 1 0 1 0 0 0 0 1 0 0 0 0 0 1 0
260	11	1 1 1 0 0 0 0 0 0 0 0 1 0 0 0 0
260	21	0 1 1 1 0 0 0 1 0 0 0 0 0 1 0 0
260	5	1 1 1 0 0 0 0 0 0 1 0 0 0 0 0 0
260	13	0 0 1 1 0 0 0 1 0 0 1 0 0 0 0 1
260	5	1 1 1 1 0 0 0 1 1 0 0 0 1 0 0 0
260	51	0 1 1 1 0 1 0 0 1 0 1 0 0 0 0 0
260	12	0 1 1 1 1 0 0 1 0 0 1 0 0 0 0 0
260	42	1 1 1 0 0 0 0 0 0 0 0 0 1 0 0 0
260	16	0 1 0 1 1 0 0 0 1 0 0 0 0 0 0 0
260	7	0 1 0 1 0 1 0 0 1 0 0 0 0 0 0 0
260	5	1 1 0 1 0 0 0 1 0 0 0 0 1 0 0 0
260	4	1 1 1 0 0 0 0 0 0 0 0 0 1 1 0 0
260	13	1 1 1 0 0 0 0 0 1 0 0 0 1 0 0 0
260	3	1 1 1 1 1 0 0 0 0 0 0 0 0 1 0 0
260	22	1 1 1 1 0 0 0 0 0 0 0 1 0 0 0 1
260	6	0 1 1 1 1 0 0 1 0 0 0 0 0 1 0 0
260	16	1 1 1 0 0 0 1 1 1 0 0 1 1 0 0 0
260	12	1 1 1 0 0 0 0 0 1 0 0 1 0 0 0 0
260	6	0 0 1 1 1 0 0 1 0 0 1 0 0 0 0 1
260	17	0 1 1 1 0 1 1 0 1 0 0 0 0 0 0 1
260	1	0 1 1 1 0 1 0 1 0 0 0 0 0 1 0 0
260	15	1 0 1 1 0 0 0 0 0 0 0 0 0 0 0 0
260	20	1 1 0 1 0 0 0 0 1 0 0 0 0 0 0 0
260	5	0 1 0 1 0 0 0 0 0 0 0 1 0 0 0 0
260	16	1 1 1 0 0 0 0 0 0 1 0 0 1 0 0 0
260	2	0 1 1 1 0 0 0 0 0 0 0 1 0 0 0 0
260	3	0 1 0 1 0 1 0 0 1 0 0 0 0 0 1 0
260	3	0 1 0 1 0 0 0 0 1 0 1 0 0 0 0 0
260	2	1 1 1 0 0 1 1 0 1 0 0 1 0 0 0 0
260	4	1 1 1 0 0 0 0 0 0 0 0 1 1 0 0 0
260	4	0 1 1 1 0 0 0 0 1 0 1 0 0 0 0 0
260	5	0 0 0 1 0 1 1 0 1 0 0 1 0 0 0 0
260	30	1 1 1 1 1 0 0 1 0 0 0 1 0 0 0 0
260	5	0 1 1 1 0 0 0 1 0 0 0 1 0 0 0 0
260	33	1 1 1 0 0 0 0 0 1 0 0 1 0 1 0 0
260	2	1 1 1 1 0 0 0 0 0 0 0 0 1 0 0 0
260	1	0 1 1 1 0 0 0 1 0 1 0 0 0 0 0 0
260	6	0 0 1 1 1 0 0 1 1 0 0 0 0 0 0 0
260	7	1 1 1 1 0 0 0 1 0 0 0 0 0 1 0 0
260	5	1 1 1 1 0 0 0 0 0 0 0 1 1 0 0 1
260	1	1 1 0 1 0 0 0 0 1 0 0 0 0 1 0 0
260	2	1 1 1 0 0 0 0 1 0 0 0 0 0 0 0 0
260	4	1 1 0 1 0 0 0 1 1 0 0 0 1 0 0 0
260	6	0 1 1 0 1 0 0 0 1 0 1 0 0 0 0 0
260	3	1 1 1 0 1 0 0 0 0 0 0 1 0 0 0 0
260	2	1 1 0 0 0 0 0 0 0 1 0 0 0 0 0 0
260	6	0 1 1 0 0 0 0 0 0 0 0 0 0 0 0 0
260	1	1 1 1 0 1 0 0 0 0 0 0 0 0 0 0 0
260	1	0 0 0 1 0 1 1 0 1 0 0 0 0 1 0 0
260	1	1 1 0 1 0 0 0 0 0 0 0 1 0 0 0 1
260	1	0 1 1 1 0 1 0 0 0 0 1 0 0 0 0 0
260	3	0 1 1 1 1 0 0 0 0 0 1 0 0 0 0 0
260	2	0 1 1 0 1 0 0 1 0 0 0 0 0 1 0 0
260	4	1 0 1 0 0 0 0 0 0 0 0 0 0 0 0 0
260	3	0 1 1 0 0 0 0 1 0 0 0 0 0 0 0 1
260	4	0 1 1 1 0 0 0 1 0 0 0 0 0 0 1 1
260	2	0 1 1 1 0 0 0 0 0 0 0 0 1 0 0 0
260	7	0 0 1 1 0 1 0 0 1 0 1 0 0 0 0 0
260	2	0 1 1 1 0 0 0 1 0 1 0 0 1 0 0 0
260	1	0 0 1 1 0 0 0 1 0 0 1 0 0 0 0 0
260	2	0 1 0 1 0 0 0 1 0 0 0 0 0 1 0 0
260	1	0 1 1 1 1 1 0 0 1 0 1 0 0 0 0 0
260	1	1 1 1 0 0 0 0 1 0 0 0 0 0 0 0 1
260	1	1 1 1 1 1 0 1 0 1 0 0 0 0 0 0 1
260	4	0 1 1 1 1 0 0 0 0 0 0 0 0 0 0 0
260	6	0 1 1 1 1 0 0 1 0 0 0 0 0 0 0 1
260	3	1 1 1 0 0 0 0 0 0 1 0 0 1 1 0 0
260	1	1 1 0 1 0 0 0 0 1 0 1 0 0 0 0 0
260	1	0 1 0 1 0 0 0 0 1 1 0 0 0 0 0 0
260	3	0 1 1 1 0 0 0 1 0 0 0 0 1 1 0 0
260	2	0 1 1 1 0 1 0 0 1 0 1 0 1 0 0 0
260	1	1 1 1 0 0 0 1 0 0 0 0 1 1 0 0 0
260	3	1 1 1 1 1 1 0 1 0 0 0 1 0 0 0 0
260	4	1 1 1 0 0 0 1 1 0 0 0 0 0 0 0 0
260	1	0 1 0 1 0 0 0 0 0 0 0 1 0 1 0 0
260	3	1 1 1 0 0 0 0 0 1 0 0 0 0 1 0 0
260	1	1 1 1 1 0 0 0 0 0 1 0 0 0 0 0 0
260	3	1 1 1 1 0 0 0 1 0 0 0 0 0 0 0 1
260	1	1 1 0 1 0 0 0 0 0 0 1 0 0 0 0 1
260	3	1 1 0 0 0 0 0 0 0 0 0 0 0 0 0 0
260	1	1 1 1 1 0 0 0 1 0 0 0 0 1 0 0 0
260	1	1 1 1 0 0 1 0 0 1 0 0 1 0 0 0 0
260	1	1 1 1 0 0 0 0 0 1 1 0 1 0 0 0 0
260	3	0 1 1 0 0 1 0 1 0 0 0 0 0 0 0 1
260	1	0 1 0 1 0 0 0 0 1 0 0 0 0 1 0 0
260	1	1 1 1 0 0 0 0 1 1 0 0 0 0 0 0 0
260	1	0 0 1 1 0 0 0 1 1 0 0 0 0 0 0 1
260	3	1 1 0 1 0 0 0 0 1 0 0 0 0 0 0 1
260	1	0 1 1 1 1 0 0 1 0 0 0 0 0 0 0 0
260	1	1 1 1 0 1 0 0 0 0 0 0 0 0 1 0 0
260	1	0 1 1 0 0 0 0 0 0 0 0 1 0 0 0 0
260	2	1 1 1 0 1 0 0 1 1 0 0 1 1 0 0 0
260	1	1 1 1 1 1 0 1 0 0 0 0 0 0 1 0 0
260	1	0 1 0 1 0 1 1 0 1 0 0 0 0 0 1 0
260	1	1 1 1 1 1 0 0 1 0 1 0 1 0 0 0 0
260	1	1 1 1 1 0 0 0 0 1 0 0 1 0 1 0 0
260	2	0 1 0 1 0 0 0 1 1 0 0 0 0 1 0 0
280	4	0 1 1 0 0 0 0 1 0 0 0 0 0 0 0 0
280	30	0 1 0 1 0 0 0 0 1 0 0 0 0 0 0 0
280	8	0 1 0 1 0 0 0 1 0 0 0 0 0 0 0 0
280	58	0 1 1 1 0 0 0 1 0 0 0 0 0 0 0 0
280	20	0 1 1 0 0 0 0 1 0 0 0 1 0 0 0 0
280	28	1 1 1 0 0 0 0 0 0 0 0 0 0 0 0 0
280	26	0 1 1 1 0 0 0 1 0 0 0 0 0 0 0 1
280	6	0 1 1 1 0 0 1 1 0 0 0 0 0 0 0 0
280	21	1 1 1 1 0 0 0 1 0 0 0 0 0 0 0 0
280	16	0 0 1 1 0 0 0 1 0 0 0 0 0 1 0 0
280	16	1 1 1 0 0 0 0 0 0 0 1 0 0 0 0 0
280	11	1 1 1 1 0 0 0 0 0 0 0 0 0 0 0 0
280	26	0 1 1 1 0 0 0 1 0 0 0 0 0 1 0 0
280	21	1 1 1 0 0 0 0 0 0 1 0 0 0 0 0 0
280	2	0 0 1 1 0 0 0 1 0 0 1 0 0 0 0 1
280	62	0 1 1 1 0 1 0 0 1 0 1 0 0 0 0 0
280	7	0 1 1 1 1 0 0 1 0 0 1 0 0 0 0 0
280	17	1 1 1 0 0 0 0 0 0 0 0 0 1 0 0 0
280	3	0 1 0 1 1 0 0 0 1 0 0 0 0 0 0 0
280	3	1 1 1 1 1 0 0 0 0 0 0 0 0 1 0 0
280	78	1 1 1 1 0 0 0 0 0 0 0 1 0 0 0 1
280	39	1 1 1 0 0 0 1 1 1 0 0 1 1 0 0 0
280	8	0 1 1 1 0 1 1 0 1 0 0 0 0 0 0 1
280	10	1 0 1 1 0 0 0 0 0 0 0 0 0 0 0 0
280	10	1 1 0 1 0 0 0 0 1 0 0 0 0 0 0 0
280	38	1 1 1 1 1 0 0 1 0 0 0 1 0 0 0 0
280	20	1 1 1 0 0 0 0 0 1 0 0 1 0 1 0 0
280	9	1 1 1 1 0 0 0 1 0 0 0 0 0 1 0 0
280	2	1 1 0 1 0 0 0 0 1 0 0 0 0 1 0 0
280	2	0 1 1 0 0 0 0 0 0 0 0 0 0 0 0 0
280	19	0 1 1 1 1 0 0 0 0 0 0 0 0 0 0 0
280	30	0 1 1 1 1 0 0 1 0 0 0 0 0 0 0 1
280	2	1 1 1 0 0 0 1 1 0 0 0 0 0 0 0 0
280	1	1 1 0 1 0 0 0 0 1 0 0 0 0 0 0 1
280	16	1 1 1 1 1 0 0 1 0 1 0 1 0 0 0 0
280	2	1 1 1 1 0 0 0 0 1 0 0 1 0 1 0 0
280	14	0 1 1 1 0 0 1 1 1 0 0 0 0 0 0 0
280	16	1 1 1 0 0 0 1 0 0 0 0 0 0 0 0 0
280	24	0 1 1 1 1 0 0 1 0 0 0 0 0 0 0 0
280	29	1 1 1 1 0 0 0 0 0 0 1 0 0 0 0 0
280	3	1 1 0 0 0 0 0 0 0 1 0 1 0 0 0 0
280	9	1 1 1 1 0 0 0 1 1 0 0 1 1 0 0 0
280	7	0 1 1 1 0 0 0 0 1 0 0 1 0 1 0 0
280	11	0 1 1 1 0 0 0 0 1 0 0 0 0 0 0 0
280	5	0 1 1 0 0 0 0 1 1 0 0 0 0 0 0 0
280	24	1 1 1 0 0 0 0 0 1 0 0 0 0 0 0 0
280	10	1 1 1 0 0 0 0 0 0 0 0 0 1 0 1 0
280	6	0 1 1 1 0 1 0 0 1 0 0 0 0 0 0 0
280	3	1 0 1 1 0 0 0 0 0 1 0 0 0 0 0 0
280	3	0 1 1 1 1 0 0 0 0 0 0 1 0 1 0 0
280	2	1 1 1 1 0 0 0 1 0 0 0 0 0 0 0 1
280	8	0 1 1 0 0 0 0 0 0 0 0 0 1 0 0 0
280	4	1 1 1 1 0 0 0 0 0 0 0 1 0 0 0 0
280	4	1 1 0 1 1 0 0 1 0 0 0 1 0 0 0 0
280	3	1 1 1 1 0 0 0 1 0 0 0 1 0 0 0 0
280	1	0 1 1 1 0 1 0 0 1 0 1 1 0 0 0 0
280	11	1 1 1 1 1 0 0 1 0 0 0 0 0 0 0 0
280	1	0 1 1 1 0 1 1 0 1 0 0 0 0 1 0 1
280	13	0 0 1 1 0 0 0 1 0 0 0 0 0 0 0 0
280	3	1 1 1 0 1 0 0 0 0 0 0 0 1 0 0 0
280	8	0 1 1 0 0 0 0 1 0 0 0 0 0 0 0 1
280	4	1 1 1 0 0 0 0 1 0 0 0 0 0 0 0 0
280	1	1 1 1 1 0 0 0 1 0 0 0 0 0 0 1 0
280	2	1 1 1 1 0 0 0 0 0 0 0 0 0 0 1 0
280	1	0 0 1 1 0 0 0 0 0 0 0 0 0 0 0 0
280	4	1 1 1 1 0 1 0 0 1 0 1 0 0 0 0 0
280	1	1 1 1 1 0 0 1 1 0 0 0 0 0 0 0 0
280	2	0 0 1 1 0 0 0 0 0 0 0 0 0 1 0 0
280	1	0 1 1 1 0 1 0 0 1 0 1 0 0 0 1 0
280	9	1 1 1 1 0 1 0 0 0 0 1 0 0 0 0 0
280	2	0 1 1 1 1 0 0 0 1 1 0 0 0 0 0 0
280	3	0 1 0 1 0 0 0 0 1 0 0 0 0 0 0 1
280	2	0 1 1 1 0 1 0 0 1 0 1 0 0 0 0 1
280	7	0 1 1 1 1 0 0 0 0 0 0 0 1 0 0 0
280	3	0 0 1 0 0 0 0 1 0 0 0 0 0 0 0 0
280	3	0 1 1 1 1 0 0 1 0 0 0 1 0 0 0 1
280	1	1 1 1 1 0 0 0 0 1 0 0 1 1 1 0 0
280	1	1 1 1 0 0 0 1 0 0 0 0 1 0 0 0 0
280	7	0 1 1 1 0 1 0 0 1 0 0 0 0 0 0 1
280	3	0 1 1 1 0 0 0 0 1 0 0 1 0 1 0 1
280	4	0 1 1 1 0 0 0 1 0 0 0 0 1 1 0 0
280	2	1 1 1 1 0 0 0 0 0 0 0 1 0 1 0 1
280	8	1 1 0 1 0 0 0 0 1 0 0 0 1 0 0 0
280	2	1 0 1 1 0 0 0 1 0 0 0 0 0 1 0 0
280	2	0 1 1 1 1 0 0 0 0 1 0 1 0 1 0 0
280	1	1 1 1 1 0 0 0 1 1 0 0 0 0 0 0 1
280	1	0 0 1 1 0 1 0 1 0 0 0 1 0 1 0 1
280	2	1 1 0 1 0 0 0 1 0 0 0 0 0 0 0 0
280	5	0 1 1 1 0 1 0 0 0 0 1 0 0 0 0 0
280	2	1 1 1 1 0 0 1 0 0 0 0 1 0 0 0 1
280	1	1 1 1 1 0 0 0 1 0 1 0 0 0 1 0 0
280	2	1 1 0 1 0 0 0 0 0 1 0 1 0 0 0 0
280	1	1 0 1 0 0 0 0 0 1 0 0 0 0 0 0 0
280	2	1 1 1 1 0 0 0 0 1 0 0 0 1 0 0 0
280	2	1 1 1 1 1 1 0 0 1 0 1 0 0 0 0 0
280	3	0 1 1 1 1 0 0 0 0 0 0 1 1 1 0 0
280	1	1 1 1 1 0 0 0 0 1 0 0 0 0 0 0 0
280	2	0 1 1 1 0 1 0 0 1 1 1 0 0 0 0 0
280	1	0 1 1 1 0 0 0 0 0 0 0 1 0 0 0 1
280	2	1 1 1 0 0 0 0 0 1 0 0 1 0 1 1 0
280	1	0 1 1 1 1 0 0 0 1 0 0 0 0 0 0 0
280	2	1 1 1 0 0 0 1 1 0 0 0 1 0 0 0 0
280	1	0 1 1 1 0 1 0 0 1 0 0 0 0 0 1 1
300	5	0 1 0 1 0 0 0 1 0 0 0 0 0 0 0 0
300	10	0 1 1 1 0 0 0 1 0 0 0 0 0 0 0 0
300	14	0 1 1 0 0 0 0 1 0 0 0 1 0 0 0 0
300	8	1 1 1 0 0 0 0 0 0 0 0 0 0 0 0 0
300	20	0 1 1 1 0 0 0 1 0 0 0 0 0 0 0 1
300	22	0 1 1 1 0 0 1 1 0 0 0 0 0 0 0 0
300	24	1 1 1 1 0 0 0 1 0 0 0 0 0 0 0 0
300	15	0 0 1 1 0 0 0 1 0 0 0 0 0 1 0 0
300	38	1 1 1 0 0 0 0 0 0 0 1 0 0 0 0 0
300	8	1 1 1 1 0 0 0 0 0 0 0 0 0 0 0 0
300	18	0 1 1 1 0 0 0 1 0 0 0 0 0 1 0 0
300	25	1 1 1 0 0 0 0 0 0 1 0 0 0 0 0 0
300	19	0 1 1 1 0 1 0 0 1 0 1 0 0 0 0 0
300	17	1 1 1 0 0 0 0 0 0 0 0 0 1 0 0 0
300	48	1 1 1 1 0 0 0 0 0 0 0 1 0 0 0 1
300	28	1 1 1 0 0 0 1 1 1 0 0 1 1 0 0 0
300	8	0 1 1 1 0 1 1 0 1 0 0 0 0 0 0 1
300	18	1 1 0 1 0 0 0 0 1 0 0 0 0 0 0 0
300	49	1 1 1 1 1 0 0 1 0 0 0 1 0 0 0 0
300	2	1 1 1 0 0 0 0 0 1 0 0 1 0 1 0 0
300	51	1 1 1 1 0 0 0 1 0 0 0 0 0 1 0 0
300	2	0 1 1 1 1 0 0 1 0 0 0 0 0 0 0 1
300	26	1 1 1 1 0 0 0 0 0 0 1 0 0 0 0 0
300	3	1 1 0 0 0 0 0 0 0 1 0 1 0 0 0 0
300	4	1 1 1 1 0 0 0 1 1 0 0 1 1 0 0 0
300	9	1 1 1 0 0 0 0 0 1 0 0 0 0 0 0 0
300	4	0 1 1 1 0 1 0 0 1 0 0 0 0 0 0 0
300	12	0 1 1 1 1 0 0 0 0 0 0 1 0 1 0 0
300	7	1 1 1 1 0 0 0 1 0 0 0 0 0 0 0 1
300	9	0 1 1 0 0 0 0 0 0 0 0 0 1 0 0 0
300	4	1 1 1 1 0 0 0 0 0 0 0 1 0 0 0 0
300	6	1 1 1 1 1 0 0 1 0 0 0 0 0 0 0 0
300	16	0 0 1 1 0 0 0 1 0 0 0 0 0 0 0 0
300	4	1 1 1 0 1 0 0 0 0 0 0 0 1 0 0 0
300	20	1 1 1 1 0 1 0 0 1 0 1 0 0 0 0 0
300	1	0 0 1 1 0 0 0 0 0 0 0 0 0 1 0 0
300	3	1 1 1 1 0 1 0 0 0 0 1 0 0 0 0 0
300	31	0 1 1 1 1 0 0 0 0 0 0 0 1 0 0 0
300	11	0 1 1 1 1 0 0 1 0 0 0 1 0 0 0 1
300	23	0 1 1 1 0 1 0 0 1 0 0 0 0 0 0 1
300	7	0 1 1 1 0 0 0 1 0 0 0 0 1 1 0 0
300	20	1 1 1 1 0 0 0 0 0 0 0 1 0 1 0 1
300	2	1 1 0 1 0 0 0 0 1 0 0 0 1 0 0 0
300	6	1 1 1 1 0 0 0 0 1 0 0 0 1 0 0 0
300	1	1 1 0 1 0 0 0 0 1 0 0 0 0 0 0 1
300	3	0 1 1 0 0 0 0 1 1 0 0 0 0 1 0 0
300	3	0 1 1 1 1 0 0 1 0 0 0 0 1 0 0 0
300	1	1 0 1 1 0 0 0 1 0 0 0 0 0 0 0 0
300	1	0 1 1 1 0 1 0 0 1 0 1 0 0 0 0 1
300	3	1 1 1 1 1 0 0 1 0 0 0 1 0 1 0 0
300	9	1 1 1 1 0 0 0 1 1 0 0 1 1 1 0 0
300	8	1 1 1 1 0 0 0 0 0 0 0 0 0 0 0 1
300	14	1 1 1 1 1 0 0 1 0 0 0 0 1 0 0 0
300	3	0 1 1 1 0 0 1 1 0 0 0 0 0 1 0 0
300	6	1 1 1 1 0 0 0 0 1 0 0 0 0 0 0 0
300	4	1 1 1 1 0 0 0 0 0 0 0 0 1 0 0 0
300	2	0 1 1 0 0 0 0 1 1 0 0 1 0 0 0 0
300	9	0 1 1 1 0 1 0 0 1 0 1 0 0 1 0 0
300	1	0 1 1 1 1 0 0 0 0 0 0 1 0 1 0 1
300	6	0 1 1 1 0 0 0 0 0 0 1 0 0 0 0 0
300	8	1 1 1 0 0 0 1 0 0 1 0 0 0 0 0 0
300	7	1 0 1 1 0 0 0 1 1 0 0 1 1 0 0 0
300	2	0 1 1 1 1 0 0 1 0 0 0 1 0 0 0 0
300	1	1 1 1 1 1 0 0 1 0 0 0 1 1 0 0 0
300	23	1 1 0 1 0 1 0 1 1 0 1 0 0 0 0 0
300	2	1 1 1 0 0 0 0 0 0 0 0 1 0 0 1 1
300	1	0 1 0 1 0 0 0 1 0 0 0 1 0 1 0 0
300	4	0 1 1 1 0 0 1 1 0 0 0 0 0 0 0 1
300	7	1 1 1 1 0 0 0 1 0 0 0 0 0 1 0 1
300	1	0 0 1 1 1 0 0 0 0 1 0 1 0 1 0 0
300	8	1 1 0 1 1 1 0 1 1 0 1 0 0 0 0 0
300	10	1 1 1 1 1 0 1 1 0 0 0 1 0 0 0 0
300	8	1 1 0 0 0 1 0 0 0 1 0 1 0 0 0 0
300	2	0 1 1 1 0 1 0 0 1 0 0 1 1 1 0 0
300	4	1 1 1 1 0 1 0 0 1 0 1 0 0 0 0 1
300	4	0 0 1 1 0 1 0 0 1 0 1 0 0 0 0 0
300	4	1 1 1 1 0 0 0 1 0 0 0 0 1 0 0 0
300	1	0 0 1 1 0 0 0 0 0 0 0 0 0 0 0 0
300	2	1 1 1 1 0 1 0 0 1 0 0 0 0 0 0 1
300	2	0 1 1 0 0 0 0 0 0 0 0 0 0 1 0 0
300	2	0 1 1 1 0 1 0 0 0 0 0 0 1 0 0 0
300	5	0 1 1 1 0 0 0 1 0 0 1 0 0 1 0 0
300	12	1 1 1 0 1 0 0 0 0 1 0 0 0 0 0 0
300	1	1 1 1 1 0 0 0 0 0 0 0 1 0 0 1 1
300	3	1 1 1 1 1 0 0 1 0 1 1 1 0 0 0 0
300	1	0 1 1 0 0 0 0 1 1 0 0 1 0 0 1 0
300	2	1 1 1 1 0 1 0 1 1 0 1 0 0 0 0 0
300	2	1 1 1 1 0 0 0 0 0 0 0 0 0 1 0 0
300	2	1 1 1 0 0 0 1 1 1 0 0 0 0 0 0 0
300	7	1 1 1 1 0 0 0 0 0 1 0 1 0 0 0 1
300	7	0 0 1 1 0 0 0 1 0 0 0 1 0 0 0 1
300	7	1 1 1 1 1 0 0 0 0 0 0 1 0 1 0 0
300	5	1 1 1 1 0 0 0 0 0 0 0 1 1 0 0 0
300	3	1 1 1 1 0 1 0 0 0 0 0 1 0 0 0 0
300	1	0 1 1 0 0 1 0 0 0 0 0 0 1 0 0 0
300	1	0 1 1 1 0 1 0 0 1 0 0 0 0 1 0 1
300	3	1 1 0 1 1 0 0 0 1 0 0 0 0 0 0 0
300	1	1 1 0 0 0 0 0 0 0 0 0 0 0 0 0 0
300	4	1 1 1 0 0 0 0 0 0 0 0 0 0 1 0 0
300	2	1 1 1 0 0 0 1 0 0 0 0 0 0 0 0 0
300	1	1 0 1 1 1 0 0 1 0 0 0 1 0 0 0 0
300	3	0 1 1 0 0 0 0 0 1 0 0 1 0 1 0 0
300	2	1 0 1 0 0 0 0 0 1 0 0 0 0 0 0 0
300	5	0 0 1 0 0 0 0 1 0 0 0 0 0 0 0 0
300	2	1 1 1 0 1 0 0 0 0 0 0 1 1 0 0 0
300	1	0 1 1 0 0 0 0 1 1 0 0 0 0 1 0 1
300	6	1 1 0 1 0 0 0 1 1 0 0 1 1 1 0 0
300	2	1 1 1 1 0 0 0 1 1 0 0 0 1 1 0 0
300	4	1 0 1 1 0 0 0 0 0 0 0 0 0 0 0 1
300	1	0 1 0 1 1 0 1 1 0 0 0 0 0 0 0 0
300	5	1 1 1 1 0 0 0 0 1 0 1 0 0 0 0 0
300	3	1 1 1 0 1 0 0 0 0 0 1 0 0 0 0 0
300	7	1 1 1 1 1 0 0 1 0 0 1 0 0 0 0 0
300	1	0 1 1 1 0 0 0 0 0 0 1 0 0 0 0 1
300	1	0 1 1 1 0 0 0 1 0 0 0 1 0 0 0 0
300	4	1 1 1 0 0 0 0 0 0 0 0 1 1 0 0 0
300	2	1 1 1 1 0 0 1 1 1 0 0 1 1 0 0 0
300	2	1 1 1 0 1 0 0 0 0 1 0 0 1 0 0 0
300	4	1 1 1 1 0 0 0 0 0 0 0 1 0 1 1 1
300	2	0 1 1 1 1 0 0 0 0 0 0 1 0 0 0 0
300	1	0 1 1 1 0 1 0 1 1 0 1 0 0 0 0 0
300	4	1 1 1 1 1 0 1 1 0 0 0 0 0 1 0 0
300	2	0 1 1 0 0 0 1 1 0 0 0 1 0 0 0 0
300	1	0 1 1 1 0 0 1 1 1 0 0 0 0 0 0 0
300	3	1 1 1 1 0 0 0 0 1 0 0 1 0 0 0 1
300	2	1 1 0 1 0 0 0 0 1 1 0 0 0 0 0 0
300	3	1 1 1 1 1 1 0 1 0 0 0 1 0 0 0 0
300	1	0 1 1 0 0 0 0 1 1 0 1 0 0 1 0 0
300	2	1 1 0 0 1 0 0 0 0 1 0 0 0 0 0 0
320	4	0 1 0 1 0 0 0 1 0 0 0 0 0 0 0 0
320	8	0 1 1 1 0 0 0 1 0 0 0 0 0 0 0 0
320	3	1 1 1 0 0 0 0 0 0 0 0 0 0 0 0 0
320	9	0 1 1 1 0 0 1 1 0 0 0 0 0 0 0 0
320	28	1 1 1 1 0 0 0 1 0 0 0 0 0 0 0 0
320	21	1 1 1 0 0 0 0 0 0 0 1 0 0 0 0 0
320	34	1 1 1 1 0 0 0 0 0 0 0 0 0 0 0 0
320	4	0 1 1 1 0 0 0 1 0 0 0 0 0 1 0 0
320	28	1 1 1 0 0 0 0 0 0 1 0 0 0 0 0 0
320	3	0 1 1 1 0 1 0 0 1 0 1 0 0 0 0 0
320	2	1 1 1 0 0 0 0 0 0 0 0 0 1 0 0 0
320	60	1 1 1 1 0 0 0 0 0 0 0 1 0 0 0 1
320	3	0 1 1 1 0 1 1 0 1 0 0 0 0 0 0 1
320	46	1 1 0 1 0 0 0 0 1 0 0 0 0 0 0 0
320	6	1 1 1 1 1 0 0 1 0 0 0 1 0 0 0 0
320	9	1 1 1 0 0 0 0 0 1 0 0 1 0 1 0 0
320	11	1 1 1 1 0 0 0 1 0 0 0 0 0 1 0 0
320	11	1 1 1 1 0 0 0 0 0 0 1 0 0 0 0 0
320	20	1 1 1 1 0 0 0 1 1 0 0 1 1 0 0 0
320	3	0 1 1 1 1 0 0 0 0 0 0 1 0 1 0 0
320	2	1 1 1 1 0 0 0 1 0 0 0 0 0 0 0 1
320	8	0 1 1 0 0 0 0 0 0 0 0 0 1 0 0 0
320	28	1 1 1 1 0 0 0 0 0 0 0 1 0 0 0 0
320	9	1 1 1 1 1 0 0 1 0 0 0 0 0 0 0 0
320	20	0 0 1 1 0 0 0 1 0 0 0 0 0 0 0 0
320	25	1 1 1 1 0 1 0 0 1 0 1 0 0 0 0 0
320	17	0 1 1 1 1 0 0 0 0 0 0 0 1 0 0 0
320	2	0 1 1 1 0 1 0 0 1 0 0 0 0 0 0 1
320	22	1 1 1 1 0 0 0 0 0 0 0 1 0 1 0 1
320	27	1 1 1 1 1 0 0 1 0 0 0 1 0 1 0 0
320	12	1 1 1 1 0 0 0 0 0 0 0 0 1 0 0 0
320	2	0 1 1 0 0 0 0 1 1 0 0 1 0 0 0 0
320	19	0 1 1 1 0 0 0 0 0 0 1 0 0 0 0 0
320	11	0 1 1 1 1 0 0 1 0 0 0 1 0 0 0 0
320	3	1 1 0 1 0 1 0 1 1 0 1 0 0 0 0 0
320	5	1 1 1 1 0 0 0 1 0 0 0 0 0 1 0 1
320	29	1 1 0 1 1 1 0 1 1 0 1 0 0 0 0 0
320	6	1 1 0 0 0 1 0 0 0 1 0 1 0 0 0 0
320	10	1 1 1 1 0 1 0 0 1 0 1 0 0 0 0 1
320	20	1 1 1 1 0 0 0 1 0 0 0 0 1 0 0 0
320	41	1 1 1 0 1 0 0 0 0 1 0 0 0 0 0 0
320	12	1 1 1 1 0 1 0 1 1 0 1 0 0 0 0 0
320	8	1 1 1 1 0 0 0 0 0 0 0 1 1 0 0 0
320	28	1 1 1 1 0 0 0 0 1 0 1 0 0 0 0 0
320	7	1 1 1 0 1 0 0 0 0 0 1 0 0 0 0 0
320	3	0 1 1 1 0 1 0 1 1 0 1 0 0 0 0 0
320	8	1 1 1 1 0 0 0 0 1 0 0 1 0 0 0 1
320	6	0 1 1 1 0 0 0 0 0 0 0 1 0 0 0 1
320	32	0 1 1 1 0 0 0 1 0 0 0 0 1 0 0 0
320	11	0 1 1 1 0 0 0 0 0 1 0 0 0 0 0 0
320	4	1 1 1 1 0 0 1 0 0 0 0 1 1 0 0 0
320	5	1 1 0 1 0 0 0 1 0 0 0 0 0 0 0 0
320	4	0 1 1 0 1 0 0 0 0 1 0 0 0 0 0 0
320	2	1 1 1 1 0 0 0 0 0 1 0 0 0 0 0 0
320	4	1 1 1 0 1 0 1 1 0 0 0 1 0 0 0 0
320	1	1 1 1 0 0 0 1 1 1 0 0 1 0 0 0 1
320	18	1 1 1 0 0 0 0 0 1 0 0 0 0 1 0 0
320	4	1 1 1 1 1 0 0 1 0 0 0 1 0 0 0 1
320	3	1 1 1 0 0 0 0 1 0 1 0 0 0 0 0 0
320	5	0 1 0 1 0 1 0 0 1 0 1 0 0 0 0 0
320	2	1 1 1 0 0 1 0 0 1 0 1 0 0 0 0 1
320	1	0 1 1 1 0 1 0 1 0 0 0 0 0 1 0 1
320	11	1 1 1 1 0 1 0 0 1 0 0 0 0 0 0 0
320	4	1 1 1 1 0 0 0 0 0 0 1 1 0 0 0 1
320	4	0 1 1 1 0 0 0 1 0 0 1 0 0 0 0 0
320	4	1 1 1 0 1 0 0 0 0 1 0 1 0 0 0 0
320	14	1 1 1 1 1 1 0 0 0 0 0 1 0 1 0 1
320	1	0 1 1 1 0 0 0 1 0 0 0 1 0 0 0 0
320	12	1 1 1 0 0 0 0 0 0 0 0 0 0 0 0 1
320	10	0 1 1 1 0 0 0 0 0 0 0 1 0 0 0 0
320	6	1 1 1 0 0 0 0 1 1 0 1 0 0 0 0 0
320	12	1 1 1 1 0 0 0 0 1 0 0 1 0 1 0 0
320	3	1 1 1 1 0 1 0 1 0 0 0 0 0 0 0 0
320	3	1 1 0 1 0 0 0 0 0 0 0 1 0 1 0 1
320	3	1 1 0 1 1 1 0 0 1 0 1 0 0 0 0 0
320	3	1 1 1 1 0 0 1 0 1 0 1 1 1 0 0 0
320	6	0 1 1 1 1 0 0 0 0 0 0 0 0 0 0 0
320	4	1 0 1 1 0 0 0 1 0 0 0 0 0 0 0 0
320	4	0 0 1 1 1 0 0 0 0 0 0 0 1 0 0 0
320	7	1 1 1 1 0 0 0 0 0 1 1 0 0 0 0 0
320	21	1 1 1 1 0 0 0 1 0 0 0 1 0 0 0 0
320	1	0 1 1 1 0 0 0 1 0 0 0 1 0 1 0 1
320	3	1 1 1 0 0 1 0 0 1 0 0 0 0 1 0 0
320	1	1 1 1 0 0 0 1 1 1 0 0 1 1 0 1 0
320	2	1 1 0 1 1 1 0 1 1 0 1 0 0 0 0 1
320	1	1 1 0 1 1 0 0 1 1 0 1 0 0 0 0 0
320	3	1 1 1 1 0 0 0 1 0 1 0 0 0 0 0 0
320	4	1 1 1 1 0 0 0 1 0 0 1 0 0 0 0 0
320	1	1 1 0 1 0 0 0 0 1 0 1 0 0 0 0 0
320	2	1 1 1 1 0 0 0 0 0 1 0 1 0 0 0 1
320	3	1 1 1 1 0 0 0 1 0 0 0 1 0 1 0 0
320	3	1 1 1 1 0 1 0 0 0 0 1 0 0 0 0 0
320	6	1 1 1 1 0 0 0 0 1 0 1 1 0 0 0 1
320	4	0 1 1 1 0 0 1 0 0 0 0 1 0 0 0 1
320	7	1 1 1 0 0 0 1 0 0 0 0 0 1 0 0 1
320	2	1 1 1 0 0 0 0 0 0 1 0 1 0 0 0 1
320	1	1 1 0 0 0 1 0 0 1 0 1 0 0 0 0 0
320	1	1 1 1 1 0 0 0 1 1 0 1 0 0 0 0 0
320	5	0 0 1 1 0 0 0 0 0 1 0 0 0 0 0 0
320	2	1 0 1 1 0 0 0 0 0 0 0 1 0 0 0 1
320	2	1 1 1 0 1 0 0 1 0 0 0 1 0 0 0 1
320	1	0 1 1 1 0 0 0 0 1 0 0 1 0 0 0 1
320	2	1 1 1 0 0 0 0 0 0 1 1 0 0 0 0 0
320	2	1 1 1 1 0 0 0 1 1 0 0 0 0 0 0 0
320	2	1 1 1 1 1 0 0 0 0 0 0 0 1 0 0 0
320	1	0 1 0 1 0 0 0 0 1 0 0 0 0 0 0 0
320	1	0 1 1 1 1 0 0 0 0 0 0 0 1 1 0 0
320	1	1 1 1 1 0 0 0 0 0 0 0 1 1 1 0 0
320	1	1 1 1 1 1 0 0 0 1 0 1 0 0 0 0 0
320	1	0 1 1 0 0 0 0 1 0 0 0 0 1 0 0 0
320	2	0 1 1 1 0 0 0 0 0 1 0 0 0 0 1 0
320	1	0 0 0 1 1 0 0 0 0 0 0 0 1 0 0 0
340	14	1 1 1 0 0 0 0 0 0 0 0 0 0 0 0 0
340	16	0 1 1 1 0 0 1 1 0 0 0 0 0 0 0 0
340	2	1 1 1 1 0 0 0 1 0 0 0 0 0 0 0 0
340	21	1 1 1 0 0 0 0 0 0 0 1 0 0 0 0 0
340	44	1 1 1 1 0 0 0 0 0 0 0 0 0 0 0 0
340	14	0 1 1 1 0 0 0 1 0 0 0 0 0 1 0 0
340	26	1 1 1 0 0 0 0 0 0 1 0 0 0 0 0 0
340	22	1 1 1 1 0 0 0 0 0 0 0 1 0 0 0 1
340	33	1 1 0 1 0 0 0 0 1 0 0 0 0 0 0 0
340	26	1 1 1 1 0 0 0 0 0 0 1 0 0 0 0 0
340	26	1 1 1 1 0 0 0 1 1 0 0 1 1 0 0 0
340	5	0 1 1 1 1 0 0 0 0 0 0 1 0 1 0 0
340	15	1 1 1 1 0 0 0 1 0 0 0 0 0 0 0 1
340	24	1 1 1 1 0 0 0 0 0 0 0 1 0 0 0 0
340	29	1 1 1 1 1 0 0 1 0 0 0 0 0 0 0 0
340	8	1 1 1 1 0 1 0 0 1 0 1 0 0 0 0 0
340	7	0 1 1 1 1 0 0 0 0 0 0 0 1 0 0 0
340	12	1 1 1 1 0 0 0 0 0 0 0 1 0 1 0 1
340	8	0 1 1 1 1 0 0 1 0 0 0 1 0 0 0 0
340	8	1 1 0 1 1 1 0 1 1 0 1 0 0 0 0 0
340	19	1 1 0 0 0 1 0 0 0 1 0 1 0 0 0 0
340	9	1 1 1 1 0 0 0 1 0 0 0 0 1 0 0 0
340	34	1 1 1 0 1 0 0 0 0 1 0 0 0 0 0 0
340	4	1 1 1 1 0 0 0 0 0 0 0 1 1 0 0 0
340	44	1 1 1 1 0 0 0 0 1 0 1 0 0 0 0 0
340	17	0 1 1 1 0 0 0 0 0 1 0 0 0 0 0 0
340	8	1 1 1 0 0 0 0 0 1 0 0 0 0 1 0 0
340	9	1 1 1 1 0 1 0 0 1 0 0 0 0 0 0 0
340	14	1 1 1 1 0 0 0 0 0 0 1 1 0 0 0 1
340	6	1 1 1 1 1 1 0 0 0 0 0 1 0 1 0 1
340	2	1 1 1 1 0 0 0 0 1 0 0 1 0 1 0 0
340	4	1 1 1 1 0 0 0 0 0 1 1 0 0 0 0 0
340	32	1 1 1 1 0 0 0 1 0 0 0 1 0 0 0 0
340	7	1 1 0 1 1 1 0 1 1 0 1 0 0 0 0 1
340	36	1 1 1 1 0 0 0 0 1 0 1 1 0 0 0 1
340	31	1 0 1 1 0 0 0 0 0 0 0 1 0 0 0 1
340	8	1 1 1 0 0 0 0 0 0 1 1 0 0 0 0 0
340	8	1 1 1 1 0 0 0 1 1 0 0 0 0 0 0 0
340	17	1 1 1 1 1 1 0 0 0 0 0 1 0 1 0 0
340	13	1 1 1 0 0 0 0 1 1 0 0 0 0 0 0 0
340	1	1 1 1 0 0 0 0 0 0 1 0 0 0 0 0 1
340	1	0 0 0 1 0 0 0 1 0 0 0 0 0 0 0 0
340	13	1 1 1 1 0 0 0 0 0 0 0 1 0 1 0 0
340	6	0 1 1 1 0 0 1 1 0 0 0 0 0 0 1 0
340	1	1 1 0 1 0 0 0 0 1 0 1 0 0 0 0 0
340	7	1 1 1 1 0 0 0 1 1 0 0 0 1 0 0 0
340	2	1 1 1 0 0 1 0 0 0 1 0 1 0 0 0 0
340	4	1 1 0 0 0 0 0 0 0 1 0 0 0 0 0 1
340	6	0 1 1 1 1 0 0 0 0 1 0 0 1 0 0 0
340	17	1 1 0 1 0 0 0 1 0 0 0 0 1 0 0 0
340	15	1 1 1 1 0 0 0 0 0 0 1 0 1 0 0 0
340	5	1 1 1 0 1 0 0 0 1 1 0 0 1 0 0 0
340	37	1 1 1 0 0 0 0 1 0 0 1 0 0 0 0 0
340	7	1 1 1 1 0 0 0 0 0 0 1 0 0 0 0 1
340	1	1 1 1 1 1 0 0 0 0 0 0 1 0 0 0 0
340	4	1 1 1 1 0 0 0 0 0 0 1 1 0 1 0 1
340	3	0 1 1 1 0 0 1 1 0 1 0 0 0 0 0 0
340	1	1 1 1 0 0 0 0 0 1 1 0 1 0 1 0 1
340	1	1 1 0 1 0 0 0 0 0 0 0 0 0 0 0 0
340	5	0 1 1 1 0 1 0 0 0 1 0 0 0 0 0 0
340	3	1 1 1 1 0 1 0 0 0 1 0 1 0 0 0 0
340	13	0 1 1 1 1 0 1 0 0 0 0 1 0 1 0 1
340	2	0 1 1 1 0 0 1 1 0 0 0 1 0 0 0 1
340	4	1 1 1 0 0 0 0 0 0 0 0 1 0 1 0 1
340	1	1 1 0 1 0 0 0 0 1 0 0 1 0 0 0 0
340	6	1 1 1 1 0 0 0 0 0 1 0 0 0 0 0 0
340	3	1 0 1 0 0 0 0 0 0 0 0 0 0 0 0 0
340	2	0 0 1 1 1 0 0 0 0 1 0 0 1 0 0 0
340	4	0 1 1 1 0 0 0 0 0 0 0 0 0 0 0 0
340	1	1 1 0 1 0 0 0 0 0 0 0 1 0 0 0 1
340	4	1 1 1 1 0 0 0 0 0 0 0 0 0 0 0 1
340	1	1 1 1 0 0 0 0 0 0 0 0 1 0 0 0 0
340	1	1 0 0 1 0 0 0 1 0 0 0 0 1 0 0 0
340	1	1 1 1 1 0 1 0 0 0 0 0 0 0 0 0 0
340	6	1 1 0 0 0 0 0 0 1 0 0 0 0 0 0 0
340	3	1 1 1 1 0 0 0 1 1 0 0 0 0 0 1 0
340	6	1 1 1 0 0 0 0 1 0 1 1 0 0 0 0 0
340	6	1 1 1 1 0 1 0 0 0 0 0 1 0 1 0 0
340	2	1 1 1 0 1 0 0 0 0 0 0 0 0 0 0 0
340	2	1 1 0 1 0 0 1 0 1 0 0 0 0 0 0 0
340	1	1 0 1 1 0 0 0 1 1 0 0 1 1 0 0 0
340	5	1 1 1 0 1 0 0 0 0 1 0 0 0 0 1 0
340	3	1 1 1 1 0 1 0 0 1 0 0 1 0 0 0 0
340	2	1 1 1 0 0 0 0 0 1 1 1 1 0 1 0 1
340	4	1 1 0 1 0 0 0 0 1 0 0 1 0 1 0 0
340	2	1 1 0 1 0 0 0 1 0 0 0 1 0 1 0 0
340	3	1 1 1 1 0 0 0 0 0 0 0 1 1 0 0 1
340	3	1 1 1 1 0 0 0 0 0 0 1 1 0 0 0 0
340	2	1 1 1 1 1 1 0 1 0 0 0 1 0 1 0 0
340	1	1 1 0 1 1 1 0 0 0 0 0 1 0 0 0 1
340	9	1 1 1 1 0 0 0 0 1 0 1 0 0 1 0 0
340	2	1 1 1 1 0 0 0 0 0 1 0 0 0 0 0 1
340	5	1 1 1 0 0 0 0 0 0 0 1 0 1 0 0 0
340	3	1 1 1 1 0 0 1 0 0 0 0 0 0 0 0 0
340	1	0 1 1 1 1 0 0 0 0 1 0 1 0 1 0 0
340	4	0 1 0 1 1 1 0 1 1 0 1 0 0 0 0 0
340	1	1 1 1 0 1 0 1 0 0 1 0 0 0 0 0 0
340	5	1 0 1 1 0 0 1 0 0 0 0 1 0 0 0 1
340	3	1 1 1 1 0 0 0 0 0 0 0 0 1 0 0 0
340	1	1 1 1 1 1 0 0 1 0 0 0 0 0 0 0 1
340	1	1 1 1 1 0 0 0 0 1 0 1 0 0 0 0 1
340	3	1 1 1 0 0 0 0 1 0 0 0 0 0 0 0 0
340	1	1 1 1 1 0 0 0 0 1 0 0 0 0 0 0 0
340	1	1 1 1 1 0 0 0 0 0 0 0 1 0 0 1 1
340	3	1 1 1 0 0 0 0 0 1 0 1 0 0 0 0 0
340	2	0 1 0 1 0 0 0 0 0 1 0 0 0 0 0 0
340	1	1 1 1 0 0 0 0 0 1 0 0 1 0 1 0 0
340	4	1 0 1 1 0 1 0 0 1 0 0 0 0 0 0 0
340	1	1 1 0 1 0 0 0 1 1 0 0 0 1 0 0 0
340	4	1 1 1 1 0 0 0 1 0 0 1 0 0 0 0 1
340	2	1 0 1 0 0 0 0 0 0 1 0 0 0 0 0 0
340	2	1 1 1 0 1 0 0 0 1 0 1 0 0 0 0 1
340	2	1 1 1 1 0 0 0 0 1 1 0 0 0 0 0 0
340	5	1 1 1 1 0 0 0 0 0 1 0 0 1 0 0 0
340	1	1 1 1 1 0 1 0 0 0 0 0 0 1 0 0 0
340	1	1 1 0 1 0 0 0 0 0 0 1 0 0 0 0 0
340	1	1 1 1 1 0 0 0 1 0 0 0 1 1 0 0 0
340	2	1 1 0 1 1 1 0 1 1 0 1 0 0 1 0 0
340	1	1 1 1 0 1 0 0 0 0 1 0 0 1 0 0 0
340	1	1 1 1 1 0 0 0 1 1 0 0 1 0 0 0 0
340	2	1 0 0 1 0 0 0 0 0 0 0 1 0 0 0 1
340	2	0 1 1 1 0 0 0 1 1 0 0 0 0 0 0 0
340	5	0 1 1 1 0 1 0 0 0 1 0 0 0 0 1 0
340	1	0 1 1 1 0 0 0 0 0 0 0 0 0 0 1 0
340	1	1 1 0 0 0 0 0 1 1 0 0 0 0 0 0 0
360	8	1 1 1 0 0 0 0 0 0 0 0 0 0 0 0 0
360	25	1 1 1 0 0 0 0 0 0 0 1 0 0 0 0 0
360	48	1 1 1 1 0 0 0 0 0 0 0 0 0 0 0 0
360	6	1 1 1 0 0 0 0 0 0 1 0 0 0 0 0 0
360	23	1 1 1 1 0 0 0 0 0 0 0 1 0 0 0 1
360	38	1 1 0 1 0 0 0 0 1 0 0 0 0 0 0 0
360	18	1 1 1 1 0 0 0 0 0 0 1 0 0 0 0 0
360	9	1 1 1 1 0 0 0 1 1 0 0 1 1 0 0 0
360	35	1 1 1 1 1 0 0 1 0 0 0 0 0 0 0 0
360	19	1 1 1 1 0 1 0 0 1 0 1 0 0 0 0 0
360	27	0 1 1 1 1 0 0 1 0 0 0 1 0 0 0 0
360	5	1 1 1 1 0 0 0 1 0 0 0 0 1 0 0 0
360	9	1 1 1 0 1 0 0 0 0 1 0 0 0 0 0 0
360	60	1 1 1 1 0 0 0 0 1 0 1 0 0 0 0 0
360	5	1 1 1 1 1 1 0 0 0 0 0 1 0 1 0 1
360	10	1 1 1 1 0 0 0 1 0 0 0 1 0 0 0 0
360	1	1 1 1 1 0 0 0 0 1 0 1 1 0 0 0 1
360	20	1 0 1 1 0 0 0 0 0 0 0 1 0 0 0 1
360	1	1 1 1 0 0 0 0 0 0 1 1 0 0 0 0 0
360	16	1 1 1 1 0 0 0 1 1 0 0 0 0 0 0 0
360	32	1 1 1 1 1 1 0 0 0 0 0 1 0 1 0 0
360	2	0 1 1 1 0 0 1 1 0 0 0 0 0 0 1 0
360	19	1 1 0 1 0 0 0 0 1 0 1 0 0 0 0 0
360	7	1 1 1 1 0 0 0 1 1 0 0 0 1 0 0 0
360	2	1 1 0 0 0 0 0 0 0 1 0 0 0 0 0 1
360	3	1 1 0 1 0 0 0 1 0 0 0 0 1 0 0 0
360	10	1 1 1 1 0 0 0 0 0 0 1 0 1 0 0 0
360	43	1 1 1 0 0 0 0 1 0 0 1 0 0 0 0 0
360	5	1 1 1 1 1 0 0 0 0 0 0 1 0 0 0 0
360	14	1 1 0 1 0 0 0 0 0 0 0 0 0 0 0 0
360	1	1 1 1 1 0 1 0 0 0 1 0 1 0 0 0 0
360	6	1 1 0 1 0 0 0 0 1 0 0 1 0 0 0 0
360	7	1 0 1 0 0 0 0 0 0 0 0 0 0 0 0 0
360	12	1 1 1 1 0 0 0 0 0 0 0 0 0 0 0 1
360	16	1 1 1 1 0 0 0 1 1 0 0 0 0 0 1 0
360	12	1 1 1 0 0 0 0 1 0 1 1 0 0 0 0 0
360	5	1 1 0 1 0 0 1 0 1 0 0 0 0 0 0 0
360	27	1 1 1 1 0 1 0 0 1 0 0 1 0 0 0 0
360	4	1 1 0 1 0 0 0 0 1 0 0 1 0 1 0 0
360	16	1 1 1 1 1 1 0 1 0 0 0 1 0 1 0 0
360	1	1 1 0 1 1 1 0 0 0 0 0 1 0 0 0 1
360	4	1 1 1 1 0 0 0 0 1 0 1 0 0 1 0 0
360	6	1 1 1 1 0 0 0 0 0 1 0 0 0 0 0 1
360	26	1 1 1 1 0 0 1 0 0 0 0 0 0 0 0 0
360	5	0 1 0 1 1 1 0 1 1 0 1 0 0 0 0 0
360	12	1 1 1 0 0 0 0 1 0 0 0 0 0 0 0 0
360	39	1 1 1 1 0 0 0 1 0 0 1 0 0 0 0 1
360	8	1 1 1 1 0 0 0 0 1 1 0 0 0 0 0 0
360	1	1 1 1 1 0 0 0 0 0 1 0 0 1 0 0 0
360	9	0 1 1 1 0 0 0 0 0 0 0 0 0 0 1 0
360	4	0 1 1 1 1 0 1 0 0 0 0 1 0 0 0 0
360	12	1 1 0 1 0 1 0 0 1 0 1 0 0 0 0 0
360	9	1 1 1 1 0 0 0 1 0 0 1 0 0 0 0 0
360	4	1 1 1 1 1 0 1 0 0 0 0 0 0 0 0 0
360	7	0 1 1 0 1 0 0 0 0 1 0 0 0 0 0 0
360	24	1 1 0 1 0 0 0 0 0 0 0 0 1 0 0 0
360	9	1 1 1 1 0 1 0 0 0 0 0 1 0 0 0 0
360	1	1 1 1 1 1 1 0 0 0 0 0 1 0 0 0 0
360	5	1 1 1 1 0 0 1 1 0 0 0 0 0 0 1 0
360	2	1 0 1 1 0 0 0 0 0 0 1 1 0 0 0 1
360	2	1 1 1 1 0 0 0 1 1 0 0 1 0 0 0 0
360	1	1 1 1 1 0 0 0 0 0 1 1 0 0 0 0 0
360	4	1 1 1 1 0 0 0 0 1 0 0 0 0 0 0 1
360	8	1 1 1 0 1 0 0 0 1 1 0 0 0 0 0 0
360	7	1 1 1 1 0 0 0 0 0 0 1 0 0 0 0 1
360	3	1 1 1 0 0 0 0 0 1 0 0 0 0 0 0 0
360	3	1 1 1 1 1 0 0 1 1 0 0 0 0 0 0 0
360	5	1 1 0 1 0 0 0 1 1 0 0 0 0 0 0 0
360	2	1 1 1 1 0 0 0 1 0 0 0 0 0 0 1 0
360	2	0 1 1 1 0 0 1 1 0 1 0 0 0 0 1 0
360	5	1 1 1 1 0 0 0 1 0 0 1 0 1 0 0 0
360	5	0 1 1 1 0 0 0 0 0 0 0 1 0 0 1 0
360	11	0 1 1 1 0 0 0 0 1 0 1 1 0 0 0 0
360	3	1 1 1 1 0 1 0 1 0 0 0 1 0 1 0 0
360	1	1 1 1 1 0 0 0 0 0 0 0 0 1 0 0 0
360	2	1 0 1 0 0 0 0 1 0 0 0 0 0 0 0 0
360	1	0 1 0 1 0 0 1 0 1 0 0 0 0 0 0 0
360	2	0 1 1 1 0 0 0 1 0 0 1 0 0 0 0 0
360	14	1 1 1 1 0 0 0 0 1 0 1 1 0 0 0 0
360	5	1 1 1 1 0 0 0 1 0 0 1 0 0 1 0 0
360	2	1 1 1 1 1 0 0 0 1 0 1 0 0 0 0 0
360	7	1 1 1 0 1 0 0 0 0 1 0 0 1 0 0 0
360	3	1 1 1 0 0 0 0 1 0 0 1 0 0 1 0 0
360	1	0 1 1 1 1 1 0 1 0 0 0 1 0 1 0 0
360	4	1 1 1 1 0 0 1 0 0 0 0 0 0 1 0 0
360	6	1 1 1 0 0 0 1 1 0 0 0 0 0 0 0 0
360	3	1 0 1 1 0 0 0 0 1 0 0 0 0 0 0 0
360	2	1 1 0 1 0 1 0 0 0 0 0 1 0 1 0 0
360	2	1 1 1 1 0 0 0 1 1 0 0 0 0 0 0 1
360	13	1 1 0 1 0 0 0 0 1 1 0 0 0 0 0 0
360	3	1 1 1 1 0 0 0 1 0 0 0 0 0 0 0 0
360	4	1 1 1 1 1 0 0 1 0 0 0 1 0 1 0 0
360	4	1 1 1 0 0 0 0 1 1 0 0 0 0 0 0 0
360	1	1 1 1 1 1 1 0 1 0 0 1 0 0 0 0 0
360	2	1 1 1 1 1 1 0 0 0 0 0 0 0 0 0 0
360	3	0 1 1 1 1 1 0 0 0 0 0 1 0 1 0 0
360	7	1 0 1 1 0 0 0 0 0 0 0 1 0 0 0 0
360	2	0 1 1 1 0 0 0 0 0 0 1 0 0 0 0 0
360	2	1 1 1 1 0 0 1 0 1 0 1 0 0 0 0 0
360	1	1 1 1 1 1 1 1 1 0 0 0 1 0 1 0 0
360	1	1 1 1 0 0 0 0 1 0 0 1 0 1 0 0 0
360	3	1 1 1 1 0 1 0 0 1 0 0 1 0 1 0 1
360	2	1 1 1 1 0 1 0 1 1 0 0 0 0 0 1 0
360	2	1 1 0 1 0 1 0 0 1 0 0 1 0 0 0 0
360	1	1 1 1 1 0 0 0 0 0 0 1 0 0 1 0 0
360	3	1 1 0 1 0 1 0 0 1 0 0 0 0 0 0 0
360	4	0 1 1 1 1 1 0 0 0 0 0 1 0 0 0 0
360	2	0 0 1 1 0 0 1 1 0 1 0 0 0 0 1 0
360	1	1 1 1 1 0 1 0 0 0 1 0 0 0 0 0 0
360	1	1 1 1 0 0 0 0 1 1 0 0 1 0 0 0 0
360	2	1 1 1 1 1 0 0 0 0 0 0 0 0 0 0 0
360	1	1 1 1 1 0 0 0 1 0 0 0 0 1 1 0 0
360	2	1 1 1 1 0 0 0 1 0 0 0 1 0 0 1 0
360	1	1 1 1 0 0 0 0 0 1 0 1 1 0 0 0 1
360	1	1 1 0 1 0 1 0 0 1 0 1 1 0 0 0 0
360	1	0 1 1 1 0 0 1 0 1 0 0 0 0 0 0 0
380	8	1 1 1 0 0 0 0 0 0 0 1 0 0 0 0 0
380	43	1 1 1 1 0 0 0 0 0 0 0 0 0 0 0 0
380	32	1 1 1 1 0 0 0 0 0 0 0 1 0 0 0 1
380	38	1 1 1 1 0 0 0 0 0 0 1 0 0 0 0 0
380	25	1 1 1 1 1 0 0 1 0 0 0 0 0 0 0 0
380	39	1 1 1 1 0 1 0 0 1 0 1 0 0 0 0 0
380	19	0 1 1 1 1 0 0 1 0 0 0 1 0 0 0 0
380	50	1 1 1 1 0 0 0 0 1 0 1 0 0 0 0 0
380	16	1 0 1 1 0 0 0 0 0 0 0 1 0 0 0 1
380	7	1 1 1 0 0 0 0 0 0 1 1 0 0 0 0 0
380	28	1 1 1 1 1 1 0 0 0 0 0 1 0 1 0 0
380	10	1 1 1 1 0 0 0 0 0 0 1 0 1 0 0 0
380	5	1 1 1 0 0 0 0 1 0 0 1 0 0 0 0 0
380	8	1 1 1 1 1 0 0 0 0 0 0 1 0 0 0 0
380	14	1 1 0 1 0 0 0 0 0 0 0 0 0 0 0 0
380	22	1 1 0 1 0 0 0 0 1 0 0 1 0 0 0 0
380	13	1 1 1 1 0 0 0 0 0 0 0 0 0 0 0 1
380	5	1 1 1 1 0 0 0 1 1 0 0 0 0 0 1 0
380	4	1 1 0 1 0 0 1 0 1 0 0 0 0 0 0 0
380	2	1 1 1 1 0 1 0 0 1 0 0 1 0 0 0 0
380	2	1 1 1 1 1 1 0 1 0 0 0 1 0 1 0 0
380	11	1 1 1 1 0 0 0 0 1 0 1 0 0 1 0 0
380	4	1 1 1 1 0 0 0 0 0 1 0 0 0 0 0 1
380	38	1 1 1 1 0 0 1 0 0 0 0 0 0 0 0 0
380	9	1 1 1 0 0 0 0 1 0 0 0 0 0 0 0 0
380	42	1 1 1 1 0 0 0 1 0 0 1 0 0 0 0 1
380	5	1 1 1 1 0 0 0 0 1 1 0 0 0 0 0 0
380	6	0 1 1 1 0 0 0 0 0 0 0 0 0 0 1 0
380	33	1 1 1 1 0 0 0 1 0 0 1 0 0 0 0 0
380	22	1 1 1 1 1 0 1 0 0 0 0 0 0 0 0 0
380	5	1 1 1 1 1 1 0 0 0 0 0 1 0 0 0 0
380	3	1 1 1 1 0 0 0 1 0 0 0 0 0 0 1 0
380	9	0 1 1 1 0 0 0 0 0 0 0 1 0 0 1 0
380	6	0 1 1 1 0 0 0 0 1 0 1 1 0 0 0 0
380	72	1 1 1 1 0 0 0 0 1 0 1 1 0 0 0 0
380	9	1 1 1 1 0 0 0 1 0 0 1 0 0 1 0 0
380	2	1 1 1 0 0 0 1 1 0 0 0 0 0 0 0 0
380	3	1 0 1 1 0 0 0 0 1 0 0 0 0 0 0 0
380	7	1 1 0 1 0 0 0 0 1 1 0 0 0 0 0 0
380	18	1 1 1 0 0 0 0 1 1 0 0 0 0 0 0 0
380	13	1 1 0 1 0 1 0 0 1 0 0 0 0 0 0 0
380	3	0 1 1 1 1 1 0 0 0 0 0 1 0 0 0 0
380	12	1 1 1 1 0 0 0 0 1 0 0 0 0 0 0 0
380	26	1 1 1 1 0 0 0 0 0 0 1 1 0 0 0 1
380	4	1 1 1 1 0 0 0 0 0 0 1 0 0 0 1 0
380	4	1 1 1 1 0 0 1 1 0 1 1 0 0 0 0 0
380	3	1 1 1 1 0 1 0 0 0 0 0 1 0 0 0 1
380	6	0 0 1 1 0 0 0 0 1 0 1 1 0 0 0 0
380	6	1 1 1 1 0 1 1 1 0 0 0 1 0 1 0 0
380	1	1 1 1 0 0 0 0 1 0 0 1 0 0 0 0 1
380	1	1 1 1 0 0 0 1 0 0 0 1 0 0 0 0 0
380	2	1 1 1 1 1 1 0 1 0 0 0 0 0 0 0 0
380	6	1 1 0 1 0 0 0 1 1 0 0 0 0 0 1 0
380	6	1 1 1 1 0 1 0 0 1 0 1 0 0 0 0 1
380	6	1 1 1 0 0 0 0 1 0 0 0 0 1 0 0 0
380	14	1 1 1 1 0 0 0 0 1 0 1 0 0 0 0 1
380	5	0 1 1 1 0 0 0 0 1 0 1 0 0 0 0 0
380	10	1 1 1 1 0 0 0 0 1 0 0 0 0 1 0 0
380	4	1 1 1 1 1 0 0 1 0 0 0 0 0 0 0 1
380	1	1 0 1 1 0 0 0 1 0 0 1 0 0 0 0 1
380	8	0 1 1 1 0 0 0 0 1 0 0 1 0 0 0 0
380	1	1 1 1 0 1 0 0 0 0 1 0 0 1 0 0 1
380	3	1 1 0 1 0 0 0 0 0 1 0 0 0 0 0 0
380	10	1 1 1 1 1 1 0 1 0 0 0 1 0 0 0 0
380	4	1 1 1 1 0 0 0 0 0 0 1 1 0 0 0 0
380	3	1 1 1 1 0 0 1 0 1 0 1 1 0 0 1 0
380	3	1 1 1 1 0 0 0 1 1 0 1 0 0 0 0 0
380	4	1 1 1 1 0 0 0 1 0 0 1 1 0 0 0 0
380	2	1 1 1 1 0 0 0 0 1 0 0 0 0 0 0 1
380	3	1 1 1 1 0 0 0 0 0 0 1 1 0 1 0 0
380	6	1 1 1 1 1 1 0 1 0 0 1 0 0 0 0 1
380	2	1 0 1 1 0 0 0 0 0 1 0 1 0 0 0 1
380	7	1 1 1 1 1 0 0 0 0 0 0 0 0 0 0 0
380	5	1 1 0 1 0 0 1 0 0 0 0 0 0 0 0 0
380	10	1 1 0 0 0 0 0 1 0 0 0 0 0 0 0 0
380	12	1 1 0 1 0 1 1 0 1 0 1 0 0 0 0 0
380	2	1 1 1 1 1 0 0 1 0 0 1 0 0 1 0 1
380	13	1 1 1 1 0 0 0 0 0 0 1 0 0 1 0 0
380	3	1 1 1 1 0 1 0 0 1 0 0 1 0 1 0 0
380	1	1 1 1 1 1 0 1 0 0 0 0 0 1 0 0 0
380	7	1 1 0 1 0 0 0 0 0 1 0 0 0 0 0 1
380	3	1 1 1 1 1 0 0 0 0 0 0 1 0 0 1 0
380	1	1 1 1 1 0 0 0 0 0 1 0 0 0 0 0 0
380	3	1 0 1 1 0 0 0 0 1 0 1 0 0 0 0 0
380	6	1 1 1 0 0 0 0 0 0 0 1 0 1 0 0 0
380	1	1 1 1 1 0 0 0 1 1 0 1 0 0 0 1 0
380	2	1 1 1 1 0 1 0 1 1 0 0 0 0 0 1 0
380	1	0 1 1 1 0 0 1 0 0 0 0 0 0 0 0 0
380	1	0 1 1 1 0 0 0 0 1 0 1 0 0 0 0 1
380	1	1 1 1 1 1 0 0 1 0 0 0 1 0 0 0 0
380	4	0 1 1 1 0 0 0 0 0 0 0 0 0 0 0 0
380	6	1 1 1 1 0 0 0 0 0 0 0 0 0 1 0 0
380	1	1 1 1 1 0 0 0 0 0 1 1 0 0 0 0 0
380	4	1 0 1 1 0 0 0 1 0 0 1 0 0 0 0 0
380	3	1 1 1 1 0 0 0 0 1 0 1 1 0 0 1 0
380	1	1 1 1 1 0 0 0 0 0 0 0 1 0 1 0 0
380	1	1 1 1 1 0 1 1 0 0 0 0 0 0 0 0 0
380	3	1 1 1 1 0 0 1 0 0 0 1 0 0 0 0 0
380	1	1 1 1 1 1 0 0 1 0 1 0 0 0 0 0 0
380	2	1 1 1 1 0 0 1 0 1 0 1 0 0 0 0 0
380	6	1 1 1 1 0 0 1 0 0 0 0 0 1 0 0 0
380	2	1 1 1 1 0 0 0 1 1 0 1 1 0 0 0 0
380	2	1 1 1 1 0 1 0 0 1 0 0 0 0 0 0 0
380	3	1 1 0 1 0 0 0 0 1 1 0 0 0 0 0 1
380	1	1 1 1 1 0 0 1 0 1 0 0 0 0 0 0 0
380	2	1 1 1 1 0 0 0 0 1 1 1 1 0 0 0 0
380	3	1 1 1 1 0 0 0 1 1 0 0 0 0 0 0 0
400	5	1 1 1 0 0 0 0 0 0 0 1 0 0 0 0 0
400	72	1 1 1 1 0 0 0 0 0 0 0 0 0 0 0 0
400	20	1 1 1 1 0 0 0 0 0 0 0 1 0 0 0 1
400	6	1 1 1 1 0 0 0 0 0 0 1 0 0 0 0 0
400	9	1 1 1 1 1 0 0 1 0 0 0 0 0 0 0 0
400	24	1 1 1 1 0 1 0 0 1 0 1 0 0 0 0 0
400	58	1 1 1 1 0 0 0 0 1 0 1 0 0 0 0 0
400	44	1 1 1 1 1 1 0 0 0 0 0 1 0 1 0 0
400	3	1 1 1 1 0 0 0 0 0 0 1 0 1 0 0 0
400	2	1 1 1 0 0 0 0 1 0 0 1 0 0 0 0 0
400	3	1 1 1 1 0 0 0 0 0 0 0 0 0 0 0 1
400	55	1 1 1 1 0 0 1 0 0 0 0 0 0 0 0 0
400	34	1 1 1 0 0 0 0 1 0 0 0 0 0 0 0 0
400	4	1 1 1 1 0 0 0 1 0 0 1 0 0 0 0 1
400	2	1 1 1 1 0 0 0 0 1 1 0 0 0 0 0 0
400	38	1 1 1 1 0 0 0 1 0 0 1 0 0 0 0 0
400	23	1 1 1 1 1 0 1 0 0 0 0 0 0 0 0 0
400	32	1 1 1 1 0 0 0 0 1 0 1 1 0 0 0 0
400	3	1 1 1 1 0 0 0 1 0 0 1 0 0 1 0 0
400	8	1 1 1 0 0 0 1 1 0 0 0 0 0 0 0 0
400	9	1 1 0 1 0 0 0 0 1 1 0 0 0 0 0 0
400	5	1 1 1 0 0 0 0 1 1 0 0 0 0 0 0 0
400	24	1 1 0 1 0 1 0 0 1 0 0 0 0 0 0 0
400	39	1 1 1 1 0 0 0 0 0 0 1 1 0 0 0 1
400	36	0 0 1 1 0 0 0 0 1 0 1 1 0 0 0 0
400	32	1 1 1 1 0 1 0 0 1 0 1 0 0 0 0 1
400	4	1 1 1 1 0 0 0 0 1 0 1 0 0 0 0 1
400	4	0 1 1 1 0 0 0 0 1 0 1 0 0 0 0 0
400	34	1 1 1 1 0 0 0 0 1 0 0 0 0 1 0 0
400	5	1 1 1 1 1 1 0 1 0 0 0 1 0 0 0 0
400	12	1 1 1 1 1 0 0 0 0 0 0 0 0 0 0 0
400	28	1 1 0 1 0 0 1 0 0 0 0 0 0 0 0 0
400	10	1 1 0 0 0 0 0 1 0 0 0 0 0 0 0 0
400	11	1 1 0 1 0 1 1 0 1 0 1 0 0 0 0 0
400	15	1 1 1 1 0 0 0 0 0 0 1 0 0 1 0 0
400	10	1 1 1 1 1 0 1 0 0 0 0 0 1 0 0 0
400	1	1 1 1 1 0 0 0 0 0 0 0 0 0 1 0 0
400	2	1 1 1 1 0 1 1 0 0 0 0 0 0 0 0 0
400	9	1 1 1 1 0 0 1 0 0 0 1 0 0 0 0 0
400	6	1 1 1 1 0 0 1 0 0 0 0 0 1 0 0 0
400	26	1 1 1 1 0 0 0 0 0 0 1 0 0 0 0 1
400	13	1 1 0 1 0 1 0 1 1 0 0 0 0 0 1 0
400	9	1 1 1 0 0 0 0 0 1 0 1 1 0 0 0 0
400	14	1 1 1 1 0 0 0 0 0 0 1 1 1 0 0 0
400	2	1 1 1 1 0 0 0 1 1 0 0 1 0 0 0 1
400	10	1 1 1 1 1 1 0 0 0 0 0 0 0 0 0 0
400	9	1 1 0 1 0 0 0 1 0 0 0 0 0 0 1 0
400	4	1 1 1 1 0 0 0 1 0 0 0 0 0 0 0 0
400	3	1 1 1 0 0 0 0 1 0 0 1 0 0 0 0 1
400	2	1 1 0 0 0 0 1 1 0 0 0 0 0 0 0 0
400	4	1 1 1 1 0 1 0 0 1 0 0 0 0 0 0 0
400	4	1 0 1 1 1 0 0 0 1 0 1 1 0 0 0 0
400	3	0 1 1 1 1 0 1 0 0 0 0 0 0 0 0 0
400	10	0 0 1 1 0 0 0 0 1 1 1 1 0 0 0 0
400	6	1 1 1 0 0 0 0 0 0 0 0 0 0 0 0 0
400	10	1 1 1 1 0 0 1 0 1 0 1 0 0 0 0 0
400	3	1 1 0 1 1 0 1 0 0 0 0 0 0 0 0 0
400	6	1 1 0 1 0 0 0 1 0 0 1 0 0 0 0 0
400	7	0 1 1 1 0 0 0 1 0 0 1 0 0 0 0 0
400	6	1 1 0 1 0 0 1 0 0 0 1 0 0 0 0 0
400	2	1 1 1 1 0 0 1 0 0 0 1 1 0 0 0 0
400	8	1 1 1 1 0 1 0 0 1 0 1 0 0 1 0 0
400	2	1 1 1 1 0 0 0 1 1 0 0 1 0 1 0 0
400	8	1 1 1 1 0 0 0 0 1 0 0 0 0 0 0 0
400	5	1 1 1 1 0 1 0 0 1 1 1 0 0 0 0 1
400	10	1 1 1 1 0 1 0 1 1 0 0 0 0 0 1 0
400	3	1 1 0 1 1 0 1 0 0 0 1 1 1 0 0 0
400	3	1 1 1 1 1 1 0 0 1 0 1 0 0 0 0 0
400	1	1 1 0 0 0 0 0 0 0 0 1 1 0 0 0 0
400	3	1 1 1 1 0 0 0 1 1 0 1 0 0 0 0 0
400	5	1 1 1 0 0 0 0 1 1 0 1 0 0 0 0 0
400	2	0 1 1 1 0 0 0 1 0 0 1 0 0 0 0 1
400	3	1 0 0 1 0 1 0 0 1 0 0 0 0 0 0 0
400	2	1 1 1 1 0 0 0 0 0 1 1 1 0 0 0 1
400	1	1 1 1 1 0 0 0 0 0 0 0 0 1 0 0 0
400	1	1 1 1 0 0 0 1 1 0 0 0 0 1 0 0 0
400	5	1 1 0 0 0 0 1 0 0 0 0 0 0 0 0 0
400	2	1 1 0 1 0 0 1 1 0 0 0 0 0 0 0 0
400	2	1 1 1 1 0 0 1 0 1 0 1 1 0 0 0 0
400	3	0 1 1 1 0 0 0 0 0 0 0 0 0 0 0 0
400	7	1 0 1 1 0 0 1 0 0 0 0 0 0 0 0 0
400	1	1 1 1 1 0 0 0 0 0 1 1 1 1 0 0 0
400	3	1 1 0 1 0 1 0 1 0 0 0 0 0 0 0 0
400	1	1 1 0 1 0 0 1 0 1 0 0 0 0 0 0 0
400	3	1 1 1 1 0 1 0 0 0 0 0 0 0 0 0 0
400	1	1 1 1 1 0 0 0 0 1 1 1 0 0 0 0 0
400	1	1 1 1 1 1 1 0 0 0 0 0 0 0 1 0 0
400	1	1 1 0 1 0 0 0 0 1 0 0 0 0 0 0 0
400	5	1 1 1 0 0 0 0 0 0 0 1 1 0 0 0 1
400	1	1 1 1 1 0 0 1 0 1 0 0 0 0 1 0 0
400	1	1 1 1 1 1 0 0 0 0 0 0 0 0 1 0 0
400	1	0 0 1 1 0 0 0 0 1 1 1 1 0 0 1 0
400	1	1 1 0 1 0 0 1 0 0 0 1 0 0 0 0 1
400	1	1 1 1 1 0 1 0 0 1 0 1 0 1 0 0 0
400	1	1 1 1 1 1 0 0 0 1 0 1 0 0 0 0 0
400	1	1 1 1 1 0 0 0 0 1 0 1 0 1 0 0 0
400	1	1 1 1 1 0 0 1 0 0 0 0 0 0 0 1 0
400	1	1 1 1 0 0 0 0 1 0 0 0 0 0 0 0 1
400	1	1 1 0 1 0 1 0 0 1 1 0 0 0 0 0 0
400	3	0 0 1 1 0 1 0 0 1 0 1 1 0 0 0 0
400	1	1 1 1 1 0 0 0 0 1 0 1 1 1 0 0 0
