0	250	0 0 1 0 0 1 0 0 0 0 0 0 1 0 0 1
0	250	0 1 0 1 0 0 0 1 0 0 0 0 0 0 0 0
0	250	0 0 1 0 0 0 0 0 0 0 0 0 1 1 1 0
0	250	0 1 0 0 0 0 0 0 1 0 1 1 0 0 0 0
20	97	0 0 1 0 0 1 0 0 0 0 0 0 1 0 0 1
20	192	0 1 0 1 0 0 0 1 0 0 0 0 0 0 0 0
20	67	0 0 1 0 0 0 0 0 0 0 0 0 1 1 1 0
20	211	0 1 0 0 0 0 0 0 1 0 1 1 0 0 0 0
20	37	0 1 0 1 0 0 0 1 0 0 0 0 0 0 0 1
20	14	0 0 1 1 0 0 0 0 0 0 0 0 1 1 1 0
20	2	0 1 0 0 0 0 0 1 1 0 1 1 0 0 0 0
20	6	0 1 0 1 0 0 0 1 0 0 0 0 1 1 1 0
20	11	0 1 0 1 0 1 0 0 0 0 0 0 1 0 0 1
20	4	0 1 0 0 0 0 0 0 1 0 1 1 0 1 0 0
20	2	0 1 0 1 0 0 0 0 0 0 0 0 0 0 0 0
20	4	0 0 1 0 0 1 0 0 1 0 1 1 0 0 0 0
20	7	0 0 1 0 0 1 0 1 0 0 0 0 1 0 0 1
20	7	0 1 0 1 1 0 0 0 1 0 1 1 0 0 0 0
20	4	0 0 1 0 0 0 0 0 1 0 1 1 0 0 0 0
20	4	0 1 0 0 0 0 0 0 1 0 1 1 0 0 0 1
20	13	0 1 1 0 0 1 0 0 0 0 0 0 1 0 0 1
20	41	0 0 1 1 0 1 0 0 0 0 0 0 1 0 0 1
20	1	0 0 1 0 0 0 0 0 0 0 0 0 1 0 0 1
20	4	0 0 1 0 0 1 1 0 0 0 0 0 1 0 0 1
20	11	0 1 0 0 0 0 0 0 1 1 1 1 0 0 0 0
20	3	0 1 0 1 0 1 0 0 0 0 0 0 1 1 1 0
20	12	0 0 0 0 0 1 0 0 0 0 0 0 1 0 0 1
20	7	0 0 1 0 0 0 0 0 0 0 0 0 1 0 1 0
20	11	0 1 0 0 0 0 0 0 0 0 1 1 0 0 0 0
20	6	0 1 0 1 0 0 0 1 0 0 0 0 0 0 1 0
20	18	0 0 1 0 0 1 0 0 0 0 0 0 1 0 0 0
20	6	0 1 0 1 0 0 0 1 0 1 0 0 0 0 0 0
20	4	0 1 0 1 0 1 0 1 0 0 0 0 0 0 0 0
20	3	0 0 1 1 0 0 0 1 0 0 0 0 0 0 0 0
20	7	0 1 1 1 0 1 0 0 0 0 0 0 1 0 0 1
20	1	0 0 1 0 0 0 0 0 0 0 0 0 0 1 1 0
20	22	0 1 0 0 0 0 0 1 0 0 0 0 0 0 0 0
20	2	0 1 0 1 1 0 0 1 0 0 0 0 1 0 0 1
20	2	1 1 1 0 0 1 0 0 0 0 0 0 1 0 0 1
20	5	0 0 1 0 0 0 0 0 0 0 0 0 1 1 1 1
20	12	0 0 1 0 0 1 0 0 0 0 0 0 1 0 1 1
20	3	0 1 1 0 0 0 0 0 1 0 1 1 0 0 0 0
20	4	0 1 0 1 0 0 0 1 1 0 0 0 0 0 0 0
20	8	0 0 1 1 0 1 0 0 0 0 0 1 1 0 0 1
20	4	0 1 0 1 0 0 0 1 0 0 0 0 1 0 0 0
20	11	0 1 0 0 0 0 0 0 0 0 1 1 0 0 0 1
20	4	0 1 0 1 0 1 0 1 0 0 0 0 1 0 0 0
20	2	0 0 1 0 0 1 0 0 0 0 0 0 0 0 0 0
20	5	0 1 0 1 0 0 0 1 0 0 0 1 0 0 0 0
20	3	1 1 0 0 0 0 0 0 1 0 1 1 0 0 0 0
20	1	0 1 1 0 0 1 0 0 1 0 0 0 1 0 0 1
20	2	0 0 0 0 0 0 0 0 0 0 0 0 1 0 0 1
20	1	0 0 1 0 0 1 0 0 0 0 0 1 0 0 0 1
20	4	0 1 0 1 0 0 0 1 0 0 1 1 0 0 0 0
20	2	0 1 0 1 0 0 0 1 0 0 1 1 0 0 0 1
20	7	0 1 0 1 0 0 0 1 0 0 0 0 1 1 0 0
20	2	0 1 0 0 0 0 0 0 0 0 0 0 1 1 1 0
20	3	0 0 1 0 0 0 0 0 0 1 0 0 1 1 1 0
20	7	0 1 0 0 0 0 0 0 1 0 0 1 0 0 0 0
20	1	0 1 0 1 0 0 0 0 0 0 1 0 0 0 0 0
20	2	0 0 1 0 0 0 0 1 0 0 0 0 0 0 0 1
20	4	0 1 0 1 0 0 0 0 0 0 0 0 1 0 0 1
20	1	0 1 0 1 0 0 0 0 1 0 1 1 0 1 0 0
20	2	0 0 1 0 0 0 0 1 0 0 0 0 1 1 1 0
20	2	0 0 0 1 0 0 0 1 0 0 0 0 0 0 0 1
20	1	0 1 0 1 0 0 0 1 0 1 0 0 1 1 1 0
20	2	0 1 1 0 0 0 0 1 1 0 1 1 0 0 0 0
20	5	0 1 1 0 0 0 0 0 1 0 1 1 0 1 1 0
20	4	0 1 0 1 0 0 0 0 0 1 1 0 0 0 0 0
20	2	0 0 1 0 0 1 0 0 0 0 0 0 1 0 1 0
20	2	0 1 0 0 0 1 0 0 0 0 0 0 1 0 0 1
20	2	0 1 1 0 0 0 0 0 0 0 0 0 1 1 1 0
20	7	0 1 0 1 0 0 0 1 0 0 0 0 1 1 1 1
20	4	0 1 1 0 0 1 0 0 0 0 1 1 0 0 0 0
20	1	0 0 0 0 0 0 0 0 1 0 1 1 0 0 0 0
20	2	0 1 0 0 0 0 0 1 0 0 0 0 0 0 0 1
20	1	0 1 0 1 0 0 0 0 0 0 0 0 1 0 1 0
20	1	0 1 0 0 0 0 0 0 1 0 1 1 0 0 1 0
20	3	0 0 1 0 0 1 0 0 0 0 1 0 1 0 0 1
20	1	0 1 0 1 1 0 0 1 0 0 0 0 0 0 0 0
20	1	0 1 0 1 0 0 1 1 0 0 0 0 0 0 0 0
20	3	0 0 1 0 0 0 0 0 0 0 0 1 1 1 1 0
20	2	0 0 1 0 0 0 0 0 0 0 0 0 1 1 0 0
20	2	0 1 0 0 0 1 0 0 1 0 1 1 0 0 0 0
20	1	0 0 1 1 0 1 0 0 0 0 1 0 1 0 0 1
20	3	0 1 0 1 0 0 0 1 1 0 0 0 0 0 1 0
20	1	1 1 0 0 0 1 0 0 0 0 0 0 1 0 0 1
20	1	0 1 0 1 0 0 0 1 0 1 0 1 0 0 0 0
20	2	0 1 0 1 0 0 0 1 1 0 1 1 0 0 0 1
20	1	0 1 0 1 0 0 0 0 0 0 0 0 1 1 0 0
40	22	0 0 1 0 0 1 0 0 0 0 0 0 1 0 0 1
40	188	0 1 0 1 0 0 0 1 0 0 0 0 0 0 0 0
40	15	0 0 1 0 0 0 0 0 0 0 0 0 1 1 1 0
40	91	0 1 0 0 0 0 0 0 1 0 1 1 0 0 0 0
40	107	0 1 0 1 0 0 0 1 0 0 0 0 0 0 0 1
40	2	0 0 1 1 0 0 0 0 0 0 0 0 1 1 1 0
40	3	0 1 0 0 0 0 0 1 1 0 1 1 0 0 0 0
40	27	0 1 0 0 0 0 0 0 1 0 1 1 0 1 0 0
40	5	0 0 1 0 0 1 0 0 1 0 1 1 0 0 0 0
40	20	0 1 0 0 0 0 0 0 1 0 1 1 0 0 0 1
40	30	0 0 1 1 0 1 0 0 0 0 0 0 1 0 0 1
40	13	0 1 0 0 0 0 0 0 1 1 1 1 0 0 0 0
40	12	0 1 0 1 0 1 0 0 0 0 0 0 1 1 1 0
40	43	0 0 1 0 0 0 0 0 0 0 0 0 1 0 1 0
40	36	0 1 0 0 0 0 0 0 0 0 1 1 0 0 0 0
40	15	0 1 0 1 0 0 0 1 0 0 0 0 0 0 1 0
40	13	0 0 1 0 0 1 0 0 0 0 0 0 1 0 0 0
40	3	0 1 0 1 0 1 0 1 0 0 0 0 0 0 0 0
40	12	0 0 1 1 0 0 0 1 0 0 0 0 0 0 0 0
40	3	0 1 1 1 0 1 0 0 0 0 0 0 1 0 0 1
40	15	0 0 1 1 0 1 0 0 0 0 0 1 1 0 0 1
40	6	0 1 0 1 0 0 0 1 0 0 0 0 1 0 0 0
40	6	0 1 0 0 0 0 0 0 0 0 1 1 0 0 0 1
40	2	0 1 0 1 0 0 0 1 0 0 0 1 0 0 0 0
40	29	0 1 0 1 0 0 0 1 0 0 1 1 0 0 0 0
40	10	0 1 0 0 0 0 0 0 1 0 0 1 0 0 0 0
40	1	0 1 0 1 0 0 0 0 0 1 1 0 0 0 0 0
40	3	0 0 0 0 0 0 0 0 1 0 1 1 0 0 0 0
40	6	0 1 0 0 0 0 0 0 1 0 1 1 0 0 1 0
40	2	0 1 0 0 0 1 0 0 1 0 1 1 0 0 0 0
40	3	0 1 0 1 0 0 0 1 0 0 1 0 0 0 1 0
40	2	0 0 1 0 1 1 0 0 0 0 0 0 1 0 0 1
40	3	0 1 0 1 0 0 0 1 0 0 0 1 1 0 0 0
40	17	0 1 0 0 0 0 1 0 1 0 1 1 0 0 0 0
40	15	0 1 0 1 0 0 0 1 1 0 1 1 0 0 0 0
40	9	0 1 1 0 0 0 0 0 0 0 0 0 0 0 1 0
40	16	0 1 0 1 0 1 0 1 0 0 0 0 0 0 0 1
40	5	0 1 1 0 0 0 0 0 1 1 1 1 0 0 0 0
40	5	0 1 0 0 0 0 0 1 0 0 0 0 1 0 0 0
40	6	0 1 0 0 0 0 0 0 1 1 1 1 0 0 0 1
40	16	0 1 0 1 0 0 0 1 0 1 0 0 0 0 0 0
40	10	0 1 0 1 0 0 0 1 0 0 1 0 0 0 0 0
40	18	0 1 0 1 0 0 0 1 0 1 0 0 0 0 0 1
40	2	0 1 1 1 0 1 0 0 0 0 0 0 1 1 1 0
40	5	0 1 0 1 0 0 0 0 0 1 0 0 1 0 0 1
40	10	0 1 0 1 0 0 0 0 1 0 1 1 0 0 0 0
40	2	0 1 0 1 0 0 0 0 1 0 1 1 0 0 0 1
40	2	0 1 0 0 1 0 0 0 1 1 1 1 0 0 0 0
40	2	0 1 0 1 0 0 0 1 0 0 0 0 1 0 1 0
40	1	0 1 0 0 0 1 0 0 0 0 0 0 1 0 0 1
40	7	0 1 0 0 0 0 0 1 0 0 0 0 0 0 0 1
40	9	0 1 1 1 0 0 0 0 0 0 0 0 1 1 1 0
40	1	0 1 0 1 0 1 0 1 0 0 0 0 1 1 1 0
40	3	0 0 1 1 0 1 0 0 0 0 0 0 1 0 0 0
40	8	0 0 1 0 0 1 0 0 1 0 0 0 0 0 0 0
40	3	0 1 0 1 0 0 0 1 0 0 0 1 0 0 0 1
40	3	1 1 0 1 0 0 0 1 0 0 0 0 0 0 0 0
40	2	0 1 0 0 0 0 0 0 0 0 0 0 1 0 1 0
40	8	0 0 1 1 0 1 0 0 0 0 0 0 0 0 0 1
40	3	0 1 0 1 0 0 0 0 1 0 1 1 0 1 0 0
40	6	0 1 0 0 0 0 0 1 0 0 1 1 0 0 0 0
40	2	0 0 1 0 0 1 0 0 1 0 0 0 1 0 0 0
40	1	0 0 1 1 0 1 0 1 0 0 0 0 1 1 0 0
40	2	0 1 0 0 0 0 1 0 1 0 1 0 0 0 1 0
40	4	0 1 0 1 0 0 0 1 0 0 0 0 0 1 0 1
40	2	0 1 0 1 0 0 0 1 1 0 1 1 0 0 1 0
40	6	0 0 1 0 0 0 0 0 1 0 1 1 0 0 0 0
40	4	0 1 0 0 0 0 0 1 0 0 0 0 0 0 0 0
40	2	0 1 0 0 0 0 0 0 1 0 0 0 1 0 0 0
40	3	0 0 1 1 0 0 0 0 0 0 0 0 1 0 0 1
40	3	0 1 0 0 0 0 0 0 1 0 1 0 0 0 0 0
40	2	0 1 0 1 0 1 0 0 1 0 0 0 0 0 0 0
40	3	0 1 0 0 0 0 0 0 0 0 0 0 0 0 0 0
40	2	0 0 1 1 0 0 0 0 1 0 1 1 0 0 0 0
40	3	0 1 0 0 0 0 0 0 0 0 0 1 1 0 0 1
40	1	0 1 0 0 0 0 0 0 1 0 0 0 0 0 0 0
40	1	1 1 0 0 0 0 0 0 1 0 1 1 0 0 0 0
40	1	0 1 1 1 0 0 0 1 0 0 0 0 0 0 0 1
40	1	0 0 1 1 1 1 0 0 0 0 0 0 1 0 0 1
40	3	0 1 0 1 0 0 0 1 0 0 1 0 1 1 0 0
40	1	0 0 1 0 1 1 0 0 0 0 0 0 1 0 1 1
40	1	0 1 0 1 0 0 0 0 1 0 1 0 0 0 0 1
40	2	0 1 1 1 0 0 0 0 0 0 0 0 1 0 0 0
40	1	1 1 0 0 0 0 0 0 1 1 1 1 0 0 0 0
40	2	0 1 0 1 1 0 0 1 0 0 0 0 0 0 1 0
40	1	0 1 0 1 0 0 0 0 1 0 0 1 0 0 0 0
40	1	0 1 0 0 1 0 0 0 1 0 1 1 0 0 1 0
40	3	0 1 0 0 0 1 0 0 1 0 0 1 0 0 0 0
60	151	0 1 0 1 0 0 0 1 0 0 0 0 0 0 0 0
60	53	0 1 0 0 0 0 0 0 1 0 1 1 0 0 0 0
60	55	0 1 0 1 0 0 0 1 0 0 0 0 0 0 0 1
60	14	0 1 0 0 0 0 0 0 1 0 1 1 0 1 0 0
60	15	0 1 0 0 0 0 0 0 1 0 1 1 0 0 0 1
60	12	0 0 1 1 0 1 0 0 0 0 0 0 1 0 0 1
60	21	0 1 0 0 0 0 0 0 1 1 1 1 0 0 0 0
60	8	0 0 1 0 0 0 0 0 0 0 0 0 1 0 1 0
60	78	0 1 0 0 0 0 0 0 0 0 1 1 0 0 0 0
60	16	0 1 0 1 0 0 0 1 0 0 0 1 0 0 0 0
60	36	0 1 0 1 0 0 0 1 0 0 1 1 0 0 0 0
60	14	0 1 0 0 0 0 0 0 1 0 0 1 0 0 0 0
60	7	0 0 0 0 0 0 0 0 1 0 1 1 0 0 0 0
60	2	0 1 0 0 0 0 0 0 1 0 1 1 0 0 1 0
60	1	0 1 0 1 0 0 0 1 0 0 0 1 1 0 0 0
60	7	0 1 0 0 0 0 1 0 1 0 1 1 0 0 0 0
60	9	0 1 0 1 0 0 0 1 1 0 1 1 0 0 0 0
60	29	0 1 0 1 0 1 0 1 0 0 0 0 0 0 0 1
60	45	0 1 0 1 0 0 0 1 0 1 0 0 0 0 0 1
60	20	0 1 0 0 0 0 0 1 0 0 0 0 0 0 0 1
60	10	0 0 1 1 0 1 0 0 0 0 0 0 0 0 0 1
60	1	0 1 0 1 0 0 0 0 1 0 1 1 0 1 0 0
60	22	0 1 0 0 0 0 0 1 0 0 1 1 0 0 0 0
60	4	0 0 1 0 0 1 0 0 1 0 0 0 1 0 0 0
60	11	0 1 0 1 0 0 0 1 0 0 0 0 0 1 0 1
60	4	0 0 1 0 0 0 0 0 1 0 1 1 0 0 0 0
60	23	0 1 0 0 0 0 0 1 0 0 0 0 0 0 0 0
60	13	0 1 0 0 0 0 0 0 1 0 0 0 0 0 0 0
60	42	1 1 0 0 0 0 0 0 1 1 1 1 0 0 0 0
60	4	0 1 0 0 0 1 0 0 1 0 0 1 0 0 0 0
60	2	0 1 1 1 0 0 0 1 0 0 0 0 0 0 0 0
60	9	0 1 0 1 0 0 0 1 1 0 0 0 0 0 0 1
60	1	0 1 0 0 0 0 0 0 1 0 1 1 0 1 0 1
60	17	1 1 0 0 0 0 0 0 1 0 1 1 0 1 0 0
60	19	0 1 0 1 0 0 0 1 0 0 1 0 1 0 0 0
60	5	0 0 1 1 0 1 0 0 0 0 1 1 0 0 0 1
60	18	0 0 0 0 0 0 0 0 0 0 0 0 1 0 1 0
60	3	0 1 0 1 0 0 0 1 0 1 0 0 0 0 1 1
60	23	0 1 0 1 0 0 0 1 0 0 1 1 0 0 1 0
60	1	0 1 0 1 0 0 0 0 1 0 1 0 0 0 0 0
60	1	0 1 0 1 0 1 0 0 1 0 1 1 0 1 0 0
60	1	0 0 1 1 0 0 0 1 0 0 0 1 0 0 0 0
60	6	0 1 0 0 0 1 0 0 1 0 1 1 0 1 0 0
60	4	0 1 1 0 0 0 0 0 1 0 1 1 0 0 1 0
60	2	0 1 0 0 0 0 0 1 1 0 0 0 0 0 0 0
60	4	0 0 1 0 0 0 0 0 0 0 0 0 1 0 0 0
60	6	0 1 0 0 0 0 0 0 1 0 1 0 1 0 1 0
60	4	0 0 1 1 0 1 0 0 0 0 1 1 0 0 0 0
60	1	0 0 1 0 0 1 0 0 0 0 1 1 0 0 0 0
60	3	0 0 1 0 0 0 1 0 0 0 1 1 0 0 0 0
60	4	0 1 0 1 0 0 0 0 1 1 1 1 0 0 0 0
60	4	0 1 0 0 0 0 0 0 1 0 0 1 0 0 0 1
60	8	0 1 0 1 0 1 0 1 0 1 0 0 0 0 0 1
60	3	0 1 0 1 0 0 0 1 0 0 0 1 0 0 1 0
60	7	0 1 0 0 0 1 0 0 1 0 0 1 0 0 0 1
60	11	0 1 0 1 0 0 0 1 0 0 0 0 0 0 1 0
60	3	0 1 0 1 0 0 0 1 0 1 1 1 0 0 0 0
60	4	0 1 0 0 0 0 0 0 0 0 0 0 1 0 1 0
60	2	0 1 0 1 0 1 0 0 0 0 1 1 0 0 0 0
60	2	1 1 0 0 0 0 0 0 1 1 1 0 0 0 0 1
60	6	0 1 0 0 0 0 0 0 1 1 1 0 0 0 0 0
60	7	0 1 0 0 0 1 0 1 0 0 0 0 0 0 0 1
60	1	0 0 1 0 0 0 1 0 0 0 0 0 1 0 0 0
60	3	1 1 0 0 0 0 0 0 1 0 1 1 0 0 0 0
60	1	0 1 0 1 0 0 0 0 0 0 1 1 0 0 0 0
60	1	0 1 0 1 0 0 0 1 0 0 1 1 0 0 0 1
60	3	0 1 1 1 0 0 0 1 0 0 0 0 1 0 0 1
60	1	1 1 0 0 0 0 0 0 1 1 0 1 0 0 0 0
60	2	0 0 1 1 0 1 1 1 0 0 0 1 1 0 0 1
60	2	0 1 0 0 0 0 0 1 0 1 0 0 0 0 0 1
60	3	0 1 0 1 0 0 0 0 1 0 0 1 0 0 0 0
60	2	0 0 1 1 0 0 0 0 0 0 1 1 0 0 0 0
60	1	0 1 0 1 0 1 0 1 0 0 0 0 0 0 0 0
60	4	0 1 0 0 0 0 0 1 1 0 1 1 0 0 0 1
60	2	0 1 0 0 0 0 0 0 0 0 1 1 1 0 0 0
60	2	0 1 0 0 0 0 0 0 0 0 1 0 1 0 1 0
60	9	0 0 0 1 0 0 0 1 1 0 0 0 0 0 0 0
60	4	0 1 0 1 0 0 0 1 0 0 1 0 1 0 1 0
60	1	0 1 0 1 0 0 0 1 0 0 0 0 0 1 0 0
60	2	1 1 0 0 0 0 0 0 1 0 1 1 0 0 0 1
60	3	0 1 0 0 0 0 0 1 1 0 1 1 0 0 0 0
60	3	0 0 1 0 0 1 0 0 0 0 0 0 0 0 0 1
60	2	0 0 1 0 0 1 0 0 1 0 0 0 1 0 1 0
60	2	0 1 1 1 0 0 0 1 0 0 0 0 0 1 0 1
60	1	0 1 1 1 0 0 0 1 0 0 0 1 0 0 0 0
60	4	0 1 0 0 0 0 0 0 0 0 1 1 1 0 1 0
60	1	0 1 0 1 0 0 0 1 0 1 0 0 0 0 0 0
60	1	0 0 0 1 0 0 0 1 0 0 0 1 1 0 0 0
60	1	0 1 0 1 0 1 0 1 0 0 0 0 0 0 1 1
60	1	0 1 0 1 1 1 0 1 0 0 0 0 0 0 0 1
60	2	0 1 0 1 0 0 0 0 1 0 1 1 0 0 0 0
60	1	0 0 1 1 0 0 0 0 0 0 0 0 1 0 1 0
60	1	1 1 0 0 0 0 0 0 0 0 1 1 0 0 0 0
60	1	0 1 0 0 0 0 0 0 0 0 0 0 0 1 0 1
60	2	0 1 0 0 0 0 0 0 1 0 1 0 0 0 0 0
60	1	0 0 1 0 1 0 0 0 0 0 0 0 1 0 1 0
60	3	0 1 1 0 0 0 0 0 0 0 1 1 0 0 0 0
60	1	0 1 0 1 0 0 0 1 0 1 0 1 0 0 0 1
60	1	0 1 0 0 1 0 0 1 0 0 1 1 0 0 0 0
60	2	0 1 0 1 0 0 0 1 0 0 1 1 1 0 1 0
60	1	0 1 0 1 0 0 0 1 0 1 1 0 0 0 0 0
60	3	0 1 0 1 0 0 0 1 0 1 0 0 1 0 0 0
80	126	0 1 0 1 0 0 0 1 0 0 0 0 0 0 0 0
80	19	0 1 0 0 0 0 0 0 1 0 1 1 0 0 0 0
80	45	0 1 0 1 0 0 0 1 0 0 0 0 0 0 0 1
80	4	0 1 0 0 0 0 0 0 1 0 1 1 0 1 0 0
80	41	0 1 0 0 0 0 0 0 1 1 1 1 0 0 0 0
80	57	0 1 0 0 0 0 0 0 0 0 1 1 0 0 0 0
80	37	0 1 0 1 0 0 0 1 0 0 0 1 0 0 0 0
80	37	0 1 0 1 0 0 0 1 0 0 1 1 0 0 0 0
80	22	0 1 0 0 0 0 0 0 1 0 0 1 0 0 0 0
80	4	0 1 0 1 0 0 0 1 1 0 1 1 0 0 0 0
80	36	0 1 0 1 0 1 0 1 0 0 0 0 0 0 0 1
80	75	0 1 0 1 0 0 0 1 0 1 0 0 0 0 0 1
80	5	0 1 0 0 0 0 0 1 0 0 0 0 0 0 0 1
80	7	0 0 1 1 0 1 0 0 0 0 0 0 0 0 0 1
80	8	0 1 0 0 0 0 0 1 0 0 1 1 0 0 0 0
80	4	0 0 1 0 0 0 0 0 1 0 1 1 0 0 0 0
80	21	0 1 0 0 0 0 0 1 0 0 0 0 0 0 0 0
80	6	0 1 0 0 0 0 0 0 1 0 0 0 0 0 0 0
80	44	1 1 0 0 0 0 0 0 1 1 1 1 0 0 0 0
80	2	0 1 1 1 0 0 0 1 0 0 0 0 0 0 0 0
80	6	1 1 0 0 0 0 0 0 1 0 1 1 0 1 0 0
80	5	0 0 1 1 0 1 0 0 0 0 1 1 0 0 0 1
80	2	0 0 0 0 0 0 0 0 0 0 0 0 1 0 1 0
80	21	0 1 0 1 0 0 0 1 0 1 0 0 0 0 1 1
80	2	0 1 0 1 0 0 0 1 0 0 1 1 0 0 1 0
80	4	0 1 0 0 0 0 0 0 1 0 0 1 0 0 0 1
80	1	0 1 0 1 0 1 0 1 0 1 0 0 0 0 0 1
80	1	0 1 0 1 0 0 0 1 0 0 0 0 0 0 1 0
80	19	0 1 0 0 0 0 0 0 1 1 1 0 0 0 0 0
80	3	0 1 0 0 0 1 0 1 0 0 0 0 0 0 0 1
80	21	0 1 0 1 0 1 0 1 0 0 0 0 0 0 0 0
80	7	0 1 0 1 0 0 0 1 0 0 0 0 0 1 0 0
80	4	0 1 0 0 0 0 0 1 1 0 1 1 0 0 0 0
80	20	0 1 1 1 0 0 0 1 0 0 0 1 0 0 0 0
80	5	0 1 0 0 0 0 0 0 0 0 1 1 1 0 1 0
80	26	0 1 0 0 1 0 0 1 0 0 1 1 0 0 0 0
80	5	0 1 0 1 1 0 0 1 0 0 0 0 0 0 0 0
80	12	0 1 0 0 1 0 0 1 0 0 0 0 0 0 0 0
80	3	0 1 0 0 0 1 0 0 1 0 0 1 0 1 0 0
80	19	1 1 0 0 0 0 0 0 0 0 0 1 0 0 0 0
80	10	0 1 0 0 0 0 0 0 0 0 0 0 0 0 0 0
80	8	0 1 0 0 0 0 0 0 1 0 1 1 0 0 1 0
80	4	0 1 0 1 0 0 0 1 0 0 0 1 0 0 0 1
80	3	0 1 0 1 0 0 0 0 0 0 0 0 0 0 0 1
80	4	0 1 0 0 0 0 0 0 0 1 0 0 0 0 0 1
80	5	0 1 1 1 0 0 0 1 0 0 0 0 0 0 0 1
80	18	0 1 0 1 1 0 0 1 0 0 1 1 0 0 0 0
80	15	0 1 0 1 0 0 0 1 0 0 0 1 0 0 1 0
80	21	0 1 0 0 0 0 0 1 0 1 0 0 0 0 0 1
80	7	0 1 1 0 0 0 0 0 1 0 0 1 0 0 0 0
80	8	0 1 0 1 0 0 0 1 1 0 0 1 0 0 0 0
80	6	0 1 0 1 0 0 1 1 0 0 0 1 0 0 0 0
80	20	0 1 1 1 0 0 0 1 0 1 0 0 0 0 1 1
80	4	0 1 0 1 0 0 0 1 0 1 0 0 0 0 0 0
80	3	0 1 0 1 0 0 0 1 0 0 1 0 0 0 0 0
80	10	0 1 0 1 1 1 0 1 0 0 1 1 0 0 0 0
80	5	0 1 0 1 0 0 0 1 0 0 1 1 0 0 0 1
80	4	0 1 0 1 0 0 1 1 0 0 0 0 0 0 0 0
80	2	0 1 1 0 0 0 0 0 1 0 1 1 0 0 0 0
80	9	0 1 0 0 0 0 0 0 1 1 0 0 0 0 0 0
80	1	0 1 1 1 0 1 0 0 0 0 0 0 0 0 0 1
80	2	1 1 0 1 0 0 0 1 0 0 0 0 0 0 0 0
80	2	0 1 0 0 0 0 0 1 1 0 1 1 0 1 0 0
80	2	0 1 0 0 0 0 0 0 1 1 0 1 0 0 0 0
80	5	0 1 0 0 1 0 0 0 1 0 0 1 0 0 0 0
80	1	0 0 0 0 0 0 0 0 0 0 0 0 1 0 0 0
80	1	0 1 0 0 0 0 0 0 0 0 1 0 0 0 0 0
80	8	0 1 0 1 0 0 0 0 1 0 0 1 0 0 0 0
80	2	1 1 0 0 0 0 0 0 0 0 0 1 0 0 0 1
80	4	0 1 0 1 1 1 0 0 1 1 1 1 0 0 0 0
80	6	1 1 0 0 0 0 0 0 0 0 1 1 0 0 0 0
80	3	0 1 0 1 0 0 0 1 0 1 0 1 0 0 0 1
80	1	0 1 1 0 0 0 1 0 1 0 0 1 0 0 0 0
80	2	0 1 1 1 0 0 1 1 0 1 0 0 0 0 1 1
80	1	0 1 0 0 1 0 0 1 0 0 0 1 0 0 0 0
80	1	0 1 0 0 1 0 0 0 0 0 1 1 0 0 0 0
80	1	0 1 0 0 0 0 0 0 0 1 1 1 0 0 0 0
80	2	0 0 1 1 0 1 0 0 0 0 1 0 0 0 0 1
80	1	0 1 0 1 0 0 0 1 1 1 0 0 0 0 1 1
80	1	0 0 0 1 0 1 0 1 0 0 0 0 0 0 0 0
80	1	0 1 0 1 1 1 0 1 0 0 0 1 0 0 0 0
100	154	0 1 0 1 0 0 0 1 0 0 0 0 0 0 0 0
100	15	0 1 0 0 0 0 0 0 1 1 1 1 0 0 0 0
100	54	0 1 0 0 0 0 0 0 0 0 1 1 0 0 0 0
100	8	0 1 0 1 0 0 0 1 0 0 0 1 0 0 0 0
100	42	0 1 0 1 0 0 0 1 0 0 1 1 0 0 0 0
100	3	0 1 0 0 0 0 0 0 1 0 0 1 0 0 0 0
100	49	0 1 0 1 0 1 0 1 0 0 0 0 0 0 0 1
100	48	0 1 0 1 0 0 0 1 0 1 0 0 0 0 0 1
100	4	0 0 1 1 0 1 0 0 0 0 0 0 0 0 0 1
100	10	0 1 0 0 0 0 0 1 0 0 1 1 0 0 0 0
100	35	0 1 0 0 0 0 0 1 0 0 0 0 0 0 0 0
100	7	0 1 0 0 0 0 0 0 1 0 0 0 0 0 0 0
100	24	1 1 0 0 0 0 0 0 1 1 1 1 0 0 0 0
100	7	0 1 1 1 0 0 0 1 0 0 0 0 0 0 0 0
100	7	0 1 0 0 0 0 0 0 1 1 1 0 0 0 0 0
100	39	0 1 0 1 0 1 0 1 0 0 0 0 0 0 0 0
100	4	0 1 0 1 0 0 0 1 0 0 0 0 0 1 0 0
100	5	0 1 1 1 0 0 0 1 0 0 0 1 0 0 0 0
100	10	0 1 0 0 1 0 0 1 0 0 1 1 0 0 0 0
100	4	1 1 0 0 0 0 0 0 0 0 0 1 0 0 0 0
100	3	0 1 0 0 0 0 0 0 0 0 0 0 0 0 0 0
100	3	0 1 0 1 0 0 0 1 0 0 0 1 0 0 0 1
100	2	0 1 0 0 0 0 0 0 0 1 0 0 0 0 0 1
100	16	0 1 0 1 1 0 0 1 0 0 1 1 0 0 0 0
100	11	0 1 0 1 0 0 0 1 0 0 0 1 0 0 1 0
100	29	0 1 1 1 0 0 0 1 0 1 0 0 0 0 1 1
100	39	0 1 0 1 0 0 0 1 0 1 0 0 0 0 0 0
100	19	0 1 0 1 0 0 0 1 0 0 1 0 0 0 0 0
100	16	0 1 0 1 1 1 0 1 0 0 1 1 0 0 0 0
100	32	0 1 0 1 0 0 1 1 0 0 0 0 0 0 0 0
100	27	0 1 0 0 0 0 0 0 1 1 0 0 0 0 0 0
100	8	0 1 0 0 1 0 0 0 1 0 0 1 0 0 0 0
100	10	1 1 0 0 0 0 0 0 0 0 1 1 0 0 0 0
100	8	0 1 0 1 0 0 0 1 0 1 0 1 0 0 0 1
100	43	0 1 1 1 0 0 1 1 0 1 0 0 0 0 1 1
100	5	0 1 0 1 0 0 0 0 1 0 0 1 0 0 0 1
100	6	0 1 0 1 0 0 1 1 0 0 0 0 0 0 1 0
100	5	0 1 0 1 0 0 0 1 0 1 1 1 0 0 0 0
100	28	0 1 0 1 0 0 0 1 0 1 0 1 0 0 0 0
100	3	0 1 0 1 0 0 0 1 0 0 1 1 0 0 1 0
100	1	0 1 0 0 0 1 0 1 0 0 0 0 0 0 0 0
100	8	0 1 1 0 0 0 0 0 1 1 1 1 0 0 0 0
100	19	0 1 0 0 0 0 0 1 1 0 1 1 0 1 0 1
100	1	0 1 1 1 0 0 0 1 0 1 0 0 1 0 1 1
100	4	0 1 1 1 1 1 0 1 0 0 1 1 0 0 0 0
100	3	0 1 0 1 0 0 0 1 0 1 1 0 0 0 0 1
100	5	0 1 0 1 0 0 1 1 0 1 0 0 0 0 0 1
100	1	0 1 1 1 0 1 0 1 0 0 0 0 0 0 0 1
100	5	0 1 0 0 0 0 1 1 0 0 0 0 0 0 1 0
100	5	0 1 0 0 0 1 0 0 0 0 1 1 0 0 0 0
100	4	0 1 0 0 1 0 0 1 0 0 1 0 0 0 1 0
100	6	0 1 0 1 0 1 0 1 0 1 0 0 0 0 0 1
100	3	0 1 0 0 0 0 1 0 1 1 1 0 0 0 0 0
100	16	0 1 0 1 0 0 0 1 1 0 0 1 0 0 0 1
100	2	0 1 1 1 0 0 0 1 0 0 0 1 0 0 1 0
100	2	0 0 0 1 1 1 0 1 0 0 1 1 0 0 0 0
100	3	0 1 0 0 0 0 0 1 1 0 1 1 0 1 1 1
100	4	0 1 1 1 0 1 0 1 0 0 0 0 0 0 0 0
100	7	0 1 1 1 0 0 0 1 0 1 0 0 0 0 0 1
100	2	0 1 0 0 1 0 0 1 0 0 0 0 0 0 0 0
100	1	0 0 0 1 0 0 0 1 0 0 0 1 0 0 0 1
100	2	1 1 1 1 0 0 0 1 0 1 0 0 0 0 1 1
100	2	0 1 0 1 0 0 1 1 0 1 0 1 0 0 0 0
100	1	0 1 1 1 0 0 1 1 0 1 0 0 0 0 0 0
100	1	0 1 1 1 0 0 0 1 0 1 0 0 0 0 0 0
100	6	1 1 0 1 0 0 0 1 0 1 0 0 0 0 0 1
100	1	0 1 0 0 1 0 0 1 1 0 0 1 0 0 0 0
100	2	0 1 0 1 0 0 0 0 0 1 0 1 0 0 0 1
100	2	0 0 1 1 0 1 0 1 0 0 0 0 0 0 0 1
100	1	0 1 0 1 0 0 0 0 0 0 0 0 0 0 0 0
100	3	0 1 0 1 0 0 0 1 0 0 0 0 0 0 1 0
100	1	0 0 1 0 1 0 0 0 1 0 0 1 0 0 0 0
100	3	1 1 0 0 0 0 0 0 1 1 1 0 0 0 0 0
100	1	0 1 0 1 0 0 0 1 1 0 1 1 0 1 0 1
100	3	0 0 0 1 0 0 0 1 0 0 1 1 0 0 0 0
100	1	0 1 0 0 0 0 1 0 1 0 0 0 0 0 0 0
100	2	1 1 0 0 0 0 0 0 1 1 1 1 0 1 0 0
100	2	0 1 0 1 1 1 0 1 0 0 0 0 0 0 0 0
100	2	0 1 0 1 1 0 0 1 0 0 0 1 0 0 1 0
100	3	1 1 0 0 0 0 0 0 0 0 1 0 0 0 0 0
100	3	0 1 0 0 0 0 0 1 1 0 1 1 0 0 0 1
100	1	0 1 0 1 0 1 0 1 1 1 0 0 0 0 0 0
100	2	1 1 0 0 0 0 0 0 0 0 0 1 0 0 1 0
100	2	0 1 0 1 0 0 1 1 0 0 1 1 0 0 1 0
100	2	0 1 1 1 0 0 1 1 1 0 0 1 0 0 0 1
100	2	0 1 0 1 0 1 0 1 0 0 0 0 0 0 1 1
100	3	0 1 0 0 0 0 0 1 0 0 0 0 0 1 0 0
100	1	0 1 1 0 0 0 1 1 0 1 0 0 0 0 1 1
100	1	0 1 1 1 0 1 0 1 0 1 0 0 0 0 0 0
120	165	0 1 0 1 0 0 0 1 0 0 0 0 0 0 0 0
120	14	0 1 0 0 0 0 0 0 1 1 1 1 0 0 0 0
120	18	0 1 0 0 0 0 0 0 0 0 1 1 0 0 0 0
120	48	0 1 0 1 0 0 0 1 0 0 1 1 0 0 0 0
120	17	0 1 0 1 0 1 0 1 0 0 0 0 0 0 0 1
120	7	0 1 0 1 0 0 0 1 0 1 0 0 0 0 0 1
120	20	0 1 0 0 0 0 0 1 0 0 1 1 0 0 0 0
120	44	0 1 0 0 0 0 0 1 0 0 0 0 0 0 0 0
120	14	1 1 0 0 0 0 0 0 1 1 1 1 0 0 0 0
120	26	0 1 0 1 0 1 0 1 0 0 0 0 0 0 0 0
120	21	0 1 0 0 1 0 0 1 0 0 1 1 0 0 0 0
120	8	1 1 0 0 0 0 0 0 0 0 0 1 0 0 0 0
120	4	0 1 1 1 0 0 0 1 0 1 0 0 0 0 1 1
120	46	0 1 0 1 0 0 0 1 0 1 0 0 0 0 0 0
120	19	0 1 0 1 0 0 0 1 0 0 1 0 0 0 0 0
120	10	0 1 0 1 0 0 1 1 0 0 0 0 0 0 0 0
120	39	0 1 0 0 0 0 0 0 1 1 0 0 0 0 0 0
120	29	0 1 0 0 1 0 0 0 1 0 0 1 0 0 0 0
120	13	1 1 0 0 0 0 0 0 0 0 1 1 0 0 0 0
120	26	0 1 1 1 0 0 1 1 0 1 0 0 0 0 1 1
120	2	0 1 0 1 0 0 0 0 1 0 0 1 0 0 0 1
120	7	0 1 0 1 0 0 0 1 0 1 1 1 0 0 0 0
120	2	0 1 0 1 0 0 0 1 0 1 0 1 0 0 0 0
120	5	0 1 1 1 1 1 0 1 0 0 1 1 0 0 0 0
120	33	0 1 0 1 0 0 0 1 0 1 1 0 0 0 0 1
120	3	0 1 0 1 0 0 0 1 1 0 0 1 0 0 0 1
120	37	0 1 1 1 0 0 0 1 0 1 0 0 0 0 0 1
120	6	1 1 0 1 0 0 0 1 0 1 0 0 0 0 0 1
120	4	0 1 0 1 0 0 0 0 0 1 0 1 0 0 0 1
120	5	0 0 1 1 0 1 0 1 0 0 0 0 0 0 0 1
120	6	0 1 0 1 0 0 0 1 0 0 0 0 0 0 1 0
120	11	0 0 0 1 0 0 0 1 0 0 1 1 0 0 0 0
120	6	1 1 0 0 0 0 0 0 1 1 1 1 0 1 0 0
120	9	0 1 0 1 0 1 0 1 1 1 0 0 0 0 0 0
120	6	0 1 0 1 0 0 1 1 0 0 0 0 0 0 0 1
120	14	1 1 0 1 0 0 1 1 0 1 0 0 0 0 0 1
120	5	0 1 1 1 0 0 1 1 0 1 0 0 0 0 0 0
120	16	0 1 1 1 0 0 0 1 0 1 0 0 0 0 0 0
120	7	0 1 0 1 1 1 0 1 0 1 0 0 0 0 0 0
120	16	0 1 0 1 0 0 0 0 1 0 0 0 0 0 0 0
120	6	0 1 0 1 1 0 0 1 0 0 0 0 0 0 0 0
120	15	1 1 0 0 0 0 1 0 1 1 1 1 0 0 0 0
120	13	0 1 1 1 0 0 0 0 1 1 1 0 0 0 0 0
120	7	1 1 0 0 1 0 0 0 1 1 1 1 0 0 0 0
120	2	0 1 0 1 0 0 0 1 1 0 0 0 0 0 0 0
120	15	0 1 1 1 0 0 0 1 0 0 0 0 0 0 0 0
120	7	0 1 1 0 0 0 0 0 1 1 1 0 0 0 0 0
120	14	0 1 1 1 0 0 0 0 0 0 1 1 0 0 0 0
120	2	0 1 1 0 0 0 0 1 0 0 0 0 0 0 0 0
120	4	1 1 0 0 0 0 0 1 0 0 0 0 0 0 0 0
120	6	0 1 0 1 1 0 0 0 1 0 0 1 0 0 0 1
120	7	0 1 1 1 0 0 0 1 0 1 0 0 0 0 1 0
120	9	0 1 0 0 1 1 0 0 1 0 0 1 0 0 0 0
120	1	1 1 0 0 0 0 0 0 1 1 1 1 0 1 0 1
120	9	0 1 0 1 0 0 0 1 0 0 0 0 0 0 0 1
120	1	1 1 0 0 0 0 0 0 1 1 0 0 0 0 0 0
120	3	0 1 0 0 0 0 0 1 0 0 0 0 0 0 0 1
120	2	0 1 0 1 0 0 0 0 1 1 0 0 0 0 0 1
120	3	0 1 0 1 0 1 0 1 0 0 0 1 0 0 0 0
120	5	0 1 1 1 0 0 1 1 0 1 0 0 1 0 0 0
120	1	1 1 0 0 0 0 0 0 1 0 1 1 0 0 0 0
120	2	0 1 1 1 0 0 0 1 0 0 1 1 0 0 0 0
120	2	1 1 0 0 0 0 0 0 0 1 1 1 0 0 0 0
120	4	0 1 0 0 1 0 0 0 1 1 0 0 0 0 0 0
120	1	0 1 0 0 0 0 0 0 1 1 0 0 1 0 0 0
120	1	0 0 1 1 0 0 0 1 0 1 0 0 0 0 0 1
120	2	0 1 0 1 0 1 0 1 0 0 0 0 0 0 1 1
120	2	0 1 0 1 0 0 0 0 0 0 1 1 0 0 0 0
120	1	1 1 0 0 0 0 0 0 0 0 1 1 0 1 0 0
120	1	1 1 0 0 1 0 0 0 0 1 1 1 0 0 0 0
120	4	0 1 0 0 1 1 0 0 1 0 0 1 0 0 0 1
120	3	0 1 0 0 0 0 0 0 0 0 1 0 0 0 0 0
120	9	0 1 1 1 0 0 0 1 0 0 0 0 0 0 0 1
120	2	0 0 0 1 0 0 0 1 0 0 0 0 0 0 0 0
120	1	0 1 1 1 0 0 0 0 0 1 0 0 0 0 1 0
120	4	0 1 0 0 0 0 0 0 0 0 1 1 0 0 0 1
120	3	0 1 0 0 0 0 1 1 0 0 0 0 0 0 0 0
120	2	0 1 0 1 0 0 0 0 1 0 0 1 1 0 0 1
120	2	0 1 0 1 0 1 0 1 0 0 0 0 0 0 1 0
120	2	0 1 0 0 0 0 0 1 0 1 0 0 0 0 0 1
120	7	0 1 1 0 1 0 0 0 1 0 0 1 0 0 0 0
120	2	1 1 0 0 0 0 0 1 0 0 1 0 0 0 0 0
120	6	0 1 0 0 0 0 0 0 0 0 1 1 0 0 1 0
120	2	0 1 0 0 0 0 0 1 0 1 0 0 0 0 0 0
120	1	1 1 0 0 0 0 1 0 1 1 1 1 1 0 0 0
120	3	0 1 0 0 0 0 0 0 1 1 0 0 1 0 0 1
120	2	0 1 1 1 0 1 0 1 0 0 0 0 0 0 0 1
120	1	1 1 0 0 0 0 0 1 0 0 0 0 0 0 0 1
120	3	0 1 0 0 0 0 0 0 1 1 1 1 0 1 0 0
120	1	0 1 0 1 0 0 0 1 1 0 1 1 0 0 0 0
120	1	1 0 0 0 0 0 0 0 1 1 1 1 0 0 0 0
120	2	0 1 0 1 0 0 0 1 0 0 0 1 0 0 1 0
120	1	0 1 0 0 1 1 0 0 1 1 0 1 0 0 0 1
140	63	0 1 0 1 0 0 0 1 0 0 0 0 0 0 0 0
140	50	0 1 0 1 0 0 0 1 0 0 1 1 0 0 0 0
140	10	0 1 0 1 0 1 0 1 0 0 0 0 0 0 0 1
140	6	0 1 0 1 0 0 0 1 0 1 0 0 0 0 0 1
140	19	0 1 0 0 0 0 0 1 0 0 1 1 0 0 0 0
140	26	0 1 0 0 0 0 0 1 0 0 0 0 0 0 0 0
140	7	1 1 0 0 0 0 0 0 1 1 1 1 0 0 0 0
140	54	0 1 0 1 0 1 0 1 0 0 0 0 0 0 0 0
140	7	0 1 1 1 0 0 0 1 0 1 0 0 0 0 1 1
140	43	0 1 0 1 0 0 0 1 0 1 0 0 0 0 0 0
140	12	0 1 0 1 0 0 0 1 0 0 1 0 0 0 0 0
140	13	0 1 0 1 0 0 1 1 0 0 0 0 0 0 0 0
140	19	0 1 0 0 0 0 0 0 1 1 0 0 0 0 0 0
140	11	1 1 0 0 0 0 0 0 0 0 1 1 0 0 0 0
140	2	0 1 1 1 0 0 1 1 0 1 0 0 0 0 1 1
140	2	0 1 0 1 0 0 0 1 0 1 1 0 0 0 0 1
140	15	0 1 0 1 0 0 0 1 1 0 0 1 0 0 0 1
140	29	0 1 1 1 0 0 0 1 0 1 0 0 0 0 0 1
140	8	1 1 0 1 0 0 0 1 0 1 0 0 0 0 0 1
140	3	0 1 0 1 0 0 0 1 0 0 0 0 0 0 1 0
140	20	0 0 0 1 0 0 0 1 0 0 1 1 0 0 0 0
140	18	0 1 0 1 0 0 1 1 0 0 0 0 0 0 0 1
140	21	1 1 0 1 0 0 1 1 0 1 0 0 0 0 0 1
140	3	0 1 1 1 0 0 1 1 0 1 0 0 0 0 0 0
140	32	0 1 1 1 0 0 0 1 0 1 0 0 0 0 0 0
140	30	0 1 0 1 0 0 0 0 1 0 0 0 0 0 0 0
140	1	1 1 0 0 0 0 1 0 1 1 1 1 0 0 0 0
140	6	1 1 0 0 1 0 0 0 1 1 1 1 0 0 0 0
140	46	0 1 1 1 0 0 0 1 0 0 0 0 0 0 0 0
140	26	0 1 1 1 0 0 0 0 0 0 1 1 0 0 0 0
140	11	1 1 0 0 0 0 0 1 0 0 0 0 0 0 0 0
140	9	0 1 1 1 0 0 0 1 0 1 0 0 0 0 1 0
140	5	0 1 0 1 0 0 0 1 0 0 0 0 0 0 0 1
140	28	0 1 1 1 0 0 1 1 0 1 0 0 1 0 0 0
140	3	0 1 1 1 0 0 0 1 0 0 1 1 0 0 0 0
140	9	0 1 0 0 1 1 0 0 1 0 0 1 0 0 0 1
140	14	0 1 1 1 0 1 0 1 0 0 0 0 0 0 0 1
140	10	0 1 0 0 0 0 0 1 0 0 1 1 1 0 0 0
140	1	0 1 0 0 0 0 0 1 1 1 0 0 1 0 0 1
140	8	0 1 0 0 0 0 0 0 0 1 0 0 0 0 0 0
140	8	0 1 1 1 0 1 0 1 0 0 0 0 0 0 0 0
140	3	0 0 0 1 0 0 0 1 1 1 1 1 0 0 0 0
140	7	0 1 0 0 1 1 0 0 1 0 0 0 0 0 0 1
140	1	0 1 0 0 0 0 0 1 0 1 0 0 0 0 0 0
140	12	0 1 1 1 0 0 1 1 0 0 0 0 0 0 1 1
140	19	0 1 0 1 0 0 0 1 1 1 1 1 0 1 0 0
140	22	0 1 1 0 1 0 0 0 1 0 1 0 0 0 0 0
140	9	0 0 0 0 0 0 0 0 1 0 0 1 0 0 0 0
140	4	0 1 0 0 0 0 0 0 1 1 0 0 0 0 0 1
140	1	0 1 1 1 1 0 0 1 0 0 0 0 0 0 0 0
140	12	0 1 1 1 0 1 0 1 0 1 0 0 0 0 1 0
140	10	0 1 1 1 0 0 1 1 1 0 0 0 0 0 0 1
140	11	0 1 0 1 0 0 0 1 0 0 0 0 1 0 0 0
140	1	0 1 0 1 1 0 0 1 0 0 1 0 0 0 0 1
140	4	1 1 0 0 0 0 1 0 1 1 0 0 0 0 0 0
140	4	0 1 0 1 0 0 0 1 0 1 0 1 0 0 0 1
140	5	1 1 1 1 1 0 0 1 0 0 0 0 0 0 0 0
140	3	0 1 0 1 0 0 1 1 0 1 0 0 0 0 0 0
140	1	0 1 0 0 1 0 0 0 1 1 1 1 0 0 0 0
140	12	0 1 0 1 0 1 1 1 0 0 0 0 0 0 0 0
140	1	0 1 1 1 0 0 0 1 0 1 0 0 0 1 1 0
140	5	0 1 1 0 0 0 0 1 0 1 0 0 0 0 0 0
140	2	0 1 0 0 0 0 0 1 0 1 0 0 0 0 0 1
140	4	0 1 0 1 0 0 0 1 0 0 0 1 0 0 0 0
140	14	0 1 0 0 0 0 0 0 1 1 0 0 1 0 0 0
140	4	0 1 0 0 0 0 0 1 1 1 1 0 1 0 0 1
140	8	0 1 0 0 1 0 0 0 0 1 0 0 0 0 0 0
140	5	0 1 1 0 1 0 0 0 1 0 1 0 0 0 0 1
140	4	0 1 0 1 0 1 0 1 0 0 1 1 1 0 0 0
140	7	1 1 0 0 0 0 0 0 0 0 0 1 1 0 0 0
140	2	0 1 0 1 0 0 1 1 0 0 1 0 0 0 0 0
140	2	0 1 1 1 0 1 0 1 0 1 0 0 0 0 0 0
140	3	0 1 1 1 1 1 0 1 0 0 1 1 1 0 0 1
140	5	0 1 0 0 1 0 0 0 1 0 1 1 0 0 0 0
140	3	1 1 1 1 0 0 1 1 1 0 0 0 0 0 0 1
140	8	1 1 0 0 0 0 0 1 1 1 1 0 1 0 0 1
140	1	0 1 1 1 0 0 0 1 0 0 1 1 0 0 1 0
140	1	1 1 0 0 0 0 0 0 0 1 0 1 1 0 0 0
140	1	0 1 0 1 0 0 0 0 1 0 0 1 0 0 0 0
140	4	0 1 0 0 0 0 0 0 1 0 0 0 0 0 0 0
140	6	0 1 0 0 0 0 0 1 0 0 0 1 0 0 0 0
140	5	0 1 0 0 0 0 0 0 0 0 1 1 1 0 0 0
140	5	0 1 1 1 0 1 1 1 1 0 0 0 0 0 0 0
140	1	1 1 0 0 0 0 0 0 1 0 0 1 0 0 0 0
140	1	0 0 0 0 1 0 0 1 0 0 0 0 0 0 0 0
140	6	0 1 0 1 0 0 1 0 0 0 0 0 0 0 0 1
140	2	1 1 0 1 1 0 1 1 0 1 0 0 0 0 0 1
140	1	0 1 0 1 0 0 0 0 1 1 1 1 0 1 0 0
140	5	1 1 0 1 0 0 1 1 0 1 0 0 0 0 0 0
140	1	0 1 1 1 0 1 1 1 0 0 0 0 0 0 0 0
140	1	0 1 1 1 0 1 0 0 0 0 1 1 0 0 0 0
140	1	1 1 0 1 0 0 0 1 0 1 0 0 0 0 0 0
140	1	0 1 1 1 0 0 1 1 0 0 0 0 0 0 0 0
140	1	0 1 1 0 0 0 0 1 0 1 0 0 0 0 0 1
140	3	0 1 0 0 0 0 0 1 1 1 1 1 0 1 0 0
140	2	1 1 0 1 1 0 0 1 0 0 1 0 0 0 0 1
140	1	0 1 0 0 0 0 0 1 0 0 0 0 1 0 0 1
140	2	0 0 0 1 0 1 0 1 0 0 0 0 0 0 0 0
140	2	0 1 1 1 0 1 1 1 0 1 0 0 1 0 0 0
140	2	0 1 0 1 0 0 1 1 0 0 1 1 0 0 0 0
140	2	0 1 0 1 0 1 0 1 0 0 1 1 0 0 0 0
140	1	0 1 0 1 0 1 0 1 0 1 0 0 0 0 0 1
140	1	0 1 0 1 0 1 0 1 0 0 0 1 0 0 0 0
140	1	0 1 1 1 0 0 0 0 0 1 0 0 0 0 1 1
140	3	0 1 0 1 0 0 0 0 1 0 0 0 0 0 0 1
140	1	0 1 1 1 0 0 0 1 0 0 0 0 1 0 0 0
140	2	0 1 1 1 0 0 0 0 0 0 0 0 0 0 0 0
140	1	0 1 1 1 0 0 0 0 0 0 1 1 0 1 0 0
140	3	0 0 0 1 0 0 1 1 0 0 1 0 0 0 0 0
140	2	0 1 0 0 0 1 0 0 1 0 0 0 0 0 0 0
140	1	0 1 1 1 0 1 1 1 0 0 0 0 1 0 0 0
160	49	0 1 0 1 0 0 0 1 0 0 0 0 0 0 0 0
160	10	0 1 0 1 0 0 0 1 0 0 1 1 0 0 0 0
160	1	0 1 0 0 0 0 0 1 0 0 1 1 0 0 0 0
160	19	0 1 0 0 0 0 0 1 0 0 0 0 0 0 0 0
160	20	0 1 0 1 0 1 0 1 0 0 0 0 0 0 0 0
160	43	0 1 0 1 0 0 0 1 0 1 0 0 0 0 0 0
160	8	0 1 0 1 0 0 0 1 0 0 1 0 0 0 0 0
160	32	0 1 0 1 0 0 1 1 0 0 0 0 0 0 0 0
160	7	0 1 0 0 0 0 0 0 1 1 0 0 0 0 0 0
160	46	1 1 0 0 0 0 0 0 0 0 1 1 0 0 0 0
160	1	0 1 0 1 0 0 0 1 1 0 0 1 0 0 0 1
160	7	0 1 1 1 0 0 0 1 0 1 0 0 0 0 0 1
160	11	0 0 0 1 0 0 0 1 0 0 1 1 0 0 0 0
160	10	0 1 0 1 0 0 1 1 0 0 0 0 0 0 0 1
160	46	0 1 1 1 0 0 0 1 0 1 0 0 0 0 0 0
160	11	0 1 0 1 0 0 0 0 1 0 0 0 0 0 0 0
160	60	0 1 1 1 0 0 0 1 0 0 0 0 0 0 0 0
160	36	0 1 1 1 0 0 0 0 0 0 1 1 0 0 0 0
160	16	1 1 0 0 0 0 0 1 0 0 0 0 0 0 0 0
160	27	0 1 1 1 0 0 0 1 0 1 0 0 0 0 1 0
160	32	0 1 1 1 0 0 1 1 0 1 0 0 1 0 0 0
160	30	0 1 1 1 0 0 0 1 0 0 1 1 0 0 0 0
160	21	0 1 0 0 0 0 0 1 0 0 1 1 1 0 0 0
160	1	0 1 0 0 0 0 0 1 1 1 0 0 1 0 0 1
160	3	0 0 0 1 0 0 0 1 1 1 1 1 0 0 0 0
160	29	0 1 0 1 0 0 0 1 1 1 1 1 0 1 0 0
160	13	0 1 1 1 0 0 1 1 1 0 0 0 0 0 0 1
160	12	1 1 1 1 1 0 0 1 0 0 0 0 0 0 0 0
160	2	0 1 0 1 0 0 1 1 0 1 0 0 0 0 0 0
160	15	0 1 0 1 0 1 1 1 0 0 0 0 0 0 0 0
160	8	0 1 1 0 0 0 0 1 0 1 0 0 0 0 0 0
160	2	0 1 0 0 0 0 0 0 1 1 0 0 1 0 0 0
160	18	0 1 0 0 1 0 0 0 0 1 0 0 0 0 0 0
160	10	1 1 0 0 0 0 0 1 1 1 1 0 1 0 0 1
160	5	1 1 0 0 0 0 0 0 0 1 0 1 1 0 0 0
160	7	0 1 1 1 0 1 1 1 1 0 0 0 0 0 0 0
160	11	0 1 0 1 0 0 0 0 1 1 1 1 0 1 0 0
160	2	0 1 0 0 0 0 0 1 1 1 1 1 0 1 0 0
160	11	1 1 0 0 1 0 1 0 1 1 0 0 0 0 0 0
160	6	0 1 0 1 0 1 1 1 0 1 0 0 0 0 0 0
160	2	0 1 0 0 0 0 0 0 0 0 1 1 0 0 0 0
160	3	0 1 1 0 0 0 0 1 0 0 0 0 0 0 0 0
160	2	1 1 1 1 0 1 1 1 0 0 0 0 1 0 0 0
160	9	0 1 0 1 0 1 0 1 0 0 0 0 1 0 0 0
160	1	1 1 0 0 0 0 0 1 1 1 1 0 1 0 0 0
160	2	0 1 1 1 0 1 0 0 1 0 0 1 0 0 0 1
160	21	0 1 0 1 1 0 1 1 0 1 0 0 1 0 0 0
160	7	0 1 1 1 0 0 1 1 1 0 0 0 0 0 0 0
160	16	0 1 0 1 0 0 0 1 0 1 0 1 0 0 0 0
160	3	1 1 0 1 1 0 1 0 0 1 0 0 0 0 0 1
160	11	0 1 1 1 0 0 1 1 0 0 1 1 0 0 0 0
160	8	0 1 1 1 0 0 0 1 0 1 0 1 0 1 0 0
160	12	0 1 1 1 0 0 0 0 0 0 0 0 0 0 0 0
160	3	0 1 1 1 0 0 1 1 0 1 0 0 1 0 1 0
160	1	0 0 0 1 0 1 0 1 0 0 0 0 0 0 0 0
160	9	0 1 0 1 0 0 0 0 1 0 0 1 0 0 0 0
160	11	0 0 1 1 0 1 1 1 1 0 0 0 0 0 0 0
160	6	0 1 1 1 0 0 0 0 0 0 1 0 0 0 0 1
160	1	0 1 1 0 1 0 1 0 1 1 0 0 0 0 0 0
160	5	0 1 0 1 0 0 0 0 0 0 1 1 0 0 0 0
160	7	1 1 1 1 0 0 0 1 0 0 1 1 0 0 0 0
160	1	0 1 1 1 0 0 0 0 1 1 1 1 0 1 0 0
160	5	0 0 0 1 1 0 1 1 0 0 1 1 0 0 0 0
160	1	0 1 1 1 0 0 1 1 0 1 0 1 0 0 1 0
160	2	0 1 0 1 0 0 0 1 0 1 1 0 1 0 0 1
160	6	0 1 0 1 0 0 0 1 0 1 0 0 0 0 0 1
160	5	0 1 0 1 0 0 0 1 0 0 0 0 0 1 0 0
160	11	1 1 0 1 0 0 0 1 0 1 0 0 0 0 0 0
160	3	0 1 0 1 0 0 0 0 0 0 1 1 0 0 0 1
160	6	1 1 0 1 0 0 0 1 0 1 0 0 0 0 0 1
160	2	0 0 1 1 0 0 1 1 0 1 0 0 1 0 0 0
160	2	1 1 0 0 0 0 0 0 0 0 0 1 1 0 0 0
160	2	0 1 0 0 0 0 1 1 0 0 0 0 0 0 0 0
160	2	0 1 0 1 0 1 0 1 0 1 0 0 0 0 0 0
160	2	0 1 1 1 0 0 0 1 1 0 0 0 0 0 1 1
160	1	0 1 0 1 0 1 0 1 0 0 0 1 1 0 0 0
160	1	0 1 1 1 0 0 1 1 0 0 1 1 0 1 0 0
160	2	0 1 0 1 0 1 0 1 0 0 1 1 1 0 0 0
160	4	0 1 1 1 0 1 1 1 0 1 0 0 0 0 0 0
160	1	0 1 1 1 0 0 0 0 1 1 0 0 0 0 0 0
160	2	0 1 0 0 0 0 0 1 0 0 0 0 0 0 1 0
160	1	0 1 0 1 0 1 0 1 1 0 0 0 0 0 0 0
160	3	0 1 1 1 0 0 0 1 0 1 0 1 0 0 0 0
160	1	0 1 1 1 1 0 0 1 0 0 0 0 0 0 0 0
160	2	0 1 1 1 0 0 0 1 0 0 1 1 0 1 0 0
160	1	1 1 0 0 1 0 0 0 0 1 0 0 0 0 0 0
160	3	0 0 0 1 0 0 0 1 0 0 1 1 1 0 0 0
160	8	0 1 1 1 0 0 0 0 0 0 0 0 1 0 0 0
160	2	0 1 0 1 0 0 0 0 0 0 0 0 0 0 0 0
160	4	1 1 0 1 0 0 0 0 0 0 1 1 0 0 0 0
160	2	0 1 1 1 0 0 0 1 0 1 0 0 1 0 0 0
160	2	1 1 0 0 0 0 1 1 0 0 0 0 0 0 0 0
160	2	0 1 1 1 0 1 0 1 0 0 1 1 0 0 0 0
160	1	0 1 0 0 0 0 0 1 0 0 1 1 1 1 0 0
160	2	0 1 1 1 0 0 0 1 1 0 0 0 0 0 0 0
160	2	0 1 1 1 0 0 1 1 0 0 1 0 0 0 0 0
160	1	0 1 0 1 0 1 0 1 0 0 1 0 0 0 0 0
160	9	0 1 0 0 0 0 0 1 0 1 0 0 0 0 0 0
160	2	0 0 0 0 0 0 0 1 0 0 1 1 0 0 0 0
160	3	0 1 0 1 0 0 1 0 1 0 0 0 0 0 0 0
160	2	0 1 1 1 0 0 0 1 0 1 1 1 0 1 0 0
160	1	0 1 0 1 0 0 0 0 1 1 0 0 0 0 0 0
160	5	0 1 0 1 0 0 1 1 0 1 0 0 1 0 0 0
160	1	0 1 0 1 0 0 1 0 0 1 0 0 0 0 0 1
160	1	1 1 0 0 0 0 1 1 1 0 0 0 0 0 0 1
160	4	1 1 0 1 0 0 0 1 0 0 0 0 0 0 0 0
160	3	0 1 0 1 0 0 1 0 0 0 0 0 0 0 0 0
160	6	0 1 1 1 0 0 0 1 0 1 1 0 0 0 0 1
160	3	0 1 1 1 0 0 0 1 1 1 0 0 0 0 0 0
160	2	0 1 0 0 1 0 0 0 0 1 0 0 0 0 0 1
160	1	0 1 1 1 0 1 0 0 0 0 0 0 0 0 0 0
160	2	1 1 0 1 0 0 0 1 0 0 0 0 0 0 0 1
160	2	0 1 0 0 1 0 0 0 0 0 1 1 0 0 0 0
160	2	1 1 0 0 1 0 0 1 0 0 0 0 0 0 0 0
160	1	1 1 0 0 0 0 0 0 0 0 1 1 1 0 0 0
160	1	0 0 0 1 0 1 0 1 0 0 1 1 0 0 0 0
160	1	1 1 0 0 0 0 0 1 0 0 1 0 0 0 0 0
160	4	0 1 1 1 1 0 1 1 0 1 0 0 1 0 0 0
160	3	0 1 1 1 0 0 0 1 0 0 1 0 0 0 0 0
160	1	0 1 1 0 0 0 1 1 1 0 0 0 0 0 0 1
160	1	0 1 0 1 0 0 0 1 0 0 0 1 0 0 0 0
160	1	0 1 0 1 0 0 0 0 0 1 0 0 0 0 0 1
160	2	0 1 0 1 0 0 1 0 1 0 0 0 0 1 0 0
180	3	0 1 0 1 0 0 0 1 0 0 0 0 0 0 0 0
180	3	0 1 0 1 0 0 0 1 0 0 1 1 0 0 0 0
180	8	0 1 0 0 0 0 0 1 0 0 1 1 0 0 0 0
180	23	0 1 0 1 0 1 0 1 0 0 0 0 0 0 0 0
180	26	0 1 0 1 0 0 0 1 0 1 0 0 0 0 0 0
180	1	0 1 0 1 0 0 0 1 0 0 1 0 0 0 0 0
180	14	0 1 0 1 0 0 1 1 0 0 0 0 0 0 0 0
180	2	1 1 0 0 0 0 0 0 0 0 1 1 0 0 0 0
180	2	0 1 1 1 0 0 0 1 0 1 0 0 0 0 0 1
180	9	0 0 0 1 0 0 0 1 0 0 1 1 0 0 0 0
180	84	0 1 1 1 0 0 0 1 0 1 0 0 0 0 0 0
180	50	0 1 1 1 0 0 0 1 0 0 0 0 0 0 0 0
180	35	0 1 1 1 0 0 0 0 0 0 1 1 0 0 0 0
180	15	1 1 0 0 0 0 0 1 0 0 0 0 0 0 0 0
180	45	0 1 1 1 0 0 0 1 0 1 0 0 0 0 1 0
180	6	0 1 1 1 0 0 1 1 0 1 0 0 1 0 0 0
180	26	0 1 1 1 0 0 0 1 0 0 1 1 0 0 0 0
180	26	0 1 0 0 0 0 0 1 0 0 1 1 1 0 0 0
180	20	0 1 0 1 0 0 0 1 1 1 1 1 0 1 0 0
180	16	1 1 1 1 1 0 0 1 0 0 0 0 0 0 0 0
180	26	0 1 0 1 0 1 1 1 0 0 0 0 0 0 0 0
180	4	1 1 0 0 0 0 0 1 1 1 1 0 1 0 0 1
180	6	0 1 0 1 0 0 0 0 1 1 1 1 0 1 0 0
180	2	0 1 0 0 0 0 0 0 0 0 1 1 0 0 0 0
180	20	0 1 1 1 0 1 0 0 1 0 0 1 0 0 0 1
180	5	0 1 0 1 1 0 1 1 0 1 0 0 1 0 0 0
180	14	0 1 1 1 0 0 1 1 1 0 0 0 0 0 0 0
180	25	0 1 0 1 0 0 0 1 0 1 0 1 0 0 0 0
180	9	0 1 1 1 0 0 0 0 0 0 0 0 0 0 0 0
180	10	0 1 0 1 0 0 0 0 1 0 0 1 0 0 0 0
180	2	0 0 1 1 0 1 1 1 1 0 0 0 0 0 0 0
180	35	0 1 0 1 0 0 0 0 0 0 1 1 0 0 0 0
180	15	1 1 1 1 0 0 0 1 0 0 1 1 0 0 0 0
180	13	0 1 1 1 0 0 0 1 1 0 0 0 0 0 1 1
180	4	0 1 1 1 0 0 0 0 0 0 0 0 1 0 0 0
180	17	0 1 0 1 0 0 0 0 0 0 0 0 0 0 0 0
180	18	0 1 1 1 0 0 1 1 0 0 1 0 0 0 0 0
180	10	0 1 0 1 0 1 0 1 0 0 1 0 0 0 0 0
180	3	0 1 0 1 0 0 0 0 1 1 0 0 0 0 0 0
180	7	0 1 0 1 0 0 1 1 0 1 0 0 1 0 0 0
180	4	1 1 0 0 0 0 1 1 1 0 0 0 0 0 0 1
180	1	0 1 1 1 0 0 0 1 0 1 1 0 0 0 0 1
180	20	0 1 1 1 0 0 0 1 0 0 1 0 0 0 0 0
180	7	0 1 0 1 0 0 0 1 0 1 0 0 0 1 0 0
180	2	0 1 0 1 0 1 0 0 1 1 1 1 0 1 0 0
180	5	0 1 1 1 0 0 1 1 0 0 0 0 0 0 0 0
180	14	0 0 1 1 0 0 0 1 0 0 0 0 0 0 0 0
180	5	0 1 1 1 0 0 0 1 0 0 0 1 0 1 0 0
180	1	0 1 0 1 0 0 1 1 0 0 0 1 0 0 0 0
180	3	0 1 0 1 0 0 0 1 0 0 1 1 0 0 1 0
180	2	0 1 0 1 0 0 0 1 0 0 0 0 0 0 1 0
180	14	0 1 1 1 0 0 1 1 0 1 0 0 0 0 0 0
180	7	0 1 1 1 0 0 0 1 1 1 1 1 0 1 0 0
180	2	0 1 0 1 0 0 1 0 1 1 1 1 0 1 0 0
180	14	1 1 0 1 0 0 0 1 0 0 1 1 0 0 0 0
180	1	0 1 0 0 0 1 0 1 0 0 0 0 0 0 0 0
180	8	1 1 0 1 0 1 0 1 0 0 0 0 1 0 0 0
180	37	0 1 1 1 0 1 0 0 0 0 1 1 0 0 0 0
180	1	0 0 1 1 0 1 1 1 1 0 1 0 0 0 0 0
180	3	1 1 1 1 1 0 0 1 1 0 0 0 0 0 0 0
180	6	0 1 0 1 0 0 0 1 0 1 1 0 0 0 0 0
180	3	0 1 1 1 1 0 0 1 0 1 0 0 0 0 0 1
180	8	0 1 1 1 0 0 1 1 1 0 0 0 1 0 0 1
180	14	1 1 1 1 0 0 0 0 0 0 0 0 0 0 0 0
180	16	0 1 1 1 0 0 0 1 1 1 0 0 0 0 0 0
180	6	0 0 1 1 0 0 0 1 0 0 0 1 0 0 0 0
180	3	0 1 0 1 0 1 0 1 0 0 0 0 0 0 0 1
180	6	1 1 1 1 0 0 0 0 0 0 1 1 0 0 0 0
180	1	0 1 1 1 0 0 1 1 0 0 0 0 1 0 0 0
180	11	0 1 0 1 0 1 0 1 1 0 0 0 0 0 0 0
180	5	0 1 0 1 0 1 0 1 0 0 0 0 0 1 0 0
180	3	0 1 1 0 0 0 0 1 0 1 0 0 0 0 0 0
180	1	0 1 0 1 0 0 0 1 0 0 1 1 1 0 0 0
180	2	0 1 1 1 0 1 0 0 1 0 0 1 1 0 0 1
180	5	0 1 1 1 1 0 0 1 1 0 0 0 0 0 0 0
180	2	0 1 1 1 0 0 0 1 0 1 0 0 0 1 0 0
180	2	1 1 0 0 0 0 0 1 0 0 0 0 0 1 0 0
180	5	1 1 0 1 0 1 0 0 0 0 0 0 1 0 0 0
180	9	0 1 0 1 0 0 0 0 1 0 0 0 0 0 0 1
180	8	1 1 0 0 0 0 0 1 1 0 1 1 0 0 0 0
180	1	0 1 1 0 0 0 0 1 0 0 0 0 0 0 0 0
180	1	0 1 1 1 0 0 0 0 0 0 0 0 0 0 1 0
180	1	0 1 0 1 0 0 1 0 0 0 0 0 0 0 0 0
180	4	0 1 0 1 0 0 1 0 1 1 1 0 0 0 1 0
180	6	1 1 0 1 0 0 0 1 0 0 0 0 0 0 0 0
180	1	0 0 0 1 0 0 0 1 0 0 1 1 0 1 0 0
180	2	1 1 1 0 0 0 0 1 1 1 1 0 1 0 0 1
180	2	0 1 0 1 1 0 0 1 0 1 0 0 1 0 0 0
180	5	0 1 1 1 0 1 0 0 0 0 0 0 0 0 0 0
180	3	0 1 1 0 0 0 0 1 0 1 1 0 0 0 0 1
180	1	0 0 1 1 0 1 1 1 1 0 0 1 0 0 0 1
180	1	1 0 0 1 0 1 0 1 0 0 0 0 1 0 0 0
180	4	0 1 1 1 0 1 1 0 0 0 1 1 0 0 0 0
180	3	0 1 0 1 0 0 1 1 0 0 0 0 1 0 0 0
180	2	0 1 1 1 0 0 0 1 0 0 0 0 0 0 1 0
180	5	0 1 0 0 0 0 1 1 0 0 0 0 0 0 0 0
180	4	0 1 0 1 0 0 0 0 1 0 0 1 0 0 0 1
180	1	0 1 1 1 0 0 0 1 0 0 1 0 1 0 0 0
180	3	1 1 0 1 0 0 0 1 0 0 1 1 1 0 0 0
180	3	1 1 0 1 0 0 0 0 0 0 1 1 0 0 0 0
180	4	1 1 1 1 0 0 1 0 0 0 0 0 0 0 0 0
180	2	0 0 0 1 0 0 0 0 0 0 1 1 0 0 0 0
180	1	0 1 0 1 0 0 0 1 1 0 0 0 0 0 0 0
180	2	1 1 0 1 0 1 1 1 0 1 0 0 0 0 0 0
180	1	0 1 0 1 0 1 0 1 0 1 0 0 0 0 0 0
180	1	0 1 0 1 0 1 0 0 0 0 0 0 0 0 0 0
180	2	1 1 0 0 0 0 0 1 1 1 1 0 1 0 1 1
180	3	0 1 0 1 0 0 0 0 0 1 0 1 0 0 0 0
180	2	0 1 1 1 1 0 0 0 0 0 0 0 0 0 0 0
180	1	0 1 1 0 0 1 0 0 0 0 1 1 0 0 0 0
180	2	1 1 1 1 0 0 1 0 0 0 0 0 0 1 0 0
200	11	0 1 0 1 0 0 0 1 0 0 0 0 0 0 0 0
200	20	0 1 0 1 0 1 0 1 0 0 0 0 0 0 0 0
200	46	0 1 0 1 0 0 0 1 0 1 0 0 0 0 0 0
200	62	0 1 1 1 0 0 0 1 0 1 0 0 0 0 0 0
200	48	0 1 1 1 0 0 0 1 0 0 0 0 0 0 0 0
200	48	0 1 1 1 0 0 0 0 0 0 1 1 0 0 0 0
200	4	0 1 1 1 0 0 0 1 0 1 0 0 0 0 1 0
200	30	0 1 1 1 0 0 0 1 0 0 1 1 0 0 0 0
200	10	0 1 0 1 0 0 0 1 1 1 1 1 0 1 0 0
200	15	1 1 1 1 1 0 0 1 0 0 0 0 0 0 0 0
200	41	0 1 0 1 0 1 1 1 0 0 0 0 0 0 0 0
200	7	0 1 1 1 0 0 1 1 1 0 0 0 0 0 0 0
200	16	0 1 1 1 0 0 0 0 0 0 0 0 0 0 0 0
200	29	0 1 0 1 0 0 0 0 0 0 1 1 0 0 0 0
200	7	1 1 1 1 0 0 0 1 0 0 1 1 0 0 0 0
200	25	0 1 1 1 0 0 0 0 0 0 0 0 1 0 0 0
200	5	0 1 0 1 0 0 0 0 0 0 0 0 0 0 0 0
200	19	0 1 1 1 0 0 1 1 0 0 1 0 0 0 0 0
200	24	0 1 0 1 0 1 0 1 0 0 1 0 0 0 0 0
200	24	0 1 0 1 0 0 1 1 0 1 0 0 1 0 0 0
200	24	0 1 1 1 0 0 0 1 0 0 1 0 0 0 0 0
200	3	0 0 1 1 0 0 0 1 0 0 0 0 0 0 0 0
200	14	0 1 1 1 0 0 1 1 0 1 0 0 0 0 0 0
200	4	1 1 0 1 0 0 0 1 0 0 1 1 0 0 0 0
200	26	1 1 0 1 0 1 0 1 0 0 0 0 1 0 0 0
200	20	0 1 1 1 0 1 0 0 0 0 1 1 0 0 0 0
200	37	0 1 0 1 0 0 0 1 0 1 1 0 0 0 0 0
200	7	0 1 1 1 0 0 0 1 1 1 0 0 0 0 0 0
200	10	0 1 0 1 0 1 0 1 0 0 0 0 0 0 0 1
200	7	1 1 1 1 0 0 0 0 0 0 1 1 0 0 0 0
200	16	0 1 0 1 0 1 0 1 1 0 0 0 0 0 0 0
200	6	0 1 0 1 0 0 1 0 1 1 1 0 0 0 1 0
200	5	0 1 1 1 0 0 0 1 0 0 0 0 0 0 1 0
200	10	0 1 1 1 0 0 0 1 0 0 1 0 1 0 0 0
200	21	1 1 1 1 0 0 1 0 0 0 0 0 0 0 0 0
200	10	0 1 0 1 0 0 0 0 0 1 0 1 0 0 0 0
200	19	0 1 0 1 0 1 1 1 1 0 0 0 0 0 0 0
200	7	0 1 1 1 0 0 1 1 0 0 1 1 0 0 0 0
200	5	0 1 1 1 0 0 0 1 0 0 0 0 0 0 0 1
200	1	0 1 0 1 0 1 0 1 1 1 1 1 0 1 0 0
200	7	0 1 1 1 0 0 0 1 1 0 1 1 0 0 0 0
200	15	0 1 1 1 0 0 1 1 0 1 0 0 0 0 1 0
200	1	1 1 1 0 1 0 0 1 0 0 0 0 0 0 0 0
200	3	1 1 1 1 1 0 0 0 1 0 0 0 0 0 0 0
200	9	0 1 1 1 0 1 0 0 1 0 0 1 0 0 0 0
200	5	1 1 1 1 0 0 0 1 0 0 1 1 0 0 1 0
200	8	0 1 1 1 0 0 0 0 0 1 0 0 0 0 0 0
200	3	1 1 1 0 0 1 0 0 0 0 1 1 0 0 0 0
200	5	0 1 0 1 0 0 0 0 0 1 0 0 0 0 0 0
200	6	1 0 1 1 1 0 0 1 0 0 0 0 0 0 0 0
200	9	1 1 1 1 0 0 1 0 0 0 0 0 0 0 0 1
200	1	1 1 1 1 1 0 1 0 0 0 0 0 0 0 0 0
200	4	1 1 1 1 0 0 0 0 0 0 0 1 0 0 0 0
200	4	0 1 0 1 1 0 0 1 1 0 0 0 0 0 1 0
200	2	1 1 1 1 0 0 0 0 1 0 1 1 0 0 0 0
200	6	0 1 1 1 0 0 0 1 1 0 0 0 0 0 1 0
200	13	0 1 1 1 1 0 0 0 0 0 0 0 1 0 0 0
200	6	0 1 0 1 0 0 0 0 0 1 1 0 0 0 0 0
200	4	1 1 1 1 0 0 1 1 0 0 1 1 0 0 1 0
200	4	0 1 0 0 0 0 0 1 1 0 1 1 0 0 0 0
200	5	0 1 0 1 0 0 0 1 1 0 1 1 0 0 0 0
200	2	1 1 1 0 0 0 0 0 0 1 0 0 0 0 0 0
200	1	0 1 1 1 1 0 0 1 0 0 0 0 0 0 0 0
200	1	0 1 1 1 1 0 0 1 0 1 0 0 0 0 0 0
200	3	1 1 1 1 1 0 0 1 0 0 0 1 0 0 0 0
200	5	0 1 1 1 0 1 0 0 0 0 1 1 1 0 0 0
200	5	1 1 1 1 0 0 0 1 0 0 1 0 0 0 0 0
200	5	1 1 0 1 0 1 1 1 1 0 0 0 0 0 0 0
200	2	0 1 1 1 0 0 0 1 0 1 0 0 0 0 0 1
200	4	0 0 1 1 0 1 0 0 0 0 1 1 0 0 0 0
200	1	0 1 1 1 0 0 0 1 1 0 1 1 1 0 0 0
200	5	0 0 1 1 0 1 0 0 0 0 1 1 1 0 0 0
200	9	0 1 1 1 0 0 1 1 0 0 1 0 1 0 0 0
200	6	1 1 0 1 1 0 0 1 0 0 1 1 0 0 0 0
200	2	0 1 1 1 0 0 0 1 0 0 1 1 0 0 1 0
200	1	0 1 0 1 0 0 0 1 0 1 0 0 0 0 1 0
200	1	0 0 1 1 0 0 0 1 0 1 0 0 0 0 0 0
200	6	0 1 0 1 0 0 0 1 1 0 1 1 0 1 0 0
200	16	0 1 0 1 0 0 0 0 1 1 1 0 0 0 1 0
200	5	0 1 0 1 0 0 0 0 0 1 0 1 0 0 1 0
200	4	1 1 1 1 0 0 0 1 0 0 0 0 0 0 1 0
200	6	0 1 1 1 0 0 0 1 0 1 0 1 0 0 0 0
200	5	0 1 1 1 0 1 0 0 0 0 0 0 1 0 0 0
200	1	1 1 0 1 0 0 0 1 0 1 0 0 0 0 0 0
200	2	0 1 0 1 0 0 1 0 0 0 1 1 0 0 0 0
200	3	1 1 1 0 0 1 0 0 0 0 1 0 0 0 0 0
200	1	1 0 1 1 0 0 0 0 0 0 0 0 1 0 0 0
200	1	0 1 0 1 0 0 0 1 0 0 0 0 0 0 1 0
200	3	0 1 1 0 0 0 0 1 0 0 1 1 0 0 0 0
200	1	1 1 0 1 0 0 0 0 0 0 1 1 0 0 0 0
200	2	0 1 0 1 0 1 1 1 0 0 1 0 0 0 0 0
200	1	0 1 1 1 0 1 0 1 1 0 0 0 0 0 0 0
200	3	0 1 1 1 0 0 1 0 0 0 0 0 0 0 0 0
200	1	1 1 1 1 0 0 1 0 0 0 1 1 0 0 1 0
200	1	1 0 0 1 1 0 0 0 0 0 0 0 0 0 0 0
200	1	0 1 1 1 0 0 0 0 0 0 1 0 0 0 0 0
200	2	0 1 0 1 0 1 0 1 0 0 1 0 1 0 0 0
200	1	0 1 0 1 0 0 1 1 0 1 0 0 1 0 0 1
200	2	0 1 0 0 0 1 0 1 1 0 0 0 0 0 0 0
200	2	1 1 1 1 0 0 0 1 0 0 1 0 0 0 1 0
200	1	1 1 1 1 0 0 0 1 1 0 1 1 0 0 0 0
200	1	0 1 0 1 0 0 0 1 0 1 0 0 0 1 0 0
200	1	0 1 0 1 0 0 0 1 1 1 1 0 0 1 0 0
200	1	0 1 0 1 1 1 1 1 0 0 0 0 0 0 0 0
200	2	1 1 1 0 1 0 0 1 0 1 0 0 0 0 0 0
200	2	1 1 1 1 0 0 0 0 0 0 1 1 0 0 1 0
200	3	1 1 1 1 0 0 1 0 0 1 0 0 0 0 0 1
200	3	0 1 0 1 1 0 0 0 0 1 1 0 0 0 0 0
220	13	0 1 0 1 0 0 0 1 0 0 0 0 0 0 0 0
220	3	0 1 0 1 0 0 0 1 0 1 0 0 0 0 0 0
220	74	0 1 1 1 0 0 0 1 0 1 0 0 0 0 0 0
220	29	0 1 1 1 0 0 0 1 0 0 0 0 0 0 0 0
220	27	0 1 1 1 0 0 0 0 0 0 1 1 0 0 0 0
220	19	0 1 1 1 0 0 0 1 0 0 1 1 0 0 0 0
220	10	0 1 0 1 0 0 0 1 1 1 1 1 0 1 0 0
220	8	1 1 1 1 1 0 0 1 0 0 0 0 0 0 0 0
220	12	0 1 0 1 0 1 1 1 0 0 0 0 0 0 0 0
220	15	0 1 1 1 0 0 1 1 1 0 0 0 0 0 0 0
220	58	0 1 1 1 0 0 0 0 0 0 0 0 0 0 0 0
220	11	1 1 1 1 0 0 0 1 0 0 1 1 0 0 0 0
220	22	0 1 1 1 0 0 0 0 0 0 0 0 1 0 0 0
220	5	0 1 0 1 0 1 0 1 0 0 1 0 0 0 0 0
220	13	0 1 0 1 0 0 1 1 0 1 0 0 1 0 0 0
220	23	0 1 1 1 0 0 0 1 0 0 1 0 0 0 0 0
220	6	0 0 1 1 0 0 0 1 0 0 0 0 0 0 0 0
220	18	0 1 1 1 0 0 1 1 0 1 0 0 0 0 0 0
220	23	1 1 0 1 0 1 0 1 0 0 0 0 1 0 0 0
220	3	0 1 1 1 0 1 0 0 0 0 1 1 0 0 0 0
220	2	0 1 0 1 0 0 0 1 0 1 1 0 0 0 0 0
220	5	0 1 1 1 0 0 0 1 1 1 0 0 0 0 0 0
220	23	0 1 0 1 0 1 0 1 0 0 0 0 0 0 0 1
220	14	1 1 1 1 0 0 0 0 0 0 1 1 0 0 0 0
220	12	0 1 0 1 0 1 0 1 1 0 0 0 0 0 0 0
220	2	0 1 0 1 0 0 1 0 1 1 1 0 0 0 1 0
220	33	1 1 1 1 0 0 1 0 0 0 0 0 0 0 0 0
220	16	0 1 0 1 0 0 0 0 0 1 0 1 0 0 0 0
220	1	0 1 1 1 0 0 0 1 0 0 0 0 0 0 0 1
220	7	0 1 1 1 0 0 0 1 1 0 1 1 0 0 0 0
220	34	0 1 1 1 0 0 1 1 0 1 0 0 0 0 1 0
220	35	1 1 1 1 0 0 0 1 0 0 1 1 0 0 1 0
220	7	0 1 1 1 0 0 0 0 0 1 0 0 0 0 0 0
220	13	1 1 1 1 0 0 1 0 0 0 0 0 0 0 0 1
220	6	0 1 0 1 1 0 0 1 1 0 0 0 0 0 1 0
220	14	0 1 1 1 0 0 0 1 1 0 0 0 0 0 1 0
220	10	0 1 1 1 1 0 0 0 0 0 0 0 1 0 0 0
220	31	0 1 0 0 0 0 0 1 1 0 1 1 0 0 0 0
220	7	0 1 1 1 0 0 1 1 0 0 1 0 1 0 0 0
220	9	0 1 0 1 0 0 0 0 1 1 1 0 0 0 1 0
220	23	0 1 1 1 0 1 0 0 0 0 0 0 1 0 0 0
220	4	0 1 0 1 0 0 1 0 0 0 1 1 0 0 0 0
220	12	1 1 1 1 0 0 0 1 1 0 1 1 0 0 0 0
220	19	1 1 1 1 0 0 0 0 0 0 1 1 0 0 1 0
220	12	0 1 0 1 0 0 0 1 0 1 1 0 0 1 0 0
220	4	0 1 0 1 0 0 0 0 1 1 1 0 0 0 0 0
220	14	0 1 1 1 0 1 0 1 0 0 1 0 0 0 0 0
220	5	1 1 0 1 0 0 1 1 0 0 1 1 0 0 1 0
220	23	0 1 0 1 0 0 0 1 1 0 0 0 0 0 0 0
220	2	1 1 0 1 0 1 0 1 0 0 1 0 0 0 0 0
220	1	0 1 0 1 0 1 0 1 0 0 0 1 0 0 0 0
220	11	0 1 1 1 0 0 0 0 0 0 1 1 0 1 0 0
220	8	1 1 1 1 0 0 1 0 1 0 1 1 0 0 1 0
220	4	1 1 0 1 0 0 0 1 0 0 0 0 0 0 0 0
220	2	0 1 1 1 0 0 1 0 1 0 0 0 0 0 0 0
220	1	0 1 1 1 0 0 0 1 0 0 0 0 0 0 1 1
220	6	0 1 0 1 0 0 0 0 1 1 1 0 1 0 1 0
220	1	1 1 1 1 0 0 0 0 0 0 0 0 0 0 1 0
220	8	0 1 1 1 0 0 0 1 0 1 0 0 0 0 1 0
220	5	0 1 0 1 0 0 0 1 1 0 0 0 0 1 1 0
220	5	0 1 1 1 0 0 1 1 0 0 1 1 0 0 1 0
220	3	0 1 1 1 0 0 0 0 0 0 1 1 0 0 0 1
220	2	0 1 1 1 0 0 1 1 0 1 0 0 1 0 0 0
220	5	1 1 1 1 0 0 1 0 1 0 0 1 0 0 1 0
220	4	1 1 1 1 1 0 0 1 0 0 0 0 0 1 0 0
220	13	1 1 1 1 0 0 0 0 0 0 1 1 0 0 1 1
220	1	1 1 0 1 0 0 0 1 0 0 0 1 0 0 0 0
220	15	0 1 1 1 0 0 0 0 0 0 1 0 0 0 0 0
220	5	1 1 1 1 0 0 1 0 1 0 0 0 0 0 0 0
220	13	1 1 1 1 0 0 0 1 1 0 0 0 0 0 1 0
220	4	1 1 1 1 0 0 1 0 0 0 0 0 0 0 1 1
220	5	0 1 0 1 0 0 0 0 1 1 0 0 0 0 1 0
220	1	1 0 1 1 0 0 0 1 0 1 0 0 0 0 0 0
220	1	1 1 1 1 0 0 1 0 0 0 1 1 0 0 0 0
220	1	0 0 1 1 0 0 0 1 1 0 0 0 0 0 1 0
220	3	1 1 1 1 0 0 1 0 0 0 0 0 0 0 1 0
220	6	0 1 0 1 0 0 0 0 0 0 0 0 0 0 0 0
220	2	1 1 1 1 0 0 1 1 0 1 0 0 0 0 0 0
220	4	0 1 1 1 0 0 0 0 0 0 0 0 0 0 1 0
220	5	1 1 1 1 0 0 0 1 0 1 0 0 0 0 0 0
220	3	0 1 1 1 0 0 0 1 0 1 1 1 0 0 0 0
220	2	0 0 0 1 0 0 0 1 0 0 0 0 0 0 0 0
220	1	1 1 1 1 0 0 0 0 0 0 0 0 0 0 0 0
220	7	0 1 1 1 0 0 1 1 1 0 1 1 0 0 0 0
220	4	0 1 1 0 0 0 0 0 0 1 0 0 0 0 0 0
220	3	0 1 1 1 1 0 0 0 1 0 0 0 1 0 0 0
220	1	0 1 1 1 0 1 0 1 0 0 1 0 0 1 0 0
220	4	0 1 0 1 0 0 0 0 1 0 0 1 0 0 1 0
220	6	1 1 1 1 0 0 1 0 0 0 0 1 0 0 0 0
220	2	0 1 1 1 0 0 0 0 0 1 0 0 0 0 0 1
220	5	1 0 1 1 0 0 1 0 1 0 0 1 0 0 1 0
220	1	1 1 0 1 0 0 0 0 1 1 0 0 0 0 1 0
220	2	1 1 1 1 0 1 0 0 0 0 0 0 1 0 0 0
220	5	0 1 1 0 0 0 0 1 0 1 0 0 0 0 0 0
220	1	0 1 1 1 1 0 0 1 0 1 0 0 0 0 0 0
220	1	0 1 0 1 0 0 1 1 0 1 0 0 0 0 1 0
220	2	0 1 1 1 0 1 0 0 0 0 0 0 1 0 1 0
220	3	0 1 1 1 0 0 0 1 0 0 0 0 1 0 0 0
220	1	0 1 1 1 0 0 0 0 0 0 0 0 0 0 0 1
220	1	0 1 1 1 0 0 0 0 0 0 0 0 0 1 0 0
220	1	0 1 0 1 0 0 1 1 0 1 0 0 0 0 0 0
220	2	0 1 1 1 0 1 0 0 0 0 1 1 0 0 0 1
220	3	1 1 1 1 0 0 1 0 0 0 0 0 0 1 0 0
220	2	0 1 1 1 0 1 0 1 0 1 0 0 0 0 1 0
220	1	0 1 1 1 0 0 0 0 0 0 1 1 0 0 1 1
240	14	0 1 0 1 0 0 0 1 0 1 0 0 0 0 0 0
240	88	0 1 1 1 0 0 0 1 0 1 0 0 0 0 0 0
240	18	0 1 1 1 0 0 0 1 0 0 0 0 0 0 0 0
240	9	0 1 1 1 0 0 0 0 0 0 1 1 0 0 0 0
240	6	0 1 1 1 0 0 0 1 0 0 1 1 0 0 0 0
240	29	0 1 1 1 0 0 0 0 0 0 0 0 0 0 0 0
240	7	1 1 1 1 0 0 0 1 0 0 1 1 0 0 0 0
240	26	0 1 1 1 0 0 0 0 0 0 0 0 1 0 0 0
240	6	0 1 0 1 0 1 0 1 0 0 1 0 0 0 0 0
240	37	0 1 1 1 0 0 0 1 0 0 1 0 0 0 0 0
240	9	0 0 1 1 0 0 0 1 0 0 0 0 0 0 0 0
240	21	0 1 1 1 0 0 1 1 0 1 0 0 0 0 0 0
240	5	1 1 0 1 0 1 0 1 0 0 0 0 1 0 0 0
240	5	0 1 1 1 0 1 0 0 0 0 1 1 0 0 0 0
240	23	0 1 0 1 0 1 0 1 1 0 0 0 0 0 0 0
240	3	0 1 0 1 0 0 1 0 1 1 1 0 0 0 1 0
240	28	1 1 1 1 0 0 1 0 0 0 0 0 0 0 0 0
240	23	0 1 0 1 0 0 0 0 0 1 0 1 0 0 0 0
240	13	0 1 1 1 0 0 0 1 1 0 1 1 0 0 0 0
240	5	0 1 1 1 0 0 1 1 0 1 0 0 0 0 1 0
240	2	1 1 1 1 0 0 0 1 0 0 1 1 0 0 1 0
240	16	0 1 0 0 0 0 0 1 1 0 1 1 0 0 0 0
240	8	0 1 0 1 0 0 0 0 1 1 1 0 0 0 1 0
240	5	0 1 1 1 0 1 0 0 0 0 0 0 1 0 0 0
240	30	0 1 0 1 0 0 1 0 0 0 1 1 0 0 0 0
240	33	1 1 1 1 0 0 0 0 0 0 1 1 0 0 1 0
240	25	0 1 0 1 0 0 0 1 0 1 1 0 0 1 0 0
240	29	0 1 1 1 0 1 0 1 0 0 1 0 0 0 0 0
240	9	1 1 0 1 0 0 1 1 0 0 1 1 0 0 1 0
240	14	0 1 0 1 0 0 0 1 1 0 0 0 0 0 0 0
240	10	0 1 1 1 0 0 0 0 0 0 1 1 0 1 0 0
240	55	1 1 1 1 0 0 1 0 1 0 1 1 0 0 1 0
240	1	0 1 1 1 0 0 1 0 1 0 0 0 0 0 0 0
240	12	0 1 1 1 0 0 0 1 0 1 0 0 0 0 1 0
240	5	1 1 1 1 0 0 1 0 1 0 0 1 0 0 1 0
240	32	0 1 1 1 0 0 0 0 0 0 1 0 0 0 0 0
240	2	0 1 0 1 0 0 0 0 0 0 0 0 0 0 0 0
240	12	1 1 1 1 0 0 1 1 0 1 0 0 0 0 0 0
240	24	1 1 1 1 0 0 0 1 0 1 0 0 0 0 0 0
240	5	0 0 0 1 0 0 0 1 0 0 0 0 0 0 0 0
240	46	0 1 1 1 0 0 1 1 1 0 1 1 0 0 0 0
240	5	0 1 1 0 0 0 0 0 0 1 0 0 0 0 0 0
240	9	1 1 0 1 0 0 0 0 1 1 0 0 0 0 1 0
240	2	0 1 1 0 0 0 0 1 0 1 0 0 0 0 0 0
240	6	0 1 1 1 1 0 0 1 0 1 0 0 0 0 0 0
240	1	0 1 1 1 0 0 0 1 0 1 0 0 1 0 0 0
240	8	1 1 1 1 0 0 0 0 1 0 1 1 0 0 0 0
240	7	1 1 1 1 0 0 0 0 0 0 0 0 0 0 0 0
240	4	0 1 1 1 0 0 0 0 0 0 1 1 0 0 1 0
240	3	1 1 1 1 0 0 0 0 0 0 0 0 0 0 0 1
240	6	0 1 0 1 0 0 0 1 0 1 0 0 0 0 0 1
240	2	0 1 1 1 0 0 1 1 1 0 1 0 0 0 0 0
240	6	1 1 0 1 0 0 1 1 0 0 1 0 0 0 1 0
240	1	0 1 1 1 0 0 0 1 0 0 1 1 0 1 0 0
240	1	0 1 0 1 0 0 1 1 0 0 1 1 0 0 1 0
240	3	1 1 1 1 0 0 0 1 0 0 0 0 0 0 0 0
240	2	0 1 1 1 0 0 0 1 0 1 0 0 1 1 0 0
240	8	0 1 0 1 1 0 0 0 1 0 1 0 0 0 1 0
240	6	0 1 0 1 0 0 0 0 0 0 1 1 0 1 0 0
240	4	0 1 1 1 0 0 0 1 0 1 0 0 0 1 0 0
240	13	0 1 1 1 0 0 0 1 0 0 0 1 0 0 0 0
240	2	0 1 0 1 0 0 1 1 1 0 0 0 0 0 0 0
240	3	0 1 1 1 1 0 0 0 0 0 1 0 0 0 0 0
240	9	0 1 0 1 0 0 0 1 0 0 1 1 0 0 0 0
240	1	1 1 0 1 0 0 0 0 0 0 1 1 0 0 1 0
240	5	0 1 0 1 1 0 0 1 0 1 1 0 0 1 0 0
240	3	1 0 1 1 0 1 1 0 1 0 0 1 0 0 1 0
240	3	0 0 1 1 0 0 0 0 0 0 0 0 0 0 0 1
240	10	0 1 1 1 0 0 0 0 0 0 0 0 0 0 1 0
240	10	1 1 0 1 0 0 0 0 1 1 1 0 0 0 0 0
240	10	1 1 0 1 0 0 0 0 1 1 0 0 0 0 0 0
240	1	0 1 0 1 0 0 0 1 1 1 0 0 0 0 0 0
240	9	0 1 1 1 1 0 0 1 0 1 0 0 1 0 0 0
240	2	0 1 1 1 0 0 1 0 1 1 1 0 0 0 1 0
240	1	0 1 0 1 0 0 0 1 1 0 1 1 0 0 0 0
240	1	0 1 0 1 1 0 1 0 0 0 1 1 0 0 0 0
240	3	0 1 0 1 0 0 0 0 0 0 1 1 0 1 1 0
240	1	0 1 1 1 0 0 1 1 1 0 0 0 0 0 0 0
240	2	1 1 0 1 0 0 1 1 0 0 0 0 0 0 0 0
240	9	1 1 1 1 0 0 1 1 0 1 0 0 0 1 0 0
240	1	1 1 0 1 0 0 0 1 0 0 1 0 0 0 0 0
240	2	0 1 0 1 1 0 0 0 0 0 1 1 0 0 1 0
240	2	0 1 0 1 1 0 0 1 0 0 0 0 0 0 0 0
240	2	1 1 1 1 0 0 1 1 1 0 1 1 1 0 0 0
240	5	0 1 1 1 0 1 1 1 0 0 0 0 0 0 0 0
240	1	0 0 0 1 0 0 0 1 0 1 0 0 0 0 0 0
240	1	0 1 1 0 0 0 0 1 0 0 1 0 0 0 0 0
240	7	0 1 1 1 0 1 0 1 1 0 1 1 0 0 0 0
240	2	0 1 0 1 0 1 0 1 0 1 0 0 0 0 0 1
240	1	0 1 1 1 0 0 0 1 0 0 1 0 0 0 1 0
240	2	1 1 1 1 0 0 1 0 0 0 1 1 0 0 1 0
240	1	0 1 1 1 0 0 0 0 0 0 1 0 0 0 0 1
240	1	0 1 1 1 0 0 0 0 0 0 1 0 0 0 1 0
240	1	1 1 1 1 0 0 1 0 0 0 0 0 0 0 0 1
240	4	0 1 1 0 0 0 1 1 1 0 1 0 0 0 0 0
240	1	0 1 1 1 0 0 1 0 0 0 1 1 0 0 0 0
240	2	0 0 0 1 0 0 0 0 0 0 1 1 0 0 1 0
240	3	1 1 1 1 0 1 0 1 0 0 1 1 0 0 0 0
240	2	0 1 1 1 0 0 0 1 0 1 1 0 0 0 0 0
240	5	0 1 1 1 0 1 0 1 0 0 1 0 0 0 1 0
240	3	1 1 0 1 0 0 0 0 0 0 0 0 0 0 0 0
240	2	1 0 0 1 0 0 0 0 1 1 0 0 0 0 1 0
240	1	0 1 0 1 0 0 0 0 0 0 1 1 0 1 0 1
240	1	0 1 0 1 0 0 0 1 0 0 0 0 0 0 0 0
240	1	0 1 1 1 0 0 1 0 1 0 1 1 0 0 1 0
240	3	0 1 1 1 0 0 0 1 0 1 1 0 0 1 0 0
240	1	0 1 1 1 0 0 1 1 0 0 0 0 0 0 0 0
240	5	0 1 1 1 0 0 0 1 0 1 0 1 0 0 0 0
240	1	0 1 1 1 0 0 1 0 0 1 0 0 0 0 0 0
240	1	1 1 1 1 0 0 0 0 0 1 0 0 0 0 0 0
240	3	0 1 1 1 0 0 0 1 1 1 0 0 0 0 0 0
260	2	0 1 0 1 0 0 0 1 0 1 0 0 0 0 0 0
260	121	0 1 1 1 0 0 0 1 0 1 0 0 0 0 0 0
260	11	0 1 1 1 0 0 0 1 0 0 0 0 0 0 0 0
260	24	0 1 1 1 0 0 0 0 0 0 1 1 0 0 0 0
260	12	0 1 1 1 0 0 0 0 0 0 0 0 0 0 0 0
260	1	1 1 1 1 0 0 0 1 0 0 1 1 0 0 0 0
260	10	0 1 1 1 0 0 0 0 0 0 0 0 1 0 0 0
260	27	0 1 1 1 0 0 0 1 0 0 1 0 0 0 0 0
260	10	0 1 1 1 0 0 1 1 0 1 0 0 0 0 0 0
260	14	0 1 1 1 0 1 0 0 0 0 1 1 0 0 0 0
260	17	0 1 0 1 0 1 0 1 1 0 0 0 0 0 0 0
260	12	1 1 1 1 0 0 1 0 0 0 0 0 0 0 0 0
260	2	0 1 0 1 0 0 0 0 0 1 0 1 0 0 0 0
260	7	0 1 1 1 0 0 0 1 1 0 1 1 0 0 0 0
260	2	0 1 1 1 0 0 1 1 0 1 0 0 0 0 1 0
260	16	0 1 0 1 0 0 1 0 0 0 1 1 0 0 0 0
260	47	1 1 1 1 0 0 0 0 0 0 1 1 0 0 1 0
260	4	0 1 1 1 0 1 0 1 0 0 1 0 0 0 0 0
260	13	0 1 0 1 0 0 0 1 1 0 0 0 0 0 0 0
260	11	1 1 1 1 0 0 1 0 1 0 1 1 0 0 1 0
260	6	0 1 1 1 0 0 0 1 0 1 0 0 0 0 1 0
260	7	1 1 1 1 0 0 1 0 1 0 0 1 0 0 1 0
260	45	0 1 1 1 0 0 0 0 0 0 1 0 0 0 0 0
260	16	1 1 1 1 0 0 1 1 0 1 0 0 0 0 0 0
260	33	1 1 1 1 0 0 0 1 0 1 0 0 0 0 0 0
260	23	0 1 1 1 0 0 1 1 1 0 1 1 0 0 0 0
260	8	1 1 0 1 0 0 0 0 1 1 0 0 0 0 1 0
260	15	0 1 1 0 0 0 0 1 0 1 0 0 0 0 0 0
260	35	0 1 1 1 1 0 0 1 0 1 0 0 0 0 0 0
260	4	0 1 1 1 0 0 0 1 0 1 0 0 1 0 0 0
260	25	1 1 1 1 0 0 0 0 1 0 1 1 0 0 0 0
260	3	0 1 0 1 0 0 0 1 0 1 0 0 0 0 0 1
260	1	1 1 0 1 0 0 1 1 0 0 1 0 0 0 1 0
260	5	0 1 0 1 1 0 0 0 1 0 1 0 0 0 1 0
260	12	0 1 1 1 0 0 0 1 0 0 0 1 0 0 0 0
260	15	0 1 0 1 0 0 0 1 0 0 1 1 0 0 0 0
260	21	1 1 0 1 0 0 0 0 1 1 0 0 0 0 0 0
260	4	0 1 1 1 1 0 0 1 0 1 0 0 1 0 0 0
260	2	0 1 1 1 0 0 1 1 1 0 0 0 0 0 0 0
260	7	0 1 1 1 0 1 0 1 1 0 1 1 0 0 0 0
260	17	1 1 1 1 0 1 0 1 0 0 1 1 0 0 0 0
260	5	0 1 1 1 0 0 1 1 0 0 0 0 0 0 0 0
260	41	0 1 1 1 0 0 0 1 0 1 0 1 0 0 0 0
260	46	1 1 1 1 0 0 0 0 0 1 0 0 0 0 0 0
260	12	1 1 1 1 1 0 1 0 0 0 0 0 0 0 0 0
260	2	0 1 1 1 0 0 1 0 0 1 0 1 0 0 0 0
260	6	0 1 1 1 0 0 1 1 1 0 0 1 0 0 0 0
260	5	0 1 0 1 1 1 0 0 0 0 1 1 0 0 1 0
260	4	0 1 1 1 0 0 1 0 0 0 1 1 0 0 0 0
260	14	0 1 1 1 0 0 0 1 0 0 1 0 0 0 1 0
260	12	1 1 1 1 0 0 1 1 0 1 0 1 0 0 0 0
260	19	0 1 1 1 1 0 1 0 0 0 1 1 0 0 0 0
260	11	0 1 1 1 0 0 1 1 1 1 1 1 0 0 0 0
260	1	1 1 1 1 0 0 1 1 1 1 0 0 0 0 1 0
260	4	0 1 0 1 1 0 1 1 0 0 1 0 0 0 1 0
260	6	0 1 1 1 0 0 1 1 0 0 0 0 1 0 0 0
260	6	1 1 0 1 1 1 0 0 0 0 1 1 0 0 1 0
260	1	0 1 0 1 0 1 0 0 0 0 1 1 0 0 1 0
260	13	1 1 0 1 0 0 0 1 0 1 0 0 0 0 0 1
260	1	1 1 1 1 0 0 0 0 1 0 1 1 0 0 1 0
260	5	1 1 1 1 1 0 0 0 1 0 1 1 0 0 0 0
260	1	0 1 1 1 0 1 0 1 1 0 1 1 0 1 0 0
260	5	0 0 1 1 0 0 0 1 0 1 0 0 0 0 0 0
260	3	1 1 1 1 1 0 1 0 0 1 0 0 0 0 0 0
260	5	0 1 1 1 1 0 0 0 0 0 1 1 0 0 1 1
260	5	0 1 1 1 0 1 0 1 0 1 0 0 0 0 0 0
260	22	1 1 1 1 1 0 0 1 0 1 0 0 0 0 0 0
260	5	0 1 0 1 0 0 0 0 0 0 1 1 0 0 0 0
260	3	0 1 1 1 0 1 0 0 0 0 0 0 0 0 0 0
260	1	0 1 0 1 0 1 0 0 0 0 1 1 0 0 0 0
260	2	0 0 1 1 0 0 1 1 0 0 0 0 1 0 0 0
260	1	0 1 0 1 0 0 0 0 0 1 1 0 0 0 0 0
260	5	0 1 0 1 0 0 1 0 0 0 0 0 0 0 0 0
260	1	0 1 1 1 1 0 0 1 0 0 0 0 0 0 0 0
260	1	1 1 1 1 0 0 0 0 0 0 0 0 1 0 0 0
260	1	0 1 0 1 0 1 0 1 0 0 1 0 0 0 0 1
260	1	0 1 1 1 0 1 1 0 0 0 1 1 0 0 0 0
260	3	0 0 0 1 0 0 1 0 0 0 1 1 0 0 0 0
260	5	1 1 1 1 0 0 0 0 0 0 1 1 0 0 0 0
260	1	1 1 0 1 1 0 0 0 1 1 0 0 0 0 0 0
260	1	1 1 0 1 1 0 1 0 0 0 0 0 0 0 0 0
260	6	1 1 1 1 1 0 1 0 0 0 0 0 0 1 0 0
260	2	0 1 1 1 0 0 1 1 1 0 1 0 0 0 1 0
260	1	1 1 1 1 0 0 1 1 0 0 1 1 0 0 0 0
260	1	0 1 1 1 0 0 1 0 0 0 0 0 0 0 0 0
260	2	1 1 0 1 1 1 0 0 0 0 0 0 0 0 0 0
260	2	0 1 1 1 1 0 0 0 0 1 0 0 0 0 0 0
260	1	0 1 1 1 1 0 0 1 0 1 0 1 0 0 0 0
260	2	1 1 1 1 0 0 0 0 0 1 0 0 0 0 0 1
260	4	1 0 1 1 1 0 1 0 0 0 0 0 0 0 0 0
260	2	1 1 1 1 0 0 0 0 0 0 1 0 0 0 0 0
260	3	0 1 0 1 0 0 1 1 0 0 0 0 1 0 0 0
260	1	1 1 1 1 0 0 1 0 0 0 1 1 0 0 0 0
260	1	0 1 1 1 1 1 0 0 0 0 1 1 0 0 1 0
260	1	1 1 0 1 0 0 0 1 0 1 0 0 0 0 0 0
260	2	0 1 1 1 0 0 0 0 0 0 1 0 1 0 0 0
260	2	1 1 1 0 0 0 1 0 1 0 1 1 0 0 1 0
260	2	0 1 1 1 0 0 0 1 0 1 0 0 1 0 1 0
260	2	1 1 1 1 0 1 0 1 0 1 0 0 0 0 0 0
260	2	0 1 0 0 0 0 0 1 0 1 0 0 0 0 0 0
260	1	0 1 0 1 0 0 0 1 1 0 1 1 0 0 0 0
260	3	0 1 1 1 1 0 0 1 0 1 0 0 1 1 0 0
260	1	0 1 1 1 0 0 1 1 0 0 0 1 0 0 0 0
260	3	0 1 0 1 1 0 1 1 0 0 1 0 0 0 0 0
280	79	0 1 1 1 0 0 0 1 0 1 0 0 0 0 0 0
280	19	0 1 1 1 0 0 0 1 0 0 0 0 0 0 0 0
280	22	0 1 1 1 0 0 0 0 0 0 1 1 0 0 0 0
280	28	0 1 1 1 0 0 0 0 0 0 0 0 0 0 0 0
280	54	0 1 1 1 0 0 0 1 0 0 1 0 0 0 0 0
280	3	0 1 1 1 0 1 0 0 0 0 1 1 0 0 0 0
280	15	0 1 0 1 0 1 0 1 1 0 0 0 0 0 0 0
280	11	1 1 1 1 0 0 1 0 0 0 0 0 0 0 0 0
280	36	0 1 1 1 0 0 0 1 1 0 1 1 0 0 0 0
280	5	0 1 0 1 0 0 1 0 0 0 1 1 0 0 0 0
280	24	1 1 1 1 0 0 0 0 0 0 1 1 0 0 1 0
280	5	0 1 0 1 0 0 0 1 1 0 0 0 0 0 0 0
280	4	1 1 1 1 0 0 1 0 1 0 0 1 0 0 1 0
280	6	0 1 1 1 0 0 0 0 0 0 1 0 0 0 0 0
280	2	1 1 1 1 0 0 1 1 0 1 0 0 0 0 0 0
280	31	1 1 1 1 0 0 0 1 0 1 0 0 0 0 0 0
280	24	0 1 1 1 0 0 1 1 1 0 1 1 0 0 0 0
280	40	0 1 1 0 0 0 0 1 0 1 0 0 0 0 0 0
280	26	0 1 1 1 1 0 0 1 0 1 0 0 0 0 0 0
280	13	0 1 1 1 0 0 0 1 0 1 0 0 1 0 0 0
280	7	1 1 1 1 0 0 0 0 1 0 1 1 0 0 0 0
280	2	0 1 1 1 0 0 0 1 0 0 0 1 0 0 0 0
280	22	1 1 1 1 0 1 0 1 0 0 1 1 0 0 0 0
280	70	0 1 1 1 0 0 0 1 0 1 0 1 0 0 0 0
280	21	1 1 1 1 0 0 0 0 0 1 0 0 0 0 0 0
280	9	1 1 1 1 1 0 1 0 0 0 0 0 0 0 0 0
280	22	0 1 1 1 0 0 0 1 0 0 1 0 0 0 1 0
280	2	1 1 1 1 0 0 1 1 0 1 0 1 0 0 0 0
280	33	0 1 1 1 1 0 1 0 0 0 1 1 0 0 0 0
280	3	0 1 0 1 1 0 1 1 0 0 1 0 0 0 1 0
280	2	0 1 1 1 0 0 1 1 0 0 0 0 1 0 0 0
280	15	1 1 0 1 0 0 0 1 0 1 0 0 0 0 0 1
280	16	0 0 1 1 0 0 0 1 0 1 0 0 0 0 0 0
280	6	0 1 1 1 1 0 0 0 0 0 1 1 0 0 1 1
280	12	1 1 1 1 1 0 0 1 0 1 0 0 0 0 0 0
280	23	0 1 1 1 1 0 0 1 0 0 0 0 0 0 0 0
280	19	1 1 1 1 0 0 0 0 0 0 1 1 0 0 0 0
280	8	0 1 1 1 0 0 0 0 0 0 1 0 1 0 0 0
280	2	1 1 0 1 0 0 1 0 1 0 1 1 0 0 1 0
280	3	0 1 1 1 0 0 0 1 0 1 1 0 0 0 0 0
280	6	1 1 1 1 0 0 0 0 0 1 0 0 1 0 0 0
280	1	1 1 0 1 1 1 0 1 0 1 0 0 0 0 0 0
280	1	0 1 1 1 0 1 0 0 0 0 1 0 0 0 0 0
280	4	1 1 1 1 0 0 0 1 0 1 0 1 0 0 0 0
280	3	0 1 0 1 1 0 0 0 1 1 1 0 0 0 1 0
280	3	1 1 1 1 0 0 0 1 0 1 0 0 0 0 0 1
280	4	0 1 1 1 0 1 0 0 0 1 0 0 0 0 0 0
280	1	0 1 0 1 0 0 0 1 0 1 0 0 0 0 0 0
280	14	1 1 1 1 0 0 1 1 0 1 0 0 1 0 0 0
280	13	0 1 1 1 0 1 1 1 1 0 1 1 0 0 0 0
280	2	1 1 0 1 0 0 0 0 0 1 0 0 0 0 0 0
280	4	0 1 1 1 0 0 0 1 0 1 0 1 0 0 0 1
280	10	0 1 1 1 1 0 0 1 1 0 0 1 0 0 0 0
280	3	1 1 1 1 0 1 1 0 0 0 0 0 0 0 0 0
280	3	1 1 1 1 0 0 1 0 1 0 1 1 0 1 1 0
280	10	0 1 0 1 1 0 0 1 0 1 0 0 0 0 0 0
280	1	0 1 1 1 0 0 0 0 0 0 1 1 0 0 1 0
280	6	1 1 0 1 0 0 1 0 0 0 0 0 0 0 0 0
280	3	0 1 1 1 0 0 1 1 1 0 0 1 0 0 0 0
280	3	1 1 0 1 0 0 0 1 0 1 0 0 0 0 0 0
280	7	1 1 1 0 1 0 1 0 1 0 1 1 0 0 1 0
280	2	1 1 1 1 0 0 0 0 0 0 1 1 0 0 0 1
280	6	1 1 1 1 0 0 0 0 1 0 1 1 0 0 1 0
280	11	0 0 1 1 1 0 0 1 0 1 0 0 0 0 0 0
280	4	0 1 1 1 0 0 0 1 0 1 0 0 0 1 0 0
280	3	1 1 0 1 1 0 1 0 1 0 1 1 0 0 1 0
280	4	0 1 1 1 1 0 0 1 0 1 0 0 0 0 1 0
280	4	1 1 1 1 0 0 1 0 1 0 0 1 0 0 0 0
280	5	0 1 1 1 0 0 0 0 0 0 1 0 0 0 1 0
280	7	0 1 1 0 0 0 0 1 0 1 0 1 0 0 0 0
280	3	0 1 0 1 0 1 1 1 1 0 1 1 0 0 0 0
280	3	0 1 0 1 0 0 0 1 0 1 0 1 0 0 0 0
280	4	1 1 1 1 0 0 0 0 0 0 0 0 0 0 0 0
280	4	0 1 1 1 0 1 0 0 0 1 0 1 0 0 0 0
280	2	1 1 1 1 0 0 0 0 1 1 0 0 0 0 0 0
280	4	1 1 1 1 0 1 0 1 0 0 1 0 0 0 0 0
280	1	0 1 1 1 0 0 0 1 0 1 0 1 0 0 1 0
280	2	0 1 1 1 0 0 0 1 0 1 1 1 0 0 0 1
280	8	0 1 1 1 0 0 1 1 0 1 0 0 1 0 0 0
280	1	0 1 1 1 0 0 1 1 0 1 0 0 0 0 0 0
280	5	0 0 1 1 0 0 0 0 0 0 0 0 0 0 0 0
280	4	0 1 1 1 0 1 0 0 0 0 1 1 0 1 0 0
280	2	0 1 0 0 0 0 1 0 0 0 1 1 0 0 0 0
280	8	1 1 1 1 0 0 0 1 0 0 1 1 0 0 1 0
280	4	0 1 1 1 0 0 0 1 0 1 0 1 1 0 0 0
280	1	1 1 1 1 0 0 0 1 0 0 0 0 0 0 0 0
280	1	0 1 1 1 1 0 0 1 0 0 0 0 0 0 0 1
280	10	0 1 1 1 1 0 0 1 0 0 1 0 0 0 0 0
280	2	1 1 1 1 0 0 0 0 0 0 1 0 0 0 0 0
280	1	0 1 1 1 0 0 0 1 0 0 0 0 0 0 1 0
280	2	1 1 1 1 1 0 1 0 1 0 1 1 0 0 1 0
280	1	0 1 1 1 0 0 0 1 1 0 0 1 0 0 0 0
280	3	1 1 0 1 0 0 0 1 1 1 0 0 0 0 0 1
280	3	0 1 1 1 1 0 0 0 0 0 1 1 0 0 1 0
280	1	1 1 1 1 1 0 0 1 0 0 0 0 0 0 0 0
280	1	0 1 1 1 0 1 0 0 0 1 1 0 0 0 0 0
280	2	1 1 1 1 0 0 1 0 0 1 0 0 1 0 0 0
280	2	0 1 1 1 1 0 1 0 0 0 0 0 0 0 0 0
280	2	0 1 1 0 0 0 0 1 0 1 1 1 0 0 0 0
280	3	0 1 1 0 0 0 0 1 0 0 1 0 0 0 0 0
280	2	1 1 0 1 0 0 0 0 0 0 1 1 0 0 1 0
280	1	1 1 1 1 0 1 0 1 0 1 0 0 0 0 0 0
280	2	0 1 1 1 0 1 0 1 0 1 0 1 0 0 0 0
280	4	1 1 1 1 0 0 0 0 0 1 0 0 0 1 0 0
280	1	1 1 1 1 0 0 0 0 0 1 0 1 0 0 0 0
280	1	0 1 1 1 1 0 1 0 1 0 1 1 0 0 0 0
280	3	1 1 1 1 0 1 0 0 0 1 0 0 1 0 0 0
280	2	0 1 1 1 1 0 0 1 0 1 0 1 0 0 1 0
280	2	1 1 1 1 1 0 1 0 0 0 1 0 0 0 0 0
300	57	0 1 1 1 0 0 0 1 0 1 0 0 0 0 0 0
300	24	0 1 1 1 0 0 0 1 0 0 0 0 0 0 0 0
300	7	0 1 1 1 0 0 0 0 0 0 1 1 0 0 0 0
300	38	0 1 1 1 0 0 0 0 0 0 0 0 0 0 0 0
300	49	0 1 1 1 0 0 0 1 0 0 1 0 0 0 0 0
300	8	0 1 1 1 0 1 0 0 0 0 1 1 0 0 0 0
300	3	1 1 1 1 0 0 1 0 0 0 0 0 0 0 0 0
300	56	0 1 1 1 0 0 0 1 1 0 1 1 0 0 0 0
300	11	1 1 1 1 0 0 0 0 0 0 1 1 0 0 1 0
300	1	0 1 1 1 0 0 0 0 0 0 1 0 0 0 0 0
300	14	1 1 1 1 0 0 0 1 0 1 0 0 0 0 0 0
300	12	0 1 1 1 0 0 1 1 1 0 1 1 0 0 0 0
300	13	0 1 1 0 0 0 0 1 0 1 0 0 0 0 0 0
300	16	0 1 1 1 1 0 0 1 0 1 0 0 0 0 0 0
300	5	0 1 1 1 0 0 0 1 0 1 0 0 1 0 0 0
300	10	1 1 1 1 0 0 0 0 1 0 1 1 0 0 0 0
300	3	1 1 1 1 0 1 0 1 0 0 1 1 0 0 0 0
300	67	0 1 1 1 0 0 0 1 0 1 0 1 0 0 0 0
300	8	1 1 1 1 0 0 0 0 0 1 0 0 0 0 0 0
300	13	0 1 1 1 0 0 0 1 0 0 1 0 0 0 1 0
300	16	0 1 1 1 1 0 1 0 0 0 1 1 0 0 0 0
300	8	1 1 0 1 0 0 0 1 0 1 0 0 0 0 0 1
300	5	0 0 1 1 0 0 0 1 0 1 0 0 0 0 0 0
300	14	0 1 1 1 1 0 0 1 0 0 0 0 0 0 0 0
300	13	0 1 1 1 0 0 0 0 0 0 1 0 1 0 0 0
300	9	0 1 1 1 0 0 0 1 0 1 1 0 0 0 0 0
300	5	1 1 1 1 0 0 0 0 0 1 0 0 1 0 0 0
300	10	0 1 1 1 0 1 0 0 0 0 1 0 0 0 0 0
300	20	1 1 1 1 0 0 1 1 0 1 0 0 1 0 0 0
300	25	1 1 0 1 0 0 0 0 0 1 0 0 0 0 0 0
300	12	0 1 1 1 1 0 0 1 1 0 0 1 0 0 0 0
300	1	0 1 0 1 1 0 0 1 0 1 0 0 0 0 0 0
300	9	0 1 1 1 0 0 0 0 0 0 1 1 0 0 1 0
300	8	1 1 0 1 0 0 1 0 0 0 0 0 0 0 0 0
300	3	1 1 1 1 0 0 0 0 1 0 1 1 0 0 1 0
300	7	0 1 1 0 0 0 0 1 0 1 0 1 0 0 0 0
300	16	1 1 1 1 0 0 0 0 0 0 0 0 0 0 0 0
300	40	0 1 1 1 0 0 0 1 0 1 1 1 0 0 0 1
300	14	0 1 1 1 0 0 1 1 0 1 0 0 1 0 0 0
300	15	0 1 1 1 0 0 0 1 0 1 0 1 1 0 0 0
300	4	0 1 1 1 1 0 0 1 0 0 1 0 0 0 0 0
300	6	0 1 1 1 0 0 0 1 1 0 0 1 0 0 0 0
300	6	0 1 1 1 1 0 0 0 0 0 1 1 0 0 1 0
300	7	0 1 1 1 0 1 0 0 0 1 1 0 0 0 0 0
300	2	0 1 1 0 0 0 0 1 0 0 1 0 0 0 0 0
300	5	0 1 1 1 0 1 0 1 0 1 0 1 0 0 0 0
300	3	1 1 1 1 0 1 0 0 0 1 0 0 1 0 0 0
300	17	0 1 1 1 0 0 1 1 1 0 0 0 0 0 0 0
300	5	0 1 1 1 0 1 0 1 0 0 1 0 0 0 0 0
300	3	1 1 1 1 1 0 0 1 0 1 0 0 0 1 0 0
300	5	0 0 1 1 0 0 1 1 0 1 0 0 0 0 0 0
300	1	0 1 1 1 0 0 0 1 0 1 0 1 0 0 0 1
300	11	0 1 1 1 0 0 0 1 0 0 1 0 0 0 0 1
300	10	0 1 1 1 0 0 0 1 1 1 0 1 0 0 0 0
300	6	0 1 1 1 0 0 0 1 0 0 1 1 0 0 0 0
300	5	1 0 1 1 0 0 0 0 0 0 0 0 0 0 0 0
300	7	0 1 0 1 1 1 0 1 0 1 0 0 0 0 0 0
300	27	1 1 1 1 0 0 0 1 0 0 1 1 0 0 0 0
300	3	0 1 1 1 0 0 1 1 0 0 1 0 0 0 0 0
300	17	1 1 1 1 0 0 0 1 0 1 0 0 1 0 0 0
300	3	0 1 1 1 1 0 0 0 0 0 0 0 0 0 0 0
300	3	1 1 1 0 0 0 0 1 0 0 1 0 0 0 0 0
300	1	0 1 1 1 0 0 0 1 1 1 0 0 0 0 0 0
300	7	0 1 1 1 0 0 0 0 0 1 1 1 0 0 0 0
300	1	0 1 1 1 0 0 0 0 0 1 0 1 0 0 0 0
300	5	1 1 0 1 0 1 0 1 0 1 0 0 0 0 0 1
300	4	0 1 1 1 0 0 1 1 0 1 1 0 0 0 0 0
300	4	0 1 1 1 0 1 0 1 0 1 0 1 0 0 0 1
300	15	1 1 1 1 1 0 1 0 0 1 0 0 0 0 0 0
300	3	0 1 1 1 0 0 1 1 0 1 0 0 0 0 0 0
300	1	1 1 1 1 0 0 0 0 1 0 0 0 1 0 0 0
300	9	0 1 1 1 0 0 0 1 0 1 1 1 0 0 0 0
300	7	1 1 1 1 0 0 0 1 0 0 1 0 0 0 0 0
300	14	0 1 1 1 0 0 0 0 1 0 0 0 0 0 0 0
300	1	0 1 0 1 0 0 0 1 1 0 1 1 0 0 0 0
300	4	0 1 1 1 0 0 0 1 0 1 1 0 1 0 0 0
300	2	0 1 1 0 1 0 0 1 0 1 0 1 0 0 0 0
300	3	0 1 0 1 0 0 1 1 0 1 0 0 1 0 0 0
300	5	1 1 0 1 0 1 0 0 0 1 0 0 0 0 0 1
300	12	0 1 1 1 0 0 1 1 0 1 0 1 0 0 0 0
300	2	0 1 1 1 1 0 1 0 0 0 1 0 0 0 0 0
300	8	0 1 1 1 0 1 0 1 0 1 1 1 0 0 0 1
300	1	0 1 1 1 0 1 0 1 1 0 1 1 0 0 0 0
300	2	0 1 1 1 1 0 0 0 0 0 1 1 0 0 0 0
300	2	0 1 1 1 1 0 1 0 0 0 1 1 0 1 0 0
300	1	0 1 1 0 1 0 1 1 0 1 0 1 0 0 0 0
300	5	0 1 1 1 0 1 0 0 0 1 0 0 0 0 0 0
300	4	0 1 0 1 0 0 0 1 0 0 1 0 0 0 0 0
300	3	0 1 0 1 0 0 0 1 0 1 1 1 0 0 0 0
300	1	1 1 1 1 0 0 0 1 1 0 0 1 0 0 0 0
300	3	1 1 0 1 0 0 0 0 0 0 1 1 0 0 1 1
300	2	0 1 1 0 0 0 0 1 0 1 0 0 0 0 0 1
300	3	0 1 1 0 0 0 0 1 0 1 1 0 0 0 0 0
300	1	0 0 1 1 0 0 0 1 0 1 0 1 0 0 0 0
300	3	1 1 1 1 0 0 1 1 0 1 0 0 1 0 1 0
300	4	0 1 1 1 1 0 0 0 0 0 1 1 1 0 1 0
300	2	0 1 1 1 0 0 0 0 0 1 0 0 0 0 0 1
300	2	1 1 0 1 0 0 1 1 0 1 0 0 1 0 0 0
300	1	0 1 0 1 0 0 0 1 0 1 0 0 0 0 0 0
300	4	0 1 1 1 0 0 0 1 0 0 1 0 1 0 0 0
300	1	0 0 1 1 1 0 0 1 0 1 0 0 0 0 0 0
300	2	1 1 1 1 0 1 1 1 0 1 0 0 1 0 0 0
300	1	0 1 1 1 0 1 1 0 0 1 1 0 0 0 0 0
300	7	1 1 1 1 0 0 0 1 0 1 1 0 1 0 0 0
300	1	1 1 1 1 0 0 0 1 1 1 0 0 0 0 0 0
300	1	0 1 1 1 0 0 0 1 1 0 1 1 0 0 1 0
300	2	0 1 1 1 0 0 0 1 0 0 1 1 0 0 1 0
300	1	0 1 1 1 0 0 0 1 0 1 0 0 0 1 0 0
300	1	0 1 1 1 0 1 0 1 0 0 1 0 0 0 1 0
300	1	1 1 1 1 0 0 0 1 0 1 0 1 0 0 0 1
300	3	1 1 1 1 1 1 0 1 0 1 0 0 0 1 0 0
300	2	0 1 1 1 0 0 0 1 1 1 0 1 0 0 1 0
300	2	1 1 1 1 0 0 0 0 0 0 0 1 0 0 0 0
300	1	0 1 1 1 0 0 0 0 1 1 0 0 0 0 0 0
300	1	0 1 1 1 0 0 0 0 1 0 0 0 0 0 0 1
320	61	0 1 1 1 0 0 0 1 0 1 0 0 0 0 0 0
320	2	0 1 1 1 0 0 0 1 0 0 0 0 0 0 0 0
320	7	0 1 1 1 0 0 0 0 0 0 0 0 0 0 0 0
320	34	0 1 1 1 0 0 0 1 0 0 1 0 0 0 0 0
320	13	0 1 1 1 0 1 0 0 0 0 1 1 0 0 0 0
320	83	0 1 1 1 0 0 0 1 1 0 1 1 0 0 0 0
320	6	1 1 1 1 0 0 0 0 0 0 1 1 0 0 1 0
320	2	0 1 1 1 0 0 1 1 1 0 1 1 0 0 0 0
320	1	0 1 1 0 0 0 0 1 0 1 0 0 0 0 0 0
320	50	0 1 1 1 0 0 0 1 0 1 0 1 0 0 0 0
320	108	1 1 1 1 0 0 0 0 0 1 0 0 0 0 0 0
320	31	1 1 0 1 0 0 0 1 0 1 0 0 0 0 0 1
320	3	0 1 1 1 0 0 0 0 0 0 1 0 1 0 0 0
320	15	1 1 0 1 0 0 0 0 0 1 0 0 0 0 0 0
320	4	0 1 1 1 0 0 0 0 0 0 1 1 0 0 1 0
320	19	1 1 1 1 0 0 0 0 0 0 0 0 0 0 0 0
320	9	0 1 1 1 0 0 0 1 0 1 1 1 0 0 0 1
320	18	0 1 1 1 0 0 0 1 0 1 0 1 1 0 0 0
320	7	0 1 1 1 0 0 0 1 1 0 0 1 0 0 0 0
320	9	0 1 1 1 0 1 0 1 0 1 0 1 0 0 0 0
320	16	0 1 1 1 0 0 1 1 1 0 0 0 0 0 0 0
320	8	0 1 1 1 0 0 0 1 0 0 1 0 0 0 0 1
320	15	0 1 1 1 0 0 0 1 1 1 0 1 0 0 0 0
320	40	0 1 1 1 0 0 0 1 0 0 1 1 0 0 0 0
320	6	0 1 1 1 0 0 1 1 0 0 1 0 0 0 0 0
320	42	1 1 1 1 0 0 0 1 0 1 0 0 1 0 0 0
320	20	0 1 1 1 0 0 0 0 0 1 1 1 0 0 0 0
320	14	1 1 0 1 0 1 0 1 0 1 0 0 0 0 0 1
320	11	1 1 1 1 1 0 1 0 0 1 0 0 0 0 0 0
320	2	0 1 1 1 0 0 0 1 0 1 1 0 1 0 0 0
320	38	1 1 0 1 0 1 0 0 0 1 0 0 0 0 0 1
320	9	0 1 1 1 0 1 0 0 0 1 0 0 0 0 0 0
320	13	0 1 1 0 0 0 0 1 0 1 1 0 0 0 0 0
320	2	1 1 1 1 0 0 1 1 0 1 0 0 1 0 1 0
320	6	1 1 1 1 0 0 0 1 0 1 1 0 1 0 0 0
320	12	0 1 1 1 0 0 0 0 1 1 0 0 0 0 0 0
320	2	0 1 1 1 0 1 0 1 0 0 1 1 0 0 0 0
320	7	0 1 0 1 0 0 0 1 0 1 1 0 0 0 0 0
320	4	0 1 1 1 0 0 1 1 1 0 0 1 0 0 0 0
320	32	0 1 1 1 0 1 0 0 0 0 0 0 0 0 0 0
320	4	0 1 0 0 0 0 0 1 0 1 0 0 0 0 0 0
320	4	1 1 1 0 0 0 1 1 0 1 0 0 1 0 0 0
320	7	0 1 1 1 1 0 1 0 0 1 1 1 0 0 0 0
320	8	1 1 1 1 0 0 0 0 0 0 1 1 0 1 1 0
320	3	0 1 1 1 0 0 0 1 1 0 1 1 0 1 0 0
320	17	0 1 1 1 0 0 0 1 1 0 1 0 0 0 0 0
320	3	0 1 1 1 0 1 0 1 0 1 1 1 0 0 0 0
320	8	1 1 0 1 0 0 0 0 0 0 0 0 0 0 0 0
320	11	0 1 1 1 0 0 0 1 0 1 0 1 0 0 0 1
320	23	1 1 1 1 0 0 0 0 0 1 0 0 0 0 0 1
320	5	0 1 1 0 1 0 0 1 0 1 1 0 0 0 0 0
320	8	0 1 1 1 0 0 0 1 1 1 0 0 1 0 0 0
320	5	1 1 1 1 0 0 0 0 0 1 1 0 0 0 0 1
320	19	0 1 1 1 0 0 0 1 1 0 1 1 0 0 0 1
320	6	1 1 1 1 0 0 0 1 0 1 0 0 0 0 0 0
320	6	0 0 1 1 0 1 0 1 0 1 0 0 0 0 0 0
320	6	1 1 0 1 0 1 0 0 0 1 1 0 0 0 0 0
320	3	1 1 0 1 0 0 0 1 1 1 0 0 0 0 0 1
320	1	0 1 0 1 0 0 0 1 0 1 0 1 0 0 0 1
320	4	0 1 1 1 0 0 0 0 1 0 0 0 0 0 0 0
320	5	0 1 1 1 0 0 0 0 0 0 1 0 0 0 0 0
320	2	0 1 0 1 0 0 0 1 1 0 1 1 0 1 0 0
320	2	1 1 1 1 0 0 0 1 1 0 1 1 0 0 0 1
320	7	0 1 1 1 0 0 0 0 1 0 1 1 0 0 0 0
320	1	0 1 1 1 0 0 0 1 0 0 0 1 0 0 0 0
320	2	1 1 0 1 0 1 0 0 0 1 0 0 0 0 1 1
320	2	0 1 1 1 0 1 0 0 0 1 0 1 0 0 0 0
320	2	1 1 1 1 0 0 0 0 0 1 1 0 0 0 0 0
320	5	1 1 1 1 0 0 0 0 0 1 1 1 0 0 0 0
320	3	1 1 1 1 0 0 0 0 0 1 0 0 1 0 0 0
320	2	1 1 1 1 0 0 0 0 0 0 0 0 0 0 1 0
320	3	0 1 1 0 0 0 0 1 0 0 0 0 0 0 0 0
320	3	1 1 1 1 0 0 0 1 0 0 1 1 0 0 0 0
320	2	0 1 1 1 0 0 1 0 0 1 0 0 0 0 0 0
320	1	0 1 1 1 0 0 0 1 0 1 1 1 1 0 0 0
320	2	1 1 0 0 0 1 0 0 0 1 0 0 0 0 0 1
320	2	0 1 1 1 0 0 0 1 0 1 0 0 1 0 0 0
320	3	1 1 0 1 0 0 0 1 0 1 0 0 1 0 0 0
320	1	0 1 1 1 0 0 0 0 0 1 0 0 0 0 0 0
320	1	1 1 0 1 0 1 0 0 1 0 1 0 0 0 0 0
320	2	1 1 0 1 0 0 0 0 0 0 1 1 0 0 1 0
320	1	1 1 1 1 0 0 0 1 1 0 1 1 0 0 0 0
320	1	0 1 1 1 0 1 0 1 1 0 1 1 0 0 0 0
320	3	1 1 0 1 0 0 1 1 0 1 0 0 0 0 0 1
320	1	1 1 1 1 0 0 1 0 0 0 0 0 0 0 0 0
320	2	0 1 1 1 1 0 0 0 0 1 1 1 0 0 0 0
320	2	1 1 0 1 0 0 1 0 0 0 0 0 0 0 0 0
320	2	0 1 1 0 1 0 0 1 0 1 1 0 1 0 0 0
320	1	0 1 1 0 1 0 1 1 0 1 1 0 0 0 0 0
320	1	0 1 1 1 1 0 0 1 1 0 1 1 0 0 0 1
320	1	0 1 1 1 0 0 0 0 1 0 1 1 0 0 0 1
340	36	0 1 1 1 0 0 0 1 0 1 0 0 0 0 0 0
340	15	0 1 1 1 0 0 0 1 0 0 1 0 0 0 0 0
340	6	0 1 1 1 0 1 0 0 0 0 1 1 0 0 0 0
340	44	0 1 1 1 0 0 0 1 1 0 1 1 0 0 0 0
340	21	0 1 1 1 0 0 1 1 1 0 1 1 0 0 0 0
340	31	0 1 1 1 0 0 0 1 0 1 0 1 0 0 0 0
340	125	1 1 1 1 0 0 0 0 0 1 0 0 0 0 0 0
340	44	1 1 0 1 0 0 0 1 0 1 0 0 0 0 0 1
340	68	1 1 0 1 0 0 0 0 0 1 0 0 0 0 0 0
340	7	1 1 1 1 0 0 0 0 0 0 0 0 0 0 0 0
340	26	0 1 1 1 0 0 0 1 1 1 0 1 0 0 0 0
340	16	0 1 1 1 0 0 0 1 0 0 1 1 0 0 0 0
340	7	0 1 1 1 0 0 1 1 0 0 1 0 0 0 0 0
340	7	1 1 0 1 0 1 0 1 0 1 0 0 0 0 0 1
340	33	0 1 1 1 0 1 0 0 0 1 0 0 0 0 0 0
340	1	0 1 1 1 0 0 0 0 1 1 0 0 0 0 0 0
340	1	0 1 1 1 0 1 0 1 0 0 1 1 0 0 0 0
340	40	0 1 1 1 0 1 0 0 0 0 0 0 0 0 0 0
340	5	1 1 1 1 0 0 0 0 0 0 1 1 0 1 1 0
340	7	0 1 1 1 0 0 0 1 1 0 1 0 0 0 0 0
340	18	1 1 0 1 0 0 0 0 0 0 0 0 0 0 0 0
340	42	0 1 1 1 0 0 0 1 1 0 1 1 0 0 0 1
340	5	0 1 1 1 0 0 0 0 1 0 0 0 0 0 0 0
340	12	0 1 1 1 0 0 0 0 0 0 1 0 0 0 0 0
340	20	1 1 1 1 0 0 0 1 1 0 1 1 0 0 0 1
340	1	0 1 1 1 0 0 0 0 1 0 1 1 0 0 0 0
340	23	0 1 1 1 0 1 0 0 0 1 0 1 0 0 0 0
340	4	0 1 1 1 0 0 0 1 0 1 0 0 1 0 0 0
340	17	0 1 1 1 0 0 0 0 0 1 0 0 0 0 0 0
340	36	1 1 1 1 0 0 0 1 1 0 1 1 0 0 0 0
340	10	1 1 1 1 0 0 0 1 0 1 0 1 0 0 0 0
340	13	0 1 1 1 0 0 0 1 0 1 1 0 0 0 0 0
340	12	0 1 1 1 0 0 0 1 0 0 0 0 0 0 0 1
340	5	0 1 1 0 0 0 0 1 0 1 0 0 0 0 0 0
340	8	0 1 1 1 0 0 0 0 0 1 1 1 0 0 1 0
340	5	1 1 0 1 0 0 0 1 1 1 0 0 0 0 0 0
340	15	1 1 1 1 0 0 1 0 0 1 0 0 0 0 0 0
340	8	0 1 0 1 0 0 0 1 0 0 1 0 0 0 0 0
340	2	1 1 1 1 0 0 0 1 0 1 0 1 0 0 0 1
340	18	0 1 1 1 0 0 0 0 0 1 0 0 0 0 0 1
340	4	1 1 0 1 0 0 0 0 1 1 0 0 0 0 0 0
340	2	1 1 1 1 0 0 0 0 0 1 0 0 0 1 0 0
340	5	1 1 0 1 0 0 0 1 0 0 0 0 0 0 0 0
340	11	1 1 1 1 0 0 0 0 0 1 0 0 0 0 1 0
340	2	0 1 0 1 0 0 0 1 0 0 0 0 0 0 0 0
340	16	0 1 1 1 0 0 0 0 0 0 0 0 0 0 0 1
340	2	0 1 1 1 0 0 0 1 0 1 0 0 0 0 0 1
340	1	1 1 0 1 0 0 0 1 0 1 0 1 0 0 0 0
340	5	1 1 1 1 0 0 0 0 0 0 1 0 0 0 0 0
340	5	0 1 1 1 0 0 0 0 0 0 0 0 0 0 0 0
340	11	0 1 1 1 0 0 0 1 1 0 0 1 0 0 0 0
340	6	0 1 1 1 0 0 1 0 1 0 0 0 0 0 0 0
340	8	1 1 1 1 0 0 0 1 0 1 0 0 0 0 0 0
340	2	1 1 1 1 0 0 0 0 0 0 0 1 0 1 1 0
340	3	1 1 1 1 0 0 1 1 1 0 1 1 0 0 0 0
340	2	1 1 1 1 0 0 0 0 0 1 0 0 0 1 1 0
340	6	0 1 1 1 0 1 0 1 0 1 0 1 0 0 0 0
340	1	1 1 0 1 0 1 0 1 0 1 0 0 0 0 1 1
340	1	1 0 0 1 0 0 0 1 0 1 0 0 1 0 0 0
340	4	1 1 1 1 0 0 0 0 0 0 0 1 0 1 1 1
340	3	0 1 1 1 0 0 0 1 1 0 0 0 0 0 0 0
340	7	0 1 0 1 0 0 0 1 0 1 0 0 0 0 0 0
340	5	0 0 1 1 0 0 0 1 0 0 1 0 0 0 0 0
340	6	1 1 1 1 0 1 0 0 0 0 1 1 0 0 0 0
340	4	0 1 1 1 0 0 0 1 1 0 1 1 0 0 1 1
340	3	0 1 1 0 0 0 0 0 0 1 0 0 0 0 0 0
340	7	0 1 1 0 0 0 0 1 0 1 0 1 0 0 0 0
340	6	0 1 1 1 0 0 0 1 0 0 0 0 0 0 0 0
340	2	1 1 1 1 0 0 0 0 0 1 0 0 0 0 1 1
340	3	1 1 1 1 0 0 0 1 0 1 0 1 1 0 0 0
340	1	1 1 0 1 0 0 0 1 0 1 0 0 0 0 0 0
340	3	1 0 1 1 0 0 0 0 0 1 0 0 0 0 0 0
340	1	0 1 1 1 0 1 0 0 0 1 0 0 0 0 0 1
340	2	1 1 1 1 0 1 0 0 0 0 0 0 0 0 0 0
340	1	0 1 1 1 0 0 0 0 0 1 0 0 1 0 0 0
340	3	0 1 1 1 0 0 0 1 0 0 0 1 0 0 0 0
340	2	0 1 1 1 0 0 0 1 0 1 0 0 0 0 1 0
340	2	0 1 1 0 0 0 0 1 1 0 1 1 0 0 0 0
340	3	1 1 0 1 0 0 0 1 1 1 0 0 0 0 0 1
340	3	0 1 0 1 1 0 0 1 0 0 1 0 0 0 0 0
340	4	1 1 1 1 0 1 0 0 0 0 1 0 0 0 0 0
340	1	0 1 1 1 0 1 0 0 0 0 0 0 1 0 1 0
340	3	1 1 1 1 0 0 0 0 0 1 0 0 0 0 0 1
340	1	1 1 1 1 0 0 0 1 0 1 1 0 0 0 0 0
340	2	1 1 1 1 0 0 0 1 1 1 0 0 0 0 0 0
340	1	0 1 1 1 1 0 0 1 0 0 1 0 0 0 0 0
340	3	1 1 1 1 0 0 0 0 0 1 1 0 0 0 0 0
340	1	1 1 0 1 0 1 0 0 0 1 0 0 0 0 0 0
340	1	0 0 1 1 0 0 0 1 1 1 0 1 0 0 0 0
340	3	0 1 0 1 0 0 0 1 1 1 0 0 1 0 0 0
340	1	0 1 1 1 1 0 0 0 0 0 0 0 0 0 0 1
340	1	1 1 1 1 0 1 0 1 0 1 0 0 0 0 0 0
360	47	0 1 1 1 0 0 0 1 0 1 0 0 0 0 0 0
360	18	0 1 1 1 0 0 0 1 0 0 1 0 0 0 0 0
360	13	0 1 1 1 0 0 0 1 1 0 1 1 0 0 0 0
360	6	0 1 1 1 0 0 1 1 1 0 1 1 0 0 0 0
360	116	0 1 1 1 0 0 0 1 0 1 0 1 0 0 0 0
360	116	1 1 1 1 0 0 0 0 0 1 0 0 0 0 0 0
360	3	1 1 0 1 0 0 0 1 0 1 0 0 0 0 0 1
360	13	1 1 0 1 0 0 0 0 0 1 0 0 0 0 0 0
360	64	0 1 1 1 0 0 0 1 1 1 0 1 0 0 0 0
360	20	0 1 1 1 0 0 0 1 0 0 1 1 0 0 0 0
360	22	0 1 1 1 0 1 0 0 0 1 0 0 0 0 0 0
360	24	0 1 1 1 0 1 0 0 0 0 0 0 0 0 0 0
360	6	1 1 0 1 0 0 0 0 0 0 0 0 0 0 0 0
360	7	0 1 1 1 0 0 0 1 1 0 1 1 0 0 0 1
360	4	0 1 1 1 0 0 0 0 1 0 1 1 0 0 0 0
360	16	0 1 1 1 0 0 0 0 0 1 0 0 0 0 0 0
360	13	1 1 1 1 0 0 0 1 1 0 1 1 0 0 0 0
360	24	0 1 1 1 0 0 0 1 0 1 1 0 0 0 0 0
360	6	1 1 0 1 0 0 0 1 1 1 0 0 0 0 0 0
360	33	1 1 1 1 0 0 1 0 0 1 0 0 0 0 0 0
360	3	1 1 1 1 0 0 0 1 0 1 0 1 0 0 0 1
360	6	0 1 1 1 0 0 0 0 0 1 0 0 0 0 0 1
360	4	1 1 0 1 0 0 0 1 0 0 0 0 0 0 0 0
360	15	1 1 1 1 0 0 0 0 0 1 0 0 0 0 1 0
360	4	0 1 0 1 0 0 0 1 0 0 0 0 0 0 0 0
360	10	0 1 1 1 0 0 0 0 0 0 0 0 0 0 0 0
360	11	0 1 1 1 0 0 0 1 1 0 0 1 0 0 0 0
360	23	1 1 1 1 0 0 0 1 0 1 0 0 0 0 0 0
360	4	0 1 1 1 0 1 0 1 0 1 0 1 0 0 0 0
360	3	1 1 1 1 0 0 0 0 0 0 0 1 0 1 1 1
360	6	0 1 0 1 0 0 0 1 0 1 0 0 0 0 0 0
360	13	1 1 1 1 0 1 0 0 0 0 1 1 0 0 0 0
360	14	0 1 1 0 0 0 0 0 0 1 0 0 0 0 0 0
360	2	1 1 0 1 0 0 0 1 0 1 0 0 0 0 0 0
360	5	1 1 1 1 0 1 0 0 0 0 1 0 0 0 0 0
360	45	1 1 1 1 0 0 0 0 0 1 0 0 0 0 0 1
360	1	1 1 0 1 0 1 0 1 1 1 0 0 0 0 0 0
360	1	0 1 0 1 0 0 0 0 0 1 0 0 0 0 0 0
360	18	1 1 1 0 0 0 0 0 0 1 0 0 0 0 0 0
360	11	0 0 1 1 0 0 0 0 0 1 0 0 0 0 0 0
360	14	1 1 1 1 0 0 0 1 1 1 0 0 0 0 0 1
360	3	0 1 1 1 0 0 0 1 0 0 1 0 0 1 0 0
360	23	1 1 1 1 0 0 0 0 0 0 0 0 0 0 0 0
360	9	0 1 1 1 0 0 0 1 1 1 0 1 0 0 0 1
360	7	0 1 1 1 0 0 0 0 0 0 0 0 0 0 1 0
360	7	1 1 1 1 0 0 0 0 1 0 1 1 0 0 0 1
360	16	1 1 1 1 0 0 0 1 0 1 0 0 0 0 1 0
360	4	0 1 1 1 0 0 0 1 0 1 1 1 0 0 0 0
360	20	1 1 0 1 0 0 0 0 0 0 1 0 0 0 0 0
360	6	1 1 0 1 0 0 0 0 0 1 0 0 0 1 0 1
360	3	1 1 1 1 0 0 0 1 1 0 1 1 0 0 0 1
360	3	0 1 1 1 0 0 0 1 1 1 0 0 0 0 0 0
360	2	0 1 1 1 0 0 1 0 0 1 0 0 0 0 0 0
360	7	0 1 1 1 0 0 0 1 1 0 1 1 1 0 0 0
360	1	1 1 1 0 0 1 0 0 0 0 1 1 0 0 0 0
360	2	1 1 1 1 0 0 0 0 0 1 0 0 0 1 0 0
360	2	0 1 1 1 0 0 0 0 0 1 0 0 0 1 0 0
360	2	0 1 1 1 0 0 0 1 1 1 0 1 1 0 0 1
360	6	1 1 1 1 0 0 0 0 1 1 0 0 0 0 0 0
360	9	1 1 1 0 0 0 0 0 1 1 0 0 0 0 0 0
360	9	1 1 1 1 0 0 0 0 0 1 0 1 0 0 0 0
360	1	0 1 1 0 0 0 0 1 0 1 0 1 0 0 0 0
360	10	0 0 1 1 0 0 0 1 1 1 0 1 0 0 0 0
360	7	0 1 1 1 0 0 0 1 1 0 1 1 0 0 1 0
360	3	1 1 0 1 1 0 0 0 0 1 0 0 0 0 0 0
360	5	0 1 1 0 0 0 0 1 0 1 0 0 0 0 0 0
360	1	0 1 1 0 0 0 0 1 0 0 1 0 0 0 0 0
360	1	1 1 1 1 0 0 0 1 0 1 0 0 1 0 1 0
360	1	0 1 1 1 0 0 0 1 1 0 0 1 1 0 0 1
360	5	1 1 1 1 0 0 0 1 0 1 0 1 0 0 0 0
360	3	1 1 0 1 0 0 0 1 0 1 0 1 0 0 0 0
360	3	0 1 1 1 0 0 0 1 0 1 0 1 0 0 0 1
360	5	1 1 0 0 0 0 0 0 0 1 0 0 0 0 0 0
360	1	0 1 1 1 0 0 0 1 1 1 0 1 1 0 0 0
360	5	1 1 0 1 0 0 0 0 0 1 0 0 0 0 1 0
360	1	0 1 1 0 0 0 0 0 0 1 0 0 1 0 0 0
360	2	1 1 1 1 0 0 0 0 0 0 0 1 0 0 0 0
360	3	1 1 1 1 0 0 0 0 0 1 1 0 0 0 0 0
360	1	0 1 1 1 0 0 1 1 0 1 0 1 0 0 0 0
360	1	0 0 1 1 0 0 0 1 0 1 0 1 0 0 0 0
360	1	1 1 1 1 0 0 0 0 0 1 0 0 1 0 0 0
360	1	1 1 0 1 0 0 0 1 1 1 0 0 0 0 0 1
360	1	0 1 0 1 0 0 0 1 1 1 0 1 0 0 0 0
360	2	1 1 1 1 0 0 1 0 0 1 0 0 0 1 0 0
360	1	1 1 1 1 0 0 0 0 0 1 0 0 0 0 1 1
360	2	1 1 1 0 0 0 0 0 0 1 0 0 0 1 0 0
360	1	1 1 0 1 0 0 0 0 0 0 1 0 0 0 1 0
360	2	1 1 0 1 0 0 0 0 0 0 1 0 1 0 0 0
360	1	0 1 1 1 0 0 0 0 0 1 0 0 1 1 0 0
360	4	0 1 0 0 0 0 0 1 0 1 0 0 0 0 0 0
380	66	0 1 1 1 0 0 0 1 0 1 0 0 0 0 0 0
380	92	0 1 1 1 0 0 0 1 0 1 0 1 0 0 0 0
380	83	1 1 1 1 0 0 0 0 0 1 0 0 0 0 0 0
380	7	1 1 0 1 0 0 0 0 0 1 0 0 0 0 0 0
380	62	0 1 1 1 0 0 0 1 1 1 0 1 0 0 0 0
380	7	0 1 1 1 0 0 0 1 0 0 1 1 0 0 0 0
380	11	0 1 1 1 0 1 0 0 0 1 0 0 0 0 0 0
380	1	0 1 1 1 0 1 0 0 0 0 0 0 0 0 0 0
380	9	0 1 1 1 0 0 0 0 0 1 0 0 0 0 0 0
380	43	1 1 1 1 0 0 0 1 1 0 1 1 0 0 0 0
380	26	1 1 0 1 0 0 0 1 1 1 0 0 0 0 0 0
380	2	1 1 0 1 0 0 0 1 0 0 0 0 0 0 0 0
380	7	1 1 1 1 0 0 0 0 0 1 0 0 0 0 1 0
380	1	0 1 1 1 0 0 0 1 1 0 0 1 0 0 0 0
380	20	1 1 1 1 0 0 0 1 0 1 0 0 0 0 0 0
380	3	0 1 0 1 0 0 0 1 0 1 0 0 0 0 0 0
380	55	1 1 1 1 0 1 0 0 0 0 1 1 0 0 0 0
380	12	0 1 1 0 0 0 0 0 0 1 0 0 0 0 0 0
380	23	1 1 0 1 0 0 0 1 0 1 0 0 0 0 0 0
380	21	1 1 1 1 0 0 0 0 0 1 0 0 0 0 0 1
380	21	1 1 1 0 0 0 0 0 0 1 0 0 0 0 0 0
380	6	1 1 1 1 0 0 0 1 1 1 0 0 0 0 0 1
380	28	1 1 1 1 0 0 0 0 0 0 0 0 0 0 0 0
380	3	1 1 1 1 0 0 0 1 0 1 0 0 0 0 1 0
380	20	1 1 0 1 0 0 0 0 0 0 1 0 0 0 0 0
380	68	0 1 1 1 0 0 0 1 1 1 0 0 0 0 0 0
380	17	0 1 1 1 0 0 1 0 0 1 0 0 0 0 0 0
380	5	0 1 1 1 0 0 0 1 1 1 0 1 1 0 0 1
380	3	1 1 1 1 0 0 0 0 1 1 0 0 0 0 0 0
380	9	0 1 1 1 0 0 0 1 0 1 0 1 0 0 0 1
380	18	1 1 1 1 0 0 0 0 0 0 0 1 0 0 0 0
380	26	1 1 1 1 0 0 0 0 0 1 1 0 0 0 0 0
380	1	1 1 1 1 0 0 1 0 0 1 0 0 0 1 0 0
380	13	0 0 1 1 0 0 0 1 0 1 0 0 0 0 0 0
380	5	1 1 1 1 0 0 0 1 0 1 1 0 0 0 0 0
380	11	1 1 1 1 0 0 0 0 0 0 1 1 0 0 0 0
380	23	1 1 1 1 1 0 0 1 0 1 0 1 0 0 0 0
380	10	0 1 1 1 0 0 0 0 0 1 0 1 0 0 0 1
380	8	1 1 1 1 0 1 0 0 0 1 0 0 0 0 0 0
380	9	0 1 1 1 0 0 1 0 0 1 0 0 0 1 0 0
380	1	1 1 1 0 0 0 0 1 0 1 0 0 0 0 0 0
380	3	1 1 1 1 0 0 0 0 0 1 0 0 0 1 1 0
380	12	0 1 1 0 0 1 0 0 0 1 0 0 0 0 0 0
380	4	1 1 0 0 0 0 0 1 1 1 0 0 0 0 0 0
380	18	0 1 1 1 0 0 0 1 0 1 0 0 0 0 1 0
380	9	0 1 1 1 1 0 0 1 0 1 0 1 0 0 0 0
380	1	1 1 0 0 0 0 0 0 1 1 0 0 0 0 0 0
380	11	0 1 1 1 0 0 0 1 1 1 1 1 0 0 0 0
380	1	1 1 1 1 0 0 1 0 1 1 0 1 0 0 0 0
380	3	1 1 1 1 1 0 0 0 0 1 0 1 0 0 0 0
380	1	1 0 1 1 0 0 0 0 0 1 0 0 0 0 0 0
380	12	0 1 1 1 0 1 0 1 0 1 0 0 0 0 0 0
380	3	1 1 0 1 0 0 0 1 0 1 0 1 0 0 0 0
380	3	1 0 1 1 0 0 0 1 1 0 1 1 0 0 0 0
380	4	1 1 1 1 1 0 0 1 0 1 0 0 0 0 0 0
380	2	1 1 0 0 0 0 0 0 0 1 0 0 0 0 0 0
380	3	0 1 1 1 0 0 0 1 1 0 1 1 0 0 0 0
380	5	1 1 1 1 0 0 0 1 1 1 0 1 0 0 0 0
380	6	0 0 1 1 0 0 0 1 0 0 0 0 0 0 0 0
380	6	1 1 1 1 0 0 0 1 0 1 0 1 0 0 0 0
380	2	0 1 1 1 0 0 0 1 0 1 0 1 1 0 0 0
380	3	0 0 1 1 0 0 0 1 1 1 0 1 0 0 0 0
380	5	0 1 1 1 0 0 0 1 1 1 0 1 1 0 0 0
380	1	0 1 1 1 0 1 0 0 0 1 0 1 0 0 0 0
380	3	0 1 1 1 0 0 0 1 1 1 0 0 0 0 1 0
380	2	1 0 0 1 0 0 0 1 1 0 0 0 0 0 0 0
380	1	1 1 0 1 0 0 0 1 0 1 0 0 0 1 0 0
380	2	1 1 1 1 0 0 0 1 0 1 0 0 0 0 1 1
380	1	1 1 1 1 0 0 1 0 0 0 0 1 0 0 0 0
380	1	0 0 1 1 0 0 0 0 0 1 0 1 0 0 0 1
380	2	0 0 1 1 0 0 0 1 1 1 0 0 0 0 0 0
380	3	0 1 1 1 0 0 0 1 1 1 0 0 0 1 0 0
380	2	1 1 0 1 1 0 0 1 0 1 0 1 0 0 0 0
380	2	0 1 1 1 0 0 1 0 0 1 0 0 1 1 0 0
380	2	0 0 1 1 0 0 0 1 1 0 0 0 0 0 0 0
380	1	0 1 1 1 0 0 0 1 1 1 0 0 0 0 0 1
380	1	0 1 0 1 0 0 0 1 0 0 1 1 0 0 0 0
380	2	0 1 1 0 0 0 0 1 0 0 1 1 0 0 0 0
380	1	1 1 0 0 1 0 0 0 1 1 0 0 0 0 0 0
400	55	0 1 1 1 0 0 0 1 0 1 0 0 0 0 0 0
400	35	0 1 1 1 0 0 0 1 0 1 0 1 0 0 0 0
400	64	1 1 1 1 0 0 0 0 0 1 0 0 0 0 0 0
400	10	1 1 0 1 0 0 0 0 0 1 0 0 0 0 0 0
400	38	0 1 1 1 0 0 0 1 1 1 0 1 0 0 0 0
400	4	0 1 1 1 0 1 0 0 0 1 0 0 0 0 0 0
400	10	0 1 1 1 0 0 0 0 0 1 0 0 0 0 0 0
400	68	1 1 1 1 0 0 0 1 1 0 1 1 0 0 0 0
400	7	1 1 0 1 0 0 0 1 1 1 0 0 0 0 0 0
400	2	1 1 0 1 0 0 0 1 0 0 0 0 0 0 0 0
400	10	1 1 1 1 0 0 0 0 0 1 0 0 0 0 1 0
400	28	1 1 1 1 0 0 0 1 0 1 0 0 0 0 0 0
400	68	1 1 1 1 0 1 0 0 0 0 1 1 0 0 0 0
400	10	1 1 0 1 0 0 0 1 0 1 0 0 0 0 0 0
400	60	1 1 1 1 0 0 0 0 0 0 0 0 0 0 0 0
400	7	1 1 0 1 0 0 0 0 0 0 1 0 0 0 0 0
400	22	0 1 1 1 0 0 0 1 1 1 0 0 0 0 0 0
400	11	0 1 1 1 0 0 1 0 0 1 0 0 0 0 0 0
400	3	1 1 1 1 0 0 0 0 0 0 0 1 0 0 0 0
400	16	0 0 1 1 0 0 0 1 0 1 0 0 0 0 0 0
400	60	1 1 1 1 0 0 0 0 0 0 1 1 0 0 0 0
400	43	1 1 1 1 1 0 0 1 0 1 0 1 0 0 0 0
400	18	0 1 1 1 0 0 1 0 0 1 0 0 0 1 0 0
400	8	0 1 1 0 0 1 0 0 0 1 0 0 0 0 0 0
400	9	0 1 1 1 0 0 0 1 0 1 0 0 0 0 1 0
400	1	1 1 1 1 0 0 0 1 0 1 0 1 0 0 0 0
400	18	1 0 0 1 0 0 0 1 1 0 0 0 0 0 0 0
400	2	1 1 0 0 1 0 0 0 1 1 0 0 0 0 0 0
400	1	0 1 1 1 0 0 1 1 0 1 0 0 0 0 0 0
400	2	0 1 1 1 0 0 0 1 0 0 0 1 0 0 0 0
400	7	1 1 1 1 0 0 0 0 0 1 0 1 0 0 0 0
400	12	1 1 1 1 0 1 0 1 0 0 1 1 0 0 0 0
400	25	0 1 1 1 0 0 0 1 0 1 0 1 0 0 1 0
400	8	1 1 0 1 0 0 0 1 0 1 0 1 0 0 0 0
400	3	1 1 0 1 0 0 0 1 0 0 1 0 0 0 0 0
400	6	0 0 1 1 0 0 0 1 0 1 0 0 0 0 1 0
400	15	1 1 1 1 1 0 0 0 0 1 0 0 0 0 0 0
400	2	0 1 1 1 0 1 0 1 0 1 0 1 0 0 0 0
400	8	0 1 1 1 0 0 0 0 0 1 0 0 0 0 1 0
400	7	1 1 1 1 0 0 0 0 0 0 1 0 0 0 0 0
400	6	1 1 1 1 1 0 0 1 1 1 0 0 0 0 0 0
400	15	1 1 0 1 0 0 0 0 0 0 0 0 0 0 0 0
400	7	1 0 1 1 0 0 0 0 0 0 0 0 0 0 0 0
400	11	0 1 1 1 0 0 0 0 0 1 0 1 0 0 0 0
400	4	1 1 0 1 0 0 0 1 0 0 1 1 0 0 0 0
400	3	0 1 1 1 0 0 1 1 0 1 0 1 0 0 0 0
400	7	0 1 1 1 0 1 0 1 1 1 0 1 0 0 0 0
400	5	0 1 1 1 0 0 0 0 0 0 0 0 0 0 0 0
400	15	1 1 1 1 0 0 0 0 0 0 0 0 1 0 0 0
400	6	0 1 0 1 0 0 1 0 0 1 0 0 0 1 0 0
400	12	0 1 1 1 1 0 0 0 0 1 0 0 0 0 0 0
400	3	0 1 1 1 1 0 0 1 0 1 0 0 0 0 0 0
400	4	0 0 1 1 0 0 0 0 1 1 0 0 0 0 0 0
400	4	1 1 1 1 1 0 0 0 0 1 0 0 0 0 1 0
400	4	1 1 1 1 0 0 0 1 0 0 1 0 0 1 0 0
400	3	0 1 1 1 0 0 0 1 0 1 0 0 1 0 0 0
400	4	0 0 1 1 0 0 0 1 0 0 0 0 0 0 0 0
400	6	0 1 1 1 1 1 0 1 1 1 0 1 0 0 0 0
400	5	1 1 0 1 0 0 0 0 1 1 0 0 0 0 0 0
400	3	1 1 0 1 0 0 0 1 0 1 0 0 0 0 0 1
400	2	1 1 1 1 1 0 0 0 0 0 0 0 0 0 0 0
400	7	0 1 1 1 1 0 1 1 0 1 0 0 0 0 0 0
400	1	0 0 1 1 0 0 0 1 0 1 0 1 0 0 1 0
400	4	0 1 1 1 0 0 1 1 1 0 0 1 0 0 0 0
400	2	0 1 1 0 0 0 0 1 0 1 0 1 0 0 0 0
400	5	0 1 0 1 0 0 0 1 0 1 0 1 0 0 0 0
400	7	1 1 1 1 0 1 0 1 0 1 0 0 0 0 0 0
400	3	0 1 1 1 1 0 0 1 0 1 0 1 0 0 0 1
400	2	1 1 1 1 0 0 1 0 0 1 0 0 0 1 0 0
400	1	1 1 0 1 0 1 0 0 0 0 1 1 0 0 0 0
400	1	1 1 0 1 0 0 0 0 0 0 1 1 0 0 0 0
400	3	1 0 0 1 0 0 0 1 1 0 1 0 0 0 0 0
400	9	1 1 1 1 0 0 0 0 0 1 0 1 0 0 1 0
400	4	0 1 1 1 0 0 1 1 1 1 0 1 0 0 0 0
400	2	0 1 1 1 0 0 0 1 1 0 1 1 0 0 0 0
400	2	1 1 1 1 0 0 0 1 1 0 1 1 0 1 0 0
400	1	1 1 1 1 0 1 0 0 0 1 1 1 0 0 0 0
400	1	1 1 1 1 0 1 1 0 0 0 1 1 0 0 0 0
400	2	1 1 0 1 0 0 0 1 0 1 1 0 0 0 0 0
400	2	0 1 1 0 0 0 0 1 0 1 0 0 0 0 1 0
400	2	0 1 1 1 0 0 0 1 0 0 0 1 1 0 0 0
400	2	0 1 1 1 0 0 0 1 0 1 0 1 0 0 1 1
400	2	1 1 1 0 0 0 0 1 0 1 0 1 0 0 0 0
400	1	0 1 1 1 0 1 0 0 0 0 1 1 0 0 0 0
400	1	1 1 0 1 0 0 0 0 0 0 1 0 1 0 0 0
400	3	0 0 1 1 0 0 1 0 0 1 0 0 0 0 0 0
400	1	0 1 0 1 0 0 0 1 0 0 1 1 0 0 0 0
400	2	0 1 1 1 0 0 0 0 0 0 0 0 1 0 0 0
400	2	1 1 1 0 0 0 0 0 0 0 0 0 1 0 0 0
400	1	1 1 1 1 0 0 1 1 0 1 0 0 0 0 0 0
400	1	1 1 0 1 0 0 0 1 1 0 0 0 0 0 0 0
400	2	0 1 1 1 0 0 0 1 0 1 0 1 0 0 0 1
400	2	1 1 1 1 0 0 0 0 0 0 1 1 0 0 1 0
400	1	0 1 0 1 0 0 0 1 1 1 0 1 0 0 0 0
400	2	1 1 1 1 0 0 0 1 1 0 1 0 0 0 0 0
400	1	1 0 0 1 0 0 0 1 1 1 0 0 0 0 0 0
400	1	1 1 1 1 0 1 0 0 0 0 1 1 0 1 0 0
400	1	0 1 0 1 0 0 0 1 0 0 0 1 0 0 0 0
400	1	1 1 1 1 0 0 0 0 0 1 0 1 1 0 0 0
