0	250	0 0 0 0 0 0 0 0 0 0 0 1 0 0 0 0
0	250	0 1 1 1 0 0 0 0 1 0 1 1 0 1 0 0
0	250	0 0 0 0 1 0 0 1 0 1 0 0 0 0 1 1
0	250	0 0 0 1 0 0 0 1 0 1 0 1 0 0 0 0
8	100	0 0 0 0 0 0 0 0 0 0 0 1 0 0 0 0
8	274	0 1 1 1 0 0 0 0 1 0 1 1 0 1 0 0
8	143	0 0 0 0 1 0 0 1 0 1 0 0 0 0 1 1
8	275	0 0 0 1 0 0 0 1 0 1 0 1 0 0 0 0
8	7	0 1 1 1 0 0 0 0 1 0 1 1 0 0 0 0
8	11	0 0 0 1 0 0 0 1 0 0 0 1 0 0 0 0
8	1	0 1 1 1 0 0 0 0 0 0 1 1 0 1 0 0
8	4	1 0 0 0 1 0 0 1 0 1 0 0 0 0 1 1
8	10	0 0 0 0 0 0 0 1 0 1 0 0 0 0 1 1
8	10	0 0 0 1 0 0 0 0 1 0 1 1 0 1 0 0
8	8	0 0 0 1 0 0 0 1 0 1 0 0 0 0 1 1
8	5	0 0 0 1 0 0 0 0 0 0 0 1 0 0 0 0
8	2	0 0 0 0 1 0 0 1 0 1 0 0 0 1 1 1
8	7	0 0 0 0 1 0 0 1 1 1 0 0 0 0 1 1
8	3	0 0 0 0 0 0 0 1 0 1 0 1 0 0 0 0
8	15	0 0 0 1 0 0 0 1 0 1 1 1 0 0 0 0
8	6	0 0 0 1 0 0 0 1 0 1 0 1 0 0 1 0
8	6	0 1 1 1 0 0 0 0 1 1 1 1 0 1 0 0
8	2	0 1 1 1 1 0 0 0 1 0 1 1 0 1 0 0
8	11	0 1 0 1 0 0 0 0 1 0 1 1 0 1 0 0
8	7	0 1 1 0 0 0 0 0 1 0 1 1 0 1 0 0
8	6	0 0 1 1 0 0 0 1 0 1 0 1 0 0 0 0
8	1	0 0 1 0 0 0 0 0 0 0 0 1 0 0 0 0
8	2	0 1 1 1 0 0 0 0 1 0 1 1 0 1 1 0
8	1	0 1 1 1 0 0 0 0 1 0 1 1 0 1 0 1
8	2	0 0 0 1 1 0 0 1 0 1 0 0 0 0 1 1
8	1	0 0 0 1 0 0 1 1 0 1 0 1 0 0 0 0
8	1	0 0 0 0 0 0 0 0 0 0 0 1 0 1 0 0
8	7	0 1 1 1 0 0 0 0 1 0 0 1 0 0 0 0
8	4	0 1 1 1 0 0 0 0 1 0 0 1 0 1 0 0
8	7	0 1 1 1 0 1 0 0 1 0 1 1 0 1 0 0
8	2	0 0 0 0 1 0 0 1 0 1 0 1 0 0 1 1
8	3	0 0 0 0 1 0 0 1 0 1 0 0 0 0 1 0
8	5	0 0 0 1 0 0 0 1 0 1 0 1 1 0 0 0
8	4	1 0 0 0 0 0 0 1 0 1 0 0 0 0 1 1
8	1	0 1 1 1 0 0 0 0 0 0 0 1 0 0 0 0
8	1	0 0 0 0 0 0 0 0 0 0 0 1 0 0 0 1
8	4	0 0 0 0 0 0 0 0 0 1 0 1 0 0 0 0
8	2	0 1 0 0 0 0 0 0 0 0 0 1 0 0 0 0
8	3	0 0 0 0 1 0 0 1 0 1 0 0 1 0 1 1
8	4	0 0 0 1 0 1 0 1 0 1 0 1 0 0 0 0
8	1	0 0 0 0 0 0 0 1 0 1 0 1 0 0 1 0
8	4	0 0 0 0 0 0 1 0 0 0 0 1 0 0 0 0
8	7	0 1 1 1 0 0 0 0 1 0 1 0 0 1 0 0
8	1	0 0 0 0 0 0 0 0 1 0 1 1 0 1 0 0
8	1	0 1 1 1 0 0 0 1 0 1 0 1 0 0 0 0
8	2	0 1 1 1 0 0 0 0 1 1 0 1 0 0 0 0
8	2	0 0 0 0 1 0 0 0 1 0 1 1 0 1 0 0
8	1	0 0 0 1 0 0 0 1 0 1 0 1 0 0 1 1
8	2	0 0 1 1 0 0 0 0 1 0 1 1 0 1 0 0
8	2	0 0 0 0 1 0 0 1 0 0 0 0 0 0 1 1
8	3	0 0 0 0 1 0 0 1 0 1 1 0 0 0 1 1
8	1	0 0 0 0 0 0 0 0 0 1 0 0 0 0 1 1
8	1	0 0 0 1 0 0 0 1 0 1 1 0 0 0 0 0
8	2	0 1 0 1 0 0 1 0 1 0 1 1 0 1 0 0
8	2	0 1 0 0 0 0 0 0 1 0 0 1 0 0 0 0
45	201	0 1 1 1 0 0 0 0 1 0 1 1 0 1 0 0
45	68	0 0 0 0 1 0 0 1 0 1 0 0 0 0 1 1
45	158	0 0 0 1 0 0 0 1 0 1 0 1 0 0 0 0
45	17	0 1 1 1 0 0 0 0 1 0 1 1 0 0 0 0
45	8	0 1 1 1 0 0 0 0 1 1 1 1 0 1 0 0
45	48	0 1 1 1 1 0 0 0 1 0 1 1 0 1 0 0
45	6	0 0 1 1 0 0 0 1 0 1 0 1 0 0 0 0
45	2	0 1 1 1 0 0 0 0 1 0 1 1 0 1 1 0
45	52	0 1 1 1 0 0 0 0 1 0 0 1 0 0 0 0
45	13	0 0 0 0 1 0 0 1 0 1 0 0 0 0 1 0
45	3	0 1 0 0 0 0 0 0 0 0 0 1 0 0 0 0
45	11	0 0 0 0 1 0 0 1 0 1 0 0 0 1 0 0
45	9	0 1 1 1 0 0 0 0 0 1 0 1 0 0 0 0
45	11	0 0 0 1 1 0 0 1 0 1 0 1 0 0 0 0
45	23	0 1 1 1 0 0 0 1 1 0 1 1 0 1 0 0
45	66	0 1 1 1 0 0 0 1 0 1 0 1 0 0 0 0
45	7	0 0 0 1 0 0 0 1 0 1 0 0 0 0 0 0
45	12	0 1 0 1 0 0 0 1 0 1 1 1 0 0 0 0
45	3	1 1 1 1 0 0 0 0 1 0 1 1 0 1 0 0
45	9	0 0 0 1 0 0 0 0 0 1 0 1 0 0 0 0
45	6	0 1 1 0 0 0 0 0 1 0 0 1 0 0 0 0
45	2	0 1 1 1 0 0 1 0 1 0 1 1 0 1 0 0
45	20	1 1 1 1 0 0 0 1 1 0 1 1 0 1 0 0
45	8	0 0 0 1 0 0 0 1 0 1 1 1 1 0 0 0
45	8	0 1 1 1 0 0 0 0 0 1 0 0 0 0 0 1
45	9	0 1 0 0 1 0 0 1 0 1 0 0 0 0 0 1
45	3	1 0 0 0 1 0 0 1 0 1 0 0 0 0 1 1
45	7	0 1 0 0 1 0 0 1 0 1 0 1 0 0 0 0
45	37	1 1 1 1 0 1 0 0 1 0 1 1 0 0 0 0
45	7	0 0 0 0 0 0 0 1 0 1 1 1 0 0 0 0
45	1	0 1 1 1 0 0 0 0 1 0 1 1 0 0 0 1
45	4	0 0 0 0 1 0 0 0 1 1 0 0 0 0 1 1
45	15	0 1 1 1 1 0 0 1 1 0 1 1 0 1 0 0
45	6	0 0 0 0 1 0 0 1 0 1 1 0 0 0 1 1
45	1	0 0 0 1 0 0 0 1 1 1 0 1 0 0 0 0
45	4	0 1 0 1 0 0 0 1 0 1 1 1 0 1 0 0
45	6	0 0 0 1 0 0 0 0 1 0 1 1 0 1 0 0
45	5	0 1 1 1 0 0 0 0 1 0 0 1 0 0 1 0
45	9	0 0 0 0 1 0 0 0 0 1 0 0 0 1 0 0
45	3	0 1 1 1 1 0 0 0 1 0 0 1 0 0 0 0
45	2	0 0 0 1 0 0 0 1 0 1 0 1 1 0 0 0
45	6	0 0 0 1 0 0 0 1 0 1 0 1 0 0 1 1
45	3	0 0 0 1 1 0 0 1 0 1 0 1 0 0 0 1
45	8	0 1 1 1 1 1 0 0 1 0 1 1 0 1 0 0
45	9	0 1 1 1 0 0 0 0 1 0 1 1 0 0 1 0
45	6	0 0 0 1 0 0 0 0 1 1 0 1 0 0 0 0
45	1	0 1 1 1 0 0 0 1 0 1 0 1 0 1 0 1
45	1	0 0 0 0 1 0 0 1 0 1 0 0 0 0 0 0
45	1	0 0 0 1 1 0 0 0 1 0 1 1 0 1 0 0
45	3	0 0 0 1 0 0 0 1 1 0 1 1 0 0 0 0
45	2	0 0 1 1 0 0 0 1 0 1 0 0 0 0 1 1
45	2	0 1 1 0 1 0 0 1 0 1 0 0 0 0 1 1
45	5	0 1 1 1 1 0 0 1 1 0 1 1 0 0 1 1
45	2	0 1 0 1 1 0 0 1 0 1 0 1 0 0 0 0
45	5	0 1 1 1 0 0 0 1 0 1 0 1 1 0 0 0
45	4	0 1 1 1 0 0 0 1 0 1 1 1 0 0 0 0
45	11	0 1 0 1 0 0 0 1 0 1 0 1 0 0 0 0
45	7	0 0 1 1 0 0 0 0 1 0 0 1 0 0 0 0
45	2	1 1 1 1 0 0 0 1 0 1 0 1 0 0 0 0
45	6	0 1 1 0 0 0 0 0 1 0 1 1 0 1 0 0
45	1	1 0 0 0 1 0 0 0 0 1 0 0 0 1 0 0
45	4	1 1 1 1 0 1 0 0 1 0 1 1 0 0 0 1
45	2	0 1 1 0 0 1 0 0 1 0 0 1 0 0 0 0
45	4	0 0 0 1 0 0 0 1 0 1 0 1 0 0 0 1
45	1	0 1 1 1 1 0 0 1 0 1 0 1 0 0 0 0
45	1	0 0 0 0 1 0 0 1 0 1 1 0 0 0 0 1
45	1	0 1 1 1 0 1 0 0 1 0 1 1 0 1 0 0
45	1	0 1 1 1 0 0 0 0 0 0 0 1 0 0 0 0
45	3	1 1 1 1 0 1 0 0 1 0 1 1 0 1 0 0
45	2	0 1 1 1 1 0 0 1 1 1 0 1 0 0 0 0
45	1	0 0 0 0 0 0 0 1 0 1 0 0 0 0 1 1
45	1	1 0 0 1 0 0 0 1 0 1 0 1 0 0 0 0
45	1	0 1 1 1 0 1 0 0 0 1 0 1 0 0 0 0
45	2	0 1 0 1 0 0 0 1 0 0 1 1 0 1 0 0
45	1	0 0 1 1 0 0 0 1 0 1 0 1 0 0 1 1
85	176	0 1 1 1 0 0 0 0 1 0 1 1 0 1 0 0
85	9	0 0 0 1 0 0 0 1 0 1 0 1 0 0 0 0
85	1	0 1 1 1 0 0 0 0 1 0 1 1 0 0 0 0
85	9	0 1 1 1 0 0 0 0 1 1 1 1 0 1 0 0
85	89	0 1 1 1 0 0 0 0 1 0 0 1 0 0 0 0
85	24	0 1 1 1 0 0 0 1 1 0 1 1 0 1 0 0
85	77	0 1 1 1 0 0 0 1 0 1 0 1 0 0 0 0
85	1	0 0 0 1 0 0 0 1 0 1 0 0 0 0 0 0
85	11	1 1 1 1 0 0 0 0 1 0 1 1 0 1 0 0
85	29	1 1 1 1 0 0 0 1 1 0 1 1 0 1 0 0
85	23	1 1 1 1 0 1 0 0 1 0 1 1 0 0 0 0
85	4	0 1 1 0 0 0 0 0 1 0 1 1 0 1 0 0
85	15	1 1 1 1 0 1 0 0 1 0 1 1 0 1 0 0
85	22	0 1 1 1 0 0 0 0 1 0 0 1 1 0 0 0
85	64	1 1 1 1 0 1 0 0 1 0 0 1 0 0 0 0
85	3	0 1 0 1 1 0 0 0 1 0 1 1 0 1 0 0
85	43	0 1 1 1 0 0 0 0 1 0 0 1 0 1 0 0
85	16	1 1 1 1 0 0 0 1 1 0 1 1 0 0 0 0
85	13	0 1 1 1 0 0 0 1 1 1 0 0 0 0 1 1
85	15	0 1 1 1 0 1 0 0 1 0 1 1 0 1 0 0
85	19	0 1 0 1 0 0 0 0 1 0 1 1 0 1 0 0
85	1	0 0 0 1 0 0 0 1 0 1 0 1 1 0 0 0
85	2	0 0 0 1 0 0 0 1 0 1 0 1 0 1 0 0
85	13	0 0 0 0 1 0 0 1 0 1 0 0 0 1 0 0
85	4	0 1 1 1 0 0 1 0 1 0 0 1 0 0 0 0
85	2	1 1 1 1 0 0 0 1 1 0 1 1 0 1 0 1
85	10	1 1 1 1 0 0 0 0 1 0 0 1 0 1 0 0
85	4	1 1 1 1 0 1 0 1 1 0 1 1 0 1 0 0
85	7	1 1 1 1 0 0 0 0 1 0 0 1 0 0 0 0
85	7	0 1 1 1 1 0 0 0 1 0 1 1 1 1 1 0
85	1	0 1 1 1 0 0 0 0 1 0 1 1 1 1 0 0
85	19	0 0 1 1 0 0 0 0 1 0 0 1 0 0 0 0
85	12	1 1 1 1 0 1 0 0 1 0 1 1 0 0 1 0
85	5	0 0 0 1 0 1 0 0 0 1 0 1 0 0 0 0
85	2	0 1 1 1 0 0 0 1 1 0 0 1 0 0 0 0
85	12	0 1 1 1 1 0 0 1 0 1 0 1 0 0 0 0
85	10	0 1 1 1 0 0 0 0 1 0 1 1 0 1 0 1
85	24	0 1 1 1 0 1 1 0 1 1 0 1 0 1 0 0
85	3	0 1 0 0 0 0 1 0 0 0 0 1 0 0 0 0
85	8	1 1 1 1 0 1 0 0 1 1 1 1 0 1 0 0
85	5	1 1 1 0 0 1 0 0 1 0 0 1 0 0 0 0
85	1	0 0 0 1 1 0 0 1 1 1 1 1 0 0 0 0
85	4	0 1 1 1 0 0 0 0 1 0 1 0 0 1 0 0
85	3	0 0 0 0 0 0 0 1 0 1 0 1 0 0 0 0
85	3	1 1 1 1 0 1 0 0 1 0 0 1 1 0 0 0
85	8	0 1 0 1 0 0 0 0 1 0 0 1 0 0 0 0
85	8	0 1 1 1 0 0 0 0 1 1 0 1 0 0 0 0
85	3	0 1 0 0 1 0 0 1 0 1 0 0 0 0 1 0
85	24	0 1 1 1 0 0 0 1 0 0 0 1 0 0 0 0
85	15	1 1 1 1 0 0 0 1 0 1 0 1 0 0 0 0
85	2	0 1 1 1 0 0 0 0 1 0 0 0 0 0 0 0
85	8	0 1 1 1 0 0 0 0 1 0 0 0 0 1 0 0
85	4	0 1 1 1 0 0 0 1 0 1 0 1 0 1 0 0
85	3	0 0 1 1 0 0 0 1 0 1 0 1 0 0 0 0
85	1	0 0 1 1 0 0 0 0 1 0 1 1 0 1 0 0
85	3	0 1 1 1 1 0 0 0 1 0 0 1 0 0 0 0
85	6	0 1 1 1 0 1 0 0 1 0 1 1 0 0 0 0
85	1	0 0 1 1 1 0 0 0 1 0 1 1 0 1 0 0
85	2	0 1 0 1 0 0 0 1 0 1 0 1 0 0 0 0
85	3	1 1 1 1 1 0 0 0 1 0 1 1 1 1 1 0
85	1	0 1 1 1 0 0 0 1 1 0 1 1 0 0 0 0
85	7	0 0 0 0 1 0 0 1 1 1 0 0 0 0 1 0
85	1	0 1 1 1 0 0 1 0 1 0 1 1 0 1 0 0
85	13	1 1 1 1 0 0 0 1 1 0 1 0 0 1 0 0
85	1	0 1 1 1 0 0 0 1 0 0 0 1 0 0 0 1
85	1	1 1 1 1 0 1 0 0 1 0 1 1 1 0 0 0
85	7	0 1 1 1 0 1 0 0 1 0 0 1 1 0 0 0
85	5	0 1 1 1 0 0 0 0 0 0 1 1 0 1 0 0
85	4	0 1 1 1 0 0 0 1 0 1 0 1 0 0 1 0
85	3	0 1 1 1 1 0 0 0 1 0 0 1 0 1 0 0
85	2	0 0 0 1 0 1 1 1 0 1 0 1 0 0 0 0
85	2	0 0 1 1 0 0 0 0 1 0 0 1 0 1 0 0
85	5	0 1 1 0 0 0 0 1 0 1 0 1 0 0 0 0
85	2	1 1 1 1 0 1 0 0 1 0 0 1 0 0 1 0
85	1	0 1 0 1 0 0 0 0 0 1 0 1 0 0 0 0
85	1	1 1 1 1 0 1 0 0 1 0 0 1 0 1 0 0
85	1	0 1 1 1 0 0 0 0 1 1 0 1 0 1 0 0
85	3	0 1 1 0 0 0 0 0 1 0 0 1 0 0 0 0
85	1	1 1 1 1 0 0 0 1 1 1 1 1 0 1 0 0
85	1	1 1 1 0 0 0 0 0 1 1 0 1 0 0 0 0
85	2	0 1 1 1 0 0 0 1 1 0 0 1 0 1 0 0
85	2	1 1 0 1 0 1 0 1 1 0 1 1 0 1 0 0
85	1	0 0 1 1 0 1 0 0 0 1 0 1 0 0 0 0
85	4	0 1 1 1 0 1 1 0 1 0 1 1 0 0 0 0
85	1	0 1 1 1 0 0 0 0 1 0 0 1 0 0 0 1
85	1	0 1 1 1 0 0 0 1 0 1 1 1 0 1 0 0
85	1	1 1 1 1 0 0 0 1 1 0 1 1 0 1 1 0
85	1	0 1 1 1 0 0 0 0 1 1 0 1 1 0 0 0
85	1	0 1 0 1 0 0 0 0 1 0 1 1 0 1 0 1
85	1	0 0 0 0 1 0 0 1 0 1 0 0 0 1 1 0
85	3	0 0 1 1 0 0 0 0 1 0 0 1 0 0 0 1
85	4	1 1 1 1 0 1 0 0 1 0 0 1 1 0 1 0
154	28	0 1 1 1 0 0 0 0 1 0 0 1 0 0 0 0
154	75	0 1 1 1 0 0 0 1 0 1 0 1 0 0 0 0
154	23	1 1 1 1 0 0 0 0 1 0 1 1 0 1 0 0
154	59	1 1 1 1 0 1 0 0 1 0 1 1 0 0 0 0
154	2	1 1 1 1 0 1 0 0 1 0 1 1 0 1 0 0
154	8	0 1 1 1 0 0 0 0 1 0 0 1 1 0 0 0
154	3	1 1 1 1 0 1 0 0 1 0 0 1 0 0 0 0
154	73	1 1 1 1 0 0 0 1 1 0 1 1 0 0 0 0
154	53	1 1 1 1 0 0 0 0 1 0 0 1 0 0 0 0
154	3	1 1 1 0 0 1 0 0 1 0 0 1 0 0 0 0
154	22	0 1 1 1 0 0 0 1 0 0 0 1 0 0 0 0
154	59	1 1 1 1 0 0 0 1 0 1 0 1 0 0 0 0
154	53	0 1 1 1 0 0 0 1 1 0 0 1 0 1 0 0
154	7	1 1 1 1 0 0 0 1 1 0 0 0 0 0 1 0
154	1	0 1 1 1 0 0 0 0 1 0 0 1 0 0 0 1
154	19	0 1 1 1 0 0 0 1 0 1 0 1 0 0 0 1
154	2	1 1 1 1 0 0 0 0 1 0 1 0 0 1 0 0
154	22	1 0 1 1 0 1 0 0 1 0 1 1 0 0 0 0
154	2	0 1 1 1 0 1 1 0 1 0 0 1 1 0 0 0
154	8	0 1 1 1 0 0 0 0 0 0 0 1 0 0 0 0
154	12	1 1 1 1 0 1 0 0 0 1 0 1 0 0 0 0
154	26	1 1 1 1 0 0 1 0 1 0 0 1 0 0 0 0
154	2	1 0 1 1 0 1 0 1 0 1 0 1 0 0 0 0
154	18	1 1 1 0 0 1 0 1 1 0 0 1 0 0 0 0
154	23	1 1 1 1 1 1 0 0 1 0 1 1 0 1 0 0
154	1	1 1 1 1 0 0 0 1 1 0 1 1 0 1 0 1
154	4	1 1 1 1 0 0 0 1 0 0 0 1 0 0 0 0
154	44	1 1 1 1 0 1 0 1 0 1 0 1 0 0 0 0
154	55	1 1 1 1 0 0 0 0 1 0 1 1 0 0 0 0
154	1	1 1 1 0 0 1 0 0 1 0 0 1 1 0 0 0
154	3	1 1 1 1 0 0 0 0 0 1 0 1 0 0 0 0
154	3	1 0 1 1 0 1 0 1 0 1 0 1 0 1 0 0
154	16	1 1 1 1 0 1 0 1 1 0 0 0 0 0 1 0
154	8	0 1 1 1 0 0 1 0 1 0 0 1 0 0 0 0
154	22	1 1 1 1 0 1 0 1 1 0 1 1 0 0 0 0
154	2	0 1 1 1 0 0 0 0 0 0 0 1 1 0 0 0
154	22	1 0 1 1 0 1 0 1 0 0 0 1 0 0 0 0
154	9	1 1 1 1 0 0 0 0 1 0 0 0 0 0 0 0
154	4	1 1 1 0 0 1 0 0 1 0 1 1 0 0 0 1
154	3	0 1 1 1 0 0 0 1 1 0 0 0 0 0 1 0
154	9	1 1 1 1 0 1 0 1 1 0 0 0 0 0 0 0
154	18	1 1 1 1 0 0 0 1 1 1 0 1 0 0 0 0
154	7	1 1 1 1 0 0 0 1 0 1 0 1 0 0 0 1
154	3	1 1 1 0 0 1 0 1 0 1 0 1 0 0 0 0
154	8	0 1 1 1 0 0 0 0 1 0 1 1 0 1 0 0
154	12	0 1 1 1 0 0 0 0 1 1 0 1 0 1 0 0
154	7	0 0 1 1 0 0 0 0 1 0 0 1 0 0 0 0
154	2	1 1 1 0 0 0 0 0 1 0 0 1 0 0 0 0
154	4	0 1 1 1 0 0 0 1 0 0 0 1 0 0 1 0
154	2	1 1 1 1 1 1 0 0 0 1 0 1 0 0 0 0
154	4	1 0 1 1 0 1 0 1 0 0 0 1 1 0 0 0
154	7	1 1 1 0 0 1 0 1 0 1 0 0 0 0 0 0
154	6	0 1 1 1 0 0 0 0 1 0 1 1 0 0 0 0
154	2	1 1 1 1 0 0 0 0 1 1 1 1 0 0 0 0
154	4	0 1 1 1 0 0 0 1 0 0 0 1 0 1 0 0
154	2	1 1 1 1 1 0 0 1 0 1 0 1 0 0 0 0
154	1	1 1 0 1 0 1 0 1 1 0 1 1 0 0 0 0
154	2	1 1 1 1 0 0 0 1 1 0 0 0 0 0 0 0
154	2	0 1 1 1 0 1 1 0 1 0 0 1 0 0 0 0
154	3	0 1 1 1 0 0 0 1 1 0 0 1 0 0 0 0
154	1	1 1 1 1 1 0 0 0 1 0 1 1 0 1 0 0
154	4	1 1 1 1 0 0 0 0 1 0 1 1 0 0 1 0
154	1	0 1 1 1 1 0 0 0 0 0 1 1 0 0 0 0
154	6	1 0 1 1 0 1 0 0 1 0 1 1 0 0 0 1
154	1	0 1 1 1 0 0 1 0 1 0 0 1 1 0 0 0
154	12	1 1 0 1 0 0 0 0 1 0 0 0 0 0 0 0
154	2	0 1 1 1 0 0 0 0 1 0 1 1 0 0 1 0
154	2	0 1 1 1 0 1 0 1 0 1 0 1 0 0 0 0
154	4	0 1 0 1 0 0 0 1 0 1 0 1 0 0 0 0
154	2	1 1 1 1 0 0 0 0 1 0 0 1 0 1 0 0
154	2	1 1 1 1 0 0 0 0 0 0 0 1 0 0 0 0
154	1	1 1 1 1 0 0 0 1 0 1 1 1 0 0 0 0
154	3	0 1 1 1 0 0 0 0 1 0 0 1 0 0 1 0
154	5	0 1 1 1 0 0 0 0 1 0 0 0 0 0 0 0
154	2	0 1 1 1 0 0 1 1 0 1 0 1 0 0 0 0
154	3	0 0 1 1 0 0 0 1 0 1 0 1 0 0 0 0
154	2	1 1 1 1 0 0 0 1 0 0 1 1 0 0 0 0
154	2	1 1 1 1 0 0 0 1 0 1 0 1 1 0 0 0
154	2	1 0 1 1 0 0 0 1 0 1 0 1 0 0 0 0
154	3	0 1 1 0 0 0 0 0 1 0 0 1 1 0 1 0
154	1	1 1 1 1 0 0 1 0 1 0 0 1 0 1 0 1
154	1	1 1 1 1 1 1 0 0 1 0 1 1 0 0 0 0
154	3	1 1 1 1 1 1 0 0 0 1 0 1 0 1 0 0
154	10	1 1 1 1 1 0 0 1 1 0 1 1 0 0 0 0
154	2	1 1 1 1 0 0 0 1 0 1 0 1 0 0 1 0
154	7	1 1 1 1 1 1 0 1 1 0 1 1 0 1 0 0
154	3	1 1 1 1 0 0 0 1 1 0 0 1 0 0 0 0
154	2	1 1 1 1 0 1 0 1 0 0 1 1 0 0 0 0
154	1	1 0 1 1 0 1 0 1 0 0 1 1 0 0 0 0
154	1	1 1 1 1 0 0 0 0 1 0 0 1 0 0 0 1
154	1	1 1 1 0 0 0 0 1 0 1 0 1 0 0 0 0
154	1	1 0 1 1 0 1 0 0 1 0 1 1 1 0 0 0
154	1	1 1 1 1 0 0 0 0 0 0 1 1 0 0 0 0
154	1	1 1 1 1 1 0 0 1 0 0 1 1 0 0 0 0
239	68	1 1 1 1 0 1 0 0 1 0 1 1 0 0 0 0
239	19	1 1 1 1 0 0 0 1 0 1 0 1 0 0 0 0
239	47	1 1 1 1 0 0 0 0 1 0 1 1 0 0 0 0
239	76	1 1 1 1 0 0 0 0 1 0 0 0 0 0 0 0
239	11	1 1 1 1 0 0 0 1 0 1 0 1 0 0 0 1
239	3	1 1 0 1 0 1 0 1 1 0 1 1 0 0 0 0
239	66	1 1 1 1 0 0 0 0 1 0 1 1 0 0 0 1
239	14	1 1 1 1 1 0 0 1 0 1 0 1 0 1 0 0
239	13	1 0 1 1 0 1 0 0 1 0 1 0 0 0 0 0
239	25	1 1 1 1 0 0 0 0 0 0 0 0 0 0 0 0
239	52	1 1 1 1 0 0 0 1 1 0 0 0 0 0 0 0
239	26	1 1 1 1 0 1 0 0 0 0 0 0 0 0 0 0
239	20	1 1 1 1 0 0 0 1 0 0 1 1 0 0 0 0
239	38	1 1 1 1 0 0 0 0 1 0 0 0 0 0 0 1
239	21	1 1 1 1 0 0 1 0 1 0 0 0 0 0 0 0
239	10	0 1 1 1 0 0 0 0 1 1 0 1 0 0 0 0
239	49	1 1 1 1 0 1 0 1 1 0 1 1 0 0 0 0
239	7	1 1 1 1 0 1 0 0 1 0 0 0 0 0 0 0
239	9	1 1 1 1 0 1 0 0 1 0 1 1 0 0 0 1
239	4	1 1 1 1 0 1 0 0 1 0 1 1 0 1 0 1
239	18	1 1 1 1 0 0 0 0 1 0 0 0 0 1 0 1
239	55	1 1 1 1 0 0 0 1 0 1 1 1 0 0 0 0
239	3	1 1 1 1 0 1 0 0 1 0 1 1 0 0 1 0
239	7	1 1 1 1 0 1 0 1 0 0 1 1 0 0 0 0
239	33	1 1 1 1 0 0 0 0 0 0 0 1 0 0 0 0
239	5	1 1 1 1 0 1 1 0 1 0 1 1 0 0 1 0
239	11	1 1 1 1 0 0 0 1 0 1 0 0 0 0 0 0
239	1	1 1 1 1 0 0 0 1 1 0 1 1 0 0 0 0
239	2	1 1 1 1 0 1 0 0 1 1 1 1 0 0 0 1
239	10	1 1 1 1 0 0 0 0 1 0 1 0 0 0 0 1
239	18	1 1 1 1 0 0 0 0 1 0 1 1 0 0 1 0
239	1	1 1 1 1 0 1 0 0 1 1 1 1 0 0 0 0
239	11	1 1 0 0 0 1 0 1 1 0 1 1 0 0 0 0
239	26	1 1 1 1 0 0 0 0 1 0 0 0 0 1 0 0
239	1	1 1 1 0 0 0 0 0 1 0 0 0 0 0 0 1
239	17	1 1 1 1 0 0 0 0 0 0 0 0 0 0 0 1
239	2	1 1 1 1 1 0 1 0 1 0 0 0 0 0 0 0
239	8	1 1 1 1 0 0 0 1 0 1 0 1 1 0 0 0
239	21	1 1 1 0 1 0 0 1 0 1 0 1 0 0 1 0
239	12	1 1 1 0 0 0 0 1 1 0 1 1 0 0 0 0
239	2	1 1 1 1 1 0 0 0 1 0 1 1 0 0 0 1
239	12	1 1 1 1 0 1 0 0 1 0 0 1 0 0 0 0
239	4	1 1 1 1 0 0 1 1 1 0 0 0 0 0 0 0
239	3	1 1 1 1 0 1 0 0 1 0 1 0 0 0 0 0
239	8	1 1 1 1 0 1 0 0 1 0 0 1 0 0 0 1
239	3	1 1 1 0 1 0 0 1 0 1 1 1 0 0 0 0
239	4	1 1 1 1 0 0 0 0 0 1 0 1 0 0 0 0
239	8	1 1 1 1 1 1 0 1 1 0 1 1 0 0 0 1
239	1	1 1 1 1 0 0 0 0 1 1 0 0 0 0 0 0
239	3	1 1 1 1 0 0 0 1 0 1 1 1 0 0 1 0
239	5	1 1 1 1 0 0 0 0 0 1 0 0 0 0 0 0
239	2	1 1 1 1 0 0 1 0 0 0 1 1 0 0 0 1
239	3	0 1 1 1 0 0 0 0 1 1 0 1 0 0 0 1
239	3	1 1 1 1 0 0 0 0 1 0 0 0 0 0 1 0
239	3	1 1 1 1 0 0 0 0 1 0 0 0 1 1 0 1
239	2	1 1 1 0 0 0 0 0 1 0 0 1 0 0 0 1
239	4	1 1 1 1 0 0 0 1 0 0 1 1 0 0 1 0
239	10	1 1 1 1 0 0 0 1 0 1 0 0 0 0 0 1
239	1	1 1 1 1 0 0 0 1 1 0 1 1 0 0 0 1
239	6	0 1 1 1 1 0 0 0 1 0 1 1 0 0 1 0
239	1	0 1 1 1 0 0 0 0 1 0 0 1 0 0 0 0
239	5	1 1 0 0 0 1 0 1 1 1 1 1 0 0 0 0
239	2	1 1 0 1 0 1 0 0 0 0 1 1 0 0 0 0
239	1	0 1 1 1 0 0 0 0 1 0 1 1 0 0 0 1
239	4	1 1 1 1 0 1 1 1 1 0 1 1 0 0 0 0
239	1	1 1 1 1 0 0 0 0 0 1 1 0 0 0 0 0
239	3	1 1 1 1 1 0 0 0 0 0 0 0 0 0 0 1
239	1	1 1 1 1 0 1 0 0 0 0 0 1 0 1 0 0
239	2	1 1 1 1 0 0 0 0 1 1 0 1 0 0 0 0
239	1	1 1 0 1 0 1 0 1 1 0 1 1 0 1 0 0
239	1	1 1 1 1 0 0 0 0 1 0 1 1 0 0 1 1
239	1	1 1 1 1 1 0 0 1 1 1 0 1 0 1 0 0
239	2	0 1 1 1 0 0 0 0 1 1 0 1 0 0 1 0
239	4	1 1 1 1 0 0 0 1 0 1 1 1 0 1 0 0
239	1	1 1 1 1 0 1 0 1 0 1 1 1 0 0 0 0
239	9	1 1 1 1 0 0 0 1 0 1 1 1 0 0 0 1
239	8	1 1 1 1 0 0 0 0 1 0 1 1 1 0 0 1
239	1	0 0 1 1 0 1 0 0 1 0 1 0 0 0 0 0
239	2	1 1 1 1 0 0 1 1 0 1 0 1 1 0 0 0
239	2	1 0 1 1 1 0 0 0 1 0 1 1 0 0 0 1
239	1	0 1 1 1 0 0 0 1 0 1 0 1 1 0 0 0
239	2	0 1 1 1 0 0 0 0 1 0 0 0 0 0 0 1
239	2	1 1 1 1 1 0 0 0 1 0 1 1 0 0 0 0
239	1	1 1 1 1 1 1 0 0 0 0 0 0 0 0 0 0
239	1	1 1 1 1 1 0 0 1 0 0 1 1 0 0 0 0
239	1	0 1 1 1 0 1 0 0 1 0 0 0 0 0 0 0
239	2	1 1 1 1 0 1 0 0 1 0 0 0 0 0 1 0
239	2	1 1 1 1 0 0 0 0 0 0 0 1 1 0 0 0
239	1	1 1 0 0 0 0 0 1 1 0 1 1 0 0 0 0
239	2	1 1 1 1 1 0 1 0 1 0 0 1 0 0 0 0
239	1	1 1 1 1 1 0 0 1 0 1 0 1 0 0 1 0
239	1	1 1 1 1 0 0 0 1 0 0 1 1 0 1 1 0
239	4	1 0 0 1 0 1 0 0 1 0 1 1 0 0 0 0
252	80	1 1 1 1 0 1 0 0 1 0 1 1 0 0 0 0
252	40	1 1 1 1 0 0 0 0 1 0 1 1 0 0 0 0
252	80	1 1 1 1 0 0 0 0 1 0 0 0 0 0 0 0
252	12	1 1 1 1 0 0 0 1 0 1 0 1 0 0 0 1
252	15	1 1 1 1 0 0 0 0 1 0 1 1 0 0 0 1
252	2	1 1 1 1 1 0 0 1 0 1 0 1 0 1 0 0
252	9	1 1 1 1 0 0 0 0 0 0 0 0 0 0 0 0
252	100	1 1 1 1 0 0 0 1 1 0 0 0 0 0 0 0
252	12	1 1 1 1 0 1 0 0 0 0 0 0 0 0 0 0
252	48	1 1 1 1 0 0 0 1 0 0 1 1 0 0 0 0
252	58	1 1 1 1 0 0 0 0 1 0 0 0 0 0 0 1
252	36	1 1 1 1 0 1 0 1 1 0 1 1 0 0 0 0
252	8	1 1 1 1 0 1 0 0 1 0 1 1 0 0 0 1
252	1	1 1 1 1 0 1 0 0 1 0 1 1 0 1 0 1
252	6	1 1 1 1 0 0 0 0 1 0 0 0 0 1 0 1
252	42	1 1 1 1 0 0 0 1 0 1 1 1 0 0 0 0
252	21	1 1 1 1 0 0 0 0 0 0 0 1 0 0 0 0
252	13	1 1 1 1 0 0 0 1 0 1 0 0 0 0 0 0
252	5	1 1 1 1 0 0 0 1 1 0 1 1 0 0 0 0
252	16	1 1 1 1 0 0 0 0 1 0 1 0 0 0 0 1
252	15	1 1 1 1 0 0 0 0 1 0 1 1 0 0 1 0
252	29	1 1 1 1 0 0 0 0 1 0 0 0 0 1 0 0
252	1	1 1 1 1 0 0 0 0 0 0 0 0 0 0 0 1
252	4	1 1 1 1 0 0 0 1 0 1 0 1 1 0 0 0
252	21	1 1 1 0 1 0 0 1 0 1 0 1 0 0 1 0
252	4	1 1 1 0 0 0 0 1 1 0 1 1 0 0 0 0
252	3	1 1 1 1 0 1 0 0 1 0 1 0 0 0 0 0
252	3	1 1 1 1 0 1 0 0 1 0 0 1 0 0 0 1
252	14	1 1 1 1 0 0 0 0 0 1 0 1 0 0 0 0
252	10	1 1 1 1 1 1 0 1 1 0 1 1 0 0 0 1
252	25	1 1 1 1 0 0 0 0 0 1 0 0 0 0 0 0
252	6	1 1 1 1 0 0 0 0 1 0 0 0 0 0 1 0
252	17	1 1 1 1 0 0 0 1 0 1 0 0 0 0 0 1
252	2	0 1 1 1 1 0 0 0 1 0 1 1 0 0 1 0
252	1	1 1 0 0 0 1 0 1 1 1 1 1 0 0 0 0
252	1	1 1 1 1 0 1 1 1 1 0 1 1 0 0 0 0
252	13	1 1 1 1 1 0 0 0 0 0 0 0 0 0 0 1
252	7	1 1 1 1 0 0 0 1 0 1 1 1 0 0 0 1
252	24	1 0 1 1 1 0 0 0 1 0 1 1 0 0 0 1
252	5	0 1 1 1 0 0 0 1 0 1 0 1 1 0 0 0
252	6	1 1 1 1 1 0 0 0 1 0 1 1 0 0 0 0
252	10	1 1 1 1 1 0 0 1 0 0 1 1 0 0 0 0
252	3	1 0 0 1 0 1 0 0 1 0 1 1 0 0 0 0
252	13	1 0 1 1 0 0 0 1 0 1 0 1 0 0 0 0
252	11	1 1 1 0 0 0 0 0 1 0 1 1 0 0 0 1
252	8	1 1 1 1 0 0 0 1 1 0 1 0 0 0 0 0
252	9	1 1 1 1 0 0 0 1 1 1 0 0 0 0 0 0
252	4	1 1 1 1 0 0 0 1 1 0 1 1 0 0 0 1
252	5	1 1 1 1 0 1 0 0 1 1 1 0 0 0 0 0
252	8	1 1 1 1 0 0 0 1 1 0 0 1 0 0 0 0
252	1	1 1 1 1 1 0 0 0 1 0 0 0 0 1 0 0
252	17	0 1 1 0 0 0 0 1 1 0 1 1 0 0 0 0
252	8	1 1 1 0 1 0 0 1 1 1 0 1 0 1 0 0
252	1	1 1 0 0 1 0 0 1 0 1 0 1 0 0 1 0
252	2	1 1 1 1 0 0 0 1 1 0 1 0 0 0 0 1
252	6	1 1 1 1 0 0 0 0 1 0 1 1 0 1 0 1
252	5	1 1 1 1 0 0 0 0 1 0 1 1 0 0 1 1
252	2	1 1 1 0 1 0 0 1 0 1 0 1 0 0 0 0
252	2	1 1 1 1 0 1 0 0 1 0 1 0 0 0 0 1
252	3	1 1 1 1 0 0 0 0 0 1 0 0 0 0 0 1
252	5	1 1 1 0 0 0 0 0 1 0 0 0 0 0 0 0
252	5	1 0 1 1 0 0 0 1 1 0 0 0 0 0 0 0
252	2	1 1 1 1 0 1 0 0 0 0 0 0 0 1 0 0
252	2	1 1 1 1 1 0 0 1 0 1 1 1 0 0 0 0
252	3	1 1 0 1 0 0 0 1 0 1 1 1 0 0 0 0
252	1	1 1 1 1 0 0 0 1 0 1 0 1 0 1 1 0
252	2	1 1 1 1 0 1 0 0 1 0 0 1 0 0 1 0
252	4	1 1 1 1 1 1 0 1 1 0 0 0 0 0 0 0
252	1	1 0 1 1 1 0 0 0 1 0 1 1 0 1 0 0
252	3	1 1 1 1 0 1 0 0 0 0 1 1 0 0 0 0
252	2	1 1 1 1 0 0 1 1 1 0 0 0 0 0 0 0
252	1	1 0 1 1 0 0 0 0 1 0 1 0 0 0 0 1
252	7	1 1 0 0 0 1 0 1 1 0 1 1 0 0 0 0
252	2	1 1 1 1 0 0 0 1 1 1 0 1 0 0 0 0
252	4	1 1 1 1 0 0 0 1 1 0 1 0 0 1 0 1
252	1	1 1 1 0 0 0 0 0 1 0 0 1 0 0 0 0
252	1	1 1 1 1 0 0 0 0 1 0 0 1 0 0 0 0
252	1	1 1 1 0 0 1 0 0 1 0 0 1 0 0 0 0
252	2	1 0 0 1 1 0 0 0 1 0 1 1 0 0 0 1
252	1	1 1 1 1 1 0 0 0 1 0 1 1 0 0 1 0
252	1	1 1 1 1 0 0 1 0 1 1 1 1 0 0 0 0
252	2	1 1 1 1 0 0 0 0 0 1 0 1 0 0 1 0
252	2	1 1 1 1 1 0 0 0 1 0 1 1 0 0 0 1
252	1	1 0 1 1 0 0 0 0 0 0 0 0 0 0 0 0
252	1	1 1 1 1 0 0 0 0 0 0 1 1 0 0 0 0
252	1	1 1 0 1 0 0 0 0 1 0 1 1 0 0 0 0
252	2	1 1 1 1 0 1 0 0 1 0 0 0 0 0 0 1
252	2	1 0 1 1 0 0 0 0 1 0 0 0 0 0 0 1
252	1	1 1 1 1 0 0 0 0 1 0 0 0 1 0 0 1
252	1	1 0 1 1 0 1 0 1 1 0 1 1 0 0 0 0
252	1	1 1 1 0 0 0 0 0 1 0 1 1 0 0 1 0
252	1	0 1 1 0 0 0 0 1 1 0 1 1 1 0 0 0
252	1	1 1 1 1 1 0 0 0 1 0 1 0 0 0 0 0
350	69	1 1 1 1 0 1 0 0 1 0 1 1 0 0 0 0
350	20	1 1 1 1 0 0 0 0 1 0 0 0 0 0 0 0
350	69	1 1 1 1 0 0 0 1 1 0 0 0 0 0 0 0
350	59	1 1 1 1 0 0 0 1 0 0 1 1 0 0 0 0
350	51	1 1 1 1 0 1 0 1 1 0 1 1 0 0 0 0
350	11	1 1 1 1 0 0 0 0 0 1 0 1 0 0 0 0
350	21	1 1 1 1 0 0 0 0 0 1 0 0 0 0 0 1
350	8	1 1 1 0 0 0 0 0 1 0 0 0 0 0 0 0
350	4	0 1 1 1 0 0 0 1 0 0 1 1 0 0 0 0
350	4	1 1 1 1 0 1 0 1 1 0 1 1 0 1 0 0
350	68	1 1 1 1 0 1 0 0 1 1 1 1 0 0 0 0
350	10	1 1 1 1 0 0 0 0 1 0 1 1 0 0 0 0
350	31	1 1 1 1 0 1 0 0 0 1 0 0 0 0 0 1
350	4	1 1 1 1 0 0 0 1 0 0 0 1 0 0 0 0
350	4	1 1 1 1 0 1 0 1 0 0 1 1 0 0 0 0
350	18	1 1 0 1 0 0 0 0 1 0 0 0 0 0 0 0
350	15	1 1 1 1 1 1 0 0 1 0 1 1 0 0 0 0
350	12	1 0 1 1 0 1 0 1 1 0 1 1 0 1 0 0
350	1	1 1 1 1 0 1 0 0 1 0 1 1 1 0 0 0
350	33	1 1 1 1 0 0 0 1 1 0 0 1 0 0 1 0
350	6	0 1 1 1 0 0 0 1 1 0 0 0 0 0 0 0
350	23	1 1 1 1 0 1 0 1 1 0 1 0 0 0 0 1
350	2	1 1 1 1 0 0 0 1 1 0 1 0 0 0 0 0
350	11	1 1 1 1 0 0 0 0 1 0 1 0 0 0 0 1
350	2	1 1 0 1 0 1 0 0 1 0 0 0 0 0 0 0
350	19	1 1 1 1 0 0 1 0 1 0 1 0 0 0 0 0
350	11	1 1 1 1 0 0 0 0 0 1 1 1 0 0 0 0
350	8	1 1 1 1 0 1 1 0 1 0 1 1 1 0 0 0
350	18	1 1 1 1 0 0 0 1 1 0 0 1 0 0 0 1
350	29	1 1 1 1 0 0 0 0 1 1 0 0 0 0 0 1
350	8	1 1 1 1 0 0 0 1 0 0 1 1 0 0 0 1
350	20	1 1 1 1 0 0 0 1 0 1 0 0 0 0 0 1
350	31	1 1 1 1 0 0 0 0 1 0 0 0 0 0 0 1
350	3	0 1 1 1 0 0 0 1 0 0 1 1 1 0 0 1
350	10	0 1 0 1 0 0 0 1 1 0 0 0 0 0 0 0
350	3	1 1 0 1 0 0 0 0 1 0 1 1 0 0 0 0
350	2	1 1 1 1 0 1 0 1 1 0 0 0 0 0 0 0
350	5	1 1 1 0 1 0 0 1 1 0 0 1 0 0 0 0
350	5	0 1 1 1 0 0 0 0 1 0 1 1 0 0 0 0
350	16	1 1 1 1 0 0 0 0 0 1 1 1 0 0 0 1
350	6	1 0 1 1 0 1 0 1 1 0 0 1 0 0 0 0
350	7	1 1 1 1 0 0 0 1 1 0 0 0 0 1 0 0
350	15	1 0 1 1 0 0 1 0 0 1 0 1 0 0 0 0
350	7	1 1 0 1 0 1 0 0 1 0 0 1 0 0 0 0
350	11	1 1 1 1 0 0 0 1 0 1 0 0 0 0 0 0
350	9	1 1 1 1 0 0 0 1 0 0 1 0 0 0 0 0
350	3	0 1 1 1 0 0 0 1 0 0 1 1 0 1 0 0
350	6	0 1 1 1 0 0 0 1 1 0 0 1 0 0 0 0
350	2	0 1 1 0 0 0 0 1 1 0 0 0 0 0 0 0
350	8	1 1 0 1 0 0 0 0 1 0 0 1 0 1 0 0
350	10	1 1 1 1 0 0 0 1 0 1 1 1 0 0 0 0
350	8	1 1 1 1 0 0 1 0 1 0 1 0 0 1 0 0
350	2	1 1 1 0 0 0 0 0 1 0 1 1 0 0 0 0
350	5	1 1 1 1 1 0 0 1 1 0 1 1 0 0 0 0
350	1	1 1 1 1 0 0 0 1 1 0 0 1 0 0 1 1
350	5	1 1 0 1 0 1 0 0 1 0 1 1 0 0 0 0
350	5	1 1 1 1 0 0 0 1 0 0 0 1 0 1 0 0
350	1	1 1 1 1 0 0 0 0 1 1 0 0 0 0 0 0
350	3	1 1 1 1 0 0 0 0 1 1 0 0 1 0 0 1
350	4	1 1 1 1 0 1 0 1 0 0 0 1 0 0 0 0
350	17	1 1 1 1 0 1 0 1 1 0 0 1 0 0 0 0
350	4	1 1 1 1 1 1 0 0 1 1 1 1 0 0 0 0
350	5	1 1 1 1 0 0 0 1 0 0 0 0 0 0 0 0
350	2	1 0 1 1 0 0 0 1 1 0 0 1 0 0 0 1
350	1	1 1 1 1 0 0 1 1 0 0 1 0 0 0 0 0
350	5	1 1 0 0 0 1 0 0 1 1 1 1 0 0 0 0
350	1	1 1 1 1 0 0 0 1 1 0 0 0 0 0 1 0
350	3	1 0 1 1 0 1 0 0 1 0 1 1 0 1 0 0
350	2	0 1 1 0 0 0 1 1 1 0 0 0 0 0 0 0
350	1	1 1 0 0 0 1 0 1 1 0 0 0 0 0 0 0
350	1	1 1 0 1 1 0 0 0 1 0 0 0 0 0 0 0
350	2	1 0 1 1 0 0 0 0 1 0 0 0 0 0 0 1
350	3	1 1 1 1 0 0 0 1 0 0 0 1 0 0 0 1
350	3	1 1 1 1 0 0 1 0 1 0 1 1 0 0 0 0
350	6	1 1 1 1 0 0 0 1 0 1 0 1 0 0 0 0
350	6	1 1 0 1 0 0 0 1 0 0 1 1 0 0 0 0
350	7	1 1 1 0 0 0 0 1 0 0 1 1 0 0 0 0
350	6	1 1 1 1 0 1 0 0 0 1 1 0 0 0 0 1
350	1	1 1 1 1 0 1 0 1 1 0 1 1 0 0 0 1
350	1	1 1 1 1 0 1 0 0 0 1 0 1 0 0 0 0
350	5	0 1 1 1 0 0 0 1 1 0 0 1 0 0 1 0
350	2	0 1 1 1 0 0 0 0 0 1 0 0 0 0 0 1
350	3	1 1 1 1 0 1 0 1 1 0 0 1 0 0 1 0
350	7	1 0 1 1 0 0 0 1 0 1 0 0 0 0 0 0
350	2	0 1 1 0 0 0 0 1 1 0 0 0 1 0 0 0
350	1	1 1 1 1 0 1 0 0 1 0 1 1 0 0 0 1
350	6	1 1 1 1 0 0 0 1 1 0 0 1 0 0 0 0
350	1	1 1 1 1 0 1 1 0 1 1 1 1 0 0 0 0
350	1	1 1 1 1 0 1 0 0 0 1 1 1 0 0 0 0
350	2	1 1 1 1 0 0 0 1 1 0 1 1 0 0 0 0
350	1	1 0 1 1 0 1 0 1 1 0 1 1 0 1 0 1
350	2	1 1 1 1 0 0 0 0 0 0 0 0 0 0 0 1
350	2	1 1 1 0 1 0 0 1 1 0 0 1 1 0 0 0
350	3	1 1 1 1 1 0 0 0 0 1 0 1 1 1 0 1
350	1	1 1 1 1 0 1 1 1 0 0 0 1 0 0 0 0
350	2	1 1 0 1 0 0 0 1 1 0 0 0 0 1 0 0
350	1	1 1 1 0 0 0 0 1 0 1 1 1 0 0 0 0
350	5	1 1 1 1 0 0 0 0 1 0 1 0 0 0 0 0
350	2	1 1 1 1 0 1 0 1 0 0 0 1 0 1 0 0
350	1	1 0 1 1 0 1 0 0 1 0 1 1 0 0 0 0
350	1	0 1 1 1 0 1 0 0 1 1 1 1 0 0 0 0
350	1	1 1 1 1 0 1 0 0 1 0 1 0 0 0 0 0
350	1	1 1 1 1 0 1 0 0 1 0 1 1 0 0 1 0
350	3	1 1 1 1 0 0 0 1 1 0 0 0 0 0 0 1
350	1	1 0 1 1 0 1 0 1 1 0 1 1 0 0 0 0
350	3	0 1 1 0 0 0 0 0 1 0 1 1 0 0 0 0
350	1	1 0 1 1 0 1 0 0 1 1 1 1 0 1 0 0
400	5	1 1 1 1 0 1 0 0 1 0 1 1 0 0 0 0
400	2	1 1 1 1 0 0 0 0 1 0 0 0 0 0 0 0
400	33	1 1 1 1 0 0 0 1 1 0 0 0 0 0 0 0
400	24	1 1 1 1 0 1 0 1 1 0 1 1 0 0 0 0
400	21	1 1 1 1 0 0 0 0 0 1 0 0 0 0 0 1
400	20	1 1 1 1 0 1 0 0 1 1 1 1 0 0 0 0
400	15	1 1 1 1 0 1 0 0 0 1 0 0 0 0 0 1
400	26	1 1 1 1 0 0 0 1 1 0 0 1 0 0 1 0
400	2	1 1 0 1 0 1 0 0 1 0 0 0 0 0 0 0
400	3	1 1 1 1 0 0 0 1 0 0 1 1 0 0 0 1
400	33	1 1 1 1 0 0 0 0 1 0 0 0 0 0 0 1
400	65	1 1 1 1 0 0 0 1 0 1 0 0 0 0 0 0
400	40	1 1 1 1 0 0 1 0 1 0 1 0 0 1 0 0
400	6	1 1 1 1 0 1 0 1 1 0 0 1 0 0 0 0
400	18	1 1 1 1 1 1 0 0 1 1 1 1 0 0 0 0
400	12	1 1 1 1 0 0 1 0 1 0 1 1 0 0 0 0
400	11	1 1 1 1 0 0 0 1 1 0 1 1 0 0 0 0
400	51	1 1 1 1 0 0 0 0 1 0 1 0 0 0 0 0
400	5	1 0 1 1 0 1 0 1 1 0 1 1 0 0 0 0
400	12	1 1 1 1 1 1 0 0 0 1 1 1 0 0 0 0
400	50	1 1 1 1 0 0 0 0 1 0 0 1 0 0 1 0
400	23	1 1 1 1 0 0 0 0 1 1 1 1 0 0 0 0
400	12	1 1 1 1 0 0 1 1 1 0 1 0 0 0 0 0
400	3	1 1 1 1 0 1 0 0 1 1 0 0 1 0 0 1
400	7	0 1 1 1 0 1 0 1 0 0 0 1 0 0 0 0
400	3	1 1 1 1 0 1 0 1 0 0 1 1 0 0 0 0
400	2	0 1 1 1 0 0 0 1 0 0 0 0 0 0 0 0
400	1	1 1 1 1 1 1 0 0 1 1 0 1 0 0 0 0
400	4	1 1 1 0 1 0 0 0 1 0 1 0 0 0 0 0
400	5	1 1 1 1 1 1 0 0 1 0 1 1 0 1 1 0
400	1	1 1 1 1 0 1 1 1 1 0 1 0 0 0 0 1
400	41	1 1 1 1 0 0 0 1 1 0 0 1 0 0 0 0
400	5	0 1 1 1 0 0 0 0 1 1 1 1 0 0 0 0
400	5	0 1 0 1 0 0 0 1 0 1 0 0 0 0 0 1
400	1	1 1 1 1 0 1 0 1 1 0 0 1 0 0 1 0
400	17	1 1 1 1 0 0 1 1 1 0 0 0 0 0 1 0
400	14	1 1 1 1 0 0 1 1 1 1 1 0 0 0 0 0
400	6	1 1 1 1 0 0 0 1 0 1 1 1 0 0 0 0
400	14	1 1 1 1 0 0 0 0 1 1 0 0 0 0 0 0
400	22	1 1 1 1 0 1 0 0 0 1 0 1 0 0 0 0
400	30	1 1 1 1 0 1 0 1 0 1 0 0 0 0 0 0
400	5	1 1 1 1 0 0 1 0 0 1 0 0 0 0 0 1
400	10	1 1 1 1 0 0 0 0 1 0 0 1 0 0 0 1
400	5	1 1 0 1 0 1 0 0 0 0 0 0 0 0 0 0
400	5	1 1 1 1 1 1 0 1 1 1 1 1 0 0 0 0
400	16	1 1 1 1 0 0 0 1 0 1 1 1 0 0 0 1
400	29	1 1 1 1 0 1 0 1 1 0 0 1 0 0 0 1
400	8	1 1 1 1 0 0 1 1 0 0 1 0 0 0 0 0
400	5	0 1 1 1 0 1 0 1 0 0 0 1 0 1 0 0
400	7	1 1 1 1 1 1 0 0 1 1 0 1 1 0 0 0
400	10	1 1 0 1 0 1 0 0 1 1 0 0 0 0 0 0
400	3	1 1 1 1 0 0 0 1 1 1 1 1 0 0 0 0
400	3	1 1 0 1 0 0 0 0 1 0 1 0 0 0 0 0
400	10	1 1 1 1 0 0 0 0 0 0 1 0 0 0 0 0
400	5	1 1 1 1 1 1 0 0 0 1 0 1 1 0 0 0
400	12	1 1 0 1 0 0 0 0 1 0 0 0 0 1 0 0
400	2	1 1 1 1 0 1 0 0 1 1 0 0 1 0 0 0
400	3	0 1 1 1 0 1 0 0 0 1 0 1 0 0 0 0
400	2	1 1 1 1 0 1 0 0 0 0 0 0 0 0 0 0
400	4	1 1 1 1 0 0 0 1 0 1 0 0 0 1 1 0
400	4	1 1 1 1 0 0 1 0 1 0 1 0 0 0 0 0
400	4	0 1 1 1 0 0 0 1 1 0 0 1 0 0 1 0
400	3	1 1 1 1 1 0 0 0 1 0 0 0 0 0 0 1
400	2	1 1 0 1 0 0 0 0 1 0 0 1 0 0 1 0
400	4	1 1 1 1 0 0 0 1 0 1 1 0 0 0 0 0
400	8	1 1 1 1 1 0 0 1 0 1 0 0 0 0 0 0
400	1	1 1 1 1 1 0 0 0 1 1 0 0 0 0 0 0
400	4	1 1 1 1 0 0 0 1 0 1 0 0 0 0 0 1
400	14	1 0 1 1 0 0 0 1 0 1 0 0 0 0 0 0
400	5	1 1 1 1 0 1 0 1 0 0 0 1 0 1 0 0
400	5	1 1 1 1 0 0 0 0 0 0 1 1 0 0 0 1
400	4	1 1 1 1 0 0 0 1 0 0 1 1 0 1 0 1
400	2	1 0 1 1 0 0 1 0 1 0 1 0 0 1 0 0
400	1	1 1 1 1 0 0 1 1 1 0 1 0 0 0 1 0
400	9	0 1 1 1 0 0 0 1 0 0 0 1 0 0 0 0
400	6	1 1 0 1 0 0 0 0 0 1 0 1 0 0 0 0
400	1	1 1 1 1 1 0 0 1 0 0 1 1 0 0 0 1
400	5	1 1 0 1 0 0 0 0 1 0 0 0 0 0 0 1
400	3	1 1 1 1 0 0 0 0 1 0 1 0 0 0 1 0
400	2	1 1 1 0 0 0 1 1 1 0 0 0 0 0 1 0
400	4	1 1 1 1 0 0 0 0 1 1 0 0 0 1 0 0
400	1	1 1 1 0 0 0 0 0 1 0 0 1 0 0 0 1
400	10	1 1 1 1 1 0 0 1 1 0 0 0 0 0 0 1
400	5	1 1 1 1 0 0 0 0 1 0 0 1 0 0 0 0
400	4	1 1 1 1 0 1 0 0 1 0 1 0 0 1 0 0
400	2	1 1 1 1 0 0 1 0 0 0 1 0 0 1 0 0
400	2	1 1 1 1 0 0 0 0 0 1 0 0 0 0 0 0
400	1	1 1 1 1 0 0 0 0 0 1 0 0 1 0 0 1
400	2	1 1 1 1 0 0 0 1 0 0 0 1 0 0 0 1
400	2	1 1 1 1 1 0 0 0 1 1 0 0 0 1 0 0
400	8	1 1 1 1 0 1 0 0 1 0 1 0 0 0 0 0
400	1	1 1 1 1 0 1 0 0 0 1 0 0 0 0 0 0
400	5	1 1 1 1 0 0 0 1 0 0 0 1 0 0 0 0
400	2	1 1 1 1 1 0 0 1 0 1 1 1 0 0 0 0
400	6	1 1 1 1 0 0 0 1 0 1 0 0 0 0 1 0
400	1	1 1 1 1 0 0 0 1 1 1 0 0 0 0 0 0
400	1	1 1 1 1 0 1 0 1 0 1 0 0 0 1 0 0
400	2	1 1 1 1 1 1 0 1 1 0 1 1 0 0 0 0
400	8	0 0 1 1 0 0 0 1 0 0 0 1 0 0 0 0
400	3	1 1 1 1 0 0 0 0 1 0 1 1 0 0 0 0
400	1	1 1 1 0 0 0 0 0 1 0 0 1 0 0 0 0
400	3	1 1 1 1 0 1 1 0 1 1 1 1 0 0 0 0
400	1	1 1 1 0 0 0 1 0 1 0 1 0 0 1 0 0
400	1	1 1 1 1 0 0 0 0 0 0 0 1 0 0 1 0
400	2	1 1 1 1 0 0 1 0 1 0 0 1 0 0 1 0
400	1	0 1 1 1 0 1 0 1 1 0 0 1 0 0 0 1
400	1	1 1 0 1 0 0 0 1 1 0 0 0 0 1 0 0
400	1	1 1 1 1 0 0 0 1 0 1 0 0 0 1 0 1
400	1	1 0 1 1 0 0 1 0 1 0 1 0 0 1 1 0
400	1	1 1 1 1 0 1 0 0 1 1 0 0 0 0 0 0
400	2	1 1 1 1 0 1 0 0 0 1 0 0 0 0 1 0
400	1	1 1 1 1 0 0 0 1 1 0 0 1 0 0 0 1
400	3	1 1 1 1 0 1 0 1 0 1 0 0 0 0 0 1
400	1	1 1 1 1 0 1 0 0 0 1 1 1 0 0 0 0
400	1	1 0 1 1 0 1 0 0 0 0 0 0 0 0 0 0
400	1	1 1 1 1 0 1 0 1 1 0 1 1 0 0 1 0
400	1	1 1 0 1 1 1 0 0 1 1 1 1 0 0 0 0
400	1	1 1 1 1 1 0 0 0 1 0 1 0 0 0 0 0
400	1	1 1 1 1 0 0 0 0 1 1 0 1 0 0 1 0
400	2	1 1 1 1 0 0 0 1 0 1 1 1 1 0 0 0
400	1	1 1 1 1 0 1 1 0 0 1 0 1 0 0 0 0
400	1	1 1 1 1 0 0 1 1 0 1 1 0 0 0 0 0
