0	250	1 0 0 1 0 0 0 1 0 1 0 0 1 0 0 0
0	250	1 0 1 0 0 0 1 0 1 0 0 1 0 0 0 0
0	250	1 0 0 0 1 0 0 1 0 0 1 0 0 0 0 0
0	250	1 0 0 0 0 0 0 0 1 1 0 0 0 1 1 1
20	228	1 0 0 1 0 0 0 1 0 1 0 0 1 0 0 0
20	276	1 0 1 0 0 0 1 0 1 0 0 1 0 0 0 0
20	131	1 0 0 0 1 0 0 1 0 0 1 0 0 0 0 0
20	6	1 0 0 0 0 0 0 0 1 1 0 0 0 1 1 1
20	10	1 0 0 0 0 0 1 0 1 0 0 1 0 0 0 0
20	24	0 0 0 1 0 0 0 1 0 1 0 0 1 0 0 0
20	5	1 0 1 0 1 0 1 0 1 0 0 1 0 0 0 0
20	6	1 0 1 1 0 0 0 1 0 1 0 0 1 0 0 0
20	7	1 0 1 0 0 0 1 0 1 0 1 1 0 0 0 0
20	16	1 0 0 0 1 0 0 1 0 1 1 0 0 0 0 0
20	13	0 0 0 0 1 0 0 1 0 0 1 0 0 0 0 0
20	16	1 0 0 1 0 0 0 1 0 1 0 0 0 0 0 0
20	5	1 0 0 1 0 0 0 0 1 0 0 1 0 0 0 0
20	6	1 0 0 1 1 0 0 1 0 0 1 0 0 0 0 0
20	2	1 0 0 0 1 0 0 1 0 0 1 0 0 0 1 0
20	23	1 0 1 0 0 0 1 0 1 0 1 0 0 0 0 0
20	3	1 0 0 0 0 0 0 0 1 1 0 0 0 1 0 1
20	7	1 0 0 1 0 0 0 1 0 0 1 0 0 0 0 0
20	8	1 0 1 0 0 0 1 1 1 0 0 1 0 0 0 0
20	12	1 0 0 0 1 0 0 1 0 0 1 0 0 1 0 0
20	1	1 0 0 0 0 0 1 0 1 1 0 0 0 1 1 1
20	9	1 0 0 1 0 0 0 1 0 1 0 1 1 0 0 0
20	3	1 0 0 1 0 0 0 1 0 1 0 0 1 0 1 0
20	2	1 0 1 0 0 0 1 0 0 0 1 0 0 0 0 0
20	9	1 0 0 0 1 0 0 1 0 0 1 0 0 0 1 1
20	14	1 0 0 1 0 0 0 1 0 1 1 0 1 0 0 0
20	2	1 0 0 0 1 0 1 0 1 0 0 1 0 0 0 0
20	9	1 0 0 1 0 0 0 1 1 1 0 0 1 0 0 0
20	3	1 0 1 1 0 0 1 0 1 0 0 1 0 0 0 0
20	4	1 0 1 0 1 0 0 1 0 0 1 0 0 0 0 0
20	18	1 0 1 0 0 0 1 0 1 0 0 1 0 0 0 1
20	1	1 0 0 0 0 0 0 0 0 1 0 0 1 0 0 0
20	6	1 0 0 1 0 0 0 1 0 1 0 0 1 1 0 0
20	15	1 0 1 0 0 0 1 0 1 0 0 1 1 0 0 0
20	29	1 0 1 0 0 0 1 0 0 0 0 1 0 0 0 0
20	8	1 0 0 0 1 0 0 1 1 0 1 0 0 0 0 0
20	2	1 0 0 1 0 0 1 0 1 0 0 1 0 0 0 0
20	1	1 0 0 0 1 0 0 1 0 0 1 0 0 0 0 1
20	2	1 0 0 0 1 0 0 1 0 0 1 1 0 0 0 0
20	2	1 0 0 0 0 0 0 0 1 0 0 0 0 1 1 0
20	12	1 0 1 0 0 0 1 0 1 0 0 1 0 0 1 0
20	1	1 0 0 0 1 1 0 1 0 0 1 0 0 0 0 0
20	4	1 0 0 0 0 0 0 1 0 0 1 0 0 0 0 0
20	4	1 0 0 0 1 0 0 0 1 0 0 1 0 0 0 0
20	2	0 0 0 1 0 0 0 1 0 1 0 1 1 0 0 0
20	12	1 0 0 1 0 1 0 1 0 1 0 0 1 0 0 0
20	1	1 0 0 1 0 0 0 1 0 1 0 1 0 0 0 0
20	2	1 0 1 0 0 0 1 0 1 1 0 0 1 0 0 0
20	2	1 0 0 0 0 0 0 1 0 1 0 0 1 0 0 0
20	7	0 0 0 1 1 0 0 1 0 1 0 0 1 0 0 0
20	1	0 0 0 0 1 0 0 1 0 1 0 0 1 0 0 0
20	1	1 0 1 0 0 0 0 0 1 0 0 1 0 0 0 0
20	1	1 0 0 0 1 0 0 1 0 0 0 0 0 1 0 0
20	2	1 1 1 0 0 0 1 0 1 0 0 1 0 0 0 0
20	3	1 0 1 0 1 0 0 1 0 0 1 0 0 1 0 0
20	1	0 0 0 0 1 0 0 1 1 0 1 0 0 0 0 0
40	116	1 0 0 1 0 0 0 1 0 1 0 0 1 0 0 0
40	240	1 0 1 0 0 0 1 0 1 0 0 1 0 0 0 0
40	51	1 0 0 0 1 0 0 1 0 0 1 0 0 0 0 0
40	10	0 0 0 1 0 0 0 1 0 1 0 0 1 0 0 0
40	31	1 0 1 1 0 0 0 1 0 1 0 0 1 0 0 0
40	30	1 0 1 0 0 0 1 0 1 0 1 1 0 0 0 0
40	17	1 0 0 0 1 0 0 1 0 1 1 0 0 0 0 0
40	1	0 0 0 0 1 0 0 1 0 0 1 0 0 0 0 0
40	5	1 0 0 1 0 0 0 1 0 1 0 0 0 0 0 0
40	13	1 0 0 1 1 0 0 1 0 0 1 0 0 0 0 0
40	1	1 0 1 0 0 0 1 0 1 0 1 0 0 0 0 0
40	4	1 0 0 1 0 0 0 1 0 0 1 0 0 0 0 0
40	31	1 0 1 0 0 0 1 1 1 0 0 1 0 0 0 0
40	7	1 0 0 0 1 0 0 1 0 0 1 0 0 1 0 0
40	7	1 0 0 1 0 0 0 1 0 1 0 1 1 0 0 0
40	2	1 0 0 1 0 0 0 1 0 1 1 0 1 0 0 0
40	32	1 0 1 0 0 0 1 0 1 0 0 1 0 0 0 1
40	2	1 0 0 1 0 0 0 1 0 1 0 0 1 1 0 0
40	12	1 0 1 0 0 0 1 0 1 0 0 1 1 0 0 0
40	42	1 0 1 0 0 0 1 0 0 0 0 1 0 0 0 0
40	3	1 0 0 0 1 0 0 1 1 0 1 0 0 0 0 0
40	17	1 0 1 0 0 0 1 0 1 0 0 1 0 0 1 0
40	28	1 0 0 1 0 1 0 1 0 1 0 0 1 0 0 0
40	2	1 0 1 0 0 0 1 0 1 1 0 0 1 0 0 0
40	5	1 1 1 0 0 0 1 0 1 0 0 1 0 0 0 0
40	2	1 0 0 1 0 0 0 1 0 1 0 1 0 0 0 0
40	14	1 0 0 1 0 1 0 1 0 0 1 0 0 0 0 0
40	4	1 0 1 0 0 0 1 0 1 1 1 0 0 0 0 0
40	9	1 0 1 0 0 0 1 0 0 0 1 1 0 0 0 0
40	13	0 0 0 1 0 0 0 1 0 1 0 0 1 1 0 0
40	19	0 0 1 0 0 0 1 0 1 0 0 1 0 0 0 0
40	23	1 0 0 1 0 0 1 0 1 0 0 1 0 0 0 0
40	18	1 0 1 0 0 0 1 0 1 0 0 0 0 0 0 0
40	7	1 0 0 1 1 0 0 1 0 1 0 0 1 1 0 0
40	1	1 0 0 0 0 1 0 1 0 1 0 0 1 0 0 0
40	6	0 0 0 1 0 0 1 0 1 0 0 1 0 0 0 0
40	13	1 0 0 0 1 0 0 0 0 0 1 0 0 0 0 0
40	4	1 0 1 0 0 0 0 1 0 1 0 0 1 1 0 0
40	1	1 0 0 0 1 0 0 1 0 0 1 0 0 0 0 1
40	4	1 0 1 0 0 0 1 0 0 0 0 1 0 1 0 0
40	1	1 0 1 0 0 0 1 0 1 1 0 0 0 0 0 0
40	6	1 0 1 0 0 0 1 0 1 0 0 0 1 0 0 0
40	4	1 0 0 0 0 0 1 0 0 1 0 0 1 0 0 0
40	3	1 0 1 1 0 0 1 0 0 0 0 1 0 0 0 0
40	9	1 0 1 0 0 0 1 0 1 1 1 0 1 0 0 0
40	10	1 0 0 1 0 1 1 1 0 0 1 0 0 0 0 0
40	5	1 1 0 1 0 0 0 1 0 1 0 0 1 0 0 0
40	6	1 0 1 0 0 0 1 0 1 0 0 1 0 0 1 1
40	4	1 0 1 0 0 1 1 0 1 0 0 1 0 0 0 0
40	15	1 0 0 1 1 0 0 1 0 0 1 1 0 0 0 0
40	5	1 0 0 1 0 0 1 1 0 1 0 0 1 1 0 0
40	12	1 0 1 0 1 0 1 0 1 0 0 1 0 0 0 0
40	1	1 0 1 1 0 0 1 0 1 0 0 1 0 0 0 0
40	4	1 0 1 0 0 0 1 0 1 0 0 1 0 1 0 0
40	2	1 0 0 0 1 0 0 1 0 0 1 0 0 1 1 0
40	4	1 0 0 0 0 0 1 0 0 0 0 1 0 0 0 0
40	2	1 0 0 0 1 0 0 1 1 1 1 0 0 1 0 0
40	3	1 0 1 0 0 1 0 1 0 1 0 0 1 1 0 0
40	3	1 0 1 0 0 0 1 1 0 1 0 0 1 1 0 0
40	3	1 1 1 0 0 0 1 0 0 0 0 1 0 1 0 0
40	5	1 0 1 0 0 0 0 1 0 1 0 0 1 0 0 0
40	4	1 0 0 0 1 0 0 1 1 0 0 1 0 0 0 0
40	6	1 0 0 1 0 0 0 1 0 1 0 0 1 0 0 1
40	1	1 0 0 0 1 0 0 1 0 0 0 1 0 0 0 0
40	3	1 0 0 1 0 0 0 1 0 0 1 0 0 1 0 0
40	1	1 0 1 0 0 0 1 0 1 1 0 1 0 0 0 0
40	1	1 0 1 1 0 0 0 1 0 1 1 0 1 0 0 0
40	3	1 0 1 0 0 0 1 0 1 0 1 1 0 0 1 0
40	2	1 0 0 1 1 0 1 0 1 1 1 0 1 0 0 0
40	2	1 0 0 1 0 1 0 1 1 0 1 1 0 0 0 0
40	2	1 0 0 0 0 0 1 0 1 0 0 1 0 0 0 0
40	2	1 0 0 1 0 1 1 1 0 1 0 0 1 0 0 0
40	1	1 0 0 1 1 0 0 1 0 0 1 1 1 0 0 0
40	1	1 0 0 0 0 0 1 1 1 0 0 1 0 0 0 0
40	3	1 0 1 0 0 0 1 1 1 0 0 1 1 0 0 0
40	3	0 0 0 1 0 0 0 1 0 0 1 0 0 0 0 0
40	3	1 0 0 1 1 0 0 1 0 0 0 1 0 0 0 0
40	2	1 0 0 1 0 0 0 1 0 1 1 0 0 0 0 0
40	1	1 0 0 1 0 0 0 1 0 1 0 0 1 0 1 0
40	1	1 0 0 0 1 0 0 1 0 0 0 0 0 0 0 0
40	1	0 0 1 0 0 0 0 0 1 0 0 1 0 0 1 0
40	2	1 1 1 1 0 0 0 0 0 0 0 1 0 1 0 0
40	1	1 0 0 1 0 1 1 1 0 1 0 0 1 0 1 0
60	21	1 0 0 1 0 0 0 1 0 1 0 0 1 0 0 0
60	271	1 0 1 0 0 0 1 0 1 0 0 1 0 0 0 0
60	36	1 0 0 0 1 0 0 1 0 0 1 0 0 0 0 0
60	84	1 0 1 0 0 0 1 0 1 0 1 1 0 0 0 0
60	13	1 0 0 0 1 0 0 1 0 1 1 0 0 0 0 0
60	11	1 0 0 1 0 0 0 1 0 1 0 0 0 0 0 0
60	9	1 0 1 0 0 0 1 1 1 0 0 1 0 0 0 0
60	7	1 0 0 0 1 0 0 1 0 0 1 0 0 1 0 0
60	27	1 0 1 0 0 0 1 0 1 0 0 1 0 0 0 1
60	20	1 0 1 0 0 0 1 0 1 0 0 1 1 0 0 0
60	15	1 0 1 0 0 0 1 0 0 0 0 1 0 0 0 0
60	2	1 0 1 0 0 0 1 0 1 0 0 1 0 0 1 0
60	56	1 0 0 1 0 1 0 1 0 1 0 0 1 0 0 0
60	1	1 0 1 0 0 0 1 0 1 1 0 0 1 0 0 0
60	35	1 1 1 0 0 0 1 0 1 0 0 1 0 0 0 0
60	5	0 0 0 1 0 0 0 1 0 1 0 0 1 1 0 0
60	15	0 0 1 0 0 0 1 0 1 0 0 1 0 0 0 0
60	24	1 0 0 1 0 0 1 0 1 0 0 1 0 0 0 0
60	15	1 0 1 0 0 0 1 0 1 0 0 0 0 0 0 0
60	29	1 0 0 0 1 0 0 0 0 0 1 0 0 0 0 0
60	3	1 0 1 0 0 0 0 1 0 1 0 0 1 1 0 0
60	9	1 0 1 0 0 0 1 0 1 0 0 0 1 0 0 0
60	8	1 0 1 0 0 1 1 0 1 0 0 1 0 0 0 0
60	19	1 0 1 0 0 0 1 0 1 0 0 1 0 1 0 0
60	19	1 0 1 0 0 1 0 1 0 1 0 0 1 1 0 0
60	7	1 0 1 0 0 0 0 1 0 1 0 0 1 0 0 0
60	15	1 0 1 0 0 0 1 0 1 1 0 1 0 0 0 0
60	8	1 0 1 1 0 0 0 1 0 1 1 0 1 0 0 0
60	9	0 0 0 1 0 0 0 1 0 0 1 0 0 0 0 0
60	28	1 0 0 1 0 0 0 1 0 1 1 0 0 0 0 0
60	9	0 0 1 0 0 0 1 0 0 0 0 1 0 0 0 0
60	13	1 1 1 1 0 0 0 0 1 0 0 1 0 1 0 0
60	4	0 0 1 0 1 0 1 0 1 0 0 1 0 0 0 0
60	11	1 0 0 0 0 0 1 0 1 0 1 1 0 0 0 0
60	1	1 0 1 0 0 0 1 0 0 0 0 1 0 0 0 1
60	10	0 0 0 1 0 0 0 1 0 0 0 0 1 1 0 0
60	7	1 0 1 0 0 0 1 1 1 0 0 1 0 0 0 1
60	4	1 1 0 1 0 1 0 1 0 1 0 0 1 0 0 0
60	11	1 0 0 0 1 0 0 0 0 1 1 0 0 0 0 0
60	17	1 0 0 1 0 0 0 1 0 1 1 1 0 1 0 0
60	3	1 0 1 0 0 0 0 0 1 0 0 1 0 0 0 0
60	3	1 0 1 0 0 0 1 0 1 0 1 0 0 0 0 0
60	2	1 0 1 0 0 0 1 0 0 1 1 0 1 0 0 0
60	1	1 1 0 0 1 0 0 1 0 0 1 0 0 0 0 0
60	4	1 0 0 1 0 0 0 1 0 1 1 0 0 0 0 1
60	2	1 0 0 0 0 1 0 1 0 1 0 0 1 1 0 0
60	1	1 0 1 0 0 0 1 1 0 0 0 0 1 1 0 0
60	5	1 0 1 0 0 0 1 0 1 0 0 1 1 1 0 0
60	3	0 0 1 0 0 0 1 0 0 0 1 0 0 0 0 0
60	4	1 0 0 1 0 1 1 0 1 0 0 1 0 0 0 0
60	5	1 0 0 0 1 0 0 0 1 0 1 1 0 0 0 0
60	1	1 0 1 1 0 0 0 1 0 1 0 0 1 0 0 1
60	2	1 0 1 0 0 0 0 0 1 0 1 1 0 0 0 0
60	2	1 0 0 0 1 0 1 0 0 0 1 0 0 0 0 1
60	1	1 0 1 0 0 1 1 1 1 0 0 1 0 0 0 1
60	1	1 0 0 0 1 0 0 1 1 0 1 1 0 0 0 0
60	2	1 0 1 0 0 0 0 1 0 1 0 1 0 0 0 0
60	7	1 0 0 1 0 0 0 1 0 1 1 0 1 0 0 0
60	6	1 1 0 1 0 0 0 1 0 1 1 0 0 0 0 0
60	2	1 0 0 0 1 0 0 0 1 0 0 1 0 0 0 0
60	4	1 0 1 0 0 0 1 1 1 0 1 1 0 0 0 0
60	1	1 0 0 0 0 0 0 1 0 0 1 0 0 1 0 0
60	1	1 0 1 0 0 0 1 1 1 0 0 1 1 0 0 0
60	1	1 0 1 0 0 0 1 1 1 1 0 1 0 0 0 0
60	1	1 0 1 0 0 0 0 0 0 0 1 0 0 0 0 0
60	1	1 0 1 0 0 1 0 1 0 1 0 0 1 0 0 0
60	1	1 0 0 0 1 0 0 1 0 0 0 1 0 0 0 0
60	3	0 0 0 1 0 0 0 0 1 0 0 1 0 0 0 0
60	1	1 0 1 1 0 0 1 0 1 0 0 1 0 0 0 0
60	2	1 0 1 0 1 0 0 1 0 0 1 0 0 0 0 0
60	3	1 1 0 1 0 0 0 1 0 1 0 0 0 0 0 0
60	1	1 0 0 1 0 1 0 1 0 1 0 0 1 0 1 0
60	3	1 0 0 1 0 1 0 1 0 1 0 0 1 0 0 1
60	2	1 0 1 0 0 0 1 0 1 0 1 1 0 1 0 0
60	4	1 1 1 0 0 0 1 0 1 0 0 1 0 1 0 0
60	2	1 0 1 0 0 1 0 1 0 1 0 1 1 1 0 0
60	1	1 0 1 0 0 1 0 1 0 1 0 0 1 1 1 0
60	1	0 1 0 1 0 0 0 1 0 0 1 0 0 0 0 0
60	2	0 0 1 0 0 0 1 1 0 0 0 0 1 1 0 0
80	225	1 0 1 0 0 0 1 0 1 0 0 1 0 0 0 0
80	35	1 0 0 0 1 0 0 1 0 0 1 0 0 0 0 0
80	38	1 0 1 0 0 0 1 0 1 0 1 1 0 0 0 0
80	22	1 0 0 0 1 0 0 1 0 1 1 0 0 0 0 0
80	13	1 0 1 0 0 0 1 1 1 0 0 1 0 0 0 0
80	24	1 0 1 0 0 0 1 0 1 0 0 1 0 0 0 1
80	29	1 0 1 0 0 0 1 0 1 0 0 1 1 0 0 0
80	5	1 0 1 0 0 0 1 0 0 0 0 1 0 0 0 0
80	60	1 0 0 1 0 1 0 1 0 1 0 0 1 0 0 0
80	56	1 1 1 0 0 0 1 0 1 0 0 1 0 0 0 0
80	6	0 0 1 0 0 0 1 0 1 0 0 1 0 0 0 0
80	30	1 0 0 1 0 0 1 0 1 0 0 1 0 0 0 0
80	74	1 0 1 0 0 0 1 0 1 0 0 0 0 0 0 0
80	22	1 0 0 0 1 0 0 0 0 0 1 0 0 0 0 0
80	6	1 0 1 0 0 0 1 0 1 0 0 1 0 1 0 0
80	11	1 0 1 0 0 1 0 1 0 1 0 0 1 1 0 0
80	17	1 0 1 0 0 0 1 0 1 1 0 1 0 0 0 0
80	4	1 0 1 1 0 0 0 1 0 1 1 0 1 0 0 0
80	5	1 0 0 1 0 0 0 1 0 1 1 0 0 0 0 0
80	7	0 0 1 0 1 0 1 0 1 0 0 1 0 0 0 0
80	4	1 1 0 1 0 1 0 1 0 1 0 0 1 0 0 0
80	1	1 0 1 0 0 0 1 0 0 1 1 0 1 0 0 0
80	2	0 0 1 0 0 0 1 0 0 0 1 0 0 0 0 0
80	12	1 0 0 0 1 0 0 0 1 0 1 1 0 0 0 0
80	23	1 0 0 1 0 0 0 1 0 1 1 0 1 0 0 0
80	11	1 0 1 0 0 0 1 1 1 0 1 1 0 0 0 0
80	14	1 0 1 1 0 0 1 0 1 0 0 1 0 0 0 0
80	13	0 0 1 0 0 0 1 1 1 0 0 1 0 0 0 0
80	14	1 0 1 0 0 0 1 1 0 1 0 0 1 0 0 0
80	1	1 0 1 1 0 0 0 1 1 1 1 0 0 0 0 0
80	3	0 0 0 0 1 0 0 0 0 0 1 0 0 0 0 0
80	1	1 0 1 0 1 0 0 1 0 1 0 0 1 0 0 0
80	33	1 0 1 1 0 0 1 1 1 1 1 0 1 0 0 0
80	3	1 0 0 0 1 0 1 1 0 1 0 0 1 0 0 0
80	16	1 0 1 0 0 0 1 0 1 0 1 1 0 0 0 1
80	14	0 0 1 0 0 0 1 0 0 0 0 1 0 0 0 0
80	4	1 0 1 0 0 1 1 0 1 0 0 1 0 0 0 0
80	12	1 0 1 0 0 0 1 0 1 0 0 1 0 0 1 0
80	10	1 1 0 1 0 0 0 1 0 1 0 1 0 0 0 0
80	5	1 0 1 0 0 0 1 0 1 1 1 0 0 0 0 0
80	9	1 0 1 0 0 1 0 0 1 0 0 1 0 0 0 0
80	2	1 1 1 0 0 0 1 0 1 0 0 1 0 1 0 0
80	11	1 0 1 0 0 0 1 0 1 0 0 1 1 0 0 1
80	4	1 1 1 0 0 0 1 1 0 1 0 0 1 0 0 0
80	13	1 0 1 1 0 0 1 0 1 0 0 1 0 0 1 0
80	1	1 0 0 1 0 1 0 1 0 1 0 0 1 1 0 0
80	1	1 0 1 0 0 0 1 0 1 0 0 0 1 0 0 0
80	4	1 1 0 1 0 1 0 1 0 1 0 0 1 0 0 1
80	4	1 1 0 1 0 0 0 0 0 1 0 0 0 0 0 0
80	3	1 0 0 0 0 0 1 0 1 0 0 1 0 0 0 0
80	8	1 0 1 1 0 0 1 0 1 0 1 0 0 0 0 0
80	1	1 1 1 0 0 0 1 0 1 0 0 1 0 0 0 1
80	2	1 0 0 0 0 0 1 0 1 0 0 0 0 0 0 0
80	2	1 0 1 0 0 0 1 0 0 1 1 1 0 0 0 0
80	1	1 0 1 1 0 0 1 1 1 1 1 0 1 1 0 0
80	1	0 0 1 1 0 0 1 1 1 1 1 0 1 0 0 0
80	11	1 0 0 1 0 1 0 0 1 0 0 1 0 0 0 0
80	1	1 0 0 0 1 0 0 0 0 0 0 1 0 0 0 0
80	1	1 0 0 0 1 0 0 0 0 1 1 0 1 0 0 0
80	2	1 0 0 1 0 0 0 1 0 1 0 0 1 0 0 0
80	3	1 1 1 0 0 1 1 0 1 0 0 1 0 0 0 0
80	4	0 0 1 0 1 0 1 1 1 0 0 1 0 0 0 0
80	2	1 0 1 0 0 0 1 0 0 1 1 0 0 0 0 0
80	4	1 0 0 0 1 1 0 0 1 0 1 1 0 0 0 0
80	1	1 0 1 0 0 0 1 0 0 0 0 1 0 0 1 0
80	3	1 0 0 1 0 0 1 0 1 0 0 0 0 0 0 0
80	1	1 0 1 1 0 0 1 1 1 0 0 1 0 0 1 0
80	1	1 0 1 0 0 0 1 0 1 0 1 0 0 0 0 0
80	2	1 1 1 0 0 0 1 0 1 0 0 1 0 0 1 0
80	1	1 0 1 0 0 0 0 0 0 0 1 0 0 0 0 0
80	4	1 1 1 0 0 0 1 0 1 0 1 1 0 0 0 0
80	1	1 0 0 0 1 0 0 0 0 1 1 0 1 0 0 1
80	1	1 0 1 0 0 1 1 0 1 0 1 1 0 0 0 0
80	1	1 0 0 0 1 0 0 0 0 1 1 0 0 0 0 0
80	1	1 1 1 0 0 0 1 1 1 0 0 1 0 0 0 0
80	2	1 0 0 1 0 1 0 1 0 1 0 0 1 0 1 0
80	1	1 1 1 0 0 0 1 0 1 0 0 0 0 0 0 0
100	111	1 0 1 0 0 0 1 0 1 0 0 1 0 0 0 0
100	19	1 0 0 0 1 0 0 1 0 0 1 0 0 0 0 0
100	41	1 0 1 0 0 0 1 0 1 0 1 1 0 0 0 0
100	7	1 0 1 0 0 0 1 0 1 0 0 1 1 0 0 0
100	80	1 0 0 1 0 1 0 1 0 1 0 0 1 0 0 0
100	31	1 1 1 0 0 0 1 0 1 0 0 1 0 0 0 0
100	19	0 0 1 0 0 0 1 0 1 0 0 1 0 0 0 0
100	84	1 0 0 1 0 0 1 0 1 0 0 1 0 0 0 0
100	59	1 0 1 0 0 0 1 0 1 0 0 0 0 0 0 0
100	22	1 0 0 0 1 0 0 0 0 0 1 0 0 0 0 0
100	27	1 0 1 0 0 0 1 0 1 1 0 1 0 0 0 0
100	1	1 0 0 0 1 0 0 0 1 0 1 1 0 0 0 0
100	21	1 0 0 1 0 0 0 1 0 1 1 0 1 0 0 0
100	1	1 0 1 0 0 0 1 1 1 0 1 1 0 0 0 0
100	5	1 0 1 1 0 0 1 0 1 0 0 1 0 0 0 0
100	24	0 0 1 0 0 0 1 1 1 0 0 1 0 0 0 0
100	3	1 0 1 0 0 0 1 1 0 1 0 0 1 0 0 0
100	40	1 0 1 1 0 0 1 1 1 1 1 0 1 0 0 0
100	4	1 0 1 0 0 0 1 0 1 0 1 1 0 0 0 1
100	11	0 0 1 0 0 0 1 0 0 0 0 1 0 0 0 0
100	14	1 0 1 0 0 1 1 0 1 0 0 1 0 0 0 0
100	18	1 0 1 0 0 0 1 0 1 1 1 0 0 0 0 0
100	7	1 1 1 0 0 0 1 0 1 0 0 1 0 1 0 0
100	4	1 0 1 0 0 0 1 0 1 0 0 1 1 0 0 1
100	8	1 0 1 1 0 0 1 0 1 0 0 1 0 0 1 0
100	8	1 0 1 1 0 0 1 0 1 0 1 0 0 0 0 0
100	17	1 0 0 1 0 1 0 0 1 0 0 1 0 0 0 0
100	8	0 0 1 0 1 0 1 1 1 0 0 1 0 0 0 0
100	6	1 0 1 1 0 0 1 1 1 0 0 1 0 0 1 0
100	10	1 0 0 0 1 0 0 0 0 1 1 0 0 0 0 0
100	1	0 0 1 0 0 0 1 0 0 0 0 1 1 0 0 0
100	4	1 0 1 0 0 0 1 0 0 1 0 1 0 0 0 0
100	2	1 0 0 0 1 0 0 1 0 1 1 1 0 0 0 0
100	2	0 0 1 0 0 0 1 0 0 0 0 0 0 0 0 0
100	18	1 0 0 1 0 1 0 1 0 1 0 1 0 0 0 0
100	11	1 0 0 0 0 0 1 0 1 0 0 0 0 0 0 0
100	17	1 0 1 1 0 0 1 1 0 1 0 0 0 0 0 0
100	2	0 0 0 1 0 0 0 1 0 1 1 0 0 0 0 0
100	10	1 0 1 1 0 0 1 0 1 0 0 1 0 0 1 1
100	12	1 0 1 0 0 0 1 0 1 1 1 1 0 0 0 0
100	1	0 0 1 0 0 0 1 1 0 0 0 1 1 0 0 0
100	18	1 1 1 0 0 0 1 0 1 0 0 1 0 0 1 0
100	22	1 0 1 0 0 0 0 0 1 0 0 1 0 0 0 0
100	9	1 0 1 0 0 0 1 0 1 0 1 0 0 0 0 0
100	9	1 0 0 1 0 1 0 0 1 0 1 1 0 0 0 0
100	4	0 0 0 0 0 0 1 0 1 0 0 1 0 0 0 0
100	4	0 0 1 0 1 0 1 1 1 0 0 1 0 0 0 1
100	3	1 0 1 0 1 0 1 0 1 0 0 1 1 1 0 0
100	3	1 0 0 0 0 0 0 1 0 1 1 0 0 0 0 0
100	6	1 0 0 1 0 0 1 0 1 0 0 1 0 1 0 0
100	5	1 0 1 0 0 0 1 0 1 0 0 0 1 0 0 0
100	2	1 0 1 0 0 0 0 0 1 0 0 0 0 0 0 0
100	3	1 0 0 1 0 0 1 1 1 1 1 0 1 0 0 0
100	1	1 0 1 1 0 1 1 1 1 1 1 0 1 0 0 0
100	3	1 0 0 0 0 0 1 0 1 1 1 0 0 0 0 0
100	3	1 0 0 1 0 0 0 1 1 0 0 1 0 0 0 0
100	1	1 0 1 0 0 0 1 0 1 0 0 1 0 0 0 1
100	1	1 0 1 0 0 0 1 1 1 1 1 0 1 0 0 0
100	3	1 1 1 0 0 0 1 0 1 0 0 1 1 0 0 0
100	2	1 0 1 1 0 1 0 1 0 1 0 0 1 0 0 0
100	3	1 0 1 1 0 0 1 0 1 0 0 0 0 0 0 0
100	17	1 0 1 1 1 0 1 0 1 0 1 0 0 0 0 0
100	6	1 0 0 0 0 0 0 1 0 1 0 0 0 0 0 0
100	5	1 0 0 1 0 1 0 0 1 0 0 0 0 0 0 0
100	3	1 1 1 0 0 0 1 0 0 0 1 0 0 0 0 0
100	3	1 0 0 1 0 0 1 0 1 1 0 1 0 0 0 0
100	9	1 0 0 0 1 0 1 0 1 0 0 0 0 0 0 0
100	5	1 0 0 0 1 0 0 1 0 0 1 0 1 0 0 0
100	4	1 1 1 0 0 0 1 0 1 1 1 0 0 0 0 1
100	3	0 0 1 0 0 0 1 0 1 0 0 1 0 0 0 1
100	5	1 0 1 1 0 0 1 0 1 0 1 0 0 0 1 0
100	2	1 0 0 0 1 0 0 0 0 1 0 1 0 0 0 0
100	3	1 0 1 1 0 0 0 0 1 0 0 1 0 0 0 0
100	2	0 0 1 0 0 0 1 0 1 0 0 1 1 0 0 0
100	5	1 0 1 1 0 0 1 0 1 0 1 0 1 0 0 0
100	3	1 0 0 1 0 1 0 1 0 0 0 0 1 0 0 0
100	1	1 0 0 1 0 1 0 0 1 0 1 1 0 0 1 0
100	1	1 0 1 0 0 1 1 0 1 0 1 1 0 0 0 0
100	1	1 0 1 0 0 0 1 0 0 0 1 1 0 0 0 0
100	1	1 1 0 1 0 0 1 0 1 0 0 1 0 0 0 0
100	3	1 0 1 1 0 0 0 1 1 1 1 0 1 0 0 0
100	1	1 0 1 1 0 0 1 1 1 0 1 0 1 0 0 0
100	2	1 0 0 0 1 0 0 1 0 1 1 1 1 0 0 0
100	2	1 0 0 1 0 1 0 1 0 1 0 1 1 0 0 0
100	3	1 1 1 0 0 0 0 0 1 0 0 1 0 0 0 0
100	1	1 0 0 0 1 0 0 1 0 1 1 0 0 0 0 0
100	2	1 0 1 1 1 0 1 0 1 1 1 0 0 0 0 0
100	1	1 1 0 0 0 0 0 1 0 1 0 0 0 0 0 0
100	1	1 0 1 0 0 0 1 1 1 0 0 1 0 0 0 0
100	2	0 0 1 0 0 0 1 0 1 1 0 1 0 0 0 0
100	2	1 0 1 0 0 0 1 0 1 0 0 0 0 1 0 0
100	1	1 0 0 0 1 0 0 0 0 0 1 0 1 0 0 0
100	1	0 0 1 0 0 0 0 0 0 0 0 1 0 0 0 0
100	2	1 0 1 0 0 0 1 0 1 1 1 0 0 1 0 0
100	2	1 0 0 0 0 1 0 0 1 0 0 1 0 0 0 0
120	102	1 0 1 0 0 0 1 0 1 0 0 1 0 0 0 0
120	59	1 0 1 0 0 0 1 0 1 0 1 1 0 0 0 0
120	26	1 0 0 1 0 1 0 1 0 1 0 0 1 0 0 0
120	16	1 1 1 0 0 0 1 0 1 0 0 1 0 0 0 0
120	4	0 0 1 0 0 0 1 0 1 0 0 1 0 0 0 0
120	49	1 0 0 1 0 0 1 0 1 0 0 1 0 0 0 0
120	21	1 0 1 0 0 0 1 0 1 0 0 0 0 0 0 0
120	11	1 0 0 0 1 0 0 0 0 0 1 0 0 0 0 0
120	52	1 0 1 0 0 0 1 0 1 1 0 1 0 0 0 0
120	22	1 0 1 1 0 0 1 0 1 0 0 1 0 0 0 0
120	3	1 0 1 1 0 0 1 1 1 1 1 0 1 0 0 0
120	1	1 0 1 0 0 0 1 0 1 1 1 0 0 0 0 0
120	19	1 1 1 0 0 0 1 0 1 0 0 1 0 1 0 0
120	16	1 0 1 0 0 0 1 0 1 0 0 1 1 0 0 1
120	28	1 0 0 1 0 1 0 0 1 0 0 1 0 0 0 0
120	1	0 0 1 0 1 0 1 1 1 0 0 1 0 0 0 0
120	17	1 0 1 1 0 0 1 1 1 0 0 1 0 0 1 0
120	11	1 0 1 0 0 0 1 0 0 1 0 1 0 0 0 0
120	4	1 0 0 1 0 1 0 1 0 1 0 1 0 0 0 0
120	19	1 0 1 1 0 0 1 0 1 0 0 1 0 0 1 1
120	24	1 0 1 0 0 0 1 0 1 1 1 1 0 0 0 0
120	4	1 1 1 0 0 0 1 0 1 0 0 1 0 0 1 0
120	66	1 0 1 0 0 0 0 0 1 0 0 1 0 0 0 0
120	7	1 0 0 1 0 1 0 0 1 0 1 1 0 0 0 0
120	19	1 0 1 0 1 0 1 0 1 0 0 1 1 1 0 0
120	34	1 0 0 1 0 0 1 0 1 0 0 1 0 1 0 0
120	5	1 0 1 0 0 0 1 0 1 0 0 0 1 0 0 0
120	53	1 0 1 1 1 0 1 0 1 0 1 0 0 0 0 0
120	23	1 0 1 1 0 0 1 0 1 0 1 0 1 0 0 0
120	4	1 1 1 0 0 0 0 0 1 0 0 1 0 0 0 0
120	8	1 0 1 0 0 0 0 0 1 0 0 1 0 1 0 0
120	11	1 0 1 1 0 0 1 0 1 0 1 0 0 1 1 0
120	1	0 0 1 0 0 0 0 1 1 0 0 1 0 0 0 0
120	1	1 0 1 1 1 0 1 0 1 0 1 0 0 1 1 0
120	6	1 0 1 0 1 0 1 0 1 0 1 0 0 0 0 0
120	11	1 0 1 1 0 0 1 0 1 1 0 1 0 0 0 0
120	15	1 0 0 1 0 0 1 0 1 0 0 0 0 0 0 0
120	2	1 0 0 0 1 0 0 1 1 0 0 0 0 0 0 0
120	9	1 0 0 0 1 0 1 1 1 0 0 1 0 0 0 0
120	4	1 0 0 1 0 1 0 1 0 1 0 1 0 0 0 1
120	2	1 1 1 0 0 0 1 0 1 0 1 1 0 0 1 0
120	3	1 0 1 0 0 0 1 1 1 0 0 1 0 0 0 0
120	17	1 0 1 0 0 0 1 0 1 0 1 0 1 0 0 0
120	4	1 0 1 1 0 1 0 1 0 0 0 0 1 0 0 0
120	11	1 1 1 0 0 0 0 0 0 0 0 1 0 0 0 0
120	6	1 0 1 1 0 0 1 0 1 0 0 0 0 0 0 0
120	6	1 0 0 1 0 0 1 0 1 1 0 1 0 0 0 0
120	6	1 0 1 0 0 1 1 0 1 1 0 1 0 0 0 0
120	3	1 0 0 1 0 1 1 0 1 0 1 1 0 0 0 0
120	15	1 0 1 1 0 0 1 0 1 0 1 0 0 0 0 0
120	1	1 1 0 1 0 1 0 1 1 0 1 0 1 0 0 0
120	1	1 0 1 0 0 0 1 1 1 0 1 1 0 0 0 0
120	5	1 0 1 0 0 0 1 0 1 0 1 1 1 0 0 1
120	8	1 1 1 0 0 0 1 0 1 0 1 0 0 0 0 0
120	3	0 0 1 0 0 0 1 0 1 0 1 0 1 0 0 0
120	11	1 0 0 1 0 1 0 1 0 1 0 0 1 0 0 1
120	3	1 0 0 0 0 0 1 1 1 0 0 1 0 0 0 0
120	9	1 0 1 0 0 0 1 0 1 0 0 1 0 0 1 0
120	1	1 0 0 1 0 1 1 0 0 1 0 1 0 0 0 0
120	8	1 0 0 1 0 1 0 0 1 0 0 1 0 1 0 0
120	1	1 1 0 1 0 1 0 1 0 1 0 1 0 0 0 0
120	2	1 1 1 1 0 0 1 0 1 0 1 0 0 0 0 0
120	4	1 0 0 1 0 0 1 0 1 0 1 0 0 0 0 0
120	8	1 0 1 1 1 0 1 0 1 0 0 0 0 0 0 0
120	2	1 0 1 1 1 0 1 0 1 0 1 0 0 1 0 0
120	3	1 0 0 1 0 1 0 1 0 1 1 0 1 0 0 0
120	3	1 0 0 1 0 0 1 0 1 0 0 1 0 0 0 1
120	4	1 0 1 0 0 0 1 0 1 0 1 0 0 0 0 0
120	3	0 1 1 1 0 0 1 0 1 0 1 0 0 0 0 0
120	7	1 0 1 1 1 0 1 0 1 0 0 1 0 0 0 0
120	8	1 0 1 1 0 0 1 0 1 0 0 1 0 0 0 1
120	2	1 0 1 1 0 0 1 0 0 0 0 1 0 0 1 1
120	4	1 0 0 1 1 0 1 0 1 0 0 1 0 1 0 0
120	3	1 0 0 1 0 0 1 0 1 0 1 0 0 1 1 0
120	1	1 0 1 0 0 0 1 0 1 0 1 1 0 1 0 0
120	8	1 1 1 1 0 0 1 1 1 0 1 0 0 0 0 0
120	3	1 0 1 0 0 1 1 0 1 0 1 1 0 0 0 0
120	1	1 0 1 1 0 0 1 0 0 1 0 1 0 0 0 0
120	3	1 1 1 1 0 0 1 0 1 0 1 0 0 1 1 0
120	1	0 0 1 1 0 0 1 0 1 0 1 0 0 0 0 0
120	1	1 0 0 0 1 0 1 0 1 0 1 1 0 0 0 0
120	1	1 1 0 0 0 0 1 0 1 0 0 0 1 0 0 0
120	2	1 0 1 0 0 0 1 0 0 0 0 1 0 0 0 0
120	2	1 1 1 0 0 0 1 0 1 0 1 1 0 0 0 0
120	5	1 0 1 0 0 0 1 1 1 0 0 1 0 0 1 0
120	4	1 0 1 0 0 0 0 0 1 0 1 1 0 0 0 0
120	1	1 0 0 1 0 0 1 0 1 0 0 1 0 1 0 1
120	1	1 0 1 1 1 0 1 0 1 0 1 1 0 0 0 0
120	1	1 0 0 1 1 0 1 0 1 0 1 0 0 1 0 0
140	62	1 0 1 0 0 0 1 0 1 0 0 1 0 0 0 0
140	44	1 0 1 0 0 0 1 0 1 0 1 1 0 0 0 0
140	23	1 1 1 0 0 0 1 0 1 0 0 1 0 0 0 0
140	27	1 0 0 1 0 0 1 0 1 0 0 1 0 0 0 0
140	19	1 0 1 0 0 0 1 0 1 0 0 0 0 0 0 0
140	49	1 0 1 0 0 0 1 0 1 1 0 1 0 0 0 0
140	29	1 0 1 1 0 0 1 0 1 0 0 1 0 0 0 0
140	17	1 0 1 1 0 0 1 1 1 1 1 0 1 0 0 0
140	3	1 1 1 0 0 0 1 0 1 0 0 1 0 1 0 0
140	22	1 0 0 1 0 1 0 0 1 0 0 1 0 0 0 0
140	16	1 0 1 0 0 0 1 0 0 1 0 1 0 0 0 0
140	3	1 0 0 1 0 1 0 1 0 1 0 1 0 0 0 0
140	25	1 0 1 1 0 0 1 0 1 0 0 1 0 0 1 1
140	36	1 0 1 0 0 0 0 0 1 0 0 1 0 0 0 0
140	48	1 0 1 0 1 0 1 0 1 0 0 1 1 1 0 0
140	18	1 0 0 1 0 0 1 0 1 0 0 1 0 1 0 0
140	78	1 0 1 1 1 0 1 0 1 0 1 0 0 0 0 0
140	29	1 0 1 1 0 0 1 0 1 0 1 0 1 0 0 0
140	9	1 0 1 1 0 0 1 0 1 0 1 0 0 1 1 0
140	33	1 0 1 0 1 0 1 0 1 0 1 0 0 0 0 0
140	17	1 0 1 1 0 0 1 0 1 1 0 1 0 0 0 0
140	2	1 0 0 1 0 0 1 0 1 0 0 0 0 0 0 0
140	7	1 0 1 0 0 0 1 1 1 0 0 1 0 0 0 0
140	9	1 0 1 1 0 1 0 1 0 0 0 0 1 0 0 0
140	8	1 1 1 0 0 0 0 0 0 0 0 1 0 0 0 0
140	6	1 0 0 1 0 0 1 0 1 1 0 1 0 0 0 0
140	10	1 0 1 0 0 1 1 0 1 1 0 1 0 0 0 0
140	32	1 0 1 1 0 0 1 0 1 0 1 0 0 0 0 0
140	2	1 0 1 0 0 0 1 1 1 0 1 1 0 0 0 0
140	14	1 0 0 1 0 1 0 1 0 1 0 0 1 0 0 1
140	14	1 0 0 0 0 0 1 1 1 0 0 1 0 0 0 0
140	5	1 0 1 0 0 0 1 0 1 0 0 1 0 0 1 0
140	30	1 0 1 1 1 0 1 0 1 0 1 0 0 1 0 0
140	26	1 0 1 1 1 0 1 0 1 0 0 1 0 0 0 0
140	8	1 0 1 1 0 0 1 0 1 0 0 1 0 0 0 1
140	14	1 1 1 1 0 0 1 1 1 0 1 0 0 0 0 0
140	4	1 0 0 1 0 0 0 0 1 1 0 1 0 0 0 0
140	13	1 0 1 0 0 1 1 1 1 0 1 1 0 0 0 0
140	5	1 0 1 1 0 0 1 0 1 1 1 1 0 0 0 0
140	7	1 0 1 0 0 0 1 1 1 0 0 1 1 0 1 0
140	2	1 0 1 0 1 0 0 0 1 0 0 1 0 0 0 0
140	4	1 0 1 0 1 0 0 0 1 0 1 0 0 0 0 0
140	11	1 0 1 0 1 1 1 0 1 1 0 1 0 0 0 0
140	2	1 0 1 1 1 0 0 0 1 0 0 1 0 0 0 0
140	3	0 0 1 0 1 0 1 0 1 0 1 0 0 0 0 0
140	14	1 0 1 0 0 1 1 1 1 1 0 1 0 0 0 0
140	5	1 0 1 1 0 1 0 1 0 1 0 1 1 0 0 0
140	21	1 1 1 1 0 0 1 0 1 0 0 1 0 0 0 0
140	5	1 0 0 1 0 0 1 1 1 0 0 1 0 0 0 0
140	2	1 0 1 1 0 1 1 0 1 0 0 1 0 0 0 0
140	9	1 0 1 1 1 0 1 0 1 0 1 1 1 1 0 0
140	3	0 0 0 1 0 0 1 0 1 0 0 1 0 0 0 0
140	5	1 0 1 1 1 0 1 0 1 0 1 1 0 0 0 0
140	11	1 0 0 0 0 0 1 1 1 0 0 1 0 1 0 0
140	6	0 0 1 0 0 0 1 0 0 0 1 0 0 1 0 0
140	3	1 0 1 0 0 0 1 0 1 1 0 1 1 0 0 0
140	10	1 1 0 1 0 0 1 0 1 1 0 1 0 0 0 0
140	1	1 0 0 1 0 0 1 1 1 1 0 1 0 0 0 0
140	4	1 0 1 0 1 0 1 0 1 0 0 1 0 0 0 0
140	5	1 1 1 1 0 0 1 1 1 0 1 0 1 1 0 0
140	2	1 0 1 1 1 0 1 0 1 1 0 1 0 0 0 0
140	1	1 0 0 1 0 0 1 1 1 1 1 0 1 0 0 0
140	3	1 0 1 1 1 0 1 0 0 0 0 1 0 0 0 0
140	2	1 0 1 0 0 0 1 0 1 0 0 1 0 0 1 1
140	4	1 0 1 0 0 0 1 0 1 1 0 1 0 1 0 0
140	5	1 0 1 0 1 0 1 0 1 0 1 0 0 1 0 0
140	2	1 0 0 1 0 0 1 0 1 0 1 1 0 0 0 0
140	5	1 1 0 1 0 0 0 0 1 1 0 1 0 0 0 0
140	1	1 0 0 1 0 1 0 1 0 1 0 0 1 1 0 1
140	2	1 0 1 1 0 0 1 0 1 0 1 0 0 1 0 0
140	1	0 0 1 0 0 0 1 0 1 0 0 1 0 0 0 0
140	2	1 1 1 0 0 0 1 0 1 0 0 0 0 0 0 0
140	2	1 0 1 1 0 0 1 1 1 1 1 0 1 1 0 0
140	1	1 0 1 0 0 0 0 0 1 0 0 1 1 0 0 0
140	2	1 0 0 1 0 0 1 0 1 0 1 0 1 0 0 0
140	1	1 1 1 1 0 0 1 1 1 0 1 0 0 0 0 1
140	2	1 1 1 0 0 0 0 0 0 0 0 1 0 1 0 0
140	1	1 0 0 0 0 0 1 0 1 0 0 1 0 0 1 1
140	2	1 0 1 1 1 0 1 0 1 0 1 0 1 0 0 0
140	1	1 0 1 1 0 0 1 0 1 0 1 1 0 0 0 0
140	2	1 0 1 1 0 0 1 0 1 0 0 0 0 0 0 0
140	1	1 0 0 1 0 1 0 1 1 0 0 1 0 0 0 0
140	1	1 0 0 1 0 1 0 0 1 0 0 1 0 0 0 1
140	1	1 0 0 1 0 0 1 0 1 0 0 1 0 0 1 1
140	3	1 0 0 1 1 0 1 0 1 0 1 0 0 0 0 0
140	1	1 0 1 1 1 0 0 0 1 0 0 0 0 0 0 0
160	61	1 0 1 0 0 0 1 0 1 0 0 1 0 0 0 0
160	29	1 0 1 0 0 0 1 0 1 0 1 1 0 0 0 0
160	59	1 1 1 0 0 0 1 0 1 0 0 1 0 0 0 0
160	1	1 0 0 1 0 0 1 0 1 0 0 1 0 0 0 0
160	11	1 0 1 0 0 0 1 0 1 0 0 0 0 0 0 0
160	17	1 0 1 0 0 0 1 0 1 1 0 1 0 0 0 0
160	17	1 0 1 1 0 0 1 0 1 0 0 1 0 0 0 0
160	14	1 0 1 1 0 0 1 1 1 1 1 0 1 0 0 0
160	3	1 0 1 0 0 0 1 0 0 1 0 1 0 0 0 0
160	2	1 0 1 1 0 0 1 0 1 0 0 1 0 0 1 1
160	4	1 0 1 0 0 0 0 0 1 0 0 1 0 0 0 0
160	3	1 0 1 0 1 0 1 0 1 0 0 1 1 1 0 0
160	11	1 0 0 1 0 0 1 0 1 0 0 1 0 1 0 0
160	104	1 0 1 1 1 0 1 0 1 0 1 0 0 0 0 0
160	6	1 0 1 1 0 0 1 0 1 0 1 0 1 0 0 0
160	18	1 0 1 0 1 0 1 0 1 0 1 0 0 0 0 0
160	19	1 0 1 1 0 0 1 0 1 1 0 1 0 0 0 0
160	57	1 0 1 0 0 0 1 1 1 0 0 1 0 0 0 0
160	15	1 1 1 0 0 0 0 0 0 0 0 1 0 0 0 0
160	2	1 0 0 1 0 0 1 0 1 1 0 1 0 0 0 0
160	20	1 0 1 1 0 0 1 0 1 0 1 0 0 0 0 0
160	12	1 0 0 1 0 1 0 1 0 1 0 0 1 0 0 1
160	26	1 0 0 0 0 0 1 1 1 0 0 1 0 0 0 0
160	4	1 0 1 1 1 0 1 0 1 0 0 1 0 0 0 0
160	8	1 0 1 0 0 1 1 1 1 1 0 1 0 0 0 0
160	4	1 0 1 1 0 1 0 1 0 1 0 1 1 0 0 0
160	39	1 1 1 1 0 0 1 0 1 0 0 1 0 0 0 0
160	25	1 0 1 1 0 1 1 0 1 0 0 1 0 0 0 0
160	16	1 0 1 1 1 0 1 0 1 0 1 1 0 0 0 0
160	1	1 1 0 1 0 0 1 0 1 1 0 1 0 0 0 0
160	24	1 0 0 1 0 0 1 1 1 1 0 1 0 0 0 0
160	2	1 1 1 1 0 0 1 1 1 0 1 0 1 1 0 0
160	13	1 0 1 1 1 0 1 0 1 1 0 1 0 0 0 0
160	3	1 0 1 0 0 0 1 0 1 0 0 1 0 0 1 1
160	9	1 0 1 0 0 0 1 0 1 1 0 1 0 1 0 0
160	2	1 0 0 1 0 0 1 0 1 0 1 1 0 0 0 0
160	30	1 1 1 1 0 0 1 1 1 0 1 0 0 0 0 1
160	4	1 0 0 0 0 0 1 0 1 0 0 1 0 0 1 1
160	23	1 0 0 1 1 0 1 0 1 0 1 0 0 0 0 0
160	15	1 0 1 0 1 0 1 0 1 1 1 0 0 0 0 0
160	7	1 0 1 0 0 0 0 0 1 0 0 0 0 0 0 0
160	2	1 0 1 0 0 1 0 1 1 1 0 1 0 0 0 0
160	5	1 0 0 0 0 0 1 0 1 0 0 1 0 0 0 0
160	2	1 0 1 1 1 1 1 0 1 0 0 1 0 0 0 0
160	4	1 0 0 0 0 0 1 0 1 1 0 1 0 0 0 0
160	9	0 0 1 1 1 0 1 0 1 0 1 0 0 0 0 0
160	7	1 0 0 1 0 0 1 0 1 0 0 1 0 1 1 0
160	4	1 0 1 0 0 0 1 0 1 0 1 0 0 1 0 0
160	2	1 0 1 0 1 0 1 0 1 0 1 0 0 0 0 1
160	2	1 0 1 0 0 0 1 1 1 0 0 0 1 0 1 0
160	10	0 0 1 0 0 0 1 0 0 0 1 1 0 0 0 0
160	1	1 1 1 1 0 0 0 0 0 0 0 1 0 0 0 0
160	1	0 0 1 0 0 1 1 1 1 1 0 1 0 0 0 0
160	2	0 0 1 0 0 0 1 0 0 1 1 0 0 1 0 0
160	5	1 1 1 0 0 0 1 0 1 0 1 0 0 0 0 1
160	2	1 0 1 1 0 0 1 0 1 0 1 0 1 0 0 1
160	23	1 0 1 1 0 1 1 1 1 1 0 1 0 0 0 0
160	4	1 0 1 0 0 0 0 0 1 1 0 1 0 1 0 0
160	2	1 1 1 1 0 0 1 0 1 0 0 1 0 1 1 0
160	3	1 0 0 0 0 0 1 1 1 0 0 1 1 0 0 0
160	7	1 0 0 0 0 0 1 1 1 1 0 1 0 0 0 0
160	11	1 0 0 0 0 1 1 1 1 0 0 0 0 0 0 0
160	11	1 0 1 0 0 0 1 0 1 0 1 0 0 0 0 0
160	7	1 0 1 0 0 0 1 0 0 0 0 1 0 0 0 0
160	19	1 0 1 0 0 0 1 1 1 0 0 0 0 0 0 0
160	3	1 1 1 0 0 0 0 0 0 0 0 1 0 1 0 0
160	3	1 0 1 1 1 1 1 0 1 0 1 1 1 1 0 0
160	4	1 0 1 0 0 0 1 0 1 0 1 0 1 1 0 0
160	4	1 0 0 1 0 1 0 1 0 1 0 0 1 1 0 1
160	2	1 0 1 1 1 0 1 0 1 0 0 0 1 0 0 0
160	8	0 1 1 0 0 0 1 0 1 0 0 1 0 0 0 0
160	9	0 0 0 1 0 0 1 0 1 0 1 1 0 0 0 0
160	7	1 0 1 0 1 0 1 0 1 1 0 1 0 0 0 0
160	10	1 0 1 0 0 0 1 1 1 0 0 1 1 1 0 0
160	3	1 0 1 1 0 0 1 0 0 1 1 0 0 1 0 0
160	6	1 0 0 1 0 0 1 0 1 0 0 0 0 0 0 0
160	2	1 0 0 0 0 0 1 0 1 1 1 0 0 0 0 1
160	4	1 0 1 0 0 0 0 0 1 0 1 1 0 0 0 0
160	1	1 1 0 1 0 0 0 0 1 1 0 1 0 0 0 0
160	1	1 1 1 1 0 0 1 1 1 0 0 0 0 0 0 1
160	2	0 0 1 0 0 0 1 1 1 0 0 1 0 0 0 0
160	1	0 0 1 0 0 0 1 0 0 1 0 1 0 0 0 0
160	7	1 0 1 1 1 0 1 0 0 0 1 0 0 0 0 0
160	3	1 1 1 1 0 0 1 0 1 0 0 1 0 1 0 0
160	3	1 1 1 1 1 0 1 0 1 0 0 1 0 0 0 0
160	1	1 0 1 0 0 0 0 1 1 0 0 0 0 0 0 0
160	1	0 1 1 1 0 0 1 1 1 0 0 0 0 0 0 1
160	2	1 0 1 1 0 1 0 1 0 0 0 1 0 0 0 0
160	1	1 0 1 0 1 0 1 0 1 0 0 1 0 1 0 0
160	2	1 0 1 1 1 0 1 1 1 0 1 0 0 0 0 0
160	4	1 0 1 0 0 0 1 1 1 1 0 1 0 0 0 0
160	2	1 0 0 1 1 1 1 0 1 0 1 0 0 0 1 0
160	1	1 0 1 0 0 0 1 1 0 0 0 0 1 0 1 0
160	4	0 0 1 0 0 0 1 0 0 0 1 1 0 0 1 0
160	1	1 1 1 1 0 0 1 1 1 0 1 0 0 0 0 0
160	1	1 0 1 0 1 0 1 0 1 0 0 1 0 0 0 0
160	2	1 1 1 0 0 0 1 0 1 0 0 1 1 0 0 0
160	4	1 0 1 1 1 0 1 0 1 0 0 0 0 0 0 0
160	2	0 0 1 1 0 1 1 0 1 0 0 1 0 0 0 0
160	1	1 1 1 1 1 0 1 1 1 0 1 0 0 0 0 1
160	1	1 0 1 0 0 1 0 1 1 1 0 1 0 0 0 1
160	1	1 0 1 0 0 0 0 0 0 0 0 1 0 1 0 0
160	1	1 0 1 0 1 0 1 0 1 0 0 0 1 0 0 0
180	20	1 0 1 0 0 0 1 0 1 0 0 1 0 0 0 0
180	26	1 0 1 0 0 0 1 0 1 0 1 1 0 0 0 0
180	24	1 1 1 0 0 0 1 0 1 0 0 1 0 0 0 0
180	12	1 0 1 0 0 0 1 0 1 0 0 0 0 0 0 0
180	5	1 0 1 0 0 0 1 0 1 1 0 1 0 0 0 0
180	55	1 0 1 1 0 0 1 0 1 0 0 1 0 0 0 0
180	5	1 0 1 1 0 0 1 1 1 1 1 0 1 0 0 0
180	14	1 0 1 0 0 0 0 0 1 0 0 1 0 0 0 0
180	63	1 0 1 1 1 0 1 0 1 0 1 0 0 0 0 0
180	39	1 0 1 1 0 0 1 0 1 0 1 0 1 0 0 0
180	26	1 0 1 0 1 0 1 0 1 0 1 0 0 0 0 0
180	27	1 1 1 0 0 0 0 0 0 0 0 1 0 0 0 0
180	30	1 0 1 1 0 0 1 0 1 0 1 0 0 0 0 0
180	6	1 0 0 1 0 1 0 1 0 1 0 0 1 0 0 1
180	26	1 0 0 0 0 0 1 1 1 0 0 1 0 0 0 0
180	31	1 0 1 1 1 0 1 0 1 0 0 1 0 0 0 0
180	82	1 1 1 1 0 0 1 0 1 0 0 1 0 0 0 0
180	2	1 0 1 1 1 0 1 0 1 0 1 1 0 0 0 0
180	2	1 0 0 1 0 0 1 1 1 1 0 1 0 0 0 0
180	15	1 0 1 1 1 0 1 0 1 1 0 1 0 0 0 0
180	6	1 0 0 1 0 0 1 0 1 0 1 1 0 0 0 0
180	87	1 1 1 1 0 0 1 1 1 0 1 0 0 0 0 1
180	12	1 0 1 0 0 0 0 0 1 0 0 0 0 0 0 0
180	5	1 0 1 1 1 1 1 0 1 0 0 1 0 0 0 0
180	25	1 0 1 0 0 0 1 0 1 0 1 0 0 1 0 0
180	5	1 0 1 1 0 1 1 1 1 1 0 1 0 0 0 0
180	12	1 1 1 1 0 0 1 0 1 0 0 1 0 1 1 0
180	1	1 0 0 0 0 0 1 1 1 1 0 1 0 0 0 0
180	5	1 0 1 0 0 0 1 0 1 0 1 0 0 0 0 0
180	2	1 0 1 0 0 0 1 0 0 0 0 1 0 0 0 0
180	11	1 1 1 0 0 0 0 0 0 0 0 1 0 1 0 0
180	20	0 1 1 0 0 0 1 0 1 0 0 1 0 0 0 0
180	5	0 0 0 1 0 0 1 0 1 0 1 1 0 0 0 0
180	13	1 0 0 1 0 0 1 0 1 0 0 0 0 0 0 0
180	4	1 0 1 1 1 0 1 0 0 0 1 0 0 0 0 0
180	37	1 1 1 1 1 0 1 0 1 0 0 1 0 0 0 0
180	5	1 0 1 1 0 1 0 1 0 0 0 1 0 0 0 0
180	7	1 1 1 1 0 0 1 1 1 0 1 0 0 0 0 0
180	4	1 0 1 0 1 0 1 0 1 0 0 1 0 0 0 0
180	13	1 0 1 1 1 0 1 0 1 0 0 0 0 0 0 0
180	18	0 0 0 1 0 0 1 0 1 0 0 1 0 1 0 0
180	8	1 1 1 1 1 0 1 0 1 0 0 1 0 1 1 0
180	7	1 0 1 1 0 1 1 1 1 0 0 0 0 0 0 0
180	6	1 0 0 0 0 0 1 0 1 0 1 0 0 0 0 0
180	3	1 0 1 0 0 0 1 1 1 1 0 1 0 0 0 0
180	8	1 0 1 0 0 0 1 0 1 0 1 0 0 0 0 1
180	1	0 0 1 0 1 0 1 0 0 0 1 1 0 0 0 0
180	4	1 0 1 1 1 0 1 1 1 0 0 1 0 0 0 0
180	20	1 1 1 1 1 0 1 0 0 0 0 1 0 0 1 0
180	7	1 0 0 1 1 0 1 0 1 1 0 1 0 0 0 0
180	2	1 0 0 1 0 0 1 0 1 1 0 1 0 0 0 0
180	7	1 1 1 1 1 0 1 0 1 0 1 0 0 0 0 0
180	3	0 1 1 1 0 0 1 1 1 0 1 0 0 0 0 1
180	6	1 0 1 1 1 0 1 0 1 0 0 0 0 0 0 1
180	2	1 0 1 0 1 0 1 0 1 0 1 1 0 0 0 0
180	1	1 0 0 0 0 0 1 0 1 1 0 1 0 1 0 0
180	3	1 0 1 1 1 0 0 0 1 0 1 0 0 0 0 0
180	3	1 0 1 1 1 0 1 0 1 0 1 0 0 0 0 1
180	4	0 0 1 0 0 0 1 1 1 0 0 1 0 0 0 0
180	5	1 1 1 1 0 0 1 0 1 0 1 0 0 0 0 0
180	2	1 0 1 1 0 1 1 1 1 1 0 1 1 0 0 0
180	1	1 0 1 1 0 1 0 1 0 0 0 1 1 0 0 0
180	9	0 0 1 1 1 0 1 0 1 0 1 0 0 0 0 0
180	9	1 0 0 0 0 0 1 1 1 0 0 1 0 0 0 1
180	2	1 0 1 1 1 0 1 0 0 0 1 0 1 0 0 0
180	9	1 1 1 1 1 0 1 0 1 0 0 0 0 0 0 0
180	4	0 0 1 1 1 0 1 0 1 1 0 1 0 0 0 0
180	3	1 1 1 0 0 0 0 0 0 0 1 1 0 0 0 0
180	3	0 1 1 0 0 0 1 0 0 0 1 1 0 0 0 0
180	2	1 1 1 1 0 0 1 0 1 0 1 0 1 0 0 0
180	2	1 0 1 1 0 0 1 0 1 0 0 1 1 0 0 0
180	6	1 0 1 0 1 0 1 0 1 0 0 0 0 0 0 0
180	5	0 0 1 0 0 0 1 0 0 0 1 1 0 0 1 0
180	2	1 0 1 1 1 0 1 1 1 0 0 1 0 1 0 0
180	4	1 0 1 1 1 0 1 0 1 1 0 0 0 0 0 0
180	1	1 0 0 1 0 0 1 0 1 1 0 1 0 0 1 0
180	1	0 1 1 0 0 0 1 0 1 0 0 1 0 0 1 0
180	1	1 0 1 0 0 0 1 0 1 0 1 0 1 0 0 0
180	1	0 0 1 0 0 0 1 0 1 0 1 0 0 0 0 1
180	1	1 1 1 0 0 0 1 0 1 0 1 1 0 0 0 0
180	2	1 0 1 1 0 0 1 0 0 0 1 0 1 0 0 0
180	6	1 0 1 0 0 0 0 0 1 0 1 0 0 0 0 0
180	1	1 0 1 1 1 0 1 1 1 0 0 0 0 0 0 1
180	2	1 1 1 0 0 0 1 0 1 0 1 0 0 0 0 1
180	1	1 1 1 0 0 0 0 0 0 0 1 0 0 1 0 0
180	1	1 0 0 1 0 0 1 0 1 0 1 0 0 0 0 0
180	4	1 0 1 1 0 1 1 1 1 0 1 0 0 0 0 0
180	1	1 1 1 0 0 0 1 0 1 0 0 1 0 1 0 0
180	3	1 0 1 1 0 0 1 0 1 1 0 1 0 0 0 0
180	1	1 1 1 0 0 0 0 0 1 0 0 1 0 0 0 0
180	1	1 1 1 1 0 0 1 0 1 0 0 1 1 0 0 0
180	2	1 0 1 1 0 1 1 1 1 1 1 0 0 0 0 0
200	5	1 0 1 0 0 0 1 0 1 0 0 1 0 0 0 0
200	12	1 1 1 0 0 0 1 0 1 0 0 1 0 0 0 0
200	1	1 0 1 0 0 0 1 0 1 0 0 0 0 0 0 0
200	43	1 0 1 1 0 0 1 0 1 0 0 1 0 0 0 0
200	18	1 0 1 1 0 0 1 1 1 1 1 0 1 0 0 0
200	45	1 0 1 0 0 0 0 0 1 0 0 1 0 0 0 0
200	53	1 0 1 1 1 0 1 0 1 0 1 0 0 0 0 0
200	17	1 0 1 1 0 0 1 0 1 0 1 0 1 0 0 0
200	22	1 0 1 0 1 0 1 0 1 0 1 0 0 0 0 0
200	28	1 0 1 1 0 0 1 0 1 0 1 0 0 0 0 0
200	8	1 0 0 0 0 0 1 1 1 0 0 1 0 0 0 0
200	32	1 0 1 1 1 0 1 0 1 0 0 1 0 0 0 0
200	78	1 1 1 1 0 0 1 0 1 0 0 1 0 0 0 0
200	11	1 0 1 1 1 0 1 0 1 1 0 1 0 0 0 0
200	76	1 1 1 1 0 0 1 1 1 0 1 0 0 0 0 1
200	14	1 0 1 1 1 1 1 0 1 0 0 1 0 0 0 0
200	7	1 0 1 0 0 0 1 0 1 0 1 0 0 1 0 0
200	19	1 0 1 1 0 1 1 1 1 1 0 1 0 0 0 0
200	114	1 1 1 1 1 0 1 0 1 0 0 1 0 0 0 0
200	34	1 1 1 1 0 0 1 1 1 0 1 0 0 0 0 0
200	4	1 0 1 1 1 0 1 0 1 0 0 0 0 0 0 0
200	5	1 1 1 1 1 0 1 0 0 0 0 1 0 0 1 0
200	15	1 1 1 1 1 0 1 0 1 0 1 0 0 0 0 0
200	16	1 1 1 1 0 0 1 0 1 0 1 0 0 0 0 0
200	11	0 0 1 1 1 0 1 0 1 0 1 0 0 0 0 0
200	5	1 0 1 1 0 0 1 0 1 0 0 1 1 0 0 0
200	11	1 0 1 1 1 0 1 1 1 0 0 1 0 1 0 0
200	3	0 0 1 0 0 0 1 0 1 0 1 0 0 0 0 1
200	14	1 1 1 1 0 0 1 1 1 0 1 1 0 0 0 0
200	18	1 0 1 1 0 0 1 0 1 0 1 0 1 0 1 0
200	11	1 0 1 1 0 0 1 0 0 0 1 0 0 0 0 0
200	8	1 1 1 1 0 0 1 1 1 0 0 1 0 0 0 0
200	10	1 1 1 1 1 0 0 0 0 0 0 1 0 0 1 0
200	1	1 0 0 1 0 0 1 0 1 0 0 1 0 0 0 0
200	16	1 1 1 1 0 0 0 0 1 0 1 0 0 0 0 0
200	1	1 1 1 1 0 1 1 0 1 0 0 1 0 0 0 0
200	10	1 1 0 1 1 0 1 0 1 0 0 1 0 0 0 0
200	3	1 1 1 1 1 0 1 0 1 0 0 0 0 0 0 1
200	6	1 1 1 1 0 0 1 0 1 0 0 1 1 0 0 0
200	20	1 1 1 1 0 0 1 0 0 0 0 1 0 0 0 0
200	6	1 1 1 1 0 0 1 1 1 0 1 1 0 0 0 1
200	7	1 0 1 1 0 0 1 0 1 0 0 0 0 0 0 0
200	1	1 0 1 1 0 0 1 0 1 0 0 0 1 0 0 0
200	9	1 1 1 1 0 0 1 0 1 0 1 0 1 0 0 0
200	10	1 1 1 0 1 0 1 0 1 0 0 1 0 0 0 0
200	8	0 0 1 0 0 0 0 0 1 0 0 1 0 0 0 0
200	3	1 1 1 1 0 0 1 0 1 0 1 1 0 0 0 0
200	3	1 1 1 1 1 0 1 0 1 0 0 1 0 1 0 0
200	1	1 1 1 1 1 0 1 0 1 1 0 1 0 0 0 0
200	8	0 0 1 1 0 0 1 0 1 0 1 0 0 0 0 0
200	3	1 0 1 1 1 0 1 0 0 1 0 1 0 0 0 0
200	5	1 0 1 0 1 0 1 0 0 0 1 0 0 0 0 0
200	4	1 0 0 1 1 0 1 0 1 0 1 0 0 0 0 0
200	11	1 0 1 0 0 1 1 0 1 0 1 0 1 0 0 0
200	3	1 1 1 1 1 0 0 1 0 0 0 1 0 0 1 0
200	5	1 0 1 1 0 0 1 0 1 0 1 0 0 1 0 0
200	1	1 0 1 1 0 0 1 1 1 0 1 0 1 0 1 0
200	2	1 0 1 1 0 0 1 1 1 0 1 0 0 0 0 0
200	1	1 0 1 1 0 0 1 1 1 0 1 0 0 0 0 1
200	2	1 0 1 0 0 0 1 0 1 0 1 1 0 0 0 1
200	1	1 0 1 0 0 0 0 0 1 0 0 1 0 0 1 0
200	1	1 0 1 0 0 0 0 1 1 0 0 1 0 0 0 0
200	1	1 0 1 1 1 0 1 0 1 0 1 0 0 0 1 0
200	10	1 0 0 0 0 0 0 1 1 0 0 1 0 0 0 0
200	3	1 1 1 0 0 0 1 0 1 0 1 0 0 0 0 0
200	4	1 0 1 1 0 0 1 0 1 0 1 1 0 0 0 0
200	1	1 0 1 1 1 0 1 0 1 0 0 1 0 0 1 0
200	7	1 1 1 1 0 0 1 1 1 0 1 0 0 1 0 1
200	10	1 1 1 1 0 1 1 1 1 0 1 0 0 0 0 1
200	2	1 1 1 1 0 0 1 1 1 1 1 1 0 0 0 1
200	2	1 0 1 1 0 0 0 0 1 0 0 1 0 0 0 0
200	4	1 0 1 0 1 0 1 0 1 0 1 0 1 0 0 0
200	1	1 1 1 1 1 0 1 0 1 0 0 1 1 0 0 0
200	1	1 1 1 1 0 0 1 1 1 0 1 0 1 0 0 0
200	3	1 0 1 1 1 0 1 1 1 0 1 0 0 0 0 1
200	4	1 0 1 0 1 0 1 1 1 0 1 0 0 0 0 0
200	1	1 0 1 1 1 0 1 0 1 0 0 1 0 0 0 1
200	1	1 1 1 1 1 0 1 0 1 1 1 0 0 0 0 0
200	2	1 1 1 1 0 1 1 0 1 0 0 0 0 0 0 0
200	2	1 1 1 0 0 0 1 0 1 0 1 0 1 0 0 0
200	1	0 0 1 1 0 0 1 1 1 0 0 1 0 0 0 0
200	1	1 0 1 0 0 0 1 0 1 0 0 1 0 0 0 1
200	2	1 0 1 0 1 0 1 0 1 0 0 1 0 0 0 0
200	1	1 1 1 1 1 0 0 0 1 0 0 1 0 0 0 0
200	3	1 1 1 1 1 0 1 0 1 0 0 1 0 0 1 0
200	2	1 0 1 0 0 1 1 0 1 0 0 0 1 0 0 0
200	3	1 0 1 0 1 0 1 0 1 0 1 0 0 0 1 0
200	2	1 1 1 1 0 0 0 0 1 0 0 1 0 0 0 0
200	2	1 0 1 1 0 0 1 1 1 0 0 1 0 0 0 0
200	3	1 0 1 0 1 0 1 0 1 1 1 0 0 0 0 0
200	1	1 0 1 1 0 1 1 1 1 1 0 1 1 0 0 0
220	7	1 1 1 0 0 0 1 0 1 0 0 1 0 0 0 0
220	48	1 0 1 1 0 0 1 0 1 0 0 1 0 0 0 0
220	29	1 0 1 1 1 0 1 0 1 0 1 0 0 0 0 0
220	2	1 0 1 0 1 0 1 0 1 0 1 0 0 0 0 0
220	11	1 0 1 1 0 0 1 0 1 0 1 0 0 0 0 0
220	52	1 0 1 1 1 0 1 0 1 0 0 1 0 0 0 0
220	64	1 1 1 1 0 0 1 0 1 0 0 1 0 0 0 0
220	4	1 0 1 1 1 0 1 0 1 1 0 1 0 0 0 0
220	33	1 1 1 1 0 0 1 1 1 0 1 0 0 0 0 1
220	12	1 0 1 1 1 1 1 0 1 0 0 1 0 0 0 0
220	2	1 0 1 0 0 0 1 0 1 0 1 0 0 1 0 0
220	11	1 0 1 1 0 1 1 1 1 1 0 1 0 0 0 0
220	128	1 1 1 1 1 0 1 0 1 0 0 1 0 0 0 0
220	33	1 1 1 1 0 0 1 1 1 0 1 0 0 0 0 0
220	27	1 1 1 1 1 0 1 0 1 0 1 0 0 0 0 0
220	39	1 1 1 1 0 0 1 0 1 0 1 0 0 0 0 0
220	8	1 0 1 1 1 0 1 1 1 0 0 1 0 1 0 0
220	24	1 1 1 1 0 0 1 1 1 0 1 1 0 0 0 0
220	33	1 0 1 1 0 0 1 0 0 0 1 0 0 0 0 0
220	35	1 1 1 1 0 0 1 1 1 0 0 1 0 0 0 0
220	8	1 1 1 1 1 0 0 0 0 0 0 1 0 0 1 0
220	12	1 1 1 1 0 0 0 0 1 0 1 0 0 0 0 0
220	1	1 1 0 1 1 0 1 0 1 0 0 1 0 0 0 0
220	4	1 1 1 1 1 0 1 0 1 0 0 0 0 0 0 1
220	27	1 1 1 1 0 0 1 0 0 0 0 1 0 0 0 0
220	6	1 0 1 1 0 0 1 0 1 0 0 0 0 0 0 0
220	34	1 1 1 1 0 0 1 0 1 0 1 0 1 0 0 0
220	4	1 1 1 0 1 0 1 0 1 0 0 1 0 0 0 0
220	19	0 0 1 0 0 0 0 0 1 0 0 1 0 0 0 0
220	13	1 0 0 0 0 0 0 1 1 0 0 1 0 0 0 0
220	5	1 0 1 0 1 0 1 0 1 0 1 0 1 0 0 0
220	4	1 0 1 1 0 0 1 1 1 0 1 1 0 0 0 0
220	16	1 1 1 1 1 0 1 0 1 0 0 0 0 0 0 0
220	15	1 0 1 1 0 0 1 0 1 0 0 1 0 0 0 1
220	2	0 1 1 1 0 0 1 0 1 0 0 1 0 0 0 0
220	18	1 0 1 1 0 0 1 0 1 1 0 0 0 0 0 0
220	16	1 1 1 0 1 0 0 0 1 0 0 1 0 0 0 0
220	3	1 0 1 0 0 0 1 0 1 0 1 0 0 0 0 0
220	1	1 0 1 1 0 0 1 1 1 1 1 0 1 0 0 1
220	2	1 0 1 1 1 0 1 1 1 0 0 1 0 0 0 0
220	4	1 1 1 1 1 0 1 0 1 0 1 0 0 1 0 0
220	3	1 0 1 1 0 0 0 0 0 0 1 0 0 0 0 0
220	14	1 1 1 1 0 0 1 0 1 0 1 1 1 0 0 0
220	1	1 0 1 1 0 0 1 0 1 1 0 1 0 0 0 0
220	1	1 0 1 1 1 1 1 1 1 0 0 1 0 0 0 0
220	3	1 1 1 0 0 0 0 0 1 0 1 0 0 0 0 0
220	6	0 0 1 0 0 0 0 0 1 1 0 1 0 0 0 0
220	6	1 1 1 1 0 0 1 0 1 0 0 1 0 1 0 0
220	5	0 1 1 1 0 0 1 0 1 0 1 0 0 0 0 0
220	11	1 0 1 1 1 0 1 0 0 0 1 0 0 0 0 0
220	13	1 0 1 1 0 1 1 1 1 1 1 0 1 0 0 0
220	4	0 0 1 1 1 0 1 0 1 0 0 1 0 0 0 0
220	20	1 1 1 0 0 0 1 1 1 0 0 1 1 0 0 0
220	2	0 1 1 1 0 0 1 1 1 0 0 1 0 0 0 0
220	2	1 1 1 1 1 0 1 0 1 0 1 0 0 0 1 0
220	1	1 0 1 1 0 0 1 1 1 0 0 1 0 0 0 0
220	3	0 0 1 1 0 0 1 0 1 0 0 1 0 0 0 0
220	3	0 1 1 0 1 0 1 0 1 0 0 1 0 0 0 0
220	2	1 0 1 1 1 0 1 1 1 0 1 1 0 0 0 0
220	1	1 1 1 1 0 0 1 1 1 0 0 1 1 1 0 0
220	1	1 0 1 0 1 0 0 0 1 1 0 1 0 0 0 0
220	3	1 0 0 1 0 1 1 1 1 1 0 1 0 0 0 0
220	1	1 1 1 1 0 0 0 0 1 0 0 0 0 0 0 0
220	5	1 0 1 1 1 1 1 0 0 0 0 1 0 0 0 0
220	3	0 1 1 1 1 0 1 0 1 0 0 1 0 0 0 0
220	4	1 0 1 1 0 0 1 1 1 0 1 0 0 0 0 0
220	4	1 0 1 1 0 0 1 1 1 0 0 1 0 0 0 1
220	3	1 0 1 1 0 0 0 0 1 0 1 0 0 0 0 0
220	2	1 0 1 0 1 0 1 0 1 0 1 1 0 0 1 0
220	1	1 1 1 0 0 0 1 0 1 0 1 1 0 0 0 0
220	1	1 0 1 1 0 1 1 1 1 0 1 0 0 0 0 0
220	2	1 0 0 1 1 0 1 0 1 0 0 1 0 0 0 0
220	2	1 1 1 1 0 0 1 1 0 0 1 0 0 0 0 1
220	4	1 1 1 1 0 0 1 1 1 0 1 0 1 0 0 1
220	3	1 1 1 1 0 0 0 0 1 1 0 1 0 0 0 0
220	1	1 1 1 1 0 0 1 1 1 1 1 0 0 0 0 0
220	2	1 1 1 1 0 0 1 0 1 0 1 0 0 0 1 0
220	4	1 0 1 1 0 1 1 1 1 1 1 0 1 0 1 0
220	3	1 0 1 1 1 0 1 0 1 0 0 0 0 0 0 0
220	1	1 0 1 1 1 0 1 0 0 1 0 1 0 0 0 0
220	2	1 1 1 1 1 0 1 0 1 0 0 1 0 0 1 0
220	1	1 1 1 1 1 0 1 0 1 0 0 1 0 1 0 0
220	4	0 1 1 1 1 0 1 0 1 0 0 0 0 0 0 1
220	2	1 0 1 1 0 0 1 0 1 0 0 1 0 1 0 1
220	1	1 0 1 1 0 0 1 0 1 0 0 1 1 0 0 1
220	4	1 1 1 1 1 0 1 0 0 0 1 0 0 1 0 0
220	2	1 0 0 1 0 0 0 0 0 0 1 0 0 0 0 0
220	2	1 0 0 1 1 0 1 0 0 0 1 0 0 0 0 0
220	2	1 0 1 0 1 0 0 0 1 0 0 1 0 0 0 0
220	1	1 0 1 1 0 1 1 1 1 0 0 1 0 0 0 0
220	2	1 0 1 1 1 1 1 0 1 0 0 1 1 0 0 0
220	1	1 0 1 0 1 1 1 0 1 0 0 1 0 0 0 0
220	3	0 1 1 1 0 0 1 0 0 0 0 1 0 0 0 0
220	3	1 1 1 1 0 0 1 0 1 0 0 0 1 0 0 0
220	3	0 0 0 1 1 0 1 0 1 0 0 1 0 0 0 0
240	5	1 0 1 1 0 0 1 0 1 0 0 1 0 0 0 0
240	54	1 0 1 1 1 0 1 0 1 0 1 0 0 0 0 0
240	9	1 0 1 1 0 0 1 0 1 0 1 0 0 0 0 0
240	43	1 0 1 1 1 0 1 0 1 0 0 1 0 0 0 0
240	89	1 1 1 1 0 0 1 0 1 0 0 1 0 0 0 0
240	16	1 0 1 1 1 0 1 0 1 1 0 1 0 0 0 0
240	30	1 1 1 1 0 0 1 1 1 0 1 0 0 0 0 1
240	89	1 1 1 1 1 0 1 0 1 0 0 1 0 0 0 0
240	26	1 1 1 1 0 0 1 1 1 0 1 0 0 0 0 0
240	25	1 1 1 1 1 0 1 0 1 0 1 0 0 0 0 0
240	21	1 1 1 1 0 0 1 0 1 0 1 0 0 0 0 0
240	17	1 1 1 1 0 0 1 1 1 0 1 1 0 0 0 0
240	12	1 0 1 1 0 0 1 0 0 0 1 0 0 0 0 0
240	18	1 1 1 1 0 0 1 1 1 0 0 1 0 0 0 0
240	10	1 1 1 1 0 0 0 0 1 0 1 0 0 0 0 0
240	31	1 1 1 1 0 0 1 0 0 0 0 1 0 0 0 0
240	12	1 1 1 1 0 0 1 0 1 0 1 0 1 0 0 0
240	5	1 0 1 1 0 0 1 1 1 0 1 1 0 0 0 0
240	61	1 1 1 1 1 0 1 0 1 0 0 0 0 0 0 0
240	1	1 0 1 1 0 0 1 0 1 0 0 1 0 0 0 1
240	54	1 0 1 1 0 0 1 0 1 1 0 0 0 0 0 0
240	2	1 0 1 1 0 1 1 1 1 1 1 0 1 0 0 0
240	19	1 1 1 0 0 0 1 1 1 0 0 1 1 0 0 0
240	9	1 0 1 1 1 1 1 0 0 0 0 1 0 0 0 0
240	24	0 1 1 1 1 0 1 0 1 0 0 1 0 0 0 0
240	3	1 1 1 1 0 0 0 0 1 1 0 1 0 0 0 0
240	20	1 1 1 0 0 0 1 1 1 0 0 1 0 0 0 0
240	6	1 1 1 1 1 0 1 0 0 0 0 1 0 0 0 0
240	3	1 1 1 1 1 0 1 0 1 0 0 1 0 0 1 0
240	4	1 1 1 1 0 0 1 0 1 0 1 0 1 0 0 1
240	10	1 1 1 0 0 0 1 1 1 1 0 1 1 0 0 0
240	63	1 1 1 1 0 0 1 0 1 0 1 1 0 0 0 0
240	12	1 1 1 1 1 0 0 1 0 0 0 1 0 0 1 0
240	2	1 0 1 1 1 0 1 0 1 0 1 0 1 0 0 0
240	1	1 1 1 0 1 0 0 0 1 0 0 0 0 0 0 0
240	5	1 1 1 1 0 0 1 1 0 0 1 0 0 0 0 0
240	3	1 1 1 1 1 0 1 1 1 0 0 1 0 0 0 0
240	11	1 1 1 1 0 0 0 0 1 0 1 0 1 0 0 0
240	1	1 0 1 1 1 0 1 0 1 0 0 0 0 0 0 0
240	17	1 1 1 1 0 0 1 0 1 0 0 1 0 0 0 1
240	4	1 1 1 1 0 0 1 1 1 0 1 1 1 0 0 0
240	1	1 0 1 0 1 0 1 0 1 0 1 0 0 0 0 0
240	1	1 0 1 1 0 0 1 0 1 0 1 0 0 0 1 0
240	1	0 1 1 1 1 0 1 0 1 0 0 0 0 0 0 0
240	3	1 0 0 0 0 0 0 0 0 0 1 0 0 0 0 0
240	4	1 0 0 1 0 0 1 0 0 0 1 0 0 0 0 0
240	3	1 1 1 1 0 0 1 1 1 0 0 0 0 0 0 1
240	12	1 1 1 1 0 0 1 0 0 1 0 1 0 0 0 0
240	12	1 1 1 0 0 0 0 0 1 0 1 1 0 0 0 0
240	1	0 1 1 1 1 0 1 0 1 0 1 0 0 0 0 0
240	1	1 1 1 1 0 0 1 0 1 1 0 0 0 0 0 0
240	1	1 1 1 0 0 0 1 1 0 0 1 0 0 0 0 0
240	9	1 1 1 0 0 0 1 0 0 0 0 1 1 0 0 0
240	3	0 1 1 1 0 0 1 0 1 0 0 1 1 0 0 1
240	4	1 0 1 1 0 0 1 0 1 0 0 1 0 1 0 0
240	2	1 1 1 1 1 0 1 0 1 0 1 1 0 0 0 0
240	9	1 1 1 1 0 0 1 1 0 0 1 1 0 0 0 0
240	1	1 1 0 1 0 0 1 0 1 0 1 0 1 0 0 0
240	3	1 0 1 1 1 0 1 1 1 0 0 1 1 0 0 0
240	9	1 1 1 1 0 0 1 0 1 0 0 0 0 0 0 0
240	1	1 1 1 1 0 0 1 1 1 0 1 1 0 0 0 1
240	4	0 1 1 1 0 0 1 1 1 0 1 0 0 0 0 1
240	4	1 0 1 1 0 0 0 0 1 1 0 0 0 0 0 0
240	7	1 0 1 1 1 0 1 0 1 0 1 0 0 1 0 0
240	2	1 0 1 1 1 0 1 0 1 0 0 1 0 0 1 0
240	2	1 0 1 1 0 0 0 0 1 0 0 0 0 0 0 0
240	6	1 1 1 0 1 0 1 0 1 0 0 0 0 0 0 0
240	2	1 0 1 1 0 0 1 0 0 0 0 1 0 0 0 1
240	2	1 0 1 0 0 0 1 1 1 0 0 1 1 0 0 0
240	5	1 0 1 1 1 0 1 0 1 0 1 0 0 0 1 0
240	4	1 0 1 1 1 0 1 0 1 1 0 1 0 0 0 1
240	1	1 1 0 1 1 0 1 0 1 0 1 0 0 0 0 0
240	1	1 0 1 1 0 0 1 0 0 1 0 0 0 0 0 0
240	1	1 1 1 1 0 0 0 0 1 0 0 1 0 0 1 0
240	1	1 0 1 1 0 0 1 0 0 0 1 1 0 0 0 0
240	2	1 1 1 1 0 0 1 0 0 0 0 0 0 0 0 0
240	1	1 1 1 1 1 0 1 0 1 1 0 1 0 0 0 0
240	5	1 0 1 1 0 0 1 0 1 1 0 1 0 0 0 0
240	2	1 1 0 1 1 0 1 0 1 0 0 1 0 0 0 0
240	2	1 0 1 1 0 1 1 0 1 1 0 0 0 0 0 0
240	2	1 1 1 1 0 0 1 0 1 0 1 1 0 0 0 1
240	2	1 1 1 1 0 0 1 0 1 0 0 0 0 0 0 1
240	3	1 0 1 1 0 0 1 0 1 0 0 1 1 0 0 0
240	2	0 0 1 1 1 0 1 0 1 0 0 1 0 0 0 0
240	5	1 0 1 1 1 0 1 1 1 1 0 1 0 0 0 0
240	2	1 1 0 1 0 0 1 1 1 0 0 1 0 0 0 0
240	1	1 1 1 1 0 1 1 1 1 1 1 0 1 0 0 0
240	1	1 0 0 1 1 0 1 0 1 0 0 1 0 0 1 0
260	30	1 0 1 1 1 0 1 0 1 0 1 0 0 0 0 0
260	7	1 0 1 1 1 0 1 0 1 0 0 1 0 0 0 0
260	99	1 1 1 1 0 0 1 0 1 0 0 1 0 0 0 0
260	4	1 0 1 1 1 0 1 0 1 1 0 1 0 0 0 0
260	73	1 1 1 1 1 0 1 0 1 0 0 1 0 0 0 0
260	48	1 1 1 1 0 0 1 1 1 0 1 0 0 0 0 0
260	27	1 1 1 1 1 0 1 0 1 0 1 0 0 0 0 0
260	44	1 1 1 1 0 0 1 0 1 0 1 0 0 0 0 0
260	5	1 1 1 1 0 0 1 1 1 0 0 1 0 0 0 0
260	2	1 1 1 1 0 0 0 0 1 0 1 0 0 0 0 0
260	22	1 1 1 1 0 0 1 0 0 0 0 1 0 0 0 0
260	4	1 1 1 1 0 0 1 0 1 0 1 0 1 0 0 0
260	1	1 0 1 1 0 0 1 1 1 0 1 1 0 0 0 0
260	117	1 1 1 1 1 0 1 0 1 0 0 0 0 0 0 0
260	8	1 0 1 1 0 0 1 0 1 1 0 0 0 0 0 0
260	3	1 0 1 1 0 1 1 1 1 1 1 0 1 0 0 0
260	10	1 1 1 0 0 0 1 1 1 0 0 1 1 0 0 0
260	3	1 1 1 1 1 0 1 0 0 0 0 1 0 0 0 0
260	57	1 1 1 1 0 0 1 0 1 0 1 1 0 0 0 0
260	5	1 1 1 1 0 0 0 0 1 0 1 0 1 0 0 0
260	9	1 1 1 1 0 0 1 0 1 0 0 1 0 0 0 1
260	19	1 1 1 1 0 0 1 1 1 0 1 1 1 0 0 0
260	9	1 1 1 0 0 0 0 0 1 0 1 1 0 0 0 0
260	6	1 1 1 0 0 0 1 0 0 0 0 1 1 0 0 0
260	4	1 1 1 1 1 0 1 0 1 0 1 1 0 0 0 0
260	28	1 1 1 1 0 0 1 0 1 0 0 0 0 0 0 0
260	2	1 0 1 1 0 0 0 0 1 1 0 0 0 0 0 0
260	45	1 0 1 1 1 0 1 0 1 0 1 0 0 1 0 0
260	1	1 1 1 1 0 0 1 0 1 0 1 1 0 0 0 1
260	6	1 0 0 1 1 0 1 0 1 0 0 1 0 0 1 0
260	2	1 1 1 1 1 1 1 0 1 0 0 0 0 0 0 0
260	26	1 1 1 1 0 0 1 0 1 0 0 1 0 0 1 0
260	11	1 0 1 1 1 0 0 0 1 1 0 1 0 0 0 1
260	11	1 1 1 1 0 0 1 1 1 0 1 0 0 1 0 0
260	17	1 1 1 1 1 0 1 0 1 0 0 0 0 1 0 0
260	5	1 1 1 1 0 1 1 0 1 0 0 0 0 0 0 0
260	5	1 1 1 1 1 0 1 0 0 0 0 0 0 0 0 0
260	3	0 1 1 1 0 0 1 0 1 0 0 1 0 0 0 0
260	4	1 1 1 0 0 0 1 1 1 0 1 0 0 0 0 0
260	3	1 1 1 1 0 0 1 0 0 0 1 1 0 0 0 1
260	8	1 1 1 0 0 0 1 0 1 0 0 1 0 0 0 0
260	9	1 1 1 1 0 1 1 0 0 0 0 1 0 0 0 0
260	2	1 0 1 1 0 0 1 0 1 1 0 0 1 0 0 0
260	1	1 1 1 0 0 0 0 0 1 0 1 1 1 0 0 0
260	21	1 1 1 1 1 0 1 0 1 0 1 0 1 0 0 0
260	6	1 1 1 0 0 0 0 0 0 0 1 1 0 0 0 0
260	1	1 0 1 1 1 0 1 0 1 0 0 0 0 0 0 0
260	6	1 1 1 1 1 1 1 0 0 0 0 1 0 0 0 0
260	2	1 1 1 1 0 0 1 0 1 0 1 1 1 0 0 0
260	10	1 1 1 1 1 0 0 0 1 0 0 1 0 0 0 0
260	2	1 1 1 1 0 0 0 1 0 0 0 1 0 0 1 0
260	4	1 0 0 1 0 0 0 0 1 1 0 0 0 0 0 0
260	10	1 0 1 1 1 0 1 0 1 1 0 1 1 0 0 0
260	4	1 0 1 1 1 0 1 0 1 1 1 0 0 0 0 0
260	6	0 1 1 1 0 0 1 0 1 0 0 0 0 0 0 1
260	15	1 1 1 1 0 0 1 0 1 1 1 0 0 0 0 0
260	11	1 1 1 1 1 0 1 0 1 0 0 0 0 0 0 1
260	6	1 0 1 1 1 1 1 0 1 0 0 0 0 0 0 0
260	4	1 1 1 1 1 0 1 0 1 0 1 0 0 1 0 0
260	2	1 0 1 1 1 0 1 0 1 1 0 0 0 0 0 0
260	2	1 1 1 1 1 1 1 0 1 0 0 0 0 0 1 0
260	8	1 1 1 1 0 1 1 0 1 0 1 0 0 0 0 0
260	11	1 1 0 1 1 0 1 0 1 0 0 0 0 0 0 0
260	2	1 1 0 1 1 0 1 0 1 1 0 1 0 0 0 0
260	3	1 1 1 0 0 0 0 0 0 0 1 1 0 0 0 1
260	2	1 1 1 1 0 0 1 0 0 0 0 1 0 0 0 1
260	8	1 1 1 1 1 0 1 0 1 0 0 1 0 0 1 0
260	5	1 0 1 1 1 0 0 0 1 1 0 1 0 0 0 0
260	5	1 1 1 1 0 0 1 1 1 0 0 0 0 0 0 0
260	1	1 1 1 1 1 0 1 0 1 1 0 0 0 0 0 0
260	4	1 1 1 1 0 0 1 0 1 0 1 1 0 0 1 0
260	1	0 1 1 1 0 0 1 0 1 0 0 1 0 0 0 1
260	1	1 0 1 1 0 0 1 0 1 0 0 0 0 0 0 0
260	7	1 0 1 1 0 0 1 0 1 0 1 0 0 1 0 0
260	2	0 1 1 1 1 0 1 0 0 0 0 0 0 0 0 0
260	6	0 1 1 1 1 0 1 0 1 0 0 1 0 0 0 0
260	1	1 1 0 1 0 0 1 0 1 0 1 1 0 0 0 0
260	2	1 1 1 1 0 1 1 0 1 0 0 0 0 0 1 0
260	1	1 1 1 0 0 0 1 0 0 0 0 0 0 0 1 0
260	1	1 0 1 1 1 0 1 0 1 1 1 1 0 0 0 0
260	2	1 1 1 1 0 0 1 1 1 0 1 0 0 0 1 0
260	1	1 1 1 1 0 0 1 0 1 0 0 0 0 0 0 1
260	1	1 0 1 1 0 1 1 0 1 0 1 0 0 0 0 0
260	2	1 0 1 1 0 0 1 0 1 0 1 1 0 0 0 0
260	1	1 1 1 0 1 0 1 0 1 0 0 1 0 0 0 0
260	1	1 1 1 1 0 0 1 0 1 0 1 0 0 0 1 0
260	2	1 1 1 1 0 1 1 0 1 0 0 1 0 0 0 1
260	1	1 1 1 0 0 0 1 0 1 0 0 1 1 0 0 0
260	1	1 0 1 1 0 0 1 0 1 0 1 0 0 0 0 0
280	28	1 0 1 1 1 0 1 0 1 0 1 0 0 0 0 0
280	103	1 1 1 1 0 0 1 0 1 0 0 1 0 0 0 0
280	73	1 1 1 1 1 0 1 0 1 0 0 1 0 0 0 0
280	38	1 1 1 1 0 0 1 1 1 0 1 0 0 0 0 0
280	47	1 1 1 1 1 0 1 0 1 0 1 0 0 0 0 0
280	48	1 1 1 1 0 0 1 0 1 0 1 0 0 0 0 0
280	8	1 1 1 1 0 0 1 0 0 0 0 1 0 0 0 0
280	134	1 1 1 1 1 0 1 0 1 0 0 0 0 0 0 0
280	75	1 1 1 1 0 0 1 0 1 0 1 1 0 0 0 0
280	11	1 1 1 1 0 0 0 0 1 0 1 0 1 0 0 0
280	2	1 1 1 0 0 0 0 0 1 0 1 1 0 0 0 0
280	21	1 1 1 1 1 0 1 0 1 0 1 1 0 0 0 0
280	38	1 1 1 1 0 0 1 0 1 0 0 0 0 0 0 0
280	7	1 0 1 1 1 0 1 0 1 0 1 0 0 1 0 0
280	2	1 0 0 1 1 0 1 0 1 0 0 1 0 0 1 0
280	63	1 1 1 1 0 0 1 0 1 0 0 1 0 0 1 0
280	6	1 0 1 1 1 0 0 0 1 1 0 1 0 0 0 1
280	3	1 1 1 1 1 0 1 0 1 0 0 0 0 1 0 0
280	1	1 1 1 0 0 0 1 0 1 0 0 1 0 0 0 0
280	11	1 1 1 1 0 1 1 0 0 0 0 1 0 0 0 0
280	5	1 1 1 1 1 0 0 0 1 0 0 1 0 0 0 0
280	14	1 0 0 1 0 0 0 0 1 1 0 0 0 0 0 0
280	17	1 0 1 1 1 0 1 0 1 1 0 1 1 0 0 0
280	14	1 0 1 1 1 0 1 0 1 1 1 0 0 0 0 0
280	15	1 1 1 1 0 0 1 0 1 1 1 0 0 0 0 0
280	12	1 1 1 1 1 0 1 0 1 0 1 0 0 1 0 0
280	4	1 1 1 1 1 0 1 0 1 0 0 1 0 0 1 0
280	14	1 0 1 1 1 0 0 0 1 1 0 1 0 0 0 0
280	2	1 1 1 1 0 0 1 1 0 0 1 0 0 0 0 0
280	9	1 1 1 1 1 0 0 0 1 0 0 1 0 0 0 1
280	2	1 1 1 1 1 0 1 0 1 1 0 1 0 0 0 0
280	11	1 1 1 1 0 0 1 0 0 0 1 1 0 0 0 0
280	4	1 0 1 1 1 0 1 0 1 0 0 0 0 1 0 0
280	2	1 0 1 0 0 0 1 0 0 0 0 1 1 0 0 0
280	5	1 1 1 1 1 0 0 0 1 0 0 0 0 0 0 0
280	3	1 0 1 1 1 0 1 0 1 0 0 1 0 0 0 0
280	1	1 0 1 1 1 0 0 0 1 0 1 0 0 0 0 0
280	2	1 1 1 1 0 0 0 0 1 0 0 0 0 0 0 0
280	22	0 1 1 1 0 0 1 0 1 1 0 0 0 0 0 0
280	1	1 0 0 1 1 0 1 0 1 0 1 0 0 1 0 0
280	6	1 1 1 1 1 0 1 0 1 1 0 0 0 1 0 0
280	4	1 1 1 1 1 0 0 0 1 1 0 0 0 0 0 0
280	1	1 1 1 1 1 1 1 0 1 0 0 0 0 0 0 0
280	4	1 0 1 1 1 0 0 0 1 0 0 1 0 0 0 1
280	11	1 1 1 1 1 0 1 0 1 1 1 0 0 0 0 0
280	3	1 1 1 1 0 0 1 0 1 1 0 0 0 0 0 0
280	8	1 1 1 0 0 0 1 0 1 0 0 1 0 0 1 0
280	1	1 1 1 0 0 0 1 0 1 0 0 0 0 0 0 0
280	1	1 1 1 1 0 0 0 0 1 0 0 1 0 0 1 0
280	1	1 1 1 1 1 0 1 0 1 0 0 0 0 1 1 0
280	2	1 0 1 1 1 0 1 0 1 1 1 0 0 0 1 0
280	2	1 0 1 1 1 0 1 1 1 0 1 0 0 0 0 0
280	3	1 0 1 1 1 0 1 0 0 0 1 0 0 1 0 0
280	6	1 0 0 1 1 0 1 0 1 0 1 0 0 0 0 0
280	2	1 0 1 1 1 0 1 0 1 0 0 0 0 0 0 0
280	4	1 1 1 1 0 1 1 0 1 0 0 1 0 0 0 0
280	3	1 1 1 1 1 0 1 1 1 0 1 1 0 0 0 0
280	4	1 0 1 1 0 0 1 0 1 0 0 0 0 0 0 0
280	2	1 1 1 1 0 0 1 0 1 0 0 1 0 1 1 0
280	1	1 1 1 1 1 0 0 0 1 0 0 1 0 0 1 1
280	1	1 1 1 1 0 0 1 0 1 0 1 1 0 0 1 0
280	2	1 1 1 1 1 0 1 0 0 0 1 0 0 1 0 0
280	4	1 1 1 1 1 0 1 0 1 0 0 0 0 0 0 1
280	3	1 1 1 1 1 0 1 0 0 0 0 0 0 0 0 0
280	6	1 1 1 1 0 1 1 0 1 0 1 1 0 0 0 0
280	3	1 1 1 1 0 0 0 0 1 0 1 0 0 0 0 0
280	1	0 1 1 1 1 0 1 0 1 0 1 1 0 0 0 0
280	3	1 1 1 0 1 0 1 0 1 0 1 1 0 0 0 0
280	1	1 1 1 1 1 1 1 0 1 0 1 0 0 1 0 0
280	4	1 1 1 1 0 0 0 0 0 0 1 0 0 1 0 0
280	1	1 0 0 1 0 0 0 0 1 0 0 0 0 0 0 0
280	2	1 0 1 1 1 0 0 0 1 1 0 0 0 0 0 0
280	3	1 1 1 1 0 1 1 0 1 0 0 0 0 0 0 0
280	1	1 0 0 1 1 0 0 0 1 1 1 0 0 0 0 0
280	1	1 0 1 1 1 0 1 0 0 0 1 0 0 0 0 0
280	1	0 1 1 1 0 0 1 0 1 0 0 1 0 0 0 0
280	2	1 1 1 1 0 0 1 0 1 1 0 1 0 0 0 0
280	3	1 1 1 1 0 0 1 0 0 0 1 0 0 0 0 0
280	3	0 1 1 1 0 0 1 0 1 0 0 1 0 0 1 0
280	1	1 1 1 1 0 0 1 0 0 0 0 1 0 0 1 0
280	2	1 0 1 1 0 0 1 0 1 0 0 1 0 0 1 0
280	1	1 0 1 0 1 0 1 0 1 1 0 1 1 0 0 0
280	1	1 0 0 1 1 0 0 0 1 1 0 1 0 0 0 0
280	2	1 1 1 1 0 0 1 0 0 0 1 1 1 0 0 0
280	1	1 1 1 1 1 0 1 0 1 0 0 0 0 1 0 1
300	10	1 0 1 1 1 0 1 0 1 0 1 0 0 0 0 0
300	54	1 1 1 1 0 0 1 0 1 0 0 1 0 0 0 0
300	83	1 1 1 1 1 0 1 0 1 0 0 1 0 0 0 0
300	87	1 1 1 1 0 0 1 1 1 0 1 0 0 0 0 0
300	64	1 1 1 1 1 0 1 0 1 0 1 0 0 0 0 0
300	9	1 1 1 1 0 0 1 0 1 0 1 0 0 0 0 0
300	4	1 1 1 1 0 0 1 0 0 0 0 1 0 0 0 0
300	85	1 1 1 1 1 0 1 0 1 0 0 0 0 0 0 0
300	15	1 1 1 1 0 0 1 0 1 0 1 1 0 0 0 0
300	21	1 1 1 1 0 0 0 0 1 0 1 0 1 0 0 0
300	19	1 1 1 1 1 0 1 0 1 0 1 1 0 0 0 0
300	53	1 1 1 1 0 0 1 0 1 0 0 0 0 0 0 0
300	36	1 1 1 1 0 0 1 0 1 0 0 1 0 0 1 0
300	12	1 0 1 1 1 0 0 0 1 1 0 1 0 0 0 1
300	14	1 1 1 1 0 1 1 0 0 0 0 1 0 0 0 0
300	4	1 0 1 1 1 0 1 0 1 1 1 0 0 0 0 0
300	21	1 1 1 1 0 0 1 0 1 1 1 0 0 0 0 0
300	10	1 0 1 1 1 0 0 0 1 1 0 1 0 0 0 0
300	5	1 1 1 1 0 0 1 0 0 0 1 1 0 0 0 0
300	21	1 0 1 1 1 0 0 0 1 0 1 0 0 0 0 0
300	10	0 1 1 1 0 0 1 0 1 1 0 0 0 0 0 0
300	35	1 1 1 1 1 0 1 0 1 1 1 0 0 0 0 0
300	14	1 1 1 1 0 0 1 0 1 1 0 0 0 0 0 0
300	15	1 1 1 0 0 0 1 0 1 0 0 1 0 0 1 0
300	8	1 0 1 1 1 0 1 0 1 1 1 0 0 0 1 0
300	8	1 0 1 1 0 0 1 0 1 0 0 0 0 0 0 0
300	5	1 1 1 1 0 0 0 0 1 0 1 0 0 0 0 0
300	7	1 1 1 1 0 0 1 0 1 1 0 1 0 0 0 0
300	10	1 1 1 1 1 0 1 0 0 0 0 1 0 0 0 0
300	41	1 0 1 1 1 0 1 0 1 1 1 0 1 0 0 0
300	9	1 1 1 1 0 0 1 1 1 0 0 1 0 0 0 0
300	23	1 1 1 1 0 0 1 0 0 1 0 1 0 0 0 0
300	26	1 1 1 0 1 0 1 0 1 0 1 0 0 0 0 0
300	5	1 0 1 1 1 0 0 0 0 0 1 0 0 0 0 0
300	1	1 0 1 1 0 0 1 1 1 0 1 0 0 0 0 0
300	1	1 0 1 1 1 0 1 0 1 0 0 0 0 0 0 0
300	3	1 1 0 1 1 0 1 0 0 0 0 1 0 0 0 0
300	7	1 1 1 1 0 0 1 1 1 0 1 1 0 0 0 0
300	8	1 1 1 1 1 0 1 0 0 0 1 0 0 0 0 0
300	2	1 1 1 1 1 0 1 0 1 0 0 0 0 1 0 0
300	2	1 1 0 1 0 0 1 0 1 0 0 1 0 0 1 0
300	7	1 1 1 1 0 0 1 0 1 0 1 1 0 0 1 0
300	2	1 1 1 1 1 0 1 1 1 0 1 0 0 0 0 0
300	5	1 0 1 1 1 0 1 0 1 0 1 1 0 0 0 0
300	1	1 0 1 1 1 0 1 0 0 0 1 0 0 0 0 0
300	1	1 1 1 1 1 0 1 0 1 0 0 1 0 0 0 1
300	10	1 0 1 1 0 0 1 0 1 0 0 1 0 0 1 0
300	2	1 0 0 1 0 0 0 0 1 1 1 0 0 0 0 1
300	1	1 1 1 1 0 0 0 0 1 1 0 1 0 0 0 0
300	2	1 1 1 1 0 0 1 0 1 1 0 1 0 0 1 0
300	8	1 1 1 1 0 0 1 1 1 0 0 0 0 0 0 0
300	4	1 1 1 0 1 0 1 0 1 0 1 0 0 0 1 0
300	1	0 1 1 1 0 0 1 0 1 0 0 1 0 0 0 0
300	1	1 0 1 1 1 0 1 0 1 0 0 1 0 0 0 0
300	11	1 1 1 1 1 0 1 0 1 0 1 0 0 0 0 1
300	5	1 1 1 1 1 0 1 0 1 1 1 0 0 0 1 0
300	2	0 1 1 1 0 0 1 0 1 0 0 1 0 0 1 0
300	8	1 1 1 1 0 0 1 1 1 0 1 0 0 0 0 1
300	1	1 1 1 1 1 0 1 0 1 0 0 0 0 0 1 0
300	1	0 1 1 0 1 0 1 0 1 0 1 0 0 0 0 0
300	9	1 1 1 1 1 0 1 0 1 0 0 1 0 1 0 0
300	2	1 1 1 0 0 0 1 1 1 0 0 1 0 1 1 0
300	3	1 1 1 1 1 0 0 0 1 1 0 1 0 0 0 0
300	5	1 0 1 1 0 0 0 0 1 0 1 0 1 0 0 0
300	10	1 1 1 1 1 0 1 0 1 0 1 0 0 1 0 0
300	3	1 1 1 1 1 0 1 0 1 1 0 0 0 0 0 0
300	1	1 1 1 0 0 0 1 0 0 1 0 1 0 0 0 0
300	1	1 1 1 1 0 1 1 0 1 0 0 1 0 0 0 0
300	1	1 1 1 1 0 0 1 0 1 0 0 1 0 0 0 1
300	1	1 1 1 1 1 0 1 0 1 0 0 0 1 0 0 0
300	2	1 1 1 1 1 1 1 0 1 0 0 0 0 0 0 0
300	1	1 1 1 1 0 0 0 0 1 0 1 0 1 0 0 1
300	3	1 1 1 1 0 0 1 0 0 1 0 0 0 0 0 0
300	1	1 1 1 1 0 0 1 0 0 0 1 1 0 0 1 0
300	4	1 0 0 1 0 0 1 0 1 1 1 0 0 0 0 1
300	4	1 1 1 1 1 1 1 0 1 0 0 1 0 0 0 0
300	1	1 1 1 1 1 0 1 0 0 0 0 0 0 0 0 0
300	1	0 1 1 1 0 0 1 0 1 0 1 1 0 0 0 0
300	1	1 0 1 1 1 0 1 0 1 1 1 1 1 0 0 0
300	2	1 0 1 1 1 0 1 1 1 0 1 1 0 0 0 0
300	1	1 0 0 1 1 0 0 0 1 1 1 0 0 0 0 1
300	3	1 0 1 1 1 0 1 0 1 0 1 0 0 1 0 0
320	16	1 0 1 1 1 0 1 0 1 0 1 0 0 0 0 0
320	62	1 1 1 1 0 0 1 0 1 0 0 1 0 0 0 0
320	32	1 1 1 1 1 0 1 0 1 0 0 1 0 0 0 0
320	58	1 1 1 1 0 0 1 1 1 0 1 0 0 0 0 0
320	78	1 1 1 1 1 0 1 0 1 0 1 0 0 0 0 0
320	59	1 1 1 1 1 0 1 0 1 0 0 0 0 0 0 0
320	8	1 1 1 1 0 0 1 0 1 0 1 1 0 0 0 0
320	17	1 1 1 1 0 0 0 0 1 0 1 0 1 0 0 0
320	7	1 1 1 1 1 0 1 0 1 0 1 1 0 0 0 0
320	29	1 1 1 1 0 0 1 0 1 0 0 0 0 0 0 0
320	45	1 1 1 1 0 0 1 0 1 0 0 1 0 0 1 0
320	6	1 0 1 1 1 0 0 0 1 1 0 1 0 0 0 1
320	27	1 0 1 1 1 0 1 0 1 1 1 0 0 0 0 0
320	3	1 1 1 1 0 0 1 0 1 1 1 0 0 0 0 0
320	3	1 1 1 1 0 0 1 0 0 0 1 1 0 0 0 0
320	2	1 0 1 1 1 0 0 0 1 0 1 0 0 0 0 0
320	8	0 1 1 1 0 0 1 0 1 1 0 0 0 0 0 0
320	43	1 1 1 1 1 0 1 0 1 1 1 0 0 0 0 0
320	10	1 1 1 1 0 0 1 0 1 1 0 0 0 0 0 0
320	12	1 1 1 1 0 0 0 0 1 0 1 0 0 0 0 0
320	6	1 0 1 1 1 0 1 0 1 1 1 0 1 0 0 0
320	41	1 1 1 1 0 0 1 0 0 1 0 1 0 0 0 0
320	7	1 1 1 0 1 0 1 0 1 0 1 0 0 0 0 0
320	12	1 1 1 1 1 0 1 0 0 0 1 0 0 0 0 0
320	14	1 1 1 1 0 0 1 0 1 0 1 1 0 0 1 0
320	7	1 0 1 1 0 0 1 0 1 0 0 1 0 0 1 0
320	9	1 1 1 1 0 0 1 0 1 1 0 1 0 0 1 0
320	21	0 1 1 1 0 0 1 0 1 0 0 1 0 0 0 0
320	2	1 0 1 1 1 0 1 0 1 0 0 1 0 0 0 0
320	29	1 1 1 1 1 0 1 0 1 0 1 0 0 0 0 1
320	7	0 1 1 0 1 0 1 0 1 0 1 0 0 0 0 0
320	1	1 1 1 1 1 0 1 0 1 0 0 1 0 1 0 0
320	12	1 0 1 1 0 0 0 0 1 0 1 0 1 0 0 0
320	4	1 1 1 1 1 0 1 0 1 1 0 0 0 0 0 0
320	5	1 1 1 1 1 0 1 0 1 0 0 0 1 0 0 0
320	4	1 1 1 1 1 1 1 0 1 0 0 0 0 0 0 0
320	7	1 1 1 1 0 0 1 0 0 1 0 0 0 0 0 0
320	2	1 1 1 1 0 0 1 0 0 0 1 1 0 0 1 0
320	1	1 1 1 1 1 1 1 0 1 0 0 1 0 0 0 0
320	8	1 0 1 1 1 0 1 0 1 0 1 0 1 0 0 0
320	8	1 1 1 1 0 1 1 1 0 0 0 1 0 0 0 0
320	4	1 1 1 1 1 0 1 0 1 1 1 1 0 0 0 0
320	14	1 1 1 1 0 0 1 1 1 1 1 0 0 0 0 0
320	1	1 1 1 1 1 0 1 0 1 1 0 1 0 0 0 0
320	5	1 1 1 1 0 1 1 0 1 0 0 1 0 0 1 0
320	1	0 1 1 1 0 0 1 0 1 0 1 0 1 0 0 0
320	6	1 1 1 1 0 0 1 0 1 1 0 1 0 1 1 0
320	23	1 1 1 1 0 0 1 0 1 0 1 0 0 0 0 0
320	14	1 1 1 1 0 0 0 0 1 1 1 0 0 0 0 0
320	5	1 1 1 1 0 0 1 0 0 0 0 1 0 0 0 0
320	6	1 0 1 0 1 0 0 0 1 0 1 0 0 0 0 0
320	11	1 1 1 1 1 0 1 0 1 1 1 0 0 1 0 0
320	1	1 1 1 1 0 0 0 0 1 0 0 0 0 0 0 0
320	3	0 1 1 0 0 0 1 0 1 0 1 1 0 0 0 0
320	7	0 1 1 1 1 0 1 0 1 1 1 0 0 0 0 0
320	1	1 0 1 1 0 0 1 0 1 0 0 1 0 0 0 0
320	14	1 1 0 1 0 0 1 0 1 0 0 0 0 0 0 0
320	3	1 1 1 1 1 0 0 0 1 0 1 1 0 0 0 0
320	4	1 1 1 0 0 0 1 0 1 0 1 0 0 0 0 0
320	9	1 0 1 1 0 0 0 0 1 0 0 1 0 0 1 0
320	9	1 0 1 1 0 0 0 0 1 0 1 0 0 0 0 0
320	9	1 1 1 0 0 0 1 1 1 0 1 0 0 0 0 0
320	5	1 0 1 1 1 1 0 0 1 0 1 0 0 0 0 0
320	4	1 1 1 1 0 0 1 0 0 1 0 0 0 0 1 0
320	12	1 1 1 1 1 0 1 1 1 0 1 0 0 0 0 0
320	8	1 1 1 0 1 0 1 0 1 0 0 0 0 0 0 0
320	2	1 1 1 1 0 0 1 1 1 0 0 0 0 0 0 0
320	1	1 1 1 1 0 1 1 0 1 1 0 1 0 0 1 0
320	2	0 1 0 1 0 0 1 0 1 0 1 0 1 0 0 0
320	4	1 1 0 1 0 0 0 0 1 0 0 0 0 0 0 0
320	2	1 1 1 1 0 0 1 0 1 1 1 0 0 0 0 1
320	4	1 1 1 1 0 0 0 1 1 0 0 0 0 0 0 0
320	5	1 1 1 1 1 0 1 0 1 0 0 0 0 0 1 0
320	2	1 1 1 1 1 0 1 0 0 1 1 0 0 0 0 0
320	1	1 1 1 1 1 1 1 1 0 0 0 1 0 0 0 0
320	2	1 1 1 1 0 0 1 0 1 1 0 0 0 0 1 0
320	9	1 1 1 1 1 0 1 0 0 0 1 0 0 0 0 1
320	2	1 0 1 1 1 1 0 0 1 1 0 1 0 0 0 0
320	3	1 1 1 1 1 0 1 0 1 0 0 1 0 0 0 1
320	1	1 0 1 1 1 0 1 0 1 0 0 0 0 0 0 0
320	2	1 1 0 1 0 0 1 0 1 0 0 1 0 0 1 0
320	1	1 0 1 1 1 0 0 0 1 1 0 1 0 0 1 1
320	3	1 1 1 1 0 0 1 0 0 1 0 1 0 0 1 0
320	1	0 1 1 1 0 0 1 0 0 0 0 1 0 0 0 0
320	5	1 1 1 1 1 1 1 0 1 0 0 0 0 0 0 1
320	4	1 1 1 1 0 0 1 1 1 1 0 0 0 0 0 0
320	1	1 1 1 1 1 0 1 0 0 0 0 1 0 0 0 0
320	5	1 1 1 1 1 0 1 0 1 0 1 0 0 0 1 0
320	3	1 1 1 1 1 0 1 0 1 1 1 0 0 0 0 1
320	1	1 1 1 1 1 0 1 0 0 1 0 0 0 0 0 0
320	3	1 1 1 1 1 0 0 0 1 1 1 0 0 0 0 0
320	1	1 1 1 1 1 0 1 0 1 1 1 0 1 0 0 0
320	6	1 1 1 1 0 0 1 0 0 0 1 0 0 0 0 0
320	2	1 0 1 1 0 0 0 0 1 0 0 1 0 0 0 1
320	2	1 1 1 1 1 0 0 1 1 0 1 0 0 0 0 0
320	3	1 0 1 1 1 0 0 0 1 1 1 0 0 0 0 0
320	1	1 1 1 0 0 0 0 0 1 0 0 0 0 0 0 0
320	1	1 1 1 1 0 0 0 0 1 0 0 1 0 0 1 0
320	1	1 0 1 0 1 0 1 0 1 0 0 0 0 0 0 0
320	1	1 1 1 1 1 0 1 0 0 1 1 0 0 1 0 0
320	2	1 1 1 1 1 0 1 0 1 1 1 1 0 0 0 1
340	9	1 0 1 1 1 0 1 0 1 0 1 0 0 0 0 0
340	31	1 1 1 1 0 0 1 0 1 0 0 1 0 0 0 0
340	49	1 1 1 1 1 0 1 0 1 0 0 1 0 0 0 0
340	58	1 1 1 1 0 0 1 1 1 0 1 0 0 0 0 0
340	91	1 1 1 1 1 0 1 0 1 0 1 0 0 0 0 0
340	85	1 1 1 1 1 0 1 0 1 0 0 0 0 0 0 0
340	9	1 1 1 1 0 0 0 0 1 0 1 0 1 0 0 0
340	11	1 1 1 1 1 0 1 0 1 0 1 1 0 0 0 0
340	23	1 1 1 1 0 0 1 0 1 0 0 0 0 0 0 0
340	24	1 1 1 1 0 0 1 0 1 0 0 1 0 0 1 0
340	19	1 0 1 1 1 0 1 0 1 1 1 0 0 0 0 0
340	28	1 1 1 1 0 0 1 0 1 1 1 0 0 0 0 0
340	3	1 1 1 1 1 0 1 0 1 1 1 0 0 0 0 0
340	30	1 1 1 1 0 0 1 0 1 1 0 0 0 0 0 0
340	18	1 1 1 1 0 0 0 0 1 0 1 0 0 0 0 0
340	10	1 1 1 1 0 0 1 0 0 1 0 1 0 0 0 0
340	15	1 1 1 1 1 0 1 0 0 0 1 0 0 0 0 0
340	9	1 0 1 1 0 0 1 0 1 0 0 1 0 0 1 0
340	29	1 1 1 1 1 0 1 0 1 0 1 0 0 0 0 1
340	1	0 1 1 0 1 0 1 0 1 0 1 0 0 0 0 0
340	1	1 0 1 1 0 0 0 0 1 0 1 0 1 0 0 0
340	9	1 1 1 1 1 0 1 0 1 0 0 0 1 0 0 0
340	1	1 1 1 1 1 1 1 0 1 0 0 0 0 0 0 0
340	25	1 1 1 1 0 0 1 0 0 0 1 1 0 0 1 0
340	4	1 1 1 1 1 1 1 0 1 0 0 1 0 0 0 0
340	3	1 0 1 1 1 0 1 0 1 0 1 0 1 0 0 0
340	5	1 1 1 1 1 0 1 0 1 1 1 1 0 0 0 0
340	4	1 1 1 1 0 0 1 1 1 1 1 0 0 0 0 0
340	6	1 1 1 1 0 1 1 0 1 0 0 1 0 0 1 0
340	21	1 1 1 1 0 0 1 0 1 0 1 0 0 0 0 0
340	5	1 1 1 1 0 0 1 0 0 0 0 1 0 0 0 0
340	3	1 1 1 1 1 0 1 0 1 1 1 0 0 1 0 0
340	6	0 1 1 1 1 0 1 0 1 1 1 0 0 0 0 0
340	3	1 1 0 1 0 0 1 0 1 0 0 0 0 0 0 0
340	6	1 0 1 1 0 0 0 0 1 0 0 1 0 0 1 0
340	1	1 1 1 0 0 0 1 1 1 0 1 0 0 0 0 0
340	45	1 1 1 1 1 0 1 1 1 0 1 0 0 0 0 0
340	9	1 1 1 0 1 0 1 0 1 0 0 0 0 0 0 0
340	11	1 1 1 1 1 0 1 0 1 0 0 1 0 0 0 1
340	19	1 1 1 1 0 0 1 0 0 1 0 1 0 0 1 0
340	8	1 1 1 1 1 0 1 0 1 0 1 0 0 0 1 0
340	2	1 1 1 1 1 0 0 0 1 1 1 0 0 0 0 0
340	5	1 1 1 1 0 0 1 0 1 0 0 0 0 0 0 1
340	1	1 1 1 1 0 0 0 0 1 0 0 1 0 0 0 0
340	13	1 0 1 1 1 0 1 0 1 0 0 0 0 0 0 0
340	3	1 1 1 1 1 0 1 0 1 0 0 1 0 0 1 0
340	32	1 1 1 1 1 1 0 1 1 0 1 0 0 0 0 0
340	23	1 1 0 1 0 0 1 0 1 0 0 1 0 0 0 0
340	3	1 0 1 1 0 0 1 0 1 0 0 1 0 0 0 0
340	8	1 1 1 0 1 0 1 0 1 0 0 1 0 0 0 0
340	20	1 1 1 1 1 0 1 0 0 0 0 0 0 0 0 0
340	3	1 0 1 1 0 0 0 1 1 0 1 0 0 0 0 0
340	2	1 1 1 1 1 0 0 0 1 0 0 1 0 0 1 0
340	3	1 1 1 1 0 0 1 0 1 0 0 0 1 0 0 0
340	3	1 1 0 1 0 0 0 0 1 1 1 0 0 0 0 0
340	6	0 1 1 1 0 0 1 0 1 0 1 0 0 0 0 1
340	7	1 1 1 1 0 0 1 1 1 0 1 0 0 0 1 0
340	7	1 1 1 1 1 1 1 0 0 1 0 1 0 0 0 0
340	5	1 1 1 1 1 0 1 1 1 0 0 1 0 0 0 0
340	8	1 1 1 1 0 0 1 0 1 0 1 0 1 0 0 0
340	1	0 1 1 1 1 0 1 0 1 1 0 0 0 0 0 0
340	17	1 1 1 1 1 0 1 1 0 0 1 0 0 0 0 0
340	1	0 1 1 1 0 0 1 0 1 0 1 0 0 0 0 0
340	1	1 1 1 1 1 0 1 0 1 0 1 0 1 0 0 0
340	3	1 1 1 1 1 0 0 0 1 0 1 0 0 0 0 0
340	2	1 1 1 1 0 0 1 0 0 1 1 1 0 0 1 0
340	4	1 1 1 1 1 0 1 0 0 1 0 1 0 0 1 0
340	2	1 0 1 1 1 0 1 0 1 1 0 0 0 0 0 0
340	7	1 1 1 0 0 0 1 1 1 1 1 1 0 0 0 0
340	1	1 1 1 1 0 0 1 1 1 0 1 0 0 1 0 0
340	6	0 1 0 1 1 0 1 0 1 1 1 0 0 0 0 0
340	11	1 1 1 1 0 0 1 0 1 0 0 0 0 0 1 0
340	5	1 1 1 1 0 0 1 0 1 1 0 1 1 0 0 0
340	6	1 1 1 1 1 0 1 0 1 1 0 0 0 0 0 0
340	2	1 1 1 1 0 0 1 0 0 1 0 0 0 0 0 0
340	1	1 1 0 1 1 0 1 0 1 0 0 0 0 0 0 0
340	2	1 1 1 1 1 0 1 1 1 0 1 0 0 1 0 0
340	3	1 1 0 1 1 0 1 0 1 0 1 0 0 0 0 0
340	7	1 1 1 1 1 1 1 0 1 0 1 0 0 0 0 0
340	1	1 1 1 0 1 0 1 1 0 0 1 0 0 0 0 0
340	1	1 1 1 1 1 0 1 0 0 0 1 0 0 0 0 1
340	2	1 0 1 1 0 0 0 0 1 0 1 0 0 0 0 0
340	1	1 1 1 0 1 0 1 1 0 0 0 0 0 0 0 0
340	1	1 1 1 1 0 0 1 1 1 0 1 1 0 0 0 0
340	2	0 0 1 1 0 0 0 0 1 0 0 1 0 0 1 0
340	1	1 0 1 1 1 0 1 0 1 0 1 0 0 0 0 1
340	3	1 1 1 1 0 0 1 0 0 0 1 0 0 0 0 0
340	1	1 1 1 1 0 0 1 1 1 0 1 0 0 0 0 1
340	1	0 0 1 1 0 0 1 0 1 0 0 1 0 0 1 0
340	2	1 1 1 1 0 0 1 0 1 0 1 0 0 0 0 1
340	1	1 1 1 1 1 0 1 1 1 0 0 0 0 0 0 0
360	13	1 1 1 1 0 0 1 0 1 0 0 1 0 0 0 0
360	99	1 1 1 1 1 0 1 0 1 0 0 1 0 0 0 0
360	63	1 1 1 1 0 0 1 1 1 0 1 0 0 0 0 0
360	33	1 1 1 1 1 0 1 0 1 0 1 0 0 0 0 0
360	37	1 1 1 1 1 0 1 0 1 0 0 0 0 0 0 0
360	18	1 1 1 1 0 0 0 0 1 0 1 0 1 0 0 0
360	8	1 1 1 1 1 0 1 0 1 0 1 1 0 0 0 0
360	26	1 1 1 1 0 0 1 0 1 0 0 0 0 0 0 0
360	30	1 1 1 1 0 0 1 0 1 0 0 1 0 0 1 0
360	21	1 1 1 1 0 0 1 0 1 1 1 0 0 0 0 0
360	17	1 1 1 1 0 0 1 0 1 1 0 0 0 0 0 0
360	16	1 1 1 1 0 0 0 0 1 0 1 0 0 0 0 0
360	9	1 1 1 1 0 0 1 0 0 1 0 1 0 0 0 0
360	22	1 1 1 1 1 0 1 0 0 0 1 0 0 0 0 0
360	17	1 0 1 1 0 0 1 0 1 0 0 1 0 0 1 0
360	7	1 1 1 1 1 0 1 0 1 0 1 0 0 0 0 1
360	6	1 1 1 1 1 1 1 0 1 0 0 0 0 0 0 0
360	29	1 1 1 1 0 0 1 0 0 0 1 1 0 0 1 0
360	1	1 1 1 1 1 1 1 0 1 0 0 1 0 0 0 0
360	30	1 1 1 1 0 0 1 0 1 0 1 0 0 0 0 0
360	23	1 1 1 1 1 0 1 0 1 1 1 0 0 1 0 0
360	3	0 1 1 1 1 0 1 0 1 1 1 0 0 0 0 0
360	26	1 1 1 1 1 0 1 1 1 0 1 0 0 0 0 0
360	15	1 1 1 0 1 0 1 0 1 0 0 0 0 0 0 0
360	17	1 0 1 1 1 0 1 0 1 0 0 0 0 0 0 0
360	21	1 1 1 1 1 1 0 1 1 0 1 0 0 0 0 0
360	59	1 1 1 1 1 0 1 0 0 0 0 0 0 0 0 0
360	20	1 0 1 1 0 0 0 1 1 0 1 0 0 0 0 0
360	1	0 1 1 1 1 0 1 0 1 1 0 0 0 0 0 0
360	12	1 1 1 1 1 0 1 1 0 0 1 0 0 0 0 0
360	12	1 1 1 1 0 0 1 0 1 0 0 0 0 0 1 0
360	10	1 1 1 1 1 0 1 1 1 0 1 0 0 1 0 0
360	7	1 1 1 1 1 1 1 0 1 0 1 0 0 0 0 0
360	4	1 1 1 1 0 0 1 0 0 0 1 0 0 0 0 0
360	9	1 1 1 1 0 0 1 1 1 0 1 0 0 0 0 1
360	41	1 1 1 1 1 0 1 1 1 0 0 0 0 0 0 0
360	1	1 0 1 1 0 1 1 0 1 0 0 1 0 0 1 0
360	1	1 1 1 0 1 1 0 1 1 0 1 0 0 0 0 0
360	27	1 0 1 1 0 0 1 1 1 0 1 0 0 0 0 0
360	20	1 1 1 1 1 0 1 0 1 0 0 0 0 0 1 0
360	1	1 1 1 1 1 0 1 1 1 1 1 0 0 0 0 0
360	33	1 1 1 1 1 0 1 1 0 0 1 0 1 0 0 0
360	5	1 1 0 1 0 0 1 1 0 0 1 0 0 0 0 0
360	10	1 1 1 1 0 0 1 0 0 0 0 1 0 0 0 0
360	4	1 1 1 1 1 0 1 0 0 0 0 0 1 0 0 0
360	8	1 1 1 0 1 0 1 0 0 0 0 0 0 0 0 0
360	2	0 1 1 1 0 0 1 0 1 1 1 0 0 0 0 0
360	2	1 1 1 1 1 0 1 0 1 1 1 0 0 0 0 0
360	5	0 1 1 1 0 0 1 0 1 0 0 0 0 0 0 0
360	1	1 1 1 1 0 0 1 1 0 0 1 0 0 0 0 0
360	5	1 1 1 1 1 1 1 0 0 0 0 0 0 0 0 0
360	8	1 1 1 1 0 0 1 1 1 0 0 1 0 0 0 0
360	3	1 1 0 0 0 0 1 1 1 0 1 1 0 0 0 0
360	3	1 1 1 1 1 1 1 0 1 0 0 0 1 0 0 0
360	4	1 1 1 1 0 0 1 0 1 0 0 0 1 0 1 0
360	4	1 0 1 1 0 0 1 1 0 0 1 0 0 0 0 0
360	1	0 1 1 1 0 0 1 0 1 0 0 1 0 0 0 0
360	5	1 1 1 1 1 0 1 0 0 0 1 0 0 0 0 1
360	5	1 1 1 1 1 0 1 0 1 0 1 0 0 1 0 0
360	1	1 1 0 1 0 0 1 0 0 0 0 1 0 0 0 0
360	1	1 1 1 1 0 0 0 0 1 0 0 1 0 0 1 0
360	2	1 1 0 1 1 0 1 1 1 0 0 0 0 0 0 0
360	5	1 1 1 1 1 0 1 1 1 0 0 1 0 0 0 0
360	2	1 1 1 1 1 0 1 1 1 0 0 0 1 0 0 0
360	1	1 1 1 1 1 1 0 1 1 0 1 0 0 1 0 0
360	4	1 1 1 1 1 0 1 0 0 0 0 0 0 1 0 0
360	3	1 0 1 1 1 0 1 0 1 1 0 0 0 0 0 1
360	3	1 1 0 1 1 1 1 0 1 0 1 0 0 0 0 0
360	2	1 1 1 1 0 0 1 1 0 0 1 0 1 0 0 0
360	5	1 1 1 1 1 0 1 1 1 0 0 0 0 0 1 0
360	3	1 1 1 1 1 0 1 0 0 1 0 1 0 0 0 0
360	1	1 1 1 1 1 0 1 0 1 1 0 1 0 0 0 0
360	2	1 1 1 1 0 0 1 0 1 0 0 1 1 0 1 0
360	2	1 0 1 1 0 0 1 0 0 0 1 1 0 0 1 0
360	5	1 1 1 1 1 0 1 1 0 1 1 0 0 0 0 0
360	1	1 1 1 1 0 0 1 1 0 0 0 1 0 0 0 0
360	2	1 0 1 1 0 1 1 0 1 0 0 1 0 0 0 0
360	3	1 1 1 1 1 0 0 0 1 0 0 1 0 0 0 0
360	1	1 1 1 0 1 0 1 0 1 0 0 1 0 0 0 0
360	1	1 1 1 1 1 0 1 0 1 1 1 1 0 0 0 0
360	2	1 1 1 1 1 0 1 0 0 0 1 1 0 0 0 0
360	3	1 1 1 1 0 0 1 1 0 0 1 1 0 0 1 0
360	1	1 1 1 1 0 0 1 0 1 1 1 0 0 1 0 0
360	1	0 1 1 1 1 0 1 0 1 1 1 0 0 1 0 0
360	1	1 1 1 1 1 0 0 0 1 1 1 1 0 0 0 0
360	2	1 1 1 1 0 0 1 0 1 0 1 1 0 0 1 1
380	2	1 1 1 1 0 0 1 0 1 0 0 1 0 0 0 0
380	105	1 1 1 1 1 0 1 0 1 0 0 1 0 0 0 0
380	13	1 1 1 1 0 0 1 1 1 0 1 0 0 0 0 0
380	13	1 1 1 1 1 0 1 0 1 0 1 0 0 0 0 0
380	42	1 1 1 1 1 0 1 0 1 0 0 0 0 0 0 0
380	18	1 1 1 1 0 0 0 0 1 0 1 0 1 0 0 0
380	17	1 1 1 1 1 0 1 0 1 0 1 1 0 0 0 0
380	19	1 1 1 1 0 0 1 0 1 0 0 0 0 0 0 0
380	31	1 1 1 1 0 0 1 0 1 0 0 1 0 0 1 0
380	42	1 1 1 1 1 0 1 0 0 0 1 0 0 0 0 0
380	16	1 0 1 1 0 0 1 0 1 0 0 1 0 0 1 0
380	12	1 1 1 1 1 1 1 0 1 0 0 0 0 0 0 0
380	5	1 1 1 1 0 0 1 0 0 0 1 1 0 0 1 0
380	4	1 1 1 1 0 0 1 0 1 0 1 0 0 0 0 0
380	23	1 1 1 1 1 0 1 0 1 1 1 0 0 1 0 0
380	24	0 1 1 1 1 0 1 0 1 1 1 0 0 0 0 0
380	28	1 1 1 1 1 0 1 1 1 0 1 0 0 0 0 0
380	2	1 1 1 0 1 0 1 0 1 0 0 0 0 0 0 0
380	69	1 1 1 1 1 1 0 1 1 0 1 0 0 0 0 0
380	77	1 1 1 1 1 0 1 0 0 0 0 0 0 0 0 0
380	7	1 0 1 1 0 0 0 1 1 0 1 0 0 0 0 0
380	13	1 1 1 1 1 0 1 1 0 0 1 0 0 0 0 0
380	29	1 1 1 1 1 0 1 1 1 0 1 0 0 1 0 0
380	39	1 1 1 1 1 0 1 1 1 0 0 0 0 0 0 0
380	49	1 0 1 1 0 0 1 1 1 0 1 0 0 0 0 0
380	5	1 1 1 1 1 0 1 0 1 0 0 0 0 0 1 0
380	5	1 1 1 1 1 0 1 1 1 1 1 0 0 0 0 0
380	14	1 1 1 1 1 0 1 1 0 0 1 0 1 0 0 0
380	16	1 1 1 1 0 0 1 0 0 0 0 1 0 0 0 0
380	1	1 1 1 0 1 0 1 0 0 0 0 0 0 0 0 0
380	1	1 1 1 1 0 0 1 1 0 0 1 0 0 0 0 0
380	2	1 1 1 1 1 0 1 0 1 0 1 0 0 1 0 0
380	5	1 1 1 1 1 1 0 1 1 0 1 0 0 1 0 0
380	10	1 1 1 1 1 0 1 1 1 0 0 0 0 0 1 0
380	13	1 1 1 1 1 0 0 0 1 1 1 1 0 0 0 0
380	1	1 1 1 1 0 0 1 0 1 0 0 1 0 1 0 0
380	4	1 1 1 1 0 0 1 1 1 0 1 0 0 0 1 0
380	13	1 1 1 1 0 0 1 0 0 0 0 1 0 0 1 0
380	29	1 1 1 1 0 0 1 0 0 0 0 0 0 0 0 0
380	2	1 1 1 1 1 0 1 0 1 0 0 1 0 0 0 1
380	1	1 1 1 0 1 0 1 0 0 0 0 0 0 0 1 0
380	1	1 1 1 1 0 0 0 1 1 0 1 0 0 0 0 0
380	3	1 1 1 1 1 0 0 0 1 0 1 0 1 0 0 0
380	4	1 1 1 1 1 0 1 0 1 0 0 1 0 0 1 0
380	27	1 1 1 1 1 0 1 0 1 1 1 0 0 0 0 0
380	11	1 1 1 1 0 0 1 0 0 1 1 1 0 0 0 0
380	2	1 1 1 1 1 0 1 1 1 1 1 1 0 0 0 0
380	12	1 1 1 1 0 0 0 0 0 0 1 0 0 0 0 0
380	7	1 0 1 1 0 0 1 1 1 1 1 0 0 0 0 0
380	6	1 1 1 1 0 0 1 1 1 0 0 0 0 0 0 0
380	1	1 1 1 1 1 1 0 1 1 0 1 1 0 0 0 0
380	10	1 1 1 1 0 0 1 1 1 0 0 1 0 0 0 0
380	13	1 1 1 1 1 0 1 0 1 0 1 0 1 0 0 0
380	5	1 1 1 1 1 0 1 1 1 0 1 0 0 1 1 0
380	1	0 1 1 1 1 0 1 1 1 0 0 0 0 0 0 0
380	1	1 0 1 1 0 0 0 1 1 0 0 1 0 0 1 0
380	2	1 0 1 1 0 0 1 1 0 0 1 0 0 0 0 0
380	13	1 1 1 1 1 0 1 0 1 0 0 0 1 0 1 0
380	1	1 1 1 1 0 0 1 0 0 0 0 1 0 0 0 1
380	4	1 1 0 1 1 0 1 0 1 1 1 0 0 1 0 0
380	3	0 1 1 1 1 0 1 1 1 0 1 0 0 0 0 0
380	3	1 1 1 1 1 0 1 0 1 0 0 0 0 0 1 1
380	3	1 1 1 1 1 1 1 0 1 0 0 1 0 0 0 0
380	1	1 1 1 0 1 0 0 1 1 0 1 0 0 0 0 0
380	6	1 1 1 1 1 1 1 0 1 0 1 0 0 0 0 0
380	2	1 0 1 1 0 0 0 0 1 0 1 0 1 0 0 0
380	3	0 0 1 1 0 0 1 0 1 0 0 1 0 0 1 0
380	3	1 1 1 0 1 0 1 0 1 0 0 0 0 0 0 1
380	4	1 1 1 1 0 0 1 1 0 1 1 1 0 0 0 0
380	1	1 1 1 1 0 0 1 0 0 1 1 0 0 0 0 0
380	1	1 1 1 1 0 0 1 1 0 1 1 0 0 0 0 0
380	1	1 1 1 1 0 0 1 0 0 0 1 0 0 0 0 0
380	1	1 1 1 1 1 0 1 0 1 1 1 0 0 1 0 1
380	2	1 1 1 1 1 0 1 1 1 0 0 0 0 1 0 0
380	5	1 1 1 1 1 0 1 1 1 1 1 0 0 1 0 0
380	2	1 1 1 1 0 0 1 1 1 0 1 1 0 0 1 0
380	2	1 1 1 1 0 0 1 0 1 1 1 1 0 0 0 0
380	2	0 1 1 1 1 0 1 1 1 0 1 0 0 1 0 0
380	4	1 1 1 1 1 0 1 1 1 0 0 1 0 0 0 0
380	1	0 1 1 1 1 0 1 0 0 1 1 0 0 0 0 0
380	2	1 1 1 1 1 1 0 1 1 0 1 0 0 0 0 1
380	1	1 1 1 1 1 0 1 0 0 1 0 0 0 0 0 0
380	2	1 0 1 1 0 0 1 1 1 0 1 1 0 0 0 0
400	114	1 1 1 1 1 0 1 0 1 0 0 1 0 0 0 0
400	19	1 1 1 1 0 0 1 1 1 0 1 0 0 0 0 0
400	23	1 1 1 1 1 0 1 0 1 0 1 0 0 0 0 0
400	45	1 1 1 1 1 0 1 0 1 0 0 0 0 0 0 0
400	12	1 1 1 1 0 0 0 0 1 0 1 0 1 0 0 0
400	33	1 1 1 1 0 0 1 0 1 0 0 0 0 0 0 0
400	25	1 1 1 1 0 0 1 0 1 0 0 1 0 0 1 0
400	15	1 1 1 1 1 0 1 0 0 0 1 0 0 0 0 0
400	23	1 0 1 1 0 0 1 0 1 0 0 1 0 0 1 0
400	6	1 1 1 1 1 1 1 0 1 0 0 0 0 0 0 0
400	17	1 1 1 1 0 0 1 0 1 0 1 0 0 0 0 0
400	17	0 1 1 1 1 0 1 0 1 1 1 0 0 0 0 0
400	87	1 1 1 1 1 0 1 1 1 0 1 0 0 0 0 0
400	1	1 1 1 0 1 0 1 0 1 0 0 0 0 0 0 0
400	52	1 1 1 1 1 1 0 1 1 0 1 0 0 0 0 0
400	45	1 1 1 1 1 0 1 0 0 0 0 0 0 0 0 0
400	18	1 1 1 1 1 0 1 1 1 0 1 0 0 1 0 0
400	41	1 1 1 1 1 0 1 1 1 0 0 0 0 0 0 0
400	43	1 0 1 1 0 0 1 1 1 0 1 0 0 0 0 0
400	8	1 1 1 1 1 0 1 0 1 0 0 0 0 0 1 0
400	32	1 1 1 1 0 0 1 0 0 0 0 1 0 0 0 0
400	1	1 1 1 1 1 0 1 1 1 0 0 0 0 0 1 0
400	17	1 1 1 1 1 0 0 0 1 1 1 1 0 0 0 0
400	21	1 1 1 1 0 0 1 0 0 0 0 0 0 0 0 0
400	21	1 1 1 1 1 0 1 0 1 1 1 0 0 0 0 0
400	3	1 1 1 1 1 0 1 1 1 1 1 1 0 0 0 0
400	15	1 1 1 1 1 1 1 0 1 0 0 1 0 0 0 0
400	2	1 1 1 1 1 0 1 1 1 1 1 0 0 1 0 0
400	15	1 1 1 1 1 0 1 1 1 0 0 1 0 0 0 0
400	11	1 0 1 1 0 0 1 1 1 1 0 1 0 0 1 0
400	2	1 1 1 0 1 0 1 0 1 0 0 1 0 0 0 0
400	3	0 1 1 1 0 0 1 1 1 0 1 0 0 0 0 0
400	7	1 1 0 1 0 0 1 0 0 1 1 1 0 0 0 0
400	11	1 1 0 1 1 1 0 1 1 0 1 0 0 0 0 0
400	14	1 1 1 1 0 0 1 0 1 0 0 1 0 0 0 0
400	6	1 1 1 1 1 1 0 1 1 0 1 0 0 0 1 0
400	9	1 1 1 1 0 1 1 1 1 0 1 0 0 1 0 0
400	10	1 1 1 1 1 0 1 1 1 0 1 0 1 0 0 0
400	3	1 0 1 1 1 1 0 1 1 0 1 0 0 0 1 0
400	11	1 1 1 1 0 0 1 1 1 0 1 0 0 1 0 0
400	9	1 1 1 1 0 0 0 0 0 0 0 0 0 0 0 0
400	8	1 1 0 1 1 0 1 1 1 0 1 0 0 0 0 0
400	2	1 1 1 1 0 1 1 0 0 0 0 1 0 0 1 0
400	18	1 1 1 1 1 1 1 0 1 0 1 0 0 0 0 0
400	13	1 1 1 1 0 0 1 1 0 0 0 1 0 0 0 0
400	4	1 1 1 1 0 0 1 0 1 0 1 1 0 0 0 0
400	4	1 1 1 1 1 1 0 1 1 0 1 0 0 0 0 1
400	3	1 1 1 1 1 1 1 1 1 0 1 0 0 1 0 0
400	2	1 0 1 1 0 0 1 0 1 0 0 0 0 0 0 0
400	7	1 1 1 1 1 1 0 1 1 0 1 1 0 0 0 0
400	4	1 1 1 1 1 0 1 1 1 0 0 0 1 0 0 0
400	17	1 1 1 1 0 0 1 0 0 0 0 1 0 0 1 0
400	1	1 1 1 1 0 0 1 0 1 0 0 0 1 0 0 0
400	3	1 0 1 1 0 0 1 0 1 0 0 1 0 0 0 0
400	4	1 1 1 1 1 0 1 0 0 1 1 1 0 0 0 0
400	2	1 1 1 1 1 0 1 0 0 0 1 0 0 1 0 0
400	3	1 1 1 1 1 0 1 0 0 0 0 1 0 0 0 0
400	1	1 0 1 1 0 0 1 1 1 0 0 1 0 0 0 0
400	2	1 1 1 1 1 0 1 0 1 0 0 0 0 1 0 0
400	1	0 1 1 0 1 0 1 0 1 1 1 0 0 0 0 0
400	4	1 1 1 1 1 1 1 0 1 0 0 1 0 0 0 1
400	4	1 1 1 1 0 1 1 0 1 0 0 1 0 0 0 0
400	1	1 0 1 1 0 0 1 0 1 1 1 0 0 0 0 0
400	1	1 1 1 1 0 1 1 1 1 0 0 0 0 0 0 0
400	2	1 0 1 0 0 0 1 0 1 0 0 1 0 0 1 0
400	3	1 1 0 1 1 0 1 1 1 0 0 1 0 0 0 0
400	3	1 0 1 1 1 1 0 1 1 0 1 0 0 0 0 0
400	1	1 1 1 1 1 0 1 0 1 1 0 0 0 0 0 0
400	3	1 1 1 1 1 0 1 0 1 0 1 0 1 0 0 0
400	1	1 1 1 1 1 0 1 0 1 0 0 1 0 1 0 0
400	1	1 1 1 1 1 0 1 0 1 0 1 0 0 1 0 0
400	1	1 1 1 1 1 0 1 1 1 1 1 0 0 0 0 0
400	4	1 1 1 1 1 0 1 1 1 0 0 0 0 0 0 1
400	1	1 1 1 0 0 0 1 0 0 0 0 1 0 0 0 0
400	1	1 1 1 1 0 0 1 0 1 0 0 0 0 0 1 0
400	1	1 1 1 1 1 1 1 0 0 0 0 0 0 0 0 0
400	1	1 1 1 1 1 0 1 0 1 1 1 0 1 0 0 0
400	1	1 0 1 1 1 1 0 1 1 1 1 0 0 0 1 0
