0	250	0 1 0 0 1 0 0 0 1 0 1 0 1 1 0 0
0	250	1 1 0 1 0 1 0 0 1 1 0 0 0 0 0 0
0	250	0 1 0 0 0 1 0 0 0 0 1 0 0 0 0 0
0	250	0 1 0 0 0 0 0 1 0 0 1 0 0 0 1 0
8	172	0 1 0 0 1 0 0 0 1 0 1 0 1 1 0 0
8	208	1 1 0 1 0 1 0 0 1 1 0 0 0 0 0 0
8	195	0 1 0 0 0 1 0 0 0 0 1 0 0 0 0 0
8	255	0 1 0 0 0 0 0 1 0 0 1 0 0 0 1 0
8	5	1 1 0 0 0 0 0 1 0 0 1 0 0 0 1 0
8	4	0 1 0 1 0 1 0 0 1 1 0 0 0 0 0 0
8	8	0 1 0 0 1 1 0 0 0 0 1 0 0 0 0 0
8	7	0 1 0 0 0 0 0 1 0 0 0 0 0 0 1 0
8	6	0 1 0 0 0 1 0 0 0 0 1 0 0 0 1 0
8	1	0 1 0 0 1 0 0 0 1 0 1 0 1 1 1 0
8	15	0 1 0 0 0 0 0 1 0 0 1 0 1 0 1 0
8	4	0 1 0 0 0 0 0 0 0 0 1 0 0 0 1 0
8	16	1 1 0 0 1 0 0 0 1 0 1 0 1 1 0 0
8	4	1 1 0 1 0 1 0 0 1 1 0 0 1 0 0 0
8	1	0 1 1 0 0 0 0 1 0 0 1 0 0 0 1 0
8	2	0 1 0 0 1 0 0 0 1 1 0 0 0 0 0 0
8	5	0 1 0 0 1 0 0 0 1 0 1 0 0 1 0 0
8	1	1 1 0 0 0 1 0 0 1 1 0 0 0 0 0 0
8	1	0 1 0 1 0 1 0 0 0 0 1 0 0 0 0 0
8	4	0 1 0 0 0 0 1 1 0 0 1 0 0 0 1 0
8	4	0 1 0 0 0 0 0 1 0 0 1 0 0 0 1 1
8	2	0 1 0 0 1 0 0 0 1 0 1 0 1 1 0 1
8	6	1 1 0 0 0 1 0 0 0 0 1 0 0 0 0 0
8	5	1 1 0 1 0 1 0 0 1 0 1 0 1 1 0 0
8	8	0 1 0 0 1 0 0 0 0 0 1 0 1 1 0 0
8	5	1 1 0 1 0 1 1 0 1 1 0 0 0 0 0 0
8	3	1 1 1 1 0 1 0 0 1 1 0 0 0 0 0 0
8	8	0 1 1 0 0 1 0 0 0 0 1 0 0 0 0 0
8	2	0 1 0 0 0 1 0 0 0 0 1 0 0 1 0 0
8	4	0 1 0 0 0 1 0 0 0 0 1 0 1 0 0 0
8	2	0 1 0 0 0 0 0 1 0 1 1 0 0 0 1 0
8	1	0 1 0 0 0 0 0 0 1 1 0 0 0 0 0 0
8	1	0 1 0 0 0 0 0 1 0 0 1 0 1 1 0 0
8	8	0 1 0 0 0 0 0 0 1 0 1 0 1 1 0 0
8	1	0 1 0 0 1 0 1 0 1 0 1 0 1 1 0 0
8	1	0 1 0 0 1 0 0 0 1 0 1 0 1 0 0 0
8	5	1 1 0 1 0 1 0 0 0 1 0 0 0 0 0 0
8	3	1 1 0 1 1 1 0 0 1 1 0 0 0 0 0 0
8	2	0 1 0 0 0 1 0 1 0 0 1 0 0 0 0 0
8	3	0 1 0 0 1 1 0 0 0 0 1 0 0 0 1 0
8	3	0 1 0 0 1 0 0 0 1 0 1 0 0 0 1 0
8	1	1 1 0 0 1 0 0 0 1 0 0 0 0 0 0 0
8	3	1 1 0 1 0 1 0 1 1 1 0 0 0 0 0 0
8	1	0 1 0 0 0 0 0 0 0 0 1 0 0 0 0 0
8	1	0 1 0 0 0 0 0 1 1 0 1 0 0 0 1 0
8	2	0 0 0 0 0 0 0 1 0 0 1 0 0 0 1 0
8	1	0 1 0 0 0 0 0 1 0 0 1 1 0 0 1 0
45	13	0 1 0 0 1 0 0 0 1 0 1 0 1 1 0 0
45	17	1 1 0 1 0 1 0 0 1 1 0 0 0 0 0 0
45	160	0 1 0 0 0 1 0 0 0 0 1 0 0 0 0 0
45	62	0 1 0 0 0 0 0 1 0 0 1 0 0 0 1 0
45	53	1 1 0 0 0 0 0 1 0 0 1 0 0 0 1 0
45	3	0 1 0 1 0 1 0 0 1 1 0 0 0 0 0 0
45	6	0 1 0 0 0 1 0 0 0 0 1 0 0 0 1 0
45	7	0 1 0 0 0 0 0 1 0 0 1 0 1 0 1 0
45	14	0 1 0 0 1 0 0 0 1 0 1 0 0 1 0 0
45	33	0 1 0 1 0 1 0 0 0 0 1 0 0 0 0 0
45	12	1 1 0 0 0 1 0 0 0 0 1 0 0 0 0 0
45	3	1 1 1 1 0 1 0 0 1 1 0 0 0 0 0 0
45	62	0 1 1 0 0 1 0 0 0 0 1 0 0 0 0 0
45	30	1 1 0 1 1 1 0 0 1 1 0 0 0 0 0 0
45	12	0 1 0 0 0 1 0 1 0 0 1 0 0 0 0 0
45	6	0 1 0 0 0 0 0 0 0 0 1 0 0 0 0 0
45	48	0 1 0 0 0 0 0 1 0 0 1 0 0 0 0 0
45	31	1 1 0 1 0 1 0 0 1 1 1 0 0 0 0 0
45	12	0 1 0 0 1 0 0 0 0 0 1 0 0 0 0 0
45	55	1 1 0 1 0 1 0 0 0 0 1 0 0 0 0 0
45	28	0 1 0 0 0 1 1 0 0 0 1 0 0 0 0 0
45	11	0 1 0 0 0 1 0 0 1 1 0 0 0 0 0 0
45	8	0 1 0 1 0 1 0 0 0 1 1 0 0 0 0 0
45	7	1 1 1 1 0 1 0 0 1 1 0 0 0 1 0 0
45	23	0 1 0 0 0 1 0 0 1 0 1 0 0 0 0 0
45	17	1 1 0 0 0 0 0 1 0 0 1 0 0 0 0 0
45	15	1 1 0 0 0 0 1 1 0 0 1 0 0 0 1 0
45	5	0 1 0 0 1 0 0 0 1 0 1 0 0 0 0 0
45	2	0 1 0 0 0 0 0 0 0 0 0 0 0 0 0 0
45	1	1 1 0 1 0 1 1 0 1 1 1 0 0 0 0 0
45	2	0 1 0 0 0 1 0 0 0 0 1 1 0 0 0 0
45	3	0 1 0 0 1 0 0 0 1 0 0 0 0 0 0 0
45	3	1 1 0 1 0 0 0 0 1 1 0 0 0 1 0 0
45	7	0 1 0 0 0 0 0 1 0 0 1 0 0 1 1 0
45	5	0 1 0 0 1 1 0 0 1 0 1 0 0 1 0 0
45	17	1 1 1 1 0 1 1 0 1 0 1 0 1 1 0 0
45	8	1 1 0 1 0 1 0 0 0 1 1 0 0 0 0 0
45	9	1 1 0 1 0 1 0 0 1 1 1 1 0 0 0 0
45	3	0 1 0 0 0 0 1 1 0 0 1 0 0 0 1 0
45	1	1 0 0 1 0 1 0 0 1 1 0 0 0 0 0 0
45	5	1 1 1 1 0 1 0 0 0 0 1 0 0 0 0 0
45	11	1 1 0 1 1 1 0 1 0 0 1 0 0 0 0 0
45	7	1 1 0 0 0 0 0 1 0 0 1 1 0 0 0 0
45	16	0 1 0 0 0 0 0 1 1 1 0 1 0 0 0 0
45	2	1 1 0 1 0 0 0 0 1 1 0 0 1 0 0 0
45	2	1 1 0 1 0 1 0 0 1 1 0 0 0 1 0 0
45	6	1 1 0 0 0 1 0 0 0 1 1 0 0 0 0 0
45	11	0 1 0 0 0 1 0 0 1 1 1 0 0 0 0 0
45	9	1 1 0 1 0 1 0 0 1 1 0 1 0 0 0 0
45	4	1 1 1 1 1 1 0 0 0 0 1 0 0 0 1 0
45	3	1 1 0 0 0 1 0 1 0 0 1 0 0 0 1 0
45	5	0 1 0 0 0 0 0 1 0 0 1 1 1 0 1 0
45	1	1 1 1 1 0 1 0 0 0 1 0 0 1 1 0 0
45	9	0 1 0 1 0 1 0 0 0 1 0 0 0 0 0 0
45	3	1 1 0 0 0 0 0 0 0 0 1 0 0 0 0 0
45	2	0 1 0 0 0 1 0 0 0 1 1 0 0 0 0 0
45	13	0 1 0 0 0 0 0 1 0 0 1 0 0 0 1 1
45	5	0 1 0 0 0 0 0 0 0 0 0 0 1 0 0 0
45	2	1 1 1 0 0 1 0 0 0 0 1 0 0 0 0 0
45	2	0 1 1 1 0 1 0 0 0 0 1 0 0 0 0 0
45	3	0 0 0 0 0 1 0 1 0 0 1 0 0 0 0 0
45	10	1 1 0 1 0 1 0 0 0 0 1 0 0 0 1 0
45	1	0 0 0 0 0 1 0 0 0 0 1 0 0 0 0 1
45	2	0 1 0 0 1 0 0 0 1 1 0 0 0 0 0 0
45	4	0 1 0 0 0 1 0 1 0 0 1 0 0 0 1 0
45	5	0 1 1 1 0 1 1 0 1 0 1 0 1 1 0 0
45	1	1 1 1 1 0 1 1 0 1 0 1 0 0 0 0 0
45	2	1 1 0 0 0 0 0 1 1 0 1 0 0 0 1 0
45	4	0 1 0 0 1 1 0 0 1 0 1 0 0 1 0 1
45	3	0 1 0 0 0 1 0 0 0 0 0 0 0 0 0 0
45	2	1 1 0 1 0 1 0 0 1 0 0 0 0 0 0 0
45	4	0 1 0 1 0 0 0 1 0 0 1 0 0 0 1 0
45	2	1 1 0 0 0 0 0 1 0 0 1 1 0 0 1 0
45	1	0 1 1 0 0 1 1 0 0 0 1 0 0 0 0 0
45	4	1 1 0 0 1 0 0 0 0 0 1 0 0 0 0 0
45	2	0 1 0 0 1 0 0 1 0 0 1 0 0 0 0 0
45	3	1 1 1 1 1 1 0 0 0 0 1 0 0 1 1 0
45	3	0 1 0 1 0 1 0 0 1 0 1 0 0 1 0 0
45	1	1 1 0 0 0 1 0 0 0 0 1 0 0 0 1 0
45	1	1 1 0 1 1 1 0 0 1 1 1 0 0 0 0 0
45	1	0 1 0 0 0 0 0 1 0 0 1 1 0 0 0 0
45	2	0 1 0 0 0 0 0 1 0 0 1 0 1 1 0 0
45	1	0 1 0 1 0 1 0 0 0 0 1 0 0 0 0 1
45	2	0 1 1 0 1 1 0 0 0 0 1 0 0 0 0 0
45	1	1 1 1 1 0 1 0 0 1 1 1 0 0 0 0 0
45	1	1 1 1 1 0 1 1 1 1 0 1 0 1 1 0 0
45	2	1 0 1 1 0 1 0 0 1 1 0 0 0 0 0 0
85	54	0 1 0 0 0 1 0 0 0 0 1 0 0 0 0 0
85	61	0 1 0 1 0 1 0 0 0 0 1 0 0 0 0 0
85	17	1 1 0 0 0 1 0 0 0 0 1 0 0 0 0 0
85	40	0 1 1 0 0 1 0 0 0 0 1 0 0 0 0 0
85	4	1 1 0 1 1 1 0 0 1 1 0 0 0 0 0 0
85	24	1 1 0 1 0 1 0 0 1 1 1 0 0 0 0 0
85	61	1 1 0 1 0 1 0 0 0 0 1 0 0 0 0 0
85	13	0 1 0 0 0 1 1 0 0 0 1 0 0 0 0 0
85	21	0 1 0 1 0 1 0 0 0 1 1 0 0 0 0 0
85	111	1 1 0 1 0 1 0 0 0 1 1 0 0 0 0 0
85	5	0 1 0 0 0 1 0 0 1 1 1 0 0 0 0 0
85	8	1 1 1 0 0 1 0 0 0 0 1 0 0 0 0 0
85	6	0 1 1 1 0 1 1 0 1 0 1 0 1 1 0 0
85	17	0 1 0 1 0 1 0 0 0 0 1 0 0 0 0 1
85	12	1 1 1 1 0 1 0 0 1 1 1 0 0 0 0 0
85	1	1 0 0 0 0 0 0 1 0 0 1 0 0 0 1 0
85	6	0 1 1 0 0 1 0 0 0 0 0 0 0 0 0 0
85	43	1 1 0 1 1 1 0 0 0 0 1 0 0 0 0 0
85	23	1 1 0 1 0 1 0 0 0 0 1 1 0 0 0 0
85	10	1 1 0 0 0 0 0 1 0 0 1 0 1 0 1 1
85	6	0 1 1 0 0 1 1 0 0 0 1 0 0 0 0 0
85	21	1 1 0 1 0 1 0 0 0 0 1 0 1 0 0 0
85	13	0 1 0 1 0 1 0 0 1 0 1 0 0 0 0 0
85	17	1 1 1 1 0 1 0 0 0 0 1 0 0 0 0 0
85	20	0 1 0 0 0 1 0 0 0 0 1 0 1 0 0 0
85	4	0 0 0 0 0 1 0 0 0 0 1 0 0 0 0 0
85	11	0 1 0 0 0 1 0 0 0 0 1 0 0 1 0 0
85	2	0 1 0 0 1 0 0 1 1 1 0 1 0 0 1 0
85	4	0 1 0 0 0 0 1 1 0 1 1 0 0 0 0 0
85	17	1 1 0 1 1 1 0 0 1 1 1 0 0 0 0 1
85	5	1 1 0 1 0 1 0 0 1 0 1 0 0 0 0 0
85	7	1 1 0 1 1 1 0 0 0 0 1 0 0 0 0 1
85	3	1 1 0 1 0 1 0 1 0 0 1 0 1 0 0 0
85	35	1 1 1 1 0 1 1 0 1 0 1 0 0 0 0 0
85	8	0 1 0 1 0 1 0 0 0 0 1 0 1 0 0 0
85	4	0 1 0 0 1 0 1 1 0 0 1 0 0 0 1 0
85	12	1 1 0 0 1 1 0 0 0 0 1 0 0 0 0 0
85	2	0 1 0 1 0 1 0 1 1 0 1 0 0 0 0 0
85	21	0 1 0 1 0 1 0 0 1 0 1 1 0 0 0 0
85	3	1 1 1 1 0 1 1 0 1 0 1 0 1 1 1 0
85	12	1 1 0 1 1 1 0 1 0 0 1 0 0 0 0 0
85	5	1 1 0 1 0 1 0 0 0 0 1 0 0 1 0 0
85	5	1 1 0 1 0 1 0 0 0 1 1 0 0 0 0 1
85	13	1 1 0 0 0 1 0 0 0 0 1 0 0 0 1 0
85	5	1 1 0 1 0 1 0 0 0 0 1 0 0 0 0 1
85	2	0 1 0 1 1 1 0 0 0 0 1 0 0 0 0 0
85	8	0 1 1 1 1 1 0 0 0 0 1 0 0 0 1 1
85	9	1 1 0 1 0 1 0 0 0 0 0 1 0 0 0 0
85	1	1 1 1 1 0 1 0 0 1 1 1 0 0 0 0 1
85	1	0 1 1 1 0 1 0 0 0 0 1 0 1 1 0 0
85	1	1 1 0 1 1 1 0 0 0 0 1 0 0 1 0 0
85	2	0 1 0 1 0 1 0 1 1 0 1 0 0 0 0 1
85	1	1 1 0 0 0 0 0 0 0 0 1 0 0 0 0 0
85	7	0 1 0 0 0 1 0 0 0 1 1 0 0 0 0 0
85	2	1 1 0 1 0 1 0 0 1 0 1 1 0 0 0 0
85	5	0 1 0 0 1 0 1 1 0 0 1 0 0 0 0 0
85	15	0 1 0 0 0 1 0 0 0 0 1 1 0 0 0 0
85	1	1 1 1 1 0 1 0 0 1 0 1 0 0 0 0 0
85	8	0 1 0 1 0 1 0 1 0 0 1 0 0 0 0 0
85	6	1 1 0 1 0 1 0 0 0 1 0 0 0 0 0 0
85	5	0 1 0 1 0 0 0 1 0 0 1 0 0 0 0 0
85	1	0 1 1 0 0 1 0 0 0 0 1 0 1 1 0 0
85	7	1 1 0 1 0 1 1 0 1 0 1 0 1 1 1 0
85	1	0 1 0 1 0 1 0 1 1 0 1 0 0 0 1 0
85	5	1 0 0 1 0 1 0 0 0 1 1 0 0 0 0 0
85	1	1 1 0 1 0 1 1 0 1 0 1 0 0 0 0 0
85	7	0 1 0 1 0 1 1 0 1 0 1 1 0 0 0 0
85	4	1 1 0 0 0 1 0 1 0 0 1 0 0 0 0 0
85	5	0 1 1 0 0 1 0 0 0 0 1 0 0 1 0 0
85	4	1 1 0 1 0 1 1 0 0 1 1 0 0 0 0 0
85	11	1 1 0 1 1 1 0 0 0 0 1 0 1 0 0 0
85	8	1 1 0 1 1 1 0 0 0 0 1 1 0 0 0 0
85	1	0 1 1 0 0 1 0 0 0 0 1 0 1 0 0 0
85	4	1 1 1 1 0 1 0 0 1 0 1 0 0 0 1 0
85	5	0 1 0 0 0 1 0 0 1 0 1 1 0 0 0 0
85	3	1 1 0 1 1 1 0 0 1 1 0 0 0 0 0 1
85	4	1 0 0 0 0 0 0 0 0 0 1 0 0 0 1 0
85	4	1 1 1 1 0 1 0 0 0 0 1 0 1 0 0 0
85	1	1 1 1 1 0 1 0 0 0 0 0 0 0 0 0 0
85	3	1 0 1 1 0 1 0 0 1 1 1 0 0 0 0 1
85	1	0 1 0 1 0 1 1 0 1 0 1 0 0 0 0 0
85	7	1 1 0 1 0 1 0 0 0 0 1 1 1 0 0 1
85	1	1 1 0 1 1 1 0 0 0 1 1 0 0 0 0 0
85	9	1 1 1 1 0 1 0 0 0 1 1 0 0 0 0 0
85	1	0 1 0 0 1 1 0 0 0 0 1 0 0 0 0 0
85	2	1 1 0 1 0 0 0 0 0 1 1 0 0 0 0 0
85	2	1 1 0 1 1 1 0 0 0 0 0 0 0 0 0 0
85	1	1 1 0 0 0 0 0 1 0 0 1 0 0 0 1 1
85	1	1 1 0 1 1 1 0 0 0 0 1 0 1 0 0 1
85	1	0 1 1 0 0 1 0 0 0 1 1 0 0 0 0 0
85	5	1 1 0 1 0 1 0 0 0 1 1 1 0 0 0 0
85	5	1 1 0 1 0 1 1 0 1 1 1 0 0 0 0 0
85	2	0 1 1 1 0 1 0 0 1 0 1 0 1 1 0 0
85	3	1 1 1 1 0 1 0 1 0 0 1 0 1 0 0 0
85	1	0 1 0 1 1 1 0 0 0 0 1 0 1 0 0 1
85	1	1 1 0 1 1 1 1 0 1 0 1 0 1 1 0 0
85	2	1 1 0 1 0 1 1 0 0 0 1 0 1 0 0 0
85	2	0 1 0 1 0 1 1 0 0 1 1 0 0 0 0 0
85	3	0 1 1 1 0 1 1 0 1 1 1 0 1 1 0 0
85	2	1 0 0 1 0 1 0 0 1 0 1 0 0 0 0 0
85	2	0 1 0 1 0 1 0 1 1 0 1 0 0 0 1 1
85	1	1 1 0 1 1 1 1 0 0 1 1 0 0 0 0 1
154	1	0 1 0 1 0 1 0 0 0 0 1 0 0 0 0 0
154	12	1 1 0 1 0 1 0 0 1 1 1 0 0 0 0 0
154	139	1 1 0 1 0 1 0 0 0 0 1 0 0 0 0 0
154	30	1 1 0 1 0 1 0 0 0 1 1 0 0 0 0 0
154	10	1 1 0 1 1 1 0 0 0 0 1 0 0 0 0 0
154	3	1 1 0 1 0 1 0 0 0 0 1 1 0 0 0 0
154	10	1 1 0 1 0 1 0 0 0 0 1 0 1 0 0 0
154	1	1 1 1 1 0 1 0 0 0 0 1 0 0 0 0 0
154	14	1 1 0 1 1 1 0 1 0 0 1 0 0 0 0 0
154	10	1 1 0 1 0 1 1 0 1 0 1 0 0 0 0 0
154	10	1 1 1 1 0 1 0 0 0 1 1 0 0 0 0 0
154	9	1 1 0 1 0 0 0 0 0 1 1 0 0 0 0 0
154	1	1 1 0 1 0 1 0 0 0 0 1 0 0 0 0 1
154	51	1 1 0 1 1 1 1 0 0 0 1 0 0 0 0 0
154	113	1 1 1 1 1 1 1 0 1 0 1 0 0 0 0 0
154	2	0 1 0 1 0 1 0 0 1 1 1 0 0 0 0 0
154	40	1 1 1 1 0 1 1 0 1 0 1 1 0 0 0 0
154	4	1 1 0 0 0 1 0 1 0 0 1 0 0 0 1 0
154	19	1 1 0 1 0 1 0 0 1 0 1 0 0 0 0 0
154	7	1 1 0 1 0 1 1 0 1 1 0 0 0 0 0 0
154	14	1 1 0 1 0 1 0 0 0 0 1 0 0 0 1 0
154	5	1 1 0 1 0 1 0 0 0 0 0 0 0 0 0 0
154	6	1 1 0 1 1 1 1 0 0 0 1 0 0 0 1 0
154	22	1 1 0 1 0 1 0 0 0 1 0 0 0 0 0 0
154	21	1 1 0 1 1 0 0 0 0 0 1 1 0 0 0 0
154	19	1 1 0 1 1 1 0 0 0 1 1 0 0 0 0 0
154	1	1 1 1 0 0 1 0 1 0 0 1 0 0 0 0 0
154	34	1 1 0 1 0 1 0 1 0 0 1 0 0 0 0 0
154	2	1 1 0 0 0 1 0 1 0 0 0 0 0 0 1 0
154	11	1 1 1 1 0 1 0 0 1 0 1 0 0 0 0 0
154	2	1 1 1 1 0 1 0 0 0 0 1 0 1 0 0 0
154	20	0 1 0 1 1 1 0 0 1 1 1 0 0 0 0 0
154	19	1 1 0 0 0 1 0 0 0 1 0 0 0 0 0 0
154	40	1 1 0 1 0 1 1 0 0 0 1 0 0 0 0 0
154	5	1 1 0 1 1 1 0 0 0 0 1 0 0 0 0 1
154	13	1 1 1 1 0 1 0 0 0 0 1 0 0 0 0 1
154	3	1 1 0 1 0 0 0 0 0 0 0 0 0 1 0 0
154	19	1 1 0 1 0 1 0 0 0 1 1 0 1 0 0 0
154	2	1 0 0 1 1 1 1 0 0 0 1 0 0 0 1 0
154	50	1 1 0 1 1 1 1 0 1 1 0 0 0 0 0 0
154	5	1 1 0 1 0 1 1 0 1 0 1 0 1 0 0 0
154	6	1 1 0 0 0 1 0 0 0 0 1 0 0 0 0 0
154	23	0 1 0 1 0 0 0 0 1 1 0 1 0 0 0 0
154	9	1 1 0 1 1 1 0 1 0 0 1 0 0 0 0 1
154	9	1 1 0 0 1 1 0 1 0 0 1 0 0 0 0 0
154	2	0 1 1 0 0 1 0 0 1 0 1 0 0 0 0 0
154	3	0 1 0 1 0 1 0 0 0 1 1 0 0 0 0 0
154	2	0 1 0 1 0 1 1 0 1 1 0 0 0 0 0 0
154	1	1 1 0 1 1 1 1 0 0 0 1 0 0 0 1 1
154	13	1 1 0 1 0 1 0 0 0 1 1 0 0 0 1 0
154	3	1 1 0 1 0 1 0 1 0 1 1 0 0 0 0 0
154	4	0 1 1 0 1 1 0 0 0 1 1 0 0 0 0 0
154	8	1 1 0 0 0 1 0 0 1 1 0 0 0 0 0 0
154	5	1 1 1 1 0 1 0 1 0 0 1 0 0 0 0 1
154	4	1 1 0 1 0 1 0 1 1 0 1 1 0 0 1 1
154	5	0 1 0 1 0 0 0 0 0 0 1 0 0 0 0 0
154	12	1 0 0 1 0 1 0 0 0 0 1 0 0 0 0 0
154	1	1 1 0 1 0 1 1 0 0 1 0 0 0 0 0 0
154	8	1 1 1 1 0 1 1 0 1 0 1 1 0 0 0 1
154	2	0 1 0 1 1 1 0 0 0 0 1 0 0 0 1 0
154	1	0 1 0 1 0 1 1 0 1 1 0 0 1 0 0 0
154	1	1 1 0 0 0 1 0 1 0 0 0 0 0 1 1 0
154	13	1 1 0 0 0 0 0 0 0 1 0 0 0 0 0 0
154	7	1 1 0 1 0 1 0 0 1 1 1 0 1 0 0 0
154	4	1 1 1 1 0 1 1 0 1 0 1 0 0 0 0 0
154	4	1 1 0 1 1 1 0 1 0 0 1 0 1 0 0 1
154	7	1 1 1 1 1 1 1 0 1 0 0 0 0 0 0 0
154	1	1 1 1 1 1 1 0 1 0 0 1 0 0 0 0 1
154	1	1 1 1 1 1 1 1 0 0 0 1 0 0 0 0 1
154	1	1 1 0 1 1 0 0 0 0 0 0 0 0 0 1 0
154	1	0 1 0 1 1 1 0 1 0 0 1 0 0 0 0 0
154	1	1 1 0 1 0 1 1 0 1 0 1 0 0 0 1 0
154	8	1 1 0 1 0 0 1 0 0 0 1 0 0 0 0 0
154	1	1 1 0 1 0 1 1 0 0 0 1 0 0 0 0 1
154	3	1 1 0 1 0 1 0 0 0 0 1 0 0 1 0 0
154	1	0 1 0 1 1 0 0 0 0 0 1 1 0 0 0 0
154	1	1 1 0 1 0 1 0 0 0 1 1 0 1 0 0 1
154	2	1 1 1 1 0 1 0 0 1 0 1 1 0 0 0 1
154	1	1 1 1 1 1 1 1 0 1 0 1 1 0 0 0 0
154	4	1 1 0 1 0 1 1 0 1 0 1 0 0 0 0 1
154	2	1 1 1 1 0 1 1 0 1 1 0 0 0 0 0 0
154	2	1 1 0 1 1 1 1 0 0 0 1 0 0 1 0 0
154	1	1 1 1 1 0 1 1 0 0 0 1 1 0 0 0 0
154	2	1 1 0 1 1 0 0 0 0 0 1 1 1 0 0 0
154	1	1 0 0 1 1 1 0 0 0 1 1 0 0 0 0 0
154	3	1 1 0 1 1 1 0 0 0 1 1 0 0 0 0 1
154	1	1 1 0 1 0 1 0 1 0 0 1 0 1 0 0 0
154	1	1 1 0 0 1 1 1 0 1 1 0 0 0 0 0 0
154	2	1 1 0 1 1 1 0 1 1 0 1 0 0 0 0 1
154	1	1 1 0 0 0 1 1 0 1 1 0 0 0 0 0 0
154	2	1 0 0 1 0 1 1 0 0 0 1 0 0 0 0 0
239	112	1 1 0 1 0 1 0 0 0 0 1 0 0 0 0 0
239	5	1 1 0 1 1 1 0 1 0 0 1 0 0 0 0 0
239	49	1 1 0 1 1 1 1 0 0 0 1 0 0 0 0 0
239	11	1 1 1 1 1 1 1 0 1 0 1 0 0 0 0 0
239	15	1 1 1 1 0 1 1 0 1 0 1 1 0 0 0 0
239	15	1 1 0 1 0 1 0 0 0 1 0 0 0 0 0 0
239	23	1 1 0 1 1 1 1 0 1 1 0 0 0 0 0 0
239	2	1 1 0 1 0 1 0 0 1 1 1 0 1 0 0 0
239	54	1 1 1 1 1 1 1 0 0 0 1 0 0 0 0 0
239	51	1 1 1 1 0 1 1 0 0 0 1 0 0 0 0 0
239	4	1 1 0 1 1 0 0 1 0 0 1 0 0 0 0 0
239	9	1 1 0 1 0 0 0 0 0 0 1 0 0 0 1 0
239	7	1 1 1 1 0 1 0 1 1 0 1 0 0 0 0 0
239	5	1 1 0 1 0 1 0 0 0 0 1 1 0 0 0 0
239	23	1 1 0 0 0 1 0 0 0 0 1 0 0 0 0 0
239	10	1 1 1 1 1 1 0 0 1 0 1 0 0 0 0 0
239	8	1 1 1 1 1 1 1 0 0 0 1 0 0 0 1 0
239	22	1 1 1 1 0 0 0 0 0 1 0 0 0 0 0 0
239	54	1 1 1 1 0 1 1 0 0 0 1 0 0 1 0 0
239	2	1 1 1 1 1 1 0 0 1 0 1 0 1 0 0 0
239	3	1 1 0 1 1 1 1 0 0 1 1 0 0 0 0 0
239	8	1 1 0 1 0 1 1 0 1 0 1 1 0 0 0 0
239	3	1 1 1 1 1 1 0 1 0 0 1 1 0 1 0 0
239	37	1 1 1 1 0 1 1 1 0 0 1 0 0 0 0 0
239	7	1 1 0 1 0 1 0 1 0 0 1 0 0 0 0 1
239	7	1 1 1 1 1 1 0 1 1 0 1 0 0 0 0 0
239	3	1 1 1 1 0 1 1 0 0 0 0 0 0 0 0 0
239	4	1 1 0 1 0 1 0 0 0 1 1 0 0 0 0 0
239	3	1 1 0 1 0 0 0 0 0 1 0 0 0 0 1 0
239	9	1 1 0 1 0 1 0 0 0 0 0 0 0 0 0 1
239	61	1 1 1 1 0 1 1 0 1 0 0 1 0 0 0 0
239	10	1 1 0 1 0 1 0 0 0 0 1 1 1 1 0 0
239	16	1 1 0 1 0 0 0 0 0 0 1 0 0 0 0 0
239	22	1 1 1 1 1 1 1 0 1 0 0 1 0 0 0 0
239	6	1 1 0 1 0 1 1 0 1 0 0 1 0 0 0 0
239	1	1 1 0 1 0 1 0 0 0 1 0 0 0 0 1 0
239	1	1 1 0 1 1 0 0 1 0 1 1 0 0 0 0 0
239	9	1 1 0 1 0 1 1 0 1 1 1 0 0 0 0 0
239	56	1 1 1 1 0 1 0 1 1 0 1 1 0 0 0 0
239	7	1 1 0 1 0 1 0 1 0 1 1 0 0 0 0 1
239	10	1 1 1 1 1 1 1 1 0 0 1 0 0 0 0 0
239	5	1 1 0 1 0 1 0 0 0 0 1 0 0 1 0 0
239	3	1 1 1 1 1 1 1 0 1 1 0 0 0 0 0 1
239	1	1 1 1 1 0 1 0 1 1 0 1 0 1 0 0 0
239	1	1 1 1 0 0 1 1 1 0 0 1 0 0 1 0 1
239	4	1 1 0 0 1 1 1 0 0 0 1 0 0 0 0 0
239	7	1 1 1 1 1 1 1 1 0 0 1 0 0 0 1 0
239	4	1 1 1 1 0 1 1 0 1 0 1 0 0 0 0 0
239	17	1 1 0 1 0 1 1 1 1 1 1 0 0 0 0 0
239	4	1 1 1 1 1 1 1 0 1 0 1 0 0 0 1 0
239	4	1 1 0 1 0 1 0 0 1 1 1 0 0 0 0 0
239	6	1 1 0 1 0 1 1 0 1 1 1 0 0 1 0 0
239	1	1 1 0 0 0 1 0 0 0 1 0 0 0 0 0 0
239	6	1 1 0 1 0 1 1 0 0 0 1 0 0 1 0 0
239	1	1 1 1 1 1 1 0 1 1 0 1 1 1 1 0 0
239	4	1 1 1 0 0 1 0 0 0 0 1 0 0 0 0 0
239	1	1 1 1 0 0 0 0 0 0 0 0 0 0 0 0 1
239	18	0 1 0 1 0 1 0 0 0 0 1 0 0 0 0 0
239	15	1 1 1 1 0 0 0 0 0 0 1 1 0 0 0 0
239	1	1 1 0 1 1 1 0 0 0 0 1 0 0 1 0 0
239	5	1 0 1 1 1 1 1 0 0 0 1 0 0 1 0 0
239	6	1 1 0 1 1 1 1 0 1 0 1 0 0 0 0 0
239	1	1 1 1 1 0 1 1 0 1 0 1 1 0 1 0 0
239	9	1 1 1 1 1 0 0 0 1 1 1 0 0 0 0 0
239	2	1 1 0 1 1 1 1 0 0 1 0 0 0 0 0 0
239	2	1 1 1 1 0 0 0 0 1 1 0 0 0 0 0 0
239	7	1 1 0 1 1 1 1 0 0 1 1 1 0 0 0 0
239	3	1 0 0 1 0 1 1 0 1 0 1 1 0 0 0 0
239	3	1 1 0 1 0 1 0 0 0 0 1 0 0 0 1 0
239	2	1 1 0 1 0 1 0 0 0 1 0 1 0 0 0 0
239	1	1 1 0 1 1 0 0 1 0 1 1 0 0 0 0 1
239	3	1 1 1 1 0 0 0 1 0 1 0 0 0 0 0 0
239	11	1 1 1 1 0 1 1 1 0 0 1 0 0 1 0 0
239	6	1 1 0 1 1 1 0 0 1 1 1 0 0 0 0 0
239	1	1 1 0 1 0 1 0 0 1 1 0 0 0 0 0 0
239	3	1 1 1 1 1 1 1 0 1 1 1 0 0 1 0 0
239	5	1 1 0 1 0 1 0 1 0 0 1 0 0 0 0 0
239	6	1 1 0 1 0 0 0 0 0 1 0 0 0 0 0 0
239	1	1 1 1 1 0 0 0 0 0 1 0 0 0 0 0 1
239	6	1 1 1 1 0 1 1 0 0 0 1 1 0 1 0 0
239	4	1 0 0 1 0 1 1 0 1 1 1 0 0 0 0 0
239	1	1 1 0 1 1 1 1 1 1 0 1 1 0 0 0 0
239	1	1 1 1 1 1 0 0 1 0 0 1 0 0 0 0 0
239	1	1 1 1 1 0 0 0 0 1 1 0 0 0 0 0 1
239	1	1 0 0 1 0 1 0 0 0 0 1 0 0 0 0 0
239	2	1 1 0 1 1 1 0 0 0 1 0 0 0 0 0 0
239	4	1 0 1 1 0 1 1 0 1 0 0 1 0 0 0 0
239	1	1 1 0 1 0 0 1 0 0 0 1 0 0 0 0 0
239	4	1 1 0 1 0 1 1 1 0 0 1 0 0 1 0 0
239	1	1 1 1 1 0 0 0 0 0 0 1 0 0 0 0 0
239	4	1 1 1 1 0 1 0 0 0 0 0 0 0 0 0 1
239	2	1 1 1 1 1 1 1 0 0 0 1 0 0 1 0 0
239	1	1 1 1 0 0 0 0 0 0 0 1 0 0 1 0 0
239	1	0 1 0 1 0 1 0 0 0 0 1 0 0 1 0 0
239	1	1 0 0 1 0 1 1 0 0 0 1 0 0 1 0 0
239	1	1 1 1 1 1 1 0 0 0 0 1 1 0 1 0 0
239	2	1 1 0 1 1 0 0 1 0 0 0 0 0 0 0 0
239	2	1 1 1 1 1 0 1 1 0 1 1 1 0 0 1 0
239	2	1 1 1 1 0 1 1 0 1 0 0 0 0 0 0 0
239	1	1 1 1 1 1 1 0 1 0 0 1 0 0 0 0 0
239	1	1 1 0 1 0 1 0 0 0 0 0 0 0 0 0 0
239	1	1 1 0 1 1 1 0 0 0 0 0 0 0 0 0 1
239	2	0 1 1 1 1 1 1 0 0 0 1 0 0 0 0 0
239	1	1 1 1 0 0 1 1 1 0 0 1 0 0 0 0 0
239	3	0 1 0 1 0 1 0 0 0 1 1 0 0 0 0 0
239	2	0 1 0 1 0 1 0 1 0 0 1 0 0 0 0 0
239	1	1 1 1 1 0 1 1 0 1 0 1 1 0 1 0 1
239	2	1 1 1 1 1 1 1 0 0 1 1 1 0 0 1 0
252	136	1 1 0 1 0 1 0 0 0 0 1 0 0 0 0 0
252	29	1 1 0 1 1 1 1 0 0 0 1 0 0 0 0 0
252	5	1 1 1 1 0 1 1 0 1 0 1 1 0 0 0 0
252	1	1 1 0 1 1 1 1 0 1 1 0 0 0 0 0 0
252	50	1 1 1 1 1 1 1 0 0 0 1 0 0 0 0 0
252	117	1 1 1 1 0 1 1 0 0 0 1 0 0 0 0 0
252	2	1 1 0 1 0 1 0 0 0 0 1 1 0 0 0 0
252	25	1 1 0 0 0 1 0 0 0 0 1 0 0 0 0 0
252	11	1 1 1 1 1 1 1 0 0 0 1 0 0 0 1 0
252	7	1 1 1 1 0 0 0 0 0 1 0 0 0 0 0 0
252	87	1 1 1 1 0 1 1 0 0 0 1 0 0 1 0 0
252	6	1 1 1 1 1 1 0 0 1 0 1 0 1 0 0 0
252	1	1 1 0 1 0 1 1 0 1 0 1 1 0 0 0 0
252	30	1 1 1 1 0 1 1 1 0 0 1 0 0 0 0 0
252	10	1 1 0 1 0 1 0 1 0 0 1 0 0 0 0 1
252	4	1 1 1 1 0 1 1 0 0 0 0 0 0 0 0 0
252	2	1 1 0 1 0 1 0 0 0 0 0 0 0 0 0 1
252	60	1 1 1 1 0 1 1 0 1 0 0 1 0 0 0 0
252	14	1 1 0 1 0 0 0 0 0 0 1 0 0 0 0 0
252	8	1 1 1 1 1 1 1 0 1 0 0 1 0 0 0 0
252	10	1 1 0 1 0 1 1 0 1 0 0 1 0 0 0 0
252	8	1 1 0 1 0 1 1 0 1 1 1 0 0 0 0 0
252	29	1 1 1 1 0 1 0 1 1 0 1 1 0 0 0 0
252	2	1 1 0 1 0 1 0 1 0 1 1 0 0 0 0 1
252	9	1 1 1 1 1 1 1 0 1 1 0 0 0 0 0 1
252	5	1 1 1 1 0 1 0 1 1 0 1 0 1 0 0 0
252	2	1 1 1 1 1 1 1 1 0 0 1 0 0 0 1 0
252	6	1 1 1 1 0 1 1 0 1 0 1 0 0 0 0 0
252	11	1 1 0 1 0 1 1 1 1 1 1 0 0 0 0 0
252	4	1 1 0 1 0 1 1 0 1 1 1 0 0 1 0 0
252	4	1 1 0 1 0 1 1 0 0 0 1 0 0 1 0 0
252	14	0 1 0 1 0 1 0 0 0 0 1 0 0 0 0 0
252	16	1 1 1 1 0 0 0 0 0 0 1 1 0 0 0 0
252	20	1 1 1 1 0 0 0 1 0 1 0 0 0 0 0 0
252	6	1 1 0 1 1 1 0 0 1 1 1 0 0 0 0 0
252	1	1 1 0 1 0 1 0 0 1 1 0 0 0 0 0 0
252	8	1 1 0 1 0 1 0 1 0 0 1 0 0 0 0 0
252	1	1 1 1 1 0 0 0 0 0 1 0 0 0 0 0 1
252	7	1 1 1 1 0 1 1 0 0 0 1 1 0 1 0 0
252	1	1 0 0 1 0 1 0 0 0 0 1 0 0 0 0 0
252	5	1 1 0 1 1 1 0 0 0 1 0 0 0 0 0 0
252	13	1 1 1 1 0 0 0 0 0 0 1 0 0 0 0 0
252	7	1 1 1 1 0 1 0 0 0 0 0 0 0 0 0 1
252	2	1 1 1 0 0 0 0 0 0 0 1 0 0 1 0 0
252	1	0 1 0 1 0 1 0 0 0 0 1 0 0 1 0 0
252	6	1 1 0 1 1 0 0 1 0 0 0 0 0 0 0 0
252	5	1 1 1 1 1 1 0 0 1 1 1 0 0 0 0 0
252	5	0 1 1 1 0 1 1 1 0 0 1 0 0 1 0 0
252	1	1 1 0 1 1 1 1 1 0 0 1 0 0 1 0 0
252	2	1 1 0 1 1 1 1 0 0 0 1 0 0 1 0 0
252	9	1 1 0 1 1 1 1 1 0 0 1 0 0 0 0 0
252	5	1 0 1 1 0 1 1 0 1 0 0 0 0 0 0 0
252	5	1 1 0 1 0 0 0 0 1 1 1 0 0 0 0 0
252	1	1 1 1 0 1 1 0 0 1 0 1 0 0 0 0 0
252	3	1 1 0 1 1 0 0 1 0 0 0 0 0 1 0 0
252	16	1 1 1 1 0 1 0 0 0 0 1 0 0 0 0 0
252	1	1 1 0 1 0 1 1 0 1 1 1 0 0 0 0 1
252	9	1 1 0 1 1 1 1 0 0 0 1 0 1 0 0 0
252	7	1 1 0 1 1 1 1 0 1 1 0 1 0 0 0 0
252	17	1 1 1 1 0 1 1 1 1 0 1 0 0 0 0 0
252	5	0 1 1 1 0 1 0 0 0 0 1 0 0 0 0 0
252	1	1 1 0 0 1 1 1 0 0 0 1 0 0 1 0 0
252	7	1 1 0 1 0 1 0 0 1 1 1 0 0 0 0 0
252	2	1 1 1 1 0 1 0 1 0 1 0 0 0 0 0 0
252	2	1 1 0 0 0 1 0 0 1 0 1 0 0 0 0 0
252	10	1 1 1 1 0 1 0 0 1 0 1 1 0 0 0 0
252	2	0 1 1 1 1 1 1 0 1 1 0 0 0 0 0 1
252	6	1 1 0 1 0 1 0 1 1 0 1 1 0 0 0 0
252	1	1 1 0 0 0 1 0 0 0 0 1 1 0 0 0 0
252	7	0 1 0 1 0 1 0 0 0 0 1 1 0 0 0 0
252	1	0 1 0 1 0 1 0 1 0 0 1 0 0 0 0 1
252	5	0 1 1 1 1 1 1 0 1 1 0 0 0 1 0 1
252	1	1 1 1 1 1 1 1 0 1 1 1 0 0 0 0 0
252	3	1 1 0 1 0 1 0 0 0 0 0 1 0 0 0 1
252	1	1 1 1 1 1 1 1 0 1 1 0 0 0 0 1 1
252	1	1 1 1 0 1 1 1 0 1 1 0 0 0 0 0 1
252	9	0 1 0 1 0 1 0 0 1 0 1 0 0 0 0 0
252	2	1 0 0 1 1 1 0 0 0 1 0 0 0 0 0 0
252	1	1 1 0 0 0 1 0 0 0 0 1 0 0 1 1 0
252	2	1 1 0 1 0 1 1 1 0 0 1 0 0 0 0 0
252	4	1 1 0 1 0 0 1 0 0 0 1 0 0 0 0 0
252	2	0 1 1 1 0 0 0 0 0 0 1 1 0 0 0 0
252	2	1 1 0 1 1 1 0 0 0 0 1 0 0 0 0 0
252	2	1 1 1 1 0 1 0 1 1 0 0 0 0 0 0 0
252	1	1 1 0 1 1 1 0 1 1 0 1 1 0 0 0 0
252	1	1 1 1 1 0 1 0 1 0 0 1 0 0 0 0 1
252	3	1 1 1 1 0 1 1 0 0 0 0 0 0 0 0 1
252	1	1 1 1 1 1 1 1 0 1 1 0 0 0 0 0 0
252	2	1 1 0 1 1 1 1 1 1 1 1 0 0 0 0 0
252	6	1 1 1 1 1 1 1 0 0 0 1 1 0 0 1 0
252	4	1 1 1 1 0 1 1 0 0 0 1 0 1 1 0 0
252	1	1 0 0 1 0 1 1 0 1 0 0 1 0 0 0 0
252	1	0 1 0 1 0 1 0 0 0 0 1 0 0 0 1 0
252	1	0 1 0 1 0 1 0 0 1 1 0 0 0 0 0 0
252	1	1 1 0 1 1 1 1 0 1 1 0 1 0 1 0 0
252	1	1 1 1 1 1 1 1 0 0 0 1 1 0 0 0 0
252	1	1 1 1 1 0 0 0 0 0 0 1 0 0 1 0 0
252	1	1 1 1 1 0 1 1 0 1 1 1 0 0 0 0 0
252	1	0 1 0 1 0 1 0 1 0 0 1 0 0 0 0 0
252	1	1 1 0 1 0 1 0 0 0 0 1 0 0 0 1 0
252	2	1 1 1 1 1 1 1 0 1 0 1 0 0 0 0 0
252	1	1 1 1 1 0 1 1 0 0 0 0 0 0 1 0 0
252	2	1 0 0 1 0 1 0 0 1 1 1 0 0 0 0 0
350	6	1 1 1 1 0 1 1 0 1 0 1 1 0 0 0 0
350	48	1 1 1 1 0 1 1 0 0 0 1 0 0 0 0 0
350	14	1 1 1 1 0 1 1 0 0 0 1 0 0 1 0 0
350	10	1 1 1 1 1 1 0 0 1 0 1 0 1 0 0 0
350	24	1 1 1 1 0 1 1 0 1 0 0 1 0 0 0 0
350	16	1 1 1 1 0 1 0 1 1 0 1 1 0 0 0 0
350	14	1 1 1 1 0 0 0 0 0 0 1 1 0 0 0 0
350	53	1 1 1 1 0 0 0 0 0 0 1 0 0 0 0 0
350	5	1 0 1 1 0 1 1 0 1 0 0 0 0 0 0 0
350	50	1 1 1 1 0 1 0 0 0 0 1 0 0 0 0 0
350	60	1 1 1 1 0 1 0 0 1 0 1 1 0 0 0 0
350	4	1 1 0 1 0 1 1 1 0 0 1 0 0 0 0 0
350	3	1 0 1 1 0 1 1 0 0 0 1 0 0 0 0 0
350	1	1 1 1 1 1 1 0 0 1 1 1 1 0 0 0 0
350	12	1 1 1 1 0 1 1 0 0 0 0 1 0 0 0 0
350	20	1 1 1 1 0 0 0 0 0 1 1 0 0 0 1 0
350	45	1 1 0 1 0 0 1 0 1 0 1 0 0 0 0 0
350	19	1 1 1 1 1 0 0 0 0 0 1 1 0 0 0 0
350	25	0 1 1 1 0 1 1 0 1 0 0 1 0 0 0 0
350	51	1 1 1 1 0 1 0 1 1 0 1 1 0 1 0 0
350	8	1 1 1 1 0 0 0 1 1 0 1 1 0 0 0 0
350	2	1 1 1 1 0 1 0 1 1 0 1 1 0 0 1 0
350	6	1 1 1 1 0 0 1 0 0 0 1 0 0 0 0 0
350	3	1 1 1 0 0 0 0 0 0 1 1 0 0 0 0 0
350	15	1 1 0 1 0 1 0 0 0 0 1 1 0 0 0 0
350	22	1 1 1 1 0 0 0 0 0 0 0 0 0 0 0 0
350	21	1 1 0 1 0 0 1 0 0 0 1 0 0 0 0 0
350	15	1 1 1 1 0 0 0 0 0 1 1 1 0 0 0 0
350	5	0 1 1 1 0 1 1 0 1 0 0 0 0 0 0 0
350	2	1 1 1 1 0 1 1 0 0 0 0 0 0 0 0 0
350	17	1 1 1 1 0 1 0 1 0 0 1 0 1 0 0 0
350	33	0 1 1 1 0 1 1 0 1 0 1 1 0 0 0 0
350	3	1 1 1 1 0 0 0 0 0 0 0 1 0 0 0 0
350	3	1 1 1 1 0 0 0 1 1 0 1 0 0 1 0 0
350	2	1 1 1 1 0 1 0 1 0 0 1 0 0 0 0 0
350	12	1 1 1 1 1 1 0 0 1 0 1 0 0 0 1 0
350	9	1 1 0 1 0 1 1 1 0 0 1 0 0 1 0 0
350	2	1 0 1 1 0 1 1 0 1 0 0 0 0 0 0 1
350	11	1 1 1 1 1 1 0 0 0 0 1 1 0 0 0 0
350	2	1 1 1 1 1 0 0 0 0 1 1 1 0 0 0 0
350	32	0 1 1 1 0 1 1 0 1 1 1 1 0 0 0 0
350	13	1 1 1 1 0 1 1 0 0 0 1 1 0 0 0 0
350	5	1 1 1 1 0 1 1 1 0 0 1 0 0 1 0 0
350	1	0 1 1 1 0 0 0 0 0 1 1 0 0 0 1 0
350	9	0 1 1 1 0 1 0 1 1 0 1 1 0 0 0 0
350	2	1 1 1 1 0 1 1 1 1 0 0 1 0 0 0 0
350	5	1 1 1 1 0 0 0 0 1 0 1 0 0 0 0 0
350	33	1 1 1 1 0 1 1 1 0 1 0 0 0 0 0 0
350	16	1 0 1 1 0 1 0 0 0 0 1 0 0 0 0 0
350	1	1 1 1 1 1 0 0 0 0 1 1 0 0 0 1 0
350	3	1 1 1 1 0 1 1 0 1 0 0 1 0 0 1 0
350	5	1 1 1 1 1 1 0 0 1 0 1 0 0 0 0 0
350	3	1 1 1 1 0 0 0 0 0 1 1 0 0 0 0 0
350	2	1 1 1 0 0 0 0 0 0 1 0 0 0 0 0 0
350	5	1 1 1 0 0 0 0 1 0 1 1 0 0 0 0 0
350	7	1 1 1 1 1 1 0 1 1 0 1 1 0 1 0 0
350	4	1 1 1 1 0 1 0 0 1 0 1 1 0 0 1 0
350	9	1 1 1 1 0 0 1 0 0 0 1 0 0 0 1 0
350	1	1 1 1 1 0 0 1 1 1 1 0 0 0 0 0 0
350	1	1 1 1 1 0 0 0 0 0 1 0 0 1 0 0 0
350	2	1 1 1 1 1 0 0 0 1 1 1 0 0 0 1 0
350	1	1 0 1 1 1 1 1 0 1 0 0 0 0 0 0 0
350	4	1 1 1 0 0 1 0 0 0 1 1 0 0 0 0 0
350	13	1 1 1 1 0 0 0 0 0 0 0 1 0 0 1 0
350	1	1 1 0 1 0 1 1 0 0 0 1 0 0 0 0 0
350	4	1 1 1 0 0 0 0 0 1 0 0 0 0 0 0 0
350	8	1 1 0 1 0 1 0 0 0 0 1 0 0 0 0 0
350	6	1 1 1 1 1 1 0 0 1 1 1 1 0 1 0 0
350	4	1 1 1 1 0 1 0 0 0 1 1 0 0 0 0 0
350	1	1 1 1 1 1 0 1 0 0 0 1 0 0 0 0 0
350	6	0 1 1 1 0 0 0 0 0 0 1 0 0 0 0 0
350	3	0 1 1 1 0 0 1 0 1 0 0 1 0 0 0 0
350	2	1 1 1 1 1 1 0 1 0 0 1 0 1 0 0 0
350	4	0 1 1 1 0 1 1 0 1 0 1 1 0 1 0 0
350	4	1 1 1 1 0 1 0 0 1 1 0 1 0 0 0 0
350	2	1 1 1 1 1 0 0 1 0 1 1 1 0 0 0 0
350	8	1 1 1 1 0 1 1 0 1 0 0 0 0 0 1 0
350	5	1 1 1 1 1 1 0 0 0 0 1 0 0 0 0 0
350	6	1 1 1 1 0 0 1 0 1 0 0 1 0 0 0 0
350	4	0 1 1 1 0 1 1 0 1 0 1 1 0 0 1 0
350	13	0 0 1 1 0 1 1 0 1 1 1 1 0 0 0 0
350	4	1 1 1 1 0 1 0 0 0 0 1 1 0 0 0 0
350	2	1 1 1 1 0 0 0 0 1 0 1 1 0 0 0 0
350	1	0 1 1 1 0 1 1 1 1 0 1 1 0 0 0 0
350	6	1 1 1 1 0 1 0 0 1 0 1 0 0 0 0 0
350	1	1 1 0 1 0 0 1 0 0 0 1 1 0 0 0 0
350	2	1 1 0 1 0 1 1 0 1 0 0 1 0 0 0 0
350	2	1 1 1 1 0 0 1 0 0 0 1 1 0 0 0 0
350	3	1 1 1 1 1 1 0 0 0 1 1 1 0 0 0 0
350	4	1 1 1 1 0 1 1 0 0 0 0 1 0 0 1 0
350	6	1 0 1 1 0 1 0 1 1 0 1 1 0 1 0 0
350	3	1 1 1 0 0 0 0 0 0 1 1 0 0 1 0 0
350	1	1 1 1 1 0 1 1 0 1 0 0 0 0 0 0 0
350	3	1 1 1 1 0 0 0 0 1 1 1 1 0 1 0 0
350	3	1 1 0 0 0 0 1 0 1 0 1 0 0 0 0 0
350	4	1 1 0 1 0 1 0 1 1 0 1 1 0 1 0 0
350	3	1 1 1 1 0 1 1 1 0 1 0 0 0 1 0 0
350	1	1 1 1 0 0 0 0 0 0 1 0 0 0 0 1 0
350	1	1 1 1 1 1 0 0 1 1 0 1 1 0 1 0 0
350	2	1 1 1 1 0 0 0 0 0 1 1 1 0 1 0 0
350	1	1 1 1 1 0 0 1 0 1 0 1 1 0 0 0 0
350	3	1 1 1 0 0 0 0 0 0 0 1 0 0 0 0 0
350	4	1 0 1 1 0 1 0 0 1 0 0 0 0 0 0 0
350	2	0 1 1 1 0 1 0 0 1 0 1 1 0 0 0 0
350	3	1 0 0 1 0 0 1 0 1 0 1 0 0 0 0 0
350	2	1 0 0 1 0 1 0 0 0 0 1 1 0 0 0 0
350	1	1 1 1 1 0 1 0 1 0 0 1 0 0 1 0 0
350	1	0 1 1 0 0 0 0 0 0 1 1 0 0 1 0 0
400	63	1 1 1 1 0 1 1 0 0 0 1 0 0 0 0 0
400	60	1 1 1 1 0 1 1 0 1 0 0 1 0 0 0 0
400	13	1 1 1 1 0 1 0 1 1 0 1 1 0 0 0 0
400	7	1 1 1 1 0 0 0 0 0 0 1 0 0 0 0 0
400	42	1 1 1 1 0 1 0 0 0 0 1 0 0 0 0 0
400	31	1 1 1 1 0 1 1 0 0 0 0 1 0 0 0 0
400	1	1 1 1 1 1 0 0 0 0 0 1 1 0 0 0 0
400	34	1 1 1 1 0 0 0 0 0 1 1 1 0 0 0 0
400	13	1 1 1 1 0 1 0 1 0 0 1 0 1 0 0 0
400	3	1 1 0 1 0 1 1 1 0 0 1 0 0 1 0 0
400	19	0 1 1 1 0 1 1 0 1 1 1 1 0 0 0 0
400	28	1 1 1 1 0 1 1 1 0 1 0 0 0 0 0 0
400	34	1 1 1 1 1 1 0 0 1 0 1 0 0 0 0 0
400	11	1 1 1 1 0 0 0 0 0 0 0 1 0 0 1 0
400	12	1 1 1 1 1 1 0 1 0 0 1 0 1 0 0 0
400	33	1 1 1 1 1 1 0 0 0 0 1 0 0 0 0 0
400	8	1 0 1 1 0 1 0 1 1 0 1 1 0 1 0 0
400	2	1 1 0 1 0 1 0 0 0 1 1 1 0 0 0 0
400	4	0 1 1 1 0 0 1 0 1 0 1 1 0 0 0 0
400	18	1 1 1 1 0 1 0 1 0 1 0 0 0 0 0 0
400	17	1 1 1 1 0 0 0 0 0 1 1 0 0 0 0 0
400	4	1 0 1 1 0 1 1 0 1 0 1 0 0 0 0 0
400	7	1 1 1 1 0 1 0 0 0 1 1 0 0 0 0 0
400	9	1 1 0 1 0 0 1 1 0 0 1 0 0 1 0 0
400	4	1 1 1 1 0 1 0 0 0 0 1 0 0 1 0 0
400	7	1 1 1 1 0 1 0 0 0 0 1 0 0 0 1 0
400	33	1 1 1 1 1 1 0 1 1 0 1 0 0 0 0 0
400	35	0 1 0 1 0 1 1 0 1 0 1 1 0 0 0 0
400	4	1 1 1 1 0 1 0 0 0 1 1 1 0 0 0 0
400	9	1 1 1 1 0 0 0 0 1 0 0 1 0 0 0 0
400	1	0 1 1 1 0 0 1 0 0 0 1 0 0 0 0 0
400	14	1 1 1 1 0 1 1 1 0 0 0 0 0 0 0 0
400	13	1 1 0 1 0 0 0 0 0 0 1 0 0 0 0 0
400	36	1 1 1 1 0 1 1 0 1 1 1 1 0 0 0 1
400	42	1 1 1 1 1 1 1 0 1 0 0 1 0 0 0 0
400	10	1 1 1 1 0 0 0 0 0 0 1 1 0 0 0 0
400	7	1 1 1 0 0 1 1 0 1 0 0 0 0 0 0 0
400	1	0 1 0 1 0 1 0 0 0 1 1 1 0 0 0 0
400	18	1 1 1 1 0 1 0 0 0 1 0 0 0 0 0 0
400	33	1 0 1 1 0 1 1 0 1 0 0 1 0 0 0 0
400	8	1 0 1 1 0 1 1 0 1 0 1 1 0 0 1 0
400	1	1 1 1 0 0 1 1 1 0 1 0 0 0 0 0 0
400	2	1 1 1 1 0 0 1 0 0 0 1 0 0 0 0 0
400	5	1 1 1 1 0 1 0 1 0 0 0 1 0 0 0 0
400	9	1 1 0 1 0 1 1 0 1 0 1 1 0 0 0 0
400	2	1 1 1 1 0 0 0 0 0 1 1 0 0 0 0 1
400	7	1 0 1 1 0 1 1 1 0 1 0 0 0 0 0 0
400	1	1 1 1 0 0 1 0 0 0 0 1 0 0 0 0 0
400	14	1 1 0 1 0 1 0 0 0 1 1 1 0 1 0 0
400	3	1 1 1 1 0 1 0 1 0 0 1 0 0 0 0 0
400	16	1 1 1 1 0 0 0 1 0 0 1 0 0 0 0 0
400	20	1 1 1 1 0 0 1 0 1 0 0 1 0 0 0 0
400	14	1 1 1 1 0 1 1 0 1 0 1 1 0 0 0 0
400	3	0 1 1 1 0 1 0 1 1 0 1 1 0 1 0 0
400	1	0 1 0 1 0 1 1 0 1 0 1 1 1 0 0 0
400	4	1 1 1 1 0 1 1 0 0 0 1 0 0 0 1 0
400	6	1 1 1 0 1 1 0 0 0 0 1 0 0 0 0 0
400	5	1 1 1 1 0 1 1 0 1 0 1 1 0 0 1 0
400	8	1 0 1 1 0 0 0 1 0 0 1 0 0 0 0 0
400	5	1 0 1 1 0 1 0 0 0 0 1 0 0 0 0 0
400	9	1 1 1 1 0 0 0 1 0 1 0 0 0 0 0 0
400	1	1 1 0 1 1 1 0 0 1 0 1 0 0 0 0 0
400	1	1 1 1 1 1 1 0 1 1 0 1 0 1 0 0 0
400	7	1 1 1 1 0 0 0 1 0 0 1 0 0 0 1 0
400	3	1 0 1 1 1 1 0 0 0 0 1 0 0 0 0 0
400	2	0 1 0 1 0 1 1 0 1 0 0 1 0 0 0 0
400	1	1 1 0 1 1 1 0 0 0 0 1 0 0 0 0 0
400	9	1 0 1 1 0 1 1 1 1 0 0 1 0 0 0 0
400	12	1 1 1 1 1 1 0 1 0 0 1 0 0 0 0 0
400	2	1 1 1 1 0 1 0 1 0 0 0 1 0 0 1 0
400	2	1 1 1 1 0 0 1 0 1 0 1 0 0 0 0 0
400	5	1 1 1 1 0 1 0 0 1 0 1 1 0 1 0 0
400	3	1 1 1 0 1 1 0 0 1 0 1 0 0 0 0 0
400	3	1 1 1 1 0 0 1 0 0 0 0 1 0 0 1 0
400	4	1 1 1 1 0 1 1 0 1 0 1 0 0 0 0 0
400	1	1 1 1 1 0 0 0 0 0 0 0 1 0 0 0 0
400	9	1 1 1 1 0 0 0 0 0 1 1 1 0 1 0 0
400	3	1 1 1 1 0 0 0 0 1 0 1 1 0 1 0 0
400	2	1 0 1 1 0 1 1 0 1 0 0 1 0 0 1 0
400	8	1 0 1 1 0 1 1 0 0 0 1 0 0 0 0 0
400	1	1 1 1 1 0 1 1 0 0 0 1 0 1 0 0 0
400	2	1 0 1 1 0 1 0 1 1 0 1 1 0 1 1 0
400	2	1 1 1 1 0 1 0 0 1 0 1 0 0 1 0 0
400	2	1 1 1 1 0 1 0 1 1 0 1 0 0 0 0 0
400	1	0 1 1 1 0 1 0 0 0 1 1 1 0 0 0 0
400	1	0 1 1 1 0 1 0 1 0 0 1 0 0 0 0 0
400	3	1 1 1 1 1 1 1 0 1 0 0 0 0 0 0 0
400	2	1 1 1 1 0 0 1 0 1 0 0 0 0 0 0 0
400	2	1 1 1 1 0 1 1 0 1 0 0 1 1 0 0 0
400	8	1 1 1 1 1 1 0 0 1 0 0 0 0 0 0 0
400	1	1 1 0 1 0 0 0 0 0 0 1 1 0 0 0 0
400	1	0 1 1 1 0 1 1 0 1 1 1 1 0 0 1 0
400	2	0 1 0 1 0 1 1 0 1 1 1 1 0 0 0 0
400	1	1 1 1 1 0 0 0 0 0 0 1 1 0 0 0 1
400	1	1 1 1 1 0 1 1 0 1 0 0 1 0 0 1 0
400	2	0 1 1 1 0 1 1 0 0 1 1 1 0 0 0 0
400	2	1 1 1 1 1 0 0 1 1 0 1 0 0 0 0 0
400	2	1 1 1 1 0 1 1 0 1 0 0 0 0 0 0 0
400	1	1 1 1 1 0 1 0 1 0 0 1 0 0 0 1 0
400	2	1 1 0 1 0 1 1 0 0 0 1 0 0 0 1 0
