0	250	1 0 0 0 0 0 0 0 0 1 0 0 0 0 0 0
0	250	0 0 1 1 0 0 0 0 1 0 0 0 0 1 0 1
0	250	0 0 0 0 0 0 1 0 0 0 0 0 0 0 0 0
0	250	1 0 1 1 0 0 0 0 0 0 1 1 1 0 1 1
8	223	1 0 0 0 0 0 0 0 0 1 0 0 0 0 0 0
8	324	0 0 1 1 0 0 0 0 1 0 0 0 0 1 0 1
8	116	0 0 0 0 0 0 1 0 0 0 0 0 0 0 0 0
8	214	1 0 1 1 0 0 0 0 0 0 1 1 1 0 1 1
8	8	1 0 0 0 0 0 0 0 0 0 1 1 1 0 1 1
8	6	1 0 0 0 0 0 0 0 0 1 1 0 0 0 0 0
8	9	1 0 1 1 0 0 0 0 1 0 0 0 0 1 0 1
8	2	0 0 0 0 0 0 0 0 0 1 0 0 0 0 0 0
8	12	0 0 1 1 0 0 0 0 1 0 0 0 0 1 0 0
8	3	0 0 1 1 0 0 0 0 1 0 0 0 0 0 0 0
8	7	1 0 1 1 0 1 0 0 0 0 1 1 1 0 1 1
8	3	0 0 1 1 0 0 0 0 0 0 1 1 1 0 1 1
8	4	0 0 1 1 0 0 0 0 1 0 0 1 1 0 1 1
8	6	1 0 1 0 0 0 0 0 0 1 0 0 0 0 0 0
8	1	0 0 1 1 0 0 0 0 1 0 0 0 0 1 1 1
8	1	0 0 0 0 0 0 0 0 0 0 0 0 0 0 0 0
8	3	1 0 1 1 1 0 0 0 0 0 1 1 1 0 1 1
8	2	1 0 1 1 0 0 0 1 0 0 1 1 1 0 1 1
8	1	1 0 0 0 0 0 0 0 1 0 0 0 0 1 0 1
8	2	1 0 0 0 0 0 0 0 0 1 1 1 1 0 1 1
8	4	1 0 0 0 0 0 0 1 0 1 0 0 0 0 0 0
8	1	1 1 1 1 0 0 0 0 0 0 1 1 1 0 1 1
8	3	1 0 0 1 0 0 0 0 1 0 0 0 0 1 0 1
8	1	0 0 1 1 0 0 0 1 1 0 0 0 0 1 0 1
8	6	0 0 0 1 0 0 0 0 1 0 0 0 0 1 0 1
8	2	0 1 1 1 0 0 0 0 1 0 0 0 0 1 0 1
8	1	0 0 1 1 0 0 0 0 1 0 0 0 0 0 0 1
8	4	1 0 0 1 0 0 0 0 0 0 1 1 1 0 1 1
8	5	1 0 0 0 0 0 0 0 0 1 1 0 1 0 0 0
8	1	0 0 1 1 0 0 0 1 0 0 1 1 1 0 1 1
8	2	0 0 1 0 0 0 0 0 0 0 0 0 0 0 0 0
8	3	1 0 0 0 0 0 0 0 0 1 0 0 0 0 0 1
8	1	0 0 0 0 0 0 0 0 1 0 0 1 1 0 1 1
8	4	1 0 1 1 0 0 0 0 0 1 0 0 0 0 0 0
8	4	1 0 0 0 0 0 0 0 1 1 0 0 0 0 0 0
8	1	1 0 0 1 0 0 0 0 0 1 0 0 0 0 0 0
8	2	0 0 1 1 0 0 0 0 1 0 0 1 0 1 0 1
8	1	0 0 1 1 0 0 0 0 1 1 0 0 0 1 0 1
8	1	0 1 0 0 0 0 1 0 0 0 0 0 0 0 0 0
8	1	0 0 0 0 0 0 1 0 1 0 0 0 0 0 0 0
8	2	1 0 1 1 0 0 0 0 1 0 1 1 1 0 1 1
8	3	0 0 1 1 0 0 0 0 1 0 0 1 1 0 0 1
45	54	1 0 0 0 0 0 0 0 0 1 0 0 0 0 0 0
45	196	0 0 1 1 0 0 0 0 1 0 0 0 0 1 0 1
45	130	1 0 1 1 0 0 0 0 0 0 1 1 1 0 1 1
45	33	1 0 0 0 0 0 0 0 0 1 1 0 0 0 0 0
45	27	1 0 1 1 0 0 0 0 1 0 0 0 0 1 0 1
45	16	0 0 1 1 0 0 0 0 1 0 0 0 0 1 0 0
45	17	0 0 1 1 0 0 0 0 0 0 1 1 1 0 1 1
45	6	0 0 0 1 0 0 0 0 1 0 0 0 0 1 0 1
45	8	1 0 0 1 0 0 0 0 0 0 1 1 1 0 1 1
45	8	1 0 1 1 0 0 0 0 0 1 0 0 0 0 0 0
45	23	1 0 0 0 0 0 0 0 1 1 0 0 0 0 0 0
45	28	1 0 1 1 0 0 1 0 0 0 1 1 1 0 1 1
45	1	0 0 0 0 0 0 1 0 1 0 0 0 0 0 0 0
45	3	1 0 1 1 0 0 0 0 0 0 1 1 1 0 0 1
45	4	0 0 1 1 0 0 0 1 1 1 0 0 0 1 0 1
45	2	0 0 1 1 0 0 0 0 0 1 0 0 0 0 0 0
45	31	1 0 0 1 0 0 0 0 1 0 0 0 0 1 0 1
45	24	1 0 1 1 0 0 0 0 1 0 0 0 0 1 1 1
45	5	0 0 0 0 0 0 0 0 0 1 0 0 0 0 0 0
45	17	1 0 1 1 0 0 0 0 0 0 0 1 1 0 1 1
45	11	1 0 1 1 0 0 0 0 0 0 1 0 1 0 1 1
45	31	1 0 1 1 0 0 0 1 0 0 1 1 1 0 1 1
45	26	0 0 1 1 0 0 0 0 1 0 0 0 0 0 0 0
45	26	1 0 0 1 0 0 0 0 1 0 0 1 0 1 0 1
45	9	0 0 1 1 0 0 0 0 1 0 0 0 0 0 0 1
45	8	1 0 1 1 0 0 0 0 0 0 1 1 0 0 1 1
45	27	0 0 1 1 0 0 0 0 1 0 1 0 0 0 0 0
45	7	1 0 1 1 0 0 0 0 1 0 1 1 1 0 1 1
45	7	0 0 0 1 0 0 0 0 1 0 1 1 1 0 1 1
45	1	0 0 1 1 0 1 0 0 0 0 1 0 1 0 1 1
45	8	1 0 0 1 0 0 0 0 0 1 1 0 0 0 0 0
45	10	1 0 1 1 0 0 1 0 0 0 0 1 1 0 1 1
45	19	1 1 1 1 0 0 0 0 0 0 1 1 1 0 1 1
45	18	1 0 1 1 0 1 0 0 1 0 0 0 0 1 0 1
45	2	0 0 1 1 1 0 0 1 1 1 0 0 0 1 0 1
45	3	1 0 1 1 0 0 0 1 1 0 1 1 1 0 1 1
45	6	0 0 1 1 0 1 1 0 1 0 0 0 0 1 0 1
45	3	0 0 0 0 0 0 1 0 1 1 0 0 0 0 0 0
45	9	1 0 1 1 0 0 0 0 0 1 1 1 1 0 1 1
45	1	1 0 0 0 0 0 0 0 0 0 1 1 1 0 1 1
45	12	0 0 0 1 0 0 0 0 0 0 1 1 1 0 1 1
45	4	1 0 1 1 0 0 0 0 1 0 1 1 1 0 0 1
45	9	1 0 1 1 0 0 0 0 1 1 0 0 0 1 1 1
45	4	1 0 1 1 0 0 0 0 0 0 1 0 0 0 0 0
45	4	0 0 1 1 0 1 0 0 0 0 1 0 0 1 0 1
45	8	0 0 1 1 0 0 0 0 1 0 0 0 1 1 0 1
45	1	1 0 1 1 0 0 0 0 0 0 1 0 1 0 0 1
45	5	1 0 1 1 0 0 0 1 0 0 0 1 1 0 1 1
45	1	0 0 1 1 0 0 0 0 1 1 0 0 0 1 0 1
45	3	1 0 1 1 1 0 0 0 0 0 1 1 1 0 1 1
45	3	1 0 1 1 0 0 0 0 1 0 1 1 0 0 1 1
45	4	0 0 1 1 0 0 0 0 0 1 0 0 0 0 0 1
45	3	1 0 1 1 0 0 0 0 1 0 0 0 0 0 1 1
45	5	0 0 1 1 0 0 0 0 1 0 0 0 0 1 1 1
45	2	0 0 1 1 0 0 0 0 0 0 1 1 1 0 0 1
45	5	1 0 1 1 0 0 0 0 1 1 0 0 0 1 0 1
45	6	0 0 1 1 0 0 0 0 1 0 0 1 0 1 1 1
45	1	1 0 1 1 0 1 0 0 0 0 0 1 1 0 1 1
45	8	0 0 0 1 0 0 0 0 1 0 1 0 0 0 0 0
45	1	1 0 1 1 0 0 0 0 1 0 0 0 0 0 0 0
45	1	0 0 1 1 0 0 1 0 1 0 0 0 0 1 0 1
45	2	0 0 1 0 0 0 0 0 0 1 0 0 0 0 0 0
45	6	0 0 1 1 0 0 0 0 0 0 0 1 1 0 1 1
45	3	1 0 0 0 0 0 0 0 0 1 1 0 0 0 0 1
45	4	1 0 1 1 0 0 0 0 1 0 0 0 0 0 0 1
45	3	0 0 1 1 0 0 0 0 1 0 1 0 0 1 0 1
45	2	1 0 1 1 0 0 0 0 1 0 0 0 0 1 0 0
45	4	1 0 0 1 0 0 0 0 1 0 1 0 0 1 0 1
45	3	1 0 1 0 0 1 0 1 0 0 1 1 1 0 1 1
45	1	0 0 1 1 0 0 0 0 1 0 0 1 1 1 0 1
45	3	0 0 0 0 0 0 0 0 0 1 1 0 0 0 0 0
45	1	1 0 0 1 0 0 0 0 1 0 0 0 0 1 0 0
45	1	0 0 0 0 0 0 0 0 1 0 1 1 1 0 1 1
45	1	0 1 1 1 0 0 0 0 0 0 1 1 1 0 1 1
45	2	1 0 0 0 0 0 1 0 0 1 0 0 0 0 0 0
45	3	1 0 1 0 0 0 0 0 0 1 0 0 0 0 0 0
45	1	1 0 1 1 0 0 0 1 0 1 0 0 0 0 0 0
45	1	0 0 0 1 0 0 0 1 1 0 1 1 1 0 1 1
45	2	1 1 1 1 0 0 0 0 0 0 0 1 1 0 1 1
45	2	0 0 1 1 0 0 0 1 0 0 0 1 1 0 1 1
85	17	0 0 1 1 0 0 0 0 1 0 0 0 0 1 0 1
85	11	1 0 1 1 0 0 0 0 0 0 1 1 1 0 1 1
85	20	1 0 1 1 0 0 0 0 1 0 0 0 0 1 0 1
85	61	0 0 1 1 0 0 0 0 1 0 0 0 0 1 0 0
85	49	1 0 1 1 0 0 1 0 0 0 1 1 1 0 1 1
85	10	1 0 1 1 0 0 0 0 1 0 0 0 0 1 1 1
85	3	1 0 1 1 0 0 0 0 0 0 0 1 1 0 1 1
85	9	1 0 1 1 0 0 0 1 0 0 1 1 1 0 1 1
85	55	0 0 1 1 0 0 0 0 1 0 0 0 0 0 0 0
85	143	0 0 1 1 0 0 0 0 1 0 1 0 0 0 0 0
85	17	0 0 1 1 0 1 0 0 0 0 1 0 1 0 1 1
85	9	1 0 1 1 0 0 1 0 0 0 0 1 1 0 1 1
85	5	1 0 1 1 0 1 0 0 1 0 0 0 0 1 0 1
85	18	0 0 0 1 0 0 0 0 1 0 1 0 0 0 0 0
85	6	1 0 1 1 0 0 0 0 1 0 0 0 0 0 0 0
85	15	1 1 1 1 0 0 0 0 0 0 1 0 1 0 1 1
85	7	0 0 1 1 0 0 0 0 1 0 0 0 0 0 1 0
85	2	1 0 1 1 0 0 0 0 0 0 1 1 1 0 1 0
85	35	1 0 1 1 0 0 0 0 0 0 1 0 0 0 0 1
85	7	1 0 0 1 0 1 0 0 0 1 1 0 0 0 0 0
85	19	1 0 1 1 0 0 0 0 1 0 1 0 0 0 0 0
85	18	1 0 0 1 0 0 0 0 1 0 0 1 0 0 1 1
85	40	1 0 0 0 0 0 0 1 1 1 0 0 0 0 0 0
85	24	1 0 1 1 0 0 0 0 1 0 1 1 0 0 1 1
85	2	0 0 1 1 0 0 0 0 0 0 1 1 0 0 1 0
85	18	1 0 1 0 0 0 0 0 0 0 1 1 1 0 1 1
85	3	0 0 1 1 0 0 0 0 0 0 1 1 0 1 1 0
85	5	0 0 1 1 0 0 0 0 1 0 1 1 1 0 1 1
85	43	1 1 1 1 0 0 0 0 1 0 0 0 0 1 0 1
85	13	1 0 1 1 0 0 0 0 0 0 1 0 1 1 0 1
85	4	1 0 1 1 0 0 1 0 0 0 1 0 0 1 0 1
85	4	0 1 1 1 0 1 0 0 1 0 0 0 0 0 0 0
85	4	0 0 1 1 0 0 0 0 1 1 0 0 0 1 1 1
85	18	1 1 1 1 1 0 0 0 0 0 0 1 1 0 1 1
85	4	0 0 1 1 0 0 0 0 1 0 1 1 0 0 1 1
85	2	0 0 1 1 0 0 0 0 1 0 0 0 0 0 0 1
85	21	0 0 1 1 0 0 0 0 1 1 0 0 0 0 0 0
85	2	0 0 1 1 0 0 1 0 1 0 0 0 0 1 0 0
85	8	0 0 1 1 0 0 0 0 0 0 1 1 0 0 1 1
85	6	0 0 1 1 0 0 0 0 0 1 1 1 0 0 1 0
85	5	0 0 1 1 0 0 0 0 0 0 0 1 1 0 1 1
85	1	1 0 1 1 0 0 0 0 0 0 1 0 1 1 1 1
85	10	0 0 1 1 0 1 0 0 1 0 0 0 0 1 0 1
85	6	1 0 1 1 0 1 0 0 1 0 1 0 0 1 0 1
85	6	1 0 1 1 0 0 0 0 0 0 1 0 1 0 1 0
85	4	1 0 0 1 0 0 0 0 0 1 1 0 0 0 0 0
85	8	1 0 1 1 0 1 0 0 1 0 0 0 0 1 1 1
85	5	0 1 0 1 0 1 0 0 1 0 0 0 0 0 0 0
85	20	0 0 1 1 0 0 0 0 0 0 1 1 0 0 0 0
85	3	1 1 1 1 0 0 0 0 0 0 1 1 1 0 1 1
85	10	1 0 0 0 1 0 0 1 1 1 0 0 0 0 0 0
85	1	0 0 1 1 0 0 1 0 1 0 0 0 0 0 0 0
85	9	0 1 1 0 0 0 0 0 1 0 0 0 0 1 0 1
85	2	0 0 1 1 0 0 1 0 0 1 0 1 1 0 1 1
85	6	1 0 1 1 0 1 0 0 1 0 1 1 0 1 0 1
85	8	0 0 1 1 0 0 0 0 1 0 0 1 0 0 1 1
85	12	1 0 1 1 0 0 0 0 0 0 1 0 1 0 0 0
85	1	1 1 1 1 0 0 0 0 0 0 1 0 0 0 0 0
85	4	0 0 1 1 0 0 0 1 1 0 1 0 0 0 0 0
85	5	1 0 1 1 0 0 1 0 0 0 1 0 0 1 0 0
85	4	0 0 1 1 0 0 0 0 1 0 0 1 1 0 1 1
85	3	0 0 1 1 0 0 0 0 1 0 1 0 0 0 0 1
85	8	1 0 1 1 0 0 0 0 0 1 1 1 1 0 1 1
85	4	1 0 1 1 0 0 1 0 0 0 1 0 0 0 0 1
85	1	0 0 1 0 0 0 0 0 0 0 1 1 0 0 0 0
85	8	1 0 1 1 0 1 0 0 1 0 0 0 0 0 0 0
85	1	1 1 1 1 1 0 0 0 0 0 0 0 0 1 0 1
85	4	0 0 1 1 0 0 0 0 1 0 1 0 0 1 0 0
85	9	1 1 1 1 1 0 0 0 0 0 0 1 1 0 0 0
85	2	1 0 0 0 0 0 0 1 1 1 1 0 0 0 0 0
85	2	0 0 1 1 0 0 0 1 1 0 1 1 0 0 0 0
85	10	0 1 1 1 0 0 0 1 1 0 1 0 0 0 0 0
85	4	0 0 1 1 0 0 0 0 0 0 1 0 1 1 0 1
85	1	0 0 1 1 0 0 0 0 0 0 0 1 1 0 0 1
85	3	0 0 1 1 0 0 0 0 1 0 1 0 0 0 1 0
85	2	0 0 1 1 0 0 0 0 1 0 1 0 1 0 1 1
85	2	0 0 1 1 0 0 0 1 0 0 1 1 1 0 1 1
85	3	1 0 0 1 0 0 0 0 1 0 0 1 1 0 0 0
85	1	1 0 1 1 0 0 0 0 1 0 0 0 0 1 0 0
85	2	1 0 0 1 0 0 0 1 1 1 0 0 0 0 0 0
85	4	1 0 1 0 0 0 0 0 1 0 1 1 0 0 1 1
85	2	0 0 0 1 0 0 0 1 1 0 1 0 0 1 0 0
85	2	1 0 0 1 0 0 0 0 1 0 0 0 0 1 0 1
85	3	0 0 1 0 0 0 0 0 1 0 1 0 0 0 0 1
85	1	0 0 1 1 0 0 0 0 1 0 0 1 0 0 0 0
85	2	0 0 1 0 0 0 0 0 1 0 1 0 0 0 0 0
85	1	0 0 0 1 0 1 0 0 0 0 1 0 1 0 1 1
85	3	1 0 1 1 0 0 0 0 1 0 1 0 0 0 0 1
85	1	1 0 0 1 0 0 0 0 1 0 1 0 0 0 0 0
85	6	1 0 1 1 0 0 0 0 1 0 1 1 0 1 1 1
85	1	0 0 1 1 0 0 0 1 0 0 0 1 1 0 1 1
85	1	1 0 1 0 1 0 0 1 1 1 0 0 0 0 0 0
85	2	1 0 1 0 0 0 0 0 1 0 0 1 0 0 1 1
85	1	0 0 1 1 1 0 0 0 1 0 0 0 0 1 0 0
85	1	0 0 1 1 0 0 0 0 1 0 0 1 0 1 0 0
85	1	1 0 1 1 0 1 0 1 0 0 1 1 1 0 1 1
85	1	0 0 1 1 0 1 0 0 1 0 1 0 0 0 0 0
85	1	1 0 1 1 0 1 1 0 0 0 0 1 1 0 1 1
85	3	0 0 0 1 0 0 0 0 1 1 1 0 0 0 0 0
85	2	1 0 1 1 0 0 1 0 1 0 1 0 0 0 0 0
85	1	1 1 1 1 1 0 0 0 1 0 0 0 0 1 0 1
85	3	1 1 0 1 1 0 0 0 0 0 0 1 1 0 0 0
154	2	0 0 1 1 0 0 0 0 1 0 0 0 0 0 0 0
154	11	0 0 1 1 0 0 0 0 1 0 1 0 0 0 0 0
154	13	1 0 1 1 0 0 0 0 1 0 1 0 0 0 0 0
154	19	1 0 0 1 0 0 0 0 0 1 1 0 0 0 0 0
154	1	1 0 1 1 0 0 0 0 0 0 1 0 1 0 0 0
154	32	1 1 1 1 1 0 0 0 0 0 0 1 1 0 0 0
154	16	1 0 1 1 0 0 0 1 1 0 0 0 0 0 0 0
154	24	1 0 1 0 0 0 0 0 0 0 1 0 1 1 0 1
154	36	1 1 1 1 0 0 0 0 1 0 0 0 0 0 0 0
154	7	1 0 1 1 0 0 0 0 0 0 0 1 0 0 1 1
154	64	0 0 1 1 0 0 0 0 1 1 1 0 0 0 0 0
154	7	1 0 1 0 0 0 0 1 1 1 0 0 0 0 0 0
154	14	1 1 1 1 0 1 0 0 1 0 0 0 0 1 0 1
154	64	1 1 1 1 0 0 0 0 1 0 0 1 0 1 0 0
154	21	1 1 1 1 0 0 0 0 1 0 0 0 1 0 0 0
154	13	1 1 1 1 0 0 0 0 1 0 1 0 0 0 0 0
154	5	1 1 1 1 0 0 0 0 0 0 1 0 1 0 0 0
154	12	0 0 1 1 0 0 0 0 0 0 1 0 0 0 0 0
154	12	1 1 1 1 0 1 0 0 1 0 0 0 0 0 0 0
154	1	1 0 0 0 1 0 0 1 1 1 0 0 1 0 0 0
154	1	0 0 1 1 0 1 0 0 1 0 1 0 0 0 0 0
154	6	1 1 1 1 0 0 0 0 1 0 0 0 0 0 1 1
154	9	1 1 1 1 0 0 1 0 1 0 0 0 0 0 0 0
154	2	1 0 1 0 1 0 0 0 0 0 1 0 0 0 0 1
154	20	1 1 1 1 0 0 0 0 1 0 0 1 0 0 0 0
154	5	0 0 1 1 0 0 0 1 0 0 1 0 0 0 0 0
154	2	0 0 1 1 0 0 0 0 1 0 1 1 0 0 1 0
154	11	1 0 1 1 0 0 0 0 1 0 0 1 1 0 0 0
154	6	1 1 1 0 0 0 0 0 1 0 0 0 0 1 0 0
154	53	1 1 1 1 0 0 0 0 1 0 0 0 0 0 0 1
154	19	1 0 1 1 0 0 0 0 1 0 1 0 0 0 1 0
154	30	1 1 1 1 0 0 0 0 1 0 0 1 0 0 1 1
154	5	1 0 1 1 1 0 0 0 1 0 1 1 0 0 0 0
154	10	0 0 1 1 1 1 0 0 1 0 0 0 0 0 0 0
154	27	1 1 1 1 1 0 0 0 1 0 1 0 0 0 0 0
154	23	0 1 1 1 0 0 0 0 0 0 0 0 0 1 0 0
154	5	0 0 1 1 0 0 0 0 1 0 0 1 0 0 1 1
154	5	0 0 1 1 0 0 0 1 1 0 0 0 0 0 0 0
154	8	1 1 0 1 0 1 0 0 1 0 0 0 0 1 0 1
154	6	1 0 1 1 0 0 0 0 1 1 1 1 0 0 1 1
154	5	1 0 1 1 0 0 0 0 1 0 1 1 0 0 1 0
154	11	1 0 1 1 0 0 0 0 1 0 1 0 0 0 1 1
154	1	0 1 1 1 0 0 0 0 0 0 1 0 1 0 0 0
154	1	1 1 1 1 0 0 0 0 1 0 0 1 1 0 0 0
154	5	1 1 1 1 0 0 0 0 1 0 0 1 1 1 0 0
154	2	1 1 1 0 0 0 0 0 1 0 0 0 1 0 0 0
154	4	1 1 1 1 0 1 0 0 1 0 0 0 0 0 1 0
154	30	1 1 1 1 0 1 0 0 1 0 1 1 0 0 0 0
154	9	1 1 1 1 0 1 0 0 1 0 0 0 1 0 0 0
154	2	0 0 1 1 0 1 0 0 1 0 0 0 0 0 0 0
154	5	0 0 1 1 0 0 0 0 1 1 1 0 1 0 0 0
154	4	1 0 1 1 0 0 0 0 1 0 0 1 0 0 0 0
154	1	1 0 1 1 0 0 1 0 1 0 0 0 0 0 0 0
154	24	1 0 1 1 0 0 0 0 1 0 0 1 0 1 0 0
154	9	1 0 1 1 0 0 0 0 1 0 0 0 0 0 0 1
154	4	0 0 1 1 0 0 0 1 1 0 1 0 0 0 0 0
154	14	0 1 1 1 0 0 0 0 1 1 1 0 0 0 0 0
154	6	0 1 1 1 0 0 0 0 0 0 0 0 0 0 0 0
154	4	1 1 1 1 0 0 0 0 0 0 0 1 0 0 1 1
154	13	1 0 1 0 1 0 0 0 1 0 1 0 0 0 0 1
154	5	0 1 1 1 0 0 0 0 1 0 0 1 0 1 0 0
154	4	1 0 1 1 0 0 0 0 1 1 1 0 1 0 0 0
154	6	1 1 1 1 0 0 0 0 1 1 1 0 0 0 0 0
154	2	1 1 0 1 0 1 0 0 1 0 0 0 0 1 0 0
154	3	1 1 1 1 1 0 0 0 1 0 1 1 1 0 1 1
154	2	1 0 1 1 0 1 0 0 1 0 0 0 1 0 0 0
154	3	0 0 1 0 1 0 0 0 0 0 1 0 1 0 0 0
154	1	1 1 1 1 0 1 0 0 1 0 1 0 0 0 0 0
154	3	1 0 1 1 0 0 0 0 1 0 1 1 0 0 0 0
154	13	0 0 1 1 0 0 0 0 1 1 1 0 0 0 1 0
154	2	1 1 1 1 0 1 0 0 1 0 0 1 0 1 0 0
154	11	1 1 1 1 0 0 0 0 1 0 1 0 0 0 0 1
154	8	1 1 1 1 0 1 1 0 1 0 0 0 0 0 1 0
154	4	1 0 1 1 0 0 0 1 1 0 0 0 0 0 0 1
154	7	1 1 1 1 0 0 0 0 1 1 1 0 0 0 1 0
154	2	1 1 1 1 0 0 0 0 0 0 1 0 0 0 0 1
154	5	1 1 1 1 0 0 0 0 0 0 0 1 1 0 0 0
154	1	0 1 1 1 0 0 0 0 0 0 0 1 0 0 1 1
154	1	0 1 1 1 0 0 0 0 0 0 0 0 0 0 0 1
154	1	1 0 1 1 0 0 0 1 0 0 1 0 1 1 0 1
154	3	0 0 1 1 0 0 0 0 1 0 0 1 1 1 0 0
154	1	1 1 0 1 0 1 0 0 1 0 0 0 0 0 0 0
154	4	1 0 1 0 1 0 0 0 0 0 1 0 1 0 0 1
154	2	1 1 0 1 0 0 0 0 1 0 0 0 1 0 0 0
154	8	1 1 1 1 0 0 0 0 1 0 0 0 1 1 0 0
154	7	1 1 0 1 0 0 0 0 0 0 1 0 1 0 0 0
154	3	1 1 1 1 0 0 0 0 1 0 0 0 0 1 0 1
154	1	1 1 1 1 0 0 0 0 1 1 0 1 1 1 0 0
154	5	0 0 1 1 0 1 0 0 1 0 1 1 0 0 0 0
154	1	1 1 1 1 0 0 0 0 1 0 0 1 0 1 0 1
154	5	1 1 1 1 0 0 0 0 1 0 0 1 0 0 0 1
154	16	1 0 1 0 0 0 0 0 0 0 1 0 1 1 0 0
154	3	1 0 1 0 0 0 0 0 1 0 1 0 0 0 0 1
154	1	0 0 1 1 0 0 0 0 0 0 0 1 0 0 0 0
154	3	1 0 1 0 0 0 0 1 0 0 1 0 1 1 0 1
154	1	0 0 0 1 0 1 0 0 1 0 0 0 0 1 0 0
154	1	0 1 1 1 0 0 0 0 0 0 1 0 0 0 0 1
154	3	1 0 1 1 0 0 0 0 1 1 0 0 0 0 0 0
154	4	0 0 1 1 0 0 0 0 1 1 1 1 0 0 1 0
154	3	1 1 1 1 0 1 0 0 1 0 0 1 0 0 0 0
154	1	1 0 1 1 0 0 0 0 0 0 1 1 1 0 1 1
154	11	0 1 1 1 0 0 0 0 0 0 0 1 0 0 0 0
154	3	1 1 1 1 0 0 1 0 1 0 0 1 0 1 0 0
154	3	0 0 1 1 0 0 0 0 1 0 1 1 0 1 1 0
154	2	0 1 0 1 0 0 0 0 1 1 1 0 0 0 0 0
154	1	0 0 1 1 0 0 0 0 1 0 1 0 0 0 0 1
154	1	1 1 1 1 0 0 0 0 0 0 0 1 0 0 0 0
154	2	1 0 1 1 0 0 0 0 0 0 0 0 0 1 0 0
154	1	1 1 1 1 0 1 0 0 0 0 1 0 1 0 0 0
154	2	1 1 0 1 0 0 0 0 1 1 1 0 1 0 0 0
154	2	0 0 1 1 0 0 1 0 1 1 1 0 0 0 0 0
154	2	1 1 1 0 0 0 0 0 1 0 0 0 0 0 1 1
154	4	0 1 1 0 0 0 0 0 1 0 0 0 0 1 0 0
154	2	0 0 1 1 1 1 1 0 1 0 0 0 0 0 0 0
154	1	0 1 1 1 1 0 0 0 0 0 0 0 0 1 0 0
154	1	0 0 1 1 0 0 0 0 1 0 1 0 0 0 1 1
154	1	1 0 1 0 0 0 0 0 0 0 0 0 0 0 0 0
154	2	0 1 1 1 0 0 0 0 1 0 1 0 1 0 0 0
154	3	1 0 1 1 0 0 0 1 1 0 1 0 0 0 0 0
154	1	1 1 1 1 0 0 0 0 1 0 0 0 0 1 0 0
154	1	1 0 1 0 0 0 0 0 1 0 1 1 0 0 0 0
154	2	1 0 1 1 0 0 0 1 1 0 0 1 0 0 0 0
154	1	1 1 1 1 0 0 0 0 1 0 0 0 0 0 1 0
154	1	1 1 1 1 0 0 0 0 1 0 1 1 0 1 0 0
154	1	1 1 1 1 0 0 0 0 1 0 1 0 0 0 1 0
154	1	1 1 1 1 0 1 0 0 0 0 0 0 0 0 0 0
154	2	0 0 1 1 0 0 0 0 1 0 0 1 0 0 1 0
154	1	0 1 1 1 0 0 0 0 1 0 0 0 0 0 0 1
154	2	0 0 1 1 0 0 0 1 1 0 0 0 0 0 0 1
154	1	1 1 1 1 0 0 0 0 1 0 1 0 1 0 0 1
154	1	0 0 1 1 0 0 0 0 1 0 0 1 1 1 0 1
239	23	1 1 1 1 1 0 0 0 0 0 0 1 1 0 0 0
239	6	1 0 1 1 0 0 0 1 1 0 0 0 0 0 0 0
239	52	1 1 1 1 0 0 0 0 1 0 0 0 0 0 0 0
239	2	1 1 1 1 0 0 0 0 1 0 0 1 0 1 0 0
239	26	1 1 1 1 0 0 1 0 1 0 0 0 0 0 0 0
239	36	1 1 1 1 0 0 0 0 1 0 0 0 0 0 0 1
239	41	0 1 1 1 0 0 0 0 1 1 1 0 0 0 0 0
239	25	1 0 1 1 0 0 0 1 1 0 0 0 0 0 0 1
239	83	1 1 1 1 1 0 0 0 1 0 1 1 0 0 0 0
239	4	0 0 1 1 1 1 0 0 1 0 1 0 0 0 0 0
239	9	1 1 1 1 1 0 0 0 1 0 1 1 0 0 0 1
239	19	1 0 1 1 0 0 0 1 1 1 0 0 0 0 0 0
239	10	0 1 1 1 0 0 0 0 1 0 0 0 1 1 0 0
239	5	1 0 1 1 0 0 0 0 1 0 0 0 1 0 0 0
239	1	1 0 1 1 0 0 1 1 1 0 0 1 0 1 0 0
239	31	1 1 1 1 1 0 1 0 1 0 0 0 0 0 0 0
239	5	1 1 1 1 1 0 0 0 0 0 0 1 1 0 0 1
239	15	1 1 1 1 0 0 0 0 0 1 1 0 0 0 0 1
239	11	1 1 1 1 1 0 1 0 1 0 0 0 0 0 0 1
239	2	1 1 1 1 1 0 0 0 0 0 0 1 0 1 0 0
239	3	1 1 1 1 0 0 1 0 1 0 1 0 0 0 0 0
239	11	1 0 1 1 0 0 1 1 1 0 1 1 0 1 0 0
239	3	1 1 1 1 0 1 0 0 1 0 0 0 0 0 0 1
239	20	1 1 0 1 1 0 0 1 1 0 1 0 0 0 0 0
239	19	1 1 1 1 1 0 0 1 1 0 0 0 0 0 0 1
239	44	1 1 1 1 0 1 1 0 1 0 0 0 0 0 0 0
239	10	0 1 1 1 0 0 0 0 0 1 1 1 0 0 0 0
239	3	1 1 1 1 1 0 0 0 0 1 1 0 0 0 0 0
239	19	1 1 0 1 0 0 1 0 1 0 0 0 0 0 0 0
239	5	1 0 1 1 0 0 0 0 1 0 0 0 0 0 0 0
239	27	1 0 1 0 0 0 0 0 1 0 0 0 0 0 0 1
239	9	1 1 1 1 1 0 0 0 1 0 0 0 0 0 0 0
239	11	1 1 1 1 0 0 1 0 1 0 0 0 0 0 1 0
239	29	1 1 1 1 0 0 1 0 1 0 0 0 0 0 0 1
239	5	1 1 1 1 1 0 0 0 0 1 0 1 1 0 0 0
239	22	1 1 1 0 0 0 0 0 1 0 0 0 0 0 0 1
239	3	0 1 1 1 0 0 1 0 1 0 1 0 0 0 0 0
239	2	1 0 1 1 1 0 0 0 1 0 0 0 0 0 0 0
239	23	1 1 1 1 1 0 0 0 1 0 0 0 0 0 0 1
239	7	0 0 1 1 0 0 0 1 1 0 0 0 0 0 0 0
239	1	1 1 1 1 0 0 0 1 1 0 0 0 0 0 0 0
239	7	1 0 1 1 0 0 0 0 1 0 0 0 0 0 0 1
239	8	1 1 0 1 1 0 0 0 1 0 1 1 0 0 0 0
239	2	1 0 0 1 0 0 0 1 0 1 1 0 0 0 0 0
239	4	1 0 1 1 1 0 0 1 1 1 0 0 0 0 0 0
239	1	1 0 0 1 0 0 0 0 1 0 0 0 1 0 0 0
239	7	1 1 1 1 0 0 1 0 1 0 0 0 0 0 1 1
239	23	1 0 1 1 0 1 1 1 1 0 0 0 0 0 0 0
239	3	1 1 1 1 0 0 0 0 0 0 1 0 0 0 0 1
239	9	1 1 1 1 0 0 0 0 1 0 0 1 1 0 0 0
239	19	1 1 1 1 0 0 0 1 1 1 0 0 0 0 0 0
239	3	1 1 1 1 1 0 0 0 0 0 0 1 1 1 0 0
239	1	0 0 1 1 0 0 0 0 1 0 0 0 0 0 0 0
239	1	1 0 0 1 0 0 0 0 1 0 0 1 1 0 0 0
239	5	1 1 1 1 0 0 0 0 1 0 1 1 0 1 0 0
239	6	1 1 1 1 1 0 1 0 1 1 0 0 0 0 0 1
239	1	1 0 1 1 0 0 1 0 1 0 0 0 0 0 0 0
239	2	1 0 0 1 0 0 0 0 1 0 0 0 0 0 0 0
239	21	1 1 1 1 0 1 0 0 1 0 0 1 1 0 0 0
239	7	1 1 1 1 1 0 0 0 0 0 0 1 0 0 0 0
239	1	1 0 1 1 0 0 0 0 1 0 0 1 0 0 0 0
239	5	1 1 1 1 0 1 0 0 1 1 0 0 0 0 0 0
239	2	1 1 1 1 1 0 1 0 1 0 1 0 0 0 0 0
239	18	1 1 1 1 0 1 0 1 1 0 0 0 0 0 0 1
239	2	1 1 1 0 0 1 0 0 1 0 0 0 0 1 0 1
239	4	0 0 0 1 0 0 0 0 1 0 0 0 0 0 0 0
239	5	0 0 1 1 1 1 0 0 1 0 1 0 1 0 0 0
239	3	1 1 1 0 1 0 1 0 1 0 0 0 0 0 0 0
239	7	0 0 1 1 1 0 0 1 1 1 0 0 0 0 0 0
239	5	1 1 0 1 0 0 0 1 1 1 0 0 0 0 0 0
239	1	0 1 1 1 1 0 0 0 1 0 1 1 1 0 0 0
239	3	1 1 1 1 0 0 0 0 1 0 0 1 0 0 0 0
239	18	1 1 1 1 1 0 0 1 1 0 1 1 0 0 0 0
239	2	0 0 1 1 1 0 0 0 1 0 0 0 0 0 0 0
239	4	1 1 1 1 0 0 0 0 1 1 0 0 0 0 0 0
239	5	1 0 1 1 1 0 1 0 1 0 1 0 0 0 0 0
239	3	1 0 1 1 0 0 0 1 1 1 0 0 0 0 0 1
239	1	0 1 1 1 0 0 0 0 0 1 0 0 0 1 0 0
239	1	1 1 1 1 0 0 1 1 1 0 1 1 0 1 0 0
239	2	1 1 1 1 0 0 0 0 1 0 1 0 0 0 0 1
239	7	1 1 1 0 0 0 0 0 1 0 0 0 0 0 0 0
239	3	1 1 1 1 1 0 0 0 1 1 1 0 0 0 0 0
239	1	1 0 1 1 1 0 0 0 1 0 1 0 0 0 0 0
239	4	1 0 1 1 0 0 1 0 1 0 1 0 0 0 0 0
239	7	1 1 1 1 1 0 0 1 1 0 0 0 0 0 0 0
239	2	0 1 1 1 0 0 0 0 1 1 1 0 1 0 0 0
239	3	1 1 1 1 1 0 1 0 0 0 0 0 0 0 0 1
239	2	1 1 1 1 0 0 0 0 0 0 1 0 0 0 0 0
239	2	1 0 1 1 1 0 0 0 1 1 1 0 0 0 0 0
239	1	1 1 1 1 1 0 0 0 0 0 0 0 0 0 0 0
239	3	1 1 1 1 0 0 0 1 1 1 0 0 0 0 0 1
239	1	0 1 1 1 0 0 0 0 1 0 0 0 0 0 0 0
239	5	1 1 1 1 0 0 0 1 1 0 0 0 0 0 0 1
239	6	1 1 1 1 0 0 0 0 1 1 1 0 0 0 0 0
239	5	1 1 1 1 1 0 0 0 0 1 1 0 0 0 0 1
239	4	1 1 1 1 1 0 1 1 1 0 0 0 0 0 0 1
239	1	1 0 1 0 0 0 0 0 1 0 0 0 0 0 0 0
239	1	1 1 1 1 0 0 0 1 1 1 0 1 0 0 0 0
239	3	0 1 1 1 0 0 0 0 1 0 0 0 1 0 0 0
239	1	0 1 1 1 1 1 0 0 1 0 1 0 0 0 0 0
239	3	1 0 1 1 0 0 1 1 1 0 1 1 1 1 0 0
239	3	0 1 1 1 0 0 0 1 0 1 1 1 0 0 0 0
239	1	1 0 1 1 1 0 0 0 0 1 1 0 0 0 0 0
239	1	1 0 0 0 0 0 0 0 1 0 0 1 1 0 0 0
239	3	1 1 1 1 1 0 1 0 1 1 0 0 0 1 0 1
239	1	1 1 1 1 1 0 0 1 1 1 0 0 0 0 0 0
239	2	1 1 1 1 1 0 1 0 1 1 0 0 0 0 0 0
239	1	1 1 1 1 1 0 1 0 0 0 0 1 1 0 0 0
239	2	1 0 1 1 0 0 0 1 1 1 0 1 0 0 0 0
239	2	1 0 1 1 0 0 1 1 1 0 1 1 0 1 0 1
239	4	1 1 1 1 0 0 1 0 0 0 0 0 0 0 0 1
239	1	0 1 1 1 0 0 0 0 1 0 1 1 0 0 0 0
239	2	1 1 0 1 0 0 0 0 1 1 1 0 0 0 0 0
239	2	0 1 1 1 0 0 0 0 1 1 0 0 0 0 0 1
239	1	1 1 1 1 0 0 0 0 1 0 0 0 1 0 0 1
239	1	1 1 0 1 1 0 0 1 1 1 1 0 0 0 0 0
239	3	1 0 1 1 0 0 1 0 1 0 0 0 0 0 0 1
239	1	1 1 1 0 0 0 0 0 1 1 0 0 0 0 0 1
252	1	1 0 1 1 0 0 0 1 1 0 0 0 0 0 0 0
252	52	1 1 1 1 0 0 0 0 1 0 0 0 0 0 0 0
252	20	1 1 1 1 0 0 1 0 1 0 0 0 0 0 0 0
252	3	1 1 1 1 0 0 0 0 1 0 0 0 0 0 0 1
252	23	0 1 1 1 0 0 0 0 1 1 1 0 0 0 0 0
252	22	1 0 1 1 0 0 0 1 1 0 0 0 0 0 0 1
252	121	1 1 1 1 1 0 0 0 1 0 1 1 0 0 0 0
252	24	1 0 1 1 0 0 0 1 1 1 0 0 0 0 0 0
252	79	1 1 1 1 1 0 1 0 1 0 0 0 0 0 0 0
252	3	1 1 1 1 1 0 0 0 0 0 0 1 1 0 0 1
252	29	1 1 1 1 0 0 0 0 0 1 1 0 0 0 0 1
252	17	1 1 1 1 1 0 1 0 1 0 0 0 0 0 0 1
252	18	1 0 1 1 0 0 1 1 1 0 1 1 0 1 0 0
252	4	1 1 1 1 0 1 0 0 1 0 0 0 0 0 0 1
252	3	1 1 0 1 1 0 0 1 1 0 1 0 0 0 0 0
252	6	1 1 1 1 1 0 0 1 1 0 0 0 0 0 0 1
252	36	1 1 1 1 0 1 1 0 1 0 0 0 0 0 0 0
252	23	0 1 1 1 0 0 0 0 0 1 1 1 0 0 0 0
252	12	1 1 0 1 0 0 1 0 1 0 0 0 0 0 0 0
252	6	1 0 1 0 0 0 0 0 1 0 0 0 0 0 0 1
252	2	1 1 1 1 1 0 0 0 1 0 0 0 0 0 0 0
252	1	1 1 1 1 0 0 1 0 1 0 0 0 0 0 1 0
252	23	1 1 1 1 0 0 1 0 1 0 0 0 0 0 0 1
252	32	1 1 1 0 0 0 0 0 1 0 0 0 0 0 0 1
252	6	1 1 1 1 1 0 0 0 1 0 0 0 0 0 0 1
252	8	0 0 1 1 0 0 0 1 1 0 0 0 0 0 0 0
252	9	1 0 1 1 0 0 0 0 1 0 0 0 0 0 0 1
252	4	1 1 0 1 1 0 0 0 1 0 1 1 0 0 0 0
252	2	1 0 1 1 1 0 0 1 1 1 0 0 0 0 0 0
252	19	1 0 1 1 0 1 1 1 1 0 0 0 0 0 0 0
252	5	1 1 1 1 0 0 0 0 0 0 1 0 0 0 0 1
252	7	1 1 1 1 0 0 0 0 1 0 0 1 1 0 0 0
252	8	1 1 1 1 0 0 0 1 1 1 0 0 0 0 0 0
252	1	0 0 1 1 0 0 0 0 1 0 0 0 0 0 0 0
252	2	1 1 1 1 0 1 0 0 1 0 0 1 1 0 0 0
252	16	1 1 1 1 0 1 0 1 1 0 0 0 0 0 0 1
252	3	0 0 1 1 1 1 0 0 1 0 1 0 1 0 0 0
252	3	0 0 1 1 1 0 0 1 1 1 0 0 0 0 0 0
252	4	1 1 0 1 0 0 0 1 1 1 0 0 0 0 0 0
252	39	1 1 1 1 1 0 0 1 1 0 1 1 0 0 0 0
252	14	0 0 1 1 1 0 0 0 1 0 0 0 0 0 0 0
252	2	1 0 1 1 1 0 1 0 1 0 1 0 0 0 0 0
252	6	1 1 1 0 0 0 0 0 1 0 0 0 0 0 0 0
252	8	1 1 1 1 1 0 0 0 1 1 1 0 0 0 0 0
252	6	0 1 1 1 0 0 0 0 1 1 1 0 1 0 0 0
252	13	1 1 1 1 1 0 1 0 0 0 0 0 0 0 0 1
252	9	1 1 1 1 0 0 0 1 1 0 0 0 0 0 0 1
252	18	1 1 1 1 0 0 0 0 1 1 1 0 0 0 0 0
252	5	1 1 1 1 1 0 0 0 0 1 1 0 0 0 0 1
252	4	1 1 1 1 0 0 1 0 0 0 0 0 0 0 0 1
252	5	1 0 1 1 0 0 1 0 1 0 0 0 0 0 0 1
252	6	1 1 0 1 0 0 1 0 1 0 0 0 0 0 0 1
252	2	1 1 1 1 1 0 0 0 1 0 1 1 0 1 0 0
252	2	1 0 1 1 1 0 1 1 1 0 1 1 1 1 0 0
252	13	1 1 1 1 0 0 0 0 0 0 0 1 1 0 0 0
252	6	1 1 1 1 1 0 0 0 0 0 0 0 0 0 0 1
252	1	1 1 1 1 0 1 0 0 1 0 0 0 1 0 0 0
252	12	1 1 0 1 0 0 0 0 1 0 0 0 0 0 0 1
252	7	1 0 1 1 0 0 0 0 1 1 1 0 0 0 0 0
252	8	1 1 1 1 1 0 0 0 1 0 1 1 0 0 1 0
252	1	1 1 1 1 0 0 0 0 0 1 1 1 0 0 0 1
252	4	1 1 1 1 0 0 1 0 1 0 0 1 1 0 0 0
252	6	1 1 1 1 0 0 0 0 1 0 0 1 1 0 0 1
252	3	0 1 1 1 0 0 0 0 1 1 0 1 0 0 0 0
252	7	1 0 1 1 1 0 1 1 1 0 1 1 0 1 0 0
252	1	1 0 1 1 1 0 0 1 1 1 1 1 0 0 0 0
252	3	0 1 1 1 1 0 0 0 1 1 0 0 0 0 0 1
252	1	1 1 1 1 0 0 0 0 0 1 1 1 0 0 0 0
252	1	0 1 1 1 0 0 1 0 1 0 0 0 0 0 0 0
252	1	1 1 1 1 0 0 0 0 0 0 0 0 0 0 0 1
252	1	1 0 1 1 0 0 0 1 1 0 0 0 0 1 0 0
252	6	1 1 1 1 1 0 1 0 1 0 1 1 0 1 0 0
252	3	1 1 1 0 0 1 1 1 1 0 0 0 0 0 0 0
252	3	1 1 1 1 1 0 0 0 1 0 1 1 1 0 0 0
252	1	0 0 1 1 0 1 0 1 1 0 0 0 0 0 0 0
252	2	1 1 1 1 1 0 1 0 1 0 0 1 0 1 0 0
252	5	0 1 1 1 0 0 0 0 0 1 1 1 0 0 0 1
252	2	1 0 1 0 0 0 0 0 1 0 0 1 1 1 0 1
252	1	0 1 1 1 0 0 1 0 1 1 1 0 0 0 0 0
252	1	1 1 1 1 1 1 1 0 1 0 0 0 0 0 0 0
252	3	1 1 1 1 1 0 1 0 1 0 0 0 0 1 0 0
252	4	1 0 0 1 1 0 0 1 1 0 1 0 0 0 0 0
252	1	1 1 1 1 0 1 1 0 1 0 0 0 0 0 0 1
252	3	0 0 0 1 0 0 0 0 1 0 0 0 1 0 0 0
252	6	1 1 1 1 0 0 0 0 0 0 1 1 1 0 0 0
252	2	1 1 1 1 1 0 0 1 0 0 0 1 1 1 0 1
252	3	1 0 1 1 0 0 0 0 0 0 0 1 1 0 0 0
252	4	1 0 1 1 0 0 0 1 1 1 0 0 0 1 0 0
252	2	0 1 1 1 1 0 1 0 1 0 0 0 0 0 0 1
252	4	1 1 1 1 0 1 0 1 1 0 0 0 0 0 1 1
252	7	1 1 0 1 0 0 1 0 0 0 0 0 0 0 0 1
252	4	1 1 0 1 0 0 1 0 1 0 0 0 1 0 0 1
252	9	1 1 1 1 0 0 0 1 1 0 0 0 0 0 0 0
252	2	0 1 1 1 1 0 0 0 1 1 1 0 0 0 0 0
252	4	1 1 1 1 0 0 0 0 1 0 0 0 1 0 0 0
252	2	1 0 1 1 0 0 1 1 1 0 1 1 0 1 0 1
252	2	0 0 1 1 1 0 0 0 1 0 0 0 0 1 0 0
252	2	1 0 1 1 0 0 0 1 1 0 1 1 0 1 0 0
252	3	1 0 1 1 0 0 1 0 1 0 0 0 0 0 0 0
252	3	1 1 1 1 0 0 0 0 1 1 0 0 0 0 0 0
252	4	1 1 1 1 0 0 1 1 1 0 0 0 0 0 0 0
252	2	1 1 1 1 0 0 0 0 1 0 1 1 0 0 0 0
252	5	1 1 1 1 1 0 1 0 1 1 0 0 0 0 0 0
252	4	1 1 0 1 0 0 0 0 0 0 1 0 0 0 0 1
252	5	1 1 1 1 1 0 1 0 1 0 1 1 0 0 0 0
252	2	0 0 1 1 0 0 1 1 1 0 1 1 0 1 0 0
252	1	1 0 1 1 1 0 0 1 1 0 1 1 0 0 0 0
252	2	1 1 1 1 1 0 1 0 1 0 1 0 0 0 0 0
252	1	1 1 1 1 1 0 1 0 1 0 0 0 1 0 0 0
252	1	1 1 1 1 0 0 0 0 0 0 0 1 1 0 0 1
252	1	1 1 1 1 0 1 1 0 1 0 0 0 1 0 0 0
252	1	1 1 1 1 1 1 0 1 1 0 0 0 0 0 0 1
252	2	0 1 1 1 1 0 0 0 1 1 0 0 1 0 0 1
252	1	1 1 1 1 0 1 1 0 1 0 0 1 0 0 0 1
252	2	0 0 0 1 0 0 0 0 1 1 0 0 1 0 0 0
350	116	1 1 1 1 1 0 0 0 1 0 1 1 0 0 0 0
350	15	1 1 1 1 1 0 1 0 1 0 0 0 0 0 0 0
350	59	1 1 1 1 1 0 0 0 1 0 0 0 0 0 0 0
350	90	1 1 1 1 0 0 0 1 1 1 0 0 0 0 0 0
350	48	1 1 1 1 1 0 0 1 1 0 1 1 0 0 0 0
350	12	1 1 1 1 1 0 0 0 1 0 1 1 1 0 0 0
350	21	1 1 1 1 0 0 0 0 1 0 1 1 0 0 0 0
350	41	1 1 1 1 0 0 0 1 1 1 1 1 0 0 0 0
350	18	1 1 1 1 1 0 1 0 1 0 0 0 0 0 1 0
350	15	1 1 0 1 1 0 0 0 1 0 1 1 0 0 0 0
350	13	1 1 1 1 0 0 0 1 1 0 1 1 0 0 0 0
350	48	1 1 1 1 0 0 1 0 1 0 0 0 0 0 0 0
350	17	1 1 1 1 1 1 0 0 1 0 0 1 0 0 0 0
350	3	1 1 1 0 0 0 1 0 1 0 0 0 0 0 1 0
350	16	1 1 1 1 0 0 0 1 1 1 0 1 0 0 0 0
350	63	1 1 1 1 0 1 1 0 1 0 0 1 0 0 0 0
350	4	1 1 1 1 0 0 0 0 1 0 0 0 0 0 0 1
350	7	1 1 0 1 1 0 0 0 1 0 1 0 0 0 0 0
350	41	1 1 1 1 1 0 0 0 0 0 0 0 0 0 0 0
350	6	1 1 1 1 0 1 1 1 0 0 1 1 0 0 0 0
350	10	1 1 1 1 1 1 0 0 1 0 0 0 0 0 0 0
350	20	1 1 1 1 1 0 0 1 1 0 0 0 0 0 0 0
350	1	1 0 0 1 1 0 0 0 1 0 1 1 0 0 0 0
350	7	1 1 1 1 0 1 1 0 1 0 0 1 1 0 0 0
350	6	1 1 1 1 0 1 0 1 1 0 0 1 0 0 0 0
350	20	1 1 1 1 1 0 1 0 1 0 0 1 0 0 0 0
350	6	1 1 0 1 0 0 0 1 1 1 1 1 0 0 0 0
350	1	1 1 1 1 0 0 1 0 1 0 1 1 0 0 0 0
350	7	1 1 1 1 1 0 0 0 1 1 0 0 0 0 0 0
350	17	1 1 1 0 0 0 0 0 1 0 1 1 0 0 0 0
350	33	1 0 1 1 1 0 0 0 1 1 0 0 0 0 0 0
350	19	1 1 1 1 1 0 0 0 1 0 1 1 0 0 0 1
350	9	0 1 1 1 0 0 0 1 1 0 1 1 0 0 0 0
350	1	1 1 1 1 0 1 0 1 1 0 1 1 0 0 0 0
350	1	1 1 1 1 1 1 0 0 1 0 1 0 0 0 0 0
350	14	1 1 0 1 1 0 0 1 1 0 1 0 0 0 0 0
350	4	0 1 1 1 0 1 1 0 1 0 0 1 0 0 0 0
350	2	1 0 1 1 1 1 0 0 0 0 0 0 0 0 0 0
350	3	1 0 1 1 1 0 0 1 1 0 1 1 0 0 0 0
350	7	1 1 0 1 1 0 0 0 1 0 1 1 1 0 0 0
350	9	1 1 1 1 0 0 1 0 1 0 0 0 0 0 1 0
350	3	0 1 1 1 1 0 0 0 1 1 0 0 0 0 0 0
350	1	1 1 0 1 1 1 0 0 1 0 0 0 0 1 0 0
350	2	1 1 1 1 0 1 1 0 0 0 0 1 0 0 0 0
350	1	1 0 1 1 0 0 0 0 1 0 0 0 0 0 0 1
350	1	1 1 1 1 1 0 0 0 1 0 0 0 0 0 1 0
350	6	1 0 1 1 1 0 0 0 1 1 0 0 0 0 0 1
350	7	1 1 1 0 0 0 1 0 1 0 0 1 0 0 0 0
350	5	1 1 1 1 0 0 0 1 1 1 0 0 0 1 0 0
350	1	1 1 0 1 1 1 0 0 1 0 1 1 0 0 0 0
350	10	1 0 0 1 1 0 0 0 1 1 0 0 0 0 0 0
350	2	1 0 1 1 1 0 1 0 1 0 0 0 0 0 1 0
350	12	1 0 1 1 1 0 1 0 1 0 0 0 0 0 0 0
350	6	1 1 1 1 1 0 0 0 1 0 0 0 0 1 0 0
350	2	1 1 1 1 1 0 0 1 1 1 1 1 0 0 0 0
350	1	1 1 0 0 1 0 0 0 1 0 1 1 0 0 0 0
350	3	1 1 1 1 0 0 1 0 1 0 0 0 0 1 0 0
350	6	1 1 1 1 1 0 0 0 1 1 1 1 0 0 1 0
350	4	1 1 0 1 1 0 0 0 1 1 1 1 1 0 0 0
350	11	1 1 1 1 1 0 0 0 1 1 0 1 0 0 0 0
350	3	1 1 0 1 1 0 0 0 1 1 0 0 0 0 0 0
350	3	1 1 1 1 0 0 1 0 1 0 0 1 0 0 0 0
350	6	1 1 1 1 1 0 0 0 1 1 1 1 0 0 0 0
350	2	1 1 1 1 1 0 0 0 1 0 1 0 0 0 0 0
350	2	1 1 1 1 0 0 1 1 1 0 1 1 0 0 0 0
350	5	1 1 0 1 1 0 0 0 1 0 1 0 0 0 1 0
350	3	1 1 1 1 0 1 1 0 1 0 1 1 0 0 0 0
350	1	1 0 1 1 1 0 1 0 1 0 0 1 0 0 0 0
350	8	0 1 1 1 1 0 0 0 1 0 1 1 0 0 0 0
350	3	1 1 1 1 1 1 0 0 1 0 1 1 0 0 0 0
350	5	1 1 1 1 1 1 0 0 0 0 0 0 0 0 0 0
350	4	1 1 0 1 1 0 0 0 0 0 0 0 0 0 0 0
350	1	1 1 0 1 1 0 0 1 1 0 0 0 0 0 0 0
350	4	1 1 1 1 0 0 0 1 0 1 0 0 0 0 0 0
350	2	1 1 1 1 0 0 0 0 1 1 1 1 0 0 0 0
350	1	1 1 0 1 1 0 1 0 1 0 0 0 0 0 1 0
350	1	1 1 0 1 0 0 1 0 1 0 0 0 0 0 0 0
350	3	0 1 1 1 1 0 1 0 1 0 0 1 0 0 0 0
350	3	1 1 1 1 1 0 1 0 1 0 1 1 0 0 0 0
350	2	1 1 1 1 1 1 0 0 1 0 0 1 1 0 0 0
350	1	1 1 0 1 1 0 0 0 1 0 1 0 0 1 0 0
350	2	1 1 1 1 1 0 0 0 1 0 0 1 0 1 0 0
350	1	1 1 1 1 1 0 1 0 1 1 1 1 0 0 0 0
400	69	1 1 1 1 1 0 0 0 1 0 1 1 0 0 0 0
400	16	1 1 1 1 1 0 0 0 1 0 0 0 0 0 0 0
400	9	1 1 1 1 0 0 0 1 1 1 0 0 0 0 0 0
400	22	1 1 1 1 1 0 0 0 1 0 1 1 1 0 0 0
400	81	1 1 1 1 0 0 0 0 1 0 1 1 0 0 0 0
400	1	1 1 1 1 0 0 0 1 1 1 1 1 0 0 0 0
400	28	1 1 1 1 0 0 0 1 1 0 1 1 0 0 0 0
400	14	1 1 1 1 0 0 1 0 1 0 0 0 0 0 0 0
400	19	1 1 1 1 1 1 0 0 1 0 0 1 0 0 0 0
400	26	1 1 1 1 0 1 1 0 1 0 0 1 0 0 0 0
400	4	1 1 1 1 1 0 0 1 1 0 0 0 0 0 0 0
400	36	1 1 1 1 1 0 1 0 1 0 0 1 0 0 0 0
400	15	0 1 1 1 0 1 1 0 1 0 0 1 0 0 0 0
400	7	1 1 0 1 1 0 0 0 1 0 1 0 0 0 1 0
400	19	1 1 0 1 1 0 0 1 1 0 0 0 0 0 0 0
400	13	1 1 1 1 0 0 0 1 0 1 0 0 0 0 0 0
400	3	1 0 1 1 1 0 1 0 1 1 0 0 0 0 0 0
400	15	1 1 0 1 1 0 0 1 1 1 0 0 0 0 0 0
400	8	1 1 1 1 0 1 1 0 1 0 0 1 0 0 1 0
400	77	1 1 1 1 0 0 0 1 1 1 1 0 0 0 0 0
400	18	1 1 0 1 1 0 0 1 0 1 0 0 0 0 0 0
400	16	0 1 1 1 0 0 0 1 1 1 0 0 0 0 0 0
400	18	1 1 1 1 0 1 1 0 1 0 0 0 0 0 0 0
400	3	1 1 0 1 0 0 0 1 0 1 0 0 0 0 0 0
400	4	1 1 1 1 1 1 0 1 1 1 0 0 0 0 0 0
400	21	1 1 1 0 0 0 1 0 1 0 0 0 0 0 1 0
400	32	1 1 1 1 0 0 0 0 1 1 1 1 0 0 0 0
400	7	1 0 1 1 0 1 1 0 1 0 0 1 0 0 0 0
400	3	1 1 0 1 0 0 0 0 1 0 1 1 0 0 0 0
400	4	1 0 1 1 1 0 0 0 1 0 1 1 0 0 0 0
400	7	1 1 1 1 1 1 0 0 1 0 1 1 0 1 0 0
400	8	1 1 0 1 0 0 0 1 1 1 0 0 0 0 0 0
400	6	1 1 1 1 0 0 0 1 1 1 1 1 0 0 0 1
400	3	1 1 1 1 0 1 0 1 1 1 1 0 0 0 0 0
400	6	1 1 1 1 0 1 1 0 1 0 1 1 1 0 0 0
400	10	1 1 1 1 1 0 0 0 1 0 1 1 0 0 0 1
400	8	1 1 1 1 0 0 1 0 1 1 0 1 0 0 1 0
400	16	1 1 1 1 1 1 0 0 1 0 0 0 0 0 0 0
400	3	1 1 0 1 1 0 0 0 1 0 0 0 0 0 0 0
400	2	1 1 1 1 0 0 0 0 1 1 0 0 0 0 0 0
400	7	1 0 1 1 0 1 1 0 0 0 0 1 0 0 0 0
400	7	1 1 1 1 0 0 0 1 1 1 0 1 0 0 0 0
400	21	1 1 1 1 0 1 0 0 1 0 1 0 0 0 0 0
400	1	1 1 1 1 0 0 1 0 1 0 1 1 0 0 0 0
400	12	1 1 1 1 0 1 0 0 1 0 1 1 1 0 0 0
400	2	1 1 1 1 1 1 0 0 0 0 0 1 0 0 0 0
400	12	1 1 0 1 1 0 0 0 1 0 0 1 0 0 0 0
400	5	0 1 0 1 0 0 1 1 1 0 0 0 0 0 0 0
400	1	1 1 0 0 1 0 0 0 1 0 1 1 0 0 0 0
400	8	1 1 1 1 1 0 0 0 0 0 0 0 0 0 0 0
400	2	1 1 1 1 0 1 1 0 1 0 0 1 0 1 0 0
400	3	1 1 1 1 0 0 0 0 1 1 1 0 0 0 0 0
400	5	1 1 1 1 1 0 0 1 1 0 1 1 0 0 1 0
400	9	1 1 1 1 1 0 0 0 1 0 0 0 0 0 0 1
400	25	1 1 1 1 1 0 0 0 1 0 1 0 0 0 0 0
400	14	1 1 1 1 1 0 1 0 1 1 0 1 0 0 0 0
400	3	1 1 1 1 1 1 0 0 1 0 1 1 1 0 0 0
400	3	1 1 1 1 1 0 1 0 1 0 0 1 0 1 0 0
400	6	1 1 1 1 1 0 1 0 1 0 0 0 0 0 0 0
400	17	0 1 1 1 0 0 1 1 1 1 0 0 0 0 0 0
400	2	1 0 0 1 0 0 0 1 0 1 0 0 0 0 0 0
400	1	1 1 1 1 0 0 1 0 1 1 0 1 0 1 1 0
400	8	1 1 1 1 1 1 0 0 1 0 0 0 0 1 0 0
400	2	1 0 1 1 0 1 0 1 1 0 0 1 0 0 0 0
400	13	1 0 1 1 1 0 1 1 1 1 0 0 0 0 0 0
400	12	1 1 1 1 0 1 1 0 1 0 0 0 0 0 0 1
400	1	1 0 1 1 1 0 1 0 1 0 1 1 0 0 0 0
400	2	1 1 0 1 1 0 0 0 1 0 1 1 0 0 0 0
400	4	1 1 1 1 1 1 1 0 1 0 0 1 0 0 0 0
400	7	0 1 0 1 0 0 0 1 1 1 0 0 0 0 0 0
400	3	1 1 1 1 0 0 1 0 1 0 1 1 1 0 0 0
400	2	1 1 1 1 0 0 1 0 1 0 0 0 0 0 1 0
400	5	1 1 1 0 0 0 0 1 1 1 1 0 0 0 0 0
400	5	1 1 0 1 0 0 0 1 0 1 0 0 0 0 1 0
400	1	0 1 1 1 1 1 0 0 1 0 0 0 0 0 0 0
400	2	1 1 0 1 1 0 0 1 1 0 1 1 0 0 1 0
400	1	1 1 1 1 1 0 1 0 1 0 0 0 0 0 1 0
400	3	1 1 1 1 0 0 0 0 1 0 0 0 0 0 0 0
400	2	1 1 1 1 0 1 0 0 1 0 1 1 0 0 0 0
400	2	1 1 1 1 0 0 1 0 1 1 0 1 0 1 0 0
400	2	1 1 1 1 1 0 0 1 1 1 1 0 0 0 0 0
400	6	1 1 1 1 0 0 0 0 1 1 1 1 0 1 0 0
400	1	1 1 1 1 1 1 0 0 1 0 0 0 0 0 0 1
400	2	1 0 1 1 0 0 1 0 1 0 1 1 0 0 0 0
400	5	1 0 0 1 0 0 0 1 0 1 0 0 0 0 0 1
400	1	0 1 1 0 0 0 0 1 1 1 0 0 0 0 0 0
400	3	1 1 1 1 0 0 0 0 1 0 1 1 0 0 0 1
400	2	0 1 1 1 1 0 1 0 1 0 0 1 0 0 0 0
400	4	1 1 1 1 1 1 1 0 1 1 0 1 0 0 0 0
400	2	1 1 1 1 0 1 0 0 1 1 1 0 0 0 0 0
400	6	0 1 0 1 0 0 1 1 1 0 1 0 0 0 0 0
400	5	1 1 0 1 0 0 0 0 1 1 1 0 0 0 0 0
400	3	1 1 1 1 1 0 0 0 1 0 0 0 0 0 1 0
400	1	1 1 1 1 1 0 0 1 1 0 1 1 0 0 0 0
400	2	1 1 1 1 1 0 0 1 1 0 0 1 0 0 0 0
400	3	1 1 1 1 1 1 0 0 1 0 0 0 0 1 1 0
400	2	1 0 1 1 1 1 0 0 1 0 0 1 0 0 0 0
400	2	1 0 1 1 1 0 1 0 1 1 0 0 0 0 1 0
400	2	1 1 1 1 0 0 1 1 1 1 0 1 0 0 1 0
400	7	1 1 1 1 0 0 0 0 1 0 1 1 0 1 0 1
400	3	1 1 0 1 0 0 1 0 1 0 0 0 0 0 0 0
400	1	1 1 0 1 1 0 0 0 1 0 1 0 0 0 0 0
400	2	0 1 0 1 0 0 0 1 1 0 1 1 1 0 0 0
400	2	0 1 1 1 0 0 1 0 1 0 0 0 0 0 0 0
400	1	1 1 1 1 0 1 1 1 1 0 0 1 0 0 0 0
400	2	1 1 1 1 1 1 0 1 1 0 0 0 0 0 0 0
400	4	1 1 1 1 1 0 1 0 1 0 0 1 1 0 0 0
400	3	0 1 1 1 0 0 0 1 1 1 1 1 0 0 0 1
400	2	1 1 1 1 1 0 0 0 0 0 1 0 0 0 0 0
400	1	1 1 1 1 1 0 0 1 1 1 1 0 1 0 0 0
