0	250	0 0 0 0 0 0 0 1 0 0 0 0 0 0 0 0
0	250	1 0 0 0 1 0 0 1 0 0 0 0 0 0 0 0
0	250	0 0 0 0 0 0 0 0 0 0 0 0 0 1 0 0
0	250	0 0 0 0 1 1 0 0 0 0 1 0 0 1 0 0
20	134	0 0 0 0 0 0 0 1 0 0 0 0 0 0 0 0
20	111	1 0 0 0 1 0 0 1 0 0 0 0 0 0 0 0
20	101	0 0 0 0 0 0 0 0 0 0 0 0 0 1 0 0
20	312	0 0 0 0 1 1 0 0 0 0 1 0 0 1 0 0
20	3	0 0 0 0 0 1 0 0 0 0 1 0 0 1 0 0
20	14	1 0 0 0 1 0 0 1 1 0 0 0 0 0 0 0
20	6	0 0 0 0 0 0 0 0 1 0 0 0 0 1 0 0
20	6	0 0 0 0 1 1 0 0 0 0 0 0 0 1 0 0
20	33	0 0 0 0 0 0 0 0 0 0 0 0 0 0 0 0
20	8	0 0 0 0 1 1 0 0 0 0 1 0 0 0 0 0
20	4	1 0 0 0 1 1 0 1 0 0 0 0 0 0 0 0
20	29	0 0 0 0 1 1 0 0 0 0 1 1 0 1 0 0
20	4	0 0 0 0 1 1 1 0 0 0 1 0 0 1 0 0
20	3	0 0 0 1 1 1 0 0 0 0 1 1 0 1 0 0
20	5	1 0 0 0 1 0 0 0 0 0 1 0 0 1 0 0
20	4	0 0 0 0 1 1 0 0 0 1 1 0 0 1 0 0
20	6	0 0 0 0 1 0 0 1 0 0 0 0 0 0 0 0
20	29	0 0 0 0 1 1 0 0 0 0 1 0 0 1 1 0
20	11	0 0 0 1 1 1 0 0 0 0 1 0 0 1 0 0
20	6	1 0 0 0 1 1 0 0 0 1 1 0 0 1 0 0
20	11	0 0 0 0 0 0 0 1 0 0 0 0 0 1 0 0
20	13	1 0 0 0 1 0 0 1 0 0 1 0 0 1 0 0
20	2	0 0 0 0 0 0 0 0 0 0 0 1 0 1 0 0
20	4	0 0 0 0 1 1 0 1 0 0 1 0 0 1 0 0
20	3	1 0 0 0 1 0 0 1 0 0 0 1 1 0 0 0
20	2	0 0 0 0 0 0 0 1 0 0 1 0 0 1 0 0
20	8	1 0 0 0 0 0 0 0 0 0 0 0 0 1 0 0
20	1	0 1 0 0 1 1 0 0 0 0 1 0 0 1 0 0
20	3	0 0 0 0 0 0 1 1 0 0 0 0 0 0 0 0
20	5	1 0 0 0 1 1 0 1 0 0 0 0 0 1 0 0
20	13	0 0 0 1 0 0 0 1 0 0 0 0 0 0 0 0
20	3	0 0 0 0 1 1 0 0 0 0 0 0 0 0 0 0
20	3	0 0 0 0 1 1 0 0 1 0 1 1 0 1 0 0
20	1	0 0 0 0 0 1 0 0 0 0 0 0 0 0 0 0
20	10	1 0 0 0 1 0 0 1 0 0 0 0 0 1 0 0
20	4	0 0 0 0 0 0 0 1 0 0 0 0 0 0 1 0
20	1	0 0 0 0 0 0 0 1 1 0 0 0 0 0 0 0
20	3	0 0 0 0 0 0 0 0 0 0 0 0 0 1 0 1
20	5	1 0 0 0 0 1 1 1 0 0 0 0 0 0 0 0
20	1	1 0 0 0 1 0 0 0 0 0 0 0 0 1 0 0
20	1	0 0 1 0 0 0 0 1 0 0 0 0 0 0 0 0
20	6	0 0 0 0 0 0 0 0 1 0 1 0 0 1 0 0
20	5	0 0 0 0 0 0 0 1 0 1 0 0 0 1 0 0
20	1	0 0 0 0 0 0 0 1 0 1 0 1 0 0 0 0
20	2	1 0 0 0 1 0 0 1 0 0 1 0 0 0 0 0
20	3	0 0 0 0 0 0 0 1 1 0 0 0 0 0 0 1
20	2	1 0 0 0 1 0 0 1 0 0 0 0 0 0 1 0
20	3	1 0 1 0 1 0 0 1 0 0 0 0 0 0 0 0
20	3	0 0 0 0 0 0 0 1 0 0 0 0 0 1 0 1
20	1	1 0 0 0 1 0 0 1 0 0 1 0 1 1 0 0
20	2	0 0 0 0 0 1 1 0 0 0 1 0 0 1 0 0
20	6	0 0 0 0 0 0 0 1 0 0 0 0 0 0 0 1
20	3	0 0 0 0 0 0 0 0 0 0 1 0 0 1 0 0
20	1	0 0 0 1 0 1 0 0 0 0 1 0 0 1 0 0
20	2	0 0 0 0 0 0 0 1 0 0 0 0 0 1 1 0
20	4	0 0 0 1 0 0 0 1 0 0 0 1 0 0 0 0
20	1	1 0 0 0 1 1 0 0 0 0 1 0 0 1 0 0
20	3	0 1 0 0 0 0 0 0 0 0 0 0 0 0 0 0
20	1	0 0 0 0 1 1 0 0 0 0 1 0 0 1 0 1
20	1	0 0 0 0 1 1 1 0 1 0 1 0 0 1 0 0
20	1	0 0 0 0 1 0 0 1 0 0 0 0 0 1 0 0
20	4	0 0 0 1 1 1 0 0 0 0 1 0 1 1 0 0
20	2	1 1 0 0 1 1 0 1 0 0 0 0 0 1 0 0
20	1	1 0 0 0 0 0 0 1 0 0 0 0 0 0 0 0
20	1	1 0 0 0 1 0 0 0 1 0 0 0 0 1 0 0
20	1	1 0 0 0 1 0 0 1 0 0 1 0 0 1 0 1
20	1	0 0 0 0 0 1 1 1 0 0 0 0 0 0 0 0
20	1	0 0 0 0 1 1 0 1 0 0 0 0 0 0 1 0
20	2	1 0 0 0 1 1 0 0 0 0 1 0 0 0 0 0
20	1	1 0 0 0 0 0 0 0 0 0 0 0 0 0 0 0
20	1	0 0 0 0 0 0 0 1 0 0 0 0 1 0 0 0
20	1	0 1 0 0 0 0 0 1 0 0 0 0 0 0 0 0
20	1	0 0 0 0 0 0 0 1 0 0 0 1 0 0 0 0
20	1	0 0 0 0 0 1 0 1 0 0 0 0 0 0 0 0
20	1	0 0 0 0 1 0 0 0 0 0 0 0 0 1 0 0
20	2	1 0 0 0 1 0 0 1 1 0 0 1 0 0 0 0
20	1	0 0 0 1 1 0 0 1 0 0 0 0 0 0 0 0
20	1	0 1 0 0 0 0 0 0 0 0 0 0 0 1 0 1
40	28	0 0 0 0 0 0 0 1 0 0 0 0 0 0 0 0
40	13	1 0 0 0 1 0 0 1 0 0 0 0 0 0 0 0
40	9	0 0 0 0 0 0 0 0 0 0 0 0 0 1 0 0
40	359	0 0 0 0 1 1 0 0 0 0 1 0 0 1 0 0
40	12	0 0 0 0 0 1 0 0 0 0 1 0 0 1 0 0
40	2	0 0 0 0 0 0 0 0 1 0 0 0 0 1 0 0
40	9	0 0 0 0 1 1 0 0 0 0 0 0 0 1 0 0
40	5	0 0 0 0 0 0 0 0 0 0 0 0 0 0 0 0
40	5	0 0 0 0 1 1 0 0 0 0 1 0 0 0 0 0
40	30	0 0 0 0 1 1 0 0 0 0 1 1 0 1 0 0
40	52	0 0 0 0 1 1 0 0 0 0 1 0 0 1 1 0
40	53	0 0 0 1 1 1 0 0 0 0 1 0 0 1 0 0
40	9	1 0 0 0 1 1 0 0 0 1 1 0 0 1 0 0
40	13	0 0 0 0 1 1 0 1 0 0 1 0 0 1 0 0
40	5	1 0 0 0 0 0 0 0 0 0 0 0 0 1 0 0
40	27	0 1 0 0 1 1 0 0 0 0 1 0 0 1 0 0
40	8	1 0 0 0 1 1 0 1 0 0 0 0 0 1 0 0
40	22	0 0 0 0 1 1 0 0 0 0 0 0 0 0 0 0
40	3	0 0 0 0 0 1 0 0 0 0 0 0 0 0 0 0
40	2	0 0 0 0 0 0 0 1 0 0 0 0 0 0 1 0
40	2	0 0 1 0 0 0 0 1 0 0 0 0 0 0 0 0
40	5	0 0 0 0 0 0 0 0 1 0 1 0 0 1 0 0
40	1	0 0 0 0 0 0 0 1 0 1 0 0 0 1 0 0
40	4	1 0 1 0 1 0 0 1 0 0 0 0 0 0 0 0
40	5	0 0 0 0 1 0 0 1 0 0 0 0 0 1 0 0
40	3	1 0 0 0 0 0 0 1 0 0 0 0 0 0 0 0
40	7	1 1 0 0 1 0 0 1 0 0 0 0 0 1 0 0
40	9	1 0 0 0 1 1 0 0 0 0 1 0 0 1 0 0
40	4	0 0 0 0 1 1 0 0 1 0 0 0 0 1 0 0
40	7	0 0 0 0 1 1 0 1 0 0 0 0 0 0 0 1
40	6	0 0 0 0 0 0 0 1 1 0 0 0 0 0 0 0
40	18	0 0 1 0 0 0 0 0 0 0 0 0 0 1 0 0
40	33	1 0 1 1 1 1 0 0 0 0 1 1 0 1 0 0
40	19	0 0 0 0 1 1 0 0 1 0 0 0 0 0 0 0
40	3	0 0 0 0 1 0 0 1 0 0 1 0 0 1 0 0
40	3	0 0 0 0 1 0 0 1 0 0 0 0 0 0 0 0
40	4	0 0 0 0 1 0 0 0 0 0 1 0 0 1 0 0
40	2	0 0 1 0 1 1 0 0 0 0 1 0 0 1 0 0
40	13	0 0 0 0 1 1 0 0 0 0 1 0 0 1 0 1
40	24	0 1 0 0 1 1 0 0 0 0 0 0 0 1 0 0
40	5	1 0 0 0 0 1 0 1 0 0 0 0 0 1 0 0
40	5	0 1 0 0 0 0 0 1 1 0 0 0 0 0 0 1
40	22	0 0 1 0 1 0 0 0 0 0 0 0 0 1 0 0
40	11	0 0 0 0 1 1 0 0 1 0 1 0 0 1 0 0
40	5	0 0 0 0 1 1 1 0 0 0 1 0 0 1 0 0
40	2	0 1 0 0 1 1 0 0 0 0 0 0 0 0 0 0
40	1	0 0 0 1 1 1 0 1 0 0 1 0 0 1 0 0
40	2	1 0 0 0 0 0 0 1 0 1 0 0 0 1 0 0
40	8	0 0 0 0 1 1 0 1 0 0 0 0 0 1 0 0
40	1	1 0 0 0 0 0 0 0 0 0 0 1 0 1 0 0
40	6	1 1 0 0 1 1 0 0 0 0 1 0 0 1 0 0
40	2	0 1 0 0 0 0 0 0 0 0 1 0 0 1 0 0
40	7	0 0 0 0 0 1 0 1 0 0 0 0 0 0 0 0
40	3	1 0 0 0 1 0 0 1 1 0 0 0 0 0 0 0
40	2	0 0 0 0 1 1 0 0 0 0 1 0 1 1 0 0
40	8	1 0 0 0 0 1 0 0 0 0 1 0 0 1 0 0
40	1	1 0 0 0 1 0 0 1 1 0 0 0 0 0 0 1
40	2	0 0 0 0 1 1 0 1 1 0 0 0 0 0 0 0
40	1	0 0 0 1 1 1 0 0 0 1 0 0 0 1 0 0
40	6	0 0 0 0 0 0 0 1 0 0 0 0 0 1 0 0
40	5	0 0 1 0 1 0 0 0 0 1 0 0 0 1 0 0
40	7	0 0 0 0 0 1 0 0 0 0 0 0 0 1 0 0
40	3	0 0 0 0 1 1 0 0 0 0 1 0 0 0 1 0
40	1	0 0 0 0 0 1 0 0 0 0 1 0 0 1 0 1
40	2	0 0 0 1 1 1 0 1 0 0 1 1 0 1 0 0
40	2	1 0 0 0 1 1 0 0 0 0 1 0 0 1 1 0
40	6	0 0 0 0 1 1 0 0 0 0 1 0 1 0 0 0
40	3	0 1 0 0 1 1 0 0 0 0 1 0 0 0 0 0
40	1	0 0 0 0 0 1 0 0 0 0 1 0 0 1 1 0
40	1	0 1 0 0 1 0 0 0 0 0 0 0 0 1 0 0
40	3	0 0 0 0 1 1 0 0 0 0 1 1 1 1 0 0
40	1	0 0 0 1 1 1 0 0 0 0 1 0 0 1 0 1
40	3	1 0 0 0 1 1 0 0 0 0 0 0 0 0 0 0
40	1	1 0 0 1 1 1 0 0 0 0 1 1 0 1 0 0
40	2	0 0 0 0 0 0 0 0 0 0 1 0 0 1 0 1
40	2	0 0 0 0 1 1 0 0 0 0 0 0 0 1 1 0
40	4	0 0 1 0 0 0 0 0 0 0 0 0 0 1 1 0
40	1	0 1 0 0 1 1 0 0 0 0 0 0 0 1 0 1
40	1	1 1 0 0 0 1 0 1 0 0 0 0 0 1 0 0
40	2	0 0 0 0 0 0 0 0 1 0 0 0 0 0 0 0
40	2	1 0 0 0 1 0 0 0 0 0 1 0 0 1 0 0
40	1	0 0 0 0 0 1 0 1 0 0 0 0 0 1 0 0
40	5	0 0 1 0 0 0 0 0 0 0 1 0 0 1 0 0
40	1	1 0 1 1 1 1 0 0 0 0 0 0 0 1 0 0
40	1	1 0 1 1 1 1 0 0 0 0 1 0 0 1 0 0
40	1	1 0 0 0 1 1 0 0 0 0 0 0 0 1 0 0
60	8	0 0 0 0 0 0 0 0 0 0 0 0 0 1 0 0
60	192	0 0 0 0 1 1 0 0 0 0 1 0 0 1 0 0
60	4	0 0 0 0 0 1 0 0 0 0 1 0 0 1 0 0
60	8	0 0 0 0 1 1 0 0 0 0 0 0 0 1 0 0
60	1	0 0 0 0 0 0 0 0 0 0 0 0 0 0 0 0
60	24	0 0 0 0 1 1 0 0 0 0 1 0 0 0 0 0
60	5	0 0 0 0 1 1 0 0 0 0 1 1 0 1 0 0
60	17	0 0 0 0 1 1 0 0 0 0 1 0 0 1 1 0
60	65	0 0 0 1 1 1 0 0 0 0 1 0 0 1 0 0
60	17	1 0 0 0 1 1 0 0 0 1 1 0 0 1 0 0
60	14	0 1 0 0 1 1 0 0 0 0 1 0 0 1 0 0
60	56	0 0 0 0 1 1 0 0 0 0 0 0 0 0 0 0
60	8	1 0 1 0 1 0 0 1 0 0 0 0 0 0 0 0
60	7	0 0 0 0 1 0 0 1 0 0 0 0 0 1 0 0
60	41	1 0 0 0 1 1 0 0 0 0 1 0 0 1 0 0
60	32	0 0 1 0 0 0 0 0 0 0 0 0 0 1 0 0
60	34	1 0 1 1 1 1 0 0 0 0 1 1 0 1 0 0
60	27	0 0 0 0 1 1 0 0 1 0 0 0 0 0 0 0
60	28	0 1 0 0 1 1 0 0 0 0 0 0 0 1 0 0
60	34	1 0 0 0 0 1 0 1 0 0 0 0 0 1 0 0
60	24	0 1 0 0 0 0 0 1 1 0 0 0 0 0 0 1
60	18	0 0 1 0 1 0 0 0 0 0 0 0 0 1 0 0
60	31	0 0 0 0 1 1 0 1 0 0 0 0 0 1 0 0
60	3	1 1 0 0 1 1 0 0 0 0 1 0 0 1 0 0
60	45	1 0 0 0 0 1 0 0 0 0 1 0 0 1 0 0
60	16	0 0 0 0 0 1 0 0 0 0 0 0 0 1 0 0
60	35	0 0 0 0 1 1 0 0 0 0 1 0 1 0 0 0
60	1	0 0 0 1 1 1 0 0 0 0 1 0 0 1 0 1
60	4	0 0 0 0 0 0 0 0 1 0 0 0 0 0 0 0
60	2	0 0 1 0 0 0 0 0 0 0 1 0 0 1 0 0
60	1	1 0 1 1 1 1 0 0 0 0 0 0 0 1 0 0
60	1	0 0 1 0 1 0 0 0 0 0 1 0 0 1 0 0
60	2	0 0 0 1 1 1 0 0 0 0 1 1 0 1 0 0
60	2	0 0 1 0 0 1 0 0 0 0 0 0 0 1 0 0
60	1	0 0 0 0 1 1 0 0 0 1 1 0 0 1 0 0
60	2	1 0 0 1 0 1 0 0 0 0 1 0 0 1 0 0
60	14	1 1 1 0 1 0 0 1 0 0 0 0 0 0 0 0
60	2	1 0 0 0 1 1 0 0 0 0 0 0 0 0 0 0
60	6	0 0 0 0 1 1 0 0 0 0 1 0 1 1 0 0
60	10	1 0 1 1 1 1 0 0 0 0 0 1 0 1 0 0
60	9	0 0 0 1 1 1 0 0 0 1 1 0 0 1 0 0
60	9	0 0 0 1 1 1 0 0 1 0 0 0 0 0 0 0
60	6	1 0 1 0 0 0 0 0 0 0 0 0 0 1 0 0
60	3	0 0 1 0 1 0 0 0 0 0 1 0 1 1 0 0
60	5	0 0 0 1 1 1 0 0 0 0 1 0 0 0 0 0
60	2	1 0 0 0 1 1 0 0 1 0 0 0 0 0 0 0
60	15	1 0 0 0 1 1 0 0 0 0 1 1 0 1 0 0
60	7	0 0 1 0 1 0 0 0 0 1 0 0 0 0 0 0
60	10	1 0 1 1 1 1 0 0 0 0 1 0 0 1 0 0
60	14	0 0 0 0 1 1 0 0 0 0 0 0 1 0 0 0
60	6	1 0 0 0 1 1 1 0 0 0 1 0 0 1 0 0
60	1	0 1 0 0 1 1 0 0 0 0 1 0 0 1 1 0
60	1	0 0 0 0 1 1 0 1 0 0 1 0 0 1 0 0
60	1	0 1 0 0 1 1 0 0 0 0 1 1 0 1 0 0
60	1	0 0 0 1 1 1 0 0 0 0 1 0 1 1 0 0
60	1	1 0 0 1 0 1 0 0 1 0 1 0 0 1 0 0
60	1	1 0 1 0 1 0 0 1 0 0 0 0 0 1 0 0
60	16	1 0 0 1 1 1 0 0 0 0 1 0 0 1 0 0
60	1	0 0 0 0 1 1 0 0 0 0 1 0 1 0 1 0
60	3	0 0 0 1 1 1 0 0 0 0 1 1 0 1 1 0
60	1	0 0 0 0 1 1 0 0 0 0 0 0 0 0 1 0
60	4	1 0 0 0 0 1 0 0 0 1 1 0 0 1 0 0
60	1	0 0 0 0 1 1 0 0 0 0 1 0 1 0 0 1
60	3	0 0 0 1 1 1 0 0 0 0 0 0 0 1 0 0
60	12	1 0 1 0 1 1 0 0 0 0 1 1 0 1 0 0
60	1	1 0 1 0 1 0 0 0 0 0 0 0 0 1 0 0
60	1	0 0 0 0 1 0 0 0 0 0 1 0 1 1 0 0
60	1	0 1 0 0 0 0 0 0 0 0 1 1 0 1 0 0
60	1	1 0 1 1 1 0 0 1 0 0 0 0 0 0 0 0
60	1	1 1 0 0 1 1 1 0 0 0 1 0 0 1 0 0
60	1	1 1 0 0 0 1 0 0 0 0 1 0 0 1 0 0
60	5	0 0 0 0 1 1 1 0 0 0 0 0 1 0 0 0
60	1	1 0 1 0 1 1 0 0 0 0 1 0 0 1 0 0
60	1	0 1 0 0 0 1 0 0 0 0 1 0 0 1 0 0
60	3	0 0 1 0 1 1 0 0 0 0 1 0 0 1 0 0
60	1	0 0 0 0 1 0 0 0 0 0 1 0 0 1 0 0
60	1	0 0 0 1 1 1 0 0 1 0 1 0 0 1 0 0
60	1	0 0 0 1 1 1 0 0 0 0 0 0 0 0 0 0
60	1	0 0 0 0 1 0 0 0 0 0 1 0 1 0 0 0
60	3	1 0 1 1 1 1 1 0 0 0 0 1 0 1 0 0
60	1	0 0 0 0 1 1 0 0 0 0 0 1 1 0 0 0
60	1	1 0 0 0 1 0 0 0 0 0 0 0 0 1 0 0
80	9	0 0 0 0 0 0 0 0 0 0 0 0 0 1 0 0
80	102	0 0 0 0 1 1 0 0 0 0 1 0 0 1 0 0
80	14	0 0 0 0 1 1 0 0 0 0 0 0 0 1 0 0
80	11	0 0 0 0 1 1 0 0 0 0 1 0 0 0 0 0
80	13	0 0 0 0 1 1 0 0 0 0 1 1 0 1 0 0
80	4	0 0 0 0 1 1 0 0 0 0 1 0 0 1 1 0
80	18	0 0 0 1 1 1 0 0 0 0 1 0 0 1 0 0
80	6	1 0 0 0 1 1 0 0 0 1 1 0 0 1 0 0
80	55	0 0 0 0 1 1 0 0 0 0 0 0 0 0 0 0
80	83	1 0 0 0 1 1 0 0 0 0 1 0 0 1 0 0
80	6	0 0 1 0 0 0 0 0 0 0 0 0 0 1 0 0
80	36	1 0 1 1 1 1 0 0 0 0 1 1 0 1 0 0
80	12	0 0 0 0 1 1 0 0 1 0 0 0 0 0 0 0
80	11	1 0 0 0 0 1 0 1 0 0 0 0 0 1 0 0
80	39	0 0 1 0 1 0 0 0 0 0 0 0 0 1 0 0
80	28	0 0 0 0 1 1 0 1 0 0 0 0 0 1 0 0
80	36	1 0 0 0 0 1 0 0 0 0 1 0 0 1 0 0
80	28	0 0 0 0 1 1 0 0 0 0 1 0 1 0 0 0
80	40	1 1 1 0 1 0 0 1 0 0 0 0 0 0 0 0
80	40	1 0 0 0 1 1 0 0 0 0 0 0 0 0 0 0
80	7	1 0 1 0 0 0 0 0 0 0 0 0 0 1 0 0
80	7	1 0 0 0 1 1 0 0 0 0 1 1 0 1 0 0
80	4	0 0 1 0 1 0 0 0 0 1 0 0 0 0 0 0
80	55	1 0 1 1 1 1 0 0 0 0 1 0 0 1 0 0
80	10	1 0 0 1 1 1 0 0 0 0 1 0 0 1 0 0
80	21	1 0 0 0 0 1 0 0 0 1 1 0 0 1 0 0
80	45	1 0 1 0 1 1 0 0 0 0 1 1 0 1 0 0
80	6	0 0 0 1 1 1 0 1 0 0 1 0 0 1 0 0
80	15	0 0 0 0 1 1 0 0 0 0 0 1 0 0 0 0
80	10	1 0 1 1 1 1 0 0 0 0 0 1 0 0 0 0
80	5	1 0 1 0 0 1 0 1 0 0 0 0 0 1 0 0
80	19	0 0 1 0 0 0 0 0 0 0 0 0 1 0 0 0
80	1	1 0 1 0 1 0 0 1 0 1 0 0 0 0 0 0
80	4	1 0 0 1 1 1 0 0 0 0 1 0 0 1 1 0
80	3	0 0 0 1 1 1 0 0 0 0 1 0 0 0 0 0
80	5	0 0 0 0 1 1 0 0 1 0 1 0 0 1 0 0
80	12	1 0 0 0 1 1 1 0 0 1 1 0 0 1 0 0
80	23	1 1 1 0 1 1 0 0 0 0 1 0 0 1 0 0
80	3	1 0 1 0 0 1 0 0 0 0 0 0 0 1 0 0
80	3	0 0 0 0 1 1 0 1 0 0 0 0 0 0 0 0
80	11	1 0 0 0 1 1 0 0 0 0 1 0 0 0 0 0
80	1	0 0 0 0 1 1 0 0 1 0 0 0 0 1 0 0
80	19	0 0 1 0 1 0 0 0 0 0 1 0 0 1 0 0
80	5	1 0 1 1 1 1 0 0 0 0 1 1 0 0 0 0
80	7	1 0 1 0 1 0 0 1 0 0 1 0 0 0 0 0
80	5	0 0 0 0 1 1 0 1 0 0 1 0 0 1 0 0
80	12	0 0 1 0 0 0 0 0 0 0 0 0 0 1 1 0
80	8	1 0 0 0 0 1 0 0 0 0 0 0 0 1 0 0
80	1	1 0 1 1 1 1 0 0 0 0 1 0 0 1 1 0
80	6	1 0 1 1 1 0 0 0 0 0 1 0 0 1 0 0
80	4	0 0 0 0 1 1 1 0 1 0 0 0 0 1 0 0
80	1	1 1 1 0 1 0 0 1 0 1 0 0 0 0 0 0
80	2	0 0 1 0 1 0 0 0 0 0 0 0 0 1 1 0
80	2	1 0 0 1 0 1 0 0 0 0 1 0 0 1 0 0
80	3	1 0 0 1 1 1 0 0 0 0 1 1 0 1 0 0
80	7	0 0 0 0 1 1 0 0 0 0 1 0 0 1 0 1
80	4	0 0 1 0 1 1 0 0 0 0 1 0 0 1 1 0
80	1	1 0 0 0 1 1 0 1 0 0 0 0 0 1 0 0
80	4	1 1 0 1 1 1 0 0 0 0 1 0 0 1 0 0
80	3	1 0 1 0 1 1 0 0 0 0 1 0 0 1 1 0
80	3	0 0 1 0 1 1 0 1 0 0 0 0 0 1 0 0
80	2	0 0 0 1 1 1 0 1 0 0 1 0 0 1 0 1
80	3	0 0 0 0 1 1 0 0 0 0 1 0 1 1 0 0
80	3	1 0 1 0 0 0 0 0 0 0 0 0 0 0 0 0
80	2	1 0 1 1 1 0 0 0 0 0 0 0 0 1 0 0
80	2	1 0 1 0 1 0 0 1 0 1 1 0 0 0 0 0
80	2	1 0 1 0 1 0 0 1 0 0 1 0 0 1 0 0
80	2	0 0 1 0 0 0 0 0 0 0 0 0 1 1 0 0
80	2	0 0 0 0 1 1 0 0 0 1 1 1 0 1 0 0
80	2	1 0 0 0 1 1 0 1 0 0 1 0 0 1 0 0
80	2	1 0 0 0 1 0 0 0 0 0 1 0 0 1 0 0
80	2	1 0 1 0 1 1 0 0 0 1 1 1 0 1 0 0
80	1	0 0 0 1 1 1 1 1 0 0 1 0 0 1 0 1
80	1	0 0 0 0 1 0 0 0 0 0 1 0 0 1 0 0
80	2	1 0 1 1 1 1 0 0 1 0 0 0 0 0 0 0
80	3	1 0 1 0 1 1 0 0 0 1 1 0 0 1 0 0
80	1	1 1 0 0 1 1 0 0 0 0 1 0 0 1 0 1
80	3	1 0 0 0 0 1 0 1 0 0 0 1 0 1 0 0
80	1	1 0 0 0 0 1 0 0 0 0 1 0 1 1 0 0
80	1	0 0 1 0 0 0 0 0 0 1 0 0 1 0 0 0
80	1	1 0 1 0 0 0 0 0 0 0 0 0 1 0 0 0
80	2	0 0 1 0 1 0 0 0 0 0 1 1 0 1 0 0
80	2	1 0 1 0 1 0 0 0 0 0 0 0 0 1 1 0
100	39	0 0 0 0 1 1 0 0 0 0 1 0 0 1 0 0
100	2	0 0 0 0 1 1 0 0 0 0 0 0 0 1 0 0
100	2	0 0 0 0 1 1 0 0 0 0 1 1 0 1 0 0
100	11	0 0 0 1 1 1 0 0 0 0 1 0 0 1 0 0
100	3	1 0 0 0 1 1 0 0 0 1 1 0 0 1 0 0
100	24	0 0 0 0 1 1 0 0 0 0 0 0 0 0 0 0
100	68	1 0 0 0 1 1 0 0 0 0 1 0 0 1 0 0
100	7	0 0 1 0 0 0 0 0 0 0 0 0 0 1 0 0
100	90	1 0 1 1 1 1 0 0 0 0 1 1 0 1 0 0
100	8	0 0 0 0 1 1 0 0 1 0 0 0 0 0 0 0
100	25	1 0 0 0 0 1 0 1 0 0 0 0 0 1 0 0
100	33	0 0 1 0 1 0 0 0 0 0 0 0 0 1 0 0
100	20	0 0 0 0 1 1 0 1 0 0 0 0 0 1 0 0
100	24	1 1 1 0 1 0 0 1 0 0 0 0 0 0 0 0
100	26	1 0 0 0 1 1 0 0 0 0 0 0 0 0 0 0
100	26	1 0 1 0 0 0 0 0 0 0 0 0 0 1 0 0
100	13	1 0 0 0 1 1 0 0 0 0 1 1 0 1 0 0
100	23	1 0 1 1 1 1 0 0 0 0 1 0 0 1 0 0
100	4	1 0 0 1 1 1 0 0 0 0 1 0 0 1 0 0
100	4	1 0 0 0 0 1 0 0 0 1 1 0 0 1 0 0
100	104	1 0 1 0 1 1 0 0 0 0 1 1 0 1 0 0
100	11	0 0 0 0 1 1 0 0 0 0 0 1 0 0 0 0
100	12	1 0 1 0 0 1 0 1 0 0 0 0 0 1 0 0
100	7	0 0 1 0 0 0 0 0 0 0 0 0 1 0 0 0
100	5	1 0 0 0 1 1 1 0 0 1 1 0 0 1 0 0
100	64	1 1 1 0 1 1 0 0 0 0 1 0 0 1 0 0
100	11	1 0 0 0 1 1 0 0 0 0 1 0 0 0 0 0
100	11	1 0 1 0 1 0 0 1 0 0 1 0 0 0 0 0
100	15	1 0 0 0 0 1 0 0 0 0 0 0 0 1 0 0
100	2	1 0 0 1 0 1 0 0 0 0 1 0 0 1 0 0
100	3	0 0 0 0 1 1 0 0 0 0 1 0 0 1 0 1
100	1	0 0 1 0 1 1 0 1 0 0 0 0 0 1 0 0
100	3	0 0 1 0 0 0 0 0 0 0 0 0 1 1 0 0
100	3	0 0 0 0 1 1 0 0 0 1 1 1 0 1 0 0
100	26	1 0 1 0 1 1 0 0 0 1 1 1 0 1 0 0
100	10	0 0 0 1 1 0 0 0 0 0 1 0 0 0 0 0
100	11	1 0 0 0 1 1 1 0 0 0 1 0 0 1 0 0
100	15	1 0 1 1 1 1 0 1 0 0 1 1 0 1 0 0
100	5	1 0 1 1 1 1 0 0 0 0 1 1 0 0 0 0
100	12	1 0 1 0 1 1 1 0 0 0 1 1 0 1 0 0
100	4	0 0 1 0 0 1 0 0 0 0 0 0 0 1 1 0
100	6	1 0 1 1 0 0 0 0 0 0 0 0 0 1 0 0
100	9	1 0 1 0 1 1 0 0 0 1 1 0 0 1 0 0
100	8	0 0 0 1 1 1 0 0 0 0 0 0 0 0 0 0
100	7	1 0 0 0 1 1 0 0 1 0 1 0 0 1 0 0
100	12	0 0 0 0 0 1 0 1 0 0 0 0 0 1 0 0
100	3	1 0 1 1 0 1 0 0 0 0 1 1 0 1 0 0
100	1	0 0 1 0 1 1 0 0 0 0 0 0 1 0 0 0
100	4	1 0 1 0 1 1 0 0 0 1 1 1 0 1 1 0
100	12	1 0 1 0 1 1 0 0 0 0 1 0 0 1 0 0
100	15	1 1 1 0 1 0 0 0 0 0 0 0 0 1 0 0
100	1	1 1 0 0 1 1 0 0 0 0 1 0 0 1 0 0
100	1	1 1 1 1 1 0 0 1 0 0 0 0 0 0 0 0
100	5	1 1 1 0 1 1 0 1 0 0 1 0 0 1 0 1
100	5	1 0 0 0 1 1 0 0 1 0 0 0 0 0 0 0
100	7	1 0 1 1 1 1 0 0 0 0 0 0 0 0 0 0
100	4	1 0 1 1 1 1 0 0 0 1 1 0 0 1 0 0
100	2	1 1 0 0 0 1 0 0 0 1 1 0 0 1 0 0
100	6	1 0 0 0 0 1 0 0 0 1 1 0 0 1 1 0
100	1	1 0 1 0 1 1 0 1 0 0 1 1 0 1 0 0
100	6	1 0 1 1 1 1 0 0 0 0 1 0 0 0 0 0
100	2	0 0 1 0 1 0 0 0 1 0 0 0 0 1 0 0
100	4	1 0 0 0 1 1 0 0 0 0 0 1 0 1 0 0
100	2	1 1 1 0 1 1 0 0 0 0 1 0 0 0 0 0
100	2	1 0 0 0 0 1 0 0 0 0 1 1 0 1 0 0
100	4	1 0 1 0 1 0 0 1 0 0 0 0 0 0 0 0
100	2	1 0 1 0 1 1 0 0 1 0 1 0 0 1 0 0
100	1	1 0 0 1 1 1 0 0 0 0 1 0 0 0 0 0
100	6	1 1 1 0 1 0 0 1 0 0 0 0 0 1 0 0
100	7	0 0 0 1 1 0 0 0 0 1 1 1 0 1 0 0
100	1	1 1 1 0 1 0 0 0 0 0 1 0 0 1 0 0
100	3	0 0 1 0 0 0 0 0 0 1 0 0 0 1 0 0
100	3	1 1 0 0 1 1 0 0 0 0 0 0 0 1 0 0
100	3	1 0 0 1 1 1 0 0 0 0 1 1 0 1 0 0
100	1	1 1 1 0 1 1 0 0 0 0 0 0 0 1 0 0
100	2	1 0 1 0 1 0 0 0 0 0 0 0 0 1 0 0
100	3	1 1 1 0 1 0 0 0 0 0 0 0 0 0 0 0
100	1	1 0 0 0 0 1 0 0 0 0 0 0 0 0 0 0
100	3	1 0 1 0 1 0 0 0 0 0 1 1 0 1 0 0
100	1	0 0 1 0 0 1 0 0 0 0 0 0 1 0 0 0
100	1	1 0 0 0 0 1 0 0 0 1 0 0 0 1 0 0
100	3	0 0 0 1 1 0 0 0 0 0 0 0 0 0 0 0
100	1	0 0 1 1 1 0 0 0 1 0 0 0 0 1 0 0
100	2	1 0 1 0 0 0 0 0 0 0 0 0 0 0 0 0
100	3	1 0 0 0 1 1 0 0 0 1 1 1 0 1 0 0
100	2	0 0 1 0 0 0 0 0 0 0 1 0 0 0 0 0
100	4	1 1 1 0 1 1 0 0 0 0 1 1 0 1 0 0
100	1	1 0 1 0 1 1 0 0 0 0 0 0 0 0 0 0
100	3	1 0 0 0 0 1 0 0 0 0 0 0 1 0 0 0
100	1	1 0 0 1 0 1 0 0 0 0 0 0 0 1 0 0
100	1	0 0 0 0 1 1 0 0 0 0 0 1 0 1 0 0
100	1	1 0 0 0 0 0 0 0 0 0 0 0 0 1 0 0
100	3	1 0 1 0 1 1 0 1 0 0 1 1 0 1 1 0
100	1	0 0 0 0 1 0 0 0 0 0 1 0 0 1 0 0
100	1	0 0 1 0 1 0 0 0 0 0 0 0 1 1 0 0
100	2	0 1 1 0 1 0 0 0 0 0 0 0 0 1 0 0
100	1	0 0 1 0 1 0 0 0 0 0 0 0 0 0 0 0
100	3	1 0 0 0 1 1 1 0 0 0 0 0 0 0 0 0
100	1	1 0 0 0 1 1 0 0 0 0 0 1 0 0 0 0
100	1	0 0 0 0 1 1 0 0 0 0 0 1 1 0 0 0
100	3	1 0 1 0 1 1 1 0 0 1 1 1 0 1 0 0
100	1	1 1 1 0 1 1 0 0 0 1 1 1 0 1 0 0
100	2	1 0 0 0 1 1 0 0 1 0 0 0 0 1 0 0
100	1	1 1 0 0 1 1 0 0 0 0 1 1 0 1 0 0
100	1	1 1 1 1 1 0 1 1 0 0 0 0 0 0 0 0
100	3	1 0 0 0 1 1 0 0 1 0 0 0 0 0 0 1
120	5	0 0 0 0 1 1 0 0 0 0 1 0 0 1 0 0
120	5	0 0 0 0 1 1 0 0 0 0 0 0 0 0 0 0
120	75	1 0 0 0 1 1 0 0 0 0 1 0 0 1 0 0
120	138	1 0 1 1 1 1 0 0 0 0 1 1 0 1 0 0
120	4	0 0 0 0 1 1 0 0 1 0 0 0 0 0 0 0
120	7	0 0 0 0 1 1 0 1 0 0 0 0 0 1 0 0
120	2	1 1 1 0 1 0 0 1 0 0 0 0 0 0 0 0
120	12	1 0 0 0 1 1 0 0 0 0 0 0 0 0 0 0
120	21	1 0 1 0 0 0 0 0 0 0 0 0 0 1 0 0
120	59	1 0 0 0 1 1 0 0 0 0 1 1 0 1 0 0
120	7	1 0 1 1 1 1 0 0 0 0 1 0 0 1 0 0
120	11	1 0 1 0 1 1 0 0 0 0 1 1 0 1 0 0
120	5	0 0 0 0 1 1 0 0 0 0 0 1 0 0 0 0
120	45	1 0 1 0 0 1 0 1 0 0 0 0 0 1 0 0
120	26	0 0 1 0 0 0 0 0 0 0 0 0 1 0 0 0
120	77	1 1 1 0 1 1 0 0 0 0 1 0 0 1 0 0
120	4	1 0 0 0 1 1 0 0 0 0 1 0 0 0 0 0
120	7	1 0 0 0 0 1 0 0 0 0 0 0 0 1 0 0
120	9	1 0 1 0 1 1 0 0 0 1 1 1 0 1 0 0
120	5	1 0 0 0 1 1 1 0 0 0 1 0 0 1 0 0
120	17	1 0 1 1 1 1 0 1 0 0 1 1 0 1 0 0
120	2	1 0 1 0 1 1 1 0 0 0 1 1 0 1 0 0
120	4	1 0 1 1 0 0 0 0 0 0 0 0 0 1 0 0
120	8	0 0 0 0 0 1 0 1 0 0 0 0 0 1 0 0
120	9	1 0 1 0 1 1 0 0 0 0 1 0 0 1 0 0
120	9	1 0 0 0 1 1 0 0 1 0 0 0 0 0 0 0
120	7	1 0 1 1 1 1 0 0 0 0 0 0 0 0 0 0
120	7	1 0 1 1 1 1 0 0 0 1 1 0 0 1 0 0
120	22	1 0 1 1 1 1 0 0 0 0 1 0 0 0 0 0
120	1	1 0 1 0 1 0 0 1 0 0 0 0 0 0 0 0
120	15	1 1 1 0 1 0 0 0 0 0 1 0 0 1 0 0
120	21	1 0 0 1 1 1 0 0 0 0 1 1 0 1 0 0
120	15	1 0 1 0 1 0 0 0 0 0 0 0 0 1 0 0
120	2	1 0 0 0 1 1 0 0 0 0 0 1 0 0 0 0
120	2	1 0 1 0 1 1 1 0 0 1 1 1 0 1 0 0
120	4	1 1 1 1 1 0 1 1 0 0 0 0 0 0 0 0
120	1	1 0 1 0 1 1 0 0 1 0 0 0 0 0 0 0
120	20	1 0 1 1 1 1 0 0 0 1 1 1 0 1 0 0
120	2	1 0 1 0 1 0 0 0 1 0 0 0 0 1 0 0
120	26	1 1 0 0 1 0 0 1 0 0 0 0 0 0 0 0
120	22	1 0 1 1 1 1 1 1 0 0 1 1 0 1 0 0
120	8	0 1 1 0 1 0 0 0 0 0 1 0 0 1 0 0
120	5	1 0 0 1 1 1 0 0 0 0 1 1 0 1 0 1
120	2	1 1 1 1 1 1 0 0 0 0 1 0 0 1 0 0
120	5	0 0 0 0 1 1 0 1 0 0 0 0 0 0 0 0
120	5	1 0 1 0 1 1 0 0 0 0 1 1 0 1 1 0
120	19	1 0 1 0 0 1 0 0 1 0 0 0 0 1 0 0
120	1	1 1 1 0 1 1 0 0 0 0 1 1 0 1 0 0
120	4	0 1 1 0 1 0 0 1 0 0 0 0 0 0 0 0
120	3	1 0 1 0 1 1 0 1 0 0 1 1 0 1 0 0
120	2	1 0 1 1 1 1 1 0 0 0 1 1 0 1 0 0
120	1	1 1 0 0 0 1 0 0 0 0 0 0 0 1 0 0
120	2	1 0 1 0 1 1 1 1 0 0 1 1 0 1 0 0
120	12	1 0 0 1 1 1 0 0 0 0 0 0 0 0 0 0
120	13	1 0 0 0 1 1 0 1 0 0 1 0 0 1 0 0
120	4	1 0 1 0 0 0 0 0 0 0 0 0 0 1 1 0
120	10	1 1 1 1 1 0 1 1 0 0 0 0 0 1 0 0
120	14	1 0 1 1 1 1 0 0 0 0 0 0 0 1 0 0
120	5	1 0 0 0 0 1 1 0 0 0 1 1 0 1 0 0
120	12	1 0 1 1 1 1 0 0 0 0 1 1 0 1 1 0
120	5	1 0 0 0 1 1 0 0 0 0 0 0 0 1 0 0
120	8	1 0 0 1 1 1 0 0 0 0 0 0 0 1 0 0
120	3	0 0 0 0 1 1 0 0 0 0 1 1 0 1 0 0
120	1	1 0 0 0 1 1 0 0 0 0 1 0 0 0 1 0
120	2	1 0 0 0 0 1 0 0 0 0 0 0 0 1 1 0
120	3	1 0 1 0 1 1 0 0 0 0 1 0 0 1 1 0
120	14	1 1 1 1 1 1 0 0 0 0 0 0 0 0 0 0
120	10	1 0 0 1 1 1 0 0 1 0 1 1 0 1 0 1
120	4	1 1 1 1 1 0 0 0 0 0 1 0 0 1 0 0
120	9	1 1 0 1 1 0 1 1 0 0 0 0 0 0 0 0
120	2	1 1 1 1 1 0 0 1 0 0 0 0 0 1 0 0
120	2	1 1 1 0 1 0 0 0 0 0 1 0 0 0 0 0
120	1	1 0 1 0 1 1 1 0 0 1 1 0 0 1 0 0
120	2	1 0 1 1 1 1 0 0 0 0 1 1 0 0 0 0
120	2	0 0 0 0 1 1 0 0 0 0 0 1 0 0 0 1
120	5	0 0 0 0 1 1 0 1 0 1 0 0 0 0 0 0
120	1	0 0 0 0 1 1 0 0 0 0 0 0 0 1 1 0
120	3	1 1 1 0 1 1 0 0 0 0 1 0 0 0 0 0
120	1	1 0 1 0 0 0 0 0 0 0 0 1 0 1 0 0
120	2	1 1 1 1 1 0 0 0 0 0 1 0 0 1 0 1
120	2	1 0 1 1 1 1 0 0 0 0 1 1 0 1 0 1
120	3	1 0 0 0 1 1 0 0 0 0 0 1 0 1 0 0
120	3	1 0 1 0 0 1 1 0 0 0 1 1 0 1 0 0
120	1	1 0 1 1 1 1 0 0 0 0 1 0 0 1 1 0
120	2	1 1 1 0 1 1 0 0 0 1 1 1 0 1 0 0
120	1	1 0 1 1 1 1 0 1 0 0 1 1 0 1 0 1
120	6	1 0 0 0 1 1 0 1 0 0 0 0 0 1 0 0
120	2	1 0 1 1 1 1 0 0 1 0 1 1 0 1 0 1
120	3	1 0 1 0 1 1 1 0 0 0 1 0 0 1 0 0
120	1	1 0 1 1 1 1 0 0 0 0 1 0 0 0 0 1
120	1	1 0 0 1 1 1 0 0 0 0 1 0 0 1 0 0
120	5	1 0 0 0 1 1 0 0 0 0 0 0 1 1 0 0
120	1	1 1 0 0 0 1 0 0 0 0 0 0 0 1 1 0
120	3	1 0 1 1 1 1 0 0 0 0 1 1 1 1 0 1
120	1	1 0 1 0 0 1 0 1 0 0 0 0 0 0 0 0
120	1	1 0 0 1 1 1 1 1 0 0 1 1 0 1 0 0
120	4	1 0 1 0 0 1 0 1 1 0 0 0 0 1 0 0
120	2	1 0 1 0 1 0 0 0 0 0 1 1 0 1 1 0
120	2	1 1 1 0 0 1 0 0 0 0 1 0 0 0 0 0
120	2	1 1 1 1 1 1 1 1 0 0 1 1 0 1 0 0
120	2	1 0 1 0 1 0 0 0 0 0 1 0 0 1 0 0
120	1	0 0 0 0 1 1 0 1 0 0 0 0 0 1 0 1
120	1	1 0 1 0 1 0 0 0 1 0 0 0 0 0 0 0
120	1	1 0 1 1 1 1 1 1 0 0 1 1 0 0 0 0
120	1	0 1 0 0 0 1 0 0 0 0 0 0 0 1 0 0
120	1	0 0 0 0 1 1 0 0 0 1 0 0 0 0 0 0
140	45	1 0 0 0 1 1 0 0 0 0 1 0 0 1 0 0
140	137	1 0 1 1 1 1 0 0 0 0 1 1 0 1 0 0
140	4	1 0 0 0 1 1 0 0 0 0 0 0 0 0 0 0
140	14	1 0 1 0 0 0 0 0 0 0 0 0 0 1 0 0
140	74	1 0 0 0 1 1 0 0 0 0 1 1 0 1 0 0
140	21	1 0 1 1 1 1 0 0 0 0 1 0 0 1 0 0
140	27	1 0 1 0 0 1 0 1 0 0 0 0 0 1 0 0
140	11	0 0 1 0 0 0 0 0 0 0 0 0 1 0 0 0
140	56	1 1 1 0 1 1 0 0 0 0 1 0 0 1 0 0
140	5	1 0 0 0 1 1 1 0 0 0 1 0 0 1 0 0
140	8	1 0 1 1 0 0 0 0 0 0 0 0 0 1 0 0
140	25	1 0 1 0 1 1 0 0 0 0 1 0 0 1 0 0
140	16	1 0 0 0 1 1 0 0 1 0 0 0 0 0 0 0
140	10	1 0 1 1 1 1 0 0 0 0 1 0 0 0 0 0
140	5	1 1 1 0 1 0 0 0 0 0 1 0 0 1 0 0
140	8	1 0 0 1 1 1 0 0 0 0 1 1 0 1 0 0
140	1	1 0 1 0 1 0 0 0 0 0 0 0 0 1 0 0
140	10	1 0 0 0 1 1 0 0 0 0 0 1 0 0 0 0
140	9	1 0 1 0 1 1 1 0 0 1 1 1 0 1 0 0
140	16	1 1 1 1 1 0 1 1 0 0 0 0 0 0 0 0
140	31	1 0 1 1 1 1 0 0 0 1 1 1 0 1 0 0
140	1	1 0 1 0 1 0 0 0 1 0 0 0 0 1 0 0
140	33	1 1 0 0 1 0 0 1 0 0 0 0 0 0 0 0
140	28	1 0 1 1 1 1 1 1 0 0 1 1 0 1 0 0
140	4	1 0 1 0 1 1 0 1 0 0 1 1 0 1 0 0
140	4	1 0 1 0 1 1 1 1 0 0 1 1 0 1 0 0
140	1	1 0 0 0 1 1 0 1 0 0 1 0 0 1 0 0
140	45	1 1 1 1 1 0 1 1 0 0 0 0 0 1 0 0
140	8	1 0 1 1 1 1 0 0 0 0 0 0 0 1 0 0
140	4	1 0 1 1 1 1 0 0 0 0 1 1 0 1 1 0
140	3	1 0 0 0 1 1 0 0 0 0 0 0 0 1 0 0
140	1	1 0 0 1 1 1 0 0 0 0 0 0 0 1 0 0
140	5	1 1 1 1 1 1 0 0 0 0 0 0 0 0 0 0
140	35	1 1 0 1 1 0 1 1 0 0 0 0 0 0 0 0
140	3	0 0 0 0 1 1 0 1 0 1 0 0 0 0 0 0
140	7	1 1 1 1 1 0 0 0 0 0 1 0 0 1 0 1
140	15	1 0 1 1 1 1 0 0 0 0 1 1 0 1 0 1
140	10	1 0 0 0 1 1 0 1 0 0 0 0 0 1 0 0
140	6	1 0 1 1 1 1 0 0 1 0 1 1 0 1 0 1
140	8	1 0 1 0 1 0 0 0 0 0 1 0 0 1 0 0
140	8	1 0 1 0 0 0 0 1 1 0 0 0 0 1 0 0
140	16	0 0 0 0 1 1 0 1 0 0 1 0 0 1 0 0
140	4	1 0 0 0 1 0 0 1 0 0 1 0 0 1 0 0
140	7	1 0 0 0 1 1 0 1 0 0 1 1 0 1 1 0
140	13	1 0 0 1 1 1 0 0 0 1 1 1 0 1 0 0
140	17	1 1 1 1 1 1 0 0 0 0 1 1 0 1 0 0
140	6	1 0 1 1 1 0 0 0 0 0 0 0 0 1 0 0
140	14	1 0 1 0 0 0 0 0 0 0 0 1 0 0 0 0
140	6	1 0 1 1 1 1 1 0 0 1 1 1 0 1 0 0
140	4	1 0 1 0 1 1 0 0 0 0 1 0 0 1 1 0
140	3	1 1 1 0 1 1 0 0 0 0 1 0 0 0 0 0
140	3	1 0 1 1 1 1 1 1 0 0 0 0 0 1 0 0
140	10	1 0 1 0 0 0 0 0 0 0 0 0 1 1 0 0
140	1	1 0 0 1 1 0 0 1 0 0 0 0 0 0 0 0
140	3	1 0 0 0 1 1 0 0 0 0 1 0 1 1 0 0
140	12	1 0 1 1 1 1 0 0 0 0 1 1 0 0 0 0
140	7	1 0 0 0 1 1 0 1 1 0 0 0 0 1 0 0
140	10	0 0 0 0 1 1 0 0 0 0 0 0 0 1 0 0
140	2	1 1 0 0 1 0 0 0 0 0 1 0 0 1 0 0
140	2	1 0 0 0 1 1 0 1 0 0 1 1 0 0 1 0
140	5	1 0 1 1 1 1 0 1 0 0 0 0 0 1 0 0
140	2	1 0 1 0 1 0 1 0 1 0 0 0 0 1 0 0
140	1	1 1 0 0 1 0 0 1 0 0 0 0 0 0 0 1
140	4	0 0 1 1 1 1 1 1 0 0 1 1 0 1 0 0
140	2	1 1 1 1 1 0 1 1 0 0 0 1 0 1 0 1
140	2	1 1 0 0 0 0 0 0 0 0 0 1 0 0 0 0
140	2	0 0 0 0 1 1 0 1 0 1 1 1 0 1 0 0
140	2	0 0 1 1 1 1 0 0 0 0 1 1 0 1 0 0
140	6	1 0 1 1 1 0 0 0 0 0 1 1 0 1 0 0
140	3	0 0 1 0 1 0 0 0 0 0 1 0 0 1 0 0
140	4	1 1 1 0 1 1 0 0 0 0 1 1 0 1 0 0
140	2	1 1 1 0 1 1 1 1 0 0 1 1 0 1 0 1
140	5	0 0 1 0 0 0 0 0 1 0 0 0 1 0 0 0
140	3	1 0 1 0 1 1 0 0 0 0 0 0 0 1 0 0
140	3	1 0 0 0 1 1 0 0 0 0 1 1 0 1 0 1
140	2	1 0 1 0 1 1 0 0 0 0 1 0 0 0 0 0
140	4	1 0 0 0 1 1 1 0 0 0 1 0 0 0 0 0
140	2	0 1 1 0 1 0 0 0 0 0 1 0 0 1 0 0
140	4	1 1 1 0 1 0 0 1 0 0 0 0 0 0 0 0
140	2	1 0 1 0 1 0 0 0 0 0 1 0 1 1 0 0
140	4	1 0 0 0 1 1 0 0 0 0 1 0 1 0 0 0
140	1	1 1 1 1 1 0 0 1 0 0 0 0 0 0 0 0
140	3	1 0 1 0 1 0 0 0 0 0 0 0 1 1 0 0
140	4	1 0 0 0 1 1 0 0 1 0 1 0 0 1 0 0
140	1	1 0 1 1 1 1 0 0 0 0 1 0 1 1 0 0
140	1	1 1 1 0 0 1 0 0 0 0 1 0 0 1 0 0
140	5	1 1 1 1 1 1 0 0 0 0 1 0 0 0 0 0
140	1	1 0 0 1 1 1 0 0 1 0 1 1 1 1 0 1
140	3	1 0 1 0 0 0 1 0 0 0 0 1 0 0 0 0
140	3	1 0 1 0 1 0 1 0 1 1 0 0 0 1 0 0
140	1	1 0 1 0 0 1 0 0 0 0 1 1 0 1 0 0
140	1	1 1 0 1 1 1 0 0 0 0 1 1 0 1 0 0
140	1	1 0 0 1 1 0 1 1 0 0 0 0 0 0 0 0
140	1	1 0 1 0 0 0 0 1 1 1 1 1 0 1 0 0
140	1	1 0 1 1 1 1 1 0 0 1 0 0 0 0 0 0
140	1	0 0 1 0 0 0 0 0 0 0 0 0 0 1 0 0
140	3	1 0 1 0 1 1 0 0 0 0 1 1 0 1 0 0
140	1	1 1 1 0 1 1 0 1 0 0 1 0 0 1 0 0
140	1	0 0 1 1 1 1 0 0 0 0 1 0 0 0 0 0
140	1	1 1 0 0 1 1 0 1 0 0 0 0 0 0 0 0
160	11	1 0 0 0 1 1 0 0 0 0 1 0 0 1 0 0
160	90	1 0 1 1 1 1 0 0 0 0 1 1 0 1 0 0
160	29	1 0 0 0 1 1 0 0 0 0 1 1 0 1 0 0
160	13	1 0 1 1 1 1 0 0 0 0 1 0 0 1 0 0
160	21	1 0 1 0 0 1 0 1 0 0 0 0 0 1 0 0
160	92	1 1 1 0 1 1 0 0 0 0 1 0 0 1 0 0
160	49	1 0 1 0 1 1 0 0 0 0 1 0 0 1 0 0
160	30	1 0 1 1 1 1 0 0 0 0 1 0 0 0 0 0
160	9	1 0 0 0 1 1 0 0 0 0 0 1 0 0 0 0
160	17	1 1 1 1 1 0 1 1 0 0 0 0 0 0 0 0
160	24	1 0 1 1 1 1 0 0 0 1 1 1 0 1 0 0
160	10	1 1 0 0 1 0 0 1 0 0 0 0 0 0 0 0
160	33	1 0 1 1 1 1 1 1 0 0 1 1 0 1 0 0
160	40	1 1 1 1 1 0 1 1 0 0 0 0 0 1 0 0
160	7	1 0 1 1 1 1 0 0 0 0 0 0 0 1 0 0
160	21	1 0 1 1 1 1 0 0 0 0 1 1 0 1 1 0
160	6	1 1 1 1 1 1 0 0 0 0 0 0 0 0 0 0
160	18	1 1 0 1 1 0 1 1 0 0 0 0 0 0 0 0
160	39	1 0 1 1 1 1 0 0 0 0 1 1 0 1 0 1
160	11	1 0 1 1 1 1 0 0 1 0 1 1 0 1 0 1
160	6	1 0 1 0 0 0 0 1 1 0 0 0 0 1 0 0
160	26	1 0 0 1 1 1 0 0 0 1 1 1 0 1 0 0
160	6	1 1 1 1 1 1 0 0 0 0 1 1 0 1 0 0
160	2	1 0 1 1 1 0 0 0 0 0 0 0 0 1 0 0
160	28	1 0 1 0 0 0 0 0 0 0 0 1 0 0 0 0
160	6	1 1 1 0 1 1 0 0 0 0 1 0 0 0 0 0
160	2	1 0 1 1 1 1 1 1 0 0 0 0 0 1 0 0
160	1	1 0 1 1 1 1 0 0 0 0 1 1 0 0 0 0
160	5	1 0 0 0 1 1 0 1 0 0 1 1 0 0 1 0
160	14	0 0 1 1 1 1 1 1 0 0 1 1 0 1 0 0
160	7	0 0 1 0 1 0 0 0 0 0 1 0 0 1 0 0
160	44	1 1 1 0 1 1 0 0 0 0 1 1 0 1 0 0
160	19	0 0 1 0 0 0 0 0 1 0 0 0 1 0 0 0
160	8	1 0 1 1 1 1 0 0 0 0 1 0 1 1 0 0
160	9	1 0 0 1 1 1 0 0 1 0 1 1 1 1 0 1
160	7	1 0 1 0 0 0 1 0 0 0 0 1 0 0 0 0
160	6	1 0 1 1 1 1 0 0 0 0 0 0 0 0 0 0
160	7	0 0 0 0 1 0 0 0 0 0 1 1 0 1 0 0
160	11	1 1 1 0 0 0 0 0 0 0 0 1 0 0 0 0
160	4	1 0 1 1 1 1 0 0 0 0 0 1 0 1 0 0
160	1	1 1 1 0 1 0 0 0 0 0 1 0 0 1 1 0
160	13	1 1 0 0 1 0 0 1 0 0 1 0 0 0 0 0
160	4	1 1 1 0 1 1 0 0 1 0 1 0 0 1 0 0
160	4	1 1 1 0 1 0 1 1 0 0 0 0 0 0 0 0
160	15	1 0 1 1 1 1 0 0 0 1 1 1 0 1 0 1
160	8	1 0 1 1 1 1 1 1 0 0 1 0 0 1 0 0
160	8	1 1 1 0 1 1 0 0 0 1 1 0 0 1 0 0
160	5	1 1 1 1 1 0 1 1 0 1 0 0 0 0 0 0
160	5	1 1 1 0 1 1 1 0 0 0 1 0 0 1 0 0
160	3	1 1 0 0 1 0 0 1 1 0 0 0 0 0 0 0
160	1	1 0 1 1 0 1 0 0 0 0 0 0 0 1 1 0
160	3	1 0 1 0 1 1 0 0 0 1 1 0 0 1 0 0
160	16	1 0 1 0 1 1 1 0 0 1 1 1 0 0 0 0
160	6	1 0 0 0 0 0 0 1 1 0 0 0 0 1 0 0
160	3	1 0 1 1 1 1 1 1 0 0 0 1 0 1 0 0
160	7	1 0 0 0 1 1 0 1 0 0 1 1 0 0 1 1
160	1	1 1 0 0 1 0 0 1 0 1 1 0 0 0 0 0
160	1	1 1 1 0 1 0 0 1 0 0 1 0 0 0 0 0
160	5	1 1 1 1 1 0 1 1 0 0 0 0 0 0 0 1
160	5	1 0 1 1 1 0 0 0 0 0 1 1 0 1 0 0
160	4	1 1 1 0 1 1 1 0 0 1 1 1 0 0 0 0
160	3	1 0 0 0 1 1 0 0 1 0 0 1 0 1 0 0
160	9	1 0 0 1 1 1 0 0 0 0 1 0 0 1 0 0
160	2	1 0 0 0 1 1 0 0 0 0 0 1 1 0 0 0
160	1	1 1 1 1 1 0 1 0 0 0 0 0 0 1 0 0
160	1	1 1 0 1 1 0 1 1 0 0 0 0 1 0 0 0
160	4	0 0 1 0 1 0 0 0 0 0 1 1 0 1 0 0
160	5	0 0 1 0 0 1 0 1 0 0 0 0 0 1 0 0
160	2	1 1 0 1 1 0 1 1 0 0 0 0 0 1 0 0
160	8	1 0 1 1 1 1 0 0 0 1 0 0 0 1 0 0
160	3	1 0 1 0 1 1 0 0 0 0 1 1 0 1 0 1
160	1	1 1 1 0 0 0 0 0 0 0 0 1 0 0 1 0
160	3	1 1 1 1 1 0 1 1 0 1 1 0 0 1 0 0
160	2	1 0 1 0 1 1 0 0 0 1 1 1 0 0 0 0
160	2	0 0 0 0 1 1 0 0 0 0 1 0 0 1 0 0
160	1	1 0 1 0 1 1 0 1 0 0 0 0 0 1 0 0
160	1	1 1 1 0 1 1 0 0 0 0 1 0 0 1 0 1
160	3	0 0 0 0 1 1 0 0 0 0 0 1 0 0 0 0
160	2	1 1 1 0 1 1 0 0 1 0 1 0 0 1 0 1
160	4	1 1 1 0 1 0 0 0 0 0 1 0 0 1 0 0
160	2	1 1 1 1 1 1 0 0 0 0 1 1 1 1 0 0
160	3	0 0 1 0 0 1 0 1 0 0 0 0 0 1 0 1
160	2	1 1 1 0 0 1 0 0 0 0 1 1 0 1 0 0
160	1	1 1 1 0 1 1 0 0 0 0 0 0 0 1 0 0
160	1	1 1 1 0 1 1 0 0 0 0 1 1 0 1 1 0
160	2	1 0 1 1 1 1 1 0 0 0 1 1 0 1 0 0
160	3	1 0 1 0 0 0 0 0 0 0 1 1 0 0 0 0
160	1	1 0 0 0 0 0 0 0 0 0 0 1 0 0 0 0
160	1	1 0 0 0 1 1 0 0 1 0 0 1 1 1 0 0
160	1	1 0 1 0 1 0 0 1 0 0 0 0 0 1 0 0
160	2	1 1 1 0 1 1 0 0 0 0 0 0 0 0 0 1
160	1	1 0 0 0 1 1 0 0 0 0 0 1 0 1 0 0
160	2	1 0 0 1 1 1 0 0 0 0 1 1 0 1 0 0
160	1	1 0 0 1 1 1 0 0 0 0 1 1 0 1 0 1
160	2	1 0 1 1 0 1 0 0 0 0 1 1 0 1 1 0
160	1	0 1 1 0 0 0 0 0 0 0 0 1 0 0 0 0
160	4	0 1 0 0 1 0 0 1 0 0 1 0 0 0 0 0
160	2	1 1 1 0 1 1 1 0 1 0 1 0 0 1 0 0
160	2	1 0 1 0 1 1 1 0 0 1 1 1 0 0 0 1
160	3	1 1 1 0 1 0 0 1 0 0 0 1 1 1 0 0
180	28	1 0 1 1 1 1 0 0 0 0 1 1 0 1 0 0
180	13	1 0 0 0 1 1 0 0 0 0 1 1 0 1 0 0
180	10	1 0 1 1 1 1 0 0 0 0 1 0 0 1 0 0
180	3	1 0 1 0 0 1 0 1 0 0 0 0 0 1 0 0
180	39	1 1 1 0 1 1 0 0 0 0 1 0 0 1 0 0
180	5	1 0 1 0 1 1 0 0 0 0 1 0 0 1 0 0
180	50	1 0 1 1 1 1 0 0 0 0 1 0 0 0 0 0
180	18	1 1 1 1 1 0 1 1 0 0 0 0 0 0 0 0
180	14	1 0 1 1 1 1 0 0 0 1 1 1 0 1 0 0
180	16	1 1 0 0 1 0 0 1 0 0 0 0 0 0 0 0
180	50	1 0 1 1 1 1 1 1 0 0 1 1 0 1 0 0
180	19	1 1 1 1 1 0 1 1 0 0 0 0 0 1 0 0
180	64	1 1 1 1 1 1 0 0 0 0 0 0 0 0 0 0
180	7	1 0 1 1 1 1 0 0 0 0 1 1 0 1 0 1
180	2	1 0 1 1 1 1 0 0 1 0 1 1 0 1 0 1
180	5	1 1 1 1 1 1 0 0 0 0 1 1 0 1 0 0
180	37	1 0 1 0 0 0 0 0 0 0 0 1 0 0 0 0
180	19	1 0 1 1 1 1 1 1 0 0 0 0 0 1 0 0
180	21	0 0 1 0 1 0 0 0 0 0 1 0 0 1 0 0
180	94	1 1 1 0 1 1 0 0 0 0 1 1 0 1 0 0
180	27	1 1 1 0 0 0 0 0 0 0 0 1 0 0 0 0
180	4	1 1 0 0 1 0 0 1 0 0 1 0 0 0 0 0
180	19	1 1 1 0 1 1 0 0 0 1 1 0 0 1 0 0
180	2	1 1 1 1 1 0 1 1 0 1 0 0 0 0 0 0
180	11	1 0 1 1 0 1 0 0 0 0 0 0 0 1 1 0
180	51	1 0 1 0 1 1 1 0 0 1 1 1 0 0 0 0
180	40	1 0 1 1 1 0 0 0 0 0 1 1 0 1 0 0
180	15	1 1 1 0 1 1 1 0 0 1 1 1 0 0 0 0
180	2	1 1 0 1 1 0 1 1 0 0 0 0 1 0 0 0
180	6	0 0 0 0 1 1 0 0 0 0 0 1 0 0 0 0
180	25	1 1 1 0 1 1 0 0 1 0 1 0 0 1 0 1
180	9	1 1 1 0 1 1 0 0 0 0 0 0 0 1 0 0
180	8	0 1 0 0 1 0 0 1 0 0 1 0 0 0 0 0
180	5	1 1 1 0 1 1 0 0 0 0 1 1 0 1 0 1
180	2	1 0 1 0 0 0 0 0 1 0 0 0 1 0 0 0
180	5	1 0 1 1 0 1 0 0 0 0 1 1 0 1 0 0
180	15	1 0 0 0 1 0 0 0 0 0 1 1 0 1 0 0
180	5	1 0 1 1 0 1 0 0 0 0 1 1 0 1 1 0
180	4	1 0 0 1 1 1 0 0 1 1 1 1 0 1 0 0
180	12	1 1 1 0 1 1 0 0 0 0 1 1 0 0 0 0
180	38	1 1 1 1 0 0 1 1 0 0 0 0 0 1 0 0
180	3	1 0 1 1 1 1 1 1 0 0 1 1 0 1 0 1
180	9	1 0 1 1 1 1 1 0 1 0 1 1 0 1 0 1
180	8	1 0 0 1 1 1 0 0 0 1 1 0 0 0 0 0
180	2	1 0 0 1 1 1 0 0 1 0 1 1 0 1 0 0
180	9	1 1 1 1 1 0 0 0 0 0 0 0 0 0 0 0
180	2	1 1 1 0 1 1 0 0 0 0 0 0 0 0 0 0
180	4	1 0 1 1 1 1 0 1 0 0 1 1 0 1 0 0
180	9	1 1 1 1 1 0 1 1 0 1 0 0 0 1 0 0
180	1	1 0 1 0 1 1 1 0 0 1 1 1 1 0 0 0
180	3	1 0 1 1 1 1 1 1 0 1 1 1 0 1 0 1
180	3	1 1 0 1 1 0 1 0 0 0 1 0 0 0 0 0
180	5	1 0 1 1 1 1 0 0 0 0 0 1 0 1 0 0
180	4	1 0 1 0 1 1 0 0 0 0 1 0 1 1 0 0
180	1	1 0 1 1 1 1 0 0 0 0 1 0 0 0 1 0
180	5	1 1 1 0 1 1 0 0 1 0 1 0 0 0 0 1
180	3	1 0 1 1 1 0 0 0 0 0 0 0 0 1 0 0
180	4	1 0 1 1 0 1 0 0 1 0 1 1 0 1 1 0
180	3	1 0 1 1 1 1 0 0 1 0 1 1 1 1 0 0
180	2	1 1 1 1 1 0 1 1 0 1 1 1 0 0 0 0
180	1	1 0 1 0 1 1 0 1 0 0 1 0 0 1 0 0
180	3	0 0 1 0 1 1 0 0 0 0 1 0 0 1 0 0
180	2	1 0 0 1 1 1 0 0 0 0 0 0 0 1 0 0
180	7	0 0 1 0 1 0 0 0 0 0 1 1 0 1 0 0
180	5	1 0 1 1 0 0 0 0 0 0 0 1 0 0 0 0
180	9	1 0 1 1 1 1 0 0 0 0 0 0 0 1 1 0
180	2	1 1 1 0 1 1 0 0 0 1 0 0 0 1 0 0
180	1	1 1 1 0 1 1 0 0 1 0 1 0 0 0 0 0
180	5	1 1 1 1 0 1 0 0 0 0 1 1 0 1 0 0
180	5	1 0 1 0 0 1 0 0 0 0 0 0 0 1 1 0
180	7	1 0 1 0 1 0 1 0 0 1 1 1 0 0 0 0
180	3	1 0 1 0 1 1 1 0 0 0 1 1 0 0 0 0
180	4	1 1 1 0 1 0 0 0 1 0 1 0 0 1 0 1
180	1	1 0 0 1 1 1 0 0 1 0 0 1 0 1 0 0
180	2	1 0 1 0 1 1 1 0 0 1 0 0 0 0 0 0
180	1	1 1 1 1 1 0 1 1 0 0 0 1 0 0 0 0
180	1	0 0 1 0 0 0 0 0 0 0 0 1 0 0 0 0
180	2	1 1 1 1 1 0 0 0 0 0 0 0 1 0 0 0
180	4	1 1 1 1 1 1 0 0 0 0 0 0 0 1 0 0
180	1	1 0 1 1 1 1 1 0 0 1 1 1 0 0 0 0
180	6	1 1 1 0 1 1 0 0 0 0 1 0 0 0 0 0
180	1	1 0 0 0 1 1 1 1 0 0 1 1 0 1 0 0
180	1	1 0 1 0 1 1 0 0 0 0 0 0 0 1 0 0
180	3	1 0 0 1 1 1 0 0 0 0 1 1 0 1 0 0
180	5	0 0 1 1 1 1 0 0 0 0 1 0 0 1 0 0
180	4	1 1 1 1 1 1 0 0 0 0 0 0 0 0 1 0
180	2	1 1 1 0 1 0 0 0 0 0 1 1 0 1 0 0
180	2	0 0 1 0 1 0 0 0 0 0 1 0 0 0 0 0
180	1	1 0 1 0 1 1 0 0 0 0 0 0 0 0 0 0
180	1	1 0 1 1 1 1 1 1 0 0 1 0 0 1 0 0
180	2	1 0 1 1 1 1 1 1 0 0 0 0 0 1 1 0
180	2	1 0 0 0 1 1 1 0 0 1 1 1 0 0 0 0
180	1	1 0 0 1 1 0 0 0 0 0 1 1 0 1 0 0
180	2	1 0 1 1 1 1 0 1 1 0 0 1 0 1 0 1
180	2	0 0 1 0 1 1 0 0 0 0 0 0 0 1 0 0
200	9	1 0 1 1 1 1 0 0 0 0 1 1 0 1 0 0
200	13	1 0 0 0 1 1 0 0 0 0 1 1 0 1 0 0
200	5	1 0 1 1 1 1 0 0 0 0 1 0 0 1 0 0
200	46	1 1 1 0 1 1 0 0 0 0 1 0 0 1 0 0
200	31	1 0 1 1 1 1 0 0 0 0 1 0 0 0 0 0
200	6	1 1 1 1 1 0 1 1 0 0 0 0 0 0 0 0
200	14	1 0 1 1 1 1 0 0 0 1 1 1 0 1 0 0
200	3	1 1 0 0 1 0 0 1 0 0 0 0 0 0 0 0
200	76	1 1 1 1 1 0 1 1 0 0 0 0 0 1 0 0
200	23	1 1 1 1 1 1 0 0 0 0 0 0 0 0 0 0
200	2	1 0 1 1 1 1 0 0 0 0 1 1 0 1 0 1
200	12	1 0 1 0 0 0 0 0 0 0 0 1 0 0 0 0
200	10	0 0 1 0 1 0 0 0 0 0 1 0 0 1 0 0
200	70	1 1 1 0 1 1 0 0 0 0 1 1 0 1 0 0
200	8	1 1 1 0 0 0 0 0 0 0 0 1 0 0 0 0
200	5	1 1 0 0 1 0 0 1 0 0 1 0 0 0 0 0
200	15	1 1 1 0 1 1 0 0 0 1 1 0 0 1 0 0
200	54	1 0 1 0 1 1 1 0 0 1 1 1 0 0 0 0
200	24	1 0 1 1 1 0 0 0 0 0 1 1 0 1 0 0
200	18	1 1 1 0 1 1 1 0 0 1 1 1 0 0 0 0
200	1	1 1 1 0 1 1 0 0 1 0 1 0 0 1 0 1
200	63	1 1 1 0 1 1 0 0 0 0 0 0 0 1 0 0
200	4	0 1 0 0 1 0 0 1 0 0 1 0 0 0 0 0
200	1	1 0 1 0 0 0 0 0 1 0 0 0 1 0 0 0
200	1	1 0 0 0 1 0 0 0 0 0 1 1 0 1 0 0
200	2	1 0 1 1 0 1 0 0 0 0 1 1 0 1 1 0
200	6	1 1 1 0 1 1 0 0 0 0 1 1 0 0 0 0
200	2	1 1 1 1 0 0 1 1 0 0 0 0 0 1 0 0
200	4	1 0 0 1 1 1 0 0 0 1 1 0 0 0 0 0
200	4	1 0 0 1 1 1 0 0 1 0 1 1 0 1 0 0
200	6	1 1 1 1 1 0 0 0 0 0 0 0 0 0 0 0
200	4	1 1 1 1 1 0 1 1 0 1 0 0 0 1 0 0
200	7	1 1 0 1 1 0 1 0 0 0 1 0 0 0 0 0
200	38	1 0 1 1 1 1 0 0 0 0 0 1 0 1 0 0
200	4	1 0 1 0 1 1 0 0 0 0 1 0 1 1 0 0
200	1	1 0 0 1 1 1 0 0 0 0 0 0 0 1 0 0
200	13	1 0 1 1 0 0 0 0 0 0 0 1 0 0 0 0
200	5	1 1 1 1 0 1 0 0 0 0 1 1 0 1 0 0
200	4	1 1 1 1 1 1 0 0 0 0 0 0 0 1 0 0
200	2	1 0 1 1 1 1 1 0 0 1 1 1 0 0 0 0
200	26	1 1 1 0 1 1 0 0 0 0 1 0 0 0 0 0
200	2	1 0 0 1 1 1 0 0 0 0 1 1 0 1 0 0
200	2	1 1 1 1 1 1 0 0 0 0 0 0 0 0 1 0
200	1	1 0 1 0 1 1 0 0 0 0 0 0 0 0 0 0
200	16	1 0 1 1 1 1 0 0 0 0 0 0 0 0 0 0
200	15	1 0 1 1 0 1 0 0 0 0 0 1 0 0 0 0
200	13	1 0 1 1 1 1 1 0 0 0 0 1 0 0 0 0
200	6	1 1 1 1 1 0 1 1 0 1 1 1 0 1 0 0
200	10	1 1 1 1 1 1 0 0 0 0 1 0 0 1 0 1
200	2	1 1 0 0 1 0 0 1 0 0 0 0 0 1 0 0
200	8	1 1 0 1 1 0 0 1 0 0 0 0 0 0 0 0
200	16	1 0 1 1 1 1 1 0 1 1 1 1 0 0 0 0
200	6	1 1 1 0 1 1 0 1 0 1 1 0 0 1 0 0
200	17	1 0 1 1 1 1 1 1 0 0 0 0 1 1 0 0
200	3	1 1 0 0 0 0 0 0 0 0 0 1 0 0 0 0
200	3	1 0 1 0 0 0 0 0 1 0 0 0 1 1 0 0
200	6	1 0 1 0 1 1 1 0 0 0 0 0 0 1 0 0
200	2	0 0 0 0 1 1 0 0 0 0 0 0 0 1 0 0
200	4	0 1 1 0 1 1 0 0 0 0 1 1 0 1 0 0
200	2	1 0 1 0 0 1 0 0 0 0 1 0 0 0 0 0
200	1	1 0 1 1 1 1 0 0 1 0 0 0 1 0 0 0
200	7	1 0 1 1 1 1 1 0 0 0 0 0 0 1 0 0
200	9	1 0 1 1 1 1 0 0 0 0 1 1 0 1 1 0
200	1	1 1 1 1 1 0 0 0 0 0 0 1 0 0 0 0
200	1	1 1 1 0 0 0 0 1 0 0 0 1 0 0 0 0
200	4	0 0 0 0 1 1 0 0 0 0 0 1 1 0 0 0
200	1	1 0 1 1 1 1 1 0 1 0 0 0 0 1 0 0
200	4	1 1 1 1 1 1 1 0 0 1 1 1 0 0 0 0
200	3	1 1 1 0 1 1 1 0 0 0 1 0 0 1 0 0
200	18	1 1 1 1 1 0 1 1 0 0 1 0 0 1 0 0
200	6	1 0 1 1 1 1 1 0 0 0 1 1 0 1 0 1
200	2	1 0 1 1 1 1 0 1 0 0 0 0 0 1 0 0
200	7	1 1 0 0 1 0 1 1 0 0 0 0 0 0 0 0
200	3	1 0 1 1 1 1 0 0 1 0 1 0 0 1 0 1
200	6	1 1 1 1 1 1 0 0 0 0 1 1 0 0 0 0
200	6	1 0 1 1 1 1 0 0 0 1 1 1 0 0 0 0
200	2	1 1 1 1 1 0 1 1 0 0 0 0 0 1 0 1
200	8	1 1 1 0 0 1 0 0 0 0 0 0 0 1 1 0
200	2	1 1 0 0 1 1 0 0 0 0 1 0 0 0 0 0
200	7	1 0 1 1 1 1 1 0 0 0 1 1 0 1 1 0
200	3	1 0 1 1 1 1 0 0 1 0 0 1 0 1 0 0
200	3	1 1 1 1 1 0 1 1 0 1 0 1 0 1 0 0
200	1	1 0 1 1 1 1 1 0 0 1 0 0 0 0 0 0
200	2	1 0 0 0 1 1 1 0 0 0 1 1 0 1 0 0
200	4	1 1 1 0 1 1 0 0 0 1 1 1 0 1 0 0
200	9	1 1 1 0 1 1 0 0 1 0 1 1 0 1 0 0
200	1	1 0 1 1 0 0 0 0 0 0 0 0 0 0 0 0
200	5	1 0 1 1 0 1 0 0 0 0 0 1 1 0 0 0
200	2	0 1 1 0 1 1 0 1 0 1 1 0 0 1 0 0
200	1	1 0 1 0 1 1 0 0 0 0 1 1 0 1 1 0
200	1	1 1 1 1 1 1 0 0 0 0 0 1 0 0 0 0
200	4	1 1 1 0 1 1 0 1 0 0 1 1 0 1 0 0
200	1	1 1 1 1 0 0 1 1 0 1 1 1 0 1 0 0
200	4	1 0 1 1 1 1 1 0 0 0 0 0 1 1 0 0
200	1	1 0 1 0 1 1 0 0 0 0 1 0 0 1 0 0
200	2	1 0 1 0 1 0 0 0 0 0 1 1 0 1 0 0
200	4	1 0 1 1 0 1 0 0 0 0 1 1 0 1 0 0
200	2	1 0 1 1 0 1 0 0 0 0 1 0 1 1 0 0
200	1	1 1 1 1 1 0 1 1 0 0 1 1 0 1 0 0
200	4	1 1 1 1 1 1 1 1 0 0 0 0 0 0 0 0
200	1	1 1 1 0 1 1 0 0 0 0 1 1 1 1 0 0
200	2	1 1 1 1 1 1 0 0 0 0 0 0 0 1 1 0
200	2	1 1 1 1 1 1 0 0 0 0 1 1 0 0 1 0
200	3	1 0 1 1 1 0 0 0 0 1 1 1 0 0 0 0
200	1	1 0 1 1 1 1 0 0 0 0 1 1 0 0 0 0
200	1	1 0 1 0 1 1 1 0 0 0 0 1 0 0 0 0
200	1	1 0 1 1 1 0 0 0 0 0 1 0 0 1 0 0
200	3	1 1 1 0 1 1 0 0 0 0 1 1 0 1 1 0
200	2	1 0 1 1 0 1 0 0 0 0 0 0 0 0 0 0
200	3	1 1 1 0 1 1 0 0 1 0 0 1 0 1 0 0
200	1	0 1 1 1 1 0 1 1 0 0 0 0 0 1 0 0
200	3	1 1 1 0 1 1 0 0 0 0 0 1 0 1 0 0
200	2	1 1 1 0 1 0 0 0 0 0 1 1 0 0 0 0
200	2	0 0 1 1 0 0 0 0 0 0 0 1 0 0 0 0
200	1	1 1 1 0 1 1 0 1 0 0 1 0 0 0 0 0
200	3	1 1 1 0 1 1 0 0 0 0 0 0 0 0 0 0
200	1	0 0 0 1 1 1 0 0 0 0 1 1 0 1 0 0
200	2	1 1 1 1 1 1 0 0 0 1 1 0 0 1 0 1
200	2	1 0 0 1 1 1 1 1 0 0 0 0 1 1 0 0
200	3	1 1 0 1 1 0 1 1 0 0 1 0 0 1 0 0
200	2	1 0 1 1 0 1 0 0 0 0 0 0 1 0 0 0
200	2	1 1 1 1 0 0 1 1 0 0 1 1 0 1 0 0
200	1	1 1 1 1 1 0 1 0 1 0 1 0 0 1 0 1
200	1	1 1 1 0 1 1 0 1 0 0 0 0 0 0 0 0
200	4	1 1 1 0 1 1 1 0 0 0 1 1 0 1 0 1
200	1	1 0 1 1 0 1 0 0 1 0 1 1 0 1 0 0
200	1	1 1 1 0 1 1 0 0 0 1 1 1 0 0 0 0
200	3	1 1 1 1 1 0 1 0 0 0 0 0 0 1 0 0
200	1	1 1 1 1 1 1 0 0 0 0 1 0 0 0 0 0
200	2	1 1 1 0 0 0 0 0 0 0 0 0 0 0 0 0
200	1	1 0 1 0 1 1 1 0 0 1 1 1 0 0 0 1
200	1	1 0 1 1 1 0 0 0 0 0 1 1 0 0 0 0
200	2	1 0 1 1 1 1 0 0 0 0 0 1 0 1 1 0
200	2	1 1 1 0 0 0 0 1 0 0 0 1 0 1 0 0
200	1	1 0 1 1 1 1 1 1 1 0 0 0 0 1 0 0
200	2	1 1 1 1 1 0 1 1 0 1 1 0 0 1 0 0
200	2	1 1 1 1 1 0 1 1 0 0 1 0 0 1 1 0
200	3	1 1 1 0 0 1 0 1 0 0 1 1 0 1 0 0
220	16	1 0 1 1 1 1 0 0 0 0 1 1 0 1 0 0
220	14	1 1 1 0 1 1 0 0 0 0 1 0 0 1 0 0
220	10	1 0 1 1 1 1 0 0 0 0 1 0 0 0 0 0
220	25	1 1 1 1 1 0 1 1 0 0 0 0 0 0 0 0
220	19	1 0 1 1 1 1 0 0 0 1 1 1 0 1 0 0
220	65	1 1 1 1 1 0 1 1 0 0 0 0 0 1 0 0
220	42	1 1 1 1 1 1 0 0 0 0 0 0 0 0 0 0
220	72	1 1 1 0 1 1 0 0 0 0 1 1 0 1 0 0
220	21	1 1 1 0 1 1 0 0 0 1 1 0 0 1 0 0
220	9	1 0 1 0 1 1 1 0 0 1 1 1 0 0 0 0
220	23	1 0 1 1 1 0 0 0 0 0 1 1 0 1 0 0
220	75	1 1 1 0 1 1 0 0 0 0 0 0 0 1 0 0
220	6	1 1 1 0 1 1 0 0 0 0 1 1 0 0 0 0
220	5	1 1 1 1 1 0 0 0 0 0 0 0 0 0 0 0
220	2	1 1 0 1 1 0 1 0 0 0 1 0 0 0 0 0
220	30	1 0 1 1 1 1 0 0 0 0 0 1 0 1 0 0
220	4	1 0 1 1 0 0 0 0 0 0 0 1 0 0 0 0
220	14	1 0 1 1 1 1 1 0 0 1 1 1 0 0 0 0
220	35	1 1 1 0 1 1 0 0 0 0 1 0 0 0 0 0
220	4	1 0 1 1 1 1 0 0 0 0 0 0 0 0 0 0
220	42	1 0 1 1 0 1 0 0 0 0 0 1 0 0 0 0
220	12	1 1 1 1 1 1 0 0 0 0 1 0 0 1 0 1
220	3	1 1 0 1 1 0 0 1 0 0 0 0 0 0 0 0
220	30	1 0 1 1 1 1 1 0 1 1 1 1 0 0 0 0
220	3	1 0 1 1 1 1 1 1 0 0 0 0 1 1 0 0
220	35	1 1 1 1 1 0 1 1 0 0 1 0 0 1 0 0
220	16	1 1 0 0 1 0 1 1 0 0 0 0 0 0 0 0
220	1	1 1 1 1 1 1 0 0 0 0 1 1 0 0 0 0
220	1	1 0 1 1 1 1 1 0 0 0 1 1 0 1 1 0
220	26	1 0 1 1 1 1 1 0 0 0 0 0 1 1 0 0
220	24	1 1 1 1 1 1 0 0 0 0 1 1 0 0 1 0
220	6	1 0 1 1 0 1 0 0 0 0 0 0 0 0 0 0
220	1	1 1 0 1 1 0 1 1 0 0 1 0 0 1 0 0
220	5	1 1 1 1 0 0 1 1 0 0 1 1 0 1 0 0
220	1	1 1 1 1 1 1 0 0 0 0 1 0 0 0 0 0
220	15	1 1 1 1 1 0 1 1 0 1 1 0 0 1 0 0
220	11	1 1 1 1 1 0 0 0 0 0 1 1 0 1 0 0
220	26	1 1 0 0 1 0 1 1 0 1 0 0 0 0 0 0
220	2	1 0 1 1 1 1 0 0 0 1 0 1 0 0 0 0
220	20	1 1 1 1 1 1 0 0 0 0 1 1 0 1 0 0
220	1	0 0 1 1 1 0 0 0 0 0 1 0 0 1 0 0
220	5	1 1 1 1 1 0 1 0 0 1 1 1 0 1 0 0
220	3	1 0 1 0 0 0 1 1 0 0 0 0 0 0 0 0
220	12	1 0 1 1 0 1 0 0 0 1 0 0 0 1 0 0
220	4	1 1 1 1 1 1 1 0 0 0 0 0 1 1 0 0
220	2	1 1 1 1 1 0 1 1 0 0 1 1 0 1 0 0
220	4	1 1 1 1 1 1 0 0 0 1 0 1 0 0 0 0
220	20	1 1 1 1 1 0 0 0 0 0 1 1 0 0 0 0
220	1	1 0 1 1 1 1 0 0 0 0 1 0 0 1 0 1
220	14	1 1 1 1 1 1 0 0 0 0 0 1 0 0 0 0
220	3	1 1 1 1 0 1 0 0 0 0 0 1 0 0 0 0
220	3	1 1 1 1 1 1 0 0 0 0 1 1 0 1 1 0
220	6	1 1 1 0 1 1 1 0 0 1 0 1 0 0 0 0
220	15	1 1 1 0 0 1 0 0 0 0 0 0 0 1 0 0
220	2	1 1 1 0 1 0 0 0 1 0 1 1 0 1 0 0
220	3	1 0 1 1 1 0 1 1 0 0 1 1 0 1 0 0
220	1	1 0 1 1 1 0 1 1 0 0 0 0 0 0 0 0
220	4	1 0 0 0 0 0 0 0 0 0 0 1 0 0 0 0
220	4	1 1 1 0 1 1 0 0 1 0 1 1 0 0 0 0
220	2	1 0 1 1 1 1 0 0 0 0 0 1 0 0 0 0
220	1	1 1 1 1 1 1 0 0 0 0 1 1 1 1 0 0
220	1	1 0 1 1 0 1 0 0 0 1 0 0 0 1 0 1
220	9	1 1 1 1 1 0 1 0 0 0 1 0 0 1 0 0
220	1	1 0 1 1 1 0 0 0 0 0 0 0 0 1 0 0
220	6	1 0 1 1 1 0 0 0 0 0 1 0 0 1 0 1
220	3	1 1 1 1 1 0 1 1 0 1 0 0 0 1 0 0
220	2	1 0 1 0 1 1 1 0 0 1 1 0 0 0 0 0
220	4	1 1 0 0 1 1 0 0 0 0 0 0 0 1 0 0
220	8	1 1 1 0 1 1 0 0 0 0 0 0 0 1 1 0
220	1	1 0 1 1 1 0 0 0 0 0 0 1 0 0 0 0
220	1	1 1 1 0 1 0 0 0 0 0 1 1 0 0 0 0
220	8	1 0 1 1 1 1 0 0 0 0 1 0 0 1 0 0
220	2	1 1 1 0 1 1 0 0 0 0 1 1 1 1 0 0
220	1	1 1 1 1 1 0 1 1 0 0 1 0 0 0 0 0
220	2	1 0 1 1 1 1 1 0 0 0 0 1 0 1 0 0
220	1	1 1 0 0 1 1 0 0 0 0 1 0 0 1 0 0
220	2	1 0 1 1 0 1 0 0 0 0 0 1 1 0 0 0
220	1	1 1 1 1 0 0 1 1 0 0 0 0 0 1 0 0
220	3	1 1 1 0 1 1 0 0 1 0 0 0 0 1 0 0
220	10	1 1 0 0 1 1 0 0 0 0 1 0 0 0 0 0
220	4	1 0 1 1 0 1 0 0 0 0 1 1 0 0 0 0
220	2	1 0 0 1 1 1 1 1 0 0 0 0 1 1 0 0
220	1	1 1 1 0 1 0 1 1 0 0 0 0 0 0 0 0
220	1	1 1 1 1 1 0 0 0 0 0 1 0 0 1 0 0
220	2	1 1 1 0 0 1 0 0 0 0 1 0 0 1 0 0
220	1	1 0 1 1 1 1 1 1 0 0 1 1 0 1 0 0
220	6	1 1 1 1 1 1 0 0 0 0 0 0 0 1 0 0
220	5	1 1 1 1 0 0 1 1 0 0 1 0 0 0 0 0
220	1	1 1 1 1 1 1 0 0 0 0 0 0 1 1 0 0
220	1	1 1 1 0 1 1 0 0 0 0 1 0 1 1 0 0
220	4	1 1 1 0 1 1 0 1 0 0 1 1 0 1 0 0
220	1	1 1 1 1 1 1 0 0 0 0 1 0 0 1 1 1
220	2	1 1 1 1 1 0 1 1 1 0 1 0 0 1 0 0
220	2	1 1 1 1 1 0 1 1 0 0 1 0 1 1 0 0
220	1	1 1 0 0 0 0 1 1 0 1 0 0 0 0 0 0
220	2	1 1 0 0 0 1 0 0 0 0 0 0 0 1 0 0
220	1	1 1 1 0 1 1 0 0 0 0 0 1 0 1 0 0
220	2	1 1 1 1 1 0 0 0 0 0 0 1 0 1 0 0
220	2	1 1 1 1 1 1 1 0 1 1 1 1 0 0 0 0
220	2	1 0 1 1 1 1 1 0 0 0 0 1 0 0 0 0
220	1	1 1 1 0 0 1 0 0 0 0 0 0 0 0 0 0
220	1	1 1 1 1 1 0 1 1 0 0 0 1 0 0 0 0
220	1	1 1 1 1 1 0 1 1 0 0 0 0 0 1 1 0
220	1	1 1 1 0 1 1 1 0 0 0 1 1 0 1 0 0
220	1	1 1 1 1 1 0 0 1 0 0 1 0 0 1 0 0
220	2	1 1 1 1 0 0 0 0 0 0 1 1 0 1 0 0
220	2	1 1 1 1 1 1 1 0 0 0 0 0 0 1 0 0
220	1	1 0 1 1 1 0 1 1 0 0 1 1 0 1 1 0
240	2	1 0 1 1 1 1 0 0 0 0 1 1 0 1 0 0
240	11	1 1 1 1 1 0 1 1 0 0 0 0 0 0 0 0
240	47	1 1 1 1 1 0 1 1 0 0 0 0 0 1 0 0
240	81	1 1 1 1 1 1 0 0 0 0 0 0 0 0 0 0
240	40	1 1 1 0 1 1 0 0 0 0 1 1 0 1 0 0
240	13	1 0 1 0 1 1 1 0 0 1 1 1 0 0 0 0
240	6	1 1 1 1 1 0 0 0 0 0 0 0 0 0 0 0
240	22	1 0 1 1 1 1 0 0 0 0 0 1 0 1 0 0
240	19	1 0 1 1 0 0 0 0 0 0 0 1 0 0 0 0
240	9	1 0 1 1 1 1 1 0 0 1 1 1 0 0 0 0
240	38	1 1 1 0 1 1 0 0 0 0 1 0 0 0 0 0
240	31	1 0 1 1 0 1 0 0 0 0 0 1 0 0 0 0
240	3	1 0 1 1 1 1 1 0 1 1 1 1 0 0 0 0
240	8	1 1 1 1 1 0 1 1 0 0 1 0 0 1 0 0
240	38	1 1 0 0 1 0 1 1 0 0 0 0 0 0 0 0
240	1	1 0 1 1 1 1 1 0 0 0 0 0 1 1 0 0
240	1	1 1 1 1 1 1 0 0 0 0 1 1 0 0 1 0
240	12	1 1 1 1 0 0 1 1 0 0 1 1 0 1 0 0
240	33	1 1 1 1 1 0 1 1 0 1 1 0 0 1 0 0
240	32	1 1 1 1 1 0 0 0 0 0 1 1 0 1 0 0
240	20	1 1 0 0 1 0 1 1 0 1 0 0 0 0 0 0
240	6	1 1 1 1 1 1 0 0 0 0 1 1 0 1 0 0
240	17	1 1 1 1 1 1 0 0 0 1 0 1 0 0 0 0
240	17	1 1 1 1 1 0 0 0 0 0 1 1 0 0 0 0
240	44	1 1 1 1 1 1 0 0 0 0 0 1 0 0 0 0
240	6	1 1 1 1 1 1 0 0 0 0 1 1 0 1 1 0
240	4	1 1 1 0 1 1 1 0 0 1 0 1 0 0 0 0
240	30	1 0 1 0 1 1 1 0 0 1 1 0 0 0 0 0
240	1	1 1 0 0 1 1 0 0 0 0 0 0 0 1 0 0
240	8	1 1 0 0 1 1 0 0 0 0 1 0 0 0 0 0
240	15	1 0 1 1 0 1 0 0 0 0 1 1 0 0 0 0
240	52	1 1 1 1 1 1 0 0 0 0 0 0 0 1 0 0
240	4	1 1 1 1 1 1 0 0 0 0 1 0 0 1 1 1
240	21	1 1 1 1 1 0 1 1 0 0 1 0 1 1 0 0
240	6	1 1 1 1 1 0 0 1 0 0 1 0 0 1 0 0
240	13	1 1 1 0 0 1 0 0 0 0 0 0 0 1 1 0
240	3	1 0 1 1 0 1 0 0 0 1 1 1 0 1 0 0
240	9	1 1 1 1 1 0 1 0 0 0 0 0 0 1 0 0
240	6	1 0 1 0 1 1 0 0 0 0 1 1 0 1 0 0
240	36	1 0 1 1 0 1 0 0 0 0 0 1 0 0 1 0
240	54	1 1 1 1 1 1 0 0 0 0 1 0 0 0 0 0
240	17	1 0 1 1 1 1 0 0 0 1 0 1 0 1 0 0
240	5	1 0 1 1 1 1 1 0 0 1 1 1 0 0 1 0
240	5	1 1 1 1 1 0 0 0 0 0 1 1 0 0 1 0
240	21	1 0 1 1 1 1 1 0 0 1 1 1 0 1 0 0
240	7	1 1 1 1 1 0 1 1 0 1 0 0 0 0 0 0
240	7	1 1 1 0 1 1 0 0 1 0 1 1 0 1 0 0
240	5	1 1 1 1 1 0 1 1 0 0 1 1 0 1 0 0
240	8	1 1 1 1 1 0 1 0 0 1 0 1 0 0 0 0
240	1	1 1 0 1 1 1 0 0 0 0 1 0 0 0 0 0
240	3	1 1 1 0 1 1 0 0 0 0 1 1 0 1 0 1
240	5	1 1 0 0 1 1 0 0 0 0 1 1 0 1 0 0
240	2	0 1 1 1 1 0 0 1 0 0 1 0 0 1 0 0
240	5	1 1 1 1 1 1 1 0 0 1 0 1 0 0 0 0
240	6	1 1 1 1 1 1 1 0 0 0 0 0 0 0 0 0
240	6	1 0 1 0 1 1 0 0 0 1 1 1 0 0 0 0
240	2	1 1 1 1 1 1 0 0 0 0 0 1 0 1 0 0
240	3	1 0 1 1 1 1 1 0 1 1 1 1 0 0 0 1
240	4	0 0 1 1 1 1 1 1 0 1 1 1 0 0 0 0
240	2	1 0 1 1 0 1 0 1 0 0 1 1 0 0 0 0
240	3	1 1 1 1 1 0 1 1 0 0 1 0 0 0 0 0
240	4	1 1 1 1 1 1 0 0 0 0 1 0 0 1 0 0
240	2	1 0 1 0 1 1 0 0 1 0 1 1 0 1 0 0
240	3	1 0 1 1 1 1 1 0 0 1 1 1 0 1 1 0
240	9	1 0 1 1 0 1 0 0 0 0 0 1 1 0 0 0
240	7	1 1 1 1 1 1 0 0 1 0 0 1 0 0 0 0
240	3	1 1 1 1 1 0 0 0 0 0 1 1 0 1 1 0
240	2	1 1 1 1 1 1 1 0 0 1 0 0 0 1 0 0
240	1	1 0 0 1 0 1 0 0 0 0 1 1 0 0 0 0
240	2	1 0 1 1 1 1 1 0 0 1 0 1 0 1 0 0
240	3	0 1 1 0 1 1 0 0 0 0 0 0 0 1 0 0
240	2	1 0 1 0 1 1 0 0 0 0 0 1 0 1 0 0
240	2	1 0 0 1 1 1 0 0 0 0 0 1 0 1 0 0
240	1	1 1 1 0 1 0 0 0 0 0 1 0 0 0 0 0
240	2	1 0 1 1 1 1 0 0 0 0 0 1 0 0 0 0
240	3	1 0 1 1 0 0 0 0 0 1 1 1 0 1 0 0
240	5	1 1 1 0 1 1 0 0 1 0 1 0 0 1 0 0
240	1	1 1 1 1 1 0 1 0 0 0 0 0 0 0 0 0
240	2	1 1 0 1 1 0 1 1 0 0 0 0 0 1 0 0
240	1	1 1 1 0 1 1 0 0 0 0 1 1 0 0 0 0
240	1	1 1 1 0 1 0 0 0 0 0 1 1 0 1 0 0
240	1	1 1 0 0 1 0 1 1 1 0 0 0 0 0 0 0
240	2	1 1 0 1 1 1 0 0 0 0 0 1 0 0 0 0
240	1	1 1 1 1 1 0 1 1 0 0 1 0 1 0 0 0
240	2	1 0 0 1 0 1 0 0 0 0 0 1 0 0 1 0
240	1	1 1 1 1 1 0 1 1 0 0 1 1 1 1 0 0
240	1	1 1 1 1 1 0 1 0 0 1 0 1 0 0 1 0
260	2	1 0 1 1 1 1 0 0 0 0 1 1 0 1 0 0
260	14	1 1 1 1 1 0 1 1 0 0 0 0 0 0 0 0
260	18	1 1 1 1 1 0 1 1 0 0 0 0 0 1 0 0
260	46	1 1 1 1 1 1 0 0 0 0 0 0 0 0 0 0
260	10	1 0 1 0 1 1 1 0 0 1 1 1 0 0 0 0
260	33	1 0 1 1 0 0 0 0 0 0 0 1 0 0 0 0
260	17	1 0 1 1 1 1 1 0 0 1 1 1 0 0 0 0
260	79	1 1 1 0 1 1 0 0 0 0 1 0 0 0 0 0
260	16	1 0 1 1 0 1 0 0 0 0 0 1 0 0 0 0
260	4	1 1 1 1 1 0 1 1 0 0 1 0 0 1 0 0
260	31	1 1 0 0 1 0 1 1 0 0 0 0 0 0 0 0
260	17	1 1 1 1 1 0 1 1 0 1 1 0 0 1 0 0
260	22	1 1 0 0 1 0 1 1 0 1 0 0 0 0 0 0
260	7	1 1 1 1 1 1 0 0 0 1 0 1 0 0 0 0
260	39	1 1 1 1 1 0 0 0 0 0 1 1 0 0 0 0
260	47	1 1 1 1 1 1 0 0 0 0 0 1 0 0 0 0
260	4	1 1 1 1 1 1 0 0 0 0 1 1 0 1 1 0
260	41	1 0 1 0 1 1 1 0 0 1 1 0 0 0 0 0
260	1	1 0 1 1 0 1 0 0 0 0 1 1 0 0 0 0
260	15	1 1 1 1 1 1 0 0 0 0 0 0 0 1 0 0
260	3	1 1 1 1 1 1 0 0 0 0 1 0 0 1 1 1
260	6	1 1 1 0 0 1 0 0 0 0 0 0 0 1 1 0
260	17	1 1 1 1 1 0 1 0 0 0 0 0 0 1 0 0
260	76	1 0 1 1 0 1 0 0 0 0 0 1 0 0 1 0
260	49	1 1 1 1 1 1 0 0 0 0 1 0 0 0 0 0
260	5	1 0 1 1 1 1 0 0 0 1 0 1 0 1 0 0
260	2	1 1 1 1 1 0 0 0 0 0 1 1 0 0 1 0
260	23	1 1 1 1 1 0 1 1 0 1 0 0 0 0 0 0
260	30	1 1 1 1 1 1 1 0 0 1 0 1 0 0 0 0
260	5	1 0 1 1 0 1 0 1 0 0 1 1 0 0 0 0
260	11	1 0 1 0 1 1 0 0 0 0 0 1 0 1 0 0
260	8	1 1 0 1 1 1 0 0 0 0 0 1 0 0 0 0
260	12	1 0 1 1 1 1 0 0 0 0 0 0 0 0 0 0
260	11	1 1 1 1 1 0 0 0 0 0 1 0 0 0 0 0
260	8	1 1 1 1 1 0 1 0 0 0 0 1 0 0 0 0
260	8	1 1 1 1 1 1 0 0 0 1 1 0 0 0 0 0
260	19	1 0 1 1 0 1 0 0 0 1 0 1 0 0 0 0
260	8	1 1 1 1 0 0 1 1 0 1 0 0 0 0 0 0
260	4	1 1 1 1 1 1 0 0 0 0 0 0 1 0 0 0
260	2	1 0 1 1 1 1 0 0 0 1 1 1 0 0 0 0
260	12	1 1 1 1 0 1 0 0 0 0 0 1 1 0 0 0
260	8	1 1 1 1 0 0 0 0 0 0 1 1 0 0 0 0
260	9	1 1 1 1 1 1 0 0 0 0 1 0 0 1 0 0
260	7	1 1 1 0 1 1 0 0 0 0 1 1 0 0 0 0
260	2	1 0 1 1 0 0 0 0 0 0 1 0 0 0 0 0
260	7	1 1 1 1 1 0 1 1 0 1 1 0 0 0 0 0
260	1	1 1 0 0 1 1 0 0 0 0 1 1 0 1 1 0
260	3	1 1 0 0 1 0 1 1 0 0 1 0 0 0 0 0
260	7	1 1 1 1 1 1 0 0 0 0 1 1 0 0 0 0
260	7	1 1 1 1 1 1 1 0 1 1 0 1 0 0 0 0
260	6	1 1 1 1 1 1 0 0 0 0 1 1 0 0 1 0
260	4	1 0 1 1 0 1 0 0 0 0 0 0 0 0 0 0
260	4	0 1 1 0 1 1 0 0 0 0 1 0 0 0 0 0
260	2	1 1 0 0 1 0 1 1 0 0 0 0 0 1 0 0
260	8	1 1 1 1 1 0 1 0 0 0 1 1 0 0 0 0
260	1	1 1 1 1 1 0 1 0 0 0 0 0 1 1 0 0
260	1	1 1 1 1 0 1 0 0 0 0 1 1 0 1 0 0
260	7	1 0 1 1 0 1 0 0 0 1 1 1 0 0 0 0
260	8	1 1 1 1 1 1 1 0 0 1 0 1 0 0 1 0
260	3	1 1 1 1 1 1 1 1 0 1 0 1 0 0 0 0
260	12	1 1 1 1 0 0 0 1 0 1 0 0 0 0 0 0
260	6	1 0 1 1 1 1 1 0 0 1 1 1 0 0 0 1
260	4	1 0 1 1 1 1 1 0 1 1 1 1 0 0 0 0
260	1	1 1 1 1 0 1 0 0 0 0 0 1 0 0 1 0
260	3	1 1 1 1 1 1 0 1 0 0 1 0 0 0 0 0
260	9	1 1 0 1 0 0 1 1 0 1 0 0 0 0 0 0
260	8	1 1 1 1 1 0 0 0 0 0 0 1 0 0 0 0
260	21	1 1 1 0 1 1 0 0 0 0 0 0 0 0 0 0
260	3	1 1 0 1 1 1 1 0 0 1 0 1 0 0 0 0
260	3	1 1 1 1 1 1 0 1 0 1 0 1 0 0 0 0
260	1	1 1 1 0 0 1 0 0 0 0 0 1 0 0 1 0
260	5	1 1 1 1 1 0 1 1 0 0 0 1 0 0 0 0
260	3	0 1 1 0 1 1 0 0 0 0 1 0 0 1 0 0
260	6	0 1 0 0 1 0 1 1 0 0 0 0 0 0 0 0
260	1	1 0 1 0 1 1 1 0 0 0 1 0 0 0 0 0
260	2	1 1 1 1 0 1 0 1 0 0 0 1 1 0 0 0
260	5	1 1 0 0 1 1 0 0 0 0 1 1 0 1 1 1
260	3	1 1 1 1 0 1 0 0 0 1 0 1 0 0 0 0
260	1	1 1 1 1 1 0 1 1 0 1 1 0 0 1 0 1
260	4	1 1 0 0 1 0 1 1 0 1 0 0 1 0 0 0
260	1	1 0 1 0 1 1 1 0 0 1 1 0 0 0 0 1
260	2	1 1 1 1 1 0 0 0 0 1 0 1 0 0 0 0
260	3	1 1 1 0 1 1 1 0 1 1 1 1 0 0 0 0
260	2	1 0 1 1 0 0 0 0 1 0 0 1 0 0 0 0
260	1	1 1 1 0 1 1 0 0 1 0 1 0 0 0 0 0
260	2	1 1 1 0 1 0 0 0 0 0 1 1 0 0 0 0
260	4	1 1 1 0 0 1 0 0 0 0 0 1 0 1 1 0
260	3	1 0 1 1 0 1 0 0 0 0 1 1 0 0 1 0
260	2	1 1 1 1 1 0 1 0 0 1 0 1 0 0 0 0
260	1	1 1 1 0 1 1 0 0 0 1 1 1 0 0 0 0
260	1	1 1 1 1 1 0 0 1 0 1 1 0 0 0 0 0
280	8	1 1 1 1 1 0 1 1 0 0 0 0 0 1 0 0
280	74	1 1 1 1 1 1 0 0 0 0 0 0 0 0 0 0
280	3	1 0 1 1 0 0 0 0 0 0 0 1 0 0 0 0
280	26	1 0 1 1 1 1 1 0 0 1 1 1 0 0 0 0
280	27	1 1 1 0 1 1 0 0 0 0 1 0 0 0 0 0
280	3	1 0 1 1 0 1 0 0 0 0 0 1 0 0 0 0
280	24	1 1 0 0 1 0 1 1 0 0 0 0 0 0 0 0
280	17	1 1 1 1 1 0 1 1 0 1 1 0 0 1 0 0
280	19	1 1 0 0 1 0 1 1 0 1 0 0 0 0 0 0
280	3	1 1 1 1 1 0 0 0 0 0 1 1 0 0 0 0
280	58	1 1 1 1 1 1 0 0 0 0 0 1 0 0 0 0
280	2	1 0 1 0 1 1 1 0 0 1 1 0 0 0 0 0
280	4	1 1 1 1 1 1 0 0 0 0 0 0 0 1 0 0
280	17	1 1 1 0 0 1 0 0 0 0 0 0 0 1 1 0
280	25	1 1 1 1 1 0 1 0 0 0 0 0 0 1 0 0
280	24	1 0 1 1 0 1 0 0 0 0 0 1 0 0 1 0
280	27	1 1 1 1 1 1 0 0 0 0 1 0 0 0 0 0
280	60	1 1 1 1 1 0 1 1 0 1 0 0 0 0 0 0
280	22	1 1 1 1 1 1 1 0 0 1 0 1 0 0 0 0
280	1	1 0 1 1 0 1 0 1 0 0 1 1 0 0 0 0
280	7	1 0 1 0 1 1 0 0 0 0 0 1 0 1 0 0
280	7	1 1 1 1 1 0 0 0 0 0 1 0 0 0 0 0
280	6	1 1 1 1 1 1 0 0 0 1 1 0 0 0 0 0
280	27	1 0 1 1 0 1 0 0 0 1 0 1 0 0 0 0
280	7	1 1 1 1 0 0 1 1 0 1 0 0 0 0 0 0
280	1	1 1 1 1 0 0 0 0 0 0 1 1 0 0 0 0
280	2	1 1 1 0 1 1 0 0 0 0 1 1 0 0 0 0
280	11	1 1 1 1 1 0 1 1 0 1 1 0 0 0 0 0
280	7	1 1 1 1 1 1 1 0 1 1 0 1 0 0 0 0
280	44	1 1 1 1 1 1 1 0 0 1 0 1 0 0 1 0
280	8	1 1 1 1 0 0 0 1 0 1 0 0 0 0 0 0
280	14	1 0 1 1 1 1 1 0 1 1 1 1 0 0 0 0
280	7	1 1 1 0 1 1 0 0 0 0 0 0 0 0 0 0
280	2	1 1 1 0 0 1 0 0 0 0 0 1 0 0 1 0
280	14	1 1 1 1 1 0 1 1 0 0 0 1 0 0 0 0
280	10	1 1 1 0 0 1 0 0 0 0 0 1 0 1 1 0
280	8	1 1 1 1 1 0 1 1 0 1 1 1 0 1 0 0
280	6	1 1 0 0 1 0 1 1 0 1 0 0 0 0 0 1
280	8	1 1 1 1 0 1 1 0 0 1 0 1 0 0 0 0
280	6	1 1 1 0 1 1 0 0 0 0 0 1 0 0 1 0
280	3	1 1 1 1 0 1 0 0 0 1 0 1 0 1 0 0
280	7	1 1 1 1 1 1 0 0 0 0 0 1 0 0 1 0
280	12	1 1 1 1 1 0 0 0 0 0 0 0 0 0 0 0
280	11	1 1 1 1 1 0 1 1 0 1 0 0 0 1 0 0
280	9	1 1 1 1 1 1 1 0 0 0 0 1 0 0 0 0
280	13	1 0 1 1 1 1 1 1 0 1 1 0 0 1 0 0
280	3	1 1 1 0 1 1 0 0 0 0 0 0 0 1 0 0
280	12	1 0 1 1 0 0 0 0 1 1 0 1 0 0 0 0
280	14	1 1 1 0 1 1 0 0 0 0 1 0 0 1 1 0
280	8	1 1 1 1 1 1 0 0 1 0 0 0 0 0 0 0
280	9	1 1 0 0 0 0 1 1 0 0 0 0 0 0 0 0
280	21	1 1 1 1 1 1 0 0 1 0 0 1 0 0 0 0
280	8	1 1 1 1 1 1 0 0 0 1 0 0 0 0 0 0
280	8	1 0 1 1 0 1 0 0 0 0 1 0 0 0 0 0
280	6	1 1 0 1 1 1 0 0 0 1 1 1 0 0 0 0
280	3	1 1 1 0 0 1 0 0 0 0 0 1 0 1 0 0
280	11	1 1 1 1 0 1 0 0 0 0 0 0 0 0 0 0
280	17	1 1 1 0 1 1 1 0 0 0 1 0 0 0 0 0
280	4	1 1 1 1 0 1 0 0 0 0 0 1 0 0 1 0
280	1	1 0 1 1 0 1 0 1 0 1 0 1 0 0 0 0
280	4	1 0 1 0 1 1 0 0 0 0 1 0 0 0 0 0
280	9	1 0 1 1 1 1 0 0 0 1 1 1 0 0 0 0
280	6	1 1 1 1 1 0 1 1 0 1 1 1 0 0 0 0
280	2	1 1 1 0 1 1 0 0 1 0 0 1 0 0 1 0
280	7	1 1 1 0 1 1 1 0 1 0 1 0 0 0 0 0
280	3	1 1 1 1 1 1 1 1 0 1 0 0 0 0 0 0
280	12	1 0 1 1 1 1 1 0 0 1 1 1 0 0 0 1
280	1	1 1 1 1 1 0 1 0 0 1 1 1 0 0 0 0
280	11	1 0 1 0 0 1 0 0 0 1 1 1 0 0 0 0
280	2	0 1 1 1 1 0 1 0 0 0 0 0 0 1 0 0
280	6	1 1 1 1 0 1 0 0 0 1 0 1 0 0 0 0
280	5	1 1 1 0 1 1 0 0 0 0 0 1 0 0 0 0
280	5	1 1 1 1 1 1 1 0 0 1 0 1 1 0 0 0
280	9	1 1 1 0 0 1 1 0 0 1 1 1 0 0 0 0
280	4	1 1 1 1 1 1 0 0 1 0 0 0 0 1 0 0
280	1	1 1 1 1 1 1 0 0 0 0 0 0 0 0 1 0
280	3	1 1 1 1 1 0 0 0 0 1 1 0 0 0 0 0
280	1	1 1 1 0 1 1 0 0 0 0 1 1 0 0 1 0
280	5	1 1 0 1 1 1 0 0 0 0 0 1 0 0 1 0
280	7	1 1 1 1 0 0 1 1 0 1 1 0 0 0 0 0
280	6	1 0 1 1 1 1 1 0 0 0 0 1 0 0 0 0
280	3	1 1 1 0 1 1 1 0 0 1 1 0 0 0 0 0
280	2	1 1 1 1 1 0 1 0 0 0 0 0 1 1 0 0
280	5	1 1 0 1 0 0 0 0 0 0 1 1 0 0 0 0
280	6	1 1 1 0 1 1 1 0 0 0 0 1 0 0 0 0
280	1	1 1 1 1 0 1 1 0 0 0 1 0 0 1 1 0
280	2	1 0 1 1 1 1 0 0 0 0 0 1 0 0 0 0
280	2	1 1 1 0 0 1 0 0 0 0 0 0 0 0 0 0
280	4	1 0 1 0 1 1 1 0 0 1 1 1 0 0 0 0
280	1	1 1 1 0 1 1 0 0 1 0 1 0 0 0 0 0
280	2	1 1 0 1 1 1 0 1 0 1 1 1 0 0 0 0
280	3	1 1 1 1 0 1 0 0 1 0 0 0 0 0 0 0
280	3	1 1 1 1 1 1 1 0 0 1 1 1 0 0 0 1
280	5	1 1 1 0 1 0 1 0 0 1 1 1 0 0 0 0
280	2	1 1 0 0 1 0 1 1 0 0 0 1 0 0 0 0
280	1	1 1 1 1 1 1 1 0 0 1 1 0 0 1 0 0
280	1	1 1 1 0 1 1 0 0 0 0 1 0 0 0 1 0
280	1	1 1 0 0 1 0 0 1 0 0 0 0 0 0 0 0
280	2	1 1 0 0 1 0 1 1 0 0 1 0 0 0 0 0
280	1	1 0 1 1 0 0 0 0 1 1 0 0 0 0 0 0
280	1	1 1 0 0 0 0 1 1 0 1 0 0 0 0 0 0
280	1	0 1 1 1 1 1 1 1 0 1 0 0 0 0 0 0
280	2	1 0 1 1 0 0 0 0 0 0 0 0 0 0 0 0
280	2	1 1 1 1 1 1 1 0 1 1 1 1 0 0 0 0
280	1	1 0 1 1 0 0 0 0 0 0 1 1 0 0 0 0
280	2	1 1 1 1 0 1 1 0 0 0 1 0 0 0 0 0
280	1	0 1 1 1 1 1 0 0 0 0 1 0 0 0 0 0
280	1	1 1 1 1 1 0 1 1 0 1 0 0 1 0 0 0
280	2	1 1 1 1 0 1 0 1 0 1 0 0 0 0 0 0
280	1	1 0 1 1 1 1 1 0 1 0 1 1 0 0 0 0
280	1	1 1 0 1 1 0 1 1 0 0 0 1 0 0 0 0
280	1	1 1 1 1 0 0 1 0 0 1 0 1 0 0 0 0
280	1	1 1 1 0 1 1 0 0 0 0 0 1 1 0 1 0
280	1	0 1 0 0 0 0 1 1 0 0 0 0 0 0 0 0
300	9	1 1 1 1 1 0 1 1 0 0 0 0 0 1 0 0
300	70	1 1 1 1 1 1 0 0 0 0 0 0 0 0 0 0
300	5	1 1 1 1 1 0 1 1 0 1 1 0 0 1 0 0
300	32	1 1 1 1 1 1 0 0 0 0 0 1 0 0 0 0
300	9	1 1 1 0 0 1 0 0 0 0 0 0 0 1 1 0
300	10	1 1 1 1 1 0 1 0 0 0 0 0 0 1 0 0
300	5	1 0 1 1 0 1 0 0 0 0 0 1 0 0 1 0
300	9	1 1 1 1 1 1 0 0 0 0 1 0 0 0 0 0
300	84	1 1 1 1 1 0 1 1 0 1 0 0 0 0 0 0
300	22	1 1 1 1 1 0 0 0 0 0 1 0 0 0 0 0
300	13	1 1 1 1 0 0 0 0 0 0 1 1 0 0 0 0
300	7	1 1 1 1 1 1 1 0 0 1 0 1 0 0 1 0
300	30	1 1 1 1 1 0 1 1 0 0 0 1 0 0 0 0
300	24	1 1 1 1 0 1 1 0 0 1 0 1 0 0 0 0
300	5	1 1 1 0 1 1 0 0 0 0 0 1 0 0 1 0
300	2	1 1 1 1 1 1 0 0 0 0 0 1 0 0 1 0
300	9	1 1 1 1 1 0 0 0 0 0 0 0 0 0 0 0
300	7	1 1 1 1 1 0 1 1 0 1 0 0 0 1 0 0
300	6	1 1 1 1 1 1 1 0 0 0 0 1 0 0 0 0
300	18	1 0 1 1 1 1 1 1 0 1 1 0 0 1 0 0
300	6	1 1 1 0 1 1 0 0 0 0 0 0 0 1 0 0
300	14	1 1 1 0 1 1 0 0 0 0 1 0 0 1 1 0
300	5	1 1 1 1 1 1 0 0 1 0 0 0 0 0 0 0
300	19	1 1 1 1 1 1 0 0 1 0 0 1 0 0 0 0
300	17	1 1 1 1 0 1 0 0 0 0 0 0 0 0 0 0
300	14	1 1 1 0 1 1 1 0 0 0 1 0 0 0 0 0
300	2	1 1 1 1 1 0 1 1 0 1 1 1 0 0 0 0
300	24	1 1 1 0 1 1 1 0 1 0 1 0 0 0 0 0
300	5	1 0 1 1 1 1 1 0 0 1 1 1 0 0 0 1
300	7	1 1 1 1 1 0 1 0 0 1 1 1 0 0 0 0
300	1	1 0 1 0 0 1 0 0 0 1 1 1 0 0 0 0
300	13	1 1 1 0 0 1 1 0 0 1 1 1 0 0 0 0
300	29	1 1 0 1 0 0 0 0 0 0 1 1 0 0 0 0
300	16	1 1 1 1 1 1 1 0 0 1 1 1 0 0 0 1
300	5	1 1 0 0 1 0 0 1 0 0 0 0 0 0 0 0
300	14	1 0 1 1 0 0 0 0 1 1 0 0 0 0 0 0
300	12	1 1 1 1 0 1 1 0 0 0 1 0 0 0 0 0
300	30	1 1 0 1 1 1 0 0 0 0 0 1 0 0 0 0
300	18	1 1 1 1 1 0 0 1 0 1 0 0 0 0 0 0
300	3	1 1 1 1 1 0 1 0 0 1 1 0 0 0 0 0
300	3	1 0 1 1 1 1 0 0 0 0 1 0 0 0 0 0
300	13	1 1 1 1 1 1 1 1 0 1 0 1 0 0 1 0
300	26	1 1 1 1 1 0 1 1 1 1 0 0 0 0 0 0
300	17	1 1 1 1 1 1 1 0 0 0 0 1 0 0 1 0
300	8	1 1 0 1 0 0 0 0 0 0 0 0 0 1 0 0
300	5	1 1 1 1 1 0 1 0 1 0 0 0 0 1 0 0
300	13	1 0 1 1 0 1 0 0 0 0 0 1 0 0 0 0
300	8	1 1 1 1 1 1 1 0 0 1 0 0 0 1 0 0
300	3	1 1 1 0 1 1 0 0 0 0 0 0 0 0 0 1
300	6	1 1 1 0 0 1 1 0 0 1 0 1 0 0 0 0
300	5	1 1 1 1 1 1 1 0 0 1 1 1 0 0 0 0
300	2	1 1 1 1 1 1 1 1 0 1 1 0 0 1 0 0
300	14	1 1 1 1 1 1 0 0 0 0 0 1 0 0 0 1
300	1	1 1 1 1 1 1 1 1 0 1 0 0 0 0 0 0
300	5	1 0 1 1 1 1 0 0 0 0 0 0 0 1 0 0
300	2	1 1 1 1 1 1 0 0 0 0 0 0 0 0 1 0
300	7	1 1 1 1 1 1 1 0 1 1 1 1 0 0 0 0
300	3	1 1 1 1 1 1 1 0 0 0 0 1 0 0 1 1
300	1	1 1 1 1 1 0 1 1 0 0 0 0 0 0 0 0
300	11	1 1 1 0 1 1 0 0 0 0 1 0 1 1 1 0
300	5	1 1 1 1 1 1 0 0 0 1 1 1 0 0 0 0
300	21	1 1 1 1 1 1 0 0 0 0 1 1 0 0 0 0
300	6	1 0 1 1 1 1 0 0 0 0 0 0 0 0 0 0
300	17	1 1 1 1 1 1 1 0 0 0 1 0 0 0 0 0
300	2	1 1 1 0 1 1 0 0 0 0 0 1 0 0 0 0
300	3	1 0 1 0 1 1 0 0 1 0 0 1 0 0 0 0
300	3	1 1 1 1 1 1 1 0 0 1 1 1 0 0 1 0
300	16	0 1 0 1 0 0 0 0 0 0 1 1 0 0 0 0
300	6	1 1 1 1 0 1 0 0 0 0 0 1 0 0 0 0
300	5	1 1 1 1 1 1 1 0 0 1 1 0 0 1 0 0
300	1	1 1 0 1 1 1 0 0 0 0 0 1 0 0 0 1
300	9	1 1 1 1 0 0 1 1 0 1 0 0 0 1 0 0
300	1	1 0 1 1 1 1 1 0 0 1 1 1 0 0 1 1
300	5	1 0 1 1 0 1 1 0 0 0 1 0 0 0 0 0
300	7	1 0 1 1 1 1 1 0 0 0 0 1 0 0 0 0
300	1	1 1 1 1 0 1 1 0 0 1 1 0 0 0 0 0
300	2	1 1 0 1 1 0 1 1 0 0 0 0 0 0 0 0
300	1	1 1 1 1 0 1 1 0 0 1 0 0 0 0 0 0
300	16	1 1 1 1 1 0 0 0 0 1 1 1 0 0 0 0
300	3	1 1 1 0 1 1 1 0 0 1 0 0 0 0 0 0
300	5	1 1 0 1 1 0 1 0 0 1 1 0 0 0 0 0
300	3	1 0 1 1 0 1 1 1 0 1 1 0 0 1 0 0
300	1	1 1 1 1 0 1 1 0 0 1 0 1 0 0 0 1
300	3	1 1 0 1 1 0 1 1 0 1 0 0 0 0 0 0
300	4	1 0 1 1 1 1 1 1 1 1 1 1 0 0 0 0
300	1	1 1 1 0 0 1 1 0 0 0 1 0 0 0 0 0
300	2	1 0 1 1 1 1 0 0 0 0 0 1 1 0 0 1
300	2	1 1 1 1 1 0 0 0 0 0 0 1 0 0 0 0
300	1	1 1 1 1 1 0 0 0 0 1 0 0 0 1 0 0
300	2	1 1 1 1 0 1 1 0 0 1 0 1 0 1 0 0
300	1	1 1 1 0 1 1 1 0 0 0 0 1 0 0 0 0
300	2	1 1 1 1 0 1 1 0 0 0 0 1 0 0 0 0
300	1	1 1 0 1 0 0 0 0 0 0 1 1 0 1 0 0
300	2	1 0 1 1 1 1 0 0 1 0 0 0 0 1 0 0
300	3	1 1 0 1 1 1 0 0 0 0 0 1 1 0 0 1
300	1	1 1 0 1 1 1 1 0 1 0 1 0 0 0 0 0
300	2	1 1 1 1 1 1 1 1 0 0 0 1 0 0 0 0
300	1	1 1 1 1 0 0 0 0 0 0 1 0 0 0 0 0
300	3	1 1 1 0 1 1 1 0 0 0 0 0 0 0 0 0
300	3	1 0 0 1 0 0 0 0 0 0 1 1 0 0 0 0
300	1	1 0 0 1 0 0 0 0 1 1 0 0 0 0 0 0
300	1	1 1 0 1 1 1 0 0 0 0 0 1 0 0 1 0
300	3	1 1 1 1 1 0 0 1 1 1 0 0 0 0 0 0
300	1	1 1 1 1 0 0 1 1 0 1 0 1 0 1 0 0
300	3	1 0 0 1 0 1 1 0 0 0 1 0 0 0 0 0
300	2	1 1 1 1 0 1 1 0 0 0 0 1 0 1 0 0
300	2	1 1 1 1 1 1 0 0 0 1 0 0 0 0 0 0
300	1	1 1 1 1 1 0 1 1 0 1 0 0 0 0 0 1
300	4	1 1 1 1 0 1 1 0 0 1 0 1 0 0 1 0
300	1	1 1 1 0 1 1 1 0 1 0 1 1 0 0 0 1
300	1	1 1 1 1 1 1 1 0 0 0 0 0 0 0 0 0
300	2	1 1 1 1 1 1 1 0 1 0 0 1 0 0 0 1
300	3	1 1 1 1 1 1 1 0 0 0 0 0 0 1 1 0
300	1	1 0 1 1 0 1 1 0 0 1 0 1 0 0 0 0
300	1	1 1 0 0 0 1 0 0 0 0 0 0 0 1 1 0
300	2	1 1 1 1 1 1 1 0 1 0 1 0 0 0 0 0
300	2	1 0 1 0 1 1 1 0 1 0 1 0 0 0 0 0
300	1	1 0 1 0 0 1 0 0 0 1 1 0 0 0 0 0
300	2	1 1 1 0 0 1 0 0 0 1 1 1 0 0 0 0
300	1	1 1 1 1 0 1 1 0 0 0 1 0 1 0 0 0
300	3	1 1 1 1 1 1 1 1 1 1 0 1 0 0 1 0
300	2	1 1 1 0 1 1 0 0 0 0 0 1 0 0 0 1
300	4	1 0 1 1 1 1 1 0 0 0 1 0 0 0 0 0
320	1	1 1 1 1 1 0 1 1 0 0 0 0 0 1 0 0
320	59	1 1 1 1 1 1 0 0 0 0 0 0 0 0 0 0
320	9	1 1 1 1 1 0 1 1 0 1 1 0 0 1 0 0
320	50	1 1 1 1 1 1 0 0 0 0 0 1 0 0 0 0
320	29	1 1 1 1 1 1 0 0 0 0 1 0 0 0 0 0
320	143	1 1 1 1 1 0 1 1 0 1 0 0 0 0 0 0
320	2	1 1 1 1 0 0 0 0 0 0 1 1 0 0 0 0
320	28	1 1 1 1 0 1 1 0 0 1 0 1 0 0 0 0
320	14	1 1 1 1 1 0 0 0 0 0 0 0 0 0 0 0
320	12	1 1 1 1 1 1 1 0 0 0 0 1 0 0 0 0
320	24	1 1 1 0 1 1 0 0 0 0 0 0 0 1 0 0
320	4	1 1 1 0 1 1 0 0 0 0 1 0 0 1 1 0
320	13	1 1 1 1 1 1 0 0 1 0 0 0 0 0 0 0
320	17	1 1 1 1 0 1 0 0 0 0 0 0 0 0 0 0
320	18	1 1 1 0 1 1 1 0 0 0 1 0 0 0 0 0
320	23	1 0 1 1 1 1 1 0 0 1 1 1 0 0 0 1
320	1	1 1 1 1 1 0 1 0 0 1 1 1 0 0 0 0
320	80	1 1 0 1 1 1 0 0 0 0 0 1 0 0 0 0
320	3	1 1 1 1 1 0 0 1 0 1 0 0 0 0 0 0
320	1	1 1 1 1 1 0 1 0 0 1 1 0 0 0 0 0
320	2	1 0 1 1 1 1 0 0 0 0 1 0 0 0 0 0
320	10	1 1 1 1 1 1 1 1 0 1 0 1 0 0 1 0
320	52	1 1 1 1 1 0 1 1 1 1 0 0 0 0 0 0
320	10	1 0 1 1 0 1 0 0 0 0 0 1 0 0 0 0
320	1	1 1 1 1 1 1 1 0 0 1 0 0 0 1 0 0
320	3	1 0 1 1 1 1 0 0 0 0 0 0 0 1 0 0
320	18	1 1 1 1 1 1 1 0 1 1 1 1 0 0 0 0
320	7	1 1 1 1 1 1 1 0 0 0 0 1 0 0 1 1
320	6	1 1 1 1 1 1 0 0 0 0 1 1 0 0 0 0
320	27	1 1 1 1 1 1 1 0 0 0 1 0 0 0 0 0
320	23	0 1 0 1 0 0 0 0 0 0 1 1 0 0 0 0
320	3	1 1 1 1 1 1 1 0 0 1 1 0 0 1 0 0
320	21	1 0 1 1 0 1 1 0 0 0 1 0 0 0 0 0
320	8	1 1 1 1 1 0 0 0 0 1 1 1 0 0 0 0
320	2	1 1 0 1 1 1 0 0 0 0 0 1 1 0 0 1
320	1	1 1 1 1 1 0 0 1 1 1 0 0 0 0 0 0
320	5	1 1 1 0 1 1 0 0 0 0 0 1 0 0 0 1
320	2	1 0 1 1 1 1 1 0 0 0 1 0 0 0 0 0
320	10	1 1 1 0 1 0 0 0 0 0 1 0 1 1 1 0
320	35	1 1 1 1 0 1 1 0 0 0 0 0 0 0 0 0
320	16	1 1 1 1 1 0 1 1 0 1 0 0 0 0 0 1
320	14	1 1 1 1 0 0 1 1 0 1 0 0 0 0 0 0
320	21	1 1 1 1 0 1 0 0 0 0 1 0 0 0 0 0
320	1	1 1 1 1 0 0 0 0 0 0 1 1 0 1 0 0
320	5	0 0 0 1 0 1 1 0 0 0 1 1 0 0 0 0
320	1	1 1 0 1 1 1 0 0 0 0 0 1 1 0 0 0
320	1	1 1 1 1 0 0 0 0 0 1 1 1 0 0 0 0
320	2	1 1 0 0 1 1 0 0 0 0 1 0 0 1 1 0
320	8	1 1 1 1 1 0 1 1 1 1 0 1 0 0 0 0
320	2	1 1 1 1 1 1 0 0 0 0 0 0 0 0 0 1
320	3	1 1 1 1 1 0 1 1 0 0 0 0 0 0 0 0
320	4	1 1 1 1 1 0 1 1 0 1 1 1 0 0 0 0
320	13	1 1 1 1 0 1 0 1 0 0 0 1 0 0 0 0
320	5	1 1 0 1 1 1 0 0 0 0 0 0 0 0 0 0
320	2	1 1 1 1 1 0 0 1 0 0 0 0 0 0 0 0
320	4	1 0 1 1 1 0 1 1 0 0 0 0 0 0 0 0
320	3	1 1 1 1 1 1 1 0 0 1 0 0 0 0 0 0
320	2	1 1 1 1 1 0 1 1 0 1 0 0 0 0 1 0
320	4	1 1 1 1 0 1 1 0 0 1 0 1 0 1 0 0
320	10	1 0 1 1 1 1 1 0 0 1 1 1 1 0 0 1
320	4	1 1 1 1 0 1 0 1 0 0 0 1 1 0 0 0
320	2	1 0 0 1 1 0 1 1 1 1 0 0 0 0 0 0
320	8	1 1 1 1 1 0 0 0 0 1 1 0 0 0 0 0
320	6	0 1 1 1 1 1 0 0 0 0 0 1 0 0 0 0
320	5	1 1 1 1 1 1 0 0 0 0 0 1 0 0 0 1
320	3	0 1 1 1 0 1 1 0 0 1 0 1 0 0 0 0
320	7	1 1 0 1 1 1 0 0 0 0 1 1 0 0 0 0
320	3	1 1 0 1 1 1 0 0 0 0 0 0 0 0 0 1
320	1	1 1 1 1 1 1 1 0 0 0 0 0 0 0 0 0
320	1	1 1 1 1 1 1 1 1 0 1 0 0 0 0 0 0
320	3	1 1 1 0 1 1 1 0 0 0 1 0 1 0 0 0
320	3	1 1 1 0 1 0 1 1 0 1 0 0 0 0 0 1
320	2	1 1 1 1 1 1 0 1 0 0 0 1 0 1 0 0
320	2	1 1 1 1 0 1 0 0 0 0 1 1 0 0 0 0
320	4	1 0 1 1 1 1 0 0 0 0 0 1 0 0 0 0
320	4	1 1 1 1 1 0 1 1 1 1 0 0 0 0 1 0
320	2	0 1 1 1 1 0 1 1 0 1 0 0 0 0 0 1
320	1	1 1 1 1 0 1 1 0 0 0 0 1 0 1 0 0
320	3	1 1 1 1 1 0 0 0 0 0 1 0 0 0 0 0
320	3	1 0 1 1 1 1 0 0 0 0 0 1 0 0 0 1
320	1	1 1 0 1 1 1 0 0 0 0 1 0 0 0 0 0
320	1	1 1 1 1 1 1 1 0 0 0 0 0 0 1 0 0
320	3	1 1 1 1 1 0 0 1 0 1 1 0 0 1 0 0
320	3	1 1 1 1 1 1 1 0 1 1 1 1 0 0 1 0
320	2	0 1 1 1 1 1 1 0 0 0 1 0 0 0 0 0
320	1	1 1 1 1 1 1 0 0 0 1 1 0 0 1 0 0
320	2	1 0 1 1 1 1 0 0 0 0 0 0 0 0 0 0
320	1	1 0 1 1 0 1 1 0 0 0 0 0 0 0 0 0
320	1	1 1 1 1 1 0 0 0 0 1 1 1 0 0 0 1
320	1	1 1 1 1 1 0 1 1 0 1 0 0 0 1 0 0
320	8	1 1 1 1 1 0 1 0 0 1 0 0 0 0 0 0
320	2	1 1 1 0 1 1 0 1 0 0 0 0 0 1 0 0
320	1	1 1 1 0 1 1 0 0 0 0 0 0 0 0 0 0
320	1	1 1 1 1 0 1 0 0 0 1 0 0 0 0 0 0
320	1	1 1 1 1 0 1 0 0 0 0 0 0 0 0 0 1
320	1	1 1 1 0 1 1 1 1 0 0 1 0 0 0 0 0
320	1	1 1 0 1 1 1 0 0 0 0 0 1 0 0 1 0
320	1	1 1 1 1 1 0 1 1 1 1 0 0 0 0 0 1
320	2	1 1 1 1 0 1 0 0 0 0 0 1 0 0 0 0
320	1	1 0 1 1 0 1 0 0 0 0 1 0 0 0 0 0
340	27	1 1 1 1 1 1 0 0 0 0 0 0 0 0 0 0
340	80	1 1 1 1 1 1 0 0 0 0 0 1 0 0 0 0
340	27	1 1 1 1 1 1 0 0 0 0 1 0 0 0 0 0
340	175	1 1 1 1 1 0 1 1 0 1 0 0 0 0 0 0
340	7	1 1 1 1 0 1 1 0 0 1 0 1 0 0 0 0
340	35	1 1 1 1 1 0 0 0 0 0 0 0 0 0 0 0
340	17	1 1 1 1 1 1 1 0 0 0 0 1 0 0 0 0
340	3	1 1 1 0 1 1 0 0 0 0 0 0 0 1 0 0
340	12	1 1 1 1 1 1 0 0 1 0 0 0 0 0 0 0
340	1	1 1 1 1 0 1 0 0 0 0 0 0 0 0 0 0
340	19	1 0 1 1 1 1 1 0 0 1 1 1 0 0 0 1
340	39	1 1 0 1 1 1 0 0 0 0 0 1 0 0 0 0
340	2	1 1 1 1 1 1 1 1 0 1 0 1 0 0 1 0
340	9	1 1 1 1 1 0 1 1 1 1 0 0 0 0 0 0
340	8	1 0 1 1 0 1 0 0 0 0 0 1 0 0 0 0
340	28	1 1 1 1 1 1 1 0 1 1 1 1 0 0 0 0
340	2	1 1 1 1 1 1 1 0 0 0 0 1 0 0 1 1
340	13	1 1 1 1 1 1 0 0 0 0 1 1 0 0 0 0
340	13	1 1 1 1 1 1 1 0 0 0 1 0 0 0 0 0
340	2	0 1 0 1 0 0 0 0 0 0 1 1 0 0 0 0
340	48	1 0 1 1 0 1 1 0 0 0 1 0 0 0 0 0
340	11	1 0 1 1 1 1 1 0 0 0 1 0 0 0 0 0
340	7	1 1 1 1 0 1 1 0 0 0 0 0 0 0 0 0
340	5	1 1 1 1 1 0 1 1 0 1 0 0 0 0 0 1
340	16	1 1 1 1 0 0 1 1 0 1 0 0 0 0 0 0
340	48	1 1 1 1 0 1 0 0 0 0 1 0 0 0 0 0
340	1	1 1 1 1 1 0 1 1 1 1 0 1 0 0 0 0
340	2	1 1 1 1 1 0 1 1 0 0 0 0 0 0 0 0
340	6	1 1 1 1 1 0 1 1 0 1 1 1 0 0 0 0
340	19	1 1 0 1 1 1 0 0 0 0 0 0 0 0 0 0
340	1	1 0 1 1 1 1 1 0 0 1 1 1 1 0 0 1
340	11	1 1 1 1 1 0 0 0 0 1 1 0 0 0 0 0
340	4	1 1 1 1 1 1 1 1 0 1 0 0 0 0 0 0
340	9	1 1 1 1 1 0 1 0 0 1 0 0 0 0 0 0
340	9	1 1 1 0 1 1 0 0 0 0 0 0 0 0 0 0
340	1	1 1 1 1 1 0 1 1 0 0 1 1 0 0 0 0
340	19	1 1 0 1 1 0 1 1 0 1 0 0 0 0 0 0
340	7	1 0 1 1 0 0 1 0 0 0 1 0 0 0 0 0
340	16	1 1 1 1 1 1 1 0 1 0 0 0 0 0 0 0
340	4	1 0 1 1 0 1 1 0 0 0 1 1 0 0 0 0
340	1	1 1 1 1 1 0 1 1 1 1 0 0 0 0 0 1
340	3	1 1 0 1 1 1 1 0 0 0 0 0 0 0 0 0
340	8	1 1 1 1 1 0 1 1 0 1 0 1 0 0 0 0
340	18	1 1 1 1 0 1 1 0 0 0 0 0 0 1 0 0
340	2	1 1 1 1 1 0 1 1 0 1 1 1 0 1 0 0
340	7	1 1 1 1 1 0 1 1 0 0 1 0 0 0 0 0
340	7	1 1 1 0 0 1 1 0 0 0 0 0 0 0 0 0
340	9	1 1 1 1 1 1 0 0 1 0 0 0 0 1 0 0
340	4	1 1 1 0 1 0 1 1 0 1 0 0 0 0 0 1
340	7	1 1 1 1 0 1 0 0 0 0 1 0 0 0 0 1
340	1	1 1 1 0 1 1 0 0 0 0 0 1 0 0 0 0
340	1	1 0 0 1 0 1 1 0 0 0 1 0 0 0 0 0
340	9	1 1 1 1 1 1 1 0 0 0 0 1 0 0 0 1
340	4	1 1 1 1 0 1 0 0 0 0 0 1 0 0 0 0
340	4	1 1 1 1 1 1 1 0 0 1 0 0 0 0 0 0
340	10	1 0 1 0 0 1 1 0 0 0 1 1 0 0 0 0
340	10	1 1 0 1 1 1 0 0 0 0 0 1 0 0 0 1
340	4	1 0 1 1 1 0 1 1 0 1 0 0 0 0 1 0
340	2	1 1 0 1 1 0 0 0 0 0 1 1 0 0 0 0
340	2	1 1 1 0 1 1 0 0 0 0 1 0 0 0 0 0
340	3	1 1 1 1 1 0 1 0 1 1 1 1 0 0 0 0
340	9	1 1 1 1 1 0 0 0 0 1 0 0 0 0 0 0
340	1	1 0 1 1 1 1 1 1 0 1 1 1 0 0 0 1
340	6	1 1 1 1 1 1 1 0 1 1 1 0 0 0 0 0
340	4	1 1 1 1 0 0 1 1 0 1 1 0 0 0 0 0
340	11	1 0 1 1 1 0 0 1 0 1 0 0 0 0 1 0
340	7	1 1 1 1 1 0 0 0 0 0 0 1 0 0 0 0
340	1	1 0 1 1 1 1 1 0 0 0 0 0 0 0 0 0
340	2	1 1 1 0 0 1 1 0 0 0 0 0 0 0 0 1
340	2	1 1 1 1 1 0 0 1 0 1 0 0 0 0 0 0
340	13	1 1 1 1 1 0 0 1 1 1 0 0 0 0 0 0
340	12	1 1 1 1 1 1 1 1 0 0 0 0 0 0 0 0
340	2	1 1 1 1 1 1 1 0 1 0 0 0 0 1 0 0
340	3	1 1 1 1 1 0 0 1 0 0 0 0 0 0 0 0
340	2	0 1 1 1 1 1 0 0 0 0 1 1 0 0 0 0
340	1	0 1 0 1 0 0 0 1 0 1 0 0 0 0 0 0
340	1	1 1 1 1 1 1 0 1 0 0 0 0 0 0 0 0
340	1	1 1 1 1 1 1 0 0 0 0 1 0 1 0 0 0
340	2	1 0 1 1 1 1 1 0 0 0 1 1 0 0 0 1
340	1	0 0 1 1 1 1 1 0 0 1 1 1 0 0 0 1
340	1	1 1 1 1 1 1 1 0 0 1 1 1 0 0 0 0
340	1	1 1 0 1 0 1 0 0 0 0 0 0 0 0 0 0
340	1	1 1 1 1 1 0 1 0 0 1 1 0 0 0 0 0
340	2	1 1 1 0 0 0 1 0 0 0 0 0 0 0 0 0
340	4	1 1 1 1 0 1 0 0 0 1 0 0 0 0 0 1
340	3	1 0 1 1 1 1 1 0 0 1 1 1 1 0 0 0
340	4	0 1 1 1 1 1 0 0 0 0 0 1 0 0 0 0
340	2	1 1 1 1 1 1 1 0 0 1 1 1 0 0 0 1
340	1	1 0 1 1 1 1 1 0 1 1 1 1 0 0 0 0
340	1	1 1 1 1 0 1 0 0 0 1 1 0 0 0 0 0
340	2	1 1 1 1 1 0 0 1 0 1 0 1 0 0 0 0
340	3	1 1 1 0 0 1 1 0 0 0 1 1 0 0 0 0
340	1	1 1 1 1 1 0 1 0 0 0 1 0 0 0 0 0
340	2	1 0 1 1 1 1 1 0 0 1 0 0 0 0 0 0
340	1	1 1 1 1 1 1 1 0 0 1 0 1 0 0 0 0
340	1	1 1 1 1 1 1 0 0 0 1 0 0 0 0 0 0
340	2	1 1 1 1 1 1 1 1 0 0 0 0 0 0 0 1
340	2	1 1 1 1 1 0 1 1 0 1 1 0 0 0 0 0
340	2	1 0 1 1 0 1 1 0 0 0 1 0 0 0 0 1
340	1	1 1 0 1 1 1 0 0 1 0 0 0 0 0 0 0
340	2	1 1 1 1 1 1 1 0 1 0 0 0 0 0 1 0
340	1	1 1 1 1 1 1 0 1 0 0 0 0 0 0 1 0
360	25	1 1 1 1 1 1 0 0 0 0 0 0 0 0 0 0
360	64	1 1 1 1 1 1 0 0 0 0 0 1 0 0 0 0
360	16	1 1 1 1 1 1 0 0 0 0 1 0 0 0 0 0
360	107	1 1 1 1 1 0 1 1 0 1 0 0 0 0 0 0
360	8	1 1 1 1 0 1 1 0 0 1 0 1 0 0 0 0
360	23	1 1 1 1 1 0 0 0 0 0 0 0 0 0 0 0
360	12	1 1 1 1 1 1 1 0 0 0 0 1 0 0 0 0
360	3	1 1 1 1 1 1 0 0 1 0 0 0 0 0 0 0
360	18	1 0 1 1 1 1 1 0 0 1 1 1 0 0 0 1
360	18	1 1 0 1 1 1 0 0 0 0 0 1 0 0 0 0
360	4	1 1 1 1 1 0 1 1 1 1 0 0 0 0 0 0
360	38	1 1 1 1 1 1 1 0 1 1 1 1 0 0 0 0
360	10	1 1 1 1 1 1 1 0 0 0 1 0 0 0 0 0
360	17	1 0 1 1 0 1 1 0 0 0 1 0 0 0 0 0
360	8	1 0 1 1 1 1 1 0 0 0 1 0 0 0 0 0
360	17	1 1 1 1 0 0 1 1 0 1 0 0 0 0 0 0
360	41	1 1 1 1 0 1 0 0 0 0 1 0 0 0 0 0
360	32	1 1 1 1 1 0 1 1 0 0 0 0 0 0 0 0
360	31	1 1 0 1 1 1 0 0 0 0 0 0 0 0 0 0
360	20	1 1 1 1 1 0 0 0 0 1 1 0 0 0 0 0
360	2	1 1 1 1 1 1 1 1 0 1 0 0 0 0 0 0
360	20	1 1 1 0 1 1 0 0 0 0 0 0 0 0 0 0
360	15	1 1 0 1 1 0 1 1 0 1 0 0 0 0 0 0
360	41	1 1 1 1 1 1 1 0 1 0 0 0 0 0 0 0
360	1	1 0 1 1 0 1 1 0 0 0 1 1 0 0 0 0
360	3	1 1 1 1 1 0 1 1 0 1 0 1 0 0 0 0
360	22	1 1 1 1 0 1 1 0 0 0 0 0 0 1 0 0
360	2	1 1 1 1 1 1 1 0 0 1 0 0 0 0 0 0
360	9	1 0 1 0 0 1 1 0 0 0 1 1 0 0 0 0
360	22	1 1 0 1 1 1 0 0 0 0 0 1 0 0 0 1
360	10	1 1 1 1 1 0 0 0 0 1 0 0 0 0 0 0
360	14	1 1 1 1 0 0 1 1 0 1 1 0 0 0 0 0
360	34	1 0 1 1 1 0 0 1 0 1 0 0 0 0 1 0
360	5	1 1 1 1 1 0 0 0 0 0 0 1 0 0 0 0
360	11	1 1 1 1 1 0 0 1 1 1 0 0 0 0 0 0
360	6	1 1 1 1 1 1 1 1 0 0 0 0 0 0 0 0
360	11	1 1 1 1 1 0 0 1 0 0 0 0 0 0 0 0
360	16	1 1 1 1 1 0 1 1 0 1 1 0 0 0 0 0
360	3	1 1 1 1 1 1 0 0 0 1 0 1 0 0 0 0
360	27	1 0 1 1 1 1 0 0 0 0 0 1 0 0 0 0
360	2	1 1 1 1 1 1 1 0 1 1 1 1 0 0 0 1
360	12	1 1 1 0 1 1 1 1 0 0 0 0 0 0 0 0
360	18	1 0 1 1 0 0 0 0 0 0 0 1 0 0 0 0
360	5	1 1 1 1 1 0 1 0 0 0 1 0 0 0 0 0
360	6	1 1 0 1 1 0 1 1 0 0 0 0 0 0 0 0
360	3	1 1 1 1 1 0 0 1 0 1 1 0 0 0 0 0
360	7	1 1 1 1 1 1 0 0 0 0 0 0 0 0 1 0
360	8	1 1 1 1 1 1 1 0 0 0 0 0 0 1 0 0
360	4	1 1 1 1 1 0 0 1 0 1 0 0 0 0 0 0
360	11	1 1 1 1 0 1 1 1 0 0 0 0 0 1 0 0
360	10	1 1 1 1 0 0 0 0 0 0 0 1 0 0 0 0
360	2	1 1 1 1 1 1 1 1 0 0 1 0 0 0 0 0
360	14	1 1 1 1 1 0 0 1 1 0 0 0 0 1 0 0
360	5	1 1 1 1 1 1 0 0 0 0 0 1 0 0 0 1
360	2	1 1 1 1 0 1 0 0 0 0 1 1 0 0 0 0
360	1	1 0 1 1 1 0 0 1 0 1 0 0 0 0 1 1
360	1	0 1 1 1 1 0 0 0 0 0 0 0 0 0 0 0
360	2	1 0 1 1 1 1 1 1 0 1 1 1 0 0 0 1
360	8	1 0 1 1 1 1 1 0 0 1 0 0 0 0 0 0
360	10	1 1 1 1 1 0 0 1 0 0 0 0 0 0 1 0
360	3	1 1 1 1 1 1 0 1 0 1 0 0 0 0 0 0
360	3	1 0 0 1 1 1 0 0 0 0 0 0 0 1 0 0
360	5	1 1 1 1 1 1 0 0 1 0 0 1 0 0 0 0
360	2	1 1 1 1 1 1 0 0 0 0 1 0 0 0 1 0
360	1	1 0 1 1 0 1 1 0 0 0 1 0 0 1 0 0
360	5	0 1 1 1 0 0 1 0 0 0 0 0 0 0 0 0
360	4	1 1 1 1 1 0 0 0 0 0 1 0 0 0 0 0
360	1	1 1 1 1 0 1 1 1 0 0 0 0 0 0 0 0
360	4	1 0 1 1 1 0 1 1 0 1 0 0 0 0 0 0
360	1	1 0 1 1 1 1 1 0 0 1 0 1 0 0 0 1
360	4	1 1 0 0 1 1 0 0 0 0 0 1 0 0 0 1
360	2	1 0 0 1 1 0 0 1 0 1 0 0 0 0 1 0
360	1	1 0 1 1 1 0 0 1 1 1 0 0 0 0 0 0
360	2	1 1 1 1 1 1 1 0 1 0 1 0 0 0 0 0
360	1	1 0 1 1 1 1 1 0 0 1 1 1 1 0 0 1
360	4	1 1 1 1 1 1 1 0 0 0 0 0 0 0 0 0
360	1	1 1 1 0 0 1 1 1 0 0 0 0 0 0 0 0
360	2	1 1 1 1 1 1 1 0 1 1 0 0 0 0 0 0
360	4	1 1 1 1 1 1 1 0 0 1 0 0 0 1 0 0
360	1	1 1 1 1 1 1 1 0 0 1 1 1 0 0 0 1
360	5	1 1 1 1 0 0 1 0 0 1 0 1 0 0 0 0
360	1	1 1 1 1 1 0 1 0 1 1 1 1 0 0 0 0
360	1	1 1 0 1 0 1 1 0 0 0 0 0 0 1 0 0
360	1	1 1 1 1 0 1 1 0 0 0 0 0 0 1 0 1
360	2	1 0 1 1 0 0 1 1 0 1 1 0 0 0 0 0
360	2	1 1 1 1 1 1 1 1 0 0 0 0 0 1 0 0
360	2	1 1 1 1 1 1 0 0 0 0 0 0 0 1 0 0
360	2	1 1 1 1 1 0 1 1 0 0 0 1 0 0 0 1
360	1	1 1 1 1 1 0 1 0 0 1 0 0 0 1 0 0
360	1	1 1 1 1 1 1 0 1 0 1 0 0 0 0 1 0
360	3	1 0 1 1 1 0 0 1 0 1 0 0 0 0 0 0
360	1	1 1 1 1 1 1 0 1 0 0 0 1 0 0 0 0
360	1	1 1 1 1 1 1 1 0 1 1 1 0 0 0 0 0
360	1	1 1 0 1 1 1 0 0 0 0 0 0 1 0 0 0
360	1	1 1 1 1 1 1 1 0 1 0 0 0 1 0 0 0
360	1	1 1 0 1 1 1 0 0 0 0 0 0 0 0 0 1
360	1	1 0 1 1 1 1 0 1 0 1 0 0 0 0 1 0
360	1	1 1 1 0 1 1 1 0 0 0 0 0 0 0 0 0
360	3	1 1 1 1 1 1 0 1 0 0 0 0 0 0 0 0
360	1	1 1 1 1 0 1 1 0 0 0 0 1 0 1 0 1
380	22	1 1 1 1 1 1 0 0 0 0 0 0 0 0 0 0
380	20	1 1 1 1 1 1 0 0 0 0 0 1 0 0 0 0
380	21	1 1 1 1 1 1 0 0 0 0 1 0 0 0 0 0
380	73	1 1 1 1 1 0 1 1 0 1 0 0 0 0 0 0
380	13	1 1 1 1 1 0 0 0 0 0 0 0 0 0 0 0
380	7	1 1 1 1 1 1 1 0 0 0 0 1 0 0 0 0
380	13	1 1 0 1 1 1 0 0 0 0 0 1 0 0 0 0
380	7	1 1 1 1 1 0 1 1 1 1 0 0 0 0 0 0
380	13	1 1 1 1 1 1 1 0 1 1 1 1 0 0 0 0
380	8	1 1 1 1 1 1 1 0 0 0 1 0 0 0 0 0
380	17	1 1 1 1 0 1 0 0 0 0 1 0 0 0 0 0
380	19	1 1 1 1 1 0 1 1 0 0 0 0 0 0 0 0
380	40	1 1 0 1 1 1 0 0 0 0 0 0 0 0 0 0
380	46	1 1 1 1 1 0 0 0 0 1 1 0 0 0 0 0
380	7	1 1 1 1 1 1 1 1 0 1 0 0 0 0 0 0
380	7	1 1 1 0 1 1 0 0 0 0 0 0 0 0 0 0
380	3	1 1 0 1 1 0 1 1 0 1 0 0 0 0 0 0
380	47	1 1 1 1 1 1 1 0 1 0 0 0 0 0 0 0
380	11	1 1 1 1 0 1 1 0 0 0 0 0 0 1 0 0
380	3	1 1 0 1 1 1 0 0 0 0 0 1 0 0 0 1
380	27	1 1 1 1 1 0 0 0 0 1 0 0 0 0 0 0
380	2	1 1 1 1 0 0 1 1 0 1 1 0 0 0 0 0
380	3	1 0 1 1 1 0 0 1 0 1 0 0 0 0 1 0
380	23	1 1 1 1 1 0 0 1 1 1 0 0 0 0 0 0
380	28	1 1 1 1 1 0 0 1 0 0 0 0 0 0 0 0
380	9	1 0 1 1 1 1 0 0 0 0 0 1 0 0 0 0
380	4	1 0 1 1 0 0 0 0 0 0 0 1 0 0 0 0
380	2	1 1 1 1 1 1 0 0 0 0 0 0 0 0 1 0
380	1	1 1 1 1 0 1 1 1 0 0 0 0 0 1 0 0
380	4	1 1 1 1 1 1 1 1 0 0 1 0 0 0 0 0
380	29	1 1 1 1 0 1 0 0 0 0 1 1 0 0 0 0
380	11	1 0 1 1 1 1 1 0 0 1 0 0 0 0 0 0
380	13	1 1 1 1 1 0 0 1 0 0 0 0 0 0 1 0
380	15	1 1 1 1 1 1 0 1 0 1 0 0 0 0 0 0
380	27	1 1 1 1 1 1 0 0 1 0 0 1 0 0 0 0
380	17	1 0 1 1 1 0 1 1 0 1 0 0 0 0 0 0
380	1	1 0 0 1 1 0 0 1 0 1 0 0 0 0 1 0
380	17	1 1 1 1 1 1 1 0 1 0 1 0 0 0 0 0
380	14	1 1 1 1 1 1 1 0 0 0 0 0 0 0 0 0
380	3	1 1 1 1 0 0 1 0 0 1 0 1 0 0 0 0
380	12	1 1 1 1 0 1 1 0 0 0 0 0 0 1 0 1
380	18	1 0 1 1 1 0 0 1 0 1 0 0 0 0 0 0
380	9	1 1 1 0 1 1 1 0 0 0 0 0 0 0 0 0
380	2	1 1 1 0 1 1 1 1 1 0 0 0 0 0 0 0
380	10	1 1 1 1 1 1 0 0 1 1 1 1 0 0 0 0
380	15	1 1 1 1 1 0 0 1 1 1 0 1 0 0 0 0
380	24	1 1 0 1 0 0 1 1 0 1 0 0 0 0 0 0
380	5	1 0 1 1 1 0 0 1 0 1 0 1 0 0 0 0
380	2	1 1 0 1 1 1 0 0 0 0 0 0 1 0 0 0
380	6	1 0 1 1 1 1 0 0 0 0 0 0 0 0 0 0
380	3	1 1 1 1 1 0 0 0 1 1 0 0 0 0 0 0
380	11	1 1 1 1 1 0 1 1 1 1 0 0 0 0 1 0
380	11	1 1 1 1 0 1 1 0 1 1 1 1 0 0 0 0
380	11	1 1 0 1 1 0 1 1 0 1 0 0 1 0 0 0
380	5	1 1 1 1 0 1 1 0 1 0 0 0 0 0 0 0
380	5	1 1 1 1 1 0 0 0 0 0 0 1 0 0 0 0
380	16	1 1 1 1 1 0 1 1 0 1 0 0 0 0 1 0
380	5	1 1 1 0 1 1 0 0 0 0 0 1 0 0 0 0
380	6	1 1 1 1 0 1 0 0 1 0 1 1 0 0 0 0
380	15	1 0 1 1 1 0 0 0 0 1 0 1 0 0 0 0
380	1	1 1 1 1 0 1 1 0 1 0 0 1 0 0 0 0
380	7	1 1 1 1 1 0 0 0 0 0 0 0 0 0 0 1
380	6	1 1 1 0 1 1 0 0 0 0 1 0 0 0 0 0
380	3	1 1 1 1 1 0 1 1 0 1 1 1 0 0 0 0
380	5	0 0 1 1 1 1 0 0 0 0 0 1 0 0 0 0
380	7	1 1 1 1 1 1 1 0 0 1 0 0 0 0 0 0
380	3	1 1 1 1 1 0 0 1 0 1 0 0 0 0 1 0
380	10	1 0 1 1 1 1 1 0 0 0 1 1 0 0 0 0
380	7	1 1 1 1 0 1 1 0 1 1 0 1 0 0 0 0
380	3	1 1 1 1 0 1 1 0 0 0 0 0 1 1 0 0
380	22	0 0 1 1 1 1 1 0 0 1 0 0 0 0 0 0
380	2	1 1 1 1 1 1 0 0 0 0 0 1 0 0 0 1
380	6	1 1 1 1 1 0 1 1 0 1 1 0 0 0 0 0
380	9	1 1 1 1 1 0 0 0 0 1 0 1 0 0 0 0
380	11	1 0 1 1 1 1 0 0 1 0 0 0 0 0 1 0
380	1	1 1 1 1 1 0 0 0 0 1 0 0 0 0 1 0
380	4	1 1 1 1 1 0 0 1 0 1 0 0 0 0 0 0
380	3	0 1 1 1 1 1 0 0 0 0 0 0 0 0 0 0
380	7	1 1 1 1 1 1 0 0 1 0 1 1 0 0 0 0
380	4	1 1 1 1 1 0 0 1 1 1 1 0 0 0 0 0
380	1	1 1 1 1 0 1 0 0 0 0 0 1 0 0 0 0
380	2	1 1 1 1 0 1 1 0 1 0 1 0 0 0 0 0
380	5	1 1 1 1 1 1 0 1 0 0 0 0 0 0 0 0
380	2	0 1 1 0 1 1 0 0 0 0 0 0 0 0 0 0
380	2	1 1 1 1 1 0 0 0 0 0 1 0 0 0 0 0
380	2	1 1 0 1 0 0 0 1 0 1 0 0 0 0 0 0
380	7	1 1 0 1 1 1 0 0 0 1 0 0 0 0 0 0
380	1	1 1 1 1 1 0 1 0 0 1 0 0 0 0 0 0
380	1	0 1 1 1 1 0 0 0 0 1 0 0 0 0 0 0
380	3	1 0 1 1 1 1 0 0 0 1 0 0 0 0 0 0
380	2	1 1 1 1 0 0 1 0 1 0 0 1 0 0 0 0
380	1	1 1 0 1 1 1 0 1 0 0 0 0 0 0 0 0
380	1	1 1 1 1 0 0 0 0 0 0 0 1 0 0 0 0
380	1	0 0 1 1 1 1 0 0 0 0 0 0 0 0 0 0
380	2	1 1 0 1 0 1 0 0 0 0 1 0 0 0 0 0
380	1	0 1 1 1 1 0 0 0 1 0 0 0 0 0 1 0
380	1	1 0 1 1 1 0 0 0 0 0 0 0 0 0 0 0
380	1	1 1 0 1 1 0 0 0 0 1 0 0 0 0 0 0
380	1	1 0 1 1 1 0 1 1 0 1 0 1 0 0 0 0
380	1	1 0 1 1 1 0 1 1 0 0 1 0 0 0 0 0
380	1	1 1 0 1 1 0 1 1 0 1 0 0 0 0 0 1
380	1	1 1 1 1 0 1 0 0 0 0 1 1 0 0 1 0
380	1	1 1 1 1 1 0 1 0 0 1 0 0 0 0 1 0
400	18	1 1 1 1 1 1 0 0 0 0 0 0 0 0 0 0
400	19	1 1 1 1 1 1 0 0 0 0 0 1 0 0 0 0
400	2	1 1 1 1 1 1 0 0 0 0 1 0 0 0 0 0
400	20	1 1 1 1 1 0 1 1 0 1 0 0 0 0 0 0
400	28	1 1 1 1 1 0 0 0 0 0 0 0 0 0 0 0
400	13	1 1 0 1 1 1 0 0 0 0 0 1 0 0 0 0
400	8	1 1 1 1 1 1 1 0 1 1 1 1 0 0 0 0
400	1	1 1 1 1 0 1 0 0 0 0 1 0 0 0 0 0
400	10	1 1 1 1 1 0 1 1 0 0 0 0 0 0 0 0
400	8	1 1 0 1 1 1 0 0 0 0 0 0 0 0 0 0
400	5	1 1 1 1 1 0 0 0 0 1 1 0 0 0 0 0
400	89	1 1 1 1 1 1 1 0 1 0 0 0 0 0 0 0
400	12	1 1 1 1 0 1 1 0 0 0 0 0 0 1 0 0
400	56	1 1 1 1 1 0 0 0 0 1 0 0 0 0 0 0
400	6	1 1 1 1 1 0 0 1 1 1 0 0 0 0 0 0
400	15	1 1 1 1 1 0 0 1 0 0 0 0 0 0 0 0
400	9	1 0 1 1 1 1 0 0 0 0 0 1 0 0 0 0
400	2	1 0 1 1 0 0 0 0 0 0 0 1 0 0 0 0
400	81	1 1 1 1 0 1 0 0 0 0 1 1 0 0 0 0
400	8	1 0 1 1 1 1 1 0 0 1 0 0 0 0 0 0
400	1	1 1 1 1 1 0 0 1 0 0 0 0 0 0 1 0
400	10	1 1 1 1 1 1 0 1 0 1 0 0 0 0 0 0
400	56	1 1 1 1 1 1 0 0 1 0 0 1 0 0 0 0
400	8	1 0 1 1 1 0 1 1 0 1 0 0 0 0 0 0
400	21	1 1 1 1 1 1 1 0 1 0 1 0 0 0 0 0
400	11	1 1 1 1 1 1 1 0 0 0 0 0 0 0 0 0
400	21	1 0 1 1 1 0 0 1 0 1 0 0 0 0 0 0
400	29	1 1 1 1 1 1 0 0 1 1 1 1 0 0 0 0
400	6	1 1 0 1 0 0 1 1 0 1 0 0 0 0 0 0
400	34	1 0 1 1 1 0 0 1 0 1 0 1 0 0 0 0
400	1	1 1 1 1 1 0 0 0 0 0 0 1 0 0 0 0
400	9	1 1 1 1 1 0 1 1 0 1 0 0 0 0 1 0
400	13	1 0 1 1 1 1 1 0 0 0 1 1 0 0 0 0
400	12	1 1 1 1 0 1 1 0 1 1 0 1 0 0 0 0
400	15	0 0 1 1 1 1 1 0 0 1 0 0 0 0 0 0
400	5	1 1 1 1 1 0 0 0 0 1 0 1 0 0 0 0
400	6	1 1 1 1 1 0 0 1 0 1 0 0 0 0 0 0
400	2	1 1 1 1 1 1 0 0 1 0 1 1 0 0 0 0
400	43	1 1 1 1 1 0 0 1 1 1 1 0 0 0 0 0
400	13	1 1 0 1 1 1 0 0 0 1 0 0 0 0 0 0
400	2	1 1 1 1 0 0 1 0 1 0 0 1 0 0 0 0
400	2	1 1 0 1 1 1 0 0 0 0 0 0 0 0 1 0
400	3	1 1 1 1 1 0 0 1 0 0 0 0 0 0 0 1
400	3	0 1 1 1 0 1 0 0 0 0 1 1 0 0 0 0
400	7	1 0 1 1 1 0 0 0 0 0 0 0 0 0 0 0
400	16	1 1 1 1 1 1 0 0 0 0 1 0 1 0 0 0
400	5	1 1 1 1 0 1 0 0 1 0 0 0 0 0 0 0
400	5	1 1 0 1 1 1 1 0 0 1 0 0 0 0 0 0
400	4	1 1 0 1 1 1 1 1 0 0 1 0 0 0 0 0
400	1	0 1 1 1 1 0 1 1 0 0 0 0 0 0 0 0
400	5	1 1 1 1 1 1 1 0 1 1 0 1 0 0 0 0
400	2	1 1 1 1 1 1 0 1 0 0 0 1 0 0 0 0
400	3	1 1 1 1 1 1 0 0 0 0 0 0 0 0 0 1
400	1	1 1 0 0 1 1 0 0 0 0 0 1 0 0 0 0
400	11	1 1 1 1 1 0 1 1 0 0 0 0 0 0 1 0
400	1	1 1 0 1 0 0 1 1 1 1 0 0 0 0 0 0
400	14	1 0 1 1 0 1 0 0 0 0 1 1 0 0 0 0
400	8	1 1 1 1 0 1 0 1 0 0 1 1 0 0 0 0
400	6	1 1 1 1 1 0 1 1 0 0 0 1 0 0 0 0
400	1	1 1 1 1 1 0 0 0 0 0 1 1 0 0 0 0
400	4	1 1 1 1 1 1 0 0 1 1 0 1 0 0 0 0
400	10	1 1 1 1 0 1 0 0 0 0 0 1 0 0 0 0
400	5	0 1 1 1 1 1 0 0 1 0 0 1 0 0 0 0
400	1	1 1 0 1 0 0 1 1 0 1 0 0 1 0 0 0
400	2	0 0 1 0 1 1 1 0 0 1 0 0 0 0 0 0
400	1	1 1 1 1 1 1 1 0 1 1 1 0 0 0 0 1
400	4	1 1 0 0 1 0 0 0 0 1 0 0 0 0 0 0
400	2	1 1 0 1 1 0 0 1 0 0 0 0 0 0 1 0
400	11	1 1 1 1 1 1 0 0 0 1 0 0 0 0 0 0
400	2	1 1 1 1 1 1 0 0 1 0 0 0 0 0 0 0
400	5	1 0 1 1 1 0 0 1 0 0 0 0 0 0 0 0
400	4	1 1 1 1 1 0 1 1 0 1 0 1 0 0 0 0
400	10	1 0 1 1 1 0 1 1 0 1 0 1 0 0 0 0
400	2	1 1 1 1 1 0 1 1 0 1 0 0 1 0 0 0
400	3	1 1 1 1 1 0 0 1 0 0 0 0 0 1 1 0
400	5	1 0 1 1 1 0 0 0 0 1 0 0 0 0 0 0
400	8	1 1 0 1 1 1 0 0 0 0 1 1 0 0 0 0
400	6	1 1 0 1 1 0 0 0 0 0 0 1 0 0 0 0
400	7	1 1 1 1 0 1 0 0 0 0 0 0 0 0 0 0
400	6	1 0 1 1 1 0 0 0 1 0 0 1 0 0 0 0
400	1	0 0 1 1 0 0 0 0 0 0 0 1 0 0 0 0
400	1	0 1 1 1 0 1 0 0 1 0 1 1 0 0 0 0
400	2	1 1 1 1 1 0 0 1 1 1 1 1 0 0 0 0
400	2	1 1 1 1 0 1 0 0 1 0 0 1 0 0 0 0
400	4	1 1 1 1 1 0 0 0 0 1 0 0 1 0 0 0
400	1	1 0 1 1 1 1 0 0 1 1 1 1 0 0 0 0
400	2	1 0 0 1 1 0 0 1 0 1 0 1 0 0 0 0
400	1	1 1 1 1 1 1 1 0 1 0 1 1 0 0 0 0
400	3	1 1 0 1 1 0 0 0 0 0 0 1 0 0 1 0
400	3	1 1 1 1 1 0 1 0 1 1 1 1 0 0 0 0
400	5	1 0 1 1 0 0 0 1 0 1 0 1 0 0 0 0
400	2	1 1 1 1 0 0 0 0 0 1 0 1 0 0 0 0
400	2	1 1 1 1 1 0 1 0 0 0 0 0 0 0 1 0
400	1	1 1 1 1 1 0 0 0 0 1 1 0 0 0 1 0
400	1	1 1 1 1 1 1 1 1 0 1 0 0 0 0 0 0
400	1	1 1 1 1 1 1 1 0 1 0 0 0 0 0 1 0
400	3	1 1 1 1 1 1 1 0 1 0 0 0 0 0 0 1
400	2	0 1 1 1 1 0 0 0 0 1 0 0 0 0 0 0
400	3	1 1 1 1 0 1 0 0 0 1 1 1 0 0 0 0
400	2	1 1 1 1 1 1 0 0 1 1 1 1 0 0 0 1
400	1	1 0 1 1 1 0 0 1 1 1 1 0 0 0 0 0
400	3	0 1 0 1 0 1 0 0 0 0 1 1 0 0 0 0
400	2	1 1 1 1 1 0 1 0 1 1 0 1 0 0 0 0
400	1	1 1 1 1 1 1 1 1 0 0 0 0 0 0 1 0
400	1	1 1 1 1 0 0 1 1 0 1 0 0 1 0 0 0
400	4	1 0 1 1 1 1 1 0 1 0 0 0 0 0 0 0
400	1	1 1 0 1 1 0 0 0 0 1 0 0 0 0 0 0
400	3	1 1 0 0 1 1 1 0 1 1 0 1 0 0 0 0
400	1	1 1 0 1 1 0 0 0 0 0 0 0 0 0 0 0
400	1	1 1 1 1 1 0 0 0 0 0 0 0 1 0 0 0
400	3	1 1 1 1 1 1 1 0 1 1 1 1 0 0 1 0
400	3	1 1 0 1 0 1 0 0 0 0 0 0 0 0 0 0
400	2	1 1 1 1 1 0 0 0 0 1 0 0 0 1 0 0
400	1	1 1 1 1 1 1 0 1 1 0 0 1 0 0 0 0
400	1	1 0 1 1 1 0 0 1 0 1 1 0 0 0 0 0
400	3	1 1 1 1 0 0 1 1 0 1 0 0 0 0 1 0
400	1	0 1 1 1 1 1 0 1 0 0 0 1 0 0 0 0
400	1	1 0 0 1 1 0 0 1 0 0 0 0 0 0 1 0
400	1	1 0 1 1 1 0 0 0 1 0 0 1 0 0 1 0
