0	250	0 0 0 0 0 0 0 0 0 0 0 1 0 1 1 0
0	250	0 0 0 0 0 0 1 0 0 1 0 0 0 0 0 0
0	250	1 0 0 0 0 0 1 0 0 0 0 0 0 0 0 0
0	250	0 0 1 0 1 0 0 1 0 0 0 0 0 0 0 1
8	117	0 0 0 0 0 0 0 0 0 0 0 1 0 1 1 0
8	178	0 0 0 0 0 0 1 0 0 1 0 0 0 0 0 0
8	166	1 0 0 0 0 0 1 0 0 0 0 0 0 0 0 0
8	353	0 0 1 0 1 0 0 1 0 0 0 0 0 0 0 1
8	6	0 0 0 0 0 0 0 0 0 0 0 0 0 0 0 0
8	1	0 0 0 0 1 0 0 1 0 0 0 0 0 0 0 1
8	4	0 0 0 0 0 0 1 0 0 1 0 0 0 0 0 1
8	6	0 0 0 0 0 0 0 0 1 0 0 1 0 1 1 0
8	6	0 0 1 1 1 0 0 1 0 0 0 0 0 0 0 1
8	20	0 0 1 0 0 0 0 0 0 0 0 1 0 1 1 0
8	18	0 0 1 0 1 0 0 1 0 0 0 0 0 0 0 0
8	7	1 0 0 0 0 0 1 0 0 0 0 0 0 0 0 1
8	9	1 0 0 0 0 0 1 0 0 0 0 0 1 0 0 0
8	4	1 0 1 0 1 0 0 1 0 0 0 0 0 0 0 1
8	6	0 0 1 0 1 0 0 1 0 0 0 0 0 1 0 1
8	2	1 0 0 0 0 0 1 0 0 1 0 0 0 0 0 0
8	9	1 0 0 0 1 0 0 1 0 0 0 0 0 0 0 1
8	3	0 0 1 0 1 0 1 0 0 0 0 0 0 0 0 0
8	3	0 0 1 0 0 0 1 0 0 1 0 0 0 0 0 0
8	2	0 1 0 0 0 0 0 0 0 0 0 1 0 1 1 0
8	10	0 0 0 0 0 0 0 0 0 0 0 1 1 1 1 0
8	17	0 0 1 0 1 0 1 1 0 0 0 0 0 0 0 1
8	9	0 0 0 1 0 0 1 0 0 1 0 0 0 0 0 0
8	6	0 0 1 0 1 1 0 1 0 0 0 0 0 0 0 1
8	3	0 0 0 0 0 0 1 0 0 1 0 0 0 0 1 0
8	5	0 0 1 0 1 0 0 1 0 1 0 0 0 0 0 0
8	1	0 0 0 0 0 0 0 0 0 1 0 0 0 0 0 0
8	2	1 0 0 0 0 0 1 0 0 0 0 0 0 0 1 0
8	2	1 0 0 0 0 0 1 1 0 0 0 0 0 0 0 0
8	3	1 0 0 0 0 0 1 0 0 0 0 0 0 1 0 0
8	1	0 0 1 0 1 0 0 1 0 0 1 0 0 0 0 1
8	1	0 0 1 0 0 0 0 1 0 0 0 0 0 0 0 1
8	3	0 0 1 0 1 0 0 1 0 1 0 0 0 0 0 1
8	2	0 0 0 0 0 0 0 0 0 0 0 1 0 1 0 1
8	2	0 0 0 0 0 0 0 0 0 0 0 1 0 0 0 0
8	2	0 0 0 0 0 0 1 0 0 0 0 0 0 0 0 1
8	1	0 0 1 0 1 0 0 1 1 0 0 0 0 0 0 1
8	2	1 0 0 0 0 0 1 1 0 0 1 0 0 0 0 0
8	3	0 0 0 0 0 0 0 0 0 0 0 0 0 0 0 1
8	1	0 0 0 0 0 0 1 1 0 0 0 0 0 0 0 1
8	1	0 0 1 0 1 0 0 1 0 0 0 1 0 1 1 0
8	2	1 0 0 0 1 0 0 1 0 0 0 0 0 0 0 0
8	1	0 0 0 0 1 0 1 0 0 1 0 0 0 0 0 0
45	7	0 0 0 0 0 0 0 0 0 0 0 1 0 1 1 0
45	6	0 0 0 0 0 0 1 0 0 1 0 0 0 0 0 0
45	18	1 0 0 0 0 0 1 0 0 0 0 0 0 0 0 0
45	238	0 0 1 0 1 0 0 1 0 0 0 0 0 0 0 1
45	42	0 0 1 1 1 0 0 1 0 0 0 0 0 0 0 1
45	166	0 0 1 0 1 0 0 1 0 0 0 0 0 0 0 0
45	6	1 0 1 0 1 0 0 1 0 0 0 0 0 0 0 1
45	30	0 0 1 0 1 0 1 1 0 0 0 0 0 0 0 1
45	46	0 0 1 0 1 1 0 1 0 0 0 0 0 0 0 1
45	32	1 0 0 0 0 0 1 1 0 0 0 0 0 0 0 0
45	7	0 0 1 0 0 0 0 1 0 0 0 0 0 0 0 1
45	12	0 0 1 0 1 0 0 1 1 0 0 0 0 0 0 1
45	20	0 0 1 0 1 0 0 1 0 0 0 1 0 1 1 0
45	19	1 0 0 0 1 0 0 1 0 0 0 0 0 0 0 0
45	14	0 0 1 0 1 0 0 1 0 0 0 0 0 0 1 1
45	10	1 0 0 0 0 0 0 1 0 0 0 0 0 0 0 1
45	12	0 0 0 0 0 0 1 0 0 0 0 0 1 0 0 0
45	6	0 0 1 0 1 0 0 1 0 0 0 0 0 1 0 0
45	3	0 0 0 1 0 0 1 0 0 1 0 0 0 0 1 0
45	17	1 0 0 0 1 0 0 1 0 0 0 0 0 0 0 1
45	16	0 0 0 0 0 0 1 0 0 0 0 0 0 0 0 0
45	21	0 0 0 0 0 0 0 1 0 0 0 0 0 0 0 1
45	11	0 0 1 0 1 0 0 1 0 0 1 0 0 0 0 1
45	7	0 0 0 0 0 0 1 1 0 0 0 0 0 0 0 0
45	2	0 0 1 0 0 0 0 0 0 0 0 1 1 1 1 0
45	7	1 0 0 0 0 0 0 0 0 0 0 0 0 0 0 0
45	9	0 0 1 1 1 0 0 1 0 0 0 0 0 0 0 0
45	7	0 0 1 0 1 0 0 1 0 0 0 0 0 0 1 0
45	4	0 0 1 0 0 1 1 1 0 0 0 0 0 0 0 0
45	5	1 0 1 0 0 0 0 1 0 0 0 0 0 0 0 0
45	3	0 0 0 0 0 0 1 0 0 0 0 0 1 1 0 0
45	5	1 0 0 1 0 0 1 0 0 0 0 0 0 0 0 0
45	2	0 0 0 1 0 0 1 0 0 0 0 0 0 0 0 0
45	3	1 0 0 0 0 0 1 0 0 0 0 0 0 0 0 1
45	7	0 0 0 0 1 0 1 1 0 0 0 0 0 0 0 1
45	6	0 0 1 0 1 0 0 0 0 0 0 0 0 0 0 1
45	6	0 1 1 0 1 0 0 1 0 0 0 0 0 0 0 1
45	16	0 0 1 0 0 0 1 1 1 1 0 0 0 0 0 0
45	1	0 0 0 0 0 1 1 1 0 1 0 0 0 0 0 1
45	11	0 1 1 0 1 0 0 1 0 0 0 0 0 0 1 1
45	3	0 0 1 0 1 0 0 1 0 0 0 0 1 0 0 0
45	3	0 0 0 0 0 0 1 0 0 0 0 0 1 1 0 1
45	2	0 0 1 0 1 0 0 1 0 0 0 0 1 0 0 1
45	16	1 0 0 1 0 0 1 0 0 0 0 0 0 0 0 1
45	6	0 0 0 0 1 0 0 1 0 0 0 0 0 0 0 0
45	8	0 0 1 0 0 1 1 1 0 0 0 0 0 0 0 1
45	6	1 0 1 0 1 0 0 1 0 0 0 0 0 0 0 0
45	3	0 0 1 0 1 0 1 0 0 0 0 0 1 0 0 0
45	1	1 0 0 0 0 0 1 1 0 0 0 0 0 0 0 1
45	3	1 0 1 0 1 0 0 1 0 0 0 1 0 0 0 1
45	1	0 0 1 0 0 0 0 1 1 0 0 0 0 0 0 1
45	3	0 0 0 1 0 0 1 1 0 1 0 0 0 0 1 0
45	3	1 0 0 0 0 0 1 0 0 0 0 0 0 0 1 0
45	4	1 0 1 1 1 0 0 1 0 0 0 0 0 0 0 1
45	2	0 0 1 0 1 1 0 1 0 0 0 0 0 0 0 0
45	1	0 0 1 0 0 0 0 0 0 0 0 1 1 1 0 1
45	1	0 0 0 0 0 0 1 0 0 0 0 0 0 0 1 0
45	3	1 0 0 0 1 0 1 1 0 0 0 0 0 0 0 0
45	2	0 0 0 0 0 0 0 0 0 0 0 0 1 0 0 0
45	1	0 1 1 0 1 1 0 1 0 0 0 0 0 0 0 1
45	1	0 1 1 0 1 1 0 1 0 0 0 0 0 0 1 1
45	3	1 0 0 0 0 0 0 1 0 0 0 0 1 0 0 0
45	6	0 0 1 0 1 0 0 1 1 0 0 0 0 0 0 0
45	4	0 0 1 0 1 0 0 1 0 0 1 0 0 0 0 0
45	1	0 0 1 0 1 0 1 1 1 0 0 0 0 0 0 1
45	2	0 0 1 0 0 0 1 0 0 0 0 0 1 0 0 0
45	7	0 1 1 0 1 0 0 1 0 1 0 0 0 0 0 1
45	2	1 0 0 1 1 0 0 1 0 0 0 0 0 0 0 1
45	2	0 0 0 0 0 0 1 0 0 0 0 0 0 0 0 1
45	4	0 0 0 0 0 0 0 1 0 0 0 1 0 1 1 0
45	2	0 0 1 0 1 0 0 1 0 1 0 0 0 0 0 1
45	1	0 0 1 0 1 0 0 0 1 0 0 0 0 0 0 1
45	3	0 0 1 0 1 0 0 0 0 0 0 0 1 0 0 0
45	7	0 0 1 0 0 0 0 1 0 0 0 0 0 0 0 0
45	1	0 0 0 0 0 0 0 1 0 0 0 0 0 0 0 0
45	3	0 0 0 1 0 0 1 1 0 0 0 0 0 0 0 0
45	4	0 0 0 1 1 0 0 1 0 0 0 0 0 0 0 1
45	7	1 0 0 0 0 0 0 1 0 0 0 0 0 0 0 0
45	1	0 0 1 0 0 0 1 0 1 1 0 0 0 0 0 0
45	3	0 0 1 0 0 0 1 0 0 1 0 0 0 0 0 0
45	1	0 0 1 0 1 1 0 1 0 0 0 0 1 1 0 0
45	1	0 0 0 0 0 0 1 0 0 0 0 0 0 0 1 1
45	1	0 0 1 0 1 0 0 1 0 1 0 0 0 0 1 1
45	1	0 0 1 0 1 0 0 0 0 0 1 0 0 0 0 1
85	63	0 0 1 0 1 0 0 1 0 0 0 0 0 0 0 1
85	46	0 0 1 1 1 0 0 1 0 0 0 0 0 0 0 1
85	186	0 0 1 0 1 0 0 1 0 0 0 0 0 0 0 0
85	23	0 0 1 0 1 1 0 1 0 0 0 0 0 0 0 1
85	17	1 0 0 0 0 0 1 1 0 0 0 0 0 0 0 0
85	2	0 0 1 0 1 0 0 1 0 0 0 1 0 1 1 0
85	16	1 0 0 0 1 0 0 1 0 0 0 0 0 0 0 0
85	13	0 0 1 1 1 0 0 1 0 0 0 0 0 0 0 0
85	14	1 0 1 0 0 0 0 1 0 0 0 0 0 0 0 0
85	19	1 0 0 1 0 0 1 0 0 0 0 0 0 0 0 0
85	9	0 0 1 0 0 0 1 1 1 1 0 0 0 0 0 0
85	4	0 0 0 0 0 1 1 1 0 1 0 0 0 0 0 1
85	3	0 1 1 0 1 0 0 1 0 0 0 0 0 0 1 1
85	10	0 0 1 0 1 0 0 1 0 0 0 0 1 0 0 0
85	7	1 0 0 1 0 0 1 0 0 0 0 0 0 0 0 1
85	2	0 0 0 0 1 0 0 1 0 0 0 0 0 0 0 0
85	41	1 0 1 0 1 0 0 1 0 0 0 0 0 0 0 0
85	3	0 0 0 1 0 0 1 1 0 1 0 0 0 0 1 0
85	1	1 0 0 1 1 0 0 1 0 0 0 0 0 0 0 1
85	2	0 0 1 0 1 0 0 1 0 1 0 0 0 0 0 1
85	62	0 0 1 0 0 0 0 1 0 0 0 0 0 0 0 0
85	9	1 0 1 0 0 0 1 1 0 0 0 0 0 0 0 0
85	23	0 0 0 0 0 0 0 1 0 0 0 0 0 1 0 1
85	7	1 0 0 0 1 0 0 1 0 0 0 0 0 1 0 0
85	8	1 0 1 0 1 0 0 1 0 0 0 0 1 0 0 0
85	17	0 0 1 0 0 0 0 1 0 0 0 0 0 0 0 1
85	28	0 0 1 0 0 0 0 1 0 1 0 0 0 0 0 0
85	13	0 0 0 0 0 0 1 1 1 0 0 0 0 0 0 0
85	30	0 1 0 0 0 0 0 1 0 0 0 0 0 1 0 1
85	5	0 0 1 0 0 0 0 1 0 0 0 0 0 0 1 0
85	14	0 0 1 0 0 0 1 1 0 0 0 0 0 0 0 0
85	1	0 0 1 0 0 0 1 1 0 1 0 0 0 0 1 0
85	13	0 0 1 0 0 0 0 1 0 0 0 1 0 0 0 0
85	21	0 0 1 0 0 0 0 1 0 0 0 0 1 0 0 0
85	10	0 0 1 0 1 0 0 1 0 0 0 0 1 1 0 0
85	7	0 1 1 0 1 0 0 1 0 0 0 0 0 0 0 0
85	5	0 0 0 0 1 0 0 1 0 0 0 0 0 0 0 1
85	20	0 0 1 0 0 0 0 1 1 1 0 0 0 0 0 0
85	1	0 0 0 0 0 0 1 1 0 0 0 0 1 1 0 0
85	3	0 0 1 0 1 0 0 1 0 1 0 0 0 0 0 0
85	12	0 0 1 0 0 0 0 1 0 0 0 0 1 0 1 0
85	10	0 0 1 0 1 0 0 1 0 0 0 1 0 0 0 0
85	3	0 0 0 1 0 0 1 0 0 0 0 0 0 0 0 0
85	5	1 0 1 0 0 1 0 1 0 0 0 0 0 0 0 0
85	17	0 1 1 1 1 0 0 1 0 0 0 0 0 0 0 1
85	5	1 0 0 1 1 0 0 1 0 0 0 0 0 0 1 1
85	11	0 1 1 0 0 0 1 1 0 1 0 0 0 0 1 0
85	7	0 0 0 0 0 0 0 0 0 0 0 0 0 0 0 0
85	2	1 0 0 0 0 0 0 1 0 0 0 0 0 0 0 1
85	4	0 1 1 1 1 0 0 1 0 0 0 0 0 0 0 0
85	9	0 0 1 0 1 1 0 1 1 0 0 0 0 0 0 1
85	8	0 0 1 1 0 0 1 1 1 1 0 0 0 0 0 0
85	7	1 0 0 1 1 0 1 0 0 0 0 0 0 0 0 1
85	2	0 0 1 1 0 0 0 1 0 1 0 0 0 0 0 0
85	3	0 0 1 0 1 0 1 1 0 0 0 0 0 0 0 0
85	7	0 0 0 0 0 0 1 0 0 1 0 0 1 1 0 0
85	7	0 0 1 1 0 0 0 1 1 1 0 0 0 0 0 0
85	2	0 0 1 1 0 0 0 1 0 0 0 0 0 0 0 1
85	2	0 0 0 0 0 0 0 1 1 1 0 0 0 0 0 0
85	2	0 0 0 1 1 0 0 1 0 0 0 1 0 0 0 1
85	4	0 0 1 0 1 0 0 1 0 0 1 0 0 0 0 0
85	2	0 0 1 0 1 0 0 1 0 0 1 0 0 0 0 1
85	4	1 0 0 0 0 0 0 1 0 0 0 0 0 0 0 0
85	8	1 0 0 1 0 0 1 0 0 0 0 1 0 0 0 0
85	1	0 0 0 1 0 0 1 1 0 1 0 0 1 0 1 0
85	2	0 0 0 0 0 0 1 1 0 1 0 0 0 0 1 0
85	4	1 0 0 0 1 0 0 1 0 0 0 0 0 0 0 1
85	6	1 0 1 0 0 0 0 1 0 0 1 0 0 0 0 0
85	1	1 0 1 0 1 0 0 0 0 0 0 0 0 0 0 0
85	2	1 0 1 0 0 0 1 1 0 0 1 0 0 0 0 0
85	4	1 0 1 0 0 0 0 1 0 0 0 1 0 0 0 0
85	11	0 0 0 1 0 0 1 1 1 0 0 1 0 0 0 0
85	3	0 0 1 1 1 0 1 1 1 1 0 0 0 0 0 0
85	1	0 0 1 0 0 0 1 1 1 1 0 1 0 0 0 0
85	3	0 0 0 0 0 0 0 1 0 1 0 0 0 1 0 1
85	2	0 0 1 0 0 0 1 1 1 0 0 0 0 0 0 0
85	1	1 0 0 1 1 0 0 1 0 0 0 0 0 0 0 0
85	3	1 0 0 0 1 1 0 1 0 0 0 0 0 0 0 0
85	2	0 1 0 1 0 0 1 1 0 1 0 0 0 0 1 0
85	2	0 0 1 0 0 0 0 1 0 1 0 0 1 0 0 0
85	2	0 0 1 0 0 0 0 1 0 1 0 0 0 1 0 1
85	1	0 0 1 1 0 0 0 1 0 0 0 0 0 1 0 1
85	1	0 0 1 0 1 0 1 0 0 0 0 0 0 0 0 1
85	1	0 0 1 0 1 0 0 1 0 0 0 0 1 0 0 1
85	1	1 0 1 0 1 1 0 1 0 0 0 0 0 0 0 1
85	2	0 0 1 0 0 1 0 1 0 0 0 0 0 0 0 1
85	1	1 0 1 1 0 0 0 1 0 0 0 0 0 0 0 0
85	2	0 0 0 0 0 0 0 0 0 0 0 0 0 1 0 1
85	1	0 1 0 0 0 0 0 1 0 1 0 0 0 1 0 1
85	3	0 0 1 0 0 0 0 1 1 1 0 0 1 0 0 0
85	3	1 0 0 1 1 0 0 0 0 0 0 0 0 0 0 1
85	3	1 0 0 0 1 0 1 1 0 0 1 0 1 0 0 0
85	2	1 0 1 0 0 0 1 1 1 0 0 0 0 0 0 0
85	1	0 0 0 1 0 0 1 0 0 0 0 1 0 0 0 0
85	1	0 0 1 0 0 0 0 1 0 1 0 0 0 0 1 0
85	2	0 0 1 0 1 0 0 0 0 0 0 0 0 0 0 1
85	2	0 0 1 0 1 0 0 1 0 0 0 0 0 0 1 0
85	2	1 0 0 0 0 0 0 1 0 0 1 0 0 0 0 1
154	5	0 0 1 1 1 0 0 1 0 0 0 0 0 0 0 1
154	65	0 0 1 0 1 0 0 1 0 0 0 0 0 0 0 0
154	78	0 0 1 1 1 0 0 1 0 0 0 0 0 0 0 0
154	26	1 0 1 0 1 0 0 1 0 0 0 0 0 0 0 0
154	23	0 0 1 0 0 0 0 1 0 0 0 0 0 0 0 0
154	8	0 0 1 0 0 0 1 1 0 0 0 0 0 0 0 0
154	23	0 0 1 0 1 0 0 1 0 1 0 0 0 0 0 0
154	9	0 0 0 1 0 0 1 1 1 0 0 1 0 0 0 0
154	2	0 0 1 0 1 1 1 1 0 0 0 0 0 0 0 1
154	25	1 1 1 0 1 0 0 1 0 0 0 0 1 0 0 0
154	27	0 0 1 1 0 0 0 1 0 0 0 0 0 0 0 1
154	5	0 0 1 1 1 0 1 1 0 0 0 0 0 0 0 0
154	6	0 1 1 1 1 0 0 1 0 1 1 0 0 0 0 0
154	4	0 0 1 0 1 0 0 1 0 0 0 0 0 1 0 0
154	19	0 0 1 0 0 0 0 0 0 0 0 0 1 0 0 0
154	3	0 0 1 1 0 0 0 1 1 0 0 0 0 0 0 1
154	2	0 0 1 0 0 0 0 1 1 0 0 0 0 0 0 0
154	7	0 0 1 0 0 0 0 1 0 0 0 1 0 0 0 0
154	16	0 1 1 1 1 0 1 1 0 0 1 0 0 0 0 0
154	9	0 0 1 0 1 0 0 1 1 0 0 0 0 0 0 0
154	97	0 0 1 1 1 0 0 0 0 0 0 0 0 0 0 0
154	13	0 0 1 1 0 0 1 0 0 0 0 0 0 0 0 0
154	11	0 0 1 1 1 0 0 1 0 1 0 0 0 0 0 1
154	28	0 0 1 1 1 0 1 1 0 0 0 0 1 0 0 0
154	13	0 1 1 1 1 0 0 1 0 0 1 0 0 0 0 0
154	22	0 0 1 1 1 1 0 1 0 0 0 0 0 0 0 0
154	6	0 0 1 0 1 0 0 0 1 0 0 0 0 0 0 1
154	8	0 1 1 1 1 0 0 1 0 0 0 0 0 0 0 0
154	4	0 0 1 1 1 0 0 1 0 0 0 0 0 0 1 0
154	32	1 0 0 1 0 0 1 1 1 0 0 1 0 0 0 0
154	23	1 1 1 0 1 1 0 1 0 0 0 0 1 0 0 0
154	12	0 0 1 0 1 1 0 1 0 0 0 1 0 0 0 0
154	5	0 1 1 1 1 0 0 1 0 0 0 0 0 0 0 1
154	13	0 0 1 1 0 0 1 1 1 0 0 0 0 0 0 0
154	3	0 0 1 0 0 0 0 0 0 0 0 0 1 1 0 1
154	34	0 0 1 0 1 0 0 1 0 0 0 0 0 0 1 0
154	12	0 0 1 1 1 0 0 1 0 1 0 0 0 0 0 0
154	15	0 0 1 1 0 0 1 1 0 0 1 0 0 0 0 0
154	10	0 0 0 1 0 0 1 1 0 0 0 0 0 0 0 0
154	11	0 0 1 1 0 0 0 1 0 0 0 0 0 0 0 0
154	2	0 0 0 0 1 0 0 1 0 1 0 0 0 0 0 0
154	4	1 0 1 0 1 0 0 1 0 1 0 0 0 1 0 1
154	2	0 0 1 0 0 0 0 1 0 1 0 0 0 0 0 0
154	15	0 0 0 1 0 0 1 0 1 0 0 1 0 0 0 0
154	1	0 0 1 0 0 0 1 1 0 1 1 0 0 0 0 0
154	27	1 1 1 0 1 0 0 1 0 0 0 0 0 1 0 0
154	12	1 1 1 1 1 0 0 0 0 0 0 0 0 0 0 0
154	4	0 0 1 0 0 0 1 1 1 0 0 0 0 0 0 0
154	26	0 0 0 1 1 0 0 0 0 0 0 0 0 0 0 0
154	8	0 0 1 1 1 0 1 1 1 0 0 0 1 0 0 0
154	12	0 1 0 1 0 0 0 1 0 1 0 1 0 1 0 1
154	12	0 0 1 0 1 1 1 1 0 0 0 0 0 0 0 0
154	3	1 1 1 0 1 0 0 1 0 0 0 0 0 0 0 0
154	7	0 0 1 0 1 0 0 0 0 0 0 0 0 0 0 0
154	4	0 1 1 0 1 0 0 1 1 0 0 0 0 1 0 1
154	7	0 0 0 1 0 0 0 1 1 0 0 1 0 0 0 0
154	8	0 0 0 1 0 0 1 1 0 0 0 0 0 0 0 1
154	3	0 0 1 0 1 1 0 1 0 0 0 0 0 0 1 0
154	3	0 0 1 1 1 0 0 1 0 0 0 0 0 1 0 0
154	7	0 0 1 1 1 0 0 1 0 0 0 0 1 0 0 0
154	6	0 0 1 0 1 0 1 1 0 0 0 1 0 0 0 0
154	2	0 0 1 0 1 1 1 1 0 0 0 0 0 1 0 0
154	8	1 0 1 1 1 0 0 0 0 0 0 0 0 0 0 0
154	4	0 0 1 1 0 0 1 1 1 0 0 1 0 0 0 0
154	2	0 0 0 0 1 0 0 1 0 0 0 0 0 0 1 0
154	6	1 1 1 1 1 0 0 0 1 0 0 0 0 0 0 0
154	5	0 1 1 0 1 0 0 1 0 0 0 0 0 0 0 0
154	5	0 0 1 1 1 0 0 1 1 0 0 0 0 0 0 0
154	1	0 1 0 1 1 0 0 1 0 0 1 0 0 0 0 0
154	2	0 0 1 1 0 0 1 1 0 0 0 0 0 0 0 1
154	4	0 0 1 1 1 0 0 1 0 0 0 1 0 0 0 0
154	2	0 0 1 0 1 0 1 1 0 0 0 0 0 0 0 1
154	1	0 0 1 0 1 0 1 0 0 0 0 0 0 0 0 0
154	2	0 0 1 0 0 0 1 1 0 0 0 0 0 1 0 0
154	2	1 0 0 1 0 0 1 1 0 0 0 1 0 0 0 0
154	3	1 1 1 0 1 1 1 1 0 0 0 0 1 0 0 0
154	1	0 0 0 1 0 0 1 1 0 0 0 1 0 0 0 0
154	1	0 0 0 1 0 0 1 1 1 0 0 0 0 0 0 0
154	1	0 0 1 0 1 0 0 1 0 1 0 0 0 0 0 1
154	4	1 1 1 0 1 0 0 1 1 0 0 1 0 0 0 0
154	1	1 0 0 0 1 0 0 1 0 0 0 0 0 0 0 0
154	2	0 1 1 0 0 0 1 1 0 0 0 0 0 0 0 0
154	1	0 0 1 1 0 0 0 1 0 0 0 0 0 0 1 1
154	3	0 0 1 0 1 0 1 1 1 0 0 0 0 0 0 0
154	1	0 0 1 1 1 0 0 0 0 0 0 0 0 1 0 0
154	2	0 1 1 1 1 0 0 0 0 0 0 0 0 0 0 0
154	1	0 0 1 1 1 0 1 1 0 0 0 0 1 1 0 0
154	1	1 0 1 1 0 0 1 1 1 0 0 1 0 0 0 0
154	1	0 0 1 1 0 0 1 1 1 1 0 0 0 0 0 0
154	6	0 0 1 0 1 0 0 1 0 0 0 0 0 0 1 1
154	2	1 1 1 0 1 0 0 1 0 0 1 0 0 1 0 0
154	4	1 1 1 0 1 0 0 1 0 1 0 0 0 0 0 0
154	1	0 1 0 1 0 0 1 1 1 0 0 1 0 0 0 0
154	4	0 1 1 0 1 0 0 1 0 1 0 0 0 0 0 0
154	1	0 0 1 0 1 0 0 1 0 1 0 0 1 0 0 0
154	1	1 0 1 0 1 0 0 1 0 0 0 0 1 0 0 0
154	3	0 0 1 0 1 0 0 1 1 0 0 0 0 0 1 0
154	1	0 0 0 0 1 1 1 1 0 0 0 0 0 1 0 0
154	1	1 0 1 1 1 0 0 0 1 0 0 0 0 0 0 0
239	37	0 0 1 1 1 0 0 1 0 0 0 0 0 0 0 0
239	9	0 0 1 0 1 0 0 1 0 1 0 0 0 0 0 0
239	21	0 1 1 1 1 0 1 1 0 0 1 0 0 0 0 0
239	26	0 0 1 1 1 0 0 0 0 0 0 0 0 0 0 0
239	69	0 0 1 1 0 0 1 0 0 0 0 0 0 0 0 0
239	26	0 0 1 1 1 1 0 1 0 0 0 0 0 0 0 0
239	25	0 0 1 1 1 0 0 1 0 0 0 0 0 0 1 0
239	17	1 1 1 0 1 1 0 1 0 0 0 0 1 0 0 0
239	12	0 0 1 1 0 0 0 1 0 0 0 0 0 0 0 0
239	27	1 1 1 1 1 0 0 0 0 0 0 0 0 0 0 0
239	13	1 1 1 1 1 0 0 0 1 0 0 0 0 0 0 0
239	10	0 0 1 1 1 1 1 0 0 0 0 0 0 0 0 0
239	12	0 0 1 1 1 0 1 1 0 0 1 0 0 0 0 0
239	12	1 1 1 0 1 0 0 1 0 0 0 0 0 0 0 0
239	24	1 0 0 1 1 0 0 1 0 1 0 0 0 0 0 0
239	10	0 0 1 1 1 1 0 1 0 0 0 0 1 0 0 0
239	6	1 1 1 0 1 0 0 1 0 0 0 0 1 0 0 0
239	3	0 0 1 1 1 0 1 1 1 0 1 0 0 0 0 0
239	11	1 1 1 1 1 1 0 1 0 0 0 0 1 0 0 0
239	16	0 0 1 1 1 0 0 1 0 0 0 0 0 0 0 1
239	9	1 1 1 0 1 0 0 0 0 0 0 0 0 0 0 0
239	39	1 1 0 1 1 0 0 1 0 1 0 0 0 0 0 0
239	9	0 0 1 1 1 1 0 1 0 1 0 0 0 0 0 0
239	4	1 1 1 1 1 0 0 0 0 1 0 0 0 0 0 0
239	5	1 1 1 0 1 0 0 1 0 1 0 0 0 0 0 0
239	7	1 1 1 0 1 0 0 1 0 0 0 0 0 0 1 0
239	9	0 0 1 1 0 0 0 1 0 1 0 0 0 0 0 0
239	9	1 1 1 0 1 0 0 0 0 0 0 0 1 0 0 1
239	25	1 1 1 1 1 0 1 1 0 0 0 0 0 0 1 0
239	15	1 0 1 1 0 0 0 1 0 0 0 0 0 0 0 0
239	12	0 0 0 1 1 0 0 0 0 0 0 0 0 0 0 0
239	3	0 0 1 1 1 0 0 1 0 0 0 0 0 1 0 0
239	6	0 1 1 1 1 0 1 1 0 0 1 0 1 0 0 0
239	22	0 0 1 1 1 0 0 0 0 0 0 1 0 0 0 0
239	8	0 0 1 0 1 1 0 1 0 0 0 0 1 0 0 0
239	30	0 1 1 0 1 1 0 1 1 1 0 1 0 1 0 0
239	6	0 0 0 1 1 0 0 0 0 0 0 0 1 0 0 0
239	13	0 1 1 0 1 1 0 1 0 0 1 0 0 0 0 0
239	3	0 1 1 0 1 1 0 1 1 1 0 1 0 0 0 1
239	1	0 0 1 1 0 0 0 0 0 0 0 0 0 0 0 0
239	3	1 0 1 0 1 0 0 1 0 1 0 0 0 0 0 0
239	5	1 1 1 0 1 0 0 1 1 0 0 0 0 0 0 0
239	7	1 1 1 1 0 0 0 0 1 0 0 0 0 0 0 0
239	14	0 0 0 1 1 1 0 0 0 0 0 0 0 0 0 0
239	7	0 0 1 1 1 0 0 1 1 0 0 0 0 0 0 0
239	9	0 1 1 1 1 0 0 1 0 0 0 0 0 0 1 0
239	10	1 0 1 1 0 0 1 1 0 0 0 0 0 0 0 0
239	25	1 1 1 1 1 0 0 1 0 0 0 0 0 0 0 0
239	12	1 1 1 1 1 0 1 1 0 0 0 1 0 0 0 0
239	16	1 1 1 1 1 0 1 1 0 0 0 0 0 0 0 0
239	1	1 0 1 1 0 0 1 0 0 0 0 0 0 0 0 0
239	2	0 0 1 1 0 0 1 0 0 0 0 0 0 1 0 0
239	12	1 1 1 1 1 1 0 1 0 0 0 0 0 0 0 0
239	9	1 1 1 1 1 1 0 1 1 0 1 0 0 0 0 0
239	3	0 1 1 1 1 0 0 1 0 0 1 0 0 0 0 0
239	6	1 1 1 0 1 0 1 1 0 0 0 0 1 0 0 0
239	14	0 1 0 0 1 1 0 1 1 0 0 1 0 0 0 1
239	1	0 0 1 1 1 0 1 1 0 0 0 0 0 0 0 0
239	8	0 1 1 1 0 0 0 1 0 1 0 0 0 0 0 0
239	5	1 1 1 0 1 0 1 1 0 1 0 0 0 0 1 0
239	2	0 0 1 0 1 0 0 0 0 0 0 0 0 1 0 0
239	18	1 0 0 1 1 0 0 1 0 1 0 0 0 0 0 1
239	6	0 0 1 1 1 1 0 1 0 0 0 0 0 0 0 1
239	1	0 1 1 0 1 1 0 1 1 0 0 1 0 0 0 1
239	22	1 1 1 1 1 0 0 0 1 0 1 0 0 0 0 0
239	11	1 1 1 0 1 0 0 1 0 0 1 0 0 0 0 0
239	4	1 1 1 1 1 0 0 0 0 0 0 0 0 0 1 0
239	8	0 0 1 1 1 0 1 0 1 0 0 0 0 0 0 0
239	10	1 1 1 1 1 1 1 1 0 0 0 0 0 0 1 0
239	4	0 0 1 1 0 0 0 1 0 0 0 0 0 1 0 0
239	11	0 1 0 1 1 0 1 1 0 0 1 0 1 0 0 0
239	7	1 0 0 1 0 0 0 1 0 1 0 0 0 0 0 0
239	1	0 0 1 1 1 1 1 1 0 1 0 0 0 0 0 0
239	15	1 1 1 1 1 0 0 1 0 0 0 0 0 0 1 0
239	5	1 1 1 1 1 0 1 1 0 1 0 0 0 0 1 0
239	2	0 1 1 0 1 1 0 1 1 0 0 0 0 0 0 0
239	2	0 1 1 0 1 1 0 1 1 1 0 1 0 0 0 0
239	2	0 0 1 1 1 0 0 1 0 0 0 0 1 0 0 0
239	2	1 1 0 1 1 0 0 0 1 0 0 0 0 0 0 0
239	7	0 0 1 1 1 1 1 0 0 1 0 0 0 0 0 0
239	2	1 0 1 1 1 0 0 1 0 0 0 0 0 0 0 0
239	1	1 1 0 0 1 0 0 1 0 1 0 0 0 0 0 0
239	1	0 1 1 1 1 1 0 1 0 1 0 0 0 0 0 0
239	1	1 1 0 1 1 0 1 1 0 0 1 0 1 0 0 0
239	2	0 1 1 1 1 0 1 1 0 0 0 0 0 0 0 0
239	1	0 0 1 1 0 0 0 1 0 1 0 1 0 0 0 0
239	1	1 1 1 1 0 1 0 1 1 0 1 0 0 0 0 0
239	4	1 1 1 1 1 1 0 1 0 0 0 0 0 0 1 0
239	8	0 1 0 0 1 1 0 1 1 0 1 0 0 0 0 0
239	5	0 0 1 1 1 0 0 1 0 1 0 0 0 0 0 0
239	6	0 1 1 1 1 0 1 0 0 0 1 0 0 0 0 0
239	4	1 1 1 1 1 0 0 0 0 0 1 0 0 0 0 0
239	2	1 1 1 0 1 0 0 1 0 1 0 0 0 1 0 0
239	1	0 0 0 1 0 0 0 1 0 1 0 0 0 0 0 0
239	3	1 1 1 0 1 1 0 1 0 0 0 0 0 0 0 0
239	1	0 0 1 1 0 0 1 0 0 1 0 0 0 0 0 0
239	1	1 1 1 1 1 1 0 0 0 0 0 0 1 0 0 0
239	2	1 1 1 1 1 0 0 1 0 0 1 0 0 0 0 0
239	3	0 0 1 1 1 0 1 1 0 0 1 0 0 1 1 0
239	1	0 0 1 0 1 0 0 1 0 0 0 0 0 0 0 0
239	3	1 1 1 1 0 1 0 1 1 0 0 0 0 0 0 0
239	1	0 0 1 0 1 0 0 1 0 1 0 0 1 0 0 0
239	2	0 0 1 1 1 1 1 1 0 0 0 0 0 0 0 0
239	3	1 1 1 1 1 0 1 1 0 0 0 1 1 0 0 0
239	1	0 1 1 1 1 0 1 1 0 0 0 0 0 0 0 1
239	2	1 1 1 1 1 0 0 1 1 0 0 0 0 0 0 0
239	1	0 1 1 1 1 0 1 1 0 0 1 0 0 0 0 1
239	1	0 0 1 0 1 0 1 1 1 0 1 0 0 0 0 0
239	2	1 1 1 1 1 0 0 0 0 1 0 0 0 0 1 0
239	1	0 0 1 0 1 0 0 1 0 0 0 0 1 0 0 0
239	2	0 0 1 1 1 0 0 1 1 0 0 1 0 0 0 0
239	1	1 1 1 1 1 0 1 1 0 1 0 1 0 0 0 0
252	15	0 0 1 1 1 0 0 1 0 0 0 0 0 0 0 0
252	6	0 0 1 0 1 0 0 1 0 1 0 0 0 0 0 0
252	34	0 1 1 1 1 0 1 1 0 0 1 0 0 0 0 0
252	15	0 0 1 1 1 0 0 0 0 0 0 0 0 0 0 0
252	59	0 0 1 1 0 0 1 0 0 0 0 0 0 0 0 0
252	24	0 0 1 1 1 1 0 1 0 0 0 0 0 0 0 0
252	8	0 0 1 1 1 0 0 1 0 0 0 0 0 0 1 0
252	10	1 1 1 0 1 1 0 1 0 0 0 0 1 0 0 0
252	61	1 1 1 1 1 0 0 0 0 0 0 0 0 0 0 0
252	7	1 1 1 1 1 0 0 0 1 0 0 0 0 0 0 0
252	3	0 0 1 1 1 1 1 0 0 0 0 0 0 0 0 0
252	2	0 0 1 1 1 0 1 1 0 0 1 0 0 0 0 0
252	11	1 1 1 0 1 0 0 1 0 0 0 0 0 0 0 0
252	7	1 0 0 1 1 0 0 1 0 1 0 0 0 0 0 0
252	8	0 0 1 1 1 1 0 1 0 0 0 0 1 0 0 0
252	1	1 1 1 0 1 0 0 1 0 0 0 0 1 0 0 0
252	15	0 0 1 1 1 0 0 1 0 0 0 0 0 0 0 1
252	20	1 1 1 0 1 0 0 0 0 0 0 0 0 0 0 0
252	19	1 1 0 1 1 0 0 1 0 1 0 0 0 0 0 0
252	10	0 0 1 1 1 1 0 1 0 1 0 0 0 0 0 0
252	12	0 0 1 1 0 0 0 1 0 1 0 0 0 0 0 0
252	7	1 1 1 0 1 0 0 0 0 0 0 0 1 0 0 1
252	32	1 1 1 1 1 0 1 1 0 0 0 0 0 0 1 0
252	6	1 0 1 1 0 0 0 1 0 0 0 0 0 0 0 0
252	7	0 0 0 1 1 0 0 0 0 0 0 0 0 0 0 0
252	21	0 0 1 1 1 0 0 0 0 0 0 1 0 0 0 0
252	8	0 0 1 0 1 1 0 1 0 0 0 0 1 0 0 0
252	12	0 1 1 0 1 1 0 1 1 1 0 1 0 1 0 0
252	1	0 0 0 1 1 0 0 0 0 0 0 0 1 0 0 0
252	4	0 1 1 0 1 1 0 1 0 0 1 0 0 0 0 0
252	16	0 0 0 1 1 1 0 0 0 0 0 0 0 0 0 0
252	4	0 0 1 1 1 0 0 1 1 0 0 0 0 0 0 0
252	28	0 1 1 1 1 0 0 1 0 0 0 0 0 0 1 0
252	5	1 0 1 1 0 0 1 1 0 0 0 0 0 0 0 0
252	46	1 1 1 1 1 0 0 1 0 0 0 0 0 0 0 0
252	12	1 1 1 1 1 0 1 1 0 0 0 1 0 0 0 0
252	7	1 1 1 1 1 0 1 1 0 0 0 0 0 0 0 0
252	5	1 1 1 1 1 1 0 1 1 0 1 0 0 0 0 0
252	2	0 1 1 1 1 0 0 1 0 0 1 0 0 0 0 0
252	1	0 1 0 0 1 1 0 1 1 0 0 1 0 0 0 1
252	12	0 1 1 1 0 0 0 1 0 1 0 0 0 0 0 0
252	12	1 0 0 1 1 0 0 1 0 1 0 0 0 0 0 1
252	47	1 1 1 1 1 0 0 0 1 0 1 0 0 0 0 0
252	5	1 1 1 1 1 0 0 0 0 0 0 0 0 0 1 0
252	16	0 0 1 1 1 0 1 0 1 0 0 0 0 0 0 0
252	1	1 1 1 1 1 1 1 1 0 0 0 0 0 0 1 0
252	2	0 0 1 1 0 0 0 1 0 0 0 0 0 1 0 0
252	9	1 0 0 1 0 0 0 1 0 1 0 0 0 0 0 0
252	10	0 0 1 1 1 1 1 1 0 1 0 0 0 0 0 0
252	7	1 1 1 1 1 0 0 1 0 0 0 0 0 0 1 0
252	20	1 1 1 1 1 0 1 1 0 1 0 0 0 0 1 0
252	5	0 1 1 0 1 1 0 1 1 1 0 1 0 0 0 0
252	13	0 0 1 1 1 1 1 0 0 1 0 0 0 0 0 0
252	15	1 1 0 1 1 0 1 1 0 0 1 0 1 0 0 0
252	7	1 1 1 1 1 1 0 0 0 0 0 0 1 0 0 0
252	11	1 1 1 1 1 0 0 1 0 0 1 0 0 0 0 0
252	13	1 1 1 1 1 0 1 1 0 0 0 1 1 0 0 0
252	1	0 0 1 1 1 0 0 1 0 0 0 0 1 0 0 1
252	1	1 1 1 1 1 0 0 0 1 0 1 0 0 0 1 0
252	12	0 0 1 1 1 0 0 1 0 0 0 0 0 1 0 1
252	3	1 1 1 0 1 0 0 1 0 1 1 0 0 0 0 0
252	11	1 1 1 0 0 0 0 0 1 0 0 0 0 0 0 0
252	14	1 1 1 0 1 1 0 0 0 1 0 0 0 0 0 0
252	10	1 1 1 1 1 0 0 1 0 1 0 0 0 0 0 0
252	17	1 1 1 1 0 0 0 0 0 0 0 0 0 0 0 0
252	2	0 1 0 0 1 1 0 1 1 1 0 1 0 0 0 1
252	8	0 1 0 0 1 1 0 1 0 0 0 0 0 0 1 0
252	7	0 0 1 0 1 0 1 1 0 0 0 1 1 0 0 0
252	1	0 0 1 0 0 0 1 0 0 0 0 0 0 0 0 0
252	2	0 1 1 1 1 1 0 1 1 1 0 1 0 1 0 0
252	8	1 0 0 1 1 0 0 0 0 0 0 0 0 0 0 0
252	3	0 0 1 1 1 1 0 1 0 0 0 0 0 0 1 0
252	6	0 0 0 1 0 0 1 1 0 1 0 0 0 0 0 0
252	2	0 0 1 0 1 0 0 1 1 0 0 0 1 0 0 0
252	3	1 1 1 1 1 1 1 0 0 1 0 0 0 0 0 0
252	7	1 0 0 1 1 0 1 0 0 0 0 0 0 0 0 0
252	2	0 1 1 1 1 1 1 0 0 1 0 0 0 0 0 0
252	6	0 1 1 0 1 0 0 0 0 0 0 0 1 0 0 1
252	10	1 1 1 1 1 1 0 1 0 0 0 0 0 0 0 0
252	7	0 1 0 0 1 1 0 1 0 1 0 0 0 0 0 0
252	3	1 0 1 1 1 0 0 1 0 0 0 0 0 0 0 1
252	6	0 1 1 1 0 0 0 1 0 0 1 0 0 0 0 0
252	4	0 0 1 1 1 0 0 1 0 1 0 0 0 0 0 0
252	1	1 1 1 1 1 0 0 0 1 0 0 0 0 0 1 0
252	2	1 0 0 1 1 0 0 1 0 1 0 1 0 0 0 0
252	1	0 0 1 1 1 0 0 1 1 0 0 0 0 0 1 0
252	3	0 1 1 1 1 0 1 1 0 0 0 1 1 0 0 0
252	2	1 1 0 1 1 0 0 1 0 1 0 0 0 0 1 0
252	4	1 1 0 1 1 0 0 1 0 1 1 0 0 0 0 0
252	2	0 0 1 1 1 1 1 1 0 1 0 0 0 1 0 0
252	6	1 0 0 1 0 0 1 1 0 1 0 0 0 0 0 0
252	2	1 1 0 1 1 0 1 0 0 0 0 0 0 0 0 0
252	1	0 1 1 0 1 0 0 0 1 0 1 0 0 0 1 0
252	1	1 1 1 1 1 0 1 1 0 0 0 0 1 0 0 0
252	1	0 0 0 1 0 0 1 0 0 0 0 0 1 0 0 1
252	3	0 0 1 1 1 1 0 1 0 0 1 0 0 0 0 0
252	1	0 1 1 1 1 1 0 1 0 0 0 0 0 0 1 0
252	1	0 0 1 0 0 0 0 1 0 0 0 0 0 1 0 0
252	3	1 1 1 1 1 0 1 1 0 1 1 0 0 0 1 0
252	1	0 1 1 1 1 1 1 1 1 0 1 0 0 0 0 0
252	4	0 0 1 0 0 1 1 0 0 0 0 0 0 0 0 0
252	2	1 0 1 1 1 0 0 1 0 0 0 0 0 0 0 0
252	2	1 1 1 1 1 1 0 1 0 1 0 0 0 0 0 0
252	4	1 1 1 1 1 0 0 0 1 0 0 1 1 0 0 0
252	1	1 1 1 1 1 0 1 1 1 0 1 0 0 0 0 0
252	1	1 0 1 0 1 0 0 0 0 0 0 0 1 0 0 1
252	1	0 0 1 0 1 0 0 1 0 0 0 0 0 0 0 0
252	4	0 0 1 1 0 0 1 0 0 0 0 0 0 1 0 0
252	1	0 0 1 1 1 0 0 1 0 0 1 0 0 0 1 0
252	2	1 1 0 1 1 0 0 1 0 1 0 1 0 0 0 0
252	2	0 0 1 1 1 1 0 0 0 0 0 1 0 0 0 0
252	3	1 1 1 1 1 1 0 1 0 0 0 0 0 0 1 0
252	4	1 1 1 1 1 0 0 1 0 1 1 0 0 0 0 0
252	1	0 0 1 0 0 0 0 0 0 0 0 0 0 0 0 0
252	1	1 0 0 1 1 0 0 1 0 1 0 0 0 0 1 0
350	10	1 1 1 1 1 0 0 0 0 0 0 0 0 0 0 0
350	10	1 1 0 1 1 0 0 1 0 1 0 0 0 0 0 0
350	98	1 1 1 1 1 0 0 1 0 0 0 0 0 0 0 0
350	56	1 1 1 1 1 0 0 0 1 0 1 0 0 0 0 0
350	13	1 1 1 1 1 0 0 1 0 0 0 0 0 0 1 0
350	11	1 1 0 1 1 0 1 1 0 0 1 0 1 0 0 0
350	78	1 1 1 1 1 0 0 1 0 1 0 0 0 0 0 0
350	39	1 1 1 1 0 0 0 0 0 0 0 0 0 0 0 0
350	4	0 1 1 1 1 1 1 0 0 1 0 0 0 0 0 0
350	57	1 1 1 1 1 0 1 1 0 0 1 0 0 0 0 0
350	2	1 1 1 1 1 0 0 0 1 0 1 0 1 0 0 0
350	56	1 1 1 1 1 0 0 0 1 0 0 0 0 0 0 0
350	18	0 1 1 1 1 0 0 1 0 0 0 0 0 0 0 0
350	39	1 1 1 1 0 0 0 1 0 0 0 0 0 0 0 0
350	18	1 1 0 1 1 0 0 1 0 0 0 0 0 0 0 0
350	9	0 1 1 1 1 0 0 0 1 0 0 0 0 1 0 0
350	6	1 0 1 1 0 0 0 0 1 0 0 0 0 0 0 0
350	1	1 1 1 0 1 0 0 1 0 0 0 0 0 0 1 0
350	11	1 1 1 1 1 0 0 1 0 0 1 0 0 0 1 0
350	34	1 1 1 1 1 0 0 0 1 0 0 0 0 0 1 0
350	3	1 1 1 1 1 0 0 0 1 1 0 0 0 0 0 0
350	25	1 1 0 1 1 1 0 1 0 1 0 0 0 0 0 0
350	17	1 1 0 1 1 0 0 0 0 0 0 0 0 0 1 0
350	12	1 1 1 1 1 0 0 0 0 0 0 0 1 0 0 0
350	10	1 1 1 1 1 0 1 1 0 0 0 0 0 0 0 0
350	8	1 1 1 1 1 1 1 0 0 1 0 0 0 0 0 0
350	25	1 1 1 1 1 0 1 0 0 1 0 0 0 1 0 0
350	10	1 1 0 1 1 0 0 0 1 0 0 0 0 0 0 0
350	18	1 1 1 1 1 0 0 1 0 0 1 0 0 0 0 0
350	2	0 1 0 1 1 0 0 1 0 1 0 0 0 1 0 0
350	3	1 0 1 1 1 0 0 1 1 0 0 0 0 0 0 0
350	4	0 1 1 1 1 0 1 1 0 0 1 0 0 0 0 0
350	5	1 0 1 1 1 0 1 1 0 0 1 0 0 0 0 0
350	11	0 1 1 1 1 0 0 1 0 0 0 0 0 0 1 0
350	31	0 1 1 1 1 0 0 1 0 0 1 0 1 0 0 0
350	20	0 1 1 1 1 0 0 0 1 0 0 0 0 0 1 0
350	10	1 1 0 1 1 0 1 1 0 0 0 0 0 0 0 0
350	7	1 1 1 1 1 0 1 1 0 0 1 0 1 0 0 0
350	10	0 1 1 1 1 0 0 0 1 1 0 0 0 0 0 0
350	6	1 1 0 1 1 0 1 0 0 0 1 0 0 1 0 0
350	2	1 1 1 1 1 0 1 1 0 0 0 0 1 0 0 0
350	11	1 1 1 1 1 0 0 1 1 0 0 0 0 0 0 0
350	5	1 1 1 1 1 0 0 1 0 1 1 0 0 0 0 0
350	3	1 1 1 1 0 0 0 1 0 0 0 1 0 0 0 0
350	9	0 1 1 1 1 0 1 1 0 0 0 0 0 0 0 0
350	1	1 1 0 1 1 0 1 0 1 0 1 0 0 0 0 1
350	7	1 1 0 1 1 1 1 0 0 1 0 0 0 0 1 0
350	9	1 1 1 1 1 1 0 1 0 1 0 0 0 0 0 0
350	10	1 1 1 1 1 1 1 1 0 0 1 0 0 0 0 0
350	3	1 1 1 1 1 0 0 0 1 0 0 0 0 0 0 1
350	12	1 1 1 1 1 0 0 1 0 1 0 0 0 0 1 0
350	5	1 0 0 1 1 0 0 1 0 1 0 0 0 0 0 0
350	12	1 1 0 1 1 0 0 1 0 0 1 0 0 0 0 0
350	12	0 1 0 1 1 0 0 1 0 0 0 0 0 1 0 0
350	4	1 1 1 1 1 0 1 0 0 0 1 0 0 0 0 0
350	3	0 1 0 1 1 0 0 0 1 1 0 0 0 0 0 0
350	1	1 1 1 1 1 0 1 0 0 0 0 0 1 0 0 0
350	6	1 1 1 1 0 0 0 1 0 0 1 0 0 0 0 0
350	2	1 1 1 1 1 0 1 1 0 1 0 0 0 0 0 0
350	1	1 1 0 1 1 0 0 1 0 0 1 0 1 0 0 0
350	1	1 1 1 1 0 0 0 0 1 0 1 0 0 0 0 0
350	3	1 0 0 1 1 0 0 1 0 0 0 0 0 0 0 0
350	4	1 1 1 1 1 0 1 1 0 0 1 0 0 0 1 0
350	2	1 1 0 1 1 1 1 0 1 1 0 0 0 0 1 0
350	2	1 1 0 1 1 0 1 1 1 1 0 0 0 0 0 0
350	3	1 1 1 1 1 0 0 1 0 0 0 1 0 0 0 0
350	2	1 1 1 1 1 1 0 0 1 0 0 0 0 0 0 0
350	6	1 0 0 1 1 0 0 1 0 1 1 0 0 0 0 0
350	4	1 1 1 1 1 0 0 1 0 0 1 0 1 0 0 0
350	1	0 1 0 1 1 0 1 0 0 0 1 0 1 0 1 0
350	2	1 1 1 1 1 0 0 1 0 0 1 0 0 1 0 0
350	3	1 1 1 1 0 0 0 0 0 0 1 0 0 0 0 0
350	3	1 1 1 1 1 0 0 1 0 1 0 0 0 1 0 0
350	4	1 0 1 1 0 0 0 0 1 0 0 1 0 0 0 0
350	1	1 1 0 1 1 0 0 0 0 1 0 0 0 0 1 0
350	2	1 1 1 1 0 0 1 1 0 0 0 0 0 0 0 0
350	3	1 1 1 1 1 0 0 1 1 0 1 0 0 0 0 0
350	1	1 1 1 0 1 0 1 1 0 0 1 0 1 0 0 0
350	3	1 1 1 1 0 0 0 0 0 0 0 0 0 0 1 0
350	2	0 1 1 1 1 0 0 1 0 0 1 0 0 0 0 0
350	1	0 1 1 1 0 0 0 0 0 0 0 0 0 0 0 0
350	1	1 1 1 1 1 1 1 1 0 0 0 0 0 0 0 0
350	3	1 1 1 1 1 0 0 1 0 1 0 0 0 0 0 1
350	1	1 1 1 1 1 0 1 1 1 0 1 0 0 0 0 0
350	3	1 1 1 1 1 0 0 0 1 0 1 0 1 0 0 1
350	2	0 1 1 1 0 0 0 1 0 0 0 0 0 0 0 0
350	2	1 1 1 1 1 0 1 1 0 1 1 0 1 0 0 0
350	1	1 1 1 0 1 0 0 1 0 0 0 0 0 0 0 0
350	1	1 1 1 1 1 0 0 1 0 0 1 1 0 0 1 0
350	1	1 1 1 0 1 0 0 0 1 0 0 0 0 0 1 0
350	1	0 1 1 1 1 0 0 1 1 1 0 0 0 0 0 0
350	2	1 1 1 1 1 1 0 1 0 1 0 0 1 0 0 0
350	2	1 1 1 1 0 0 0 1 0 0 1 0 0 1 0 0
350	2	1 1 1 1 1 0 1 0 0 1 0 1 0 0 0 0
400	2	1 1 1 1 1 0 0 0 0 0 0 0 0 0 0 0
400	253	1 1 1 1 1 0 0 1 0 0 0 0 0 0 0 0
400	119	1 1 1 1 1 0 0 0 1 0 1 0 0 0 0 0
400	11	1 1 1 1 1 0 0 1 0 0 0 0 0 0 1 0
400	20	1 1 1 1 0 0 0 0 0 0 0 0 0 0 0 0
400	30	1 1 1 1 1 0 1 1 0 0 1 0 0 0 0 0
400	87	1 1 1 1 1 0 0 0 1 0 0 0 0 0 0 0
400	34	1 1 1 1 0 0 0 1 0 0 0 0 0 0 0 0
400	14	0 1 1 1 1 0 0 0 1 0 0 0 0 1 0 0
400	5	1 1 0 1 1 0 0 0 0 0 0 0 0 0 1 0
400	14	1 1 1 1 1 0 0 0 0 0 0 0 1 0 0 0
400	4	1 1 1 1 1 0 1 1 0 0 0 0 0 0 0 0
400	12	1 1 1 1 1 0 1 0 0 1 0 0 0 1 0 0
400	18	1 1 1 1 1 0 0 1 0 0 1 0 0 0 0 0
400	2	1 1 1 1 1 0 0 1 1 0 0 0 0 0 0 0
400	6	1 1 1 1 1 0 0 1 0 0 0 1 0 0 0 0
400	6	1 0 1 1 0 0 0 1 0 1 0 0 0 0 0 0
400	7	1 1 1 1 1 1 1 0 1 1 0 0 0 0 0 0
400	10	1 1 1 1 1 0 0 1 0 1 0 0 0 1 0 0
400	56	1 1 1 1 1 0 1 1 0 0 0 1 0 0 0 0
400	7	0 1 0 1 1 0 0 0 1 0 0 0 0 1 0 0
400	7	1 1 1 1 1 1 1 1 0 0 0 0 0 0 0 0
400	4	0 1 1 1 1 0 0 0 1 1 0 0 0 0 0 0
400	8	1 0 1 1 1 0 1 1 0 0 1 1 0 0 0 0
400	4	1 1 0 1 1 0 1 0 0 1 0 0 0 1 0 0
400	1	0 1 1 1 1 0 0 1 0 0 0 1 0 0 0 0
400	3	1 1 1 1 1 0 1 0 1 0 1 0 0 0 0 0
400	4	1 1 1 1 1 0 0 1 0 0 0 0 1 0 0 0
400	17	1 1 1 1 1 0 0 1 0 1 0 1 0 0 0 0
400	49	1 1 1 1 1 0 1 0 1 0 0 0 0 0 0 0
400	3	1 1 1 1 1 0 1 1 1 0 0 0 0 0 0 0
400	6	1 1 1 1 1 0 0 1 1 1 0 0 0 0 0 0
400	9	1 1 0 1 1 0 0 1 1 0 0 0 0 0 0 0
400	13	1 1 1 1 1 1 1 0 1 0 0 0 0 0 0 0
400	3	1 1 1 0 1 0 0 0 1 0 1 0 0 0 0 0
400	3	1 0 1 1 1 0 0 1 0 0 0 0 0 0 0 0
400	11	1 1 1 1 1 0 0 0 1 0 1 1 0 0 0 0
400	3	1 1 1 1 1 0 0 1 1 0 1 0 0 0 0 0
400	6	1 1 1 0 1 0 0 0 1 0 0 0 0 0 0 0
400	4	1 1 1 1 0 0 1 1 0 0 0 0 0 0 0 0
400	3	1 1 1 1 1 0 0 1 0 0 1 0 1 0 0 0
400	2	1 1 1 1 1 1 1 0 0 1 0 0 0 0 0 0
400	5	1 1 1 1 0 0 0 0 0 0 1 0 0 0 0 0
400	8	1 1 1 1 1 0 0 0 1 0 0 0 0 0 0 1
400	5	1 1 1 0 1 0 0 1 0 0 0 1 0 0 0 0
400	4	0 1 1 1 1 0 0 0 1 1 1 0 0 0 0 0
400	8	1 0 1 1 1 0 1 1 0 0 0 0 0 0 0 0
400	7	1 1 1 1 1 1 0 1 0 0 0 0 0 0 0 0
400	7	1 1 1 1 1 0 0 1 0 1 1 0 0 0 0 0
400	6	1 1 1 1 1 0 1 1 0 0 0 0 1 0 0 0
400	2	1 1 1 1 1 0 0 0 1 0 1 0 0 0 1 0
400	3	1 1 1 1 1 0 0 0 1 0 0 0 0 0 1 0
400	3	1 1 1 1 1 0 0 0 1 0 0 1 0 0 0 0
400	1	1 1 1 1 0 0 0 1 0 0 1 0 0 0 0 0
400	3	0 1 1 1 1 0 0 1 0 0 0 0 0 0 0 0
400	3	1 0 1 1 1 0 1 1 1 0 0 0 0 0 0 0
400	8	1 1 1 1 1 0 0 0 0 0 1 0 0 0 0 0
400	2	1 1 0 1 1 0 0 1 0 0 0 0 0 0 0 0
400	1	1 1 1 1 0 0 0 0 1 0 1 0 0 0 0 0
400	5	1 1 1 1 1 0 0 1 0 0 0 0 0 1 0 0
400	11	0 1 1 1 1 0 0 1 0 0 0 0 0 0 1 0
400	7	1 1 1 1 1 0 1 0 1 1 0 0 0 1 0 0
400	1	1 1 1 1 1 0 1 0 1 0 0 0 0 0 1 0
400	4	1 1 1 0 1 0 0 1 0 0 0 1 1 0 0 0
400	2	1 1 1 1 0 0 0 1 0 0 1 0 0 0 1 0
400	2	1 0 1 1 1 0 0 0 1 0 1 0 0 0 0 0
400	2	1 1 1 1 1 0 1 1 0 0 0 1 0 0 1 0
400	3	1 1 1 1 1 0 0 1 0 1 0 1 0 0 0 1
400	1	1 1 1 1 1 0 1 0 1 1 0 0 0 0 0 0
400	1	1 1 1 1 1 0 0 1 1 1 1 0 0 0 0 0
400	2	1 1 1 0 1 0 0 1 0 0 0 0 0 0 0 0
400	1	1 1 1 1 0 0 0 1 0 0 0 0 0 0 1 0
400	1	1 1 1 1 1 0 1 1 1 0 1 0 0 0 0 0
400	1	1 1 1 0 1 0 0 1 0 0 0 0 1 0 0 0
