0	250	0 0 0 1 0 1 0 0 0 0 0 1 0 0 0 0
0	250	0 0 0 0 0 0 0 0 0 0 0 0 0 1 0 0
0	250	1 1 1 0 0 0 0 0 0 0 0 0 0 0 0 0
0	250	0 0 0 1 0 0 0 0 0 0 0 0 0 0 0 0
8	275	0 0 0 1 0 1 0 0 0 0 0 1 0 0 0 0
8	113	0 0 0 0 0 0 0 0 0 0 0 0 0 1 0 0
8	250	1 1 1 0 0 0 0 0 0 0 0 0 0 0 0 0
8	163	0 0 0 1 0 0 0 0 0 0 0 0 0 0 0 0
8	14	0 0 0 1 0 1 0 0 0 0 0 1 0 1 0 0
8	30	0 0 0 1 0 1 0 0 0 0 0 0 0 0 0 0
8	5	0 0 0 0 0 0 0 0 0 0 0 0 1 1 0 0
8	10	0 0 0 0 0 0 1 0 0 0 0 0 0 1 0 0
8	13	0 0 0 1 0 0 1 0 0 0 0 0 0 0 0 0
8	5	0 0 0 0 0 0 0 0 0 0 0 0 0 0 0 0
8	3	0 0 0 1 0 1 0 0 1 0 0 1 0 0 0 0
8	10	1 1 1 0 0 0 0 0 0 0 0 0 0 1 0 0
8	4	1 1 1 0 0 1 0 0 0 0 0 1 0 0 0 0
8	4	1 1 1 1 0 1 0 0 0 0 0 1 0 0 0 0
8	13	0 0 0 0 0 0 0 0 0 0 1 0 0 1 0 0
8	6	0 0 0 0 0 0 0 0 0 0 0 0 0 1 1 0
8	7	0 0 0 0 0 0 0 0 1 0 0 0 1 1 0 0
8	3	1 1 1 0 0 0 0 0 1 0 0 0 1 1 0 0
8	18	0 1 0 1 0 1 0 0 0 0 0 1 0 0 0 0
8	6	0 0 0 1 0 1 0 0 0 0 0 1 0 0 0 1
8	1	1 1 1 0 0 0 0 1 0 0 0 0 0 0 0 0
8	6	1 1 1 0 0 0 0 0 0 1 0 0 0 0 0 0
8	2	1 1 1 0 0 0 1 0 0 0 0 0 0 0 0 0
8	3	1 1 1 0 0 0 0 0 0 0 0 1 0 0 0 0
8	1	0 0 0 1 0 0 0 0 1 0 0 0 1 1 0 0
8	1	1 1 0 0 0 0 0 0 0 0 0 0 0 0 0 0
8	2	0 0 0 1 1 1 0 0 0 0 0 0 0 0 0 0
8	4	0 0 0 1 0 0 0 0 0 0 0 0 1 0 0 0
8	1	0 0 0 0 0 1 0 0 0 0 0 1 0 0 0 0
8	3	0 0 0 0 0 0 0 0 1 0 0 0 0 1 0 0
8	1	0 0 0 0 0 0 0 0 0 0 0 1 0 1 0 0
8	8	1 1 1 0 0 0 0 0 0 0 1 0 0 0 0 0
8	2	0 0 0 0 0 0 0 0 0 0 1 0 0 0 0 0
8	2	0 0 0 0 0 0 0 0 0 0 0 1 0 0 0 0
8	3	1 1 0 1 0 1 0 0 0 0 0 1 0 0 0 0
8	1	0 0 0 1 0 1 0 0 0 0 0 0 0 1 0 0
8	2	0 0 0 1 1 1 0 0 0 0 0 1 0 0 0 0
8	1	0 0 0 1 0 1 0 0 0 0 0 1 1 0 0 0
8	3	1 0 0 1 0 0 0 0 0 0 0 0 0 0 0 0
8	1	1 0 1 0 0 0 0 0 0 0 0 0 0 0 0 1
45	279	0 0 0 1 0 1 0 0 0 0 0 1 0 0 0 0
45	52	1 1 1 0 0 0 0 0 0 0 0 0 0 0 0 0
45	21	0 0 0 1 0 0 0 0 0 0 0 0 0 0 0 0
45	10	0 0 0 1 0 1 0 0 0 0 0 1 0 1 0 0
45	63	0 0 0 1 0 1 0 0 0 0 0 0 0 0 0 0
45	59	1 1 1 0 0 1 0 0 0 0 0 1 0 0 0 0
45	16	0 0 0 0 0 0 0 0 0 0 1 0 0 1 0 0
45	9	0 0 0 0 0 0 0 0 1 0 0 0 1 1 0 0
45	19	0 1 0 1 0 1 0 0 0 0 0 1 0 0 0 0
45	7	1 1 1 0 0 0 0 0 0 1 0 0 0 0 0 0
45	11	0 0 0 1 0 0 0 0 0 0 0 0 1 0 0 0
45	64	1 1 1 0 0 0 0 0 0 0 1 0 0 0 0 0
45	4	0 0 0 1 0 1 0 0 0 0 0 0 0 1 0 0
45	9	0 0 0 1 1 1 0 0 0 0 0 1 0 0 0 0
45	3	1 0 0 1 0 0 0 0 0 0 0 0 0 0 0 0
45	6	0 0 0 1 0 0 0 0 0 0 0 1 0 0 0 0
45	44	0 0 0 1 0 1 0 0 0 0 0 1 0 0 1 0
45	20	1 1 1 0 0 1 0 0 0 0 0 0 0 0 0 0
45	12	0 0 1 1 0 1 0 0 0 0 0 1 0 0 0 0
45	1	1 1 1 0 0 0 0 0 0 0 0 1 0 0 0 0
45	4	0 0 0 0 0 1 1 0 0 0 0 1 0 0 0 0
45	3	0 0 0 1 1 1 0 0 1 0 0 0 0 0 0 0
45	16	1 1 1 1 0 1 0 0 0 0 0 1 0 0 0 0
45	12	1 0 0 1 0 1 0 0 0 0 0 1 0 0 0 0
45	1	0 1 0 1 0 1 0 0 0 0 0 0 0 0 0 0
45	1	0 0 0 1 0 1 0 0 0 0 1 0 0 0 0 0
45	10	0 0 0 1 0 1 0 0 0 0 0 1 0 1 1 0
45	1	1 1 0 1 0 1 0 0 0 0 0 1 0 0 0 0
45	2	0 0 0 1 0 0 0 0 0 0 1 1 0 0 0 0
45	7	1 1 1 0 0 0 0 0 1 0 0 0 1 0 0 0
45	4	0 0 0 1 0 1 0 0 0 0 0 0 1 0 0 0
45	24	0 0 0 1 1 0 0 0 0 0 0 0 1 0 0 0
45	11	0 0 0 1 0 0 0 0 0 0 1 0 0 0 0 0
45	16	1 1 1 0 0 0 0 0 0 0 0 0 0 1 0 0
45	1	0 0 0 1 0 1 1 0 0 0 0 1 0 0 0 0
45	4	1 0 0 1 0 1 0 0 0 0 0 0 0 1 0 0
45	1	1 1 1 0 0 1 0 0 0 0 1 0 0 0 0 0
45	3	1 1 1 0 0 0 0 0 0 0 0 0 0 0 0 1
45	2	1 1 1 0 0 0 0 0 0 1 1 0 0 0 0 0
45	18	0 0 1 1 0 1 0 0 0 0 0 1 0 0 1 0
45	1	0 0 0 1 0 1 0 0 0 0 0 0 0 0 1 0
45	13	1 1 1 1 0 0 0 0 0 1 0 0 0 0 0 0
45	7	0 0 0 1 0 1 0 1 0 0 0 1 0 0 1 0
45	1	0 1 0 1 0 0 0 0 0 0 1 1 0 0 0 0
45	23	0 1 1 1 0 1 0 0 0 0 0 1 0 0 0 0
45	3	0 0 0 0 0 1 0 0 0 0 1 0 0 0 0 0
45	5	1 1 1 0 0 0 0 0 0 0 1 0 0 0 1 0
45	3	1 1 0 1 0 1 0 0 0 0 1 0 0 0 0 0
45	11	1 1 1 0 0 1 0 0 0 0 0 1 1 0 0 0
45	7	0 0 0 1 0 1 0 0 0 1 0 1 0 0 0 0
45	1	1 0 0 1 0 1 0 0 0 0 0 1 0 0 1 0
45	2	0 1 1 1 0 1 0 0 0 0 0 0 0 0 0 0
45	1	0 0 0 1 1 1 0 0 0 0 1 0 0 0 0 0
45	2	0 0 0 1 0 1 0 0 0 0 0 0 0 1 1 0
45	4	0 1 1 1 1 1 0 0 0 0 0 0 0 0 0 0
45	2	0 0 0 1 0 0 0 0 0 0 0 1 0 0 1 0
45	4	0 0 0 0 0 0 0 0 0 0 0 0 0 1 0 0
45	2	0 0 0 1 0 1 0 1 0 0 0 1 0 0 0 0
45	1	0 0 0 0 0 1 0 0 0 0 0 1 0 0 0 0
45	1	0 0 0 1 1 0 0 0 0 0 0 0 0 0 0 0
45	1	1 1 1 0 0 1 0 0 1 0 0 0 1 0 0 0
45	2	0 0 0 1 0 0 0 0 1 0 0 0 1 0 0 0
45	2	1 1 1 0 0 0 0 0 1 0 0 0 0 0 0 0
45	2	1 1 1 0 0 1 0 0 0 0 1 1 0 0 0 0
45	2	0 1 1 0 0 0 0 0 0 0 0 1 0 0 0 0
45	5	1 1 1 0 0 0 0 0 0 1 1 0 0 0 1 0
45	1	0 0 0 0 0 0 0 0 0 0 1 0 0 0 0 0
45	2	0 1 1 0 0 0 0 0 0 0 0 0 0 0 0 0
45	1	0 0 0 1 0 1 1 0 0 0 0 1 0 1 0 0
45	1	0 0 0 1 1 1 0 0 0 0 0 0 0 0 0 0
45	3	0 1 0 1 0 1 0 0 0 1 0 1 0 0 0 0
45	3	1 1 1 0 0 0 0 0 1 0 1 0 0 0 0 0
45	2	0 0 0 1 0 0 0 0 0 1 1 0 0 0 0 0
45	6	1 1 1 0 0 0 0 0 0 0 0 0 0 1 0 1
45	4	0 1 0 1 0 0 0 0 0 0 1 0 0 0 0 0
45	2	0 0 1 1 0 0 0 0 0 0 1 1 0 0 0 0
45	1	1 1 1 0 0 0 0 0 0 0 0 0 0 0 1 0
45	1	0 0 0 1 0 1 1 0 0 0 0 0 0 0 0 0
45	1	1 1 1 0 0 1 1 0 0 0 0 1 0 0 0 0
45	2	1 0 1 0 0 1 0 0 0 0 0 1 0 0 0 0
45	1	1 1 1 0 0 1 0 0 0 0 0 1 0 1 0 0
45	1	0 1 1 0 0 0 0 0 0 0 1 0 0 0 0 0
45	2	0 0 0 1 0 0 1 0 0 0 0 1 0 0 0 0
45	1	0 0 0 1 0 1 1 0 0 0 0 1 0 0 1 0
45	1	0 0 1 1 0 1 0 0 0 0 0 1 1 0 0 0
45	3	1 1 1 1 0 1 0 0 0 0 0 0 0 0 0 0
45	1	1 1 0 0 0 0 0 0 1 0 0 0 1 0 0 0
45	1	0 0 0 1 1 0 0 0 0 0 1 0 1 0 0 0
45	1	0 0 0 1 0 1 0 0 0 1 0 1 1 0 0 0
85	68	0 0 0 1 0 1 0 0 0 0 0 1 0 0 0 0
85	28	0 0 0 1 0 1 0 0 0 0 0 0 0 0 0 0
85	149	1 1 1 0 0 1 0 0 0 0 0 1 0 0 0 0
85	36	0 1 0 1 0 1 0 0 0 0 0 1 0 0 0 0
85	41	1 1 1 0 0 0 0 0 0 0 1 0 0 0 0 0
85	5	0 0 0 1 1 1 0 0 0 0 0 1 0 0 0 0
85	59	1 1 1 0 0 1 0 0 0 0 0 0 0 0 0 0
85	14	0 0 1 1 0 1 0 0 0 0 0 1 0 0 0 0
85	54	1 1 1 1 0 1 0 0 0 0 0 1 0 0 0 0
85	4	1 1 1 0 0 0 0 0 1 0 0 0 1 0 0 0
85	20	1 1 1 0 0 0 0 0 0 1 1 0 0 0 0 0
85	2	1 1 1 1 0 0 0 0 0 1 0 0 0 0 0 0
85	125	0 1 1 1 0 1 0 0 0 0 0 1 0 0 0 0
85	13	1 1 1 0 0 0 0 0 0 0 1 0 0 0 1 0
85	3	1 1 1 0 0 1 0 0 0 0 0 1 1 0 0 0
85	23	0 0 0 1 1 1 0 0 0 0 0 0 0 0 0 0
85	20	1 1 1 0 0 1 1 0 0 0 0 1 0 0 0 0
85	58	1 0 1 0 0 1 0 0 0 0 0 1 0 0 0 0
85	4	0 0 0 1 0 1 0 0 0 0 1 1 0 0 0 0
85	10	0 1 0 0 0 1 0 0 0 0 0 0 0 0 0 0
85	8	1 1 0 1 0 1 0 0 0 0 0 1 0 0 0 0
85	3	1 1 1 0 0 1 0 0 0 0 0 0 0 1 0 0
85	25	0 0 1 1 0 1 0 0 0 0 0 1 1 0 0 0
85	12	0 1 0 1 0 1 0 0 0 0 0 0 0 0 0 0
85	11	0 0 0 1 0 1 0 0 0 0 0 0 0 1 0 1
85	2	1 0 1 0 0 0 0 0 1 0 0 0 1 0 0 0
85	5	0 0 0 1 0 1 0 0 0 0 0 1 0 1 0 0
85	11	1 1 1 0 0 0 1 0 0 0 1 0 0 0 0 1
85	11	0 1 1 0 0 1 0 0 0 0 0 1 0 0 0 0
85	1	1 1 1 0 0 1 1 0 0 0 1 1 0 0 0 0
85	3	0 0 1 1 0 1 0 0 0 0 0 0 0 0 0 0
85	3	1 1 0 1 0 1 0 0 0 0 1 1 0 0 0 0
85	7	1 1 1 0 0 1 0 1 0 0 0 1 0 0 0 0
85	1	1 1 0 1 0 1 0 0 0 0 0 0 1 0 0 0
85	5	1 1 1 0 0 1 0 0 0 0 1 0 0 0 0 0
85	4	1 0 1 1 0 1 0 0 0 0 0 1 0 0 0 0
85	6	1 1 1 0 0 0 0 0 0 0 1 0 0 0 0 1
85	8	1 1 1 1 0 1 0 0 0 0 0 0 0 0 0 0
85	8	1 1 1 0 0 0 0 0 0 0 1 1 0 0 0 0
85	3	1 1 1 0 0 1 0 0 0 0 0 0 0 1 1 0
85	8	0 1 1 0 0 1 1 0 0 0 0 1 0 0 0 1
85	6	1 0 0 1 0 1 0 0 0 0 0 0 0 0 0 0
85	10	1 1 1 1 0 1 1 0 0 0 0 1 0 0 0 0
85	1	1 1 1 1 1 1 0 0 0 0 0 0 0 0 0 0
85	4	0 1 1 1 0 1 0 0 0 0 1 1 0 0 0 0
85	5	0 0 0 1 1 1 0 0 1 0 0 0 1 0 0 0
85	2	0 1 1 1 0 1 0 0 0 1 0 0 0 0 0 0
85	1	0 0 0 0 0 0 0 0 0 1 1 0 0 0 0 0
85	7	0 1 0 1 1 1 0 0 0 0 0 1 0 0 0 0
85	2	0 0 1 1 0 1 0 0 0 0 0 1 1 0 1 0
85	3	0 1 0 0 0 0 1 0 0 1 1 0 0 0 0 0
85	5	0 1 0 0 0 1 0 0 0 0 0 1 0 0 0 0
85	2	0 0 0 1 1 1 1 0 0 0 0 0 0 0 0 0
85	1	1 1 1 0 0 1 1 0 0 0 0 1 0 1 0 0
85	2	1 0 1 0 0 1 0 0 0 1 0 1 0 0 0 0
85	3	0 0 0 1 0 1 0 0 0 1 0 1 1 0 0 0
85	6	1 1 1 0 0 0 0 0 1 1 0 0 1 0 0 0
85	5	0 0 0 1 1 1 0 0 0 0 1 0 0 0 0 0
85	1	0 0 0 1 1 1 0 0 0 0 0 0 1 0 0 0
85	3	0 1 0 0 0 1 0 0 0 0 0 0 0 0 1 0
85	1	1 1 0 0 0 1 0 0 0 0 0 1 0 0 0 0
85	1	0 0 1 1 0 1 0 1 0 0 0 1 0 0 0 0
85	5	0 1 1 1 0 1 0 0 0 1 0 1 0 0 0 0
85	1	1 0 1 0 0 1 0 0 0 0 0 1 1 0 0 0
85	7	0 1 1 0 0 1 1 0 0 1 0 1 0 0 0 1
85	1	0 1 1 0 0 1 0 0 0 0 1 0 0 0 0 0
85	2	0 1 1 1 0 1 0 0 0 0 0 0 0 0 0 0
85	1	1 1 1 0 0 1 1 0 0 0 0 0 0 0 0 0
85	1	0 0 0 1 0 1 0 1 0 0 0 1 0 0 0 0
85	2	0 0 0 1 0 1 0 0 0 0 0 1 0 0 1 0
85	2	0 1 1 0 0 1 0 0 0 0 0 0 0 0 0 0
85	4	0 1 1 1 0 1 0 0 0 0 0 1 1 0 0 0
85	3	1 0 1 1 0 1 0 0 0 0 0 1 1 0 0 0
85	2	0 1 1 0 0 0 0 0 0 0 0 1 0 0 0 0
85	1	1 1 1 0 1 1 0 0 1 0 0 0 0 0 0 0
85	3	1 1 1 0 0 0 0 0 1 0 1 0 0 1 0 0
85	1	1 1 1 0 0 1 1 0 0 1 0 0 0 0 0 0
85	2	1 0 0 1 0 1 0 0 0 0 0 1 0 0 0 0
85	2	1 1 1 0 0 1 0 0 0 1 0 1 0 0 0 0
85	1	1 1 1 0 0 0 0 0 0 1 0 0 0 0 0 0
85	2	0 1 1 1 0 1 1 0 0 0 0 1 0 0 0 0
85	3	1 1 0 0 0 1 1 0 0 0 0 1 0 0 0 0
85	1	0 1 0 1 1 1 0 0 0 0 0 0 0 0 0 0
85	1	1 1 1 0 1 1 0 1 0 0 0 0 0 0 0 0
154	26	0 0 0 1 0 1 0 0 0 0 0 1 0 0 0 0
154	45	1 1 1 0 0 1 0 0 0 0 0 1 0 0 0 0
154	100	1 1 1 0 0 1 0 0 0 0 0 0 0 0 0 0
154	131	1 1 1 1 0 1 0 0 0 0 0 1 0 0 0 0
154	3	1 1 1 0 0 0 0 0 0 1 1 0 0 0 0 0
154	35	0 1 1 1 0 1 0 0 0 0 0 1 0 0 0 0
154	13	1 1 1 0 0 0 0 0 0 0 1 0 0 0 1 0
154	24	1 1 1 0 0 1 1 0 0 0 0 1 0 0 0 0
154	17	1 0 1 0 0 1 0 0 0 0 0 1 0 0 0 0
154	12	1 1 1 0 0 1 0 1 0 0 0 1 0 0 0 0
154	37	1 1 1 1 0 1 0 0 0 0 0 0 0 0 0 0
154	2	0 1 1 1 0 1 0 0 0 0 0 0 0 0 0 0
154	5	1 0 1 0 0 1 0 0 0 0 0 1 1 0 0 0
154	41	1 1 1 0 0 1 0 1 0 0 0 0 0 0 0 0
154	52	1 1 1 0 0 1 1 0 0 0 0 0 0 0 0 0
154	7	1 1 1 0 0 1 0 0 0 0 0 0 1 0 0 0
154	31	1 1 1 0 0 1 1 0 0 0 1 1 0 0 0 0
154	3	0 1 0 1 0 1 0 0 0 0 0 1 1 0 0 0
154	41	1 1 1 1 0 1 1 0 0 0 0 1 0 0 0 0
154	17	1 0 1 0 0 1 1 0 0 0 0 1 0 0 0 0
154	2	0 1 1 1 0 1 0 0 0 0 0 0 1 0 0 0
154	21	1 1 1 1 0 1 0 0 0 0 0 1 0 0 0 1
154	1	1 1 1 0 1 1 0 1 0 0 0 1 0 0 0 0
154	7	1 1 1 1 0 1 0 0 0 0 0 1 0 1 0 0
154	19	0 1 1 0 0 1 0 0 0 0 0 0 0 0 0 0
154	5	0 1 1 1 0 1 0 0 0 0 0 1 0 1 0 0
154	1	1 0 0 0 0 1 0 0 0 0 0 1 1 0 0 0
154	13	1 1 1 0 1 1 0 1 0 0 0 0 0 0 0 0
154	4	1 1 1 0 0 1 0 0 0 0 0 1 0 0 1 0
154	23	1 1 1 0 0 1 0 0 1 0 0 0 0 0 0 0
154	4	1 1 1 1 0 0 0 0 0 0 1 0 0 0 1 1
154	19	1 1 1 1 0 1 0 0 1 0 0 0 0 0 0 0
154	6	1 1 1 0 0 1 0 0 0 0 1 1 0 0 1 1
154	4	1 1 1 0 1 1 0 0 0 0 0 0 0 0 0 0
154	4	0 0 1 1 0 1 0 0 0 0 0 1 0 0 0 0
154	12	1 1 1 0 0 0 1 0 1 0 1 0 0 0 0 0
154	19	1 1 0 0 0 1 0 0 0 0 0 1 0 0 0 0
154	1	1 1 0 0 0 1 1 0 0 0 0 1 0 0 0 0
154	2	1 1 1 1 0 1 0 0 0 0 1 1 0 0 0 0
154	2	1 1 1 1 0 0 0 0 0 0 0 0 0 1 0 0
154	2	1 1 1 0 0 1 0 0 1 0 0 0 1 0 0 0
154	7	1 1 1 0 0 1 0 0 0 0 1 0 0 0 1 0
154	3	1 1 1 0 0 1 1 0 0 0 0 1 0 0 1 0
154	17	1 1 1 0 0 0 0 0 0 0 0 0 0 1 0 0
154	2	0 0 0 1 0 1 0 0 0 0 0 1 1 0 0 0
154	4	1 1 1 0 0 0 1 0 1 0 1 0 0 1 0 0
154	2	1 1 0 0 0 1 0 0 0 0 0 1 1 0 0 0
154	1	1 1 1 1 1 1 0 0 1 0 0 0 0 0 0 0
154	6	1 1 1 1 1 1 1 1 0 0 0 1 0 0 0 0
154	4	1 1 1 1 0 1 0 1 0 0 0 1 0 0 0 0
154	4	1 1 1 0 0 0 0 1 0 0 0 0 0 0 0 0
154	10	1 1 1 1 0 1 0 0 0 0 0 1 1 0 0 0
154	8	1 1 1 1 0 1 0 0 0 1 0 1 0 0 0 0
154	14	1 1 1 0 0 0 0 0 0 0 0 1 0 0 0 0
154	2	1 1 1 1 1 1 0 0 0 0 0 1 0 0 0 0
154	10	1 1 1 0 0 1 1 0 0 0 0 0 0 1 0 0
154	1	1 1 1 0 0 1 0 0 0 1 0 0 1 0 0 0
154	19	1 1 1 1 1 1 0 1 0 1 0 1 0 0 0 0
154	2	0 1 1 0 0 1 0 1 0 0 0 0 0 0 0 0
154	1	1 1 1 0 0 0 1 0 0 0 1 1 0 0 0 0
154	4	1 1 0 0 0 1 0 1 0 0 0 1 0 0 0 0
154	5	1 1 1 1 0 1 0 0 1 0 0 1 0 0 0 0
154	1	1 1 1 0 0 1 0 1 0 1 0 1 0 0 0 0
154	1	1 1 1 1 0 1 1 0 0 0 0 1 0 0 0 1
154	2	1 1 1 1 1 1 0 1 0 0 0 0 0 0 0 0
154	3	1 1 1 0 0 1 0 0 0 0 0 0 0 0 1 0
154	3	1 1 1 0 0 1 1 0 0 0 1 0 0 0 0 0
154	2	1 1 1 0 0 0 0 1 0 0 0 0 0 1 0 0
154	3	1 1 1 1 1 1 0 1 0 1 0 1 0 0 1 0
154	5	1 1 0 0 0 1 0 0 0 0 0 0 0 0 0 0
154	2	0 0 1 0 0 1 0 0 0 0 0 1 0 0 0 0
154	4	1 1 1 0 0 1 0 0 0 0 0 1 1 0 0 0
154	1	1 1 1 0 0 1 0 0 0 0 0 0 0 1 0 0
154	5	0 0 0 0 0 1 0 0 0 0 0 1 1 0 0 0
154	2	1 1 1 0 0 0 1 0 0 1 1 0 0 0 0 0
154	3	1 0 1 0 0 0 0 0 0 0 0 1 0 0 0 0
154	4	1 1 1 0 0 1 1 0 0 0 0 0 1 0 0 0
154	2	0 1 1 1 0 1 0 0 0 1 0 0 1 0 0 0
154	2	1 1 1 0 0 0 0 0 0 0 0 1 0 1 0 0
154	1	1 1 0 0 0 1 0 1 0 1 0 1 0 0 0 0
154	3	1 1 1 1 0 1 0 0 0 0 0 1 0 0 1 0
154	1	1 1 1 1 0 0 0 0 0 0 0 1 0 0 1 0
154	2	1 1 1 0 0 1 0 0 0 0 1 0 0 0 0 0
154	1	1 1 1 0 0 1 1 0 0 0 0 1 0 1 0 0
154	2	1 1 1 0 0 1 0 1 0 0 0 0 0 1 0 0
154	2	1 1 1 0 0 1 0 1 0 0 0 0 1 0 0 0
154	1	1 1 1 0 0 1 0 0 0 0 1 0 0 0 1 1
154	3	1 0 1 1 0 1 0 0 0 1 0 1 0 0 0 0
239	24	1 1 1 0 0 1 0 0 0 0 0 1 0 0 0 0
239	156	1 1 1 1 0 1 0 0 0 0 0 1 0 0 0 0
239	2	1 1 1 0 0 1 1 0 0 0 0 1 0 0 0 0
239	49	1 1 1 1 0 1 1 0 0 0 0 1 0 0 0 0
239	37	1 1 1 1 0 1 0 0 1 0 0 0 0 0 0 0
239	93	1 1 1 1 0 1 0 1 0 0 0 1 0 0 0 0
239	56	1 1 1 1 1 1 0 1 0 1 0 1 0 0 0 0
239	62	1 1 1 1 1 1 0 1 0 0 0 0 0 0 0 0
239	4	1 1 1 1 0 1 1 0 0 0 0 0 0 0 0 0
239	39	1 1 1 1 0 1 0 0 0 1 0 1 0 0 0 0
239	9	1 0 1 1 0 1 0 0 0 0 0 1 0 0 0 0
239	22	1 1 1 1 0 1 1 0 0 0 1 1 0 1 0 0
239	49	1 1 1 1 1 1 0 0 0 0 0 1 0 0 0 0
239	8	0 1 1 1 1 1 0 1 0 1 0 1 0 0 0 0
239	38	1 1 1 1 1 1 1 0 0 0 0 1 0 0 0 0
239	3	1 1 1 1 1 1 0 0 0 1 0 1 0 0 0 0
239	2	1 1 1 1 0 1 0 1 0 1 0 1 0 0 0 0
239	3	1 1 1 0 0 1 0 0 1 0 0 0 1 0 0 0
239	11	1 1 1 1 1 1 0 1 0 0 0 1 0 0 0 0
239	6	1 1 0 1 0 1 0 0 0 1 0 1 0 0 0 0
239	11	1 1 1 0 0 1 1 0 0 1 0 1 0 0 0 0
239	5	1 1 0 1 0 1 0 1 0 0 0 1 0 0 0 0
239	8	1 1 1 1 0 0 1 1 0 0 0 0 0 0 0 0
239	1	1 1 1 1 0 1 0 0 0 0 0 1 0 1 0 0
239	25	1 1 1 1 0 0 1 0 0 0 1 1 0 0 0 0
239	4	1 1 1 1 0 1 0 0 0 1 0 1 1 0 0 0
239	11	1 1 1 1 1 0 0 0 0 0 0 1 0 0 0 0
239	11	1 1 1 0 0 1 0 1 0 0 0 1 0 0 0 0
239	4	1 1 1 1 1 1 0 0 0 0 0 0 0 0 0 0
239	1	1 1 1 1 0 1 1 0 0 0 1 1 0 0 0 0
239	3	1 1 1 1 0 1 0 0 1 0 0 1 0 0 0 0
239	27	1 1 1 1 1 1 0 0 1 0 0 1 0 0 0 0
239	4	1 1 1 0 0 1 0 1 1 0 0 0 1 0 0 0
239	13	1 1 1 1 0 0 1 1 0 0 1 0 0 0 0 0
239	3	1 1 1 1 0 1 0 0 0 1 0 0 1 0 0 0
239	1	1 1 1 1 0 1 1 1 0 0 0 1 0 1 0 0
239	6	1 1 0 1 0 1 0 0 1 0 0 0 0 0 0 0
239	7	1 0 1 1 1 1 0 0 0 0 0 1 0 0 0 0
239	6	1 1 1 1 0 1 0 0 0 1 0 0 0 0 0 0
239	12	1 1 1 1 0 0 1 1 0 0 1 1 0 1 0 0
239	1	1 1 1 1 0 1 0 0 0 0 1 0 0 0 0 0
239	23	1 1 1 1 0 1 1 1 0 0 0 1 0 0 0 0
239	12	1 1 1 1 0 0 1 0 0 0 0 1 0 0 0 0
239	3	1 1 1 1 1 1 0 0 1 1 0 0 1 0 0 0
239	1	1 1 1 1 1 1 1 0 0 0 1 0 0 0 0 0
239	13	1 1 0 1 0 1 0 0 0 1 0 1 1 0 0 0
239	9	1 1 0 1 0 0 1 0 0 0 1 1 0 0 0 0
239	9	0 1 1 1 1 1 0 0 1 0 0 1 0 0 0 0
239	2	1 1 1 1 1 1 1 0 0 0 1 1 0 1 0 0
239	2	0 0 1 0 0 1 0 0 0 0 0 0 0 0 0 0
239	4	1 1 1 1 1 0 0 1 0 1 0 1 0 0 0 0
239	1	1 1 0 1 1 1 0 1 0 0 0 0 0 0 0 0
239	6	1 1 1 1 1 1 0 1 0 0 0 0 0 1 0 0
239	1	1 1 1 1 1 1 0 1 0 0 0 0 1 0 0 0
239	4	1 1 1 1 0 1 0 0 0 0 0 0 0 0 0 0
239	9	1 1 1 1 1 1 0 1 0 1 0 0 0 0 0 0
239	1	1 1 1 1 1 1 0 0 0 0 1 1 0 0 0 0
239	17	1 0 1 0 0 1 0 0 0 0 0 1 0 0 0 0
239	3	1 0 1 1 1 1 1 0 0 0 0 1 0 0 0 0
239	10	1 1 1 1 1 1 0 0 1 0 0 1 0 0 0 1
239	2	1 0 0 1 0 1 0 0 0 0 0 1 0 0 0 0
239	2	1 1 1 1 1 1 0 0 0 1 0 0 0 0 0 0
239	1	1 0 0 1 0 1 1 0 0 0 1 1 0 1 0 0
239	1	1 1 1 0 0 1 0 0 0 0 1 1 0 0 0 0
239	4	1 1 1 1 0 1 0 0 0 0 0 1 0 0 1 0
239	4	1 1 1 0 0 1 1 0 1 0 0 0 0 0 0 0
239	1	1 0 1 1 0 1 0 0 1 0 0 0 0 0 0 0
239	1	1 1 1 1 0 1 0 1 0 0 0 1 1 0 0 0
239	2	1 1 1 1 0 1 1 1 0 1 0 1 0 0 0 0
239	1	1 1 1 1 0 1 0 0 0 0 0 1 0 0 1 1
239	1	0 1 1 1 0 1 0 0 0 0 0 1 0 0 0 0
239	1	1 1 1 1 0 1 0 1 0 0 0 1 0 0 1 0
239	3	1 1 1 0 0 1 1 0 0 1 0 0 0 0 0 0
239	1	1 1 1 1 0 0 1 0 0 0 1 1 1 0 0 0
239	2	1 1 0 1 1 1 0 0 1 0 0 0 0 0 0 0
239	4	1 0 1 1 1 1 0 1 0 0 0 0 0 1 0 0
239	2	1 0 1 0 0 1 0 0 1 0 0 0 0 0 0 0
252	7	1 1 1 0 0 1 0 0 0 0 0 1 0 0 0 0
252	100	1 1 1 1 0 1 0 0 0 0 0 1 0 0 0 0
252	18	1 1 1 1 0 1 1 0 0 0 0 1 0 0 0 0
252	33	1 1 1 1 0 1 0 0 1 0 0 0 0 0 0 0
252	71	1 1 1 1 0 1 0 1 0 0 0 1 0 0 0 0
252	11	1 1 1 1 1 1 0 1 0 1 0 1 0 0 0 0
252	40	1 1 1 1 1 1 0 1 0 0 0 0 0 0 0 0
252	9	1 1 1 1 0 1 1 0 0 0 0 0 0 0 0 0
252	53	1 1 1 1 0 1 0 0 0 1 0 1 0 0 0 0
252	1	1 0 1 1 0 1 0 0 0 0 0 1 0 0 0 0
252	8	1 1 1 1 0 1 1 0 0 0 1 1 0 1 0 0
252	69	1 1 1 1 1 1 0 0 0 0 0 1 0 0 0 0
252	5	0 1 1 1 1 1 0 1 0 1 0 1 0 0 0 0
252	37	1 1 1 1 1 1 1 0 0 0 0 1 0 0 0 0
252	7	1 1 1 1 1 1 0 0 0 1 0 1 0 0 0 0
252	37	1 1 1 1 1 1 0 1 0 0 0 1 0 0 0 0
252	3	1 1 0 1 0 1 0 0 0 1 0 1 0 0 0 0
252	1	1 1 1 0 0 1 1 0 0 1 0 1 0 0 0 0
252	48	1 1 1 1 0 0 1 0 0 0 1 1 0 0 0 0
252	9	1 1 1 1 1 0 0 0 0 0 0 1 0 0 0 0
252	44	1 1 1 1 1 1 0 0 1 0 0 1 0 0 0 0
252	6	1 1 1 1 0 0 1 1 0 0 1 0 0 0 0 0
252	48	1 1 1 1 0 0 1 1 0 0 1 1 0 1 0 0
252	7	1 1 1 1 0 1 1 1 0 0 0 1 0 0 0 0
252	16	1 1 1 1 0 0 1 0 0 0 0 1 0 0 0 0
252	8	1 1 1 1 1 1 0 0 1 1 0 0 1 0 0 0
252	3	1 1 0 1 0 1 0 0 0 1 0 1 1 0 0 0
252	1	0 1 1 1 1 1 0 0 1 0 0 1 0 0 0 0
252	24	1 1 1 1 1 0 0 1 0 1 0 1 0 0 0 0
252	4	1 1 1 1 1 1 0 1 0 0 0 0 0 1 0 0
252	3	1 1 1 1 0 1 0 0 0 0 0 0 0 0 0 0
252	59	1 1 1 1 1 1 0 1 0 1 0 0 0 0 0 0
252	1	1 1 1 1 1 1 0 0 1 0 0 1 0 0 0 1
252	25	1 1 1 1 0 1 0 0 0 0 0 1 0 0 1 0
252	7	1 1 1 0 0 1 1 0 1 0 0 0 0 0 0 0
252	2	1 1 1 0 0 1 1 0 0 1 0 0 0 0 0 0
252	4	1 0 1 0 0 1 0 0 1 0 0 0 0 0 0 0
252	9	1 1 1 1 1 1 0 1 1 0 0 0 0 0 0 0
252	2	1 1 1 1 1 1 1 0 1 0 0 1 0 0 0 0
252	9	1 1 1 1 1 0 0 0 0 1 0 1 0 0 0 0
252	1	1 0 1 0 1 1 0 1 0 0 0 0 0 1 0 0
252	5	1 1 1 1 0 0 0 0 0 0 0 1 0 0 0 0
252	9	1 1 1 1 0 0 1 0 0 0 1 1 0 1 0 0
252	8	1 1 1 0 0 1 0 0 1 0 0 0 0 0 0 0
252	1	0 1 1 1 0 1 0 0 0 0 0 1 0 0 0 0
252	3	1 1 1 1 1 1 0 1 0 0 0 0 0 0 0 1
252	3	1 1 1 1 1 1 1 0 0 0 0 0 0 0 0 0
252	1	1 1 1 1 0 1 0 1 1 0 0 1 0 0 0 0
252	9	1 0 1 1 0 1 0 0 0 0 0 0 0 0 0 0
252	2	1 1 1 1 0 1 0 0 0 0 1 1 0 1 0 0
252	7	1 1 1 1 1 1 0 0 0 1 0 0 0 0 0 0
252	1	1 1 1 1 1 1 0 0 0 0 0 1 1 0 0 0
252	11	1 1 0 1 0 1 0 0 1 0 0 0 0 0 0 0
252	3	1 1 1 1 1 0 0 1 0 0 0 0 0 0 0 0
252	5	1 1 1 1 1 1 0 1 1 0 0 1 0 0 0 0
252	4	1 1 1 1 0 1 0 0 0 0 1 1 0 0 0 0
252	21	0 1 1 1 0 1 0 0 0 1 0 1 0 0 0 0
252	3	1 1 1 1 0 1 0 0 1 0 0 1 0 0 0 1
252	2	1 1 1 1 1 0 0 0 0 1 0 1 0 0 1 0
252	8	1 1 1 1 0 1 0 0 0 0 0 1 0 0 0 1
252	2	1 1 1 1 0 1 0 1 0 0 0 1 1 0 0 0
252	3	1 1 1 0 1 1 0 0 0 0 0 1 0 0 0 0
252	2	1 1 1 1 1 1 1 0 0 0 0 1 0 1 0 0
252	1	1 1 1 1 1 1 0 1 0 0 1 1 0 0 0 0
252	3	1 1 1 1 1 1 0 0 0 1 0 0 1 0 0 0
252	1	1 1 1 1 1 1 0 0 1 1 0 1 0 1 0 0
252	3	1 1 1 1 0 1 1 1 0 0 0 0 0 0 0 0
252	5	1 1 1 1 0 0 0 1 0 1 0 1 0 0 0 0
252	3	1 1 1 1 1 1 0 0 0 0 0 0 0 0 0 0
252	2	1 0 1 1 1 1 0 0 1 0 0 1 0 0 0 0
252	4	0 1 1 1 1 1 0 1 0 0 0 1 0 0 0 0
252	2	1 1 1 0 0 1 1 0 1 0 0 1 0 0 0 0
252	2	1 1 1 1 0 1 1 0 0 1 0 1 0 0 0 0
252	1	1 1 1 1 1 1 0 0 0 0 0 1 0 1 0 0
252	1	1 1 1 1 1 1 0 0 0 0 1 1 0 0 0 0
252	1	1 1 1 1 0 0 1 1 0 0 1 0 0 1 0 0
252	1	1 1 1 1 1 1 0 1 1 1 0 0 0 0 0 0
252	1	1 1 1 0 0 1 1 0 0 0 0 1 0 0 0 0
252	1	1 1 1 1 0 1 0 0 0 0 0 1 0 1 0 0
252	1	1 1 0 1 1 1 0 0 0 0 0 1 0 0 0 0
252	1	1 1 1 1 1 1 0 0 1 0 1 1 0 0 0 0
252	1	1 1 1 1 1 0 0 1 1 1 0 1 0 0 0 0
252	2	1 0 0 0 0 1 0 0 1 0 0 0 0 0 0 0
350	130	1 1 1 1 0 1 0 0 0 0 0 1 0 0 0 0
350	10	1 1 1 1 0 1 0 0 1 0 0 0 0 0 0 0
350	33	1 1 1 1 0 1 0 1 0 0 0 1 0 0 0 0
350	20	1 1 1 1 1 1 0 0 0 0 0 1 0 0 0 0
350	72	1 1 1 1 1 1 1 0 0 0 0 1 0 0 0 0
350	34	1 1 1 1 1 1 0 1 0 0 0 1 0 0 0 0
350	1	1 1 1 1 0 0 1 0 0 0 1 1 0 0 0 0
350	23	1 1 1 1 1 1 0 0 1 0 0 1 0 0 0 0
350	8	1 1 1 1 1 0 0 0 0 1 0 1 0 0 0 0
350	53	1 1 1 1 1 1 0 0 1 0 1 1 0 0 0 0
350	5	1 1 1 1 0 0 1 0 1 0 0 1 0 0 0 0
350	14	1 1 1 1 0 0 0 1 0 0 0 1 0 0 0 0
350	8	1 1 1 1 1 1 1 0 1 0 1 1 0 0 0 0
350	5	1 1 1 1 1 1 1 0 0 0 1 1 0 0 0 0
350	4	1 1 1 1 0 1 0 0 0 0 1 1 0 0 0 0
350	31	1 1 1 1 0 1 0 0 1 1 0 1 0 0 0 0
350	53	1 1 1 1 0 1 0 0 1 0 1 1 0 0 0 0
350	50	1 1 1 1 0 1 0 0 0 0 0 0 0 0 0 0
350	8	1 1 1 1 1 1 0 0 1 0 0 1 1 0 0 0
350	43	1 1 1 1 1 1 1 0 1 0 0 1 0 0 0 0
350	12	1 1 1 1 0 1 0 0 0 0 0 1 0 0 1 0
350	10	1 1 1 1 0 1 0 0 0 0 0 1 1 0 0 0
350	7	1 1 1 1 1 1 1 0 0 0 0 1 1 0 0 0
350	29	1 1 0 1 0 0 0 0 0 0 0 1 0 0 0 0
350	23	1 1 1 0 1 1 1 0 0 0 0 1 0 0 0 0
350	22	1 1 0 1 0 0 1 0 0 0 1 0 0 0 0 0
350	9	1 1 1 1 1 1 0 0 1 0 1 1 0 0 1 0
350	22	1 1 1 1 1 1 1 1 0 1 0 1 0 0 1 0
350	11	1 1 1 1 1 1 0 0 0 1 0 1 0 0 0 0
350	3	1 1 1 0 0 1 1 0 0 0 0 1 0 0 0 0
350	11	1 1 1 1 1 1 1 0 0 0 1 0 0 0 0 0
350	2	1 1 1 1 1 0 1 0 0 0 0 1 0 0 1 1
350	8	1 1 1 0 0 1 0 0 0 0 0 1 0 0 0 0
350	6	1 0 1 1 0 1 0 0 1 0 0 0 0 0 0 0
350	2	0 1 1 1 0 1 0 1 0 0 0 1 0 0 0 0
350	8	0 1 1 1 0 1 0 0 1 0 1 1 0 0 0 0
350	3	1 1 1 1 1 0 1 0 0 0 0 1 0 0 0 0
350	24	1 1 1 1 1 1 0 1 0 0 0 1 0 1 0 0
350	2	1 1 1 1 0 0 0 0 0 0 1 1 0 0 0 0
350	5	1 1 1 1 0 0 1 0 0 0 1 0 0 0 0 0
350	8	1 1 1 1 0 1 1 0 0 0 0 1 0 0 0 0
350	13	0 1 1 1 1 1 0 0 0 0 0 0 0 0 0 0
350	3	1 1 1 0 0 1 0 1 0 0 0 1 0 0 0 0
350	15	1 1 1 1 0 1 0 0 1 0 1 0 0 0 0 0
350	4	1 1 0 1 0 1 0 0 0 0 0 1 0 0 0 0
350	15	1 1 1 1 1 1 1 0 0 0 0 1 0 0 1 0
350	7	1 1 1 1 0 1 0 1 0 0 1 1 0 0 0 0
350	2	1 1 1 1 1 1 0 0 1 0 1 1 1 0 1 0
350	1	1 1 1 0 0 1 0 1 0 0 0 1 0 1 0 0
350	3	1 1 1 1 0 0 0 1 0 0 1 1 0 0 0 0
350	6	1 1 1 1 0 1 0 0 1 0 1 1 0 0 0 1
350	2	1 1 1 1 1 1 0 0 1 0 0 1 1 1 0 0
350	1	1 1 1 1 1 1 0 0 0 1 0 1 0 0 1 0
350	10	1 1 0 1 0 0 0 0 0 0 0 0 0 0 0 0
350	16	1 1 1 1 1 1 1 1 1 1 0 1 0 0 1 0
350	5	1 1 1 1 0 1 0 1 0 0 0 0 0 0 0 0
350	2	0 1 1 1 1 1 1 0 0 0 1 1 0 0 0 0
350	1	0 1 0 1 0 1 0 0 0 0 0 1 0 0 0 0
350	2	0 1 1 1 0 1 0 0 1 1 1 1 0 0 0 0
350	8	1 1 1 1 0 1 0 0 0 1 0 1 0 0 0 0
350	4	1 1 1 1 1 1 0 0 1 0 1 1 0 0 0 1
350	5	1 1 1 1 0 0 0 0 0 0 0 1 0 0 0 0
350	1	1 1 1 1 0 1 0 0 1 0 1 1 0 0 1 0
350	3	1 0 1 1 1 1 0 0 1 0 0 1 1 0 0 0
350	1	1 1 1 1 1 1 0 0 0 1 0 1 0 0 0 1
350	3	1 1 1 1 1 0 1 0 0 0 0 1 0 0 0 1
350	1	1 0 1 1 0 1 0 0 1 0 0 1 0 0 0 0
350	3	1 0 1 1 0 1 0 0 1 0 1 1 0 0 0 0
350	4	1 1 1 0 1 1 1 0 1 0 0 1 0 0 0 0
350	2	1 1 1 1 0 1 0 0 0 0 0 1 0 1 0 0
350	2	0 1 1 1 1 1 0 0 1 0 0 1 0 0 0 0
350	2	0 1 1 1 1 1 0 0 1 0 1 1 0 0 0 0
350	1	1 1 1 1 1 1 0 1 0 0 1 1 0 1 0 0
350	3	1 1 1 1 0 1 0 0 0 0 1 1 0 0 0 1
350	2	1 1 1 1 0 1 0 0 0 0 0 0 1 0 0 0
350	2	1 1 1 0 1 1 0 0 0 0 0 0 0 0 0 0
350	2	1 1 0 1 0 1 1 0 0 0 0 1 1 0 0 0
350	1	1 1 1 1 0 1 0 0 1 0 0 1 0 0 0 0
350	3	1 1 1 1 1 1 0 1 0 0 1 1 0 0 0 0
350	2	1 1 1 1 0 1 0 0 1 1 0 0 0 0 0 0
350	2	1 1 1 0 0 1 0 0 1 0 1 1 0 0 0 0
350	1	1 1 1 0 1 0 1 0 0 0 0 1 0 0 0 0
350	2	0 1 1 1 1 1 1 0 0 0 0 1 0 0 1 0
400	79	1 1 1 1 0 1 0 0 0 0 0 1 0 0 0 0
400	45	1 1 1 1 0 1 0 1 0 0 0 1 0 0 0 0
400	42	1 1 1 1 1 1 1 0 0 0 0 1 0 0 0 0
400	10	1 1 1 1 1 1 0 0 1 0 0 1 0 0 0 0
400	52	1 1 1 1 0 1 0 0 1 0 1 1 0 0 0 0
400	130	1 1 1 1 1 1 1 0 1 0 0 1 0 0 0 0
400	55	1 1 1 1 1 1 0 0 0 1 0 1 0 0 0 0
400	6	1 1 1 1 1 1 1 0 0 0 1 0 0 0 0 0
400	49	1 1 1 0 0 1 0 0 0 0 0 1 0 0 0 0
400	19	1 0 1 1 0 1 0 0 1 0 0 0 0 0 0 0
400	22	1 1 1 1 0 1 0 0 1 0 1 0 0 0 0 0
400	1	1 1 1 1 0 1 0 0 1 0 1 1 0 0 0 1
400	14	1 1 1 1 1 1 0 1 0 0 0 1 1 0 0 0
400	5	1 1 1 1 1 1 1 0 1 1 0 1 0 0 0 0
400	48	1 1 1 1 1 0 1 0 1 0 1 1 0 0 0 0
400	1	1 1 1 1 0 0 1 0 1 1 0 1 0 0 0 0
400	17	1 1 1 1 0 1 0 0 1 0 0 1 0 0 0 0
400	24	1 1 1 1 1 1 1 0 0 0 1 0 0 0 0 1
400	3	1 1 1 1 1 1 1 0 1 0 0 1 0 0 1 0
400	34	1 1 1 1 1 0 1 1 0 0 0 1 0 0 0 0
400	4	1 1 0 1 0 1 0 0 0 0 0 1 0 0 0 0
400	8	1 1 1 1 0 1 1 0 0 0 0 1 0 0 0 1
400	35	1 1 1 1 1 1 1 1 1 1 0 1 0 0 0 0
400	2	0 1 1 1 0 1 0 0 0 0 0 1 0 0 0 0
400	1	1 1 1 1 0 1 0 0 0 1 0 1 0 0 0 0
400	6	1 1 1 1 1 1 1 0 0 0 0 0 1 0 0 0
400	26	1 1 1 1 0 1 0 0 1 0 0 0 0 0 0 0
400	5	1 1 1 1 1 1 1 0 1 0 0 0 1 0 0 0
400	7	1 1 1 0 0 1 0 0 1 1 0 1 0 0 0 0
400	2	1 1 1 1 1 1 0 0 0 0 0 1 0 0 0 0
400	20	1 1 1 1 0 0 1 0 1 0 0 1 0 0 0 0
400	15	1 1 1 0 1 1 1 0 0 0 0 0 0 0 0 0
400	2	1 1 0 1 0 1 0 0 1 0 1 1 0 0 0 0
400	11	1 1 1 1 1 1 1 0 0 0 1 0 0 1 0 0
400	11	1 1 1 1 0 0 1 0 1 0 0 1 0 0 0 1
400	7	1 1 1 1 1 0 0 0 1 0 0 1 0 0 0 0
400	1	1 1 1 0 0 0 0 0 0 0 0 1 0 0 0 0
400	3	1 1 1 0 1 1 0 1 0 0 1 1 0 0 0 0
400	1	1 1 1 1 1 1 1 0 1 0 1 0 0 0 0 0
400	2	1 1 1 1 1 1 1 1 1 0 0 0 0 0 0 0
400	10	1 1 1 0 0 1 1 0 0 0 0 1 0 0 0 0
400	1	1 1 1 1 1 1 1 1 0 0 1 0 0 0 0 0
400	4	1 1 1 1 0 1 0 1 0 0 0 1 0 0 0 1
400	2	1 1 1 1 1 1 0 1 0 0 0 1 0 0 0 0
400	19	1 0 1 1 0 1 0 0 0 0 0 1 0 0 0 0
400	10	1 1 1 1 1 1 0 1 0 1 0 1 0 0 0 0
400	3	1 1 1 1 1 0 0 1 0 0 0 1 0 0 0 0
400	4	1 1 1 1 0 1 0 0 1 0 1 1 1 0 0 0
400	3	1 1 1 1 1 1 1 0 1 1 0 1 0 0 1 0
400	7	1 1 1 1 0 1 0 0 0 1 1 1 0 1 0 0
400	1	1 1 1 0 0 1 1 0 0 0 0 1 0 1 0 0
400	6	1 1 1 1 0 1 1 0 0 0 1 0 0 0 0 1
400	5	1 1 1 1 0 1 0 0 0 0 1 1 0 0 0 0
400	2	0 1 1 1 1 1 1 0 1 0 0 1 0 0 0 0
400	10	1 1 1 1 1 1 1 0 1 0 1 1 0 0 0 0
400	5	1 1 0 1 1 1 1 0 1 1 0 1 0 0 0 0
400	5	1 1 1 1 0 1 0 1 1 0 0 0 0 0 0 0
400	5	1 0 1 1 0 1 1 0 1 0 0 0 0 0 0 0
400	3	1 1 1 1 0 1 0 1 0 0 0 1 0 0 1 1
400	7	1 1 1 1 1 1 0 0 0 1 0 1 0 0 0 1
400	3	1 1 1 1 1 1 1 0 0 1 0 1 0 0 0 0
400	4	1 1 1 1 0 0 1 0 0 0 0 1 0 0 0 0
400	1	0 1 1 1 0 1 0 0 0 0 0 0 0 0 0 0
400	2	1 1 1 1 1 1 1 1 0 0 0 1 0 0 0 0
400	1	1 1 1 1 1 1 1 0 1 0 0 1 1 0 0 0
400	2	1 1 1 1 1 1 1 0 0 0 0 0 1 1 0 0
400	1	1 1 1 1 1 1 1 0 1 0 0 1 0 1 0 0
400	9	1 1 1 1 0 0 0 1 0 0 0 1 0 0 0 0
400	1	1 1 1 1 1 0 0 0 1 0 1 1 0 0 0 0
400	3	1 1 1 1 0 0 1 0 1 0 1 1 0 0 0 0
400	5	1 1 1 1 1 1 1 0 0 0 1 1 0 0 0 0
400	1	1 1 1 1 1 1 0 0 1 0 0 1 0 1 0 0
400	1	1 1 1 1 1 1 1 0 1 0 0 1 0 0 0 1
400	1	1 1 1 0 1 1 1 0 1 0 0 1 0 0 0 0
400	2	1 1 0 1 1 1 1 0 1 0 0 1 0 0 0 0
400	2	0 1 1 1 1 1 0 1 0 0 0 1 1 0 0 0
400	2	1 1 1 1 1 0 1 0 0 0 1 1 0 0 0 0
400	1	1 1 1 1 0 1 0 0 0 1 0 1 0 0 0 1
400	2	1 1 1 1 1 1 0 1 1 0 0 0 0 0 0 0
400	3	0 1 1 1 1 1 1 0 1 1 0 1 0 0 0 0
400	1	1 1 1 1 0 1 1 0 0 0 0 1 0 0 0 0
400	1	1 0 1 1 1 1 1 0 0 0 0 1 0 0 0 0
400	2	1 0 1 1 0 1 0 0 1 0 0 0 1 0 0 0
400	1	1 1 1 0 1 1 0 1 0 0 0 1 1 0 0 0
400	1	1 1 1 1 1 0 1 0 1 0 1 0 0 0 0 0
400	3	1 1 1 1 1 0 1 0 1 0 1 1 0 1 0 0
400	1	1 1 1 0 1 1 1 0 0 0 0 0 0 0 0 1
400	1	1 1 0 1 1 1 1 1 1 0 0 0 0 0 0 0
400	1	1 1 1 1 0 1 0 1 0 0 0 1 1 0 0 1
400	4	1 1 1 1 0 1 0 0 0 1 1 1 0 0 0 0
