0	250	0 0 0 1 0 1 0 0 0 0 0 1 0 0 0 0
0	250	1 0 0 0 1 0 1 0 0 0 0 0 0 0 0 0
0	250	0 0 0 0 0 1 0 0 1 0 0 0 0 0 1 0
0	250	1 0 0 0 0 0 1 0 0 1 0 0 0 0 0 0
20	72	0 0 0 1 0 1 0 0 0 0 0 1 0 0 0 0
20	450	1 0 0 0 1 0 1 0 0 0 0 0 0 0 0 0
20	37	0 0 0 0 0 1 0 0 1 0 0 0 0 0 1 0
20	61	1 0 0 0 0 0 1 0 0 1 0 0 0 0 0 0
20	11	0 0 0 0 0 1 0 0 0 0 0 1 0 0 0 0
20	17	0 0 0 1 1 1 0 0 0 0 0 1 0 0 0 0
20	18	1 0 0 0 1 0 1 0 0 0 0 0 0 0 1 0
20	1	1 0 0 0 0 0 1 0 0 1 0 0 0 0 1 0
20	11	0 0 0 0 1 0 1 0 0 0 0 0 0 0 0 0
20	27	1 0 0 0 0 0 1 0 0 0 0 0 0 0 0 0
20	8	1 0 0 0 0 1 0 0 1 0 0 0 0 0 1 0
20	10	0 0 0 1 0 1 0 0 0 0 0 1 0 0 0 1
20	9	0 0 0 1 0 1 0 1 0 0 0 1 0 0 0 0
20	10	0 1 0 0 0 1 0 0 1 0 0 0 0 0 1 0
20	7	1 0 0 1 0 1 0 0 0 0 0 1 0 0 0 0
20	11	1 0 0 0 1 0 0 0 0 0 0 0 0 0 0 0
20	10	0 0 0 0 1 1 0 0 1 0 0 0 0 0 1 0
20	16	0 0 0 1 0 1 0 0 0 0 0 1 1 0 0 1
20	3	1 0 0 1 0 0 1 0 0 1 0 0 0 0 0 0
20	2	0 0 0 0 0 1 1 0 0 0 0 0 0 0 0 0
20	18	0 1 0 1 0 1 0 0 0 0 0 1 0 0 0 0
20	3	1 0 0 0 1 0 1 0 0 1 0 0 0 0 0 0
20	10	1 0 0 0 1 0 1 0 1 0 0 0 0 0 0 0
20	2	0 0 0 0 1 0 1 0 1 0 0 0 0 0 0 0
20	5	1 0 0 0 0 0 1 0 0 0 0 1 0 0 0 0
20	18	1 0 0 0 1 0 1 0 0 0 0 1 0 0 0 0
20	2	1 0 0 1 1 0 1 0 0 0 0 0 0 0 0 0
20	16	1 0 0 0 1 0 1 0 0 0 0 0 0 0 0 1
20	10	1 1 0 0 1 0 1 0 0 0 0 0 0 0 0 0
20	3	0 0 0 0 0 1 0 1 1 0 0 0 0 0 1 0
20	1	0 0 0 1 1 0 1 0 0 0 0 0 0 0 0 0
20	4	1 0 0 0 1 1 1 0 0 0 0 0 0 0 0 0
20	13	1 0 0 0 1 0 1 1 0 0 0 0 0 0 0 0
20	1	1 0 0 1 1 0 1 0 0 0 0 1 0 0 0 0
20	2	0 0 0 0 0 1 0 0 1 0 0 0 0 0 0 0
20	2	0 0 0 0 1 1 0 0 1 0 0 0 0 0 0 0
20	3	0 0 0 1 0 0 0 0 0 0 0 1 0 0 0 0
20	3	0 0 1 0 0 1 0 0 1 0 0 0 0 0 1 0
20	10	1 0 0 0 1 0 1 0 0 0 1 0 0 0 0 0
20	10	1 0 0 0 1 0 1 0 0 0 0 0 0 1 0 0
20	1	1 0 0 0 0 0 1 0 0 1 1 0 0 0 0 0
20	6	0 0 0 1 1 1 0 0 0 0 0 0 0 0 0 0
20	1	0 1 0 1 0 1 0 0 0 0 0 1 1 0 0 0
20	4	1 0 0 0 0 0 1 1 0 1 0 0 1 0 0 0
20	4	0 0 0 0 1 1 0 0 1 0 0 0 0 0 0 1
20	4	1 0 0 0 1 0 1 0 0 0 0 1 0 0 0 1
20	3	0 0 0 0 1 1 1 0 0 0 0 0 0 0 0 0
20	1	0 0 0 1 0 1 0 0 0 1 0 1 0 0 0 0
20	6	1 0 0 0 1 1 0 0 0 0 0 1 0 0 0 0
20	7	1 0 0 0 1 0 1 1 0 0 0 1 0 0 0 0
20	3	0 0 0 1 0 1 0 0 0 0 0 1 1 0 0 0
20	2	0 0 0 1 0 1 1 0 0 0 0 1 0 0 0 0
20	1	1 0 0 0 0 1 1 0 0 1 0 0 0 0 0 0
20	1	1 0 0 0 0 0 1 0 0 1 0 0 1 0 0 0
20	1	0 0 0 0 1 1 0 0 0 0 0 0 0 0 1 0
20	4	0 0 0 0 0 0 1 0 0 0 0 1 0 0 0 0
20	2	1 0 1 0 1 0 1 0 0 0 0 0 0 0 0 1
20	1	1 0 1 1 1 0 1 0 0 0 0 1 0 0 0 0
20	1	1 1 0 1 1 0 1 0 0 0 0 1 0 0 0 0
20	3	0 0 1 1 0 0 0 0 0 0 0 1 0 0 0 0
20	5	0 0 0 1 0 1 0 0 0 0 0 0 0 0 0 0
20	4	0 0 0 0 0 1 0 0 1 0 0 1 0 0 0 0
20	1	0 0 0 0 0 1 0 1 1 0 0 0 0 0 0 0
20	2	1 0 0 1 0 1 0 0 0 1 0 1 0 0 0 0
20	2	0 1 0 1 0 1 0 0 0 0 0 1 0 0 0 1
20	3	0 0 0 1 1 1 0 0 0 0 0 0 1 0 0 0
40	15	0 0 0 1 0 1 0 0 0 0 0 1 0 0 0 0
40	499	1 0 0 0 1 0 1 0 0 0 0 0 0 0 0 0
40	5	0 0 0 0 0 1 0 0 1 0 0 0 0 0 1 0
40	43	1 0 0 0 0 0 1 0 0 1 0 0 0 0 0 0
40	20	0 0 0 1 1 1 0 0 0 0 0 1 0 0 0 0
40	29	1 0 0 0 1 0 1 0 0 0 0 0 0 0 1 0
40	24	0 0 0 0 1 0 1 0 0 0 0 0 0 0 0 0
40	26	1 0 0 0 0 0 1 0 0 0 0 0 0 0 0 0
40	1	0 0 0 1 0 1 0 0 0 0 0 1 0 0 0 1
40	1	0 0 0 1 0 1 0 1 0 0 0 1 0 0 0 0
40	2	1 0 0 0 1 0 0 0 0 0 0 0 0 0 0 0
40	2	0 0 0 1 0 1 0 0 0 0 0 1 1 0 0 1
40	1	0 0 0 0 0 1 1 0 0 0 0 0 0 0 0 0
40	40	0 1 0 1 0 1 0 0 0 0 0 1 0 0 0 0
40	18	1 0 0 0 1 0 1 0 1 0 0 0 0 0 0 0
40	6	1 0 0 0 1 0 1 0 0 0 0 1 0 0 0 0
40	17	1 0 0 0 1 0 1 0 0 0 0 0 0 0 0 1
40	35	0 0 0 1 1 0 1 0 0 0 0 0 0 0 0 0
40	19	1 0 0 0 1 0 1 1 0 0 0 0 0 0 0 0
40	1	1 0 0 0 1 0 1 0 0 0 1 0 0 0 0 0
40	5	1 0 0 0 1 0 1 0 0 0 0 0 0 1 0 0
40	13	0 0 0 0 1 1 1 0 0 0 0 0 0 0 0 0
40	7	1 0 0 0 1 1 0 0 0 0 0 1 0 0 0 0
40	1	1 0 0 0 1 0 1 1 0 0 0 1 0 0 0 0
40	10	1 0 1 0 1 0 1 0 0 0 0 0 0 0 0 1
40	16	1 1 0 0 0 0 1 0 0 0 0 0 0 0 0 0
40	29	1 0 0 0 1 0 1 0 0 0 0 0 1 0 0 0
40	12	1 0 0 1 1 0 1 0 0 0 0 0 0 0 0 0
40	6	1 0 0 0 1 1 1 0 0 0 0 0 0 0 0 0
40	2	1 0 0 0 1 0 1 0 0 1 0 0 0 0 1 0
40	4	1 0 0 0 1 1 0 0 0 0 0 1 1 0 0 0
40	6	0 0 0 0 1 0 0 0 0 0 0 0 0 0 0 0
40	2	1 0 0 0 1 0 1 0 0 0 0 1 0 0 0 1
40	5	1 0 0 0 0 1 1 0 0 0 0 0 0 1 0 1
40	3	1 1 0 0 1 0 1 0 0 0 0 0 0 0 0 0
40	9	0 1 0 1 1 0 1 0 0 0 0 0 0 0 0 0
40	4	1 0 1 0 1 0 1 0 0 0 0 0 0 0 0 0
40	9	1 0 0 0 1 0 1 0 0 1 0 0 0 0 0 0
40	4	0 1 0 0 0 0 0 0 1 0 0 0 0 0 1 0
40	6	1 0 0 0 1 0 1 1 1 0 0 0 0 0 0 0
40	1	0 1 0 1 0 1 1 0 0 0 0 0 0 0 0 0
40	3	0 1 0 1 0 1 1 0 0 0 0 1 0 0 0 0
40	6	0 0 0 1 0 1 1 0 0 0 0 1 0 0 0 0
40	3	0 0 0 0 1 0 1 0 0 0 0 0 1 0 0 0
40	9	1 0 0 0 0 0 1 0 1 0 0 0 0 0 0 0
40	2	0 0 0 1 0 0 1 0 0 0 0 0 0 0 0 0
40	1	1 0 1 1 1 0 1 0 0 0 0 0 0 0 0 0
40	2	0 1 0 1 0 1 0 0 0 0 0 0 0 0 0 0
40	1	1 0 0 0 1 0 0 0 0 0 0 0 0 0 1 0
40	1	0 1 0 1 0 1 0 0 0 0 0 1 1 0 0 0
40	4	0 0 0 0 1 0 1 0 0 1 0 0 0 0 1 0
40	1	0 0 0 0 0 0 1 0 0 1 0 0 0 0 0 0
40	2	0 1 0 1 1 0 1 0 0 0 0 0 0 0 1 0
40	1	1 0 0 0 0 0 1 0 1 1 0 0 0 0 0 0
40	1	0 0 0 1 1 1 0 0 1 0 0 1 0 0 0 0
40	1	0 0 0 0 1 0 1 0 0 0 1 0 0 0 0 0
40	1	0 1 1 1 0 1 0 0 0 0 0 1 0 0 0 0
40	3	1 0 0 0 0 0 1 0 0 0 0 1 0 0 0 1
60	3	0 0 0 1 0 1 0 0 0 0 0 1 0 0 0 0
60	435	1 0 0 0 1 0 1 0 0 0 0 0 0 0 0 0
60	12	1 0 0 0 0 0 1 0 0 1 0 0 0 0 0 0
60	5	0 0 0 1 1 1 0 0 0 0 0 1 0 0 0 0
60	21	1 0 0 0 1 0 1 0 0 0 0 0 0 0 1 0
60	19	0 0 0 0 1 0 1 0 0 0 0 0 0 0 0 0
60	41	0 1 0 1 0 1 0 0 0 0 0 1 0 0 0 0
60	5	1 0 0 0 1 0 1 0 1 0 0 0 0 0 0 0
60	29	1 0 0 0 1 0 1 0 0 0 0 1 0 0 0 0
60	11	1 0 0 0 1 0 1 0 0 0 0 0 0 0 0 1
60	50	0 0 0 1 1 0 1 0 0 0 0 0 0 0 0 0
60	13	1 0 0 0 1 0 1 1 0 0 0 0 0 0 0 0
60	4	1 0 0 0 1 0 1 0 0 0 0 0 0 1 0 0
60	28	0 0 0 0 1 1 1 0 0 0 0 0 0 0 0 0
60	15	1 0 0 0 1 1 0 0 0 0 0 1 0 0 0 0
60	5	1 0 1 0 1 0 1 0 0 0 0 0 0 0 0 1
60	12	1 1 0 0 0 0 1 0 0 0 0 0 0 0 0 0
60	26	1 0 0 0 1 0 1 0 0 0 0 0 1 0 0 0
60	31	1 0 0 1 1 0 1 0 0 0 0 0 0 0 0 0
60	12	1 0 0 0 1 1 1 0 0 0 0 0 0 0 0 0
60	11	1 1 0 0 1 0 1 0 0 0 0 0 0 0 0 0
60	12	1 0 0 0 1 0 1 0 0 1 0 0 0 0 0 0
60	4	0 1 0 1 0 1 1 0 0 0 0 1 0 0 0 0
60	28	0 1 0 1 0 1 0 0 0 0 0 0 0 0 0 0
60	33	0 1 0 1 0 1 0 0 0 0 0 1 1 0 0 0
60	2	0 0 0 0 1 0 1 0 1 0 0 0 0 0 0 0
60	6	0 0 0 1 1 0 1 0 0 1 0 0 0 0 0 0
60	15	1 1 0 0 0 0 1 0 0 0 0 1 0 0 0 0
60	1	1 0 0 0 0 1 1 0 0 1 0 0 0 0 0 0
60	2	1 0 0 0 1 1 1 0 1 0 0 0 0 0 0 0
60	1	0 0 1 1 1 0 1 0 0 0 0 0 0 0 0 0
60	13	0 0 0 1 1 0 1 0 0 0 0 0 0 0 1 0
60	12	0 1 0 1 1 0 1 0 0 0 0 0 0 1 0 0
60	2	1 0 0 0 1 0 1 0 0 0 1 0 0 0 0 0
60	8	1 0 1 0 0 0 1 0 1 0 0 0 0 0 0 0
60	6	1 0 0 0 1 0 1 0 0 0 0 1 1 0 0 0
60	2	1 0 1 0 0 0 1 0 0 0 0 0 0 0 0 1
60	4	1 0 0 1 1 0 1 0 0 0 0 0 1 0 0 0
60	2	1 0 0 0 1 0 1 1 1 0 0 0 0 0 0 0
60	1	0 0 0 0 1 0 1 0 0 0 0 0 0 0 1 0
60	7	0 1 0 0 1 0 1 0 0 0 0 0 0 0 0 0
60	4	1 1 0 1 1 0 1 0 0 0 0 0 0 0 0 0
60	1	1 1 0 1 0 1 0 0 0 0 0 1 0 0 0 0
60	7	1 0 0 0 1 1 1 0 0 0 0 1 0 0 0 0
60	4	1 1 0 0 0 0 1 0 0 1 0 0 0 0 0 0
60	1	0 0 0 0 1 0 1 1 0 0 0 0 0 0 0 0
60	2	1 1 0 0 0 0 1 0 0 0 0 1 0 0 1 0
60	3	1 0 0 0 0 0 1 0 0 0 0 0 0 0 0 0
60	7	1 0 0 0 1 0 0 0 0 0 0 0 0 0 0 0
60	3	1 0 0 1 1 1 1 0 0 0 0 0 0 0 0 0
60	1	1 0 0 0 1 0 1 0 0 0 0 0 0 1 1 0
60	2	1 0 0 0 1 0 1 0 1 0 1 0 0 0 0 0
60	3	0 0 0 1 1 0 1 1 0 0 0 0 0 0 0 0
60	1	0 0 0 1 1 0 1 0 0 0 0 0 0 1 0 0
60	2	1 0 0 0 1 0 1 0 0 1 0 1 0 0 0 0
60	1	0 0 0 0 1 0 1 1 0 1 0 0 0 0 0 0
60	2	1 0 0 0 0 1 1 0 0 0 0 0 0 0 0 0
60	1	0 0 0 1 1 0 1 0 0 0 0 1 0 0 0 0
60	1	0 0 0 1 1 1 0 0 0 0 0 1 0 0 1 0
60	2	0 0 1 0 1 0 1 0 0 0 0 0 0 0 0 0
60	3	1 0 1 1 1 0 1 0 0 0 0 0 0 0 0 1
80	273	1 0 0 0 1 0 1 0 0 0 0 0 0 0 0 0
80	9	1 0 0 0 0 0 1 0 0 1 0 0 0 0 0 0
80	18	1 0 0 0 1 0 1 0 0 0 0 0 0 0 1 0
80	35	0 0 0 0 1 0 1 0 0 0 0 0 0 0 0 0
80	8	0 1 0 1 0 1 0 0 0 0 0 1 0 0 0 0
80	40	1 0 0 0 1 0 1 0 0 0 0 1 0 0 0 0
80	14	0 0 0 1 1 0 1 0 0 0 0 0 0 0 0 0
80	13	1 0 0 0 1 0 1 1 0 0 0 0 0 0 0 0
80	43	0 0 0 0 1 1 1 0 0 0 0 0 0 0 0 0
80	4	1 0 0 0 1 1 0 0 0 0 0 1 0 0 0 0
80	9	1 1 0 0 0 0 1 0 0 0 0 0 0 0 0 0
80	15	1 0 0 0 1 0 1 0 0 0 0 0 1 0 0 0
80	55	1 0 0 1 1 0 1 0 0 0 0 0 0 0 0 0
80	51	1 0 0 0 1 1 1 0 0 0 0 0 0 0 0 0
80	20	1 1 0 0 1 0 1 0 0 0 0 0 0 0 0 0
80	17	1 0 0 0 1 0 1 0 0 1 0 0 0 0 0 0
80	40	0 1 0 1 0 1 0 0 0 0 0 0 0 0 0 0
80	28	0 0 0 1 1 0 1 0 0 1 0 0 0 0 0 0
80	5	1 1 0 0 0 0 1 0 0 0 0 1 0 0 0 0
80	15	0 0 0 1 1 0 1 0 0 0 0 0 0 0 1 0
80	25	0 1 0 1 1 0 1 0 0 0 0 0 0 1 0 0
80	11	1 0 1 0 0 0 1 0 1 0 0 0 0 0 0 0
80	15	1 0 0 0 1 0 1 0 0 0 0 1 1 0 0 0
80	13	0 1 0 0 1 0 1 0 0 0 0 0 0 0 0 0
80	1	1 0 0 0 1 1 1 0 0 0 0 1 0 0 0 0
80	3	1 0 0 0 0 0 1 0 0 0 0 0 0 0 0 0
80	10	1 0 0 0 1 0 0 0 0 0 0 0 0 0 0 0
80	4	1 0 0 0 1 0 1 0 0 0 0 0 0 1 1 0
80	2	1 0 1 1 1 0 1 0 0 0 0 0 0 0 0 1
80	2	0 1 0 1 1 1 1 0 0 0 0 0 0 1 0 0
80	6	1 1 0 0 0 0 1 0 0 0 1 1 0 0 1 0
80	9	0 1 0 1 0 1 0 0 0 0 1 1 1 0 0 0
80	1	1 0 0 1 1 0 1 0 0 0 0 0 0 0 0 1
80	17	1 0 0 0 1 0 1 0 0 0 1 0 0 0 0 0
80	6	1 0 0 1 1 0 1 0 0 0 0 0 1 0 0 0
80	2	0 0 1 0 1 0 1 0 1 0 0 0 0 0 0 0
80	4	1 0 0 0 1 0 1 0 0 0 0 0 0 1 0 0
80	3	0 0 0 1 1 0 1 0 0 0 0 1 0 0 0 0
80	6	1 0 1 0 1 0 1 0 0 0 0 0 0 0 0 0
80	5	0 0 0 0 1 0 1 0 0 0 1 0 0 0 0 0
80	3	1 1 0 0 0 0 1 0 0 0 0 1 0 0 0 1
80	14	1 1 0 1 1 0 1 0 0 0 0 0 0 0 0 0
80	9	1 0 1 1 1 0 1 0 0 1 0 0 0 0 0 0
80	30	1 0 0 0 1 1 0 0 0 1 0 1 0 0 0 0
80	3	0 0 0 1 1 0 1 1 0 0 0 0 0 0 0 0
80	2	0 0 0 0 1 1 1 1 0 0 0 0 0 0 0 0
80	7	1 0 0 1 1 0 1 0 0 0 1 0 0 0 0 0
80	4	1 1 0 1 0 1 0 0 0 0 0 1 1 0 0 0
80	10	1 0 0 0 1 0 0 1 0 0 0 0 0 0 0 1
80	1	1 0 0 0 1 1 0 0 0 0 1 1 0 0 0 0
80	1	1 0 1 0 0 0 1 0 1 0 0 0 1 0 0 0
80	4	1 0 0 0 1 0 1 0 0 0 0 1 0 0 0 1
80	4	0 0 0 0 1 1 0 0 0 0 0 1 0 0 0 0
80	1	0 1 0 1 0 1 0 0 0 0 1 1 1 1 0 0
80	1	1 0 0 0 1 1 0 1 0 1 0 1 0 0 0 0
80	4	1 0 0 0 0 0 1 0 0 0 0 1 0 0 0 0
80	1	1 0 0 0 1 0 1 1 0 0 0 0 0 0 1 0
80	5	1 0 1 0 0 0 1 0 1 0 0 1 0 0 0 0
80	1	1 1 0 1 1 0 1 0 0 0 0 0 1 0 0 0
80	3	1 0 0 0 1 0 1 0 0 0 0 1 0 0 1 0
80	2	1 1 0 1 0 0 1 0 0 0 0 1 0 0 0 0
80	4	0 0 0 1 1 0 1 0 1 0 0 0 0 0 1 0
80	3	1 0 0 1 1 0 1 0 0 0 0 0 0 1 1 0
80	2	1 0 0 0 1 0 1 0 0 1 1 0 0 0 0 0
80	1	1 0 0 0 1 0 1 0 0 1 0 0 0 1 0 0
80	1	0 0 0 1 1 0 1 0 0 0 0 0 1 0 0 0
80	4	1 0 0 1 1 0 1 0 0 0 0 1 0 0 0 1
80	1	1 0 0 0 1 0 1 0 0 0 0 0 0 0 0 1
80	3	0 0 0 0 1 0 1 0 0 0 0 0 1 0 0 0
80	2	1 0 0 0 1 0 1 0 0 0 1 1 0 0 0 0
80	2	0 0 0 0 1 0 1 0 0 0 0 1 0 0 0 0
80	2	0 0 0 0 1 1 1 0 0 0 0 0 0 0 0 1
80	1	1 0 0 0 1 1 1 0 0 1 0 0 0 0 0 0
80	1	0 1 0 1 0 1 0 0 0 0 1 0 0 0 0 0
80	4	1 0 1 0 1 0 0 0 0 0 0 0 0 0 0 0
80	1	1 0 1 0 1 0 1 0 0 1 0 0 0 0 0 0
80	1	0 0 0 0 1 0 0 1 0 0 0 0 0 0 0 1
100	282	1 0 0 0 1 0 1 0 0 0 0 0 0 0 0 0
100	13	1 0 0 0 1 0 1 0 0 0 0 0 0 0 1 0
100	20	0 0 0 0 1 0 1 0 0 0 0 0 0 0 0 0
100	23	0 1 0 1 0 1 0 0 0 0 0 1 0 0 0 0
100	57	1 0 0 0 1 0 1 0 0 0 0 1 0 0 0 0
100	18	1 0 0 0 1 0 1 1 0 0 0 0 0 0 0 0
100	5	1 0 0 0 1 1 0 0 0 0 0 1 0 0 0 0
100	7	1 0 0 0 1 0 1 0 0 0 0 0 1 0 0 0
100	61	1 0 0 1 1 0 1 0 0 0 0 0 0 0 0 0
100	41	1 0 0 0 1 1 1 0 0 0 0 0 0 0 0 0
100	33	1 1 0 0 1 0 1 0 0 0 0 0 0 0 0 0
100	5	1 0 0 0 1 0 1 0 0 1 0 0 0 0 0 0
100	12	0 1 0 1 0 1 0 0 0 0 0 0 0 0 0 0
100	10	0 1 0 1 1 0 1 0 0 0 0 0 0 1 0 0
100	16	1 0 0 0 1 0 1 0 0 0 1 0 0 0 0 0
100	46	1 0 0 1 1 0 1 0 0 0 0 0 1 0 0 0
100	1	1 0 0 0 1 0 1 0 0 0 0 0 0 1 0 0
100	36	1 0 1 0 1 0 1 0 0 0 0 0 0 0 0 0
100	32	1 1 0 1 1 0 1 0 0 0 0 0 0 0 0 0
100	2	1 0 1 1 1 0 1 0 0 1 0 0 0 0 0 0
100	6	1 0 0 1 1 0 1 0 0 0 1 0 0 0 0 0
100	4	1 0 0 0 1 0 0 1 0 0 0 0 0 0 0 1
100	1	1 0 0 0 1 0 1 0 0 0 0 1 0 0 0 1
100	5	1 0 1 0 0 0 1 0 1 0 0 1 0 0 0 0
100	3	0 0 0 0 1 1 1 0 0 0 0 0 0 0 0 1
100	5	1 0 1 0 1 0 0 0 0 0 0 0 0 0 0 0
100	23	0 1 0 1 1 0 1 0 0 0 0 0 0 0 0 0
100	4	1 1 0 0 0 0 1 1 0 0 0 0 0 0 0 0
100	12	1 0 0 0 1 1 1 0 0 0 1 0 0 0 0 0
100	12	0 1 0 1 0 1 0 1 0 0 0 0 0 0 0 0
100	3	1 0 0 1 1 0 0 0 0 0 0 0 0 0 0 0
100	18	0 0 0 1 1 0 1 0 0 0 0 0 0 0 0 1
100	10	1 0 0 1 1 0 1 0 0 1 0 0 0 0 0 0
100	4	1 0 0 0 1 1 1 0 0 0 0 0 0 0 1 0
100	14	0 1 0 1 1 1 1 0 0 0 0 0 0 0 0 0
100	2	1 0 0 0 1 0 1 0 0 0 0 0 0 0 0 1
100	6	1 0 0 0 1 1 1 0 0 0 0 1 0 0 0 0
100	4	0 0 0 1 1 0 1 0 0 1 0 0 0 0 1 0
100	7	0 1 0 1 1 0 1 0 1 0 0 0 0 0 1 0
100	5	1 1 0 1 1 0 0 0 1 0 0 0 0 0 0 0
100	5	1 1 0 1 0 1 0 0 0 0 0 1 0 0 0 0
100	6	1 0 0 1 1 1 1 0 0 0 0 0 0 0 0 0
100	12	1 0 1 1 1 0 1 0 0 0 0 0 0 0 0 0
100	7	1 1 1 0 1 0 1 0 0 0 0 0 0 0 0 0
100	9	1 0 1 0 0 0 1 0 1 0 0 1 0 0 0 1
100	2	1 0 0 0 1 0 0 0 0 0 0 0 0 0 0 0
100	9	0 0 0 1 1 1 1 0 0 0 0 0 0 0 0 1
100	3	1 1 0 0 1 0 0 0 0 0 0 0 0 0 0 0
100	2	1 0 1 0 1 0 1 0 0 0 0 0 0 0 1 0
100	14	1 0 0 0 1 0 1 1 0 0 0 1 0 0 0 0
100	3	1 0 0 1 1 0 1 1 0 0 0 0 0 0 0 0
100	2	1 0 0 0 0 1 1 0 0 0 0 0 0 0 0 0
100	20	1 1 0 1 1 0 1 0 0 0 0 0 0 0 0 1
100	6	0 0 0 1 1 0 1 0 0 0 0 0 0 0 0 0
100	2	0 1 0 1 0 0 1 0 0 0 0 0 0 0 0 0
100	1	1 0 0 0 1 1 0 0 0 0 0 1 1 0 0 0
100	5	1 0 0 1 1 0 1 0 0 0 0 0 1 0 0 1
100	3	0 0 0 1 1 1 1 0 1 0 0 0 0 0 0 1
100	1	1 0 0 0 1 1 0 0 1 0 0 0 0 0 0 0
100	1	1 0 0 0 1 0 1 0 0 1 1 0 0 0 0 0
100	3	1 0 1 0 1 0 1 0 0 0 0 0 0 0 1 1
100	1	1 0 0 0 1 0 1 0 0 0 0 1 1 0 0 0
100	1	1 0 1 0 1 0 1 0 0 0 1 0 0 0 0 0
100	1	0 1 1 0 1 0 1 0 0 0 0 0 0 0 0 0
100	1	1 0 0 0 1 1 0 1 0 0 0 1 0 0 0 0
100	1	1 0 0 0 1 0 1 0 1 0 0 0 1 0 0 0
100	1	1 0 1 0 1 0 1 0 0 1 0 0 0 0 0 0
100	1	0 1 0 1 1 0 1 0 1 0 0 0 0 1 1 0
100	1	1 0 0 1 1 0 1 0 0 0 0 0 0 0 1 0
100	2	1 0 0 0 1 0 1 0 1 0 0 0 0 0 0 0
100	1	1 0 0 1 1 0 1 0 0 0 0 1 0 0 0 0
100	1	1 0 0 0 1 1 1 1 0 0 0 0 0 0 0 0
100	1	1 1 0 0 1 0 1 0 0 0 1 0 0 0 0 0
100	1	1 1 0 1 1 0 1 0 0 0 0 1 0 0 0 0
100	2	0 0 0 1 1 1 1 0 0 1 0 0 0 0 1 0
120	213	1 0 0 0 1 0 1 0 0 0 0 0 0 0 0 0
120	11	1 0 0 0 1 0 1 0 0 0 0 0 0 0 1 0
120	15	0 0 0 0 1 0 1 0 0 0 0 0 0 0 0 0
120	9	0 1 0 1 0 1 0 0 0 0 0 1 0 0 0 0
120	51	1 0 0 0 1 0 1 0 0 0 0 1 0 0 0 0
120	8	1 0 0 0 1 0 1 1 0 0 0 0 0 0 0 0
120	6	1 0 0 0 1 0 1 0 0 0 0 0 1 0 0 0
120	34	1 0 0 1 1 0 1 0 0 0 0 0 0 0 0 0
120	59	1 0 0 0 1 1 1 0 0 0 0 0 0 0 0 0
120	14	1 1 0 0 1 0 1 0 0 0 0 0 0 0 0 0
120	5	1 0 0 0 1 0 1 0 0 1 0 0 0 0 0 0
120	21	0 1 0 1 0 1 0 0 0 0 0 0 0 0 0 0
120	15	1 0 0 1 1 0 1 0 0 0 0 0 1 0 0 0
120	6	1 0 0 0 1 0 1 0 0 0 0 0 0 1 0 0
120	15	1 0 1 0 1 0 1 0 0 0 0 0 0 0 0 0
120	63	1 1 0 1 1 0 1 0 0 0 0 0 0 0 0 0
120	22	1 0 0 1 1 0 1 0 0 0 1 0 0 0 0 0
120	8	1 0 0 0 1 0 1 0 0 0 0 1 0 0 0 1
120	6	1 0 1 0 1 0 0 0 0 0 0 0 0 0 0 0
120	18	0 1 0 1 1 0 1 0 0 0 0 0 0 0 0 0
120	4	0 1 0 1 0 1 0 1 0 0 0 0 0 0 0 0
120	5	0 0 0 1 1 0 1 0 0 0 0 0 0 0 0 1
120	13	1 0 0 1 1 0 1 0 0 1 0 0 0 0 0 0
120	30	0 1 0 1 1 1 1 0 0 0 0 0 0 0 0 0
120	10	1 0 0 0 1 0 1 0 0 0 0 0 0 0 0 1
120	8	0 0 0 1 1 0 1 0 0 1 0 0 0 0 1 0
120	8	1 0 0 1 1 1 1 0 0 0 0 0 0 0 0 0
120	30	1 0 1 1 1 0 1 0 0 0 0 0 0 0 0 0
120	10	1 1 1 0 1 0 1 0 0 0 0 0 0 0 0 0
120	18	1 0 1 0 0 0 1 0 1 0 0 1 0 0 0 1
120	5	1 0 0 0 1 0 0 0 0 0 0 0 0 0 0 0
120	4	0 0 0 1 1 1 1 0 0 0 0 0 0 0 0 1
120	4	1 0 0 0 1 0 1 1 0 0 0 1 0 0 0 0
120	7	1 1 0 1 1 0 1 0 0 0 0 0 0 0 0 1
120	2	0 1 0 1 0 0 1 0 0 0 0 0 0 0 0 0
120	12	1 0 0 0 1 1 0 0 0 0 0 1 1 0 0 0
120	33	1 0 0 1 1 0 1 0 0 0 0 1 0 0 0 0
120	2	1 0 0 1 1 0 1 0 0 0 0 0 0 0 0 1
120	2	0 0 0 1 1 0 1 0 1 0 0 0 0 0 0 0
120	14	1 0 0 1 1 0 1 0 0 0 0 1 1 0 0 0
120	2	1 0 1 1 1 0 1 0 0 0 0 0 1 0 0 0
120	3	1 1 0 0 1 0 1 0 0 0 0 0 0 0 0 1
120	11	1 0 0 0 1 1 1 0 0 0 0 0 1 0 0 0
120	1	1 0 0 1 1 0 1 0 0 0 0 0 1 0 1 1
120	1	1 0 0 0 1 0 1 0 0 0 1 0 0 0 0 0
120	4	0 1 0 1 0 0 1 0 0 0 0 1 0 0 0 0
120	1	0 1 0 0 1 0 1 0 0 0 0 0 0 0 0 0
120	3	1 0 0 0 1 0 1 0 0 0 0 1 0 0 1 0
120	27	0 0 0 1 1 0 1 0 0 1 0 0 0 0 0 0
120	3	1 0 0 0 0 0 1 0 0 0 0 1 0 0 1 0
120	2	1 0 0 0 0 0 1 0 0 1 0 0 0 0 0 0
120	10	0 1 0 1 0 1 0 0 0 0 0 1 0 0 1 0
120	1	1 0 0 0 1 0 1 0 0 0 0 0 1 0 0 1
120	9	0 0 1 0 1 0 0 0 0 0 0 0 0 0 0 0
120	2	1 0 0 0 1 0 0 0 0 0 1 0 0 1 0 0
120	4	1 0 0 0 1 0 1 1 0 0 0 0 1 0 0 0
120	13	1 0 0 1 1 0 1 0 0 0 0 0 0 0 1 0
120	3	0 1 0 0 1 0 1 0 1 0 0 0 0 0 0 0
120	1	1 0 0 0 0 0 1 0 0 0 0 1 0 0 0 0
120	1	1 0 0 1 1 0 1 0 0 0 1 0 0 0 0 1
120	6	1 0 0 0 1 1 1 0 0 0 0 0 0 1 0 0
120	6	0 0 0 1 1 1 1 0 0 0 0 0 0 0 0 0
120	2	0 0 0 0 1 0 1 0 0 0 0 0 0 1 0 0
120	1	0 0 0 0 1 1 1 0 0 0 0 0 0 0 0 0
120	1	1 0 0 1 1 0 1 0 0 0 0 0 1 0 0 1
120	2	1 0 1 0 1 0 1 0 0 1 0 0 0 0 0 0
120	3	1 1 0 1 1 0 1 0 1 0 0 0 0 0 0 0
120	6	1 0 0 0 1 1 1 0 0 0 0 1 0 0 0 0
120	7	0 1 0 1 1 0 1 0 0 0 0 0 1 0 0 0
120	10	1 0 0 0 1 0 1 0 1 0 0 0 0 0 0 0
120	4	1 0 1 1 1 0 0 0 0 0 0 0 0 0 0 0
120	1	1 0 1 1 1 0 1 0 0 0 0 0 0 1 0 0
120	1	1 0 0 1 1 0 0 0 0 0 0 0 0 0 0 0
120	4	1 0 0 0 1 1 1 0 0 0 1 0 0 0 0 0
120	2	1 0 0 0 1 1 1 0 0 0 0 0 0 0 1 0
120	4	0 1 1 1 0 1 0 0 0 0 0 0 0 0 0 0
120	3	1 0 1 1 1 0 1 0 0 0 0 1 0 0 0 0
120	1	1 0 0 1 1 0 1 0 0 1 0 0 0 0 1 0
120	1	1 0 0 0 0 0 1 0 0 0 0 0 0 0 0 0
120	1	1 0 0 0 1 0 0 0 0 0 0 1 0 0 0 0
120	4	1 0 0 0 1 1 1 1 0 0 0 0 0 0 0 0
120	1	0 1 0 1 0 1 0 0 0 1 0 0 0 0 0 0
120	3	1 0 0 1 1 0 1 0 0 1 0 0 1 0 0 0
120	2	1 1 0 1 1 0 1 0 0 1 0 0 0 0 0 0
120	1	1 0 1 1 1 1 1 0 0 0 0 0 0 0 0 0
120	1	1 0 1 1 1 0 1 0 0 0 1 0 0 0 0 0
140	78	1 0 0 0 1 0 1 0 0 0 0 0 0 0 0 0
140	7	1 0 0 0 1 0 1 0 0 0 0 0 0 0 1 0
140	9	0 0 0 0 1 0 1 0 0 0 0 0 0 0 0 0
140	9	0 1 0 1 0 1 0 0 0 0 0 1 0 0 0 0
140	32	1 0 0 0 1 0 1 0 0 0 0 1 0 0 0 0
140	2	1 0 0 0 1 0 1 0 0 0 0 0 1 0 0 0
140	63	1 0 0 1 1 0 1 0 0 0 0 0 0 0 0 0
140	5	1 0 0 0 1 1 1 0 0 0 0 0 0 0 0 0
140	9	1 1 0 0 1 0 1 0 0 0 0 0 0 0 0 0
140	1	1 0 0 0 1 0 1 0 0 1 0 0 0 0 0 0
140	47	0 1 0 1 0 1 0 0 0 0 0 0 0 0 0 0
140	1	1 0 0 1 1 0 1 0 0 0 0 0 1 0 0 0
140	12	1 0 0 0 1 0 1 0 0 0 0 0 0 1 0 0
140	8	1 0 1 0 1 0 1 0 0 0 0 0 0 0 0 0
140	81	1 1 0 1 1 0 1 0 0 0 0 0 0 0 0 0
140	29	1 0 0 1 1 0 1 0 0 0 1 0 0 0 0 0
140	14	1 0 0 0 1 0 1 0 0 0 0 1 0 0 0 1
140	25	1 0 1 0 1 0 0 0 0 0 0 0 0 0 0 0
140	13	0 1 0 1 1 0 1 0 0 0 0 0 0 0 0 0
140	2	0 0 0 1 1 0 1 0 0 0 0 0 0 0 0 1
140	10	1 0 0 1 1 0 1 0 0 1 0 0 0 0 0 0
140	9	0 1 0 1 1 1 1 0 0 0 0 0 0 0 0 0
140	12	1 0 0 0 1 0 1 0 0 0 0 0 0 0 0 1
140	2	1 0 0 1 1 1 1 0 0 0 0 0 0 0 0 0
140	62	1 0 1 1 1 0 1 0 0 0 0 0 0 0 0 0
140	12	1 0 0 0 1 0 0 0 0 0 0 0 0 0 0 0
140	21	1 1 0 1 1 0 1 0 0 0 0 0 0 0 0 1
140	24	1 0 0 1 1 0 1 0 0 0 0 1 0 0 0 0
140	4	1 0 0 1 1 0 1 0 0 0 0 1 1 0 0 0
140	13	1 0 0 0 1 1 1 0 0 0 0 0 1 0 0 0
140	26	0 0 0 1 1 0 1 0 0 1 0 0 0 0 0 0
140	3	0 1 0 1 0 1 0 0 0 0 0 1 0 0 1 0
140	14	0 0 1 0 1 0 0 0 0 0 0 0 0 0 0 0
140	12	0 1 0 0 1 0 1 0 1 0 0 0 0 0 0 0
140	6	1 0 0 0 1 1 1 0 0 0 0 0 0 1 0 0
140	9	1 0 0 0 1 1 1 0 0 0 0 1 0 0 0 0
140	8	0 1 0 1 1 0 1 0 0 0 0 0 1 0 0 0
140	37	1 0 1 1 1 0 0 0 0 0 0 0 0 0 0 0
140	27	1 0 0 1 1 0 0 0 0 0 0 0 0 0 0 0
140	8	1 0 0 0 1 1 1 1 0 0 0 0 0 0 0 0
140	8	1 1 0 1 1 0 1 0 0 0 0 0 0 0 1 0
140	7	1 1 0 1 1 0 1 0 1 0 0 0 0 0 0 0
140	14	0 0 0 1 1 0 1 0 0 0 0 0 0 0 0 0
140	14	1 1 0 1 1 0 1 0 0 0 0 1 0 0 0 0
140	2	1 0 0 0 1 1 1 0 0 0 0 0 0 0 1 0
140	10	0 0 0 1 1 0 1 0 0 0 0 1 0 0 0 0
140	10	1 0 1 0 1 0 1 0 0 0 0 1 0 0 0 0
140	3	1 1 0 1 1 0 1 0 0 0 1 0 0 0 0 0
140	11	1 1 0 1 1 0 1 0 0 0 0 0 0 0 1 1
140	2	1 1 0 0 1 0 1 0 0 0 0 0 0 1 0 0
140	7	1 1 0 1 1 0 1 0 0 0 0 0 0 1 1 0
140	5	1 0 0 0 1 1 1 0 0 1 0 0 0 1 0 0
140	4	1 1 0 1 1 0 1 0 0 1 0 0 0 0 0 0
140	2	0 1 0 1 0 1 0 0 0 0 0 0 1 0 0 0
140	6	1 0 1 1 1 0 1 0 0 1 0 0 0 0 0 0
140	4	1 1 0 1 1 1 1 0 0 0 0 0 0 0 0 1
140	6	1 1 0 1 1 0 1 1 0 0 0 0 0 0 0 0
140	4	1 0 0 1 1 0 1 0 0 0 1 0 1 0 0 0
140	1	0 1 0 1 0 0 1 0 0 0 0 0 0 0 0 0
140	1	1 1 0 0 1 1 1 0 0 0 0 0 0 0 0 1
140	4	0 0 1 0 1 1 0 0 0 0 0 0 0 0 0 0
140	9	1 0 0 1 1 0 0 1 0 0 0 0 0 0 0 0
140	7	1 0 0 0 1 1 1 1 0 0 0 0 1 0 0 0
140	7	0 1 0 1 0 1 0 0 0 0 0 1 0 0 0 1
140	3	1 0 1 1 1 1 0 0 0 0 0 0 0 0 0 0
140	5	1 0 1 1 1 0 1 0 0 0 1 0 0 0 0 0
140	1	0 1 0 1 1 0 1 0 0 1 0 0 0 0 0 0
140	1	1 1 0 1 1 0 1 0 1 0 0 0 0 0 1 0
140	1	1 0 0 1 1 0 1 0 0 0 0 0 0 0 0 1
140	2	1 1 0 1 1 0 1 0 0 0 0 1 0 0 0 1
140	1	1 0 1 1 1 0 0 0 0 0 0 1 0 0 0 0
140	2	1 0 0 1 1 0 1 0 0 0 1 0 0 1 0 0
140	5	0 1 0 1 1 0 1 0 0 0 0 1 0 0 0 0
140	4	1 0 0 1 0 0 1 0 0 0 0 1 0 0 0 1
140	7	1 0 1 0 1 0 1 0 0 0 0 0 0 1 0 0
140	2	1 1 0 1 0 0 1 0 0 0 0 0 0 0 0 0
140	5	1 1 1 1 1 0 1 0 0 0 1 0 0 0 0 0
140	2	0 0 0 0 1 0 1 0 0 1 0 0 0 0 0 0
140	1	0 1 1 1 1 0 1 0 0 0 0 0 0 0 0 0
140	4	0 1 0 1 1 1 1 0 0 0 0 0 0 1 0 0
140	3	0 0 1 0 1 0 0 0 0 1 0 0 0 0 0 0
140	3	1 0 0 0 1 0 1 0 1 0 0 0 0 0 1 0
140	2	1 1 0 1 1 0 1 1 0 0 0 0 0 0 1 0
140	3	1 0 0 0 1 1 1 1 0 0 0 0 0 0 1 1
140	6	1 0 0 1 1 0 1 0 0 0 0 0 0 0 1 0
140	3	0 1 0 1 0 0 0 0 0 0 0 0 0 0 0 0
140	1	1 0 1 0 1 0 0 0 0 0 0 0 1 0 0 0
140	6	1 1 1 1 1 0 1 0 0 0 0 0 0 0 0 1
140	3	1 0 0 1 1 0 0 0 0 0 0 1 0 0 0 0
140	2	1 1 0 1 1 0 1 0 1 0 1 0 0 0 0 0
140	2	1 0 0 0 1 1 1 0 0 0 0 0 1 1 0 0
140	1	0 1 0 1 0 1 0 0 0 0 0 1 1 0 1 0
140	3	1 0 0 0 1 1 0 0 0 0 0 0 0 1 0 0
140	2	1 1 1 0 1 1 1 0 0 0 0 0 0 0 0 0
160	73	1 0 0 0 1 0 1 0 0 0 0 0 0 0 0 0
160	11	1 0 0 0 1 0 1 0 0 0 0 0 0 0 1 0
160	18	0 0 0 0 1 0 1 0 0 0 0 0 0 0 0 0
160	21	0 1 0 1 0 1 0 0 0 0 0 1 0 0 0 0
160	72	1 0 0 1 1 0 1 0 0 0 0 0 0 0 0 0
160	4	1 0 0 0 1 1 1 0 0 0 0 0 0 0 0 0
160	20	1 1 0 0 1 0 1 0 0 0 0 0 0 0 0 0
160	44	0 1 0 1 0 1 0 0 0 0 0 0 0 0 0 0
160	3	1 0 0 0 1 0 1 0 0 0 0 0 0 1 0 0
160	6	1 0 1 0 1 0 1 0 0 0 0 0 0 0 0 0
160	10	1 1 0 1 1 0 1 0 0 0 0 0 0 0 0 0
160	8	1 0 0 1 1 0 1 0 0 0 1 0 0 0 0 0
160	15	1 0 0 0 1 0 1 0 0 0 0 1 0 0 0 1
160	14	1 0 1 0 1 0 0 0 0 0 0 0 0 0 0 0
160	23	1 0 0 1 1 0 1 0 0 1 0 0 0 0 0 0
160	3	1 0 0 0 1 0 1 0 0 0 0 0 0 0 0 1
160	88	1 0 1 1 1 0 1 0 0 0 0 0 0 0 0 0
160	16	1 1 0 1 1 0 1 0 0 0 0 0 0 0 0 1
160	3	1 0 0 0 1 1 1 0 0 0 0 0 1 0 0 0
160	18	0 0 0 1 1 0 1 0 0 1 0 0 0 0 0 0
160	2	0 0 1 0 1 0 0 0 0 0 0 0 0 0 0 0
160	31	1 0 1 1 1 0 0 0 0 0 0 0 0 0 0 0
160	10	1 0 0 0 1 1 1 1 0 0 0 0 0 0 0 0
160	2	1 1 0 1 1 0 1 0 0 0 0 0 0 0 1 0
160	6	0 0 0 1 1 0 1 0 0 0 0 0 0 0 0 0
160	10	1 1 0 1 1 0 1 0 0 0 0 1 0 0 0 0
160	36	0 0 0 1 1 0 1 0 0 0 0 1 0 0 0 0
160	7	1 0 1 0 1 0 1 0 0 0 0 1 0 0 0 0
160	15	1 0 1 1 1 0 1 0 0 1 0 0 0 0 0 0
160	10	1 1 0 1 1 0 1 1 0 0 0 0 0 0 0 0
160	3	1 0 0 0 1 1 1 1 0 0 0 0 1 0 0 0
160	7	1 0 0 1 1 0 1 0 0 0 0 0 0 0 0 1
160	5	1 0 1 1 1 0 0 0 0 0 0 1 0 0 0 0
160	11	0 1 0 1 1 0 1 0 0 0 0 1 0 0 0 0
160	14	1 1 0 1 0 0 1 0 0 0 0 0 0 0 0 0
160	19	0 0 1 0 1 0 0 0 0 1 0 0 0 0 0 0
160	11	1 1 0 1 1 0 1 1 0 0 0 0 0 0 1 0
160	2	1 0 0 0 1 1 0 0 0 0 0 0 0 1 0 0
160	2	1 1 1 0 1 1 1 0 0 0 0 0 0 0 0 0
160	17	0 1 0 1 0 1 1 0 0 0 0 0 0 0 0 0
160	15	1 0 1 1 1 0 1 0 0 0 0 1 0 0 0 0
160	12	1 0 1 1 1 0 1 0 0 0 0 0 0 0 1 0
160	2	1 0 1 1 1 0 1 0 0 0 0 0 0 0 0 1
160	6	1 1 1 0 1 1 1 0 0 0 0 0 0 1 0 0
160	4	1 0 0 0 1 0 1 1 0 0 0 1 0 0 0 1
160	2	1 1 1 1 1 0 1 0 0 0 1 0 0 0 0 1
160	5	1 0 0 1 1 0 1 1 0 1 0 0 0 0 0 0
160	8	1 1 0 1 1 0 1 0 1 0 0 0 0 0 1 0
160	16	1 1 0 1 0 1 0 0 0 0 0 0 0 0 0 0
160	11	0 0 0 1 1 1 1 0 0 0 0 0 0 0 0 0
160	2	1 1 0 0 1 0 1 0 0 0 0 0 0 0 0 1
160	8	1 1 1 1 1 0 0 0 0 0 0 0 0 0 0 0
160	4	1 0 1 1 1 0 0 0 0 0 0 0 0 1 0 0
160	2	1 0 1 1 1 0 0 0 1 0 0 1 0 0 0 0
160	2	1 0 1 1 1 0 1 0 0 0 0 1 0 0 0 1
160	7	1 1 0 0 1 0 0 0 0 0 0 0 0 0 0 0
160	11	0 1 0 0 0 1 0 0 0 0 0 1 0 0 0 0
160	7	0 1 0 0 1 0 1 0 0 0 0 1 0 0 0 1
160	4	1 0 1 1 1 0 1 0 0 1 0 0 0 0 1 1
160	1	1 0 1 0 1 0 0 0 0 0 0 0 0 0 1 0
160	8	0 0 0 1 1 0 1 0 0 0 0 1 0 0 0 1
160	1	0 0 0 1 1 0 1 1 0 0 0 1 0 0 0 0
160	4	1 0 1 1 1 0 0 0 0 0 0 0 0 0 1 0
160	14	1 0 0 1 1 0 1 0 0 0 1 1 0 0 0 0
160	9	0 0 0 1 1 0 1 0 0 0 0 0 0 1 0 0
160	4	1 0 1 0 1 0 0 0 0 1 0 0 0 0 0 0
160	4	1 1 0 0 1 0 1 0 0 0 0 0 0 1 0 0
160	14	1 0 0 1 1 0 1 0 0 0 1 0 0 0 1 0
160	1	0 1 0 1 1 0 0 0 0 0 0 0 0 0 0 0
160	2	0 1 0 1 0 0 1 0 0 0 0 0 0 0 0 0
160	2	1 0 0 0 1 0 0 0 0 0 0 1 0 0 0 1
160	19	0 1 0 0 0 1 0 0 0 1 0 1 0 0 0 0
160	4	0 0 0 0 1 0 0 0 0 0 0 0 0 0 0 0
160	8	0 0 0 0 1 0 1 0 0 1 0 0 0 0 0 0
160	1	1 0 1 0 1 0 1 0 0 0 0 1 1 0 0 0
160	5	1 0 0 0 1 1 1 0 0 0 0 1 0 0 0 0
160	4	0 0 1 0 1 0 1 0 0 0 0 0 0 0 0 0
160	7	1 1 1 0 1 1 1 0 0 0 1 0 0 0 0 0
160	5	0 1 0 1 0 1 0 0 0 0 0 0 1 0 0 0
160	4	1 0 0 0 0 0 1 0 0 0 0 0 0 1 0 0
160	1	1 0 0 1 1 0 1 0 0 1 0 0 0 1 0 0
160	3	0 0 1 0 1 0 1 0 0 1 0 0 0 0 0 0
160	1	1 0 0 1 1 0 1 0 0 1 0 0 0 0 1 0
160	1	1 0 1 1 1 0 0 1 0 0 0 0 0 0 0 0
160	1	1 1 1 0 1 0 0 0 0 1 0 0 0 0 0 0
160	3	1 0 1 0 1 1 0 0 0 1 0 0 0 0 0 0
160	3	1 1 1 0 1 1 1 0 1 0 0 0 0 0 1 0
160	3	0 0 0 1 1 1 1 0 0 0 1 0 0 0 0 0
160	3	1 0 0 0 1 0 0 0 0 0 0 0 0 0 0 0
160	1	1 0 0 0 1 0 0 0 0 0 0 0 0 0 1 0
160	7	1 0 1 1 1 0 1 0 1 0 0 0 0 0 0 0
160	3	1 0 1 1 1 0 1 0 0 0 0 0 0 1 0 0
160	7	1 0 1 1 1 0 0 0 0 0 0 0 0 0 0 1
160	1	0 1 0 1 0 1 0 0 0 1 0 0 0 0 0 0
160	3	1 1 0 0 0 0 1 0 0 0 0 0 0 0 0 0
160	6	1 0 0 1 1 0 1 0 0 0 0 1 0 0 0 0
160	1	0 0 0 1 1 0 1 0 0 0 0 1 0 0 1 0
160	2	1 0 1 1 1 0 0 0 0 0 0 1 0 0 1 0
160	3	1 1 0 1 0 0 1 0 0 0 0 0 0 1 0 0
160	1	1 1 1 1 0 0 0 0 0 0 0 0 0 0 0 0
160	1	1 0 0 0 1 0 1 0 0 0 0 1 0 0 0 0
160	1	1 0 0 0 1 1 1 0 0 1 0 0 0 0 1 1
160	1	1 0 0 1 1 0 1 0 1 0 0 0 0 0 0 0
160	1	1 0 0 0 0 0 1 0 0 0 0 1 0 0 0 1
160	1	1 0 1 1 1 0 1 1 0 0 0 0 0 0 0 0
160	1	1 0 1 1 1 0 1 0 0 0 0 1 0 1 0 0
160	1	1 0 0 0 1 1 1 0 0 0 0 1 1 0 0 0
180	7	1 0 0 0 1 0 1 0 0 0 0 0 0 0 0 0
180	75	1 0 0 1 1 0 1 0 0 0 0 0 0 0 0 0
180	8	1 1 0 0 1 0 1 0 0 0 0 0 0 0 0 0
180	8	0 1 0 1 0 1 0 0 0 0 0 0 0 0 0 0
180	18	1 0 1 0 1 0 1 0 0 0 0 0 0 0 0 0
180	13	1 1 0 1 1 0 1 0 0 0 0 0 0 0 0 0
180	16	1 0 1 0 1 0 0 0 0 0 0 0 0 0 0 0
180	74	1 0 0 1 1 0 1 0 0 1 0 0 0 0 0 0
180	13	1 0 0 0 1 0 1 0 0 0 0 0 0 0 0 1
180	67	1 0 1 1 1 0 1 0 0 0 0 0 0 0 0 0
180	19	0 0 0 1 1 0 1 0 0 1 0 0 0 0 0 0
180	5	1 0 1 1 1 0 0 0 0 0 0 0 0 0 0 0
180	9	1 0 0 0 1 1 1 1 0 0 0 0 0 0 0 0
180	21	0 0 0 1 1 0 1 0 0 0 0 0 0 0 0 0
180	23	1 1 0 1 1 0 1 0 0 0 0 1 0 0 0 0
180	6	1 0 1 0 1 0 1 0 0 0 0 1 0 0 0 0
180	3	1 0 1 1 1 0 1 0 0 1 0 0 0 0 0 0
180	38	1 1 0 1 1 0 1 1 0 0 0 0 0 0 0 0
180	14	0 0 1 0 1 0 0 0 0 1 0 0 0 0 0 0
180	35	1 1 0 1 1 0 1 1 0 0 0 0 0 0 1 0
180	17	1 0 1 1 1 0 1 0 0 0 0 1 0 0 0 0
180	10	1 0 1 1 1 0 1 0 0 0 0 0 0 0 1 0
180	15	1 0 1 1 1 0 1 0 0 0 0 0 0 0 0 1
180	34	1 0 1 1 1 0 0 0 1 0 0 1 0 0 0 0
180	2	1 0 1 1 1 0 0 0 0 0 0 0 0 0 1 0
180	5	1 0 0 1 1 0 1 0 0 0 1 1 0 0 0 0
180	4	1 0 1 0 1 0 0 0 0 1 0 0 0 0 0 0
180	1	1 1 0 0 1 0 1 0 0 0 0 0 0 1 0 0
180	5	1 0 0 1 1 0 1 0 0 0 1 0 0 0 1 0
180	16	0 1 0 1 0 0 1 0 0 0 0 0 0 0 0 0
180	17	0 1 0 0 0 1 0 0 0 1 0 1 0 0 0 0
180	10	0 1 0 1 0 1 0 0 0 0 0 0 1 0 0 0
180	48	1 0 1 1 1 0 1 0 1 0 0 0 0 0 0 0
180	8	1 0 1 1 1 0 0 0 0 0 0 0 0 0 0 1
180	13	1 0 1 1 1 0 0 0 0 0 0 1 0 0 1 0
180	1	1 0 1 1 1 0 1 0 0 0 0 1 0 1 0 0
180	30	1 0 0 0 1 1 1 0 0 0 0 1 1 0 0 0
180	5	1 0 1 1 0 0 1 0 0 0 0 0 0 0 0 0
180	27	1 0 1 1 1 0 0 0 1 0 0 0 0 0 0 0
180	4	1 0 1 1 1 0 0 1 0 0 0 0 0 0 1 0
180	8	1 0 0 0 1 1 0 1 0 0 0 0 1 0 0 0
180	16	0 0 0 1 1 1 1 0 0 1 0 0 0 0 0 0
180	1	0 1 0 1 0 1 0 0 0 0 0 0 0 0 0 1
180	6	1 1 1 1 1 0 1 0 0 0 0 0 0 0 1 0
180	2	1 1 0 1 1 0 1 1 0 0 0 1 0 0 0 0
180	5	0 0 1 0 1 0 0 0 1 1 0 0 0 0 0 0
180	4	0 1 0 1 0 1 0 0 1 0 0 0 0 0 0 0
180	3	1 0 0 1 1 0 1 0 0 1 0 0 0 0 0 1
180	30	1 0 1 1 1 0 0 0 1 1 0 1 0 0 0 0
180	1	0 0 0 1 0 1 0 0 0 0 0 0 0 0 0 0
180	19	1 0 0 1 1 0 1 0 0 1 1 0 0 0 0 0
180	3	1 1 0 1 1 0 0 1 0 0 0 0 0 0 1 0
180	6	0 0 0 1 1 0 1 0 1 0 0 0 0 0 0 0
180	6	1 0 0 1 1 0 1 0 0 1 0 0 0 0 1 0
180	2	1 0 0 0 1 0 1 0 0 1 0 0 0 0 0 1
180	2	0 1 0 1 0 1 0 1 0 0 0 0 0 0 0 0
180	2	1 0 1 1 1 0 0 0 1 0 0 0 0 0 1 0
180	2	1 1 1 1 1 0 1 0 0 1 0 0 0 0 0 0
180	4	1 1 0 1 0 1 0 0 0 0 0 0 1 0 0 0
180	4	1 0 1 0 1 1 0 0 0 0 0 0 0 0 0 0
180	7	1 0 0 0 1 0 1 0 0 0 1 0 0 0 1 0
180	8	1 0 1 0 1 0 1 0 1 0 0 0 0 0 0 0
180	5	0 0 1 0 1 0 0 0 1 1 0 0 0 1 0 0
180	7	0 0 0 0 0 1 0 0 0 0 0 0 0 0 0 0
180	2	1 1 1 1 1 0 1 0 0 0 0 0 0 0 0 0
180	7	1 0 1 0 0 0 1 0 0 0 0 0 0 0 0 0
180	2	1 0 0 1 1 0 1 0 0 1 0 0 0 1 0 0
180	3	1 0 0 1 1 0 1 0 0 0 0 1 0 0 0 1
180	3	1 0 1 1 1 1 1 0 0 0 0 0 0 0 0 1
180	4	0 0 0 0 1 0 1 0 0 0 0 0 0 0 0 0
180	2	1 1 1 1 1 0 0 0 0 0 0 0 0 0 1 0
180	2	0 1 0 1 0 1 0 0 0 1 0 0 0 0 1 0
180	3	1 0 1 0 1 0 1 0 0 0 0 0 0 0 0 1
180	4	1 0 1 1 1 0 1 0 0 0 1 0 0 0 1 0
180	8	1 0 0 0 1 1 1 0 0 0 0 0 1 0 0 0
180	1	1 0 0 1 1 0 1 0 1 0 0 0 0 0 0 0
180	1	1 1 1 0 1 1 1 0 0 0 0 0 0 0 0 0
180	2	0 0 0 1 0 1 1 0 0 1 0 0 0 0 0 0
180	1	0 1 0 1 0 1 0 0 1 0 0 0 0 0 0 1
180	7	1 0 0 1 1 0 1 0 0 1 0 1 0 0 1 0
180	2	1 0 1 1 1 0 1 0 1 0 0 0 0 0 1 0
180	9	1 0 0 1 0 0 1 0 0 0 0 0 0 0 0 0
180	3	1 0 1 1 1 0 0 0 0 0 0 0 0 1 0 0
180	6	1 0 1 1 1 0 0 0 0 0 0 1 0 1 0 0
180	3	1 1 1 1 0 0 1 0 0 0 0 0 0 0 0 0
180	2	1 0 1 1 0 0 1 0 0 0 0 1 0 0 0 0
180	3	1 0 0 1 1 0 0 0 1 1 0 1 0 0 0 0
180	1	0 0 0 1 1 0 1 0 0 1 0 0 1 0 0 0
180	1	1 1 0 1 0 0 1 0 0 0 0 0 0 0 0 0
180	1	1 1 0 1 1 0 1 1 0 0 0 1 1 0 0 0
180	2	1 0 1 1 1 0 1 1 0 0 0 0 0 0 0 0
180	1	1 0 0 0 1 1 0 1 0 0 0 0 0 0 0 0
180	1	0 1 0 1 0 1 1 0 0 0 0 0 0 0 0 0
180	1	1 0 0 1 1 0 1 1 0 1 0 0 0 0 0 0
180	1	0 0 0 1 1 1 1 0 0 0 0 0 0 0 0 0
180	2	1 0 1 1 1 0 1 0 0 1 0 0 0 0 1 0
180	1	1 1 0 1 1 0 1 0 0 0 0 0 0 0 1 0
180	3	1 1 0 1 1 0 1 0 0 0 1 1 0 0 0 0
180	5	1 0 1 1 0 0 1 0 1 0 0 0 0 0 0 0
180	3	1 0 0 1 1 0 0 0 0 1 1 0 0 0 0 0
200	62	1 0 0 1 1 0 1 0 0 0 0 0 0 0 0 0
200	11	1 1 0 0 1 0 1 0 0 0 0 0 0 0 0 0
200	12	0 1 0 1 0 1 0 0 0 0 0 0 0 0 0 0
200	19	1 0 1 0 1 0 1 0 0 0 0 0 0 0 0 0
200	12	1 1 0 1 1 0 1 0 0 0 0 0 0 0 0 0
200	54	1 0 0 1 1 0 1 0 0 1 0 0 0 0 0 0
200	5	1 0 0 0 1 0 1 0 0 0 0 0 0 0 0 1
200	53	1 0 1 1 1 0 1 0 0 0 0 0 0 0 0 0
200	2	0 0 0 1 1 0 1 0 0 1 0 0 0 0 0 0
200	43	0 0 0 1 1 0 1 0 0 0 0 0 0 0 0 0
200	55	1 1 0 1 1 0 1 0 0 0 0 1 0 0 0 0
200	3	1 0 1 0 1 0 1 0 0 0 0 1 0 0 0 0
200	38	1 1 0 1 1 0 1 1 0 0 0 0 0 0 0 0
200	42	1 1 0 1 1 0 1 1 0 0 0 0 0 0 1 0
200	34	1 0 1 1 1 0 1 0 0 0 0 1 0 0 0 0
200	3	1 0 1 1 1 0 1 0 0 0 0 0 0 0 1 0
200	27	1 0 1 1 1 0 1 0 0 0 0 0 0 0 0 1
200	46	1 0 1 1 1 0 0 0 1 0 0 1 0 0 0 0
200	15	0 1 0 1 0 0 1 0 0 0 0 0 0 0 0 0
200	8	0 1 0 0 0 1 0 0 0 1 0 1 0 0 0 0
200	85	1 0 1 1 1 0 1 0 1 0 0 0 0 0 0 0
200	2	1 0 1 1 1 0 0 0 0 0 0 1 0 0 1 0
200	2	1 0 1 1 1 0 1 0 0 0 0 1 0 1 0 0
200	34	1 0 1 1 0 0 1 0 0 0 0 0 0 0 0 0
200	19	1 0 1 1 1 0 0 0 1 0 0 0 0 0 0 0
200	1	0 0 0 1 1 1 1 0 0 1 0 0 0 0 0 0
200	22	1 0 1 1 1 0 0 0 1 1 0 1 0 0 0 0
200	11	1 0 0 1 1 0 1 0 0 1 0 0 0 0 1 0
200	10	1 0 1 0 1 0 1 0 1 0 0 0 0 0 0 0
200	3	1 0 1 0 0 0 1 0 0 0 0 0 0 0 0 0
200	24	1 0 0 1 1 0 1 0 0 1 0 0 0 1 0 0
200	8	0 0 0 1 0 1 1 0 0 1 0 0 0 0 0 0
200	4	1 0 0 1 0 0 1 0 0 0 0 0 0 0 0 0
200	1	1 0 1 1 1 0 1 1 0 0 0 0 0 0 0 0
200	12	1 0 0 1 0 1 0 0 0 0 0 0 1 0 0 0
200	28	1 0 0 1 1 0 1 0 0 0 0 1 0 0 0 0
200	1	1 0 0 1 1 0 1 0 1 1 0 0 0 0 0 0
200	24	1 0 1 0 1 1 1 0 0 0 0 1 0 0 0 0
200	17	1 0 1 1 1 0 0 0 1 1 0 1 0 1 0 0
200	1	1 0 1 1 1 0 1 0 1 1 0 0 0 0 0 0
200	6	1 0 1 1 1 0 0 0 0 0 0 1 0 0 0 0
200	6	1 1 0 1 1 0 1 1 0 0 0 1 0 0 1 0
200	7	0 0 0 1 1 0 0 0 1 1 0 1 0 0 0 0
200	10	1 0 1 1 1 0 1 0 0 0 0 1 0 0 0 1
200	9	1 1 1 1 1 0 1 0 0 0 0 1 0 0 0 0
200	1	1 0 0 1 1 0 0 0 1 1 0 1 0 0 0 0
200	13	1 0 1 0 1 0 0 0 0 0 1 0 0 0 0 0
200	3	1 0 1 1 1 0 1 0 1 0 1 0 0 0 0 0
200	2	1 1 0 1 1 0 1 0 0 0 0 0 0 0 1 0
200	4	1 0 0 1 1 0 1 0 1 0 0 0 0 0 0 0
200	5	1 0 1 1 1 0 0 0 0 0 0 0 0 0 0 0
200	5	1 0 1 1 1 0 1 0 1 0 0 0 0 0 1 0
200	1	1 0 0 1 1 0 1 0 0 1 0 1 0 0 0 0
200	3	1 1 1 1 1 0 1 0 0 0 1 1 0 0 0 0
200	8	0 0 0 1 1 0 1 0 0 0 0 0 0 0 0 1
200	1	1 0 0 1 1 0 1 0 0 1 0 1 0 0 1 0
200	3	1 1 0 1 0 1 0 0 0 0 0 0 0 0 0 1
200	1	1 0 1 1 1 0 0 0 1 0 0 1 0 0 1 0
200	2	1 0 1 1 1 0 1 1 1 0 0 0 0 0 0 0
200	2	1 0 1 1 1 0 0 0 0 0 0 1 0 1 1 0
200	8	0 0 0 1 1 0 1 0 0 1 0 0 0 1 0 0
200	4	1 1 0 1 1 0 1 0 1 1 0 1 0 0 0 0
200	1	0 1 0 1 0 1 0 0 0 0 1 0 0 0 0 0
200	1	0 0 0 0 1 0 1 0 0 0 0 0 0 0 0 0
200	1	0 1 0 0 0 1 0 1 0 1 0 1 0 0 0 0
200	3	0 0 1 1 0 0 1 0 0 0 0 0 0 0 0 0
200	2	1 0 1 1 1 0 0 0 1 1 1 1 0 1 0 0
200	1	0 1 0 1 0 0 1 0 0 0 0 1 0 0 0 0
200	1	1 0 1 1 1 0 1 0 1 1 0 0 0 1 0 0
200	1	1 0 0 1 1 0 1 0 1 1 0 1 0 0 0 0
200	2	1 0 1 1 1 0 1 0 1 0 0 0 0 1 0 0
200	3	1 0 1 1 1 0 1 0 1 0 0 1 0 0 0 0
200	1	1 0 1 1 1 0 0 0 0 1 0 0 0 0 0 0
200	4	1 1 0 1 0 0 1 1 0 0 0 0 0 0 0 0
200	2	1 0 1 1 1 0 0 0 0 1 0 1 0 0 1 0
200	2	0 0 1 1 1 0 0 0 1 0 0 0 0 0 0 0
200	3	1 0 1 1 1 0 0 1 1 0 0 0 0 0 0 0
200	1	1 0 1 0 0 0 1 0 0 0 0 0 0 0 1 0
200	2	1 1 0 1 1 0 1 0 0 0 1 0 0 0 1 0
200	1	1 0 0 1 1 0 1 0 0 0 0 0 0 0 1 0
200	1	1 0 0 1 1 0 0 0 0 1 0 0 0 0 0 0
200	1	0 0 0 1 1 0 1 0 0 0 0 1 0 0 0 0
200	2	0 0 0 1 1 0 1 0 0 0 0 0 0 0 1 0
200	1	1 1 0 0 1 0 1 0 0 0 0 1 0 0 0 0
200	1	1 0 1 1 1 0 0 0 1 0 1 1 0 0 0 0
200	1	1 0 0 1 1 0 1 1 0 1 0 0 0 1 0 0
200	1	1 0 0 1 1 0 1 0 1 0 0 1 0 0 0 0
200	1	1 0 1 1 1 0 0 0 1 1 0 1 0 1 0 1
200	2	1 0 1 0 1 0 1 0 0 0 1 0 0 0 0 0
220	41	1 0 0 1 1 0 1 0 0 0 0 0 0 0 0 0
220	25	1 0 1 0 1 0 1 0 0 0 0 0 0 0 0 0
220	96	1 0 0 1 1 0 1 0 0 1 0 0 0 0 0 0
220	63	1 0 1 1 1 0 1 0 0 0 0 0 0 0 0 0
220	15	0 0 0 1 1 0 1 0 0 0 0 0 0 0 0 0
220	40	1 1 0 1 1 0 1 0 0 0 0 1 0 0 0 0
220	10	1 0 1 0 1 0 1 0 0 0 0 1 0 0 0 0
220	15	1 1 0 1 1 0 1 1 0 0 0 0 0 0 0 0
220	92	1 0 1 1 1 0 1 0 0 0 0 1 0 0 0 0
220	5	1 0 1 1 1 0 1 0 0 0 0 0 0 0 1 0
220	18	1 0 1 1 1 0 1 0 0 0 0 0 0 0 0 1
220	21	1 0 1 1 1 0 0 0 1 0 0 1 0 0 0 0
220	18	0 1 0 1 0 0 1 0 0 0 0 0 0 0 0 0
220	1	0 1 0 0 0 1 0 0 0 1 0 1 0 0 0 0
220	70	1 0 1 1 1 0 1 0 1 0 0 0 0 0 0 0
220	38	1 0 1 1 0 0 1 0 0 0 0 0 0 0 0 0
220	10	1 0 1 1 1 0 0 0 1 0 0 0 0 0 0 0
220	12	1 0 1 1 1 0 0 0 1 1 0 1 0 0 0 0
220	8	1 0 1 0 1 0 1 0 1 0 0 0 0 0 0 0
220	5	1 0 1 0 0 0 1 0 0 0 0 0 0 0 0 0
220	23	1 0 0 1 1 0 1 0 0 0 0 1 0 0 0 0
220	28	1 0 1 0 1 1 1 0 0 0 0 1 0 0 0 0
220	2	1 0 1 1 1 0 1 0 1 1 0 0 0 0 0 0
220	41	1 0 1 1 1 0 0 0 0 0 0 1 0 0 0 0
220	2	0 0 0 1 1 0 0 0 1 1 0 1 0 0 0 0
220	4	1 1 0 1 1 0 1 0 0 0 0 0 0 0 1 0
220	9	1 0 0 1 1 0 1 0 1 0 0 0 0 0 0 0
220	10	1 0 1 1 1 0 0 0 0 0 0 0 0 0 0 0
220	13	1 0 1 1 1 0 1 0 1 0 0 0 0 0 1 0
220	11	1 0 1 1 1 0 1 0 1 0 0 1 0 0 0 0
220	6	0 0 0 1 1 0 0 0 0 0 0 0 0 0 0 0
220	4	0 1 0 1 0 0 1 0 0 0 0 0 0 0 0 1
220	10	1 0 1 0 1 1 1 0 0 1 0 1 0 0 0 0
220	3	1 0 1 1 1 0 1 0 1 0 0 0 0 0 0 1
220	3	1 0 1 1 0 1 0 0 0 1 0 1 0 0 0 0
220	2	1 0 1 1 1 0 1 0 1 0 0 0 0 1 0 0
220	15	1 0 1 1 0 0 1 0 1 0 0 0 0 0 0 0
220	42	1 0 1 1 1 0 1 0 1 0 1 0 0 0 0 0
220	9	1 1 1 1 0 0 1 0 0 0 0 0 0 0 0 0
220	12	1 0 0 1 1 0 0 0 1 0 0 1 0 0 0 0
220	14	1 0 1 1 1 0 1 0 0 0 1 0 0 0 0 1
220	1	1 0 1 1 1 0 0 0 1 1 0 0 0 0 0 0
220	21	1 0 1 1 1 0 1 1 0 0 0 0 0 0 0 0
220	4	0 0 0 1 1 0 1 0 0 1 0 0 0 0 0 0
220	8	1 0 1 1 1 0 0 0 1 0 1 0 0 0 0 0
220	4	0 1 0 1 0 0 1 0 0 0 0 1 0 0 0 0
220	1	1 0 1 1 1 1 1 0 1 0 0 0 0 0 0 0
220	12	1 0 0 1 1 0 1 1 0 0 0 1 0 0 0 0
220	1	1 0 0 1 1 0 1 0 0 0 0 0 0 0 0 1
220	4	1 0 0 1 1 0 0 0 0 0 0 0 0 0 0 0
220	4	1 0 1 1 1 1 0 0 0 0 0 0 0 0 0 0
220	2	1 1 0 1 1 0 1 0 1 0 1 0 0 0 0 0
220	8	1 0 1 1 0 0 0 0 0 0 0 0 0 0 0 0
220	6	1 0 1 1 1 0 1 0 0 0 1 0 0 0 0 0
220	4	1 0 0 1 1 0 1 0 0 1 0 1 0 0 0 0
220	1	1 1 0 1 0 0 1 0 0 0 0 0 0 0 0 0
220	3	1 0 1 1 0 1 1 0 0 0 0 0 0 0 0 0
220	3	0 0 1 1 0 0 1 0 0 0 0 0 0 0 0 0
220	3	1 0 0 1 1 0 1 0 1 0 0 1 0 0 0 0
220	2	1 1 0 1 1 0 1 0 0 1 0 0 0 0 0 0
220	2	1 0 0 1 1 0 1 0 0 1 0 0 0 0 1 0
220	2	1 0 1 1 1 0 0 0 0 0 0 0 0 1 0 0
220	2	1 1 1 1 0 0 1 0 0 0 0 1 0 0 0 1
220	7	1 0 1 1 1 0 1 0 0 0 0 1 0 0 0 1
220	2	0 0 0 1 1 0 1 0 1 0 0 0 0 0 0 0
220	2	1 0 1 1 1 0 0 0 0 0 0 0 0 0 0 1
220	1	1 0 0 1 1 0 0 0 1 0 0 0 0 0 1 0
220	2	1 0 0 1 1 1 1 0 0 1 0 0 0 0 0 0
220	5	1 0 0 1 1 0 1 0 0 0 1 0 0 0 0 1
220	1	1 1 0 1 0 0 1 0 0 0 0 0 0 0 1 0
220	1	1 0 1 0 1 1 0 0 1 0 0 1 0 0 0 0
220	2	1 0 0 1 1 0 1 0 0 0 0 1 0 0 0 1
220	1	1 1 1 0 1 1 1 0 0 0 0 1 0 0 0 0
220	3	1 1 1 0 0 0 0 0 1 0 0 1 0 0 0 0
220	1	1 0 1 1 1 1 0 0 0 1 0 1 0 0 0 0
220	2	1 0 1 0 1 1 1 0 0 0 0 0 0 0 0 0
220	1	1 1 0 1 1 1 1 0 0 0 0 1 0 0 0 0
220	4	0 1 0 1 0 0 1 0 0 1 0 0 0 0 0 0
220	1	1 0 0 1 1 0 0 0 0 0 0 1 0 0 0 0
240	8	1 0 0 1 1 0 1 0 0 0 0 0 0 0 0 0
240	4	1 0 1 0 1 0 1 0 0 0 0 0 0 0 0 0
240	56	1 0 0 1 1 0 1 0 0 1 0 0 0 0 0 0
240	44	1 0 1 1 1 0 1 0 0 0 0 0 0 0 0 0
240	76	1 1 0 1 1 0 1 0 0 0 0 1 0 0 0 0
240	14	1 0 1 0 1 0 1 0 0 0 0 1 0 0 0 0
240	4	1 1 0 1 1 0 1 1 0 0 0 0 0 0 0 0
240	129	1 0 1 1 1 0 1 0 0 0 0 1 0 0 0 0
240	8	1 0 1 1 1 0 1 0 0 0 0 0 0 0 0 1
240	42	1 0 1 1 1 0 0 0 1 0 0 1 0 0 0 0
240	3	0 1 0 1 0 0 1 0 0 0 0 0 0 0 0 0
240	82	1 0 1 1 1 0 1 0 1 0 0 0 0 0 0 0
240	14	1 0 1 1 0 0 1 0 0 0 0 0 0 0 0 0
240	11	1 0 1 1 1 0 0 0 1 0 0 0 0 0 0 0
240	10	1 0 1 1 1 0 0 0 1 1 0 1 0 0 0 0
240	14	1 0 1 0 1 0 1 0 1 0 0 0 0 0 0 0
240	24	1 0 0 1 1 0 1 0 0 0 0 1 0 0 0 0
240	5	1 0 1 0 1 1 1 0 0 0 0 1 0 0 0 0
240	35	1 0 1 1 1 0 0 0 0 0 0 1 0 0 0 0
240	4	1 0 1 1 1 0 1 0 1 0 0 0 0 0 1 0
240	27	1 0 1 1 1 0 1 0 1 0 0 1 0 0 0 0
240	15	1 0 1 0 1 1 1 0 0 1 0 1 0 0 0 0
240	32	1 0 1 1 0 0 1 0 1 0 0 0 0 0 0 0
240	28	1 0 1 1 1 0 1 0 1 0 1 0 0 0 0 0
240	4	1 1 1 1 0 0 1 0 0 0 0 0 0 0 0 0
240	6	1 0 0 1 1 0 0 0 1 0 0 1 0 0 0 0
240	5	1 0 1 1 1 0 1 0 0 0 1 0 0 0 0 1
240	20	1 0 1 1 1 0 1 1 0 0 0 0 0 0 0 0
240	27	1 1 0 1 1 0 1 0 1 0 1 0 0 0 0 0
240	13	1 0 0 1 1 0 1 0 1 0 0 1 0 0 0 0
240	5	0 0 0 1 1 0 1 0 1 0 0 0 0 0 0 0
240	8	1 0 0 1 1 0 1 0 0 1 0 1 0 1 0 0
240	4	1 0 0 1 1 0 1 0 0 0 0 0 0 0 1 0
240	1	1 0 0 1 1 0 0 0 1 0 0 0 0 0 0 0
240	12	1 0 0 1 0 0 1 0 1 0 0 0 0 0 0 0
240	4	1 0 0 1 1 0 1 0 0 1 0 0 0 1 0 0
240	18	1 0 1 1 1 0 1 0 0 0 1 1 0 0 0 0
240	6	1 0 1 1 0 0 1 0 0 0 0 1 0 0 0 0
240	8	1 1 0 1 0 0 1 0 0 0 0 0 0 0 0 0
240	2	1 0 0 1 1 0 1 0 0 1 0 1 0 0 0 0
240	6	1 0 1 1 1 0 1 0 0 0 0 0 0 0 1 0
240	4	1 0 1 1 0 0 1 0 0 1 0 0 0 0 0 0
240	5	1 1 0 1 1 0 1 0 0 0 0 0 0 0 0 0
240	1	1 0 1 1 1 1 1 0 0 0 0 1 0 0 0 0
240	3	0 0 1 0 1 0 1 0 0 0 0 0 0 0 0 0
240	5	1 0 0 1 1 0 1 0 0 1 0 0 0 0 1 0
240	6	1 0 1 1 1 0 1 0 1 1 0 0 0 0 1 0
240	1	1 0 0 1 1 1 1 0 0 1 0 1 0 1 0 0
240	8	1 1 0 1 0 0 1 0 0 1 0 1 0 0 0 0
240	5	1 0 0 1 1 0 1 0 0 1 0 1 0 0 0 1
240	22	1 0 1 1 1 0 1 0 0 1 0 0 0 0 0 0
240	5	1 0 1 1 1 0 0 0 0 0 0 0 0 0 0 1
240	4	1 0 0 1 1 0 0 0 1 0 1 1 0 0 0 0
240	2	1 0 1 1 0 0 1 0 0 0 0 0 1 0 0 0
240	7	1 0 1 1 1 1 1 0 0 0 0 0 0 0 0 0
240	6	0 0 1 1 1 0 0 0 1 0 0 1 0 0 0 0
240	2	1 0 1 1 1 0 0 0 1 1 0 0 0 0 0 0
240	8	0 0 0 1 1 0 0 0 0 0 0 0 1 0 0 0
240	9	1 0 1 1 1 0 1 0 1 0 0 1 0 1 0 1
240	5	1 0 1 1 1 0 1 0 1 0 0 0 0 0 0 1
240	5	1 0 0 0 1 0 1 0 0 1 0 0 0 0 0 0
240	4	1 0 1 1 1 0 1 0 1 1 0 0 0 0 0 0
240	2	1 0 0 1 1 1 1 0 0 1 0 1 0 0 0 1
240	5	1 0 1 1 1 1 1 0 0 0 0 0 0 0 0 1
240	4	1 0 1 1 0 0 1 0 0 0 0 0 0 1 0 0
240	3	1 0 0 1 1 0 1 0 1 1 0 1 0 0 0 0
240	4	1 0 0 1 1 0 1 0 0 0 0 0 0 0 1 1
240	5	1 0 0 1 1 0 1 0 0 0 0 0 0 1 0 0
240	3	1 0 1 1 0 0 1 0 1 0 0 1 0 0 0 0
240	4	1 1 0 1 0 0 1 0 0 0 0 0 0 0 0 1
240	1	1 1 0 0 0 0 1 0 0 0 0 1 0 0 0 0
240	1	1 0 0 1 1 0 1 0 0 0 1 0 0 0 0 1
240	2	1 0 0 1 0 0 1 0 0 1 0 0 0 0 0 0
240	1	1 0 1 1 0 0 1 0 0 0 0 0 0 0 1 0
240	2	1 0 0 1 1 1 1 0 0 1 0 0 0 0 0 0
240	1	1 1 0 1 1 0 1 0 0 0 0 1 0 0 0 1
240	1	1 0 1 0 1 0 0 0 0 0 0 1 0 0 0 0
240	1	1 0 1 1 1 0 0 0 0 0 0 1 0 0 0 1
240	1	1 0 1 1 1 1 0 0 0 0 0 1 0 0 0 0
240	2	1 0 1 0 1 1 0 0 0 1 0 1 0 0 0 0
240	1	1 0 1 1 0 1 1 0 0 1 0 0 0 0 0 0
240	1	1 1 0 1 0 0 1 0 0 1 0 0 0 0 0 0
260	10	1 0 0 1 1 0 1 0 0 0 0 0 0 0 0 0
260	15	1 0 0 1 1 0 1 0 0 1 0 0 0 0 0 0
260	34	1 0 1 1 1 0 1 0 0 0 0 0 0 0 0 0
260	106	1 1 0 1 1 0 1 0 0 0 0 1 0 0 0 0
260	92	1 0 1 1 1 0 1 0 0 0 0 1 0 0 0 0
260	17	1 0 1 1 1 0 0 0 1 0 0 1 0 0 0 0
260	48	1 0 1 1 1 0 1 0 1 0 0 0 0 0 0 0
260	27	1 0 1 1 1 0 0 0 1 0 0 0 0 0 0 0
260	18	1 0 1 1 1 0 0 0 1 1 0 1 0 0 0 0
260	11	1 0 0 1 1 0 1 0 0 0 0 1 0 0 0 0
260	6	1 0 1 1 1 0 0 0 0 0 0 1 0 0 0 0
260	45	1 0 1 1 1 0 1 0 1 0 0 1 0 0 0 0
260	8	1 0 1 0 1 1 1 0 0 1 0 1 0 0 0 0
260	31	1 0 1 1 0 0 1 0 1 0 0 0 0 0 0 0
260	38	1 0 1 1 1 0 1 0 1 0 1 0 0 0 0 0
260	4	1 1 1 1 0 0 1 0 0 0 0 0 0 0 0 0
260	2	1 0 1 1 1 0 1 1 0 0 0 0 0 0 0 0
260	67	1 1 0 1 1 0 1 0 1 0 1 0 0 0 0 0
260	5	1 0 0 1 1 0 1 0 1 0 0 1 0 0 0 0
260	6	0 0 0 1 1 0 1 0 1 0 0 0 0 0 0 0
260	1	1 0 1 1 1 0 1 0 0 0 1 1 0 0 0 0
260	5	1 0 1 1 0 0 1 0 0 0 0 1 0 0 0 0
260	7	1 1 0 1 0 0 1 0 0 0 0 0 0 0 0 0
260	6	1 0 1 1 1 0 1 0 0 0 0 0 0 0 1 0
260	18	1 0 1 1 1 1 1 0 0 0 0 1 0 0 0 0
260	3	1 1 0 1 0 0 1 0 0 1 0 1 0 0 0 0
260	19	1 0 1 1 1 0 1 0 0 1 0 0 0 0 0 0
260	9	0 0 0 1 1 0 0 0 0 0 0 0 1 0 0 0
260	14	1 0 1 1 1 1 1 0 0 0 0 0 0 0 0 1
260	11	1 1 0 1 0 0 1 0 0 1 0 0 0 0 0 0
260	9	1 0 1 1 1 0 1 1 1 0 0 0 0 0 0 0
260	21	1 0 0 1 1 0 1 0 0 0 1 1 0 0 0 0
260	12	1 0 1 1 0 1 1 0 1 0 0 0 0 0 0 0
260	28	1 0 1 1 0 0 1 0 1 0 0 0 1 0 0 0
260	3	1 0 1 1 1 0 1 0 1 0 1 0 0 1 0 0
260	17	1 1 1 1 0 0 1 0 0 0 1 0 0 0 0 0
260	4	1 1 1 1 0 0 1 0 1 0 0 0 0 0 0 0
260	22	0 0 1 1 1 0 1 0 1 1 0 0 0 0 0 0
260	10	1 0 0 1 1 0 1 0 0 0 1 0 0 0 0 0
260	2	1 0 1 1 1 0 1 0 0 0 0 1 0 0 0 1
260	10	1 0 0 0 1 0 1 0 0 1 0 0 0 0 0 0
260	15	1 0 0 1 1 0 1 0 0 1 0 0 0 0 0 1
260	4	1 0 0 1 1 0 1 0 1 0 1 0 0 0 0 0
260	4	1 0 0 1 0 0 1 0 1 0 0 1 0 0 0 0
260	11	1 1 0 1 1 0 1 0 1 0 0 0 0 0 0 0
260	2	1 1 1 1 1 0 1 0 0 0 0 1 0 0 0 0
260	2	1 0 1 1 1 0 0 1 1 0 0 1 0 0 0 0
260	2	1 0 1 1 0 0 0 0 1 0 0 0 0 0 0 0
260	3	1 1 0 1 1 0 1 1 1 0 0 0 0 0 0 0
260	6	1 0 1 1 1 0 0 0 1 1 0 0 0 0 0 0
260	6	0 0 1 1 1 0 1 0 1 0 1 0 0 0 0 0
260	7	1 1 0 1 1 0 1 0 1 0 1 0 0 0 1 0
260	10	1 1 0 1 0 0 1 0 1 0 1 0 0 0 0 0
260	1	1 1 0 1 1 0 1 0 1 1 1 0 0 0 0 0
260	7	1 0 1 1 1 0 1 0 0 0 0 1 1 0 0 0
260	2	1 0 1 1 0 0 1 0 1 1 0 0 0 0 1 0
260	2	0 0 1 0 1 0 1 0 1 0 0 0 0 0 0 1
260	3	0 0 1 1 1 0 0 0 1 1 0 0 0 0 1 0
260	6	1 1 0 1 1 0 1 0 1 0 0 1 0 0 0 0
260	5	1 1 0 1 1 0 1 0 0 1 0 1 0 0 0 0
260	2	1 0 0 1 1 1 1 0 0 0 0 1 0 0 0 0
260	1	1 1 1 1 1 0 1 0 1 0 1 0 0 0 0 0
260	6	1 0 0 1 0 0 0 0 1 0 0 0 0 0 0 0
260	2	1 1 1 1 1 0 1 0 1 1 0 0 0 0 0 0
260	1	1 0 1 1 1 1 0 0 1 0 0 0 0 0 1 0
260	4	1 0 0 1 1 0 1 1 1 0 0 0 0 0 0 0
260	4	1 1 0 1 1 0 1 0 0 0 0 0 0 0 0 0
260	5	1 0 1 1 1 0 0 1 1 1 0 1 0 0 0 0
260	3	1 0 1 1 1 1 1 0 1 0 0 1 0 0 0 0
260	2	1 1 1 1 0 0 1 1 0 0 0 0 0 0 0 0
260	2	0 0 1 1 0 0 1 0 1 0 0 0 1 0 0 0
260	1	1 1 1 1 1 0 1 0 1 0 0 0 1 0 0 0
260	1	1 1 0 1 1 0 1 1 0 0 0 1 0 0 0 0
260	1	1 1 1 1 1 0 0 0 1 1 0 1 0 0 0 0
260	2	1 0 1 0 1 0 1 0 1 0 1 0 0 0 0 0
260	1	1 1 0 1 1 0 0 0 1 0 1 0 0 0 0 0
260	4	1 1 0 1 1 1 1 0 1 0 1 0 0 0 0 0
260	2	0 0 1 1 1 1 1 0 1 0 1 0 0 0 0 0
260	3	1 1 0 1 1 0 1 0 0 1 0 0 0 0 0 0
260	1	1 0 0 1 1 0 1 0 1 1 0 0 0 0 0 0
260	4	1 0 1 1 1 0 1 0 0 0 1 0 0 0 0 0
260	4	1 1 1 1 1 0 1 0 0 0 0 0 0 0 0 0
260	1	1 0 1 1 0 0 0 0 1 1 0 1 0 0 0 0
260	2	1 0 0 1 1 0 1 0 0 0 0 1 1 0 0 0
260	4	1 1 1 1 1 0 1 1 0 0 0 1 0 0 0 0
260	4	1 0 1 1 0 1 1 0 1 0 1 0 0 0 0 1
260	2	1 1 0 1 1 0 1 0 0 0 0 0 0 0 1 0
260	1	1 1 0 1 1 0 1 0 0 0 1 1 0 0 0 0
260	2	1 1 0 0 1 0 1 0 0 0 0 1 0 0 0 0
260	1	1 0 1 1 1 1 1 0 1 0 0 0 0 0 0 0
260	2	1 0 1 1 1 0 0 0 0 0 0 1 0 0 0 1
260	2	1 1 0 1 0 0 1 0 1 0 0 0 0 0 0 0
260	3	1 0 1 1 1 0 0 0 1 0 1 0 0 1 0 0
260	1	1 1 0 1 1 1 1 0 1 0 1 0 0 0 0 1
280	9	1 0 0 1 1 0 1 0 0 0 0 0 0 0 0 0
280	9	1 0 0 1 1 0 1 0 0 1 0 0 0 0 0 0
280	3	1 0 1 1 1 0 1 0 0 0 0 0 0 0 0 0
280	49	1 1 0 1 1 0 1 0 0 0 0 1 0 0 0 0
280	116	1 0 1 1 1 0 1 0 0 0 0 1 0 0 0 0
280	12	1 0 1 1 1 0 0 0 1 0 0 1 0 0 0 0
280	52	1 0 1 1 1 0 1 0 1 0 0 0 0 0 0 0
280	21	1 0 1 1 1 0 0 0 1 0 0 0 0 0 0 0
280	18	1 0 1 1 1 0 0 0 1 1 0 1 0 0 0 0
280	13	1 0 0 1 1 0 1 0 0 0 0 1 0 0 0 0
280	25	1 0 1 1 1 0 0 0 0 0 0 1 0 0 0 0
280	33	1 0 1 1 1 0 1 0 1 0 0 1 0 0 0 0
280	13	1 0 1 1 0 0 1 0 1 0 0 0 0 0 0 0
280	71	1 0 1 1 1 0 1 0 1 0 1 0 0 0 0 0
280	112	1 1 0 1 1 0 1 0 1 0 1 0 0 0 0 0
280	5	1 0 0 1 1 0 1 0 1 0 0 1 0 0 0 0
280	16	0 0 0 1 1 0 1 0 1 0 0 0 0 0 0 0
280	9	1 0 1 1 1 1 1 0 0 0 0 1 0 0 0 0
280	4	1 0 1 1 1 0 1 0 0 1 0 0 0 0 0 0
280	26	1 0 1 1 1 0 1 1 1 0 0 0 0 0 0 0
280	17	1 0 0 1 1 0 1 0 0 0 1 1 0 0 0 0
280	23	1 0 1 1 0 1 1 0 1 0 0 0 0 0 0 0
280	6	1 1 1 1 0 0 1 0 0 0 1 0 0 0 0 0
280	13	1 0 0 1 1 0 1 0 0 0 1 0 0 0 0 0
280	6	1 0 0 0 1 0 1 0 0 1 0 0 0 0 0 0
280	3	1 0 0 1 1 0 1 0 0 1 0 0 0 0 0 1
280	16	1 1 1 1 1 0 1 0 0 0 0 1 0 0 0 0
280	47	1 1 0 1 1 0 1 0 1 0 0 1 0 0 0 0
280	13	1 1 0 1 1 0 1 0 0 1 0 1 0 0 0 0
280	2	1 1 1 1 1 0 1 0 1 1 0 0 0 0 0 0
280	6	1 1 0 1 1 0 1 0 0 0 0 0 0 0 0 0
280	21	1 0 1 1 1 0 0 1 1 1 0 1 0 0 0 0
280	17	1 1 1 1 1 0 1 0 1 0 0 0 1 0 0 0
280	6	1 1 0 1 1 1 1 0 1 0 1 0 0 0 0 0
280	5	1 1 1 1 1 0 1 0 0 0 0 0 0 0 0 0
280	5	1 1 1 1 1 0 1 1 0 0 0 1 0 0 0 0
280	4	1 0 1 1 1 0 0 0 1 1 1 0 0 0 0 0
280	2	1 0 1 1 1 0 1 0 0 1 0 0 0 0 0 1
280	2	0 1 0 1 1 0 1 0 0 0 0 1 0 0 0 0
280	2	1 1 0 1 1 0 1 0 0 0 0 1 0 0 1 0
280	1	1 0 1 1 1 0 1 0 1 0 0 1 0 0 1 0
280	2	1 0 1 1 0 0 1 0 0 0 1 0 0 0 0 0
280	4	1 1 0 1 1 1 1 0 0 0 0 1 0 0 0 0
280	8	1 1 0 1 0 0 0 1 1 1 0 1 0 0 0 0
280	9	1 0 0 0 0 0 1 0 0 1 0 0 0 0 0 0
280	11	1 1 0 1 1 0 1 0 0 1 0 0 0 0 0 0
280	9	1 0 1 1 1 1 1 0 0 0 0 0 0 0 0 0
280	1	1 0 1 1 1 0 1 0 1 0 1 0 0 0 1 0
280	2	1 0 1 1 1 0 0 0 0 1 0 0 0 0 0 0
280	6	1 0 1 1 1 0 0 0 1 0 1 0 0 0 0 0
280	1	1 1 0 1 0 0 1 0 0 0 0 1 0 0 0 0
280	1	1 0 1 1 0 0 1 0 1 0 0 0 0 1 0 0
280	3	1 0 1 1 1 0 1 0 1 0 0 0 1 0 0 0
280	1	1 1 1 1 1 0 1 0 1 0 0 1 0 0 0 0
280	5	1 0 1 1 1 0 1 0 1 0 0 1 1 0 0 0
280	5	1 1 0 1 1 0 1 0 0 0 0 0 0 1 0 0
280	5	1 0 0 1 1 0 1 0 1 0 0 0 1 0 0 0
280	6	0 0 0 0 1 0 1 0 0 0 0 0 0 0 0 0
280	1	1 0 1 0 1 0 1 0 1 0 1 0 0 0 0 0
280	1	1 1 0 1 1 0 0 0 0 1 0 1 0 0 0 0
280	5	1 0 1 1 0 0 1 0 0 0 0 1 0 0 0 0
280	8	1 0 1 1 1 0 1 1 0 0 0 1 0 0 0 0
280	8	1 1 0 1 1 0 1 0 1 0 1 1 0 0 0 0
280	6	1 0 1 1 1 0 1 0 0 0 0 1 1 0 0 0
280	3	1 1 0 0 1 0 1 0 0 1 0 0 0 0 0 0
280	2	1 0 1 1 1 0 1 0 0 0 1 1 0 0 0 0
280	4	1 0 1 1 0 0 1 0 1 0 1 0 0 0 0 0
280	2	1 0 1 1 1 1 1 0 0 0 0 1 1 0 0 0
280	4	1 0 1 1 1 0 1 0 0 0 0 1 0 0 1 0
280	3	1 0 1 1 1 0 0 0 1 0 0 0 0 0 1 0
280	4	1 0 0 1 1 0 1 0 1 0 1 0 0 0 0 0
280	5	1 1 0 1 1 0 1 0 1 1 0 0 0 0 0 0
280	2	1 0 1 1 1 0 1 0 0 0 0 0 0 1 0 0
280	2	1 1 0 1 1 0 1 0 1 0 0 1 0 0 1 0
280	4	1 1 0 1 1 0 1 0 0 0 1 1 0 0 0 0
280	1	1 0 1 1 1 0 0 0 1 0 0 0 0 0 0 1
280	1	1 0 0 0 1 0 1 0 0 0 0 1 0 0 0 0
280	4	1 1 1 1 1 0 1 0 0 1 0 0 0 0 0 0
280	2	1 1 0 1 1 0 1 0 1 1 0 1 0 0 0 0
280	4	1 0 1 1 1 0 0 1 1 1 0 1 0 0 1 0
280	1	1 0 1 1 1 0 1 0 1 1 0 0 0 0 0 0
280	2	0 0 0 1 1 0 1 0 1 0 0 0 0 0 1 0
280	1	0 0 0 1 1 0 1 1 1 0 0 0 0 0 0 0
280	1	1 0 1 1 1 1 0 0 0 0 0 1 0 0 0 0
280	1	1 0 0 1 1 1 1 0 0 0 1 1 0 0 0 0
280	1	1 0 1 1 0 1 1 1 1 0 0 0 0 0 0 0
280	2	1 1 0 1 1 0 1 0 1 0 0 1 1 0 0 0
280	1	1 1 0 1 1 0 1 1 0 0 0 0 0 0 0 0
280	1	1 1 0 1 1 1 1 0 0 1 0 0 0 0 0 0
280	1	1 0 0 0 1 0 1 0 0 0 0 0 0 0 0 0
300	19	1 0 0 1 1 0 1 0 0 1 0 0 0 0 0 0
300	4	1 0 1 1 1 0 1 0 0 0 0 0 0 0 0 0
300	74	1 1 0 1 1 0 1 0 0 0 0 1 0 0 0 0
300	105	1 0 1 1 1 0 1 0 0 0 0 1 0 0 0 0
300	81	1 0 1 1 1 0 1 0 1 0 0 0 0 0 0 0
300	9	1 0 1 1 1 0 0 0 1 0 0 0 0 0 0 0
300	49	1 0 1 1 1 0 0 0 1 1 0 1 0 0 0 0
300	25	1 0 1 1 1 0 0 0 0 0 0 1 0 0 0 0
300	14	1 0 1 1 1 0 1 0 1 0 0 1 0 0 0 0
300	64	1 0 1 1 1 0 1 0 1 0 1 0 0 0 0 0
300	90	1 1 0 1 1 0 1 0 1 0 1 0 0 0 0 0
300	8	1 0 0 1 1 0 1 0 1 0 0 1 0 0 0 0
300	3	0 0 0 1 1 0 1 0 1 0 0 0 0 0 0 0
300	12	1 0 1 1 1 1 1 0 0 0 0 1 0 0 0 0
300	2	1 0 1 1 1 0 1 0 0 1 0 0 0 0 0 0
300	6	1 0 1 1 1 0 1 1 1 0 0 0 0 0 0 0
300	7	1 0 0 1 1 0 1 0 0 0 1 1 0 0 0 0
300	21	1 0 1 1 0 1 1 0 1 0 0 0 0 0 0 0
300	15	1 1 1 1 1 0 1 0 0 0 0 1 0 0 0 0
300	32	1 1 0 1 1 0 1 0 1 0 0 1 0 0 0 0
300	21	1 0 1 1 1 0 0 1 1 1 0 1 0 0 0 0
300	47	1 1 1 1 1 0 1 0 1 0 0 0 1 0 0 0
300	1	1 1 0 1 1 1 1 0 1 0 1 0 0 0 0 0
300	21	1 1 1 1 1 0 1 1 0 0 0 1 0 0 0 0
300	2	1 1 0 1 1 0 1 0 0 1 0 0 0 0 0 0
300	9	1 1 1 1 1 0 1 0 1 0 0 1 0 0 0 0
300	2	0 0 0 0 1 0 1 0 0 0 0 0 0 0 0 0
300	12	1 0 1 1 1 0 1 1 0 0 0 1 0 0 0 0
300	1	1 0 1 1 1 0 1 0 0 0 0 1 1 0 0 0
300	1	1 0 1 1 1 0 1 0 0 0 0 0 0 1 0 0
300	3	1 1 0 1 1 0 1 0 1 1 0 1 0 0 0 0
300	11	1 0 0 0 1 0 1 0 0 0 0 0 0 0 0 0
300	9	1 0 1 1 1 1 1 0 1 0 0 0 0 0 0 0
300	5	1 1 0 1 1 0 1 0 0 1 1 0 0 0 0 0
300	5	1 0 0 1 1 0 0 0 0 0 1 1 0 0 0 0
300	3	1 0 1 1 1 1 0 0 1 0 0 1 0 0 0 0
300	3	1 0 1 1 1 0 1 0 0 1 0 1 0 1 0 0
300	16	1 1 1 1 1 0 1 0 1 0 0 0 0 0 0 0
300	1	0 0 1 1 1 0 0 0 0 0 0 1 0 0 0 0
300	17	1 0 1 0 1 0 1 0 1 0 0 1 0 0 0 0
300	6	1 1 0 1 1 0 1 1 1 0 1 0 0 0 0 0
300	4	1 1 0 1 1 0 1 0 0 1 0 1 0 1 0 0
300	4	1 1 1 1 1 0 1 0 1 0 0 0 1 1 0 0
300	4	1 1 0 1 1 0 0 0 1 0 0 0 0 0 0 0
300	10	1 1 0 0 1 0 1 0 1 0 1 0 0 0 0 0
300	4	1 1 0 1 1 0 1 0 0 1 0 0 0 0 1 0
300	4	1 1 0 1 1 0 1 0 1 0 0 0 1 0 0 0
300	25	1 1 1 1 1 0 1 0 1 0 1 0 0 0 0 0
300	5	1 0 1 1 0 0 1 0 0 0 1 1 0 0 0 0
300	2	1 1 0 1 1 0 1 0 0 1 0 1 0 0 0 0
300	1	1 1 1 1 1 0 0 0 1 1 0 1 0 0 0 0
300	1	1 1 0 1 0 0 1 0 1 0 1 0 0 0 0 0
300	2	1 1 1 1 1 0 1 0 1 0 0 1 1 0 0 0
300	7	1 1 1 1 1 0 1 0 1 0 0 0 1 0 1 0
300	2	1 0 0 1 1 0 1 1 0 0 0 1 0 0 0 0
300	2	1 0 1 1 0 0 0 0 1 0 0 0 0 0 0 0
300	9	1 1 0 1 1 0 1 0 1 0 1 0 0 0 1 0
300	1	0 0 1 1 1 1 1 0 0 1 0 1 0 0 0 0
300	2	1 0 0 0 1 0 1 0 0 1 0 0 0 0 0 0
300	4	1 0 0 1 1 0 1 0 0 0 0 1 0 0 0 0
300	2	1 0 1 1 1 0 1 0 1 0 1 1 0 0 0 0
300	2	0 0 1 1 1 0 0 1 1 1 0 1 0 0 1 0
300	7	1 0 1 1 1 0 1 0 0 0 1 1 0 0 0 0
300	3	1 1 0 1 1 0 1 0 1 0 0 0 0 0 0 0
300	8	1 0 0 1 1 0 1 0 0 0 0 0 0 0 0 0
300	6	1 0 1 1 1 0 0 0 1 0 1 0 0 0 0 0
300	7	1 0 1 1 1 0 1 0 1 0 1 0 0 0 1 0
300	1	1 1 1 1 1 0 1 0 0 1 0 0 0 0 0 0
300	2	1 0 1 1 1 0 1 0 1 0 0 0 1 0 0 0
300	1	1 1 0 1 1 0 1 0 0 0 0 0 0 0 0 0
300	5	1 1 0 1 1 0 0 0 1 0 1 0 0 0 0 0
300	6	1 0 1 1 1 0 1 0 0 1 1 1 0 1 0 0
300	3	1 1 0 0 1 0 1 0 1 0 1 0 0 0 1 0
300	1	1 0 1 1 1 0 1 0 0 0 0 1 0 0 1 0
300	2	1 0 1 1 1 0 1 0 1 0 1 0 0 0 0 1
300	1	1 0 1 1 1 0 0 1 0 1 0 1 0 0 0 0
300	2	1 1 1 1 0 0 1 0 1 0 0 0 1 0 0 0
300	2	1 1 0 1 1 0 1 0 0 0 0 1 0 1 0 0
300	1	1 0 1 1 0 0 1 0 0 0 0 1 0 0 0 0
300	2	1 0 1 1 1 0 1 0 1 0 0 0 0 0 1 0
300	1	1 1 0 1 1 0 1 0 1 0 1 0 1 0 0 0
300	2	1 0 1 1 0 0 1 0 1 0 0 0 0 0 0 0
300	2	1 0 0 1 1 1 1 0 0 0 0 0 0 0 0 0
300	1	1 0 1 1 0 0 1 0 1 0 1 0 0 0 1 0
300	1	1 1 0 0 1 0 1 0 1 0 0 0 0 0 1 0
320	19	1 0 0 1 1 0 1 0 0 1 0 0 0 0 0 0
320	56	1 1 0 1 1 0 1 0 0 0 0 1 0 0 0 0
320	74	1 0 1 1 1 0 1 0 0 0 0 1 0 0 0 0
320	48	1 0 1 1 1 0 1 0 1 0 0 0 0 0 0 0
320	16	1 0 1 1 1 0 0 0 1 0 0 0 0 0 0 0
320	38	1 0 1 1 1 0 0 0 1 1 0 1 0 0 0 0
320	88	1 0 1 1 1 0 1 0 1 0 1 0 0 0 0 0
320	77	1 1 0 1 1 0 1 0 1 0 1 0 0 0 0 0
320	3	1 0 0 1 1 0 1 0 1 0 0 1 0 0 0 0
320	7	1 1 0 1 1 0 1 0 1 0 0 1 0 0 0 0
320	13	1 0 1 1 1 0 0 1 1 1 0 1 0 0 0 0
320	15	1 1 1 1 1 0 1 0 1 0 0 0 1 0 0 0
320	42	1 1 1 1 1 0 1 1 0 0 0 1 0 0 0 0
320	24	1 1 1 1 1 0 1 0 1 0 0 1 0 0 0 0
320	27	1 0 1 1 1 0 1 1 0 0 0 1 0 0 0 0
320	14	1 0 1 1 1 1 1 0 1 0 0 0 0 0 0 0
320	14	1 0 0 1 1 0 0 0 0 0 1 1 0 0 0 0
320	13	1 1 1 1 1 0 1 0 1 0 0 0 0 0 0 0
320	9	0 0 1 1 1 0 0 0 0 0 0 1 0 0 0 0
320	41	1 0 1 0 1 0 1 0 1 0 0 1 0 0 0 0
320	1	1 1 0 1 1 0 1 1 1 0 1 0 0 0 0 0
320	13	1 1 0 1 1 0 1 0 0 1 0 1 0 1 0 0
320	2	1 1 0 1 1 0 0 0 1 0 0 0 0 0 0 0
320	30	1 1 1 1 1 0 1 0 1 0 1 0 0 0 0 0
320	14	1 1 0 1 1 0 1 0 1 0 1 0 0 0 1 0
320	5	0 0 1 1 1 0 0 1 1 1 0 1 0 0 1 0
320	23	1 0 1 1 1 0 1 0 0 0 1 1 0 0 0 0
320	22	1 1 0 1 1 0 1 0 1 0 0 0 0 0 0 0
320	17	1 0 1 1 1 0 0 0 1 0 1 0 0 0 0 0
320	1	1 0 1 1 1 0 1 0 1 0 0 0 1 0 0 0
320	5	1 1 0 1 1 0 0 0 1 0 1 0 0 0 0 0
320	5	1 1 0 1 1 0 1 0 0 0 1 1 0 0 0 0
320	13	0 0 1 1 1 0 1 0 1 0 0 0 0 0 0 0
320	2	1 1 0 1 1 0 1 0 1 0 1 0 0 0 0 1
320	6	1 1 1 1 1 0 1 1 0 0 0 1 0 1 0 0
320	2	1 1 0 1 1 1 1 0 1 0 0 1 0 0 0 0
320	5	1 0 1 1 1 0 0 1 0 0 1 1 0 0 0 0
320	6	1 1 1 1 0 0 1 0 0 0 0 1 0 0 0 0
320	3	1 0 1 1 1 0 0 0 0 1 1 1 0 0 0 0
320	10	1 0 1 1 1 0 1 0 0 1 0 0 0 0 0 0
320	3	1 1 1 1 1 0 0 1 0 0 0 1 0 0 0 0
320	6	1 1 1 1 1 0 1 0 1 1 0 1 0 0 0 0
320	9	1 0 1 1 1 0 0 0 1 0 1 0 0 0 1 0
320	5	1 0 1 1 1 1 1 0 1 0 1 0 0 0 0 0
320	3	0 0 0 1 1 0 1 0 0 1 0 0 0 0 0 0
320	10	1 0 1 1 1 0 1 0 0 1 0 1 0 0 0 0
320	6	1 0 1 1 1 0 0 1 1 1 0 0 0 0 0 0
320	8	0 1 1 1 1 0 1 1 0 0 0 1 0 0 0 0
320	3	1 0 1 1 1 0 0 1 1 1 1 0 0 0 1 0
320	9	1 1 0 0 1 0 1 1 0 0 0 1 0 0 0 0
320	8	1 0 0 1 1 0 1 0 0 1 0 0 1 0 0 0
320	5	1 0 0 1 0 0 1 0 0 1 0 0 0 0 0 0
320	3	0 1 0 1 1 0 1 0 1 0 1 0 0 0 0 0
320	1	1 0 0 1 1 0 0 0 1 1 0 1 0 0 0 0
320	8	1 0 1 1 1 0 1 0 1 0 0 1 0 0 0 0
320	4	1 0 1 1 0 0 1 0 0 0 0 1 0 0 0 0
320	8	1 0 0 1 1 0 0 0 1 0 1 0 0 0 0 0
320	4	1 1 0 1 0 0 1 0 1 0 0 1 0 0 0 0
320	3	1 0 0 1 1 0 0 0 0 0 1 1 1 0 0 0
320	4	1 1 1 1 1 0 1 0 0 1 0 0 0 0 0 0
320	1	0 1 1 1 1 0 1 1 0 1 0 1 0 0 0 0
320	5	0 1 0 1 0 0 1 0 1 0 1 0 0 0 0 0
320	6	1 0 0 1 1 0 1 0 1 0 0 0 0 0 0 0
320	6	1 1 0 1 1 0 1 0 0 1 0 1 0 0 0 0
320	2	1 0 1 1 1 0 0 1 0 1 0 0 0 0 0 0
320	2	0 1 0 1 1 0 1 0 0 0 0 1 0 0 0 0
320	2	1 0 1 1 1 1 0 0 1 1 0 1 0 0 0 0
320	4	1 1 0 1 1 1 1 0 1 0 1 0 0 0 0 0
320	2	1 0 1 1 1 0 0 0 0 1 0 0 0 0 0 0
320	1	0 0 1 1 1 0 0 0 1 0 0 1 0 0 0 0
320	1	1 0 1 1 1 0 1 1 1 0 0 0 0 0 0 0
320	8	1 0 0 1 0 0 0 0 0 0 1 1 0 0 0 0
320	2	1 1 0 1 1 0 1 0 1 1 0 1 0 0 0 0
320	1	1 1 1 1 1 0 1 1 0 0 1 1 0 0 0 0
320	2	1 1 1 1 1 0 1 1 1 0 0 0 0 0 0 0
320	1	1 0 1 1 0 0 0 0 1 1 0 1 0 0 0 0
320	1	1 0 0 1 1 0 1 0 1 0 1 0 0 0 0 0
320	4	1 1 0 1 1 0 0 0 1 0 0 1 0 0 0 0
320	2	1 0 1 1 1 1 0 0 1 0 1 0 0 0 0 0
320	1	0 0 0 1 1 0 1 0 1 0 1 0 0 0 0 0
320	1	1 1 0 1 1 0 0 0 1 1 0 1 0 0 0 0
320	3	1 0 1 1 1 1 1 0 1 0 0 1 0 0 0 0
320	2	1 1 0 0 1 0 1 0 0 0 0 1 0 0 0 0
320	1	1 0 1 1 0 0 0 0 1 0 0 0 0 0 0 0
320	1	1 0 1 1 1 0 0 0 1 1 0 0 0 0 0 0
320	1	1 0 1 1 0 0 1 0 1 0 1 0 0 0 0 0
320	3	0 0 1 1 1 0 1 0 1 0 1 0 0 0 0 0
320	1	1 0 1 1 1 0 0 0 0 0 1 1 1 0 0 0
340	1	1 0 0 1 1 0 1 0 0 1 0 0 0 0 0 0
340	78	1 1 0 1 1 0 1 0 0 0 0 1 0 0 0 0
340	97	1 0 1 1 1 0 1 0 0 0 0 1 0 0 0 0
340	32	1 0 1 1 1 0 1 0 1 0 0 0 0 0 0 0
340	24	1 0 1 1 1 0 0 0 1 0 0 0 0 0 0 0
340	23	1 0 1 1 1 0 0 0 1 1 0 1 0 0 0 0
340	37	1 0 1 1 1 0 1 0 1 0 1 0 0 0 0 0
340	40	1 1 0 1 1 0 1 0 1 0 1 0 0 0 0 0
340	1	1 1 0 1 1 0 1 0 1 0 0 1 0 0 0 0
340	16	1 0 1 1 1 0 0 1 1 1 0 1 0 0 0 0
340	28	1 1 1 1 1 0 1 1 0 0 0 1 0 0 0 0
340	22	1 1 1 1 1 0 1 0 1 0 0 1 0 0 0 0
340	25	1 0 1 1 1 0 1 1 0 0 0 1 0 0 0 0
340	19	1 0 0 1 1 0 0 0 0 0 1 1 0 0 0 0
340	14	1 1 1 1 1 0 1 0 1 0 0 0 0 0 0 0
340	24	1 0 1 0 1 0 1 0 1 0 0 1 0 0 0 0
340	15	1 1 0 1 1 0 1 0 0 1 0 1 0 1 0 0
340	7	1 1 0 1 1 0 0 0 1 0 0 0 0 0 0 0
340	35	1 1 1 1 1 0 1 0 1 0 1 0 0 0 0 0
340	8	1 1 0 1 1 0 1 0 1 0 1 0 0 0 1 0
340	6	0 0 1 1 1 0 0 1 1 1 0 1 0 0 1 0
340	31	1 0 1 1 1 0 1 0 0 0 1 1 0 0 0 0
340	33	1 1 0 1 1 0 1 0 1 0 0 0 0 0 0 0
340	5	1 0 1 1 1 0 0 0 1 0 1 0 0 0 0 0
340	44	1 1 0 1 1 0 1 0 0 0 1 1 0 0 0 0
340	3	0 0 1 1 1 0 1 0 1 0 0 0 0 0 0 0
340	5	1 1 1 1 1 0 1 1 0 0 0 1 0 1 0 0
340	16	1 0 1 1 1 0 1 0 0 1 0 0 0 0 0 0
340	3	1 0 1 1 1 0 0 1 1 1 0 0 0 0 0 0
340	14	1 1 0 1 0 0 1 0 1 0 0 1 0 0 0 0
340	16	1 1 0 1 1 0 1 0 0 1 0 1 0 0 0 0
340	2	1 0 0 1 0 0 0 0 0 0 1 1 0 0 0 0
340	1	1 1 0 1 1 0 0 0 1 0 0 1 0 0 0 0
340	33	1 1 0 1 1 0 1 1 0 0 0 1 0 0 0 0
340	3	1 1 1 1 1 0 1 0 0 1 0 1 0 1 0 0
340	1	1 1 0 1 1 1 1 0 1 0 0 1 0 0 0 0
340	21	1 0 1 1 1 0 1 1 0 0 1 1 0 0 0 0
340	12	1 1 1 1 1 0 0 1 1 1 0 0 0 0 0 0
340	3	1 0 1 1 1 1 1 0 1 0 1 1 0 0 0 0
340	1	0 0 1 1 1 0 0 1 1 1 0 1 0 0 0 0
340	21	1 1 0 1 1 0 0 0 0 0 0 1 0 0 0 0
340	1	1 1 0 1 1 0 1 0 0 0 0 1 0 1 0 0
340	3	1 1 0 1 1 0 1 0 0 0 1 0 0 0 0 0
340	8	1 1 0 1 0 1 1 0 1 0 0 1 0 0 0 0
340	2	1 1 0 1 1 1 1 0 1 0 0 1 0 0 0 1
340	2	1 0 1 1 0 0 0 1 1 1 0 1 0 0 0 0
340	5	1 1 0 1 1 0 1 0 0 0 0 1 0 0 1 0
340	2	1 1 1 1 1 0 1 1 0 1 0 1 0 0 0 0
340	2	1 0 1 1 1 0 0 0 1 0 0 0 0 0 1 0
340	3	1 1 1 1 1 0 1 1 0 0 0 1 0 0 1 0
340	3	1 0 1 1 1 0 1 0 1 0 1 0 0 0 1 0
340	17	1 1 0 1 1 0 0 0 1 0 1 0 0 0 0 0
340	15	1 1 1 1 1 1 1 1 0 0 0 1 0 0 0 0
340	8	1 0 0 1 1 0 0 0 1 0 1 0 0 0 0 0
340	1	0 1 0 1 1 0 1 0 0 0 1 1 0 0 0 0
340	5	1 0 1 0 1 0 0 1 1 1 0 0 0 0 0 0
340	1	0 0 1 1 0 0 0 0 0 0 1 1 0 0 0 0
340	9	1 0 1 1 1 0 1 0 0 1 0 1 0 1 0 0
340	5	1 1 0 1 1 0 1 0 0 0 0 1 1 0 0 0
340	3	1 1 1 1 1 0 1 0 1 0 1 0 1 0 0 0
340	1	1 1 0 1 1 0 1 1 0 0 0 1 0 0 0 1
340	1	1 1 0 1 1 1 1 0 1 0 0 0 0 0 0 0
340	2	1 0 1 1 1 0 1 1 0 0 1 1 0 0 1 0
340	7	1 0 1 1 1 0 1 0 0 0 1 0 0 0 1 0
340	2	1 0 0 1 1 1 0 0 0 0 1 1 0 0 0 0
340	2	0 0 1 1 1 0 0 1 1 1 0 0 0 0 1 0
340	1	0 1 0 1 1 0 1 1 1 0 1 0 0 0 0 0
340	3	1 0 1 0 1 0 1 1 0 0 1 1 0 0 0 0
340	6	1 1 0 1 0 0 1 0 0 0 0 1 0 0 1 0
340	3	1 0 0 1 1 0 1 0 1 0 0 0 0 0 0 0
340	2	1 1 0 1 1 1 1 0 0 0 0 1 0 0 0 0
340	6	1 0 1 1 1 0 0 0 1 0 0 1 0 0 0 0
340	1	1 0 0 1 1 0 0 0 1 0 1 1 0 0 0 0
340	3	1 0 0 1 1 1 1 0 1 0 0 1 0 0 0 0
340	2	1 0 1 1 1 0 1 0 1 0 0 1 0 0 0 0
340	4	1 1 0 1 1 0 0 0 0 1 0 1 0 1 0 0
340	2	1 0 0 1 1 0 0 0 1 0 0 0 0 0 0 0
340	5	1 0 0 1 1 0 0 0 0 0 0 1 0 0 0 0
340	1	1 1 0 1 1 0 1 0 1 1 0 0 0 0 0 0
340	1	1 1 1 0 1 0 1 0 1 0 0 1 0 0 0 0
340	2	1 0 1 1 1 0 0 1 1 0 0 0 0 0 0 0
340	1	1 0 1 1 1 0 1 1 1 0 1 0 0 0 0 0
340	2	1 1 1 1 1 0 1 0 1 0 1 0 0 0 0 1
340	2	1 1 0 1 0 0 1 0 1 0 0 0 0 0 0 0
340	3	1 0 0 1 1 0 1 0 1 0 1 0 0 0 0 0
340	5	0 0 1 1 1 0 0 1 0 1 0 0 0 0 1 0
340	1	1 1 0 1 1 0 1 0 1 1 0 1 0 0 0 0
340	1	1 0 1 1 1 0 1 1 1 0 0 0 0 0 0 0
340	2	1 0 1 1 1 0 0 0 1 0 0 0 1 0 0 0
340	2	1 1 1 1 1 0 1 0 0 0 0 1 0 0 0 0
340	1	1 1 1 0 1 0 1 0 1 0 1 0 0 0 0 0
340	2	0 0 1 1 1 0 0 0 1 0 1 0 0 0 0 0
340	1	1 0 1 1 1 0 1 0 0 1 0 1 0 0 0 0
340	1	1 1 1 0 1 0 0 1 1 1 0 0 0 0 0 0
340	1	0 1 0 1 1 0 0 0 1 0 1 0 0 0 0 0
340	3	0 1 0 1 1 0 1 0 0 0 1 0 0 0 0 0
360	45	1 1 0 1 1 0 1 0 0 0 0 1 0 0 0 0
360	21	1 0 1 1 1 0 1 0 0 0 0 1 0 0 0 0
360	9	1 0 1 1 1 0 1 0 1 0 0 0 0 0 0 0
360	9	1 0 1 1 1 0 0 0 1 0 0 0 0 0 0 0
360	44	1 0 1 1 1 0 1 0 1 0 1 0 0 0 0 0
360	24	1 1 0 1 1 0 1 0 1 0 1 0 0 0 0 0
360	7	1 0 1 1 1 0 0 1 1 1 0 1 0 0 0 0
360	14	1 1 1 1 1 0 1 1 0 0 0 1 0 0 0 0
360	65	1 1 1 1 1 0 1 0 1 0 0 1 0 0 0 0
360	53	1 0 1 1 1 0 1 1 0 0 0 1 0 0 0 0
360	23	1 0 0 1 1 0 0 0 0 0 1 1 0 0 0 0
360	22	1 1 1 1 1 0 1 0 1 0 0 0 0 0 0 0
360	2	1 1 0 1 1 0 1 0 0 1 0 1 0 1 0 0
360	25	1 1 1 1 1 0 1 0 1 0 1 0 0 0 0 0
360	22	1 0 1 1 1 0 1 0 0 0 1 1 0 0 0 0
360	20	1 1 0 1 1 0 1 0 1 0 0 0 0 0 0 0
360	9	1 1 0 1 1 0 1 0 0 0 1 1 0 0 0 0
360	1	1 1 1 1 1 0 1 1 0 0 0 1 0 1 0 0
360	19	1 0 1 1 1 0 1 0 0 1 0 0 0 0 0 0
360	6	1 1 0 1 0 0 1 0 1 0 0 1 0 0 0 0
360	19	1 1 0 1 1 0 1 0 0 1 0 1 0 0 0 0
360	6	1 0 1 1 1 0 1 1 0 0 1 1 0 0 0 0
360	2	1 1 0 1 1 0 0 0 0 0 0 1 0 0 0 0
360	5	1 1 0 1 0 1 1 0 1 0 0 1 0 0 0 0
360	3	1 0 1 1 0 0 0 1 1 1 0 1 0 0 0 0
360	14	1 1 0 1 1 0 1 0 0 0 0 1 0 0 1 0
360	14	1 1 1 1 1 0 1 1 0 1 0 1 0 0 0 0
360	32	1 1 0 1 1 0 0 0 1 0 1 0 0 0 0 0
360	7	1 1 1 1 1 0 1 0 1 0 1 0 1 0 0 0
360	7	1 1 0 1 1 0 1 1 0 0 0 1 0 0 0 1
360	5	1 0 1 1 1 0 1 1 0 0 1 1 0 0 1 0
360	14	1 0 1 1 1 0 0 0 1 0 0 1 0 0 0 0
360	11	1 0 0 1 1 0 0 0 1 0 0 0 0 0 0 0
360	5	1 0 0 1 1 0 0 0 0 0 0 1 0 0 0 0
360	16	1 1 1 1 1 0 1 0 0 0 0 1 0 0 0 0
360	4	1 1 1 0 1 0 0 1 1 1 0 0 0 0 0 0
360	2	0 1 0 1 0 0 1 0 1 0 0 1 0 0 0 0
360	6	1 0 1 1 1 0 0 0 0 0 0 1 0 0 0 0
360	31	1 1 1 1 1 0 1 1 0 0 0 1 0 0 0 1
360	7	1 0 1 1 0 0 1 0 0 0 1 1 0 0 0 0
360	9	1 1 0 1 0 1 1 0 1 1 0 1 0 0 0 0
360	2	1 0 1 1 1 0 1 0 1 1 0 1 0 0 0 0
360	10	1 0 0 1 1 0 1 0 0 0 0 1 0 0 0 0
360	9	1 0 1 1 1 0 0 1 0 1 0 1 0 0 0 0
360	8	1 0 0 1 1 0 1 1 0 0 0 1 0 0 0 0
360	6	0 0 1 1 1 0 1 0 1 0 1 0 0 0 0 0
360	3	1 1 1 1 1 0 1 1 0 0 1 1 0 0 0 0
360	17	1 1 0 1 1 0 1 1 0 1 0 1 0 0 0 0
360	7	1 1 1 1 1 0 0 0 0 0 0 1 0 0 0 0
360	19	0 1 0 1 1 0 1 0 0 0 0 1 0 0 0 0
360	4	1 1 0 1 0 0 1 0 0 0 1 1 0 0 0 0
360	9	1 1 1 1 0 0 1 1 0 1 0 1 0 0 0 0
360	10	1 1 0 1 0 0 1 1 0 0 0 1 0 0 0 1
360	9	1 0 1 1 0 0 1 0 0 0 0 1 0 0 0 0
360	14	1 1 0 1 1 0 0 0 0 1 0 1 0 0 0 0
360	5	1 0 1 0 1 0 0 1 0 1 0 0 0 0 0 0
360	15	1 0 1 1 1 0 1 1 1 1 0 1 0 0 0 0
360	8	1 1 1 1 0 0 1 1 0 0 0 1 0 0 0 0
360	1	1 0 1 1 1 0 0 1 1 1 1 1 0 0 0 0
360	9	1 0 0 1 1 1 0 0 0 0 1 1 0 0 0 0
360	5	1 0 1 1 1 0 1 1 0 0 1 1 0 0 0 1
360	10	1 0 1 1 1 0 1 0 0 0 0 1 0 0 0 1
360	3	1 0 1 1 1 0 1 1 0 1 0 1 0 0 0 0
360	5	1 1 1 1 0 0 1 0 0 0 1 1 0 0 0 0
360	1	1 1 1 1 1 0 1 0 1 0 0 1 0 0 1 0
360	4	1 1 0 1 1 0 1 1 0 0 1 0 0 0 0 0
360	11	1 1 0 1 1 0 1 1 0 0 0 1 0 0 1 0
360	4	1 0 1 1 1 0 1 0 0 0 0 1 0 0 1 0
360	11	1 1 0 1 0 0 1 0 0 0 0 1 0 0 0 0
360	3	1 0 1 0 1 0 1 1 1 1 0 1 0 0 0 0
360	4	1 0 1 1 1 0 1 0 0 0 1 1 0 1 0 0
360	13	1 1 0 1 1 0 1 0 0 0 0 0 0 0 0 0
360	5	1 1 0 1 1 0 1 0 1 1 0 1 0 1 0 0
360	1	0 1 1 1 1 0 1 0 1 0 0 0 0 0 0 0
360	9	1 0 1 1 1 0 0 1 1 1 1 1 1 0 0 0
360	6	1 1 0 1 0 0 1 1 0 0 0 1 0 0 0 0
360	2	1 0 1 1 1 0 1 1 1 0 1 0 0 0 0 0
360	1	1 1 1 0 1 0 1 0 1 0 0 1 0 0 0 0
360	3	1 1 1 1 1 0 0 1 0 1 0 1 0 0 0 0
360	1	1 1 0 1 1 0 0 0 1 0 0 0 0 0 0 0
360	1	1 0 1 1 0 0 1 1 0 0 1 1 0 0 0 0
360	2	1 0 1 0 1 0 1 0 1 0 1 0 0 1 0 0
360	5	1 1 1 1 1 0 1 1 0 0 1 0 0 0 0 1
360	1	1 0 0 1 1 0 1 0 0 0 0 1 0 0 1 0
360	3	1 1 0 1 1 0 1 0 0 1 0 1 0 0 0 1
360	13	1 1 1 1 0 0 1 0 1 0 1 0 0 0 0 0
360	1	1 1 0 1 1 0 0 0 1 0 1 0 1 0 0 0
360	2	1 0 0 1 1 0 1 0 0 0 0 1 0 1 0 0
360	1	1 1 0 1 1 0 1 1 0 0 1 1 0 0 0 0
360	6	1 0 1 1 1 0 0 0 1 0 0 0 0 1 0 0
360	2	1 1 0 1 0 0 1 1 1 0 0 1 0 0 0 0
360	2	1 0 0 1 1 0 1 0 0 1 0 1 0 0 0 0
360	2	0 1 0 1 1 0 1 0 0 1 0 1 0 0 0 0
360	3	1 1 1 1 0 0 1 1 0 0 0 1 1 0 0 0
360	2	1 1 1 1 1 0 1 0 1 1 0 1 0 0 0 0
360	1	1 1 0 1 0 0 1 0 1 0 0 1 0 1 0 0
360	4	1 1 0 1 1 0 1 1 0 0 0 1 0 0 0 0
360	2	1 1 0 1 1 0 0 0 0 0 1 1 0 0 0 0
360	1	1 1 1 1 1 0 1 0 1 1 1 0 0 0 0 0
360	2	1 1 0 1 1 1 1 0 0 0 0 1 0 0 1 0
360	1	1 1 0 1 1 0 1 0 0 0 0 1 0 1 1 0
360	1	1 0 0 1 1 0 0 0 1 0 1 0 0 0 0 0
360	2	1 1 0 1 1 0 1 1 0 1 0 1 0 1 0 0
360	2	1 1 0 1 1 0 0 0 1 0 1 1 0 0 0 0
360	1	1 1 0 1 1 0 1 1 0 1 0 0 0 0 0 0
360	2	1 0 1 1 0 0 1 0 1 0 1 0 0 0 0 0
360	2	1 0 1 1 1 1 1 1 0 0 0 1 0 0 0 0
360	2	1 1 0 1 1 0 1 0 0 0 1 1 0 0 0 1
360	1	1 1 0 1 1 0 1 0 0 0 1 1 0 0 1 0
360	1	1 0 1 1 0 0 0 0 0 0 0 1 0 0 0 0
360	1	1 1 1 1 1 0 1 1 0 0 1 1 0 0 0 1
360	1	1 1 0 0 1 0 1 1 0 1 0 1 0 0 0 0
360	1	1 0 1 1 1 0 0 1 1 0 1 1 0 0 0 0
380	30	1 1 0 1 1 0 1 0 0 0 0 1 0 0 0 0
380	15	1 0 1 1 1 0 1 0 0 0 0 1 0 0 0 0
380	41	1 0 1 1 1 0 1 0 1 0 0 0 0 0 0 0
380	19	1 0 1 1 1 0 1 0 1 0 1 0 0 0 0 0
380	2	1 1 0 1 1 0 1 0 1 0 1 0 0 0 0 0
380	27	1 1 1 1 1 0 1 1 0 0 0 1 0 0 0 0
380	35	1 1 1 1 1 0 1 0 1 0 0 1 0 0 0 0
380	9	1 0 1 1 1 0 1 1 0 0 0 1 0 0 0 0
380	55	1 0 0 1 1 0 0 0 0 0 1 1 0 0 0 0
380	22	1 1 1 1 1 0 1 0 1 0 0 0 0 0 0 0
380	19	1 1 0 1 1 0 1 0 0 1 0 1 0 1 0 0
380	31	1 1 1 1 1 0 1 0 1 0 1 0 0 0 0 0
380	1	1 1 0 1 1 0 1 0 1 0 0 0 0 0 0 0
380	5	1 1 0 1 1 0 1 0 0 0 1 1 0 0 0 0
380	20	1 0 1 1 1 0 1 0 0 1 0 0 0 0 0 0
380	1	1 0 1 1 1 0 1 1 0 0 1 1 0 0 0 0
380	4	1 1 0 1 1 0 1 0 0 0 0 1 0 0 1 0
380	8	1 1 0 1 1 0 0 0 1 0 1 0 0 0 0 0
380	5	1 1 0 1 1 0 1 1 0 0 0 1 0 0 0 1
380	9	1 0 1 1 1 0 1 1 0 0 1 1 0 0 1 0
380	22	1 0 1 1 1 0 0 0 1 0 0 1 0 0 0 0
380	1	1 0 0 1 1 0 0 0 0 0 0 1 0 0 0 0
380	22	1 1 1 1 1 0 1 0 0 0 0 1 0 0 0 0
380	16	1 1 1 0 1 0 0 1 1 1 0 0 0 0 0 0
380	48	1 1 1 1 1 0 1 1 0 0 0 1 0 0 0 1
380	1	1 0 1 1 0 0 1 0 0 0 1 1 0 0 0 0
380	3	1 0 1 1 1 0 1 0 1 1 0 1 0 0 0 0
380	10	1 0 0 1 1 0 1 0 0 0 0 1 0 0 0 0
380	15	1 0 1 1 1 0 0 1 0 1 0 1 0 0 0 0
380	8	1 1 0 1 1 0 1 1 0 1 0 1 0 0 0 0
380	11	0 1 0 1 1 0 1 0 0 0 0 1 0 0 0 0
380	1	1 1 0 1 0 0 1 1 0 0 0 1 0 0 0 1
380	23	1 0 1 1 1 0 1 1 1 1 0 1 0 0 0 0
380	13	1 0 1 1 1 0 1 0 0 0 0 1 0 0 0 1
380	13	1 1 0 1 1 0 1 1 0 0 0 1 0 0 1 0
380	11	1 0 1 0 1 0 1 1 1 1 0 1 0 0 0 0
380	6	1 0 1 1 1 0 1 0 0 0 1 1 0 1 0 0
380	3	1 1 0 1 1 0 1 0 0 0 0 0 0 0 0 0
380	4	0 1 1 1 1 0 1 0 1 0 0 0 0 0 0 0
380	2	1 0 1 1 1 0 0 1 1 1 1 1 1 0 0 0
380	7	1 1 1 0 1 0 1 0 1 0 0 1 0 0 0 0
380	16	1 1 0 1 1 0 0 0 1 0 0 0 0 0 0 0
380	3	1 1 0 1 1 0 1 0 0 1 0 1 0 0 0 1
380	11	1 1 1 1 0 0 1 0 1 0 1 0 0 0 0 0
380	4	1 0 0 1 1 0 1 0 0 0 0 1 0 1 0 0
380	15	1 0 1 1 1 0 0 0 1 0 0 0 0 1 0 0
380	28	1 1 0 1 1 0 1 1 0 0 0 1 0 0 0 0
380	30	1 0 1 1 1 1 1 1 0 0 0 1 0 0 0 0
380	2	1 1 0 1 1 0 1 0 0 0 1 1 0 0 0 1
380	14	1 1 0 1 1 0 1 0 0 0 0 1 0 1 0 0
380	5	1 0 0 1 1 0 0 0 0 1 1 1 0 0 0 0
380	15	1 1 1 1 1 1 1 0 1 0 0 1 0 0 0 0
380	3	1 1 1 1 1 0 1 1 0 1 0 1 1 0 0 0
380	6	0 1 1 1 1 0 1 0 1 0 0 1 0 0 0 0
380	14	1 0 0 1 1 0 1 1 0 0 0 1 0 0 0 0
380	28	1 1 1 1 1 0 1 0 1 0 1 1 0 0 0 0
380	5	0 0 1 1 1 0 1 0 0 1 0 0 0 0 0 0
380	25	1 1 0 0 0 1 1 0 1 1 0 1 0 0 0 0
380	8	1 1 0 1 1 0 1 1 1 0 1 0 0 0 0 0
380	8	1 0 1 1 1 1 1 0 1 0 1 0 0 0 0 0
380	12	1 0 0 1 1 0 1 0 0 0 0 1 0 0 1 0
380	10	1 0 0 1 1 1 0 0 1 0 0 0 0 0 0 0
380	2	1 1 0 1 1 0 1 0 1 0 1 1 0 0 0 1
380	2	1 1 1 1 1 0 0 1 1 1 1 1 1 0 0 0
380	2	1 1 0 1 1 0 0 0 1 0 1 1 0 0 0 0
380	7	1 0 1 1 1 0 1 0 0 1 0 0 0 0 0 1
380	1	1 1 0 1 1 0 1 0 0 0 0 1 0 0 1 1
380	1	1 0 0 1 1 0 0 0 0 1 0 1 0 0 0 0
380	7	1 1 1 1 1 0 1 1 0 1 1 1 0 0 0 1
380	7	1 1 1 1 1 1 1 1 0 0 0 1 0 0 0 0
380	1	1 0 1 1 0 0 1 0 1 0 1 1 0 0 0 0
380	8	1 0 1 1 1 0 1 0 0 0 1 1 0 1 0 1
380	2	0 1 1 1 1 0 0 1 0 1 0 1 0 0 0 0
380	1	1 1 0 1 1 0 1 0 0 1 1 1 0 0 0 0
380	2	1 1 0 1 1 0 1 0 0 1 0 1 0 0 1 0
380	2	1 1 0 1 1 0 0 0 1 0 1 0 0 1 0 0
380	2	1 1 1 0 1 1 0 1 1 1 0 0 0 0 0 0
380	1	1 1 0 1 1 0 1 0 1 0 0 1 0 0 0 0
380	1	1 1 0 1 1 0 0 0 1 0 1 0 0 0 0 1
380	4	1 0 0 0 1 0 1 0 0 0 0 1 0 0 0 0
380	1	0 0 1 1 1 1 1 1 0 0 0 1 0 0 0 0
380	3	1 1 1 1 1 1 1 0 1 0 0 1 1 0 0 0
380	3	1 1 0 1 1 0 0 1 0 1 0 1 0 0 0 0
380	5	1 1 0 1 1 0 1 1 0 0 0 0 0 0 0 0
380	1	0 0 1 1 1 0 1 0 0 1 0 1 0 1 0 0
380	7	1 0 0 0 1 0 0 0 0 0 1 1 0 0 0 0
380	4	1 1 1 1 1 0 1 0 1 0 0 0 1 0 0 0
380	2	1 1 0 1 0 0 0 0 1 0 0 0 0 0 0 0
380	2	1 1 1 1 0 0 1 0 1 0 1 0 0 1 0 0
380	4	1 1 1 1 1 1 0 0 1 0 0 1 0 0 0 0
380	5	1 1 0 1 1 1 1 1 1 0 1 0 0 0 0 0
380	4	1 1 1 1 1 0 1 0 0 0 0 1 1 0 0 0
380	1	1 0 0 1 1 1 1 0 1 0 0 0 0 0 0 0
380	2	1 1 1 1 1 0 1 0 0 0 1 1 0 0 0 1
380	4	1 1 1 1 1 0 1 0 1 1 0 1 0 0 0 0
380	1	1 0 1 1 1 0 0 0 0 0 1 1 0 0 0 0
380	7	1 1 0 1 1 0 1 0 0 1 0 0 0 0 0 0
380	1	1 0 1 1 1 0 1 1 0 0 0 1 0 1 0 0
380	2	1 0 0 1 1 0 0 0 0 0 1 0 0 0 0 0
380	5	1 0 1 1 1 1 1 0 0 0 0 1 0 0 0 0
380	1	1 0 1 1 1 0 1 1 1 0 0 1 0 0 0 0
380	3	1 1 0 1 1 0 1 0 1 1 0 1 0 0 0 0
380	1	1 1 1 1 1 0 1 0 1 0 1 0 1 0 0 0
380	4	1 0 0 1 1 0 1 0 0 1 0 0 0 0 0 0
380	1	0 0 0 1 1 0 1 0 0 0 0 1 0 0 0 0
380	1	0 1 0 1 1 0 1 0 0 0 0 1 0 1 0 0
380	2	1 0 1 1 1 0 1 0 1 0 0 0 0 0 0 1
380	1	1 0 1 1 1 0 1 0 1 1 0 0 0 0 0 0
380	1	1 0 1 1 1 1 1 0 0 1 0 0 0 0 0 0
380	1	1 1 0 1 1 0 0 0 1 0 1 0 0 0 1 0
380	1	1 1 0 1 1 0 1 1 0 1 0 1 0 0 1 0
380	1	1 0 1 1 1 1 1 1 0 0 0 0 0 0 0 0
380	2	1 1 0 0 0 1 1 0 1 1 0 1 0 0 0 1
380	2	1 1 0 0 0 1 1 1 1 1 0 1 0 0 0 0
380	1	1 1 0 1 0 0 1 1 1 0 1 0 0 0 0 0
400	21	1 1 0 1 1 0 1 0 0 0 0 1 0 0 0 0
400	6	1 0 1 1 1 0 1 0 0 0 0 1 0 0 0 0
400	24	1 0 1 1 1 0 1 0 1 0 0 0 0 0 0 0
400	6	1 0 1 1 1 0 1 0 1 0 1 0 0 0 0 0
400	74	1 1 1 1 1 0 1 1 0 0 0 1 0 0 0 0
400	70	1 1 1 1 1 0 1 0 1 0 0 1 0 0 0 0
400	5	1 0 1 1 1 0 1 1 0 0 0 1 0 0 0 0
400	20	1 0 0 1 1 0 0 0 0 0 1 1 0 0 0 0
400	1	1 1 1 1 1 0 1 0 1 0 0 0 0 0 0 0
400	37	1 1 0 1 1 0 1 0 0 1 0 1 0 1 0 0
400	34	1 1 1 1 1 0 1 0 1 0 1 0 0 0 0 0
400	2	1 0 1 1 1 0 1 0 0 1 0 0 0 0 0 0
400	1	1 0 1 1 1 0 1 1 0 0 1 1 0 0 0 0
400	3	1 1 0 1 1 0 1 1 0 0 0 1 0 0 0 1
400	2	1 0 1 1 1 0 1 1 0 0 1 1 0 0 1 0
400	10	1 0 1 1 1 0 0 0 1 0 0 1 0 0 0 0
400	15	1 1 1 1 1 0 1 0 0 0 0 1 0 0 0 0
400	2	1 1 1 0 1 0 0 1 1 1 0 0 0 0 0 0
400	38	1 1 1 1 1 0 1 1 0 0 0 1 0 0 0 1
400	24	1 0 1 1 1 0 1 1 1 1 0 1 0 0 0 0
400	15	1 0 1 1 1 0 1 0 0 0 0 1 0 0 0 1
400	4	1 0 1 0 1 0 1 1 1 1 0 1 0 0 0 0
400	2	1 0 1 1 1 0 1 0 0 0 1 1 0 1 0 0
400	8	1 1 0 1 1 0 1 0 0 1 0 1 0 0 0 1
400	24	1 1 1 1 0 0 1 0 1 0 1 0 0 0 0 0
400	13	1 0 1 1 1 0 0 0 1 0 0 0 0 1 0 0
400	6	1 1 0 1 1 0 1 1 0 0 0 1 0 0 0 0
400	21	1 1 1 1 1 1 1 0 1 0 0 1 0 0 0 0
400	9	0 1 1 1 1 0 1 0 1 0 0 1 0 0 0 0
400	3	1 0 0 1 1 0 1 1 0 0 0 1 0 0 0 0
400	60	1 1 1 1 1 0 1 0 1 0 1 1 0 0 0 0
400	42	1 1 0 0 0 1 1 0 1 1 0 1 0 0 0 0
400	5	1 1 0 1 1 0 1 1 1 0 1 0 0 0 0 0
400	7	1 0 1 1 1 1 1 0 1 0 1 0 0 0 0 0
400	13	1 1 1 1 1 1 1 1 0 0 0 1 0 0 0 0
400	8	1 1 1 1 1 0 1 0 0 0 1 1 0 0 0 1
400	43	1 1 0 1 1 0 1 0 0 1 0 0 0 0 0 0
400	8	1 0 0 1 1 0 0 0 0 0 1 0 0 0 0 0
400	15	1 0 1 1 1 0 1 1 1 0 0 1 0 0 0 0
400	1	1 0 0 1 1 0 1 0 0 1 0 0 0 0 0 0
400	9	1 0 1 1 1 0 1 1 1 0 0 0 0 0 0 0
400	4	1 1 0 1 1 0 1 0 1 0 1 0 0 0 0 0
400	21	1 0 1 1 1 0 0 0 1 0 0 1 1 0 0 0
400	20	0 1 1 1 1 0 1 0 0 0 0 1 0 0 0 0
400	4	1 1 0 0 0 0 1 0 1 1 0 1 0 0 0 0
400	12	1 0 1 1 1 0 1 0 1 0 1 1 0 0 0 0
400	7	1 0 0 1 1 0 0 0 0 0 1 1 0 0 1 0
400	5	1 0 1 1 1 1 0 0 1 0 0 1 0 0 0 0
400	12	1 1 1 1 1 0 1 1 0 1 0 0 0 0 0 1
400	4	1 0 0 1 1 0 1 0 1 0 0 1 0 0 0 0
400	13	1 0 1 1 1 0 1 0 1 0 0 0 1 0 0 0
400	17	0 1 1 1 1 0 1 1 0 0 0 1 0 0 0 0
400	1	1 1 1 1 1 0 1 1 1 0 0 1 0 0 0 0
400	3	1 1 0 1 1 0 1 0 0 1 0 1 0 0 0 0
400	6	1 1 1 1 1 0 0 0 1 0 1 1 0 0 0 0
400	6	1 1 1 1 1 1 0 0 1 0 0 1 0 0 0 0
400	9	1 1 0 0 0 1 1 0 0 0 1 0 0 0 0 0
400	6	1 1 0 0 0 1 1 0 1 1 0 1 0 0 1 0
400	5	1 1 1 1 0 0 1 0 1 0 0 1 0 0 0 0
400	3	1 1 1 1 0 0 1 0 0 0 0 1 0 0 0 0
400	5	1 1 1 1 0 0 1 0 1 0 1 1 0 0 0 0
400	4	1 1 0 1 0 0 0 0 1 0 1 0 0 1 0 0
400	1	1 1 1 1 1 0 1 0 0 0 0 1 0 0 1 0
400	8	0 1 1 1 1 0 1 1 1 1 0 1 0 0 0 0
400	3	1 1 1 1 1 0 1 0 0 1 0 1 0 0 0 1
400	7	1 0 1 1 1 0 0 0 0 0 0 0 0 1 0 0
400	1	1 1 0 1 1 0 1 0 0 1 0 0 0 1 0 0
400	1	1 1 0 1 1 0 1 0 1 1 0 1 0 0 0 0
400	12	1 1 1 1 1 0 1 1 0 0 0 1 1 0 0 0
400	4	1 0 1 1 1 0 1 1 1 1 0 1 0 0 0 1
400	5	0 0 1 1 1 0 1 0 0 1 1 1 0 0 0 0
400	2	1 0 1 1 1 0 0 0 1 0 1 1 0 0 1 0
400	1	1 1 0 1 1 0 1 1 0 0 0 1 0 1 0 0
400	4	1 1 1 1 1 0 1 0 1 1 1 1 0 0 0 0
400	1	1 1 0 1 1 0 0 0 0 0 1 0 0 0 0 0
400	1	1 1 0 1 1 0 0 0 1 1 0 1 0 0 0 0
400	2	1 1 1 1 1 0 1 1 1 0 1 0 0 0 0 0
400	3	1 1 1 1 1 0 1 0 0 1 0 0 0 0 0 0
400	2	1 1 1 1 1 0 1 0 1 0 0 1 0 1 0 0
400	1	0 0 0 1 1 0 1 0 0 1 0 1 0 1 0 0
400	2	1 1 0 1 1 0 1 1 0 1 0 0 0 0 0 1
400	3	1 1 0 1 1 0 1 0 1 0 1 1 0 0 0 0
400	1	0 1 0 1 1 0 1 0 0 0 0 1 0 0 0 0
400	1	1 0 0 1 1 0 1 0 0 0 1 0 0 0 0 0
400	6	1 1 1 1 1 0 1 0 0 0 1 1 0 0 0 0
400	5	1 1 1 1 1 1 1 0 1 0 1 0 0 0 0 0
400	1	1 1 1 1 1 0 1 0 0 0 0 1 0 0 0 1
400	1	0 0 1 1 1 0 1 1 1 1 0 1 0 0 0 0
400	3	1 1 1 0 1 0 1 0 1 0 1 1 0 0 0 0
400	1	1 0 1 1 1 0 0 0 1 0 0 1 1 0 0 1
400	2	1 1 1 1 1 0 1 1 1 1 0 1 0 0 0 0
400	1	1 0 0 1 0 0 0 0 1 0 1 0 0 1 0 0
400	1	1 0 1 1 1 0 0 0 1 0 0 0 0 0 0 0
400	4	1 1 0 1 0 0 0 0 1 0 1 1 0 0 0 0
400	2	1 1 1 1 1 0 1 1 0 1 0 1 0 0 0 0
400	3	1 1 0 1 1 0 1 0 0 1 0 0 0 0 0 1
400	1	1 1 0 1 1 1 1 0 1 0 0 1 0 0 0 0
400	2	1 1 1 1 1 0 1 0 1 0 1 1 0 1 0 0
400	1	1 1 0 0 0 1 0 0 1 1 0 1 0 0 0 0
400	1	1 1 0 1 1 0 1 0 0 0 1 0 0 0 0 0
400	2	1 1 0 0 0 1 1 0 1 1 1 1 0 0 1 0
400	1	1 0 1 1 1 0 1 1 1 1 0 1 0 1 0 1
400	2	1 1 0 1 1 0 1 1 0 0 0 1 0 1 1 0
400	3	1 1 1 1 1 0 1 0 0 1 1 1 0 0 0 0
400	1	1 1 1 1 1 0 1 0 0 1 0 1 0 1 0 0
400	2	1 1 0 1 1 0 0 0 0 0 1 1 0 0 0 0
400	1	1 1 1 1 1 0 1 1 0 0 1 1 0 0 0 0
400	1	1 1 0 0 1 0 1 0 0 1 0 1 0 1 0 0
400	1	1 1 1 1 1 0 1 0 1 0 1 0 0 1 0 0
400	1	1 1 1 1 1 0 1 1 0 0 0 0 0 0 0 1
400	3	1 1 1 1 0 0 0 0 1 0 1 0 0 0 0 0
400	1	1 0 0 1 1 0 0 1 0 0 1 0 0 0 0 0
400	1	0 1 1 1 1 0 1 0 0 0 0 1 0 0 0 1
400	1	1 1 0 1 1 0 1 1 1 0 0 1 0 1 0 0
