0	9	0 0 0 0 0 0 0 0 0 0 0 1 0 1 1 0
0	12	0 0 0 0 0 0 1 0 0 1 0 0 0 0 0 0
0	13	1 0 0 0 0 0 1 0 0 0 0 0 0 0 0 0
0	16	0 0 1 0 1 0 0 1 0 0 0 0 0 0 0 1
8	4	0 0 0 0 0 0 0 0 0 0 0 1 0 1 1 0
8	7	0 0 0 0 0 0 1 0 0 1 0 0 0 0 0 0
8	8	1 0 0 0 0 0 1 0 0 0 0 0 0 0 0 0
8	18	0 0 1 0 1 0 0 1 0 0 0 0 0 0 0 1
8	1	0 0 0 0 0 0 0 0 0 0 0 0 0 0 0 0
8	1	0 0 1 1 1 0 0 1 0 0 0 0 0 0 0 1
8	2	0 0 1 0 0 0 0 0 0 0 0 1 0 1 1 0
8	1	0 0 1 0 1 0 0 1 0 0 0 0 0 1 0 1
8	1	1 0 0 0 1 0 0 1 0 0 0 0 0 0 0 1
8	1	0 0 1 0 1 0 1 0 0 0 0 0 0 0 0 0
8	4	0 0 1 0 1 1 0 1 0 0 0 0 0 0 0 1
8	1	0 0 1 0 0 0 0 1 0 0 0 0 0 0 0 1
8	1	0 0 0 0 0 0 0 0 0 0 0 1 0 0 0 0
45	17	0 0 1 0 1 0 0 1 0 0 0 0 0 0 0 1
45	3	0 0 1 1 1 0 0 1 0 0 0 0 0 0 0 1
45	8	0 0 1 0 1 0 0 1 0 0 0 0 0 0 0 0
45	4	0 0 1 0 1 1 0 1 0 0 0 0 0 0 0 1
45	1	0 0 1 0 1 0 0 1 0 0 0 1 0 1 1 0
45	1	1 0 0 0 1 0 0 1 0 0 0 0 0 0 0 0
45	3	1 0 0 0 1 0 0 1 0 0 0 0 0 0 0 1
45	1	1 0 0 0 0 0 0 0 0 0 0 0 0 0 0 0
45	1	0 0 0 1 0 0 1 0 0 0 0 0 0 0 0 0
45	1	0 0 0 0 1 0 1 1 0 0 0 0 0 0 0 1
45	1	0 1 1 0 1 0 0 1 0 0 0 0 0 0 0 1
45	1	0 0 1 0 0 0 1 1 1 1 0 0 0 0 0 0
45	1	1 0 0 1 0 0 1 0 0 0 0 0 0 0 0 1
45	1	1 0 1 1 1 0 0 1 0 0 0 0 0 0 0 1
45	1	0 0 0 0 0 0 1 0 0 0 0 0 0 0 1 0
45	1	1 0 0 0 0 0 0 1 0 0 0 0 1 0 0 0
45	1	0 0 1 0 1 0 0 1 0 0 1 0 0 0 0 0
45	1	0 0 0 0 0 0 0 1 0 0 0 1 0 1 1 0
45	1	0 0 1 0 0 0 0 1 0 0 0 0 0 0 0 0
45	1	0 0 0 1 0 0 1 1 0 0 0 0 0 0 0 0
85	2	0 0 1 0 1 0 0 1 0 0 0 0 0 0 0 1
85	7	0 0 1 0 1 0 0 1 0 0 0 0 0 0 0 0
85	2	0 0 1 0 1 1 0 1 0 0 0 0 0 0 0 1
85	1	0 0 1 0 1 0 0 1 0 0 0 1 0 1 1 0
85	2	1 0 0 0 1 0 0 1 0 0 0 0 0 0 0 0
85	2	0 0 1 0 0 0 1 1 1 1 0 0 0 0 0 0
85	2	0 0 1 0 1 0 0 1 0 0 0 0 1 0 0 0
85	3	1 0 1 0 1 0 0 1 0 0 0 0 0 0 0 0
85	1	1 0 0 1 1 0 0 1 0 0 0 0 0 0 0 1
85	1	0 0 1 0 1 0 0 1 0 1 0 0 0 0 0 1
85	7	0 0 1 0 0 0 0 1 0 0 0 0 0 0 0 0
85	1	1 0 0 0 1 0 0 1 0 0 0 0 0 1 0 0
85	1	0 0 1 0 0 0 0 1 0 1 0 0 0 0 0 0
85	2	0 1 0 0 0 0 0 1 0 0 0 0 0 1 0 1
85	1	0 0 1 0 0 0 1 1 0 0 0 0 0 0 0 0
85	2	0 0 1 0 0 0 0 1 0 0 0 0 1 0 0 0
85	1	0 0 1 0 1 0 0 1 0 0 0 1 0 0 0 0
85	1	0 1 1 0 0 0 1 1 0 1 0 0 0 0 1 0
85	3	0 0 1 0 1 1 0 1 1 0 0 0 0 0 0 1
85	1	1 0 0 1 1 0 1 0 0 0 0 0 0 0 0 1
85	1	0 0 1 0 1 0 0 1 0 0 1 0 0 0 0 0
85	1	0 0 1 0 1 0 0 1 0 0 1 0 0 0 0 1
85	1	1 0 0 1 0 0 1 0 0 0 0 1 0 0 0 0
85	1	0 0 0 0 0 0 1 1 0 1 0 0 0 0 1 0
85	1	0 0 0 1 0 0 1 1 1 0 0 1 0 0 0 0
85	1	0 0 1 0 0 0 1 1 1 1 0 1 0 0 0 0
85	1	0 0 1 0 0 0 0 1 0 1 0 0 0 1 0 1
154	1	0 0 1 1 1 0 0 1 0 0 0 0 0 0 0 1
154	3	0 0 1 0 1 0 0 1 0 0 0 0 0 0 0 0
154	7	0 0 1 1 1 0 0 1 0 0 0 0 0 0 0 0
154	1	0 0 1 0 0 0 0 1 0 0 0 0 0 0 0 0
154	2	0 0 1 0 1 0 0 1 0 1 0 0 0 0 0 0
154	4	0 0 1 0 0 0 0 0 0 0 0 0 1 0 0 0
154	3	0 0 1 0 0 0 0 1 0 0 0 1 0 0 0 0
154	1	0 0 1 0 1 0 0 1 1 0 0 0 0 0 0 0
154	6	0 0 1 1 1 0 0 0 0 0 0 0 0 0 0 0
154	1	0 0 1 1 0 0 1 0 0 0 0 0 0 0 0 0
154	3	0 0 1 1 1 0 1 1 0 0 0 0 1 0 0 0
154	3	1 0 0 1 0 0 1 1 1 0 0 1 0 0 0 0
154	4	0 0 1 0 1 0 0 1 0 0 0 0 0 0 1 0
154	4	0 0 1 1 0 0 1 1 0 0 1 0 0 0 0 0
154	2	0 0 0 1 0 0 1 0 1 0 0 1 0 0 0 0
154	1	0 0 0 1 1 0 0 0 0 0 0 0 0 0 0 0
154	1	0 1 0 1 0 0 0 1 0 1 0 1 0 1 0 1
154	2	1 1 1 1 1 0 0 0 1 0 0 0 0 0 0 0
154	1	0 1 1 0 1 0 0 1 0 1 0 0 0 0 0 0
239	1	0 0 1 1 1 0 0 1 0 0 0 0 0 0 0 0
239	3	0 0 1 1 1 0 0 0 0 0 0 0 0 0 0 0
239	2	0 0 1 1 0 0 1 0 0 0 0 0 0 0 0 0
239	1	0 0 1 1 1 1 0 1 0 0 0 0 0 0 0 0
239	1	1 1 1 0 1 1 0 1 0 0 0 0 1 0 0 0
239	1	1 1 1 1 1 0 0 0 0 0 0 0 0 0 0 0
239	2	1 0 0 1 1 0 0 1 0 1 0 0 0 0 0 0
239	1	1 1 1 0 1 0 0 1 0 0 0 0 1 0 0 0
239	1	0 0 1 1 1 0 0 1 0 0 0 0 0 0 0 1
239	1	1 1 0 1 1 0 0 1 0 1 0 0 0 0 0 0
239	2	0 0 1 1 1 1 0 1 0 1 0 0 0 0 0 0
239	1	1 1 1 1 1 0 0 0 0 1 0 0 0 0 0 0
239	1	1 1 1 0 1 0 0 1 0 1 0 0 0 0 0 0
239	1	0 0 1 1 0 0 0 1 0 1 0 0 0 0 0 0
239	1	0 0 1 1 1 0 0 1 0 0 0 0 0 1 0 0
239	3	0 0 1 1 1 0 0 0 0 0 0 1 0 0 0 0
239	1	0 1 1 0 1 1 0 1 0 0 1 0 0 0 0 0
239	1	1 1 1 0 1 0 0 1 1 0 0 0 0 0 0 0
239	1	1 1 1 1 0 0 0 0 1 0 0 0 0 0 0 0
239	2	0 0 0 1 1 1 0 0 0 0 0 0 0 0 0 0
239	2	1 1 1 1 1 0 0 1 0 0 0 0 0 0 0 0
239	1	1 1 1 1 1 0 1 1 0 0 0 0 0 0 0 0
239	1	1 0 1 1 0 0 1 0 0 0 0 0 0 0 0 0
239	1	1 1 1 1 1 1 0 1 0 0 0 0 0 0 0 0
239	2	1 1 1 1 1 1 0 1 1 0 1 0 0 0 0 0
239	1	0 1 1 1 0 0 0 1 0 1 0 0 0 0 0 0
239	1	1 0 0 1 1 0 0 1 0 1 0 0 0 0 0 1
239	1	1 1 1 1 1 0 0 0 1 0 1 0 0 0 0 0
239	1	1 1 1 0 1 0 0 1 0 0 1 0 0 0 0 0
239	2	1 1 1 1 1 0 0 1 0 0 0 0 0 0 1 0
239	2	1 1 1 1 1 0 1 1 0 1 0 0 0 0 1 0
239	1	0 1 1 0 1 1 0 1 1 0 0 0 0 0 0 0
239	1	0 0 1 1 1 1 1 0 0 1 0 0 0 0 0 0
239	1	1 1 1 1 1 1 0 1 0 0 0 0 0 0 1 0
239	1	0 0 1 1 1 0 0 1 0 1 0 0 0 0 0 0
239	1	1 1 1 1 1 0 0 0 0 0 1 0 0 0 0 0
239	1	1 1 1 0 1 1 0 1 0 0 0 0 0 0 0 0
239	1	0 0 1 1 1 1 1 1 0 0 0 0 0 0 0 0
252	1	0 1 1 1 1 0 1 1 0 0 1 0 0 0 0 0
252	5	0 0 1 1 0 0 1 0 0 0 0 0 0 0 0 0
252	2	1 1 1 0 1 1 0 1 0 0 0 0 1 0 0 0
252	5	1 1 1 1 1 0 0 0 0 0 0 0 0 0 0 0
252	1	0 0 1 1 1 1 1 0 0 0 0 0 0 0 0 0
252	1	1 1 1 0 1 0 0 1 0 0 0 0 0 0 0 0
252	1	0 0 1 1 1 1 0 1 0 0 0 0 1 0 0 0
252	1	0 0 1 1 1 0 0 1 0 0 0 0 0 0 0 1
252	1	0 0 1 1 0 0 0 1 0 1 0 0 0 0 0 0
252	2	1 1 1 1 1 0 1 1 0 0 0 0 0 0 1 0
252	1	1 0 1 1 0 0 0 1 0 0 0 0 0 0 0 0
252	1	0 0 0 1 1 1 0 0 0 0 0 0 0 0 0 0
252	1	0 1 1 1 1 0 0 1 0 0 0 0 0 0 1 0
252	2	1 1 1 1 1 0 0 1 0 0 0 0 0 0 0 0
252	1	1 0 0 1 1 0 0 1 0 1 0 0 0 0 0 1
252	3	1 1 1 1 1 0 0 0 1 0 1 0 0 0 0 0
252	2	0 0 1 1 1 0 1 0 1 0 0 0 0 0 0 0
252	1	0 0 1 1 1 1 1 1 0 1 0 0 0 0 0 0
252	1	1 1 1 1 1 0 1 1 0 1 0 0 0 0 1 0
252	2	0 0 1 1 1 1 1 0 0 1 0 0 0 0 0 0
252	1	0 0 1 1 1 0 0 1 0 0 0 0 0 1 0 1
252	3	1 1 1 0 0 0 0 0 1 0 0 0 0 0 0 0
252	1	1 1 1 0 1 1 0 0 0 1 0 0 0 0 0 0
252	2	1 1 1 1 1 0 0 1 0 1 0 0 0 0 0 0
252	1	0 1 0 0 1 1 0 1 0 0 0 0 0 0 1 0
252	1	1 1 1 1 1 1 0 1 0 0 0 0 0 0 0 0
252	1	0 1 0 0 1 1 0 1 0 1 0 0 0 0 0 0
252	1	0 1 1 1 1 0 1 1 0 0 0 1 1 0 0 0
252	1	1 1 0 1 1 0 0 1 0 1 1 0 0 0 0 0
252	1	1 1 1 1 1 0 1 1 0 1 1 0 0 0 1 0
252	1	0 0 1 0 0 1 1 0 0 0 0 0 0 0 0 0
252	1	1 0 0 1 1 0 0 1 0 1 0 0 0 0 1 0
350	1	1 1 1 1 1 0 0 0 0 0 0 0 0 0 0 0
350	1	1 1 0 1 1 0 0 1 0 1 0 0 0 0 0 0
350	2	1 1 1 1 1 0 0 1 0 0 0 0 0 0 0 0
350	4	1 1 1 1 1 0 0 0 1 0 1 0 0 0 0 0
350	3	1 1 1 1 1 0 0 1 0 1 0 0 0 0 0 0
350	3	1 1 1 1 0 0 0 0 0 0 0 0 0 0 0 0
350	5	1 1 1 1 1 0 1 1 0 0 1 0 0 0 0 0
350	3	1 1 1 1 1 0 0 0 1 0 0 0 0 0 0 0
350	4	1 1 1 1 0 0 0 1 0 0 0 0 0 0 0 0
350	1	1 1 0 1 1 0 0 1 0 0 0 0 0 0 0 0
350	1	0 1 1 1 1 0 0 0 1 0 0 0 0 1 0 0
350	1	1 1 1 1 1 0 0 1 0 0 1 0 0 0 1 0
350	1	1 1 1 1 1 0 0 0 1 1 0 0 0 0 0 0
350	3	1 1 0 1 1 1 0 1 0 1 0 0 0 0 0 0
350	1	1 1 0 1 1 0 0 0 0 0 0 0 0 0 1 0
350	3	1 1 1 1 1 0 1 0 0 1 0 0 0 1 0 0
350	1	1 1 1 1 1 0 0 1 0 0 1 0 0 0 0 0
350	1	0 1 1 1 1 0 0 1 0 0 0 0 0 0 1 0
350	1	0 1 1 1 1 0 0 0 1 0 0 0 0 0 1 0
350	1	0 1 1 1 1 0 0 0 1 1 0 0 0 0 0 0
350	1	1 1 1 1 1 0 0 1 1 0 0 0 0 0 0 0
350	1	1 1 1 1 1 1 0 1 0 1 0 0 0 0 0 0
350	1	1 1 1 1 1 1 1 1 0 0 1 0 0 0 0 0
350	2	1 1 1 1 1 0 0 1 0 1 0 0 0 0 1 0
350	1	1 1 1 1 1 0 1 0 0 0 1 0 0 0 0 0
350	1	1 1 1 1 1 0 1 1 0 0 1 0 0 0 1 0
350	1	1 1 1 1 1 0 0 1 0 0 1 0 0 1 0 0
350	1	1 1 1 1 1 0 0 1 0 1 0 0 0 1 0 0
400	13	1 1 1 1 1 0 0 1 0 0 0 0 0 0 0 0
400	4	1 1 1 1 1 0 0 0 1 0 1 0 0 0 0 0
400	2	1 1 1 1 0 0 0 0 0 0 0 0 0 0 0 0
400	1	1 1 1 1 1 0 1 1 0 0 1 0 0 0 0 0
400	7	1 1 1 1 1 0 0 0 1 0 0 0 0 0 0 0
400	2	1 1 1 1 0 0 0 1 0 0 0 0 0 0 0 0
400	1	0 1 1 1 1 0 0 0 1 0 0 0 0 1 0 0
400	2	1 1 1 1 1 0 0 0 0 0 0 0 1 0 0 0
400	1	1 1 1 1 1 1 1 0 1 1 0 0 0 0 0 0
400	1	1 1 1 1 1 0 0 1 0 1 0 0 0 1 0 0
400	2	1 1 1 1 1 0 1 1 0 0 0 1 0 0 0 0
400	2	1 1 1 1 1 0 1 0 1 0 0 0 0 0 0 0
400	2	1 1 1 1 1 1 1 0 1 0 0 0 0 0 0 0
400	1	1 1 1 0 1 0 0 0 1 0 1 0 0 0 0 0
400	1	1 1 1 1 1 0 0 0 1 0 1 1 0 0 0 0
400	1	1 1 1 1 0 0 0 0 0 0 1 0 0 0 0 0
400	1	1 1 1 0 1 0 0 1 0 0 0 1 0 0 0 0
400	1	0 1 1 1 1 0 0 0 1 1 1 0 0 0 0 0
400	2	1 0 1 1 1 0 1 1 0 0 0 0 0 0 0 0
400	2	1 1 1 1 1 0 1 1 0 0 0 0 1 0 0 0
400	1	1 1 1 1 1 0 1 0 1 1 0 0 0 1 0 0
