0	250	0 0 0 1 0 0 0 0 0 0 0 0 0 0 1 0
0	250	1 0 0 1 0 1 0 0 0 1 0 1 1 1 1 0
0	250	0 0 0 0 0 0 0 0 0 1 0 1 0 0 0 1
0	250	0 0 0 0 1 0 0 1 0 0 1 0 0 0 0 0
20	55	0 0 0 1 0 0 0 0 0 0 0 0 0 0 1 0
20	177	1 0 0 1 0 1 0 0 0 1 0 1 1 1 1 0
20	142	0 0 0 0 0 0 0 0 0 1 0 1 0 0 0 1
20	189	0 0 0 0 1 0 0 1 0 0 1 0 0 0 0 0
20	2	0 0 0 0 0 0 0 0 0 0 0 0 0 0 1 0
20	5	0 0 0 1 0 1 0 0 0 1 0 1 1 1 1 0
20	9	0 0 0 0 0 0 1 0 0 1 0 1 0 0 0 1
20	1	0 0 0 0 1 1 0 1 0 0 1 0 0 0 0 0
20	23	1 0 0 1 0 1 0 0 0 1 0 1 0 0 0 1
20	3	0 0 0 1 0 0 0 0 0 0 0 0 0 0 0 0
20	3	1 0 0 1 0 1 0 0 0 0 0 1 1 1 1 0
20	5	0 0 0 1 0 0 0 0 0 1 0 1 0 0 0 1
20	14	1 0 0 1 0 1 0 0 0 1 0 0 0 0 1 0
20	9	1 0 0 1 0 1 0 0 0 1 0 1 1 1 0 0
20	63	0 0 0 0 1 0 0 1 1 0 1 0 0 0 0 0
20	4	0 0 0 0 1 0 0 1 0 0 0 0 0 0 0 0
20	15	0 0 1 0 1 0 0 1 0 0 1 0 0 0 0 0
20	6	1 0 0 1 1 1 0 0 0 1 0 1 1 1 1 0
20	4	0 0 0 0 1 0 0 0 0 1 0 1 0 0 0 1
20	5	0 0 0 0 0 0 0 0 0 1 0 1 1 1 1 0
20	3	0 0 0 0 0 0 0 0 0 1 0 1 0 1 0 1
20	2	1 0 0 1 0 1 0 0 0 0 0 0 0 0 1 0
20	2	1 0 0 1 0 1 0 0 1 1 0 1 1 1 1 0
20	2	0 0 0 0 0 0 0 0 0 1 0 1 0 0 1 1
20	13	0 0 1 0 0 0 0 0 0 1 0 1 0 0 0 1
20	29	1 0 0 0 1 0 0 1 0 0 1 0 0 0 0 0
20	1	0 0 0 1 0 1 0 0 0 1 0 1 0 0 0 1
20	12	0 0 0 1 0 0 0 0 0 1 0 0 0 0 1 0
20	9	0 0 0 0 1 0 0 0 1 0 1 0 0 0 0 0
20	17	1 0 0 1 0 1 0 0 0 1 0 1 1 0 0 0
20	6	0 0 0 0 0 1 0 0 0 1 0 1 1 1 1 0
20	3	1 0 0 1 0 1 0 1 0 1 0 1 1 1 1 0
20	5	1 1 0 1 0 1 0 0 0 1 0 1 1 1 1 0
20	16	0 0 0 0 0 0 0 0 0 1 0 1 0 0 0 0
20	8	1 0 0 1 1 1 0 1 0 0 1 0 0 0 0 0
20	2	0 0 0 0 1 0 0 1 0 1 1 0 0 0 0 0
20	15	1 0 0 1 0 0 0 0 1 1 0 1 1 1 1 0
20	7	0 0 0 0 1 0 0 1 0 0 1 1 0 0 0 0
20	5	0 0 0 1 1 0 0 1 0 0 1 0 0 0 0 0
20	6	0 1 0 0 0 0 1 0 0 1 0 1 0 0 0 1
20	7	1 0 0 1 0 0 0 0 0 1 0 1 0 0 0 1
20	8	1 0 0 1 0 1 0 0 0 1 0 1 1 0 0 1
20	6	0 0 0 1 0 0 0 0 0 0 0 0 1 0 1 0
20	8	0 1 0 0 1 0 0 1 0 0 1 0 0 0 0 0
20	1	1 1 0 1 0 1 0 0 0 1 0 1 0 0 0 1
20	3	1 0 0 1 0 0 0 0 0 0 0 0 0 0 1 0
20	1	0 0 0 0 1 0 0 1 1 0 1 1 1 1 1 0
20	10	1 0 0 1 0 1 0 0 0 1 0 1 0 0 1 1
20	6	1 0 0 1 0 1 0 0 0 1 0 1 0 1 1 0
20	5	0 0 0 0 0 0 0 0 0 1 0 1 1 0 0 1
20	4	0 0 0 0 0 0 0 1 0 0 1 0 0 0 0 0
20	8	1 0 0 1 0 1 0 0 0 1 0 0 0 0 0 0
20	5	0 0 0 0 0 0 0 1 0 0 0 0 0 0 0 0
20	2	1 0 0 1 0 0 0 0 0 1 0 1 0 0 0 0
20	2	1 0 0 0 0 0 0 1 0 0 1 0 0 0 0 0
20	3	1 0 0 1 0 1 0 0 0 1 0 1 1 1 1 1
20	3	0 0 0 0 1 0 0 1 0 1 0 1 0 0 0 1
20	1	0 0 0 0 1 0 0 1 0 1 1 1 0 0 0 0
20	4	0 0 0 0 0 0 0 1 0 0 1 0 1 0 0 0
20	2	0 0 0 1 0 0 0 0 0 1 0 1 1 1 0 0
20	2	0 0 0 0 1 0 0 1 0 0 1 0 0 0 1 0
20	2	0 0 0 1 1 1 0 0 0 1 0 1 1 1 1 0
20	1	1 0 0 1 0 1 0 0 1 1 0 1 1 1 0 0
20	1	1 0 0 1 0 1 0 0 0 1 1 1 1 1 0 0
20	2	0 0 0 1 1 0 0 1 1 0 1 0 0 0 0 0
20	3	0 0 0 0 1 0 0 1 1 0 1 0 0 1 0 0
20	2	0 0 1 0 0 0 0 0 0 1 0 0 0 0 0 1
20	1	1 0 0 0 1 0 0 1 0 1 1 1 0 0 0 0
40	61	1 0 0 1 0 1 0 0 0 1 0 1 1 1 1 0
40	68	0 0 0 0 0 0 0 0 0 1 0 1 0 0 0 1
40	130	0 0 0 0 1 0 0 1 0 0 1 0 0 0 0 0
40	13	0 0 0 1 0 1 0 0 0 1 0 1 1 1 1 0
40	42	1 0 0 1 0 1 0 0 0 1 0 1 0 0 0 1
40	14	0 0 0 1 0 0 0 0 0 1 0 1 0 0 0 1
40	53	0 0 0 0 1 0 0 1 1 0 1 0 0 0 0 0
40	4	0 0 0 0 1 0 0 1 0 0 0 0 0 0 0 0
40	7	0 0 1 0 1 0 0 1 0 0 1 0 0 0 0 0
40	11	1 0 0 1 1 1 0 0 0 1 0 1 1 1 1 0
40	13	0 0 0 0 1 0 0 0 0 1 0 1 0 0 0 1
40	5	0 0 0 0 0 0 0 0 0 1 0 1 1 1 1 0
40	39	1 0 0 1 0 1 0 0 0 0 0 0 0 0 1 0
40	9	0 0 0 0 0 0 0 0 0 1 0 1 0 0 1 1
40	84	1 0 0 0 1 0 0 1 0 0 1 0 0 0 0 0
40	7	0 0 0 1 0 0 0 0 0 1 0 0 0 0 1 0
40	9	1 0 0 1 0 1 0 0 0 1 0 1 1 0 0 0
40	8	0 0 0 0 0 1 0 0 0 1 0 1 1 1 1 0
40	27	1 0 0 1 0 1 0 1 0 1 0 1 1 1 1 0
40	12	0 0 0 0 0 0 0 0 0 1 0 1 0 0 0 0
40	24	1 0 0 1 1 1 0 1 0 0 1 0 0 0 0 0
40	3	0 0 0 0 1 0 0 1 0 0 1 1 0 0 0 0
40	10	0 0 0 1 1 0 0 1 0 0 1 0 0 0 0 0
40	15	1 0 0 1 0 0 0 0 0 1 0 1 0 0 0 1
40	16	1 0 0 1 0 1 0 0 0 1 0 1 1 0 0 1
40	1	0 0 0 1 0 0 0 0 0 0 0 0 1 0 1 0
40	13	1 1 0 1 0 1 0 0 0 1 0 1 0 0 0 1
40	4	0 0 0 0 0 0 0 1 0 0 1 0 0 0 0 0
40	7	1 0 0 1 0 1 0 0 0 1 0 0 0 0 0 0
40	13	1 0 0 1 0 0 0 0 0 1 0 1 0 0 0 0
40	9	0 0 0 0 1 0 0 1 0 0 1 0 0 0 1 0
40	4	0 0 0 1 0 0 0 0 0 0 1 1 0 0 0 0
40	30	1 0 0 1 1 0 0 1 0 0 1 0 0 0 0 0
40	6	0 0 0 1 0 0 0 0 0 1 1 0 0 0 0 0
40	2	0 0 0 0 1 0 0 1 0 1 0 1 0 1 1 0
40	1	0 0 0 0 1 0 0 1 0 0 1 0 0 0 0 1
40	8	0 0 0 0 1 0 0 1 1 0 1 1 0 0 0 0
40	6	1 0 0 1 0 0 0 0 0 0 0 1 1 1 0 0
40	13	0 0 0 0 1 1 0 1 0 0 1 0 0 0 0 0
40	21	1 1 0 1 1 1 0 0 0 1 0 1 1 1 1 0
40	11	0 0 0 1 0 1 0 0 0 1 0 1 1 0 0 1
40	13	1 0 0 1 0 1 0 0 0 1 0 1 0 0 0 0
40	6	1 0 0 0 1 0 0 0 0 1 0 1 0 0 0 0
40	3	1 0 0 1 0 1 1 0 0 1 0 1 1 1 1 0
40	1	0 0 0 0 1 0 0 1 0 0 1 0 1 0 0 0
40	4	1 0 0 1 0 0 0 0 0 0 0 0 1 0 0 0
40	3	1 0 0 1 0 1 0 0 0 1 1 1 0 0 0 0
40	12	0 0 0 0 1 0 0 1 1 0 0 0 0 0 0 0
40	3	1 0 0 1 0 0 0 0 0 0 0 0 1 0 1 0
40	4	1 0 0 1 0 1 0 0 0 1 1 0 0 0 0 0
40	2	1 0 0 0 0 1 0 0 0 1 0 1 1 0 0 0
40	2	1 0 0 1 0 0 0 0 1 1 0 1 0 0 0 1
40	3	1 0 0 1 0 0 0 0 0 1 0 0 0 0 0 0
40	2	0 0 0 0 1 0 0 1 0 1 0 1 0 0 0 1
40	13	1 0 0 1 0 1 0 0 0 1 0 1 1 1 0 1
40	6	1 0 0 1 0 0 0 0 0 1 0 0 1 0 1 0
40	3	1 0 1 1 0 1 0 0 0 1 0 1 1 1 1 0
40	2	0 0 0 0 0 1 0 1 0 0 1 0 0 0 0 0
40	2	0 0 0 1 0 0 0 0 0 0 0 0 1 1 1 0
40	4	0 0 0 0 0 0 0 0 0 1 0 1 1 0 0 1
40	1	1 0 1 0 1 0 0 1 0 0 1 0 0 0 0 0
40	3	1 0 0 1 0 1 0 0 0 0 0 0 0 0 1 1
40	2	0 0 0 1 0 1 0 1 0 1 0 1 1 1 1 0
40	3	1 0 0 0 0 0 0 0 0 1 0 1 0 0 0 1
40	2	0 0 0 0 1 0 0 1 1 1 0 1 1 1 1 0
40	6	0 0 0 0 1 0 0 0 0 1 0 1 0 0 0 0
40	2	0 0 1 0 1 0 0 1 0 1 0 0 0 0 1 0
40	1	0 1 0 1 0 1 0 0 0 1 0 1 1 1 1 0
40	5	0 0 0 1 0 1 0 0 0 1 0 1 0 0 0 1
40	1	0 0 0 0 1 0 0 0 1 0 1 0 0 0 0 0
40	1	1 0 0 0 1 1 0 0 0 1 0 1 1 1 1 0
40	1	1 0 0 1 1 1 0 1 0 0 1 0 0 0 0 1
40	1	0 0 0 0 0 0 0 0 0 0 0 0 1 0 1 0
40	2	0 0 0 0 0 0 1 1 0 0 1 0 0 0 0 0
40	1	0 0 0 0 1 0 0 1 0 0 1 1 1 1 1 0
40	1	0 0 1 0 1 0 0 0 0 1 0 1 0 0 0 1
40	8	0 0 0 1 1 0 0 1 0 0 0 1 1 1 1 0
40	1	1 0 0 1 0 0 0 0 0 1 0 1 0 0 1 0
40	1	0 0 0 1 0 0 0 0 0 1 0 0 1 0 0 0
40	1	1 0 0 1 0 1 0 0 0 1 0 1 1 0 1 0
40	1	1 0 0 1 0 1 0 0 0 1 1 1 0 0 0 1
40	1	0 0 0 1 0 1 0 0 0 0 0 0 0 0 1 0
40	3	0 0 0 0 1 0 0 1 0 1 1 1 0 0 0 0
40	3	0 0 0 0 1 0 0 1 0 1 0 1 1 0 0 1
40	2	1 0 0 0 1 0 0 0 0 0 1 1 0 0 0 0
40	1	1 0 0 1 1 1 0 1 0 1 1 0 0 0 0 0
40	1	1 0 0 0 0 1 0 0 0 1 0 1 1 1 1 0
40	2	0 1 0 0 1 0 0 1 1 0 1 0 0 0 0 0
40	1	1 0 0 0 1 0 0 1 0 0 0 0 0 0 0 0
40	3	0 1 0 0 0 1 0 0 0 1 0 1 1 1 1 0
40	1	1 0 0 1 0 1 0 0 0 1 0 1 1 1 0 0
40	1	0 0 0 0 1 0 0 0 0 1 0 1 1 1 1 0
40	1	1 0 0 0 1 0 0 1 0 0 0 1 1 1 1 0
40	2	1 0 0 1 0 1 0 0 0 0 1 1 0 0 0 0
40	2	1 0 0 1 0 0 0 0 0 1 0 1 1 1 1 0
40	1	1 1 0 1 0 1 0 0 0 1 0 1 1 1 1 0
40	1	0 0 0 0 1 0 0 1 0 1 1 0 0 0 0 0
40	1	0 0 0 1 1 0 0 1 1 0 1 0 0 0 0 0
40	1	1 0 0 0 1 0 1 1 0 0 1 0 0 0 0 0
40	2	1 0 0 1 1 1 0 1 0 0 1 1 0 0 0 0
40	2	0 0 0 0 1 0 0 1 1 1 0 0 0 0 0 0
40	2	1 0 1 1 1 1 0 1 0 0 1 0 0 0 0 1
60	39	1 0 0 1 0 1 0 0 0 1 0 1 1 1 1 0
60	49	0 0 0 0 0 0 0 0 0 1 0 1 0 0 0 1
60	109	0 0 0 0 1 0 0 1 0 0 1 0 0 0 0 0
60	26	0 0 0 1 0 1 0 0 0 1 0 1 1 1 1 0
60	68	1 0 0 1 0 1 0 0 0 1 0 1 0 0 0 1
60	19	0 0 0 1 0 0 0 0 0 1 0 1 0 0 0 1
60	30	0 0 0 0 1 0 0 1 1 0 1 0 0 0 0 0
60	12	0 0 0 0 1 0 0 0 0 1 0 1 0 0 0 1
60	14	1 0 0 1 0 1 0 0 0 0 0 0 0 0 1 0
60	88	1 0 0 0 1 0 0 1 0 0 1 0 0 0 0 0
60	3	0 0 0 1 0 0 0 0 0 1 0 0 0 0 1 0
60	2	1 0 0 1 0 1 0 0 0 1 0 1 1 0 0 0
60	19	1 0 0 1 0 1 0 1 0 1 0 1 1 1 1 0
60	4	1 0 0 1 1 1 0 1 0 0 1 0 0 0 0 0
60	2	0 0 0 0 0 0 0 1 0 0 1 0 0 0 0 0
60	15	1 0 0 1 0 1 0 0 0 1 0 0 0 0 0 0
60	31	1 0 0 1 0 0 0 0 0 1 0 1 0 0 0 0
60	18	0 0 0 0 1 0 0 1 0 0 1 0 0 0 1 0
60	25	1 0 0 1 1 0 0 1 0 0 1 0 0 0 0 0
60	4	0 0 0 0 1 0 0 1 1 0 1 1 0 0 0 0
60	1	1 1 0 1 1 1 0 0 0 1 0 1 1 1 1 0
60	4	0 0 0 1 0 1 0 0 0 1 0 1 1 0 0 1
60	14	1 0 0 1 0 1 0 0 0 1 1 1 0 0 0 0
60	21	1 0 0 1 0 1 0 0 0 1 1 0 0 0 0 0
60	8	1 0 0 1 0 0 0 0 0 1 0 0 0 0 0 0
60	2	1 0 0 1 0 1 0 0 0 1 0 1 1 1 0 1
60	3	0 0 0 1 0 1 0 1 0 1 0 1 1 1 1 0
60	6	0 0 0 0 1 0 0 0 0 1 0 1 0 0 0 0
60	5	0 0 1 0 1 0 0 1 0 1 0 0 0 0 1 0
60	29	1 0 0 1 0 1 0 0 0 1 0 1 1 0 1 0
60	35	1 1 0 1 0 1 0 0 0 1 0 1 1 1 1 0
60	14	0 0 0 0 1 0 0 1 1 1 0 0 0 0 0 0
60	22	1 0 0 1 0 1 0 0 0 1 1 0 0 0 1 0
60	5	1 0 0 1 0 1 1 0 0 1 0 1 0 0 0 1
60	21	0 0 0 0 0 0 0 1 0 1 0 1 0 0 0 1
60	2	0 0 0 1 1 0 1 1 0 0 1 0 0 0 0 0
60	9	1 0 0 1 0 1 0 0 0 1 0 0 1 0 0 1
60	2	0 0 0 0 0 0 0 1 1 0 1 0 0 0 0 0
60	7	0 0 0 0 0 0 0 1 0 0 1 1 0 0 0 0
60	6	1 0 0 0 0 0 0 0 0 0 0 0 1 0 0 0
60	5	1 1 0 1 0 0 0 0 0 1 0 1 0 0 0 0
60	8	1 0 0 0 1 0 0 1 1 0 1 0 0 0 0 0
60	8	1 0 0 1 0 1 0 0 0 0 1 0 0 0 0 0
60	24	0 0 0 1 0 0 0 0 1 1 0 1 0 0 0 1
60	2	0 0 0 0 1 1 0 1 1 0 1 0 0 0 0 0
60	2	1 0 0 1 0 0 0 1 0 0 1 0 0 0 0 0
60	4	1 0 0 1 1 1 0 0 0 1 0 1 0 0 0 1
60	17	1 1 0 1 1 1 0 1 0 0 1 0 0 0 1 0
60	4	1 0 0 1 0 1 1 1 0 0 1 0 0 0 0 0
60	2	0 0 0 0 1 0 0 0 0 1 1 1 0 0 0 0
60	2	0 0 0 0 1 0 0 1 0 0 0 1 1 1 1 0
60	4	0 0 0 0 1 0 0 0 0 1 0 0 0 0 0 1
60	1	0 0 0 1 0 1 0 0 0 1 0 1 1 1 0 1
60	11	1 0 0 1 0 1 0 1 0 0 1 0 0 0 0 0
60	4	1 1 0 1 0 1 0 0 0 1 0 1 1 0 0 0
60	7	1 0 0 1 0 1 1 0 0 1 0 1 0 1 1 0
60	1	1 1 0 1 0 1 0 0 0 0 0 0 0 0 0 0
60	7	1 1 0 1 1 1 0 0 0 1 0 1 1 1 0 0
60	4	1 0 0 1 0 1 0 0 0 1 0 1 0 0 1 0
60	3	1 0 0 0 0 1 0 0 0 0 0 0 0 0 1 0
60	5	1 0 0 1 0 0 0 0 0 1 0 1 0 0 0 1
60	7	1 1 0 1 0 0 0 0 0 1 0 1 0 0 0 1
60	4	0 0 1 0 1 0 0 1 0 0 1 0 0 0 0 0
60	4	0 0 1 1 0 0 0 0 0 1 0 1 0 0 0 1
60	3	0 0 0 1 1 1 0 0 0 1 0 1 1 1 1 0
60	2	1 0 0 1 1 1 0 0 0 1 1 1 0 0 0 1
60	3	1 0 0 1 0 1 0 0 0 0 0 0 0 0 0 0
60	4	1 0 0 1 0 0 0 0 0 1 0 1 0 1 1 0
60	1	0 0 0 0 1 0 0 1 0 0 1 1 0 0 0 0
60	1	0 0 0 1 0 1 0 0 0 1 0 0 1 1 1 0
60	4	0 1 0 0 1 0 0 1 1 0 1 0 0 0 0 0
60	2	1 0 0 1 0 1 0 0 0 1 0 1 0 1 1 0
60	10	1 0 0 1 1 1 0 1 0 0 1 0 0 0 0 1
60	1	0 0 0 1 0 1 0 0 0 1 0 1 1 0 0 0
60	4	1 1 0 1 1 1 0 0 0 1 0 1 1 0 0 0
60	3	1 0 0 1 0 1 0 0 0 1 0 1 0 0 0 0
60	1	1 0 0 0 1 0 0 1 0 1 0 1 1 1 0 0
60	1	1 1 0 1 1 1 0 1 0 0 1 0 0 0 0 0
60	1	1 0 0 1 0 1 0 0 0 1 0 0 0 0 0 1
60	3	0 0 0 0 1 0 1 1 1 0 1 0 0 0 0 0
60	1	1 0 0 0 1 0 0 1 0 0 1 1 0 0 0 0
60	3	1 1 0 1 0 1 0 0 0 1 0 1 1 0 1 0
60	1	0 0 0 0 0 0 0 0 0 1 0 1 0 0 0 0
60	1	1 0 0 1 1 0 0 1 1 1 0 0 0 0 0 0
60	2	1 0 0 1 0 1 0 0 0 1 1 1 1 1 1 0
60	2	1 1 0 1 0 1 0 0 0 1 0 0 0 0 0 0
60	2	0 0 0 1 1 1 0 0 0 1 0 1 1 1 1 1
60	2	1 1 0 1 1 0 0 1 0 0 1 0 0 0 1 0
60	1	0 0 0 0 1 0 0 1 0 0 0 0 0 0 0 0
60	1	0 0 0 0 1 0 0 0 0 0 1 0 0 0 0 0
60	3	0 0 1 0 1 0 0 1 0 1 0 0 0 0 0 0
60	2	0 0 0 0 0 0 0 1 1 1 1 0 0 0 0 0
60	2	0 1 0 0 0 0 0 1 0 0 1 1 0 0 0 0
80	18	1 0 0 1 0 1 0 0 0 1 0 1 1 1 1 0
80	14	0 0 0 0 0 0 0 0 0 1 0 1 0 0 0 1
80	73	0 0 0 0 1 0 0 1 0 0 1 0 0 0 0 0
80	43	1 0 0 1 0 1 0 0 0 1 0 1 0 0 0 1
80	23	0 0 0 0 1 0 0 1 1 0 1 0 0 0 0 0
80	8	1 0 0 1 0 1 0 0 0 0 0 0 0 0 1 0
80	53	1 0 0 0 1 0 0 1 0 0 1 0 0 0 0 0
80	7	1 0 0 1 0 1 0 1 0 1 0 1 1 1 1 0
80	35	1 0 0 1 0 0 0 0 0 1 0 1 0 0 0 0
80	13	0 0 0 0 1 0 0 1 0 0 1 0 0 0 1 0
80	11	1 0 0 1 1 0 0 1 0 0 1 0 0 0 0 0
80	7	0 0 0 0 1 0 0 1 1 0 1 1 0 0 0 0
80	3	1 0 0 1 0 1 0 0 0 1 1 1 0 0 0 0
80	5	1 0 0 1 0 1 0 0 0 1 1 0 0 0 0 0
80	11	1 1 0 1 0 1 0 0 0 1 0 1 1 1 1 0
80	30	1 0 0 1 0 1 0 0 0 1 1 0 0 0 1 0
80	3	1 0 0 1 0 1 1 0 0 1 0 1 0 0 0 1
80	1	0 0 0 0 0 0 0 1 0 0 1 1 0 0 0 0
80	6	1 0 0 0 1 0 0 1 1 0 1 0 0 0 0 0
80	32	1 0 0 1 0 1 0 0 0 0 1 0 0 0 0 0
80	32	0 0 0 1 0 0 0 0 1 1 0 1 0 0 0 1
80	16	1 0 0 1 1 1 0 0 0 1 0 1 0 0 0 1
80	73	1 1 0 1 1 1 0 1 0 0 1 0 0 0 1 0
80	39	1 0 0 1 0 1 0 1 0 0 1 0 0 0 0 0
80	3	1 1 0 1 1 1 0 0 0 1 0 1 1 1 0 0
80	3	1 0 0 1 0 1 0 0 0 1 0 1 0 0 1 0
80	36	1 0 0 1 0 0 0 0 0 1 0 1 0 0 0 1
80	51	1 1 0 1 0 0 0 0 0 1 0 1 0 0 0 1
80	9	1 1 0 1 1 1 0 0 0 1 0 1 1 0 0 0
80	5	1 0 0 0 1 0 0 1 0 1 0 1 1 1 0 0
80	6	1 0 0 1 0 1 0 0 0 1 0 0 0 0 0 1
80	17	0 0 0 0 0 0 0 0 0 1 0 1 0 0 0 0
80	6	1 1 0 1 0 1 0 0 0 1 0 0 0 0 0 0
80	1	0 0 1 0 1 0 0 1 0 1 0 0 0 0 0 0
80	3	1 0 0 1 0 0 0 0 0 0 1 0 0 0 0 0
80	12	1 0 0 0 0 0 0 1 0 0 1 0 0 0 0 0
80	6	1 1 0 1 1 1 0 0 0 1 0 1 1 1 1 0
80	6	1 0 0 1 0 0 0 0 0 1 0 1 0 0 1 0
80	2	0 0 0 0 1 0 0 1 1 0 1 0 0 0 1 0
80	2	0 0 0 0 1 0 0 1 0 0 1 0 0 1 0 0
80	9	0 0 0 0 1 0 1 1 0 0 1 0 0 0 0 0
80	2	1 0 0 0 0 0 0 0 0 0 0 1 0 0 0 1
80	3	1 0 0 1 0 1 0 1 0 0 1 0 0 0 0 1
80	3	0 0 0 0 0 0 0 1 0 1 0 1 0 0 0 0
80	10	1 1 0 0 1 1 0 1 0 0 1 0 0 0 1 0
80	6	1 0 0 1 0 1 0 0 0 1 0 0 1 1 1 0
80	8	1 0 0 1 1 1 0 0 0 1 0 0 0 0 1 0
80	3	1 0 0 1 0 0 0 0 1 1 0 1 0 0 1 0
80	2	1 0 0 1 1 1 0 0 0 1 0 1 1 1 1 0
80	15	1 1 0 0 1 0 0 1 0 0 1 0 0 0 0 0
80	8	1 0 0 1 1 1 0 0 0 1 0 1 0 0 0 0
80	2	1 0 0 1 0 1 0 0 0 1 0 1 0 1 1 0
80	2	1 1 0 1 0 0 1 0 0 1 0 1 0 0 0 1
80	6	0 0 0 1 0 1 0 0 0 0 1 0 0 0 0 0
80	12	1 0 0 1 0 1 0 0 0 0 0 1 0 0 1 0
80	1	1 0 0 1 0 1 0 0 1 1 0 1 0 0 0 1
80	4	1 0 0 1 0 1 0 0 0 1 1 1 0 0 0 1
80	4	1 1 0 1 1 1 0 1 0 0 1 0 0 0 0 0
80	1	1 0 0 1 0 0 0 0 0 1 0 1 0 1 1 0
80	3	1 0 0 0 0 1 0 1 0 0 1 0 0 0 0 0
80	22	1 0 0 1 0 0 0 0 1 1 0 1 0 0 0 0
80	2	0 0 1 1 0 0 0 0 1 1 0 1 0 0 0 1
80	4	1 0 0 1 0 1 0 0 0 1 1 1 1 1 1 0
80	2	0 0 0 0 1 1 0 1 1 0 1 0 0 0 0 0
80	7	1 0 0 0 1 0 0 1 0 0 1 0 0 0 0 1
80	6	1 0 0 1 0 1 0 1 0 1 1 1 1 1 1 0
80	5	1 0 0 1 0 1 1 0 0 0 1 0 0 0 0 0
80	5	1 0 0 1 0 1 1 1 0 0 1 0 0 0 0 0
80	1	1 0 0 1 1 0 0 1 0 0 1 0 0 1 0 0
80	4	1 1 0 1 0 0 0 1 0 0 1 0 0 1 0 0
80	3	0 0 0 0 0 0 0 0 0 1 0 1 0 1 0 1
80	5	0 0 0 1 1 0 0 1 1 0 1 1 0 0 0 0
80	1	1 0 0 1 1 1 0 0 0 1 1 1 0 0 0 1
80	6	1 1 0 1 0 0 0 0 0 1 0 1 1 0 0 1
80	7	1 0 0 0 0 0 0 0 0 0 1 0 0 0 0 0
80	2	1 0 0 1 0 1 0 0 0 1 0 1 0 0 0 0
80	1	1 0 0 1 0 0 0 0 0 1 0 0 0 0 0 1
80	8	1 0 0 1 1 1 0 0 0 1 1 0 0 0 0 0
80	3	1 0 0 0 0 0 0 0 0 1 0 1 1 1 1 0
80	3	1 0 1 1 0 1 0 0 0 1 1 1 0 0 0 0
80	2	0 1 0 1 0 1 0 0 0 1 0 0 0 0 0 0
80	3	1 1 0 0 1 1 0 0 0 0 1 0 0 0 1 0
80	1	0 0 0 1 0 0 0 0 1 1 1 0 0 0 1 0
80	1	1 0 0 0 0 1 0 0 0 1 0 1 0 0 0 1
80	7	1 1 0 1 1 1 0 1 0 0 1 0 0 0 1 1
80	3	0 0 0 0 1 0 1 1 1 0 1 0 0 0 0 0
80	1	1 1 0 0 1 1 0 1 0 0 1 0 0 0 1 1
80	11	1 1 0 1 1 1 1 0 0 0 1 0 0 0 1 0
80	1	1 0 1 0 0 0 0 0 0 1 0 1 0 0 0 0
80	1	0 0 0 0 1 0 0 0 0 1 0 1 0 0 0 0
80	2	1 0 0 1 0 1 0 0 0 0 1 0 0 0 0 1
80	1	1 0 0 1 0 1 0 1 0 1 1 1 1 0 1 0
80	1	1 0 0 0 1 0 0 1 1 1 1 0 0 0 0 0
80	3	1 1 0 1 0 0 0 0 0 1 1 1 1 1 1 0
80	1	0 0 0 0 0 1 0 0 0 1 0 1 0 0 0 1
80	1	1 0 0 1 1 1 1 0 0 1 0 1 0 0 0 1
80	1	1 0 0 1 0 1 0 1 0 0 1 1 0 0 0 0
80	3	1 0 0 1 0 0 0 1 0 1 0 1 0 0 0 1
80	1	1 0 0 1 1 1 0 0 0 1 0 0 0 0 1 1
80	1	1 0 0 1 1 1 0 0 1 1 0 1 1 1 1 0
80	1	1 1 0 1 1 1 0 0 0 0 0 0 0 0 1 0
80	1	1 0 0 1 0 1 0 0 0 1 0 0 0 0 1 0
80	1	0 0 0 0 1 0 0 1 1 0 1 0 0 0 0 1
80	1	1 0 0 0 1 0 0 1 1 1 0 1 0 0 0 1
80	2	1 0 0 1 1 1 0 1 0 0 1 0 0 0 1 0
80	1	1 1 0 1 0 1 0 0 0 1 0 1 0 0 0 1
80	3	1 0 0 1 1 1 0 0 0 1 1 0 0 0 0 1
80	4	1 0 1 1 0 1 0 0 0 1 1 0 0 0 1 0
80	1	1 0 0 0 1 0 0 1 1 0 1 0 1 0 0 0
80	2	0 0 0 1 0 1 0 0 1 1 0 1 0 0 0 1
80	2	1 0 0 1 0 1 0 1 0 0 1 0 0 1 0 0
80	3	1 0 0 1 0 1 1 0 0 1 0 1 0 0 1 0
80	2	0 0 0 1 0 1 0 0 0 1 0 1 0 0 1 0
80	1	1 1 0 0 1 0 0 1 0 0 1 1 0 0 0 0
80	2	1 1 0 1 1 0 0 0 0 1 0 1 1 0 0 1
80	2	0 0 0 1 0 1 0 0 0 1 0 1 0 0 0 1
100	40	0 0 0 0 1 0 0 1 0 0 1 0 0 0 0 0
100	51	1 0 0 1 0 1 0 0 0 1 0 1 0 0 0 1
100	1	0 0 0 0 1 0 0 1 1 0 1 0 0 0 0 0
100	65	1 0 0 0 1 0 0 1 0 0 1 0 0 0 0 0
100	29	1 0 0 1 0 0 0 0 0 1 0 1 0 0 0 0
100	17	0 0 0 0 1 0 0 1 1 0 1 1 0 0 0 0
100	16	1 0 0 1 0 1 0 0 0 1 1 0 0 0 0 0
100	6	1 1 0 1 0 1 0 0 0 1 0 1 1 1 1 0
100	2	1 0 0 1 0 1 1 0 0 1 0 1 0 0 0 1
100	14	1 0 0 1 0 1 0 0 0 0 1 0 0 0 0 0
100	3	0 0 0 1 0 0 0 0 1 1 0 1 0 0 0 1
100	28	1 1 0 1 1 1 0 1 0 0 1 0 0 0 1 0
100	53	1 0 0 1 0 1 0 1 0 0 1 0 0 0 0 0
100	52	1 1 0 1 0 0 0 0 0 1 0 1 0 0 0 1
100	5	1 0 0 1 0 1 0 0 0 1 0 0 0 0 0 1
100	21	0 0 0 0 0 0 0 0 0 1 0 1 0 0 0 0
100	15	1 1 0 1 0 1 0 0 0 1 0 0 0 0 0 0
100	8	1 0 0 1 0 0 0 0 0 0 1 0 0 0 0 0
100	1	1 0 0 0 0 0 0 1 0 0 1 0 0 0 0 0
100	11	1 0 0 1 0 0 0 0 0 1 0 1 0 0 1 0
100	27	0 0 0 0 1 0 1 1 0 0 1 0 0 0 0 0
100	5	1 0 0 1 1 1 0 0 0 1 0 0 0 0 1 0
100	6	1 1 0 0 1 0 0 1 0 0 1 0 0 0 0 0
100	2	0 0 0 1 0 1 0 0 0 0 1 0 0 0 0 0
100	58	1 0 0 1 0 1 0 0 0 0 0 1 0 0 1 0
100	11	1 0 0 1 0 0 0 0 1 1 0 1 0 0 0 0
100	6	1 0 0 1 0 1 1 0 0 0 1 0 0 0 0 0
100	17	1 1 0 1 0 0 0 1 0 0 1 0 0 1 0 0
100	22	1 0 0 1 0 1 0 0 0 1 0 1 0 0 0 0
100	12	1 0 0 1 0 0 0 0 0 1 0 0 0 0 0 1
100	14	1 0 0 1 1 1 0 0 0 1 1 0 0 0 0 0
100	18	1 1 0 1 1 1 0 1 0 0 1 0 0 0 1 1
100	3	1 0 0 1 1 1 0 0 0 1 0 0 0 0 1 1
100	2	1 1 0 1 0 1 0 0 0 1 0 1 0 0 0 1
100	5	1 0 0 1 0 1 0 1 0 0 1 0 0 1 0 0
100	1	0 0 0 1 0 1 0 0 0 1 0 1 0 0 0 1
100	12	1 0 1 0 1 0 0 1 0 0 1 0 0 0 0 0
100	24	1 0 0 1 0 1 0 0 0 1 0 0 0 0 0 0
100	7	1 0 0 1 0 1 0 0 0 0 1 1 0 0 0 0
100	33	1 0 0 1 0 0 0 0 0 0 1 0 0 0 0 1
100	6	1 0 1 1 0 1 0 0 0 1 1 0 0 0 0 0
100	1	0 0 0 1 1 1 0 0 0 0 1 0 0 0 0 0
100	6	1 1 0 1 0 0 0 0 0 1 0 1 0 0 0 0
100	7	0 0 1 0 0 0 0 0 0 1 0 1 0 0 0 0
100	10	0 0 0 1 0 1 0 0 0 0 1 0 0 0 1 0
100	2	1 0 0 1 0 1 0 0 0 0 0 1 1 0 1 0
100	1	1 1 0 1 0 1 0 1 0 0 1 0 0 0 1 1
100	3	0 0 0 0 1 0 0 1 0 0 1 1 0 0 0 0
100	14	1 0 0 1 1 1 0 0 0 0 0 1 0 0 0 0
100	5	1 1 0 0 1 1 0 1 0 0 1 0 0 1 1 0
100	5	1 0 1 1 0 0 0 0 0 1 1 0 0 0 1 0
100	5	1 1 0 1 0 1 0 0 0 1 0 1 0 0 0 0
100	2	1 0 0 0 1 0 0 1 0 0 1 0 0 0 1 1
100	3	1 1 0 1 1 1 0 1 0 1 1 0 0 0 1 0
100	4	1 0 0 1 1 1 0 1 0 0 1 0 0 0 1 0
100	4	1 0 0 1 0 1 0 1 1 0 1 0 0 0 0 0
100	10	1 1 0 1 1 1 0 0 0 1 1 0 0 0 0 0
100	13	1 1 0 1 1 1 0 1 0 0 0 1 0 0 1 0
100	12	1 0 0 0 0 0 0 0 0 1 0 1 0 0 0 1
100	3	0 0 0 0 1 0 0 1 0 1 1 0 0 0 0 0
100	7	1 1 0 1 0 1 0 1 0 0 1 0 0 1 0 0
100	3	1 0 0 1 0 0 1 0 0 1 0 1 0 0 0 1
100	4	0 0 0 0 1 0 0 1 0 0 1 1 0 0 0 1
100	10	1 1 0 1 0 1 0 0 0 0 1 0 0 0 0 0
100	4	0 0 0 0 0 1 0 1 0 0 1 0 0 0 1 0
100	3	1 0 0 1 1 1 0 0 0 1 1 0 0 0 0 1
100	1	1 0 0 0 1 0 1 1 0 0 1 0 0 0 0 0
100	2	0 0 0 1 0 0 0 0 0 1 0 1 0 0 1 0
100	7	1 0 0 0 0 1 0 0 0 1 0 0 0 0 0 0
100	6	1 0 0 1 1 0 0 1 0 0 1 0 0 0 0 0
100	10	1 0 0 1 0 0 0 0 0 1 0 0 0 0 0 0
100	3	1 0 0 0 0 1 0 1 0 0 1 0 0 0 0 0
100	7	1 0 0 1 0 0 0 0 1 1 0 1 0 1 0 0
100	15	1 0 0 0 0 0 0 0 0 1 0 0 0 0 0 1
100	4	1 0 0 1 0 1 0 1 0 0 1 0 0 0 1 0
100	10	1 0 0 1 0 1 0 0 1 1 1 0 0 0 0 0
100	1	1 0 1 1 0 1 0 1 0 0 1 0 0 0 0 0
100	3	1 0 0 1 0 1 0 1 0 1 1 0 0 0 0 0
100	8	1 1 0 1 0 0 0 1 0 0 1 0 0 0 1 1
100	1	1 0 0 1 0 1 1 0 0 1 1 0 0 0 0 0
100	1	1 1 0 0 0 0 0 0 0 1 0 1 0 0 0 1
100	2	1 0 0 1 0 0 0 0 0 1 0 0 1 0 0 0
100	2	1 0 0 1 0 1 0 0 0 0 0 0 0 1 0 0
100	4	1 0 0 1 0 1 0 0 0 1 1 0 0 0 0 1
100	2	1 0 0 1 0 0 0 0 0 0 0 0 0 0 0 1
100	2	0 0 0 0 0 1 1 1 0 0 1 0 0 0 1 0
100	10	0 0 0 0 1 0 0 0 0 1 0 1 0 0 0 0
100	4	1 0 0 0 1 1 0 0 0 1 0 1 0 0 0 1
100	3	1 1 0 1 1 1 0 1 0 0 1 0 0 0 0 0
100	1	1 0 0 1 1 0 0 1 0 0 1 1 0 0 0 1
100	2	1 0 0 1 0 0 0 0 0 1 0 1 0 0 0 1
100	2	1 1 0 0 1 0 1 1 0 0 1 0 0 0 0 0
100	2	1 0 0 1 0 1 1 0 0 0 1 0 1 0 0 0
100	1	1 0 0 1 0 0 0 0 0 1 1 0 0 0 1 0
100	1	1 0 0 1 0 0 0 0 1 1 0 0 0 0 0 0
100	1	1 0 0 0 0 0 0 0 0 1 0 0 0 0 0 0
100	2	1 0 0 0 1 0 0 1 0 0 1 0 0 1 0 0
100	2	0 0 1 0 1 0 0 1 1 0 1 1 0 0 0 0
100	2	1 0 0 1 0 0 1 0 1 1 0 1 0 0 0 0
100	1	1 0 1 1 0 0 0 0 0 0 1 0 0 0 0 1
100	1	1 1 0 1 1 1 1 0 0 1 1 0 0 0 0 0
100	2	0 0 0 1 0 0 0 0 0 1 0 0 0 0 1 0
100	1	1 0 0 0 0 1 0 0 1 1 1 0 0 0 0 0
100	1	1 0 0 0 1 1 0 0 0 1 0 1 0 0 0 0
120	22	1 0 0 1 0 1 0 0 0 1 0 1 0 0 0 1
120	110	1 0 0 0 1 0 0 1 0 0 1 0 0 0 0 0
120	6	1 0 0 1 0 0 0 0 0 1 0 1 0 0 0 0
120	12	0 0 0 0 1 0 0 1 1 0 1 1 0 0 0 0
120	5	1 0 0 1 0 1 0 0 0 1 1 0 0 0 0 0
120	2	1 0 0 1 0 1 0 0 0 0 1 0 0 0 0 0
120	6	1 1 0 1 1 1 0 1 0 0 1 0 0 0 1 0
120	30	1 0 0 1 0 1 0 1 0 0 1 0 0 0 0 0
120	36	1 1 0 1 0 0 0 0 0 1 0 1 0 0 0 1
120	4	0 0 0 0 0 0 0 0 0 1 0 1 0 0 0 0
120	3	1 0 0 1 0 0 0 0 0 0 1 0 0 0 0 0
120	20	1 1 0 0 1 0 0 1 0 0 1 0 0 0 0 0
120	9	1 0 0 1 0 1 0 0 0 0 0 1 0 0 1 0
120	20	1 1 0 1 0 0 0 1 0 0 1 0 0 1 0 0
120	43	1 0 0 1 0 1 0 0 0 1 0 1 0 0 0 0
120	9	1 0 0 1 0 0 0 0 0 1 0 0 0 0 0 1
120	5	1 0 0 1 0 1 0 1 0 0 1 0 0 1 0 0
120	3	0 0 0 1 0 1 0 0 0 1 0 1 0 0 0 1
120	9	1 0 1 0 1 0 0 1 0 0 1 0 0 0 0 0
120	32	1 0 0 1 0 1 0 0 0 1 0 0 0 0 0 0
120	67	1 0 0 1 0 1 0 0 0 0 1 1 0 0 0 0
120	8	1 0 0 1 0 0 0 0 0 0 1 0 0 0 0 1
120	86	1 1 0 1 0 0 0 0 0 1 0 1 0 0 0 0
120	8	1 0 0 1 1 1 0 0 0 0 0 1 0 0 0 0
120	13	1 1 0 1 0 1 0 0 0 1 0 1 0 0 0 0
120	25	1 0 0 1 1 1 0 1 0 0 1 0 0 0 1 0
120	4	1 1 0 1 1 1 0 0 0 1 1 0 0 0 0 0
120	12	1 1 0 1 1 1 0 1 0 0 0 1 0 0 1 0
120	14	0 0 0 0 1 0 0 1 0 0 1 1 0 0 0 1
120	23	0 0 0 0 0 1 0 1 0 0 1 0 0 0 1 0
120	4	1 0 0 0 0 1 0 0 0 1 0 0 0 0 0 0
120	7	1 0 0 1 1 0 0 1 0 0 1 0 0 0 0 0
120	17	1 0 0 1 0 1 0 0 1 1 1 0 0 0 0 0
120	4	1 1 0 1 0 0 0 1 0 0 1 0 0 0 1 1
120	4	0 0 0 0 1 0 0 0 0 1 0 1 0 0 0 0
120	7	1 0 0 1 0 0 0 0 0 1 0 1 0 0 0 1
120	13	1 0 0 1 0 0 0 0 0 1 1 0 0 0 1 0
120	2	0 0 0 0 1 1 0 1 0 0 1 0 0 0 1 0
120	3	1 1 0 1 0 0 0 1 0 0 1 0 0 0 1 0
120	6	1 0 0 1 1 1 0 0 0 1 0 1 0 0 0 0
120	13	1 0 0 1 1 0 0 0 0 1 0 1 0 0 0 0
120	11	1 0 0 1 0 0 0 0 0 0 0 1 0 0 1 0
120	1	1 1 0 1 1 0 0 1 0 0 1 0 0 1 0 0
120	2	1 0 0 1 0 0 1 0 0 0 1 0 0 0 0 1
120	10	1 0 1 1 0 1 0 0 0 1 0 0 0 0 0 0
120	5	0 0 0 0 1 0 1 1 0 0 1 1 0 0 0 0
120	1	0 0 0 0 1 0 0 1 1 0 1 1 0 0 0 1
120	1	1 1 0 1 1 1 0 1 0 0 0 0 0 0 1 0
120	4	1 0 0 1 0 1 0 0 0 0 0 1 0 0 0 0
120	4	1 0 0 1 0 1 0 1 0 1 0 1 0 0 0 0
120	2	1 0 0 1 1 1 0 0 0 0 0 1 1 1 1 0
120	3	1 0 0 0 1 0 0 0 1 1 0 1 0 0 0 0
120	11	1 0 0 1 0 1 0 1 0 0 0 1 0 0 0 0
120	1	0 0 0 1 0 0 0 0 0 1 0 1 0 0 0 0
120	1	1 1 0 1 0 0 0 1 0 0 1 0 0 1 0 1
120	2	1 0 0 1 0 0 0 0 0 0 1 1 0 0 0 1
120	4	1 1 0 1 0 0 0 1 0 0 1 0 0 0 0 0
120	1	1 1 0 1 0 1 0 1 0 0 1 0 0 0 0 0
120	3	1 0 0 1 0 0 0 1 0 1 0 0 0 0 0 1
120	10	1 0 0 1 0 1 0 0 1 1 1 0 0 1 0 0
120	2	1 0 0 1 0 0 0 0 0 1 0 1 0 1 0 0
120	5	1 1 0 1 0 0 0 0 0 1 0 0 0 0 0 0
120	7	0 0 1 0 0 0 0 0 0 1 0 1 0 0 0 0
120	2	1 0 0 0 1 0 0 1 0 0 1 1 0 0 0 1
120	7	1 0 0 0 1 0 0 1 1 0 1 0 0 0 0 0
120	4	1 1 0 0 0 0 0 0 0 1 0 1 0 0 0 0
120	3	1 1 0 1 0 0 1 0 0 1 0 1 0 0 0 0
120	6	1 0 0 0 0 0 0 0 0 0 0 1 0 0 1 0
120	2	0 0 1 1 0 0 0 0 0 1 0 1 0 0 0 0
120	3	1 1 0 0 1 0 1 1 0 0 1 0 0 0 0 0
120	10	1 0 0 1 0 1 0 0 0 1 0 1 1 0 0 0
120	1	1 1 0 1 1 1 0 0 0 0 0 1 0 0 0 0
120	9	1 1 0 1 0 0 0 1 0 0 1 1 1 1 0 0
120	6	1 1 0 1 0 0 0 0 1 1 0 1 0 0 1 0
120	6	1 1 0 1 0 0 0 0 0 0 1 0 0 0 0 0
120	4	1 1 0 1 0 0 0 0 0 0 0 1 0 0 1 0
120	11	1 0 0 0 1 1 0 1 0 0 1 0 0 0 1 0
120	11	1 0 0 0 0 0 0 1 0 0 1 0 0 0 0 0
120	4	1 0 0 0 1 0 0 1 0 0 1 0 1 0 0 0
120	2	1 1 0 1 0 0 0 0 0 1 1 0 0 0 1 0
120	1	1 1 0 0 0 0 0 1 0 0 1 0 0 1 0 0
120	1	1 0 1 0 1 0 0 1 0 1 1 0 0 0 0 0
120	1	1 0 0 1 0 0 0 0 0 1 0 1 1 0 0 1
120	1	1 1 0 0 1 0 1 1 1 0 1 0 0 0 0 0
120	2	0 0 0 0 0 1 0 0 0 1 0 0 0 0 0 0
120	1	1 0 0 0 0 1 0 1 0 0 1 0 0 0 1 0
120	6	1 0 0 1 0 0 0 0 0 0 0 1 0 1 0 0
120	5	1 0 0 0 1 0 0 0 0 0 1 0 0 0 0 0
120	1	1 1 0 0 0 0 0 0 0 1 0 1 0 0 0 1
120	11	1 0 0 1 0 1 1 0 0 1 0 1 0 0 0 0
120	6	1 1 0 1 0 0 0 1 0 1 1 0 0 0 0 0
120	3	1 0 0 1 0 0 0 1 0 0 1 0 0 0 1 0
120	3	1 1 0 1 0 1 0 0 1 1 1 0 0 0 0 0
120	3	1 0 0 1 1 1 0 1 0 0 1 0 0 1 0 0
120	4	1 0 0 0 1 0 0 0 1 1 0 1 0 0 1 0
120	3	1 0 0 1 0 1 0 0 0 1 1 1 0 0 0 1
120	1	1 0 0 1 0 1 0 0 0 1 0 1 1 0 0 1
120	2	1 0 0 1 0 0 0 1 0 0 1 0 0 0 0 0
120	3	0 0 0 1 0 1 0 1 0 0 1 0 0 1 0 0
120	3	1 0 0 1 0 1 0 0 0 0 1 1 0 0 0 1
120	2	1 0 0 1 1 1 0 1 1 0 1 0 0 0 1 0
120	2	1 0 0 1 1 1 0 1 0 0 1 0 0 1 1 0
120	1	1 1 0 1 1 1 0 0 0 1 1 1 0 0 0 0
120	2	0 0 0 1 0 1 0 0 1 1 1 0 0 0 0 0
120	3	1 1 0 0 0 1 0 1 0 0 1 0 0 0 1 0
120	2	1 0 0 1 0 1 0 1 0 1 0 0 0 0 0 0
120	1	1 0 0 1 1 1 0 1 0 1 0 1 0 0 0 0
120	1	1 0 0 1 0 0 1 0 0 0 1 0 0 0 0 0
120	3	1 0 0 0 0 0 0 0 0 1 0 1 0 0 0 0
120	2	1 0 0 0 0 1 0 0 0 0 1 0 0 0 0 0
120	1	1 1 0 1 0 0 0 1 0 0 1 1 0 1 0 0
120	1	1 0 1 1 0 1 0 1 0 0 1 0 0 1 0 0
120	3	1 1 0 1 0 1 0 0 0 1 0 0 0 0 0 0
120	1	1 1 0 1 1 0 0 1 0 0 1 0 0 0 1 0
120	1	0 0 0 0 0 0 1 1 0 0 1 1 0 0 0 0
120	1	1 0 0 1 0 1 0 0 1 1 1 0 1 1 0 0
120	1	1 0 1 0 1 0 1 1 0 0 0 0 0 0 0 0
120	1	1 0 0 0 0 0 0 1 0 0 0 1 0 0 1 0
120	1	1 0 0 0 0 0 0 0 0 0 1 1 0 0 1 0
120	1	1 1 0 1 0 0 0 1 0 0 1 1 1 0 0 0
140	31	1 0 0 1 0 1 0 0 0 1 0 1 0 0 0 1
140	27	1 0 0 0 1 0 0 1 0 0 1 0 0 0 0 0
140	3	1 0 0 1 0 1 0 0 0 0 1 0 0 0 0 0
140	14	1 0 0 1 0 1 0 1 0 0 1 0 0 0 0 0
140	38	1 1 0 1 0 0 0 0 0 1 0 1 0 0 0 1
140	1	0 0 0 0 0 0 0 0 0 1 0 1 0 0 0 0
140	16	1 1 0 0 1 0 0 1 0 0 1 0 0 0 0 0
140	15	1 1 0 1 0 0 0 1 0 0 1 0 0 1 0 0
140	27	1 0 0 1 0 1 0 0 0 1 0 1 0 0 0 0
140	2	1 0 0 1 0 0 0 0 0 1 0 0 0 0 0 1
140	6	1 0 1 0 1 0 0 1 0 0 1 0 0 0 0 0
140	22	1 0 0 1 0 1 0 0 0 1 0 0 0 0 0 0
140	1	1 0 0 1 0 1 0 0 0 0 1 1 0 0 0 0
140	55	1 1 0 1 0 0 0 0 0 1 0 1 0 0 0 0
140	6	1 1 0 1 0 1 0 0 0 1 0 1 0 0 0 0
140	14	1 0 0 1 1 1 0 1 0 0 1 0 0 0 1 0
140	22	1 1 0 1 1 1 0 1 0 0 0 1 0 0 1 0
140	3	0 0 0 0 1 0 0 1 0 0 1 1 0 0 0 1
140	2	0 0 0 0 0 1 0 1 0 0 1 0 0 0 1 0
140	12	1 0 0 1 0 1 0 0 1 1 1 0 0 0 0 0
140	30	1 0 0 1 0 0 0 0 0 1 1 0 0 0 1 0
140	2	1 1 0 1 0 0 0 1 0 0 1 0 0 0 1 0
140	7	1 0 0 1 1 1 0 0 0 1 0 1 0 0 0 0
140	28	1 0 0 1 1 0 0 0 0 1 0 1 0 0 0 0
140	32	1 1 0 1 1 1 0 1 0 0 0 0 0 0 1 0
140	10	1 0 0 1 0 0 0 0 0 0 1 1 0 0 0 1
140	14	1 0 0 1 0 1 0 0 1 1 1 0 0 1 0 0
140	7	1 1 0 1 0 0 0 0 0 1 0 0 0 0 0 0
140	1	0 0 1 0 0 0 0 0 0 1 0 1 0 0 0 0
140	4	1 1 0 1 0 0 1 0 0 1 0 1 0 0 0 0
140	26	1 1 0 1 0 0 0 1 0 0 1 1 1 1 0 0
140	6	1 1 0 1 0 0 0 0 1 1 0 1 0 0 1 0
140	63	1 1 0 1 0 0 0 0 0 0 1 0 0 0 0 0
140	1	1 0 0 0 1 1 0 1 0 0 1 0 0 0 1 0
140	6	1 0 0 0 0 0 0 1 0 0 1 0 0 0 0 0
140	21	1 0 0 0 1 0 0 0 0 0 1 0 0 0 0 0
140	8	1 0 0 1 1 1 0 1 0 0 1 0 0 1 0 0
140	21	1 0 0 1 0 0 0 1 0 0 1 0 0 0 0 0
140	4	0 0 0 1 0 1 0 0 1 1 1 0 0 0 0 0
140	8	1 0 0 1 1 1 0 1 0 1 0 1 0 0 0 0
140	11	1 1 0 0 1 0 0 1 0 1 0 1 0 0 0 0
140	9	0 0 0 0 0 1 0 1 0 0 1 0 0 0 0 0
140	3	1 0 0 1 0 1 0 1 0 0 1 0 0 0 1 0
140	11	1 1 0 0 1 0 0 1 0 0 1 1 0 0 0 0
140	11	1 1 0 1 0 0 0 1 0 0 1 0 0 0 0 0
140	9	1 0 0 0 1 1 0 1 0 0 1 0 0 0 0 0
140	1	1 0 0 1 0 1 0 1 0 0 0 0 0 0 0 0
140	3	0 1 0 0 0 1 0 1 0 0 1 0 0 0 0 0
140	21	1 0 0 0 1 0 0 1 0 0 1 1 0 0 0 0
140	2	1 0 0 1 0 1 0 0 0 1 1 1 0 0 0 0
140	6	1 1 0 1 1 0 0 0 0 1 0 1 0 0 0 0
140	3	1 1 0 1 0 0 0 0 0 1 0 1 0 1 0 0
140	9	1 1 0 0 1 1 0 1 0 0 0 1 0 0 1 0
140	13	1 0 0 0 1 0 0 1 0 0 1 0 0 1 0 0
140	16	1 0 0 1 0 1 0 1 0 0 1 0 0 1 0 0
140	14	0 0 0 1 0 1 0 0 0 1 0 0 0 0 0 0
140	10	1 1 0 1 0 0 0 0 1 1 0 1 0 0 1 1
140	4	1 1 0 1 0 0 0 1 0 0 1 1 1 0 0 0
140	14	1 0 0 1 0 0 0 0 0 0 1 0 0 0 1 0
140	1	1 0 0 1 0 1 0 0 1 1 1 0 0 1 0 1
140	5	1 0 0 1 0 0 0 0 0 0 1 0 0 0 0 0
140	8	1 0 0 0 1 0 0 0 1 1 0 1 0 0 1 0
140	3	1 0 1 1 0 1 0 0 0 1 1 0 0 0 0 0
140	2	1 1 0 1 0 0 0 0 0 1 0 1 1 0 0 1
140	6	1 1 1 1 0 0 0 0 0 1 0 1 0 0 0 1
140	1	1 1 0 1 0 0 0 0 0 1 0 1 1 0 0 0
140	3	0 0 0 0 1 0 1 1 0 0 0 1 0 0 0 0
140	4	1 0 0 0 1 1 0 1 0 0 1 0 1 0 0 0
140	8	1 1 0 1 0 1 0 0 0 1 0 1 0 0 0 1
140	1	0 0 1 0 1 0 0 1 1 0 1 1 0 0 0 0
140	1	1 0 1 1 0 1 0 0 1 1 1 0 0 0 0 0
140	8	0 0 1 0 0 0 0 0 1 1 0 1 0 0 0 0
140	1	1 1 0 0 1 0 0 1 0 1 1 1 0 0 0 0
140	18	0 0 1 0 0 0 0 1 0 0 1 0 0 0 0 0
140	2	1 0 0 0 0 0 0 0 0 1 0 1 0 0 0 0
140	3	1 1 0 0 1 0 0 1 0 0 1 1 0 0 1 0
140	5	0 0 0 1 0 1 0 1 0 0 0 1 0 0 0 0
140	7	1 1 0 1 0 0 0 0 0 0 1 0 0 1 0 0
140	15	1 1 0 1 0 0 0 1 0 1 0 1 0 0 0 0
140	1	1 1 0 1 1 0 0 1 0 0 0 1 0 0 1 0
140	4	1 0 0 1 1 1 1 1 0 0 1 0 0 1 1 0
140	9	1 0 0 1 0 1 0 0 0 0 1 1 1 1 0 0
140	1	1 1 0 1 1 0 1 0 0 1 0 1 0 0 0 0
140	8	0 0 0 1 0 0 0 0 1 1 1 0 0 0 0 0
140	17	1 0 0 1 1 0 0 0 0 0 0 1 0 0 0 0
140	4	1 1 0 1 1 0 0 0 0 0 1 0 0 0 0 0
140	4	0 1 0 1 0 1 0 0 1 1 1 0 0 0 0 0
140	8	1 0 0 1 0 0 0 0 1 0 1 0 0 0 1 0
140	7	1 1 0 1 0 1 0 0 1 1 1 0 0 1 0 0
140	2	1 1 0 1 0 1 0 1 0 0 1 0 0 0 0 0
140	3	1 1 1 1 0 0 0 1 0 0 1 0 0 1 0 0
140	1	1 0 0 1 1 1 0 0 0 0 1 0 0 0 1 0
140	3	0 1 0 1 0 0 0 1 0 0 1 1 1 1 0 0
140	3	1 0 0 1 0 0 0 1 0 0 0 1 0 0 1 0
140	1	1 0 0 0 1 0 0 0 0 1 0 1 0 0 0 1
140	2	1 0 0 1 1 1 0 1 0 0 0 0 0 0 1 0
140	1	1 0 0 1 0 0 0 1 0 0 1 0 0 0 1 0
140	3	1 0 0 1 0 0 0 0 1 1 1 0 0 0 0 0
140	2	1 1 0 1 0 0 0 1 1 0 1 0 0 1 0 0
140	3	1 0 1 0 0 1 0 0 0 1 0 0 0 0 0 0
140	2	1 0 0 1 1 0 0 1 0 0 1 1 0 0 0 0
140	4	1 1 0 1 1 0 0 0 0 1 0 1 0 1 0 0
140	1	1 0 0 1 0 1 0 0 0 0 0 0 0 0 1 0
140	2	1 0 1 1 0 1 0 0 1 1 1 0 0 1 0 0
140	1	0 0 0 0 0 0 0 0 1 1 1 0 0 0 0 0
140	1	1 0 0 1 1 1 0 1 0 0 1 0 0 0 0 0
140	1	1 0 0 1 0 0 0 0 0 1 0 1 0 0 0 0
140	2	1 1 0 1 0 1 0 1 0 0 1 0 0 0 1 0
140	1	1 1 0 1 1 0 0 1 0 0 1 0 0 0 0 0
140	1	1 0 1 1 0 0 0 0 0 1 1 0 0 0 1 0
140	1	1 1 0 1 1 1 0 1 1 0 0 0 0 0 1 0
140	1	1 0 0 1 0 0 0 0 0 0 1 1 0 0 1 1
140	1	1 1 0 1 0 0 0 0 0 0 1 0 1 0 0 0
140	2	1 1 0 1 0 0 0 0 1 1 1 1 0 0 1 1
140	1	1 1 0 1 0 1 0 0 1 1 0 1 0 0 0 1
140	1	0 0 1 0 1 0 1 1 1 0 1 1 0 0 0 0
140	2	1 1 0 1 0 0 0 1 0 1 1 1 0 0 0 0
160	15	1 0 0 1 0 1 0 0 0 1 0 1 0 0 0 1
160	4	1 0 0 0 1 0 0 1 0 0 1 0 0 0 0 0
160	55	1 1 0 1 0 0 0 0 0 1 0 1 0 0 0 1
160	6	1 1 0 0 1 0 0 1 0 0 1 0 0 0 0 0
160	9	1 1 0 1 0 0 0 1 0 0 1 0 0 1 0 0
160	4	1 0 0 1 0 0 0 0 0 1 0 0 0 0 0 1
160	3	1 0 0 1 0 1 0 0 0 1 0 0 0 0 0 0
160	28	1 1 0 1 0 0 0 0 0 1 0 1 0 0 0 0
160	5	1 1 0 1 1 1 0 1 0 0 0 1 0 0 1 0
160	2	1 0 0 1 0 1 0 0 1 1 1 0 0 0 0 0
160	16	1 0 0 1 0 0 0 0 0 1 1 0 0 0 1 0
160	4	1 0 0 1 1 0 0 0 0 1 0 1 0 0 0 0
160	8	1 0 0 1 0 0 0 0 0 0 1 1 0 0 0 1
160	2	1 0 0 1 0 1 0 0 1 1 1 0 0 1 0 0
160	12	1 1 0 1 0 0 0 0 0 1 0 0 0 0 0 0
160	6	1 1 0 1 0 0 0 1 0 0 1 1 1 1 0 0
160	1	1 1 0 1 0 0 0 0 1 1 0 1 0 0 1 0
160	70	1 1 0 1 0 0 0 0 0 0 1 0 0 0 0 0
160	3	1 0 0 1 1 1 0 1 0 0 1 0 0 1 0 0
160	41	1 0 0 1 0 0 0 1 0 0 1 0 0 0 0 0
160	5	0 0 0 1 0 1 0 0 1 1 1 0 0 0 0 0
160	1	1 1 0 0 1 0 0 1 0 1 0 1 0 0 0 0
160	29	1 1 0 1 0 0 0 1 0 0 1 0 0 0 0 0
160	22	1 0 0 0 1 1 0 1 0 0 1 0 0 0 0 0
160	15	1 0 0 0 1 0 0 1 0 0 1 1 0 0 0 0
160	12	1 1 0 1 1 0 0 0 0 1 0 1 0 0 0 0
160	6	1 1 0 1 0 0 0 0 0 1 0 1 0 1 0 0
160	5	0 0 0 1 0 1 0 0 0 1 0 0 0 0 0 0
160	4	1 1 0 1 0 0 0 0 1 1 0 1 0 0 1 1
160	7	1 0 0 1 0 0 0 0 0 0 1 0 0 0 1 0
160	1	1 0 0 1 0 1 0 0 1 1 1 0 0 1 0 1
160	3	1 0 0 0 1 0 0 0 1 1 0 1 0 0 1 0
160	5	1 0 1 1 0 1 0 0 0 1 1 0 0 0 0 0
160	9	1 1 0 1 0 0 0 0 0 1 0 1 1 0 0 1
160	14	1 1 1 1 0 0 0 0 0 1 0 1 0 0 0 1
160	13	0 0 1 0 0 0 0 1 0 0 1 0 0 0 0 0
160	59	1 1 0 1 0 0 0 0 0 0 1 0 0 1 0 0
160	21	1 1 0 1 0 0 0 1 0 1 0 1 0 0 0 0
160	10	0 0 0 1 0 0 0 0 1 1 1 0 0 0 0 0
160	19	1 0 0 1 1 0 0 0 0 0 0 1 0 0 0 0
160	13	1 1 0 1 0 1 0 0 1 1 1 0 0 1 0 0
160	17	1 0 1 0 0 1 0 0 0 1 0 0 0 0 0 0
160	4	1 1 0 1 0 0 0 0 1 1 1 1 0 0 1 1
160	31	1 0 0 1 0 0 1 0 0 1 0 1 0 0 0 0
160	12	1 0 0 1 1 0 0 1 0 0 1 0 0 0 0 0
160	1	1 1 0 1 1 0 0 0 0 0 1 0 1 0 0 0
160	9	1 1 1 1 0 0 0 1 0 0 0 0 0 1 0 0
160	10	1 0 0 1 0 0 0 0 0 0 1 0 0 0 0 0
160	17	1 0 0 1 0 0 0 0 0 0 0 1 0 0 0 0
160	17	1 0 0 1 1 0 0 0 0 0 1 0 0 0 0 0
160	15	1 0 0 1 0 1 0 0 1 1 0 1 0 0 0 0
160	2	1 0 0 1 0 1 0 0 0 1 1 1 0 0 0 1
160	5	1 1 0 1 0 0 0 0 0 0 1 1 0 0 0 0
160	8	1 0 0 1 0 0 0 1 0 0 1 1 0 0 0 0
160	9	1 0 0 0 1 1 0 1 0 1 1 0 0 0 0 0
160	5	1 1 0 0 1 0 0 1 1 1 0 1 1 0 0 0
160	1	1 0 0 1 1 0 0 0 1 1 0 1 0 0 1 0
160	3	1 1 0 1 0 0 1 0 0 1 0 1 0 0 0 0
160	10	1 1 0 1 1 0 0 0 0 0 1 0 0 0 0 0
160	16	1 0 1 1 1 0 0 1 0 0 1 0 0 1 0 0
160	13	1 0 1 0 1 0 0 0 0 1 1 1 0 0 0 1
160	1	1 0 0 1 0 0 0 0 0 0 1 0 0 1 0 0
160	4	1 1 0 1 1 0 0 0 1 1 0 1 0 0 0 1
160	8	1 0 0 0 1 0 0 1 0 0 1 0 0 1 0 0
160	7	1 1 0 1 0 0 0 1 0 1 1 1 0 0 0 0
160	3	1 1 0 1 0 1 0 1 0 0 1 1 1 1 0 0
160	1	1 1 0 1 0 0 0 1 0 0 1 1 0 1 0 0
160	6	0 0 1 0 0 0 0 0 1 1 0 1 0 0 0 1
160	4	1 0 0 1 0 1 0 0 0 1 0 1 1 0 0 0
160	10	0 0 0 1 0 0 1 0 0 1 0 1 0 0 0 0
160	15	1 0 0 0 1 0 0 1 0 0 1 0 0 0 1 0
160	3	1 0 0 1 0 0 0 0 0 1 0 1 0 0 0 1
160	2	1 1 0 1 0 0 0 1 0 0 0 1 0 0 1 0
160	1	1 0 0 1 0 0 0 0 0 1 1 1 0 1 1 1
160	9	1 1 0 1 0 0 0 0 0 0 0 1 0 0 0 0
160	1	1 0 0 1 1 0 0 0 0 0 0 1 0 0 1 1
160	8	1 1 0 0 1 0 0 1 0 0 1 0 0 1 1 0
160	2	1 0 0 1 1 0 0 1 0 0 1 1 0 0 1 0
160	11	1 0 0 1 0 1 0 0 1 1 1 0 0 0 0 1
160	13	1 0 0 1 0 0 0 0 1 1 1 0 0 0 0 0
160	3	0 0 0 1 0 1 0 0 0 0 1 0 0 1 0 0
160	1	0 1 0 1 0 0 0 0 0 1 0 1 0 0 0 0
160	5	1 0 1 0 0 1 0 1 0 0 1 0 0 0 0 0
160	3	1 0 1 0 0 1 0 0 1 1 1 0 0 1 0 1
160	7	1 1 0 1 0 0 0 0 0 0 1 0 0 1 0 1
160	18	1 1 0 1 0 0 0 0 0 1 0 0 0 1 0 0
160	2	1 0 0 1 1 0 0 0 0 0 0 1 0 0 1 0
160	1	1 1 0 1 0 0 0 0 0 0 1 0 0 0 1 0
160	3	0 0 0 1 0 1 0 1 0 1 0 0 0 0 0 0
160	5	1 0 0 0 0 1 0 1 0 1 1 0 0 1 0 0
160	2	1 1 1 1 0 0 0 1 0 1 0 1 0 0 1 1
160	4	1 0 0 1 0 0 0 0 0 0 1 0 0 1 0 1
160	1	1 1 0 1 0 0 0 1 0 1 1 1 0 0 0 1
160	3	1 0 0 1 0 1 0 0 0 0 0 1 0 0 0 1
160	2	1 0 0 1 0 1 0 0 1 1 0 1 0 0 0 1
160	9	1 1 0 1 0 0 0 0 0 1 1 0 0 1 0 0
160	7	1 1 1 1 0 0 0 1 0 1 1 1 0 0 0 1
160	2	1 0 0 1 0 0 0 0 0 1 1 0 0 0 0 0
160	1	1 1 1 1 0 0 0 0 0 1 1 1 0 1 0 0
160	3	1 1 0 0 1 0 0 1 1 1 0 1 0 1 0 0
160	2	1 0 1 1 1 0 0 0 0 0 1 0 0 0 0 0
160	4	1 0 0 1 0 1 0 0 0 0 1 0 0 0 0 0
160	2	0 0 0 1 0 1 0 0 1 1 1 0 0 1 0 0
160	2	1 0 0 1 0 1 1 0 1 1 1 0 0 1 0 0
160	5	1 1 0 1 0 0 0 0 0 1 0 0 0 0 1 0
160	2	0 1 0 0 0 1 0 0 1 1 1 0 0 0 0 0
160	1	1 0 1 1 0 0 0 1 0 0 0 0 0 1 0 0
160	1	1 1 0 1 1 0 0 0 0 1 0 1 0 1 0 0
160	1	1 1 1 1 0 0 0 0 0 0 1 0 0 1 0 0
160	1	1 1 1 1 0 0 0 0 0 1 0 0 0 0 0 0
160	1	1 1 0 0 1 0 0 1 0 0 1 0 0 0 1 0
160	1	0 0 0 0 1 0 0 1 0 0 1 0 0 0 0 0
160	1	1 1 0 1 0 0 0 0 1 1 0 1 0 0 0 1
160	1	1 0 0 1 0 1 0 0 1 0 1 0 0 0 0 0
160	1	0 0 0 1 0 0 0 0 0 1 1 0 0 0 1 0
160	2	1 1 0 1 0 0 0 1 0 0 1 0 0 0 0 1
160	2	1 0 1 1 0 1 0 0 1 1 1 0 0 0 0 0
160	2	1 1 0 1 0 0 0 0 0 0 1 0 1 1 0 0
160	2	1 0 1 0 0 1 0 1 0 1 0 0 0 0 0 0
160	1	1 0 0 1 1 0 0 0 0 1 1 0 0 0 0 0
160	1	1 1 0 1 0 0 0 0 1 1 0 0 0 1 0 0
160	1	1 0 1 1 0 0 0 1 0 0 0 1 0 1 0 0
180	92	1 1 0 1 0 0 0 0 0 1 0 1 0 0 0 1
180	8	1 1 0 0 1 0 0 1 0 0 1 0 0 0 0 0
180	19	1 0 0 1 0 1 0 0 0 1 0 0 0 0 0 0
180	34	1 1 0 1 0 0 0 0 0 1 0 0 0 0 0 0
180	116	1 1 0 1 0 0 0 0 0 0 1 0 0 0 0 0
180	33	1 0 0 1 0 0 0 1 0 0 1 0 0 0 0 0
180	7	1 1 0 1 0 0 0 1 0 0 1 0 0 0 0 0
180	7	1 0 0 0 1 0 0 1 0 0 1 1 0 0 0 0
180	3	1 1 0 1 1 0 0 0 0 1 0 1 0 0 0 0
180	2	1 1 1 1 0 0 0 0 0 1 0 1 0 0 0 1
180	12	0 0 1 0 0 0 0 1 0 0 1 0 0 0 0 0
180	49	1 1 0 1 0 0 0 0 0 0 1 0 0 1 0 0
180	8	1 1 0 1 0 0 0 1 0 1 0 1 0 0 0 0
180	29	1 0 0 1 0 0 1 0 0 1 0 1 0 0 0 0
180	11	1 0 0 1 1 0 0 1 0 0 1 0 0 0 0 0
180	4	1 1 1 1 0 0 0 1 0 0 0 0 0 1 0 0
180	2	1 0 0 1 0 0 0 0 0 0 1 0 0 0 0 0
180	26	1 0 0 1 0 0 0 0 0 0 0 1 0 0 0 0
180	32	1 0 0 1 1 0 0 0 0 0 1 0 0 0 0 0
180	6	1 0 0 1 0 1 0 0 1 1 0 1 0 0 0 0
180	20	1 1 0 1 0 0 0 0 0 0 1 1 0 0 0 0
180	1	1 1 0 0 1 0 0 1 1 1 0 1 1 0 0 0
180	3	1 1 0 1 1 0 0 0 0 0 1 0 0 0 0 0
180	16	1 1 0 1 0 0 0 1 0 1 1 1 0 0 0 0
180	31	1 0 0 0 1 0 0 1 0 0 1 0 0 0 1 0
180	9	1 0 0 1 0 0 0 0 0 1 0 1 0 0 0 1
180	4	1 0 0 1 0 1 0 0 1 1 1 0 0 0 0 1
180	9	0 1 0 1 0 0 0 0 0 1 0 1 0 0 0 0
180	6	1 1 0 1 0 0 0 0 0 1 0 0 0 1 0 0
180	4	1 0 0 1 1 0 0 0 0 0 0 1 0 0 1 0
180	10	1 0 0 1 0 1 0 0 1 1 0 1 0 0 0 1
180	16	1 0 0 1 0 1 0 0 0 0 1 0 0 0 0 0
180	2	1 1 0 1 0 0 0 0 0 1 0 0 0 0 1 0
180	3	1 1 1 1 0 0 0 0 0 0 1 0 0 1 0 0
180	9	1 1 0 0 1 0 0 1 0 0 1 0 0 0 1 0
180	10	1 0 0 1 0 1 0 0 1 0 1 0 0 0 0 0
180	1	1 0 1 1 0 0 0 1 0 0 0 1 0 1 0 1
180	15	1 1 0 1 0 0 0 0 0 1 0 1 1 1 0 0
180	10	0 1 0 1 0 0 0 0 0 0 1 0 0 0 0 0
180	11	1 1 0 1 0 1 0 1 0 0 1 1 1 1 1 0
180	11	1 1 0 1 0 0 1 1 0 0 0 1 0 0 1 0
180	5	1 1 0 1 0 0 0 0 0 1 0 0 0 0 0 1
180	1	1 0 0 0 1 0 0 1 0 0 1 1 0 0 0 1
180	14	1 0 0 1 0 1 0 0 1 1 0 0 0 0 0 0
180	16	1 1 0 1 1 0 0 1 0 0 1 0 0 0 0 0
180	1	1 1 0 1 1 1 0 1 0 0 0 1 0 0 0 0
180	9	1 0 0 0 0 1 0 0 1 1 1 0 0 0 0 0
180	1	0 0 0 1 0 0 0 0 1 1 0 0 0 0 0 0
180	3	1 0 0 1 1 0 0 0 0 0 0 0 0 0 0 0
180	25	1 1 1 1 0 0 0 0 0 0 1 0 0 0 0 0
180	6	1 1 0 1 0 0 0 1 0 1 0 1 0 0 0 1
180	2	1 1 0 1 0 1 0 0 0 0 1 0 0 0 0 0
180	4	1 1 0 1 1 0 0 0 0 1 0 1 0 1 0 0
180	2	1 0 0 1 0 0 0 0 0 0 0 1 1 0 0 0
180	13	1 0 1 1 0 1 0 0 1 1 1 0 0 0 0 1
180	12	1 1 1 1 0 0 0 1 0 1 0 1 0 0 0 1
180	2	1 1 0 1 0 0 1 1 0 1 0 1 0 0 1 0
180	4	1 0 0 1 0 0 0 1 0 0 0 0 0 0 0 0
180	5	1 1 0 1 1 1 0 1 0 1 0 1 0 0 0 0
180	11	1 0 0 1 0 0 0 0 0 1 0 0 0 1 0 0
180	3	1 1 0 1 1 0 0 0 0 1 0 1 0 0 0 1
180	2	1 0 0 1 0 0 0 0 0 1 0 1 0 0 1 1
180	3	1 0 1 1 1 0 0 0 0 0 0 1 0 0 1 0
180	4	1 1 1 1 0 0 0 0 0 1 1 1 0 0 0 1
180	2	1 0 0 1 0 0 0 1 0 1 0 1 0 0 0 0
180	3	0 0 0 1 1 0 0 0 1 1 1 0 0 0 0 0
180	8	1 0 0 1 0 0 0 1 0 0 1 0 0 0 0 1
180	8	1 0 0 1 0 1 0 0 0 0 1 0 0 1 0 0
180	10	1 0 1 1 0 0 0 0 0 0 1 0 0 0 0 0
180	2	1 1 0 1 0 0 1 0 0 0 1 0 0 0 0 0
180	9	1 1 0 1 0 1 0 1 0 1 0 1 0 0 0 0
180	2	1 1 0 1 0 1 0 1 0 1 1 1 0 0 0 0
180	3	1 0 0 1 0 1 0 0 1 1 1 1 0 0 0 0
180	10	1 1 0 1 0 0 0 0 0 1 0 1 1 0 0 1
180	1	0 0 1 0 0 0 1 1 0 0 1 0 0 0 0 0
180	4	1 0 0 1 0 0 0 1 0 0 1 0 0 0 1 0
180	1	1 0 0 1 1 0 0 0 0 1 0 1 1 0 0 0
180	6	1 0 1 1 1 0 1 0 0 1 0 1 0 0 0 0
180	1	1 0 0 0 1 0 0 0 0 0 1 1 0 0 0 0
180	1	1 1 0 1 0 0 0 0 0 1 1 1 0 0 0 1
180	1	1 1 0 1 0 0 0 0 1 1 1 0 0 0 0 0
180	2	1 1 0 1 0 0 0 1 0 0 1 0 0 1 0 0
180	5	1 0 0 1 1 0 0 0 0 0 1 0 0 0 1 0
180	4	1 1 0 0 0 0 0 1 0 0 1 0 0 0 1 0
180	2	1 1 1 1 0 0 0 0 0 0 0 0 0 0 0 0
180	5	1 0 0 1 0 0 0 1 0 0 1 0 0 1 0 0
180	4	1 1 0 1 1 0 0 0 0 1 1 0 0 0 1 0
180	1	1 0 0 1 0 1 0 0 1 1 0 0 0 0 1 0
180	1	1 1 0 1 0 0 0 0 0 1 0 1 0 0 1 1
180	3	1 0 0 1 1 1 0 0 0 0 1 0 0 0 0 0
180	1	1 0 0 1 0 1 0 0 1 1 0 1 0 0 1 0
180	3	1 0 0 1 0 1 0 0 1 1 0 0 1 0 0 0
180	1	1 1 0 1 0 1 0 0 1 1 1 0 0 0 0 0
180	3	1 0 0 1 1 0 0 0 0 0 1 0 1 0 1 0
180	1	1 1 0 0 0 0 0 1 0 0 1 0 0 0 0 0
180	1	1 1 0 1 0 0 0 0 0 1 1 1 0 0 0 0
180	4	1 1 0 1 0 0 0 1 0 1 1 1 0 0 0 1
180	1	1 1 0 0 1 0 0 1 0 0 1 0 0 0 1 1
180	3	1 1 0 1 0 1 0 0 0 1 0 1 0 0 0 1
180	5	1 1 0 1 0 0 0 0 0 0 0 0 0 0 0 0
180	6	1 0 0 0 0 0 0 0 0 0 1 0 0 0 0 0
180	1	1 1 0 1 0 0 0 0 0 1 0 0 1 0 1 0
180	3	1 1 1 1 0 0 1 0 0 0 1 0 0 0 0 0
180	1	1 1 0 1 0 1 0 0 1 0 1 0 0 0 0 0
180	2	1 0 0 1 0 1 0 1 0 0 1 0 0 1 0 0
180	1	1 0 0 1 0 1 0 0 1 1 1 0 0 0 0 0
180	3	1 0 0 1 0 1 0 0 0 1 0 0 0 0 1 0
180	1	1 0 0 1 0 0 0 0 0 1 0 0 0 0 0 0
180	2	1 0 0 0 1 0 0 1 0 0 1 0 0 0 0 0
180	1	1 0 0 1 0 0 1 0 0 1 0 1 0 0 0 1
180	1	1 0 1 0 1 0 0 1 0 0 1 0 0 0 1 0
180	1	1 1 0 1 0 0 0 0 0 0 0 0 0 1 0 0
180	1	1 1 0 1 0 0 0 0 1 1 0 0 0 1 0 0
180	3	1 1 0 1 0 0 0 1 0 1 0 1 0 1 0 1
180	2	1 1 1 1 0 0 0 1 1 1 0 1 0 0 0 1
200	56	1 1 0 1 0 0 0 0 0 1 0 1 0 0 0 1
200	21	1 0 0 1 0 1 0 0 0 1 0 0 0 0 0 0
200	11	1 1 0 1 0 0 0 0 0 1 0 0 0 0 0 0
200	127	1 1 0 1 0 0 0 0 0 0 1 0 0 0 0 0
200	17	1 1 0 1 0 0 0 1 0 0 1 0 0 0 0 0
200	6	1 0 0 0 1 0 0 1 0 0 1 1 0 0 0 0
200	6	0 0 1 0 0 0 0 1 0 0 1 0 0 0 0 0
200	48	1 1 0 1 0 0 0 1 0 1 0 1 0 0 0 0
200	11	1 0 0 1 0 0 1 0 0 1 0 1 0 0 0 0
200	12	1 0 0 1 1 0 0 1 0 0 1 0 0 0 0 0
200	3	1 0 0 1 0 0 0 0 0 0 1 0 0 0 0 0
200	4	1 0 0 1 0 0 0 0 0 0 0 1 0 0 0 0
200	9	1 0 0 1 1 0 0 0 0 0 1 0 0 0 0 0
200	3	1 0 0 1 0 1 0 0 1 1 0 1 0 0 0 0
200	5	1 1 0 1 0 0 0 0 0 0 1 1 0 0 0 0
200	20	1 1 0 1 0 0 0 1 0 1 1 1 0 0 0 0
200	2	1 0 0 0 1 0 0 1 0 0 1 0 0 0 1 0
200	12	1 0 0 1 0 1 0 0 1 1 0 1 0 0 0 1
200	14	1 0 0 1 0 1 0 0 0 0 1 0 0 0 0 0
200	5	1 1 0 1 0 0 0 0 0 1 0 0 0 0 1 0
200	5	1 0 0 1 0 1 0 0 1 0 1 0 0 0 0 0
200	50	1 1 0 1 0 0 0 0 0 1 0 1 1 1 0 0
200	11	0 1 0 1 0 0 0 0 0 0 1 0 0 0 0 0
200	9	1 0 0 1 0 1 0 0 1 1 0 0 0 0 0 0
200	29	1 1 0 1 1 0 0 1 0 0 1 0 0 0 0 0
200	45	1 1 1 1 0 0 0 0 0 0 1 0 0 0 0 0
200	5	1 1 0 1 1 0 0 0 0 1 0 1 0 1 0 0
200	4	1 0 1 1 0 1 0 0 1 1 1 0 0 0 0 1
200	32	1 1 1 1 0 0 0 1 0 1 0 1 0 0 0 1
200	1	1 0 0 1 0 0 0 1 0 0 0 0 0 0 0 0
200	1	1 1 0 1 1 1 0 1 0 1 0 1 0 0 0 0
200	9	1 0 0 1 0 1 0 0 0 0 1 0 0 1 0 0
200	41	1 0 1 1 0 0 0 0 0 0 1 0 0 0 0 0
200	1	1 1 0 1 0 1 0 1 0 1 1 1 0 0 0 0
200	4	1 0 1 1 1 0 1 0 0 1 0 1 0 0 0 0
200	1	1 0 0 1 1 0 0 0 0 0 1 0 0 0 1 0
200	4	1 1 0 1 1 0 0 0 0 1 1 0 0 0 1 0
200	2	1 1 0 1 0 0 0 0 0 1 1 1 0 0 0 0
200	4	1 1 0 1 0 0 0 1 0 1 1 1 0 0 0 1
200	20	1 1 1 1 0 0 1 0 0 0 1 0 0 0 0 0
200	5	1 0 0 1 0 0 1 0 0 1 0 1 0 0 0 1
200	4	1 1 0 1 0 0 0 0 0 0 1 0 0 0 0 1
200	22	1 1 1 1 0 1 0 0 0 0 1 0 0 0 0 0
200	7	1 1 0 1 1 0 0 1 0 1 0 1 0 1 0 0
200	25	1 1 1 1 0 1 1 0 0 0 1 0 0 0 0 0
200	2	1 1 1 1 0 0 0 0 0 0 1 0 0 1 0 0
200	19	1 1 1 1 1 0 0 0 0 0 1 0 0 0 0 0
200	3	1 1 0 1 0 1 0 0 0 0 1 0 0 1 0 0
200	5	1 0 0 1 0 1 0 0 0 0 0 0 0 1 0 0
200	2	1 0 0 1 0 0 0 0 0 0 1 1 0 0 0 0
200	4	0 1 0 1 1 0 0 1 0 0 1 0 0 0 0 0
200	10	1 1 0 1 1 0 0 1 0 0 0 0 0 0 0 0
200	8	1 1 0 1 0 0 0 0 0 0 1 0 1 0 0 1
200	5	1 0 0 1 1 0 0 1 0 1 0 1 0 1 0 0
200	8	1 1 0 1 0 0 0 0 0 0 0 0 0 0 0 0
200	9	1 0 0 1 0 1 0 0 0 0 1 0 0 0 0 1
200	26	1 0 0 0 0 1 0 0 1 1 0 0 0 0 0 0
200	2	0 0 1 1 0 0 0 1 0 0 1 0 0 0 0 0
200	3	1 1 0 1 1 0 0 0 0 0 1 0 0 0 0 0
200	13	0 1 0 1 0 0 0 0 1 1 0 1 0 0 0 0
200	13	1 1 0 1 1 0 1 0 0 1 0 0 0 0 0 0
200	4	1 0 0 1 1 1 0 0 0 0 1 0 0 0 0 0
200	4	1 1 1 1 0 0 0 0 0 0 0 0 0 0 0 0
200	5	1 0 0 0 0 0 0 1 0 0 0 0 0 0 0 0
200	5	1 1 0 1 1 0 0 1 0 1 1 1 0 0 0 0
200	1	0 1 0 1 0 1 0 0 0 0 1 0 0 0 0 0
200	7	1 0 1 1 0 0 0 0 0 0 1 0 0 0 0 1
200	4	1 0 0 1 0 0 0 0 0 0 0 0 0 0 0 0
200	3	1 1 0 1 0 0 0 0 1 1 0 0 0 0 0 0
200	3	1 1 0 1 0 0 0 1 0 0 1 0 0 0 0 1
200	1	1 1 1 1 0 0 0 0 0 1 0 1 0 0 0 1
200	3	1 0 0 1 0 0 0 1 0 0 0 1 0 1 0 1
200	21	1 0 1 1 0 0 0 0 1 0 1 0 0 0 0 0
200	1	1 1 0 1 0 0 0 1 0 1 0 1 0 0 0 1
200	7	1 1 0 1 0 0 0 0 0 1 0 0 0 1 0 0
200	2	1 1 1 1 1 1 0 0 0 0 1 0 0 1 0 0
200	7	1 1 0 1 0 0 0 0 1 0 1 0 0 0 0 0
200	4	1 1 1 1 0 0 0 1 0 0 1 0 0 0 0 0
200	3	1 0 0 1 0 0 0 0 1 1 0 1 0 0 0 1
200	1	0 1 1 1 0 0 0 0 0 0 1 0 0 0 0 0
200	1	1 0 1 1 0 0 1 0 0 1 0 1 0 0 0 0
200	4	1 0 0 1 0 1 0 1 1 0 1 0 0 0 0 0
200	1	0 1 0 1 0 0 0 0 0 0 1 0 0 0 1 0
200	3	1 0 1 1 1 0 1 1 0 1 0 1 0 0 0 0
200	1	1 1 0 1 0 0 0 0 0 1 1 0 0 0 0 0
200	2	1 1 0 1 1 0 0 0 0 0 1 0 0 0 1 1
200	2	1 1 0 1 0 0 0 0 0 0 0 0 0 1 0 0
200	2	1 0 0 1 1 0 0 1 0 1 0 1 0 0 0 1
200	1	1 1 0 1 0 0 0 1 0 0 0 0 0 0 0 0
200	1	1 0 1 1 0 1 0 0 0 0 1 0 0 0 0 0
200	1	1 0 1 1 0 0 0 0 0 1 0 1 0 0 0 1
200	2	0 1 0 1 1 0 0 1 0 0 1 0 0 0 0 1
200	1	1 0 0 1 0 0 0 1 0 0 0 1 0 0 0 0
200	3	1 0 0 1 1 0 1 0 0 1 0 1 0 0 0 0
200	1	1 0 0 1 0 1 1 0 0 1 0 1 0 0 0 0
200	1	1 1 0 1 0 0 0 0 0 1 1 0 0 0 1 0
200	1	1 1 0 1 1 1 0 1 0 0 1 0 0 0 0 0
200	3	1 1 1 1 0 0 0 0 0 0 1 1 0 0 0 0
200	1	1 1 0 1 1 1 0 1 0 1 1 1 0 0 0 0
200	1	1 0 0 1 0 1 0 0 0 0 1 0 1 1 0 0
200	1	1 0 1 0 0 0 0 0 0 0 1 0 0 0 0 0
200	2	1 1 0 1 0 1 0 1 1 0 1 0 0 0 0 0
200	2	1 1 0 1 0 0 0 0 1 1 0 1 0 0 0 0
200	3	1 1 0 1 0 0 0 0 0 1 0 1 0 1 0 0
200	1	0 1 0 1 0 0 0 0 0 1 0 0 0 0 0 0
200	2	1 0 0 0 0 0 0 0 0 0 0 1 0 0 0 0
200	2	1 0 0 0 0 1 1 0 1 1 0 0 0 0 0 0
200	1	1 1 0 1 0 0 1 0 0 1 0 0 0 0 0 0
200	1	1 0 0 1 0 1 1 1 1 0 1 0 0 0 0 0
200	1	1 1 0 1 0 1 0 1 1 0 1 1 0 0 0 0
220	47	1 1 0 1 0 0 0 0 0 1 0 1 0 0 0 1
220	39	1 0 0 1 0 1 0 0 0 1 0 0 0 0 0 0
220	69	1 1 0 1 0 0 0 0 0 0 1 0 0 0 0 0
220	3	1 1 0 1 0 0 0 1 0 0 1 0 0 0 0 0
220	5	1 0 0 0 1 0 0 1 0 0 1 1 0 0 0 0
220	19	1 1 0 1 0 0 0 1 0 1 0 1 0 0 0 0
220	5	1 0 0 1 0 0 1 0 0 1 0 1 0 0 0 0
220	8	1 0 0 1 1 0 0 0 0 0 1 0 0 0 0 0
220	24	1 0 0 1 0 1 0 0 1 1 0 1 0 0 0 1
220	20	1 0 0 1 0 1 0 0 0 0 1 0 0 0 0 0
220	13	1 1 0 1 0 0 0 0 0 1 0 1 1 1 0 0
220	7	0 1 0 1 0 0 0 0 0 0 1 0 0 0 0 0
220	10	1 0 0 1 0 1 0 0 1 1 0 0 0 0 0 0
220	27	1 1 0 1 1 0 0 1 0 0 1 0 0 0 0 0
220	63	1 1 1 1 0 0 0 0 0 0 1 0 0 0 0 0
220	21	1 1 1 1 0 0 0 1 0 1 0 1 0 0 0 1
220	7	1 0 1 1 0 0 0 0 0 0 1 0 0 0 0 0
220	46	1 1 0 1 0 0 0 0 0 1 1 1 0 0 0 0
220	103	1 1 1 1 0 0 1 0 0 0 1 0 0 0 0 0
220	85	1 1 1 1 0 1 0 0 0 0 1 0 0 0 0 0
220	10	1 1 0 1 1 0 0 1 0 1 0 1 0 1 0 0
220	10	1 1 1 1 0 1 1 0 0 0 1 0 0 0 0 0
220	4	0 1 0 1 1 0 0 1 0 0 1 0 0 0 0 0
220	7	1 1 0 1 0 0 0 0 0 0 0 0 0 0 0 0
220	10	1 0 0 0 0 1 0 0 1 1 0 0 0 0 0 0
220	3	0 1 0 1 0 0 0 0 1 1 0 1 0 0 0 0
220	18	1 1 0 1 1 0 1 0 0 1 0 0 0 0 0 0
220	3	1 0 0 1 1 1 0 0 0 0 1 0 0 0 0 0
220	3	1 0 0 0 0 0 0 1 0 0 0 0 0 0 0 0
220	10	1 1 0 1 1 0 0 1 0 1 1 1 0 0 0 0
220	5	1 0 1 1 0 0 0 0 0 0 1 0 0 0 0 1
220	8	1 1 0 1 0 0 0 1 0 0 1 0 0 0 0 1
220	24	1 0 1 1 0 0 0 0 1 0 1 0 0 0 0 0
220	10	1 1 0 1 0 0 0 0 1 0 1 0 0 0 0 0
220	11	1 1 0 1 0 0 0 0 0 1 1 0 0 0 0 0
220	9	1 0 0 1 0 0 0 1 0 0 0 1 0 0 0 0
220	9	1 0 0 1 0 0 0 0 0 1 0 1 1 1 0 0
220	6	1 1 0 1 0 0 0 0 0 1 0 1 0 1 0 1
220	19	1 1 0 1 0 0 0 0 0 1 1 1 0 0 0 1
220	11	1 1 1 1 0 0 0 1 0 1 0 1 0 0 0 0
220	4	1 0 0 1 0 0 0 1 1 0 0 1 0 0 0 0
220	1	1 1 0 1 1 0 0 0 0 1 1 1 0 0 0 0
220	11	1 1 1 1 0 0 0 1 0 0 1 0 0 0 0 0
220	6	1 0 1 1 0 1 0 0 0 0 1 0 0 0 0 0
220	1	1 0 0 0 1 1 0 1 0 0 1 0 0 0 1 0
220	7	1 1 1 1 0 0 0 1 0 1 0 1 0 0 1 1
220	5	1 0 1 0 0 0 0 0 1 0 1 0 0 0 0 0
220	3	1 1 0 1 0 1 0 0 0 1 0 0 0 0 0 0
220	2	1 1 0 0 1 1 0 1 0 0 1 0 0 0 1 0
220	5	1 1 0 1 1 0 0 0 0 0 1 0 0 0 0 0
220	3	1 0 1 0 0 0 0 0 0 0 1 0 0 0 0 0
220	4	1 1 0 1 1 0 0 1 0 0 1 0 0 0 1 0
220	10	1 1 0 0 0 0 0 0 0 1 0 1 0 0 0 0
220	2	1 0 0 1 0 0 0 1 0 1 0 1 0 0 0 0
220	4	1 0 1 1 0 0 0 1 0 1 0 1 0 0 0 1
220	7	1 0 0 1 0 1 0 0 0 1 0 0 1 0 0 0
220	3	0 0 0 0 1 0 0 1 0 0 1 1 0 0 0 0
220	1	1 1 0 1 0 0 0 0 0 1 0 1 0 0 0 0
220	2	1 1 0 1 0 0 0 0 0 0 1 0 0 0 1 0
220	2	1 1 0 1 0 0 0 1 0 1 1 1 0 0 0 0
220	8	0 1 0 1 0 0 0 0 1 1 0 0 0 0 0 0
220	4	1 1 0 1 0 1 0 0 1 1 1 0 1 0 0 0
220	2	1 1 0 1 0 0 0 0 1 1 0 1 0 0 0 1
220	2	1 0 0 1 0 0 0 0 0 1 0 0 0 0 0 0
220	5	1 1 1 0 0 0 0 0 0 0 1 0 0 0 0 0
220	3	1 1 1 1 0 0 1 0 0 0 1 0 1 0 0 0
220	6	1 1 0 1 0 0 0 0 0 0 0 0 0 0 1 0
220	2	1 0 1 1 0 0 1 0 0 1 0 0 0 0 0 0
220	9	1 1 0 1 0 1 0 0 0 1 1 1 0 0 0 0
220	2	1 1 0 1 1 0 0 0 0 1 1 1 0 0 0 1
220	2	0 1 0 1 0 0 0 1 0 1 0 1 0 1 0 0
220	5	1 1 0 1 0 0 0 1 0 0 0 1 0 0 0 0
220	1	1 0 0 0 1 0 0 1 0 1 0 1 0 0 0 0
220	1	1 1 0 1 0 0 1 0 0 1 0 1 0 0 0 1
220	3	1 0 0 1 0 1 0 0 0 1 0 0 0 0 0 1
220	3	1 1 1 1 0 0 0 1 0 1 0 0 0 0 0 1
220	1	1 0 1 1 0 1 1 0 0 0 1 0 0 0 0 0
220	2	1 1 0 1 1 1 0 0 0 0 1 0 0 0 0 0
220	2	1 1 0 1 0 0 0 0 0 0 1 1 0 0 0 0
220	2	1 1 1 1 0 1 0 0 0 0 1 0 1 0 0 0
220	1	0 1 0 0 1 0 0 1 0 0 1 0 0 0 0 0
220	1	1 0 0 1 1 1 0 0 0 0 0 0 0 0 0 0
220	2	1 0 0 1 0 1 0 1 0 0 0 1 0 0 0 0
220	4	1 0 1 1 0 0 0 0 0 1 0 1 1 1 0 0
220	1	1 0 1 0 0 0 0 0 0 0 1 0 0 0 0 1
220	3	1 1 0 1 0 0 0 0 0 0 1 0 0 1 0 0
220	2	1 0 1 1 0 0 1 0 0 0 1 0 0 0 0 0
220	1	1 1 1 1 0 1 0 0 0 0 1 0 0 0 0 1
220	1	0 1 0 1 1 0 0 1 0 1 1 1 0 0 0 0
220	1	1 0 0 1 0 1 0 0 0 0 0 0 0 0 0 0
220	2	1 1 0 1 0 0 1 0 0 0 1 0 0 0 0 0
220	3	1 0 0 0 1 1 0 1 0 0 1 1 0 0 0 0
220	5	1 1 0 1 0 0 0 1 0 1 0 1 0 1 0 0
220	1	1 1 0 1 0 0 0 0 0 1 1 1 1 0 0 0
220	1	1 1 0 0 0 0 0 0 0 1 1 1 0 0 0 0
220	1	1 1 1 1 0 0 1 0 1 0 1 0 0 0 0 0
220	2	1 1 1 1 0 1 0 0 0 0 1 0 0 0 1 0
220	1	1 1 0 1 0 0 0 0 0 0 0 1 0 0 0 0
220	3	1 1 0 0 0 0 0 0 0 1 1 1 0 0 0 1
220	1	0 1 0 0 0 0 0 0 0 1 0 1 0 0 0 0
220	4	0 1 0 1 0 0 1 0 1 1 0 0 0 0 0 0
240	41	1 1 0 1 0 0 0 0 0 1 0 1 0 0 0 1
240	22	1 0 0 1 0 1 0 0 0 1 0 0 0 0 0 0
240	65	1 1 0 1 0 0 0 0 0 0 1 0 0 0 0 0
240	4	1 1 0 1 0 0 0 1 0 0 1 0 0 0 0 0
240	17	1 0 0 1 0 1 0 0 0 0 1 0 0 0 0 0
240	8	0 1 0 1 0 0 0 0 0 0 1 0 0 0 0 0
240	9	1 0 0 1 0 1 0 0 1 1 0 0 0 0 0 0
240	54	1 1 0 1 1 0 0 1 0 0 1 0 0 0 0 0
240	40	1 1 1 1 0 0 0 0 0 0 1 0 0 0 0 0
240	25	1 1 1 1 0 0 0 1 0 1 0 1 0 0 0 1
240	21	1 1 0 1 0 0 0 0 0 1 1 1 0 0 0 0
240	62	1 1 1 1 0 0 1 0 0 0 1 0 0 0 0 0
240	99	1 1 1 1 0 1 0 0 0 0 1 0 0 0 0 0
240	3	1 1 1 1 0 1 1 0 0 0 1 0 0 0 0 0
240	14	1 1 0 1 0 0 0 0 0 0 0 0 0 0 0 0
240	27	0 1 0 1 0 0 0 0 1 1 0 1 0 0 0 0
240	6	1 1 0 1 1 0 1 0 0 1 0 0 0 0 0 0
240	7	1 1 0 1 1 0 0 1 0 1 1 1 0 0 0 0
240	16	1 0 0 1 0 0 0 1 0 0 0 1 0 0 0 0
240	6	1 1 0 1 0 0 0 0 0 1 0 1 0 1 0 1
240	49	1 1 1 1 0 0 0 1 0 1 0 1 0 0 0 0
240	20	1 1 1 1 0 0 0 1 0 0 1 0 0 0 0 0
240	1	1 1 0 1 0 1 0 0 0 1 0 0 0 0 0 0
240	1	1 1 0 0 0 0 0 0 0 1 0 1 0 0 0 0
240	2	1 1 0 1 0 0 0 0 0 1 0 1 0 0 0 0
240	4	1 1 0 1 0 1 0 0 1 1 1 0 1 0 0 0
240	21	1 1 1 0 0 0 0 0 0 0 1 0 0 0 0 0
240	3	1 1 0 1 0 0 0 0 0 0 0 0 0 0 1 0
240	45	1 1 0 1 0 1 0 0 0 1 1 1 0 0 0 0
240	1	1 1 1 1 0 1 0 0 0 0 1 0 0 0 0 1
240	4	1 1 0 1 0 0 0 1 0 1 0 1 0 1 0 0
240	2	0 1 0 0 0 0 0 0 0 1 0 1 0 0 0 0
240	7	0 1 0 1 0 0 1 0 1 1 0 0 0 0 0 0
240	13	1 1 0 1 0 0 0 1 0 1 0 1 0 0 0 1
240	21	0 1 0 1 0 0 1 0 0 0 1 0 0 0 0 0
240	2	1 1 1 1 0 1 0 1 1 0 1 1 0 0 0 0
240	2	1 1 0 1 1 0 0 1 0 0 1 0 0 0 0 1
240	6	1 1 0 1 0 0 0 0 0 0 0 1 0 0 0 0
240	3	1 1 1 1 0 1 0 1 0 0 1 0 0 0 0 0
240	13	1 1 1 1 1 0 0 1 0 0 1 0 0 0 0 0
240	5	1 1 1 1 0 0 1 1 0 0 1 0 0 0 0 0
240	11	1 1 0 0 0 1 0 0 0 1 1 1 0 0 0 0
240	6	1 1 0 0 0 0 0 0 0 1 1 1 1 0 0 0
240	7	1 1 0 1 1 1 0 0 0 0 0 1 0 0 0 1
240	12	1 1 0 1 1 0 0 0 0 1 0 1 0 0 0 1
240	4	1 1 1 1 0 0 0 1 1 1 0 1 0 0 0 1
240	11	1 0 1 1 0 0 0 1 0 1 0 1 0 0 0 1
240	4	1 0 0 1 1 0 1 0 0 1 0 0 0 0 0 0
240	20	1 1 0 1 1 0 0 1 0 0 1 0 1 0 0 0
240	17	1 1 0 1 0 0 1 0 0 0 1 0 0 0 0 0
240	1	0 1 1 1 0 1 0 0 0 0 1 0 0 0 0 0
240	1	1 1 1 1 0 0 0 1 0 1 0 1 0 1 0 0
240	13	1 1 0 1 1 1 0 0 0 1 0 0 0 0 0 0
240	1	1 1 0 1 0 0 0 0 0 0 1 1 0 0 0 0
240	11	1 1 1 1 0 1 0 0 0 0 1 0 0 0 1 0
240	4	1 1 1 1 0 1 0 0 0 0 1 1 0 0 0 0
240	2	1 1 1 1 0 0 1 0 0 1 1 0 0 0 0 0
240	1	0 1 0 1 0 0 0 0 1 1 0 1 0 0 0 1
240	6	1 1 1 1 0 0 1 0 1 1 0 0 0 0 0 0
240	6	1 1 1 1 0 0 0 0 0 1 0 1 0 0 0 0
240	4	1 1 0 1 0 0 0 0 0 1 0 0 0 0 0 0
240	9	0 1 0 1 0 0 1 0 1 1 0 0 0 1 0 0
240	1	1 1 0 1 1 0 0 1 1 1 0 1 0 0 0 0
240	3	0 1 0 1 1 0 0 0 0 1 0 1 0 0 0 1
240	4	1 0 0 1 0 1 0 0 1 1 0 1 0 0 0 0
240	3	1 1 0 1 0 0 0 0 0 1 1 0 0 0 0 0
240	2	1 1 0 1 0 0 1 0 0 1 1 1 0 0 0 0
240	2	1 1 0 1 1 1 0 0 0 0 1 1 0 0 0 1
240	2	1 1 0 0 0 1 0 0 1 1 1 1 0 0 0 0
240	4	1 1 0 1 0 0 1 0 1 1 0 0 0 0 1 0
240	6	1 1 0 1 0 1 0 0 1 1 0 0 0 0 0 0
240	5	1 1 0 1 0 0 0 1 0 1 0 1 0 0 0 0
240	4	1 1 0 1 0 0 0 0 0 0 1 1 0 1 0 0
240	2	1 1 0 0 0 0 0 0 0 1 0 1 0 0 0 1
240	2	1 1 1 0 0 0 1 0 0 0 1 0 0 0 0 0
240	3	1 1 0 1 0 1 0 0 0 1 1 1 0 1 0 0
240	3	1 1 0 1 0 0 1 1 0 0 1 0 0 0 0 0
240	1	1 1 0 1 0 1 0 0 1 0 1 0 0 0 0 0
240	2	0 1 0 0 0 0 0 0 0 0 1 0 0 0 0 0
240	1	1 1 1 1 0 0 0 1 0 0 1 0 0 0 1 0
240	1	0 1 0 1 1 0 0 1 0 0 1 0 0 0 0 0
240	2	1 1 0 1 0 0 0 0 0 0 0 1 0 0 0 1
240	4	1 1 0 1 1 0 1 1 0 0 1 0 0 0 0 0
240	6	1 1 1 1 0 1 0 0 0 1 1 0 0 0 0 0
240	1	0 1 0 1 0 0 0 0 1 1 0 1 1 0 0 0
240	1	0 1 1 1 0 0 0 1 0 1 0 1 0 1 0 0
240	1	1 1 0 1 0 1 0 0 0 0 1 0 0 0 0 0
240	2	1 1 1 0 0 1 0 0 0 0 1 0 0 0 0 0
240	1	1 1 1 1 0 1 1 0 0 0 1 0 0 0 0 1
240	3	1 1 0 1 1 0 1 0 1 1 0 0 0 0 0 0
240	3	1 1 1 1 0 1 0 1 0 1 0 1 0 0 0 0
240	3	1 1 0 1 1 1 0 0 0 0 0 1 0 1 0 1
260	2	1 1 0 1 0 0 0 0 0 1 0 1 0 0 0 1
260	20	1 1 0 1 0 0 0 0 0 0 1 0 0 0 0 0
260	6	0 1 0 1 0 0 0 0 0 0 1 0 0 0 0 0
260	53	1 1 0 1 1 0 0 1 0 0 1 0 0 0 0 0
260	38	1 1 1 1 0 0 0 0 0 0 1 0 0 0 0 0
260	12	1 1 1 1 0 0 0 1 0 1 0 1 0 0 0 1
260	12	1 1 0 1 0 0 0 0 0 1 1 1 0 0 0 0
260	3	1 1 1 1 0 0 1 0 0 0 1 0 0 0 0 0
260	53	1 1 1 1 0 1 0 0 0 0 1 0 0 0 0 0
260	18	1 1 0 1 0 0 0 0 0 0 0 0 0 0 0 0
260	10	0 1 0 1 0 0 0 0 1 1 0 1 0 0 0 0
260	15	1 1 1 1 0 0 0 1 0 1 0 1 0 0 0 0
260	6	1 1 1 1 0 0 0 1 0 0 1 0 0 0 0 0
260	5	1 1 0 1 0 1 0 0 0 1 0 0 0 0 0 0
260	9	1 1 0 1 0 0 0 0 0 1 0 1 0 0 0 0
260	51	1 1 0 1 0 1 0 0 0 1 1 1 0 0 0 0
260	3	0 1 0 1 0 0 1 0 0 0 1 0 0 0 0 0
260	9	1 1 0 1 0 0 0 0 0 0 0 1 0 0 0 0
260	9	1 1 0 0 0 0 0 0 0 1 1 1 1 0 0 0
260	16	1 1 0 1 1 0 0 0 0 1 0 1 0 0 0 1
260	5	1 0 1 1 0 0 0 1 0 1 0 1 0 0 0 1
260	1	1 1 0 1 1 0 0 1 0 0 1 0 1 0 0 0
260	27	1 1 0 1 1 1 0 0 0 1 0 0 0 0 0 0
260	17	1 1 0 1 0 0 0 0 0 0 1 1 0 0 0 0
260	28	1 1 1 1 0 1 0 0 0 0 1 0 0 0 1 0
260	19	1 1 1 1 0 1 0 0 0 0 1 1 0 0 0 0
260	1	0 1 0 1 0 0 0 0 1 1 0 1 0 0 0 1
260	36	1 1 1 1 0 0 1 0 1 1 0 0 0 0 0 0
260	22	1 1 1 1 0 0 0 0 0 1 0 1 0 0 0 0
260	12	0 1 0 1 1 0 0 0 0 1 0 1 0 0 0 1
260	50	1 1 0 1 0 0 1 0 1 1 0 0 0 0 1 0
260	28	1 1 0 1 0 0 0 1 0 1 0 1 0 0 0 0
260	27	1 1 0 1 0 0 0 0 0 0 0 1 0 0 0 1
260	18	1 1 0 1 1 0 1 1 0 0 1 0 0 0 0 0
260	3	1 1 1 1 0 1 0 0 0 1 1 0 0 0 0 0
260	2	0 1 0 1 0 0 0 0 0 1 1 1 0 0 0 0
260	11	1 0 0 0 0 1 0 0 0 1 1 1 0 0 0 0
260	19	1 1 1 1 0 1 0 0 0 1 0 0 0 0 0 0
260	16	1 1 1 1 0 0 1 0 0 0 1 0 1 0 0 0
260	1	0 1 0 1 1 0 0 0 0 1 1 1 0 0 0 0
260	10	0 1 1 1 0 0 0 1 0 1 0 1 0 0 0 0
260	7	1 1 0 1 1 1 1 0 0 1 0 0 0 0 0 0
260	6	1 1 1 0 0 0 1 0 0 0 1 0 0 0 0 0
260	11	1 1 1 1 0 1 0 0 0 0 0 0 0 0 0 0
260	5	1 1 0 1 1 0 0 1 0 1 1 0 0 0 0 0
260	5	1 1 0 1 1 0 0 1 0 0 1 0 0 0 1 0
260	5	1 1 0 1 0 0 0 0 0 0 1 0 0 1 0 0
260	4	1 1 1 1 0 1 0 1 0 1 0 1 0 0 0 0
260	7	1 1 1 1 0 0 0 1 0 1 0 1 1 0 0 0
260	1	1 1 1 1 0 0 1 0 0 1 0 1 0 0 0 0
260	3	1 0 0 1 1 1 0 0 1 1 0 1 0 0 0 0
260	4	1 1 1 1 0 1 0 0 0 1 1 1 0 0 0 0
260	1	1 1 1 1 0 0 1 1 0 1 0 1 0 0 0 0
260	12	1 1 1 1 0 1 0 0 0 0 0 0 1 0 0 0
260	2	1 1 1 1 0 0 1 1 1 1 0 1 0 0 0 0
260	9	1 1 0 1 0 0 0 0 0 1 1 0 0 0 0 0
260	3	1 0 0 1 0 1 0 0 0 0 1 0 0 0 1 0
260	3	1 1 1 1 1 1 0 0 0 1 0 0 0 0 0 0
260	9	1 1 1 1 1 0 0 1 0 0 1 1 0 0 0 0
260	5	1 1 0 0 0 0 1 0 1 1 0 0 0 0 1 0
260	2	1 1 1 1 0 0 0 1 0 1 1 1 0 0 0 1
260	10	1 1 1 1 0 1 1 0 0 1 0 0 0 0 0 0
260	6	1 1 0 1 0 0 0 1 0 0 1 0 0 0 1 0
260	5	1 1 1 1 0 0 0 0 1 1 0 1 0 0 0 1
260	17	1 1 0 0 0 0 0 0 0 0 1 0 0 0 0 0
260	27	1 1 1 1 0 1 0 1 0 0 1 0 0 0 0 0
260	6	1 1 0 1 0 0 1 0 1 1 0 0 0 0 0 0
260	9	1 1 0 1 0 0 1 0 0 0 0 1 0 0 0 1
260	7	0 1 0 1 0 0 0 0 0 0 1 0 0 1 0 0
260	5	1 1 0 1 0 0 0 0 0 0 0 0 0 0 1 0
260	9	1 1 1 1 0 1 0 0 0 0 1 0 0 0 0 1
260	14	1 1 1 1 0 0 0 0 0 0 0 0 0 0 0 0
260	5	1 1 1 1 1 1 0 0 0 0 1 0 0 0 0 0
260	6	1 0 0 1 0 0 0 0 0 0 0 0 0 0 0 0
260	1	1 1 1 1 0 1 0 0 0 0 1 0 1 0 0 1
260	5	1 1 1 1 0 1 1 0 0 0 1 0 0 0 0 0
260	3	0 0 0 1 0 0 0 1 0 0 0 1 0 0 0 0
260	3	1 1 1 1 0 0 0 0 0 1 0 1 1 0 0 0
260	3	1 1 0 1 0 1 0 0 0 0 1 0 0 0 0 0
260	5	0 1 0 1 1 0 0 0 0 0 1 0 0 0 0 0
260	17	1 1 0 1 0 1 0 0 1 1 1 1 0 0 0 1
260	1	1 1 1 1 0 1 1 0 1 1 0 0 0 0 0 0
260	1	1 1 0 1 0 1 0 0 0 0 0 0 0 0 0 0
260	2	1 1 0 0 0 0 0 0 0 1 0 0 0 0 0 0
260	2	1 0 1 1 0 1 0 1 0 1 0 1 0 0 0 1
260	2	1 1 0 1 1 0 1 0 1 1 0 0 0 0 0 0
260	3	0 1 1 1 0 1 0 0 0 0 1 1 0 0 0 0
260	2	1 1 1 1 0 0 0 0 0 1 0 0 0 0 0 0
260	1	1 1 1 1 0 1 0 0 0 1 0 1 0 0 0 0
260	1	1 1 0 1 0 0 0 1 0 1 1 1 0 0 0 1
260	1	0 1 0 1 0 0 0 0 0 1 0 0 0 0 0 0
260	1	1 1 0 1 0 0 0 1 0 1 0 1 0 0 0 1
260	2	0 1 0 1 1 1 1 0 0 1 0 0 0 0 0 0
260	2	1 1 0 1 0 0 0 1 0 1 1 1 0 0 0 0
260	1	1 1 1 1 0 0 0 1 0 0 1 0 0 1 0 0
260	2	1 0 1 1 0 1 0 0 0 0 1 0 0 0 1 0
260	1	1 0 1 1 0 0 0 0 0 1 0 1 0 0 0 0
260	1	1 1 1 1 0 0 0 0 0 1 0 1 0 1 0 0
260	2	1 1 0 1 0 0 1 0 1 1 0 1 0 0 1 0
260	2	1 1 1 1 0 0 0 1 0 1 1 1 0 0 1 1
280	28	1 1 0 1 1 0 0 1 0 0 1 0 0 0 0 0
280	87	1 1 1 1 0 0 0 0 0 0 1 0 0 0 0 0
280	15	1 1 1 1 0 0 0 1 0 1 0 1 0 0 0 1
280	119	1 1 1 1 0 1 0 0 0 0 1 0 0 0 0 0
280	6	1 1 0 1 0 0 0 0 0 0 0 0 0 0 0 0
280	13	1 1 1 1 0 0 0 1 0 1 0 1 0 0 0 0
280	15	1 1 1 1 0 0 0 1 0 0 1 0 0 0 0 0
280	37	1 1 0 1 0 1 0 0 0 1 1 1 0 0 0 0
280	1	1 1 0 1 1 1 0 0 0 1 0 0 0 0 0 0
280	3	1 1 1 1 0 1 0 0 0 0 1 0 0 0 1 0
280	10	1 1 1 1 0 1 0 0 0 0 1 1 0 0 0 0
280	31	1 1 1 1 0 0 1 0 1 1 0 0 0 0 0 0
280	16	1 1 1 1 0 0 0 0 0 1 0 1 0 0 0 0
280	15	0 1 0 1 1 0 0 0 0 1 0 1 0 0 0 1
280	11	1 1 0 1 0 0 1 0 1 1 0 0 0 0 1 0
280	4	1 1 0 1 0 0 0 1 0 1 0 1 0 0 0 0
280	10	1 1 0 1 0 0 0 0 0 0 0 1 0 0 0 1
280	20	1 1 0 1 1 0 1 1 0 0 1 0 0 0 0 0
280	6	1 1 1 1 0 0 1 0 0 0 1 0 1 0 0 0
280	1	0 1 1 1 0 0 0 1 0 1 0 1 0 0 0 0
280	14	1 1 1 1 0 1 0 0 0 0 0 0 0 0 0 0
280	5	1 1 1 1 0 0 1 1 0 1 0 1 0 0 0 0
280	36	1 1 1 1 0 1 0 0 0 0 0 0 1 0 0 0
280	7	1 1 0 1 0 0 0 0 0 1 1 0 0 0 0 0
280	5	1 1 0 0 0 0 1 0 1 1 0 0 0 0 1 0
280	3	1 1 1 1 0 1 1 0 0 1 0 0 0 0 0 0
280	24	1 1 1 1 0 1 0 1 0 0 1 0 0 0 0 0
280	3	1 1 0 1 0 0 1 0 1 1 0 0 0 0 0 0
280	6	1 1 0 1 0 0 1 0 0 0 0 1 0 0 0 1
280	20	1 1 0 1 0 0 0 0 0 0 0 0 0 0 1 0
280	29	1 1 1 1 0 1 0 0 0 0 1 0 0 0 0 1
280	5	1 1 1 1 0 0 0 0 0 0 0 0 0 0 0 0
280	5	1 1 1 1 0 1 1 0 0 0 1 0 0 0 0 0
280	11	0 1 1 1 0 1 0 0 0 0 1 1 0 0 0 0
280	4	1 1 1 1 0 0 0 0 0 1 0 0 0 0 0 0
280	17	1 1 1 1 0 1 0 0 0 1 0 1 0 0 0 0
280	3	1 1 0 1 0 0 0 1 0 1 1 1 0 0 0 0
280	2	1 0 1 1 0 0 0 0 0 1 0 1 0 0 0 0
280	12	1 1 0 1 0 0 0 1 0 0 1 0 0 0 0 0
280	18	1 1 0 1 0 1 1 0 0 1 0 0 0 0 0 0
280	1	1 1 0 1 0 0 0 0 0 0 1 0 0 0 1 0
280	18	1 1 0 1 0 0 0 0 0 1 0 0 0 0 1 0
280	17	1 1 1 1 1 0 0 0 0 1 0 1 0 0 0 1
280	2	1 1 1 1 1 1 0 0 0 1 1 1 0 0 0 0
280	9	1 1 0 1 0 0 0 0 0 0 1 0 1 0 0 0
280	4	1 1 1 1 0 1 0 1 0 1 0 1 1 0 0 0
280	28	1 1 1 1 0 0 1 0 1 1 0 0 0 1 0 0
280	3	1 1 0 1 0 0 1 0 1 1 0 1 0 0 1 0
280	1	1 0 0 1 0 0 0 1 0 1 1 0 0 0 0 0
280	3	1 1 0 1 1 0 0 1 0 0 1 0 0 0 0 1
280	5	1 1 0 1 0 0 1 0 1 0 0 0 0 0 1 0
280	2	1 1 0 0 0 0 0 0 0 0 1 0 0 0 1 0
280	1	1 1 0 1 1 0 0 1 0 0 1 0 0 1 0 0
280	6	1 1 1 1 0 1 0 1 0 0 1 0 0 1 0 0
280	10	1 1 0 1 0 0 0 1 0 1 0 1 0 0 1 0
280	5	1 1 1 1 0 1 1 0 0 0 1 0 0 0 1 0
280	4	1 1 1 1 0 1 0 0 0 0 1 0 1 0 0 0
280	2	1 1 1 0 0 0 0 1 0 1 0 1 0 0 0 1
280	11	1 1 0 1 0 0 0 1 0 0 0 0 0 0 0 0
280	7	1 1 0 1 0 0 1 0 0 0 0 1 1 0 0 1
280	2	1 1 1 1 0 0 0 1 0 1 0 1 0 0 1 0
280	3	1 1 1 1 0 0 1 0 1 1 1 0 0 0 0 0
280	2	1 1 0 1 0 0 0 0 0 1 1 0 0 0 1 0
280	8	1 1 1 1 0 1 1 1 0 0 1 0 0 0 0 0
280	2	1 1 0 1 1 0 0 0 0 1 1 0 0 0 0 0
280	1	1 1 1 1 0 0 1 1 0 1 0 0 0 0 0 0
280	4	1 1 0 1 0 0 0 0 0 1 1 1 0 0 1 0
280	2	1 1 1 1 0 0 1 1 0 0 1 0 0 0 0 0
280	9	1 0 1 1 0 1 0 0 0 0 0 0 0 0 1 0
280	6	1 1 1 0 0 1 0 0 0 0 1 0 0 0 0 1
280	2	1 1 0 0 0 0 1 0 1 1 1 1 0 0 0 0
280	9	1 1 0 1 0 0 0 1 0 1 0 1 0 0 0 1
280	7	1 1 1 1 0 1 0 1 0 0 0 0 0 0 0 0
280	13	1 0 1 1 0 1 0 0 0 1 0 1 0 0 0 0
280	5	1 1 0 1 0 0 0 0 0 1 0 0 0 0 0 0
280	3	1 1 1 1 1 1 0 0 0 1 1 1 1 0 0 0
280	4	1 1 0 1 0 0 0 1 0 1 0 1 1 0 0 0
280	2	0 1 1 1 0 1 0 0 0 0 1 0 0 0 0 0
280	3	1 1 1 1 0 0 1 0 1 1 0 0 0 0 0 1
280	3	1 1 1 1 0 1 0 1 1 0 1 0 0 0 0 0
280	3	1 1 1 1 0 1 0 1 0 1 1 0 0 0 0 0
280	5	1 1 1 1 0 0 1 0 1 0 1 0 1 0 0 1
280	8	1 1 1 0 0 0 0 1 0 0 0 1 0 0 0 1
280	5	1 1 1 1 0 1 1 1 0 0 1 0 0 1 0 0
280	6	1 1 1 1 0 0 0 0 0 0 1 0 0 0 0 1
280	3	1 1 0 1 0 0 1 0 0 0 1 1 0 0 0 0
280	3	1 0 0 1 0 1 0 0 0 1 1 1 0 0 0 0
280	4	1 1 1 1 0 1 0 0 0 0 0 0 1 1 0 0
280	3	1 1 0 1 0 0 0 0 0 1 0 1 0 0 1 0
280	1	1 1 0 1 1 0 0 1 0 0 1 0 1 0 0 1
280	2	1 1 1 1 0 0 1 0 1 1 0 0 0 0 1 0
280	7	1 1 0 1 0 0 1 0 0 0 1 0 0 0 0 0
280	5	1 1 1 1 0 0 0 0 0 1 0 0 0 0 1 0
280	5	1 1 1 1 0 0 1 0 1 0 0 0 0 0 1 0
280	3	1 1 1 1 0 0 1 1 1 1 0 0 0 0 0 0
280	2	1 1 1 1 0 0 0 0 1 1 0 0 0 0 0 0
280	1	1 1 1 1 0 1 0 0 0 0 1 0 1 0 0 1
280	1	1 1 1 1 1 1 0 0 0 1 1 1 0 0 1 0
280	4	1 1 1 0 0 0 0 1 0 1 0 0 0 0 0 1
280	3	1 1 1 1 1 0 0 0 0 1 0 1 0 0 0 0
280	1	1 1 1 1 0 1 0 1 0 1 0 1 0 0 0 1
280	2	1 1 0 1 0 0 1 0 1 1 0 0 1 0 1 0
280	3	1 0 0 1 0 0 0 0 0 1 1 0 0 0 0 0
280	2	1 1 1 1 0 1 0 1 0 1 1 1 1 0 0 0
280	2	1 1 0 1 0 0 0 0 0 0 0 0 1 0 0 0
280	1	0 1 1 1 0 1 0 0 0 0 0 0 1 0 0 0
280	1	1 1 1 0 0 1 0 0 0 0 1 0 0 0 0 0
280	2	1 1 1 0 0 1 0 1 0 0 1 0 0 0 0 0
280	1	1 1 1 0 0 1 0 0 0 1 0 1 0 0 0 0
280	2	1 1 0 1 0 1 1 0 0 1 1 0 0 0 0 0
280	3	0 1 1 1 0 0 1 0 1 1 1 0 0 0 0 0
300	37	1 1 0 1 1 0 0 1 0 0 1 0 0 0 0 0
300	79	1 1 1 1 0 0 0 0 0 0 1 0 0 0 0 0
300	4	1 1 1 1 0 0 0 1 0 1 0 1 0 0 0 1
300	88	1 1 1 1 0 1 0 0 0 0 1 0 0 0 0 0
300	3	1 1 1 1 0 0 0 1 0 0 1 0 0 0 0 0
300	73	1 1 0 1 0 1 0 0 0 1 1 1 0 0 0 0
300	1	1 1 1 1 0 1 0 0 0 0 1 0 0 0 1 0
300	32	1 1 1 1 0 0 1 0 1 1 0 0 0 0 0 0
300	29	1 1 1 1 0 0 0 0 0 1 0 1 0 0 0 0
300	6	1 1 0 1 0 0 1 0 1 1 0 0 0 0 1 0
300	10	1 1 0 1 1 0 1 1 0 0 1 0 0 0 0 0
300	13	1 1 1 1 0 1 0 0 0 0 0 0 0 0 0 0
300	72	1 1 1 1 0 1 0 0 0 0 0 0 1 0 0 0
300	9	1 1 1 1 0 1 0 1 0 0 1 0 0 0 0 0
300	21	1 1 1 1 0 1 0 0 0 0 1 0 0 0 0 1
300	8	1 1 1 1 0 1 1 0 0 0 1 0 0 0 0 0
300	5	0 1 1 1 0 1 0 0 0 0 1 1 0 0 0 0
300	16	1 1 1 1 0 1 0 0 0 1 0 1 0 0 0 0
300	3	1 1 0 1 0 1 1 0 0 1 0 0 0 0 0 0
300	11	1 1 0 1 0 0 0 0 0 0 1 0 0 0 1 0
300	18	1 1 0 1 0 0 0 0 0 1 0 0 0 0 1 0
300	1	1 1 1 1 1 0 0 0 0 1 0 1 0 0 0 1
300	33	1 1 1 1 0 0 1 0 1 1 0 0 0 1 0 0
300	29	1 1 1 1 0 1 0 1 0 0 1 0 0 1 0 0
300	15	1 1 0 1 0 0 0 1 0 1 0 1 0 0 1 0
300	7	1 1 0 1 0 0 0 1 0 0 0 0 0 0 0 0
300	5	1 1 0 1 0 0 0 0 0 1 1 0 0 0 1 0
300	6	1 1 1 1 0 1 1 1 0 0 1 0 0 0 0 0
300	4	1 0 1 1 0 1 0 0 0 1 0 1 0 0 0 0
300	8	1 1 0 1 0 0 0 0 0 1 0 0 0 0 0 0
300	1	1 1 1 1 0 0 1 0 1 1 0 0 0 0 0 1
300	1	1 1 1 1 0 1 0 1 0 1 1 0 0 0 0 0
300	27	1 1 1 0 0 0 0 1 0 0 0 1 0 0 0 1
300	7	1 0 0 1 0 1 0 0 0 1 1 1 0 0 0 0
300	4	1 1 1 1 0 1 0 0 0 0 0 0 1 1 0 0
300	8	1 1 0 1 0 0 1 0 0 0 1 0 0 0 0 0
300	1	1 1 1 1 0 0 0 0 1 1 0 0 0 0 0 0
300	4	1 1 0 1 0 1 1 0 0 1 1 0 0 0 0 0
300	4	1 1 1 1 0 0 0 1 0 0 0 0 0 0 0 0
300	1	1 1 1 1 0 0 1 1 0 1 0 1 0 0 0 1
300	2	1 0 0 1 0 1 0 0 0 1 1 1 1 0 0 0
300	1	1 1 1 1 0 0 0 1 0 1 0 0 0 0 0 0
300	10	1 0 1 1 0 0 0 0 0 0 1 0 0 0 0 0
300	16	1 1 1 1 0 0 0 0 0 0 1 1 0 0 0 0
300	1	1 1 0 1 1 0 1 1 0 0 1 0 0 0 1 0
300	7	1 1 1 1 0 0 1 0 1 0 1 0 0 0 0 1
300	14	1 1 0 1 0 0 0 0 0 0 1 0 0 0 0 0
300	4	1 1 0 1 0 0 0 1 0 1 0 0 0 0 0 0
300	8	1 1 1 1 0 1 0 1 0 1 1 0 1 0 0 0
300	16	0 1 1 1 0 1 0 0 0 0 1 0 0 0 0 0
300	4	1 0 1 1 0 1 0 0 0 0 1 0 0 0 0 0
300	2	1 1 1 1 0 1 0 0 1 0 1 0 0 0 0 0
300	7	1 1 1 1 0 0 0 1 0 1 1 1 0 0 0 0
300	17	0 1 1 1 0 1 1 0 0 0 1 0 0 0 0 0
300	8	1 1 1 1 0 0 0 0 0 1 0 0 0 0 0 0
300	5	1 1 0 1 0 1 0 0 0 0 1 0 0 0 0 0
300	9	1 1 1 1 1 1 0 0 0 1 1 1 0 0 1 1
300	2	1 0 1 1 0 0 1 0 1 1 0 0 1 1 0 0
300	8	1 1 1 1 0 0 1 1 0 0 1 0 0 0 0 0
300	8	1 1 0 1 0 0 1 0 0 1 0 0 0 0 1 0
300	3	1 1 1 1 0 1 0 0 0 1 1 0 0 0 0 1
300	13	1 1 1 1 0 1 0 0 0 1 0 1 1 0 0 0
300	4	1 1 0 1 0 0 0 0 1 1 0 0 0 0 0 0
300	5	1 1 0 1 1 0 0 0 0 0 1 0 0 0 0 0
300	4	1 1 0 1 0 1 0 0 0 1 1 1 0 1 0 0
300	3	1 1 1 1 0 0 0 1 0 1 0 1 0 0 0 0
300	2	1 1 1 1 0 0 0 1 0 0 1 1 0 0 0 0
300	2	1 1 1 0 0 1 0 0 0 1 0 1 0 0 0 0
300	2	1 1 1 1 0 0 0 0 0 1 1 0 0 0 1 0
300	10	1 1 1 1 0 1 0 0 0 0 0 0 0 0 0 1
300	4	0 1 1 1 0 1 0 0 0 0 1 0 0 0 1 0
300	8	1 1 1 0 0 0 0 0 0 0 1 0 0 0 0 0
300	6	1 1 1 1 0 0 1 0 1 0 1 1 0 0 0 1
300	1	0 1 1 1 0 0 0 0 0 0 1 0 0 0 0 0
300	7	1 1 0 1 0 1 0 0 0 1 1 0 0 0 0 1
300	5	0 1 1 0 0 0 0 1 0 0 0 1 0 0 0 1
300	4	0 1 1 1 0 1 1 0 0 0 1 0 0 1 0 0
300	5	1 1 1 1 0 1 0 0 0 1 0 1 0 1 0 0
300	2	1 1 1 1 0 0 1 0 0 0 1 0 0 0 0 0
300	2	1 0 1 1 0 0 1 0 1 1 0 0 0 0 0 0
300	2	1 0 0 1 0 0 0 1 0 0 0 0 0 0 0 0
300	1	1 1 1 0 0 0 1 1 0 0 0 1 0 0 0 1
300	1	0 1 1 0 0 0 0 1 0 0 0 0 0 0 0 1
300	4	1 1 1 1 0 0 0 0 0 0 1 1 0 0 0 1
300	10	1 1 0 1 0 0 0 0 0 1 0 1 0 0 0 1
300	2	1 1 1 1 0 1 0 1 0 1 0 1 0 0 0 0
300	1	1 1 0 1 0 0 0 0 1 1 0 0 0 0 1 0
300	3	1 1 1 1 0 0 1 0 1 1 0 1 0 1 0 0
300	1	0 1 1 1 0 1 0 0 0 0 1 1 0 0 0 1
300	2	1 1 0 1 1 0 0 1 1 0 1 0 0 0 0 0
300	6	1 1 1 1 0 0 0 0 0 0 1 0 0 0 0 1
300	5	1 1 1 1 0 1 0 0 0 0 1 0 0 1 0 0
300	3	1 1 1 0 0 1 0 0 0 0 1 0 0 0 0 0
300	1	1 1 1 1 0 0 1 0 1 1 1 0 0 0 0 0
300	1	0 1 1 1 0 1 0 0 0 0 1 1 0 0 1 0
300	3	1 1 1 1 0 0 0 0 0 0 1 0 1 0 1 0
300	2	1 1 1 1 0 1 0 0 0 0 0 0 1 0 1 0
300	1	1 1 0 1 0 0 1 1 0 0 1 0 0 0 0 0
300	1	1 1 1 0 0 0 0 1 0 1 0 1 0 0 0 1
300	1	1 1 1 1 0 1 0 0 0 0 1 1 0 0 0 0
300	1	1 1 1 1 0 1 1 0 1 1 0 0 0 1 0 0
300	1	1 0 1 1 0 1 0 1 0 0 1 0 0 1 0 0
300	1	0 0 0 1 0 1 0 0 0 1 1 1 1 0 0 0
300	1	0 1 1 1 0 1 0 0 0 0 1 0 0 0 1 1
320	11	1 1 0 1 1 0 0 1 0 0 1 0 0 0 0 0
320	47	1 1 1 1 0 0 0 0 0 0 1 0 0 0 0 0
320	122	1 1 1 1 0 1 0 0 0 0 1 0 0 0 0 0
320	14	1 1 1 1 0 0 0 1 0 0 1 0 0 0 0 0
320	27	1 1 0 1 0 1 0 0 0 1 1 1 0 0 0 0
320	31	1 1 1 1 0 0 1 0 1 1 0 0 0 0 0 0
320	14	1 1 1 1 0 0 0 0 0 1 0 1 0 0 0 0
320	14	1 1 0 1 1 0 1 1 0 0 1 0 0 0 0 0
320	17	1 1 1 1 0 1 0 0 0 0 0 0 0 0 0 0
320	81	1 1 1 1 0 1 0 0 0 0 0 0 1 0 0 0
320	12	1 1 1 1 0 1 0 1 0 0 1 0 0 0 0 0
320	25	1 1 1 1 0 1 0 0 0 0 1 0 0 0 0 1
320	14	1 1 1 1 0 1 1 0 0 0 1 0 0 0 0 0
320	5	0 1 1 1 0 1 0 0 0 0 1 1 0 0 0 0
320	6	1 1 1 1 0 1 0 0 0 1 0 1 0 0 0 0
320	23	1 1 1 1 0 0 1 0 1 1 0 0 0 1 0 0
320	36	1 1 1 1 0 1 0 1 0 0 1 0 0 1 0 0
320	25	1 1 1 1 0 0 1 0 1 1 0 0 0 0 0 1
320	17	1 1 1 1 0 1 0 1 0 1 1 0 0 0 0 0
320	9	1 0 1 1 0 0 0 0 0 0 1 0 0 0 0 0
320	23	1 1 1 1 0 0 0 0 0 0 1 1 0 0 0 0
320	4	1 1 0 1 0 0 0 0 0 0 1 0 0 0 0 0
320	13	0 1 1 1 0 1 0 0 0 0 1 0 0 0 0 0
320	8	0 1 1 1 0 1 1 0 0 0 1 0 0 0 0 0
320	12	1 1 0 1 0 1 0 0 0 0 1 0 0 0 0 0
320	4	1 1 1 1 0 0 1 1 0 0 1 0 0 0 0 0
320	12	1 1 1 1 0 1 0 0 0 1 1 0 0 0 0 1
320	2	1 1 1 1 0 1 0 0 0 1 0 1 1 0 0 0
320	17	1 1 0 1 1 0 0 0 0 0 1 0 0 0 0 0
320	13	1 1 1 1 0 1 0 0 0 0 0 0 0 0 0 1
320	7	1 1 1 0 0 0 0 0 0 0 1 0 0 0 0 0
320	28	1 1 1 1 0 0 1 0 1 0 1 1 0 0 0 1
320	2	0 1 1 0 0 0 0 1 0 0 0 1 0 0 0 1
320	4	0 1 1 1 0 1 1 0 0 0 1 0 0 1 0 0
320	40	1 1 0 1 1 0 0 1 1 0 1 0 0 0 0 0
320	5	1 1 1 1 0 0 0 0 0 0 1 0 0 0 0 1
320	4	1 1 1 1 0 0 0 0 0 1 0 1 0 0 0 1
320	2	1 1 1 1 1 1 0 0 0 0 0 0 0 0 0 1
320	6	0 0 0 1 0 0 0 0 0 1 0 1 0 0 0 1
320	6	1 1 1 1 0 1 0 0 0 1 1 0 0 0 0 0
320	8	1 1 0 1 0 0 0 0 0 1 1 1 0 0 0 0
320	2	0 1 1 1 0 1 1 0 0 0 1 0 0 0 1 0
320	7	1 1 0 1 0 1 0 0 0 0 1 0 0 0 0 1
320	34	0 1 1 1 0 1 0 0 0 0 1 0 0 0 0 1
320	9	0 1 0 1 0 1 0 0 0 1 1 1 0 0 0 0
320	9	1 1 0 1 0 1 0 0 0 1 1 1 0 0 0 1
320	3	1 1 1 0 0 0 1 0 1 1 0 0 0 0 0 0
320	2	1 1 0 0 0 0 0 1 0 1 0 0 0 0 0 0
320	5	1 1 1 0 0 1 0 0 0 0 0 0 1 0 0 0
320	11	1 1 0 1 0 0 0 1 0 1 1 0 0 0 0 0
320	3	1 1 1 1 0 1 0 1 0 1 1 0 0 0 0 1
320	8	1 1 1 1 1 1 0 0 0 1 1 0 0 0 0 0
320	5	0 1 0 1 0 0 0 0 0 1 0 0 0 0 0 0
320	1	1 1 1 1 0 0 0 0 0 0 0 0 0 0 0 1
320	9	1 1 0 1 0 0 0 0 0 0 1 0 0 0 0 1
320	3	1 1 0 1 1 0 0 1 0 0 0 0 0 0 0 0
320	3	1 1 1 1 0 1 0 0 1 1 0 1 0 0 0 0
320	2	0 1 1 1 0 1 0 0 0 1 0 1 0 0 0 0
320	1	1 1 0 0 0 1 0 0 0 1 1 1 0 0 0 0
320	2	1 1 1 1 0 1 0 1 1 0 1 0 0 1 0 0
320	7	1 1 0 1 0 0 1 1 0 1 0 1 0 0 1 0
320	14	1 1 1 1 0 0 0 0 0 0 1 1 0 0 1 0
320	3	1 1 1 1 0 1 0 0 0 1 0 0 0 0 0 1
320	1	1 1 0 1 0 1 0 0 0 0 0 0 1 0 0 0
320	4	0 1 1 1 0 1 1 0 0 0 0 0 0 0 1 0
320	2	1 1 0 1 1 0 0 1 0 0 1 0 0 0 1 0
320	1	1 1 1 1 0 0 0 0 0 1 0 0 0 0 0 0
320	1	0 1 1 1 0 1 1 0 0 0 0 0 0 0 0 0
320	2	1 1 0 0 0 1 0 1 0 1 1 1 0 0 0 0
320	1	1 1 0 1 0 1 0 0 0 1 1 0 0 1 0 0
320	3	1 1 1 1 0 0 0 1 1 1 0 0 0 0 0 0
320	2	1 1 1 1 0 1 0 0 0 0 0 0 1 0 0 1
320	11	1 1 1 1 0 1 0 0 0 0 1 1 0 0 0 1
320	2	1 0 0 0 0 0 0 1 0 1 0 0 0 0 0 0
320	5	1 1 1 1 0 1 1 0 1 1 0 0 0 1 0 0
320	13	0 1 0 1 0 1 0 0 0 1 1 1 0 0 1 0
320	6	0 1 1 0 0 0 0 1 0 0 0 1 1 0 0 1
320	2	1 1 0 0 0 1 0 0 0 1 1 1 1 0 0 0
320	2	1 1 1 1 0 1 0 1 0 0 1 1 0 0 0 0
320	1	1 1 1 1 1 0 1 0 1 1 0 0 0 1 0 0
320	2	1 1 0 1 1 0 0 0 0 1 1 1 0 0 0 0
320	2	1 1 1 1 0 0 0 0 0 1 0 1 1 0 0 0
320	1	1 1 1 1 0 1 0 1 0 1 1 0 0 0 1 1
320	1	1 1 1 1 1 0 0 0 0 0 1 0 0 0 0 0
320	1	1 0 1 1 0 1 0 0 0 0 1 0 0 0 0 0
320	1	1 1 1 1 0 1 0 0 0 0 0 0 1 1 0 0
320	1	1 1 1 1 0 1 0 0 0 1 0 0 1 0 0 0
320	1	1 1 1 1 0 0 1 0 1 0 1 0 0 0 0 1
320	2	1 1 1 1 0 1 0 0 0 1 1 1 0 0 0 0
320	2	1 1 1 1 0 0 0 0 1 0 1 0 0 0 0 0
320	1	0 1 1 1 0 1 1 0 0 0 1 0 0 0 0 1
320	3	1 1 0 1 0 0 0 0 0 0 1 1 0 0 0 0
320	3	1 1 1 1 0 0 0 1 0 0 1 0 0 0 1 0
320	2	1 0 1 1 0 1 0 0 0 0 1 0 0 0 0 1
320	1	1 1 1 1 0 1 1 1 0 0 1 0 0 1 0 0
320	2	1 1 0 1 0 0 0 1 1 0 1 0 0 0 0 0
320	1	1 1 1 1 0 1 0 1 0 1 1 1 0 0 0 1
320	1	1 0 1 0 0 1 0 0 0 0 1 0 0 0 0 0
340	7	1 1 0 1 1 0 0 1 0 0 1 0 0 0 0 0
340	22	1 1 1 1 0 0 0 0 0 0 1 0 0 0 0 0
340	168	1 1 1 1 0 1 0 0 0 0 1 0 0 0 0 0
340	16	1 1 1 1 0 0 0 1 0 0 1 0 0 0 0 0
340	47	1 1 0 1 0 1 0 0 0 1 1 1 0 0 0 0
340	11	1 1 1 1 0 0 1 0 1 1 0 0 0 0 0 0
340	3	1 1 1 1 0 1 0 0 0 0 0 0 0 0 0 0
340	36	1 1 1 1 0 1 0 0 0 0 0 0 1 0 0 0
340	3	1 1 1 1 0 1 0 1 0 0 1 0 0 0 0 0
340	18	1 1 1 1 0 1 0 0 0 0 1 0 0 0 0 1
340	47	1 1 1 1 0 1 1 0 0 0 1 0 0 0 0 0
340	8	0 1 1 1 0 1 0 0 0 0 1 1 0 0 0 0
340	7	1 1 1 1 0 0 1 0 1 1 0 0 0 1 0 0
340	4	1 1 1 1 0 1 0 1 0 0 1 0 0 1 0 0
340	4	1 1 1 1 0 1 0 1 0 1 1 0 0 0 0 0
340	27	1 0 1 1 0 0 0 0 0 0 1 0 0 0 0 0
340	50	1 1 1 1 0 0 0 0 0 0 1 1 0 0 0 0
340	5	1 1 0 1 0 0 0 0 0 0 1 0 0 0 0 0
340	13	0 1 1 1 0 1 0 0 0 0 1 0 0 0 0 0
340	9	0 1 1 1 0 1 1 0 0 0 1 0 0 0 0 0
340	7	1 1 0 1 0 1 0 0 0 0 1 0 0 0 0 0
340	13	1 1 0 1 1 0 0 0 0 0 1 0 0 0 0 0
340	27	1 1 1 1 0 0 1 0 1 0 1 1 0 0 0 1
340	7	0 1 1 0 0 0 0 1 0 0 0 1 0 0 0 1
340	20	1 1 0 1 1 0 0 1 1 0 1 0 0 0 0 0
340	15	1 1 1 1 0 0 0 0 0 1 0 1 0 0 0 1
340	34	1 1 1 1 0 1 0 0 0 1 1 0 0 0 0 0
340	9	0 1 1 1 0 1 1 0 0 0 1 0 0 0 1 0
340	3	1 1 0 1 0 1 0 0 0 0 1 0 0 0 0 1
340	7	0 1 1 1 0 1 0 0 0 0 1 0 0 0 0 1
340	6	1 1 0 1 0 1 0 0 0 1 1 1 0 0 0 1
340	3	1 1 1 0 0 1 0 0 0 0 0 0 1 0 0 0
340	5	1 1 1 1 0 0 0 0 0 0 1 1 0 0 1 0
340	2	0 1 1 1 0 1 1 0 0 0 0 0 0 0 1 0
340	5	0 1 0 1 0 1 0 0 0 1 1 1 0 0 1 0
340	2	1 1 0 0 0 1 0 0 0 1 1 1 1 0 0 0
340	1	1 1 0 1 1 0 0 0 0 1 1 1 0 0 0 0
340	4	1 1 1 1 0 1 0 0 0 1 1 1 0 0 0 0
340	14	1 1 1 1 0 1 0 1 0 1 1 1 0 0 0 1
340	1	1 1 0 1 1 0 0 0 0 0 1 1 0 0 0 0
340	26	1 1 1 1 1 0 0 0 0 0 1 1 0 0 0 0
340	17	1 1 1 1 1 1 0 0 0 0 1 0 0 0 0 0
340	8	1 1 1 1 1 0 0 1 1 0 1 0 0 0 0 0
340	14	1 1 1 1 0 1 0 0 0 0 1 1 0 0 0 0
340	6	0 1 1 1 0 0 0 0 0 0 1 1 0 0 0 0
340	18	1 1 0 1 1 0 0 0 0 1 1 1 0 0 1 0
340	5	0 1 0 1 0 1 0 0 0 0 1 0 0 0 0 0
340	7	1 1 1 1 0 1 0 0 0 0 1 0 1 0 0 0
340	4	1 1 0 1 0 1 0 0 0 1 1 0 0 0 0 0
340	10	1 1 0 1 0 1 0 1 0 0 1 0 0 1 0 0
340	12	1 1 0 0 0 0 0 0 0 0 1 0 0 0 0 0
340	2	1 1 1 0 0 0 0 0 1 1 0 0 0 0 0 0
340	1	0 1 0 1 0 0 0 0 0 0 1 0 0 0 0 0
340	11	1 1 0 1 0 1 1 0 0 1 1 1 0 0 0 0
340	10	1 1 1 1 0 0 0 0 0 0 1 1 0 0 0 1
340	2	1 1 1 1 0 0 1 0 1 0 1 0 0 0 0 0
340	5	1 1 0 1 1 0 0 1 1 0 1 0 0 1 0 0
340	10	1 1 1 1 0 1 1 0 0 0 1 0 0 0 1 0
340	4	0 1 0 1 0 0 0 0 0 1 1 1 0 0 0 0
340	1	1 1 1 1 0 0 0 0 0 0 0 0 1 0 0 0
340	9	1 1 1 1 0 0 0 0 1 0 1 1 0 0 0 0
340	5	0 1 1 1 0 0 0 0 0 0 1 1 0 0 1 0
340	6	1 1 0 1 0 1 0 0 0 1 0 0 0 1 0 0
340	2	1 1 0 1 0 1 0 0 0 1 1 0 0 1 0 0
340	3	1 1 1 1 0 0 0 0 0 0 0 0 0 0 0 0
340	7	1 1 1 1 0 0 1 0 0 1 0 0 0 0 0 1
340	7	1 1 1 1 0 0 1 0 1 0 1 1 1 0 0 1
340	6	1 1 1 1 0 0 0 0 0 1 1 1 0 0 0 0
340	2	1 1 1 1 1 0 0 0 0 0 1 0 0 0 0 0
340	15	1 1 1 1 0 1 0 0 0 0 1 0 0 0 1 0
340	2	1 0 0 1 0 0 0 0 0 0 1 0 0 0 0 0
340	7	1 1 0 1 1 0 0 0 0 0 0 0 0 0 0 0
340	3	1 1 0 1 1 0 0 1 1 0 1 0 0 0 0 1
340	1	1 1 1 1 0 1 1 0 0 0 1 1 0 0 0 0
340	8	0 1 1 1 0 1 0 0 0 0 0 0 0 0 0 0
340	5	1 1 1 1 1 0 0 0 0 0 1 1 0 1 0 0
340	2	1 1 0 1 1 0 0 0 0 1 1 1 0 1 0 1
340	1	1 1 0 1 1 0 0 0 0 1 0 1 0 0 0 1
340	5	1 1 1 1 0 1 0 0 0 1 1 0 1 0 0 0
340	2	1 1 1 1 0 0 1 0 0 0 1 1 0 0 0 0
340	3	1 0 1 1 0 1 0 0 0 0 1 0 0 0 0 0
340	3	1 1 1 1 0 1 1 0 1 0 1 0 0 0 0 0
340	4	0 1 0 1 1 0 0 1 1 0 1 0 0 0 0 0
340	1	1 1 1 1 0 1 0 0 0 1 1 1 0 0 1 0
340	1	1 1 0 1 0 1 0 0 0 1 1 1 0 0 1 0
340	4	0 1 1 1 1 1 0 0 0 0 1 1 0 0 0 0
340	1	1 1 0 1 1 0 0 0 0 1 1 1 0 0 0 1
340	1	1 1 1 1 0 0 0 1 1 0 1 0 0 0 0 0
340	1	1 1 0 1 0 0 1 0 1 0 1 1 0 0 0 1
340	1	1 1 0 1 0 0 0 1 1 0 1 0 0 0 0 0
340	1	1 1 0 1 0 1 0 0 0 0 1 0 1 0 0 1
340	1	1 1 1 1 1 0 0 0 0 0 1 0 1 0 0 0
340	1	1 1 1 1 0 1 0 0 0 1 1 1 0 0 0 1
340	1	1 1 1 1 0 1 1 0 0 0 1 1 0 0 0 1
340	1	1 1 1 1 1 0 0 1 1 0 1 1 0 0 0 0
340	1	1 1 0 1 0 1 1 0 0 1 1 1 0 0 1 0
340	1	1 1 1 1 0 0 0 0 1 0 1 0 0 0 0 0
340	1	1 1 0 1 0 1 0 0 0 1 1 1 1 0 0 0
340	2	1 1 1 1 0 1 0 0 0 0 1 0 0 0 1 1
340	1	1 1 1 1 0 1 0 1 0 1 1 0 0 1 0 0
340	1	1 0 1 0 0 0 0 0 0 0 1 0 0 0 0 0
340	1	0 1 1 0 0 0 0 1 0 0 0 1 0 1 0 1
340	1	1 1 0 1 0 1 0 0 0 1 0 0 0 0 0 0
340	2	1 1 0 1 0 0 1 0 1 0 1 0 0 0 0 0
340	3	1 1 0 1 1 0 0 0 1 1 1 1 0 1 0 1
360	88	1 1 1 1 0 0 0 0 0 0 1 0 0 0 0 0
360	125	1 1 1 1 0 1 0 0 0 0 1 0 0 0 0 0
360	9	1 1 1 1 0 0 0 1 0 0 1 0 0 0 0 0
360	18	1 1 0 1 0 1 0 0 0 1 1 1 0 0 0 0
360	12	1 1 1 1 0 0 1 0 1 1 0 0 0 0 0 0
360	11	1 1 1 1 0 1 0 1 0 0 1 0 0 0 0 0
360	8	1 1 1 1 0 1 0 0 0 0 1 0 0 0 0 1
360	6	0 1 1 1 0 1 0 0 0 0 1 1 0 0 0 0
360	11	1 1 1 1 0 1 0 1 0 0 1 0 0 1 0 0
360	48	1 1 1 1 0 1 0 1 0 1 1 0 0 0 0 0
360	41	1 0 1 1 0 0 0 0 0 0 1 0 0 0 0 0
360	39	1 1 1 1 0 0 0 0 0 0 1 1 0 0 0 0
360	14	0 1 1 1 0 1 0 0 0 0 1 0 0 0 0 0
360	8	0 1 1 1 0 1 1 0 0 0 1 0 0 0 0 0
360	4	1 1 0 1 1 0 0 0 0 0 1 0 0 0 0 0
360	3	1 1 1 1 0 0 1 0 1 0 1 1 0 0 0 1
360	25	1 1 0 1 1 0 0 1 1 0 1 0 0 0 0 0
360	78	1 1 1 1 0 1 0 0 0 1 1 0 0 0 0 0
360	7	1 1 1 1 1 0 0 0 0 0 1 1 0 0 0 0
360	8	1 1 1 1 1 1 0 0 0 0 1 0 0 0 0 0
360	29	0 1 1 1 0 0 0 0 0 0 1 1 0 0 0 0
360	12	1 1 0 1 1 0 0 0 0 1 1 1 0 0 1 0
360	4	1 1 1 1 0 1 0 0 0 0 1 0 1 0 0 0
360	17	1 1 0 1 0 1 0 0 0 1 1 0 0 0 0 0
360	6	1 1 0 1 0 1 0 1 0 0 1 0 0 1 0 0
360	26	1 1 0 1 0 1 1 0 0 1 1 1 0 0 0 0
360	15	1 1 1 1 0 0 0 0 0 0 1 1 0 0 0 1
360	2	1 1 1 1 0 1 1 0 0 0 1 0 0 0 1 0
360	8	1 1 1 1 0 0 0 0 0 0 0 0 1 0 0 0
360	1	0 1 1 1 0 0 0 0 0 0 1 1 0 0 1 0
360	13	1 1 1 1 0 0 1 0 0 1 0 0 0 0 0 1
360	3	1 1 1 1 0 0 1 0 1 0 1 1 1 0 0 1
360	10	1 1 1 1 0 0 0 0 0 1 1 1 0 0 0 0
360	23	1 1 0 1 1 0 0 0 0 0 0 0 0 0 0 0
360	14	1 1 1 1 0 1 0 0 0 1 1 0 1 0 0 0
360	7	1 1 1 1 0 1 1 0 1 0 1 0 0 0 0 0
360	21	1 1 0 1 1 0 0 0 0 1 1 1 0 0 0 1
360	9	1 1 1 1 0 1 0 0 0 1 1 1 0 0 0 1
360	4	1 1 1 1 0 0 0 0 1 0 1 0 0 0 0 0
360	3	1 1 1 1 0 1 0 0 0 0 1 0 0 0 1 1
360	5	1 1 0 1 0 0 0 0 0 1 1 1 0 0 0 0
360	8	1 1 1 1 0 1 1 0 0 0 1 0 0 1 0 0
360	2	1 1 1 1 0 1 1 0 0 0 0 0 0 0 0 0
360	3	1 1 0 1 0 0 0 0 0 0 1 1 0 0 0 0
360	14	1 1 1 1 0 1 0 1 0 1 1 1 0 0 0 0
360	6	1 1 0 1 1 0 0 1 0 1 1 1 0 0 0 0
360	7	0 1 1 1 0 1 0 0 0 0 1 0 1 0 0 0
360	2	1 1 0 1 0 0 0 0 0 0 1 1 0 0 1 0
360	2	1 1 1 1 1 0 0 0 0 0 0 0 0 0 0 0
360	9	0 1 1 1 1 0 0 0 0 0 1 1 0 0 0 0
360	1	1 1 1 1 0 0 1 0 1 1 0 0 0 0 1 0
360	2	1 0 1 1 0 0 0 0 0 1 1 0 0 0 0 0
360	5	1 1 1 1 0 1 0 0 1 0 1 0 0 0 0 0
360	8	1 1 1 1 1 1 0 0 0 0 1 0 0 1 0 0
360	4	1 1 1 1 1 1 0 0 0 0 1 0 0 0 1 1
360	1	1 1 0 1 0 1 0 0 0 1 1 0 0 0 0 1
360	9	1 0 1 1 0 1 0 1 0 1 1 0 0 0 0 0
360	13	1 1 1 1 0 1 0 0 0 1 1 0 0 0 1 0
360	3	1 1 1 1 0 1 0 0 0 1 1 0 1 0 1 0
360	3	1 1 1 1 0 1 0 1 0 1 1 1 1 0 0 0
360	10	1 1 1 1 0 0 0 0 0 0 1 0 0 0 1 0
360	1	1 1 1 1 0 1 0 0 0 0 1 0 0 1 1 1
360	1	1 1 1 1 0 1 1 0 0 0 1 0 0 0 1 1
360	6	0 1 1 1 1 0 0 0 0 0 1 1 0 1 0 0
360	3	1 1 0 1 0 0 0 0 0 0 0 0 0 0 0 0
360	8	0 1 1 1 0 1 0 0 0 1 1 0 0 0 0 0
360	7	1 1 1 1 1 0 0 0 0 0 1 1 0 0 1 0
360	2	1 1 0 1 1 0 0 0 0 1 1 0 0 0 0 0
360	9	1 1 1 1 0 1 0 0 0 0 1 0 0 1 0 0
360	1	0 1 1 1 0 1 0 0 0 0 1 0 1 0 1 0
360	1	1 1 0 1 0 0 0 0 0 0 1 0 0 0 0 0
360	2	1 0 1 1 0 0 0 0 0 0 1 0 0 0 1 0
360	1	1 1 1 1 0 1 0 1 0 0 0 0 0 0 0 0
360	8	1 1 1 1 0 0 0 1 1 0 1 0 0 0 0 0
360	2	1 1 1 1 0 0 0 0 0 1 1 0 0 0 0 0
360	1	1 0 1 0 0 0 0 0 0 0 1 0 0 0 0 0
360	5	1 1 0 1 1 0 0 0 0 0 1 0 0 0 0 1
360	3	1 1 1 1 0 1 0 0 0 1 1 0 0 0 0 1
360	6	1 0 1 1 0 1 0 0 0 1 1 0 0 0 0 0
360	2	1 1 0 1 1 1 0 0 0 1 1 0 0 0 0 0
360	2	1 0 0 1 0 0 0 0 0 1 1 1 0 0 0 0
360	1	0 1 1 1 0 1 0 0 1 1 1 0 0 0 0 0
360	5	0 1 1 1 0 0 0 0 0 0 1 1 0 0 0 1
360	2	1 1 0 1 1 0 0 0 0 0 1 1 0 0 0 0
360	1	0 1 1 1 0 1 0 0 0 1 1 0 0 0 0 1
360	1	1 1 1 1 0 1 0 0 0 0 1 1 0 0 0 0
360	2	1 1 1 1 1 1 0 0 0 1 1 0 0 0 0 0
360	3	1 0 0 1 0 1 1 0 0 1 1 1 0 0 0 0
360	3	1 1 1 1 0 0 1 0 0 0 1 1 0 1 0 0
360	2	1 1 1 1 1 1 0 0 0 1 1 1 0 0 0 1
360	1	1 1 1 1 0 1 0 1 0 1 1 0 1 0 1 0
360	1	1 0 1 1 1 0 0 0 0 0 0 1 0 0 0 0
380	82	1 1 1 1 0 0 0 0 0 0 1 0 0 0 0 0
380	96	1 1 1 1 0 1 0 0 0 0 1 0 0 0 0 0
380	4	1 1 1 1 0 0 0 1 0 0 1 0 0 0 0 0
380	5	1 1 0 1 0 1 0 0 0 1 1 1 0 0 0 0
380	8	1 1 1 1 0 0 1 0 1 1 0 0 0 0 0 0
380	4	1 1 1 1 0 1 0 1 0 0 1 0 0 0 0 0
380	2	0 1 1 1 0 1 0 0 0 0 1 1 0 0 0 0
380	8	1 1 1 1 0 1 0 1 0 0 1 0 0 1 0 0
380	35	1 1 1 1 0 1 0 1 0 1 1 0 0 0 0 0
380	14	1 0 1 1 0 0 0 0 0 0 1 0 0 0 0 0
380	30	1 1 1 1 0 0 0 0 0 0 1 1 0 0 0 0
380	3	0 1 1 1 0 1 0 0 0 0 1 0 0 0 0 0
380	3	1 1 0 1 1 0 0 0 0 0 1 0 0 0 0 0
380	96	1 1 1 1 0 1 0 0 0 1 1 0 0 0 0 0
380	10	1 1 1 1 1 0 0 0 0 0 1 1 0 0 0 0
380	10	1 1 1 1 1 1 0 0 0 0 1 0 0 0 0 0
380	23	0 1 1 1 0 0 0 0 0 0 1 1 0 0 0 0
380	15	1 1 0 1 0 1 0 0 0 1 1 0 0 0 0 0
380	4	1 1 0 1 0 1 0 1 0 0 1 0 0 1 0 0
380	13	1 1 0 1 0 1 1 0 0 1 1 1 0 0 0 0
380	25	1 1 1 1 0 0 0 0 0 0 1 1 0 0 0 1
380	16	1 1 1 1 0 0 0 0 0 0 0 0 1 0 0 0
380	24	1 1 1 1 0 0 1 0 0 1 0 0 0 0 0 1
380	25	1 1 1 1 0 0 0 0 0 1 1 1 0 0 0 0
380	19	1 1 0 1 1 0 0 0 0 0 0 0 0 0 0 0
380	3	1 1 1 1 0 1 1 0 1 0 1 0 0 0 0 0
380	2	1 1 0 1 1 0 0 0 0 1 1 1 0 0 0 1
380	8	1 1 0 1 0 0 0 0 0 1 1 1 0 0 0 0
380	5	1 1 1 1 0 1 0 1 0 1 1 1 0 0 0 0
380	4	0 1 1 1 1 0 0 0 0 0 1 1 0 0 0 0
380	16	1 0 1 1 0 1 0 1 0 1 1 0 0 0 0 0
380	12	0 1 1 1 0 1 0 0 0 1 1 0 0 0 0 0
380	2	1 1 1 1 1 0 0 0 0 0 1 1 0 0 1 0
380	17	1 1 0 1 1 0 0 0 0 1 1 0 0 0 0 0
380	13	1 1 1 1 0 1 0 0 0 0 1 0 0 1 0 0
380	3	1 1 1 1 0 0 1 0 0 0 1 1 0 1 0 0
380	1	1 1 0 1 1 0 0 1 0 1 1 1 0 0 1 0
380	2	0 1 1 1 0 0 0 0 0 0 1 0 0 0 0 0
380	8	1 1 0 1 1 0 0 1 1 0 1 1 0 0 0 0
380	1	1 1 1 1 1 0 0 0 0 1 1 1 0 0 1 0
380	3	1 1 0 1 0 1 0 1 0 0 1 0 0 0 0 0
380	14	0 1 1 1 0 0 0 1 0 0 1 0 0 1 0 0
380	4	1 1 1 1 0 1 0 1 0 1 1 1 1 0 0 1
380	27	1 1 0 1 0 1 1 0 0 0 1 1 0 0 0 0
380	2	1 1 1 1 0 1 0 0 0 0 1 1 0 0 0 1
380	6	1 1 1 1 0 0 0 0 0 1 1 0 0 0 0 0
380	11	0 1 1 1 0 0 0 0 0 0 1 0 0 0 0 1
380	5	1 1 1 1 1 0 0 0 0 0 1 0 0 0 0 0
380	8	1 1 1 1 0 1 0 1 0 1 1 0 0 0 0 1
380	9	1 0 1 1 1 0 0 0 0 0 1 0 0 0 0 0
380	4	1 1 1 1 0 0 0 0 0 0 1 1 0 0 1 0
380	8	1 1 1 1 0 1 0 1 0 0 1 0 0 0 0 1
380	1	1 1 1 1 0 1 1 0 0 0 1 0 0 0 0 1
380	6	1 1 1 0 1 1 0 0 0 0 1 0 0 0 1 1
380	10	1 1 1 1 0 0 0 1 0 0 1 0 0 1 0 0
380	33	1 1 1 1 1 1 0 0 0 1 1 0 0 0 0 0
380	5	1 1 0 1 0 1 0 1 0 1 1 1 0 0 0 0
380	10	1 1 1 1 0 1 0 0 0 1 0 0 0 0 0 0
380	26	1 1 1 1 0 0 0 0 0 1 1 0 0 0 1 0
380	2	0 1 1 1 0 0 0 1 0 0 1 0 0 0 0 0
380	8	1 1 1 1 1 1 0 0 0 1 1 0 0 0 1 1
380	10	1 1 1 1 0 1 1 0 0 0 1 0 0 0 0 0
380	4	1 1 0 1 1 1 0 1 0 1 1 1 0 0 1 0
380	1	0 1 1 1 0 1 0 1 0 1 1 0 0 0 0 0
380	1	0 1 1 0 0 0 0 1 0 0 1 0 0 1 0 0
380	3	1 1 0 1 0 0 0 0 0 0 1 0 0 0 0 0
380	7	1 1 1 1 0 0 1 0 0 1 0 0 0 0 0 0
380	5	1 1 1 1 0 0 0 1 0 1 1 1 0 0 0 1
380	2	1 1 1 1 0 0 0 1 0 0 1 1 0 0 0 0
380	3	0 1 1 1 0 1 0 0 0 0 1 0 0 0 1 0
380	1	1 1 1 1 0 0 0 0 0 1 1 0 0 0 0 1
380	4	0 1 1 1 0 1 0 0 0 0 1 0 0 0 0 1
380	2	1 1 1 1 0 0 1 0 0 0 1 1 0 0 0 0
380	3	1 1 0 1 0 1 0 1 0 0 1 0 1 1 0 0
380	3	1 1 1 1 0 0 0 0 0 0 1 0 1 0 0 0
380	4	1 1 1 1 1 1 0 0 0 0 1 0 0 0 1 0
380	10	1 1 1 1 0 1 0 1 0 1 1 0 0 1 0 0
380	2	0 1 1 1 0 0 0 0 0 1 1 0 0 0 0 0
380	6	0 1 1 1 0 0 1 0 1 1 0 0 0 0 0 0
380	3	1 1 0 1 1 0 0 1 0 1 1 1 0 0 0 0
380	2	1 1 1 1 0 1 1 0 0 1 1 0 0 0 0 0
380	2	1 1 1 1 0 1 0 0 0 0 1 0 0 0 0 1
380	1	1 1 0 1 0 0 1 0 0 0 1 1 0 0 0 0
380	3	1 1 1 1 1 1 0 0 0 0 1 0 0 0 1 1
380	1	1 1 1 1 0 0 1 0 0 0 1 1 1 0 0 0
380	4	1 1 1 1 1 1 0 0 0 0 0 0 0 0 0 1
380	6	1 0 1 1 0 0 1 0 1 1 0 0 0 0 0 0
380	3	0 1 1 1 0 0 0 0 0 0 1 1 0 0 0 1
380	4	0 1 1 1 1 0 0 0 0 0 1 0 0 0 0 1
380	3	0 1 0 1 0 0 0 1 0 0 1 0 0 0 0 0
380	1	1 0 1 1 0 1 0 0 0 0 1 0 0 0 0 0
380	1	1 1 1 1 0 0 0 0 0 0 0 0 0 0 0 0
380	1	0 0 1 1 0 0 0 0 0 0 1 1 0 0 0 0
380	4	1 1 1 1 1 1 0 1 0 1 1 1 0 0 0 0
380	1	1 1 1 1 0 1 0 1 0 1 1 1 1 0 0 0
380	1	0 0 1 1 1 0 0 0 0 0 1 0 0 0 0 0
380	3	1 1 1 1 0 0 0 0 0 1 1 0 0 0 1 1
380	1	1 1 1 1 0 1 0 0 0 1 1 1 0 0 0 0
380	1	1 1 0 1 1 0 0 0 0 0 1 0 0 1 0 0
380	1	1 1 1 1 1 1 0 1 0 1 1 0 0 0 0 0
380	2	1 1 1 1 0 1 0 0 0 0 0 0 0 0 0 0
380	1	1 1 1 1 0 1 0 0 0 0 1 0 0 0 1 0
380	1	1 0 0 1 0 0 0 0 0 0 1 0 0 0 0 0
380	2	1 1 1 1 1 0 0 0 0 0 1 1 0 0 0 1
380	1	0 1 0 1 0 0 0 0 0 0 1 1 0 0 0 0
380	1	1 1 0 1 0 1 0 0 0 1 1 0 0 1 0 0
380	1	0 1 1 1 0 1 1 0 0 0 1 0 0 0 0 0
400	120	1 1 1 1 0 0 0 0 0 0 1 0 0 0 0 0
400	73	1 1 1 1 0 1 0 0 0 0 1 0 0 0 0 0
400	3	1 1 1 1 0 0 1 0 1 1 0 0 0 0 0 0
400	7	1 1 1 1 0 1 0 1 0 0 1 0 0 0 0 0
400	60	1 1 1 1 0 1 0 1 0 1 1 0 0 0 0 0
400	12	1 0 1 1 0 0 0 0 0 0 1 0 0 0 0 0
400	1	1 1 1 1 0 0 0 0 0 0 1 1 0 0 0 0
400	53	1 1 1 1 0 1 0 0 0 1 1 0 0 0 0 0
400	7	1 1 1 1 1 0 0 0 0 0 1 1 0 0 0 0
400	1	1 1 1 1 1 1 0 0 0 0 1 0 0 0 0 0
400	16	0 1 1 1 0 0 0 0 0 0 1 1 0 0 0 0
400	6	1 1 0 1 0 1 0 0 0 1 1 0 0 0 0 0
400	6	1 1 1 1 0 0 0 0 0 0 0 0 1 0 0 0
400	18	1 1 1 1 0 0 1 0 0 1 0 0 0 0 0 1
400	8	1 1 1 1 0 0 0 0 0 1 1 1 0 0 0 0
400	29	1 1 0 1 1 0 0 0 0 0 0 0 0 0 0 0
400	10	1 1 1 1 0 1 0 1 0 1 1 1 0 0 0 0
400	19	0 1 1 1 0 1 0 0 0 1 1 0 0 0 0 0
400	19	1 1 1 1 0 1 0 0 0 0 1 0 0 1 0 0
400	5	1 1 1 1 0 0 1 0 0 0 1 1 0 1 0 0
400	10	1 1 0 1 0 1 0 1 0 0 1 0 0 0 0 0
400	12	1 1 1 1 1 0 0 0 0 0 1 0 0 0 0 0
400	37	1 0 1 1 1 0 0 0 0 0 1 0 0 0 0 0
400	14	1 1 1 1 0 1 0 1 0 0 1 0 0 0 0 1
400	21	1 1 1 1 1 1 0 0 0 1 1 0 0 0 0 0
400	18	1 1 0 1 0 1 0 1 0 1 1 1 0 0 0 0
400	73	1 1 1 1 0 1 0 0 0 1 0 0 0 0 0 0
400	8	1 1 1 1 0 0 0 0 0 1 1 0 0 0 1 0
400	8	1 1 1 1 1 1 0 0 0 1 1 0 0 0 1 1
400	5	1 1 0 1 0 0 1 0 0 0 1 1 0 0 0 0
400	4	1 1 1 1 0 0 0 0 0 1 1 0 0 0 1 1
400	13	1 1 0 1 1 0 0 0 0 0 1 0 0 1 0 0
400	14	1 1 1 1 0 1 0 1 0 0 1 0 1 0 0 1
400	22	1 1 1 1 1 1 1 0 0 0 1 0 0 0 0 0
400	6	0 1 1 1 1 0 0 0 0 1 1 0 0 0 0 0
400	5	1 1 1 1 0 0 0 0 0 0 1 1 0 1 0 0
400	9	1 1 1 1 0 0 0 0 0 0 0 0 1 0 1 0
400	9	1 1 1 1 1 0 0 0 0 1 1 1 0 0 0 1
400	8	0 1 1 1 1 0 1 0 0 1 1 0 0 0 0 0
400	3	1 1 1 1 1 1 0 0 0 1 1 0 0 0 1 0
400	21	1 1 1 1 1 0 0 0 0 0 1 0 0 1 0 0
400	8	1 1 1 0 1 0 0 0 0 0 1 0 0 0 0 0
400	1	0 1 1 1 0 0 1 0 0 1 0 0 0 0 0 1
400	5	1 1 1 0 1 1 0 0 0 1 1 0 0 0 0 0
400	2	1 0 1 1 0 0 0 0 0 0 1 1 0 0 0 0
400	5	1 1 1 1 0 0 0 0 1 0 1 0 0 0 0 0
400	8	1 1 1 1 0 1 0 0 1 0 1 0 0 0 0 0
400	2	1 1 0 1 0 1 0 1 0 1 1 1 1 0 0 0
400	3	1 1 0 1 1 1 1 0 0 1 0 0 0 0 0 0
400	8	1 1 1 1 0 0 0 0 1 1 0 0 0 0 0 0
400	1	1 1 1 1 0 0 1 1 0 1 0 0 0 0 0 1
400	9	1 1 1 1 0 1 0 0 0 0 0 0 0 0 0 0
400	7	1 1 1 1 0 1 1 0 1 0 1 1 0 0 0 0
400	4	0 0 1 1 0 0 0 0 0 0 1 1 0 0 0 1
400	1	1 1 1 1 0 1 1 1 0 1 1 0 0 0 0 0
400	7	1 0 1 1 0 1 0 0 0 1 1 0 0 0 0 0
400	1	1 1 1 1 0 0 0 1 1 0 1 0 0 1 0 0
400	4	1 1 0 1 1 0 0 0 0 0 1 0 0 1 1 1
400	4	1 1 0 0 0 1 0 1 0 0 1 0 0 0 0 0
400	1	1 1 0 1 0 0 0 0 0 1 1 0 0 0 1 0
400	3	1 1 1 1 0 0 0 0 0 1 1 0 0 0 0 0
400	10	1 1 1 1 0 0 0 0 0 0 0 0 0 0 0 0
400	6	1 1 1 1 1 1 0 0 0 1 0 0 0 0 0 0
400	6	1 1 1 1 0 1 0 0 1 1 1 0 0 0 0 0
400	4	1 1 1 1 0 0 1 0 0 0 0 0 0 0 0 1
400	6	1 1 1 1 1 1 0 1 0 1 1 1 0 0 0 0
400	3	1 1 1 1 1 1 0 0 1 1 1 0 0 1 0 0
400	4	1 1 1 1 0 1 0 0 0 0 1 0 0 0 1 0
400	1	1 1 1 1 0 1 0 0 0 1 1 1 0 0 0 0
400	4	1 1 1 1 0 0 1 1 0 0 1 1 0 1 0 0
400	6	1 1 0 1 1 0 0 0 0 0 1 0 0 0 0 0
400	1	1 1 1 1 0 1 0 0 0 0 1 0 1 0 0 0
400	4	1 1 0 1 0 1 0 0 0 1 0 0 0 0 0 0
400	14	1 1 1 1 0 0 1 0 0 0 1 0 0 0 0 0
400	1	0 1 1 1 0 1 1 0 0 1 1 0 0 0 0 0
400	1	1 1 1 1 0 1 0 0 0 0 1 0 0 1 1 0
400	3	1 0 1 1 1 0 0 0 0 0 1 1 0 0 0 0
400	4	1 0 1 1 1 1 1 0 0 0 1 0 0 0 0 0
400	2	1 1 0 1 1 1 1 0 0 0 1 0 0 0 0 0
400	1	1 1 1 1 0 0 0 0 1 0 1 0 0 0 1 0
400	4	1 1 1 1 0 1 0 0 0 1 1 0 0 0 1 0
400	1	1 1 0 1 1 1 0 0 0 1 0 0 0 0 0 0
400	1	1 0 1 0 1 1 0 0 0 0 1 0 0 0 0 0
400	3	1 1 0 1 0 0 0 0 0 0 1 1 0 0 0 1
400	9	1 1 1 1 1 1 1 0 0 0 0 0 0 0 0 0
400	4	1 1 1 1 0 0 0 1 0 0 1 0 0 0 0 0
400	1	1 0 1 1 0 1 0 1 0 1 1 0 0 0 0 0
400	1	0 1 1 1 1 0 0 0 0 0 1 1 0 0 0 0
400	2	1 1 1 1 1 1 0 0 0 1 1 0 0 1 0 0
400	2	0 1 1 1 0 1 0 0 0 1 0 0 0 0 0 0
400	1	1 1 1 1 0 1 0 0 0 1 0 0 1 0 0 0
400	2	1 1 1 1 0 1 0 0 0 0 1 0 0 0 0 1
400	1	1 1 1 1 0 1 0 0 0 1 1 0 0 0 0 1
400	5	0 1 1 1 1 1 0 0 0 1 1 0 0 0 1 0
400	1	1 1 0 1 1 0 1 0 0 0 1 0 0 1 0 0
400	1	1 1 1 1 1 1 1 0 0 0 1 0 1 0 0 0
400	3	1 1 1 0 0 0 0 0 1 1 0 0 0 0 0 0
