0	250	0 1 0 0 0 0 1 0 0 0 0 0 0 0 1 0
0	250	0 0 0 0 0 0 0 1 0 0 0 0 0 0 0 0
0	250	1 0 0 0 0 0 0 0 1 0 0 0 0 0 1 0
0	250	0 0 0 1 0 0 0 0 1 1 0 1 0 0 1 1
8	173	0 1 0 0 0 0 1 0 0 0 0 0 0 0 1 0
8	161	0 0 0 0 0 0 0 1 0 0 0 0 0 0 0 0
8	273	1 0 0 0 0 0 0 0 1 0 0 0 0 0 1 0
8	223	0 0 0 1 0 0 0 0 1 1 0 1 0 0 1 1
8	1	0 1 0 0 0 0 0 1 0 0 0 0 0 0 0 0
8	4	0 1 0 0 0 0 1 0 0 0 0 0 0 0 0 0
8	2	0 1 0 0 0 0 1 0 0 0 0 0 0 1 1 0
8	8	1 1 0 0 0 0 1 0 0 0 0 0 0 0 1 0
8	4	1 0 1 0 0 0 0 0 1 0 0 0 0 0 1 0
8	14	1 0 0 0 0 0 0 0 1 0 0 0 0 0 1 1
8	1	1 0 0 0 0 0 1 0 1 0 0 0 0 0 1 0
8	2	1 0 0 0 0 0 0 0 1 0 1 0 0 0 1 0
8	3	0 1 0 1 0 0 0 0 1 1 0 1 0 0 1 1
8	8	1 0 0 1 0 0 0 0 1 0 0 0 0 0 1 0
8	5	1 0 0 0 0 0 0 0 1 1 0 0 0 0 1 0
8	14	1 0 0 0 0 0 0 1 0 0 0 0 0 0 0 0
8	8	0 1 0 0 0 1 1 0 0 0 0 0 0 0 1 0
8	7	0 0 0 1 0 0 0 0 1 1 0 1 0 0 1 0
8	13	1 0 0 0 0 0 0 0 1 0 0 1 0 0 1 1
8	3	0 0 0 1 0 0 0 0 1 1 0 1 0 0 0 0
8	2	0 0 0 1 0 0 0 0 1 1 0 0 0 0 1 0
8	2	0 1 1 0 0 0 1 0 0 0 0 0 0 0 1 0
8	6	0 1 0 0 0 0 1 0 0 1 0 1 0 0 1 1
8	3	0 0 0 0 0 0 0 1 0 0 0 0 0 0 1 0
8	5	1 0 0 0 0 0 1 0 1 1 0 1 0 0 1 1
8	2	0 0 0 0 0 1 0 1 0 0 0 0 0 0 0 0
8	8	0 0 0 1 0 0 0 0 1 1 0 1 0 0 0 1
8	2	0 1 0 0 0 0 1 0 1 0 0 0 0 0 1 0
8	3	0 1 0 0 0 0 1 0 0 0 0 0 0 0 1 1
8	1	1 0 0 0 0 0 1 0 0 0 0 0 0 0 1 0
8	8	1 1 0 0 0 0 0 0 1 0 0 0 0 0 1 0
8	1	0 0 0 1 0 0 1 0 1 1 0 1 0 0 1 1
8	3	0 0 0 1 0 0 0 0 0 1 0 1 0 0 1 1
8	1	1 0 0 0 0 0 0 0 0 0 0 0 1 0 1 0
8	1	0 0 0 1 0 0 0 0 1 0 0 0 0 0 1 0
8	1	0 0 0 0 0 0 0 0 1 0 0 0 0 0 1 0
8	1	0 1 0 1 0 0 0 0 0 0 0 0 0 0 1 0
8	4	0 0 0 0 0 0 0 1 0 0 0 0 1 0 0 0
8	3	0 0 0 1 0 0 0 0 1 1 0 1 0 1 1 1
8	1	1 0 0 0 0 1 0 0 1 0 0 0 0 0 1 1
8	3	0 1 0 0 0 0 0 0 1 1 0 1 0 0 1 1
8	1	1 0 0 0 0 0 1 0 0 0 0 0 0 0 0 0
8	2	0 1 0 0 0 0 1 1 0 0 0 0 0 0 1 0
8	2	1 0 0 0 0 1 0 0 1 0 0 0 0 0 1 0
8	2	1 0 0 0 0 0 0 0 1 0 0 0 0 1 1 0
8	3	1 0 0 0 1 0 0 0 1 0 0 0 0 0 1 0
8	1	0 0 0 1 0 1 0 0 1 1 0 1 0 0 1 1
8	1	0 1 0 0 0 1 1 0 0 0 0 0 0 0 1 1
45	19	0 0 0 0 0 0 0 1 0 0 0 0 0 0 0 0
45	227	1 0 0 0 0 0 0 0 1 0 0 0 0 0 1 0
45	69	0 0 0 1 0 0 0 0 1 1 0 1 0 0 1 1
45	29	1 0 0 0 0 0 0 0 1 0 0 0 0 0 1 1
45	8	1 0 0 1 0 0 0 0 1 0 0 0 0 0 1 0
45	29	1 0 0 0 0 0 0 0 1 1 0 0 0 0 1 0
45	100	1 0 0 0 0 0 0 1 0 0 0 0 0 0 0 0
45	3	0 1 0 0 0 1 1 0 0 0 0 0 0 0 1 0
45	40	0 0 0 1 0 0 0 0 1 1 0 1 0 0 1 0
45	20	1 0 0 0 0 0 0 0 1 0 0 1 0 0 1 1
45	4	0 0 0 1 0 0 0 0 1 1 0 0 0 0 1 0
45	13	1 1 0 0 0 0 0 0 1 0 0 0 0 0 1 0
45	4	0 0 0 0 0 0 0 0 1 0 0 0 0 0 1 0
45	6	1 0 0 0 0 0 0 0 1 0 0 0 0 0 0 0
45	13	1 0 0 1 0 0 0 0 1 1 0 1 0 0 1 1
45	1	0 1 0 0 0 0 1 0 1 1 0 1 0 0 1 1
45	7	0 0 0 0 0 0 0 1 0 0 0 0 0 0 1 1
45	15	1 0 0 1 0 1 0 0 1 0 0 0 0 0 1 0
45	6	1 0 0 0 0 0 0 0 1 0 0 1 0 0 1 0
45	15	0 0 0 0 0 0 0 1 1 0 0 0 0 0 1 0
45	3	1 0 0 0 0 0 0 0 1 0 0 0 1 0 1 0
45	34	1 0 0 0 0 0 1 0 1 0 0 0 0 0 1 0
45	29	1 0 0 0 1 0 0 1 0 0 0 0 0 0 0 0
45	11	1 0 0 0 0 0 0 1 1 0 0 0 0 0 1 0
45	10	1 0 0 0 0 0 0 0 1 0 1 0 0 0 0 0
45	17	1 0 0 0 1 0 0 1 1 0 0 0 0 0 0 0
45	3	1 0 1 0 0 0 0 0 1 0 0 0 0 0 1 0
45	12	0 1 0 1 0 0 0 0 1 1 0 1 0 0 1 1
45	5	0 0 0 1 0 0 0 0 1 1 0 1 1 0 1 0
45	12	1 1 0 0 0 0 0 0 1 1 0 0 0 0 1 0
45	4	1 0 0 1 0 1 0 0 1 0 0 0 0 0 1 1
45	7	1 0 0 0 0 0 0 0 1 1 0 1 0 0 1 0
45	3	1 0 0 0 1 0 0 1 0 0 0 0 0 0 1 0
45	5	1 0 0 0 0 0 0 0 1 0 1 0 0 0 1 1
45	4	1 0 0 1 0 0 0 0 1 1 0 1 0 0 1 0
45	4	0 0 0 1 0 0 0 0 1 1 0 1 0 0 0 0
45	5	1 0 0 0 0 0 0 0 0 0 0 0 0 0 0 0
45	29	1 0 0 0 0 0 0 1 1 0 0 0 0 0 1 1
45	2	1 0 0 0 0 0 0 1 0 1 0 0 0 0 0 0
45	4	0 0 0 1 0 0 0 1 0 0 0 0 0 0 0 0
45	4	1 0 0 1 0 0 0 0 1 0 0 0 0 0 1 1
45	7	0 1 0 1 0 0 0 0 1 1 0 1 1 0 1 1
45	15	0 0 0 1 0 0 0 0 1 0 0 1 0 0 1 0
45	17	1 0 0 0 0 0 0 1 1 0 0 0 0 0 0 0
45	1	0 0 0 1 0 0 0 0 0 1 0 1 0 0 1 0
45	8	1 0 0 1 0 1 0 0 1 1 0 1 0 0 1 0
45	10	1 0 0 0 0 0 0 0 1 1 0 1 0 0 0 0
45	3	1 1 0 0 0 0 0 0 1 0 0 1 1 0 1 0
45	7	1 1 0 0 0 0 0 0 1 1 0 0 0 0 0 0
45	3	0 0 0 0 1 0 0 1 0 0 0 0 0 0 0 0
45	4	0 1 0 0 0 0 1 0 1 0 0 0 0 0 1 0
45	7	0 0 0 1 0 0 0 0 1 1 0 1 0 1 1 1
45	3	1 0 0 0 0 0 1 1 1 0 0 0 0 0 0 0
45	6	1 0 0 0 0 0 0 0 1 1 0 1 0 0 1 1
45	2	0 0 0 0 0 0 0 0 1 1 0 0 0 0 1 0
45	3	1 0 0 0 0 1 0 0 1 0 0 0 0 0 1 0
45	2	0 0 0 0 0 0 0 0 1 0 0 0 0 0 1 1
45	9	1 0 0 0 0 0 1 0 1 1 0 0 0 0 1 0
45	6	0 0 0 1 1 0 0 0 1 1 0 0 0 0 1 0
45	4	0 0 0 0 0 0 0 0 1 0 0 1 0 0 1 1
45	5	1 0 0 1 0 1 0 0 1 1 0 0 0 0 1 0
45	1	1 0 0 0 0 0 0 1 0 0 0 0 1 0 0 0
45	3	0 1 0 0 0 0 0 0 1 0 0 1 0 0 1 0
45	1	0 1 0 0 0 0 0 0 1 0 0 0 0 0 1 0
45	10	1 0 0 0 0 0 0 0 0 0 0 1 0 0 1 0
45	5	1 1 0 0 0 0 0 1 1 0 0 0 0 0 0 0
45	1	1 0 0 1 0 0 1 0 1 0 0 0 0 0 1 0
45	2	1 0 0 0 1 0 0 0 1 0 0 0 0 0 0 0
45	3	0 1 0 0 0 0 0 0 1 1 0 1 0 0 1 1
45	1	1 0 0 1 0 0 0 0 1 1 0 1 0 1 1 0
45	2	1 1 0 1 0 0 0 0 1 1 0 0 0 0 0 0
45	3	1 0 0 0 0 0 0 0 0 0 0 0 0 0 1 0
45	2	1 0 0 0 0 0 0 0 1 0 1 0 0 0 1 0
45	2	0 0 0 1 0 0 0 0 1 1 0 0 0 0 1 1
45	2	1 0 0 0 0 1 0 0 1 0 0 1 0 0 1 0
45	3	1 1 0 0 1 0 0 1 0 0 0 0 0 0 0 0
45	1	1 0 0 0 1 0 0 1 1 1 0 0 0 0 0 0
45	1	0 0 0 0 1 1 0 1 0 0 0 0 0 0 0 0
85	75	1 0 0 0 0 0 0 0 1 0 0 0 0 0 1 0
85	11	0 0 0 1 0 0 0 0 1 1 0 1 0 0 1 1
85	3	1 0 0 0 0 0 0 0 1 0 0 0 0 0 1 1
85	4	1 0 0 1 0 0 0 0 1 0 0 0 0 0 1 0
85	138	1 0 0 0 0 0 0 1 0 0 0 0 0 0 0 0
85	41	0 0 0 1 0 0 0 0 1 1 0 1 0 0 1 0
85	25	0 0 0 1 0 0 0 0 1 1 0 0 0 0 1 0
85	6	1 0 0 0 0 0 0 0 1 0 0 0 0 0 0 0
85	2	0 0 0 0 0 0 0 1 1 0 0 0 0 0 1 0
85	4	1 0 0 0 0 0 1 0 1 0 0 0 0 0 1 0
85	1	1 0 0 0 1 0 0 1 0 0 0 0 0 0 0 0
85	35	1 0 0 0 0 0 0 1 1 0 0 0 0 0 1 0
85	34	1 0 0 0 0 0 0 0 1 0 1 0 0 0 0 0
85	2	1 1 0 0 0 0 0 0 1 1 0 0 0 0 1 0
85	6	1 0 0 0 0 0 0 0 1 0 1 0 0 0 1 1
85	13	1 0 0 1 0 0 0 0 1 1 0 1 0 0 1 0
85	15	1 0 0 0 0 0 0 1 1 0 0 0 0 0 1 1
85	35	1 0 0 0 0 0 0 1 1 0 0 0 0 0 0 0
85	9	1 0 0 1 0 1 0 0 1 1 0 1 0 0 1 0
85	13	1 0 0 0 0 0 0 0 1 1 0 1 0 0 1 1
85	17	1 0 0 1 0 0 1 0 1 0 0 0 0 0 1 0
85	10	1 0 1 0 0 0 0 1 0 0 0 0 0 0 0 0
85	14	1 0 0 1 0 0 0 0 0 0 0 0 0 0 1 0
85	3	0 0 0 0 0 0 0 0 1 0 0 0 0 0 1 0
85	7	1 0 0 0 0 0 0 0 1 0 0 0 1 0 1 1
85	10	1 0 0 0 0 1 0 1 0 0 0 0 0 0 0 0
85	6	0 0 0 1 0 0 0 0 1 0 0 0 0 0 1 0
85	17	1 0 0 1 0 0 0 0 1 1 0 0 0 0 1 0
85	9	0 0 0 1 1 0 0 0 1 1 0 1 0 0 1 0
85	24	1 0 0 0 0 0 0 1 0 0 0 0 0 0 1 0
85	19	1 0 0 1 0 1 0 0 1 1 0 1 0 0 1 1
85	11	1 0 0 0 0 0 1 1 0 0 0 0 0 0 0 0
85	49	1 0 0 0 0 0 0 1 0 0 0 0 1 0 0 0
85	5	1 1 0 0 0 0 0 1 0 0 0 0 0 0 0 0
85	7	1 0 0 0 1 0 0 0 1 0 1 0 0 0 0 0
85	2	1 0 1 0 0 0 0 1 0 1 0 0 0 0 0 0
85	14	1 0 0 1 1 0 0 0 1 1 0 1 0 0 1 0
85	2	1 0 0 1 0 1 0 0 1 1 0 1 0 1 1 0
85	12	1 0 0 0 0 1 0 0 1 0 0 0 0 0 1 0
85	2	1 0 0 0 0 0 0 1 1 0 0 1 0 0 1 1
85	9	1 0 0 0 0 1 0 1 0 0 0 0 0 0 1 0
85	6	0 0 0 0 0 0 0 1 0 0 0 0 0 0 0 0
85	6	1 1 0 0 0 0 0 1 1 0 0 0 0 1 0 0
85	12	1 0 1 0 0 0 0 1 1 0 0 0 0 0 0 0
85	1	1 0 0 0 1 0 0 0 0 1 0 1 0 0 1 1
85	5	1 0 0 0 1 0 0 1 0 1 0 0 0 0 1 0
85	16	1 0 0 0 0 0 0 1 1 0 0 0 1 0 0 0
85	4	1 1 0 0 0 1 0 1 1 0 0 0 0 0 1 0
85	3	1 0 0 0 0 1 0 0 1 1 0 1 0 0 1 1
85	6	1 0 0 1 0 0 0 0 1 0 0 0 1 0 1 0
85	2	1 0 0 1 0 0 0 0 1 1 0 1 0 0 1 1
85	4	1 0 0 0 1 0 0 1 1 0 0 0 0 0 0 0
85	1	0 0 0 1 0 0 0 0 1 0 0 0 1 0 0 0
85	8	0 1 0 0 0 0 0 1 1 0 0 0 0 0 0 0
85	4	0 0 0 0 0 0 0 1 1 1 0 0 0 0 1 0
85	7	1 0 0 0 0 0 1 1 0 0 0 0 0 0 0 1
85	6	1 1 0 0 0 0 0 1 1 0 0 1 0 0 1 1
85	11	0 0 0 1 0 0 0 1 1 0 0 0 0 0 0 0
85	9	1 0 1 0 0 0 0 0 1 0 0 0 0 0 1 0
85	2	1 0 0 0 0 0 1 1 1 0 0 0 0 0 1 0
85	4	1 0 0 1 0 0 0 0 1 1 0 0 0 0 1 1
85	10	0 0 0 1 0 0 0 1 0 0 0 0 0 0 0 0
85	1	1 0 0 0 0 0 0 0 1 0 0 0 0 1 1 0
85	8	1 0 0 1 0 1 0 0 1 1 1 1 0 0 1 0
85	3	1 0 0 0 0 0 1 1 1 0 0 0 0 0 0 0
85	2	1 0 0 0 0 0 0 1 0 1 0 0 0 0 0 0
85	6	0 0 0 0 0 0 0 0 1 0 1 0 0 0 0 0
85	5	1 0 0 0 0 0 0 0 1 1 0 1 0 0 1 0
85	1	0 0 0 1 1 0 0 0 0 1 0 1 0 0 1 0
85	3	1 1 0 0 0 0 0 1 0 0 0 0 0 0 1 0
85	13	1 0 0 1 0 0 1 0 1 0 0 0 0 1 1 0
85	1	1 1 0 0 0 0 0 1 1 0 0 0 0 1 1 0
85	2	0 0 0 1 0 0 0 0 1 1 0 1 0 0 0 0
85	8	1 0 0 1 0 1 0 1 1 0 0 0 0 0 1 1
85	1	1 0 0 1 1 0 0 1 0 0 0 0 0 0 1 0
85	5	1 0 0 1 1 0 0 0 1 0 0 0 0 0 1 0
85	7	1 0 0 0 0 0 0 0 1 0 1 0 0 0 1 0
85	3	1 1 0 0 0 0 0 0 1 0 0 0 0 0 1 0
85	5	1 1 0 0 0 0 0 1 1 0 0 0 1 0 0 0
85	1	1 0 0 1 0 0 0 0 1 1 0 0 0 0 0 0
85	5	1 0 0 1 0 1 0 0 1 1 0 1 0 0 0 1
85	1	1 0 0 1 0 0 0 0 1 0 1 0 0 0 1 1
85	4	1 0 0 0 0 0 0 1 1 0 1 0 0 0 1 1
85	3	1 0 0 0 0 0 0 1 1 0 1 0 1 0 0 0
85	1	1 0 0 0 0 0 0 0 0 1 0 1 0 0 1 0
85	13	1 0 0 0 0 0 0 1 0 0 0 0 1 0 1 1
85	6	0 1 0 1 0 0 0 0 1 1 0 1 0 0 1 1
85	7	1 0 0 0 0 0 0 1 0 0 0 0 0 0 0 1
85	3	1 0 0 1 0 0 0 1 1 1 0 0 0 0 1 0
85	2	1 0 0 1 1 0 0 0 1 0 0 1 0 0 1 0
85	3	1 1 0 1 0 0 0 0 1 0 0 0 0 0 1 0
85	6	1 0 1 1 0 0 0 0 1 0 0 0 0 0 1 0
85	3	0 1 0 1 0 0 0 0 1 1 0 1 0 0 1 0
85	3	1 0 0 0 0 0 0 1 1 1 0 0 0 0 1 1
85	1	1 0 1 0 0 0 1 1 1 0 0 0 0 0 0 0
85	3	1 0 0 0 0 0 0 1 1 0 0 0 1 0 0 1
85	2	1 0 0 0 0 0 0 0 1 0 0 1 0 0 1 1
85	1	1 0 0 0 0 0 0 1 0 0 0 1 0 0 1 1
85	1	1 0 0 1 0 1 0 0 1 1 0 1 0 0 0 0
85	1	1 0 1 0 0 0 1 1 0 0 0 0 0 0 0 0
85	1	1 0 0 0 1 0 0 1 0 1 0 0 1 0 1 0
85	2	1 0 0 0 0 1 0 0 1 1 0 1 1 0 1 1
85	1	1 0 0 1 1 0 1 0 1 0 0 0 0 1 1 0
85	1	1 0 0 0 0 0 0 1 1 0 1 0 0 0 1 0
85	3	1 0 0 1 0 1 0 0 1 1 0 0 0 0 0 1
154	7	1 0 0 0 0 0 0 0 1 0 0 0 0 0 1 0
154	14	1 0 0 0 0 0 0 1 0 0 0 0 0 0 0 0
154	4	0 0 0 1 0 0 0 0 1 1 0 1 0 0 1 0
154	24	1 0 0 0 0 0 0 1 1 0 0 0 0 0 1 0
154	59	1 0 0 0 0 0 0 0 1 0 1 0 0 0 0 0
154	37	1 0 1 0 0 0 0 1 0 0 0 0 0 0 0 0
154	1	1 0 0 0 0 0 0 1 0 0 0 0 0 0 1 0
154	20	1 0 0 0 0 0 0 1 0 0 0 0 1 0 0 0
154	14	1 0 0 1 1 0 0 0 1 1 0 1 0 0 1 0
154	4	0 0 0 1 0 0 0 1 0 0 0 0 0 0 0 0
154	97	1 1 0 1 0 0 0 0 1 0 0 0 0 0 1 0
154	2	1 0 0 0 0 0 1 1 0 0 0 0 1 0 0 0
154	4	1 0 0 1 0 0 0 0 1 0 0 1 0 0 1 0
154	6	1 0 1 1 0 1 0 0 1 1 1 1 0 0 1 0
154	14	1 0 1 0 0 0 0 0 1 0 1 0 0 0 0 0
154	14	1 1 0 1 1 0 0 0 1 0 0 0 0 0 1 0
154	6	1 0 0 0 0 1 0 1 0 0 0 0 0 0 1 1
154	6	1 0 0 0 0 0 1 1 0 0 0 0 1 0 0 1
154	9	1 1 0 1 0 0 0 0 1 0 0 0 0 0 1 1
154	19	1 0 1 0 0 0 0 0 1 1 1 0 0 0 0 0
154	45	1 0 1 0 0 0 0 0 0 0 1 0 0 0 0 0
154	1	1 0 0 0 0 1 0 1 0 0 0 0 1 0 0 0
154	3	1 1 0 0 0 0 0 1 1 0 0 0 0 0 0 0
154	15	1 1 0 0 0 1 0 1 1 0 1 0 0 0 0 0
154	28	1 1 1 0 0 0 0 0 1 0 1 0 0 0 0 0
154	36	1 1 0 0 0 0 0 0 1 1 0 0 1 0 0 0
154	7	1 0 0 1 1 0 0 0 1 1 0 0 1 0 0 0
154	2	1 0 0 1 0 0 0 0 0 0 0 0 0 0 0 0
154	2	1 1 0 0 0 0 0 0 1 0 0 0 0 0 1 0
154	13	1 0 0 0 0 1 0 0 1 1 1 0 0 0 0 0
154	9	1 0 1 0 1 0 0 0 0 0 1 0 0 0 0 0
154	12	1 0 0 1 0 1 0 0 1 1 0 0 1 0 1 0
154	6	1 0 0 1 0 0 0 1 0 0 0 0 0 0 0 0
154	15	1 1 0 1 0 0 0 0 1 1 0 0 0 0 1 0
154	16	1 0 1 1 0 0 0 0 1 1 1 1 0 0 1 0
154	7	1 0 0 0 0 0 0 0 1 0 1 0 0 0 0 1
154	5	1 0 1 1 0 1 0 0 1 1 0 0 1 0 0 0
154	7	1 1 0 0 0 0 0 1 1 0 0 0 0 0 1 0
154	4	1 0 0 1 0 0 0 0 1 0 0 1 0 0 0 0
154	10	1 1 0 1 1 0 0 0 1 0 0 1 0 0 1 0
154	11	0 0 0 0 0 0 0 1 1 0 0 0 0 0 0 1
154	4	1 1 0 0 0 1 0 1 0 0 0 0 0 1 0 0
154	1	1 0 1 0 0 0 1 0 1 0 1 1 0 0 0 0
154	4	1 0 1 1 0 0 1 0 1 1 0 1 0 0 1 0
154	1	1 0 0 0 0 1 0 0 0 0 0 0 0 0 1 1
154	3	1 0 1 0 1 0 0 0 1 0 0 1 0 0 1 0
154	14	1 0 1 0 0 0 0 1 0 0 0 0 1 0 0 0
154	7	1 0 1 0 1 0 0 0 0 0 1 0 1 0 0 0
154	27	1 0 0 1 1 1 0 1 1 0 0 0 0 1 0 0
154	7	1 0 0 1 1 0 0 0 1 1 0 0 0 0 1 0
154	1	1 0 1 1 0 0 0 1 0 0 0 0 0 0 0 0
154	2	1 0 0 1 0 0 0 1 1 0 0 0 0 0 0 0
154	1	1 1 0 1 0 0 0 0 1 0 0 0 0 1 1 0
154	1	1 0 0 0 0 0 0 0 1 0 1 1 1 0 0 1
154	14	1 1 0 1 0 0 0 0 1 0 0 1 0 0 0 0
154	19	1 0 0 1 0 0 0 1 0 0 0 0 1 0 0 0
154	4	0 1 0 0 0 0 0 1 1 1 0 0 0 0 0 1
154	16	1 1 1 0 0 0 0 0 1 0 1 0 0 0 1 0
154	10	0 0 0 0 0 0 0 1 1 0 0 0 0 0 1 1
154	16	1 0 0 1 1 0 0 0 1 1 0 1 0 0 0 0
154	4	1 1 0 1 0 0 0 0 1 0 0 1 0 0 1 0
154	7	1 1 0 1 1 1 0 0 1 0 0 0 0 0 1 0
154	3	1 1 1 0 0 0 0 0 1 0 1 1 0 0 0 0
154	1	1 1 0 0 0 0 0 0 0 1 0 0 1 0 0 0
154	4	1 0 1 1 0 1 0 0 1 0 0 0 0 0 1 0
154	11	1 0 1 0 0 0 0 0 1 1 1 0 0 1 0 0
154	6	1 1 1 1 0 0 0 0 1 0 1 0 0 0 0 0
154	9	0 0 0 1 0 0 0 0 1 0 0 1 0 0 0 0
154	2	0 0 0 0 0 0 0 0 0 0 0 0 1 0 0 0
154	1	1 1 0 0 0 0 0 0 1 0 1 0 0 0 0 0
154	2	1 0 1 1 0 1 0 0 1 1 1 1 0 0 0 0
154	1	1 0 0 1 1 1 0 1 1 0 0 0 0 1 1 0
154	12	1 1 0 1 1 0 0 0 1 0 0 0 0 0 0 1
154	2	1 1 0 1 0 0 0 0 1 1 0 0 0 0 0 0
154	11	1 0 0 0 0 0 0 0 0 0 0 0 0 0 1 0
154	4	1 0 0 1 1 0 0 0 1 1 0 1 0 0 1 1
154	7	1 0 1 0 0 0 0 0 0 0 1 1 0 0 0 0
154	4	1 0 0 0 1 0 0 1 1 0 0 0 0 1 0 0
154	1	1 0 1 0 0 0 0 0 1 0 0 0 0 1 1 0
154	1	1 1 0 1 1 0 0 0 1 1 0 1 0 0 1 0
154	5	1 0 1 1 0 1 0 0 0 0 0 0 0 0 1 1
154	7	1 0 1 0 0 0 0 0 1 1 1 1 0 0 1 0
154	12	1 1 1 0 0 0 0 0 1 1 0 0 1 0 1 0
154	1	1 0 0 1 1 0 0 0 1 1 0 0 0 0 0 0
154	4	1 0 0 0 0 0 0 0 0 0 1 0 0 0 0 0
154	4	1 1 0 1 0 0 0 0 1 1 1 1 0 0 1 0
154	6	1 0 1 1 0 0 0 0 1 0 0 1 0 0 0 0
154	5	1 0 0 0 0 0 0 0 1 0 1 0 1 0 1 0
154	2	1 0 1 1 0 0 0 1 1 0 1 0 0 0 1 0
154	2	1 0 1 0 0 0 0 0 0 0 0 0 0 0 0 1
154	1	0 1 0 0 0 0 0 1 1 0 0 0 0 0 1 0
154	1	1 0 0 0 1 0 0 1 0 0 0 0 1 0 0 0
154	4	1 0 0 0 0 1 0 0 1 1 0 0 0 0 0 0
154	5	1 0 1 0 1 0 0 0 1 0 1 0 0 0 0 0
154	12	1 1 0 1 1 1 0 1 1 0 0 0 0 1 0 0
154	4	1 1 0 1 0 0 0 0 1 1 1 0 0 0 0 0
154	4	1 1 0 1 1 1 0 0 1 0 1 0 0 0 0 0
154	2	0 0 0 0 1 0 0 1 1 0 0 0 0 0 0 1
154	6	0 1 0 0 0 0 0 1 1 0 0 1 0 0 1 0
154	1	1 1 0 1 0 0 0 1 0 0 0 0 1 0 0 0
154	1	1 0 1 0 0 0 0 0 0 0 1 0 0 0 1 0
154	3	1 0 0 0 0 0 0 0 1 1 0 0 1 0 0 0
154	3	1 0 0 1 0 0 0 0 1 1 0 1 0 0 1 0
154	3	1 0 1 1 0 0 0 0 1 1 1 1 1 0 1 0
154	1	1 0 0 1 1 1 1 1 1 0 0 0 0 1 0 0
154	3	1 1 0 1 0 0 0 1 1 1 0 0 0 1 0 0
154	1	1 0 1 1 0 0 0 0 1 0 0 0 0 0 1 0
154	1	1 0 0 0 0 0 0 0 1 0 1 0 1 0 0 0
154	1	1 1 0 1 0 0 0 0 0 0 0 0 0 0 1 0
154	5	1 0 1 1 0 0 1 0 0 0 0 0 1 0 0 0
154	2	1 0 0 1 0 0 0 1 0 0 0 1 0 0 0 0
154	5	1 1 0 1 0 0 0 0 1 1 0 0 0 1 1 0
154	1	1 0 0 0 0 0 0 1 1 0 1 0 0 0 0 1
154	3	1 1 0 0 0 0 1 1 1 0 0 0 0 0 1 0
154	1	1 1 0 1 0 0 0 1 1 0 0 1 0 0 0 0
154	3	1 0 0 1 0 0 0 1 0 0 1 0 1 0 0 0
154	1	0 1 0 1 0 0 0 0 1 0 0 1 0 0 0 0
154	3	1 1 0 1 1 0 0 0 1 0 0 0 0 1 0 1
154	2	0 0 0 0 0 0 0 1 1 0 0 0 0 0 1 0
154	1	1 0 0 0 0 0 0 0 1 1 1 0 0 0 0 0
154	3	1 0 0 0 1 0 0 0 1 0 1 0 0 0 0 0
154	1	1 0 0 0 0 1 1 1 0 0 0 0 0 0 1 1
154	2	1 0 0 1 0 1 0 0 1 1 1 0 0 0 0 0
154	1	1 0 0 1 0 1 0 1 0 0 0 0 0 0 0 0
154	1	1 1 0 1 0 1 0 0 1 0 1 0 0 0 0 0
239	41	1 0 0 0 0 0 0 0 1 0 1 0 0 0 0 0
239	60	1 1 0 1 0 0 0 0 1 0 0 0 0 0 1 0
239	85	1 1 0 1 0 0 0 0 1 0 0 1 0 0 0 0
239	5	1 1 0 1 1 0 0 0 1 0 0 0 0 0 0 1
239	16	1 1 1 0 0 0 0 0 1 1 0 0 1 0 1 0
239	4	1 1 0 0 0 0 1 1 1 0 0 0 0 0 1 0
239	6	1 1 1 1 1 1 0 1 1 0 0 0 0 1 0 0
239	17	1 0 1 0 0 0 0 0 0 0 1 0 1 0 0 0
239	23	1 1 0 1 0 0 0 0 1 0 0 1 0 0 0 1
239	3	1 0 0 1 1 1 0 1 1 1 0 0 0 1 0 0
239	1	1 1 0 1 0 0 0 0 1 0 0 0 0 0 0 0
239	10	1 1 0 1 0 0 0 0 1 0 1 0 0 0 1 0
239	20	1 1 1 0 0 0 0 0 1 0 0 0 0 0 1 0
239	1	1 1 0 1 1 0 0 0 1 0 1 0 0 0 0 1
239	5	1 1 0 1 0 0 0 0 1 0 1 1 0 0 0 0
239	3	1 1 0 1 0 0 0 1 1 0 0 1 0 0 1 0
239	30	1 1 1 1 0 0 0 0 1 0 0 0 0 0 1 1
239	12	1 1 0 1 0 0 0 0 0 0 0 0 0 0 1 0
239	46	1 1 0 1 0 0 0 0 1 0 1 0 0 0 0 0
239	14	1 0 1 1 0 0 0 0 1 0 1 1 0 0 0 0
239	18	1 1 1 0 0 0 1 0 1 0 1 1 0 0 0 0
239	11	1 0 1 1 0 0 0 0 1 0 1 0 0 0 1 0
239	13	1 0 1 0 0 0 0 0 0 1 1 0 1 0 0 0
239	13	1 1 0 1 1 0 0 0 1 0 1 0 0 0 0 0
239	4	1 0 1 0 0 0 0 0 0 0 1 0 0 0 1 0
239	21	1 1 1 0 0 0 0 0 1 0 0 1 0 0 0 0
239	19	1 1 1 0 0 0 0 0 0 0 1 0 1 0 0 0
239	8	1 1 0 1 0 0 0 0 1 0 0 1 0 0 1 0
239	1	1 1 0 1 0 0 0 1 1 0 1 0 0 0 0 0
239	12	1 1 0 1 1 1 0 1 1 0 0 0 0 0 0 0
239	9	1 1 1 0 0 0 0 0 0 1 1 0 1 0 0 0
239	4	1 1 1 1 0 0 0 0 1 0 0 0 0 0 1 0
239	2	1 1 1 1 1 1 0 1 1 0 0 0 0 1 1 0
239	4	1 1 0 1 0 1 0 0 1 0 1 1 0 0 0 0
239	3	1 1 1 0 0 0 0 0 1 0 0 1 0 0 1 0
239	4	0 1 0 0 0 0 0 0 1 1 1 0 0 0 1 0
239	1	0 1 0 0 0 0 0 0 1 1 0 0 0 0 1 0
239	10	1 0 1 0 0 0 0 0 0 0 1 0 0 0 0 0
239	2	1 1 0 0 0 0 1 1 1 0 1 0 0 0 1 0
239	3	1 0 1 1 0 0 0 0 1 0 0 0 0 0 1 0
239	22	1 1 1 1 0 0 0 0 1 0 1 0 0 0 0 0
239	5	0 0 1 1 0 0 0 0 1 0 1 1 0 0 0 0
239	13	1 1 0 1 1 0 0 0 1 1 0 1 0 0 1 0
239	22	1 1 0 1 1 1 0 0 1 0 1 1 0 0 0 0
239	13	1 1 1 1 0 0 0 0 1 0 1 1 0 0 0 0
239	2	1 1 0 1 0 1 1 0 1 0 0 0 0 0 1 0
239	14	1 0 1 1 0 0 0 0 1 1 0 1 0 1 0 0
239	9	1 1 0 1 0 0 0 0 0 0 1 0 1 1 0 0
239	2	1 1 0 1 0 0 0 0 0 1 1 0 1 0 0 0
239	13	1 1 0 1 1 1 0 0 1 0 0 0 0 1 0 1
239	7	1 0 1 1 0 0 1 1 1 0 0 0 0 0 1 0
239	3	1 0 0 0 0 0 1 1 1 0 0 0 0 0 1 0
239	3	1 1 0 1 0 0 0 0 1 0 1 0 1 0 0 0
239	36	1 0 1 1 0 1 0 0 1 0 1 1 0 0 0 0
239	4	1 0 1 0 0 0 0 0 0 0 1 0 1 0 1 0
239	9	1 1 1 1 1 1 0 0 0 0 1 1 0 0 0 0
239	10	1 1 0 1 0 1 0 1 1 0 0 0 0 0 0 0
239	12	1 1 0 0 0 0 0 0 1 1 0 0 1 0 1 1
239	3	1 1 1 0 0 0 1 0 1 0 1 0 1 0 0 0
239	11	1 0 0 0 0 0 0 0 1 0 1 0 0 0 1 0
239	4	1 1 0 1 0 0 1 0 1 0 0 0 0 0 1 0
239	8	1 1 1 0 0 0 1 0 1 0 0 0 0 0 0 1
239	5	1 1 1 0 0 0 1 0 0 1 1 1 1 0 0 0
239	5	1 0 1 0 0 0 0 0 0 0 0 0 1 0 0 0
239	15	1 0 1 1 0 0 0 0 1 0 0 0 0 0 1 1
239	1	1 1 1 1 0 0 0 0 0 0 1 0 1 0 0 0
239	4	1 0 1 0 0 0 0 0 0 0 1 1 0 0 0 0
239	4	1 1 0 1 0 0 0 0 1 1 1 1 0 0 0 0
239	4	1 1 0 1 1 1 0 1 1 0 1 0 0 0 0 0
239	16	1 1 1 1 0 1 0 0 1 0 0 0 0 0 1 0
239	16	1 1 0 1 0 0 0 0 0 0 0 0 0 0 1 1
239	9	1 1 0 1 0 0 0 1 1 0 0 0 0 0 0 0
239	4	1 1 0 1 1 1 1 1 1 0 1 0 0 0 1 0
239	11	1 1 1 1 0 0 0 0 1 0 0 0 0 1 0 1
239	3	1 1 0 1 0 0 0 0 1 0 0 1 0 1 0 0
239	1	1 0 1 1 0 0 0 0 0 0 1 0 1 0 0 0
239	5	1 0 1 1 0 1 0 0 1 1 1 1 0 0 0 0
239	5	1 1 0 1 1 0 0 0 1 0 0 1 0 0 0 0
239	12	1 1 0 1 1 0 0 0 1 0 0 1 0 0 1 0
239	5	1 1 0 1 1 1 0 0 0 0 0 0 0 0 1 0
239	1	1 0 0 0 0 0 0 0 1 0 0 0 0 0 1 0
239	9	1 1 1 1 0 0 0 0 1 0 0 0 0 0 0 0
239	4	1 0 0 0 0 0 0 0 1 0 1 0 1 0 0 0
239	2	1 1 1 0 0 0 0 0 0 0 1 0 0 0 1 0
239	5	1 1 0 1 1 1 0 1 1 0 0 0 0 1 1 0
239	3	1 1 0 1 1 1 0 0 1 0 1 0 0 1 0 1
239	4	1 0 1 1 0 0 0 1 1 0 0 0 0 0 1 0
239	1	0 1 1 1 0 0 0 0 1 0 1 0 0 0 0 0
239	4	1 0 1 1 0 0 1 0 1 0 1 1 0 0 0 0
239	7	1 1 1 1 1 0 0 0 1 1 0 0 0 0 0 0
239	5	1 1 1 0 0 0 1 0 1 1 1 1 0 0 0 0
239	2	1 1 1 1 1 1 0 1 0 0 0 0 0 1 1 0
239	2	1 0 1 1 1 0 0 0 1 0 0 0 0 0 0 0
239	2	1 1 0 1 1 0 0 0 1 0 1 0 0 0 1 0
239	6	1 1 1 1 0 1 0 0 1 0 1 1 0 0 0 0
239	1	1 0 1 1 0 0 0 0 1 0 0 1 0 0 1 0
239	1	1 0 0 1 1 1 1 1 1 1 0 0 0 1 0 0
239	1	1 1 0 1 1 1 0 1 1 1 0 0 0 1 0 0
239	1	1 0 0 1 1 0 0 0 1 1 0 1 0 0 1 0
239	2	1 1 1 0 0 0 0 0 1 0 0 0 0 0 0 1
239	3	1 0 1 1 0 0 0 0 1 0 1 1 0 0 1 0
239	1	1 1 0 1 0 0 0 1 1 0 0 1 1 0 1 0
239	1	1 1 0 1 1 0 1 1 0 0 1 0 0 0 1 0
239	1	1 1 0 1 0 1 0 0 1 0 0 0 0 1 0 1
239	3	1 1 0 1 0 0 0 0 0 0 1 0 1 0 0 0
239	1	1 1 1 1 1 1 0 0 1 0 0 0 0 0 1 0
239	2	1 0 0 1 1 1 1 1 1 1 0 0 1 0 0 0
239	3	1 0 1 1 0 0 0 0 1 0 1 1 0 1 0 0
239	1	1 1 1 0 0 0 0 0 0 0 1 0 0 0 0 0
239	2	1 1 0 0 0 0 0 0 0 1 1 0 1 0 0 0
239	1	1 1 1 1 0 0 0 0 0 0 1 1 0 0 0 0
239	1	1 1 0 1 1 1 0 0 1 0 0 0 0 0 0 1
239	2	1 1 1 0 1 1 0 0 0 0 1 1 0 0 0 0
239	1	1 0 0 0 0 0 0 0 1 1 0 0 1 0 1 1
252	22	1 0 0 0 0 0 0 0 1 0 1 0 0 0 0 0
252	22	1 1 0 1 0 0 0 0 1 0 0 0 0 0 1 0
252	89	1 1 0 1 0 0 0 0 1 0 0 1 0 0 0 0
252	1	1 1 0 1 1 0 0 0 1 0 0 0 0 0 0 1
252	13	1 1 1 0 0 0 0 0 1 1 0 0 1 0 1 0
252	5	1 1 0 0 0 0 1 1 1 0 0 0 0 0 1 0
252	32	1 1 1 1 1 1 0 1 1 0 0 0 0 1 0 0
252	11	1 0 1 0 0 0 0 0 0 0 1 0 1 0 0 0
252	11	1 1 0 1 0 0 0 0 1 0 0 1 0 0 0 1
252	3	1 1 0 1 0 0 0 0 1 0 1 0 0 0 1 0
252	35	1 1 1 0 0 0 0 0 1 0 0 0 0 0 1 0
252	23	1 1 1 1 0 0 0 0 1 0 0 0 0 0 1 1
252	7	1 1 0 1 0 0 0 0 0 0 0 0 0 0 1 0
252	26	1 1 0 1 0 0 0 0 1 0 1 0 0 0 0 0
252	16	1 0 1 1 0 0 0 0 1 0 1 1 0 0 0 0
252	36	1 1 1 0 0 0 1 0 1 0 1 1 0 0 0 0
252	43	1 0 1 1 0 0 0 0 1 0 1 0 0 0 1 0
252	2	1 0 1 0 0 0 0 0 0 1 1 0 1 0 0 0
252	2	1 1 0 1 1 0 0 0 1 0 1 0 0 0 0 0
252	3	1 1 1 0 0 0 0 0 1 0 0 1 0 0 0 0
252	4	1 1 1 0 0 0 0 0 0 0 1 0 1 0 0 0
252	4	1 1 0 1 1 1 0 1 1 0 0 0 0 0 0 0
252	11	1 1 1 0 0 0 0 0 0 1 1 0 1 0 0 0
252	10	1 1 1 1 0 0 0 0 1 0 0 0 0 0 1 0
252	2	1 0 1 0 0 0 0 0 0 0 1 0 0 0 0 0
252	6	1 1 1 1 0 0 0 0 1 0 1 0 0 0 0 0
252	15	1 1 0 1 1 0 0 0 1 1 0 1 0 0 1 0
252	1	1 1 0 1 1 1 0 0 1 0 1 1 0 0 0 0
252	51	1 1 1 1 0 0 0 0 1 0 1 1 0 0 0 0
252	2	1 0 1 1 0 0 0 0 1 1 0 1 0 1 0 0
252	14	1 1 0 1 0 0 0 0 0 1 1 0 1 0 0 0
252	3	1 1 0 1 1 1 0 0 1 0 0 0 0 1 0 1
252	7	1 1 0 1 0 0 0 0 1 0 1 0 1 0 0 0
252	16	1 0 1 1 0 1 0 0 1 0 1 1 0 0 0 0
252	2	1 1 0 1 0 1 0 1 1 0 0 0 0 0 0 0
252	10	1 0 0 0 0 0 0 0 1 0 1 0 0 0 1 0
252	8	1 1 1 0 0 0 1 0 1 0 0 0 0 0 0 1
252	4	1 1 1 0 0 0 1 0 0 1 1 1 1 0 0 0
252	37	1 0 1 1 0 0 0 0 1 0 0 0 0 0 1 1
252	25	1 1 0 1 1 1 0 1 1 0 1 0 0 0 0 0
252	1	1 1 1 1 0 1 0 0 1 0 0 0 0 0 1 0
252	17	1 1 0 1 0 0 0 0 0 0 0 0 0 0 1 1
252	36	1 1 0 1 0 0 0 1 1 0 0 0 0 0 0 0
252	7	1 1 0 1 1 1 1 1 1 0 1 0 0 0 1 0
252	3	1 0 1 1 0 1 0 0 1 1 1 1 0 0 0 0
252	3	1 1 0 1 1 0 0 0 1 0 0 1 0 0 1 0
252	7	1 1 1 1 0 0 0 0 1 0 0 0 0 0 0 0
252	9	1 0 0 0 0 0 0 0 1 0 1 0 1 0 0 0
252	28	1 0 1 1 0 0 0 1 1 0 0 0 0 0 1 0
252	30	1 1 1 1 1 0 0 0 1 1 0 0 0 0 0 0
252	9	1 1 1 0 0 0 1 0 1 1 1 1 0 0 0 0
252	7	1 0 1 1 0 0 0 0 1 0 0 1 0 0 1 0
252	7	1 1 0 1 0 0 0 0 0 0 1 0 1 0 0 0
252	4	1 1 1 0 1 1 0 0 0 0 1 1 0 0 0 0
252	2	1 0 0 0 0 0 0 0 1 1 0 0 1 0 1 1
252	16	1 1 1 0 0 0 0 0 1 0 1 1 0 0 0 0
252	2	1 1 0 1 1 0 0 0 1 0 1 1 0 0 1 0
252	10	1 1 1 0 0 0 1 0 1 0 0 0 0 0 0 0
252	4	1 1 1 0 0 0 0 0 1 0 1 1 0 0 1 0
252	1	1 1 1 0 0 0 1 0 1 0 0 0 0 0 1 0
252	1	1 1 1 1 0 0 0 0 0 0 0 0 0 0 1 1
252	4	1 1 1 1 0 0 0 0 1 0 1 0 0 0 1 0
252	2	1 1 1 1 0 0 0 0 1 1 1 1 0 0 0 0
252	6	1 0 0 1 0 0 0 1 1 0 0 0 0 0 0 0
252	7	1 1 1 1 0 0 1 0 1 0 1 1 0 0 0 0
252	6	1 1 0 0 1 0 1 1 1 0 0 0 0 0 1 0
252	7	1 1 1 1 0 0 0 0 0 0 0 0 0 0 1 0
252	3	1 1 0 1 1 0 0 0 1 1 0 1 1 0 1 0
252	2	1 0 1 1 0 0 0 0 1 0 0 0 0 0 0 1
252	2	1 1 0 1 0 0 0 1 1 0 0 1 0 0 0 1
252	16	1 1 0 1 0 0 0 0 1 0 0 0 0 0 1 1
252	8	1 0 1 1 0 1 1 1 1 0 1 0 0 0 1 0
252	5	1 1 1 0 0 0 1 1 1 0 0 0 0 0 0 0
252	2	0 0 0 0 0 0 0 0 1 0 1 0 0 0 0 0
252	1	1 1 0 1 0 1 0 1 1 0 1 0 0 0 0 0
252	1	1 1 1 0 1 0 0 0 0 1 1 0 1 0 0 0
252	6	1 1 1 1 0 0 0 0 1 0 1 1 0 0 0 1
252	4	1 1 1 1 0 0 1 0 1 0 1 0 0 0 1 0
252	9	1 1 0 1 0 0 0 0 1 0 0 1 0 0 1 1
252	11	1 0 1 1 0 0 0 0 1 0 0 0 0 0 1 0
252	3	1 0 1 1 0 1 0 0 1 0 0 0 0 0 1 0
252	4	1 0 1 1 0 0 0 1 1 0 0 0 0 0 0 0
252	2	1 1 1 1 0 0 1 0 1 0 0 0 0 0 1 1
252	2	1 1 1 1 0 0 0 0 0 0 1 0 1 0 0 0
252	1	1 1 1 0 0 0 0 0 1 0 1 0 0 0 1 0
252	2	1 1 0 1 1 0 0 0 1 0 1 1 0 0 0 0
252	3	1 0 1 1 0 0 0 0 0 0 0 0 0 0 1 1
252	2	1 1 0 1 1 0 0 0 1 1 0 0 0 0 0 0
252	6	1 1 0 1 1 1 1 1 1 0 1 1 0 0 0 0
252	4	1 1 0 1 1 0 0 0 1 0 0 1 0 0 0 0
252	2	1 1 1 1 1 0 0 0 1 1 1 0 1 0 0 0
252	2	1 1 1 1 0 0 0 0 1 0 1 0 0 0 1 1
252	3	1 0 0 0 0 0 0 0 1 0 0 0 0 0 0 0
252	3	1 1 0 1 0 0 0 0 1 0 0 1 1 0 0 0
252	2	1 0 0 1 0 0 0 0 1 0 1 0 0 0 1 0
252	1	1 1 0 1 1 0 0 0 1 0 1 0 1 0 0 0
252	1	1 0 0 1 0 1 0 1 1 0 0 0 0 0 0 0
252	2	1 1 1 1 0 0 1 0 1 0 0 0 0 0 0 0
252	2	0 0 0 0 0 0 0 0 1 0 0 0 0 0 0 0
252	1	1 0 0 0 0 0 0 0 1 0 1 0 0 0 1 1
252	2	1 1 1 0 0 0 0 0 1 0 1 0 0 0 0 0
252	1	1 1 1 0 0 0 1 0 1 0 1 1 0 0 0 1
252	1	1 0 1 1 0 0 0 0 1 1 0 1 0 0 0 0
252	2	1 0 1 1 0 0 0 0 1 0 0 0 0 0 0 0
252	2	1 0 0 1 0 0 0 0 1 0 0 0 0 0 1 0
252	1	1 1 0 1 0 0 0 0 1 0 0 1 0 0 1 0
252	2	1 1 1 1 0 0 0 0 1 0 0 1 0 0 0 0
252	1	1 0 1 1 0 0 0 0 1 1 1 1 0 0 0 0
350	40	1 1 0 1 0 0 0 0 1 0 1 0 0 0 0 0
350	21	1 1 0 1 1 1 0 1 1 0 0 0 0 0 0 0
350	14	1 1 1 1 0 0 0 0 1 0 1 1 0 0 0 0
350	9	1 1 0 1 0 0 0 0 0 1 1 0 1 0 0 0
350	8	1 1 0 1 0 0 0 1 1 0 0 0 0 0 0 0
350	10	1 1 1 1 0 0 0 0 0 0 0 0 0 0 1 0
350	62	1 1 0 1 0 0 0 0 1 0 1 1 0 0 0 0
350	18	1 1 1 1 0 0 0 0 1 1 0 0 0 0 0 0
350	10	0 1 0 1 1 0 0 0 1 0 0 1 0 0 0 0
350	32	1 1 1 1 0 0 0 0 1 0 0 1 0 0 0 0
350	13	1 1 1 1 0 0 0 0 1 0 1 0 0 0 0 0
350	45	1 1 1 1 0 1 1 0 1 0 1 1 0 0 0 0
350	2	1 0 1 1 0 0 0 1 1 0 0 0 0 0 0 0
350	20	1 1 1 1 0 0 0 0 1 1 1 1 0 0 0 0
350	5	1 1 0 1 0 0 0 0 0 1 1 0 0 1 0 0
350	2	1 1 1 1 0 0 0 0 1 0 1 0 0 0 1 0
350	9	1 1 0 1 1 0 0 0 1 0 1 0 0 0 0 0
350	10	1 1 1 1 0 0 0 0 0 1 0 0 0 0 0 0
350	44	1 0 1 1 0 0 0 0 1 0 0 1 0 0 0 0
350	1	1 0 1 1 1 0 0 1 1 0 1 0 0 0 0 0
350	104	1 1 1 1 0 0 0 0 0 0 1 0 0 0 0 0
350	27	1 1 0 1 0 0 0 0 1 0 0 1 0 0 0 0
350	5	1 1 1 1 1 1 0 1 1 0 0 0 0 0 0 0
350	34	1 1 1 1 0 0 0 1 1 1 1 0 0 0 0 0
350	11	1 1 1 1 0 1 1 0 1 0 0 1 0 0 0 0
350	21	1 1 0 1 0 0 0 1 1 0 0 0 0 0 0 1
350	6	1 1 0 1 0 0 0 1 1 0 1 1 0 0 0 0
350	11	1 1 1 1 0 0 0 0 1 1 1 0 0 0 0 0
350	3	1 0 1 1 0 1 1 0 1 0 1 1 0 0 0 0
350	13	1 1 1 1 0 0 0 0 0 0 1 1 0 0 0 0
350	16	1 0 1 1 0 0 0 0 1 0 1 1 0 0 0 0
350	12	1 1 1 1 0 0 0 1 0 0 1 0 0 0 0 0
350	13	1 0 1 1 0 0 0 0 1 0 0 1 1 0 0 0
350	1	1 1 0 1 0 0 0 0 1 0 0 0 0 0 0 0
350	20	1 1 1 1 0 1 0 0 0 0 0 1 0 0 0 0
350	30	1 1 0 0 0 0 1 0 1 0 1 1 0 0 0 1
350	3	1 1 1 1 0 1 1 0 1 0 1 0 0 0 0 0
350	10	1 1 1 1 0 0 0 1 1 0 0 0 0 0 0 0
350	7	1 0 1 1 0 0 0 1 1 0 1 1 0 0 0 0
350	4	1 1 1 0 0 1 1 0 1 0 1 1 0 0 0 0
350	12	1 1 0 1 0 1 0 0 1 0 1 0 0 0 0 0
350	2	1 1 0 1 0 0 0 1 1 0 0 1 0 0 0 0
350	7	1 1 0 0 0 0 0 1 1 0 1 1 0 0 0 0
350	27	0 1 1 1 0 0 0 0 0 0 0 1 0 0 0 0
350	9	1 1 1 1 0 1 0 0 1 0 0 1 0 0 0 0
350	6	1 1 0 1 1 1 1 1 1 0 0 0 0 0 0 0
350	1	1 0 1 1 0 0 0 1 1 0 0 1 0 0 0 0
350	3	1 1 1 0 0 0 0 0 1 0 1 0 0 0 0 0
350	17	1 1 1 0 0 1 0 1 1 0 1 1 0 0 0 0
350	22	1 0 1 1 0 1 0 1 1 0 0 0 0 0 0 0
350	2	1 0 1 1 0 1 1 0 1 0 1 1 0 1 0 0
350	2	0 1 1 1 0 1 0 0 1 0 0 1 0 0 0 0
350	3	1 1 1 1 0 0 0 1 1 0 0 1 0 0 0 0
350	6	1 1 1 1 0 0 0 1 1 0 1 1 0 0 0 0
350	5	1 1 0 1 0 0 0 0 0 0 1 0 0 0 0 0
350	26	1 1 1 1 0 1 0 0 0 0 1 0 0 0 0 0
350	1	1 1 0 1 0 1 0 0 1 0 1 1 0 0 0 0
350	8	1 1 0 0 0 0 1 0 1 0 0 1 0 0 0 1
350	4	1 1 0 1 0 0 0 0 0 0 1 0 0 0 1 0
350	1	1 1 1 1 1 0 0 0 1 0 0 1 0 0 0 0
350	3	0 1 0 1 0 0 0 0 1 0 0 1 0 0 0 0
350	1	1 1 1 1 0 0 1 0 0 0 1 0 0 0 0 0
350	1	1 1 0 0 0 0 0 1 1 0 1 1 0 1 0 0
350	5	1 1 1 0 0 1 0 0 1 0 0 1 0 0 0 0
350	1	1 1 0 1 1 1 0 1 1 0 1 0 0 0 0 0
350	5	1 1 1 1 0 0 0 0 1 0 0 0 0 0 0 1
350	3	1 1 0 1 0 0 1 0 1 0 1 0 0 0 0 0
350	8	1 1 1 1 0 0 0 0 1 0 1 1 0 0 1 0
350	4	1 1 1 1 0 0 0 0 0 0 0 1 0 0 0 0
350	4	1 1 1 0 0 0 0 1 1 0 0 0 0 0 0 0
350	3	1 1 1 1 0 1 1 0 1 0 1 1 0 1 0 0
350	2	1 1 1 1 0 0 0 0 0 0 1 0 1 0 0 0
350	5	1 1 0 1 0 0 0 0 1 0 0 1 0 0 1 0
350	1	1 1 0 1 0 0 0 0 0 0 0 1 0 0 0 0
350	3	1 1 1 1 0 0 0 0 1 0 0 0 0 0 0 0
350	2	1 1 1 1 1 0 0 1 1 0 0 0 0 0 0 0
350	1	1 1 1 1 0 1 0 1 1 1 1 0 0 0 0 0
350	2	0 1 1 1 0 0 0 0 1 0 0 1 0 0 0 0
350	3	1 1 1 1 0 0 0 0 1 0 0 1 1 0 0 0
350	3	1 0 1 1 0 1 0 0 0 0 1 0 0 0 0 0
350	1	1 1 1 1 0 0 0 0 0 0 1 0 0 0 1 0
350	3	1 1 1 1 1 1 1 0 1 0 1 1 0 0 1 1
350	3	0 0 1 1 0 1 0 1 1 0 0 0 0 0 0 0
350	4	1 1 0 1 0 1 1 0 1 0 1 1 0 0 0 0
350	4	0 1 0 1 1 0 0 0 1 0 0 0 0 0 0 1
350	2	1 1 1 1 0 1 1 0 0 0 0 1 0 0 0 0
350	5	1 0 1 1 0 0 0 0 1 1 1 0 0 0 0 0
350	2	1 1 0 1 0 0 0 1 1 0 1 0 0 0 0 0
350	2	1 0 0 1 0 0 0 0 1 0 0 1 0 0 0 0
350	2	1 1 1 1 0 0 0 0 0 0 1 0 0 0 0 1
350	2	1 1 0 1 0 0 0 0 1 0 0 1 0 1 0 0
350	3	1 0 1 1 0 1 0 0 1 0 0 0 0 0 0 0
350	3	1 0 1 1 0 0 0 0 0 0 1 0 0 0 0 0
350	1	1 0 1 1 0 0 0 0 0 0 0 1 0 0 0 0
350	1	1 1 1 1 0 0 0 0 0 0 1 0 0 1 0 0
350	1	0 1 1 1 0 0 0 0 1 0 0 1 1 0 0 0
350	1	1 0 1 1 0 0 0 0 1 1 1 1 0 0 0 0
350	2	1 0 0 1 1 0 0 0 1 0 1 0 0 0 0 0
350	1	1 1 1 1 0 0 0 0 0 1 0 1 0 0 0 0
350	2	0 1 1 1 0 0 0 0 0 0 1 0 0 0 0 0
350	1	1 1 1 0 0 1 1 0 1 0 0 1 0 0 0 0
350	2	1 1 1 1 0 1 0 0 0 0 1 1 0 0 0 0
350	1	0 1 1 1 0 1 0 0 0 0 1 0 0 0 0 0
350	1	1 1 1 1 0 0 0 0 1 0 0 0 1 0 0 0
400	18	1 1 0 1 1 1 0 1 1 0 0 0 0 0 0 0
400	29	1 1 1 1 0 0 0 0 1 0 1 1 0 0 0 0
400	1	1 1 1 1 0 0 0 0 0 0 0 0 0 0 1 0
400	50	1 1 1 1 0 0 0 0 1 1 0 0 0 0 0 0
400	1	0 1 0 1 1 0 0 0 1 0 0 1 0 0 0 0
400	27	1 1 1 1 0 0 0 0 1 0 0 1 0 0 0 0
400	51	1 1 1 1 0 0 0 0 1 0 1 0 0 0 0 0
400	3	1 1 1 1 0 0 0 0 0 1 0 0 0 0 0 0
400	27	1 1 1 1 0 0 0 0 0 0 1 0 0 0 0 0
400	7	1 1 0 1 0 0 0 0 1 0 0 1 0 0 0 0
400	6	1 1 1 1 0 0 0 1 1 1 1 0 0 0 0 0
400	44	1 1 1 1 0 0 0 0 0 0 1 1 0 0 0 0
400	4	1 1 1 1 0 1 0 0 0 0 0 1 0 0 0 0
400	78	1 1 1 1 0 0 0 1 1 0 0 0 0 0 0 0
400	4	1 1 0 1 0 1 0 0 1 0 1 0 0 0 0 0
400	49	0 1 1 1 0 0 0 0 0 0 0 1 0 0 0 0
400	4	1 1 1 1 0 0 0 1 1 0 1 1 0 0 0 0
400	29	1 1 0 0 0 0 0 1 1 0 1 1 0 1 0 0
400	17	1 1 0 1 0 0 0 0 0 0 0 1 0 0 0 0
400	8	1 1 1 1 0 0 0 0 0 0 1 0 0 1 0 0
400	6	1 1 1 1 0 0 0 0 0 0 1 0 1 0 0 0
400	27	1 1 1 1 0 0 0 1 1 0 1 0 0 0 0 0
400	5	1 1 0 1 0 0 0 1 0 0 0 1 0 0 0 0
400	5	1 1 1 1 0 0 0 1 1 0 1 0 1 0 0 0
400	12	1 1 1 1 0 0 0 0 1 1 0 0 0 0 0 1
400	18	1 1 1 1 1 0 1 1 0 0 1 0 0 1 0 0
400	60	1 1 1 1 0 0 0 0 0 0 0 1 0 0 0 0
400	29	1 1 0 1 1 0 0 1 1 0 0 0 0 0 0 1
400	8	0 1 1 1 0 0 1 0 0 0 0 1 0 0 0 0
400	7	1 1 1 1 0 0 0 1 1 0 0 0 0 0 0 1
400	4	1 1 1 1 0 0 0 0 0 0 0 0 0 0 0 0
400	5	1 1 1 1 0 0 0 0 1 0 0 0 0 0 0 0
400	9	1 1 1 0 0 1 1 0 0 0 1 0 0 1 0 0
400	6	1 1 1 1 0 0 0 0 1 1 0 1 0 0 0 0
400	25	1 1 1 1 0 0 0 0 1 1 1 0 0 0 0 0
400	3	1 1 0 1 0 1 0 1 1 0 1 1 0 0 0 0
400	6	1 1 0 1 0 0 0 0 0 1 0 0 0 0 0 0
400	5	1 1 1 1 0 0 1 0 1 1 0 0 1 0 0 0
400	3	1 1 0 1 0 0 0 1 0 0 1 0 0 0 0 0
400	4	0 1 0 1 0 0 1 0 0 0 0 1 0 1 0 0
400	13	1 1 0 0 0 0 0 1 1 0 0 1 0 0 0 0
400	13	1 0 1 1 0 0 0 0 0 0 0 1 0 0 0 0
400	20	1 1 1 0 0 0 0 0 0 0 0 0 0 0 1 0
400	6	1 1 1 1 0 1 0 0 0 0 0 0 0 0 0 0
400	12	1 1 1 1 1 0 0 0 1 0 0 1 0 0 0 0
400	2	1 1 1 1 0 0 0 1 0 0 1 0 0 0 0 0
400	11	0 1 1 1 0 0 0 0 0 0 1 1 0 0 0 0
400	6	0 1 0 1 1 0 0 0 1 0 0 1 0 0 1 0
400	5	1 0 1 1 0 0 0 1 1 0 1 1 0 0 0 0
400	4	0 1 1 1 0 0 0 1 1 0 0 0 0 0 0 0
400	3	0 1 1 1 0 0 0 0 1 0 0 0 1 0 0 0
400	2	0 1 0 1 1 0 0 0 1 0 0 0 0 0 0 0
400	6	0 1 1 1 0 0 0 0 0 0 0 1 0 0 0 1
400	1	0 1 1 1 0 0 0 0 1 0 0 1 0 0 0 0
400	16	1 1 1 1 0 0 0 0 1 0 0 0 0 0 0 1
400	3	1 1 0 1 0 0 0 1 1 0 0 0 0 0 0 0
400	19	1 1 1 1 0 0 0 0 1 0 1 0 0 0 1 0
400	5	1 1 1 0 0 1 1 0 1 0 0 1 0 0 0 0
400	13	1 1 1 1 0 0 0 0 0 1 1 0 1 0 0 0
400	3	1 1 1 0 0 1 1 0 1 0 1 1 0 0 0 0
400	1	1 1 1 1 0 0 0 1 0 0 0 1 0 0 1 0
400	6	0 1 1 1 0 0 0 0 1 0 0 0 0 0 0 0
400	1	1 1 1 1 0 0 0 0 1 1 1 0 0 0 1 0
400	2	1 1 0 1 0 0 0 0 1 0 1 1 0 0 1 0
400	1	1 1 0 0 0 0 0 1 1 0 0 0 1 0 0 0
400	2	1 1 1 1 0 0 0 1 0 1 1 0 0 0 0 0
400	3	1 0 1 1 0 0 0 0 0 0 1 0 1 0 0 0
400	2	0 1 1 1 0 0 0 0 0 0 0 0 0 0 0 0
400	5	1 1 1 0 0 0 0 1 1 0 1 1 0 1 0 0
400	2	1 0 1 1 0 0 0 0 0 0 1 0 0 0 0 0
400	4	1 1 0 1 0 0 0 1 0 0 0 0 0 0 0 0
400	2	1 1 0 1 0 0 0 0 1 0 0 0 0 0 0 0
400	12	0 1 1 1 1 0 1 0 0 0 0 1 0 0 0 1
400	4	1 1 1 1 0 0 0 1 1 0 0 0 0 0 1 0
400	9	0 1 1 1 0 0 0 1 1 0 0 1 0 0 0 0
400	2	1 1 1 1 0 1 0 0 0 1 0 0 0 0 0 0
400	4	1 1 1 1 0 1 0 1 1 0 0 0 0 0 0 0
400	1	1 1 1 0 0 1 1 0 0 0 1 1 0 1 0 0
400	4	1 1 1 1 0 1 0 0 0 0 1 0 0 0 0 0
400	2	0 1 1 1 1 0 1 0 0 0 0 0 0 0 0 0
400	1	1 0 1 1 0 0 0 1 1 0 0 0 0 0 0 0
400	3	1 1 0 1 0 0 0 0 1 1 1 0 0 0 1 0
400	4	0 0 1 1 0 0 0 0 1 1 0 0 0 0 0 0
400	2	1 1 1 1 0 0 0 0 0 0 0 1 0 0 0 1
400	2	1 1 1 1 0 0 0 0 1 1 0 0 0 1 0 0
400	7	1 1 1 1 0 1 0 0 1 0 0 1 0 0 0 0
400	3	1 1 1 1 0 0 0 0 0 1 1 1 0 0 0 0
400	2	1 1 1 1 0 0 0 1 1 0 1 1 0 0 0 1
400	1	1 1 0 0 0 0 0 1 0 0 0 1 0 0 0 0
400	4	1 1 0 1 0 0 0 0 0 0 0 1 0 1 0 0
400	2	0 1 0 1 0 0 1 0 0 0 0 1 0 0 0 0
400	3	1 1 0 0 0 0 0 1 1 0 0 1 0 0 0 1
400	2	1 0 1 1 0 0 0 0 1 1 0 0 0 0 0 0
400	1	1 0 1 1 0 0 0 0 1 0 1 0 0 0 0 0
400	3	1 1 1 1 1 0 0 0 0 0 0 1 0 0 0 0
400	5	1 1 1 1 0 0 0 0 0 0 0 1 1 0 0 0
400	3	1 1 0 1 1 0 0 1 1 0 0 0 0 0 0 0
400	3	1 1 0 0 0 1 1 0 0 0 1 0 0 1 0 0
400	1	1 1 0 1 0 0 0 0 0 0 0 0 0 0 0 0
400	1	1 1 1 1 0 0 0 0 0 0 0 0 0 0 0 1
400	1	0 1 1 1 0 0 0 1 1 1 1 0 0 0 0 0
400	1	1 1 1 1 0 0 0 0 1 0 1 0 1 0 0 0
400	1	1 1 1 0 0 0 0 0 0 0 1 1 0 0 0 0
400	1	0 1 1 1 1 0 0 0 0 0 0 1 0 0 0 0
400	1	1 1 1 1 0 0 0 0 0 0 0 0 1 0 0 0
400	1	1 1 1 1 1 0 0 1 1 0 1 0 0 0 0 0
400	1	1 1 1 0 0 0 0 0 0 0 0 1 0 0 0 0
400	1	1 1 1 1 0 0 0 0 0 1 0 1 0 0 0 0
400	2	0 1 1 1 0 0 0 0 1 1 0 0 1 0 0 0
400	1	1 1 1 1 0 0 0 0 0 1 0 1 0 0 0 1
