0	25	0 1 0 0 0 1 1 0 1 1 0 0 0 0 0 0
0	26	0 0 0 0 0 1 0 0 0 0 0 0 0 0 0 0
0	26	0 1 0 0 0 0 1 0 0 0 0 0 0 0 0 1
0	23	0 0 0 0 0 1 0 0 0 0 1 0 0 0 0 0
10	14	0 1 0 0 0 1 1 0 1 1 0 0 0 0 0 0
10	12	0 0 0 0 0 1 0 0 0 0 0 0 0 0 0 0
10	13	0 1 0 0 0 0 1 0 0 0 0 0 0 0 0 1
10	32	0 0 0 0 0 1 0 0 0 0 1 0 0 0 0 0
10	1	0 1 0 0 0 1 0 0 0 0 1 0 0 0 0 0
10	2	0 1 0 0 0 1 0 0 0 0 0 0 0 0 0 0
10	2	1 1 0 0 0 0 1 0 0 0 0 0 0 0 0 1
10	2	0 1 0 0 0 1 1 0 1 1 1 0 0 0 0 0
10	1	0 1 0 0 0 1 1 0 0 0 0 0 0 0 0 1
10	1	0 0 0 0 0 0 1 0 0 0 0 0 0 0 0 1
10	1	0 0 0 0 0 1 0 0 0 0 1 0 0 0 0 1
10	2	0 0 0 0 0 1 1 0 0 0 0 0 0 0 0 0
10	2	0 1 0 0 1 1 1 0 1 1 0 0 0 0 0 0
10	1	0 1 0 0 0 1 1 0 1 1 0 0 0 0 0 1
10	1	0 1 0 0 0 1 1 0 1 1 0 1 0 0 0 0
10	1	0 1 0 0 0 0 1 0 0 1 0 0 0 0 0 1
10	3	0 0 0 1 0 1 0 0 0 0 1 0 0 0 0 0
10	2	0 0 0 0 0 1 0 0 1 1 0 0 0 0 0 0
10	1	0 1 0 0 1 0 1 0 0 0 0 0 0 0 0 1
10	1	0 0 0 0 0 1 0 0 0 1 1 0 0 0 0 0
10	1	0 1 0 0 0 1 0 0 0 0 0 0 0 0 0 1
10	1	0 0 0 0 0 1 0 0 0 0 1 0 0 1 0 0
10	2	0 1 0 0 0 1 1 0 1 0 1 0 0 0 0 0
10	1	0 0 0 1 0 1 1 0 0 0 0 0 0 0 0 0
20	8	0 1 0 0 0 1 1 0 1 1 0 0 0 0 0 0
20	6	0 0 0 0 0 1 0 0 0 0 0 0 0 0 0 0
20	5	0 1 0 0 0 0 1 0 0 0 0 0 0 0 0 1
20	39	0 0 0 0 0 1 0 0 0 0 1 0 0 0 0 0
20	1	0 1 0 0 0 1 0 0 0 0 1 0 0 0 0 0
20	3	0 1 0 0 0 1 1 0 1 1 1 0 0 0 0 0
20	3	0 0 0 0 0 1 0 0 0 0 1 0 0 0 0 1
20	1	0 1 1 0 0 1 1 0 1 1 0 0 0 0 0 0
20	4	0 0 0 1 0 1 0 0 0 0 1 0 0 0 0 0
20	1	0 1 0 0 0 0 1 0 1 1 0 0 0 0 0 0
20	1	0 0 0 0 0 1 0 0 1 0 1 0 0 0 0 0
20	2	0 0 0 0 0 1 0 0 0 0 1 0 0 1 0 0
20	1	0 1 0 0 1 0 1 0 0 0 0 0 0 0 1 1
20	1	0 1 0 0 0 1 1 0 1 0 1 0 0 0 0 0
20	2	0 1 0 0 0 1 0 0 0 1 1 0 0 0 0 0
20	3	0 1 0 0 0 0 1 0 0 0 1 0 0 0 0 0
20	1	0 0 0 0 0 1 0 1 0 0 1 0 0 1 0 0
20	4	0 0 0 0 1 1 0 0 0 0 0 0 0 0 0 0
20	2	0 0 0 0 0 1 0 0 0 0 0 0 0 1 0 0
20	2	0 0 1 0 0 1 0 0 0 0 0 0 0 0 0 0
20	1	0 0 0 0 0 1 1 0 0 0 1 0 0 0 0 0
20	2	1 1 0 0 0 0 1 0 0 0 0 0 0 0 0 0
20	1	0 1 0 0 0 1 1 0 1 1 0 0 0 0 0 1
20	3	0 0 0 0 0 1 0 1 0 0 1 0 0 0 0 0
20	1	0 1 1 0 0 1 0 0 0 0 0 0 0 0 0 0
20	1	0 0 0 0 0 1 1 0 0 0 1 0 0 0 0 1
20	1	0 0 0 0 0 1 1 0 0 0 1 0 1 0 0 0
30	13	0 1 0 0 0 1 1 0 1 1 0 0 0 0 0 0
30	6	0 0 0 0 0 1 0 0 0 0 0 0 0 0 0 0
30	3	0 1 0 0 0 0 1 0 0 0 0 0 0 0 0 1
30	34	0 0 0 0 0 1 0 0 0 0 1 0 0 0 0 0
30	4	0 1 0 0 0 1 1 0 1 1 1 0 0 0 0 0
30	1	0 1 0 0 0 1 1 0 0 0 0 0 0 0 0 1
30	3	0 0 0 0 0 1 0 0 0 0 1 0 0 0 0 1
30	4	0 1 1 0 0 1 1 0 1 1 0 0 0 0 0 0
30	3	0 0 0 1 0 1 0 0 0 0 1 0 0 0 0 0
30	1	0 0 0 0 0 1 0 0 1 1 0 0 0 0 0 0
30	3	0 0 0 0 0 1 0 0 0 0 1 0 0 1 0 0
30	2	0 1 0 0 0 1 1 0 1 0 1 0 0 0 0 0
30	3	0 1 0 0 0 1 0 0 0 1 1 0 0 0 0 0
30	1	0 1 0 0 0 0 1 0 0 0 1 0 0 0 0 0
30	4	0 0 0 0 1 1 0 0 0 0 0 0 0 0 0 0
30	1	0 0 0 0 0 1 1 0 0 0 1 0 0 0 0 0
30	1	1 1 0 0 0 0 1 0 0 0 0 0 0 0 0 0
30	1	0 1 0 0 0 0 1 0 0 0 1 0 0 0 0 1
30	1	0 0 0 0 0 1 1 0 0 0 1 0 0 0 0 1
30	2	0 1 0 0 0 1 1 1 1 1 0 0 0 1 0 0
30	2	1 0 0 0 0 1 0 0 0 0 1 0 0 0 0 0
30	4	1 0 0 1 0 1 0 0 0 0 1 0 0 0 0 0
30	1	0 0 1 0 0 1 0 0 1 0 0 0 0 0 0 0
30	1	0 0 0 1 0 1 0 0 0 0 0 0 0 0 0 0
30	1	0 1 0 0 0 0 1 0 0 0 0 0 0 0 1 0
40	1	0 1 0 0 0 1 1 0 1 1 0 0 0 0 0 0
40	3	0 0 0 0 0 1 0 0 0 0 0 0 0 0 0 0
40	1	0 1 0 0 0 0 1 0 0 0 0 0 0 0 0 1
40	40	0 0 0 0 0 1 0 0 0 0 1 0 0 0 0 0
40	1	0 1 0 0 0 1 0 0 0 0 1 0 0 0 0 0
40	5	0 1 0 0 0 1 1 0 1 1 1 0 0 0 0 0
40	3	0 1 1 0 0 1 1 0 1 1 0 0 0 0 0 0
40	2	0 0 0 0 0 1 0 0 1 1 0 0 0 0 0 0
40	3	0 0 0 0 0 1 0 0 0 1 1 0 0 0 0 0
40	3	0 0 0 0 0 1 0 0 0 0 1 0 0 1 0 0
40	3	0 1 0 0 0 1 1 0 1 0 1 0 0 0 0 0
40	2	0 1 0 0 0 1 0 0 0 1 1 0 0 0 0 0
40	1	0 0 0 0 0 0 0 0 0 0 1 0 0 0 0 0
40	3	0 0 0 0 1 1 0 0 0 0 0 0 0 0 0 0
40	4	0 0 0 0 0 1 1 0 0 0 1 0 0 0 0 0
40	1	0 1 0 0 0 1 1 0 0 0 1 0 0 0 0 0
40	1	0 1 0 0 0 1 1 1 1 1 0 0 0 1 0 0
40	2	1 0 0 0 0 1 0 0 0 0 1 0 0 0 0 0
40	1	1 0 0 1 0 1 0 0 0 0 1 0 0 0 0 0
40	1	1 1 0 0 0 1 1 0 0 0 0 0 0 0 0 0
40	1	0 1 0 0 0 0 0 0 0 0 0 0 0 0 0 0
40	3	0 1 1 0 0 1 1 0 1 1 0 0 0 0 0 1
40	1	0 0 0 0 0 1 0 0 0 0 1 0 0 0 1 0
40	1	0 1 0 0 0 1 1 0 1 0 0 0 0 0 0 1
40	1	0 0 0 0 0 1 0 0 1 0 0 0 0 0 1 0
40	1	0 0 0 0 0 1 1 0 0 0 0 0 0 0 0 0
40	1	0 1 0 0 0 0 0 0 0 0 0 0 0 0 0 1
40	1	0 0 0 1 0 1 1 0 0 0 1 0 0 0 0 0
40	1	1 1 0 0 0 1 0 0 0 0 1 0 0 0 0 0
40	2	0 0 0 1 0 1 0 0 0 0 1 0 0 1 0 0
40	2	0 0 0 0 0 1 0 0 1 0 1 0 0 0 0 1
40	1	0 0 0 0 0 1 0 0 0 0 0 0 0 0 0 1
40	1	0 1 0 0 0 1 1 1 1 0 0 0 0 0 0 1
40	2	1 0 0 0 0 0 1 0 0 0 0 0 0 0 0 0
50	3	0 0 0 0 0 1 0 0 0 0 0 0 0 0 0 0
50	21	0 0 0 0 0 1 0 0 0 0 1 0 0 0 0 0
50	2	0 1 0 0 0 1 0 0 0 0 1 0 0 0 0 0
50	4	0 1 0 0 0 1 1 0 1 1 1 0 0 0 0 0
50	5	0 0 0 0 0 1 0 0 0 0 1 0 0 0 0 1
50	2	0 1 0 0 1 1 1 0 1 1 0 0 0 0 0 0
50	7	0 1 1 0 0 1 1 0 1 1 0 0 0 0 0 0
50	14	0 0 0 1 0 1 0 0 0 0 1 0 0 0 0 0
50	2	0 0 0 0 0 1 0 0 0 1 1 0 0 0 0 0
50	1	0 1 0 0 0 1 1 0 1 0 1 0 0 0 0 0
50	8	0 1 0 0 0 1 0 0 0 1 1 0 0 0 0 0
50	3	0 0 0 0 0 1 1 0 0 0 1 0 0 0 0 0
50	2	0 0 1 0 0 1 0 0 0 0 1 0 0 0 0 0
50	2	1 0 0 0 0 1 0 0 0 0 1 0 0 0 0 0
50	2	1 0 0 1 0 1 0 0 0 0 1 0 0 0 0 0
50	1	1 1 0 0 0 1 1 0 0 0 0 0 0 0 0 0
50	2	0 1 1 0 0 1 1 0 1 1 0 0 0 0 0 1
50	1	0 0 0 0 0 1 0 0 0 0 1 0 0 0 1 0
50	1	0 1 0 0 0 1 1 0 1 0 0 0 0 0 0 1
50	2	0 1 1 0 0 1 0 0 1 1 0 0 0 0 0 0
50	1	0 1 0 0 0 1 1 0 1 1 1 0 1 0 0 0
50	1	0 0 0 0 0 1 0 1 0 0 1 0 0 0 0 0
50	1	1 0 0 0 0 0 1 0 0 0 0 0 0 0 0 0
50	2	1 0 0 1 1 1 1 0 0 0 1 0 0 0 0 0
50	1	0 1 0 0 1 1 1 0 1 1 1 0 0 0 0 0
50	1	1 1 1 0 0 1 1 0 1 1 0 0 0 0 0 1
50	1	0 1 1 0 0 1 0 0 0 0 1 0 0 0 0 0
50	2	0 1 1 0 1 1 1 0 1 1 0 0 0 0 0 0
50	2	0 0 0 0 0 1 1 0 0 0 1 0 0 0 1 0
50	1	0 1 0 0 0 1 0 0 1 0 1 0 0 0 0 0
50	1	0 0 0 1 0 1 1 0 1 1 0 0 0 0 0 0
50	1	0 1 0 0 0 1 0 0 0 1 1 1 0 0 0 1
60	20	0 0 0 0 0 1 0 0 0 0 1 0 0 0 0 0
60	8	0 1 0 0 0 1 0 0 0 0 1 0 0 0 0 0
60	2	0 1 0 0 0 1 1 0 1 1 1 0 0 0 0 0
60	2	0 0 0 0 0 1 0 0 0 0 1 0 0 0 0 1
60	4	0 1 1 0 0 1 1 0 1 1 0 0 0 0 0 0
60	12	0 0 0 1 0 1 0 0 0 0 1 0 0 0 0 0
60	2	0 0 0 0 0 1 0 0 0 1 1 0 0 0 0 0
60	3	0 1 0 0 0 1 1 0 1 0 1 0 0 0 0 0
60	3	0 1 0 0 0 1 0 0 0 1 1 0 0 0 0 0
60	2	0 0 0 0 1 1 0 0 0 0 0 0 0 0 0 0
60	2	0 0 0 0 0 1 1 0 0 0 1 0 0 0 0 0
60	3	0 0 1 0 0 1 0 0 0 0 1 0 0 0 0 0
60	4	1 0 0 0 0 1 0 0 0 0 1 0 0 0 0 0
60	2	1 0 0 1 0 1 0 0 0 0 1 0 0 0 0 0
60	2	0 1 0 0 0 0 0 0 0 0 1 0 0 0 0 0
60	1	0 0 0 0 0 1 0 1 0 0 1 0 0 0 0 0
60	1	1 0 0 1 1 1 1 0 0 0 1 0 0 0 0 0
60	2	0 1 0 0 0 0 1 0 0 0 1 0 0 0 0 0
60	2	0 1 1 0 1 1 1 0 1 1 0 0 0 0 0 0
60	2	0 0 0 0 0 1 0 0 0 0 1 1 0 0 0 0
60	2	0 0 0 0 0 1 1 0 0 0 1 0 0 0 1 0
60	9	0 1 0 0 0 0 1 0 1 1 1 0 0 0 0 0
60	2	0 0 0 0 0 1 0 0 0 0 1 0 1 0 0 0
60	1	1 0 0 0 0 0 0 0 0 0 1 0 0 0 0 0
60	2	0 1 0 0 0 1 0 0 0 1 1 0 1 0 0 0
60	1	0 1 0 0 0 1 0 0 0 0 1 1 0 0 0 0
60	1	0 1 0 0 0 0 1 0 1 1 1 1 0 0 0 0
60	2	0 0 0 1 0 1 0 0 0 0 1 0 0 0 1 0
60	1	1 0 0 1 1 1 1 0 0 0 1 0 0 0 0 1
70	13	0 0 0 0 0 1 0 0 0 0 1 0 0 0 0 0
70	3	0 1 0 0 0 1 0 0 0 0 1 0 0 0 0 0
70	2	0 1 0 0 0 1 1 0 1 1 1 0 0 0 0 0
70	2	0 0 0 0 0 1 0 0 0 0 1 0 0 0 0 1
70	11	0 1 1 0 0 1 1 0 1 1 0 0 0 0 0 0
70	5	0 0 0 1 0 1 0 0 0 0 1 0 0 0 0 0
70	6	0 0 0 0 0 1 0 0 0 1 1 0 0 0 0 0
70	3	0 1 0 0 0 1 1 0 1 0 1 0 0 0 0 0
70	1	0 1 0 0 0 1 0 0 0 1 1 0 0 0 0 0
70	1	0 0 0 0 0 1 1 0 0 0 1 0 0 0 0 0
70	3	0 1 0 0 0 1 1 0 0 0 1 0 0 0 0 0
70	8	0 0 1 0 0 1 0 0 0 0 1 0 0 0 0 0
70	5	1 0 0 1 0 1 0 0 0 0 1 0 0 0 0 0
70	3	0 1 0 0 0 0 0 0 0 0 1 0 0 0 0 0
70	2	0 1 0 0 0 1 1 0 1 1 1 0 1 0 0 0
70	4	0 1 1 0 1 1 1 0 1 1 0 0 0 0 0 0
70	1	0 0 0 0 0 1 0 0 0 0 1 1 0 0 0 0
70	1	0 0 0 0 0 1 1 0 0 0 1 0 0 0 1 0
70	5	0 1 0 0 0 0 1 0 1 1 1 0 0 0 0 0
70	2	1 0 0 0 0 0 0 0 0 0 1 0 0 0 0 0
70	1	0 1 0 0 0 1 0 0 0 0 1 1 0 0 0 0
70	1	0 1 0 0 0 1 0 0 0 0 1 0 0 0 0 1
70	5	0 1 0 0 1 1 1 0 0 0 1 0 0 0 0 0
70	1	0 0 0 0 0 1 1 0 1 1 1 0 0 0 0 0
70	1	1 0 0 0 1 0 0 0 0 0 1 0 0 0 0 0
70	4	0 1 0 1 0 0 0 0 1 1 1 0 0 0 0 0
70	1	0 1 0 0 0 1 1 0 1 1 1 1 0 0 0 0
70	2	0 0 0 0 0 1 0 1 0 1 1 0 0 0 0 0
70	1	0 1 0 0 0 1 1 0 0 0 0 0 0 0 0 0
70	1	0 1 1 0 1 1 1 0 1 1 0 0 1 0 0 0
70	1	0 1 0 0 0 0 1 0 1 1 1 0 0 0 0 1
80	15	0 0 0 0 0 1 0 0 0 0 1 0 0 0 0 0
80	2	0 1 0 0 0 1 0 0 0 0 1 0 0 0 0 0
80	9	0 1 0 0 0 1 1 0 1 1 1 0 0 0 0 0
80	3	0 0 0 0 0 1 0 0 0 0 1 0 0 0 0 1
80	15	0 1 1 0 0 1 1 0 1 1 0 0 0 0 0 0
80	4	0 0 0 1 0 1 0 0 0 0 1 0 0 0 0 0
80	1	0 0 0 0 0 1 0 0 0 0 1 0 0 1 0 0
80	2	0 1 0 0 0 1 1 0 1 0 1 0 0 0 0 0
80	1	0 1 0 0 0 1 0 0 0 1 1 0 0 0 0 0
80	1	0 0 0 0 0 1 1 0 0 0 1 0 0 0 0 0
80	3	0 0 1 0 0 1 0 0 0 0 1 0 0 0 0 0
80	2	1 0 0 0 0 1 0 0 0 0 1 0 0 0 0 0
80	2	1 0 0 1 0 1 0 0 0 0 1 0 0 0 0 0
80	5	0 1 0 0 0 0 0 0 0 0 1 0 0 0 0 0
80	1	0 1 0 0 0 1 1 0 1 1 1 0 1 0 0 0
80	1	1 1 1 0 0 1 1 0 1 1 0 0 0 0 0 1
80	5	0 1 1 0 1 1 1 0 1 1 0 0 0 0 0 0
80	3	0 0 0 0 0 1 0 0 0 0 1 1 0 0 0 0
80	4	0 1 0 0 0 0 1 0 1 1 1 0 0 0 0 0
80	1	0 1 0 0 0 1 0 0 0 0 1 1 0 0 0 0
80	2	0 1 0 0 0 1 0 0 0 0 1 0 1 0 0 0
80	2	0 1 0 1 0 0 0 0 1 1 1 0 0 0 0 0
80	1	0 1 1 0 0 1 1 0 1 1 0 0 0 1 0 0
80	1	1 0 0 1 0 1 1 0 0 0 1 0 0 0 0 0
80	1	0 0 0 0 0 1 0 0 0 0 1 0 1 1 0 0
80	1	0 1 1 0 1 1 0 0 0 0 1 1 0 0 0 0
80	1	0 1 1 0 0 1 1 0 1 0 0 0 0 0 0 0
80	1	1 0 0 0 1 0 0 0 1 0 1 0 0 0 0 0
80	1	1 1 1 0 0 1 0 0 1 1 0 0 0 0 0 0
80	1	0 1 0 0 0 0 1 0 1 1 1 0 0 1 0 0
80	1	0 1 0 0 1 1 1 0 1 1 1 0 0 0 0 0
80	1	0 0 0 0 0 0 1 0 1 1 1 0 0 0 0 0
80	1	0 0 0 1 0 1 0 0 0 0 1 0 1 0 0 0
80	1	0 0 0 0 0 1 0 0 1 0 1 0 0 0 0 1
80	1	0 0 0 0 0 1 0 0 0 0 1 0 0 0 1 1
80	1	0 1 1 0 1 1 1 1 1 1 0 0 0 0 0 0
80	1	0 1 0 0 0 0 1 1 1 1 1 0 0 0 0 0
80	1	0 0 0 1 1 1 0 0 0 0 1 0 0 0 0 0
90	8	0 0 0 0 0 1 0 0 0 0 1 0 0 0 0 0
90	4	0 1 0 0 0 1 0 0 0 0 1 0 0 0 0 0
90	4	0 1 0 0 0 1 1 0 1 1 1 0 0 0 0 0
90	6	0 1 1 0 0 1 1 0 1 1 0 0 0 0 0 0
90	3	0 0 0 1 0 1 0 0 0 0 1 0 0 0 0 0
90	9	0 0 0 0 0 1 0 0 0 1 1 0 0 0 0 0
90	3	0 0 0 0 0 1 0 0 0 0 1 0 0 1 0 0
90	2	0 1 0 0 0 1 0 0 0 1 1 0 0 0 0 0
90	9	0 1 0 0 0 1 1 0 0 0 1 0 0 0 0 0
90	3	0 0 1 0 0 1 0 0 0 0 1 0 0 0 0 0
90	5	1 0 0 0 0 1 0 0 0 0 1 0 0 0 0 0
90	3	1 0 0 1 0 1 0 0 0 0 1 0 0 0 0 0
90	1	0 0 0 0 0 1 0 0 0 0 1 0 0 0 1 0
90	1	1 1 1 0 0 1 1 0 1 1 0 0 0 0 0 1
90	5	0 1 1 0 1 1 1 0 1 1 0 0 0 0 0 0
90	4	0 0 0 0 0 1 0 0 0 0 1 1 0 0 0 0
90	2	0 1 0 0 0 0 1 0 1 1 1 0 0 0 0 0
90	3	0 1 0 0 0 1 0 0 0 0 1 1 0 0 0 0
90	2	0 1 0 1 0 0 1 0 1 1 1 0 0 0 0 0
90	3	1 0 0 0 0 1 0 0 0 0 1 1 0 0 0 0
90	2	0 0 0 0 0 1 0 0 0 0 1 0 1 1 0 0
90	1	0 0 0 1 0 1 0 0 0 0 1 0 0 0 0 1
90	2	0 1 1 0 0 1 1 0 1 0 0 0 0 0 0 0
90	1	0 1 1 0 0 1 0 0 0 0 1 0 0 0 0 0
90	2	1 0 0 0 1 0 0 0 1 0 1 0 0 0 0 0
90	1	1 1 0 0 0 0 1 0 1 1 1 0 0 0 0 0
90	1	0 1 0 0 0 1 0 0 1 1 0 0 0 0 0 0
90	2	0 0 0 1 0 1 0 0 0 0 1 0 1 0 0 0
90	1	0 0 0 1 1 1 0 0 0 0 1 0 0 0 0 0
90	2	0 0 0 0 0 1 1 0 1 1 1 1 1 0 0 0
90	1	0 0 0 0 0 1 0 0 1 0 1 0 0 0 0 0
90	1	0 1 0 0 0 1 0 0 0 1 1 1 0 0 0 0
90	1	0 0 1 0 1 1 0 0 0 1 1 0 0 0 0 0
90	1	0 0 1 0 0 1 0 0 0 0 1 0 0 1 0 0
90	1	0 1 1 0 1 1 1 1 1 1 0 0 0 0 0 0
100	4	0 0 0 0 0 1 0 0 0 0 1 0 0 0 0 0
100	1	0 1 0 0 0 1 0 0 0 0 1 0 0 0 0 0
100	4	0 1 0 0 0 1 1 0 1 1 1 0 0 0 0 0
100	7	0 1 1 0 0 1 1 0 1 1 0 0 0 0 0 0
100	6	0 0 0 1 0 1 0 0 0 0 1 0 0 0 0 0
100	2	0 0 0 0 0 1 0 0 0 0 1 0 0 1 0 0
100	4	0 0 1 0 0 1 0 0 0 0 1 0 0 0 0 0
100	4	1 0 0 0 0 1 0 0 0 0 1 0 0 0 0 0
100	1	1 0 0 1 0 1 0 0 0 0 1 0 0 0 0 0
100	2	0 0 0 0 0 1 0 0 0 0 1 0 0 0 1 0
100	2	0 1 0 0 0 0 0 0 0 0 1 0 0 0 0 0
100	2	1 1 1 0 0 1 1 0 1 1 0 0 0 0 0 1
100	3	0 1 1 0 1 1 1 0 1 1 0 0 0 0 0 0
100	3	0 0 0 0 0 1 0 0 0 0 1 1 0 0 0 0
100	5	0 1 0 0 0 0 1 0 1 1 1 0 0 0 0 0
100	5	0 1 0 1 0 0 1 0 1 1 1 0 0 0 0 0
100	1	1 0 0 0 0 1 0 0 0 0 1 1 0 0 0 0
100	1	0 1 0 0 0 1 1 1 1 1 1 0 0 0 0 0
100	6	0 0 1 0 0 1 0 0 0 1 1 0 0 0 0 0
100	11	0 1 1 0 0 1 1 0 1 0 0 0 0 0 0 0
100	1	0 1 1 0 0 1 0 0 0 0 1 0 0 0 0 0
100	2	0 1 0 0 0 0 1 0 1 1 1 0 0 1 0 0
100	1	0 0 0 1 0 1 0 0 0 0 1 0 1 0 0 0
100	2	0 1 1 0 0 1 1 0 0 0 1 1 0 0 0 0
100	1	0 1 0 1 0 1 1 0 1 1 1 0 0 0 0 0
100	2	0 0 0 0 0 1 1 0 1 1 1 1 1 0 0 0
100	1	0 1 0 0 0 0 1 1 1 1 1 0 0 0 0 0
100	1	1 1 1 0 0 1 1 0 1 1 0 0 0 1 0 1
100	1	0 1 0 1 0 0 1 0 0 0 1 0 0 0 1 0
100	4	0 1 1 0 0 0 1 0 1 1 0 0 0 0 0 0
100	1	1 0 0 0 0 1 0 0 0 0 1 0 0 0 1 0
100	1	0 1 0 0 0 1 1 0 1 1 0 0 0 0 0 0
100	1	1 0 0 0 1 0 1 0 1 1 0 0 0 0 0 0
100	1	0 0 1 0 0 1 0 0 0 0 1 1 0 0 0 0
100	1	0 1 1 0 1 1 1 0 1 0 0 0 0 0 0 0
100	1	0 1 1 0 0 1 1 0 0 0 0 1 0 0 0 0
100	1	0 1 1 1 0 1 1 0 1 0 0 0 0 0 0 0
100	1	0 1 1 1 0 1 1 0 0 0 1 1 0 0 0 0
100	1	0 1 1 1 0 0 1 0 1 1 1 0 0 0 0 0
100	1	0 1 0 0 0 1 1 0 1 0 0 0 0 0 0 0
110	7	0 0 0 0 0 1 0 0 0 0 1 0 0 0 0 0
110	1	0 1 0 0 0 1 1 0 1 1 1 0 0 0 0 0
110	6	0 1 1 0 0 1 1 0 1 1 0 0 0 0 0 0
110	4	0 0 0 0 0 1 0 0 0 0 1 0 0 1 0 0
110	2	0 0 0 0 0 1 1 0 0 0 1 0 0 0 0 0
110	1	0 1 0 0 0 1 1 0 0 0 1 0 0 0 0 0
110	2	0 0 1 0 0 1 0 0 0 0 1 0 0 0 0 0
110	1	0 0 0 0 0 1 0 0 0 0 1 0 0 0 1 0
110	5	1 1 1 0 0 1 1 0 1 1 0 0 0 0 0 1
110	4	0 1 1 0 1 1 1 0 1 1 0 0 0 0 0 0
110	2	0 1 0 0 0 0 1 0 1 1 1 0 0 0 0 0
110	4	0 1 0 0 0 1 0 0 0 0 1 1 0 0 0 0
110	11	1 0 0 0 0 1 0 0 0 0 1 1 0 0 0 0
110	3	0 1 1 0 0 1 1 0 1 0 0 0 0 0 0 0
110	1	0 1 0 0 0 0 1 0 1 1 1 0 0 1 0 0
110	2	0 1 1 0 0 1 1 0 0 0 1 1 0 0 0 0
110	3	0 1 0 1 0 1 1 0 1 1 1 0 0 0 0 0
110	1	0 0 0 0 0 1 0 0 1 0 1 0 0 0 0 0
110	3	0 1 0 1 0 0 1 0 0 0 1 0 0 0 1 0
110	1	0 0 1 0 1 1 0 0 0 1 1 0 0 0 0 0
110	1	0 1 1 0 0 0 1 0 1 1 0 0 0 0 0 0
110	2	0 0 1 0 0 1 0 0 0 0 1 0 0 1 0 0
110	1	1 0 0 0 0 1 0 0 0 0 1 0 0 0 1 0
110	1	0 1 1 0 1 1 1 0 1 1 1 0 0 0 0 0
110	3	1 0 0 0 1 0 1 0 1 1 0 0 0 0 0 0
110	1	1 0 0 0 0 1 0 0 0 0 1 0 0 1 0 0
110	1	1 0 0 0 0 1 0 1 0 0 1 1 0 0 0 0
110	1	0 0 0 0 0 1 1 0 1 1 1 0 0 0 0 0
110	1	1 0 0 0 0 1 0 0 0 0 0 0 0 0 0 0
110	2	0 1 1 0 1 1 1 0 0 0 1 1 0 0 0 0
110	3	1 0 0 0 0 1 0 1 1 0 1 1 0 0 0 0
110	2	0 1 0 0 0 0 1 0 1 1 1 0 0 0 1 0
110	2	0 0 1 1 0 1 0 0 0 1 1 0 0 0 0 0
110	1	1 1 1 0 0 1 1 0 0 0 1 0 0 0 0 1
110	2	1 0 0 0 0 1 0 0 1 1 1 0 0 0 0 0
110	2	1 0 0 0 0 1 0 1 0 0 0 0 0 0 0 0
110	1	0 0 1 0 0 1 1 0 1 1 0 0 0 0 0 0
110	1	1 0 0 0 0 1 0 0 0 1 0 0 0 0 0 0
110	1	0 1 1 0 0 1 1 0 1 0 0 0 0 0 1 0
110	1	0 1 1 0 0 1 1 0 1 0 1 0 0 1 0 0
110	2	1 1 1 0 0 1 1 0 1 1 0 0 0 0 0 0
110	1	0 1 1 0 1 1 1 0 0 1 1 0 0 0 0 0
110	2	0 0 1 1 0 1 0 0 0 1 1 0 0 0 0 1
110	1	0 1 0 0 0 1 0 0 0 0 1 0 0 0 1 0
120	10	0 1 1 0 0 1 1 0 1 1 0 0 0 0 0 0
120	1	0 0 0 0 0 1 0 0 0 0 1 0 0 1 0 0
120	1	0 1 0 0 0 1 1 0 0 0 1 0 0 0 0 0
120	1	0 0 1 0 0 1 0 0 0 0 1 0 0 0 0 0
120	3	1 0 0 0 0 1 0 0 0 0 1 0 0 0 0 0
120	5	1 1 1 0 0 1 1 0 1 1 0 0 0 0 0 1
120	6	0 1 1 0 1 1 1 0 1 1 0 0 0 0 0 0
120	1	0 1 0 1 0 0 1 0 1 1 1 0 0 0 0 0
120	9	1 0 0 0 0 1 0 0 0 0 1 1 0 0 0 0
120	1	0 0 1 0 0 1 0 0 0 1 1 0 0 0 0 0
120	5	0 1 1 0 0 1 1 0 1 0 0 0 0 0 0 0
120	2	0 1 1 0 0 1 0 0 0 0 1 0 0 0 0 0
120	2	0 1 0 0 0 0 0 0 0 0 0 0 0 0 0 0
120	1	0 1 1 0 0 1 1 0 0 1 1 0 0 0 0 0
120	2	0 1 1 0 0 1 1 0 0 0 1 1 0 0 0 0
120	1	0 1 0 1 0 1 1 0 1 1 1 0 0 0 0 0
120	1	1 0 0 0 0 1 0 0 0 0 1 0 0 0 1 0
120	1	0 1 1 0 1 1 1 0 1 1 1 0 0 0 0 0
120	1	1 0 0 0 1 0 1 0 1 1 0 0 0 0 0 0
120	2	1 0 0 0 0 1 0 0 0 0 0 0 0 0 0 0
120	4	0 0 0 1 0 1 1 0 0 0 1 0 0 0 0 0
120	1	0 1 1 0 0 1 0 0 0 1 1 0 0 0 0 0
120	1	1 0 0 0 0 1 0 0 1 1 1 0 0 0 0 0
120	4	1 0 0 0 0 1 0 1 0 0 0 0 0 0 0 0
120	1	0 0 1 0 0 1 1 0 1 1 0 0 0 0 0 0
120	6	1 1 1 0 0 1 1 0 1 1 0 0 0 0 0 0
120	1	0 1 0 1 0 0 0 0 0 0 0 0 0 0 0 0
120	1	0 0 0 0 0 1 0 0 1 1 1 0 0 0 0 0
120	1	1 1 1 0 0 1 1 0 1 0 0 0 0 0 0 1
120	4	1 0 0 0 0 1 0 0 1 0 0 0 0 0 0 1
120	2	0 1 0 1 0 0 1 0 1 1 1 1 0 0 0 0
120	1	1 0 0 1 0 1 0 0 0 0 1 1 0 0 0 0
120	1	0 0 1 0 0 1 1 0 0 0 1 1 0 0 0 0
120	1	1 0 0 0 0 1 1 0 1 1 0 0 0 0 0 0
120	3	0 1 1 0 0 1 1 0 1 1 0 0 0 0 1 0
120	1	0 0 1 1 0 1 0 0 1 1 1 0 0 0 0 0
120	3	0 1 1 0 0 1 1 1 1 1 0 0 0 0 0 0
120	2	1 0 0 0 1 0 1 0 0 1 0 0 0 0 0 0
120	1	1 0 1 0 0 1 0 0 0 0 1 1 0 0 0 0
120	1	0 0 1 0 0 1 1 0 1 1 0 0 1 0 0 0
120	1	0 0 1 0 0 1 1 0 1 1 1 0 0 0 0 0
120	1	0 1 0 0 0 1 1 0 1 1 1 0 0 0 0 1
120	1	0 1 0 0 0 1 1 0 1 1 0 0 0 1 0 1
120	1	1 0 0 0 0 1 1 0 0 0 1 1 0 0 0 0
130	4	0 0 0 0 0 1 0 0 0 0 1 0 0 0 0 0
130	1	0 1 0 0 0 1 0 0 0 0 1 0 0 0 0 0
130	12	0 1 1 0 0 1 1 0 1 1 0 0 0 0 0 0
130	2	0 1 0 0 0 1 1 0 0 0 1 0 0 0 0 0
130	3	1 0 0 0 0 1 0 0 0 0 1 0 0 0 0 0
130	6	0 1 1 0 1 1 1 0 1 1 0 0 0 0 0 0
130	1	0 1 0 0 0 1 0 0 0 0 1 1 0 0 0 0
130	1	0 1 0 1 0 0 1 0 1 1 1 0 0 0 0 0
130	8	1 0 0 0 0 1 0 0 0 0 1 1 0 0 0 0
130	9	0 0 1 0 0 1 0 0 0 1 1 0 0 0 0 0
130	2	0 1 1 0 0 1 1 0 1 0 0 0 0 0 0 0
130	1	0 1 1 0 0 1 1 0 0 0 1 1 0 0 0 0
130	1	0 1 0 1 0 0 1 0 0 0 1 0 0 0 1 0
130	1	0 1 1 0 1 1 1 0 1 1 1 0 0 0 0 0
130	2	1 0 0 0 1 0 1 0 1 1 0 0 0 0 0 0
130	4	1 0 0 0 0 1 0 1 1 0 1 1 0 0 0 0
130	3	0 1 0 0 0 1 1 0 1 1 1 0 1 0 0 0
130	2	1 0 0 0 0 1 0 0 1 1 1 0 0 0 0 0
130	2	1 0 0 0 0 1 0 1 0 0 0 0 0 0 0 0
130	9	1 1 1 0 0 1 1 0 1 1 0 0 0 0 0 0
130	1	0 1 0 1 0 1 0 0 0 0 1 0 0 0 0 0
130	2	0 0 0 0 0 1 0 0 1 1 1 0 0 0 0 0
130	1	0 1 0 1 0 0 1 0 1 1 1 1 0 0 0 0
130	2	1 0 0 1 0 1 0 0 0 0 1 1 0 0 0 0
130	1	0 1 1 0 1 1 1 0 0 1 1 0 0 0 0 0
130	2	1 1 0 1 0 1 0 0 0 1 1 0 0 0 0 0
130	1	0 1 0 0 0 0 0 0 1 0 0 0 0 0 0 1
130	1	1 0 0 0 1 0 1 0 0 1 0 0 0 0 0 1
130	1	0 1 1 0 0 1 1 0 1 1 0 1 0 0 0 0
130	1	1 0 0 0 0 1 0 0 0 1 1 1 0 0 0 0
130	3	1 0 0 0 0 0 1 0 1 1 0 0 0 0 0 0
130	1	1 0 0 0 1 1 0 0 0 1 0 0 0 0 0 0
130	1	0 1 1 0 1 1 0 0 0 1 1 0 0 0 0 0
130	1	0 1 1 0 1 1 1 1 0 1 1 0 0 0 0 0
130	1	0 1 1 0 0 1 1 0 1 1 0 0 0 1 0 0
130	1	0 1 0 0 1 1 1 0 1 1 0 0 0 0 0 0
130	1	0 1 1 0 1 1 1 0 1 0 1 0 0 0 1 0
130	1	0 1 0 0 0 0 1 0 1 1 0 0 0 0 0 0
130	1	0 1 1 0 0 0 1 0 1 0 0 0 0 0 0 0
130	1	0 1 1 0 0 1 1 0 1 1 0 0 1 0 0 0
130	1	0 0 1 0 0 1 0 0 0 1 1 0 0 1 0 0
140	11	0 1 1 0 0 1 1 0 1 1 0 0 0 0 0 0
140	1	0 0 0 0 0 1 0 0 0 0 1 0 0 1 0 0
140	5	0 1 0 0 0 1 1 0 0 0 1 0 0 0 0 0
140	2	0 0 1 0 0 1 0 0 0 0 1 0 0 0 0 0
140	8	0 1 1 0 1 1 1 0 1 1 0 0 0 0 0 0
140	7	1 0 0 0 0 1 0 0 0 0 1 1 0 0 0 0
140	3	0 0 1 0 0 1 0 0 0 1 1 0 0 0 0 0
140	7	0 1 1 0 0 1 1 0 1 0 0 0 0 0 0 0
140	2	0 1 1 0 0 1 1 0 0 0 1 1 0 0 0 0
140	3	0 0 0 0 0 1 1 0 1 1 1 1 1 0 0 0
140	5	1 0 0 0 1 0 1 0 1 1 0 0 0 0 0 0
140	2	1 0 0 0 0 1 0 1 1 0 1 1 0 0 0 0
140	1	0 1 0 0 0 1 1 0 1 1 1 0 1 0 0 0
140	3	1 0 0 0 0 1 0 1 0 0 0 0 0 0 0 0
140	1	0 1 0 1 0 1 0 0 0 0 1 0 0 0 0 0
140	3	0 1 0 1 0 0 1 0 1 1 1 1 0 0 0 0
140	1	0 1 1 0 1 0 1 0 1 1 0 0 0 0 0 0
140	1	0 1 1 0 0 1 0 0 0 0 1 1 0 0 0 0
140	1	1 0 0 0 1 0 1 0 1 1 1 0 0 0 0 0
140	1	1 0 0 0 0 1 0 0 0 1 1 1 0 0 0 0
140	2	0 1 1 0 0 1 1 0 0 1 0 0 0 0 0 0
140	1	0 1 1 0 0 0 1 0 1 0 0 0 0 0 0 0
140	2	0 1 1 0 0 1 1 0 1 0 1 0 0 0 0 0
140	1	1 1 1 0 0 0 1 0 1 1 0 0 0 0 0 0
140	4	1 1 1 0 0 1 0 0 0 1 0 0 0 0 0 0
140	4	0 0 1 0 0 1 0 0 0 1 1 0 0 1 0 0
140	1	0 1 1 0 0 1 0 0 1 1 0 0 0 0 0 0
140	2	0 1 0 0 0 1 0 0 1 0 1 1 0 0 0 0
140	1	0 1 0 1 0 0 1 0 1 1 0 1 0 0 0 0
140	1	0 0 0 0 0 1 0 0 0 1 1 1 0 0 0 0
140	1	1 0 0 0 0 1 0 0 0 0 0 1 0 0 0 0
140	1	0 1 0 0 0 1 1 0 1 1 0 1 0 0 0 0
140	1	0 1 1 1 0 1 0 0 1 1 0 0 0 0 0 0
140	2	1 1 1 0 0 1 1 0 1 0 1 1 0 0 0 0
140	2	0 1 1 1 0 1 1 0 0 1 1 0 0 0 0 0
140	2	1 0 0 0 0 1 0 1 0 0 0 0 0 0 1 0
140	1	0 0 1 0 0 1 1 0 0 0 1 0 0 0 0 0
140	1	1 1 0 0 0 1 0 0 0 0 0 1 0 0 0 0
140	1	0 0 0 0 0 1 1 0 0 1 0 0 0 0 0 0
140	1	0 0 0 1 0 0 1 0 1 1 1 1 0 0 0 0
150	16	0 1 1 0 0 1 1 0 1 1 0 0 0 0 0 0
150	3	0 1 0 0 0 1 1 0 0 0 1 0 0 0 0 0
150	4	0 1 1 0 1 1 1 0 1 1 0 0 0 0 0 0
150	9	1 0 0 0 0 1 0 0 0 0 1 1 0 0 0 0
150	5	0 0 1 0 0 1 0 0 0 1 1 0 0 0 0 0
150	5	0 1 1 0 0 1 1 0 1 0 0 0 0 0 0 0
150	2	1 0 0 0 0 1 0 1 1 0 1 1 0 0 0 0
150	2	1 0 0 0 0 1 0 1 0 0 0 0 0 0 0 0
150	3	1 1 1 0 0 1 1 0 1 1 0 0 0 0 0 0
150	1	0 1 0 1 0 1 0 0 0 0 1 0 0 0 0 0
150	1	0 1 0 1 0 0 1 0 1 1 1 1 0 0 0 0
150	1	1 0 0 0 1 0 1 0 0 1 0 0 0 0 0 0
150	2	1 0 0 0 0 1 0 1 1 0 0 0 0 0 0 0
150	2	1 0 0 0 0 1 0 0 1 0 1 1 0 0 0 0
150	1	0 1 1 0 0 1 1 0 1 0 1 0 0 0 0 0
150	1	0 1 1 0 0 1 1 0 1 1 0 0 1 0 0 0
150	1	0 0 1 0 0 1 0 0 0 1 1 0 0 1 0 0
150	1	0 1 1 0 0 1 0 0 1 1 0 0 0 0 0 0
150	2	0 1 0 0 0 1 0 0 1 0 1 1 0 0 0 0
150	1	0 1 0 1 0 0 1 0 1 1 0 1 0 0 0 0
150	1	0 1 1 0 1 1 1 0 1 1 0 0 0 0 1 0
150	1	1 1 1 0 0 1 0 0 1 1 0 0 0 0 0 0
150	1	1 1 1 0 0 1 1 0 1 0 1 1 0 0 0 0
150	1	1 0 0 0 0 1 0 1 0 0 0 0 0 0 1 0
150	3	0 1 1 0 0 1 1 0 1 1 1 0 0 0 0 0
150	1	1 0 0 1 0 0 1 0 1 1 1 1 0 0 0 0
150	1	0 0 1 0 0 1 1 0 0 0 1 0 0 0 0 0
150	1	0 0 1 0 0 1 0 0 0 1 1 0 0 0 0 1
150	3	0 1 0 1 0 1 0 0 1 0 1 1 0 0 0 0
150	1	1 1 0 0 0 1 0 0 0 0 0 1 0 0 0 0
150	1	0 1 1 1 0 1 1 0 1 1 0 0 0 0 0 0
150	3	0 0 0 1 0 0 1 0 1 1 1 1 0 0 0 0
150	1	0 0 0 0 1 1 0 0 0 0 1 1 0 0 0 0
150	3	0 0 0 0 0 1 0 1 1 0 1 1 0 0 0 0
150	1	0 1 0 1 1 1 0 0 0 0 1 0 0 0 0 0
150	1	1 0 1 0 0 1 0 1 1 0 1 1 0 0 0 0
150	2	1 1 0 0 0 1 1 0 0 0 1 1 0 0 0 0
150	1	0 1 1 0 0 1 1 0 0 1 1 1 0 0 0 0
150	2	1 1 1 0 0 1 1 0 1 1 0 0 1 0 0 0
150	1	0 1 0 0 0 1 0 0 1 1 0 0 0 0 0 0
150	1	0 1 0 0 0 1 1 0 0 0 1 0 0 0 0 1
150	2	1 1 0 0 0 1 0 0 1 1 0 0 0 0 0 0
150	1	0 0 1 0 0 0 0 0 0 1 1 0 0 0 0 0
150	1	0 1 1 0 0 0 1 0 0 1 0 1 0 0 0 0
150	1	1 1 0 0 0 1 0 0 1 0 1 1 0 0 0 0
150	1	0 1 1 0 0 1 1 0 0 0 0 0 0 0 0 0
160	15	0 1 1 0 0 1 1 0 1 1 0 0 0 0 0 0
160	1	0 1 0 0 0 1 1 0 0 0 1 0 0 0 0 0
160	5	1 0 0 0 0 1 0 0 0 0 1 1 0 0 0 0
160	5	0 0 1 0 0 1 0 0 0 1 1 0 0 0 0 0
160	2	0 1 1 0 0 1 1 0 1 0 0 0 0 0 0 0
160	1	1 0 0 0 1 0 1 0 1 1 0 0 0 0 0 0
160	1	1 1 1 0 0 1 1 0 1 1 0 0 0 0 0 0
160	3	0 1 0 1 0 0 1 0 1 1 1 1 0 0 0 0
160	2	0 1 0 0 0 1 1 0 1 1 0 0 0 0 0 0
160	2	1 0 0 0 1 0 1 0 0 1 0 0 0 0 0 1
160	4	0 1 1 0 0 1 0 0 0 0 1 1 0 0 0 0
160	2	1 1 1 0 0 1 1 0 0 1 0 0 0 0 0 0
160	1	1 0 0 0 1 1 0 0 0 1 0 0 0 0 0 0
160	3	0 1 1 0 0 1 0 0 1 1 0 0 0 0 0 0
160	2	0 0 0 0 0 1 0 0 0 1 1 1 0 0 0 0
160	1	0 0 1 0 0 1 1 0 1 1 0 0 0 0 0 0
160	2	0 1 1 0 0 1 1 0 1 1 1 0 0 0 0 0
160	2	0 0 1 0 0 1 0 0 0 1 1 0 0 0 0 1
160	2	0 1 0 1 0 1 0 0 1 0 1 1 0 0 0 0
160	1	1 1 0 0 0 1 0 0 0 0 0 1 0 0 0 0
160	2	0 0 0 0 1 1 0 0 0 0 1 1 0 0 0 0
160	1	0 1 0 1 1 1 0 0 0 0 1 0 0 0 0 0
160	2	1 0 1 0 0 1 0 0 0 0 1 1 0 0 0 0
160	4	0 1 0 1 0 1 1 0 1 1 1 0 0 0 0 0
160	1	0 0 1 0 1 1 1 0 1 1 0 0 0 0 0 0
160	1	1 1 0 0 0 1 1 0 0 1 0 0 0 0 0 0
160	1	1 1 0 0 0 1 0 0 1 1 0 0 0 0 0 0
160	1	0 1 1 0 0 1 1 1 0 0 1 0 0 0 0 0
160	1	0 0 1 0 0 0 0 0 0 1 1 0 0 0 0 0
160	3	0 0 1 0 0 1 0 0 0 0 1 1 0 0 0 0
160	1	1 1 0 0 0 1 1 0 1 1 0 0 0 0 0 0
160	2	0 1 1 0 0 1 1 0 0 0 0 0 0 0 0 0
160	2	0 1 1 0 0 1 0 1 1 1 1 0 0 0 0 0
160	3	1 0 0 0 1 1 0 0 0 0 1 1 0 0 0 0
160	1	1 0 0 0 0 1 0 0 0 0 1 0 0 0 0 0
160	3	1 1 0 1 0 0 1 0 1 1 1 1 0 0 0 0
160	1	1 0 0 0 0 1 0 1 1 0 0 1 0 0 0 0
160	1	1 1 0 0 0 1 0 0 1 1 0 0 0 0 1 0
160	2	1 0 0 1 0 1 0 0 1 1 0 0 0 0 0 0
160	2	0 1 1 0 1 1 1 1 0 0 1 0 0 0 0 0
160	1	1 1 1 0 0 1 1 0 1 0 0 0 0 0 0 1
160	1	1 0 0 0 0 1 0 0 0 0 1 1 0 0 0 1
160	1	0 1 0 0 0 1 0 0 1 0 1 1 0 1 0 0
160	1	1 1 0 0 0 1 1 0 0 1 0 0 1 0 0 0
160	1	0 1 1 0 0 1 0 0 0 1 1 0 0 0 0 0
160	1	0 0 1 0 1 1 0 0 1 1 1 0 0 1 0 0
160	2	0 0 1 0 1 1 0 1 0 1 1 0 0 1 0 0
170	23	0 1 1 0 0 1 1 0 1 1 0 0 0 0 0 0
170	3	0 1 0 0 0 1 1 0 0 0 1 0 0 0 0 0
170	2	1 0 0 0 0 1 0 0 0 0 1 1 0 0 0 0
170	1	0 0 1 0 0 1 0 0 0 1 1 0 0 0 0 0
170	3	0 1 1 0 0 1 1 0 1 0 0 0 0 0 0 0
170	3	1 0 0 0 1 0 1 0 1 1 0 0 0 0 0 0
170	2	0 1 0 1 0 0 1 0 1 1 1 1 0 0 0 0
170	1	0 1 1 0 0 1 1 0 1 0 1 0 0 0 0 0
170	3	0 0 1 0 0 1 0 0 0 1 1 0 0 1 0 0
170	2	0 1 0 1 0 0 1 0 1 1 0 1 0 0 0 0
170	3	1 0 0 1 0 0 1 0 1 1 1 1 0 0 0 0
170	4	0 0 1 0 0 1 0 0 0 1 1 0 0 0 0 1
170	2	0 1 0 1 0 1 0 0 1 0 1 1 0 0 0 0
170	1	1 1 0 0 0 1 0 0 0 0 0 1 0 0 0 0
170	2	1 0 1 0 0 1 0 0 0 0 1 1 0 0 0 0
170	2	0 1 0 1 0 1 1 0 1 1 1 0 0 0 0 0
170	2	0 1 1 0 1 1 0 1 0 0 0 0 0 0 0 0
170	1	0 1 1 0 0 1 1 0 0 1 1 1 0 0 0 0
170	1	0 0 0 1 0 0 1 0 1 0 1 1 0 0 0 0
170	1	0 1 0 0 0 1 0 0 1 1 0 0 0 0 0 0
170	1	1 1 0 0 0 1 1 0 0 1 0 0 0 0 0 0
170	1	1 1 0 0 0 1 0 0 1 1 0 0 0 0 0 0
170	1	0 1 1 0 0 1 1 1 0 0 1 0 0 0 0 0
170	2	0 0 1 0 0 0 0 0 0 1 1 0 0 0 0 0
170	1	0 1 1 0 0 1 1 0 1 1 0 1 0 0 0 0
170	5	0 1 1 0 0 0 0 0 0 0 1 1 0 0 0 0
170	1	0 1 1 0 0 1 1 1 0 0 1 1 0 0 0 0
170	3	1 0 0 0 1 1 0 0 0 0 1 1 0 0 0 0
170	1	1 0 0 0 0 1 0 0 0 0 0 0 0 0 0 0
170	2	1 1 1 0 1 0 1 0 1 1 0 0 0 0 0 0
170	2	0 1 1 1 0 1 0 0 0 0 1 1 0 0 0 0
170	4	0 1 1 1 0 1 1 0 1 1 0 0 0 0 0 0
170	1	0 1 1 0 0 1 1 0 0 0 0 0 1 0 0 0
170	1	0 1 1 1 0 0 1 0 1 1 0 0 0 0 0 0
170	1	0 0 0 0 0 1 1 0 1 1 0 0 0 0 0 0
170	2	1 1 0 0 0 1 0 0 0 0 1 1 0 0 0 0
170	3	0 1 0 0 0 1 0 0 0 1 1 0 0 1 0 0
170	2	0 0 1 0 0 0 0 0 0 1 1 0 1 0 0 0
170	1	0 0 0 1 0 1 1 0 1 1 1 1 0 0 0 0
170	1	0 1 1 1 0 1 1 0 1 1 1 0 0 0 0 0
170	1	0 1 1 1 0 1 1 1 1 0 0 0 0 0 0 0
170	1	0 1 1 0 0 1 1 0 0 0 1 1 0 0 0 0
180	16	0 1 1 0 0 1 1 0 1 1 0 0 0 0 0 0
180	1	0 1 0 0 0 1 1 0 0 0 1 0 0 0 0 0
180	6	1 0 0 0 0 1 0 0 0 0 1 1 0 0 0 0
180	2	0 0 1 0 0 1 0 0 0 1 1 0 0 0 0 0
180	2	0 1 1 0 0 1 1 0 1 0 0 0 0 0 0 0
180	3	0 1 0 0 0 1 1 0 1 1 0 0 0 0 0 0
180	1	1 0 0 0 1 1 0 0 0 1 0 0 0 0 0 0
180	1	0 1 1 0 0 1 1 0 1 0 1 0 0 0 0 0
180	2	0 1 1 0 1 1 1 0 1 1 0 0 0 0 1 0
180	1	1 0 0 1 0 0 1 0 1 1 1 1 0 0 0 0
180	2	0 1 0 1 0 1 1 0 1 1 1 0 0 0 0 0
180	2	0 1 1 0 1 1 0 1 0 0 0 0 0 0 0 0
180	2	0 0 0 1 0 0 1 0 1 0 1 1 0 0 0 0
180	1	0 1 0 0 0 1 0 0 1 1 0 0 0 0 0 0
180	3	1 1 0 0 0 1 1 0 0 1 0 0 0 0 0 0
180	2	0 1 1 0 0 1 0 0 1 1 1 0 0 0 0 0
180	2	0 1 1 0 0 1 1 1 0 0 1 0 0 0 0 0
180	1	0 0 1 0 0 0 0 0 0 1 1 0 0 0 0 0
180	2	0 1 1 0 0 1 1 0 1 1 0 1 0 0 0 0
180	2	0 1 1 0 0 1 1 1 0 0 1 1 0 0 0 0
180	2	1 0 0 0 1 1 0 0 0 0 1 1 0 0 0 0
180	4	1 1 0 1 1 1 0 0 0 1 0 0 0 0 0 0
180	1	1 1 1 0 1 0 1 0 1 1 0 0 0 0 0 0
180	3	0 1 1 1 0 1 0 0 0 0 1 1 0 0 0 0
180	3	0 1 1 1 0 1 1 0 1 1 0 0 0 0 0 0
180	1	1 1 1 0 0 1 0 0 0 1 1 0 0 0 0 0
180	1	0 1 1 0 0 1 1 0 0 0 0 0 1 0 0 0
180	3	0 1 1 1 0 0 1 0 1 1 0 0 0 0 0 0
180	1	1 1 1 0 0 1 1 0 1 1 0 0 0 0 0 1
180	2	0 1 1 0 0 1 1 1 1 1 0 0 0 0 0 0
180	3	1 1 0 0 0 1 0 0 0 0 1 1 0 0 0 0
180	1	0 1 1 0 0 1 1 0 1 1 0 0 0 1 0 0
180	6	0 1 1 0 0 1 1 0 1 0 0 0 0 0 0 1
180	1	0 1 0 0 0 1 0 0 0 0 1 0 0 0 0 0
180	1	1 0 0 0 0 1 0 0 0 1 1 0 0 0 0 0
180	2	0 1 1 0 0 1 1 0 1 1 1 0 0 0 0 0
180	1	0 1 1 0 1 1 1 0 1 1 0 0 1 0 1 0
180	1	1 1 1 0 0 1 0 0 0 0 0 1 0 0 0 0
180	1	1 0 0 0 1 0 1 0 0 0 1 1 0 0 0 0
180	2	0 1 1 0 0 1 1 1 0 0 0 0 0 0 0 0
180	2	0 1 0 1 1 1 0 0 0 0 1 1 0 0 0 0
180	1	0 1 0 0 0 1 1 0 0 1 0 0 0 0 0 0
180	1	0 1 0 1 0 1 1 0 1 1 1 0 0 0 1 0
180	1	0 0 1 0 0 0 0 0 0 1 1 0 0 1 0 0
180	1	1 1 1 1 1 1 0 0 0 1 0 0 0 0 0 0
190	21	0 1 1 0 0 1 1 0 1 1 0 0 0 0 0 0
190	3	1 0 0 0 0 1 0 0 0 0 1 1 0 0 0 0
190	1	0 0 1 0 0 1 0 0 0 1 1 0 0 0 0 0
190	1	0 1 1 0 0 1 1 0 1 0 0 0 0 0 0 0
190	5	1 1 1 0 0 1 1 0 1 1 0 0 0 0 0 0
190	1	0 1 0 0 0 1 1 0 1 1 0 0 0 0 0 0
190	2	0 1 0 1 0 1 1 0 1 1 1 0 0 0 0 0
190	3	0 1 1 0 1 1 0 1 0 0 0 0 0 0 0 0
190	3	1 1 0 0 0 1 1 0 0 1 0 0 0 0 0 0
190	4	0 0 1 0 0 0 0 0 0 1 1 0 0 0 0 0
190	5	0 1 1 0 0 1 1 0 1 1 0 1 0 0 0 0
190	1	0 1 1 0 0 0 0 0 0 0 1 1 0 0 0 0
190	1	0 1 1 0 0 1 1 1 0 0 1 1 0 0 0 0
190	1	1 0 0 0 1 1 0 0 0 0 1 1 0 0 0 0
190	5	1 1 0 1 1 1 0 0 0 1 0 0 0 0 0 0
190	2	1 1 1 0 1 0 1 0 1 1 0 0 0 0 0 0
190	2	0 1 1 1 0 1 1 0 1 1 0 0 0 0 0 0
190	1	0 1 1 1 0 0 1 0 1 1 0 0 0 0 0 0
190	2	1 1 0 0 0 1 0 0 0 0 1 1 0 0 0 0
190	1	1 0 0 0 1 0 1 0 1 1 1 1 0 0 0 0
190	1	0 1 1 0 0 1 1 0 1 0 0 0 0 0 0 1
190	2	1 0 0 0 0 1 0 0 1 1 1 0 0 0 0 0
190	1	1 1 1 0 0 0 0 0 0 0 1 1 0 0 0 0
190	1	0 1 1 0 0 1 1 0 0 0 1 1 0 0 0 0
190	1	0 1 0 0 0 1 0 0 0 0 1 0 0 0 0 0
190	1	0 1 1 0 0 1 1 0 1 1 1 0 0 0 0 0
190	2	1 1 1 0 0 1 0 0 0 0 0 1 0 0 0 0
190	2	0 1 1 1 0 1 0 0 1 0 0 0 0 0 0 0
190	1	0 1 0 1 1 1 0 0 0 0 1 1 0 0 0 0
190	2	1 0 0 1 1 0 1 0 0 0 0 0 0 0 0 1
190	1	0 1 1 1 0 1 0 0 0 0 1 1 0 0 1 0
190	1	0 1 1 0 1 1 0 0 1 0 1 1 0 0 0 0
190	2	1 1 0 1 1 1 0 1 0 1 0 0 0 0 0 0
190	1	0 1 1 0 0 1 0 0 0 1 1 0 0 0 0 0
190	1	0 1 1 0 0 1 1 0 1 1 0 0 0 0 1 0
190	2	0 1 1 0 0 1 1 0 1 0 0 0 0 1 0 1
190	2	1 1 0 1 0 1 1 0 1 1 1 0 0 0 0 0
190	1	0 1 1 0 0 1 0 0 1 0 1 1 0 0 0 0
190	1	1 0 1 0 0 1 1 0 1 1 0 0 0 0 0 0
190	2	0 1 1 0 1 1 0 0 1 0 1 0 0 0 0 0
190	1	1 0 0 0 0 1 1 0 0 1 1 1 0 0 0 0
190	1	1 1 1 0 0 1 0 0 0 0 0 1 1 0 0 1
190	1	0 1 1 0 0 1 1 0 1 1 0 0 0 0 0 1
190	1	1 0 0 0 0 1 0 0 0 0 1 0 0 0 0 0
190	1	1 1 1 1 1 1 0 0 0 1 0 0 0 0 0 1
190	1	0 1 1 1 1 1 0 0 0 1 0 0 0 0 0 0
190	1	0 1 1 0 1 1 1 1 0 0 1 1 0 1 0 0
200	17	0 1 1 0 0 1 1 0 1 1 0 0 0 0 0 0
200	5	1 0 0 0 0 1 0 0 0 0 1 1 0 0 0 0
200	1	0 0 1 0 0 1 0 0 0 1 1 0 0 0 0 0
200	2	1 1 1 0 0 1 1 0 1 1 0 0 0 0 0 0
200	1	0 1 0 0 0 1 1 0 1 1 0 0 0 0 0 0
200	1	0 1 0 1 0 1 0 0 1 0 1 1 0 0 0 0
200	1	0 1 0 1 0 1 1 0 1 1 1 0 0 0 0 0
200	1	0 1 1 0 1 1 0 1 0 0 0 0 0 0 0 0
200	1	0 1 1 0 0 1 1 0 1 1 0 1 0 0 0 0
200	1	0 1 1 0 0 0 0 0 0 0 1 1 0 0 0 0
200	1	0 1 1 0 0 1 1 1 0 0 1 1 0 0 0 0
200	5	1 0 0 0 1 1 0 0 0 0 1 1 0 0 0 0
200	1	1 1 0 1 1 1 0 0 0 1 0 0 0 0 0 0
200	10	0 1 1 1 0 1 1 0 1 1 0 0 0 0 0 0
200	3	0 1 1 1 0 0 1 0 1 1 0 0 0 0 0 0
200	1	1 1 0 0 0 1 0 0 0 0 1 1 0 0 0 0
200	1	0 1 1 0 0 1 1 0 1 0 0 0 0 0 0 1
200	2	1 0 0 0 0 1 0 0 1 1 1 0 0 0 0 0
200	2	0 1 1 0 0 1 1 0 0 0 1 1 0 0 0 0
200	1	1 1 1 0 0 1 0 0 0 0 0 1 0 0 0 0
200	2	0 1 1 1 0 1 0 0 1 0 0 0 0 0 0 0
200	1	1 0 0 1 1 0 1 0 0 0 0 0 0 0 0 1
200	2	0 1 1 1 0 0 1 0 0 1 0 0 0 0 0 0
200	2	0 1 0 0 0 1 0 0 0 0 1 1 0 0 0 0
200	1	1 1 0 1 1 1 0 1 0 1 0 0 0 0 0 0
200	3	0 1 1 0 0 1 1 0 1 0 0 0 0 1 0 1
200	1	1 0 1 0 0 1 1 0 1 1 0 0 0 0 0 0
200	1	0 1 1 0 0 1 1 0 1 1 1 1 0 0 0 0
200	2	0 1 1 0 0 1 1 1 0 0 1 1 0 1 0 0
200	1	1 0 0 0 0 1 0 0 1 1 0 0 0 0 0 0
200	1	0 1 1 0 0 1 1 0 1 1 0 0 0 0 0 1
200	1	0 1 0 0 0 1 1 0 1 1 1 0 0 0 0 0
200	2	0 0 1 0 1 1 0 0 1 0 1 0 0 0 0 0
200	2	1 0 0 0 0 1 1 0 1 1 0 0 0 0 0 0
200	1	0 1 1 1 0 1 1 0 1 1 0 0 0 1 0 0
200	2	1 1 0 1 1 0 0 1 0 1 0 0 0 0 0 0
200	2	0 1 1 0 0 1 0 0 1 1 1 0 0 0 0 0
200	1	1 0 0 1 0 1 0 0 1 1 0 0 0 0 0 0
200	1	0 0 0 1 0 0 1 0 1 0 1 1 0 0 0 1
200	1	1 1 0 1 1 1 0 0 1 1 0 0 0 0 0 0
200	1	0 1 1 0 0 1 0 0 0 0 1 1 0 0 0 0
200	1	1 0 1 1 0 1 1 0 1 1 0 0 0 0 0 0
200	1	1 0 0 0 1 1 0 0 1 0 1 0 0 0 0 0
200	2	0 1 1 1 0 1 1 0 1 1 1 0 0 0 0 0
200	1	0 1 1 0 0 1 1 0 1 1 0 1 0 0 0 1
200	1	0 1 1 0 0 1 1 0 1 1 0 0 0 1 0 0
200	2	0 1 0 1 0 0 1 0 1 1 0 0 0 0 0 0
200	1	1 1 0 1 1 0 0 0 1 1 0 0 0 0 0 0
200	1	0 1 1 0 0 1 1 1 0 1 1 1 0 0 0 0
200	1	0 1 1 1 0 1 1 1 0 0 1 1 0 0 0 0
210	5	0 1 1 0 0 1 1 0 1 1 0 0 0 0 0 0
210	1	1 0 0 0 0 1 0 0 0 0 1 1 0 0 0 0
210	3	0 0 1 0 0 1 0 0 0 1 1 0 0 0 0 0
210	2	0 1 1 0 0 1 1 0 1 0 0 0 0 0 0 0
210	4	1 1 1 0 0 1 1 0 1 1 0 0 0 0 0 0
210	2	0 1 0 1 0 1 1 0 1 1 1 0 0 0 0 0
210	2	0 1 1 0 1 1 0 1 0 0 0 0 0 0 0 0
210	3	0 1 1 0 0 1 1 0 1 1 0 1 0 0 0 0
210	1	0 1 1 0 0 1 1 1 0 0 1 1 0 0 0 0
210	3	1 0 0 0 1 1 0 0 0 0 1 1 0 0 0 0
210	2	1 1 1 0 1 0 1 0 1 1 0 0 0 0 0 0
210	10	0 1 1 1 0 1 1 0 1 1 0 0 0 0 0 0
210	6	1 1 1 0 0 1 0 0 0 1 1 0 0 0 0 0
210	3	0 1 1 1 0 0 1 0 1 1 0 0 0 0 0 0
210	1	0 1 1 0 0 0 1 0 1 1 0 0 0 0 0 0
210	1	1 1 0 0 0 1 0 0 0 0 1 1 0 0 0 0
210	1	0 1 1 0 0 1 1 0 0 0 1 1 0 0 0 0
210	4	1 1 1 0 0 1 0 0 0 0 0 1 0 0 0 0
210	2	0 1 1 1 0 1 0 0 1 0 0 0 0 0 0 0
210	1	0 1 1 0 1 1 0 0 1 0 1 1 0 0 0 0
210	1	0 1 1 0 0 1 1 0 1 0 0 0 0 1 0 1
210	1	1 0 1 0 0 1 1 0 1 1 0 0 0 0 0 0
210	5	0 1 1 0 0 1 1 0 1 1 1 1 0 0 0 0
210	3	0 1 1 0 0 1 1 1 0 0 1 1 0 1 0 0
210	2	0 1 1 0 1 1 0 0 1 0 1 0 0 0 0 0
210	1	1 1 0 0 0 1 0 0 0 1 0 0 0 0 0 0
210	1	0 1 0 0 0 1 1 0 1 1 1 0 0 0 0 0
210	1	0 0 1 0 1 1 0 0 1 0 1 0 0 0 0 0
210	1	1 1 0 1 1 1 0 1 0 0 0 0 0 0 0 0
210	2	1 0 0 0 0 1 1 0 1 1 0 0 0 0 0 0
210	3	0 1 1 0 0 1 1 0 0 1 1 0 0 0 0 0
210	1	0 1 1 0 0 1 0 0 1 1 1 0 0 0 0 0
210	1	1 1 1 0 0 1 0 0 0 0 1 1 0 0 0 0
210	2	1 0 0 0 1 1 0 0 1 0 1 0 0 0 0 0
210	1	0 1 1 0 0 1 0 1 0 0 1 1 0 0 0 0
210	1	0 1 0 1 1 1 0 0 0 0 1 1 0 0 1 0
210	1	0 1 0 0 1 0 1 0 1 1 0 0 0 0 0 0
210	1	1 0 0 1 0 1 1 0 1 1 0 0 0 0 0 0
210	1	0 1 0 1 1 1 0 0 0 0 1 1 1 0 1 0
210	2	0 1 0 1 1 1 0 1 0 1 0 0 0 0 0 0
210	1	0 1 1 1 0 0 1 0 0 0 0 0 0 0 0 0
210	1	0 1 0 1 0 1 0 0 1 0 0 1 0 0 0 0
210	1	1 0 0 0 1 1 0 0 0 0 1 0 0 0 0 0
210	1	0 1 0 1 0 0 1 0 1 1 0 0 0 0 0 0
210	2	1 1 1 0 0 1 1 0 0 1 1 0 0 0 0 0
210	1	1 0 0 1 1 0 1 0 0 0 0 0 0 0 0 0
210	1	1 0 0 1 1 0 1 0 1 0 1 0 0 0 0 0
210	2	0 1 0 0 0 1 1 0 1 1 1 0 0 0 0 1
210	1	1 1 0 0 0 0 0 0 0 0 0 1 0 0 0 0
220	3	0 1 1 0 0 1 1 0 1 1 0 0 0 0 0 0
220	1	1 0 0 0 0 1 0 0 0 0 1 1 0 0 0 0
220	1	0 0 1 0 0 1 0 0 0 1 1 0 0 0 0 0
220	2	1 1 1 0 0 1 1 0 1 1 0 0 0 0 0 0
220	2	0 1 0 1 0 1 1 0 1 1 1 0 0 0 0 0
220	4	0 1 1 0 0 1 1 0 1 1 0 1 0 0 0 0
220	7	1 1 1 0 1 0 1 0 1 1 0 0 0 0 0 0
220	17	0 1 1 1 0 1 1 0 1 1 0 0 0 0 0 0
220	1	1 1 1 0 0 1 0 0 0 1 1 0 0 0 0 0
220	4	0 1 1 1 0 0 1 0 1 1 0 0 0 0 0 0
220	2	0 1 1 0 0 0 1 0 1 1 0 0 0 0 0 0
220	1	1 1 0 0 0 1 0 0 0 0 1 1 0 0 0 0
220	1	0 1 1 0 0 1 1 0 1 1 1 0 0 0 0 0
220	3	1 1 1 0 0 1 0 0 0 0 0 1 0 0 0 0
220	5	0 1 1 1 0 1 0 0 1 0 0 0 0 0 0 0
220	3	1 1 0 1 1 1 0 1 0 1 0 0 0 0 0 0
220	2	0 1 1 0 0 1 1 0 1 1 1 1 0 0 0 0
220	2	0 1 1 0 0 1 1 1 0 0 1 1 0 1 0 0
220	1	0 1 1 0 1 1 0 0 1 0 1 0 0 0 0 0
220	1	1 1 0 0 0 1 0 0 0 1 0 0 0 0 0 0
220	2	0 1 1 0 0 1 1 0 0 1 1 0 0 0 0 0
220	2	0 1 1 0 0 1 0 0 1 1 1 0 0 0 0 0
220	1	1 0 0 1 1 0 1 0 1 1 0 0 0 0 0 0
220	1	0 1 1 0 0 1 0 1 0 0 1 1 0 0 0 0
220	2	0 1 0 0 1 0 1 0 1 1 0 0 0 0 0 0
220	1	0 1 1 0 0 1 1 0 1 0 0 0 0 1 0 0
220	1	0 1 0 1 1 1 0 0 0 0 1 1 1 0 1 0
220	1	0 1 1 0 0 0 1 0 0 0 1 1 0 0 0 0
220	1	0 1 0 1 1 1 0 1 0 1 0 0 0 0 0 0
220	1	0 0 0 0 0 1 0 0 0 0 1 1 0 0 0 0
220	2	1 1 1 0 0 1 1 0 1 0 0 0 0 0 0 0
220	1	1 1 1 0 0 1 0 1 0 0 0 1 0 0 0 0
220	1	1 1 0 0 1 0 1 0 1 1 0 0 0 0 1 0
220	1	1 1 0 0 0 1 0 0 0 1 1 0 0 0 0 0
220	4	0 1 1 1 0 1 0 0 1 1 1 0 0 0 0 0
220	1	0 1 1 0 0 1 1 0 1 1 0 0 1 0 0 0
220	2	1 1 1 0 0 1 1 0 1 1 1 0 0 0 0 0
220	2	0 1 1 0 0 1 0 0 1 0 0 0 0 0 0 0
220	3	1 1 1 0 0 0 0 0 0 0 1 1 0 0 0 0
220	1	0 1 1 0 0 1 0 0 0 1 1 0 0 0 0 0
220	1	0 1 1 0 0 1 1 1 0 0 0 0 0 0 0 0
220	1	0 1 0 1 1 1 0 1 0 1 0 0 0 0 1 0
220	1	0 1 1 0 0 1 1 1 1 0 1 1 0 1 0 0
220	1	0 1 1 0 0 1 1 0 0 1 0 0 0 0 1 0
220	1	0 1 1 1 0 1 0 0 1 1 1 1 0 0 0 0
220	1	1 1 1 0 0 1 0 0 0 1 1 1 0 1 0 0
230	7	0 1 1 0 0 1 1 0 1 1 0 0 0 0 0 0
230	1	1 0 0 0 0 1 0 0 0 0 1 1 0 0 0 0
230	3	0 0 1 0 0 1 0 0 0 1 1 0 0 0 0 0
230	1	1 1 1 0 0 1 1 0 1 1 0 0 0 0 0 0
230	2	1 1 1 0 1 0 1 0 1 1 0 0 0 0 0 0
230	14	0 1 1 1 0 1 1 0 1 1 0 0 0 0 0 0
230	8	1 1 1 0 0 1 0 0 0 1 1 0 0 0 0 0
230	7	0 1 1 1 0 0 1 0 1 1 0 0 0 0 0 0
230	1	1 1 0 0 0 1 0 0 0 0 1 1 0 0 0 0
230	9	0 1 1 0 0 1 1 0 1 1 1 0 0 0 0 0
230	2	1 1 1 0 0 1 0 0 0 0 0 1 0 0 0 0
230	2	0 1 1 1 0 1 0 0 1 0 0 0 0 0 0 0
230	3	1 1 0 1 1 1 0 1 0 1 0 0 0 0 0 0
230	1	0 1 1 0 0 1 1 1 0 0 1 1 0 1 0 0
230	3	0 1 1 0 0 1 0 0 1 1 1 0 0 0 0 0
230	1	0 1 1 0 0 1 1 0 1 0 0 0 0 1 0 0
230	1	0 1 1 1 1 1 0 1 0 0 0 0 0 0 0 0
230	1	0 1 0 1 1 1 0 1 0 1 0 0 0 0 0 0
230	2	0 1 1 1 0 0 1 0 0 0 0 0 0 0 0 0
230	3	1 1 1 0 0 1 1 0 1 0 0 0 0 0 0 0
230	1	1 1 1 0 0 0 0 0 0 0 0 1 0 0 0 0
230	4	0 1 1 1 0 1 0 0 1 1 1 0 0 0 0 0
230	2	1 1 1 0 0 1 1 0 1 1 1 0 0 0 0 0
230	2	1 1 0 0 0 1 1 0 1 1 0 1 0 0 0 0
230	1	1 1 0 0 0 0 0 0 1 0 0 1 0 0 0 0
230	1	0 1 1 0 0 1 1 0 0 0 1 1 0 1 0 0
230	1	1 1 0 0 1 1 0 1 0 1 0 0 0 0 0 0
230	1	0 1 1 1 1 1 0 0 0 1 1 0 0 0 0 0
230	1	0 1 1 1 0 1 1 0 0 0 0 0 0 0 0 0
230	1	0 1 1 1 0 1 1 0 1 1 1 0 0 0 0 0
230	2	0 1 1 0 0 1 1 0 1 0 1 0 0 0 0 0
230	1	1 1 0 1 1 1 0 0 1 0 1 0 0 1 0 0
230	1	1 0 1 0 0 1 1 0 1 1 1 0 0 0 0 0
230	1	1 1 1 0 0 1 1 0 0 1 1 0 0 0 0 0
230	1	0 0 1 0 0 1 0 0 1 1 1 0 0 1 0 0
230	1	1 1 0 1 1 1 0 1 0 1 0 0 0 0 1 0
230	3	0 0 1 0 1 1 1 0 1 1 0 1 0 0 0 0
230	1	0 1 1 1 0 1 1 0 1 0 0 0 0 0 0 0
230	1	1 1 0 1 1 1 0 1 0 1 0 0 0 0 0 1
230	1	1 1 1 0 0 1 0 1 0 1 0 0 0 0 1 0
240	3	0 1 1 0 0 1 1 0 1 1 0 0 0 0 0 0
240	4	0 0 1 0 0 1 0 0 0 1 1 0 0 0 0 0
240	1	0 1 1 0 0 1 1 0 1 0 0 0 0 0 0 0
240	2	1 1 1 0 0 1 1 0 1 1 0 0 0 0 0 0
240	2	1 1 1 0 1 0 1 0 1 1 0 0 0 0 0 0
240	9	0 1 1 1 0 1 1 0 1 1 0 0 0 0 0 0
240	4	1 1 1 0 0 1 0 0 0 1 1 0 0 0 0 0
240	4	0 1 1 1 0 0 1 0 1 1 0 0 0 0 0 0
240	10	0 1 1 0 0 1 1 0 1 1 1 0 0 0 0 0
240	1	0 1 1 1 0 1 0 0 1 0 0 0 0 0 0 0
240	3	0 1 1 0 0 1 1 0 1 1 1 1 0 0 0 0
240	1	0 1 1 0 0 1 1 1 0 0 1 1 0 1 0 0
240	2	0 1 1 0 0 1 0 0 1 1 1 0 0 0 0 0
240	6	0 1 1 0 0 1 1 0 1 0 0 0 0 1 0 0
240	1	0 1 1 1 1 1 0 1 0 0 0 0 0 0 0 0
240	2	0 1 0 1 1 1 0 1 0 1 0 0 0 0 0 0
240	1	0 1 1 1 0 0 1 0 0 0 0 0 0 0 0 0
240	2	1 1 1 0 0 1 1 0 1 0 0 0 0 0 0 0
240	1	1 1 0 0 0 1 0 0 0 1 1 0 0 0 0 0
240	1	0 1 1 1 0 1 0 0 1 1 1 0 0 0 0 0
240	1	1 1 1 0 0 1 1 0 1 1 1 0 0 0 0 0
240	1	0 1 0 1 1 1 0 0 0 0 0 0 0 0 0 0
240	2	0 1 1 0 0 1 1 1 0 0 0 0 0 0 0 0
240	1	0 1 1 0 0 1 1 0 1 1 0 0 0 1 0 0
240	2	0 1 0 1 0 0 0 0 1 0 0 1 0 0 0 0
240	1	0 1 1 1 0 1 1 0 0 0 0 0 0 0 0 0
240	1	0 1 1 1 0 1 1 0 1 1 1 0 0 0 0 0
240	2	0 1 1 0 0 1 1 0 1 0 1 0 0 0 0 0
240	1	1 1 0 1 1 1 0 0 1 0 1 0 0 1 0 0
240	1	0 0 1 0 0 1 0 0 1 1 1 0 0 1 0 0
240	2	0 1 0 1 1 1 0 0 0 0 0 0 0 0 1 0
240	2	1 1 0 1 1 1 0 1 0 1 0 0 0 0 1 0
240	1	0 1 1 1 0 1 1 0 1 0 0 0 0 0 0 0
240	1	1 1 0 1 1 1 0 1 0 1 0 0 0 0 0 1
240	1	0 1 1 1 0 1 0 0 1 0 1 0 0 1 0 0
240	1	1 1 1 0 0 1 0 1 0 1 0 0 0 0 1 0
240	1	0 1 1 0 0 1 1 0 1 1 0 1 1 0 0 0
240	1	1 1 1 0 0 1 0 1 0 0 0 0 0 0 1 0
240	1	0 1 1 1 0 1 0 0 0 0 1 1 0 1 0 0
240	1	1 1 1 0 0 1 0 0 0 0 1 0 0 0 0 0
240	1	0 1 1 1 1 1 0 1 0 0 0 0 0 1 0 0
240	1	0 1 1 0 0 1 1 0 1 1 0 0 0 0 1 0
240	1	0 0 1 1 0 1 1 0 1 1 0 0 0 0 0 0
240	2	0 1 1 0 0 1 0 0 1 1 0 0 0 0 0 0
240	1	0 1 1 1 0 0 1 0 0 0 1 0 0 0 0 0
240	1	0 1 1 0 0 1 1 0 1 1 0 1 1 0 1 0
240	1	0 1 1 1 0 0 1 0 1 0 0 0 0 0 0 0
240	2	1 0 1 1 0 0 1 0 1 0 0 0 0 0 0 0
240	1	0 1 1 0 0 1 1 0 1 0 0 0 0 1 1 0
240	1	1 1 0 0 0 1 1 0 1 0 0 0 0 0 0 0
240	1	0 1 1 0 0 1 1 0 1 0 1 0 0 1 0 1
240	1	0 1 1 1 1 1 0 1 0 1 0 0 0 0 0 0
240	1	0 1 0 1 0 1 1 0 0 1 1 0 0 0 0 0
250	1	0 1 1 0 0 1 1 0 1 1 0 0 0 0 0 0
250	2	0 0 1 0 0 1 0 0 0 1 1 0 0 0 0 0
250	1	0 1 1 0 0 1 1 0 1 0 0 0 0 0 0 0
250	2	0 1 1 0 0 1 1 0 1 1 0 1 0 0 0 0
250	5	1 1 1 0 1 0 1 0 1 1 0 0 0 0 0 0
250	10	0 1 1 1 0 1 1 0 1 1 0 0 0 0 0 0
250	3	0 1 1 1 0 0 1 0 1 1 0 0 0 0 0 0
250	9	0 1 1 0 0 1 1 0 1 1 1 0 0 0 0 0
250	2	0 1 1 0 0 1 1 0 1 1 1 1 0 0 0 0
250	1	0 1 1 0 1 1 0 0 1 0 1 0 0 0 0 0
250	3	0 1 1 0 0 1 0 0 1 1 1 0 0 0 0 0
250	4	1 0 1 1 0 1 1 0 1 0 0 0 0 0 0 0
250	2	0 1 1 0 0 1 1 0 1 0 0 0 0 1 0 0
250	1	0 1 1 1 1 1 0 1 0 0 0 0 0 0 0 0
250	3	0 1 0 1 1 1 0 1 0 1 0 0 0 0 0 0
250	1	1 1 1 0 0 1 1 0 1 0 0 0 0 0 0 0
250	1	1 1 1 0 0 1 1 0 1 1 1 0 0 0 0 0
250	1	0 1 0 1 0 0 0 0 1 0 0 1 0 0 0 0
250	2	0 1 1 0 0 1 1 0 1 0 1 0 0 0 0 0
250	3	0 0 1 0 0 1 0 0 1 1 1 0 0 1 0 0
250	2	0 1 0 1 1 1 0 0 0 0 0 0 0 0 1 0
250	2	1 1 0 1 1 1 0 1 0 1 0 0 0 0 1 0
250	1	0 0 1 0 1 1 1 0 1 1 0 1 0 0 0 0
250	1	0 1 1 0 0 1 0 0 1 1 0 1 0 0 0 0
250	2	1 1 1 0 0 1 0 1 0 0 0 0 0 0 1 0
250	2	0 1 1 1 0 1 0 0 0 0 1 1 0 1 0 0
250	1	0 1 1 1 1 1 0 1 0 0 0 0 0 1 0 0
250	3	0 0 1 1 0 0 1 0 1 0 0 0 0 0 0 0
250	1	0 1 1 1 0 1 1 0 1 1 0 0 0 0 1 0
250	1	1 1 1 0 0 1 0 0 0 1 1 0 0 0 1 0
250	1	0 1 1 0 0 1 1 0 0 1 1 0 0 0 0 0
250	2	0 1 1 1 0 0 1 0 1 0 0 0 0 0 0 0
250	1	0 0 1 0 0 1 0 0 0 1 0 0 0 0 0 0
250	1	0 1 0 1 1 1 0 0 0 1 0 0 0 0 0 0
250	1	0 1 0 1 1 1 1 0 0 0 0 0 0 0 1 0
250	2	1 1 1 0 0 1 1 0 1 0 1 0 0 0 0 0
250	2	0 1 1 0 0 1 0 1 0 1 0 0 0 0 1 0
250	2	1 1 1 1 0 1 1 0 1 1 0 0 0 0 0 0
250	1	1 1 1 0 0 1 1 0 1 0 0 1 0 0 0 0
250	1	1 0 1 1 1 0 1 0 1 0 0 0 0 0 0 0
250	1	0 1 1 0 0 0 1 0 1 1 0 0 0 0 0 0
250	1	1 1 1 0 0 1 1 0 1 0 0 0 0 1 0 0
250	1	0 0 1 1 0 0 1 0 1 1 1 0 0 0 0 0
250	2	1 0 1 1 0 1 1 1 1 0 0 0 0 0 0 0
250	4	0 1 1 1 0 1 1 0 1 1 1 0 0 0 0 0
250	1	0 1 1 0 0 1 0 0 0 0 0 0 0 0 0 0
250	1	1 1 1 0 0 1 1 0 1 0 0 0 0 0 1 0
250	1	0 1 1 0 0 1 0 0 1 1 1 1 0 0 0 0
250	1	1 0 0 1 1 1 0 1 1 1 1 0 0 0 0 0
260	3	0 0 1 0 0 1 0 0 0 1 1 0 0 0 0 0
260	2	1 1 1 0 1 0 1 0 1 1 0 0 0 0 0 0
260	9	0 1 1 1 0 1 1 0 1 1 0 0 0 0 0 0
260	1	1 1 1 0 0 1 0 0 0 1 1 0 0 0 0 0
260	8	0 1 1 0 0 1 1 0 1 1 1 0 0 0 0 0
260	4	0 1 1 0 1 1 0 0 1 0 1 0 0 0 0 0
260	4	0 1 1 0 0 1 0 0 1 1 1 0 0 0 0 0
260	1	0 1 1 0 0 1 1 0 1 0 0 0 0 1 0 0
260	1	0 1 0 1 1 1 0 1 0 1 0 0 0 0 0 0
260	3	0 1 1 1 0 0 1 0 0 0 0 0 0 0 0 0
260	4	1 1 1 0 0 1 1 0 1 0 0 0 0 0 0 0
260	3	1 1 1 0 0 1 1 0 1 1 1 0 0 0 0 0
260	2	0 1 0 1 0 0 0 0 1 0 0 1 0 0 0 0
260	2	0 1 1 1 1 1 0 0 0 1 1 0 0 0 0 0
260	4	0 1 1 0 0 1 1 0 1 0 1 0 0 0 0 0
260	1	0 1 1 0 0 1 0 0 1 1 0 1 0 0 0 0
260	1	1 1 1 0 1 0 1 0 0 1 0 0 0 0 0 0
260	1	1 1 1 0 0 1 0 1 0 1 0 0 0 0 1 0
260	1	0 1 1 1 0 1 0 0 0 0 1 1 0 1 0 0
260	2	0 1 1 1 1 1 0 1 0 0 0 0 0 1 0 0
260	2	0 0 1 1 0 0 1 0 1 0 0 0 0 0 0 0
260	3	0 1 1 1 0 1 0 0 0 1 1 0 0 0 0 0
260	1	0 0 1 0 0 1 0 0 0 1 0 0 0 0 0 0
260	1	0 1 0 1 1 1 1 0 0 0 0 0 0 0 1 0
260	2	0 1 1 1 1 1 1 0 1 1 0 0 0 0 0 0
260	2	0 1 0 0 1 1 0 0 0 1 1 0 0 0 0 0
260	3	0 1 1 1 0 0 1 0 1 1 0 1 0 0 0 0
260	1	0 1 1 0 0 1 1 0 0 0 0 0 0 0 1 0
260	2	0 1 1 1 0 1 1 0 1 1 1 0 0 0 0 0
260	1	0 1 1 1 0 1 1 0 1 1 0 1 0 0 0 0
260	1	0 1 0 0 1 1 1 0 0 1 1 0 0 0 0 0
260	2	0 1 1 1 0 1 1 0 0 1 0 0 0 0 0 0
260	1	1 1 0 0 0 1 0 0 0 1 0 0 0 0 0 0
260	1	1 1 1 1 0 1 1 0 1 1 0 1 0 0 0 0
260	4	1 1 1 0 0 1 0 1 0 1 0 0 0 0 0 0
260	1	0 0 1 1 0 0 1 1 1 0 0 0 0 0 0 0
260	1	0 1 0 0 1 1 1 0 0 1 1 0 1 0 0 0
260	1	1 1 1 0 1 0 1 0 1 1 1 0 0 0 0 0
260	1	0 0 1 1 0 1 1 0 1 1 0 0 0 0 0 0
260	2	0 0 1 0 0 1 0 0 1 1 1 0 0 0 0 0
260	1	0 0 1 1 0 0 1 0 1 0 0 0 0 0 0 1
260	1	0 1 0 0 1 1 1 0 1 1 0 0 0 1 0 0
260	1	0 1 1 1 0 0 1 1 1 0 0 0 0 0 0 0
260	2	0 1 0 0 0 1 1 0 1 1 1 0 0 0 0 0
260	1	0 1 1 1 0 1 0 0 0 0 1 1 0 0 0 0
260	1	1 1 1 1 0 1 1 0 1 1 0 0 0 0 1 0
260	1	1 1 1 0 0 1 0 1 0 0 0 0 0 1 1 0
260	1	1 0 0 1 1 0 1 0 1 1 0 0 0 0 1 0
260	1	1 1 1 0 0 0 1 0 1 1 0 0 0 0 0 0
270	2	0 0 1 0 0 1 0 0 0 1 1 0 0 0 0 0
270	2	1 1 1 0 0 1 1 0 1 1 0 0 0 0 0 0
270	2	0 1 1 0 0 1 1 0 1 1 0 1 0 0 0 0
270	2	1 1 1 0 1 0 1 0 1 1 0 0 0 0 0 0
270	1	0 1 1 1 0 1 1 0 1 1 0 0 0 0 0 0
270	2	0 1 1 1 0 0 1 0 1 1 0 0 0 0 0 0
270	3	0 1 1 0 0 1 1 0 1 1 1 0 0 0 0 0
270	3	0 1 1 0 1 1 0 0 1 0 1 0 0 0 0 0
270	7	0 1 1 0 0 1 0 0 1 1 1 0 0 0 0 0
270	3	1 0 0 1 1 0 1 0 1 1 0 0 0 0 0 0
270	2	0 1 1 0 0 1 1 0 1 0 0 0 0 1 0 0
270	1	0 1 1 1 0 0 1 0 0 0 0 0 0 0 0 0
270	1	1 1 1 0 0 1 1 0 1 0 0 0 0 0 0 0
270	1	1 1 0 0 0 1 0 0 0 1 1 0 0 0 0 0
270	3	0 1 0 1 0 0 0 0 1 0 0 1 0 0 0 0
270	1	1 1 0 1 1 1 0 1 0 1 0 0 0 0 1 0
270	1	0 1 1 0 0 1 0 0 1 1 0 1 0 0 0 0
270	4	1 1 1 0 0 1 0 1 0 0 0 0 0 0 1 0
270	1	0 1 1 1 0 1 0 0 0 0 1 1 0 1 0 0
270	1	0 0 1 1 0 0 1 0 1 0 0 0 0 0 0 0
270	1	1 0 0 0 1 0 1 0 0 1 0 0 0 0 0 0
270	4	1 1 0 0 0 1 0 1 0 1 1 0 0 0 0 0
270	4	0 1 0 1 1 1 1 0 0 0 0 0 0 0 1 0
270	1	1 1 1 1 0 1 1 0 1 1 0 0 0 0 0 0
270	2	0 1 1 1 0 0 1 0 1 1 0 1 0 0 0 0
270	1	0 1 1 0 0 1 1 0 0 0 0 0 0 0 1 0
270	2	0 1 1 1 0 1 1 1 1 1 0 0 0 0 0 0
270	1	0 1 1 1 0 1 1 0 0 1 0 0 0 0 0 0
270	7	1 1 1 1 0 1 1 0 1 1 0 1 0 0 0 0
270	1	1 1 1 0 0 1 0 0 1 1 0 0 0 0 0 0
270	1	0 0 0 1 0 0 1 0 1 0 0 0 0 0 0 0
270	1	0 1 0 0 0 1 1 0 1 1 1 0 0 0 0 0
270	1	1 1 1 1 0 1 1 0 1 1 0 0 0 0 1 0
270	1	0 1 1 1 0 1 1 0 1 1 0 0 0 0 1 0
270	1	0 1 1 0 0 1 0 0 1 0 1 0 0 0 0 0
270	1	0 1 1 1 0 1 0 0 1 1 0 0 0 0 0 0
270	2	1 1 1 1 0 1 0 0 0 0 1 1 0 1 0 0
270	1	1 1 1 0 0 1 0 1 1 1 0 0 0 0 0 0
270	2	0 1 1 1 0 1 0 1 0 0 1 1 0 0 0 0
270	1	0 1 1 1 1 1 0 0 0 1 0 0 0 0 0 0
270	1	0 1 0 1 0 0 0 1 1 0 0 1 0 0 0 0
270	1	0 1 1 0 0 1 0 0 1 1 0 1 0 1 0 0
270	2	1 1 1 0 0 1 0 0 0 1 1 0 0 0 0 1
270	1	0 1 0 1 0 0 0 0 1 0 0 1 1 0 0 0
270	2	1 0 1 1 0 1 1 0 1 1 0 0 0 0 0 0
270	1	0 1 1 1 0 1 1 0 1 1 0 1 0 1 0 0
270	1	0 1 1 1 1 0 1 1 1 0 0 0 0 0 0 0
270	4	0 1 0 0 1 1 0 0 1 1 0 0 0 0 0 0
270	1	0 1 1 0 0 1 1 0 1 0 0 0 1 0 0 0
270	1	1 1 1 0 0 1 0 0 1 0 1 0 0 0 0 0
270	1	0 0 1 0 0 1 0 0 0 0 0 0 0 0 1 0
270	1	1 0 0 1 1 0 1 0 1 1 0 0 0 0 1 0
270	1	0 1 1 1 0 1 0 1 0 0 0 0 0 1 0 0
270	1	1 1 1 0 1 1 1 0 1 0 1 0 0 0 0 0
270	1	0 1 1 1 1 1 0 0 1 0 1 0 0 0 0 0
270	1	0 1 1 1 0 0 0 0 1 1 1 0 0 0 0 0
280	3	0 0 1 0 0 1 0 0 0 1 1 0 0 0 0 0
280	3	1 1 1 0 0 1 1 0 1 1 0 0 0 0 0 0
280	2	0 1 1 0 0 1 1 0 1 1 0 1 0 0 0 0
280	4	1 1 1 0 1 0 1 0 1 1 0 0 0 0 0 0
280	2	0 1 1 1 0 1 1 0 1 1 0 0 0 0 0 0
280	2	0 1 1 1 0 0 1 0 1 1 0 0 0 0 0 0
280	1	0 1 1 0 0 1 1 0 1 1 1 0 0 0 0 0
280	1	0 1 1 0 1 1 0 0 1 0 1 0 0 0 0 0
280	6	0 1 1 0 0 1 0 0 1 1 1 0 0 0 0 0
280	3	0 1 1 1 0 0 1 0 0 0 0 0 0 0 0 0
280	1	1 1 1 0 0 1 1 0 1 0 0 0 0 0 0 0
280	1	1 1 0 0 0 1 0 0 0 1 1 0 0 0 0 0
280	1	1 1 1 0 0 1 1 0 1 1 1 0 0 0 0 0
280	1	0 1 1 0 0 1 1 0 1 0 1 0 0 0 0 0
280	2	0 1 1 0 0 1 0 0 1 1 0 1 0 0 0 0
280	1	0 1 1 1 0 1 1 0 1 0 0 0 0 0 0 0
280	4	1 1 1 0 0 1 0 1 0 0 0 0 0 0 1 0
280	1	0 1 1 1 0 1 0 0 0 0 1 1 0 1 0 0
280	6	0 1 1 1 0 1 0 0 0 1 1 0 0 0 0 0
280	4	1 1 0 0 0 1 0 1 0 1 1 0 0 0 0 0
280	2	0 1 1 1 0 1 0 0 1 1 1 0 0 1 0 0
280	2	0 1 1 1 0 0 1 0 1 1 0 1 0 0 0 0
280	3	0 1 1 1 0 1 1 1 1 1 0 0 0 0 0 0
280	6	1 1 1 1 0 1 1 0 1 1 0 1 0 0 0 0
280	3	1 1 1 1 0 1 1 0 1 1 0 0 0 0 1 0
280	2	1 1 1 0 0 1 0 0 1 0 0 0 0 0 0 0
280	1	0 1 1 1 1 1 0 0 0 1 0 0 0 0 0 0
280	7	1 1 1 0 0 1 1 0 1 0 0 1 0 1 0 0
280	1	1 1 1 0 0 1 0 1 0 1 0 0 0 1 1 0
280	1	1 1 1 0 0 1 1 0 0 1 0 0 0 0 0 0
280	1	0 1 1 0 0 1 0 0 0 1 1 0 0 0 0 0
280	1	0 1 1 0 0 1 0 1 0 1 0 0 0 1 1 0
280	1	1 1 1 1 0 1 0 0 0 1 1 0 0 0 0 1
280	1	1 0 0 1 1 0 1 0 1 1 0 0 0 0 1 0
280	2	0 1 1 1 0 1 0 1 0 1 1 0 0 0 0 0
280	1	0 1 1 1 0 0 0 0 1 1 1 0 0 0 0 0
280	2	0 1 1 0 0 1 1 0 1 1 1 0 0 0 1 0
280	1	1 1 1 0 0 1 0 1 0 0 0 0 0 0 0 0
280	2	1 0 0 0 0 1 0 0 0 1 1 0 0 0 0 0
280	1	0 1 1 0 0 1 0 0 1 1 0 0 0 0 0 0
280	1	0 1 1 1 0 1 1 1 1 0 0 0 0 0 0 0
280	1	0 1 1 1 1 1 0 0 1 1 1 0 0 0 0 0
280	1	0 1 1 0 0 1 0 0 1 1 0 1 0 0 1 0
280	1	1 1 1 0 0 0 1 0 0 1 0 0 0 0 0 0
280	1	1 1 1 1 0 1 0 0 0 1 1 0 0 0 0 0
280	1	0 1 1 0 0 1 1 0 1 0 1 0 0 0 0 1
280	1	0 1 1 1 0 1 0 0 1 1 1 0 0 0 0 1
280	1	1 1 1 0 0 1 0 0 0 1 1 0 0 0 0 0
280	1	1 0 1 0 0 1 0 1 0 1 0 0 0 1 1 0
280	1	1 0 1 0 0 1 1 0 0 1 0 0 0 0 0 0
290	2	0 0 1 0 0 1 0 0 0 1 1 0 0 0 0 0
290	2	1 1 1 0 0 1 1 0 1 1 0 0 0 0 0 0
290	1	1 1 1 0 1 0 1 0 1 1 0 0 0 0 0 0
290	3	0 1 1 1 0 1 1 0 1 1 0 0 0 0 0 0
290	4	0 1 1 1 0 0 1 0 1 1 0 0 0 0 0 0
290	2	0 1 1 0 0 1 1 0 1 1 1 0 0 0 0 0
290	2	0 1 1 0 1 1 0 0 1 0 1 0 0 0 0 0
290	6	0 1 1 0 0 1 0 0 1 1 1 0 0 0 0 0
290	1	1 1 1 0 0 1 1 0 1 0 0 0 0 0 0 0
290	1	1 1 1 0 0 1 1 0 1 1 1 0 0 0 0 0
290	1	0 1 0 1 0 0 0 0 1 0 0 1 0 0 0 0
290	1	0 1 1 1 1 1 0 0 0 1 1 0 0 0 0 0
290	2	0 1 1 0 0 1 1 0 1 0 1 0 0 0 0 0
290	1	1 1 0 1 1 1 0 1 0 1 0 0 0 0 1 0
290	1	0 1 1 0 0 1 0 0 1 1 0 1 0 0 0 0
290	1	0 1 1 1 0 1 1 0 1 0 0 0 0 0 0 0
290	7	0 1 1 1 0 1 0 0 0 0 1 1 0 1 0 0
290	2	0 1 1 1 0 1 0 0 0 1 1 0 0 0 0 0
290	1	0 1 1 1 0 1 1 1 1 1 0 0 0 0 0 0
290	3	0 1 1 1 0 1 1 0 1 1 1 0 0 0 0 0
290	2	1 1 1 1 0 1 1 0 1 1 0 1 0 0 0 0
290	3	1 1 1 1 0 1 1 0 1 1 0 0 0 0 1 0
290	2	0 1 1 1 0 1 0 0 1 1 0 0 0 0 0 0
290	10	1 1 1 0 0 1 0 0 1 0 0 0 0 0 0 0
290	5	1 1 1 0 0 1 1 0 0 1 0 0 0 0 0 0
290	4	0 1 1 1 0 0 1 0 0 0 1 0 0 0 0 1
290	1	0 1 1 0 0 1 0 1 0 1 0 0 0 1 1 0
290	1	0 1 1 1 0 1 0 1 0 1 1 0 0 0 0 0
290	2	0 1 1 1 1 1 0 0 1 0 1 0 0 0 0 0
290	1	0 1 1 1 0 1 1 1 1 0 0 0 0 0 0 0
290	1	0 0 1 1 0 1 1 0 1 1 0 0 0 0 0 0
290	2	0 1 1 1 1 1 0 0 1 1 1 0 0 0 0 0
290	1	1 1 1 1 0 1 1 0 1 0 0 0 0 0 0 0
290	1	1 1 1 1 0 1 1 0 1 1 0 1 0 0 0 1
290	1	1 1 1 1 0 1 1 0 1 1 0 0 0 0 0 0
290	1	0 1 1 0 0 1 1 0 0 1 0 0 0 0 0 0
290	2	1 1 1 1 0 1 1 0 1 1 1 0 0 0 1 0
290	1	1 1 1 0 0 1 0 1 1 1 1 0 0 0 1 0
290	1	1 1 1 0 0 1 1 0 1 1 0 0 0 0 1 0
290	1	0 1 1 1 1 1 0 0 0 1 0 1 0 0 1 0
290	2	0 1 1 0 1 1 0 1 0 1 0 0 0 1 1 0
290	1	0 1 1 0 1 1 0 0 0 1 1 0 0 0 0 0
290	2	1 1 1 0 0 1 0 0 1 1 0 0 0 0 0 0
290	1	0 1 1 0 0 0 0 0 1 1 0 1 0 0 0 0
290	1	0 1 1 0 0 1 0 0 1 0 0 1 0 1 0 0
290	1	0 1 1 1 0 1 0 1 1 1 1 0 0 0 0 0
290	2	1 1 0 1 1 1 0 1 0 1 0 0 0 0 0 1
290	2	1 1 0 0 0 1 0 1 0 1 1 0 0 1 0 0
290	1	1 1 0 0 0 1 0 0 0 0 1 0 0 0 0 1
300	2	0 0 1 0 0 1 0 0 0 1 1 0 0 0 0 0
300	1	1 1 1 0 0 1 1 0 1 1 0 0 0 0 0 0
300	2	0 1 1 1 0 1 1 0 1 1 0 0 0 0 0 0
300	2	0 1 1 1 0 0 1 0 1 1 0 0 0 0 0 0
300	1	0 1 1 0 0 1 1 0 1 1 1 0 0 0 0 0
300	2	0 1 1 0 0 1 0 0 1 1 1 0 0 0 0 0
300	3	1 1 1 0 0 1 1 0 1 0 0 0 0 0 0 0
300	1	1 1 1 0 0 1 1 0 1 1 1 0 0 0 0 0
300	1	0 1 0 1 0 0 0 0 1 0 0 1 0 0 0 0
300	1	0 1 1 0 0 1 1 0 1 0 1 0 0 0 0 0
300	6	0 1 1 1 0 1 0 0 0 0 1 1 0 1 0 0
300	1	1 1 0 0 0 1 0 1 0 1 1 0 0 0 0 0
300	2	0 1 1 1 0 0 1 0 1 1 0 1 0 0 0 0
300	4	0 1 1 1 0 1 1 1 1 1 0 0 0 0 0 0
300	4	0 1 1 1 0 1 1 0 1 1 1 0 0 0 0 0
300	3	1 1 1 1 0 1 1 0 1 1 0 0 0 0 1 0
300	1	0 1 1 1 0 1 0 0 1 1 0 0 0 0 0 0
300	1	1 1 1 0 0 1 0 0 1 0 0 0 0 0 0 0
300	1	1 1 1 0 0 1 1 0 1 0 0 1 0 1 0 0
300	1	1 1 1 0 0 1 0 0 0 1 1 0 0 0 0 1
300	7	1 1 1 0 0 1 1 0 0 1 0 0 0 0 0 0
300	6	0 1 1 1 0 0 1 0 0 0 1 0 0 0 0 1
300	2	0 1 1 0 0 1 1 0 1 1 1 0 0 0 1 0
300	1	1 0 0 0 0 1 0 0 0 1 1 0 0 0 0 0
300	5	0 1 1 1 1 1 0 1 0 0 0 0 0 1 0 1
300	1	0 1 1 1 0 1 1 1 1 0 0 0 0 0 0 0
300	4	1 1 1 1 0 1 1 0 1 0 0 0 0 0 0 0
300	1	0 1 1 1 1 1 0 0 0 1 1 0 0 0 1 0
300	1	0 1 1 1 0 1 1 1 1 1 0 1 0 0 0 0
300	5	1 1 1 1 0 1 1 0 1 1 0 0 0 0 0 0
300	2	0 1 0 1 0 1 1 0 1 1 0 1 0 0 0 0
300	2	0 1 1 0 0 1 0 0 1 1 1 0 0 0 0 1
300	1	1 1 1 0 0 0 0 0 0 1 1 0 0 0 0 1
300	1	0 1 1 0 0 1 1 0 0 0 1 0 0 0 0 0
300	1	1 1 1 0 0 1 1 0 0 1 1 0 0 0 1 0
300	1	0 1 1 1 0 0 1 0 1 0 0 0 0 1 0 0
300	2	0 1 1 1 1 1 1 0 1 1 1 0 0 0 0 0
300	2	0 1 0 0 0 1 1 0 0 1 1 0 0 0 1 0
300	3	0 1 1 1 0 0 0 0 0 0 0 0 0 0 0 0
300	1	0 1 1 1 0 1 1 1 1 1 0 1 0 1 0 0
300	1	0 1 1 1 0 1 0 0 1 0 0 0 0 0 0 0
300	1	0 1 1 1 1 0 0 0 0 0 1 0 0 0 1 0
300	1	0 1 1 1 0 0 1 0 0 0 1 0 0 0 0 0
300	1	1 1 0 0 0 1 1 0 1 1 0 0 0 0 0 0
300	1	0 0 1 0 0 1 0 0 0 0 1 0 0 0 0 0
300	1	1 1 1 1 1 1 1 0 1 0 0 0 0 0 0 0
300	2	0 1 1 1 0 0 1 0 0 1 0 0 0 0 0 0
300	1	0 1 0 0 0 1 0 0 1 1 1 0 0 0 0 0
300	1	1 1 1 1 0 1 1 0 1 1 0 0 1 0 0 0
300	1	0 1 0 0 0 1 1 1 1 1 1 0 0 0 0 0
310	1	0 0 1 0 0 1 0 0 0 1 1 0 0 0 0 0
310	1	1 1 1 0 0 1 1 0 1 1 0 0 0 0 0 0
310	1	0 1 1 1 0 1 1 0 1 1 0 0 0 0 0 0
310	3	0 1 1 0 0 1 0 0 1 1 1 0 0 0 0 0
310	6	0 1 1 1 0 0 1 0 0 0 0 0 0 0 0 0
310	2	0 1 0 1 0 0 0 0 1 0 0 1 0 0 0 0
310	9	0 1 1 1 0 1 0 0 0 0 1 1 0 1 0 0
310	1	1 1 0 0 0 1 0 1 0 1 1 0 0 0 0 0
310	3	0 1 1 1 0 1 1 1 1 1 0 0 0 0 0 0
310	1	0 1 1 1 0 1 1 0 1 1 1 0 0 0 0 0
310	1	1 1 1 1 0 1 1 0 1 1 0 0 0 0 1 0
310	4	0 1 0 1 1 0 0 1 0 1 0 0 0 0 0 0
310	3	1 1 1 0 0 1 1 0 0 1 0 0 0 0 0 0
310	1	0 1 1 1 0 0 1 0 0 0 1 0 0 0 0 1
310	1	0 1 1 1 0 1 0 1 0 1 1 0 0 0 0 0
310	5	1 1 1 1 0 1 1 0 1 0 0 0 0 0 0 0
310	2	0 1 1 1 1 1 0 0 0 1 1 0 0 0 1 0
310	17	1 1 1 1 0 1 1 0 1 1 0 0 0 0 0 0
310	2	1 1 1 0 0 1 1 0 1 1 0 0 0 0 1 0
310	1	1 1 0 0 0 1 0 0 0 0 1 0 0 0 0 0
310	2	1 1 1 0 0 0 0 0 0 1 1 0 0 0 0 1
310	2	0 1 1 1 0 1 1 0 0 1 0 1 0 0 0 0
310	3	0 1 1 1 1 1 1 0 1 1 1 0 0 0 0 0
310	2	1 1 1 0 0 1 0 1 0 1 1 0 0 0 1 0
310	1	0 1 1 1 0 1 0 0 1 0 0 0 0 0 0 0
310	4	0 1 1 1 1 0 0 0 0 0 1 0 0 0 1 0
310	2	1 1 1 1 0 0 1 0 0 0 1 0 0 0 0 1
310	2	1 1 0 0 0 1 0 0 1 0 1 0 0 0 0 0
310	1	0 1 1 1 0 0 1 0 0 1 0 0 0 0 0 0
310	2	1 1 1 1 0 1 1 1 1 1 0 1 0 1 0 0
310	1	1 1 1 0 0 1 1 1 1 1 0 0 0 0 0 0
310	2	0 1 1 1 0 0 1 1 1 1 0 0 0 0 0 0
310	1	1 1 1 1 0 1 0 0 0 1 0 0 0 0 0 0
310	1	0 1 1 1 0 1 1 0 1 1 0 1 0 0 0 0
310	1	0 1 0 1 0 0 0 0 1 0 0 1 0 0 0 1
310	1	1 1 1 1 0 1 0 0 1 1 0 1 0 0 0 0
310	1	0 1 1 0 0 1 1 0 0 0 0 0 0 0 0 0
310	1	1 1 1 1 0 1 1 0 1 1 0 0 0 0 0 1
310	1	1 1 1 1 0 1 0 0 1 0 0 1 0 0 0 0
310	1	0 1 1 1 0 0 1 0 1 1 0 0 1 0 0 0
310	2	1 1 1 1 1 1 1 0 1 1 0 0 0 0 0 0
310	1	0 1 1 0 0 1 0 0 1 1 0 1 0 0 0 0
320	1	1 1 1 0 0 1 1 0 1 1 0 0 0 0 0 0
320	3	0 1 1 1 0 1 1 0 1 1 0 0 0 0 0 0
320	1	1 1 1 0 0 1 1 0 1 1 1 0 0 0 0 0
320	4	0 1 0 1 0 0 0 0 1 0 0 1 0 0 0 0
320	5	0 1 1 1 0 1 0 0 0 0 1 1 0 1 0 0
320	2	0 1 1 1 0 1 0 0 0 1 1 0 0 0 0 0
320	7	1 1 0 0 0 1 0 1 0 1 1 0 0 0 0 0
320	1	0 1 1 1 0 1 1 1 1 1 0 0 0 0 0 0
320	2	0 1 1 1 0 1 1 0 1 1 1 0 0 0 0 0
320	3	1 1 1 0 0 1 0 0 1 0 0 0 0 0 0 0
320	1	1 1 1 0 0 1 1 0 0 1 0 0 0 0 0 0
320	1	0 1 1 1 0 0 1 0 0 0 1 0 0 0 0 1
320	3	1 1 1 1 0 1 1 0 1 0 0 0 0 0 0 0
320	1	1 1 1 1 0 1 0 0 0 1 1 0 0 0 0 0
320	1	0 1 1 1 0 1 1 1 1 1 0 1 0 0 0 0
320	19	1 1 1 1 0 1 1 0 1 1 0 0 0 0 0 0
320	1	1 1 1 0 0 0 0 0 0 1 1 0 0 0 0 1
320	4	0 1 1 1 0 1 1 0 0 1 0 1 0 0 0 0
320	1	0 1 1 1 0 0 1 0 1 1 0 0 0 0 1 0
320	1	0 1 1 1 1 1 1 0 1 1 1 0 0 0 0 0
320	1	1 1 1 0 0 1 0 1 0 1 1 0 0 0 1 0
320	1	1 1 1 0 0 1 0 0 1 0 0 1 0 1 0 0
320	5	0 1 1 1 1 0 0 0 0 0 1 0 0 0 1 0
320	1	0 1 1 1 0 0 1 0 0 0 1 0 0 0 0 0
320	1	0 1 1 1 0 0 1 0 0 0 1 1 0 1 0 0
320	2	1 1 0 0 0 1 0 0 1 0 1 0 0 0 0 0
320	2	0 1 1 1 0 0 1 0 0 1 0 0 0 0 0 0
320	3	0 1 1 1 0 0 1 0 1 0 0 0 0 0 0 0
320	1	1 1 1 1 0 1 0 0 0 1 0 0 0 0 0 0
320	2	0 1 0 1 1 0 0 0 1 0 0 1 0 0 0 0
320	1	1 1 1 1 0 0 1 0 0 0 0 0 0 0 0 0
320	1	1 1 1 1 0 1 0 0 1 1 0 1 0 0 0 0
320	1	0 1 1 1 0 1 1 0 1 1 0 0 1 0 0 0
320	2	1 1 1 0 0 1 0 0 1 0 1 0 0 0 0 0
320	1	0 1 1 1 0 0 1 0 1 1 0 0 1 0 0 0
320	1	1 1 1 0 0 1 0 0 0 1 0 0 0 0 0 0
320	2	0 1 1 0 0 1 0 1 0 1 1 0 0 0 0 0
320	1	1 1 1 0 0 1 1 1 1 1 0 0 0 0 1 0
320	1	1 1 1 1 1 1 1 0 1 1 0 0 0 0 0 0
320	1	0 1 1 0 0 1 1 0 1 1 0 0 0 0 0 0
320	1	1 1 1 0 0 1 1 0 0 1 0 0 0 0 0 1
320	1	0 1 1 0 0 0 1 0 1 1 1 0 0 1 0 0
320	2	0 0 1 1 0 1 1 0 1 1 0 0 0 0 0 0
320	1	0 1 1 1 1 0 1 0 0 0 1 1 0 1 0 0
320	1	0 1 0 1 1 0 0 0 1 0 0 1 0 1 0 0
320	1	1 1 0 0 0 1 0 0 1 0 0 1 0 1 0 0
330	2	1 1 1 0 0 1 1 0 1 1 0 0 0 0 0 0
330	3	0 1 1 1 0 0 1 0 0 0 0 0 0 0 0 0
330	4	0 1 0 1 0 0 0 0 1 0 0 1 0 0 0 0
330	3	0 1 1 1 0 1 0 0 0 0 1 1 0 1 0 0
330	4	1 1 0 0 0 1 0 1 0 1 1 0 0 0 0 0
330	3	0 1 1 1 0 1 1 1 1 1 0 0 0 0 0 0
330	4	0 1 1 1 0 1 1 0 1 1 1 0 0 0 0 0
330	4	1 1 1 0 0 1 0 0 1 0 0 0 0 0 0 0
330	1	1 1 1 0 0 1 1 0 1 0 0 1 0 1 0 0
330	1	1 1 1 0 0 1 1 0 0 1 0 0 0 0 0 0
330	2	0 1 1 1 0 0 1 0 0 0 1 0 0 0 0 1
330	1	1 1 1 1 0 1 1 0 1 1 1 0 0 0 0 0
330	5	0 1 1 1 0 1 1 1 1 1 0 1 0 0 0 0
330	13	1 1 1 1 0 1 1 0 1 1 0 0 0 0 0 0
330	1	1 1 1 0 0 1 1 0 1 1 0 0 0 0 1 0
330	6	0 1 1 1 0 1 1 0 0 1 0 1 0 0 0 0
330	2	0 1 1 1 0 0 1 0 0 0 1 1 0 1 0 0
330	2	1 1 0 0 0 1 0 0 1 0 1 0 0 0 0 0
330	2	0 1 1 1 0 0 1 0 0 1 0 0 0 0 0 0
330	3	0 1 0 1 1 0 0 0 1 0 0 1 0 0 0 0
330	1	1 1 1 0 0 1 0 0 1 0 1 0 0 0 0 0
330	1	1 1 1 1 0 1 0 0 1 0 0 1 0 0 0 0
330	2	0 1 1 1 0 0 1 0 1 1 0 0 1 0 0 0
330	1	1 1 1 0 0 1 0 0 0 1 0 0 0 0 0 0
330	6	0 1 1 0 0 1 0 1 0 1 1 0 0 0 0 0
330	1	0 1 1 1 0 1 0 0 1 0 0 1 0 0 0 0
330	1	0 1 1 1 1 0 1 0 0 0 1 1 0 1 0 0
330	3	1 1 1 1 0 1 1 0 1 1 0 0 0 0 0 1
330	2	0 1 0 1 0 0 0 0 1 0 0 0 0 0 0 0
330	3	1 1 1 1 0 1 0 0 0 1 0 0 0 0 0 1
330	1	0 1 1 1 1 0 0 0 1 0 0 1 0 0 0 0
330	3	0 1 1 1 0 0 1 0 1 1 0 0 0 0 0 0
330	1	1 1 1 1 0 1 1 0 0 1 0 0 0 0 0 0
330	1	1 1 0 0 0 1 0 0 1 1 0 0 0 0 0 0
330	1	1 1 0 1 1 1 1 1 0 1 1 0 0 0 1 0
330	2	0 1 1 1 1 0 0 0 0 0 1 1 0 0 0 0
330	1	0 1 1 0 0 1 1 1 0 1 1 0 0 0 0 1
330	1	0 1 0 1 0 1 1 0 1 1 1 0 0 0 0 0
330	1	0 1 1 1 0 0 1 0 0 0 0 1 0 0 0 0
330	1	1 1 1 1 0 1 1 1 1 1 0 0 0 0 0 1
340	1	1 1 1 0 0 1 1 0 1 1 0 0 0 0 0 0
340	1	0 1 1 1 0 1 1 0 1 1 0 0 0 0 0 0
340	1	0 1 1 1 0 0 1 0 0 0 0 0 0 0 0 0
340	1	0 1 0 1 0 0 0 0 1 0 0 1 0 0 0 0
340	7	0 1 1 1 0 1 1 0 1 1 1 0 0 0 0 0
340	2	1 1 1 0 0 1 0 0 1 0 0 0 0 0 0 0
340	2	0 1 1 1 0 0 1 0 0 0 1 0 0 0 0 1
340	4	1 1 1 1 0 1 1 0 1 1 1 0 0 0 0 0
340	4	0 1 1 1 0 1 1 1 1 1 0 1 0 0 0 0
340	13	1 1 1 1 0 1 1 0 1 1 0 0 0 0 0 0
340	1	1 1 1 0 0 1 0 0 1 0 0 1 0 1 0 0
340	2	1 1 1 1 0 0 1 0 0 0 1 0 0 0 0 1
340	1	0 1 1 1 0 0 1 0 0 0 1 0 0 0 0 0
340	1	0 1 1 1 0 0 1 0 0 0 1 1 0 1 0 0
340	3	1 1 0 0 0 1 0 0 1 0 1 0 0 0 0 0
340	4	0 1 1 1 0 0 1 0 0 1 0 0 0 0 0 0
340	2	0 1 0 1 1 0 0 0 1 0 0 1 0 0 0 0
340	1	0 1 1 1 0 1 1 0 1 1 0 0 1 0 0 0
340	1	1 1 1 0 0 1 0 0 1 0 1 0 0 0 0 0
340	1	0 1 1 0 0 1 0 1 0 1 1 0 0 0 0 0
340	2	1 1 1 1 1 1 1 0 1 1 0 0 0 0 0 0
340	1	0 1 1 1 0 1 0 0 0 1 1 1 0 0 0 0
340	1	1 1 1 1 0 1 1 1 1 1 0 1 1 1 0 0
340	1	0 1 1 0 0 1 0 0 0 1 1 0 0 0 0 0
340	1	0 0 1 1 0 1 1 0 1 1 0 0 0 0 0 0
340	2	1 1 1 1 0 1 1 0 1 1 0 0 0 0 0 1
340	2	0 1 1 0 0 0 1 0 0 0 0 0 0 0 0 0
340	3	0 1 1 1 0 1 1 0 0 0 0 1 0 0 0 0
340	1	0 1 1 1 1 0 1 0 0 0 1 1 0 0 0 0
340	1	1 1 1 1 0 1 0 0 1 1 0 0 0 0 0 0
340	2	1 1 0 0 0 1 0 1 1 1 0 0 0 0 0 0
340	6	0 1 0 1 1 0 0 0 1 0 0 1 0 1 0 0
340	6	1 1 1 1 0 1 0 0 1 0 0 0 0 0 0 0
340	1	0 1 1 1 0 1 1 0 0 1 0 1 1 0 0 0
340	1	1 1 1 1 0 1 1 0 1 1 0 0 0 1 0 1
340	1	1 0 0 0 0 1 0 0 1 1 0 0 0 0 0 0
340	3	0 1 1 1 0 0 1 0 0 1 0 1 0 0 0 0
340	1	1 1 1 1 1 1 1 0 0 1 1 0 0 0 0 0
340	5	0 1 0 1 0 0 0 0 1 0 0 1 1 0 0 0
340	2	1 1 1 1 0 1 1 0 0 1 1 0 0 0 0 0
340	1	0 1 1 1 1 0 1 0 0 0 1 1 1 0 0 0
340	1	1 0 1 1 0 1 1 0 1 1 1 0 0 0 0 0
340	1	1 1 1 1 0 1 1 1 1 1 0 1 0 0 0 0
340	1	0 0 1 0 0 0 1 0 0 0 1 0 0 0 0 0
350	4	1 1 1 0 0 1 1 0 1 1 0 0 0 0 0 0
350	1	0 1 1 1 0 1 1 0 1 1 1 0 0 0 0 0
350	7	1 1 1 0 0 1 0 0 1 0 0 0 0 0 0 0
350	2	0 1 1 1 0 0 1 0 0 0 1 0 0 0 0 1
350	4	1 1 1 1 0 1 1 0 1 1 1 0 0 0 0 0
350	1	1 1 1 1 0 1 1 0 1 0 0 0 0 0 0 0
350	5	0 1 1 1 0 1 1 1 1 1 0 1 0 0 0 0
350	3	1 1 1 1 0 1 1 0 1 1 0 0 0 0 0 0
350	1	1 1 1 0 0 1 0 0 1 0 0 1 0 1 0 0
350	2	1 1 1 1 0 0 1 0 0 0 1 0 0 0 0 1
350	4	0 1 1 1 0 0 1 0 0 0 1 1 0 1 0 0
350	4	1 1 0 0 0 1 0 0 1 0 1 0 0 0 0 0
350	2	0 1 1 1 0 1 1 0 1 1 0 0 1 0 0 0
350	3	1 1 1 1 0 1 0 0 1 0 0 1 0 0 0 0
350	1	0 1 1 0 0 1 0 1 0 1 1 0 0 0 0 0
350	2	1 1 1 1 1 1 1 0 1 1 0 0 0 0 0 0
350	1	0 1 1 0 0 1 0 0 0 1 1 0 0 0 0 0
350	4	0 0 1 1 0 1 1 0 1 1 0 0 0 0 0 0
350	2	1 1 1 1 0 1 1 0 1 1 0 0 0 0 0 1
350	1	0 1 1 0 0 0 1 0 0 0 0 0 0 0 0 0
350	1	0 1 1 1 0 1 1 0 0 0 0 1 0 0 0 0
350	1	1 1 1 1 0 1 0 0 1 1 0 0 0 0 0 0
350	1	0 1 0 1 1 0 0 0 1 0 0 1 0 1 0 0
350	6	1 1 1 1 0 1 0 0 1 0 0 0 0 0 0 0
350	1	1 1 0 1 1 1 1 1 0 1 1 0 0 0 1 0
350	2	1 1 1 0 0 1 1 0 1 1 1 0 0 0 0 0
350	1	0 1 1 1 1 0 1 0 0 0 1 0 0 0 0 0
350	2	0 1 1 1 0 0 1 0 1 1 1 0 0 0 0 0
350	1	0 1 1 1 0 0 1 0 0 1 0 1 0 0 0 0
350	1	1 1 1 1 1 1 1 0 0 1 1 0 0 0 0 0
350	1	0 1 0 1 0 0 0 0 1 0 0 1 1 0 0 0
350	1	0 1 0 1 0 1 0 0 1 0 1 0 0 0 0 0
350	1	1 1 1 1 0 1 1 0 0 1 1 0 0 0 0 0
350	2	1 1 1 0 0 1 1 0 1 1 0 0 0 1 0 0
350	4	1 1 1 1 0 1 1 0 1 1 0 1 0 0 0 0
350	1	0 1 1 0 0 1 0 0 0 1 1 0 0 1 0 0
350	2	0 1 1 0 0 1 0 0 1 0 0 0 0 0 0 0
350	1	0 1 1 1 1 0 0 0 0 0 1 1 1 0 0 0
350	1	0 1 1 0 0 0 1 0 0 0 0 1 0 0 0 0
350	1	1 1 1 1 0 1 1 1 0 1 1 0 0 0 0 0
350	2	1 1 1 0 0 1 0 1 0 1 1 0 0 0 0 0
350	1	0 1 1 1 0 1 1 0 1 1 0 1 0 0 0 0
350	1	0 1 1 1 1 0 1 0 0 0 1 0 0 0 1 0
350	1	1 1 1 1 1 0 1 0 1 1 0 0 0 0 0 0
350	1	1 1 1 1 0 1 0 0 0 1 1 0 0 1 0 0
350	1	1 0 1 1 1 1 1 0 1 1 0 0 0 0 0 0
350	1	0 1 1 1 0 1 1 1 1 1 0 1 0 0 1 0
350	1	1 1 1 1 0 0 1 0 0 0 1 1 0 1 0 0
350	1	0 1 1 0 0 1 0 1 0 1 1 0 0 1 0 0
350	1	0 1 1 1 0 1 1 1 1 1 0 0 0 0 0 0
350	1	1 1 1 1 0 1 0 0 1 1 1 0 0 0 0 0
350	1	1 1 1 1 0 1 0 0 1 0 0 1 0 0 1 0
350	1	0 1 0 1 0 1 0 0 0 0 1 0 0 0 0 0
360	1	1 1 1 0 0 1 1 0 1 1 0 0 0 0 0 0
360	1	0 1 1 1 0 1 1 0 1 1 1 0 0 0 0 0
360	5	1 1 1 0 0 1 0 0 1 0 0 0 0 0 0 0
360	9	1 1 1 1 0 1 1 0 1 1 1 0 0 0 0 0
360	4	0 1 1 1 0 1 1 1 1 1 0 1 0 0 0 0
360	5	1 1 1 1 0 1 1 0 1 1 0 0 0 0 0 0
360	1	1 1 1 0 0 1 0 0 1 0 0 1 0 1 0 0
360	1	0 1 1 1 0 0 1 0 0 0 1 1 0 1 0 0
360	2	1 1 0 0 0 1 0 0 1 0 1 0 0 0 0 0
360	4	0 1 1 1 0 1 1 0 1 1 0 0 1 0 0 0
360	1	0 1 1 0 0 1 0 1 0 1 1 0 0 0 0 0
360	5	1 1 1 1 1 1 1 0 1 1 0 0 0 0 0 0
360	5	0 0 1 1 0 1 1 0 1 1 0 0 0 0 0 0
360	2	1 1 1 1 0 1 1 0 1 1 0 0 0 0 0 1
360	6	1 1 1 1 0 1 0 0 1 1 0 0 0 0 0 0
360	1	0 1 0 1 1 0 0 0 1 0 0 1 0 1 0 0
360	3	1 1 1 0 0 1 1 0 1 1 1 0 0 0 0 0
360	1	0 1 1 1 0 0 1 0 1 1 1 0 0 0 0 0
360	3	1 1 1 1 1 1 1 0 0 1 1 0 0 0 0 0
360	3	0 1 0 1 0 0 0 0 1 0 0 1 1 0 0 0
360	1	1 1 1 1 0 1 1 0 0 1 1 0 0 0 0 0
360	1	0 0 1 0 0 0 1 0 0 0 0 0 0 0 0 0
360	3	0 1 1 1 0 0 1 0 1 0 1 0 0 0 0 0
360	4	1 1 1 1 0 1 1 0 1 1 0 1 0 0 0 0
360	2	0 1 1 0 0 1 0 0 1 0 0 0 0 0 0 0
360	3	0 1 1 1 0 0 1 0 0 0 0 1 0 0 0 0
360	1	0 1 1 1 0 0 1 0 1 1 1 1 0 0 0 0
360	1	1 1 1 1 0 1 1 0 0 1 1 1 0 0 0 0
360	3	1 1 1 1 0 1 1 0 1 1 1 1 0 0 0 0
360	1	1 0 1 1 0 1 1 0 1 1 0 0 0 0 0 0
360	1	1 1 1 1 0 0 1 0 0 0 1 1 0 1 0 0
360	2	0 1 1 1 0 1 1 1 1 1 0 0 0 0 0 0
360	2	0 1 1 1 0 1 1 0 1 1 0 0 1 0 1 0
360	2	1 1 1 1 1 1 1 0 1 1 0 1 0 0 0 0
360	2	1 1 1 1 0 1 1 0 1 1 1 0 0 0 1 0
360	1	0 1 1 1 1 0 1 0 0 0 0 0 0 0 0 0
360	1	1 1 1 1 0 1 1 0 1 1 0 1 0 1 0 0
360	2	1 1 1 1 0 1 0 1 1 0 0 0 0 0 0 0
360	1	1 1 1 1 0 1 0 0 1 1 0 1 0 0 0 0
360	1	1 1 1 0 0 1 1 0 1 0 1 0 0 0 0 0
360	1	0 1 1 1 1 0 0 0 1 0 0 1 0 1 0 0
360	1	0 0 1 0 0 0 1 0 0 0 0 0 0 0 1 0
370	7	1 1 1 0 0 1 1 0 1 1 0 0 0 0 0 0
370	3	0 1 1 1 0 1 1 0 1 1 1 0 0 0 0 0
370	3	1 1 1 0 0 1 0 0 1 0 0 0 0 0 0 0
370	6	1 1 1 1 0 1 1 0 1 1 1 0 0 0 0 0
370	9	0 1 1 1 0 1 1 1 1 1 0 1 0 0 0 0
370	10	1 1 1 1 0 1 1 0 1 1 0 0 0 0 0 0
370	2	0 1 1 1 0 0 1 0 0 0 1 1 0 1 0 0
370	1	0 1 1 1 0 0 1 0 0 1 0 0 0 0 0 0
370	5	0 1 1 0 0 1 0 1 0 1 1 0 0 0 0 0
370	2	1 1 1 1 1 1 1 0 1 1 0 0 0 0 0 0
370	1	0 1 1 0 0 1 0 0 0 1 1 0 0 0 0 0
370	4	1 1 1 1 0 1 0 0 1 1 0 0 0 0 0 0
370	2	1 1 1 1 0 1 0 0 1 0 0 0 0 0 0 0
370	3	0 1 1 1 0 0 1 0 0 1 0 1 0 0 0 0
370	1	0 1 0 1 0 0 0 0 1 0 0 1 1 0 0 0
370	1	0 1 0 1 0 1 0 0 1 0 1 0 0 0 0 0
370	3	1 1 1 1 0 1 1 0 0 1 1 0 0 0 0 0
370	3	0 0 1 0 0 0 1 0 0 0 0 0 0 0 0 0
370	1	0 1 1 1 0 0 1 0 1 0 1 0 0 0 0 0
370	7	1 1 1 1 0 1 1 0 1 1 0 1 0 0 0 0
370	1	0 1 1 0 0 1 0 0 1 0 0 0 0 0 0 0
370	1	0 1 1 0 0 0 1 0 0 0 1 0 0 0 0 0
370	2	1 1 1 1 0 1 1 0 1 1 1 1 0 0 0 0
370	3	1 1 1 1 0 0 1 0 0 0 1 1 0 1 0 0
370	2	0 1 1 1 0 1 1 1 1 1 0 0 0 0 0 0
370	1	1 1 1 1 0 0 1 0 1 1 0 1 0 0 0 0
370	1	1 1 1 0 0 1 1 0 1 0 0 0 0 0 0 0
370	1	1 0 1 1 0 1 0 0 1 1 0 0 0 0 0 0
370	1	1 1 1 0 0 1 0 0 1 1 0 0 0 0 0 0
370	1	1 1 1 1 0 1 1 0 1 0 0 1 0 1 0 0
370	1	1 1 1 1 0 0 0 0 0 0 1 1 0 1 0 0
370	1	0 1 1 1 0 1 0 0 1 0 1 0 0 0 0 0
370	1	0 0 1 1 0 0 1 0 0 0 0 0 0 0 1 0
370	1	1 1 1 1 0 0 0 1 0 1 1 0 0 0 0 0
370	1	1 1 0 0 0 1 1 1 0 1 1 0 0 0 0 0
370	1	0 1 0 1 0 0 1 0 0 0 1 1 0 1 0 0
370	1	1 1 1 1 0 1 0 0 1 1 0 0 0 0 0 1
370	1	1 0 1 1 0 1 1 0 0 1 0 0 0 0 0 0
370	1	1 1 1 0 0 0 1 0 0 0 1 0 0 0 0 1
370	1	1 1 1 1 0 1 0 0 1 0 1 1 0 0 0 0
370	1	0 1 1 0 1 1 0 1 0 1 1 0 0 0 0 0
370	1	1 1 1 1 0 0 1 0 1 1 0 1 1 0 0 0
380	2	1 1 1 0 0 1 1 0 1 1 0 0 0 0 0 0
380	1	0 1 1 1 0 1 1 0 1 1 1 0 0 0 0 0
380	5	1 1 1 0 0 1 0 0 1 0 0 0 0 0 0 0
380	7	1 1 1 1 0 1 1 0 1 1 1 0 0 0 0 0
380	12	0 1 1 1 0 1 1 1 1 1 0 1 0 0 0 0
380	12	1 1 1 1 0 1 1 0 1 1 0 0 0 0 0 0
380	1	1 1 1 1 0 0 1 0 0 0 1 0 0 0 0 1
380	3	0 1 1 1 0 0 1 0 0 0 1 1 0 1 0 0
380	1	0 1 1 1 0 0 1 0 0 1 0 0 0 0 0 0
380	1	0 1 1 1 0 1 1 0 1 1 0 0 1 0 0 0
380	1	0 1 1 0 0 1 0 1 0 1 1 0 0 0 0 0
380	2	1 1 1 1 1 1 1 0 1 1 0 0 0 0 0 0
380	3	1 1 1 1 0 1 1 0 1 1 0 0 0 0 0 1
380	1	1 1 1 1 0 1 0 0 1 1 0 0 0 0 0 0
380	9	1 1 1 1 0 1 1 0 0 1 1 0 0 0 0 0
380	1	0 0 1 0 0 0 1 0 0 0 0 0 0 0 0 0
380	1	1 1 1 0 0 1 1 0 1 1 0 0 0 1 0 0
380	2	1 1 1 1 0 1 1 0 1 1 0 1 0 0 0 0
380	1	0 1 1 0 0 0 1 0 0 0 1 0 0 0 0 0
380	5	1 1 1 1 0 1 1 0 1 1 1 1 0 0 0 0
380	1	1 1 1 1 0 0 1 0 1 1 0 1 0 0 0 0
380	2	1 1 1 1 0 1 1 0 1 1 0 1 0 1 0 0
380	1	0 0 1 0 0 0 1 0 0 0 0 0 0 0 1 0
380	1	1 1 1 0 0 1 0 0 1 1 0 0 0 0 0 0
380	1	1 1 1 1 0 1 1 0 1 0 0 1 0 1 0 0
380	5	1 1 1 1 0 1 1 1 1 1 0 1 0 0 0 0
380	5	0 1 1 1 0 0 0 0 1 1 0 0 0 0 0 0
380	1	1 1 1 0 0 0 1 0 0 0 1 0 0 0 0 1
380	1	1 1 1 1 0 1 1 1 0 1 0 1 0 0 0 0
380	1	1 1 1 1 0 0 1 0 1 1 0 1 1 0 0 0
380	2	1 1 1 1 0 0 1 0 1 1 0 0 0 0 0 1
380	2	1 1 1 0 0 0 0 0 1 1 0 0 0 0 0 0
380	1	0 1 1 1 0 0 1 0 1 1 0 0 0 0 0 0
380	1	0 1 0 1 1 0 0 0 0 1 1 0 0 0 0 0
380	1	1 1 1 1 0 0 1 0 1 1 0 0 0 0 0 0
380	1	1 1 1 1 0 1 1 0 0 1 0 1 0 0 0 1
380	1	0 1 1 1 0 1 1 0 0 0 1 1 0 0 0 0
380	1	1 1 1 0 0 1 1 1 1 0 0 0 0 0 0 0
390	4	1 1 1 0 0 1 1 0 1 1 0 0 0 0 0 0
390	1	0 1 1 1 0 1 1 0 1 1 1 0 0 0 0 0
390	4	1 1 1 0 0 1 0 0 1 0 0 0 0 0 0 0
390	3	1 1 1 1 0 1 1 0 1 1 1 0 0 0 0 0
390	2	0 1 1 1 0 1 1 1 1 1 0 1 0 0 0 0
390	11	1 1 1 1 0 1 1 0 1 1 0 0 0 0 0 0
390	1	0 1 1 1 0 0 1 0 0 1 0 0 0 0 0 0
390	1	0 1 1 1 0 1 1 0 1 1 0 0 1 0 0 0
390	6	1 1 1 1 1 1 1 0 1 1 0 0 0 0 0 0
390	2	1 1 1 1 0 1 1 0 1 1 0 0 0 0 0 1
390	2	1 1 1 1 0 1 0 0 1 1 0 0 0 0 0 0
390	5	1 1 1 1 1 1 1 0 0 1 1 0 0 0 0 0
390	1	1 1 1 1 0 1 1 0 0 1 1 0 0 0 0 0
390	3	1 1 1 0 0 1 1 0 1 1 0 0 0 1 0 0
390	2	1 1 1 1 0 1 1 0 0 1 1 1 0 0 0 0
390	4	1 1 1 1 0 1 1 0 1 1 1 1 0 0 0 0
390	1	1 0 1 1 0 1 1 0 1 1 0 0 0 0 0 0
390	2	1 1 1 1 0 0 1 0 0 0 1 1 0 1 0 0
390	2	1 1 1 1 0 0 1 0 1 1 0 1 0 0 0 0
390	1	1 1 1 1 0 1 1 0 1 1 0 1 0 1 0 0
390	3	1 1 1 0 0 1 0 0 1 1 0 0 0 0 0 0
390	2	1 1 1 1 0 0 0 0 0 0 1 1 0 1 0 0
390	1	1 1 1 1 0 1 1 1 1 1 0 1 0 0 0 0
390	2	0 1 1 1 0 0 0 0 1 1 0 0 0 0 0 0
390	2	1 1 1 0 0 0 1 0 0 0 1 0 0 0 0 1
390	1	1 1 1 1 0 0 1 0 0 0 1 1 0 1 1 0
390	1	0 1 1 0 0 1 0 1 0 1 1 1 0 0 0 0
390	1	0 1 1 1 0 1 1 1 1 1 0 1 0 0 0 1
390	2	1 1 1 0 0 0 0 0 1 1 0 0 0 0 0 0
390	1	1 1 1 1 0 0 1 0 1 1 0 0 0 0 0 0
390	2	1 1 1 1 1 1 1 0 1 1 1 0 0 0 0 0
390	1	0 1 1 1 0 1 1 1 1 1 0 1 0 1 0 0
390	3	0 1 1 1 0 1 0 0 1 1 0 1 0 1 0 0
390	3	0 1 1 1 0 1 1 0 0 0 1 1 0 0 0 0
390	1	1 1 1 1 0 1 0 0 1 0 0 0 0 0 0 0
390	1	1 1 1 0 0 0 1 0 0 0 1 1 0 0 0 0
390	1	1 1 1 1 0 1 1 0 0 1 0 1 0 0 0 0
390	1	0 1 1 1 0 1 1 0 1 1 0 0 0 0 0 1
390	1	1 1 1 0 0 1 0 0 1 1 0 0 1 0 0 0
390	1	1 1 0 1 0 1 1 0 1 1 1 1 0 0 0 0
390	1	1 1 1 1 0 1 1 0 1 1 1 0 0 0 0 1
390	1	0 1 1 1 0 1 1 0 1 1 0 0 0 0 0 0
390	1	1 1 1 1 0 0 0 0 1 1 0 0 0 0 0 0
390	1	1 1 1 1 0 0 1 0 0 0 0 0 0 0 0 1
390	2	1 1 1 1 0 1 1 0 1 1 1 0 0 0 1 0
390	1	1 1 1 1 0 1 0 0 1 1 0 0 0 0 0 1
390	1	1 1 1 1 0 1 1 0 0 1 0 0 0 0 0 0
390	1	1 1 1 1 1 0 1 0 0 1 1 0 0 0 0 0
390	1	1 1 1 0 1 1 0 0 1 1 0 0 0 0 0 0
390	1	1 1 1 0 0 0 0 0 1 1 1 1 0 0 0 0
400	1	0 1 1 1 0 1 1 0 1 1 1 0 0 0 0 0
400	8	1 1 1 1 0 1 1 0 1 1 1 0 0 0 0 0
400	17	1 1 1 1 0 1 1 0 1 1 0 0 0 0 0 0
400	2	1 1 1 1 1 1 1 0 1 1 0 0 0 0 0 0
400	3	1 1 1 1 0 1 0 0 1 1 0 0 0 0 0 0
400	1	0 1 0 1 1 0 0 0 1 0 0 1 0 1 0 0
400	1	1 1 1 1 1 1 1 0 0 1 1 0 0 0 0 0
400	3	1 1 1 1 0 1 1 0 0 1 1 0 0 0 0 0
400	1	1 1 1 1 0 1 1 0 0 1 1 1 0 0 0 0
400	8	1 1 1 1 0 1 1 0 1 1 1 1 0 0 0 0
400	4	1 1 1 1 0 0 1 0 0 0 1 1 0 1 0 0
400	1	1 1 1 1 0 0 1 0 1 1 0 1 0 0 0 0
400	1	1 1 1 0 0 1 1 0 1 1 0 1 0 0 0 0
400	1	1 1 1 1 0 0 0 0 0 0 1 1 0 1 0 0
400	5	1 1 1 1 0 1 1 1 1 1 0 1 0 0 0 0
400	1	0 1 1 1 0 0 0 0 1 1 0 0 0 0 0 0
400	2	1 1 1 0 0 0 1 0 0 0 1 0 0 0 0 1
400	1	1 1 1 1 0 0 1 0 0 0 1 1 0 1 1 0
400	6	1 1 1 1 0 0 1 0 1 1 0 0 0 0 0 0
400	10	0 1 1 1 0 1 1 0 0 0 1 1 0 0 0 0
400	1	1 0 1 1 0 1 0 0 1 1 0 0 0 0 0 0
400	1	0 1 1 1 0 1 1 0 1 1 0 0 0 0 0 1
400	1	1 1 0 1 0 1 1 0 1 1 1 1 0 0 0 0
400	1	1 1 1 1 0 1 1 0 1 1 0 0 0 1 0 0
400	1	1 1 1 1 0 1 1 0 1 1 1 0 0 0 0 1
400	1	0 1 1 0 0 0 0 0 1 1 0 0 0 0 0 0
400	3	0 1 1 1 0 1 1 0 1 1 0 0 0 0 0 0
400	2	1 1 1 1 0 1 1 0 0 1 0 0 0 0 0 0
400	2	0 1 1 1 0 0 1 0 0 1 1 0 0 0 0 0
400	1	1 1 1 1 0 0 1 0 1 1 0 0 0 0 1 1
400	1	1 1 1 1 0 1 0 0 1 0 0 0 0 1 0 0
400	1	1 1 1 1 0 1 1 1 1 0 0 1 0 0 0 0
400	1	1 1 1 0 0 1 1 0 0 1 1 0 0 0 0 0
400	1	1 1 1 0 0 0 0 0 0 1 0 0 0 0 0 0
400	1	0 1 1 1 1 1 1 0 1 1 1 0 0 0 0 0
400	1	1 1 1 0 0 0 0 0 1 0 0 1 0 1 0 0
400	2	1 0 1 1 0 1 0 0 1 1 0 0 0 0 1 0
400	1	1 1 1 1 0 0 1 0 1 1 0 0 1 0 0 1
