0	24	0 1 0 1 0 0 0 0 0 0 0 0 0 1 0 0
0	29	0 0 0 0 0 0 0 0 0 1 0 0 0 0 0 0
0	20	0 1 0 0 0 0 0 0 0 0 0 0 0 0 0 0
0	27	1 0 0 0 0 0 0 1 0 0 0 0 0 0 0 0
8	44	0 1 0 1 0 0 0 0 0 0 0 0 0 1 0 0
8	12	0 0 0 0 0 0 0 0 0 1 0 0 0 0 0 0
8	16	0 1 0 0 0 0 0 0 0 0 0 0 0 0 0 0
8	16	1 0 0 0 0 0 0 1 0 0 0 0 0 0 0 0
8	1	0 1 0 0 0 0 0 0 0 1 0 0 0 0 0 0
8	2	0 0 0 0 0 0 0 0 1 1 0 0 0 0 0 0
8	1	0 1 0 0 0 1 0 0 0 0 0 0 0 0 0 0
8	1	0 1 0 0 0 0 0 0 0 0 0 0 0 1 0 0
8	1	1 0 0 0 0 0 0 1 0 0 0 0 0 1 0 0
8	1	0 1 0 1 0 0 0 1 0 0 0 0 0 0 0 0
8	1	0 1 0 1 0 0 0 0 0 0 0 0 0 0 0 0
8	1	0 0 0 1 0 0 0 0 0 0 0 0 0 1 0 0
8	1	0 0 0 0 0 0 0 0 0 0 0 0 0 1 0 0
8	2	0 1 0 1 0 0 1 0 0 0 0 0 0 1 0 0
45	45	0 1 0 1 0 0 0 0 0 0 0 0 0 1 0 0
45	1	0 0 0 1 0 0 0 0 0 1 0 0 0 0 0 0
45	4	0 1 0 1 0 0 0 1 0 0 0 0 0 0 0 0
45	4	0 1 0 1 0 0 0 0 0 0 0 0 0 0 0 0
45	1	0 0 0 1 0 0 0 0 0 0 0 0 0 1 0 0
45	2	0 1 0 0 0 0 0 1 0 0 0 0 0 0 0 0
45	1	0 1 0 1 0 0 1 0 0 0 0 0 0 1 0 0
45	1	1 1 0 0 0 0 0 1 0 0 0 0 0 0 0 0
45	1	0 1 0 1 0 0 0 0 0 0 0 0 1 1 0 0
45	17	1 1 0 1 0 0 0 0 0 0 0 0 0 1 0 0
45	4	0 1 0 0 0 0 0 0 1 0 0 0 0 0 0 0
45	3	0 1 0 0 0 0 0 0 0 0 0 0 0 1 0 0
45	3	0 1 0 1 0 0 0 1 0 0 0 0 0 1 0 0
45	1	0 0 0 1 0 0 1 0 0 0 0 0 0 1 0 0
45	2	0 1 1 0 0 0 0 0 1 0 0 0 0 0 0 0
45	1	0 1 0 1 0 1 0 1 0 0 0 0 0 1 0 0
45	2	0 1 0 1 0 0 1 0 0 0 0 0 0 0 0 0
45	3	0 1 0 1 0 0 0 0 1 0 0 0 0 1 0 0
45	1	1 1 0 1 0 0 0 0 0 0 0 1 0 1 0 0
45	1	0 1 0 1 0 0 0 1 0 0 1 0 0 1 0 0
45	1	1 0 0 1 0 0 0 0 1 0 0 0 0 1 0 0
45	1	0 1 1 1 0 0 0 0 0 0 0 0 1 1 0 0
85	34	0 1 0 1 0 0 0 0 0 0 0 0 0 1 0 0
85	7	0 1 0 1 0 1 0 0 0 0 0 0 0 1 0 0
85	4	0 1 0 1 0 0 0 1 0 0 0 0 0 0 0 0
85	1	0 1 0 1 0 0 0 0 0 0 0 0 0 0 0 0
85	1	0 0 0 1 0 0 0 0 0 0 0 0 0 1 0 0
85	1	0 1 0 1 0 0 0 0 0 0 0 0 0 1 1 0
85	4	0 1 0 1 0 0 0 0 0 1 0 0 0 0 0 0
85	10	1 1 0 1 0 0 0 0 0 0 0 0 0 1 0 0
85	2	0 1 0 1 0 0 0 1 0 0 0 0 0 1 0 0
85	2	0 1 0 1 0 1 0 1 0 0 0 0 0 1 0 0
85	1	1 1 0 1 0 0 0 0 0 0 0 0 0 0 0 0
85	2	0 1 0 1 0 0 0 0 1 0 0 0 0 1 0 0
85	3	0 0 0 1 0 0 0 1 0 0 0 0 0 0 0 0
85	2	1 1 0 1 0 0 0 0 0 1 0 0 0 1 0 0
85	3	0 1 0 1 0 0 1 0 0 0 0 0 0 0 0 0
85	1	0 1 0 1 0 0 0 0 0 0 1 0 0 1 0 0
85	2	0 1 0 1 0 0 0 1 1 0 0 0 0 1 0 0
85	3	0 1 0 1 0 0 0 0 1 0 0 0 0 0 0 1
85	3	0 1 0 1 0 0 0 1 0 1 0 0 0 1 0 0
85	2	1 1 0 1 0 1 1 0 0 0 0 0 0 1 0 0
85	3	0 1 0 1 0 0 0 0 0 1 0 0 1 0 0 0
85	1	1 1 0 1 0 0 1 0 0 0 0 0 0 0 0 0
85	3	0 1 0 1 0 0 0 0 0 0 0 1 0 1 0 0
85	1	1 0 0 1 0 0 0 1 0 0 0 0 0 0 0 0
85	2	0 1 1 1 0 0 0 0 0 1 0 0 1 0 0 0
85	1	0 1 0 1 0 0 0 0 0 1 0 0 0 1 0 0
85	1	1 1 0 1 0 0 0 0 0 1 0 0 0 1 1 0
154	2	0 1 0 1 0 0 0 0 0 0 0 0 0 1 0 0
154	1	0 1 0 1 0 0 0 1 0 0 0 0 0 0 0 0
154	2	1 1 0 1 0 0 0 0 0 0 0 0 0 1 0 0
154	10	1 1 0 1 0 0 0 0 0 0 0 0 0 0 0 0
154	4	0 0 0 1 0 0 0 1 0 0 0 0 0 0 0 0
154	3	1 1 0 1 0 0 0 0 0 1 0 0 0 1 0 0
154	11	1 1 0 1 0 0 0 0 0 1 0 0 0 0 0 0
154	3	1 1 0 1 0 0 0 1 0 0 0 0 0 0 0 0
154	3	1 1 1 1 0 0 0 0 0 0 0 0 0 1 0 0
154	1	0 1 0 1 0 0 0 0 0 0 1 0 0 0 0 0
154	3	0 1 0 1 0 0 1 0 0 0 1 0 0 0 0 0
154	1	0 1 0 1 1 0 0 0 1 0 0 0 0 1 0 0
154	12	1 1 1 1 0 0 0 0 0 0 0 0 0 0 0 0
154	1	0 1 1 1 0 0 0 0 1 1 0 0 0 0 0 0
154	2	0 1 0 1 0 0 1 0 0 0 1 0 0 1 0 0
154	1	0 1 0 1 0 0 0 0 0 1 0 0 0 0 0 0
154	4	1 0 0 1 0 0 1 0 0 0 0 0 0 0 0 1
154	1	1 1 0 1 0 0 0 0 0 0 0 1 0 1 0 0
154	2	1 1 0 1 0 0 0 0 1 1 0 0 0 0 0 0
154	2	1 1 1 1 0 0 0 1 0 0 0 0 0 0 0 0
154	2	0 1 1 1 0 0 0 0 0 0 0 0 0 0 0 0
154	1	1 1 0 1 0 0 0 0 0 0 1 0 0 0 0 0
154	1	1 1 0 1 0 0 1 0 0 0 0 0 0 1 0 0
154	3	1 1 1 1 0 0 0 0 1 0 0 1 0 1 0 0
154	2	1 1 1 1 0 0 0 0 0 0 0 0 0 1 1 0
154	1	1 1 0 1 0 0 0 1 0 1 0 0 0 0 0 0
154	2	1 1 0 1 1 0 0 0 0 0 0 1 0 1 0 0
154	6	1 1 0 1 0 0 1 0 0 0 1 0 0 1 0 0
154	2	0 1 0 1 1 0 0 1 0 0 0 0 0 0 0 0
154	1	1 1 1 1 0 0 0 1 0 0 0 1 0 0 0 0
154	1	0 1 1 1 0 0 0 0 1 1 0 0 1 0 0 0
154	1	0 0 0 1 0 0 1 0 0 0 0 0 0 0 0 1
154	2	1 1 1 1 0 0 0 1 0 0 0 0 0 1 0 0
154	1	1 1 0 1 1 0 0 0 0 0 0 0 0 0 0 0
154	1	1 0 0 1 0 0 1 0 0 0 0 0 0 1 0 1
154	1	1 0 0 1 0 0 0 0 1 0 0 0 0 1 0 0
154	1	1 1 0 1 0 0 0 0 1 0 0 0 0 0 0 0
154	1	1 1 1 1 0 0 0 0 0 0 0 0 0 0 1 0
154	1	1 1 1 0 0 0 0 0 0 0 0 0 0 0 0 0
239	6	1 1 0 1 0 0 0 0 0 0 0 0 0 0 0 0
239	6	1 1 0 1 0 0 0 0 0 1 0 0 0 0 0 0
239	2	1 1 0 1 0 0 0 1 0 0 0 0 0 0 0 0
239	2	1 1 1 1 0 0 0 0 0 0 0 0 0 1 0 0
239	11	1 1 1 1 0 0 0 0 0 1 0 0 0 0 0 0
239	7	1 1 1 1 0 0 0 0 0 0 0 0 0 0 0 0
239	9	1 1 0 1 0 0 0 0 1 1 0 0 0 0 0 0
239	3	1 1 1 1 0 0 0 1 0 0 0 0 0 0 0 0
239	2	1 1 1 1 0 0 0 0 1 0 0 1 0 1 0 0
239	2	0 1 1 1 0 0 0 1 0 0 0 0 0 0 0 0
239	4	1 1 0 1 0 0 1 0 0 1 0 0 0 0 0 0
239	3	1 1 1 1 0 0 1 0 1 1 1 0 0 0 0 0
239	1	1 1 0 1 0 0 1 0 1 1 1 0 0 0 0 0
239	1	1 1 1 1 0 0 0 0 1 0 0 1 0 0 0 0
239	4	1 1 1 1 0 0 1 0 0 1 0 0 0 0 0 0
239	2	1 1 0 1 0 0 0 1 0 1 0 0 0 0 0 0
239	6	1 1 1 1 1 1 0 1 0 0 0 0 0 0 0 0
239	2	1 1 0 1 0 0 0 1 1 0 0 0 0 0 0 0
239	2	1 1 1 1 0 0 0 0 0 0 1 0 0 0 0 0
239	2	1 1 0 1 0 0 1 1 0 0 0 1 0 1 0 0
239	1	1 1 1 1 0 0 0 0 0 0 0 0 0 0 1 0
239	1	0 1 0 1 0 0 0 0 0 1 0 0 0 0 0 0
239	1	1 1 0 1 0 0 1 1 0 0 0 0 0 1 0 0
239	3	1 1 1 1 0 0 1 0 1 1 0 0 0 0 0 0
239	1	1 1 1 1 0 0 0 1 0 1 0 0 0 0 0 0
239	1	1 1 0 1 0 0 0 1 1 1 0 0 0 0 0 0
239	1	1 1 1 1 0 0 0 0 0 0 0 1 0 1 0 0
239	1	1 1 0 1 0 0 0 0 0 0 1 0 0 0 0 0
239	1	1 1 1 1 0 1 0 0 0 0 0 0 0 1 0 0
239	1	1 1 1 1 0 0 0 0 0 1 1 0 0 0 0 0
239	2	1 1 0 1 0 0 1 1 0 0 1 1 0 1 0 0
239	1	1 1 0 1 0 0 0 0 0 0 0 1 0 0 0 0
239	1	1 1 1 1 0 0 1 0 0 0 0 0 0 1 0 0
239	1	1 1 1 1 1 0 0 0 0 0 0 0 0 0 0 0
239	1	1 0 1 1 0 0 0 0 0 1 0 0 0 0 0 0
239	1	1 1 1 1 0 0 1 0 0 1 1 0 0 1 0 0
239	1	1 1 0 1 0 0 0 0 1 1 0 0 0 1 0 0
239	1	1 1 0 1 0 0 0 1 0 1 1 0 0 0 0 0
239	1	1 1 1 1 0 0 0 0 0 0 0 0 0 0 0 1
239	1	1 0 1 1 0 0 0 0 1 0 0 0 0 1 0 0
252	3	1 1 0 1 0 0 0 0 0 0 0 0 0 0 0 0
252	1	1 1 0 1 0 0 0 0 0 1 0 0 0 0 0 0
252	6	1 1 0 1 0 0 0 1 0 0 0 0 0 0 0 0
252	4	1 1 1 1 0 0 0 0 0 1 0 0 0 0 0 0
252	6	1 1 1 1 0 0 0 0 0 0 0 0 0 0 0 0
252	4	1 1 0 1 0 0 0 0 1 1 0 0 0 0 0 0
252	2	1 1 1 1 0 0 0 0 1 0 0 1 0 1 0 0
252	6	1 1 0 1 0 0 1 0 0 1 0 0 0 0 0 0
252	4	1 1 1 1 0 0 1 0 1 1 1 0 0 0 0 0
252	5	1 1 1 1 0 0 1 0 0 1 0 0 0 0 0 0
252	3	1 1 0 1 0 0 0 1 0 1 0 0 0 0 0 0
252	8	1 1 1 1 1 1 0 1 0 0 0 0 0 0 0 0
252	1	1 1 1 1 0 0 0 0 0 0 1 0 0 0 0 0
252	1	1 1 1 1 1 1 0 0 0 1 0 0 0 0 1 0
252	4	0 1 0 1 0 0 0 0 0 1 0 0 0 0 0 0
252	3	1 1 1 1 0 0 0 1 0 1 0 0 0 0 0 0
252	2	1 1 1 1 0 0 1 0 0 0 0 0 0 0 0 0
252	2	1 1 0 1 0 0 1 0 1 1 1 0 0 1 0 0
252	1	1 1 0 1 0 0 1 1 0 0 0 0 0 0 0 0
252	4	1 1 1 1 0 0 0 0 0 1 1 0 0 0 0 0
252	1	1 1 0 1 0 0 0 0 1 1 1 0 0 0 0 0
252	2	1 1 1 1 1 0 0 0 0 0 0 0 0 0 0 0
252	1	1 1 0 1 0 0 0 0 0 1 0 0 0 1 0 0
252	1	1 1 0 1 0 0 1 0 1 1 1 0 0 0 0 1
252	1	1 1 0 1 0 0 0 0 1 0 1 0 0 0 0 0
252	1	1 1 1 1 0 0 0 0 0 0 0 0 0 0 0 1
252	1	1 1 1 1 1 1 0 1 0 0 1 0 0 0 1 0
252	2	1 1 1 1 0 0 1 1 0 0 0 1 0 1 0 0
252	1	1 1 1 1 0 0 0 0 1 1 1 0 0 0 0 0
252	1	1 0 1 1 0 0 0 0 0 1 0 1 0 0 0 0
252	4	1 1 0 1 0 0 0 0 0 0 0 0 1 0 0 0
252	1	1 1 0 1 0 0 0 0 1 1 0 1 0 0 0 0
252	1	1 1 1 1 0 0 1 0 0 1 0 0 0 1 0 0
252	1	1 1 1 1 0 0 1 0 1 1 1 0 0 0 0 1
252	1	1 1 0 1 0 0 1 0 1 1 1 1 0 0 0 1
252	1	1 1 1 1 0 0 0 1 0 1 1 0 0 0 0 0
252	2	1 1 1 1 0 0 0 1 0 1 0 0 0 0 0 1
252	1	1 0 1 1 0 0 1 0 0 0 0 0 0 0 0 1
252	1	1 1 0 0 1 0 0 0 0 1 0 1 0 0 0 0
252	1	1 1 0 1 0 0 0 1 0 0 0 0 0 1 0 0
252	1	1 1 0 1 0 0 1 0 0 1 0 0 0 0 1 0
252	1	0 1 0 1 0 0 0 0 0 1 0 1 0 0 0 0
252	1	1 1 1 1 0 0 0 0 1 1 1 0 0 0 0 1
252	1	1 1 0 1 0 0 1 0 1 1 1 0 1 1 0 0
350	12	1 1 1 1 0 0 0 0 0 1 0 0 0 0 0 0
350	1	1 1 1 1 0 0 0 0 0 0 0 0 0 0 0 0
350	6	1 1 1 1 0 0 0 1 0 0 0 0 0 0 0 0
350	1	1 1 1 1 0 0 1 0 1 1 1 0 0 0 0 0
350	1	1 1 1 1 1 1 0 1 0 0 0 0 0 0 0 0
350	10	1 1 1 1 0 0 0 0 0 0 1 0 0 0 0 0
350	8	1 1 1 1 1 1 0 1 0 0 0 1 0 0 0 0
350	2	1 1 1 1 0 0 1 0 1 0 1 0 0 0 0 0
350	1	1 1 1 1 0 0 1 0 1 1 0 0 0 0 0 1
350	4	1 1 1 1 1 1 0 1 0 0 1 0 0 0 0 0
350	5	1 1 1 1 0 0 0 1 0 1 0 0 0 0 0 0
350	1	0 1 1 1 1 0 0 0 0 1 0 0 0 0 0 0
350	2	1 0 1 1 0 0 0 0 0 1 0 0 0 0 0 0
350	1	1 1 1 1 1 1 1 1 0 0 1 0 0 1 1 0
350	1	0 1 1 1 0 1 1 0 0 1 1 0 0 0 0 0
350	1	1 1 1 1 0 0 1 0 0 0 1 0 0 0 0 0
350	3	0 1 1 1 0 0 0 1 0 0 0 0 0 0 0 0
350	1	1 1 1 1 0 1 1 0 1 1 1 0 0 1 0 0
350	1	1 1 1 1 0 0 1 0 0 0 0 0 0 0 0 0
350	1	1 1 1 0 0 0 1 0 1 1 0 0 0 0 0 0
350	3	1 1 1 1 0 1 0 1 0 0 1 0 0 0 0 0
350	2	1 1 1 1 0 0 0 0 1 0 0 0 0 0 0 0
350	4	1 1 1 1 0 0 0 0 1 1 0 0 0 0 0 0
350	2	1 1 1 1 0 0 0 0 1 0 1 0 0 0 0 0
350	2	1 1 1 1 0 0 1 0 0 1 0 0 0 0 1 0
350	3	0 1 1 1 0 0 1 0 1 1 1 1 0 0 0 0
350	1	1 1 1 1 0 0 1 0 1 0 1 0 0 0 1 0
350	2	1 1 1 1 0 0 1 1 1 1 0 0 0 1 0 0
350	2	0 1 1 1 0 1 1 0 1 1 1 1 0 0 0 0
350	1	1 1 1 1 0 0 0 0 0 1 0 0 0 0 0 1
350	1	0 1 1 1 1 1 0 1 0 0 1 0 0 0 0 0
350	1	0 1 0 1 0 0 1 0 1 1 1 1 0 0 0 0
350	1	1 1 1 1 0 0 1 1 0 0 0 0 0 0 0 1
350	3	1 1 1 1 0 0 0 0 0 1 1 0 0 0 1 0
350	3	0 1 1 1 0 1 1 0 0 0 0 0 0 0 0 0
350	3	1 1 1 1 1 1 0 1 0 1 0 1 0 0 0 0
350	1	1 1 1 1 0 0 0 1 0 0 1 0 0 0 0 0
350	1	1 1 1 1 0 1 0 0 0 1 0 0 0 0 0 1
350	1	1 1 1 1 0 1 0 0 0 0 1 1 0 0 0 0
400	5	1 1 1 1 0 0 0 0 0 1 0 0 0 0 0 0
400	4	1 1 1 1 0 0 0 0 0 0 0 0 0 0 0 0
400	9	1 1 1 1 0 0 0 1 0 0 0 0 0 0 0 0
400	4	1 1 1 1 0 0 0 0 0 0 1 0 0 0 0 0
400	4	1 1 1 1 0 0 0 1 0 1 0 0 0 0 0 0
400	4	1 1 1 1 0 0 1 0 0 0 1 0 0 0 0 0
400	1	1 1 1 1 0 1 1 0 1 1 1 0 0 1 0 0
400	10	1 1 1 1 0 0 0 0 1 1 0 0 0 0 0 0
400	2	1 1 1 1 0 0 1 0 1 0 1 0 0 0 1 0
400	4	0 1 1 1 0 1 1 0 1 1 1 1 0 0 0 0
400	1	1 1 1 1 0 0 0 1 0 0 0 0 0 1 0 0
400	7	1 1 1 1 0 1 0 0 0 0 1 0 0 0 0 0
400	2	1 1 1 1 1 0 0 0 0 1 0 1 0 0 0 0
400	1	1 0 1 1 0 0 0 0 0 0 0 0 0 0 0 0
400	1	1 1 1 1 0 0 0 1 1 1 0 0 0 1 0 0
400	2	1 0 1 1 0 0 0 0 1 0 0 1 0 0 0 0
400	6	1 1 1 1 0 0 0 1 0 1 1 1 0 0 0 0
400	2	1 1 0 1 0 0 0 1 0 1 0 0 0 0 0 0
400	1	1 1 1 1 1 0 0 0 0 0 0 0 0 0 0 0
400	1	1 1 1 1 0 1 1 0 0 1 1 0 0 1 0 0
400	1	1 1 1 1 0 0 0 1 1 0 0 0 0 0 0 0
400	7	1 1 1 1 0 0 0 0 0 1 1 0 0 0 0 0
400	1	1 1 1 1 0 0 0 1 0 0 1 0 0 0 0 0
400	3	1 1 1 1 0 0 1 0 0 1 0 0 0 0 0 0
400	1	1 1 1 0 0 0 0 0 0 0 1 0 0 0 0 0
400	3	1 1 1 1 0 0 0 1 0 0 0 0 0 1 1 0
400	1	1 1 1 0 0 0 1 0 0 0 0 1 0 1 0 0
400	1	1 1 1 1 0 0 1 0 1 0 1 0 0 1 1 0
400	1	1 1 1 1 0 0 0 0 0 1 1 1 0 0 0 0
400	2	0 1 1 1 0 0 1 0 0 0 1 0 0 0 0 0
400	2	1 0 1 1 0 0 1 0 1 0 1 0 0 0 1 0
400	1	1 1 0 1 1 0 0 0 0 0 0 0 0 0 0 0
400	1	1 1 0 1 0 0 0 0 0 1 0 0 0 1 0 0
400	1	1 1 1 1 1 0 0 0 0 0 1 0 0 0 0 0
400	3	1 1 1 1 0 0 0 1 0 1 1 1 1 0 0 0
