0	14	0 0 1 0 0 1 0 0 0 1 0 0 0 0 1 1
0	8	1 0 0 0 1 0 0 1 0 1 0 1 0 0 0 0
0	15	0 1 0 0 0 0 0 0 0 0 1 0 0 0 0 0
0	13	0 0 1 0 0 0 0 0 0 0 0 0 0 1 0 0
20	4	0 0 1 0 0 1 0 0 0 1 0 0 0 0 1 1
20	16	1 0 0 0 1 0 0 1 0 1 0 1 0 0 0 0
20	6	0 1 0 0 0 0 0 0 0 0 1 0 0 0 0 0
20	5	0 0 1 0 0 0 0 0 0 0 0 0 0 1 0 0
20	1	0 0 1 0 0 0 0 0 0 0 0 1 0 1 0 0
20	1	1 0 1 0 0 1 0 0 0 1 0 0 0 0 1 1
20	3	0 1 1 0 0 1 0 0 0 1 0 0 0 0 1 1
20	3	0 0 0 0 1 0 0 1 0 1 0 1 0 0 0 0
20	1	1 0 0 0 1 0 0 1 0 1 0 0 0 1 0 0
20	1	0 0 1 0 0 1 0 0 0 1 1 0 0 0 1 1
20	1	0 1 0 0 0 0 0 0 0 0 1 0 0 1 0 1
20	1	0 0 1 0 1 0 0 1 0 1 0 1 0 0 0 0
20	1	0 0 1 0 0 0 0 1 0 1 0 1 0 0 0 0
20	1	0 0 0 0 0 0 0 0 0 0 1 1 0 0 0 0
20	1	0 0 0 0 0 1 0 0 0 1 0 0 0 0 1 1
20	2	0 0 0 0 1 0 0 1 1 1 0 1 0 0 0 0
20	1	1 0 0 0 1 0 0 1 1 1 0 1 0 0 0 0
20	1	1 0 0 0 0 1 0 0 0 1 0 0 0 0 1 1
40	1	0 0 1 0 0 1 0 0 0 1 0 0 0 0 1 1
40	17	1 0 0 0 1 0 0 1 0 1 0 1 0 0 0 0
40	1	1 0 0 0 1 0 1 1 0 1 0 1 0 0 0 0
40	3	0 0 0 0 1 0 0 1 0 1 0 1 0 0 0 0
40	2	0 1 0 0 1 0 0 1 0 1 0 1 0 0 0 0
40	1	0 0 1 0 1 0 0 1 0 1 0 1 0 0 0 0
40	6	0 0 1 0 0 0 0 1 0 1 0 1 0 0 0 0
40	2	0 0 0 0 0 0 0 0 0 0 1 1 0 0 0 0
40	1	0 0 0 0 1 0 0 1 1 1 0 1 0 0 0 0
40	1	0 1 0 0 0 0 0 0 0 1 0 0 0 0 1 1
40	1	1 0 0 0 1 0 0 1 1 1 0 1 0 0 0 0
40	1	0 1 0 0 1 1 0 1 0 1 0 1 0 0 0 0
40	1	1 0 0 0 1 0 0 0 0 1 0 1 0 0 0 0
40	2	0 0 0 0 1 0 1 1 0 1 0 1 0 0 0 0
40	1	1 0 0 0 1 1 0 1 0 1 0 1 0 0 0 0
40	1	1 0 0 0 1 0 0 0 0 1 0 0 0 0 1 1
40	1	0 0 1 0 0 1 0 0 0 1 0 0 1 0 1 1
40	1	1 1 0 0 0 0 0 0 0 1 0 0 0 0 1 1
40	1	1 0 1 0 0 1 0 0 0 1 0 1 0 0 0 0
40	1	0 0 1 0 0 1 1 1 0 1 0 1 0 0 0 0
40	1	0 1 1 0 1 1 0 0 0 1 0 0 0 0 1 1
40	1	0 0 0 0 1 0 0 0 0 0 0 0 0 1 0 0
40	1	0 0 0 0 1 0 0 1 1 0 0 1 0 0 0 0
40	1	0 0 0 0 0 1 0 0 0 1 0 0 0 1 1 1
60	16	1 0 0 0 1 0 0 1 0 1 0 1 0 0 0 0
60	1	0 0 0 0 1 0 0 1 0 1 0 1 0 0 0 0
60	1	0 1 0 0 1 0 0 1 0 1 0 1 0 0 0 0
60	2	0 0 1 0 1 0 0 1 0 1 0 1 0 0 0 0
60	1	0 0 1 0 0 0 0 1 0 1 0 1 0 0 0 0
60	2	0 0 1 0 0 1 0 1 0 1 0 1 0 0 0 0
60	2	1 0 0 0 1 0 0 0 0 1 0 1 0 0 0 0
60	2	0 1 1 0 0 1 0 1 0 1 0 0 0 0 1 1
60	1	1 0 0 0 1 0 0 1 0 0 0 1 0 0 1 0
60	3	1 0 0 0 0 0 0 1 0 1 0 1 0 0 0 0
60	1	1 0 0 0 0 0 0 0 0 1 0 1 0 0 0 0
60	2	0 0 0 0 1 0 1 1 1 1 0 1 0 0 0 0
60	1	0 1 1 0 0 1 0 1 0 1 0 1 0 0 0 0
60	1	0 0 0 0 0 0 0 0 0 0 1 1 1 0 0 0
60	1	1 0 1 0 1 0 0 1 0 1 0 0 0 0 0 0
60	1	1 1 0 0 0 0 0 0 0 1 0 0 0 0 1 1
60	1	0 1 0 0 1 0 0 1 0 1 0 1 0 0 1 0
60	1	0 1 0 0 0 0 0 1 0 1 0 1 0 0 0 0
60	3	1 0 0 0 1 0 0 1 0 1 0 1 0 0 0 1
60	1	0 0 0 1 1 0 0 0 0 0 0 0 0 1 0 0
60	1	1 0 0 0 1 1 0 1 0 0 0 1 0 0 0 0
60	1	1 0 0 0 1 1 1 1 0 1 0 1 0 0 0 0
60	1	0 0 0 0 1 0 0 1 0 0 1 1 0 0 1 0
60	2	1 1 1 0 1 1 0 0 0 1 0 1 0 0 0 0
60	1	1 0 0 0 1 0 0 1 0 1 0 1 1 0 0 1
80	11	1 0 0 0 1 0 0 1 0 1 0 1 0 0 0 0
80	1	1 0 0 0 1 0 1 1 0 1 0 1 0 0 0 0
80	1	0 0 0 0 1 0 0 1 0 1 0 1 0 0 0 0
80	2	0 1 0 0 1 0 0 1 0 1 0 1 0 0 0 0
80	2	0 0 1 0 0 0 0 1 0 1 0 1 0 0 0 0
80	1	1 0 0 0 1 0 0 1 1 1 0 1 0 0 0 0
80	2	0 1 1 0 0 1 0 1 0 1 0 0 0 0 1 1
80	1	1 0 0 0 1 0 0 1 0 1 0 1 0 1 0 0
80	2	1 0 0 0 0 0 0 1 0 1 0 1 0 0 0 0
80	5	0 0 0 0 1 0 1 1 1 1 0 1 0 0 0 0
80	1	1 0 1 0 1 1 0 0 0 1 0 1 0 0 0 0
80	2	0 1 0 0 1 0 0 1 0 1 0 1 0 0 1 0
80	1	0 1 0 0 0 0 0 1 0 0 0 1 0 0 0 0
80	2	1 0 0 0 1 0 1 1 1 1 0 1 0 0 0 0
80	1	0 0 0 1 1 0 0 0 0 1 0 1 0 0 0 0
80	2	1 0 0 0 1 1 1 1 0 1 0 1 0 0 0 0
80	1	1 0 1 0 1 0 0 0 0 1 0 1 0 0 0 0
80	3	1 0 0 0 0 0 0 0 0 1 1 1 0 0 0 0
80	1	1 0 0 0 1 0 0 1 0 1 1 1 0 0 0 0
80	3	1 0 0 0 0 0 0 1 0 1 0 1 0 0 0 1
80	2	0 1 0 0 1 0 0 1 0 0 0 1 0 0 0 0
80	1	1 0 0 0 1 1 0 1 0 1 0 1 1 0 1 0
80	1	0 1 0 0 1 0 1 1 1 1 0 1 0 0 0 0
80	1	1 1 0 0 1 0 0 1 0 1 0 1 0 0 0 0
100	10	1 0 0 0 1 0 0 1 0 1 0 1 0 0 0 0
100	4	1 0 0 0 1 0 1 1 0 1 0 1 0 0 0 0
100	2	0 0 0 0 1 0 0 1 0 1 0 1 0 0 0 0
100	7	0 1 0 0 1 0 0 1 0 1 0 1 0 0 0 0
100	1	0 0 1 0 0 0 0 1 0 1 0 1 0 0 0 0
100	1	1 0 0 0 1 0 0 0 0 1 0 1 0 0 0 0
100	2	1 0 0 0 1 0 0 1 0 1 0 1 1 0 0 0
100	1	0 1 0 0 0 0 0 1 0 0 0 1 0 0 0 0
100	7	1 0 0 0 0 0 0 1 0 1 1 1 0 0 0 0
100	1	1 0 0 0 1 1 1 1 0 1 1 1 0 0 0 0
100	1	1 0 0 0 0 0 0 1 0 1 0 1 0 0 0 1
100	1	1 0 1 0 1 0 0 1 0 1 0 1 0 0 0 0
100	2	0 1 0 0 1 0 0 1 0 1 0 1 0 1 0 0
100	1	0 0 1 0 0 1 0 1 0 1 0 1 0 0 0 0
100	1	1 0 0 0 0 0 0 1 0 1 0 1 0 0 1 0
100	2	0 1 0 0 1 0 0 0 0 1 0 1 0 0 0 0
100	1	0 1 0 0 0 0 0 1 0 1 0 1 1 0 0 0
100	2	1 1 0 0 0 0 1 0 0 1 0 1 0 0 0 0
100	2	1 0 0 0 1 0 1 1 0 1 0 1 0 1 0 0
100	1	0 0 1 0 1 0 1 1 0 1 0 1 0 0 0 0
120	9	1 0 0 0 1 0 0 1 0 1 0 1 0 0 0 0
120	2	1 0 0 0 1 0 1 1 0 1 0 1 0 0 0 0
120	3	0 0 0 0 1 0 0 1 0 1 0 1 0 0 0 0
120	2	0 1 0 0 1 0 0 1 0 1 0 1 0 0 0 0
120	1	0 0 1 0 0 0 0 1 0 1 0 1 0 0 0 0
120	1	1 0 0 0 1 0 0 1 0 1 0 1 1 0 0 0
120	1	0 1 0 0 0 0 0 1 0 0 0 1 0 0 0 0
120	1	1 0 0 0 0 0 0 1 0 1 1 1 0 0 0 0
120	1	0 0 1 0 0 0 0 1 0 1 0 1 1 0 0 0
120	1	1 1 0 0 0 0 0 0 0 1 0 1 0 0 0 0
120	1	1 0 0 0 0 0 0 0 0 1 1 1 0 0 0 0
120	1	1 0 0 1 1 0 0 1 0 0 0 1 0 0 0 0
120	1	0 1 0 0 1 0 0 1 0 0 0 1 0 0 0 0
120	1	1 0 1 0 1 0 0 1 0 1 0 1 0 0 0 0
120	1	1 1 0 0 1 0 0 1 0 1 0 1 0 0 0 0
120	1	0 0 1 0 1 0 0 1 1 1 0 1 0 0 0 0
120	2	0 0 0 0 0 0 0 1 0 1 0 1 0 0 0 0
120	3	1 0 0 1 1 0 0 1 0 1 0 1 0 0 0 0
120	2	1 0 0 0 1 1 0 1 0 1 0 1 0 0 0 0
120	1	0 0 0 0 1 0 0 1 1 1 0 0 0 0 0 0
120	1	1 1 0 0 1 0 0 1 0 0 0 1 0 0 0 0
120	3	0 0 0 0 1 0 0 1 0 1 0 1 0 1 1 0
120	1	0 0 0 0 0 0 1 1 0 1 0 1 0 0 0 0
120	1	1 1 0 0 0 0 0 1 0 1 1 1 0 0 0 0
120	2	0 0 1 0 0 0 0 1 0 1 1 1 0 0 0 0
120	1	1 1 0 0 1 0 1 1 0 1 1 1 0 0 0 0
120	2	1 0 1 0 1 0 0 1 1 1 0 1 0 0 0 0
120	2	1 0 1 0 1 0 0 1 0 1 0 1 0 0 0 1
120	1	0 0 0 0 1 0 0 1 0 1 0 1 0 0 0 1
140	8	1 0 0 0 1 0 0 1 0 1 0 1 0 0 0 0
140	1	1 0 0 0 1 0 1 1 0 1 0 1 0 0 0 0
140	2	0 0 0 0 1 0 0 1 0 1 0 1 0 0 0 0
140	3	0 1 0 0 1 0 0 1 0 1 0 1 0 0 0 0
140	4	0 0 1 0 0 0 0 1 0 1 0 1 0 0 0 0
140	3	1 0 0 0 0 0 0 1 0 1 0 1 0 0 0 0
140	1	1 0 0 0 1 0 0 1 0 1 0 1 1 0 0 0
140	2	0 1 0 0 0 0 0 1 0 0 0 1 0 0 0 0
140	1	0 0 1 0 0 0 0 1 0 1 0 1 1 0 0 0
140	1	1 1 0 0 0 0 0 0 0 1 0 1 0 0 0 0
140	3	1 1 0 0 1 0 0 1 0 1 0 1 0 0 0 0
140	1	0 0 0 0 0 0 0 1 0 1 0 1 0 0 0 0
140	1	1 1 0 0 1 0 0 1 1 1 0 1 0 0 0 0
140	1	1 1 0 0 0 0 0 0 0 1 0 1 0 0 1 0
140	1	0 0 0 0 1 0 0 1 1 1 0 0 0 0 0 0
140	1	0 1 1 0 0 0 0 1 0 1 0 1 0 0 0 0
140	1	0 1 0 0 1 0 0 1 0 1 1 1 0 0 0 0
140	1	0 0 1 0 1 0 0 1 0 1 0 1 0 0 0 0
140	2	1 0 0 1 1 0 1 1 1 1 0 1 0 0 0 0
140	2	1 0 0 0 1 0 0 1 1 1 0 1 0 0 0 0
140	1	1 1 0 0 0 0 0 1 0 1 0 1 0 0 0 0
140	2	1 0 0 0 1 0 0 1 0 1 0 1 0 0 0 1
140	2	1 1 0 0 0 0 1 0 0 1 0 1 0 0 1 0
140	1	1 0 0 0 0 0 0 0 0 1 0 1 0 0 1 0
140	1	1 0 0 0 1 0 0 0 1 1 0 1 0 0 0 0
140	1	1 0 0 0 0 1 0 1 1 1 1 1 0 0 0 0
140	2	1 1 1 0 1 0 0 1 0 1 0 1 0 0 0 0
160	9	1 0 0 0 1 0 0 1 0 1 0 1 0 0 0 0
160	4	0 0 0 0 1 0 0 1 0 1 0 1 0 0 0 0
160	1	0 1 0 0 1 0 0 1 0 1 0 1 0 0 0 0
160	1	0 0 1 0 0 0 0 1 0 1 0 1 0 0 0 0
160	1	1 0 0 0 0 0 0 1 0 1 0 1 0 0 0 0
160	2	1 0 0 0 1 0 0 1 0 1 0 1 1 0 0 0
160	2	0 1 0 0 0 0 0 1 0 1 0 1 0 0 0 0
160	4	1 1 0 0 1 0 0 1 0 1 0 1 0 0 0 0
160	4	1 1 0 0 1 0 0 1 1 1 0 1 0 0 0 0
160	1	1 0 0 1 1 0 0 1 0 1 0 1 0 0 0 0
160	1	0 0 1 0 1 0 0 1 0 1 0 1 0 0 0 0
160	3	1 1 0 0 0 0 0 1 0 1 0 1 0 0 0 0
160	4	0 0 1 0 1 0 1 1 1 1 0 1 0 0 0 0
160	2	1 1 1 0 1 0 0 1 1 1 0 1 0 0 0 0
160	1	1 1 0 0 0 0 0 1 1 1 1 1 0 0 0 0
160	1	0 0 0 1 0 0 1 1 0 1 0 1 0 0 0 0
160	5	1 1 1 0 1 0 0 1 1 1 1 1 0 0 0 0
160	1	1 1 1 0 1 0 0 1 0 1 1 1 0 0 0 0
160	1	0 0 1 0 1 1 1 1 1 1 0 1 0 0 0 0
160	1	1 0 1 0 0 0 0 1 0 1 0 1 0 0 0 0
160	1	1 0 0 0 1 1 0 0 0 1 0 1 0 0 0 0
180	3	1 0 0 0 1 0 0 1 0 1 0 1 0 0 0 0
180	1	1 0 0 0 0 0 0 1 0 1 0 1 0 0 0 0
180	2	1 1 0 0 1 0 0 1 0 1 0 1 0 0 0 0
180	2	1 1 0 0 1 0 0 1 1 1 0 1 0 0 0 0
180	3	1 0 0 1 1 0 0 1 0 1 0 1 0 0 0 0
180	2	1 0 0 1 1 0 1 1 1 1 0 1 0 0 0 0
180	2	0 0 1 0 1 0 1 1 1 1 0 1 0 0 0 0
180	2	1 0 0 0 1 0 0 1 0 1 0 1 0 0 0 1
180	6	1 1 1 0 1 0 0 1 1 1 1 1 0 0 0 0
180	1	1 1 1 0 1 0 0 1 0 1 1 1 0 0 0 0
180	2	1 0 0 0 1 1 0 0 1 1 0 1 0 0 0 0
180	1	1 0 0 1 1 0 0 1 0 1 0 0 0 0 0 0
180	1	0 0 0 1 1 0 1 0 1 1 0 1 0 0 0 0
180	1	1 0 0 1 1 0 0 1 0 1 0 1 1 0 0 0
180	1	1 1 1 0 1 0 0 1 1 1 0 1 0 0 1 0
180	1	1 1 0 0 0 0 0 1 1 1 1 1 1 0 0 0
180	1	1 1 0 1 1 0 0 1 0 1 0 1 0 0 0 0
180	1	0 0 1 1 1 0 1 1 1 1 0 1 0 0 0 0
180	1	1 0 0 0 0 0 1 1 0 1 1 1 0 0 1 0
180	1	1 0 0 1 1 0 1 1 0 1 1 1 0 0 0 0
180	1	1 0 0 1 1 0 0 1 1 1 0 1 0 0 0 0
180	1	1 1 1 0 1 0 0 1 1 0 0 1 0 0 0 0
180	1	0 0 1 0 1 0 0 1 0 1 1 1 0 0 0 0
180	1	1 0 0 1 1 0 0 1 1 1 1 1 0 0 0 0
180	1	1 1 0 0 1 0 0 1 1 1 1 1 0 0 0 0
180	4	0 0 0 1 1 0 0 0 1 1 0 1 0 0 0 0
180	1	1 1 1 0 1 0 0 0 1 0 0 1 0 0 0 0
180	1	1 0 0 1 1 0 1 0 1 1 0 1 0 0 0 0
180	2	1 1 0 0 1 0 0 1 1 0 0 1 0 0 0 0
180	2	0 0 0 0 1 0 1 1 1 1 0 1 0 0 0 0
200	11	1 0 0 0 1 0 0 1 0 1 0 1 0 0 0 0
200	3	0 1 0 0 1 0 0 1 0 1 0 1 0 0 0 0
200	5	1 1 0 0 1 0 0 1 1 1 0 1 0 0 0 0
200	2	1 0 0 1 1 0 0 1 0 1 0 1 0 0 0 0
200	2	1 0 0 1 1 0 1 1 1 1 0 1 0 0 0 0
200	1	1 1 0 0 0 0 0 1 0 1 0 1 0 0 0 0
200	3	1 1 1 0 1 0 0 1 1 1 0 1 0 0 0 0
200	1	1 1 0 0 0 0 0 1 1 1 1 1 0 0 0 0
200	4	1 1 1 0 1 0 0 1 1 1 1 1 0 0 0 0
200	1	1 1 1 1 1 0 0 1 1 1 1 1 0 0 0 0
200	1	1 1 1 0 1 0 1 1 1 1 0 1 0 0 0 0
200	1	0 0 0 0 1 0 0 1 1 1 0 1 0 0 0 0
200	1	1 1 0 0 1 0 0 1 1 1 1 1 0 0 0 0
200	1	1 1 1 1 1 0 0 1 1 1 0 1 0 0 0 0
200	1	1 0 0 0 0 0 1 1 0 1 1 1 0 0 0 0
200	1	1 1 1 0 1 0 0 1 0 0 1 1 0 0 0 0
200	1	1 1 1 0 1 0 0 1 1 1 1 0 0 0 0 0
200	1	1 1 0 1 1 0 0 1 1 1 0 1 0 0 0 0
200	1	1 1 0 0 0 0 0 1 1 1 0 1 0 0 0 0
200	1	1 1 1 0 1 0 0 0 0 1 0 1 0 0 1 0
200	1	1 0 0 1 1 0 1 1 1 1 1 1 0 0 0 0
200	1	1 0 0 0 0 0 1 1 0 1 1 1 0 0 1 0
200	1	1 0 0 1 1 0 1 0 1 1 0 1 0 0 0 0
200	1	1 0 1 0 1 0 1 1 1 1 0 1 0 0 0 0
200	1	0 1 0 0 0 0 0 1 0 1 0 1 0 1 0 0
200	1	0 1 0 0 0 1 0 1 0 1 0 1 0 0 0 0
200	1	1 1 0 0 1 0 0 1 0 0 1 1 0 0 0 0
220	2	1 0 0 0 1 0 0 1 0 1 0 1 0 0 0 0
220	2	0 1 0 0 1 0 0 1 0 1 0 1 0 0 0 0
220	1	1 0 0 0 0 0 0 1 0 1 0 1 0 0 0 0
220	1	1 1 0 0 1 0 0 1 0 1 0 1 0 0 0 0
220	3	1 1 0 0 1 0 0 1 1 1 0 1 0 0 0 0
220	1	1 0 0 1 1 0 0 1 0 1 0 1 0 0 0 0
220	1	1 0 0 1 1 0 1 1 1 1 0 1 0 0 0 0
220	1	1 1 0 0 0 0 0 1 0 1 0 1 0 0 0 0
220	4	1 1 1 0 1 0 0 1 1 1 0 1 0 0 0 0
220	1	1 1 0 0 0 0 1 0 0 1 0 1 0 0 1 0
220	1	1 1 0 0 0 0 0 1 1 1 1 1 0 0 0 0
220	2	1 1 1 0 1 0 0 1 0 1 1 1 0 0 0 0
220	1	1 0 0 0 1 0 0 1 1 1 0 1 0 1 0 0
220	3	1 1 1 0 1 0 1 1 1 1 0 1 0 0 0 0
220	1	0 0 0 0 1 0 0 1 1 1 0 1 0 0 0 0
220	3	1 1 1 0 1 0 0 1 0 1 0 1 0 0 0 0
220	1	1 0 0 1 1 0 0 1 1 1 0 1 0 0 0 0
220	1	1 1 1 0 1 0 0 1 1 0 0 1 0 0 0 0
220	2	1 1 1 0 1 0 0 1 0 0 1 1 0 0 0 0
220	1	1 0 0 1 1 1 1 0 1 1 0 1 0 0 0 0
220	1	1 0 0 1 1 0 1 1 1 1 1 1 0 0 0 0
220	3	1 1 1 0 1 1 1 0 1 1 0 1 0 0 0 0
220	1	1 1 1 0 1 0 0 1 1 1 1 1 0 1 0 0
220	1	0 1 0 0 1 0 0 1 1 1 0 1 0 0 0 0
220	1	0 1 0 0 1 0 0 1 1 1 1 1 0 0 0 0
220	2	0 0 0 0 1 0 0 1 0 1 0 1 0 0 0 0
220	2	1 0 0 1 1 0 0 1 0 1 0 1 0 1 0 0
220	1	1 1 0 0 1 0 0 0 1 1 0 0 0 0 0 0
220	1	1 0 0 0 1 0 0 0 0 1 0 1 0 0 0 0
220	1	1 0 0 0 1 1 0 0 1 0 0 1 0 0 0 0
220	2	0 0 0 0 0 0 0 1 0 1 0 1 1 0 0 0
220	1	1 0 0 0 1 0 0 1 0 1 1 1 0 0 1 0
240	3	1 0 0 0 1 0 0 1 0 1 0 1 0 0 0 0
240	1	0 1 0 0 1 0 0 1 0 1 0 1 0 0 0 0
240	2	1 1 0 0 1 0 0 1 1 1 0 1 0 0 0 0
240	7	1 1 1 0 1 0 0 1 1 1 0 1 0 0 0 0
240	1	1 1 0 0 0 0 1 0 0 1 0 1 0 0 1 0
240	1	1 1 0 0 0 0 0 1 1 1 1 1 0 0 0 0
240	3	1 1 1 0 1 0 0 1 1 1 1 1 0 0 0 0
240	2	1 1 1 0 1 0 0 1 0 1 1 1 0 0 0 0
240	3	1 1 1 0 1 0 1 1 1 1 0 1 0 0 0 0
240	2	1 1 1 1 1 0 0 1 1 1 0 1 0 0 0 0
240	1	1 0 0 0 1 0 0 1 1 1 0 1 0 0 0 0
240	3	1 1 1 0 1 1 1 0 1 1 0 1 0 0 0 0
240	3	0 1 0 0 1 0 0 1 1 1 0 1 0 0 0 0
240	1	1 0 0 0 1 0 0 1 0 1 0 1 0 1 1 0
240	2	1 1 0 1 1 1 1 0 1 1 0 1 0 0 0 0
240	1	1 0 1 0 1 1 0 0 0 1 0 1 0 0 0 0
240	1	1 1 1 1 1 0 0 1 0 1 0 1 0 0 0 0
240	1	1 1 1 0 1 0 0 1 0 0 0 1 0 0 0 0
240	1	1 1 1 1 1 0 0 1 1 1 0 0 0 0 0 0
240	1	1 1 1 0 1 0 1 1 1 1 0 1 1 0 0 0
240	1	1 0 0 1 1 1 1 1 1 1 0 1 1 1 0 0
240	1	1 1 1 0 0 0 1 0 0 1 0 1 0 0 1 0
240	1	1 1 1 1 1 0 0 1 1 0 0 1 0 0 0 0
240	1	1 0 0 0 0 0 1 0 0 1 0 1 0 0 1 0
240	2	1 1 0 0 1 0 0 0 1 1 0 1 0 0 0 0
240	2	1 1 1 0 1 1 0 1 1 1 0 1 0 0 0 0
240	1	1 1 1 0 1 1 0 0 1 1 0 1 0 0 0 0
240	1	1 0 1 0 1 1 1 0 1 1 0 1 0 0 0 0
260	2	1 0 0 0 1 0 0 1 0 1 0 1 0 0 0 0
260	1	1 1 0 0 1 0 0 1 1 1 0 1 0 0 0 0
260	7	1 1 1 0 1 0 0 1 1 1 0 1 0 0 0 0
260	1	1 1 0 0 0 0 0 1 1 1 1 1 0 0 0 0
260	1	1 1 1 0 1 0 0 1 1 1 1 1 0 0 0 0
260	3	1 1 1 0 1 0 0 1 0 1 1 1 0 0 0 0
260	4	1 1 1 0 1 0 1 1 1 1 0 1 0 0 0 0
260	1	1 0 0 1 1 0 0 1 1 1 0 1 0 0 0 0
260	3	1 1 1 0 1 0 0 1 1 0 0 1 0 0 0 0
260	4	1 1 1 1 1 0 0 1 1 1 0 1 0 0 0 0
260	6	1 1 1 0 1 1 1 0 1 1 0 1 0 0 0 0
260	1	0 1 0 0 1 0 0 1 1 1 0 1 0 0 0 0
260	3	1 1 0 1 1 1 1 0 1 1 0 1 0 0 0 0
260	1	1 1 1 1 1 0 0 1 1 1 0 0 0 0 0 0
260	1	1 1 1 1 1 0 0 1 0 1 0 1 0 0 1 0
260	1	1 1 0 0 0 0 0 1 1 1 0 1 0 0 0 0
260	1	1 0 1 0 1 0 0 1 1 0 0 1 0 1 0 0
260	1	1 1 1 1 1 0 0 1 1 1 0 0 0 1 0 0
260	1	1 1 1 0 1 0 1 1 1 0 0 1 0 0 0 0
260	1	1 1 1 0 1 0 1 1 0 1 1 1 0 0 0 0
260	1	1 0 0 0 1 0 0 1 0 1 0 1 0 0 1 0
260	1	0 1 1 0 1 0 0 1 1 1 0 1 0 0 0 0
260	1	1 1 1 1 1 0 0 1 1 1 1 1 0 0 0 0
260	1	1 1 1 0 1 0 1 1 1 1 0 1 0 1 0 0
260	1	1 1 1 1 1 0 0 1 1 1 0 0 0 0 1 0
260	1	1 1 1 0 1 0 0 0 1 1 1 1 0 0 0 0
280	7	1 1 1 0 1 0 0 1 1 1 0 1 0 0 0 0
280	1	1 1 0 0 0 0 0 1 1 1 1 1 0 0 0 0
280	4	1 1 1 0 1 0 0 1 1 1 1 1 0 0 0 0
280	1	1 1 1 0 1 0 0 1 0 1 1 1 0 0 0 0
280	4	1 1 1 0 1 0 1 1 1 1 0 1 0 0 0 0
280	4	1 1 1 0 1 0 0 1 1 0 0 1 0 0 0 0
280	1	1 1 1 1 1 0 0 1 1 1 0 1 0 0 0 0
280	1	1 1 0 1 1 1 1 0 1 1 0 1 0 0 0 0
280	1	1 1 1 0 1 0 1 1 1 1 1 1 0 0 0 0
280	2	1 1 1 0 1 0 0 1 0 0 0 1 0 0 0 0
280	2	1 1 1 1 1 0 0 1 1 1 0 0 0 0 0 0
280	1	1 1 1 1 1 0 0 1 0 1 0 1 0 0 1 0
280	2	1 1 1 1 1 0 0 1 1 1 0 1 0 1 0 0
280	1	1 1 1 0 1 0 0 1 1 1 0 1 0 1 0 0
280	1	1 1 1 0 1 0 0 1 0 1 1 0 0 1 0 0
280	1	1 1 1 0 0 0 0 1 0 1 1 1 0 0 0 0
280	1	1 1 0 1 1 0 0 1 1 1 0 0 0 0 0 0
280	2	1 1 1 0 1 0 0 1 1 1 0 0 0 1 0 0
280	1	1 1 1 0 1 0 1 1 1 1 1 1 0 0 0 1
280	1	1 1 0 0 1 0 1 1 1 0 0 1 0 0 0 0
280	2	1 0 1 1 1 0 0 1 1 1 0 0 0 0 0 0
280	3	1 1 1 0 1 0 0 1 1 1 0 0 0 0 1 0
280	1	1 1 1 1 1 0 0 1 0 1 0 1 0 1 1 0
280	1	1 1 1 0 1 0 0 1 1 1 0 0 0 0 0 0
280	1	1 1 0 0 0 0 0 1 1 1 0 1 0 0 0 0
280	1	1 1 1 1 1 0 0 1 0 1 0 1 0 0 0 0
280	1	1 1 1 1 1 1 1 0 1 1 0 0 0 0 0 0
280	1	1 1 1 1 1 0 1 1 1 1 0 1 0 0 0 0
300	7	1 1 1 0 1 0 0 1 1 1 0 1 0 0 0 0
300	4	1 1 1 0 1 0 0 1 1 1 1 1 0 0 0 0
300	5	1 1 1 0 1 0 0 1 0 1 1 1 0 0 0 0
300	3	1 1 1 0 1 0 1 1 1 1 0 1 0 0 0 0
300	1	1 1 1 0 1 0 0 1 1 0 0 1 0 0 0 0
300	2	1 1 1 1 1 0 0 1 1 1 0 1 0 0 0 0
300	1	0 1 0 0 1 0 0 1 1 1 0 1 0 0 0 0
300	8	1 1 1 0 1 0 0 1 0 0 0 1 0 0 0 0
300	1	1 1 1 1 1 0 0 1 1 1 0 0 0 0 0 0
300	3	1 1 1 1 1 0 0 1 0 1 0 1 0 0 1 0
300	1	1 1 1 0 1 0 0 1 0 1 1 0 0 1 0 0
300	1	1 1 1 1 1 0 0 1 1 1 1 1 0 0 0 0
300	2	1 0 1 1 1 0 0 1 1 1 0 0 0 0 0 0
300	1	1 0 0 0 1 0 1 1 0 1 0 1 0 0 0 0
300	1	1 1 1 0 1 0 0 1 1 1 0 0 0 0 0 0
300	1	1 0 1 1 0 0 0 1 1 1 0 0 0 1 0 0
300	1	1 1 1 0 1 0 0 1 1 0 0 1 0 1 0 0
300	1	1 1 1 1 1 0 0 0 0 1 0 1 1 0 0 0
300	1	0 1 1 0 1 0 0 1 1 0 0 1 0 0 0 0
300	1	1 1 1 1 1 0 0 1 1 0 0 1 0 0 0 0
300	1	1 1 1 1 1 0 0 1 0 0 0 1 0 0 0 0
300	1	1 0 1 1 1 1 0 1 1 1 0 0 0 0 0 0
300	1	1 1 1 1 1 0 0 1 1 1 0 0 0 0 1 0
300	1	1 0 1 1 0 0 0 1 0 1 0 1 0 0 0 0
320	1	1 1 1 0 1 0 0 1 1 1 0 1 0 0 0 0
320	4	1 1 1 0 1 0 0 1 1 1 1 1 0 0 0 0
320	2	1 1 1 0 1 0 1 1 1 1 0 1 0 0 0 0
320	1	1 1 1 1 1 0 0 1 1 1 0 1 0 0 0 0
320	2	1 1 1 0 1 1 1 0 1 1 0 1 0 0 0 0
320	1	1 1 1 0 1 0 0 1 0 0 0 1 0 0 0 0
320	1	1 1 1 1 1 0 0 1 1 1 0 0 0 0 0 0
320	3	1 1 1 1 1 0 0 1 0 1 0 1 0 0 1 0
320	4	1 1 1 1 1 0 0 1 1 1 0 1 0 1 0 0
320	1	1 1 1 0 1 0 0 1 1 1 0 1 0 1 0 0
320	1	1 1 0 0 1 0 1 1 1 0 0 1 0 0 0 0
320	1	1 0 1 1 1 0 0 1 1 1 0 0 0 0 0 0
320	1	1 0 0 0 1 0 1 1 0 1 0 1 0 0 0 0
320	3	1 1 1 1 1 0 1 1 1 1 0 1 0 0 0 0
320	2	1 1 1 0 1 1 0 1 1 1 1 1 0 0 0 0
320	1	1 0 1 0 1 0 0 1 1 1 1 1 0 0 0 0
320	1	1 1 1 0 1 0 0 1 1 0 0 1 0 0 1 0
320	1	1 1 1 1 1 0 0 1 0 0 0 1 0 0 0 0
320	1	1 1 1 0 1 0 0 1 0 0 0 0 0 0 0 0
320	1	0 1 1 0 1 0 1 0 1 1 1 1 0 0 0 0
320	1	1 1 1 1 1 0 1 0 1 1 0 1 0 0 1 0
320	2	1 1 1 0 1 0 0 1 0 0 1 1 0 0 0 0
320	2	0 1 1 0 1 0 0 1 0 0 0 1 0 0 0 0
320	1	1 1 1 1 1 0 0 1 0 1 1 1 0 0 0 0
320	2	1 1 1 1 1 1 0 1 1 1 1 1 0 0 1 0
320	1	1 1 1 0 1 0 0 0 0 0 0 1 0 0 0 0
320	1	0 1 1 0 1 0 1 1 1 1 1 1 0 0 0 0
320	3	1 1 1 1 1 0 0 1 0 1 0 1 0 0 0 0
320	1	1 1 1 0 1 0 0 1 0 0 0 1 0 0 1 0
320	1	1 1 1 0 0 0 0 1 0 1 0 1 0 0 1 0
320	1	1 1 1 0 1 0 0 1 1 1 1 1 0 0 1 0
320	1	1 1 1 1 1 1 0 1 1 1 1 1 0 0 0 0
340	5	1 1 1 0 1 0 0 1 1 1 0 1 0 0 0 0
340	3	1 1 1 0 1 0 0 1 1 1 1 1 0 0 0 0
340	4	1 1 1 1 1 0 0 1 1 1 0 1 0 0 0 0
340	2	1 1 1 0 1 0 0 1 0 0 0 1 0 0 0 0
340	1	1 1 1 1 1 0 0 1 1 1 0 0 0 0 0 0
340	3	1 1 1 1 1 0 0 1 0 1 0 1 0 0 1 0
340	1	1 1 1 1 1 0 0 1 1 1 0 1 0 1 0 0
340	2	1 0 1 1 1 0 0 1 1 1 0 0 0 0 0 0
340	1	1 1 1 0 1 0 0 1 1 1 0 0 0 0 1 0
340	1	1 1 1 0 1 0 0 1 1 1 0 0 0 0 0 0
340	2	1 1 1 1 1 0 1 1 1 1 0 1 0 0 0 0
340	1	1 1 1 1 1 0 0 1 0 0 0 1 0 0 0 0
340	2	1 1 1 0 0 0 0 1 1 0 0 1 0 0 1 0
340	1	1 1 1 1 1 0 0 0 1 1 0 1 0 0 1 0
340	3	1 0 1 1 1 0 0 1 1 0 0 1 0 0 0 0
340	2	0 1 1 0 1 0 1 0 1 1 1 1 0 0 0 0
340	1	1 1 1 1 1 0 1 0 1 1 0 1 0 0 1 0
340	1	1 1 1 0 1 0 0 1 0 1 0 1 0 0 0 0
340	3	1 1 1 0 1 0 0 1 0 0 1 1 0 0 0 0
340	1	1 1 1 1 1 0 0 1 0 0 1 1 0 0 0 0
340	1	1 1 1 0 1 0 0 1 0 0 0 1 0 0 1 0
340	1	1 1 1 0 1 0 0 1 0 0 0 1 1 0 0 0
340	1	1 1 1 1 1 1 1 1 1 1 0 1 0 0 0 0
340	1	1 1 1 0 1 0 0 0 1 1 1 1 0 0 0 0
340	1	1 1 1 0 1 0 0 0 1 1 0 1 0 1 0 0
340	1	0 1 0 0 1 0 1 0 1 1 1 1 0 0 0 0
340	1	1 1 1 0 1 0 1 1 1 1 0 1 0 0 0 1
340	1	1 0 1 0 1 0 0 1 1 1 0 1 0 0 0 0
340	1	1 1 1 0 0 0 0 1 0 0 0 0 1 0 0 0
340	1	1 1 1 0 1 0 0 0 1 1 0 0 0 0 1 0
360	2	1 1 1 0 1 0 0 1 1 1 0 1 0 0 0 0
360	1	1 1 1 0 1 0 0 1 1 1 1 1 0 0 0 0
360	1	1 1 1 0 1 0 1 1 1 1 0 1 0 0 0 0
360	5	1 1 1 1 1 0 0 1 1 1 0 1 0 0 0 0
360	1	1 1 1 0 1 0 0 1 0 0 0 1 0 0 0 0
360	1	1 1 1 1 1 0 0 1 1 1 0 0 0 0 0 0
360	1	1 1 1 1 1 0 0 1 0 1 0 1 0 0 1 0
360	3	1 1 1 1 1 0 0 1 1 1 0 1 0 1 0 0
360	2	1 0 1 1 1 0 0 1 1 1 0 0 0 0 0 0
360	1	1 1 1 0 1 0 0 1 1 1 0 0 0 0 0 0
360	2	1 1 1 1 1 0 1 1 1 1 0 1 0 0 0 0
360	1	1 1 1 0 1 0 0 1 0 0 0 0 0 0 0 0
360	1	0 1 1 0 1 0 1 0 1 1 1 1 0 0 0 0
360	2	1 1 1 1 1 0 1 0 1 1 0 1 0 0 0 0
360	1	1 1 1 0 1 0 0 1 1 1 1 1 0 0 1 0
360	2	1 1 1 1 1 1 1 1 1 1 0 1 0 0 0 0
360	1	0 1 1 0 0 0 0 1 0 0 0 1 0 0 0 0
360	1	1 1 0 0 1 0 0 1 1 0 0 1 0 0 0 0
360	1	1 1 1 0 1 0 0 1 0 0 0 0 0 0 0 1
360	1	1 1 1 1 1 0 1 1 1 1 1 1 0 0 0 0
360	1	1 1 1 0 1 0 0 1 1 1 0 0 0 1 0 0
360	1	1 1 1 1 1 1 1 1 0 1 0 1 0 0 0 0
360	4	1 1 1 1 1 0 0 1 1 0 0 0 0 0 0 0
360	1	1 1 1 0 1 0 1 1 0 0 0 0 0 0 0 0
360	1	1 1 1 0 1 1 1 0 1 0 0 1 0 0 0 0
360	1	1 0 1 0 1 1 1 0 1 1 0 1 0 0 0 0
360	2	0 1 1 0 1 0 1 1 0 0 0 1 0 1 1 0
360	1	1 1 0 0 1 0 0 1 1 1 0 1 0 0 0 0
360	1	1 1 0 0 1 1 1 0 1 1 0 1 0 0 0 0
360	1	1 1 1 0 1 1 0 1 0 0 0 0 0 0 0 0
360	1	1 1 1 1 1 0 0 1 0 1 0 1 0 0 1 1
360	1	1 0 1 1 1 0 0 1 1 0 0 1 0 0 0 1
360	1	1 1 1 0 1 0 0 0 1 1 1 1 0 0 0 1
360	1	1 1 1 0 0 0 0 1 1 1 0 0 0 0 0 0
360	1	1 1 1 0 1 0 1 1 1 1 0 1 0 0 1 0
380	3	1 1 1 1 1 0 0 1 1 1 0 1 0 0 0 0
380	1	1 1 1 1 1 0 0 1 1 1 0 0 0 0 0 0
380	1	1 0 1 1 1 0 0 1 1 1 0 0 0 0 0 0
380	3	1 1 1 0 1 0 0 1 1 1 0 0 0 0 0 0
380	2	1 1 1 1 1 0 1 1 1 1 0 1 0 0 0 0
380	3	1 1 1 1 1 0 0 0 1 1 0 1 0 0 1 0
380	1	1 1 1 0 1 0 0 1 0 0 0 0 0 0 0 0
380	1	1 0 1 1 1 0 0 1 1 0 0 1 0 0 0 0
380	2	1 1 1 0 1 0 0 1 1 1 1 1 0 0 1 0
380	1	0 1 1 0 0 0 0 1 0 0 0 1 0 0 0 0
380	1	1 1 0 0 1 0 0 1 1 0 0 1 0 0 0 0
380	5	1 0 1 1 1 0 0 1 0 1 0 1 0 0 1 0
380	4	1 1 1 1 1 0 0 1 0 1 0 1 0 0 0 0
380	1	1 1 1 0 1 0 0 1 1 1 0 1 0 0 1 0
380	1	1 0 1 0 1 1 1 0 1 1 0 1 0 0 0 0
380	1	1 1 1 1 1 1 1 0 1 1 1 1 0 0 0 0
380	1	1 1 1 1 1 0 0 1 1 1 0 1 0 0 1 0
380	6	1 1 1 1 1 0 0 1 0 0 0 0 0 0 0 0
380	4	1 1 1 1 1 0 0 0 1 0 0 1 0 0 0 0
380	1	1 0 1 1 1 0 0 1 1 0 0 1 0 0 1 0
380	1	1 0 1 0 1 0 0 0 0 0 0 0 0 0 0 0
380	1	1 1 1 0 1 1 1 1 1 1 0 1 0 0 0 0
380	1	1 1 0 0 1 0 0 1 1 1 0 0 0 0 0 0
380	1	1 1 1 0 1 0 0 1 1 0 0 1 0 0 0 0
380	1	1 1 1 1 1 0 0 0 1 1 0 0 0 0 1 0
380	1	1 1 1 1 1 1 1 1 1 1 0 0 0 0 0 0
380	1	0 1 1 1 0 0 0 1 1 1 0 1 0 1 0 0
400	3	1 1 1 0 1 0 0 1 1 1 0 1 0 0 0 0
400	4	1 1 1 1 1 0 0 1 1 1 0 1 0 0 0 0
400	3	1 1 1 1 1 0 0 1 1 1 0 0 0 0 0 0
400	1	1 1 1 0 1 0 0 1 1 1 0 0 0 0 0 0
400	6	1 1 1 1 1 0 0 0 1 1 0 1 0 0 1 0
400	2	1 1 1 0 1 0 0 1 0 0 0 0 0 0 0 0
400	2	1 1 1 0 1 0 0 1 0 1 0 1 0 0 0 0
400	1	1 1 1 0 1 0 0 1 1 1 1 1 0 0 1 0
400	5	1 1 1 0 1 0 0 0 0 0 0 0 0 0 0 0
400	3	1 1 1 1 1 0 0 1 0 1 0 1 0 0 0 0
400	1	1 1 1 0 1 0 0 1 0 1 0 1 0 0 1 0
400	2	1 1 1 1 1 0 0 0 1 1 0 0 0 0 0 0
400	2	1 1 1 1 1 0 0 0 1 1 0 1 0 0 0 0
400	1	1 1 0 1 1 0 0 1 0 1 0 1 0 0 0 0
400	1	1 1 0 1 1 0 1 1 0 0 0 1 0 0 0 0
400	1	1 1 1 0 1 1 0 1 0 0 0 0 0 0 0 0
400	2	0 1 1 0 1 1 1 0 1 1 1 1 0 0 0 0
400	1	1 0 1 1 1 0 0 1 1 0 0 0 0 0 0 0
400	1	1 1 1 1 1 0 0 1 0 1 1 1 0 0 0 0
400	1	0 1 1 1 1 0 1 1 1 1 0 1 0 0 0 0
400	1	0 1 1 0 0 0 1 1 0 0 0 1 0 0 0 0
400	1	1 1 1 1 0 0 0 1 0 1 0 1 0 0 0 0
400	1	1 1 1 1 1 1 0 0 1 1 0 0 0 0 0 0
400	2	1 1 1 1 1 0 1 1 1 1 0 0 0 1 0 0
400	1	1 1 1 1 1 0 0 0 1 1 0 0 0 1 0 0
400	1	0 1 1 0 1 1 1 0 1 1 1 1 0 1 0 0
