0	250	0 1 0 0 0 0 0 0 0 0 0 0 0 0 1 1
0	250	1 0 0 0 0 0 0 0 0 0 0 0 0 0 1 0
0	250	0 0 0 0 0 1 0 0 0 0 0 0 0 0 0 0
0	250	1 0 0 0 0 1 0 0 0 0 0 1 0 1 0 0
20	89	0 1 0 0 0 0 0 0 0 0 0 0 0 0 1 1
20	188	1 0 0 0 0 0 0 0 0 0 0 0 0 0 1 0
20	149	0 0 0 0 0 1 0 0 0 0 0 0 0 0 0 0
20	153	1 0 0 0 0 1 0 0 0 0 0 1 0 1 0 0
20	5	1 0 0 0 0 0 0 0 0 0 0 0 0 0 1 1
20	5	0 0 0 0 0 1 0 0 0 0 0 1 0 1 0 0
20	16	0 1 0 0 0 0 0 0 0 0 0 0 1 0 1 1
20	6	0 1 0 0 0 0 0 0 0 0 0 0 0 1 1 1
20	15	1 0 0 1 0 0 0 0 0 0 0 0 0 0 1 0
20	14	1 0 0 1 0 1 0 0 0 0 0 1 0 1 0 0
20	25	1 0 0 0 0 0 0 0 0 0 0 0 0 0 0 0
20	12	1 0 0 0 0 0 0 1 0 0 0 0 0 0 1 0
20	2	0 1 0 0 0 1 0 0 0 0 0 1 0 1 0 0
20	9	0 0 0 0 0 0 0 0 0 0 0 0 0 0 1 0
20	1	0 0 0 0 0 1 0 0 0 0 1 0 0 0 0 0
20	5	0 1 0 0 0 0 0 0 0 0 0 0 0 0 1 0
20	2	0 1 0 0 0 0 0 0 0 0 1 0 0 0 1 1
20	1	0 1 0 0 0 0 0 0 1 0 0 0 1 0 1 1
20	9	1 0 1 0 0 0 0 0 0 0 0 0 0 0 1 0
20	4	1 0 0 0 0 1 0 0 0 0 0 0 0 1 0 0
20	12	0 0 0 0 0 1 0 0 0 0 0 0 0 0 1 1
20	12	1 0 0 0 0 1 0 1 0 0 0 1 0 1 0 0
20	13	0 1 0 1 0 0 0 0 1 0 0 0 0 0 1 1
20	25	1 0 0 1 0 0 0 0 0 1 0 0 0 0 1 0
20	3	0 0 0 0 0 0 0 0 0 0 0 0 0 0 1 1
20	5	1 0 0 0 0 1 0 0 0 0 0 1 0 0 0 0
20	8	1 0 0 0 0 0 0 0 0 0 0 0 1 0 1 0
20	6	0 1 0 1 0 0 0 0 0 0 0 0 1 0 1 1
20	20	1 0 0 0 0 1 0 0 0 0 0 0 0 0 0 0
20	5	1 0 0 1 0 1 0 0 0 0 0 1 0 1 1 1
20	1	0 1 0 0 0 0 0 0 0 0 0 0 0 0 0 1
20	21	0 1 0 1 0 1 0 0 0 0 0 1 0 1 0 0
20	15	1 0 1 0 0 1 0 0 0 0 0 1 0 1 0 0
20	2	1 0 0 1 0 1 0 0 0 0 1 1 0 1 0 0
20	8	0 1 1 0 0 0 0 0 0 0 0 0 0 0 1 1
20	16	1 0 0 0 0 0 0 1 1 0 0 0 0 0 1 0
20	3	1 0 0 0 0 1 0 0 0 0 0 0 0 0 1 0
20	6	1 0 0 0 0 1 0 0 0 0 0 1 0 1 1 0
20	1	0 0 0 0 0 1 0 0 0 0 0 1 0 0 0 0
20	5	0 0 0 0 0 1 0 0 0 0 0 0 0 1 0 0
20	5	1 0 0 0 0 0 0 0 1 0 0 0 0 0 0 0
20	2	1 0 0 0 0 0 0 1 0 0 0 0 0 0 0 0
20	2	0 1 0 1 0 0 0 0 1 1 0 0 0 0 1 1
20	3	1 0 1 0 0 1 0 0 0 0 0 1 1 1 0 0
20	8	0 1 0 0 0 0 0 0 1 0 0 0 0 0 1 1
20	6	0 1 0 0 0 0 0 0 0 0 0 1 0 1 0 0
20	6	1 0 0 0 0 1 0 0 0 0 0 1 0 0 1 0
20	2	0 0 0 0 0 1 0 0 0 0 1 0 0 1 0 0
20	2	1 0 0 0 0 1 0 1 0 0 0 0 0 0 1 0
20	3	1 0 0 0 0 1 0 1 0 0 0 0 0 0 0 1
20	3	1 0 0 0 1 1 0 0 0 0 0 1 0 1 0 0
20	7	0 1 1 0 0 0 0 0 0 1 0 0 0 0 1 1
20	2	0 0 0 0 0 0 0 0 0 0 0 0 0 1 1 0
20	3	0 1 0 0 0 0 0 0 0 0 1 0 0 0 0 0
20	1	1 0 0 0 0 0 0 0 0 0 0 1 1 1 0 0
20	4	1 1 0 0 0 0 0 0 0 0 0 0 0 0 1 1
20	4	0 0 0 0 0 1 0 1 0 0 0 0 0 0 0 0
20	1	0 1 0 0 0 0 0 0 0 0 0 0 0 0 0 0
20	7	0 0 0 1 0 1 0 0 0 0 0 0 0 0 0 0
20	2	0 0 0 0 0 1 0 0 0 0 0 0 0 0 0 1
20	2	0 0 0 0 1 1 0 0 0 0 0 1 0 1 0 0
20	1	1 0 0 1 0 0 0 0 1 0 0 0 0 0 1 0
20	4	1 0 0 0 0 1 0 0 0 1 0 1 0 1 1 0
20	1	1 0 0 0 0 0 0 0 0 0 0 0 1 0 1 1
20	1	0 1 0 0 1 0 0 0 0 0 0 0 0 0 1 1
20	1	0 1 0 0 1 0 0 0 0 0 0 0 0 1 1 1
20	1	1 0 0 1 0 1 1 0 0 0 0 1 0 1 1 1
20	3	0 1 0 1 0 1 0 0 0 0 0 1 0 1 0 1
20	6	1 0 1 0 0 1 0 0 0 0 0 1 0 1 0 1
20	1	1 0 0 0 0 0 1 0 0 0 0 0 0 0 1 0
20	2	1 0 0 0 0 0 0 0 0 0 0 1 0 1 0 0
20	2	0 1 0 0 0 0 0 0 0 0 0 0 0 1 0 1
20	3	0 0 0 0 0 0 0 0 0 0 1 0 0 0 1 0
20	2	0 1 1 1 0 0 0 0 0 0 0 0 1 0 1 1
40	33	0 1 0 0 0 0 0 0 0 0 0 0 0 0 1 1
40	11	1 0 0 0 0 0 0 0 0 0 0 0 0 0 1 0
40	39	0 0 0 0 0 1 0 0 0 0 0 0 0 0 0 0
40	104	1 0 0 0 0 1 0 0 0 0 0 1 0 1 0 0
40	5	1 0 0 0 0 0 0 0 0 0 0 0 0 0 1 1
40	40	1 0 0 1 0 0 0 0 0 0 0 0 0 0 1 0
40	24	1 0 0 1 0 1 0 0 0 0 0 1 0 1 0 0
40	19	1 0 0 0 0 0 0 0 0 0 0 0 0 0 0 0
40	2	1 0 0 0 0 0 0 1 0 0 0 0 0 0 1 0
40	3	0 0 0 0 0 0 0 0 0 0 0 0 0 0 1 0
40	13	0 1 0 0 0 0 0 0 0 0 0 0 0 0 1 0
40	5	1 0 1 0 0 0 0 0 0 0 0 0 0 0 1 0
40	54	1 0 0 0 0 1 0 1 0 0 0 1 0 1 0 0
40	2	1 0 0 1 0 0 0 0 0 1 0 0 0 0 1 0
40	3	1 0 0 0 0 1 0 0 0 0 0 1 0 0 0 0
40	32	1 0 0 0 0 1 0 0 0 0 0 0 0 0 0 0
40	1	0 1 0 0 0 0 0 0 0 0 0 0 0 0 0 1
40	183	0 1 0 1 0 1 0 0 0 0 0 1 0 1 0 0
40	16	1 0 1 0 0 1 0 0 0 0 0 1 0 1 0 0
40	13	1 0 0 1 0 1 0 0 0 0 1 1 0 1 0 0
40	35	1 0 0 0 0 0 0 1 1 0 0 0 0 0 1 0
40	4	1 0 0 0 0 1 0 0 0 0 0 1 0 1 1 0
40	6	1 0 0 0 0 1 0 0 0 0 0 1 0 0 1 0
40	12	1 0 0 0 0 1 0 1 0 0 0 0 0 0 0 1
40	2	1 0 0 0 1 1 0 0 0 0 0 1 0 1 0 0
40	2	1 0 0 0 0 0 0 0 0 0 0 1 1 1 0 0
40	2	1 1 0 0 0 0 0 0 0 0 0 0 0 0 1 1
40	4	0 1 0 0 0 0 0 0 0 0 0 0 0 0 0 0
40	8	0 0 0 1 0 1 0 0 0 0 0 0 0 0 0 0
40	4	1 0 0 0 0 0 1 0 0 0 0 0 0 0 1 0
40	15	0 1 0 0 0 0 0 1 1 0 0 0 0 0 1 0
40	15	0 0 0 0 0 1 0 0 0 0 0 0 0 0 1 0
40	15	0 1 0 0 0 1 0 0 0 0 0 0 0 0 0 0
40	1	0 1 0 0 0 0 0 0 0 0 0 0 1 0 1 0
40	8	0 1 0 1 0 0 0 0 0 0 0 0 0 0 1 1
40	1	1 0 0 0 1 0 0 0 0 0 0 0 0 0 1 0
40	1	1 0 0 1 0 0 0 0 0 0 0 0 0 0 0 0
40	16	1 0 0 1 0 0 0 0 0 1 0 1 0 1 0 0
40	22	0 1 0 1 0 1 0 0 0 0 0 1 0 0 0 0
40	10	0 1 0 1 0 1 0 0 0 0 0 0 0 0 0 0
40	3	1 0 0 0 0 1 0 0 0 1 0 1 0 0 0 0
40	4	1 0 1 0 0 1 0 0 0 0 0 0 0 0 1 0
40	1	1 0 1 0 0 0 0 0 0 0 0 0 0 1 0 0
40	14	1 0 1 0 0 0 0 0 0 0 0 0 0 0 0 0
40	1	1 0 0 0 0 0 0 0 1 0 0 0 1 0 1 0
40	1	1 0 0 1 0 0 0 0 0 1 0 0 0 1 0 0
40	22	1 0 0 0 0 1 0 1 0 0 0 0 0 0 0 0
40	3	0 1 0 0 0 0 0 1 1 0 0 0 0 0 0 0
40	2	0 0 0 0 0 1 0 1 0 0 0 0 0 0 0 1
40	3	1 1 0 0 0 0 1 0 0 0 0 0 0 0 1 0
40	1	0 1 0 1 0 0 0 0 0 0 0 1 0 1 0 0
40	2	1 0 1 0 0 0 0 0 0 0 0 0 1 1 0 0
40	1	0 1 0 0 0 1 0 0 1 0 0 0 0 1 0 1
40	6	0 0 0 1 0 1 0 0 0 0 0 1 0 1 0 0
40	2	0 0 0 0 0 1 0 0 0 0 0 0 0 1 0 0
40	21	1 0 0 0 0 1 0 1 0 0 0 0 1 0 0 1
40	11	1 0 0 1 0 1 0 0 0 0 1 1 1 1 0 0
40	3	1 0 0 0 0 0 0 1 1 0 0 0 1 0 1 0
40	2	0 1 0 1 0 1 0 0 0 0 1 1 0 0 0 0
40	4	1 0 0 1 0 0 0 0 0 0 0 0 0 0 1 1
40	6	0 0 0 1 0 1 0 0 0 0 1 1 0 1 0 0
40	4	0 0 0 0 0 0 0 1 1 0 0 0 0 0 0 0
40	4	0 1 0 1 0 1 0 0 0 0 0 1 0 1 1 0
40	1	1 0 0 0 1 0 0 0 0 0 0 1 1 1 0 0
40	2	0 0 0 0 0 1 0 1 0 0 0 1 0 1 0 0
40	3	0 1 0 0 0 1 0 0 0 0 0 1 0 1 0 0
40	5	1 0 0 1 0 0 0 0 0 1 0 0 0 0 0 0
40	4	1 0 0 0 0 1 0 0 0 1 0 1 0 1 0 0
40	6	0 1 0 1 0 1 0 0 0 0 0 1 0 1 0 1
40	2	1 0 0 0 0 1 0 1 0 0 1 0 0 0 0 1
40	2	0 1 0 0 0 0 0 0 0 0 0 0 0 1 0 0
40	5	0 1 0 0 0 1 0 1 0 0 0 1 0 1 0 0
40	1	0 0 0 1 0 1 0 0 0 0 0 0 0 0 1 0
40	5	0 1 0 1 0 1 0 0 0 0 0 0 0 0 1 0
40	3	0 0 0 0 0 1 0 0 0 0 0 0 0 0 0 1
40	1	1 0 0 1 0 0 0 0 0 1 0 1 0 1 1 0
40	2	1 0 0 1 0 0 0 1 1 0 0 0 0 0 0 0
40	1	0 1 0 0 0 0 0 0 1 0 0 0 0 0 1 1
40	1	0 0 1 0 0 1 0 0 0 0 0 0 0 0 0 0
40	5	1 0 0 0 0 0 0 0 0 0 0 1 0 1 0 0
40	2	0 0 0 1 0 0 0 0 0 0 0 0 0 0 1 0
40	8	1 0 1 0 0 1 0 0 0 0 0 0 0 0 0 0
40	1	0 1 0 0 0 0 0 1 0 0 0 0 0 0 0 1
40	7	0 1 0 1 0 1 0 1 0 0 0 1 0 1 0 0
40	1	1 0 1 0 0 1 1 0 0 0 0 1 0 1 0 0
40	2	0 0 0 1 0 1 0 0 0 0 1 0 0 0 0 0
40	1	1 0 0 1 0 0 0 1 0 1 0 1 0 1 0 0
40	2	0 1 0 1 0 1 0 0 0 1 0 0 0 1 0 0
40	4	1 0 0 0 1 0 0 0 0 0 1 1 1 1 0 0
40	2	1 0 0 0 0 1 0 0 0 0 0 1 1 1 0 0
40	1	1 0 0 0 0 1 0 0 0 0 0 0 0 0 1 1
40	3	1 0 0 0 0 1 0 0 0 0 1 1 0 1 0 0
40	1	1 0 0 1 0 0 0 0 0 0 0 1 0 0 1 0
40	1	1 0 0 0 0 1 0 1 0 0 0 1 0 0 0 0
40	1	0 1 1 1 0 1 0 0 0 0 0 1 0 1 0 0
40	1	1 1 0 1 0 1 0 0 0 0 0 1 0 1 0 0
40	3	0 1 0 0 0 0 0 0 0 0 1 0 0 0 0 0
40	2	0 1 0 0 0 0 1 1 1 0 0 0 0 0 0 0
40	2	1 0 1 1 0 0 0 0 0 1 0 1 0 1 1 0
60	40	1 0 0 0 0 1 0 0 0 0 0 1 0 1 0 0
60	55	1 0 0 1 0 0 0 0 0 0 0 0 0 0 1 0
60	20	1 0 0 1 0 1 0 0 0 0 0 1 0 1 0 0
60	16	1 0 0 0 0 0 0 0 0 0 0 0 0 0 0 0
60	72	1 0 0 0 0 1 0 1 0 0 0 1 0 1 0 0
60	6	1 0 0 0 0 1 0 0 0 0 0 0 0 0 0 0
60	173	0 1 0 1 0 1 0 0 0 0 0 1 0 1 0 0
60	82	1 0 0 1 0 1 0 0 0 0 1 1 0 1 0 0
60	18	1 0 0 0 0 0 0 1 1 0 0 0 0 0 1 0
60	2	1 0 0 0 0 1 0 0 0 0 0 1 0 0 1 0
60	3	0 1 0 0 0 0 0 0 0 0 0 0 0 0 0 0
60	16	0 0 0 1 0 1 0 0 0 0 0 0 0 0 0 0
60	4	1 0 0 0 0 0 1 0 0 0 0 0 0 0 1 0
60	4	0 1 0 0 0 0 0 1 1 0 0 0 0 0 1 0
60	2	0 0 0 0 0 1 0 0 0 0 0 0 0 0 1 0
60	7	0 1 0 0 0 1 0 0 0 0 0 0 0 0 0 0
60	37	1 0 0 1 0 0 0 0 0 1 0 1 0 1 0 0
60	75	0 1 0 1 0 1 0 0 0 0 0 1 0 0 0 0
60	26	0 1 0 1 0 1 0 0 0 0 0 0 0 0 0 0
60	21	1 0 1 0 0 0 0 0 0 0 0 0 0 0 0 0
60	89	1 0 0 0 0 1 0 1 0 0 0 0 0 0 0 0
60	15	0 1 0 0 0 0 0 1 1 0 0 0 0 0 0 0
60	7	0 0 0 1 0 1 0 0 0 0 0 1 0 1 0 0
60	30	1 0 0 0 0 1 0 1 0 0 0 0 1 0 0 1
60	24	0 1 0 1 0 1 0 0 0 0 0 1 0 1 1 0
60	2	1 0 0 0 0 0 0 0 0 0 0 1 0 1 0 0
60	3	0 0 0 1 0 0 0 0 0 0 0 0 0 0 1 0
60	9	1 0 1 0 0 1 0 0 0 0 0 0 0 0 0 0
60	4	1 0 0 1 0 0 0 0 0 0 0 1 0 1 0 0
60	2	0 1 0 0 0 0 0 0 0 0 0 1 0 1 0 0
60	5	1 0 1 0 0 1 0 1 0 0 0 0 0 0 0 1
60	5	0 1 1 1 0 1 0 0 0 0 0 1 0 0 0 0
60	9	0 1 0 1 0 0 0 0 0 0 0 1 0 1 0 0
60	6	0 1 0 1 0 1 0 0 0 0 1 1 0 1 0 0
60	1	0 1 0 0 0 0 0 1 0 0 0 0 0 0 0 0
60	2	1 0 0 1 0 1 0 0 0 0 1 1 0 0 0 0
60	2	1 0 0 0 0 0 0 1 0 0 0 0 1 0 0 1
60	3	1 0 0 1 0 0 0 1 0 0 0 1 0 1 0 0
60	1	0 0 0 0 0 1 0 0 0 0 0 0 0 0 1 1
60	1	1 0 0 1 0 1 0 0 0 0 1 1 0 0 0 1
60	3	1 0 1 0 0 0 0 0 0 0 0 1 0 1 0 0
60	6	1 0 0 1 0 0 0 0 0 0 0 0 0 0 1 1
60	6	0 1 0 0 0 0 0 1 0 0 0 0 0 0 1 1
60	7	0 1 0 0 0 1 0 0 0 0 0 1 0 1 0 0
60	7	0 0 0 1 0 0 0 0 0 0 0 1 0 0 0 0
60	8	1 0 0 0 0 1 1 1 0 0 0 1 0 1 0 0
60	7	1 1 0 1 0 1 0 0 1 0 0 1 0 0 1 0
60	3	0 1 0 1 0 1 0 0 0 0 0 0 0 1 0 0
60	3	0 1 0 1 0 1 0 0 0 1 0 1 0 1 0 0
60	2	0 1 0 1 0 1 0 0 1 0 0 1 0 1 0 0
60	2	0 1 0 1 0 1 0 0 1 0 0 1 0 0 0 0
60	4	1 0 0 0 0 1 0 1 0 0 0 0 0 1 0 0
60	2	1 0 1 0 0 1 0 0 0 0 0 0 1 0 0 0
60	1	0 1 0 1 0 1 0 1 0 0 0 1 0 1 0 0
60	2	1 0 0 0 0 1 1 1 0 0 0 0 1 0 0 1
60	1	0 0 0 0 0 0 0 1 0 0 0 0 0 0 0 0
60	1	1 0 0 0 0 0 0 1 0 0 1 0 1 0 0 1
60	4	0 0 0 1 0 1 0 0 0 0 0 1 0 0 0 0
60	3	0 1 0 0 0 1 0 0 1 0 0 1 0 1 0 0
60	6	0 0 0 1 0 1 0 0 0 0 0 0 1 0 0 0
60	4	0 1 0 1 0 1 0 0 0 0 0 1 1 0 0 0
60	4	1 0 0 1 0 0 0 0 0 0 0 0 0 0 0 1
60	1	1 0 0 1 0 1 0 0 0 0 1 1 0 0 1 0
60	1	1 0 0 0 0 1 0 1 0 0 0 0 1 0 0 0
60	3	0 1 1 1 0 1 0 0 0 0 0 1 0 1 0 0
60	3	1 0 0 0 0 1 0 1 0 0 0 0 0 0 1 0
60	2	1 0 0 1 0 1 0 0 0 0 1 1 0 1 1 0
60	2	0 1 0 1 0 1 0 0 0 0 0 1 1 1 0 0
60	2	0 0 0 1 0 1 0 0 1 0 0 0 0 0 0 0
60	1	1 0 0 0 0 1 0 1 0 0 0 0 0 0 0 1
80	9	1 0 0 0 0 1 0 0 0 0 0 1 0 1 0 0
80	17	1 0 0 1 0 0 0 0 0 0 0 0 0 0 1 0
80	43	1 0 0 1 0 1 0 0 0 0 0 1 0 1 0 0
80	6	1 0 0 0 0 1 0 1 0 0 0 1 0 1 0 0
80	123	0 1 0 1 0 1 0 0 0 0 0 1 0 1 0 0
80	48	1 0 0 1 0 1 0 0 0 0 1 1 0 1 0 0
80	23	1 0 0 0 0 0 0 1 1 0 0 0 0 0 1 0
80	25	0 0 0 1 0 1 0 0 0 0 0 0 0 0 0 0
80	22	1 0 0 1 0 0 0 0 0 1 0 1 0 1 0 0
80	148	0 1 0 1 0 1 0 0 0 0 0 1 0 0 0 0
80	48	0 1 0 1 0 1 0 0 0 0 0 0 0 0 0 0
80	9	1 0 1 0 0 0 0 0 0 0 0 0 0 0 0 0
80	72	1 0 0 0 0 1 0 1 0 0 0 0 0 0 0 0
80	4	0 0 0 1 0 1 0 0 0 0 0 1 0 1 0 0
80	40	1 0 0 0 0 1 0 1 0 0 0 0 1 0 0 1
80	32	0 1 0 1 0 1 0 0 0 0 0 1 0 1 1 0
80	4	0 1 1 1 0 1 0 0 0 0 0 1 0 0 0 0
80	6	0 1 0 1 0 1 0 0 0 0 1 1 0 1 0 0
80	6	0 1 0 0 0 1 0 0 0 0 0 1 0 1 0 0
80	8	1 0 0 0 0 1 1 1 0 0 0 1 0 1 0 0
80	15	1 1 0 1 0 1 0 0 1 0 0 1 0 0 1 0
80	23	0 1 0 1 0 1 0 0 0 1 0 1 0 1 0 0
80	24	0 1 0 1 0 1 0 0 1 0 0 1 0 1 0 0
80	2	1 0 0 0 0 1 0 1 0 0 0 0 1 0 0 0
80	5	1 0 0 1 0 1 0 0 0 0 1 1 0 1 1 0
80	8	0 1 0 0 0 1 0 1 0 0 0 1 0 1 0 0
80	8	0 1 0 1 1 1 0 0 0 0 0 1 0 1 0 0
80	1	1 0 0 1 0 1 0 0 0 1 1 1 0 0 0 0
80	13	1 0 0 0 0 1 0 1 0 0 0 1 0 0 0 0
80	1	1 0 0 0 0 1 0 0 0 0 1 1 0 1 0 0
80	11	0 1 0 1 0 1 0 0 0 0 1 1 0 0 0 0
80	1	1 0 0 1 0 1 0 0 0 0 0 1 0 0 0 0
80	2	0 0 0 1 0 0 0 0 0 0 0 1 1 1 0 0
80	2	1 0 0 1 0 1 0 0 0 0 1 1 1 1 0 0
80	10	0 1 0 0 0 1 0 0 1 0 0 0 0 1 0 0
80	13	0 1 0 1 1 1 0 0 0 0 0 1 0 0 0 1
80	5	0 0 0 1 0 0 0 0 0 1 0 0 0 1 0 0
80	6	1 0 0 1 1 0 0 0 0 1 0 0 0 1 0 0
80	2	1 0 0 1 1 1 0 0 0 0 0 1 0 0 0 0
80	1	1 0 0 1 0 0 0 0 1 0 0 1 0 0 1 0
80	1	0 1 0 1 0 0 0 1 1 0 0 0 0 0 1 0
80	1	1 0 0 1 0 0 0 0 0 0 0 1 1 1 0 0
80	4	1 0 0 0 0 0 0 1 1 0 0 0 0 0 0 0
80	5	1 0 0 0 0 1 0 1 0 0 0 0 0 1 1 0
80	2	0 1 0 0 0 1 0 1 0 0 0 0 0 0 0 0
80	9	1 0 0 1 0 1 0 0 0 0 0 0 0 0 0 0
80	4	1 0 0 0 0 1 0 1 0 0 0 0 0 0 0 1
80	4	1 0 0 1 0 1 0 0 0 0 1 0 0 0 0 0
80	9	0 0 0 0 0 1 0 1 0 0 0 0 0 0 0 0
80	6	1 0 0 1 0 0 1 0 0 0 0 1 1 1 0 0
80	20	1 1 0 1 0 1 0 0 0 0 0 1 0 0 0 0
80	2	1 0 1 1 0 1 0 0 0 0 0 1 0 1 0 0
80	7	0 1 0 1 0 1 0 0 0 0 1 1 0 1 1 0
80	3	1 1 0 1 0 1 0 0 0 0 0 0 0 0 1 0
80	2	1 0 0 1 0 1 0 0 1 0 1 1 0 1 0 0
80	2	1 0 0 1 0 1 0 0 0 1 1 1 0 1 0 0
80	4	1 0 0 0 0 1 0 1 0 0 1 0 0 0 0 0
80	4	0 0 0 1 1 1 0 0 0 0 0 0 0 0 0 0
80	3	0 0 0 1 0 1 0 0 0 0 0 0 0 1 0 0
80	1	0 1 0 1 0 1 0 0 0 1 0 0 0 0 0 0
80	9	1 0 0 0 0 1 0 0 1 0 0 1 0 0 1 0
80	1	1 0 0 0 0 1 0 0 0 1 0 1 0 1 0 0
80	9	0 1 1 1 0 1 0 0 0 0 0 1 0 1 0 0
80	4	0 1 0 1 0 1 0 0 0 0 0 1 0 1 0 1
80	3	1 1 0 1 0 1 0 0 0 0 0 1 0 0 0 1
80	1	1 1 0 1 0 1 0 0 0 0 1 1 0 0 0 0
80	3	0 1 0 1 0 1 0 0 0 0 1 0 0 0 0 0
80	1	1 1 0 1 0 0 0 0 0 0 0 1 0 1 0 0
80	4	0 1 0 1 0 1 0 0 0 0 0 0 0 0 1 0
80	2	0 1 0 1 0 1 0 0 0 0 0 0 0 1 0 0
80	1	0 1 0 1 1 1 0 0 0 0 0 1 0 1 1 0
80	4	0 1 0 1 0 1 0 0 0 1 0 1 0 1 0 1
80	1	1 0 0 1 1 0 0 1 0 1 0 0 0 1 0 0
80	1	1 0 1 0 0 1 0 1 0 0 1 0 0 0 0 0
80	3	1 0 0 0 0 1 0 1 1 0 0 0 0 0 0 0
80	1	1 0 0 1 0 0 0 0 0 0 0 0 0 0 1 1
80	3	1 0 0 1 0 0 0 0 0 0 0 1 0 1 0 0
80	3	1 0 1 0 0 1 0 1 0 0 0 0 1 0 0 1
80	1	0 1 0 0 0 1 0 0 0 0 0 1 0 1 1 0
80	1	0 1 0 1 0 1 0 0 0 1 0 0 0 1 0 0
80	2	0 1 0 0 0 1 0 1 1 0 0 1 0 1 0 0
80	2	1 0 0 1 0 1 0 0 0 0 1 1 0 0 0 0
80	1	1 0 0 0 0 0 0 0 1 0 0 1 0 0 1 0
100	5	1 0 0 1 0 0 0 0 0 0 0 0 0 0 1 0
100	23	1 0 0 1 0 1 0 0 0 0 0 1 0 1 0 0
100	3	1 0 0 0 0 1 0 1 0 0 0 1 0 1 0 0
100	48	0 1 0 1 0 1 0 0 0 0 0 1 0 1 0 0
100	28	1 0 0 1 0 1 0 0 0 0 1 1 0 1 0 0
100	13	0 0 0 1 0 1 0 0 0 0 0 0 0 0 0 0
100	154	0 1 0 1 0 1 0 0 0 0 0 1 0 0 0 0
100	53	0 1 0 1 0 1 0 0 0 0 0 0 0 0 0 0
100	7	1 0 1 0 0 0 0 0 0 0 0 0 0 0 0 0
100	33	1 0 0 0 0 1 0 1 0 0 0 0 0 0 0 0
100	3	0 0 0 1 0 1 0 0 0 0 0 1 0 1 0 0
100	4	1 0 0 0 0 1 0 1 0 0 0 0 1 0 0 1
100	6	0 1 0 1 0 1 0 0 0 0 0 1 0 1 1 0
100	10	0 1 1 1 0 1 0 0 0 0 0 1 0 0 0 0
100	13	1 0 0 0 0 1 1 1 0 0 0 1 0 1 0 0
100	7	0 1 0 1 0 1 0 0 0 1 0 1 0 1 0 0
100	12	0 1 0 1 0 1 0 0 1 0 0 1 0 1 0 0
100	5	1 0 0 0 0 1 0 1 0 0 0 0 1 0 0 0
100	1	1 0 0 1 0 1 0 0 0 0 1 1 0 1 1 0
100	5	0 1 0 0 0 1 0 1 0 0 0 1 0 1 0 0
100	6	0 1 0 1 1 1 0 0 0 0 0 1 0 1 0 0
100	2	1 0 0 0 0 1 0 1 0 0 0 1 0 0 0 0
100	53	0 1 0 1 0 1 0 0 0 0 1 1 0 0 0 0
100	18	0 1 0 1 1 1 0 0 0 0 0 1 0 0 0 1
100	24	1 0 0 1 0 1 0 0 0 0 0 0 0 0 0 0
100	3	1 0 0 1 0 1 0 0 0 0 1 0 0 0 0 0
100	4	1 0 0 1 0 0 1 0 0 0 0 1 1 1 0 0
100	59	1 1 0 1 0 1 0 0 0 0 0 1 0 0 0 0
100	12	0 1 1 1 0 1 0 0 0 0 0 1 0 1 0 0
100	2	0 1 0 1 0 1 0 0 0 0 0 1 0 1 0 1
100	24	1 1 0 1 0 1 0 0 0 0 0 1 0 0 0 1
100	58	0 1 0 1 0 1 0 0 0 0 1 0 0 0 0 0
100	30	0 1 0 1 0 1 0 0 0 0 0 0 0 0 1 0
100	17	1 0 1 0 0 1 0 1 0 0 1 0 0 0 0 0
100	14	1 0 0 1 0 1 0 0 0 0 1 1 0 0 0 0
100	16	1 0 1 1 0 1 0 0 0 0 0 0 0 0 0 0
100	14	0 1 0 1 1 1 0 0 0 0 0 1 0 0 0 0
100	28	1 0 0 0 0 0 0 1 0 0 0 0 0 0 0 0
100	4	0 1 0 1 0 1 0 0 0 0 0 1 0 0 0 1
100	3	1 0 0 1 0 0 1 0 0 0 0 1 1 1 0 1
100	11	1 1 0 1 0 1 0 0 1 0 0 1 0 1 0 0
100	1	1 1 0 1 0 1 0 0 0 0 0 1 0 1 0 0
100	13	0 1 0 1 0 1 0 0 0 0 1 1 0 1 0 0
100	4	1 0 0 0 0 1 0 1 0 0 0 0 1 0 1 1
100	6	0 1 0 0 0 1 0 1 0 0 0 0 0 0 0 0
100	3	0 1 0 1 0 1 0 0 0 1 0 0 0 0 0 0
100	7	1 0 0 0 0 1 0 1 0 0 0 1 0 0 1 0
100	10	0 1 0 1 1 0 0 0 0 0 0 1 0 0 0 0
100	2	1 0 0 0 0 1 0 0 0 0 0 1 0 0 0 0
100	1	1 1 0 1 0 1 0 0 0 1 0 1 0 0 0 1
100	1	0 1 0 1 0 1 0 1 0 0 0 1 0 0 0 0
100	21	0 1 0 1 1 1 0 1 0 0 0 1 0 0 0 0
100	3	1 0 0 1 0 1 0 0 0 0 0 0 0 0 1 0
100	1	1 0 0 1 0 0 1 1 0 0 0 1 1 1 0 0
100	4	0 1 0 1 1 1 0 0 0 0 0 1 0 1 0 1
100	4	1 1 0 1 0 1 0 0 1 0 0 0 0 0 0 0
100	10	1 0 0 0 0 0 0 1 0 0 0 1 0 1 0 0
100	2	0 1 0 0 0 1 0 1 0 0 0 1 0 0 0 0
100	1	1 0 0 1 0 0 1 1 0 0 0 0 1 0 0 1
100	8	0 1 0 1 0 1 0 0 0 1 0 1 0 0 0 0
100	2	0 1 0 1 0 1 0 0 0 1 0 0 1 0 0 1
100	3	1 0 0 1 1 1 0 0 0 0 0 0 0 0 0 0
100	6	1 1 0 1 0 0 0 0 0 0 0 1 0 0 0 1
100	1	1 0 0 0 0 1 0 1 0 0 0 1 1 1 0 0
100	1	1 0 0 0 0 0 0 1 0 0 0 0 0 1 0 0
100	2	1 0 0 0 0 1 0 0 0 0 0 1 0 1 0 0
100	2	0 1 0 1 1 1 0 0 1 0 0 1 0 1 0 0
100	4	1 0 0 1 0 1 0 0 0 0 0 1 0 0 0 0
100	5	0 1 0 1 0 1 0 0 0 1 0 0 0 0 1 0
100	1	0 1 0 1 0 1 0 0 1 0 0 1 0 1 0 1
100	1	1 0 0 1 0 1 0 0 0 0 1 0 0 1 0 0
100	5	0 0 0 1 0 1 0 0 0 0 0 1 0 0 0 0
100	5	1 1 0 1 0 1 0 0 0 0 0 0 0 0 0 0
100	1	0 1 0 0 0 1 0 0 0 0 1 1 0 0 0 0
100	1	1 1 0 0 0 1 0 0 0 0 0 1 0 0 0 1
100	3	0 1 0 0 0 1 1 1 0 0 0 1 0 1 0 0
100	2	0 1 0 1 0 1 0 0 1 0 0 1 0 0 0 0
100	2	1 0 0 1 0 1 0 0 0 0 0 1 1 1 0 0
100	1	0 1 0 1 1 0 0 0 0 0 0 0 1 0 0 0
100	1	1 0 0 1 0 0 1 1 0 0 0 1 0 1 0 0
100	2	1 0 0 1 0 1 0 0 0 1 1 1 0 1 0 0
100	2	0 1 0 1 0 0 0 0 0 0 0 1 0 0 0 0
100	2	0 1 0 1 0 1 0 0 0 0 0 1 0 0 1 0
100	1	0 1 0 0 0 1 0 0 0 0 0 0 0 0 0 0
100	1	0 1 0 1 0 1 0 0 0 0 0 0 0 0 0 1
100	3	1 0 0 0 0 1 0 1 0 0 1 0 1 0 0 1
100	2	1 0 1 0 0 1 0 1 0 0 0 0 0 0 0 0
100	1	1 0 0 0 0 0 0 0 0 0 0 0 0 0 0 0
120	13	1 0 0 1 0 0 0 0 0 0 0 0 0 0 1 0
120	46	0 1 0 1 0 1 0 0 0 0 0 1 0 1 0 0
120	9	1 0 0 1 0 1 0 0 0 0 1 1 0 1 0 0
120	61	0 1 0 1 0 1 0 0 0 0 0 1 0 0 0 0
120	39	0 1 0 1 0 1 0 0 0 0 0 0 0 0 0 0
120	4	1 0 0 0 0 1 0 1 0 0 0 0 1 0 0 1
120	45	0 1 1 1 0 1 0 0 0 0 0 1 0 0 0 0
120	20	0 1 0 1 0 1 0 0 1 0 0 1 0 1 0 0
120	9	1 0 0 0 0 1 0 1 0 0 0 0 1 0 0 0
120	2	0 1 0 1 1 1 0 0 0 0 0 1 0 1 0 0
120	32	0 1 0 1 0 1 0 0 0 0 1 1 0 0 0 0
120	30	1 0 0 1 0 1 0 0 0 0 0 0 0 0 0 0
120	28	1 1 0 1 0 1 0 0 0 0 0 1 0 0 0 0
120	7	0 1 0 1 0 1 0 0 0 0 0 1 0 1 0 1
120	25	1 1 0 1 0 1 0 0 0 0 0 1 0 0 0 1
120	47	0 1 0 1 0 1 0 0 0 0 1 0 0 0 0 0
120	85	0 1 0 1 0 1 0 0 0 0 0 0 0 0 1 0
120	3	1 0 1 0 0 1 0 1 0 0 1 0 0 0 0 0
120	5	1 0 0 1 0 1 0 0 0 0 1 1 0 0 0 0
120	28	1 0 1 1 0 1 0 0 0 0 0 0 0 0 0 0
120	24	0 1 0 1 1 1 0 0 0 0 0 1 0 0 0 0
120	5	1 0 0 0 0 0 0 1 0 0 0 0 0 0 0 0
120	25	1 1 0 1 0 1 0 0 1 0 0 1 0 1 0 0
120	23	0 1 0 1 0 1 0 0 0 0 1 1 0 1 0 0
120	5	0 1 0 0 0 1 0 1 0 0 0 0 0 0 0 0
120	25	0 1 0 1 1 0 0 0 0 0 0 1 0 0 0 0
120	49	0 1 0 1 1 1 0 1 0 0 0 1 0 0 0 0
120	8	0 1 0 1 0 1 0 0 0 1 0 1 0 0 0 0
120	3	1 0 0 1 1 1 0 0 0 0 0 0 0 0 0 0
120	37	1 0 0 1 0 1 0 0 0 0 0 1 0 0 0 0
120	2	0 0 0 1 0 1 0 0 0 0 0 1 0 0 0 0
120	30	1 1 0 1 0 1 0 0 0 0 0 0 0 0 0 0
120	10	1 0 1 0 0 1 0 1 0 0 0 0 0 0 0 0
120	21	0 1 0 1 0 1 0 0 0 0 0 0 0 1 0 0
120	11	0 1 0 0 0 1 0 0 0 0 0 1 0 0 0 0
120	17	1 1 0 1 0 1 0 1 0 0 0 1 0 0 0 0
120	1	1 1 0 1 0 1 0 0 0 0 1 1 0 0 0 1
120	5	0 1 0 1 1 1 1 1 0 0 0 1 0 0 0 0
120	7	0 1 0 1 0 1 1 0 0 0 1 1 0 1 0 0
120	13	0 1 0 1 0 1 1 0 0 0 1 0 0 0 0 0
120	10	0 1 0 1 0 1 0 0 1 0 1 0 0 1 0 0
120	11	0 1 0 1 1 1 0 0 0 0 1 1 0 1 0 0
120	6	1 0 0 1 0 1 0 0 0 0 0 0 0 1 0 0
120	1	1 0 0 1 0 1 0 0 0 0 0 1 1 1 0 0
120	2	1 0 0 0 0 0 0 1 0 0 0 1 0 0 0 0
120	3	0 1 0 1 0 1 0 0 1 0 0 1 0 1 0 1
120	3	0 1 0 1 0 0 0 0 0 0 0 0 0 0 0 0
120	1	0 1 0 1 1 1 1 1 0 0 0 0 0 0 0 0
120	6	0 1 0 1 0 0 0 0 0 0 0 1 0 0 0 0
120	6	0 1 0 1 0 1 0 0 0 0 0 0 0 0 1 1
120	4	1 1 0 1 0 1 0 0 1 1 0 1 0 1 0 0
120	2	0 0 0 1 0 1 0 0 1 0 1 0 0 1 0 0
120	3	0 1 1 0 0 1 0 0 0 0 0 1 0 0 0 0
120	2	0 1 0 1 0 1 0 1 0 1 0 1 0 1 0 0
120	3	1 1 0 1 1 0 0 0 0 0 0 1 0 0 0 0
120	3	1 0 0 1 0 0 0 0 0 0 1 1 0 1 0 0
120	5	0 1 0 1 0 1 0 0 0 0 1 0 0 0 1 0
120	2	1 1 1 1 0 1 0 0 1 0 0 1 0 1 0 0
120	5	1 0 1 0 0 1 0 1 0 0 0 0 0 0 0 1
120	1	1 0 0 1 0 1 0 1 0 0 1 1 0 1 0 0
120	5	0 1 0 1 1 0 0 1 0 0 0 1 0 0 0 0
120	2	1 1 0 1 0 1 0 0 0 0 0 1 0 1 0 1
120	1	0 1 0 1 0 1 0 1 0 0 0 1 0 0 0 0
120	2	0 1 1 1 0 1 0 0 0 0 0 1 0 0 0 1
120	9	1 1 0 0 0 1 0 0 0 0 0 1 0 0 0 0
120	1	1 1 0 0 0 0 0 1 0 0 0 0 0 0 0 0
120	3	1 1 0 1 0 1 0 0 0 0 1 1 0 1 0 0
120	3	0 1 1 1 0 1 0 0 0 0 1 1 0 0 0 0
120	5	0 1 0 1 0 0 0 0 0 0 1 1 0 0 0 0
120	1	1 0 0 1 0 0 0 0 0 0 0 0 0 1 1 0
120	2	1 1 1 1 0 1 0 0 0 0 0 1 0 0 0 1
120	1	1 1 0 1 0 1 0 0 0 0 0 0 0 0 1 0
120	1	0 1 0 0 0 1 1 0 0 0 0 1 0 0 0 0
120	2	0 1 1 1 0 1 0 0 0 0 0 1 1 0 0 0
120	2	0 1 0 1 0 0 0 0 0 0 0 0 0 0 1 0
120	4	0 1 0 0 0 1 0 0 0 0 1 1 0 1 0 0
120	3	0 1 0 1 0 1 0 1 0 0 1 1 0 1 0 0
120	2	1 1 0 0 0 1 0 1 0 0 0 0 0 0 0 0
120	1	1 0 0 1 0 1 0 0 0 0 0 1 0 1 0 1
120	3	0 1 0 1 0 1 0 0 0 0 0 1 0 0 0 1
120	2	0 1 0 1 1 1 0 0 0 0 0 0 0 1 0 0
120	1	1 0 0 1 0 1 0 0 0 0 1 0 0 0 0 0
120	1	1 1 0 1 0 1 0 0 0 1 0 1 0 0 0 1
120	2	0 1 0 1 0 1 0 0 0 0 0 0 1 0 1 0
120	1	1 1 0 1 0 1 0 1 0 0 1 1 0 0 0 0
120	2	0 1 1 1 0 1 0 1 0 0 0 1 1 0 0 0
140	16	0 1 0 1 0 1 0 0 0 0 0 1 0 1 0 0
140	55	0 1 0 1 0 1 0 0 0 0 0 1 0 0 0 0
140	15	0 1 0 1 0 1 0 0 0 0 0 0 0 0 0 0
140	50	0 1 1 1 0 1 0 0 0 0 0 1 0 0 0 0
140	6	0 1 0 1 0 1 0 0 1 0 0 1 0 1 0 0
140	7	1 0 0 0 0 1 0 1 0 0 0 0 1 0 0 0
140	24	0 1 0 1 0 1 0 0 0 0 1 1 0 0 0 0
140	23	1 0 0 1 0 1 0 0 0 0 0 0 0 0 0 0
140	43	1 1 0 1 0 1 0 0 0 0 0 1 0 0 0 0
140	19	1 1 0 1 0 1 0 0 0 0 0 1 0 0 0 1
140	53	0 1 0 1 0 1 0 0 0 0 1 0 0 0 0 0
140	24	0 1 0 1 0 1 0 0 0 0 0 0 0 0 1 0
140	10	1 0 0 1 0 1 0 0 0 0 1 1 0 0 0 0
140	9	1 0 1 1 0 1 0 0 0 0 0 0 0 0 0 0
140	6	0 1 0 1 1 1 0 0 0 0 0 1 0 0 0 0
140	19	1 1 0 1 0 1 0 0 1 0 0 1 0 1 0 0
140	9	0 1 0 1 1 0 0 0 0 0 0 1 0 0 0 0
140	28	0 1 0 1 1 1 0 1 0 0 0 1 0 0 0 0
140	39	0 1 0 1 0 1 0 0 0 1 0 1 0 0 0 0
140	64	1 0 0 1 0 1 0 0 0 0 0 1 0 0 0 0
140	12	1 1 0 1 0 1 0 0 0 0 0 0 0 0 0 0
140	4	1 0 1 0 0 1 0 1 0 0 0 0 0 0 0 0
140	3	0 1 0 1 0 1 0 0 0 0 0 0 0 1 0 0
140	25	0 1 0 0 0 1 0 0 0 0 0 1 0 0 0 0
140	25	1 1 0 1 0 1 0 1 0 0 0 1 0 0 0 0
140	13	0 1 0 1 1 1 1 1 0 0 0 1 0 0 0 0
140	2	0 1 0 1 0 1 1 0 0 0 1 1 0 1 0 0
140	6	0 1 0 1 0 1 1 0 0 0 1 0 0 0 0 0
140	1	1 0 0 0 0 0 0 1 0 0 0 1 0 0 0 0
140	13	0 1 0 1 0 0 0 0 0 0 0 0 0 0 0 0
140	25	0 1 0 1 0 0 0 0 0 0 0 1 0 0 0 0
140	7	0 1 1 0 0 1 0 0 0 0 0 1 0 0 0 0
140	18	1 1 0 0 0 1 0 0 0 0 0 1 0 0 0 0
140	23	0 1 1 1 0 1 0 0 0 0 1 1 0 0 0 0
140	8	1 1 0 0 0 1 0 1 0 0 0 0 0 0 0 0
140	20	0 1 0 1 1 1 0 0 0 0 0 0 0 0 0 0
140	20	0 1 0 1 1 1 1 0 0 0 0 1 0 0 0 0
140	4	0 1 0 0 1 1 0 0 0 0 0 1 0 0 0 0
140	10	1 1 0 0 0 1 0 0 0 0 0 0 0 0 0 0
140	20	0 1 0 1 0 1 0 0 1 0 0 0 0 1 0 0
140	18	0 1 1 1 0 1 0 1 0 0 1 1 0 0 0 0
140	9	1 0 0 1 0 0 0 0 0 0 0 0 0 0 0 0
140	1	0 1 0 1 0 1 0 1 0 0 1 1 0 0 0 0
140	1	0 1 1 1 0 0 0 0 0 0 0 1 0 0 0 0
140	4	0 1 1 1 0 1 0 0 0 0 1 0 0 0 0 0
140	14	1 0 0 1 1 1 0 0 0 0 0 1 0 0 0 0
140	5	1 1 0 1 1 1 0 1 0 0 0 1 0 0 0 0
140	5	1 1 0 1 0 0 0 1 0 0 0 1 0 0 0 0
140	10	0 1 0 1 0 1 0 0 0 1 0 0 0 0 1 0
140	4	0 1 1 1 1 1 0 1 0 0 0 1 0 0 0 0
140	4	1 0 0 1 0 1 0 0 0 0 0 1 0 0 0 1
140	1	0 1 0 1 1 1 0 0 0 0 1 0 0 0 0 0
140	3	0 1 0 0 0 1 0 1 0 0 0 0 0 1 0 0
140	5	0 1 0 1 0 1 1 0 0 0 1 1 0 0 0 0
140	1	0 0 1 1 0 1 0 0 0 0 0 1 0 0 0 0
140	1	0 1 0 1 1 1 0 0 0 0 0 1 0 0 1 0
140	3	0 1 0 1 0 1 0 0 1 0 0 1 0 0 0 0
140	4	1 0 0 1 0 1 0 0 0 0 0 0 0 0 1 1
140	2	1 1 0 0 0 1 0 1 0 0 0 0 0 0 1 1
140	14	1 1 0 1 0 1 0 0 0 0 1 0 0 0 0 0
140	4	0 1 0 1 1 1 0 1 0 0 1 1 0 0 0 0
140	11	0 1 1 0 0 1 0 1 0 0 0 1 0 0 0 0
140	7	0 1 0 1 0 1 0 0 1 0 0 0 1 1 0 0
140	4	1 1 0 1 0 1 1 0 0 0 1 0 0 0 0 0
140	4	0 1 0 1 0 1 1 0 0 0 0 1 0 0 0 0
140	9	0 1 0 1 1 1 0 1 0 0 0 0 0 0 0 0
140	4	0 1 0 1 0 1 0 0 1 0 0 0 0 0 0 0
140	3	0 1 1 1 0 1 0 0 0 1 0 1 0 0 0 0
140	2	0 1 1 1 0 1 0 1 0 0 0 1 0 0 0 0
140	2	0 1 0 1 0 1 0 0 0 0 1 0 0 1 0 0
140	2	1 0 0 1 0 1 0 0 0 1 0 0 0 0 0 0
140	1	1 0 0 1 0 1 0 0 1 0 0 0 0 0 0 0
140	3	1 0 0 1 0 1 0 0 0 0 0 1 0 0 1 0
140	1	0 1 0 1 1 1 0 0 0 0 0 0 0 1 0 0
140	1	0 1 0 1 0 1 1 0 0 1 1 1 1 1 0 0
140	1	1 0 0 0 0 1 0 1 0 0 1 0 1 0 0 0
140	1	1 0 0 0 0 1 0 0 0 0 0 0 0 0 0 0
140	6	0 1 0 1 1 0 0 0 0 0 1 0 0 0 0 1
140	3	1 1 0 1 0 1 0 0 0 1 0 0 0 0 1 0
140	1	1 1 0 1 0 0 0 1 0 0 1 0 0 0 0 0
140	5	1 1 0 1 0 1 0 0 0 0 0 1 0 1 0 0
140	16	1 1 0 1 0 1 0 0 0 1 0 1 0 0 0 0
140	3	0 1 0 1 0 1 1 0 0 1 1 0 0 0 0 0
140	1	0 1 0 1 0 0 0 0 0 0 0 0 0 1 1 0
140	2	0 1 0 1 0 1 0 0 0 0 0 1 1 0 0 0
140	1	0 1 1 1 0 1 0 0 0 0 0 1 0 0 1 0
140	1	1 1 0 1 0 0 0 0 0 0 0 1 0 0 0 1
140	1	0 1 0 1 0 1 0 0 1 1 0 1 0 0 0 0
140	1	1 1 0 0 0 1 0 1 0 0 0 1 0 0 0 0
140	3	0 1 0 1 0 1 1 0 0 0 1 0 0 1 0 0
140	1	0 1 0 1 0 0 0 0 0 0 0 1 1 0 0 0
140	3	1 0 1 1 0 1 0 0 0 0 0 1 0 0 0 0
140	1	1 0 0 1 0 1 1 0 0 0 0 0 0 0 0 0
140	1	0 1 0 1 1 1 1 0 0 0 0 1 0 0 1 0
140	2	0 1 0 1 1 1 0 0 0 0 0 1 1 0 1 0
140	1	1 1 0 1 1 1 0 0 0 0 0 1 0 1 0 0
160	65	0 1 0 1 0 1 0 0 0 0 0 1 0 0 0 0
160	12	0 1 0 1 0 1 0 0 0 0 0 0 0 0 0 0
160	68	0 1 1 1 0 1 0 0 0 0 0 1 0 0 0 0
160	14	0 1 0 1 0 1 0 0 0 0 1 1 0 0 0 0
160	2	1 0 0 1 0 1 0 0 0 0 0 0 0 0 0 0
160	48	1 1 0 1 0 1 0 0 0 0 0 1 0 0 0 0
160	13	1 1 0 1 0 1 0 0 0 0 0 1 0 0 0 1
160	58	0 1 0 1 0 1 0 0 0 0 1 0 0 0 0 0
160	7	1 0 0 1 0 1 0 0 0 0 1 1 0 0 0 0
160	1	1 0 1 1 0 1 0 0 0 0 0 0 0 0 0 0
160	25	1 1 0 1 0 1 0 0 1 0 0 1 0 1 0 0
160	6	0 1 0 1 1 0 0 0 0 0 0 1 0 0 0 0
160	42	0 1 0 1 1 1 0 1 0 0 0 1 0 0 0 0
160	36	0 1 0 1 0 1 0 0 0 1 0 1 0 0 0 0
160	27	1 0 0 1 0 1 0 0 0 0 0 1 0 0 0 0
160	18	1 1 0 1 0 1 0 0 0 0 0 0 0 0 0 0
160	8	0 1 0 0 0 1 0 0 0 0 0 1 0 0 0 0
160	38	1 1 0 1 0 1 0 1 0 0 0 1 0 0 0 0
160	1	0 1 0 1 0 0 0 0 0 0 0 0 0 0 0 0
160	23	0 1 0 1 0 0 0 0 0 0 0 1 0 0 0 0
160	8	0 1 1 0 0 1 0 0 0 0 0 1 0 0 0 0
160	3	1 1 0 0 0 1 0 0 0 0 0 1 0 0 0 0
160	38	0 1 1 1 0 1 0 0 0 0 1 1 0 0 0 0
160	18	0 1 0 1 1 1 1 0 0 0 0 1 0 0 0 0
160	9	0 1 0 0 1 1 0 0 0 0 0 1 0 0 0 0
160	12	1 1 0 0 0 1 0 0 0 0 0 0 0 0 0 0
160	9	0 1 0 1 0 1 0 0 1 0 0 0 0 1 0 0
160	9	0 1 1 1 0 1 0 1 0 0 1 1 0 0 0 0
160	2	1 0 0 1 0 0 0 0 0 0 0 0 0 0 0 0
160	15	0 1 0 1 0 1 0 0 0 1 0 0 0 0 1 0
160	3	0 1 0 1 0 1 1 0 0 0 1 1 0 0 0 0
160	10	0 1 0 1 0 1 0 0 1 0 0 0 1 1 0 0
160	2	1 1 0 1 0 1 1 0 0 0 1 0 0 0 0 0
160	18	0 1 0 1 0 1 1 0 0 0 0 1 0 0 0 0
160	11	0 1 0 1 1 1 0 1 0 0 0 0 0 0 0 0
160	7	0 1 0 1 0 1 0 0 0 0 1 0 0 1 0 0
160	11	1 1 0 1 0 1 0 0 0 0 0 1 0 1 0 0
160	5	1 1 0 1 0 1 0 0 0 1 0 1 0 0 0 0
160	2	0 1 0 1 0 1 1 0 0 1 1 0 0 0 0 0
160	7	1 0 1 1 0 1 0 0 0 0 0 1 0 0 0 0
160	2	0 1 0 0 0 1 0 0 0 0 0 0 0 0 0 0
160	1	0 1 1 0 1 1 0 1 0 0 0 0 0 0 0 0
160	1	1 1 1 1 0 1 0 0 0 0 0 1 0 0 0 0
160	8	0 1 0 1 0 1 0 0 0 0 0 1 0 0 1 0
160	32	1 1 0 1 0 1 0 0 1 0 0 1 1 1 0 0
160	2	0 1 0 1 1 0 0 1 0 0 0 0 0 0 0 0
160	8	1 1 0 1 0 1 0 0 1 0 0 0 0 0 0 0
160	1	1 0 0 1 1 1 0 0 0 0 1 1 0 0 0 0
160	3	0 1 1 1 0 1 1 0 0 0 1 1 0 0 0 0
160	3	0 1 0 1 1 1 0 0 0 1 0 0 0 0 0 0
160	6	0 1 0 1 0 1 0 0 1 0 0 1 0 1 0 0
160	13	0 1 1 0 0 1 0 1 0 0 1 1 0 0 0 0
160	10	1 1 0 1 0 1 0 1 0 0 0 1 0 0 0 1
160	3	0 1 0 1 0 1 0 0 1 0 0 1 1 1 0 0
160	5	1 0 0 1 0 1 0 0 0 0 1 1 0 0 0 1
160	1	0 1 0 0 1 0 0 0 0 0 1 0 0 0 0 1
160	10	1 0 0 1 0 0 0 0 0 0 0 0 0 1 0 0
160	8	0 1 1 1 1 1 1 1 0 0 0 1 0 0 0 0
160	13	0 1 0 1 0 1 0 0 0 0 0 1 0 0 0 1
160	8	0 1 1 1 1 1 0 1 0 0 0 0 0 0 0 0
160	2	0 1 0 1 0 1 0 0 0 0 1 1 0 1 0 0
160	10	0 1 1 1 0 0 0 1 0 0 0 1 0 0 0 0
160	3	1 0 1 1 0 1 0 0 0 0 1 1 0 0 0 0
160	1	0 1 0 1 0 1 0 1 0 0 0 1 0 0 0 0
160	5	1 0 1 1 0 1 0 0 1 0 0 1 0 1 0 0
160	4	0 1 0 1 0 0 0 0 0 0 1 1 0 0 0 0
160	12	0 1 1 1 0 0 0 1 0 0 0 0 0 0 0 0
160	8	1 1 0 1 0 1 1 0 0 0 0 1 0 0 0 0
160	5	0 0 0 1 0 1 0 0 0 0 0 1 0 0 0 0
160	6	0 1 0 1 0 1 0 1 0 0 1 0 0 0 0 0
160	7	0 0 0 1 1 1 0 1 0 0 0 1 0 0 0 0
160	9	0 1 1 1 1 1 0 0 0 0 1 1 0 0 0 0
160	2	0 0 1 1 0 1 0 1 0 0 1 1 0 0 0 0
160	3	1 1 0 0 0 1 0 0 0 0 1 0 0 1 0 0
160	3	0 1 0 0 0 1 0 0 0 1 0 1 0 0 0 0
160	1	0 1 0 1 0 1 0 0 0 1 0 0 0 0 0 0
160	3	1 1 0 1 0 1 0 1 0 0 1 1 0 0 0 0
160	1	1 1 0 1 0 1 1 1 0 0 0 1 0 0 0 0
160	2	0 1 1 1 1 1 1 1 0 0 0 1 0 0 1 0
160	1	0 1 0 0 0 1 0 0 0 1 0 1 0 0 1 0
160	3	0 1 1 1 0 1 0 0 0 1 0 0 1 0 1 0
160	2	0 1 0 1 0 1 0 0 1 0 1 0 0 0 0 0
160	4	1 0 0 1 0 1 0 0 0 0 1 1 0 1 0 0
160	2	1 1 0 1 0 1 0 1 0 0 0 1 0 0 1 0
160	3	0 1 0 0 0 1 1 0 0 0 0 1 0 0 0 0
160	2	0 1 0 1 0 1 0 0 0 0 1 0 1 1 0 0
160	2	0 1 0 1 0 1 1 0 0 1 1 0 0 1 0 0
160	1	1 1 1 1 0 1 0 0 0 0 0 1 1 0 0 0
160	1	0 1 0 0 0 1 0 0 1 0 0 1 0 0 0 0
160	2	0 0 0 1 0 1 0 0 0 0 1 0 0 0 0 0
160	1	1 1 0 1 0 1 0 0 0 0 0 1 1 1 0 0
160	2	0 1 0 1 0 1 0 0 0 0 1 1 0 1 0 1
160	1	0 1 0 1 0 1 0 0 0 0 0 1 0 1 0 0
160	1	0 1 0 1 1 1 0 1 0 0 0 1 0 0 1 0
160	1	0 1 0 1 0 1 0 0 0 1 0 1 1 0 0 0
160	1	0 1 0 1 0 1 0 0 0 1 0 1 0 0 1 0
160	7	0 1 0 1 1 1 0 1 1 0 0 0 0 0 0 0
160	2	0 1 0 1 0 1 0 0 1 0 0 0 0 0 0 0
160	2	0 1 0 1 0 1 0 1 0 0 1 1 0 0 0 0
160	1	0 1 0 1 1 1 0 1 0 0 0 1 1 0 0 0
160	2	0 1 1 1 0 1 0 0 0 0 1 1 0 1 0 0
160	3	0 0 0 1 0 0 0 0 0 1 0 1 0 0 0 0
160	1	0 1 0 1 0 0 0 0 0 1 0 0 0 0 0 0
160	3	1 1 0 1 0 1 0 1 0 0 0 1 0 0 1 1
160	3	0 1 0 1 1 1 0 1 0 1 0 1 0 0 1 0
160	2	1 1 0 0 0 1 0 0 0 1 0 1 0 0 0 0
160	1	1 1 0 0 0 1 0 1 0 0 0 1 0 0 0 0
160	1	0 1 0 1 0 0 0 0 0 0 0 1 1 0 0 0
160	2	0 1 0 1 0 0 0 0 0 0 0 1 0 0 1 0
160	1	0 1 0 1 1 1 1 0 0 0 0 1 0 0 0 1
160	1	0 1 0 0 1 1 0 0 0 0 0 0 0 0 0 0
160	1	0 1 1 1 0 1 1 0 0 0 1 0 0 0 0 0
160	1	0 1 0 1 0 0 0 1 0 0 0 1 0 0 0 0
180	106	0 1 0 1 0 1 0 0 0 0 0 1 0 0 0 0
180	41	0 1 0 1 0 1 0 0 0 0 0 0 0 0 0 0
180	27	0 1 1 1 0 1 0 0 0 0 0 1 0 0 0 0
180	9	0 1 0 1 0 1 0 0 0 0 1 1 0 0 0 0
180	106	1 1 0 1 0 1 0 0 0 0 0 1 0 0 0 0
180	1	1 1 0 1 0 1 0 0 0 0 0 1 0 0 0 1
180	62	0 1 0 1 0 1 0 0 0 0 1 0 0 0 0 0
180	2	1 1 0 1 0 1 0 0 1 0 0 1 0 1 0 0
180	2	0 1 0 1 1 0 0 0 0 0 0 1 0 0 0 0
180	27	0 1 0 1 1 1 0 1 0 0 0 1 0 0 0 0
180	21	0 1 0 1 0 1 0 0 0 1 0 1 0 0 0 0
180	25	1 0 0 1 0 1 0 0 0 0 0 1 0 0 0 0
180	22	1 1 0 1 0 1 0 0 0 0 0 0 0 0 0 0
180	4	0 1 0 0 0 1 0 0 0 0 0 1 0 0 0 0
180	15	1 1 0 1 0 1 0 1 0 0 0 1 0 0 0 0
180	7	0 1 0 1 0 0 0 0 0 0 0 1 0 0 0 0
180	23	0 1 1 1 0 1 0 0 0 0 1 1 0 0 0 0
180	22	1 1 0 0 0 1 0 0 0 0 0 0 0 0 0 0
180	18	0 1 1 1 0 1 0 1 0 0 1 1 0 0 0 0
180	1	0 1 0 1 1 1 0 1 0 0 0 0 0 0 0 0
180	26	1 1 0 1 0 1 0 0 0 0 0 1 0 1 0 0
180	1	1 1 0 1 0 1 0 0 1 0 0 1 1 1 0 0
180	1	0 1 0 1 1 0 0 1 0 0 0 0 0 0 0 0
180	15	1 1 0 1 0 1 0 0 1 0 0 0 0 0 0 0
180	6	0 1 0 1 1 1 0 0 0 1 0 0 0 0 0 0
180	9	1 1 0 1 0 1 0 1 0 0 0 1 0 0 0 1
180	18	0 1 1 1 1 1 1 1 0 0 0 1 0 0 0 0
180	34	0 1 1 1 0 0 0 1 0 0 0 1 0 0 0 0
180	3	0 1 0 1 0 0 0 0 0 0 1 1 0 0 0 0
180	3	1 1 0 1 0 1 1 0 0 0 0 1 0 0 0 0
180	2	0 1 1 1 1 1 0 0 0 0 1 1 0 0 0 0
180	20	0 1 0 1 1 1 0 1 1 0 0 0 0 0 0 0
180	6	0 0 0 1 0 0 0 0 0 1 0 1 0 0 0 0
180	21	0 1 0 1 1 1 0 1 0 1 0 1 0 0 0 0
180	5	1 1 0 1 0 1 0 0 0 0 1 1 0 1 0 1
180	21	0 1 0 1 0 1 0 1 0 0 0 1 0 0 0 0
180	8	1 1 1 1 0 1 0 0 0 0 0 0 0 0 0 0
180	6	0 1 1 1 1 1 0 1 0 0 1 1 0 0 0 0
180	7	0 1 0 0 0 1 0 0 0 0 1 1 0 0 0 0
180	26	1 1 1 1 0 1 0 0 0 0 0 1 0 0 0 0
180	2	0 1 0 1 0 1 0 0 0 0 0 1 0 1 0 0
180	17	1 1 0 1 0 0 0 0 0 0 0 0 0 0 0 0
180	2	0 0 0 1 0 0 0 0 0 1 0 1 0 1 0 0
180	1	0 1 1 1 0 1 0 1 0 0 0 1 0 0 0 1
180	7	0 1 1 0 0 1 0 0 0 0 0 0 0 1 0 0
180	2	0 1 0 1 0 0 0 0 0 1 0 1 0 1 0 0
180	4	0 1 1 1 0 0 0 1 0 0 0 1 0 1 0 0
180	6	0 1 0 1 0 1 0 0 0 0 0 1 0 0 1 0
180	10	0 1 0 1 0 1 0 0 0 1 0 0 0 0 0 0
180	6	1 0 0 1 0 1 1 1 0 0 0 1 0 0 0 0
180	7	0 0 0 1 0 1 0 0 0 0 0 1 0 0 0 0
180	10	0 1 0 1 0 1 0 0 1 0 1 1 0 0 1 0
180	3	0 1 0 1 0 1 0 1 0 0 0 1 0 0 0 1
180	3	0 1 0 1 0 1 0 0 0 0 0 0 1 0 0 0
180	1	1 1 1 1 0 1 0 0 0 0 1 0 0 0 0 0
180	3	1 1 0 1 0 0 0 0 0 1 0 1 0 1 0 0
180	8	1 1 1 1 0 1 0 0 1 0 1 1 0 0 0 0
180	13	0 1 0 1 0 1 0 0 0 0 1 1 1 0 0 0
180	1	0 0 0 1 1 1 0 1 1 0 1 1 0 0 0 0
180	3	1 1 0 1 0 0 0 0 0 0 0 1 0 0 0 0
180	7	0 1 0 1 1 0 0 1 0 1 0 1 0 0 0 0
180	4	1 1 0 1 0 0 1 0 0 0 0 0 0 0 0 0
180	9	1 1 0 1 0 1 0 0 0 0 1 1 0 0 0 0
180	5	0 1 1 1 0 1 0 0 0 0 0 0 0 0 0 0
180	1	0 1 1 1 0 0 0 1 0 0 0 1 0 0 0 1
180	5	0 1 0 1 0 1 0 0 1 1 0 1 0 0 0 0
180	3	0 0 0 1 0 0 1 0 0 1 0 1 0 1 0 0
180	2	0 0 1 1 0 1 0 1 0 0 0 1 0 0 0 1
180	5	0 1 0 1 0 1 0 0 1 0 0 1 0 0 0 0
180	14	0 1 0 1 0 1 0 0 1 0 1 0 0 0 0 0
180	6	1 1 0 1 0 1 0 0 1 0 1 0 0 0 0 0
180	6	0 1 0 1 1 0 0 1 1 0 0 0 0 0 0 0
180	3	0 0 0 0 0 1 0 0 0 0 1 1 0 0 0 0
180	3	0 1 0 1 0 0 0 1 0 0 0 1 0 0 0 0
180	5	1 0 0 1 0 1 0 0 0 0 0 1 0 1 0 0
180	2	1 1 0 0 1 1 0 0 0 0 0 0 0 0 0 0
180	1	0 1 0 1 0 0 0 0 1 0 1 1 0 0 0 0
180	1	1 1 0 1 0 1 0 0 1 0 1 1 0 1 0 1
180	1	0 1 0 1 1 1 0 0 0 0 0 1 0 0 0 0
180	1	1 1 0 1 0 0 0 0 0 1 0 1 0 0 0 0
180	2	1 1 0 1 0 1 0 0 0 0 0 1 1 0 0 0
180	6	1 1 0 1 0 1 0 1 0 0 1 1 0 1 0 1
180	3	0 1 0 0 0 1 0 1 0 0 1 1 0 0 0 0
180	5	1 1 0 1 0 0 1 0 0 0 0 1 0 0 0 0
180	2	1 1 0 0 0 1 0 0 1 0 1 0 0 0 0 0
180	2	1 1 0 1 0 1 0 0 1 0 0 1 0 0 0 0
180	2	0 1 1 1 0 0 0 1 0 0 0 0 0 0 0 0
180	2	0 1 1 1 0 1 0 1 0 0 0 1 0 0 0 0
180	2	1 1 1 1 0 0 0 0 0 0 0 0 0 0 0 0
180	2	0 1 0 1 0 1 0 0 0 0 1 1 1 0 1 0
200	62	0 1 0 1 0 1 0 0 0 0 0 1 0 0 0 0
200	14	0 1 0 1 0 1 0 0 0 0 0 0 0 0 0 0
200	22	0 1 1 1 0 1 0 0 0 0 0 1 0 0 0 0
200	5	0 1 0 1 0 1 0 0 0 0 1 1 0 0 0 0
200	106	1 1 0 1 0 1 0 0 0 0 0 1 0 0 0 0
200	48	0 1 0 1 0 1 0 0 0 0 1 0 0 0 0 0
200	9	0 1 0 1 1 1 0 1 0 0 0 1 0 0 0 0
200	20	1 0 0 1 0 1 0 0 0 0 0 1 0 0 0 0
200	3	0 1 0 0 0 1 0 0 0 0 0 1 0 0 0 0
200	21	0 1 0 1 0 0 0 0 0 0 0 1 0 0 0 0
200	11	0 1 1 1 0 1 0 0 0 0 1 1 0 0 0 0
200	43	0 1 1 1 0 1 0 1 0 0 1 1 0 0 0 0
200	7	1 1 0 1 0 1 0 0 0 0 0 1 0 1 0 0
200	10	1 1 0 1 0 1 0 0 1 0 0 0 0 0 0 0
200	2	0 1 0 1 1 1 0 0 0 1 0 0 0 0 0 0
200	14	1 1 0 1 0 1 0 1 0 0 0 1 0 0 0 1
200	61	0 1 1 1 1 1 1 1 0 0 0 1 0 0 0 0
200	3	1 1 0 1 0 1 1 0 0 0 0 1 0 0 0 0
200	42	0 1 0 1 1 1 0 1 1 0 0 0 0 0 0 0
200	4	0 1 0 1 1 1 0 1 0 1 0 1 0 0 0 0
200	2	1 1 0 1 0 1 0 0 0 0 1 1 0 1 0 1
200	108	0 1 0 1 0 1 0 1 0 0 0 1 0 0 0 0
200	2	1 1 1 1 0 1 0 0 0 0 0 0 0 0 0 0
200	10	0 1 1 1 1 1 0 1 0 0 1 1 0 0 0 0
200	82	1 1 1 1 0 1 0 0 0 0 0 1 0 0 0 0
200	2	0 0 0 1 0 1 0 0 0 0 0 1 0 0 0 0
200	3	0 1 0 1 0 1 0 0 1 0 1 1 0 0 1 0
200	4	0 1 0 1 1 0 0 1 0 1 0 1 0 0 0 0
200	3	0 1 1 1 0 1 0 0 0 0 0 0 0 0 0 0
200	4	0 1 0 1 0 1 0 0 1 1 0 1 0 0 0 0
200	16	0 1 0 1 0 1 0 0 1 0 0 1 0 0 0 0
200	2	1 1 0 1 0 1 0 0 1 0 1 0 0 0 0 0
200	12	1 0 0 1 0 1 0 0 0 0 0 1 0 1 0 0
200	4	1 1 0 1 0 1 0 0 1 0 0 1 0 0 0 0
200	9	0 1 0 1 0 1 1 0 0 0 1 0 0 0 0 0
200	6	0 1 0 1 0 0 0 1 0 0 0 1 0 0 0 0
200	13	1 1 0 1 0 1 0 1 0 0 1 1 0 0 0 0
200	9	1 1 0 1 0 1 1 0 0 0 1 1 0 1 0 1
200	4	1 1 0 1 0 1 1 1 0 0 1 1 0 1 0 1
200	9	0 1 0 0 0 1 0 0 0 0 0 0 0 0 0 0
200	14	0 1 0 1 0 1 0 1 0 0 1 1 0 0 0 0
200	5	1 1 1 1 0 1 0 1 0 0 1 1 0 0 0 0
200	2	0 1 0 0 0 1 0 1 0 0 1 1 0 0 0 0
200	5	1 1 1 1 0 1 0 0 1 0 1 1 0 0 1 0
200	1	1 1 0 0 0 1 0 0 0 0 0 1 0 0 0 0
200	4	1 1 1 1 0 1 1 0 0 0 0 1 0 0 0 0
200	3	0 1 0 0 1 1 0 1 0 0 0 0 0 0 0 0
200	2	0 1 1 1 1 1 1 1 0 0 0 1 1 0 0 0
200	12	0 1 0 1 0 1 0 1 0 1 0 1 0 0 0 0
200	4	1 1 0 1 0 1 0 0 1 1 0 1 0 0 0 0
200	1	1 1 0 1 1 1 0 0 0 0 0 0 0 0 0 0
200	2	0 1 0 0 0 1 0 0 0 0 1 0 0 0 0 0
200	8	1 1 0 1 0 1 0 1 0 0 0 1 0 0 1 1
200	8	1 1 0 0 0 1 0 0 0 0 1 1 0 0 0 0
200	4	1 1 0 1 0 1 1 1 0 0 0 1 0 0 0 0
200	3	0 1 0 1 0 1 0 1 0 0 0 0 0 0 0 0
200	2	1 0 0 1 0 1 0 0 0 1 0 1 0 0 0 1
200	8	0 1 0 1 0 1 0 0 0 0 0 1 0 1 0 0
200	5	0 1 1 1 1 1 1 1 0 0 0 0 0 0 0 0
200	1	1 1 0 1 0 1 0 1 0 0 1 0 0 0 0 0
200	6	0 1 1 1 0 1 0 0 1 0 1 1 0 0 0 0
200	2	1 1 0 1 1 1 0 1 0 0 0 1 0 0 1 0
200	3	1 1 1 1 1 1 1 1 0 0 0 1 0 0 0 0
200	11	0 1 0 1 1 1 0 1 1 0 0 1 0 0 0 0
200	1	0 1 0 1 0 1 0 0 1 0 1 1 0 0 0 0
200	1	0 0 0 1 0 1 0 0 0 0 1 0 0 0 0 0
200	3	1 1 1 1 0 1 0 1 0 0 0 1 0 0 0 0
200	6	1 1 0 1 0 0 0 0 1 0 0 1 0 0 0 0
200	4	0 0 0 0 0 1 0 0 0 0 0 0 0 0 0 0
200	2	1 1 0 1 0 1 0 0 0 0 0 1 0 0 0 1
200	3	0 1 0 1 0 1 0 0 0 0 1 0 0 1 0 0
200	3	0 1 0 1 0 0 0 0 0 0 1 0 0 0 0 0
200	3	0 1 0 1 1 1 0 1 0 0 0 1 0 0 0 1
200	1	0 1 1 1 0 0 0 0 0 0 0 1 0 0 0 0
200	2	1 1 0 0 0 1 0 1 0 0 0 1 0 0 0 1
200	4	0 1 1 0 1 1 1 1 0 0 0 1 0 0 0 0
200	4	0 1 0 1 0 1 0 1 1 0 0 1 0 0 0 0
200	1	0 0 1 1 0 1 0 0 0 0 0 1 0 0 1 0
200	1	1 1 0 1 0 1 0 0 0 0 1 1 0 0 0 0
200	4	0 1 0 1 0 1 0 0 0 0 0 1 1 0 0 0
200	5	1 1 1 1 0 1 0 0 1 1 0 1 0 0 0 0
200	2	0 1 0 1 1 0 0 1 1 0 0 1 0 0 0 0
200	3	0 1 1 1 1 1 0 0 0 1 1 1 0 0 0 0
200	1	0 1 0 1 1 1 1 1 0 0 0 1 0 0 0 0
200	2	0 1 1 1 1 1 0 1 0 0 0 1 0 0 0 0
200	1	1 1 0 1 0 1 1 1 0 0 1 1 0 1 1 0
200	2	1 1 0 1 1 1 0 0 0 0 0 1 0 0 0 0
200	1	0 1 1 1 0 1 0 1 0 0 1 1 0 1 0 0
200	1	1 1 0 1 0 1 0 1 0 0 0 1 0 0 0 0
200	6	0 1 0 1 0 1 1 0 1 0 1 0 0 0 0 0
200	1	0 1 1 1 0 1 0 0 1 1 0 1 0 0 0 0
200	1	0 1 1 0 0 1 0 1 0 0 1 1 0 0 0 0
200	1	0 1 0 0 1 1 0 1 0 1 0 1 0 0 0 0
200	1	1 0 1 1 0 1 0 0 0 0 0 1 0 0 0 0
200	2	0 1 0 0 0 0 0 1 0 1 0 1 0 0 0 0
220	57	0 1 0 1 0 1 0 0 0 0 0 1 0 0 0 0
220	43	0 1 1 1 0 1 0 0 0 0 0 1 0 0 0 0
220	158	1 1 0 1 0 1 0 0 0 0 0 1 0 0 0 0
220	7	0 1 0 1 0 1 0 0 0 0 1 0 0 0 0 0
220	28	1 0 0 1 0 1 0 0 0 0 0 1 0 0 0 0
220	9	0 1 0 0 0 1 0 0 0 0 0 1 0 0 0 0
220	7	0 1 0 1 0 0 0 0 0 0 0 1 0 0 0 0
220	48	0 1 1 1 0 1 0 1 0 0 1 1 0 0 0 0
220	2	1 1 0 1 0 1 0 0 1 0 0 0 0 0 0 0
220	12	1 1 0 1 0 1 0 1 0 0 0 1 0 0 0 1
220	2	0 1 1 1 1 1 1 1 0 0 0 1 0 0 0 0
220	15	0 1 0 1 1 1 0 1 1 0 0 0 0 0 0 0
220	21	0 1 0 1 0 1 0 1 0 0 0 1 0 0 0 0
220	36	0 1 1 1 1 1 0 1 0 0 1 1 0 0 0 0
220	79	1 1 1 1 0 1 0 0 0 0 0 1 0 0 0 0
220	9	0 1 0 1 0 1 0 0 1 0 0 1 0 0 0 0
220	29	1 1 0 1 0 1 0 0 1 0 0 1 0 0 0 0
220	4	0 1 0 1 0 1 1 0 0 0 1 0 0 0 0 0
220	10	1 1 0 1 0 1 0 1 0 0 1 1 0 0 0 0
220	20	1 1 1 1 0 1 0 0 1 0 1 1 0 0 1 0
220	25	1 1 0 0 0 1 0 0 0 0 0 1 0 0 0 0
220	26	1 1 1 1 0 1 1 0 0 0 0 1 0 0 0 0
220	1	0 1 0 1 0 1 0 0 0 0 0 1 0 1 0 0
220	9	0 1 1 1 0 1 0 0 1 0 1 1 0 0 0 0
220	5	1 1 1 1 1 1 1 1 0 0 0 1 0 0 0 0
220	20	1 1 1 1 0 1 0 1 0 0 0 1 0 0 0 0
220	4	0 1 1 0 1 1 1 1 0 0 0 1 0 0 0 0
220	3	1 1 0 1 0 1 0 0 0 0 1 1 0 0 0 0
220	12	1 1 1 1 0 1 0 0 1 1 0 1 0 0 0 0
220	4	0 1 1 1 1 1 0 0 0 1 1 1 0 0 0 0
220	20	0 1 1 0 0 1 0 1 0 0 1 1 0 0 0 0
220	3	0 1 0 1 0 1 0 1 0 1 1 1 0 0 0 0
220	9	0 1 0 1 0 1 0 0 1 0 0 0 0 0 0 0
220	1	1 1 0 1 0 1 1 1 0 0 1 1 0 1 0 0
220	3	0 1 0 1 0 1 0 0 0 0 0 1 0 0 1 0
220	17	0 1 1 1 0 1 0 1 0 1 1 1 0 0 0 0
220	4	0 1 0 1 0 1 1 0 0 0 0 1 0 0 0 0
220	10	1 1 1 1 0 1 0 0 0 0 0 1 1 0 0 0
220	29	1 1 1 1 1 1 0 0 0 0 0 1 0 0 0 0
220	5	0 1 0 1 0 1 1 1 0 0 0 1 0 0 0 0
220	11	1 1 1 0 0 1 0 0 0 0 0 1 0 0 0 0
220	1	1 0 0 1 0 1 0 0 1 0 0 0 0 0 0 0
220	9	0 1 1 1 0 1 0 1 0 0 0 1 0 0 0 0
220	1	1 1 0 1 0 1 1 1 0 0 1 1 0 0 0 0
220	6	0 1 1 1 0 1 0 0 1 0 0 1 0 0 0 0
220	1	0 1 1 1 0 1 0 0 0 0 1 0 0 1 0 0
220	8	1 1 1 1 0 1 0 0 1 0 0 1 0 0 0 0
220	5	0 1 0 1 0 1 0 0 1 0 0 1 0 0 0 1
220	1	1 0 1 1 0 1 0 0 0 0 0 1 0 0 1 0
220	4	0 1 0 1 1 1 0 1 0 0 0 1 0 0 0 0
220	5	1 1 0 1 0 1 1 1 0 0 0 1 1 0 0 0
220	2	1 1 0 1 0 0 0 0 0 0 0 1 0 0 0 0
220	3	0 1 1 0 0 1 0 1 1 0 0 0 0 0 0 0
220	1	1 1 0 1 0 1 1 1 0 0 0 1 0 0 0 0
220	12	0 0 0 1 0 1 0 0 0 0 0 1 0 0 0 0
220	4	1 1 0 1 1 1 1 1 0 0 1 1 0 0 0 0
220	2	1 1 0 1 0 1 1 1 0 1 1 1 0 0 0 0
220	3	0 0 0 0 0 1 0 0 0 0 0 0 1 0 0 1
220	3	1 1 0 1 0 1 0 1 0 1 0 1 0 0 1 0
220	6	0 1 1 0 0 1 0 0 0 0 0 1 0 0 0 0
220	4	0 1 1 1 0 0 0 1 0 0 1 1 0 0 0 0
220	11	0 0 0 1 0 1 0 1 0 0 0 1 0 0 0 0
220	7	1 1 1 1 0 1 0 0 0 1 0 1 0 0 0 0
220	7	1 1 1 1 0 1 0 0 0 0 0 0 0 0 0 0
220	1	0 1 0 1 0 1 1 0 1 0 1 0 1 0 0 0
220	1	1 1 0 1 1 1 0 0 0 0 0 1 0 0 0 0
220	8	0 1 1 0 1 1 0 1 0 0 1 1 0 0 0 0
220	5	1 1 1 1 0 1 1 1 0 0 0 1 0 0 0 0
220	8	0 1 0 1 0 1 0 0 0 0 0 1 1 0 0 0
220	4	1 1 0 1 0 1 0 1 0 0 0 1 0 0 0 0
220	3	0 1 1 1 0 1 0 1 0 0 1 0 0 0 0 0
220	1	0 1 1 1 1 1 1 0 0 1 1 1 0 0 0 0
220	1	0 1 1 0 0 1 0 1 0 0 1 1 0 0 0 1
220	2	1 1 1 0 0 1 0 0 1 0 0 1 0 0 0 0
220	3	0 1 0 1 1 1 0 1 1 0 1 1 0 0 1 0
220	4	0 1 0 0 1 1 0 1 1 0 0 0 0 0 0 0
220	1	1 0 0 1 0 1 0 0 1 0 0 1 0 0 0 0
220	2	0 1 0 1 0 1 1 0 0 0 1 0 0 1 0 0
220	1	0 1 1 1 0 1 1 1 0 0 0 1 0 0 0 0
220	5	1 1 0 1 0 1 0 1 0 1 0 1 0 0 0 0
220	6	0 1 1 1 0 1 0 0 0 0 1 1 0 0 1 0
220	2	0 1 1 1 0 0 0 0 0 0 0 1 0 0 0 0
220	4	1 0 0 1 0 1 0 0 0 1 0 1 0 0 0 0
220	1	0 1 1 1 1 1 0 0 0 0 1 1 0 0 0 0
220	1	0 1 1 1 0 1 0 1 1 0 0 1 0 0 0 0
220	2	0 1 0 1 1 1 0 1 0 0 1 1 0 0 0 0
220	1	0 1 1 0 0 1 0 0 1 0 1 1 0 0 0 0
220	1	0 1 0 0 0 1 0 0 0 0 1 0 0 0 0 0
220	2	0 1 0 1 0 1 1 0 0 0 1 0 0 0 0 1
220	1	1 1 1 0 0 1 0 0 1 0 1 1 0 0 1 0
220	1	0 1 1 0 0 1 0 1 0 1 1 1 0 0 0 0
220	2	0 1 1 1 0 1 0 1 0 1 1 0 0 0 0 0
220	2	0 0 0 1 0 1 0 1 0 0 0 1 0 0 0 1
220	1	1 0 0 1 1 1 0 0 1 0 0 1 0 0 0 0
240	11	0 1 0 1 0 1 0 0 0 0 0 1 0 0 0 0
240	148	1 1 0 1 0 1 0 0 0 0 0 1 0 0 0 0
240	8	1 0 0 1 0 1 0 0 0 0 0 1 0 0 0 0
240	15	0 1 1 1 0 1 0 1 0 0 1 1 0 0 0 0
240	3	1 1 0 1 0 1 0 0 1 0 0 0 0 0 0 0
240	4	0 1 0 1 1 1 0 1 1 0 0 0 0 0 0 0
240	5	0 1 0 1 0 1 0 1 0 0 0 1 0 0 0 0
240	27	0 1 1 1 1 1 0 1 0 0 1 1 0 0 0 0
240	90	1 1 1 1 0 1 0 0 0 0 0 1 0 0 0 0
240	25	1 1 0 1 0 1 0 0 1 0 0 1 0 0 0 0
240	12	0 1 0 1 0 1 1 0 0 0 1 0 0 0 0 0
240	15	1 1 0 1 0 1 0 1 0 0 1 1 0 0 0 0
240	20	1 1 0 0 0 1 0 0 0 0 0 1 0 0 0 0
240	73	1 1 1 1 0 1 1 0 0 0 0 1 0 0 0 0
240	17	0 1 1 1 0 1 0 0 1 0 1 1 0 0 0 0
240	26	1 1 1 1 0 1 0 1 0 0 0 1 0 0 0 0
240	3	0 1 1 1 1 1 0 0 0 1 1 1 0 0 0 0
240	24	0 1 1 0 0 1 0 1 0 0 1 1 0 0 0 0
240	5	0 1 1 1 0 1 0 1 0 1 1 1 0 0 0 0
240	27	1 1 1 1 0 1 0 0 0 0 0 1 1 0 0 0
240	62	1 1 1 1 1 1 0 0 0 0 0 1 0 0 0 0
240	1	1 1 1 0 0 1 0 0 0 0 0 1 0 0 0 0
240	35	0 1 1 1 0 1 0 1 0 0 0 1 0 0 0 0
240	3	0 1 1 1 0 1 0 0 1 0 0 1 0 0 0 0
240	9	1 1 1 1 0 1 0 0 1 0 0 1 0 0 0 0
240	13	0 0 0 1 0 1 0 0 0 0 0 1 0 0 0 0
240	22	1 1 1 1 0 1 0 0 0 1 0 1 0 0 0 0
240	20	1 1 1 1 0 1 0 0 0 0 0 0 0 0 0 0
240	20	0 1 1 0 1 1 0 1 0 0 1 1 0 0 0 0
240	16	1 1 1 1 0 1 1 1 0 0 0 1 0 0 0 0
240	3	1 0 0 1 0 1 0 0 0 1 0 1 0 0 0 0
240	5	0 1 0 1 1 1 0 1 0 0 1 1 0 0 0 0
240	12	0 1 0 1 0 1 1 1 0 0 0 1 0 0 0 1
240	2	1 1 1 1 0 1 0 1 0 0 1 1 0 0 0 0
240	3	0 1 0 1 1 1 0 0 0 0 0 1 0 0 0 0
240	26	1 1 0 1 0 1 1 0 0 0 0 1 0 0 0 0
240	8	1 1 0 1 1 1 0 1 0 0 1 1 0 0 0 0
240	2	1 1 1 1 0 1 0 0 0 0 1 1 0 0 0 0
240	11	1 1 1 1 0 1 1 0 0 1 0 1 0 0 0 0
240	8	1 1 1 1 0 1 1 1 0 0 0 0 0 0 0 0
240	6	0 1 0 1 0 1 0 0 0 0 0 1 0 0 0 1
240	1	1 1 1 1 0 0 0 0 0 0 1 1 0 0 0 0
240	5	1 1 1 1 1 1 0 1 0 0 1 1 0 0 0 0
240	10	1 1 0 1 0 0 0 1 0 1 0 1 0 0 1 0
240	1	1 1 1 1 0 1 1 1 0 1 0 1 0 0 0 0
240	3	1 1 1 0 1 1 0 1 0 0 1 1 0 0 0 0
240	1	0 1 0 1 0 1 0 1 1 0 0 1 0 0 0 0
240	10	1 1 0 1 0 1 0 1 0 0 0 1 0 0 0 0
240	2	1 1 0 1 0 1 0 0 0 0 0 1 0 1 0 0
240	2	0 1 1 0 0 1 1 1 0 0 0 1 0 0 0 0
240	3	0 1 1 1 1 0 0 1 0 0 1 1 0 0 0 0
240	9	1 1 0 1 0 0 0 0 1 0 0 1 0 0 0 0
240	7	1 1 1 1 0 1 0 1 0 1 1 1 0 0 0 0
240	11	1 1 1 0 1 1 0 0 0 0 0 1 0 0 0 0
240	2	1 1 1 1 1 1 0 0 0 0 0 1 0 0 1 0
240	1	1 1 1 1 0 1 0 1 0 1 0 1 0 0 0 0
240	4	1 1 0 1 0 1 0 0 1 0 1 1 0 0 0 0
240	3	0 1 1 1 1 1 0 0 1 0 0 1 0 0 0 0
240	1	0 1 0 1 0 1 1 0 0 0 0 1 0 0 0 0
240	1	1 1 0 1 0 0 0 1 0 0 0 1 0 0 0 0
240	3	0 0 1 1 0 1 0 1 0 0 1 1 0 0 0 0
240	9	0 1 1 1 1 1 0 1 0 0 0 1 0 0 0 0
240	4	1 1 1 1 0 1 0 0 0 0 0 1 0 0 0 1
240	2	1 0 1 1 0 1 0 0 0 0 0 1 0 0 0 0
240	5	0 1 1 1 0 1 0 1 0 0 0 1 0 0 1 0
240	3	0 1 1 1 0 1 0 1 1 0 0 1 0 0 0 0
240	2	1 1 0 1 0 0 0 1 0 1 0 1 0 0 0 0
240	1	1 1 0 1 0 1 0 0 0 0 0 1 1 0 0 0
240	6	0 0 1 0 0 1 0 1 0 0 1 1 0 0 0 0
240	1	1 0 1 1 1 1 0 0 0 0 0 1 0 0 0 0
240	7	1 1 1 0 0 1 0 0 0 0 0 1 1 0 0 0
240	5	1 1 0 1 0 1 0 0 0 0 0 1 0 0 0 1
240	1	0 1 1 1 0 1 0 0 0 0 0 1 0 0 0 1
240	1	0 1 1 1 1 1 0 0 0 0 0 1 0 0 0 0
240	1	1 1 1 1 1 1 1 0 0 0 0 1 0 0 0 0
240	2	1 1 1 1 1 1 0 0 0 0 0 1 0 1 0 0
240	1	0 1 1 0 1 1 0 1 1 0 1 1 0 0 0 0
240	3	1 1 0 0 0 1 0 1 0 0 0 1 0 0 0 0
240	3	1 1 0 1 0 1 0 0 0 0 1 1 0 0 0 0
240	2	0 1 1 1 1 1 0 1 1 0 1 1 0 0 0 0
240	3	1 1 1 1 0 1 1 0 0 0 0 1 0 0 1 0
240	1	1 1 0 1 0 1 0 0 0 0 0 1 0 0 1 0
240	1	1 1 1 1 1 1 0 1 0 0 0 1 0 0 0 0
240	1	1 1 0 1 0 0 0 0 0 0 0 1 0 0 0 0
240	3	1 0 0 1 0 1 0 0 0 0 0 1 0 0 1 0
240	3	1 1 1 1 0 1 0 0 1 0 0 1 1 0 0 0
240	1	1 1 1 1 1 1 1 1 0 0 0 0 0 0 0 0
240	2	1 1 1 0 1 1 0 1 0 0 1 1 0 0 1 0
240	1	1 1 0 1 1 0 0 1 0 0 0 1 0 0 0 0
260	16	0 1 0 1 0 1 0 0 0 0 0 1 0 0 0 0
260	133	1 1 0 1 0 1 0 0 0 0 0 1 0 0 0 0
260	9	1 0 0 1 0 1 0 0 0 0 0 1 0 0 0 0
260	1	0 1 1 1 0 1 0 1 0 0 1 1 0 0 0 0
260	9	0 1 0 1 0 1 0 1 0 0 0 1 0 0 0 0
260	59	1 1 1 1 0 1 0 0 0 0 0 1 0 0 0 0
260	42	1 1 0 1 0 1 0 0 1 0 0 1 0 0 0 0
260	3	1 1 0 1 0 1 0 1 0 0 1 1 0 0 0 0
260	1	1 1 0 0 0 1 0 0 0 0 0 1 0 0 0 0
260	25	1 1 1 1 0 1 1 0 0 0 0 1 0 0 0 0
260	18	0 1 1 1 0 1 0 0 1 0 1 1 0 0 0 0
260	7	1 1 1 1 0 1 0 1 0 0 0 1 0 0 0 0
260	20	1 1 1 1 0 1 0 0 0 0 0 1 1 0 0 0
260	97	1 1 1 1 1 1 0 0 0 0 0 1 0 0 0 0
260	23	0 1 1 1 0 1 0 1 0 0 0 1 0 0 0 0
260	10	0 0 0 1 0 1 0 0 0 0 0 1 0 0 0 0
260	34	1 1 1 1 0 1 0 0 0 1 0 1 0 0 0 0
260	59	1 1 1 1 0 1 0 0 0 0 0 0 0 0 0 0
260	52	1 1 1 1 0 1 1 1 0 0 0 1 0 0 0 0
260	7	0 1 0 1 1 1 0 1 0 0 1 1 0 0 0 0
260	29	1 1 1 1 0 1 0 1 0 0 1 1 0 0 0 0
260	14	1 1 1 1 0 1 1 0 0 1 0 1 0 0 0 0
260	61	1 1 0 1 0 0 0 0 1 0 0 1 0 0 0 0
260	18	1 1 1 1 0 1 0 1 0 1 1 1 0 0 0 0
260	12	1 1 1 0 1 1 0 0 0 0 0 1 0 0 0 0
260	19	0 1 1 1 1 1 0 1 0 0 0 1 0 0 0 0
260	22	1 1 1 1 0 1 0 0 0 0 0 1 0 1 0 0
260	30	1 1 1 1 1 1 0 0 0 0 1 1 0 0 0 0
260	17	1 1 0 1 1 1 0 0 0 0 0 1 0 0 0 0
260	4	0 1 1 1 0 1 0 1 0 0 0 1 0 0 1 1
260	1	1 1 1 1 0 1 0 0 1 0 1 1 0 0 0 0
260	1	1 1 1 1 0 1 1 0 0 0 0 1 0 1 0 0
260	1	1 1 1 1 1 0 0 1 0 0 1 1 0 0 0 0
260	16	1 1 0 1 0 1 0 0 0 1 0 1 0 0 0 0
260	2	1 1 1 1 0 1 1 1 0 0 1 1 0 0 0 0
260	9	1 1 1 1 0 1 0 0 0 1 0 0 0 0 0 0
260	7	1 1 1 1 0 1 0 0 0 0 0 1 0 0 0 1
260	1	1 1 1 1 1 1 1 0 0 0 0 1 0 0 0 0
260	10	1 1 1 1 1 1 0 0 0 0 0 0 0 0 0 0
260	9	0 1 1 1 0 1 1 0 1 0 1 1 0 0 0 0
260	3	0 1 1 1 0 1 0 0 0 0 0 0 0 0 0 0
260	8	0 1 1 1 0 1 0 0 1 0 1 1 0 0 1 0
260	3	1 1 0 1 0 0 0 0 1 0 0 1 0 0 0 1
260	2	1 1 0 1 0 1 0 0 1 0 1 1 0 0 0 0
260	2	0 1 1 1 1 1 0 0 0 0 0 1 0 0 0 0
260	5	1 0 0 1 0 1 0 0 1 0 0 1 0 0 0 0
260	3	1 1 0 1 0 1 0 0 1 1 0 1 0 0 0 0
260	1	1 1 0 1 0 1 0 1 0 0 1 1 1 0 0 0
260	2	1 1 0 1 0 0 0 0 1 0 0 1 1 0 0 0
260	3	0 1 1 1 0 1 0 1 0 0 1 1 0 0 1 1
260	4	1 1 0 1 0 1 0 0 0 0 0 1 0 0 1 0
260	1	1 1 1 1 0 1 1 0 0 0 0 1 1 0 0 0
260	1	1 1 0 1 0 0 0 0 1 0 1 1 0 0 0 0
260	6	1 1 1 1 1 0 0 0 1 0 0 1 0 0 0 0
260	2	1 1 1 1 0 1 0 0 0 0 0 1 0 0 1 0
260	1	1 1 1 1 0 1 1 1 1 0 0 1 0 0 0 0
260	3	1 1 1 1 0 1 0 1 0 0 1 1 1 0 0 0
260	3	1 1 1 0 1 1 0 1 0 0 1 1 1 0 0 0
260	1	0 1 1 1 1 1 0 1 1 0 0 1 0 0 0 0
260	3	1 1 1 1 0 1 0 0 0 1 0 0 0 0 0 1
260	4	1 1 0 1 0 1 0 0 0 0 0 1 0 0 0 1
260	8	1 1 1 0 0 1 0 0 0 0 0 1 0 0 0 0
260	1	1 0 1 1 0 1 1 1 0 0 1 1 0 0 0 0
260	2	1 1 0 1 0 1 0 0 0 0 0 1 0 1 1 0
260	1	0 1 0 1 0 1 0 1 0 0 0 1 0 0 0 1
260	3	1 1 0 1 0 1 0 0 0 0 0 0 0 0 0 0
260	1	0 1 1 1 0 1 1 0 0 0 0 1 0 0 0 0
260	1	0 1 1 0 0 1 0 1 0 0 0 1 0 0 0 0
260	1	1 1 1 1 0 1 1 1 0 1 1 1 0 0 0 0
260	2	1 1 1 1 1 1 0 1 1 0 0 1 0 0 0 0
260	3	1 1 1 0 1 1 1 0 0 0 0 1 0 0 0 0
260	3	1 1 0 1 1 1 0 0 0 1 0 1 0 0 0 0
260	1	0 1 1 1 0 1 0 1 1 0 0 1 0 0 1 1
260	1	0 1 1 1 0 1 1 1 0 0 0 1 0 0 0 0
260	1	1 1 1 1 0 1 0 1 1 0 1 1 0 0 0 0
260	1	1 1 0 1 1 1 1 0 0 0 0 1 0 0 0 0
260	1	0 1 0 1 0 1 0 0 1 1 0 1 0 0 0 0
280	6	0 1 0 1 0 1 0 0 0 0 0 1 0 0 0 0
280	121	1 1 0 1 0 1 0 0 0 0 0 1 0 0 0 0
280	22	1 1 1 1 0 1 0 0 0 0 0 1 0 0 0 0
280	86	1 1 0 1 0 1 0 0 1 0 0 1 0 0 0 0
280	41	1 1 1 1 0 1 1 0 0 0 0 1 0 0 0 0
280	2	1 1 1 1 0 1 0 1 0 0 0 1 0 0 0 0
280	8	1 1 1 1 0 1 0 0 0 0 0 1 1 0 0 0
280	99	1 1 1 1 1 1 0 0 0 0 0 1 0 0 0 0
280	3	0 1 1 1 0 1 0 1 0 0 0 1 0 0 0 0
280	8	0 0 0 1 0 1 0 0 0 0 0 1 0 0 0 0
280	24	1 1 1 1 0 1 0 0 0 1 0 1 0 0 0 0
280	100	1 1 1 1 0 1 0 0 0 0 0 0 0 0 0 0
280	19	1 1 1 1 0 1 1 1 0 0 0 1 0 0 0 0
280	33	1 1 1 1 0 1 1 0 0 1 0 1 0 0 0 0
280	34	1 1 0 1 0 0 0 0 1 0 0 1 0 0 0 0
280	15	1 1 1 1 0 1 0 1 0 1 1 1 0 0 0 0
280	17	1 1 1 0 1 1 0 0 0 0 0 1 0 0 0 0
280	27	0 1 1 1 1 1 0 1 0 0 0 1 0 0 0 0
280	2	1 1 1 1 0 1 0 0 0 0 0 1 0 1 0 0
280	36	1 1 1 1 1 1 0 0 0 0 1 1 0 0 0 0
280	25	1 1 0 1 1 1 0 0 0 0 0 1 0 0 0 0
280	11	1 1 0 1 0 1 0 0 0 1 0 1 0 0 0 0
280	12	1 1 1 1 0 1 0 0 0 0 0 1 0 0 0 1
280	23	1 1 1 1 1 1 1 0 0 0 0 1 0 0 0 0
280	12	1 1 1 1 1 1 0 0 0 0 0 0 0 0 0 0
280	5	0 1 1 1 1 1 0 0 0 0 0 1 0 0 0 0
280	12	1 1 1 1 0 1 1 0 0 0 0 1 1 0 0 0
280	23	1 1 1 0 0 1 0 0 0 0 0 1 0 0 0 0
280	7	1 1 0 1 1 1 1 0 0 0 0 1 0 0 0 0
280	10	0 1 0 1 0 1 0 0 0 1 0 1 0 0 0 0
280	9	1 1 0 1 0 1 0 1 0 0 0 1 0 0 0 0
280	5	1 1 1 1 1 1 0 0 0 1 0 1 0 0 0 0
280	3	1 1 0 1 0 1 0 0 0 0 0 0 0 0 0 0
280	2	0 1 0 1 0 1 0 0 0 1 0 0 0 0 0 1
280	7	0 1 1 1 0 1 0 0 0 1 0 0 0 0 0 1
280	11	1 1 1 0 0 1 0 0 1 0 0 1 0 0 0 0
280	3	1 1 1 1 1 1 0 0 1 0 0 1 0 0 0 0
280	7	1 1 1 1 0 1 0 0 0 1 0 1 1 0 0 0
280	4	1 1 0 1 0 0 0 0 1 0 1 1 0 0 0 0
280	6	1 1 1 1 1 1 1 0 0 1 0 1 0 0 0 0
280	6	0 1 1 1 0 1 0 0 0 0 0 1 0 0 0 0
280	14	1 1 0 1 0 1 0 0 1 0 0 1 0 0 0 1
280	4	1 1 0 1 1 1 0 0 0 1 0 1 0 0 0 0
280	4	1 1 1 1 1 1 1 0 0 0 1 1 0 0 0 0
280	6	1 1 1 1 0 1 1 1 0 0 0 0 0 0 0 0
280	9	1 0 0 1 0 1 0 0 1 0 0 1 0 0 0 0
280	3	1 1 1 1 0 0 0 0 0 0 0 0 0 0 0 0
280	2	1 1 0 1 0 1 0 1 0 0 0 1 1 0 0 0
280	4	1 0 1 1 0 1 0 0 0 0 0 0 0 0 0 0
280	2	1 1 1 1 0 0 0 0 1 0 0 1 0 0 0 0
280	2	0 1 1 1 0 1 0 0 0 1 0 0 0 0 0 0
280	2	1 1 0 1 0 0 0 0 0 0 0 1 0 0 0 0
280	1	1 1 0 1 0 1 0 0 0 0 0 1 1 0 0 0
280	2	1 1 1 1 0 0 0 0 0 1 0 1 0 0 0 0
280	4	1 1 0 1 0 1 1 1 0 0 0 1 0 0 0 0
280	2	0 1 1 1 1 1 0 1 0 0 0 1 0 0 1 0
280	2	1 1 0 1 0 1 0 1 0 1 1 1 0 0 0 0
280	1	1 1 1 1 0 1 1 0 0 0 0 0 0 0 0 0
280	4	1 1 1 1 0 1 1 0 1 1 0 1 0 0 0 0
280	2	0 1 0 1 0 0 0 0 1 0 0 1 0 0 0 0
280	5	1 1 1 0 1 1 1 0 0 0 0 1 0 0 0 0
280	1	1 1 1 1 1 1 0 0 0 0 1 1 1 0 0 0
280	1	1 1 1 0 0 1 0 0 0 0 0 0 0 0 0 0
280	5	1 1 1 0 0 1 0 0 0 0 1 1 0 0 0 0
280	1	1 1 1 1 1 1 0 0 1 0 0 0 0 0 0 0
280	1	1 1 0 1 1 1 0 0 0 1 1 1 0 0 0 0
280	2	0 1 0 1 0 1 0 0 0 0 0 0 0 0 0 0
280	1	0 1 1 1 1 1 0 0 0 0 0 0 0 0 0 0
280	1	1 1 1 1 0 0 1 0 0 1 0 1 0 0 0 0
280	2	0 1 1 1 1 1 0 0 0 0 0 1 0 0 0 1
280	1	1 1 1 1 1 1 0 0 0 1 0 1 0 1 0 0
280	1	1 1 1 0 1 1 0 0 1 0 0 1 0 0 0 0
280	2	0 1 1 0 1 1 1 0 0 0 0 1 0 0 0 0
300	46	1 1 0 1 0 1 0 0 0 0 0 1 0 0 0 0
300	37	1 1 1 1 0 1 0 0 0 0 0 1 0 0 0 0
300	79	1 1 0 1 0 1 0 0 1 0 0 1 0 0 0 0
300	48	1 1 1 1 0 1 1 0 0 0 0 1 0 0 0 0
300	82	1 1 1 1 1 1 0 0 0 0 0 1 0 0 0 0
300	39	1 1 1 1 0 1 0 0 0 1 0 1 0 0 0 0
300	62	1 1 1 1 0 1 0 0 0 0 0 0 0 0 0 0
300	10	1 1 1 1 0 1 1 0 0 1 0 1 0 0 0 0
300	22	1 1 0 1 0 0 0 0 1 0 0 1 0 0 0 0
300	13	1 1 1 1 0 1 0 1 0 1 1 1 0 0 0 0
300	26	1 1 1 0 1 1 0 0 0 0 0 1 0 0 0 0
300	29	0 1 1 1 1 1 0 1 0 0 0 1 0 0 0 0
300	42	1 1 1 1 1 1 0 0 0 0 1 1 0 0 0 0
300	18	1 1 0 1 1 1 0 0 0 0 0 1 0 0 0 0
300	50	1 1 1 1 1 1 1 0 0 0 0 1 0 0 0 0
300	9	1 1 1 1 0 1 1 0 0 0 0 1 1 0 0 0
300	9	1 1 1 0 0 1 0 0 0 0 0 1 0 0 0 0
300	9	0 1 0 1 0 1 0 0 0 1 0 1 0 0 0 0
300	49	0 1 1 1 0 1 0 0 0 0 0 1 0 0 0 0
300	2	1 1 0 1 0 1 0 0 1 0 0 1 0 0 0 1
300	5	1 1 1 1 1 1 1 0 0 0 1 1 0 0 0 0
300	9	1 1 1 1 0 1 1 1 0 0 0 0 0 0 0 0
300	3	1 1 0 1 0 1 0 1 0 0 0 1 1 0 0 0
300	5	1 1 1 1 0 0 0 0 0 1 0 1 0 0 0 0
300	6	1 1 0 1 0 1 0 1 0 1 1 1 0 0 0 0
300	6	1 1 1 0 0 1 0 0 0 0 1 1 0 0 0 0
300	5	1 1 1 0 1 1 0 0 1 0 0 1 0 0 0 0
300	14	1 1 1 0 0 1 1 1 0 0 0 0 0 0 0 0
300	8	1 0 0 1 0 1 1 0 1 0 0 1 0 0 0 0
300	1	0 1 1 1 0 1 0 0 0 1 0 1 0 0 0 0
300	17	0 1 1 1 0 1 1 0 0 0 0 1 0 0 0 0
300	2	1 1 1 1 1 1 0 0 0 0 0 1 0 0 1 0
300	2	1 1 0 1 0 0 1 0 1 0 0 1 0 0 0 0
300	3	1 1 1 0 0 1 1 0 0 0 0 1 0 0 0 0
300	9	1 1 1 1 1 1 0 0 1 0 0 1 0 0 0 0
300	13	0 1 1 0 0 1 0 1 0 0 0 1 0 0 0 0
300	5	1 1 1 1 0 1 0 1 0 0 0 1 0 0 0 0
300	2	1 1 0 1 0 0 0 0 1 0 0 1 0 0 0 1
300	5	0 1 1 1 0 1 0 0 0 0 0 0 0 0 0 0
300	18	1 1 0 1 1 1 0 0 0 0 0 0 0 0 0 0
300	5	1 1 1 1 0 0 0 0 1 0 0 0 0 0 0 0
300	5	1 1 0 1 1 1 0 1 0 0 0 1 0 0 0 0
300	12	1 1 0 1 0 0 0 0 0 0 0 0 0 0 0 0
300	4	1 1 1 0 1 1 0 0 0 1 0 1 0 0 0 0
300	24	0 1 1 1 1 1 0 0 0 0 0 1 0 0 0 0
300	5	1 1 0 1 0 1 0 1 0 0 0 1 0 0 0 0
300	10	1 1 1 1 1 1 0 1 0 0 0 1 0 0 0 0
300	3	1 1 0 1 1 1 1 0 0 0 0 1 0 0 0 0
300	1	1 1 1 1 0 1 0 0 0 1 1 1 0 0 0 0
300	3	1 0 1 0 0 1 0 0 1 0 0 1 0 0 0 0
300	8	1 1 0 1 0 0 1 0 0 0 0 1 0 0 0 0
300	2	0 1 1 1 1 1 0 1 0 1 0 1 0 0 0 0
300	8	0 1 1 1 0 1 1 0 1 0 0 1 0 0 0 0
300	14	0 0 1 0 0 1 0 1 0 0 0 1 0 0 0 0
300	2	1 1 1 1 0 1 1 0 0 0 0 0 0 0 0 0
300	3	1 1 0 1 0 1 0 0 0 0 1 1 0 0 0 0
300	9	1 1 1 1 1 1 1 0 0 0 0 1 0 0 0 1
300	2	1 1 1 1 0 1 0 0 0 0 0 1 1 0 0 0
300	7	0 1 1 1 0 1 0 0 0 0 0 1 0 1 0 0
300	1	1 1 1 1 0 0 1 0 0 0 0 1 0 0 0 0
300	1	1 1 1 1 0 0 0 0 0 0 0 1 0 0 0 0
300	1	1 1 0 1 1 1 0 0 1 0 0 1 0 0 0 0
300	3	1 1 1 1 1 1 0 0 0 0 0 1 1 0 0 0
300	1	0 1 1 1 0 1 1 0 1 0 0 1 0 0 0 1
300	2	0 1 0 0 1 1 0 0 0 0 0 1 0 0 0 0
300	2	1 1 1 1 0 1 1 0 1 0 0 1 1 0 0 0
300	1	1 1 1 1 0 0 0 0 1 0 0 1 0 0 0 0
300	5	1 1 0 1 0 1 0 0 0 0 0 1 0 0 1 0
300	4	1 1 1 1 1 0 0 0 0 0 0 1 0 0 0 0
300	2	1 1 1 0 0 1 0 0 0 0 0 0 0 0 0 0
300	2	1 1 1 0 0 1 0 1 0 0 0 1 0 0 0 0
300	4	0 1 0 1 0 1 0 0 1 0 0 1 0 0 0 0
300	1	1 1 0 1 0 1 0 0 1 1 0 1 0 0 0 0
300	5	1 1 1 1 1 1 0 0 0 0 0 0 0 0 0 0
300	5	0 1 1 1 1 1 1 0 0 0 0 1 0 0 0 0
300	3	1 1 1 0 1 1 1 1 0 0 0 0 0 0 0 0
300	1	1 1 1 1 0 1 1 1 1 0 0 1 1 0 0 0
300	1	1 1 0 1 1 1 0 0 0 0 1 1 0 0 0 0
300	2	1 1 0 1 0 1 1 0 0 0 0 1 0 0 0 0
300	1	0 0 1 0 0 1 0 1 0 0 0 0 0 0 0 0
300	1	1 1 0 1 0 1 0 0 1 0 0 1 0 1 0 0
300	2	1 1 1 1 0 1 0 1 0 0 0 0 0 0 0 0
300	1	0 1 1 1 0 1 0 0 0 0 1 1 0 0 0 0
300	1	0 1 1 1 0 1 1 0 0 0 0 1 0 1 0 0
300	1	0 1 1 1 0 1 1 0 0 0 0 0 0 0 0 0
320	53	1 1 0 1 0 1 0 0 0 0 0 1 0 0 0 0
320	39	1 1 1 1 0 1 0 0 0 0 0 1 0 0 0 0
320	87	1 1 0 1 0 1 0 0 1 0 0 1 0 0 0 0
320	22	1 1 1 1 0 1 1 0 0 0 0 1 0 0 0 0
320	36	1 1 1 1 1 1 0 0 0 0 0 1 0 0 0 0
320	22	1 1 1 1 0 1 0 0 0 1 0 1 0 0 0 0
320	19	1 1 1 1 0 1 0 0 0 0 0 0 0 0 0 0
320	29	1 1 1 1 0 1 1 0 0 1 0 1 0 0 0 0
320	19	1 1 0 1 0 0 0 0 1 0 0 1 0 0 0 0
320	39	1 1 1 0 1 1 0 0 0 0 0 1 0 0 0 0
320	4	0 1 1 1 1 1 0 1 0 0 0 1 0 0 0 0
320	18	1 1 1 1 1 1 0 0 0 0 1 1 0 0 0 0
320	30	1 1 0 1 1 1 0 0 0 0 0 1 0 0 0 0
320	54	1 1 1 1 1 1 1 0 0 0 0 1 0 0 0 0
320	11	1 1 1 1 0 1 1 0 0 0 0 1 1 0 0 0
320	8	1 1 1 0 0 1 0 0 0 0 0 1 0 0 0 0
320	7	0 1 1 1 0 1 0 0 0 0 0 1 0 0 0 0
320	8	1 1 0 1 0 1 0 1 0 1 1 1 0 0 0 0
320	2	1 1 1 0 0 1 0 0 0 0 1 1 0 0 0 0
320	2	1 1 1 0 1 1 0 0 1 0 0 1 0 0 0 0
320	1	1 1 1 1 1 1 0 0 1 0 0 1 0 0 0 0
320	1	1 1 1 1 0 1 0 1 0 0 0 1 0 0 0 0
320	3	0 1 1 1 0 1 0 0 0 0 0 0 0 0 0 0
320	47	1 1 0 1 1 1 0 0 0 0 0 0 0 0 0 0
320	11	1 1 1 0 1 1 0 0 0 1 0 1 0 0 0 0
320	2	0 1 1 1 1 1 0 0 0 0 0 1 0 0 0 0
320	3	1 1 0 1 0 1 0 0 0 0 1 1 0 0 0 0
320	13	1 1 1 1 1 1 1 0 0 0 0 1 0 0 0 1
320	27	0 1 1 1 0 1 0 0 0 0 0 1 0 1 0 0
320	18	1 1 1 1 0 0 1 0 0 0 0 1 0 0 0 0
320	25	1 1 1 1 0 0 0 0 0 0 0 1 0 0 0 0
320	11	1 1 1 1 1 0 0 0 0 0 0 1 0 0 0 0
320	3	0 1 1 1 1 1 1 0 0 0 0 1 0 0 0 0
320	35	1 1 0 1 0 1 1 0 0 0 0 1 0 0 0 0
320	10	1 1 1 1 0 1 0 1 0 0 0 0 0 0 0 0
320	7	1 1 1 1 1 1 1 0 1 0 0 1 0 0 0 0
320	2	0 1 1 1 1 0 0 1 0 0 0 1 0 0 0 0
320	19	1 1 1 1 0 1 1 0 1 0 0 1 0 0 0 0
320	2	1 1 0 1 0 1 0 0 0 0 0 0 0 0 0 0
320	19	1 1 1 1 0 1 0 0 1 0 0 0 0 0 0 0
320	1	1 1 1 0 1 1 0 0 0 0 0 1 0 0 1 0
320	27	1 1 1 0 1 1 1 1 0 0 0 0 0 0 1 0
320	17	1 1 1 1 0 1 0 0 0 0 1 0 0 0 0 0
320	20	1 1 0 1 0 0 0 1 0 1 1 1 0 0 0 0
320	7	1 1 1 0 0 1 0 0 0 1 0 1 0 0 0 0
320	6	0 1 1 0 1 1 0 1 0 0 0 1 0 0 0 0
320	5	1 1 1 1 1 1 0 0 0 0 0 0 0 0 0 0
320	1	1 1 1 1 1 1 0 0 0 0 1 1 0 1 0 0
320	3	1 1 1 1 1 0 1 0 0 0 0 1 0 0 0 0
320	14	1 1 1 0 1 1 0 0 0 0 0 1 0 1 0 0
320	4	0 1 1 1 1 1 0 1 0 0 0 0 0 0 0 0
320	5	1 1 0 1 0 1 0 0 1 1 0 1 0 0 0 0
320	4	1 1 0 1 0 1 0 0 0 0 0 1 0 1 0 0
320	2	1 1 0 1 1 1 0 1 0 0 0 1 0 0 0 0
320	5	0 1 1 1 0 1 0 0 0 0 1 1 0 0 0 0
320	11	0 1 1 1 0 1 0 0 1 0 0 1 0 0 0 0
320	6	1 1 1 1 1 1 0 0 0 0 0 1 0 0 1 0
320	11	1 0 1 0 0 1 0 0 0 0 0 1 0 0 0 0
320	3	0 1 1 1 0 1 0 0 0 0 1 0 0 0 0 0
320	1	1 1 0 1 0 1 0 0 1 0 0 0 0 0 0 0
320	2	1 1 1 1 0 1 0 0 1 1 0 0 0 0 0 0
320	11	1 1 0 1 1 1 1 0 0 0 0 1 0 0 0 0
320	1	1 1 1 1 1 0 0 0 0 1 0 1 0 0 0 0
320	2	0 1 0 1 0 1 0 0 1 0 0 1 0 0 0 0
320	3	1 1 1 1 0 1 1 0 0 0 1 1 0 0 0 0
320	1	1 1 1 1 1 1 1 0 0 1 0 1 0 0 0 0
320	1	1 1 1 1 1 1 1 0 0 0 0 1 0 1 0 0
320	1	1 1 1 1 0 1 0 1 0 0 0 1 0 1 0 0
320	8	1 0 1 1 0 1 0 0 0 0 0 0 0 0 0 0
320	4	1 1 1 1 1 0 0 0 0 0 1 1 0 0 0 0
320	8	1 1 1 1 1 1 1 0 1 0 1 1 0 0 0 0
320	3	0 1 1 0 0 1 0 0 0 0 1 1 0 0 0 0
320	5	0 1 0 1 1 1 0 0 0 0 0 1 0 0 0 0
320	1	1 1 1 1 1 1 1 0 0 0 1 1 0 0 0 0
320	1	1 1 0 1 1 1 0 0 0 0 0 0 1 0 0 0
320	3	1 1 1 1 0 0 1 0 0 0 0 1 0 0 0 1
320	2	1 1 1 1 1 1 0 0 0 0 0 1 0 1 0 0
320	6	1 1 0 0 0 1 1 0 0 0 0 1 0 0 0 0
320	4	1 1 1 0 0 1 0 0 0 1 0 1 0 0 0 1
320	2	1 1 0 1 0 1 0 1 0 0 0 0 0 0 0 0
320	3	1 1 0 1 1 1 1 0 0 0 0 1 1 0 0 0
320	1	1 1 1 1 0 1 1 0 0 0 0 1 0 1 0 0
320	1	1 1 1 1 0 0 1 0 0 1 0 1 0 0 0 0
320	3	1 1 1 0 0 0 0 0 0 0 0 1 0 0 0 0
320	2	0 1 1 1 1 0 0 1 0 0 0 1 0 1 0 0
340	61	1 1 0 1 0 1 0 0 0 0 0 1 0 0 0 0
340	63	1 1 1 1 0 1 0 0 0 0 0 1 0 0 0 0
340	71	1 1 0 1 0 1 0 0 1 0 0 1 0 0 0 0
340	16	1 1 1 1 0 1 1 0 0 0 0 1 0 0 0 0
340	18	1 1 1 1 1 1 0 0 0 0 0 1 0 0 0 0
340	6	1 1 1 1 0 1 0 0 0 1 0 1 0 0 0 0
340	10	1 1 1 1 0 1 0 0 0 0 0 0 0 0 0 0
340	7	1 1 1 1 0 1 1 0 0 1 0 1 0 0 0 0
340	9	1 1 0 1 0 0 0 0 1 0 0 1 0 0 0 0
340	13	1 1 1 0 1 1 0 0 0 0 0 1 0 0 0 0
340	7	0 1 1 1 1 1 0 1 0 0 0 1 0 0 0 0
340	6	1 1 0 1 1 1 0 0 0 0 0 1 0 0 0 0
340	70	1 1 1 1 1 1 1 0 0 0 0 1 0 0 0 0
340	11	1 1 1 0 0 1 0 0 0 0 0 1 0 0 0 0
340	18	1 1 0 1 0 1 0 1 0 1 1 1 0 0 0 0
340	6	0 1 1 1 0 1 0 0 0 0 0 0 0 0 0 0
340	7	1 1 0 1 1 1 0 0 0 0 0 0 0 0 0 0
340	18	1 1 1 0 1 1 0 0 0 1 0 1 0 0 0 0
340	4	0 1 1 1 1 1 0 0 0 0 0 1 0 0 0 0
340	12	0 1 1 1 0 1 0 0 0 0 0 1 0 1 0 0
340	36	1 1 1 1 0 0 1 0 0 0 0 1 0 0 0 0
340	24	1 1 1 1 0 0 0 0 0 0 0 1 0 0 0 0
340	48	1 1 0 1 0 1 1 0 0 0 0 1 0 0 0 0
340	5	1 1 1 1 0 1 0 1 0 0 0 0 0 0 0 0
340	2	1 1 1 1 0 1 0 0 1 0 0 0 0 0 0 0
340	13	1 1 1 0 1 1 1 1 0 0 0 0 0 0 1 0
340	2	1 1 0 1 0 0 0 1 0 1 1 1 0 0 0 0
340	25	1 1 1 1 1 0 1 0 0 0 0 1 0 0 0 0
340	8	1 1 1 0 1 1 0 0 0 0 0 1 0 1 0 0
340	31	1 1 0 1 0 1 0 0 1 1 0 1 0 0 0 0
340	6	0 1 1 1 0 1 0 0 1 0 0 1 0 0 0 0
340	6	0 1 1 1 0 1 0 0 0 0 1 0 0 0 0 0
340	1	1 0 1 1 0 1 0 0 0 0 0 0 0 0 0 0
340	10	1 1 0 1 1 1 1 0 0 0 0 1 1 0 0 0
340	14	1 1 1 1 0 0 0 0 1 0 0 1 0 0 0 0
340	3	1 1 1 0 1 1 0 0 0 0 1 1 0 0 0 0
340	1	1 1 0 1 0 0 1 0 0 0 0 1 0 0 0 0
340	6	1 1 0 1 0 1 0 0 1 0 0 1 0 0 1 0
340	21	1 1 1 0 0 1 0 0 0 1 0 0 0 0 0 0
340	18	1 1 1 1 1 0 0 0 1 0 0 1 0 0 0 0
340	6	1 1 0 1 0 0 0 0 1 0 0 1 0 0 0 1
340	12	1 1 1 1 0 1 0 0 0 0 1 1 0 0 0 0
340	56	1 1 1 1 1 1 0 0 0 1 0 0 0 0 0 0
340	15	1 1 1 0 1 1 1 1 0 1 0 0 0 0 1 0
340	1	1 1 1 0 0 0 1 0 0 0 0 1 0 0 0 0
340	4	1 1 1 0 0 1 1 0 0 0 1 1 0 0 0 0
340	2	1 1 0 1 0 0 0 0 1 0 1 1 0 0 0 0
340	2	1 0 1 1 1 1 1 0 0 0 0 1 0 0 0 0
340	5	1 1 1 1 1 1 1 0 1 0 0 1 0 0 0 1
340	2	1 1 1 1 0 0 1 0 0 0 0 1 0 1 0 0
340	2	1 1 1 0 1 1 0 1 0 0 0 0 0 0 1 0
340	5	1 1 0 1 1 0 0 0 1 0 0 1 0 0 0 0
340	17	1 1 0 1 0 0 0 0 1 0 0 1 0 1 0 0
340	22	1 1 1 1 0 1 0 0 0 0 0 1 0 0 0 1
340	9	1 1 1 1 0 1 1 0 0 0 0 1 0 1 0 0
340	10	1 1 1 0 0 1 1 0 0 0 0 1 1 0 0 0
340	3	1 1 0 0 0 0 0 1 0 1 0 1 0 0 0 0
340	1	1 1 1 1 0 1 0 1 1 0 0 1 0 0 0 0
340	2	1 1 1 1 1 0 0 0 0 0 0 1 0 0 0 0
340	4	0 1 1 1 0 1 1 0 0 0 1 0 0 0 0 0
340	4	1 1 0 1 1 1 0 1 0 1 1 1 0 0 0 0
340	1	0 1 1 1 0 1 0 0 0 0 0 1 0 0 1 0
340	2	1 1 1 1 0 1 0 0 1 0 0 1 0 0 1 0
340	2	1 1 0 1 0 1 0 0 0 0 0 0 0 0 0 0
340	4	1 1 1 1 0 1 0 0 0 0 0 1 0 1 0 0
340	1	1 1 1 1 0 1 0 0 0 0 0 0 0 0 0 1
340	5	1 1 1 1 0 1 1 0 0 0 0 0 0 0 0 0
340	5	0 1 1 1 1 1 0 0 1 0 0 1 0 0 0 0
340	10	1 1 1 0 0 1 0 0 0 1 1 1 0 0 0 0
340	4	1 1 1 1 0 0 0 1 1 0 0 0 0 0 0 0
340	1	1 0 1 0 1 1 0 0 0 1 0 1 0 0 0 0
340	1	1 0 1 1 0 0 1 0 0 0 0 1 0 0 0 0
340	3	1 1 0 1 1 1 0 0 1 1 0 1 0 0 0 0
340	5	0 1 1 1 1 0 0 0 1 0 0 1 0 0 0 0
340	4	1 1 1 1 0 1 0 0 1 0 1 1 0 0 0 0
340	1	1 1 1 0 0 1 1 0 0 0 0 1 0 0 0 0
340	12	1 1 0 1 0 1 0 0 0 0 0 1 0 0 0 1
340	4	1 1 1 1 1 1 0 0 0 1 0 1 0 0 0 0
340	1	0 1 1 1 1 1 0 0 0 1 0 0 0 0 0 0
340	4	0 1 1 1 0 1 1 0 1 0 0 1 0 0 0 0
340	5	1 0 0 1 0 1 0 0 1 0 0 1 0 0 0 0
340	1	1 1 1 1 1 1 0 0 0 0 0 0 0 0 0 0
340	2	0 1 1 1 1 1 0 0 0 0 0 1 0 1 0 0
340	1	1 1 1 1 0 1 1 0 1 0 0 1 0 1 0 0
340	1	1 1 0 1 0 0 0 0 1 0 1 1 0 0 0 1
340	2	1 1 0 1 0 1 0 0 1 0 0 1 0 0 0 1
340	1	1 1 0 1 1 0 1 0 1 0 0 1 0 0 0 0
340	1	1 1 1 1 0 0 1 0 0 0 0 1 0 0 0 1
340	1	0 1 1 1 0 1 0 0 0 0 0 1 0 0 0 1
340	6	1 1 0 1 0 1 0 0 1 0 0 0 0 0 0 0
340	2	1 1 1 1 1 1 0 0 0 1 0 0 0 0 1 0
340	2	1 1 0 1 0 1 1 0 1 0 0 1 0 0 0 0
340	1	1 1 0 1 1 1 0 0 1 0 0 1 0 0 0 0
340	1	1 1 0 1 1 1 0 0 0 0 0 0 0 0 1 0
340	2	1 1 1 1 0 0 0 0 0 0 0 1 0 1 0 0
340	1	1 1 1 1 1 0 1 0 0 0 0 1 0 0 1 0
340	2	1 1 1 1 1 1 0 0 1 1 0 0 0 0 0 0
340	1	1 1 0 1 1 0 0 0 1 1 0 1 0 0 0 0
360	46	1 1 0 1 0 1 0 0 0 0 0 1 0 0 0 0
360	84	1 1 1 1 0 1 0 0 0 0 0 1 0 0 0 0
360	31	1 1 0 1 0 1 0 0 1 0 0 1 0 0 0 0
360	4	1 1 1 1 1 1 0 0 0 0 0 1 0 0 0 0
360	25	1 1 1 1 0 1 0 0 0 1 0 1 0 0 0 0
360	2	1 1 1 1 0 1 0 0 0 0 0 0 0 0 0 0
360	3	1 1 1 1 0 1 1 0 0 1 0 1 0 0 0 0
360	24	1 1 0 1 0 0 0 0 1 0 0 1 0 0 0 0
360	9	1 1 1 0 1 1 0 0 0 0 0 1 0 0 0 0
360	7	1 1 0 1 1 1 0 0 0 0 0 1 0 0 0 0
360	90	1 1 1 1 1 1 1 0 0 0 0 1 0 0 0 0
360	9	1 1 0 1 0 1 0 1 0 1 1 1 0 0 0 0
360	36	1 1 1 1 0 0 1 0 0 0 0 1 0 0 0 0
360	22	1 1 1 1 0 0 0 0 0 0 0 1 0 0 0 0
360	68	1 1 0 1 0 1 1 0 0 0 0 1 0 0 0 0
360	6	1 1 1 1 0 1 0 1 0 0 0 0 0 0 0 0
360	12	1 1 1 1 1 0 1 0 0 0 0 1 0 0 0 0
360	30	1 1 0 1 0 1 0 0 1 1 0 1 0 0 0 0
360	13	1 1 1 1 0 0 0 0 1 0 0 1 0 0 0 0
360	21	1 1 1 0 0 1 0 0 0 1 0 0 0 0 0 0
360	29	1 1 1 1 1 0 0 0 1 0 0 1 0 0 0 0
360	5	1 1 1 1 0 1 0 0 0 0 1 1 0 0 0 0
360	25	1 1 1 1 1 1 0 0 0 1 0 0 0 0 0 0
360	8	1 1 1 1 1 1 1 0 1 0 0 1 0 0 0 1
360	3	1 1 0 1 1 0 0 0 1 0 0 1 0 0 0 0
360	1	1 1 0 1 0 0 0 0 1 0 0 1 0 1 0 0
360	17	1 1 1 1 0 1 0 0 0 0 0 1 0 0 0 1
360	13	1 1 1 0 0 1 1 0 0 0 0 1 1 0 0 0
360	10	1 1 1 1 0 1 0 1 1 0 0 1 0 0 0 0
360	20	1 1 1 1 1 0 0 0 0 0 0 1 0 0 0 0
360	6	1 1 1 1 0 1 0 0 0 0 0 1 0 1 0 0
360	12	1 1 1 0 0 1 0 0 0 1 1 1 0 0 0 0
360	11	1 1 0 1 1 1 0 0 1 1 0 1 0 0 0 0
360	5	1 1 1 0 0 1 1 0 0 0 0 1 0 0 0 0
360	7	1 1 0 1 0 1 0 0 0 0 0 1 0 0 0 1
360	2	1 1 1 1 1 1 0 0 0 1 0 1 0 0 0 0
360	15	0 1 1 1 0 1 1 0 1 0 0 1 0 0 0 0
360	14	1 1 1 1 0 1 1 0 1 0 0 1 0 1 0 0
360	17	1 1 1 1 1 0 1 0 0 0 0 1 0 0 1 0
360	4	1 1 0 0 0 1 0 0 0 0 0 1 0 0 0 0
360	3	1 1 1 1 0 0 0 1 0 0 0 1 0 0 0 0
360	21	1 1 0 1 0 1 0 0 1 0 1 1 0 0 0 0
360	6	1 1 0 1 0 1 1 0 1 0 0 1 0 0 0 1
360	2	1 1 0 0 0 1 0 0 1 0 1 1 0 0 0 0
360	11	1 1 1 1 1 1 1 0 0 0 0 1 0 0 1 0
360	9	1 1 1 0 1 1 0 0 0 1 0 1 1 0 0 0
360	13	1 1 1 0 0 0 1 0 0 0 0 1 0 0 1 0
360	3	1 1 1 1 1 1 1 0 0 1 0 1 0 0 0 0
360	4	1 1 1 1 1 1 1 0 0 0 0 1 1 0 0 0
360	3	1 1 1 1 1 1 0 0 1 1 0 1 0 0 0 0
360	2	1 1 1 1 0 1 0 0 0 1 0 0 0 0 0 0
360	4	1 1 1 1 0 1 1 0 1 1 0 1 0 0 0 0
360	1	1 1 1 1 0 0 1 0 0 0 0 0 0 0 0 0
360	7	1 1 1 0 0 1 1 0 0 0 0 0 0 0 0 0
360	4	1 1 1 1 1 0 1 0 0 0 0 1 0 0 0 1
360	1	0 1 0 1 0 1 0 0 1 1 0 1 0 0 0 0
360	10	1 1 0 1 0 1 0 0 0 1 1 1 0 0 0 0
360	1	1 1 1 1 0 0 1 0 1 0 0 1 0 0 0 0
360	7	1 1 0 1 0 1 0 0 0 0 0 0 0 0 0 0
360	1	1 1 1 1 0 1 0 0 1 0 0 0 0 0 0 0
360	1	1 1 1 1 0 0 1 0 0 0 0 1 1 0 0 0
360	5	0 1 1 1 0 1 0 0 0 0 1 0 0 0 0 1
360	4	1 1 0 1 1 1 1 0 1 0 0 1 0 0 0 1
360	11	1 1 1 1 1 0 0 0 1 1 0 1 0 0 0 0
360	2	1 1 1 1 0 0 0 0 0 0 0 1 1 1 0 0
360	9	1 1 1 1 0 1 0 0 0 1 1 1 0 0 0 0
360	7	1 1 1 0 1 1 1 0 0 0 0 1 0 0 0 0
360	7	1 1 1 1 0 1 0 1 1 0 0 1 0 0 0 1
360	13	1 1 0 1 0 1 1 0 0 1 1 1 0 0 0 0
360	2	1 1 1 1 1 1 1 0 0 0 0 1 0 0 0 1
360	1	1 1 1 1 0 1 0 0 0 0 0 1 0 1 0 1
360	1	1 1 1 1 0 1 0 0 0 0 0 1 1 1 0 0
360	4	1 1 0 1 0 1 1 0 0 0 0 1 0 0 0 1
360	4	1 1 1 1 1 1 1 0 0 1 1 1 0 0 0 0
360	3	1 1 0 1 0 1 1 0 0 0 1 1 0 0 0 0
360	1	1 1 1 1 0 1 1 1 0 0 0 0 0 0 0 0
360	1	1 1 0 1 0 1 1 0 1 0 0 1 0 0 0 0
360	3	1 1 0 1 0 1 0 0 1 0 0 1 0 0 0 1
360	3	1 1 1 1 1 1 1 1 0 0 0 1 0 0 0 0
360	1	1 1 1 1 1 0 1 0 0 1 0 1 0 0 0 0
360	1	1 1 1 1 1 0 0 0 1 0 0 1 0 0 1 0
360	1	1 1 1 1 1 0 0 0 1 0 0 1 0 1 0 0
360	1	0 1 1 1 1 0 0 0 1 0 0 1 0 0 0 0
360	3	1 1 0 1 0 1 1 0 1 0 0 1 0 1 0 1
360	4	1 0 1 1 0 1 0 1 0 1 0 0 0 0 0 0
360	8	1 1 0 1 0 1 0 0 0 1 0 0 0 0 0 0
360	1	1 1 0 1 0 0 0 0 1 0 0 0 0 0 0 0
360	2	1 1 1 1 0 0 1 1 0 0 0 1 0 0 0 0
360	4	1 1 0 1 1 1 0 0 1 0 1 1 0 0 0 0
360	1	1 1 0 1 0 0 0 0 1 0 0 1 0 1 0 1
360	1	1 1 0 1 1 1 0 0 0 1 0 0 0 0 0 0
360	1	1 1 0 1 0 1 1 0 0 0 0 1 0 0 1 0
360	1	0 1 1 1 0 1 1 0 0 0 0 1 0 0 0 0
360	1	1 1 1 1 0 1 1 0 1 0 0 1 0 0 0 0
360	2	1 1 0 1 0 1 0 1 0 0 1 1 0 0 0 0
360	1	1 1 1 1 0 0 1 0 0 1 0 1 0 0 0 0
360	1	1 1 0 1 0 1 1 0 0 0 0 0 0 0 0 0
360	1	1 1 1 0 1 0 1 0 0 0 0 1 0 0 0 0
360	1	1 1 1 1 1 0 0 0 1 0 1 1 0 0 0 0
360	1	0 1 0 1 0 1 0 0 0 0 1 0 0 0 0 1
360	1	1 1 1 0 1 1 1 0 1 0 0 1 0 0 0 0
380	8	1 1 0 1 0 1 0 0 0 0 0 1 0 0 0 0
380	76	1 1 1 1 0 1 0 0 0 0 0 1 0 0 0 0
380	30	1 1 0 1 0 1 0 0 1 0 0 1 0 0 0 0
380	20	1 1 1 1 1 1 0 0 0 0 0 1 0 0 0 0
380	3	1 1 1 1 0 1 0 0 0 1 0 1 0 0 0 0
380	2	1 1 1 0 1 1 0 0 0 0 0 1 0 0 0 0
380	69	1 1 1 1 1 1 1 0 0 0 0 1 0 0 0 0
380	19	1 1 0 1 0 1 0 1 0 1 1 1 0 0 0 0
380	39	1 1 1 1 0 0 1 0 0 0 0 1 0 0 0 0
380	54	1 1 0 1 0 1 1 0 0 0 0 1 0 0 0 0
380	15	1 1 0 1 0 1 0 0 1 1 0 1 0 0 0 0
380	6	1 1 1 0 0 1 0 0 0 1 0 0 0 0 0 0
380	36	1 1 1 1 1 0 0 0 1 0 0 1 0 0 0 0
380	14	1 1 1 1 1 1 0 0 0 1 0 0 0 0 0 0
380	24	1 1 1 1 1 1 1 0 1 0 0 1 0 0 0 1
380	11	1 1 1 1 1 0 0 0 0 0 0 1 0 0 0 0
380	6	1 1 1 1 0 1 0 0 0 0 0 1 0 1 0 0
380	24	1 1 1 0 0 1 0 0 0 1 1 1 0 0 0 0
380	38	1 1 0 1 1 1 0 0 1 1 0 1 0 0 0 0
380	4	1 1 1 1 1 1 0 0 0 1 0 1 0 0 0 0
380	6	0 1 1 1 0 1 1 0 1 0 0 1 0 0 0 0
380	6	1 1 0 0 0 1 0 0 0 0 0 1 0 0 0 0
380	9	1 1 1 1 0 0 0 1 0 0 0 1 0 0 0 0
380	2	1 1 0 1 0 1 0 0 1 0 1 1 0 0 0 0
380	21	1 1 0 0 0 1 0 0 1 0 1 1 0 0 0 0
380	6	1 1 1 0 0 0 1 0 0 0 0 1 0 0 1 0
380	18	1 1 1 1 1 1 0 0 1 1 0 1 0 0 0 0
380	15	1 1 0 1 0 1 0 0 0 1 1 1 0 0 0 0
380	2	0 1 1 1 0 1 0 0 0 0 1 0 0 0 0 1
380	38	1 1 1 1 0 1 0 0 0 1 1 1 0 0 0 0
380	1	1 1 1 0 1 1 1 0 0 0 0 1 0 0 0 0
380	6	1 1 0 1 0 1 1 0 0 1 1 1 0 0 0 0
380	35	1 1 1 1 1 1 1 0 0 0 0 1 0 0 0 1
380	3	1 1 0 1 0 1 1 0 0 0 1 1 0 0 0 0
380	9	1 1 0 1 0 1 0 0 0 1 0 0 0 0 0 0
380	28	1 1 1 1 0 0 1 1 0 0 0 1 0 0 0 0
380	27	1 1 1 1 0 0 1 0 0 1 0 1 0 0 0 0
380	1	1 1 0 1 0 1 1 0 0 0 0 0 0 0 0 0
380	19	1 1 1 1 1 0 0 0 1 0 1 1 0 0 0 0
380	11	1 1 1 1 0 1 1 0 0 0 0 1 0 0 0 0
380	2	1 1 1 1 0 0 1 0 0 0 0 1 0 0 1 0
380	6	1 1 1 1 0 0 0 0 1 1 0 1 0 0 0 0
380	7	1 1 1 1 1 1 0 0 0 0 0 1 0 0 1 0
380	2	1 1 1 1 0 0 1 0 0 1 1 1 0 0 0 0
380	7	1 1 1 1 0 0 1 0 0 0 0 0 0 0 0 0
380	20	1 1 1 1 1 1 0 0 0 1 0 0 0 1 0 0
380	7	1 1 1 1 1 1 1 0 0 0 0 1 1 0 0 0
380	7	1 1 1 1 1 1 1 0 0 0 0 0 0 0 0 0
380	8	1 1 1 1 0 1 0 0 1 0 1 1 0 0 0 0
380	8	1 1 0 1 0 1 0 0 0 0 1 1 0 0 0 0
380	3	1 1 0 0 0 1 1 0 0 0 0 1 0 0 0 0
380	4	0 1 0 1 0 1 0 0 0 0 0 1 0 0 0 0
380	5	0 1 1 1 0 1 1 0 1 0 0 0 0 0 0 0
380	8	1 1 0 1 0 1 0 0 0 0 0 0 0 0 0 0
380	1	1 1 1 1 1 1 0 1 0 1 1 1 0 0 0 0
380	4	1 1 1 1 1 0 0 0 0 1 0 0 0 1 0 0
380	1	1 1 1 0 0 1 0 0 0 1 0 0 0 1 0 0
380	8	1 1 1 1 1 1 1 1 0 0 0 1 0 0 0 0
380	6	1 1 0 1 0 1 0 0 0 0 0 1 0 0 0 1
380	5	1 1 1 0 0 1 1 0 0 0 0 1 0 0 0 0
380	1	1 1 0 1 1 1 0 0 0 0 0 1 0 0 1 0
380	1	0 1 1 1 0 1 1 1 1 0 0 1 0 0 0 0
380	8	1 1 1 1 0 0 1 0 1 0 1 1 0 0 0 0
380	1	1 1 0 1 0 1 1 0 1 1 0 1 0 0 0 0
380	4	1 1 0 1 0 1 0 0 1 1 0 1 0 0 1 0
380	5	1 1 1 1 1 0 0 0 0 0 0 1 0 0 1 0
380	5	1 1 0 1 1 1 0 1 1 1 0 1 0 0 0 0
380	3	1 1 0 0 0 1 1 0 0 1 1 1 0 0 0 0
380	8	1 1 0 1 1 0 0 0 1 0 0 1 0 0 0 0
380	9	1 1 1 1 1 1 0 0 0 0 0 0 0 0 0 0
380	2	1 1 0 1 1 0 0 0 1 0 1 1 0 0 0 0
380	3	1 0 0 1 0 1 0 0 1 0 0 1 0 0 0 0
380	1	1 1 0 1 1 1 0 1 0 0 0 1 0 0 0 0
380	2	1 1 0 1 0 1 1 0 0 1 1 0 0 0 0 0
380	8	1 1 0 1 0 1 0 1 0 0 0 1 1 0 0 0
380	2	1 0 1 1 0 1 0 0 0 0 0 1 0 0 0 0
380	1	1 1 0 1 0 1 1 0 0 0 0 1 0 1 0 0
380	8	1 1 1 0 0 1 0 0 0 1 1 1 1 0 0 0
380	1	1 1 0 1 0 0 1 0 0 1 1 1 0 0 0 0
380	3	1 1 0 1 0 0 0 0 0 0 1 1 0 0 0 0
380	1	1 1 1 1 0 0 0 0 0 0 0 1 0 0 0 0
380	1	1 1 0 1 0 0 0 1 0 1 1 1 0 0 0 0
380	4	1 1 0 1 0 1 0 0 0 1 1 1 1 0 0 0
380	4	1 1 1 1 1 1 1 1 0 1 1 1 0 0 0 0
380	2	1 1 0 1 1 1 1 1 0 0 0 1 0 0 0 0
380	2	1 1 0 1 0 1 0 1 1 1 0 1 0 0 0 0
380	2	1 0 1 1 0 1 1 0 0 0 0 1 0 0 0 0
380	3	1 1 0 1 0 1 0 0 1 1 1 1 1 0 0 0
380	2	1 1 1 1 0 1 0 0 0 0 0 1 1 0 0 0
380	5	1 1 1 1 1 1 1 0 0 1 1 1 0 0 0 0
380	1	1 1 1 0 0 1 0 0 0 1 0 0 0 0 0 1
380	1	1 1 0 1 1 1 0 0 1 1 0 1 0 0 0 1
380	4	1 1 1 1 0 0 1 0 1 0 0 0 0 0 0 0
380	1	1 1 0 1 0 0 1 0 0 0 0 0 0 0 0 0
380	1	1 1 1 0 0 1 0 0 0 0 1 1 0 0 0 0
380	1	1 1 1 1 1 0 0 0 1 0 0 1 1 0 0 0
380	2	1 1 0 1 0 1 1 0 0 0 0 1 1 0 0 0
380	2	1 1 1 1 1 1 1 1 1 0 0 1 0 0 0 1
380	2	1 0 1 1 0 1 0 0 0 1 1 1 0 0 0 0
380	1	1 1 1 1 0 0 1 1 0 0 0 1 0 0 1 0
380	1	1 1 1 1 1 0 0 0 1 0 1 1 0 0 1 0
380	1	1 1 1 0 0 0 1 0 1 0 1 1 0 0 0 0
400	6	1 1 0 1 0 1 0 0 0 0 0 1 0 0 0 0
400	78	1 1 1 1 0 1 0 0 0 0 0 1 0 0 0 0
400	6	1 1 0 1 0 1 0 0 1 0 0 1 0 0 0 0
400	16	1 1 1 1 1 1 0 0 0 0 0 1 0 0 0 0
400	7	1 1 1 1 0 1 0 0 0 1 0 1 0 0 0 0
400	23	1 1 1 1 1 1 1 0 0 0 0 1 0 0 0 0
400	31	1 1 0 1 0 1 0 1 0 1 1 1 0 0 0 0
400	66	1 1 1 1 0 0 1 0 0 0 0 1 0 0 0 0
400	45	1 1 0 1 0 1 1 0 0 0 0 1 0 0 0 0
400	5	1 1 0 1 0 1 0 0 1 1 0 1 0 0 0 0
400	37	1 1 1 0 0 1 0 0 0 1 0 0 0 0 0 0
400	23	1 1 1 1 1 0 0 0 1 0 0 1 0 0 0 0
400	3	1 1 1 1 1 1 1 0 1 0 0 1 0 0 0 1
400	1	1 1 1 1 1 0 0 0 0 0 0 1 0 0 0 0
400	15	1 1 1 1 0 1 0 0 0 0 0 1 0 1 0 0
400	22	1 1 1 0 0 1 0 0 0 1 1 1 0 0 0 0
400	23	1 1 0 1 1 1 0 0 1 1 0 1 0 0 0 0
400	4	1 1 1 1 0 0 0 1 0 0 0 1 0 0 0 0
400	2	1 1 0 0 0 1 0 0 1 0 1 1 0 0 0 0
400	6	1 1 1 1 1 1 0 0 1 1 0 1 0 0 0 0
400	6	1 1 0 1 0 1 0 0 0 1 1 1 0 0 0 0
400	25	1 1 1 1 0 1 0 0 0 1 1 1 0 0 0 0
400	25	1 1 0 1 0 1 1 0 0 1 1 1 0 0 0 0
400	33	1 1 1 1 1 1 1 0 0 0 0 1 0 0 0 1
400	36	1 1 1 1 0 0 1 1 0 0 0 1 0 0 0 0
400	15	1 1 1 1 0 1 1 0 0 0 0 1 0 0 0 0
400	4	1 1 1 1 1 1 0 0 0 1 0 0 0 1 0 0
400	37	1 1 1 1 1 1 1 0 0 0 0 1 1 0 0 0
400	23	1 1 1 1 1 1 0 1 0 1 1 1 0 0 0 0
400	2	1 1 1 1 1 1 1 1 0 0 0 1 0 0 0 0
400	6	1 1 1 1 0 0 1 0 1 0 1 1 0 0 0 0
400	8	1 1 0 1 0 1 0 0 1 1 0 1 0 0 1 0
400	12	1 1 1 1 1 0 0 0 0 0 0 1 0 0 1 0
400	34	1 1 1 1 1 1 0 0 0 0 0 0 0 0 0 0
400	11	1 1 1 1 1 1 1 0 0 1 1 1 0 0 0 0
400	6	1 1 0 1 1 1 0 0 1 1 0 1 0 0 0 1
400	1	1 1 1 1 0 0 1 0 1 0 0 0 0 0 0 0
400	25	1 1 1 1 0 1 0 0 0 0 0 1 0 0 0 1
400	1	0 1 1 0 0 1 0 0 0 1 1 1 0 0 0 0
400	1	1 1 1 1 1 0 0 0 1 1 1 1 0 0 0 0
400	12	1 1 1 1 1 1 0 0 0 1 0 0 0 1 1 0
400	26	1 1 0 1 1 1 0 0 0 1 0 0 0 0 0 0
400	3	1 1 0 1 1 1 0 0 0 0 0 1 0 0 0 0
400	2	1 1 1 1 0 1 1 0 0 0 0 1 0 0 0 1
400	13	1 1 1 1 1 1 0 0 0 1 0 1 0 0 0 0
400	2	0 1 0 1 0 1 0 0 1 1 0 1 0 0 0 0
400	3	1 1 1 0 0 0 1 1 0 0 0 1 0 0 0 0
400	8	1 1 1 1 1 1 1 0 0 0 0 1 0 0 1 0
400	2	1 1 1 0 0 0 0 0 0 0 0 1 0 0 1 0
400	3	1 1 1 1 0 0 1 0 0 0 1 1 0 0 0 0
400	7	1 1 1 0 1 1 1 1 0 0 0 1 0 0 0 0
400	4	1 1 1 0 0 1 0 0 0 0 0 1 0 0 0 0
400	4	1 1 1 1 1 1 0 0 0 1 0 0 0 0 1 0
400	20	0 1 0 1 0 1 1 0 0 1 1 1 0 0 0 0
400	19	1 1 0 1 0 1 1 1 0 0 0 1 0 0 0 0
400	7	1 1 1 1 1 0 1 0 0 0 0 1 0 0 0 0
400	7	1 1 0 0 0 1 1 0 0 0 0 1 0 0 0 0
400	8	1 1 1 0 1 1 1 0 0 0 0 1 0 0 0 1
400	3	1 1 1 0 1 1 0 0 0 1 0 0 0 1 0 0
400	7	1 1 1 1 1 0 0 0 0 1 1 1 0 0 0 0
400	2	1 1 1 1 1 1 0 1 0 1 0 1 0 0 0 0
400	2	0 1 1 1 0 0 1 0 0 0 0 1 0 0 0 0
400	3	1 1 1 1 0 0 1 0 0 0 0 1 0 0 1 0
400	1	1 0 0 1 0 1 1 1 0 0 0 1 0 0 0 0
400	7	1 1 1 1 0 0 1 0 0 0 0 1 0 1 0 0
400	3	1 1 1 1 1 1 1 0 1 0 0 1 0 0 1 0
400	14	1 1 1 1 0 0 0 0 0 1 1 0 0 0 0 0
400	7	1 1 0 1 0 0 0 0 1 0 1 1 0 0 0 0
400	8	0 1 1 0 0 1 0 0 0 1 1 0 0 0 0 0
400	13	1 1 0 1 0 0 1 0 0 0 0 1 0 0 0 0
400	1	1 1 0 1 0 1 0 0 0 1 1 1 0 0 1 0
400	1	1 1 1 1 0 1 0 0 1 0 0 1 0 0 0 1
400	1	1 1 1 0 1 1 0 0 1 1 1 1 0 0 0 0
400	1	1 1 1 1 0 1 0 0 0 1 0 0 0 0 0 0
400	1	1 1 1 0 0 0 1 1 0 1 1 1 0 0 0 0
400	2	1 0 1 1 1 1 1 0 0 0 0 1 0 0 0 0
400	1	1 1 0 1 1 1 0 0 1 1 0 1 0 1 0 0
400	1	1 1 1 1 1 0 0 0 0 0 0 0 0 0 1 0
400	1	1 1 1 1 0 1 0 0 0 0 0 1 1 0 0 0
400	3	1 1 1 0 0 1 0 0 0 1 1 1 0 1 0 0
400	3	1 1 1 0 0 1 1 0 0 0 0 1 0 0 0 0
400	3	1 1 1 1 1 1 0 1 0 0 1 1 0 0 0 0
400	1	1 1 1 1 1 1 1 1 1 0 0 1 0 0 0 0
400	1	1 1 0 1 0 1 1 0 0 0 1 1 0 0 0 1
400	2	1 1 1 1 1 0 0 1 0 1 1 1 0 0 0 0
400	1	1 1 1 1 0 1 0 0 0 0 1 1 0 0 0 0
400	1	1 1 0 1 0 1 1 1 0 0 0 1 0 1 1 0
400	5	1 1 1 1 0 0 1 0 0 1 1 1 0 0 0 0
400	2	1 1 0 1 0 1 0 1 1 1 0 1 0 0 0 0
400	2	1 1 1 1 0 1 0 0 0 1 1 1 0 1 0 0
400	1	1 1 1 1 0 0 1 1 1 0 0 1 0 0 0 0
400	1	1 1 1 1 0 1 1 0 0 1 0 1 0 1 0 0
400	2	1 1 1 1 1 1 0 0 0 1 0 0 0 0 0 0
400	1	0 1 0 1 0 1 0 1 0 1 1 1 0 0 0 0
400	2	1 1 0 1 0 0 0 0 0 0 0 1 0 0 0 0
400	2	1 1 1 1 0 0 1 0 0 1 0 1 0 0 0 0
400	1	1 1 1 1 0 0 1 1 0 0 0 1 1 0 0 0
400	3	1 1 1 1 0 0 1 1 0 0 0 1 0 1 0 0
400	1	1 1 0 1 1 1 1 0 1 1 0 1 0 0 0 1
400	2	1 1 0 1 1 1 0 0 0 1 0 0 0 1 1 0
