0	250	1 0 0 0 0 0 0 0 1 1 0 0 0 0 0 0
0	250	0 0 0 0 0 0 0 0 0 1 1 0 0 1 0 0
0	250	0 0 0 0 1 0 0 0 1 0 1 0 0 0 0 0
0	250	0 0 0 0 0 0 1 0 0 1 0 1 1 0 1 0
20	170	1 0 0 0 0 0 0 0 1 1 0 0 0 0 0 0
20	96	0 0 0 0 0 0 0 0 0 1 1 0 0 1 0 0
20	212	0 0 0 0 1 0 0 0 1 0 1 0 0 0 0 0
20	152	0 0 0 0 0 0 1 0 0 1 0 1 1 0 1 0
20	4	1 0 0 0 0 0 0 0 0 1 1 0 0 1 0 0
20	8	0 0 0 0 0 0 0 0 1 1 0 0 0 0 0 0
20	7	1 1 0 0 0 0 0 0 1 1 0 0 0 0 0 0
20	9	0 0 0 0 0 0 1 0 0 1 1 0 0 1 0 0
20	5	1 0 0 0 0 1 0 0 1 1 0 0 0 0 0 0
20	11	0 0 0 0 0 0 0 0 1 1 1 0 0 1 0 0
20	12	0 0 0 0 1 1 0 0 1 0 1 0 0 0 0 0
20	19	0 0 0 0 1 0 0 0 1 0 1 0 0 1 0 0
20	9	1 0 0 0 0 0 0 0 1 1 1 0 0 1 0 0
20	8	1 0 0 0 0 0 0 0 1 1 0 0 1 0 0 0
20	8	0 1 0 0 0 0 0 0 0 1 1 0 0 1 0 0
20	7	1 0 0 0 0 0 0 0 1 0 1 0 0 0 0 0
20	8	0 0 0 0 0 0 0 1 0 1 1 0 0 1 0 0
20	21	0 0 0 0 1 0 0 0 1 0 1 0 0 0 1 0
20	10	1 0 0 0 0 0 1 0 1 1 0 0 0 0 0 0
20	6	0 0 0 1 1 0 0 0 1 0 1 0 0 0 0 0
20	8	0 0 0 0 1 0 0 0 1 0 1 1 0 0 0 0
20	7	0 0 0 0 0 0 1 0 0 1 0 0 1 0 1 0
20	30	0 0 0 0 0 0 1 0 1 1 0 0 0 0 0 0
20	2	1 0 0 0 0 0 0 0 1 0 0 0 0 0 0 0
20	11	1 0 0 0 0 0 0 0 1 1 1 0 0 0 0 0
20	17	0 0 0 0 0 1 0 0 0 1 1 0 0 1 0 0
20	6	0 0 0 0 0 0 0 0 0 1 1 1 0 1 0 0
20	7	0 0 0 0 1 0 0 0 1 0 1 0 1 0 0 0
20	6	0 0 0 0 1 0 0 0 0 0 1 0 0 0 0 0
20	8	0 0 0 0 0 0 1 0 0 1 0 1 1 0 0 0
20	2	0 0 0 0 0 0 1 0 0 1 1 0 0 0 0 0
20	3	0 0 0 1 0 0 0 0 0 1 1 0 0 1 0 0
20	3	0 0 0 0 1 0 0 0 1 0 0 0 0 0 0 0
20	2	0 0 0 0 0 0 1 1 0 1 1 0 0 1 0 0
20	9	0 0 0 0 0 0 0 0 1 0 1 0 0 0 0 0
20	4	1 0 0 0 0 0 0 0 1 1 0 1 0 0 0 0
20	2	0 0 1 0 0 0 0 0 0 1 1 0 0 1 0 0
20	9	0 0 0 0 1 0 0 0 1 0 1 1 0 1 0 0
20	1	1 0 0 0 0 0 0 0 1 1 0 0 0 0 1 0
20	7	0 0 0 0 0 0 0 0 1 1 0 0 0 0 1 0
20	5	1 0 0 0 0 1 0 0 1 1 0 0 0 0 1 0
20	1	1 0 1 0 0 0 0 0 1 1 0 0 0 0 0 0
20	5	0 1 0 0 1 1 0 0 1 0 1 0 0 0 0 0
20	4	0 0 0 0 1 0 0 0 0 0 1 0 0 0 0 1
20	1	1 0 0 0 1 0 0 0 1 0 1 0 0 0 0 0
20	5	0 0 0 0 1 0 0 0 1 1 0 0 0 0 0 0
20	2	0 0 0 0 0 0 1 0 0 0 1 0 0 0 0 0
20	5	0 0 0 0 0 1 0 0 1 0 1 0 0 0 0 0
20	1	0 0 0 0 1 0 0 0 1 0 1 0 0 0 0 1
20	2	0 1 0 0 0 0 1 0 0 1 0 1 1 0 1 0
20	4	0 0 0 0 0 1 1 0 0 1 0 1 1 0 1 0
20	5	0 0 0 0 1 1 0 0 1 0 1 0 0 0 1 0
20	1	1 0 0 0 0 0 1 0 1 1 0 0 0 1 0 0
20	2	0 0 0 0 1 0 0 1 1 0 1 1 0 0 0 0
20	5	0 0 0 0 0 0 0 0 0 0 1 0 0 0 0 0
20	1	1 0 0 0 0 0 0 0 1 1 0 1 1 0 1 0
20	5	0 0 0 0 1 1 0 0 0 1 1 0 0 1 0 0
20	1	0 0 0 0 0 0 1 0 0 1 0 0 0 0 0 0
20	2	0 0 0 0 0 0 1 0 0 1 0 0 0 1 0 0
20	1	0 0 0 0 1 0 0 0 1 0 1 0 0 1 0 1
20	1	0 1 0 0 0 0 0 0 1 1 1 0 0 1 0 0
20	1	1 0 0 0 0 0 0 0 1 1 1 1 0 0 0 0
20	2	0 0 0 0 1 0 1 0 0 1 0 1 1 0 1 0
20	2	1 0 0 0 0 0 1 0 1 0 1 0 0 0 0 0
20	1	0 0 0 0 0 0 1 0 1 1 0 1 1 0 0 0
20	1	0 0 0 0 1 0 0 1 1 0 1 0 0 0 0 0
20	1	0 0 0 0 0 0 1 0 0 1 0 1 0 0 1 0
20	1	0 1 0 0 0 0 0 0 1 1 0 0 0 0 0 0
20	1	0 0 0 0 1 0 0 0 0 0 1 0 1 0 0 0
20	1	0 0 1 0 0 0 1 1 0 1 1 0 0 1 0 0
20	2	0 0 1 0 0 0 0 0 1 0 1 0 0 0 0 0
20	2	0 0 0 0 1 1 0 0 1 1 1 0 0 1 0 0
40	277	1 0 0 0 0 0 0 0 1 1 0 0 0 0 0 0
40	37	0 0 0 0 0 0 0 0 0 1 1 0 0 1 0 0
40	145	0 0 0 0 1 0 0 0 1 0 1 0 0 0 0 0
40	24	0 0 0 0 0 0 1 0 0 1 0 1 1 0 1 0
40	10	0 0 0 0 0 0 0 0 1 1 0 0 0 0 0 0
40	18	1 0 0 0 0 1 0 0 1 1 0 0 0 0 0 0
40	9	0 0 0 0 0 0 0 0 1 1 1 0 0 1 0 0
40	13	0 0 0 0 1 0 0 0 1 0 1 0 0 1 0 0
40	3	1 0 0 0 0 0 0 0 1 1 1 0 0 1 0 0
40	34	1 0 0 0 0 0 0 0 1 0 1 0 0 0 0 0
40	18	0 0 0 0 1 0 0 0 1 0 1 0 0 0 1 0
40	14	1 0 0 0 0 0 1 0 1 1 0 0 0 0 0 0
40	3	0 0 0 1 1 0 0 0 1 0 1 0 0 0 0 0
40	4	0 0 0 0 1 0 0 0 1 0 1 1 0 0 0 0
40	28	0 0 0 0 0 0 1 0 1 1 0 0 0 0 0 0
40	30	1 0 0 0 0 0 0 0 1 0 0 0 0 0 0 0
40	26	1 0 0 0 0 0 0 0 1 1 1 0 0 0 0 0
40	7	0 0 0 0 0 1 0 0 0 1 1 0 0 1 0 0
40	2	0 0 0 0 0 0 0 0 0 1 1 1 0 1 0 0
40	3	0 0 0 0 1 0 0 0 1 0 1 0 1 0 0 0
40	10	0 0 0 0 1 0 0 0 0 0 1 0 0 0 0 0
40	10	0 0 0 0 0 0 0 0 1 0 1 0 0 0 0 0
40	1	1 0 0 0 0 0 0 0 1 1 0 1 0 0 0 0
40	5	1 0 0 0 0 0 0 0 1 1 0 0 0 0 1 0
40	5	1 0 0 0 0 1 0 0 1 1 0 0 0 0 1 0
40	4	0 0 0 0 1 0 0 0 1 1 0 0 0 0 0 0
40	7	0 0 0 0 0 1 0 0 1 0 1 0 0 0 0 0
40	10	0 0 0 0 1 1 0 0 1 0 1 0 0 0 1 0
40	6	1 0 0 0 0 0 1 0 1 1 0 0 0 1 0 0
40	6	0 0 0 0 1 0 0 1 1 0 1 1 0 0 0 0
40	7	1 0 0 0 0 0 0 0 1 1 0 1 1 0 1 0
40	11	0 0 0 0 1 1 0 0 0 1 1 0 0 1 0 0
40	13	1 0 0 0 0 0 1 0 0 1 0 1 1 0 1 0
40	3	0 0 0 0 1 0 0 0 1 1 1 0 0 0 0 0
40	8	1 0 0 0 1 0 0 0 1 1 0 0 0 0 0 0
40	1	0 1 0 0 0 0 1 0 0 1 0 1 1 0 1 0
40	1	0 0 0 0 0 1 0 1 0 1 1 0 0 1 0 0
40	10	1 0 0 0 0 0 0 0 1 1 0 0 0 0 0 1
40	29	1 0 0 0 1 0 0 0 1 0 1 0 0 0 0 0
40	7	1 0 0 1 0 0 0 0 1 1 0 0 0 0 0 0
40	11	0 0 0 0 1 0 1 0 1 0 1 0 0 0 0 0
40	1	0 0 0 1 1 0 0 1 1 0 1 1 0 0 0 0
40	6	0 0 0 0 0 0 1 0 0 1 0 0 0 0 0 0
40	11	0 0 1 0 1 0 0 0 1 0 1 0 0 0 0 0
40	1	0 0 0 0 1 0 0 1 1 0 1 0 0 0 0 0
40	1	0 0 0 0 1 0 1 0 0 1 1 0 0 1 0 0
40	3	1 0 0 0 0 0 0 0 1 1 0 1 1 1 0 0
40	1	1 0 1 0 0 0 0 0 1 1 0 0 0 0 0 0
40	10	0 0 0 0 1 0 0 0 0 0 1 0 0 0 1 0
40	2	0 1 0 1 0 0 1 0 0 1 0 1 1 0 1 0
40	3	1 0 0 0 0 1 0 0 0 1 1 0 0 1 0 0
40	1	0 0 0 1 1 0 0 0 1 1 1 0 0 0 0 0
40	1	1 0 0 0 0 0 1 0 1 1 1 0 0 0 1 0
40	9	1 0 0 0 0 0 0 0 1 0 1 0 0 0 1 0
40	24	0 0 0 0 1 0 0 0 1 0 0 0 0 0 0 0
40	1	0 0 0 1 1 0 0 0 0 1 0 1 1 0 1 0
40	3	1 0 0 0 0 0 0 0 1 1 1 0 0 1 0 1
40	3	1 0 0 0 0 0 0 0 1 1 0 0 1 0 0 0
40	3	1 0 0 0 0 0 0 0 1 1 0 0 0 1 0 0
40	3	0 0 0 0 1 0 0 0 1 0 1 0 0 0 0 1
40	2	1 0 0 0 1 1 0 0 1 0 1 0 0 0 1 0
40	8	1 0 0 0 1 0 0 0 1 0 1 0 0 0 1 0
40	1	1 0 0 0 0 0 0 0 1 0 1 0 0 1 0 0
40	3	1 0 0 0 0 0 1 0 1 1 0 1 0 0 0 0
40	1	0 0 0 0 0 0 1 0 1 1 1 0 0 0 0 0
40	1	1 0 0 0 0 0 1 0 1 0 1 0 0 0 1 0
40	1	1 0 0 0 0 0 1 0 0 1 1 0 0 0 1 0
40	6	1 1 0 0 0 0 0 0 1 1 0 0 0 0 0 0
40	2	1 0 0 0 1 0 0 0 1 1 0 1 0 0 0 0
40	1	1 0 0 1 0 0 0 0 1 1 0 0 0 0 0 1
40	2	1 0 0 1 0 0 0 0 1 0 1 0 0 0 0 0
40	1	1 0 0 0 0 1 0 1 1 1 0 0 0 0 0 0
40	1	0 0 1 0 1 0 0 0 1 0 1 1 0 0 0 0
40	1	1 0 0 0 1 0 0 0 1 0 0 0 0 0 0 0
40	1	0 0 0 0 1 0 1 0 1 1 1 0 0 1 0 0
40	6	1 0 0 0 0 0 0 0 1 1 0 1 1 0 0 0
40	2	1 0 0 0 0 0 0 0 0 1 1 0 0 1 0 0
40	3	0 0 0 0 1 1 0 1 0 1 1 0 0 1 0 0
60	262	1 0 0 0 0 0 0 0 1 1 0 0 0 0 0 0
60	29	0 0 0 0 0 0 0 0 0 1 1 0 0 1 0 0
60	22	0 0 0 0 1 0 0 0 1 0 1 0 0 0 0 0
60	38	0 0 0 0 0 0 0 0 1 1 0 0 0 0 0 0
60	15	1 0 0 0 0 1 0 0 1 1 0 0 0 0 0 0
60	22	0 0 0 0 1 0 0 0 1 0 1 0 0 1 0 0
60	83	1 0 0 0 0 0 0 0 1 0 1 0 0 0 0 0
60	33	1 0 0 0 0 0 0 0 1 0 0 0 0 0 0 0
60	41	1 0 0 0 0 0 0 0 1 1 1 0 0 0 0 0
60	9	0 0 0 0 0 1 0 0 0 1 1 0 0 1 0 0
60	17	0 0 0 0 0 0 0 0 1 0 1 0 0 0 0 0
60	7	0 0 0 0 1 0 0 0 1 1 0 0 0 0 0 0
60	6	1 0 0 0 0 0 1 0 0 1 0 1 1 0 1 0
60	7	1 0 0 0 1 0 0 0 1 0 1 0 0 0 0 0
60	16	1 0 0 1 0 0 0 0 1 1 0 0 0 0 0 0
60	42	0 0 0 0 1 0 1 0 1 0 1 0 0 0 0 0
60	1	0 0 0 1 1 0 0 1 1 0 1 1 0 0 0 0
60	4	0 0 0 0 0 0 1 0 0 1 0 0 0 0 0 0
60	7	0 0 1 0 1 0 0 0 1 0 1 0 0 0 0 0
60	12	0 0 0 0 1 0 0 1 1 0 1 0 0 0 0 0
60	1	1 0 0 0 0 0 1 0 1 1 1 0 0 0 1 0
60	23	0 0 0 0 1 0 0 0 1 0 0 0 0 0 0 0
60	16	1 0 0 0 0 0 0 0 1 1 0 0 1 0 0 0
60	1	0 0 0 0 1 0 0 0 1 0 1 0 0 0 0 1
60	3	1 1 0 0 0 0 0 0 1 1 0 0 0 0 0 0
60	1	0 0 1 0 1 0 0 0 1 0 1 1 0 0 0 0
60	6	0 0 0 1 0 0 0 0 1 0 1 0 0 0 0 0
60	18	0 0 0 1 0 1 0 0 1 0 1 0 0 0 0 0
60	32	0 0 0 0 1 0 1 0 1 1 0 0 0 0 0 0
60	2	1 0 0 0 1 0 0 0 1 0 1 0 0 1 0 0
60	2	1 0 0 0 0 0 0 0 0 1 0 0 0 0 0 0
60	7	0 0 0 0 0 0 1 0 0 1 0 1 0 0 0 0
60	8	1 0 0 0 0 0 0 0 0 1 0 0 0 0 1 0
60	5	0 0 0 1 1 0 0 1 0 0 1 1 0 0 0 0
60	6	0 0 0 1 0 0 0 0 1 0 1 1 0 0 0 0
60	4	0 0 0 0 0 0 0 0 1 1 0 0 0 0 1 0
60	7	0 0 0 0 0 0 0 0 1 0 0 0 0 0 0 0
60	2	1 0 0 0 1 0 0 0 1 1 0 1 1 0 0 0
60	21	1 0 0 0 0 0 0 0 1 1 1 0 0 1 0 0
60	3	1 0 0 0 0 0 0 0 1 1 0 0 0 0 0 1
60	8	0 0 0 0 1 1 0 0 1 0 1 0 0 1 1 0
60	7	1 0 0 1 1 0 0 0 1 1 0 0 0 0 0 0
60	12	1 0 0 0 0 0 1 0 0 0 0 1 1 0 1 0
60	1	1 0 0 0 0 0 1 0 1 1 1 1 0 0 1 0
60	4	0 0 0 0 1 0 1 1 1 1 0 0 0 0 0 0
60	15	1 0 1 1 0 0 0 0 1 1 1 0 0 0 0 0
60	4	1 0 1 0 0 0 0 0 1 1 0 0 0 0 0 0
60	6	0 0 0 0 1 0 0 0 1 0 1 0 1 0 0 0
60	2	0 0 0 0 0 0 0 0 0 1 1 0 0 0 0 0
60	3	0 0 0 0 0 0 0 0 1 1 0 1 1 0 1 0
60	6	0 0 0 0 1 0 1 0 1 0 1 0 0 0 1 0
60	6	1 0 0 0 0 0 0 0 1 1 0 0 0 1 0 0
60	7	0 0 0 0 1 0 0 1 1 0 1 0 0 1 0 0
60	6	1 0 0 0 0 0 0 0 0 0 1 0 0 0 0 0
60	2	1 0 0 0 0 0 1 0 1 1 0 0 0 1 1 0
60	2	1 0 0 0 0 0 1 0 1 1 0 0 0 0 0 0
60	8	0 0 0 0 0 0 1 1 1 1 0 0 0 0 0 0
60	1	1 0 0 0 0 0 1 0 1 0 1 0 0 0 0 0
60	4	1 0 0 0 0 0 0 0 0 1 1 0 0 0 0 0
60	6	1 1 0 0 0 0 0 0 1 1 0 0 1 0 0 0
60	2	0 1 0 0 0 0 0 0 1 1 1 0 0 0 0 0
60	2	0 1 0 0 0 0 1 0 0 1 0 1 0 0 0 0
60	1	0 0 0 0 1 0 0 1 1 1 1 1 0 0 0 0
60	8	0 0 0 0 0 0 0 0 1 0 1 0 0 1 0 0
60	2	1 0 0 0 0 0 0 0 1 1 0 0 0 0 1 0
60	2	0 0 0 0 0 0 1 1 0 1 0 0 0 0 0 0
60	3	1 0 0 0 0 0 0 0 1 0 1 0 0 1 0 0
60	8	1 0 0 0 1 0 1 0 1 0 1 0 0 0 0 0
60	2	1 0 0 0 0 0 0 0 0 1 1 0 0 1 0 0
60	2	0 0 0 0 0 0 1 0 0 0 0 1 1 0 1 0
60	4	1 0 0 0 0 0 1 0 1 1 1 0 0 0 0 0
60	2	0 0 0 1 1 0 0 0 1 0 1 0 0 1 0 0
60	2	0 0 0 0 1 0 1 0 1 0 1 0 0 1 0 0
60	2	1 0 1 0 0 0 0 0 1 1 0 0 0 1 0 0
60	1	1 0 0 1 0 0 0 0 1 0 1 1 0 0 0 0
60	2	1 0 0 0 0 0 0 0 1 1 0 1 0 0 0 0
60	2	1 0 0 0 0 1 1 0 1 1 0 0 0 0 0 0
60	1	0 0 0 0 1 0 0 0 1 0 1 1 0 0 0 0
60	1	0 0 0 0 0 0 0 0 1 0 0 0 1 0 0 0
80	252	1 0 0 0 0 0 0 0 1 1 0 0 0 0 0 0
80	11	0 0 0 0 1 0 0 0 1 0 1 0 0 0 0 0
80	26	0 0 0 0 0 0 0 0 1 1 0 0 0 0 0 0
80	16	1 0 0 0 0 1 0 0 1 1 0 0 0 0 0 0
80	21	0 0 0 0 1 0 0 0 1 0 1 0 0 1 0 0
80	100	1 0 0 0 0 0 0 0 1 0 1 0 0 0 0 0
80	3	1 0 0 0 0 0 0 0 1 0 0 0 0 0 0 0
80	79	1 0 0 0 0 0 0 0 1 1 1 0 0 0 0 0
80	10	0 0 0 0 0 0 0 0 1 0 1 0 0 0 0 0
80	1	0 0 0 0 1 0 0 0 1 1 0 0 0 0 0 0
80	20	1 0 0 0 1 0 0 0 1 0 1 0 0 0 0 0
80	26	1 0 0 1 0 0 0 0 1 1 0 0 0 0 0 0
80	35	0 0 0 0 1 0 1 0 1 0 1 0 0 0 0 0
80	30	0 0 1 0 1 0 0 0 1 0 1 0 0 0 0 0
80	14	0 0 0 0 1 0 0 0 1 0 0 0 0 0 0 0
80	22	1 0 0 0 0 0 0 0 1 1 0 0 1 0 0 0
80	5	1 1 0 0 0 0 0 0 1 1 0 0 0 0 0 0
80	5	0 0 0 0 1 0 1 0 1 1 0 0 0 0 0 0
80	6	1 0 0 0 1 0 0 0 1 0 1 0 0 1 0 0
80	7	0 0 0 1 0 0 0 0 1 0 1 1 0 0 0 0
80	10	1 0 0 0 1 0 0 0 1 1 0 1 1 0 0 0
80	13	1 0 0 0 0 0 0 0 1 1 1 0 0 1 0 0
80	2	0 0 0 0 1 1 0 0 1 0 1 0 0 1 1 0
80	11	1 0 0 1 1 0 0 0 1 1 0 0 0 0 0 0
80	7	0 0 0 0 1 0 1 1 1 1 0 0 0 0 0 0
80	10	1 0 1 1 0 0 0 0 1 1 1 0 0 0 0 0
80	13	1 0 1 0 0 0 0 0 1 1 0 0 0 0 0 0
80	6	0 0 0 0 1 0 0 1 1 0 1 0 0 1 0 0
80	12	0 0 0 0 0 0 1 1 1 1 0 0 0 0 0 0
80	19	1 0 0 0 0 0 0 0 0 1 1 0 0 0 0 0
80	6	1 1 0 0 0 0 0 0 1 1 0 0 1 0 0 0
80	19	1 0 0 0 0 0 0 0 1 1 0 0 0 0 1 0
80	22	1 0 0 0 0 0 1 0 1 1 1 0 0 0 0 0
80	14	1 0 0 0 1 0 1 0 1 0 1 0 0 0 1 0
80	3	1 0 0 0 0 0 0 0 1 1 1 1 0 0 0 0
80	2	1 0 0 0 0 0 1 0 0 1 0 0 1 0 1 0
80	1	0 0 0 0 0 0 0 0 1 1 0 1 1 0 0 0
80	5	0 0 0 0 1 0 0 0 1 0 1 0 0 1 1 0
80	4	1 1 1 0 0 0 0 0 1 1 0 0 0 0 0 0
80	8	1 0 1 0 0 0 0 1 1 1 1 0 0 0 0 0
80	5	1 0 0 0 1 0 1 0 1 0 1 0 0 0 0 0
80	4	0 0 0 0 0 0 0 0 1 1 1 0 0 0 0 0
80	5	0 0 1 0 1 0 0 0 1 1 0 0 1 0 0 0
80	2	1 1 0 0 0 0 0 0 1 0 1 0 0 0 0 0
80	3	0 0 1 0 1 0 0 0 1 0 0 0 0 0 0 0
80	18	1 0 0 0 0 0 0 0 1 1 1 0 0 0 1 0
80	2	1 0 1 1 0 0 0 0 1 1 0 0 0 0 0 0
80	9	1 0 0 0 0 1 0 0 1 1 1 0 0 0 0 0
80	3	1 0 0 0 0 0 0 0 1 0 1 0 0 1 0 0
80	7	1 0 0 0 0 0 0 0 1 1 0 0 0 0 0 1
80	6	1 0 0 0 0 0 1 0 1 1 0 0 0 0 0 0
80	3	0 0 0 0 0 0 1 0 1 1 0 0 0 0 0 0
80	2	0 0 0 0 1 0 1 0 1 1 0 0 0 0 1 0
80	2	1 0 0 0 0 1 0 0 1 1 0 0 0 0 0 1
80	1	1 0 0 0 0 0 0 0 0 1 0 0 1 0 0 0
80	1	1 0 1 0 1 0 0 0 1 0 1 0 0 1 0 0
80	5	0 0 0 0 0 1 1 1 1 1 0 0 0 0 0 0
80	2	1 1 0 0 0 0 1 0 1 0 1 0 0 0 0 0
80	1	1 0 0 0 0 0 0 0 1 1 1 0 0 1 1 0
80	2	0 0 0 0 1 0 0 0 1 0 0 0 1 0 1 0
80	1	1 0 0 0 1 1 0 0 1 1 0 0 0 0 0 0
80	1	1 0 0 0 0 0 0 0 1 0 1 0 1 0 0 0
80	2	1 0 0 0 1 0 0 0 1 0 1 1 0 0 0 0
80	3	1 0 0 0 1 0 0 0 1 1 1 0 1 0 0 0
80	2	0 0 0 0 1 0 0 0 0 0 1 0 0 1 0 0
80	4	1 0 0 0 0 0 0 0 1 1 1 0 0 1 0 1
80	1	1 0 0 0 0 0 0 0 1 1 1 0 0 0 0 1
80	1	1 0 1 1 0 1 0 0 1 1 1 0 0 0 1 0
80	2	1 0 1 1 1 0 0 0 0 1 0 0 1 0 0 0
80	3	0 0 0 1 0 0 0 0 1 1 0 0 0 0 0 0
80	2	1 0 0 0 0 1 0 1 1 1 0 0 0 0 0 0
80	2	1 0 0 0 0 0 0 1 0 1 1 0 0 0 0 0
80	2	1 0 0 0 0 0 0 0 1 1 0 1 1 0 0 0
80	3	0 0 0 0 1 0 1 0 1 1 1 0 0 0 0 0
80	2	1 0 0 0 0 0 1 0 1 1 0 0 0 0 1 0
80	4	1 0 1 0 0 0 0 0 1 1 1 0 0 0 0 0
80	1	0 0 0 0 1 0 1 0 1 0 1 0 0 0 0 1
80	1	0 0 0 1 0 0 0 0 1 0 1 0 0 0 0 0
80	1	1 0 0 1 1 0 0 1 1 1 0 0 0 0 0 0
80	2	0 0 0 0 1 0 0 1 1 1 0 0 0 0 0 0
80	1	1 1 0 0 0 0 0 0 0 1 0 0 1 0 0 0
100	169	1 0 0 0 0 0 0 0 1 1 0 0 0 0 0 0
100	9	0 0 0 0 1 0 0 0 1 0 1 0 0 0 0 0
100	7	0 0 0 0 0 0 0 0 1 1 0 0 0 0 0 0
100	75	1 0 0 0 0 1 0 0 1 1 0 0 0 0 0 0
100	1	0 0 0 0 1 0 0 0 1 0 1 0 0 1 0 0
100	138	1 0 0 0 0 0 0 0 1 0 1 0 0 0 0 0
100	101	1 0 0 0 0 0 0 0 1 1 1 0 0 0 0 0
100	6	1 0 0 0 1 0 0 0 1 0 1 0 0 0 0 0
100	52	1 0 0 1 0 0 0 0 1 1 0 0 0 0 0 0
100	14	0 0 0 0 1 0 1 0 1 0 1 0 0 0 0 0
100	7	0 0 1 0 1 0 0 0 1 0 1 0 0 0 0 0
100	5	1 0 0 0 0 0 0 0 1 1 0 0 1 0 0 0
100	8	1 1 0 0 0 0 0 0 1 1 0 0 0 0 0 0
100	11	1 0 0 0 1 0 0 0 1 0 1 0 0 1 0 0
100	22	0 0 0 1 0 0 0 0 1 0 1 1 0 0 0 0
100	19	1 0 0 0 1 0 0 0 1 1 0 1 1 0 0 0
100	5	1 0 0 0 0 0 0 0 1 1 1 0 0 1 0 0
100	3	1 0 0 1 1 0 0 0 1 1 0 0 0 0 0 0
100	80	1 0 1 1 0 0 0 0 1 1 1 0 0 0 0 0
100	7	1 0 1 0 0 0 0 0 1 1 0 0 0 0 0 0
100	2	0 0 0 0 1 0 0 1 1 0 1 0 0 1 0 0
100	10	1 0 0 0 0 0 0 0 1 1 0 0 0 0 1 0
100	11	1 0 0 0 0 0 1 0 1 1 1 0 0 0 0 0
100	1	1 0 0 0 1 0 1 0 1 0 1 0 0 0 1 0
100	4	1 1 1 0 0 0 0 0 1 1 0 0 0 0 0 0
100	12	1 0 1 0 0 0 0 1 1 1 1 0 0 0 0 0
100	13	1 0 0 0 1 0 1 0 1 0 1 0 0 0 0 0
100	4	0 0 1 0 1 0 0 0 1 1 0 0 1 0 0 0
100	4	1 0 0 0 0 0 0 0 1 1 1 0 0 0 1 0
100	8	1 0 0 0 0 0 0 0 1 1 0 0 0 0 0 1
100	5	1 0 0 0 0 0 1 0 1 1 0 0 0 0 0 0
100	5	1 0 0 0 0 0 0 0 1 1 1 0 0 0 0 1
100	14	1 0 1 0 0 0 0 0 1 1 1 0 0 0 0 0
100	19	0 0 0 0 1 0 0 0 1 1 1 0 0 1 0 0
100	23	1 1 0 1 0 0 0 0 1 1 0 0 0 0 0 0
100	12	0 0 0 0 0 0 0 0 1 1 0 0 0 0 1 0
100	8	1 1 1 0 0 0 0 0 1 1 1 0 0 1 0 0
100	3	1 0 0 0 0 0 0 1 1 0 1 0 0 0 0 0
100	2	1 1 0 0 0 1 0 0 1 1 0 0 0 0 0 0
100	3	1 0 0 0 0 0 0 0 1 1 0 0 0 0 1 1
100	1	1 0 1 0 0 1 0 0 1 0 0 0 0 0 0 0
100	1	0 0 0 0 1 0 1 0 1 1 0 0 1 0 0 0
100	23	1 0 0 0 0 0 1 0 1 0 1 0 0 0 0 0
100	3	0 0 0 0 1 0 1 0 1 1 1 0 0 0 0 0
100	1	1 0 0 0 0 0 0 0 1 0 1 0 0 0 0 1
100	7	1 0 1 1 0 0 0 0 1 1 1 0 0 0 0 1
100	5	1 0 0 0 0 1 0 0 1 0 0 0 0 0 0 0
100	3	0 0 0 0 0 0 0 0 1 0 1 0 0 0 0 0
100	1	0 0 0 0 1 1 1 0 1 0 1 0 0 0 0 0
100	3	1 0 0 0 1 0 0 0 1 1 0 0 0 0 0 0
100	3	1 0 0 0 0 0 0 0 1 0 1 1 0 0 0 0
100	2	1 0 1 1 0 0 0 0 1 0 1 0 0 0 0 0
100	3	1 0 1 0 0 0 0 1 1 1 0 0 0 0 0 0
100	1	1 0 0 0 1 0 0 0 0 1 0 1 1 0 0 0
100	3	1 1 1 1 0 0 0 0 1 1 1 0 0 0 0 0
100	5	1 0 0 0 0 0 0 0 1 1 1 0 0 0 1 1
100	2	1 0 0 0 1 0 0 0 1 0 0 0 0 0 0 0
100	1	1 0 0 0 0 0 0 0 0 0 1 0 0 0 0 0
100	2	1 0 1 1 0 0 0 1 1 1 1 0 0 0 0 1
100	4	1 0 0 0 0 0 0 1 1 1 1 0 0 0 0 0
100	2	0 0 0 0 1 0 0 0 1 1 1 0 0 0 0 0
100	1	1 0 0 0 0 0 0 1 1 1 0 0 0 0 0 0
100	2	1 0 0 0 1 1 0 0 1 1 0 0 0 0 0 0
100	2	1 1 0 0 0 0 0 0 1 0 1 0 0 0 0 0
100	2	1 0 1 1 0 0 0 0 1 1 1 0 0 0 1 0
100	1	1 1 0 0 0 0 1 0 1 1 1 0 0 0 0 0
100	1	1 0 1 0 0 0 1 0 1 1 1 0 0 0 0 0
100	2	1 0 0 1 0 0 0 0 1 1 1 0 0 0 0 1
100	2	0 0 0 1 0 0 0 0 1 0 1 0 0 0 0 0
100	3	1 0 0 0 0 1 0 0 1 0 1 0 0 0 0 0
100	3	1 0 0 0 1 0 0 0 1 1 1 0 0 0 0 0
100	3	1 0 0 0 1 0 0 0 1 1 0 0 0 0 1 1
120	168	1 0 0 0 0 0 0 0 1 1 0 0 0 0 0 0
120	20	0 0 0 0 1 0 0 0 1 0 1 0 0 0 0 0
120	51	1 0 0 0 0 1 0 0 1 1 0 0 0 0 0 0
120	73	1 0 0 0 0 0 0 0 1 0 1 0 0 0 0 0
120	47	1 0 0 0 0 0 0 0 1 1 1 0 0 0 0 0
120	8	1 0 0 0 1 0 0 0 1 0 1 0 0 0 0 0
120	34	1 0 0 1 0 0 0 0 1 1 0 0 0 0 0 0
120	12	0 0 0 0 1 0 1 0 1 0 1 0 0 0 0 0
120	9	1 0 0 0 1 0 0 0 1 0 1 0 0 1 0 0
120	33	1 0 0 0 1 0 0 0 1 1 0 1 1 0 0 0
120	17	1 0 0 0 0 0 0 0 1 1 1 0 0 1 0 0
120	62	1 0 1 1 0 0 0 0 1 1 1 0 0 0 0 0
120	15	1 0 0 0 0 0 1 0 1 1 1 0 0 0 0 0
120	9	1 0 0 0 0 0 0 0 1 1 0 0 0 0 0 1
120	1	1 0 0 0 0 0 1 0 1 1 0 0 0 0 0 0
120	2	1 0 0 0 0 0 0 0 1 1 1 0 0 0 0 1
120	7	1 0 1 0 0 0 0 0 1 1 1 0 0 0 0 0
120	8	0 0 0 0 1 0 0 0 1 1 1 0 0 1 0 0
120	28	1 1 0 1 0 0 0 0 1 1 0 0 0 0 0 0
120	10	1 1 1 0 0 0 0 0 1 1 1 0 0 1 0 0
120	8	1 0 0 0 0 0 0 0 1 1 0 0 0 0 1 1
120	9	1 0 0 0 0 0 1 0 1 0 1 0 0 0 0 0
120	13	0 0 0 0 1 0 1 0 1 1 1 0 0 0 0 0
120	12	1 0 1 1 0 0 0 0 1 1 1 0 0 0 0 1
120	5	1 0 0 0 0 1 0 0 1 0 0 0 0 0 0 0
120	5	1 0 0 0 1 0 0 0 1 1 0 0 0 0 0 0
120	7	1 0 1 1 0 0 0 0 1 0 1 0 0 0 0 0
120	31	1 1 1 1 0 0 0 0 1 1 1 0 0 0 0 0
120	3	1 0 0 0 0 0 0 0 1 1 1 0 0 0 1 1
120	6	1 1 0 0 0 0 0 0 1 0 1 0 0 0 0 0
120	19	0 1 0 0 0 0 0 0 1 1 0 0 0 0 0 0
120	33	1 0 1 1 0 0 0 0 1 1 0 0 0 0 0 0
120	5	1 0 1 0 0 0 0 0 1 0 1 0 0 0 0 0
120	8	1 0 0 0 0 0 0 0 1 0 0 0 0 0 0 0
120	6	1 0 0 0 0 0 0 0 1 0 1 0 1 0 0 0
120	4	0 0 0 0 1 0 0 0 1 1 1 0 0 0 0 0
120	5	0 1 0 0 1 0 0 0 1 0 1 0 0 0 0 0
120	6	1 0 0 1 0 0 0 0 1 0 1 0 0 0 0 0
120	8	1 0 1 1 0 0 1 0 1 0 1 0 0 0 0 0
120	9	1 0 0 0 0 1 0 0 1 1 0 0 0 0 1 0
120	4	1 0 0 0 1 0 0 0 1 1 0 1 1 0 0 1
120	11	1 1 0 1 0 0 0 0 1 1 0 1 0 0 0 0
120	11	1 0 1 1 0 0 0 0 1 0 0 0 0 0 0 0
120	15	1 0 0 0 0 0 0 0 0 1 0 0 0 0 0 0
120	4	1 1 0 0 0 0 0 0 1 1 1 0 0 0 0 0
120	2	1 0 0 1 0 0 0 0 1 1 0 0 0 0 0 1
120	14	1 0 1 0 0 0 0 0 1 0 0 0 0 0 0 0
120	8	1 1 1 0 0 0 0 0 1 1 1 0 0 0 0 0
120	2	1 0 0 0 0 1 0 0 1 0 0 0 0 0 0 1
120	9	1 1 1 1 0 0 0 0 1 1 0 0 0 0 0 0
120	1	0 0 0 0 1 0 0 0 0 1 1 0 0 1 0 0
120	1	1 0 0 0 0 0 1 0 1 1 1 0 0 1 0 0
120	3	1 0 0 0 1 0 0 0 1 1 0 1 1 1 0 0
120	5	1 1 1 0 1 0 0 0 1 1 0 0 0 0 0 0
120	2	1 0 1 1 0 1 0 0 1 1 1 0 0 0 0 0
120	5	1 0 0 0 0 0 0 0 0 1 1 0 0 0 0 0
120	4	1 0 0 0 0 0 0 0 0 1 0 0 0 0 0 1
120	8	1 1 0 1 1 0 0 0 1 1 0 0 0 0 0 0
120	7	1 0 0 0 0 1 0 0 1 0 0 0 0 1 0 0
120	2	1 0 1 1 0 0 0 1 1 0 1 0 0 0 0 0
120	2	1 0 0 0 0 0 0 0 1 1 0 0 0 1 0 0
120	3	0 0 1 1 0 1 0 0 1 1 1 0 0 0 0 0
120	11	1 1 0 1 1 0 0 0 1 1 0 0 0 1 0 0
120	1	1 0 0 0 1 0 0 0 1 0 1 0 0 0 0 1
120	2	0 0 0 0 1 0 0 0 1 1 0 0 0 0 0 0
120	2	1 0 0 0 0 0 0 0 1 0 1 0 0 0 0 1
120	5	1 0 0 0 0 0 0 0 1 0 1 0 0 1 0 0
120	2	1 1 1 1 1 0 0 0 1 1 1 0 0 0 0 0
120	1	0 0 0 0 0 0 0 0 1 1 0 0 0 0 0 0
120	3	1 0 0 0 0 0 0 0 1 0 1 1 0 0 0 0
120	1	1 0 0 0 1 0 0 0 0 0 1 0 0 0 0 0
120	7	0 0 0 0 1 0 0 0 1 1 0 1 1 0 0 0
120	2	1 0 1 1 0 0 0 0 1 1 0 0 0 0 1 0
120	3	0 1 1 0 0 0 0 0 1 1 0 0 0 0 0 0
120	6	1 0 0 1 0 1 0 0 1 1 0 0 0 0 0 0
120	3	1 0 1 1 0 0 0 1 1 1 1 0 0 0 0 0
120	3	1 1 1 1 0 0 0 0 1 1 1 0 0 1 0 0
120	1	1 1 0 1 0 0 0 0 1 1 0 1 1 0 0 0
120	1	1 0 0 0 0 1 0 0 0 0 0 0 0 1 0 0
120	2	1 0 0 0 0 0 1 0 1 0 1 0 1 0 0 0
120	1	1 0 0 1 0 0 0 0 1 1 0 1 0 0 0 0
120	1	1 0 0 1 0 0 0 0 1 1 1 0 0 1 0 0
120	2	1 0 0 1 0 0 0 0 1 1 1 0 0 0 0 1
120	1	1 1 1 0 0 0 0 0 1 0 1 0 0 1 0 0
140	64	1 0 0 0 0 0 0 0 1 1 0 0 0 0 0 0
140	4	0 0 0 0 1 0 0 0 1 0 1 0 0 0 0 0
140	18	1 0 0 0 0 1 0 0 1 1 0 0 0 0 0 0
140	53	1 0 0 0 0 0 0 0 1 0 1 0 0 0 0 0
140	39	1 0 0 0 0 0 0 0 1 1 1 0 0 0 0 0
140	19	1 0 0 1 0 0 0 0 1 1 0 0 0 0 0 0
140	3	1 0 0 0 1 0 0 0 1 1 0 1 1 0 0 0
140	21	1 0 0 0 0 0 0 0 1 1 1 0 0 1 0 0
140	81	1 0 1 1 0 0 0 0 1 1 1 0 0 0 0 0
140	9	1 0 0 0 0 0 1 0 1 1 1 0 0 0 0 0
140	4	1 0 0 0 0 0 1 0 1 1 0 0 0 0 0 0
140	6	1 0 1 0 0 0 0 0 1 1 1 0 0 0 0 0
140	7	0 0 0 0 1 0 0 0 1 1 1 0 0 1 0 0
140	4	1 1 0 1 0 0 0 0 1 1 0 0 0 0 0 0
140	5	0 0 0 0 1 0 1 0 1 1 1 0 0 0 0 0
140	8	1 0 1 1 0 0 0 0 1 0 1 0 0 0 0 0
140	58	1 1 1 1 0 0 0 0 1 1 1 0 0 0 0 0
140	7	1 1 0 0 0 0 0 0 1 0 1 0 0 0 0 0
140	8	0 1 0 0 0 0 0 0 1 1 0 0 0 0 0 0
140	31	1 0 1 1 0 0 0 0 1 1 0 0 0 0 0 0
140	36	1 0 0 0 0 0 0 0 1 0 0 0 0 0 0 0
140	16	1 0 0 1 0 0 0 0 1 0 1 0 0 0 0 0
140	19	1 0 1 1 0 0 0 0 1 0 0 0 0 0 0 0
140	3	1 1 0 0 0 0 0 0 1 1 1 0 0 0 0 0
140	3	1 0 0 0 1 0 0 0 1 1 0 1 1 1 0 0
140	22	1 0 0 0 0 0 0 0 0 1 0 0 0 0 0 1
140	33	1 1 0 1 1 0 0 0 1 1 0 0 0 0 0 0
140	17	1 0 1 1 0 0 0 1 1 0 1 0 0 0 0 0
140	16	1 0 0 0 0 0 0 0 1 0 1 0 0 1 0 0
140	5	1 0 0 1 0 1 0 0 1 1 0 0 0 0 0 0
140	15	1 1 1 1 0 0 0 0 1 1 1 0 0 1 0 0
140	13	1 1 0 1 0 0 0 0 1 1 0 0 0 0 1 0
140	8	1 0 0 0 0 1 0 0 1 1 1 0 0 0 0 0
140	3	1 0 1 0 0 0 0 0 1 1 0 0 0 0 0 0
140	27	1 0 0 0 0 0 0 0 1 1 0 0 1 0 0 0
140	7	1 0 0 0 0 0 0 0 0 0 1 0 0 0 0 0
140	19	1 1 1 1 1 0 0 0 1 1 1 0 0 0 0 0
140	14	1 0 1 0 0 0 0 0 1 1 0 0 0 1 0 0
140	5	1 0 0 0 0 0 0 0 1 1 0 0 0 1 0 0
140	2	1 0 0 0 0 0 0 0 1 1 0 1 1 0 0 0
140	10	1 1 0 1 0 0 0 0 0 1 0 0 0 0 0 0
140	9	1 0 0 1 0 0 0 0 1 0 1 0 0 0 1 0
140	19	1 0 1 1 0 1 0 0 1 1 0 0 0 0 0 0
140	5	0 1 0 0 0 0 0 0 1 1 1 0 0 0 0 0
140	4	1 0 0 0 0 0 0 1 1 1 0 0 0 0 0 0
140	15	1 0 1 0 1 0 0 0 1 1 1 0 0 0 0 0
140	8	1 0 0 1 0 0 0 0 1 1 0 1 0 0 0 0
140	2	0 1 1 0 0 0 0 0 1 1 0 0 1 0 0 0
140	16	1 0 0 1 0 0 0 0 1 1 1 0 0 0 0 0
140	7	1 0 1 1 1 0 0 0 1 1 0 0 0 0 0 0
140	21	1 0 0 0 0 0 0 1 1 0 1 0 0 0 0 0
140	4	1 0 0 0 0 1 0 0 1 1 0 0 1 0 0 0
140	2	1 0 1 1 0 0 0 0 0 1 0 0 0 0 0 1
140	3	1 1 1 0 0 0 0 0 1 1 0 0 0 1 0 0
140	6	1 0 0 0 0 0 0 0 1 1 0 0 0 0 1 0
140	4	1 0 0 0 0 0 1 0 1 1 1 0 1 0 0 0
140	8	1 1 1 1 0 0 0 0 1 0 1 0 0 0 0 0
140	1	1 0 0 0 0 0 0 0 1 0 1 0 0 0 1 0
140	12	1 1 1 1 0 0 0 0 1 1 0 0 0 0 0 0
140	3	1 0 1 1 0 1 0 0 1 1 0 0 0 1 0 0
140	4	1 0 1 1 0 0 0 0 1 1 0 0 1 0 0 0
140	6	0 1 0 0 0 0 0 0 1 1 1 0 0 1 0 0
140	1	1 0 0 0 0 0 0 1 1 1 1 0 0 0 0 0
140	3	1 0 1 1 0 0 0 1 1 1 1 0 0 0 0 0
140	3	1 1 0 0 0 0 0 0 1 1 0 0 0 0 0 0
140	4	0 0 0 0 0 0 0 0 1 0 0 0 0 0 0 0
140	4	1 1 1 1 0 0 0 0 1 1 1 0 0 0 1 0
140	2	1 0 1 0 0 0 0 0 0 1 0 0 0 0 0 1
140	1	1 1 1 1 0 0 0 0 1 1 0 0 0 1 0 0
140	2	1 0 0 0 1 0 0 0 1 1 1 0 0 1 0 0
140	15	1 1 0 0 0 0 0 0 0 1 0 0 0 0 0 1
140	2	1 0 0 0 0 0 0 1 1 1 0 0 1 0 0 0
140	12	1 0 0 1 0 0 0 0 1 0 1 1 0 0 1 0
140	2	1 0 0 0 0 0 0 0 1 1 1 0 0 0 1 0
140	2	1 0 1 1 0 0 0 0 1 1 0 0 0 1 0 0
140	5	1 0 0 0 0 0 0 0 1 0 0 0 0 0 1 0
140	3	1 0 0 0 1 0 0 0 1 1 1 1 1 1 0 0
140	1	1 0 1 0 1 0 1 0 1 1 1 0 0 0 0 0
140	2	1 0 1 1 0 0 0 0 0 1 0 0 0 0 0 0
140	3	1 0 1 1 0 0 0 0 1 0 1 0 0 1 0 0
140	2	1 1 0 1 1 0 0 0 1 1 1 0 0 0 0 0
140	2	1 0 0 0 0 0 0 0 1 0 1 0 1 0 0 0
140	1	1 1 1 0 0 0 0 0 1 1 1 0 0 0 0 0
140	2	1 1 0 1 0 1 0 0 0 1 0 0 0 0 0 0
140	4	1 1 1 1 1 0 0 0 1 1 0 0 0 1 0 0
140	2	1 0 1 1 0 0 0 0 1 1 1 0 0 1 0 0
140	3	0 0 0 0 1 0 0 0 1 1 1 0 0 0 0 0
140	1	1 0 1 0 0 0 0 0 1 1 1 0 0 1 0 0
140	2	1 0 0 0 0 1 0 0 1 1 0 0 0 1 0 0
140	2	1 0 1 1 0 1 0 0 1 1 1 0 0 0 0 0
140	1	1 1 1 1 0 0 1 0 1 1 1 0 0 0 0 0
140	1	1 0 0 0 0 0 0 0 0 1 0 0 0 1 0 1
140	1	1 0 0 1 0 1 0 0 1 1 0 1 0 0 0 0
140	1	1 1 1 1 1 0 0 0 1 0 1 0 0 0 0 0
140	1	1 0 0 0 0 0 0 0 1 1 0 1 0 1 0 0
140	1	1 1 0 1 0 0 0 0 1 0 1 0 0 0 1 0
140	2	0 0 0 0 0 0 0 0 1 1 1 0 0 0 0 0
140	3	0 0 0 0 0 0 0 1 1 0 0 0 0 0 0 0
160	44	1 0 0 0 0 0 0 0 1 1 0 0 0 0 0 0
160	16	1 0 0 0 0 1 0 0 1 1 0 0 0 0 0 0
160	52	1 0 0 0 0 0 0 0 1 0 1 0 0 0 0 0
160	7	1 0 0 0 0 0 0 0 1 1 1 0 0 0 0 0
160	85	1 0 1 1 0 0 0 0 1 1 1 0 0 0 0 0
160	9	1 0 0 0 0 0 1 0 1 1 1 0 0 0 0 0
160	6	1 0 0 0 0 0 1 0 1 1 0 0 0 0 0 0
160	17	1 1 0 1 0 0 0 0 1 1 0 0 0 0 0 0
160	15	1 0 1 1 0 0 0 0 1 0 1 0 0 0 0 0
160	60	1 1 1 1 0 0 0 0 1 1 1 0 0 0 0 0
160	23	1 1 0 0 0 0 0 0 1 0 1 0 0 0 0 0
160	54	1 0 1 1 0 0 0 0 1 1 0 0 0 0 0 0
160	65	1 0 0 0 0 0 0 0 1 0 0 0 0 0 0 0
160	9	1 0 0 1 0 0 0 0 1 0 1 0 0 0 0 0
160	14	1 0 1 1 0 0 0 0 1 0 0 0 0 0 0 0
160	18	1 0 0 0 0 0 0 0 0 1 0 0 0 0 0 1
160	34	1 1 0 1 1 0 0 0 1 1 0 0 0 0 0 0
160	27	1 1 1 1 0 0 0 0 1 1 1 0 0 1 0 0
160	11	1 1 0 1 0 0 0 0 1 1 0 0 0 0 1 0
160	2	1 0 0 0 0 1 0 0 1 1 1 0 0 0 0 0
160	17	1 0 0 0 0 0 0 0 1 1 0 0 1 0 0 0
160	16	1 1 1 1 1 0 0 0 1 1 1 0 0 0 0 0
160	7	1 0 0 0 0 0 0 0 1 1 0 0 0 1 0 0
160	30	1 0 1 1 0 1 0 0 1 1 0 0 0 0 0 0
160	11	0 1 0 0 0 0 0 0 1 1 1 0 0 0 0 0
160	38	1 0 0 0 0 0 0 1 1 1 0 0 0 0 0 0
160	40	1 0 1 0 1 0 0 0 1 1 1 0 0 0 0 0
160	13	1 0 0 1 0 0 0 0 1 1 0 1 0 0 0 0
160	2	0 1 1 0 0 0 0 0 1 1 0 0 1 0 0 0
160	15	1 0 0 1 0 0 0 0 1 1 1 0 0 0 0 0
160	3	1 0 1 1 1 0 0 0 1 1 0 0 0 0 0 0
160	3	1 0 0 0 0 0 0 1 1 0 1 0 0 0 0 0
160	16	1 0 0 0 0 1 0 0 1 1 0 0 1 0 0 0
160	1	1 0 0 0 0 0 0 0 1 0 0 0 0 0 1 0
160	5	1 0 1 1 0 0 0 0 1 0 1 0 0 1 0 0
160	14	0 0 0 0 1 0 0 0 1 1 1 0 0 0 0 0
160	2	0 0 0 0 0 0 0 1 1 0 0 0 0 0 0 0
160	5	1 1 0 1 1 0 0 0 1 0 1 0 0 1 0 0
160	14	1 1 1 1 1 0 0 0 1 0 1 0 0 0 0 0
160	1	1 0 0 0 0 0 0 0 1 1 0 0 0 0 0 1
160	17	1 0 1 1 0 0 0 0 0 1 1 0 0 0 0 0
160	3	1 1 1 1 0 0 0 0 1 1 1 0 1 0 0 0
160	4	1 0 0 1 0 0 0 1 1 0 1 0 0 0 0 0
160	8	1 0 0 1 0 0 0 0 1 1 0 0 1 0 0 0
160	3	1 0 0 0 0 0 1 0 1 1 1 0 0 1 0 0
160	2	1 1 0 1 1 1 0 0 1 1 0 0 0 0 0 0
160	11	1 0 1 1 0 0 0 0 1 1 1 0 0 0 1 0
160	19	0 1 1 0 0 0 0 0 1 0 0 0 0 0 0 0
160	4	1 0 1 1 0 0 0 0 1 1 1 1 0 0 0 0
160	2	1 0 1 1 0 1 0 0 1 1 0 0 1 0 0 0
160	3	1 1 0 0 1 0 0 0 1 0 0 0 0 0 0 0
160	3	1 1 0 1 1 0 0 0 1 1 1 0 0 0 0 0
160	3	1 1 1 1 0 0 0 0 1 0 1 0 0 1 0 0
160	2	1 0 0 1 1 0 0 0 1 0 1 0 0 0 0 0
160	3	1 1 0 0 0 0 0 0 1 1 1 0 0 0 0 0
160	5	1 1 1 1 1 1 0 0 1 1 0 0 0 0 0 1
160	3	1 0 1 1 0 0 0 0 0 1 1 1 0 0 0 0
160	2	1 0 1 1 0 1 0 0 1 1 1 0 0 0 0 0
160	2	1 1 0 0 0 0 0 1 1 1 0 0 0 0 0 0
160	3	1 0 1 0 0 0 1 0 1 1 1 0 0 0 0 0
160	2	1 1 0 1 1 0 0 1 1 1 0 0 0 0 0 0
160	3	1 1 0 1 0 0 1 0 1 1 0 0 0 0 1 0
160	4	1 0 0 0 0 0 1 0 0 1 1 0 0 1 0 0
160	5	1 1 0 0 1 0 0 0 1 1 1 0 0 0 0 0
160	1	1 0 0 0 0 0 0 1 1 1 1 0 0 0 0 0
160	4	1 0 0 1 0 0 0 0 1 1 0 0 0 0 0 0
160	7	1 1 1 1 0 0 1 0 1 1 1 0 0 0 0 0
160	3	1 1 1 0 0 0 0 0 1 1 1 0 0 0 0 0
160	4	1 0 0 0 0 0 0 0 0 1 0 1 0 0 0 1
160	8	1 0 1 1 0 0 0 1 1 1 1 0 0 0 0 0
160	3	1 0 0 0 0 0 0 0 0 0 1 0 0 0 0 0
160	3	1 0 1 0 1 0 1 0 1 1 1 0 0 0 0 0
160	7	1 1 0 0 0 0 1 1 1 1 0 0 0 0 0 0
160	1	1 0 1 1 0 0 0 0 1 1 0 0 1 0 0 0
160	3	1 0 0 1 0 0 0 0 1 0 1 0 0 0 0 1
160	3	1 0 0 0 0 1 0 1 1 1 0 0 0 0 0 0
160	5	1 1 0 0 0 0 1 0 1 0 1 0 0 0 0 0
160	2	1 0 0 0 0 0 0 0 1 0 0 0 1 0 0 0
160	1	1 0 0 0 1 0 0 0 1 0 0 0 0 0 0 0
160	2	1 1 1 1 0 0 0 0 1 1 0 0 0 1 0 0
160	2	0 1 1 1 0 0 0 0 1 1 1 0 0 1 0 0
160	1	1 1 1 1 0 0 0 0 1 1 1 0 0 1 0 1
160	1	1 1 1 0 1 1 0 0 1 1 0 0 0 0 0 1
160	2	0 0 0 0 0 0 0 0 1 0 0 0 0 0 0 0
180	17	1 0 0 0 0 1 0 0 1 1 0 0 0 0 0 0
180	4	1 0 0 0 0 0 0 0 1 0 1 0 0 0 0 0
180	39	1 0 1 1 0 0 0 0 1 1 1 0 0 0 0 0
180	9	1 0 0 0 0 0 1 0 1 1 0 0 0 0 0 0
180	18	1 1 0 1 0 0 0 0 1 1 0 0 0 0 0 0
180	10	1 1 1 1 0 0 0 0 1 1 1 0 0 0 0 0
180	3	1 1 0 0 0 0 0 0 1 0 1 0 0 0 0 0
180	48	1 0 1 1 0 0 0 0 1 1 0 0 0 0 0 0
180	53	1 0 0 0 0 0 0 0 1 0 0 0 0 0 0 0
180	1	1 0 0 1 0 0 0 0 1 0 1 0 0 0 0 0
180	26	1 0 1 1 0 0 0 0 1 0 0 0 0 0 0 0
180	6	1 0 0 0 0 0 0 0 0 1 0 0 0 0 0 1
180	5	1 1 0 1 1 0 0 0 1 1 0 0 0 0 0 0
180	6	1 1 1 1 0 0 0 0 1 1 1 0 0 1 0 0
180	20	1 1 0 1 0 0 0 0 1 1 0 0 0 0 1 0
180	4	1 1 1 1 1 0 0 0 1 1 1 0 0 0 0 0
180	43	1 0 1 1 0 1 0 0 1 1 0 0 0 0 0 0
180	13	0 1 0 0 0 0 0 0 1 1 1 0 0 0 0 0
180	23	1 0 0 0 0 0 0 1 1 1 0 0 0 0 0 0
180	20	1 0 1 0 1 0 0 0 1 1 1 0 0 0 0 0
180	13	1 0 0 1 0 0 0 0 1 1 0 1 0 0 0 0
180	15	1 0 0 1 0 0 0 0 1 1 1 0 0 0 0 0
180	4	1 0 0 0 0 1 0 0 1 1 0 0 1 0 0 0
180	7	1 0 1 1 0 0 0 0 1 0 1 0 0 1 0 0
180	11	1 1 1 1 1 0 0 0 1 0 1 0 0 0 0 0
180	3	1 0 1 1 0 0 0 0 0 1 1 0 0 0 0 0
180	8	1 0 0 1 0 0 0 0 1 1 0 0 1 0 0 0
180	20	0 1 1 0 0 0 0 0 1 0 0 0 0 0 0 0
180	12	1 1 0 1 1 0 0 0 1 1 1 0 0 0 0 0
180	22	1 1 1 1 0 0 0 0 1 0 1 0 0 1 0 0
180	1	1 0 1 1 0 1 0 0 1 1 1 0 0 0 0 0
180	32	1 1 1 1 0 0 1 0 1 1 1 0 0 0 0 0
180	31	1 0 1 1 0 0 0 1 1 1 1 0 0 0 0 0
180	12	1 0 0 0 0 0 0 0 0 0 1 0 0 0 0 0
180	8	1 0 1 0 1 0 1 0 1 1 1 0 0 0 0 0
180	6	1 1 0 0 0 0 1 0 1 0 1 0 0 0 0 0
180	28	1 0 1 0 1 0 0 0 1 1 1 0 0 0 1 0
180	29	1 1 1 1 0 1 0 0 1 1 0 0 0 0 0 0
180	9	1 0 0 1 0 0 0 0 1 0 0 0 0 0 0 0
180	6	1 1 0 1 0 0 0 0 1 0 0 0 0 0 0 0
180	6	1 0 0 0 0 1 0 0 1 0 0 0 0 0 0 0
180	26	1 1 0 1 1 0 0 0 0 1 0 0 0 0 0 0
180	2	1 0 0 1 0 0 0 0 1 1 0 1 0 0 1 0
180	3	1 0 1 1 1 0 0 0 0 1 1 0 0 0 0 0
180	3	1 0 1 1 0 0 0 0 0 1 0 0 0 0 0 0
180	23	1 0 1 1 0 0 0 0 1 1 0 0 0 0 0 1
180	7	1 0 1 0 0 0 0 1 1 1 0 0 0 0 0 0
180	8	1 0 1 1 0 0 0 0 1 1 1 1 0 1 0 0
180	4	0 0 0 0 0 0 0 1 1 1 0 0 0 0 0 0
180	12	1 0 1 1 1 0 0 0 1 1 1 0 0 0 0 0
180	1	1 0 0 0 0 0 0 0 1 0 1 0 0 1 0 0
180	5	1 0 1 1 0 0 0 1 0 1 1 0 0 0 0 0
180	5	1 0 1 1 0 0 0 1 1 1 0 0 0 0 0 0
180	4	1 1 1 1 0 0 1 0 1 1 1 0 1 0 0 0
180	12	0 0 0 0 0 0 0 1 1 1 0 0 0 0 0 1
180	5	1 0 1 1 1 0 0 0 1 1 0 0 0 0 0 0
180	14	1 0 0 1 0 0 0 0 0 1 0 1 0 0 0 0
180	9	1 0 1 0 0 1 0 0 1 1 0 0 0 0 0 0
180	1	0 0 0 0 1 0 0 0 1 1 1 0 0 1 0 0
180	7	1 1 1 1 0 0 0 0 1 0 1 0 0 1 1 0
180	4	1 0 0 0 0 0 1 0 1 0 1 0 0 0 0 0
180	8	1 1 0 1 1 0 0 0 0 1 0 0 0 0 0 1
180	2	0 1 1 0 0 0 0 0 1 1 0 0 0 0 0 0
180	3	0 1 1 0 0 0 0 0 1 0 0 0 1 0 0 0
180	10	1 0 1 1 1 0 1 0 1 0 1 0 0 0 0 0
180	3	0 1 1 0 0 0 0 1 1 0 0 0 0 0 0 0
180	3	0 1 1 0 0 0 1 0 1 0 0 0 0 0 0 0
180	8	1 0 1 0 0 0 0 1 1 1 1 0 0 0 0 0
180	7	1 1 0 1 1 0 0 0 1 0 0 0 0 0 0 0
180	1	1 1 0 1 1 0 0 0 1 1 0 0 0 0 0 1
180	7	1 0 1 0 1 0 0 0 1 1 1 0 1 0 0 0
180	9	0 1 1 0 1 0 0 0 1 0 0 0 0 0 0 0
180	8	1 1 1 1 1 0 0 0 1 0 0 0 0 1 0 0
180	2	1 1 0 1 1 0 0 0 0 1 0 0 0 1 0 0
180	7	1 0 1 1 0 0 1 1 1 1 1 0 0 0 0 0
180	9	1 0 0 0 1 0 0 0 1 0 0 0 0 0 0 0
180	5	1 0 1 1 0 1 0 1 1 1 0 0 0 0 0 0
180	8	0 1 1 1 1 0 0 0 1 0 1 0 0 0 0 0
180	2	1 0 0 0 0 0 0 0 0 1 0 0 0 0 0 0
180	3	1 0 0 1 0 0 0 0 1 0 1 0 0 1 0 0
180	8	1 0 1 1 0 0 0 0 1 0 0 0 0 1 0 0
180	3	1 1 1 1 1 1 0 0 1 0 1 0 0 0 0 0
180	3	1 0 0 0 0 0 0 0 0 0 1 1 0 0 0 0
180	1	1 1 1 1 1 0 0 0 0 1 0 0 0 0 0 0
180	1	1 0 0 1 0 0 0 0 1 1 0 0 0 0 0 1
180	4	1 0 0 1 0 0 0 1 0 1 1 0 0 0 0 0
180	4	1 1 1 0 0 0 0 0 1 1 0 0 0 0 0 0
180	2	1 0 0 1 1 0 0 0 1 1 0 0 0 0 0 0
180	8	0 1 1 0 1 0 0 0 1 1 0 0 0 0 0 0
180	4	1 1 0 1 1 1 0 0 0 1 0 0 0 1 0 0
180	1	1 1 1 1 0 0 1 0 1 1 1 0 0 0 0 1
180	7	1 1 0 1 1 0 0 0 1 1 0 0 1 0 0 0
180	3	1 1 1 1 1 0 0 1 1 0 1 0 0 0 0 0
180	4	1 1 0 1 0 0 0 0 0 1 0 0 0 0 0 0
180	2	1 0 1 1 0 0 0 1 1 1 0 0 0 0 0 1
180	1	1 1 1 1 0 0 0 0 1 1 0 0 0 0 0 0
180	2	1 0 1 1 0 0 0 0 1 1 0 0 0 1 0 0
180	1	0 1 0 0 0 0 1 0 1 1 1 0 0 0 0 0
180	1	1 0 0 0 0 0 0 1 1 0 0 0 0 0 0 0
180	7	1 1 0 1 0 0 0 0 1 0 0 0 0 0 0 1
180	1	1 0 1 1 0 0 0 0 1 1 1 0 0 1 0 0
180	5	1 0 0 1 0 1 0 0 1 1 0 0 0 0 0 0
180	1	1 1 1 0 1 0 0 0 1 1 1 0 0 0 0 0
180	3	1 0 1 1 0 1 0 0 1 1 1 1 0 0 0 0
180	1	1 0 1 1 0 0 1 0 1 1 1 0 0 0 0 0
180	1	1 0 0 1 1 0 0 0 1 0 0 0 0 0 0 0
180	1	1 0 0 0 0 1 0 0 0 0 0 0 0 0 0 0
180	1	1 0 1 1 1 0 0 0 0 1 1 0 1 0 0 0
180	1	1 0 0 0 0 0 0 0 1 0 1 0 1 1 0 0
180	1	1 0 0 0 0 0 0 0 1 1 1 0 0 0 0 0
180	2	1 0 1 1 1 0 0 0 1 1 1 0 0 0 1 0
180	1	1 0 0 0 0 0 0 1 1 1 1 0 0 0 0 0
180	3	0 0 1 0 0 0 0 0 1 0 0 0 0 0 0 0
200	5	1 0 0 0 0 1 0 0 1 1 0 0 0 0 0 0
200	42	1 0 1 1 0 0 0 0 1 1 1 0 0 0 0 0
200	12	1 0 0 0 0 0 1 0 1 1 0 0 0 0 0 0
200	14	1 1 0 1 0 0 0 0 1 1 0 0 0 0 0 0
200	10	1 1 1 1 0 0 0 0 1 1 1 0 0 0 0 0
200	83	1 0 1 1 0 0 0 0 1 1 0 0 0 0 0 0
200	16	1 0 0 0 0 0 0 0 1 0 0 0 0 0 0 0
200	2	1 1 0 1 0 0 0 0 1 1 0 0 0 0 1 0
200	12	1 1 1 1 1 0 0 0 1 1 1 0 0 0 0 0
200	37	1 0 1 1 0 1 0 0 1 1 0 0 0 0 0 0
200	2	1 0 0 0 0 0 0 1 1 1 0 0 0 0 0 0
200	5	1 0 1 0 1 0 0 0 1 1 1 0 0 0 0 0
200	11	1 0 0 1 0 0 0 0 1 1 0 1 0 0 0 0
200	8	1 0 0 1 0 0 0 0 1 1 1 0 0 0 0 0
200	5	1 0 1 1 0 0 0 0 1 0 1 0 0 1 0 0
200	11	1 1 1 1 1 0 0 0 1 0 1 0 0 0 0 0
200	15	0 1 1 0 0 0 0 0 1 0 0 0 0 0 0 0
200	8	1 1 0 1 1 0 0 0 1 1 1 0 0 0 0 0
200	33	1 1 1 1 0 0 0 0 1 0 1 0 0 1 0 0
200	5	1 0 1 1 0 1 0 0 1 1 1 0 0 0 0 0
200	27	1 1 1 1 0 0 1 0 1 1 1 0 0 0 0 0
200	21	1 0 1 1 0 0 0 1 1 1 1 0 0 0 0 0
200	10	1 0 1 0 1 0 1 0 1 1 1 0 0 0 0 0
200	18	1 1 1 1 0 1 0 0 1 1 0 0 0 0 0 0
200	9	1 1 0 1 1 0 0 0 0 1 0 0 0 0 0 0
200	29	1 0 1 1 0 0 0 0 1 1 0 0 0 0 0 1
200	18	1 0 1 0 0 0 0 1 1 1 0 0 0 0 0 0
200	34	1 0 1 1 1 0 0 0 1 1 0 0 0 0 0 0
200	6	1 0 0 0 0 0 1 0 1 0 1 0 0 0 0 0
200	19	1 1 0 1 1 0 0 0 0 1 0 0 0 0 0 1
200	21	1 0 1 1 1 0 1 0 1 0 1 0 0 0 0 0
200	6	1 0 1 0 0 0 0 1 1 1 1 0 0 0 0 0
200	2	1 1 0 1 1 0 0 0 1 0 0 0 0 0 0 0
200	9	0 1 1 0 1 0 0 0 1 0 0 0 0 0 0 0
200	20	1 1 0 1 1 0 0 0 0 1 0 0 0 1 0 0
200	3	1 0 0 0 1 0 0 0 1 0 0 0 0 0 0 0
200	10	0 1 1 1 1 0 0 0 1 0 1 0 0 0 0 0
200	5	1 0 0 1 0 0 0 0 1 0 1 0 0 1 0 0
200	3	1 1 1 1 1 1 0 0 1 0 1 0 0 0 0 0
200	9	1 1 1 1 1 0 0 0 0 1 0 0 0 0 0 0
200	5	0 1 1 0 1 0 0 0 1 1 0 0 0 0 0 0
200	9	1 1 0 1 1 0 0 0 1 1 0 0 1 0 0 0
200	8	1 0 0 1 0 1 0 0 1 1 0 0 0 0 0 0
200	12	1 1 0 1 1 0 0 0 1 0 1 0 0 0 0 0
200	5	1 0 1 1 0 1 0 0 1 1 0 0 0 0 1 0
200	3	1 0 0 1 0 0 1 0 1 1 0 0 1 0 0 0
200	5	1 0 1 1 0 1 0 1 1 1 1 0 0 0 0 0
200	3	1 0 0 1 1 0 0 0 1 1 1 0 0 0 0 0
200	12	1 0 1 1 0 0 1 0 1 1 0 0 0 0 0 0
200	1	1 0 0 0 0 0 0 0 1 1 1 0 0 0 0 0
200	8	0 0 0 0 0 0 0 1 1 1 0 0 0 0 0 0
200	26	1 1 0 1 0 0 0 0 0 1 0 1 0 0 0 0
200	2	1 1 0 1 1 0 0 0 0 1 0 1 0 0 0 1
200	2	1 0 0 1 1 0 0 0 1 1 1 0 0 0 0 1
200	3	1 0 1 1 0 1 0 0 1 0 0 0 0 0 0 0
200	9	1 0 0 0 0 0 1 0 1 1 0 0 0 0 0 1
200	3	1 0 1 1 0 0 0 0 0 1 1 0 0 0 0 1
200	4	1 0 0 1 0 0 0 0 1 1 1 0 0 1 0 0
200	4	0 0 1 0 0 0 0 0 1 0 0 0 0 0 0 0
200	2	0 1 1 0 0 0 0 0 0 0 0 0 0 0 0 0
200	8	1 1 0 0 0 0 0 0 1 0 1 0 0 0 0 0
200	2	1 1 0 1 0 0 0 0 1 0 1 0 0 1 0 0
200	4	1 0 1 1 0 1 0 0 1 1 0 0 0 0 0 1
200	4	1 1 1 1 1 0 0 0 0 1 1 0 1 0 0 0
200	10	1 0 1 1 0 1 0 0 1 1 1 0 0 1 0 0
200	1	0 1 1 0 0 0 0 0 1 1 0 0 0 1 0 0
200	6	1 0 1 1 0 0 0 0 1 0 0 0 0 0 0 0
200	10	1 0 1 0 0 1 0 0 1 1 0 0 0 0 0 0
200	12	1 0 1 1 0 1 0 0 1 0 1 0 0 0 0 0
200	5	0 0 1 1 0 0 0 1 1 1 1 0 0 0 0 0
200	33	1 0 0 0 0 0 1 0 1 0 0 0 0 0 0 0
200	18	0 1 0 0 1 0 0 0 1 1 0 0 0 0 0 0
200	4	1 0 0 0 0 0 0 0 1 1 1 0 1 0 0 0
200	6	0 1 1 1 0 0 1 0 1 1 1 0 0 0 1 0
200	10	1 1 0 1 1 0 0 0 0 1 1 0 0 0 0 0
200	5	1 0 1 0 0 0 0 0 1 1 1 0 0 0 0 0
200	17	1 0 1 1 0 1 0 0 1 1 0 0 1 0 0 0
200	10	1 0 1 1 0 0 0 0 1 0 0 0 0 1 0 0
200	10	1 1 0 1 0 0 0 0 1 1 0 1 0 0 1 0
200	5	1 0 0 0 0 0 0 0 1 1 0 0 0 0 0 0
200	1	1 1 1 1 0 1 0 0 1 0 1 0 0 0 0 0
200	3	0 1 1 1 1 0 0 0 1 0 0 0 0 0 0 0
200	2	1 0 0 0 0 1 0 1 1 0 0 0 0 0 0 0
200	4	1 0 0 0 0 1 0 0 1 0 1 0 0 0 0 0
200	2	0 0 0 0 1 0 0 0 1 0 0 0 0 0 0 0
200	5	1 0 1 1 1 0 0 0 0 1 1 0 0 0 0 0
200	4	0 1 1 0 1 0 0 0 1 1 1 0 0 0 0 0
200	1	0 1 1 0 1 0 0 0 1 0 0 0 0 0 0 1
200	2	1 1 1 1 0 0 0 0 1 1 0 0 0 0 0 0
200	3	1 0 1 1 0 1 0 1 1 1 0 0 0 0 0 0
200	3	1 0 0 1 1 0 0 0 1 1 0 0 0 0 0 0
200	1	1 1 1 1 1 1 0 1 1 0 1 0 0 0 0 0
200	1	0 1 1 1 0 0 0 0 1 0 0 0 0 0 0 0
200	1	1 0 1 1 0 0 0 1 1 1 0 0 0 0 0 0
200	1	1 0 0 0 0 0 0 1 1 1 1 0 0 0 0 0
200	6	0 1 1 0 1 0 0 0 1 1 0 0 0 1 0 0
200	6	1 0 0 0 0 0 1 0 1 1 1 0 0 0 0 0
200	2	1 0 0 0 0 0 1 0 1 0 0 0 0 0 0 1
200	1	1 0 1 1 0 0 0 0 1 1 0 0 0 0 1 0
200	2	1 0 1 1 0 0 0 1 1 0 1 0 0 0 0 0
200	3	1 0 1 1 0 0 0 0 1 1 1 0 0 0 0 1
200	1	1 0 1 1 0 0 1 0 1 1 0 0 0 0 0 1
200	1	1 1 1 0 1 0 0 0 1 0 0 0 0 0 0 0
200	2	0 1 1 1 0 0 0 0 1 0 1 0 0 0 0 0
200	1	1 0 1 0 1 0 1 0 1 0 1 0 0 0 0 0
200	2	1 1 0 1 1 0 0 0 1 1 0 0 0 0 0 0
200	2	1 0 1 1 1 0 0 0 1 0 0 0 0 0 0 0
200	1	1 0 1 1 1 0 1 0 1 0 0 0 0 0 0 1
200	1	1 0 0 1 0 0 0 0 1 1 0 0 0 0 0 1
200	2	1 0 1 1 0 0 1 0 1 1 1 0 0 0 0 0
200	1	0 0 1 1 0 0 0 0 1 1 0 0 0 0 0 0
200	1	1 0 1 1 0 0 0 0 1 1 0 0 0 1 0 0
200	1	1 0 0 1 0 0 1 0 1 1 0 1 0 0 0 0
200	1	1 1 1 1 0 0 1 0 1 1 0 0 0 0 0 0
200	1	1 1 0 1 1 0 0 0 0 1 0 1 0 0 0 0
200	2	1 0 1 0 0 0 0 0 1 1 0 0 0 0 0 0
200	2	0 0 0 0 0 0 0 1 1 1 0 1 0 0 0 0
200	1	0 1 0 0 1 0 0 1 1 1 0 0 0 0 0 0
200	1	1 0 0 0 0 1 0 0 0 0 1 0 0 0 0 0
200	1	1 0 1 0 0 0 0 0 1 0 0 1 0 0 0 0
220	17	1 0 1 1 0 0 0 0 1 1 1 0 0 0 0 0
220	3	1 0 0 0 0 0 1 0 1 1 0 0 0 0 0 0
220	21	1 1 0 1 0 0 0 0 1 1 0 0 0 0 0 0
220	13	1 1 1 1 0 0 0 0 1 1 1 0 0 0 0 0
220	132	1 0 1 1 0 0 0 0 1 1 0 0 0 0 0 0
220	1	1 0 0 0 0 0 0 0 1 0 0 0 0 0 0 0
220	8	1 0 1 1 0 1 0 0 1 1 0 0 0 0 0 0
220	14	1 0 1 1 0 0 0 0 1 0 1 0 0 1 0 0
220	25	1 1 1 1 1 0 0 0 1 0 1 0 0 0 0 0
220	11	0 1 1 0 0 0 0 0 1 0 0 0 0 0 0 0
220	46	1 1 0 1 1 0 0 0 1 1 1 0 0 0 0 0
220	21	1 1 1 1 0 0 0 0 1 0 1 0 0 1 0 0
220	1	1 0 1 1 0 1 0 0 1 1 1 0 0 0 0 0
220	2	1 1 1 1 0 0 1 0 1 1 1 0 0 0 0 0
220	7	1 0 1 1 0 0 0 1 1 1 1 0 0 0 0 0
220	3	1 0 1 0 1 0 1 0 1 1 1 0 0 0 0 0
220	19	1 1 1 1 0 1 0 0 1 1 0 0 0 0 0 0
220	5	1 1 0 1 1 0 0 0 0 1 0 0 0 0 0 0
220	26	1 0 1 0 0 0 0 1 1 1 0 0 0 0 0 0
220	15	1 0 1 1 1 0 0 0 1 1 0 0 0 0 0 0
220	1	1 0 0 0 0 0 1 0 1 0 1 0 0 0 0 0
220	17	1 0 1 1 1 0 1 0 1 0 1 0 0 0 0 0
220	19	1 1 0 1 1 0 0 0 1 0 0 0 0 0 0 0
220	3	0 1 1 0 1 0 0 0 1 0 0 0 0 0 0 0
220	37	1 1 0 1 1 0 0 0 0 1 0 0 0 1 0 0
220	2	1 0 0 0 1 0 0 0 1 0 0 0 0 0 0 0
220	14	1 1 1 1 1 0 0 0 0 1 0 0 0 0 0 0
220	3	0 1 1 0 1 0 0 0 1 1 0 0 0 0 0 0
220	13	1 0 0 1 0 1 0 0 1 1 0 0 0 0 0 0
220	3	1 0 1 1 0 1 0 0 1 1 0 0 0 0 1 0
220	1	1 0 0 1 0 0 1 0 1 1 0 0 1 0 0 0
220	15	1 0 1 1 0 0 1 0 1 1 0 0 0 0 0 0
220	3	1 1 0 1 0 0 0 0 0 1 0 1 0 0 0 0
220	25	1 0 0 0 0 0 1 0 1 1 0 0 0 0 0 1
220	12	1 0 0 1 0 0 0 0 1 1 1 0 0 1 0 0
220	28	1 1 0 0 0 0 0 0 1 0 1 0 0 0 0 0
220	2	1 0 1 1 0 1 0 0 1 1 0 0 0 0 0 1
220	2	1 0 1 1 0 1 0 0 1 1 1 0 0 1 0 0
220	4	1 0 1 0 0 1 0 0 1 1 0 0 0 0 0 0
220	11	1 0 0 0 0 0 1 0 1 0 0 0 0 0 0 0
220	6	0 1 1 1 0 0 1 0 1 1 1 0 0 0 1 0
220	8	1 1 0 1 1 0 0 0 0 1 1 0 0 0 0 0
220	10	1 0 1 1 0 1 0 0 1 1 0 0 1 0 0 0
220	11	1 0 1 1 0 0 0 0 1 0 0 0 0 1 0 0
220	24	0 1 1 1 1 0 0 0 1 0 0 0 0 0 0 0
220	26	1 1 1 1 0 0 0 0 1 1 0 0 0 0 0 0
220	9	0 1 1 1 0 0 0 0 1 0 1 0 0 0 0 0
220	3	1 1 0 1 1 0 0 0 1 1 0 0 0 0 0 0
220	2	1 1 1 1 0 0 0 0 1 1 1 0 0 1 0 0
220	4	1 0 1 0 0 1 0 0 1 1 1 0 0 0 0 0
220	4	1 1 1 0 0 0 0 1 1 1 1 0 0 0 0 0
220	19	1 0 1 0 1 0 1 1 1 1 1 0 0 0 0 0
220	5	0 1 1 1 0 0 0 0 1 1 0 0 0 0 0 0
220	10	1 0 1 1 0 1 0 0 1 1 0 0 0 1 1 0
220	5	1 0 1 1 0 0 0 0 0 1 1 0 0 0 0 0
220	2	1 0 1 1 0 0 0 0 1 1 1 0 0 1 0 0
220	2	1 0 1 1 0 0 0 0 1 1 0 1 0 0 0 0
220	7	1 0 1 1 1 1 0 0 1 1 0 0 0 0 0 0
220	6	1 0 1 1 1 0 0 1 1 1 1 0 0 0 0 0
220	7	1 1 0 1 1 1 0 0 1 0 0 0 0 0 0 0
220	23	1 0 1 1 0 0 0 0 1 0 1 0 0 0 0 0
220	13	1 1 1 1 0 0 1 0 1 1 0 0 0 0 0 1
220	4	1 0 0 1 0 0 1 0 1 1 0 0 1 0 0 1
220	6	1 0 1 1 1 0 1 0 1 0 1 0 0 0 1 0
220	2	1 1 0 1 0 0 0 0 1 0 0 0 0 0 0 0
220	8	1 1 0 1 1 1 0 0 0 1 0 1 0 0 0 1
220	8	1 1 1 0 0 1 0 0 1 1 0 0 0 0 0 0
220	5	1 1 1 1 1 1 0 0 1 1 0 0 0 0 0 0
220	14	1 1 1 1 0 0 0 0 1 0 1 0 0 0 0 0
220	5	1 1 0 1 0 0 0 0 1 1 1 0 0 0 0 0
220	12	1 0 1 1 0 0 1 0 1 0 1 0 0 0 0 0
220	4	1 1 0 1 0 0 1 0 1 0 0 0 0 0 0 0
220	1	1 1 1 1 0 1 0 0 1 1 0 0 1 0 0 0
220	1	1 0 1 1 0 0 0 0 1 1 0 0 0 0 1 0
220	14	1 1 1 1 1 0 0 0 1 0 1 0 0 1 0 0
220	2	1 0 1 0 1 0 1 1 1 1 1 1 0 0 0 0
220	4	1 1 1 1 1 0 0 0 1 0 0 0 0 0 0 0
220	7	1 0 0 1 0 0 1 0 1 1 0 0 0 0 0 0
220	1	1 0 0 0 1 0 0 0 1 1 1 0 0 0 0 0
220	7	1 0 1 1 0 0 1 0 1 1 1 0 0 0 1 0
220	4	1 0 1 1 0 1 0 0 0 1 0 0 1 0 0 0
220	3	1 1 1 1 0 0 1 1 1 1 0 0 0 0 0 1
220	2	1 1 1 1 1 0 1 0 1 1 1 0 0 0 0 0
220	2	1 1 1 1 0 0 0 1 1 1 1 0 0 0 0 0
220	2	1 0 1 0 0 0 0 1 1 1 0 0 0 1 0 0
220	4	0 1 1 0 0 0 0 0 1 1 0 0 0 0 0 0
220	3	1 1 0 1 0 0 1 0 1 1 1 0 0 0 0 0
220	2	1 0 1 1 0 0 0 0 1 1 0 0 0 1 0 0
220	4	1 0 1 1 1 0 0 0 1 1 1 0 0 0 0 0
220	2	1 1 1 1 1 0 1 0 1 1 0 0 0 0 0 1
220	2	1 0 0 1 0 0 0 0 1 0 1 0 0 0 0 0
220	1	1 1 1 1 0 0 0 0 1 0 0 0 0 0 0 0
220	6	1 1 1 1 0 1 0 0 1 1 1 0 0 0 0 0
220	1	1 0 0 1 1 0 0 0 1 1 1 0 0 0 0 0
220	5	1 1 1 1 0 0 1 1 1 1 0 0 0 1 1 0
220	1	1 0 1 1 0 0 0 0 1 1 1 1 0 0 0 0
220	1	1 0 1 0 0 0 0 0 1 1 0 0 0 0 0 0
220	2	1 0 1 1 1 0 0 0 1 0 1 0 0 0 0 0
220	3	0 1 1 0 0 0 0 0 1 0 0 1 0 0 0 0
220	3	1 1 1 1 0 0 0 0 1 0 1 0 0 1 0 1
220	4	1 1 0 1 1 0 0 0 0 1 0 0 0 1 0 1
220	3	1 0 0 1 0 1 0 1 1 1 0 0 0 0 0 0
220	2	0 0 1 1 0 1 0 0 1 1 0 0 1 0 0 0
220	2	0 1 1 1 1 0 0 0 0 0 0 0 0 0 0 0
220	2	1 0 1 1 0 0 0 0 1 1 0 1 0 0 0 1
220	1	1 0 0 1 1 1 0 0 1 1 0 0 0 0 0 0
220	2	1 1 1 1 1 1 0 0 1 0 0 0 0 0 0 0
220	1	1 0 1 1 1 0 1 0 1 0 0 0 0 0 0 0
220	1	1 0 1 1 0 1 0 0 1 1 0 0 1 0 1 0
220	2	1 0 1 1 0 0 0 0 1 1 0 0 1 0 0 0
220	1	0 1 1 0 1 0 0 0 1 1 0 0 0 0 1 0
220	2	1 0 0 1 0 0 0 0 1 1 1 0 0 1 0 1
220	1	1 1 0 0 0 0 0 0 1 0 0 0 0 0 0 0
220	2	1 0 1 1 0 1 0 1 1 1 0 0 1 0 0 0
220	3	1 0 1 1 0 0 0 1 0 1 1 0 0 0 0 0
220	2	1 1 1 1 1 0 1 0 1 0 0 0 0 0 0 0
240	4	1 0 1 1 0 0 0 0 1 1 1 0 0 0 0 0
240	30	1 1 0 1 0 0 0 0 1 1 0 0 0 0 0 0
240	115	1 0 1 1 0 0 0 0 1 1 0 0 0 0 0 0
240	14	1 1 1 1 1 0 0 0 1 0 1 0 0 0 0 0
240	29	1 1 1 1 0 0 0 0 1 0 1 0 0 1 0 0
240	27	1 1 1 1 0 1 0 0 1 1 0 0 0 0 0 0
240	41	1 0 1 0 0 0 0 1 1 1 0 0 0 0 0 0
240	5	1 0 1 1 1 0 0 0 1 1 0 0 0 0 0 0
240	2	1 1 0 1 1 0 0 0 0 1 0 0 0 1 0 0
240	31	1 1 1 1 1 0 0 0 0 1 0 0 0 0 0 0
240	18	0 1 1 0 1 0 0 0 1 1 0 0 0 0 0 0
240	27	1 0 0 1 0 1 0 0 1 1 0 0 0 0 0 0
240	13	1 0 1 1 0 0 1 0 1 1 0 0 0 0 0 0
240	1	1 0 0 0 0 0 1 0 1 1 0 0 0 0 0 1
240	13	1 1 0 0 0 0 0 0 1 0 1 0 0 0 0 0
240	3	1 0 0 0 0 0 1 0 1 0 0 0 0 0 0 0
240	37	1 1 1 1 0 0 0 0 1 1 0 0 0 0 0 0
240	10	1 0 1 0 1 0 1 1 1 1 1 0 0 0 0 0
240	1	1 0 1 1 1 1 0 0 1 1 0 0 0 0 0 0
240	4	1 1 0 1 1 1 0 0 1 0 0 0 0 0 0 0
240	52	1 0 1 1 0 0 0 0 1 0 1 0 0 0 0 0
240	3	1 1 1 1 0 0 1 0 1 1 0 0 0 0 0 1
240	15	1 1 1 0 0 1 0 0 1 1 0 0 0 0 0 0
240	37	1 1 1 1 0 0 0 0 1 0 1 0 0 0 0 0
240	4	1 1 0 1 0 0 0 0 1 1 1 0 0 0 0 0
240	18	1 1 1 1 1 0 0 0 1 0 1 0 0 1 0 0
240	10	1 0 0 1 0 0 1 0 1 1 0 0 0 0 0 0
240	5	1 0 1 1 0 0 1 0 1 1 1 0 0 0 1 0
240	15	1 0 1 0 0 0 0 1 1 1 0 0 0 1 0 0
240	8	0 1 1 0 0 0 0 0 1 1 0 0 0 0 0 0
240	5	1 1 0 1 0 0 1 0 1 1 1 0 0 0 0 0
240	10	1 1 1 1 0 1 0 0 1 1 1 0 0 0 0 0
240	25	1 1 1 1 0 0 0 0 1 0 1 0 0 1 0 1
240	1	1 0 1 1 0 0 0 0 1 1 0 1 0 0 0 1
240	45	1 1 1 1 1 1 0 0 1 0 0 0 0 0 0 0
240	1	1 0 1 1 1 0 1 0 1 0 0 0 0 0 0 0
240	1	1 1 1 1 0 0 0 0 1 1 0 0 0 1 0 0
240	15	1 1 1 1 1 0 0 0 1 0 1 0 0 0 1 0
240	15	1 1 1 1 1 0 0 0 0 1 0 0 0 1 0 0
240	1	0 1 1 1 1 0 0 0 1 0 1 0 0 0 0 0
240	37	1 1 0 1 1 0 1 0 0 1 0 0 0 1 0 0
240	3	1 0 1 0 0 0 0 0 1 0 0 0 0 0 0 0
240	2	1 0 1 1 0 0 0 1 1 1 0 0 1 0 0 0
240	1	1 1 1 1 0 0 1 1 0 1 0 0 0 1 1 0
240	6	1 1 1 1 1 0 0 0 0 1 0 1 0 0 0 0
240	10	1 1 1 1 1 1 1 0 1 1 0 0 0 0 0 0
240	7	1 0 1 1 1 1 0 0 1 0 0 0 0 0 0 0
240	3	1 0 1 0 0 0 0 1 1 1 1 0 0 0 0 0
240	10	1 1 1 1 0 1 0 0 1 0 0 0 0 0 0 0
240	3	1 0 1 1 1 0 0 0 1 1 1 0 0 0 0 0
240	10	1 1 1 0 0 0 0 0 1 1 0 0 0 0 0 0
240	4	1 1 1 1 0 0 1 1 1 1 0 0 0 1 0 0
240	4	1 0 0 1 0 0 0 0 1 0 1 0 0 1 0 0
240	2	1 0 1 0 0 0 1 1 1 1 0 0 0 0 0 0
240	3	1 1 1 0 0 0 0 0 1 0 1 0 0 0 0 0
240	7	1 0 0 1 0 0 0 0 1 1 1 0 0 0 0 0
240	3	1 1 1 1 1 0 0 0 1 1 0 0 0 0 0 0
240	13	1 0 1 1 0 0 0 1 1 1 0 0 1 0 0 1
240	3	1 0 1 1 0 0 0 1 1 1 0 0 0 0 0 0
240	22	0 0 1 1 0 0 0 0 1 1 0 0 0 0 0 0
240	5	1 0 0 0 0 0 1 0 1 0 0 0 1 0 0 0
240	2	0 1 1 1 0 0 1 0 1 1 0 0 0 0 1 0
240	2	1 0 1 0 0 0 0 0 1 1 1 0 0 0 0 0
240	4	1 1 1 1 1 0 1 0 0 1 0 0 0 1 0 0
240	1	1 1 1 1 1 1 0 0 1 0 0 0 0 1 0 0
240	5	1 0 1 1 0 0 0 0 0 1 0 0 0 0 0 0
240	11	1 0 1 1 0 0 0 0 1 1 0 1 0 0 0 0
240	1	1 1 1 0 0 1 0 0 0 1 0 0 0 0 0 0
240	3	1 0 1 1 0 0 0 0 0 1 0 0 0 1 0 0
240	2	1 0 1 1 1 0 0 0 0 1 0 1 0 0 0 0
240	3	1 1 1 1 0 0 0 0 1 1 1 0 0 1 0 0
240	1	1 0 1 1 0 0 1 0 1 1 0 0 0 0 0 1
240	7	1 0 0 1 0 0 0 0 1 1 0 0 0 0 0 0
240	10	1 1 1 1 0 1 0 0 1 0 1 0 0 1 0 0
240	1	1 0 0 0 0 0 1 0 0 0 0 0 0 0 0 0
240	8	1 1 1 1 0 1 0 0 1 0 1 0 0 0 0 0
240	2	1 0 1 1 0 0 0 0 1 0 0 0 0 0 0 0
240	1	1 0 1 0 0 0 0 0 1 0 1 0 0 1 0 0
240	1	1 0 1 0 1 0 1 1 1 1 0 0 0 0 0 0
240	1	1 0 1 1 0 0 0 1 1 0 1 0 0 0 0 0
240	2	1 1 1 1 1 1 1 0 1 0 0 0 0 0 0 0
240	2	1 0 1 1 0 0 1 1 1 1 0 0 0 0 0 0
240	6	1 1 1 1 0 0 1 0 1 1 0 0 0 0 0 0
240	1	1 0 1 0 1 0 1 1 1 1 1 0 0 0 1 0
240	4	1 0 1 1 1 0 0 0 1 0 1 0 0 0 0 0
240	4	0 1 1 1 0 0 0 0 1 0 1 0 0 0 0 0
240	1	1 1 1 1 1 1 0 1 1 0 0 0 0 0 0 0
240	1	1 1 0 1 0 0 0 0 1 1 0 0 0 1 0 0
240	1	1 0 1 1 0 0 0 0 1 1 0 0 0 1 0 0
240	5	1 0 1 1 1 0 1 1 1 1 1 0 0 0 0 0
240	2	1 0 1 1 0 0 1 0 1 1 1 0 0 0 0 0
240	1	1 1 0 1 0 1 0 0 1 1 0 0 0 0 0 0
240	3	1 1 0 0 0 0 0 0 0 0 1 0 0 0 0 0
240	2	1 1 1 0 0 1 0 0 1 1 0 0 1 0 0 0
240	1	0 0 0 1 0 0 1 0 1 1 0 0 0 0 0 0
240	1	1 1 1 1 0 0 0 1 1 0 1 0 0 1 0 1
240	5	1 1 1 1 0 1 0 0 1 0 1 0 0 1 0 1
240	1	1 1 1 1 0 0 1 1 1 1 0 0 0 0 0 0
240	1	0 0 1 1 1 0 0 0 1 1 0 0 0 0 0 0
240	1	1 1 1 1 1 1 0 0 1 0 1 0 0 1 0 0
240	2	1 1 1 0 0 0 0 0 0 1 0 0 0 1 0 0
240	1	1 1 0 1 1 0 1 0 1 1 0 0 0 0 0 0
240	1	1 1 1 1 1 0 0 0 1 0 0 0 0 0 0 0
240	1	0 1 1 1 0 0 1 0 1 0 1 0 0 0 0 0
240	1	1 1 1 0 0 1 0 0 0 1 0 0 0 1 0 0
240	1	1 1 0 1 0 0 0 1 1 1 0 0 0 0 0 0
240	1	1 0 1 0 0 0 0 0 1 1 0 0 0 0 0 0
240	3	1 1 1 1 0 0 1 0 1 0 1 0 0 1 0 0
240	2	1 1 1 1 1 0 0 0 0 1 0 0 0 0 0 1
240	3	1 1 1 1 1 0 0 0 0 1 1 0 0 0 0 0
240	1	1 0 1 1 0 0 0 0 1 0 1 0 1 0 0 0
240	1	1 1 1 1 1 1 0 0 1 0 0 0 1 0 0 0
240	1	0 1 1 1 1 0 1 0 1 1 0 0 0 0 1 0
240	1	1 0 1 1 0 0 1 1 1 1 0 1 0 0 0 0
260	9	1 0 1 1 0 0 0 0 1 1 1 0 0 0 0 0
260	7	1 1 0 1 0 0 0 0 1 1 0 0 0 0 0 0
260	48	1 0 1 1 0 0 0 0 1 1 0 0 0 0 0 0
260	26	1 1 1 1 1 0 0 0 1 0 1 0 0 0 0 0
260	11	1 1 1 1 0 0 0 0 1 0 1 0 0 1 0 0
260	10	1 1 1 1 0 1 0 0 1 1 0 0 0 0 0 0
260	2	1 0 1 0 0 0 0 1 1 1 0 0 0 0 0 0
260	29	1 0 1 1 1 0 0 0 1 1 0 0 0 0 0 0
260	1	1 1 0 1 1 0 0 0 0 1 0 0 0 1 0 0
260	2	0 1 1 0 1 0 0 0 1 1 0 0 0 0 0 0
260	11	1 0 0 1 0 1 0 0 1 1 0 0 0 0 0 0
260	9	1 0 1 1 0 0 1 0 1 1 0 0 0 0 0 0
260	4	1 1 0 0 0 0 0 0 1 0 1 0 0 0 0 0
260	34	1 1 1 1 0 0 0 0 1 1 0 0 0 0 0 0
260	59	1 0 1 1 0 0 0 0 1 0 1 0 0 0 0 0
260	3	1 1 1 0 0 1 0 0 1 1 0 0 0 0 0 0
260	58	1 1 1 1 0 0 0 0 1 0 1 0 0 0 0 0
260	13	1 1 1 1 1 0 0 0 1 0 1 0 0 1 0 0
260	8	1 0 0 1 0 0 1 0 1 1 0 0 0 0 0 0
260	6	1 0 1 1 0 0 1 0 1 1 1 0 0 0 1 0
260	4	1 0 1 0 0 0 0 1 1 1 0 0 0 1 0 0
260	15	1 1 1 1 0 0 0 0 1 0 1 0 0 1 0 1
260	8	1 0 1 1 0 0 0 0 1 1 0 1 0 0 0 1
260	4	1 1 1 1 1 1 0 0 1 0 0 0 0 0 0 0
260	15	1 1 1 1 0 0 0 0 1 1 0 0 0 1 0 0
260	1	1 1 1 1 1 0 0 0 1 0 1 0 0 0 1 0
260	25	1 1 1 1 1 0 0 0 0 1 0 0 0 1 0 0
260	39	1 1 0 1 1 0 1 0 0 1 0 0 0 1 0 0
260	7	1 0 1 0 0 0 0 0 1 0 0 0 0 0 0 0
260	20	1 1 1 1 1 0 0 0 0 1 0 1 0 0 0 0
260	6	1 1 1 1 0 1 0 0 1 0 0 0 0 0 0 0
260	5	1 0 1 1 1 0 0 0 1 1 1 0 0 0 0 0
260	34	1 1 1 0 0 0 0 0 1 1 0 0 0 0 0 0
260	27	1 1 1 1 0 0 1 1 1 1 0 0 0 1 0 0
260	4	1 0 0 1 0 0 0 0 1 0 1 0 0 1 0 0
260	7	1 1 1 0 0 0 0 0 1 0 1 0 0 0 0 0
260	4	1 1 1 1 1 0 0 0 1 1 0 0 0 0 0 0
260	1	0 0 1 1 0 0 0 0 1 1 0 0 0 0 0 0
260	4	1 0 1 0 0 0 0 0 1 1 1 0 0 0 0 0
260	2	1 1 1 1 1 0 1 0 0 1 0 0 0 1 0 0
260	5	1 0 1 1 0 0 0 0 0 1 0 0 0 0 0 0
260	2	1 0 1 1 1 0 0 0 0 1 0 1 0 0 0 0
260	25	1 1 1 1 0 0 0 0 1 1 1 0 0 1 0 0
260	2	1 1 1 1 0 1 0 0 1 0 1 0 0 0 0 0
260	5	1 0 1 1 0 0 0 0 1 0 0 0 0 0 0 0
260	15	1 0 1 1 1 0 1 1 1 1 1 0 0 0 0 0
260	5	1 1 1 1 0 1 0 0 1 0 1 0 0 1 0 1
260	18	1 0 1 0 1 0 0 0 1 1 0 0 0 0 0 0
260	9	1 1 1 1 1 1 0 0 1 0 1 0 0 0 0 0
260	5	1 1 1 1 0 0 0 0 1 0 1 0 1 1 0 0
260	7	1 1 1 1 1 1 0 0 1 0 0 0 0 1 0 0
260	23	0 1 1 1 0 1 0 0 1 0 0 0 0 0 0 0
260	1	1 0 1 1 0 0 1 0 1 1 1 0 0 0 1 1
260	13	1 1 1 1 0 0 1 0 1 0 1 0 0 1 0 1
260	4	1 1 1 0 1 0 0 0 0 1 0 0 0 1 0 0
260	6	1 0 0 1 1 0 0 0 1 0 1 0 0 1 0 0
260	7	1 0 1 0 1 0 0 1 1 1 0 0 0 0 0 0
260	29	1 1 1 1 0 0 1 0 1 0 1 0 0 0 0 0
260	2	1 0 1 0 1 0 0 0 0 1 0 0 0 0 0 0
260	1	1 0 1 1 1 0 1 1 1 1 1 0 0 1 0 0
260	1	1 1 0 1 0 0 1 0 1 1 0 0 0 0 0 0
260	14	1 1 1 1 0 0 0 0 0 1 0 0 0 1 0 0
260	3	0 0 1 1 1 0 0 0 1 1 0 0 0 0 0 0
260	10	1 0 0 1 0 0 0 0 1 1 0 0 0 0 0 0
260	13	1 0 1 1 0 0 0 0 1 0 1 0 0 1 0 0
260	8	1 1 0 1 1 1 1 0 0 1 0 0 0 1 0 0
260	4	1 1 0 1 0 0 1 1 1 1 0 0 0 0 0 0
260	3	1 1 0 1 0 0 0 0 1 1 0 0 0 1 0 0
260	9	0 1 1 0 0 0 0 0 1 0 1 0 0 0 0 0
260	10	1 1 1 1 0 1 0 0 1 0 1 1 0 1 0 0
260	6	1 0 1 0 0 0 0 0 1 1 0 0 0 0 0 0
260	9	1 0 0 1 0 0 1 0 1 0 0 0 0 0 0 0
260	1	1 1 0 1 1 0 1 0 0 0 0 0 0 1 0 0
260	4	1 1 1 1 0 0 0 0 1 0 0 0 0 0 0 0
260	1	1 0 1 1 0 0 0 0 1 1 0 0 0 1 0 0
260	1	1 1 0 1 1 0 0 0 0 1 0 0 0 1 0 1
260	4	1 0 1 1 0 0 0 0 1 0 1 0 0 0 1 0
260	1	1 0 1 0 1 0 1 0 1 1 0 0 0 0 0 0
260	4	1 1 1 1 1 0 1 1 0 1 0 0 0 1 0 0
260	2	1 1 1 1 0 1 0 0 1 0 1 0 1 1 0 0
260	3	1 0 1 0 1 0 0 1 1 0 0 0 0 0 0 0
260	6	1 0 1 1 0 0 0 0 0 1 0 0 0 1 0 0
260	3	1 1 1 1 0 0 1 1 1 1 0 1 0 1 0 0
260	2	1 1 1 1 1 1 0 0 1 0 0 0 0 1 1 0
260	2	1 1 0 1 1 0 1 0 0 1 0 0 0 0 0 0
260	5	1 1 0 1 0 0 0 0 1 1 0 1 0 0 0 0
260	5	1 0 0 1 0 1 0 0 1 0 1 0 0 0 1 0
260	5	1 0 1 1 1 0 0 0 1 0 0 0 0 0 0 0
260	2	1 1 0 1 1 0 1 0 0 1 0 0 0 1 0 1
260	6	1 0 0 1 0 0 0 0 1 0 1 0 0 0 0 0
260	1	1 1 1 1 1 1 0 0 1 0 0 0 0 1 0 1
260	3	1 1 0 1 1 1 0 1 1 0 0 0 1 0 0 0
260	4	1 0 1 1 0 0 0 1 1 0 1 0 0 1 0 0
260	1	1 0 1 1 0 0 1 0 1 0 1 0 0 0 0 0
260	5	1 0 1 1 0 1 0 0 1 0 0 0 0 0 0 0
260	2	1 0 1 1 0 0 1 0 1 1 1 0 0 0 0 0
260	2	1 0 1 1 0 0 1 0 1 0 0 0 0 0 0 0
260	3	1 1 1 1 0 1 0 0 1 0 0 0 0 0 1 0
260	4	0 1 1 1 0 0 1 0 1 0 1 0 0 1 0 1
260	1	1 1 1 1 0 0 1 0 1 1 1 0 0 0 0 0
260	6	1 1 1 1 0 0 1 1 1 1 1 0 0 1 0 1
260	6	1 0 1 1 0 0 0 0 1 0 1 0 1 0 1 0
260	7	1 1 1 0 1 0 0 0 1 1 0 0 0 0 0 0
260	1	1 1 1 0 0 0 0 0 1 1 1 0 0 1 0 0
260	3	1 1 1 1 0 0 0 0 1 0 1 0 0 0 0 1
260	2	1 1 1 1 1 0 1 0 1 0 1 0 0 1 0 1
260	1	1 1 1 1 0 0 1 0 1 0 1 0 0 1 0 0
260	4	0 0 1 1 1 0 0 0 1 1 0 0 1 0 0 0
260	2	1 0 1 1 1 0 0 0 1 1 0 0 0 1 0 1
260	2	1 0 1 0 0 0 0 0 1 0 0 0 0 0 0 1
260	1	1 0 1 1 0 0 0 0 1 0 0 0 0 1 0 0
260	4	1 0 1 0 0 0 0 0 1 1 1 0 0 1 0 0
260	1	1 1 1 1 0 0 0 0 1 0 1 1 0 0 0 0
260	1	1 1 0 1 1 0 1 1 0 1 0 0 0 1 0 0
260	1	1 0 1 0 1 0 0 0 1 1 0 0 0 0 1 0
260	1	1 1 1 1 0 0 1 0 1 0 1 0 0 1 1 1
260	2	1 0 1 1 0 0 1 0 1 0 1 0 0 1 0 0
260	1	1 1 0 1 1 0 1 0 0 0 0 0 1 1 0 0
260	1	1 0 1 1 1 0 0 0 0 1 0 0 0 0 0 0
260	1	1 0 1 0 0 0 1 0 1 1 0 0 0 0 0 0
260	2	1 1 1 1 0 0 0 0 1 1 1 0 0 0 0 0
260	2	1 1 1 1 0 0 0 0 1 1 0 0 1 0 0 0
260	1	0 1 1 1 0 0 0 0 1 0 1 0 0 0 0 0
260	1	1 1 1 1 1 1 0 0 1 1 0 0 0 0 0 0
260	1	1 1 1 0 0 0 1 0 1 1 0 0 0 0 0 0
260	1	1 1 1 1 0 1 0 1 1 0 1 0 0 1 0 1
260	2	1 0 1 0 1 1 0 0 0 1 0 0 0 0 0 0
260	2	1 1 0 1 1 1 1 0 0 1 1 0 0 1 0 0
260	1	1 0 1 0 0 0 0 0 1 1 0 0 0 0 0 1
280	26	1 0 1 1 0 0 0 0 1 1 0 0 0 0 0 0
280	24	1 1 1 1 0 0 0 0 1 0 1 0 0 1 0 0
280	3	1 1 1 1 0 1 0 0 1 1 0 0 0 0 0 0
280	26	1 0 1 1 0 0 1 0 1 1 0 0 0 0 0 0
280	29	1 1 1 1 0 0 0 0 1 1 0 0 0 0 0 0
280	49	1 0 1 1 0 0 0 0 1 0 1 0 0 0 0 0
280	17	1 1 1 1 0 0 0 0 1 0 1 0 0 0 0 0
280	9	1 1 1 1 1 0 0 0 1 0 1 0 0 1 0 0
280	3	1 1 1 1 0 0 0 0 1 0 1 0 0 1 0 1
280	14	1 1 1 1 1 1 0 0 1 0 0 0 0 0 0 0
280	5	1 1 1 1 1 0 0 0 0 1 0 0 0 1 0 0
280	3	1 1 0 1 1 0 1 0 0 1 0 0 0 1 0 0
280	24	1 1 1 1 0 1 0 0 1 0 0 0 0 0 0 0
280	2	1 1 1 0 0 0 0 0 1 1 0 0 0 0 0 0
280	36	1 1 1 1 0 0 1 1 1 1 0 0 0 1 0 0
280	8	1 1 1 0 0 0 0 0 1 0 1 0 0 0 0 0
280	17	1 1 1 1 1 0 0 0 1 1 0 0 0 0 0 0
280	12	1 0 1 0 0 0 0 0 1 1 1 0 0 0 0 0
280	8	1 0 1 1 1 0 1 1 1 1 1 0 0 0 0 0
280	24	1 0 1 0 1 0 0 0 1 1 0 0 0 0 0 0
280	40	1 1 1 1 1 1 0 0 1 0 0 0 0 1 0 0
280	3	0 1 1 1 0 1 0 0 1 0 0 0 0 0 0 0
280	7	1 1 1 1 0 0 1 0 1 0 1 0 0 1 0 1
280	9	1 1 1 0 1 0 0 0 0 1 0 0 0 1 0 0
280	1	1 0 0 1 1 0 0 0 1 0 1 0 0 1 0 0
280	10	1 1 1 1 0 0 1 0 1 0 1 0 0 0 0 0
280	81	1 0 1 1 0 0 0 0 1 0 1 0 0 1 0 0
280	22	1 1 0 1 1 1 1 0 0 1 0 0 0 1 0 0
280	32	1 1 1 1 0 1 0 0 1 0 1 1 0 1 0 0
280	11	1 1 1 1 0 0 0 0 1 0 0 0 0 0 0 0
280	11	1 0 0 1 0 1 0 0 1 0 1 0 0 0 1 0
280	4	1 0 1 1 1 0 0 0 1 0 0 0 0 0 0 0
280	4	1 0 1 1 0 1 0 0 1 0 0 0 0 0 0 0
280	11	1 0 1 1 0 0 0 0 1 0 1 0 1 0 1 0
280	7	1 1 1 1 0 0 1 0 1 0 1 0 0 1 1 1
280	22	1 0 1 0 0 0 1 0 1 1 0 0 0 0 0 0
280	35	1 1 1 1 0 0 0 0 1 1 1 0 0 0 0 0
280	8	1 0 1 0 1 1 0 0 0 1 0 0 0 0 0 0
280	1	1 1 1 1 0 0 1 1 1 1 0 0 0 0 0 0
280	46	1 0 1 1 0 0 0 0 1 1 0 0 1 0 0 0
280	8	1 1 1 1 0 0 0 0 1 1 0 0 0 1 0 1
280	12	1 1 1 1 1 0 0 0 0 1 0 1 0 0 0 1
280	1	1 1 1 1 1 0 0 0 1 0 0 0 0 0 0 0
280	1	1 0 1 1 0 0 0 0 1 1 1 0 0 1 0 0
280	2	0 1 1 1 1 1 0 0 1 0 0 0 0 0 0 0
280	4	1 1 1 1 1 0 0 1 0 1 0 1 0 0 0 0
280	1	1 1 1 1 0 1 0 0 1 0 1 0 0 0 1 0
280	7	1 0 1 1 0 0 0 0 1 1 0 1 0 0 0 0
280	17	1 1 1 1 0 1 0 1 1 0 0 0 0 0 0 0
280	4	1 1 1 1 0 0 1 0 0 0 1 0 0 0 0 0
280	10	1 1 1 1 0 0 0 1 1 0 0 0 1 0 0 0
280	1	1 1 1 1 1 0 0 0 1 1 0 0 0 1 0 0
280	8	1 1 1 1 0 1 0 0 0 1 0 0 0 0 0 0
280	16	1 1 0 1 0 0 0 0 1 1 1 0 0 0 0 0
280	2	1 1 1 1 1 1 0 0 1 0 1 1 0 1 0 0
280	8	1 1 0 1 1 0 0 0 0 1 0 0 0 1 0 0
280	3	1 0 1 1 0 0 0 0 1 0 1 0 1 1 0 0
280	2	1 0 1 1 0 1 0 0 1 0 1 0 0 0 1 0
280	7	0 0 0 1 0 0 0 0 1 0 1 0 0 0 0 0
280	7	0 1 1 1 0 0 1 0 1 0 0 0 0 1 0 0
280	5	1 1 0 0 1 0 1 0 0 1 0 0 0 1 0 0
280	10	1 0 1 1 0 0 0 0 1 0 1 0 0 1 1 0
280	6	1 0 0 1 1 0 0 0 1 0 0 0 0 1 0 0
280	5	1 1 0 1 0 1 0 0 1 0 1 1 0 1 0 0
280	6	0 1 1 1 0 0 1 0 1 0 1 0 0 1 1 1
280	9	0 0 1 1 0 0 0 0 1 1 1 0 0 0 0 0
280	5	1 1 1 0 0 0 1 0 0 0 1 0 0 0 0 0
280	7	0 1 1 1 0 0 0 0 1 1 1 0 0 1 0 0
280	5	1 0 1 1 0 0 0 1 1 0 1 0 0 0 0 0
280	7	1 1 1 1 1 0 1 0 0 1 0 0 0 1 0 0
280	2	1 1 1 1 0 0 1 0 0 0 1 0 0 1 0 1
280	4	1 0 1 1 1 0 1 1 1 1 0 0 0 0 0 0
280	3	1 1 0 1 1 0 0 0 1 0 0 0 0 0 0 0
280	1	1 1 1 1 0 1 1 0 1 0 0 0 0 0 0 0
280	14	1 1 1 1 0 0 1 1 1 1 0 0 0 1 0 1
280	2	1 0 1 1 0 1 0 0 0 1 0 0 0 0 0 0
280	4	1 1 1 1 1 1 0 0 0 1 0 1 0 0 0 1
280	2	1 0 1 1 0 0 1 0 1 1 0 0 0 1 0 0
280	2	0 1 1 1 0 1 0 0 1 1 0 0 1 0 0 0
280	4	1 1 1 1 0 0 1 0 1 0 1 0 0 1 0 0
280	1	1 1 1 1 0 1 0 0 1 1 0 0 0 0 1 0
280	6	1 0 1 1 0 0 0 0 1 0 0 0 0 0 0 0
280	2	1 0 1 1 0 0 0 0 1 0 1 1 0 1 0 0
280	4	1 1 1 1 1 0 0 0 1 1 0 0 0 1 1 1
280	5	1 0 1 1 0 1 0 0 1 1 0 0 0 0 0 0
280	4	1 1 1 1 1 1 0 0 1 0 0 0 1 0 0 0
280	4	1 1 1 1 0 1 0 0 1 0 1 0 0 0 0 0
280	4	1 1 1 1 1 0 0 0 0 1 0 0 0 0 0 0
280	2	0 0 1 0 0 0 0 0 1 1 1 0 0 0 0 0
280	1	1 0 1 1 0 0 1 1 1 1 1 0 0 0 0 0
280	7	1 1 1 0 0 0 1 0 1 0 1 0 0 1 0 1
280	1	1 1 1 1 0 0 0 0 1 0 1 0 0 0 1 0
280	1	1 0 1 1 0 0 0 0 1 1 1 0 0 0 0 0
280	3	1 1 1 1 1 0 0 0 0 0 1 0 0 1 0 0
280	3	1 0 1 1 0 1 0 0 1 0 1 0 0 1 0 0
280	1	1 0 0 0 1 0 0 0 1 1 0 0 0 0 0 0
280	3	1 1 0 1 0 0 1 0 1 0 1 0 0 0 0 0
280	4	1 1 1 1 0 0 1 0 1 0 1 1 0 0 0 0
280	2	1 1 0 1 1 1 1 0 0 1 0 1 0 1 0 0
280	2	1 1 1 1 0 1 1 1 1 1 0 0 0 0 0 0
280	6	0 1 0 1 1 0 1 0 0 0 0 0 0 1 0 0
280	2	1 1 0 0 1 0 1 0 1 0 0 0 0 1 0 0
280	1	1 1 1 1 0 0 0 0 1 1 0 0 0 0 0 1
280	1	1 0 0 1 1 0 1 0 0 1 0 0 0 1 0 0
280	1	1 1 1 1 0 1 0 0 0 0 0 0 0 0 0 0
280	1	1 1 1 1 0 0 1 1 0 1 0 0 0 1 0 0
300	23	1 0 1 1 0 0 0 0 1 1 0 0 0 0 0 0
300	40	1 1 1 1 0 0 0 0 1 0 1 0 0 1 0 0
300	7	1 0 1 1 0 0 1 0 1 1 0 0 0 0 0 0
300	58	1 1 1 1 0 0 0 0 1 1 0 0 0 0 0 0
300	28	1 0 1 1 0 0 0 0 1 0 1 0 0 0 0 0
300	11	1 1 1 1 0 0 0 0 1 0 1 0 0 0 0 0
300	6	1 1 1 1 0 0 0 0 1 0 1 0 0 1 0 1
300	49	1 1 1 1 1 1 0 0 1 0 0 0 0 0 0 0
300	2	1 1 1 1 1 0 0 0 0 1 0 0 0 1 0 0
300	17	1 1 1 1 0 1 0 0 1 0 0 0 0 0 0 0
300	70	1 1 1 1 1 0 0 0 1 1 0 0 0 0 0 0
300	23	1 0 1 0 0 0 0 0 1 1 1 0 0 0 0 0
300	4	1 0 1 1 1 0 1 1 1 1 1 0 0 0 0 0
300	33	1 0 1 0 1 0 0 0 1 1 0 0 0 0 0 0
300	7	1 1 1 1 1 1 0 0 1 0 0 0 0 1 0 0
300	1	1 1 1 0 1 0 0 0 0 1 0 0 0 1 0 0
300	9	1 1 1 1 0 0 1 0 1 0 1 0 0 0 0 0
300	20	1 0 1 1 0 0 0 0 1 0 1 0 0 1 0 0
300	9	1 1 0 1 1 1 1 0 0 1 0 0 0 1 0 0
300	31	1 1 1 1 0 1 0 0 1 0 1 1 0 1 0 0
300	10	1 0 0 1 0 1 0 0 1 0 1 0 0 0 1 0
300	33	1 1 1 1 0 0 1 0 1 0 1 0 0 1 1 1
300	46	1 1 1 1 0 0 0 0 1 1 1 0 0 0 0 0
300	6	1 0 1 1 0 0 0 0 1 1 0 0 1 0 0 0
300	20	1 1 1 1 0 0 0 0 1 1 0 0 0 1 0 1
300	15	1 1 1 1 1 0 0 0 0 1 0 1 0 0 0 1
300	25	1 0 1 1 0 0 0 0 1 1 0 1 0 0 0 0
300	32	1 1 1 1 0 1 0 1 1 0 0 0 0 0 0 0
300	7	1 1 0 1 0 0 0 0 1 1 1 0 0 0 0 0
300	15	1 0 1 1 0 0 0 0 1 0 1 0 0 1 1 0
300	1	1 0 0 1 1 0 0 0 1 0 0 0 0 1 0 0
300	7	1 1 1 0 0 0 1 0 0 0 1 0 0 0 0 0
300	10	1 0 1 1 0 0 0 0 1 0 0 0 0 0 0 0
300	6	1 1 1 1 1 0 0 0 1 1 0 0 0 1 1 1
300	6	1 0 1 1 0 0 1 1 1 1 1 0 0 0 0 0
300	12	1 1 0 0 1 0 1 0 1 0 0 0 0 1 0 0
300	4	1 1 1 1 0 1 0 0 0 0 0 0 0 0 0 0
300	3	1 0 1 1 0 0 0 0 1 1 0 0 0 1 0 1
300	31	1 0 1 1 0 0 0 1 0 1 0 1 0 0 0 0
300	13	1 1 1 1 1 0 0 0 0 1 0 1 0 0 0 0
300	3	1 1 1 0 0 0 1 0 1 0 1 0 0 1 0 0
300	3	0 0 1 1 0 0 0 0 1 0 1 0 0 0 0 0
300	7	1 0 1 0 1 1 0 0 0 1 0 0 0 0 1 0
300	11	1 1 1 1 0 0 0 0 1 1 1 0 0 1 0 0
300	9	1 1 0 1 1 0 0 0 1 1 0 0 0 1 1 1
300	3	1 1 1 1 1 0 0 0 1 1 0 0 0 0 0 1
300	4	1 1 1 1 0 0 0 1 1 0 0 0 0 0 0 0
300	2	1 1 1 1 1 0 0 0 1 1 1 0 0 0 0 0
300	16	1 1 1 1 0 1 0 0 1 0 1 0 0 0 0 0
300	2	1 1 1 1 1 0 0 0 1 1 0 1 0 0 0 0
300	5	1 1 1 1 0 0 0 0 0 1 0 1 0 0 0 1
300	5	1 1 0 1 0 1 0 0 1 0 1 1 0 1 0 1
300	4	1 0 1 1 0 1 1 0 0 0 0 0 0 0 0 0
300	6	1 1 0 1 1 1 1 0 0 0 1 0 0 1 0 0
300	3	1 1 1 1 0 1 0 1 1 0 0 0 0 0 1 0
300	7	1 1 1 0 1 0 1 0 1 0 0 0 0 1 0 0
300	1	1 0 1 1 0 0 0 0 1 0 1 0 0 1 1 1
300	1	1 0 1 1 1 0 0 0 1 1 0 0 0 0 0 0
300	16	1 0 1 0 1 0 0 0 1 0 0 0 0 0 0 0
300	3	1 0 0 0 1 1 0 0 0 1 0 0 0 0 0 0
300	3	1 0 1 1 0 0 0 0 0 0 0 0 0 1 0 1
300	2	1 1 1 1 0 0 0 0 1 0 1 0 1 1 0 0
300	3	1 1 1 1 0 0 0 1 1 1 0 0 0 0 0 0
300	2	1 0 1 1 1 0 1 1 1 1 1 1 0 0 0 0
300	6	1 1 1 1 1 1 0 0 0 0 0 0 0 1 0 0
300	3	1 0 1 1 0 0 0 0 1 0 1 0 0 0 0 1
300	5	1 1 1 1 0 1 0 0 1 1 0 0 0 1 0 1
300	6	1 1 1 1 0 0 0 0 0 1 0 0 0 0 0 0
300	5	1 0 1 1 0 0 0 0 1 0 1 0 1 1 0 0
300	1	1 1 1 1 0 1 0 0 1 0 1 0 0 1 0 0
300	4	1 1 1 1 1 0 0 0 1 0 0 0 0 0 0 0
300	2	1 1 1 1 0 1 0 0 1 0 1 1 1 1 0 0
300	8	1 1 1 0 1 0 0 0 0 1 0 1 0 0 0 1
300	4	1 1 1 1 0 0 0 0 1 1 0 0 0 1 0 0
300	2	1 1 1 1 0 0 0 1 1 1 0 1 0 0 0 0
300	1	1 0 1 1 0 0 0 0 1 1 0 0 0 1 0 0
300	11	1 0 1 1 0 0 0 0 0 1 0 1 0 0 0 0
300	3	1 1 1 1 0 0 1 0 1 0 1 0 0 1 0 0
300	5	1 0 0 1 0 1 0 0 1 0 1 0 0 0 0 0
300	5	1 1 1 1 0 0 0 0 1 1 0 0 0 1 1 1
300	1	1 1 1 1 1 1 1 0 1 0 0 0 0 1 0 0
300	2	0 0 1 1 0 0 0 0 1 0 1 0 0 1 0 0
300	2	1 0 0 1 0 0 0 0 1 0 1 0 0 0 1 0
300	3	1 1 1 1 1 0 1 0 1 0 1 0 0 1 1 1
300	4	1 1 1 1 0 1 1 0 1 0 0 1 0 0 1 0
300	1	1 1 1 0 1 0 0 0 0 1 0 0 0 1 1 1
300	2	1 0 1 1 0 0 0 0 1 0 1 0 1 0 0 0
300	4	1 0 1 1 0 1 0 0 1 1 0 1 0 0 0 0
300	2	0 1 1 1 0 1 0 1 1 0 0 0 0 0 0 0
300	2	1 0 1 1 0 0 0 0 1 0 1 0 0 0 1 0
300	4	1 1 1 1 1 0 0 0 1 1 0 0 1 0 0 1
300	2	1 1 1 0 0 0 0 0 1 1 1 0 1 1 0 0
300	1	1 1 1 1 1 1 0 0 1 1 0 0 0 0 0 0
300	2	1 1 1 1 1 1 0 0 1 0 1 0 0 0 0 0
300	4	0 0 1 1 1 0 0 0 1 1 0 0 0 0 0 0
300	1	1 1 0 1 0 0 0 0 1 0 1 0 0 1 0 0
300	2	1 1 1 1 1 1 0 0 1 0 0 0 1 0 0 0
300	3	1 1 1 0 1 0 0 0 1 1 0 0 0 0 0 0
300	2	0 0 1 1 0 0 0 0 1 1 0 1 0 0 0 0
300	1	1 1 1 1 1 0 0 0 1 1 0 1 0 1 1 1
300	3	1 1 1 1 1 0 1 0 1 0 0 0 0 1 0 0
300	1	1 1 1 1 0 0 0 0 1 1 1 1 0 1 0 0
300	1	1 1 1 1 0 0 0 0 1 1 0 0 0 0 0 1
300	1	1 1 1 1 1 1 0 0 1 0 0 0 0 1 1 1
300	1	1 0 1 0 1 0 0 0 1 0 1 0 0 1 1 1
300	2	1 1 1 1 0 0 0 0 1 0 0 0 0 1 0 0
300	1	1 1 1 0 0 0 0 0 1 1 0 0 0 0 0 0
300	1	0 1 1 1 1 1 0 0 1 0 0 0 0 0 0 0
300	1	1 1 0 1 1 1 0 0 1 0 0 0 0 1 0 0
300	1	1 1 1 1 1 0 0 0 0 1 1 1 0 0 0 1
320	2	1 0 1 1 0 0 0 0 1 1 0 0 0 0 0 0
320	67	1 1 1 1 0 0 0 0 1 0 1 0 0 1 0 0
320	95	1 1 1 1 0 0 0 0 1 1 0 0 0 0 0 0
320	32	1 0 1 1 0 0 0 0 1 0 1 0 0 0 0 0
320	34	1 1 1 1 0 0 0 0 1 0 1 0 0 0 0 0
320	50	1 1 1 1 1 1 0 0 1 0 0 0 0 0 0 0
320	7	1 1 1 1 0 1 0 0 1 0 0 0 0 0 0 0
320	53	1 1 1 1 1 0 0 0 1 1 0 0 0 0 0 0
320	6	1 0 1 0 0 0 0 0 1 1 1 0 0 0 0 0
320	12	1 0 1 0 1 0 0 0 1 1 0 0 0 0 0 0
320	3	1 1 1 1 0 0 1 0 1 0 1 0 0 0 0 0
320	32	1 0 1 1 0 0 0 0 1 0 1 0 0 1 0 0
320	17	1 1 1 1 0 1 0 0 1 0 1 1 0 1 0 0
320	82	1 1 1 1 0 0 0 0 1 1 1 0 0 0 0 0
320	23	1 0 1 1 0 0 0 0 1 1 0 0 1 0 0 0
320	8	1 1 1 1 0 0 0 0 1 1 0 0 0 1 0 1
320	24	1 0 1 1 0 0 0 0 1 1 0 1 0 0 0 0
320	37	1 1 1 1 0 1 0 1 1 0 0 0 0 0 0 0
320	11	1 0 1 1 0 0 0 0 1 0 1 0 0 1 1 0
320	10	1 0 1 1 0 0 1 1 1 1 1 0 0 0 0 0
320	10	1 0 1 1 0 0 0 1 0 1 0 1 0 0 0 0
320	30	1 1 1 1 1 0 0 0 0 1 0 1 0 0 0 0
320	3	1 1 1 1 0 0 0 0 1 1 1 0 0 1 0 0
320	3	1 1 1 1 1 0 0 0 1 1 1 0 0 0 0 0
320	2	1 1 0 1 1 1 1 0 0 0 1 0 0 1 0 0
320	4	1 1 1 1 0 1 0 1 1 0 0 0 0 0 1 0
320	5	1 0 1 0 1 0 0 0 1 0 0 0 0 0 0 0
320	21	1 1 1 1 0 0 0 1 1 1 0 0 0 0 0 0
320	13	1 1 1 1 1 1 0 0 0 0 0 0 0 1 0 0
320	5	1 1 1 1 0 0 0 0 0 1 0 0 0 0 0 0
320	15	1 1 1 1 1 0 0 0 1 0 0 0 0 0 0 0
320	2	1 1 1 1 0 1 0 0 1 0 1 1 1 1 0 0
320	6	1 1 1 1 0 0 0 0 1 1 0 0 0 1 0 0
320	1	1 1 1 1 0 0 1 0 1 0 1 0 0 1 0 0
320	21	1 0 0 1 0 1 0 0 1 0 1 0 0 0 0 0
320	4	1 1 1 1 0 0 0 0 1 1 0 0 0 1 1 1
320	13	1 1 1 1 1 1 1 0 1 0 0 0 0 1 0 0
320	1	1 0 0 1 0 0 0 0 1 0 1 0 0 0 1 0
320	14	1 0 1 1 0 1 0 0 1 1 0 1 0 0 0 0
320	7	1 0 1 1 0 0 0 0 1 0 1 0 0 0 1 0
320	2	1 0 1 1 0 0 0 0 1 1 1 0 0 1 0 0
320	5	1 0 1 1 0 1 0 1 1 0 0 0 0 0 0 0
320	3	1 1 0 1 1 0 0 0 1 1 0 0 0 0 0 0
320	10	1 0 1 1 0 0 0 1 1 1 0 0 0 0 0 0
320	1	1 1 1 1 0 0 0 0 1 1 1 0 0 0 0 1
320	10	1 1 1 1 0 1 0 1 1 0 1 1 0 1 0 0
320	1	1 0 1 0 0 0 0 0 1 0 0 0 0 0 0 0
320	1	1 1 1 1 0 0 0 0 1 0 1 0 1 0 0 0
320	13	1 1 1 1 0 0 1 0 1 1 1 0 0 1 0 0
320	16	1 1 1 1 0 0 0 0 1 0 0 0 0 0 0 0
320	6	1 1 1 1 1 1 1 0 1 0 0 0 0 0 0 0
320	13	0 1 1 1 0 0 0 0 1 1 0 0 0 0 0 0
320	3	1 0 0 1 0 1 0 0 1 0 1 0 1 0 0 0
320	3	1 0 0 1 0 1 0 0 1 1 1 0 1 0 0 0
320	1	1 1 1 1 0 0 0 0 1 0 1 0 0 1 0 1
320	5	1 1 1 1 0 0 0 0 1 1 1 0 1 0 0 0
320	1	1 1 1 1 0 0 1 0 0 0 1 0 0 1 0 0
320	2	1 0 1 1 1 1 0 0 0 0 0 0 0 0 0 0
320	12	1 1 1 1 1 1 0 0 0 1 0 0 0 1 0 0
320	4	1 0 1 1 0 0 0 1 1 1 0 1 0 0 0 0
320	7	1 0 1 0 0 0 0 0 1 0 1 0 0 0 0 0
320	2	1 0 1 0 0 0 0 0 1 1 0 0 0 0 0 0
320	8	1 1 0 1 0 0 0 0 1 1 1 0 0 1 0 0
320	4	1 1 1 1 0 0 1 0 1 1 1 1 0 1 0 0
320	8	1 1 1 1 0 1 0 1 1 0 1 0 0 0 0 0
320	8	1 1 1 1 0 0 1 0 0 1 0 0 0 0 0 0
320	6	1 1 0 1 0 0 0 0 1 0 1 0 0 1 0 0
320	3	1 1 0 1 0 0 0 0 1 0 1 0 1 0 0 0
320	2	0 1 1 1 1 0 0 0 1 1 0 0 0 0 0 1
320	4	1 1 1 1 0 1 0 1 1 0 0 0 0 0 1 1
320	4	1 1 1 1 0 1 0 1 1 1 1 0 0 0 0 0
320	2	1 1 1 1 0 1 0 1 1 0 1 1 0 0 0 0
320	1	1 1 1 1 0 1 0 0 1 0 1 0 0 0 0 0
320	3	1 1 1 1 1 1 0 0 1 0 0 0 1 0 0 0
320	2	1 1 1 1 1 0 0 0 1 1 0 0 0 1 0 0
320	1	1 1 1 1 1 0 0 0 1 1 1 0 0 1 0 0
320	4	1 1 1 1 0 0 0 1 0 1 0 1 0 0 0 0
320	5	1 1 1 1 0 0 0 0 1 1 0 1 0 0 0 0
320	2	1 1 1 1 1 0 0 0 0 1 0 0 0 0 0 0
320	2	1 0 1 1 0 0 0 1 0 1 0 0 1 0 0 0
320	2	1 0 0 1 0 1 0 0 1 0 1 0 1 0 1 0
320	3	0 1 1 1 1 1 0 1 1 0 0 0 0 0 0 0
320	1	1 1 0 1 0 0 0 1 1 1 1 0 0 1 0 0
320	2	1 0 1 0 1 0 0 0 1 1 1 0 0 0 0 0
320	3	1 0 1 1 0 0 0 0 1 1 1 1 0 1 0 0
320	2	1 0 0 1 1 0 0 0 1 1 0 0 0 0 0 0
320	1	1 1 0 1 0 0 0 0 1 1 0 0 0 0 0 0
320	1	1 0 1 1 1 1 0 0 1 0 0 0 0 0 0 0
320	2	1 1 1 1 1 1 0 0 1 0 0 0 0 0 0 1
320	1	1 0 1 0 1 0 0 0 1 1 0 0 1 0 0 0
320	1	1 1 1 1 0 1 0 1 1 0 0 0 1 0 0 0
320	1	1 1 1 1 0 0 0 1 1 1 1 0 0 0 0 0
320	1	1 1 1 1 0 0 0 0 0 1 0 1 0 0 0 0
320	1	1 1 1 1 0 0 0 1 1 0 1 1 0 1 0 0
320	3	1 1 1 1 1 1 1 1 1 0 0 0 0 0 0 0
340	1	1 0 1 1 0 0 0 0 1 1 0 0 0 0 0 0
340	5	1 1 1 1 0 0 0 0 1 0 1 0 0 1 0 0
340	119	1 1 1 1 0 0 0 0 1 1 0 0 0 0 0 0
340	81	1 0 1 1 0 0 0 0 1 0 1 0 0 0 0 0
340	26	1 1 1 1 0 0 0 0 1 0 1 0 0 0 0 0
340	63	1 1 1 1 1 1 0 0 1 0 0 0 0 0 0 0
340	2	1 1 1 1 0 1 0 0 1 0 0 0 0 0 0 0
340	72	1 1 1 1 1 0 0 0 1 1 0 0 0 0 0 0
340	2	1 0 1 0 0 0 0 0 1 1 1 0 0 0 0 0
340	17	1 1 1 1 0 0 1 0 1 0 1 0 0 0 0 0
340	13	1 0 1 1 0 0 0 0 1 0 1 0 0 1 0 0
340	60	1 1 1 1 0 0 0 0 1 1 1 0 0 0 0 0
340	6	1 0 1 1 0 0 0 0 1 1 0 1 0 0 0 0
340	37	1 1 1 1 0 1 0 1 1 0 0 0 0 0 0 0
340	5	1 0 1 1 0 0 0 0 1 0 1 0 0 1 1 0
340	4	1 0 1 1 0 0 1 1 1 1 1 0 0 0 0 0
340	2	1 0 1 1 0 0 0 1 0 1 0 1 0 0 0 0
340	9	1 1 1 1 1 0 0 0 0 1 0 1 0 0 0 0
340	19	1 1 1 1 0 0 0 0 1 1 1 0 0 1 0 0
340	8	1 1 1 1 1 0 0 0 1 1 1 0 0 0 0 0
340	6	1 1 1 1 0 1 0 1 1 0 0 0 0 0 1 0
340	5	1 0 1 0 1 0 0 0 1 0 0 0 0 0 0 0
340	3	1 1 1 1 0 0 0 1 1 1 0 0 0 0 0 0
340	5	1 1 1 1 1 1 0 0 0 0 0 0 0 1 0 0
340	6	1 0 0 1 0 1 0 0 1 0 1 0 0 0 0 0
340	8	1 1 1 1 1 1 1 0 1 0 0 0 0 1 0 0
340	8	1 0 1 1 0 1 0 1 1 0 0 0 0 0 0 0
340	7	1 0 1 1 0 0 0 1 1 1 0 0 0 0 0 0
340	44	1 1 1 1 0 0 0 0 1 0 0 0 0 0 0 0
340	5	0 1 1 1 0 0 0 0 1 1 0 0 0 0 0 0
340	10	1 0 1 1 1 1 0 0 0 0 0 0 0 0 0 0
340	10	1 0 1 0 0 0 0 0 1 0 1 0 0 0 0 0
340	6	1 1 0 1 0 0 0 0 1 1 1 0 0 1 0 0
340	1	1 1 1 1 0 0 1 0 0 1 0 0 0 0 0 0
340	8	1 1 0 1 0 0 0 0 1 0 1 0 1 0 0 0
340	4	1 1 1 1 0 1 0 1 1 0 0 0 0 0 1 1
340	10	1 1 1 1 0 1 0 1 1 1 1 0 0 0 0 0
340	1	1 1 1 1 1 0 0 0 1 1 0 0 0 1 0 0
340	2	1 1 1 1 0 0 0 0 1 1 0 1 0 0 0 0
340	4	0 1 1 1 1 1 0 1 1 0 0 0 0 0 0 0
340	3	1 1 1 1 1 1 0 0 1 0 0 0 0 0 0 1
340	10	1 1 1 1 1 1 0 0 1 1 0 0 0 0 0 0
340	40	1 1 0 1 1 0 0 0 1 0 1 0 0 1 0 0
340	13	1 1 1 1 1 0 0 0 0 1 0 1 0 0 0 1
340	2	1 1 1 0 0 0 1 0 1 1 1 0 0 1 0 0
340	7	1 1 1 1 1 1 0 0 1 0 0 0 0 0 1 1
340	7	0 1 1 1 0 0 0 0 1 0 1 0 0 0 0 0
340	6	0 1 1 1 0 1 0 1 1 0 0 0 0 0 0 0
340	15	1 1 1 1 0 0 0 0 1 0 0 1 0 0 0 0
340	2	1 0 1 1 1 1 0 0 0 1 0 0 0 0 0 0
340	12	1 1 1 1 0 0 0 0 1 1 0 0 0 1 0 0
340	18	1 1 0 1 0 0 0 0 1 0 0 0 0 0 0 0
340	3	1 1 1 1 1 1 0 0 1 1 1 0 0 0 0 0
340	6	1 1 1 1 1 1 0 1 1 0 0 0 0 0 0 0
340	3	1 1 1 1 0 1 0 0 1 1 0 0 0 0 0 0
340	12	1 0 1 1 0 0 0 0 1 0 0 1 0 0 0 0
340	1	1 0 1 1 0 0 1 0 1 0 1 0 0 0 0 0
340	11	1 1 1 1 1 1 1 0 1 0 1 0 0 1 0 0
340	4	1 1 0 1 0 0 0 0 1 1 0 1 0 0 0 0
340	7	1 1 1 1 1 1 0 0 1 0 1 0 0 0 0 0
340	2	1 0 1 1 0 0 0 0 1 1 0 1 1 0 0 0
340	1	1 1 1 1 1 1 0 0 1 0 0 1 0 0 0 0
340	1	1 0 0 1 0 0 0 0 1 0 1 0 0 1 1 0
340	2	0 1 0 1 1 0 0 0 1 0 1 0 0 1 0 0
340	2	1 0 0 1 0 1 1 0 1 1 1 0 0 1 0 0
340	1	0 1 1 1 0 1 0 1 1 1 1 0 0 0 0 0
340	3	1 0 0 1 1 0 0 0 1 0 1 0 0 1 0 0
340	4	1 1 0 1 0 0 0 1 1 1 1 0 0 0 0 0
340	1	1 1 1 1 0 0 1 0 1 0 1 0 0 0 0 1
340	3	1 0 1 1 0 1 0 1 1 0 1 0 0 0 0 0
340	5	1 1 0 1 0 0 0 0 1 0 1 0 0 1 0 0
340	8	1 1 1 1 0 1 0 1 1 0 0 0 0 1 0 0
340	2	1 0 1 1 0 0 1 0 1 1 0 1 0 0 0 0
340	3	1 1 1 0 0 0 1 0 1 0 1 0 0 0 0 0
340	4	1 1 1 1 1 0 1 0 1 1 0 0 0 0 0 0
340	2	1 1 1 1 0 1 0 1 1 0 1 0 0 0 0 0
340	4	1 1 1 1 0 0 0 0 1 1 0 1 0 0 0 1
340	5	1 1 1 1 0 0 0 0 1 0 1 0 0 0 0 1
340	6	1 1 1 1 0 0 0 0 1 0 1 1 0 0 0 0
340	2	1 1 1 1 1 0 0 0 1 0 0 0 0 0 0 0
340	1	1 1 0 1 1 0 0 0 0 1 0 1 0 0 0 0
340	3	1 1 1 1 1 0 0 1 0 1 0 1 0 0 0 0
340	7	1 1 1 1 0 0 0 0 0 1 1 0 0 1 0 0
340	1	1 1 1 1 1 0 0 0 0 1 1 0 0 0 0 0
340	1	1 1 0 1 0 0 0 0 1 1 0 0 0 1 0 0
340	2	1 0 1 1 0 0 0 0 1 1 0 0 0 1 0 0
340	2	1 0 1 1 1 1 0 0 1 1 1 0 0 0 0 0
340	1	1 1 1 1 1 1 0 0 1 0 0 1 1 0 0 0
340	2	0 1 1 1 0 1 0 1 1 1 1 0 0 1 0 0
340	2	1 0 1 1 1 0 0 0 1 0 1 0 0 0 0 0
340	2	1 1 1 1 0 0 1 0 1 1 1 0 0 0 0 0
340	1	1 1 1 1 0 0 0 0 1 1 1 1 0 0 0 0
340	2	1 1 1 1 0 0 0 1 1 1 1 0 0 1 0 0
340	1	1 1 1 1 1 1 1 0 1 0 0 0 0 0 0 0
340	3	0 1 1 1 0 0 0 0 1 0 0 0 0 0 0 0
340	5	1 0 1 1 1 1 0 0 0 1 0 1 0 0 0 0
340	1	1 1 1 1 1 1 0 0 1 0 1 0 0 0 1 0
340	1	1 1 1 0 0 0 1 0 1 0 1 0 0 0 1 0
340	5	1 1 0 1 1 0 0 0 1 1 0 0 0 0 0 0
340	2	0 1 0 1 0 0 0 0 1 1 0 1 0 0 0 0
340	2	1 1 0 1 0 0 0 0 1 1 0 0 0 0 0 0
340	4	1 1 1 1 0 0 0 0 1 1 0 0 0 0 1 0
340	1	1 1 1 1 0 0 1 0 1 0 1 0 0 1 0 0
340	1	1 0 0 1 1 0 0 0 1 0 1 0 1 1 0 0
360	4	1 1 1 1 0 0 0 0 1 0 1 0 0 1 0 0
360	159	1 1 1 1 0 0 0 0 1 1 0 0 0 0 0 0
360	42	1 0 1 1 0 0 0 0 1 0 1 0 0 0 0 0
360	13	1 1 1 1 0 0 0 0 1 0 1 0 0 0 0 0
360	73	1 1 1 1 1 1 0 0 1 0 0 0 0 0 0 0
360	41	1 1 1 1 1 0 0 0 1 1 0 0 0 0 0 0
360	3	1 1 1 1 0 0 1 0 1 0 1 0 0 0 0 0
360	85	1 1 1 1 0 0 0 0 1 1 1 0 0 0 0 0
360	33	1 0 1 1 0 0 0 0 1 1 0 1 0 0 0 0
360	6	1 0 1 1 0 0 1 1 1 1 1 0 0 0 0 0
360	7	1 0 1 1 0 0 0 1 0 1 0 1 0 0 0 0
360	11	1 1 1 1 1 0 0 0 0 1 0 1 0 0 0 0
360	11	1 1 1 1 0 0 0 0 1 1 1 0 0 1 0 0
360	5	1 1 1 1 1 0 0 0 1 1 1 0 0 0 0 0
360	5	1 1 1 1 0 1 0 1 1 0 0 0 0 0 1 0
360	5	1 0 1 1 0 1 0 1 1 0 0 0 0 0 0 0
360	12	1 0 1 1 0 0 0 1 1 1 0 0 0 0 0 0
360	54	1 1 1 1 0 0 0 0 1 0 0 0 0 0 0 0
360	13	1 1 1 1 0 1 0 1 1 1 1 0 0 0 0 0
360	7	1 1 0 1 1 0 0 0 1 0 1 0 0 1 0 0
360	12	1 1 1 1 1 0 0 0 0 1 0 1 0 0 0 1
360	39	0 1 1 1 0 0 0 0 1 0 1 0 0 0 0 0
360	20	1 1 1 1 1 1 0 1 1 0 0 0 0 0 0 0
360	8	1 1 1 1 0 1 0 0 1 1 0 0 0 0 0 0
360	9	1 1 1 1 1 1 0 0 1 0 1 0 0 0 0 0
360	8	0 1 0 1 1 0 0 0 1 0 1 0 0 1 0 0
360	26	1 0 0 1 1 0 0 0 1 0 1 0 0 1 0 0
360	5	1 0 1 1 0 1 0 1 1 0 1 0 0 0 0 0
360	3	1 1 0 1 0 0 0 0 1 0 1 0 0 1 0 0
360	13	1 1 1 1 0 0 0 0 1 1 0 1 0 0 0 1
360	12	1 1 1 1 0 0 0 0 0 1 1 0 0 1 0 0
360	9	1 0 1 1 0 0 0 0 1 1 0 0 0 1 0 0
360	8	1 0 1 1 0 0 0 0 1 1 0 0 0 0 0 0
360	11	1 0 1 1 0 0 0 0 1 1 1 0 0 0 0 0
360	11	1 1 1 1 0 1 0 0 1 0 1 0 0 0 0 0
360	3	0 1 1 1 0 0 0 0 1 1 1 0 0 1 0 0
360	10	1 1 0 1 1 1 0 0 1 0 0 0 0 0 0 0
360	2	1 1 1 1 0 0 0 0 1 1 1 1 0 0 0 0
360	4	1 1 1 1 0 1 0 1 1 0 1 0 0 1 0 0
360	14	1 0 1 1 0 0 0 0 1 1 0 0 0 1 1 0
360	21	1 1 1 1 0 0 0 0 1 0 0 0 0 0 1 0
360	8	1 1 1 0 1 1 0 0 1 0 0 0 0 0 0 0
360	7	1 1 1 1 0 0 0 0 1 1 1 0 1 0 0 0
360	5	1 1 1 1 1 0 0 0 1 0 0 0 0 0 0 0
360	23	1 0 1 1 0 0 0 0 1 0 0 0 0 0 0 0
360	5	1 0 0 1 1 0 0 0 1 0 1 0 0 0 0 0
360	7	1 1 1 1 0 0 1 0 1 0 1 1 0 0 0 0
360	1	1 1 1 1 0 0 0 0 0 1 1 0 0 0 0 0
360	10	1 1 1 1 0 0 0 1 1 0 0 0 0 0 0 0
360	1	0 1 1 1 0 0 0 0 1 0 1 1 0 0 0 0
360	1	1 1 1 1 1 1 0 0 1 0 1 1 0 0 0 0
360	3	1 1 1 1 0 1 1 1 1 0 1 0 0 1 0 0
360	11	1 1 1 1 1 1 1 0 1 0 0 0 0 0 0 0
360	5	1 1 1 1 0 0 0 0 1 0 1 0 1 0 0 0
360	2	0 1 0 1 1 0 0 0 1 0 0 0 0 0 0 0
360	2	1 1 1 1 0 0 0 0 1 0 0 0 0 1 0 0
360	7	1 1 1 1 0 1 0 0 1 0 1 1 0 0 0 0
360	2	1 0 1 1 1 0 0 0 1 1 0 0 0 0 0 0
360	2	1 1 1 1 0 1 0 0 1 0 0 0 0 0 0 0
360	1	0 1 1 1 0 0 0 0 1 0 0 0 0 0 0 0
360	6	1 0 1 1 0 1 0 1 1 0 1 1 0 0 0 0
360	3	1 1 1 1 0 1 0 0 1 1 1 0 0 0 0 0
360	1	1 1 1 1 1 1 0 0 1 1 0 0 0 0 0 0
360	2	1 1 1 1 0 0 0 0 1 0 0 1 0 0 0 0
360	4	1 1 0 1 0 0 0 0 1 1 0 0 0 0 0 0
360	3	1 1 1 1 0 0 0 0 1 1 0 0 0 1 0 0
360	6	1 1 1 1 1 1 0 0 1 0 1 0 0 0 0 1
360	2	1 0 0 1 1 0 0 0 0 1 0 1 0 0 0 0
360	1	1 1 1 1 0 0 0 0 0 0 0 0 0 0 0 0
360	1	1 1 1 1 0 1 0 0 1 0 1 0 0 1 0 0
360	3	1 1 1 1 0 0 0 0 1 1 1 0 0 0 0 1
360	3	0 1 0 1 0 0 0 0 1 0 1 0 0 0 0 0
360	6	1 0 1 1 0 1 0 1 0 0 1 0 0 0 0 0
360	4	1 0 1 1 1 1 1 0 1 0 0 0 0 0 0 0
360	1	1 0 1 1 1 0 0 0 1 0 1 0 0 1 0 0
360	3	1 0 0 1 0 0 0 0 1 0 1 0 0 0 0 0
360	1	1 1 1 1 1 0 0 0 1 1 0 0 1 0 0 0
360	4	1 1 0 1 0 0 0 0 1 1 1 0 0 0 0 0
360	2	1 0 1 1 0 0 0 1 1 0 0 0 0 0 0 0
360	1	0 1 1 1 0 0 0 0 1 0 1 0 0 0 1 0
360	2	1 1 1 1 0 0 0 1 1 0 1 0 0 0 0 0
360	1	0 1 0 1 1 0 0 0 1 1 0 0 0 0 0 0
380	86	1 1 1 1 0 0 0 0 1 1 0 0 0 0 0 0
380	16	1 0 1 1 0 0 0 0 1 0 1 0 0 0 0 0
380	53	1 1 1 1 0 0 0 0 1 0 1 0 0 0 0 0
380	74	1 1 1 1 1 1 0 0 1 0 0 0 0 0 0 0
380	1	1 1 1 1 0 0 1 0 1 0 1 0 0 0 0 0
380	37	1 1 1 1 0 0 0 0 1 1 1 0 0 0 0 0
380	28	1 0 1 1 0 0 0 0 1 1 0 1 0 0 0 0
380	3	1 1 1 1 1 0 0 0 0 1 0 1 0 0 0 0
380	5	1 1 1 1 0 0 0 0 1 1 1 0 0 1 0 0
380	14	1 0 1 1 0 1 0 1 1 0 0 0 0 0 0 0
380	8	1 0 1 1 0 0 0 1 1 1 0 0 0 0 0 0
380	71	1 1 1 1 0 0 0 0 1 0 0 0 0 0 0 0
380	24	1 1 1 1 0 1 0 1 1 1 1 0 0 0 0 0
380	7	1 1 0 1 1 0 0 0 1 0 1 0 0 1 0 0
380	24	1 1 1 1 1 0 0 0 0 1 0 1 0 0 0 1
380	60	0 1 1 1 0 0 0 0 1 0 1 0 0 0 0 0
380	1	1 1 1 1 1 1 0 1 1 0 0 0 0 0 0 0
380	22	1 1 1 1 0 1 0 0 1 1 0 0 0 0 0 0
380	10	1 1 1 1 1 1 0 0 1 0 1 0 0 0 0 0
380	9	1 1 1 1 0 0 0 0 0 1 1 0 0 1 0 0
380	10	1 0 1 1 0 0 0 0 1 1 0 0 0 1 0 0
380	8	1 0 1 1 0 0 0 0 1 1 0 0 0 0 0 0
380	13	1 1 1 1 0 1 0 0 1 0 1 0 0 0 0 0
380	12	1 1 0 1 1 1 0 0 1 0 0 0 0 0 0 0
380	4	1 1 1 1 0 1 0 1 1 0 1 0 0 1 0 0
380	30	1 1 1 1 0 0 0 0 1 0 0 0 0 0 1 0
380	6	1 1 1 0 1 1 0 0 1 0 0 0 0 0 0 0
380	17	1 1 1 1 0 0 0 0 1 1 1 0 1 0 0 0
380	10	1 0 1 1 0 0 0 0 1 0 0 0 0 0 0 0
380	23	1 1 1 1 0 0 1 0 1 0 1 1 0 0 0 0
380	2	1 1 1 1 0 1 1 1 1 0 1 0 0 1 0 0
380	12	1 1 1 1 0 1 0 0 1 0 1 1 0 0 0 0
380	15	0 1 0 1 0 0 0 0 1 0 1 0 0 0 0 0
380	12	1 1 0 1 0 0 0 0 1 1 1 0 0 0 0 0
380	4	1 0 1 1 0 0 0 1 1 0 0 0 0 0 0 0
380	6	1 1 1 1 0 0 0 0 1 1 0 0 0 0 1 0
380	4	1 1 1 1 1 1 0 0 1 0 0 0 0 0 0 1
380	12	0 1 1 1 1 1 0 0 1 0 0 0 0 0 0 0
380	17	1 1 1 0 0 0 0 0 1 1 1 0 0 0 0 0
380	15	1 1 0 1 0 0 0 0 1 0 0 0 0 0 0 0
380	1	1 1 1 1 0 0 0 0 1 1 0 0 1 0 0 0
380	9	1 1 1 1 0 0 0 0 1 1 0 0 0 1 0 0
380	19	1 1 1 1 1 0 0 0 1 1 0 0 1 0 0 0
380	17	1 1 1 1 0 1 0 0 1 0 0 0 0 0 0 0
380	7	1 1 0 1 1 0 0 0 1 0 0 0 0 0 0 0
380	4	0 1 1 1 0 0 0 0 1 0 1 0 0 1 0 0
380	1	1 1 1 1 1 0 0 0 1 1 0 1 0 0 0 0
380	11	1 1 1 1 0 0 0 0 0 1 0 1 0 0 0 1
380	6	1 1 1 1 0 1 0 0 0 1 0 0 0 0 0 0
380	9	1 1 1 1 1 0 0 0 1 0 0 0 0 0 1 0
380	3	1 0 1 1 1 1 0 0 1 1 1 0 0 0 0 0
380	2	1 1 1 1 1 0 0 0 1 0 1 0 0 1 0 0
380	6	1 0 1 1 0 1 0 0 1 0 0 0 0 0 0 0
380	11	1 0 1 1 0 0 0 1 1 1 0 0 0 0 1 0
380	2	0 1 0 1 0 1 0 0 1 0 0 0 0 0 0 0
380	1	1 0 1 1 0 0 1 0 1 0 1 0 0 0 0 0
380	7	1 1 1 0 0 0 0 0 1 0 1 0 0 0 0 0
380	8	1 1 1 0 0 0 0 0 1 0 0 0 0 0 0 0
380	1	1 1 0 1 0 0 0 0 0 1 0 1 0 0 0 0
380	9	1 1 1 0 0 1 0 0 1 0 0 0 0 0 0 0
380	4	1 0 1 1 0 0 0 0 1 0 1 0 0 1 0 0
380	2	0 1 1 1 0 1 0 1 1 1 1 0 0 0 0 0
380	4	1 1 1 1 0 0 1 0 1 0 0 0 0 0 0 0
380	10	1 1 1 0 0 0 0 0 1 0 0 0 0 0 1 0
380	3	1 1 0 1 1 0 0 0 0 1 0 1 0 0 0 0
380	3	1 1 0 1 0 0 0 0 1 1 1 0 1 0 0 0
380	3	1 0 1 1 0 1 0 0 1 1 0 1 0 0 0 0
380	8	1 0 1 1 0 1 0 1 0 0 0 0 0 0 0 0
380	5	1 1 1 1 0 1 1 1 1 1 1 0 0 1 0 0
380	1	1 1 0 1 0 0 0 0 1 0 0 0 0 0 1 0
380	3	0 1 1 1 0 1 0 0 1 1 0 0 0 0 0 0
380	2	1 1 1 1 0 0 0 0 1 1 0 1 0 0 0 0
380	1	1 0 1 1 0 0 0 0 1 0 1 0 1 0 0 0
380	11	1 1 1 1 0 0 0 1 1 0 0 0 0 0 0 0
380	1	1 1 1 1 0 0 0 1 1 0 0 0 0 0 1 0
380	1	1 1 1 0 1 1 0 0 0 0 0 0 0 0 0 0
380	1	1 1 1 0 0 1 0 0 1 0 0 0 0 0 0 1
380	2	1 1 1 1 0 0 0 0 1 0 1 1 0 0 0 0
380	3	1 1 1 1 0 1 1 1 1 0 1 0 0 0 0 0
380	1	1 0 1 1 0 0 0 0 1 1 0 0 1 0 0 0
380	2	1 1 1 1 0 0 0 1 1 1 0 0 0 0 0 0
380	3	1 0 1 1 0 0 0 0 1 1 1 0 0 0 0 0
380	2	1 0 1 1 1 1 0 0 1 0 0 0 0 0 0 0
380	1	1 0 1 1 0 0 0 1 1 1 0 0 0 0 0 1
380	1	1 1 1 1 1 0 0 0 1 1 0 1 0 0 1 0
380	1	0 1 1 0 0 0 0 0 1 0 0 0 0 0 1 0
380	2	1 1 1 1 0 0 0 1 1 0 0 1 0 0 1 0
400	73	1 1 1 1 0 0 0 0 1 1 0 0 0 0 0 0
400	33	1 0 1 1 0 0 0 0 1 0 1 0 0 0 0 0
400	47	1 1 1 1 0 0 0 0 1 0 1 0 0 0 0 0
400	64	1 1 1 1 1 1 0 0 1 0 0 0 0 0 0 0
400	34	1 1 1 1 0 0 0 0 1 1 1 0 0 0 0 0
400	1	1 0 1 1 0 0 0 0 1 1 0 1 0 0 0 0
400	56	1 1 1 1 0 0 0 0 1 0 0 0 0 0 0 0
400	26	1 1 1 1 1 0 0 0 0 1 0 1 0 0 0 1
400	71	0 1 1 1 0 0 0 0 1 0 1 0 0 0 0 0
400	26	1 1 1 1 0 1 0 0 1 1 0 0 0 0 0 0
400	28	1 1 1 1 0 1 0 0 1 0 1 0 0 0 0 0
400	42	1 1 0 1 1 1 0 0 1 0 0 0 0 0 0 0
400	3	1 1 1 1 0 0 0 0 1 0 0 0 0 0 1 0
400	33	1 1 1 1 0 0 1 0 1 0 1 1 0 0 0 0
400	19	1 1 1 1 0 0 0 0 1 1 0 0 0 0 1 0
400	18	1 1 1 0 0 0 0 0 1 1 1 0 0 0 0 0
400	2	1 1 0 1 0 0 0 0 1 0 0 0 0 0 0 0
400	5	1 1 1 1 0 0 0 0 1 1 0 0 1 0 0 0
400	1	1 1 1 1 0 0 0 0 1 1 0 0 0 1 0 0
400	1	1 1 1 1 1 0 0 0 1 1 0 0 1 0 0 0
400	53	1 1 1 1 0 1 0 0 1 0 0 0 0 0 0 0
400	6	1 1 1 1 0 0 0 0 0 1 0 1 0 0 0 1
400	3	1 1 1 1 1 0 0 0 1 0 0 0 0 0 1 0
400	13	1 0 1 1 1 1 0 0 1 1 1 0 0 0 0 0
400	12	1 1 1 0 0 1 0 0 1 0 0 0 0 0 0 0
400	8	1 1 1 0 0 0 0 0 1 0 0 0 0 0 1 0
400	14	1 1 0 1 1 0 0 0 0 1 0 1 0 0 0 0
400	24	1 0 1 1 0 1 0 1 0 0 0 0 0 0 0 0
400	3	0 1 1 1 0 1 0 0 1 1 0 0 0 0 0 0
400	3	1 1 1 1 0 0 0 1 1 0 0 0 0 0 0 0
400	4	1 0 1 1 0 0 0 0 1 1 1 0 0 0 0 0
400	13	1 1 1 0 0 0 0 0 1 1 0 0 0 0 0 0
400	2	1 1 1 0 0 1 0 0 1 0 0 0 0 0 1 0
400	3	0 1 1 1 0 0 0 0 0 1 0 1 0 0 0 1
400	6	1 1 1 1 1 1 0 0 1 0 0 0 0 0 1 0
400	11	1 1 1 1 0 0 1 0 1 0 0 1 0 0 0 0
400	1	1 0 1 1 0 0 1 0 1 0 1 0 0 0 0 0
400	7	1 0 1 1 0 0 0 0 1 0 0 1 0 0 0 0
400	2	0 1 1 1 0 0 0 0 1 1 1 0 0 1 0 0
400	12	1 1 1 0 0 1 1 1 1 0 1 0 0 0 0 0
400	3	1 1 1 1 0 0 0 0 1 1 1 1 0 1 0 0
400	2	1 1 1 1 1 0 0 0 0 0 0 1 0 0 0 1
400	11	1 1 1 1 1 0 0 0 1 1 1 0 0 0 0 0
400	17	1 1 1 1 0 0 1 0 1 0 0 0 0 0 1 0
400	8	1 1 1 0 1 1 0 0 1 0 0 0 0 0 0 0
400	7	1 1 1 1 1 1 0 0 1 0 1 0 0 0 0 0
400	5	1 0 1 1 1 1 0 0 1 0 0 0 0 0 0 0
400	1	1 1 0 1 1 1 1 0 1 0 0 0 0 0 0 0
400	6	1 0 1 1 0 0 1 0 1 0 1 1 0 0 0 0
400	8	1 1 1 1 1 0 0 0 1 0 1 0 0 0 0 0
400	13	1 1 1 1 0 0 0 1 1 0 1 0 0 0 0 0
400	1	1 1 0 1 0 0 0 0 1 1 1 0 0 0 0 0
400	8	1 0 1 1 1 1 0 0 1 1 0 0 1 0 0 0
400	2	1 0 1 1 0 0 0 0 1 0 0 0 0 0 0 0
400	13	1 1 1 0 0 1 0 1 1 1 0 0 1 0 0 0
400	3	1 1 1 1 1 0 1 0 1 1 0 0 0 0 0 0
400	3	1 1 1 1 0 0 0 0 1 0 1 0 0 0 0 1
400	5	0 1 1 1 0 0 1 0 1 0 1 0 0 0 0 0
400	9	1 1 1 1 1 0 0 0 1 0 0 0 1 0 1 0
400	2	1 1 0 1 1 0 0 0 1 1 1 0 0 0 0 0
400	3	1 1 1 1 1 1 0 0 0 0 0 0 0 0 0 0
400	4	1 1 1 1 0 1 0 1 1 0 1 0 0 0 0 0
400	6	0 1 1 1 0 0 1 0 1 0 1 1 0 0 0 0
400	1	1 1 1 1 0 1 0 0 1 1 0 0 0 1 0 0
400	9	1 1 1 0 0 0 1 0 1 0 1 1 0 0 0 0
400	6	1 1 1 1 0 1 0 0 1 0 0 0 0 1 0 0
400	4	1 1 0 0 0 0 0 0 1 0 0 0 0 0 1 0
400	1	1 0 1 1 0 1 0 1 0 0 0 1 0 0 0 0
400	3	1 1 1 1 1 1 0 1 1 1 1 1 0 0 0 0
400	2	0 1 1 1 0 0 1 0 1 0 1 0 0 0 1 0
400	3	1 1 1 1 0 0 0 0 1 0 1 1 0 0 0 0
400	1	1 1 0 0 0 0 0 0 1 1 0 0 0 0 0 0
400	5	1 1 1 1 0 0 0 0 1 1 1 0 0 0 1 0
400	2	1 1 1 0 0 1 0 0 1 1 1 0 0 0 0 0
400	3	1 1 0 1 0 0 0 0 0 1 0 1 0 0 0 1
400	6	1 1 1 1 1 1 0 0 1 1 0 0 1 0 0 0
400	1	1 1 1 1 0 0 0 0 1 1 0 1 0 0 0 1
400	3	1 1 1 1 0 0 0 1 0 0 0 0 0 0 0 0
400	1	1 1 1 1 0 1 0 1 1 0 0 0 0 0 1 0
400	1	1 1 1 1 1 0 0 0 1 1 0 0 0 0 0 0
400	3	1 1 1 1 0 0 0 0 0 1 0 0 0 0 0 0
400	1	1 1 1 1 0 0 0 0 1 0 0 0 1 0 0 0
400	1	1 1 1 1 0 0 1 0 1 0 1 1 0 1 0 0
400	2	1 1 1 1 0 0 0 1 1 1 0 0 0 0 1 0
400	2	0 1 1 1 0 0 0 0 1 1 0 0 0 0 1 0
400	1	1 1 1 0 0 0 0 0 1 1 1 0 1 0 0 0
400	1	0 0 1 1 1 1 0 0 1 1 0 0 1 0 0 0
400	3	1 1 0 1 1 1 0 0 0 0 0 0 0 0 0 0
400	2	1 1 1 1 0 0 0 0 0 0 0 0 0 0 0 0
400	1	1 1 1 1 0 1 0 1 1 1 0 0 1 0 0 0
400	2	1 1 0 1 0 0 0 0 1 0 1 0 0 0 0 0
400	1	0 1 1 1 0 0 0 0 1 0 1 1 0 0 0 0
400	1	1 0 1 1 0 1 0 0 1 1 0 0 0 0 0 0
400	2	1 1 0 1 1 1 0 0 1 0 1 0 0 0 0 0
400	1	1 1 1 1 0 1 0 1 1 0 0 0 0 0 0 0
400	1	1 1 1 0 0 0 1 0 1 0 1 0 0 0 0 0
