0	250	0 1 0 1 0 0 1 1 0 0 0 0 0 0 0 0
0	250	1 0 0 0 0 0 0 1 0 0 0 0 0 0 1 0
0	250	1 0 1 0 0 1 1 0 1 0 0 1 0 1 0 0
0	250	0 0 0 0 0 0 0 0 0 1 0 0 1 0 0 0
8	258	0 1 0 1 0 0 1 1 0 0 0 0 0 0 0 0
8	203	1 0 0 0 0 0 0 1 0 0 0 0 0 0 1 0
8	153	1 0 1 0 0 1 1 0 1 0 0 1 0 1 0 0
8	197	0 0 0 0 0 0 0 0 0 1 0 0 1 0 0 0
8	1	0 1 0 1 0 0 0 1 0 0 0 0 0 0 1 0
8	2	0 1 0 1 0 0 1 1 0 0 0 1 0 1 0 0
8	3	1 0 1 0 0 1 1 0 1 0 0 0 0 0 1 0
8	3	0 1 0 1 0 0 0 1 0 0 0 0 0 0 0 0
8	6	1 1 0 1 0 0 1 1 0 0 0 0 0 0 0 0
8	4	1 0 0 0 0 0 0 1 0 0 0 0 0 0 1 1
8	4	1 0 1 0 0 1 1 1 1 0 0 1 0 1 0 0
8	12	0 0 1 0 0 1 1 0 1 0 0 1 0 1 0 0
8	6	0 1 0 1 0 0 1 1 0 0 0 0 0 1 0 0
8	2	1 0 0 0 0 0 1 1 0 0 0 0 0 0 0 0
8	1	1 0 1 0 0 1 1 0 1 0 0 1 0 0 1 0
8	9	0 0 0 1 0 0 1 1 0 0 0 0 0 0 0 0
8	4	0 1 0 1 0 1 1 1 0 0 0 0 0 0 0 0
8	3	0 1 0 1 0 0 1 1 0 0 0 1 0 0 0 0
8	2	1 0 0 0 0 0 0 1 0 1 0 0 0 0 1 0
8	9	1 0 1 0 0 1 1 0 1 0 1 1 0 1 0 0
8	9	1 0 1 0 0 0 0 0 0 1 0 0 1 0 0 0
8	9	0 0 0 0 0 0 0 1 0 0 0 0 0 0 1 0
8	8	0 1 0 1 0 0 1 1 1 0 0 0 0 0 0 0
8	1	1 0 0 0 0 0 0 1 0 0 0 0 1 0 1 0
8	8	1 0 0 1 0 0 0 1 0 0 0 0 0 0 1 0
8	1	1 0 1 0 0 1 1 0 1 0 0 1 0 1 0 1
8	1	1 0 1 1 0 1 1 0 1 0 0 1 0 1 0 0
8	14	0 1 0 0 0 0 0 0 0 1 0 0 1 0 0 0
8	4	1 0 0 0 0 0 0 1 0 0 0 0 0 0 0 0
8	3	1 0 0 0 0 0 0 0 0 1 0 0 1 0 0 0
8	6	1 0 1 0 0 0 0 1 0 0 0 0 0 0 1 0
8	3	1 0 0 0 0 1 1 0 1 0 0 1 0 1 0 0
8	1	0 0 0 0 0 0 0 0 0 0 0 0 1 0 0 0
8	9	0 0 0 0 0 0 0 0 0 1 0 0 1 1 0 0
8	2	0 0 0 0 0 0 1 0 0 1 0 0 1 0 0 0
8	5	0 1 1 1 0 1 1 1 0 0 0 0 0 0 0 0
8	1	0 1 0 1 0 0 1 1 0 0 0 0 0 0 0 1
8	4	1 0 1 0 1 1 1 0 1 0 0 1 0 1 0 0
8	6	0 0 0 0 0 0 0 0 1 1 0 0 1 0 0 0
8	1	0 1 0 1 0 0 0 1 0 0 1 0 0 0 0 0
8	3	1 1 0 1 0 0 1 1 0 0 0 1 0 0 0 0
8	1	0 1 0 1 0 0 0 0 0 1 0 0 1 0 0 0
8	3	0 1 0 1 0 0 1 0 1 0 0 1 0 1 0 0
8	4	1 0 1 0 0 1 1 0 0 1 0 0 1 0 0 0
8	1	1 0 1 0 0 1 1 0 0 0 0 0 0 0 0 0
8	1	0 0 0 0 0 0 0 1 0 0 0 0 0 0 0 0
8	1	0 1 0 1 0 0 1 1 0 0 0 1 0 0 0 1
8	2	0 1 0 1 0 1 1 0 1 0 0 1 0 1 0 0
8	1	0 1 0 0 0 0 0 0 0 1 0 0 1 1 0 0
8	1	1 0 1 0 0 1 1 0 1 0 0 0 1 0 0 0
8	1	1 0 1 0 0 1 1 0 1 0 1 0 0 0 1 1
8	1	0 1 0 0 0 0 1 1 0 0 0 0 0 0 0 0
8	1	0 0 0 0 0 1 0 0 0 1 0 0 1 0 0 0
8	1	0 1 1 1 0 0 1 1 0 0 0 1 0 0 0 0
45	461	0 1 0 1 0 0 1 1 0 0 0 0 0 0 0 0
45	34	1 0 0 0 0 0 0 1 0 0 0 0 0 0 1 0
45	24	0 0 0 0 0 0 0 0 0 1 0 0 1 0 0 0
45	10	1 1 0 1 0 0 1 1 0 0 0 0 0 0 0 0
45	5	0 1 0 1 0 0 1 1 0 0 0 0 0 1 0 0
45	3	0 0 0 0 0 0 0 1 0 0 0 0 0 0 1 0
45	32	0 1 0 0 0 0 0 0 0 1 0 0 1 0 0 0
45	19	1 0 0 0 0 0 0 1 0 0 0 0 0 0 0 0
45	11	1 0 1 0 0 0 0 1 0 0 0 0 0 0 1 0
45	4	0 1 1 1 0 1 1 1 0 0 0 0 0 0 0 0
45	27	1 1 0 1 0 0 1 1 0 0 0 1 0 0 0 0
45	24	0 1 0 1 1 0 1 1 0 0 0 0 0 0 0 0
45	34	0 1 0 1 0 0 1 1 0 0 0 0 0 0 1 0
45	3	1 0 0 0 0 0 0 1 0 0 0 0 0 1 0 0
45	15	0 0 0 1 0 0 1 1 0 0 0 0 0 0 0 0
45	3	1 0 1 0 0 1 1 0 1 0 0 0 0 0 0 0
45	14	0 1 0 1 0 0 1 1 0 0 1 0 0 0 0 0
45	14	0 1 0 1 0 0 1 1 0 0 0 0 1 0 0 0
45	4	0 1 0 1 1 0 1 1 0 0 0 0 0 0 0 1
45	10	0 1 0 1 0 0 1 1 0 1 0 0 0 0 0 0
45	4	0 1 0 1 0 0 1 1 0 0 0 1 0 0 0 0
45	20	1 1 0 0 0 0 0 1 0 1 0 0 0 0 0 0
45	3	0 0 1 1 0 1 1 1 0 0 0 0 0 0 0 0
45	21	1 0 1 1 0 0 1 1 0 0 0 0 0 0 0 0
45	13	1 0 0 0 0 0 1 1 0 0 0 0 0 1 0 0
45	19	0 0 0 0 0 0 0 0 0 0 0 0 0 0 0 0
45	2	1 0 1 0 0 1 0 0 1 0 0 1 0 1 0 0
45	1	1 0 1 0 0 0 0 1 0 0 0 0 0 0 0 0
45	3	1 0 0 0 0 0 0 1 0 0 0 1 0 1 0 0
45	8	0 1 1 1 0 1 1 0 0 0 0 0 0 0 0 0
45	2	0 0 0 0 0 1 0 1 0 1 0 0 1 0 0 0
45	11	0 1 1 1 0 1 1 0 0 1 0 0 0 0 0 0
45	3	0 0 0 0 0 0 0 0 0 1 1 1 0 1 0 0
45	1	0 1 0 0 0 1 0 0 0 1 0 0 1 0 0 0
45	1	0 0 0 0 0 0 0 1 0 1 0 0 0 0 0 0
45	7	0 1 0 1 0 0 1 1 0 0 0 1 0 1 0 0
45	8	0 0 0 1 1 0 1 1 1 0 0 0 0 0 0 0
45	24	0 1 1 1 0 0 1 1 0 0 0 0 0 0 0 0
45	8	1 0 0 0 1 0 0 1 0 0 0 0 0 0 1 0
45	10	0 0 0 0 0 0 0 0 0 1 1 0 1 0 0 0
45	4	0 0 0 1 0 0 1 1 0 0 0 0 0 0 1 0
45	3	0 0 0 1 0 1 0 1 0 1 0 0 1 0 0 0
45	2	0 0 0 0 0 0 1 1 0 0 0 0 0 0 0 0
45	1	0 1 0 1 0 1 1 1 0 0 0 0 0 0 0 0
45	1	0 1 0 1 0 0 1 1 0 0 0 1 0 0 1 0
45	8	0 1 0 0 0 0 1 1 0 0 0 0 0 0 0 0
45	4	1 0 0 0 0 0 0 1 0 0 0 0 0 1 1 0
45	4	1 0 1 1 0 0 1 1 0 0 0 1 0 0 0 0
45	6	0 1 0 1 0 0 1 0 0 0 0 0 0 0 0 0
45	1	0 1 0 0 0 1 0 1 0 1 0 0 0 0 0 0
45	11	0 1 0 1 0 0 1 1 0 1 0 0 1 0 0 0
45	4	0 1 0 1 0 0 1 1 1 0 0 0 0 0 0 0
45	2	0 0 0 0 0 0 1 0 0 1 0 0 1 0 0 0
45	5	1 1 0 1 0 0 1 1 1 0 0 1 0 0 0 0
45	1	0 0 0 1 0 0 1 1 0 0 1 0 0 0 0 0
45	1	0 1 0 1 0 0 1 1 0 0 1 0 1 0 0 0
45	1	0 1 0 0 0 0 0 0 0 0 0 0 0 0 0 0
45	4	0 1 0 1 0 0 0 1 0 0 0 0 0 0 0 0
45	3	1 0 0 1 0 0 1 1 0 0 0 0 0 0 0 0
45	3	1 0 0 1 0 0 1 1 0 0 0 0 0 1 0 0
45	2	1 0 0 1 0 0 1 1 0 0 0 1 0 0 0 0
45	4	0 1 0 1 0 1 1 1 0 0 0 0 0 1 0 0
45	1	1 0 1 1 0 0 1 1 0 0 0 0 0 0 0 1
45	1	0 1 0 1 1 0 1 1 1 0 0 0 1 0 0 0
45	1	0 0 0 0 0 1 0 0 0 1 0 0 1 0 0 0
45	1	1 0 1 1 1 0 1 1 0 0 0 0 0 0 0 0
45	1	1 0 0 0 0 0 1 1 0 1 0 0 0 1 0 0
85	129	0 1 0 1 0 0 1 1 0 0 0 0 0 0 0 0
85	7	1 1 0 1 0 0 1 1 0 0 0 0 0 0 0 0
85	37	1 0 0 0 0 0 0 1 0 0 0 0 0 0 0 0
85	14	1 1 0 1 0 0 1 1 0 0 0 1 0 0 0 0
85	17	0 1 0 1 1 0 1 1 0 0 0 0 0 0 0 0
85	28	0 1 0 1 0 0 1 1 0 0 0 0 0 0 1 0
85	5	0 1 0 1 0 0 1 1 0 0 1 0 0 0 0 0
85	32	0 1 0 1 0 0 1 1 0 1 0 0 0 0 0 0
85	93	0 1 0 1 0 0 1 1 0 0 0 1 0 0 0 0
85	34	1 0 1 1 0 0 1 1 0 0 0 0 0 0 0 0
85	56	0 1 1 1 0 0 1 1 0 0 0 0 0 0 0 0
85	6	1 0 0 0 1 0 0 1 0 0 0 0 0 0 1 0
85	13	1 0 1 1 0 0 1 1 0 0 0 1 0 0 0 0
85	27	0 1 0 1 0 0 1 1 1 0 0 0 0 0 0 0
85	40	0 1 0 1 0 0 0 1 0 0 0 0 0 0 0 0
85	47	1 0 1 1 1 0 1 1 0 0 0 0 0 0 0 0
85	5	0 0 0 1 1 0 1 1 0 0 0 0 0 0 0 0
85	46	1 1 1 1 0 0 1 1 0 0 0 0 0 0 0 0
85	25	1 0 1 1 0 0 1 1 0 0 1 1 0 0 0 0
85	27	0 1 1 1 0 0 1 1 0 0 0 1 0 0 0 0
85	1	1 0 1 1 0 0 1 1 0 0 0 0 0 0 1 1
85	5	0 1 0 1 1 0 0 1 0 0 0 0 0 0 0 0
85	3	1 1 0 1 0 0 1 1 1 0 0 0 0 0 0 0
85	4	0 1 1 1 0 0 1 1 0 0 0 0 0 0 0 1
85	8	0 1 1 1 0 1 1 1 0 0 0 0 0 0 0 0
85	4	0 0 0 1 0 1 0 1 0 1 0 0 1 0 0 1
85	8	0 1 0 1 1 0 1 1 0 0 0 1 0 0 0 0
85	6	1 1 1 1 0 0 1 1 0 0 0 0 0 0 1 1
85	11	0 0 0 1 0 1 0 1 1 1 0 0 1 0 0 1
85	8	1 0 1 1 0 1 1 1 0 0 0 0 0 0 0 0
85	1	0 1 1 1 0 0 0 1 0 0 0 0 0 0 0 0
85	8	1 0 0 1 0 0 1 1 0 0 0 1 0 0 0 0
85	11	0 1 0 1 0 0 1 1 0 0 1 0 0 1 0 0
85	5	1 0 1 1 0 0 1 1 0 1 0 0 0 0 0 0
85	3	0 0 0 1 0 0 1 1 0 1 0 0 0 0 0 0
85	7	1 1 0 1 0 0 0 1 1 0 0 0 0 0 0 0
85	11	0 1 0 1 0 0 1 1 0 0 1 1 0 0 0 0
85	9	1 0 0 1 0 0 1 1 0 0 0 0 0 0 0 0
85	11	0 1 0 1 0 0 0 1 0 0 0 0 0 0 1 0
85	8	1 0 0 0 0 0 0 1 0 0 0 1 0 0 0 0
85	8	0 1 0 1 0 0 1 1 1 0 1 0 0 0 0 0
85	18	1 1 0 1 0 1 1 1 0 0 0 1 0 0 0 0
85	3	0 1 0 1 0 0 1 1 0 1 0 0 0 0 1 0
85	1	1 0 1 1 0 0 1 1 0 0 1 1 1 0 0 0
85	1	1 1 0 1 0 0 1 1 0 0 1 0 0 0 0 0
85	1	0 1 0 1 1 0 1 1 0 1 0 0 0 0 0 0
85	3	1 0 1 1 0 0 0 1 0 0 0 0 0 0 0 0
85	7	1 0 1 1 0 0 1 1 0 0 1 0 0 0 0 0
85	16	0 1 0 1 0 0 1 1 0 0 0 1 0 0 0 1
85	17	0 1 1 1 0 0 1 1 0 1 0 1 0 0 0 0
85	3	1 0 0 0 1 0 0 1 0 0 0 0 0 0 0 0
85	4	0 1 0 1 0 0 1 0 0 0 1 0 0 0 0 0
85	8	1 0 1 1 1 0 1 1 0 1 0 0 0 0 0 0
85	1	0 1 0 1 0 0 0 1 0 1 0 0 0 0 0 0
85	21	0 0 1 1 0 0 1 1 0 0 0 0 0 0 0 0
85	3	0 1 1 1 0 1 1 1 0 0 0 1 0 0 0 0
85	12	0 1 0 1 0 0 1 1 0 0 0 0 0 0 0 1
85	1	1 1 0 1 0 0 1 1 0 0 0 1 0 1 0 0
85	1	0 1 1 1 0 0 1 1 0 0 0 1 1 0 0 0
85	4	0 1 1 1 0 1 1 1 0 1 0 0 0 0 0 0
85	1	1 0 0 1 0 0 1 1 1 0 0 1 0 0 0 0
85	3	0 1 0 1 0 0 1 0 1 0 1 0 0 0 0 0
85	1	0 1 1 1 0 1 1 1 1 1 0 1 0 0 0 0
85	2	0 0 1 1 0 0 1 1 0 0 1 1 0 0 0 0
85	4	0 1 0 1 0 0 0 1 0 0 0 1 0 0 0 0
85	3	1 0 0 0 1 0 1 1 1 0 1 0 0 0 0 0
85	1	0 1 0 1 0 0 0 1 1 0 0 0 0 0 0 0
85	1	1 0 0 0 0 0 0 1 0 1 0 0 0 0 0 0
85	2	0 1 1 1 0 0 1 1 0 0 0 0 1 0 0 0
85	3	1 0 1 1 1 0 1 1 0 0 0 0 1 0 0 0
85	7	0 0 0 1 1 1 0 1 0 1 0 0 1 0 0 1
85	3	1 1 0 1 0 0 0 1 1 0 0 0 0 0 0 1
85	4	1 0 0 1 0 0 1 1 1 0 0 1 0 0 0 1
85	1	1 1 1 1 0 0 1 1 0 1 0 0 0 0 0 0
85	2	1 0 1 0 0 0 1 1 0 0 1 1 0 0 0 0
85	2	0 0 0 1 1 1 0 1 0 0 0 0 1 0 0 1
85	1	0 1 0 1 0 0 0 1 1 1 0 0 1 0 0 1
85	1	0 1 0 1 0 0 1 0 0 0 0 0 0 0 0 0
85	2	1 1 0 1 0 0 1 1 0 1 0 1 0 0 0 0
85	1	1 1 1 0 0 0 1 1 0 0 0 0 0 0 0 0
85	2	0 1 1 1 0 0 1 1 0 0 1 1 0 0 0 0
154	7	0 1 0 1 0 0 1 1 0 0 0 0 0 0 0 0
154	116	1 1 0 1 0 0 1 1 0 0 0 0 0 0 0 0
154	11	1 1 0 1 0 0 1 1 0 0 0 1 0 0 0 0
154	4	1 0 1 1 0 0 1 1 0 0 0 0 0 0 0 0
154	19	0 1 1 1 0 0 1 1 0 0 0 0 0 0 0 0
154	18	0 1 0 1 0 0 0 1 0 0 0 0 0 0 0 0
154	16	1 0 1 1 1 0 1 1 0 0 0 0 0 0 0 0
154	20	1 1 1 1 0 0 1 1 0 0 0 0 0 0 0 0
154	58	0 1 1 1 0 0 0 1 0 0 0 0 0 0 0 0
154	47	0 1 1 1 0 0 1 1 0 1 0 1 0 0 0 0
154	29	1 1 1 1 0 0 1 1 0 1 0 0 0 0 0 0
154	18	0 1 1 1 0 0 0 1 0 0 0 1 0 0 0 0
154	19	1 1 0 1 0 0 1 1 0 1 0 0 0 0 0 0
154	35	0 1 1 1 0 0 1 1 0 1 0 0 0 0 0 0
154	11	1 1 0 1 0 0 1 1 0 1 0 1 0 0 1 0
154	14	1 1 0 1 1 0 1 1 0 0 0 1 0 0 0 1
154	4	1 0 1 1 0 0 0 1 0 0 0 0 0 0 0 0
154	5	1 1 1 1 0 0 0 1 0 0 0 0 0 0 0 1
154	22	1 1 0 1 1 0 1 1 0 0 0 0 0 0 0 0
154	7	1 1 0 1 1 0 1 1 0 0 0 1 0 0 0 0
154	2	0 1 0 1 0 0 1 1 1 0 1 0 0 0 0 0
154	1	1 0 1 1 0 0 1 0 0 0 1 0 0 0 0 0
154	31	1 1 1 1 0 0 0 1 0 0 0 0 0 0 0 0
154	3	0 1 0 1 1 0 1 1 0 0 0 0 0 0 0 0
154	17	0 1 1 1 0 0 0 1 1 0 0 0 0 0 0 0
154	10	1 1 0 1 0 0 1 1 0 0 0 0 0 0 0 1
154	1	0 1 1 1 1 0 1 1 0 0 0 0 0 0 0 0
154	19	0 1 0 1 1 0 1 1 0 0 0 1 0 0 0 0
154	29	1 1 0 1 0 0 1 1 0 0 1 0 0 0 0 0
154	6	1 1 1 1 0 0 0 1 1 0 0 0 0 0 1 0
154	27	1 1 1 1 0 0 0 1 1 0 0 0 0 0 0 0
154	7	0 1 1 1 0 0 1 1 0 1 0 1 0 0 1 0
154	5	1 1 0 1 0 0 0 1 0 0 0 0 0 0 0 0
154	7	0 1 1 1 0 0 1 1 0 1 0 1 0 1 1 0
154	3	1 1 1 1 0 0 1 1 0 1 0 0 1 0 0 0
154	29	1 1 1 1 0 0 0 1 0 0 0 1 0 0 0 0
154	22	0 1 0 1 0 0 1 1 0 1 0 0 0 0 0 0
154	4	1 0 1 1 0 1 1 1 0 0 1 0 0 0 0 0
154	18	1 1 1 1 0 0 0 1 1 0 0 1 0 0 0 0
154	27	1 1 1 1 0 0 1 1 1 1 0 0 0 0 0 0
154	5	1 0 1 1 0 0 0 1 0 0 1 0 0 0 0 0
154	13	0 1 0 1 0 0 0 1 1 0 0 0 0 0 0 0
154	18	0 1 1 1 0 0 1 1 0 1 0 0 1 0 0 0
154	3	1 0 1 1 1 0 1 1 0 0 0 0 0 0 0 1
154	1	1 1 1 1 0 0 0 1 0 0 1 0 0 0 0 1
154	13	1 1 0 1 0 0 1 1 0 0 1 0 0 0 0 1
154	19	0 1 1 1 0 0 1 1 0 0 1 0 0 0 0 0
154	7	0 1 1 1 0 0 1 1 0 0 0 1 0 0 0 1
154	10	0 1 0 1 0 0 0 1 0 0 0 1 0 0 0 0
154	10	1 0 0 1 0 0 1 1 0 0 0 0 0 0 0 0
154	6	1 1 0 1 1 0 0 1 0 0 0 1 0 0 0 1
154	6	1 1 1 0 0 0 0 1 0 0 0 0 0 0 0 0
154	6	0 0 1 1 0 0 1 1 0 0 0 0 0 1 0 0
154	19	0 1 1 1 0 0 1 1 0 0 0 0 0 0 1 0
154	2	0 0 1 0 1 0 1 1 0 0 0 0 0 0 0 0
154	2	1 0 1 1 1 1 1 1 0 0 0 0 0 0 0 0
154	7	0 1 1 1 1 0 1 1 0 0 0 1 0 0 0 0
154	5	1 1 0 1 0 0 0 1 0 0 0 1 0 0 0 0
154	2	0 1 1 0 0 0 1 1 0 0 0 0 0 0 0 0
154	7	1 1 0 1 1 0 0 1 1 0 0 0 0 0 1 0
154	3	1 1 0 1 1 0 0 1 0 0 0 1 0 0 0 0
154	8	0 1 1 1 0 1 0 1 0 0 0 0 0 0 0 0
154	10	1 1 1 1 1 0 0 1 0 0 0 0 0 0 0 0
154	5	1 1 0 1 0 0 1 1 0 0 0 0 1 0 0 0
154	2	0 1 1 0 0 0 1 1 0 1 0 1 0 0 0 0
154	2	1 1 0 1 0 0 1 1 1 1 0 0 0 0 0 0
154	1	1 1 1 1 0 0 1 1 0 1 0 0 0 0 1 0
154	5	1 1 0 1 0 0 1 1 0 0 0 0 0 0 1 0
154	11	0 1 1 1 0 1 1 1 0 0 0 0 0 0 0 0
154	4	1 1 0 1 1 0 0 1 0 0 0 0 0 0 0 0
154	4	0 1 1 1 0 0 0 1 0 0 1 0 0 0 0 0
154	1	0 1 0 1 0 0 1 1 1 0 0 0 0 0 0 0
154	3	1 1 1 0 0 0 1 1 0 0 0 0 0 0 0 0
154	1	1 0 1 1 0 0 0 1 0 1 0 0 0 0 0 0
154	5	1 1 0 0 1 0 1 1 0 0 0 0 0 0 0 0
154	3	0 1 1 1 0 1 1 1 0 1 0 0 1 0 0 0
154	4	0 1 1 1 0 0 1 0 0 0 0 0 0 0 0 0
154	1	0 1 1 1 1 0 1 1 0 1 0 1 0 0 0 0
154	1	0 1 1 1 0 0 1 1 0 1 0 1 0 0 0 1
154	1	1 1 1 1 0 0 1 1 0 1 0 0 0 0 0 1
154	1	1 1 0 1 0 0 1 1 0 1 0 1 0 1 1 0
154	2	1 0 0 1 0 0 1 0 0 0 1 0 0 0 0 0
154	2	1 1 0 1 0 0 1 1 0 0 1 0 0 0 1 0
154	1	0 1 0 1 0 0 0 1 1 0 0 0 0 1 0 0
154	1	0 1 1 1 1 0 1 1 0 1 0 0 1 0 0 0
154	1	1 1 1 0 0 0 0 1 0 0 0 0 0 0 1 0
154	2	0 1 1 1 0 0 1 1 0 0 0 0 0 0 0 1
154	1	0 1 1 1 0 0 0 1 1 0 0 1 0 0 0 0
154	1	1 1 0 1 1 0 1 1 0 1 0 1 0 0 1 0
154	1	1 1 0 1 0 1 1 1 0 0 0 0 0 0 0 0
154	1	0 1 1 1 0 0 0 0 0 0 0 1 0 0 0 0
154	1	0 1 1 1 0 0 1 1 0 0 0 0 1 0 0 0
154	1	0 1 1 1 1 0 1 1 0 0 0 1 0 0 0 1
239	15	1 1 0 1 0 0 1 1 0 0 0 0 0 0 0 0
239	41	1 1 1 1 0 0 1 1 0 0 0 0 0 0 0 0
239	7	1 1 1 1 0 0 1 1 0 1 0 0 0 0 0 0
239	76	1 1 1 1 0 0 0 1 0 0 0 0 0 0 0 0
239	13	1 1 0 1 0 0 1 1 0 0 1 0 0 0 0 0
239	13	1 1 1 1 0 0 1 1 1 1 0 0 0 0 0 0
239	10	0 1 1 1 0 0 1 1 0 1 0 0 1 0 0 0
239	7	1 1 0 1 0 0 1 1 0 0 1 0 0 0 0 1
239	88	1 1 1 1 0 0 1 1 0 1 0 1 0 0 0 0
239	1	0 1 1 1 0 1 0 1 0 0 0 1 0 0 0 0
239	1	0 1 1 1 1 0 1 0 0 1 0 0 1 0 0 0
239	10	1 1 0 1 0 0 1 1 1 0 0 0 0 0 0 0
239	23	1 1 1 0 0 1 1 1 0 0 0 0 0 0 0 0
239	33	1 1 1 1 0 1 1 1 1 0 0 0 0 0 0 0
239	2	1 1 1 1 0 0 1 1 0 0 1 0 0 0 0 1
239	16	1 1 1 1 0 0 1 1 0 0 0 1 0 0 0 0
239	9	1 1 0 1 0 0 0 1 0 0 0 0 0 1 0 0
239	3	1 1 0 1 0 0 1 1 0 0 1 0 1 0 0 0
239	6	1 1 1 0 1 0 1 1 0 0 0 0 0 0 0 0
239	2	1 1 1 1 0 1 1 1 0 1 0 1 0 0 0 0
239	26	1 1 1 1 1 0 0 1 0 0 0 0 0 0 0 0
239	7	1 1 1 1 0 1 1 1 1 1 0 1 0 0 0 0
239	10	1 1 0 1 0 0 1 1 0 1 0 1 0 1 0 0
239	14	0 1 0 1 1 0 1 1 1 0 0 1 0 0 0 0
239	14	1 1 1 1 0 0 1 1 1 1 0 1 0 0 0 0
239	11	1 1 1 1 0 1 1 1 0 0 1 0 0 0 0 0
239	15	1 1 1 0 0 1 1 1 0 0 0 1 0 0 0 0
239	20	1 1 1 1 0 1 0 1 1 0 0 1 0 0 0 0
239	18	1 1 1 1 0 0 0 1 0 0 0 1 0 0 0 0
239	26	1 1 1 0 0 1 0 1 0 0 0 1 0 0 0 0
239	9	1 1 1 1 0 1 0 1 0 1 0 1 0 0 0 0
239	14	1 1 1 1 0 1 1 0 0 0 1 0 0 0 0 0
239	38	1 1 1 1 0 0 1 1 0 0 1 0 0 0 0 0
239	1	0 1 1 1 1 0 1 0 1 1 0 0 0 0 0 0
239	5	1 1 0 1 0 1 0 1 0 0 0 1 0 0 1 0
239	24	1 1 0 1 0 0 0 1 0 0 1 0 0 0 0 1
239	1	1 1 1 1 0 1 1 1 0 0 1 0 0 0 0 1
239	3	1 1 1 1 0 0 0 1 0 0 0 0 0 0 0 1
239	10	1 1 1 1 0 0 0 1 0 1 0 1 0 0 0 0
239	9	1 1 1 1 0 1 1 1 0 0 0 1 0 0 0 0
239	19	0 1 1 1 0 0 1 1 0 0 1 1 0 0 0 0
239	9	0 1 1 1 0 0 1 0 0 1 0 0 1 0 0 0
239	10	1 1 0 1 0 0 1 0 0 1 0 0 0 0 0 0
239	14	1 1 0 1 0 0 1 1 0 1 0 1 1 0 0 0
239	5	1 1 1 1 0 0 1 1 0 1 0 0 0 1 0 0
239	8	0 1 1 1 0 0 1 1 0 0 0 0 0 1 0 0
239	4	1 1 1 0 0 0 1 1 0 1 0 1 0 0 0 0
239	2	1 1 0 1 1 0 1 1 0 0 0 0 0 0 0 0
239	2	1 1 1 1 0 1 1 1 0 0 0 0 0 0 0 0
239	10	1 1 1 0 1 0 1 1 0 0 1 0 0 0 0 0
239	16	1 1 1 1 0 1 1 1 0 0 1 0 0 1 0 1
239	2	1 1 0 1 0 1 1 1 1 0 0 0 0 0 0 0
239	6	1 1 1 1 0 0 0 1 0 0 0 0 0 1 0 0
239	11	1 1 1 1 0 0 0 1 0 1 0 0 1 0 0 0
239	1	1 1 1 0 0 1 0 1 1 0 0 1 0 0 0 0
239	9	1 1 1 1 0 0 1 1 0 1 1 0 0 0 0 0
239	11	1 1 0 0 1 0 1 1 0 0 0 0 0 0 0 0
239	10	1 1 1 1 0 1 1 1 1 0 0 0 0 0 0 1
239	2	1 1 1 1 0 1 1 1 1 0 0 0 1 1 0 0
239	15	0 1 1 1 0 0 1 1 1 0 1 1 0 0 0 0
239	4	1 1 1 1 1 0 0 1 0 0 1 0 0 0 0 0
239	13	0 1 1 1 0 0 0 1 1 0 1 1 0 0 0 0
239	7	0 1 1 1 0 0 1 1 1 0 0 0 0 1 0 0
239	11	1 1 1 1 0 0 1 1 1 0 0 0 0 0 0 0
239	1	0 1 1 1 0 1 1 1 1 0 0 0 0 0 0 0
239	4	1 1 1 0 0 1 0 1 0 0 0 0 0 0 0 0
239	7	1 1 1 1 0 1 1 0 0 1 0 1 0 0 0 0
239	5	1 1 1 1 1 1 1 1 1 0 0 0 0 0 0 0
239	3	1 1 1 0 0 0 1 1 0 0 0 1 0 0 0 0
239	5	1 1 1 0 1 1 1 1 1 1 0 1 0 0 0 0
239	2	0 1 1 1 0 0 0 1 0 0 0 1 0 0 0 0
239	7	0 1 1 1 0 0 1 1 0 0 1 0 0 0 1 1
239	4	1 1 0 1 0 0 0 1 0 0 0 1 0 0 0 0
239	5	1 1 1 1 0 1 1 1 0 0 0 1 0 0 1 0
239	7	1 1 1 1 0 1 1 1 0 1 0 0 1 0 0 0
239	13	1 1 0 1 0 1 0 1 0 1 0 1 0 0 0 0
239	2	0 1 1 1 1 0 1 0 1 1 0 0 0 0 1 0
239	4	1 1 1 1 0 1 0 1 0 0 0 1 0 0 0 0
239	4	1 0 1 1 0 0 0 1 0 0 0 0 0 0 0 0
239	5	1 1 1 1 0 1 0 1 1 0 1 1 0 0 0 0
239	1	1 1 1 1 0 1 1 1 0 0 1 0 0 1 0 0
239	1	0 1 1 1 0 0 0 1 0 0 0 0 0 0 0 1
239	5	0 1 1 1 0 1 0 1 1 0 0 0 0 0 0 0
239	4	1 1 0 1 0 1 1 1 0 0 0 0 0 0 0 0
239	7	1 1 1 1 0 0 1 1 0 1 0 1 0 0 1 0
239	2	1 1 0 1 0 0 0 0 0 1 0 0 0 0 0 0
239	3	1 1 1 1 1 0 0 1 0 0 1 1 0 0 0 0
239	1	1 1 1 1 0 0 1 1 0 0 0 0 1 0 0 0
239	1	1 1 1 1 0 0 1 1 1 1 0 1 0 1 0 0
239	1	1 1 0 0 0 0 0 1 0 0 1 0 0 0 0 1
239	2	1 1 0 1 0 0 1 1 0 1 0 1 1 1 0 0
239	1	0 0 1 1 1 0 1 0 1 1 0 0 0 0 1 0
239	1	1 1 0 1 0 0 1 1 0 1 0 0 0 0 0 0
239	2	0 1 0 1 1 0 1 1 0 0 0 0 0 0 0 0
239	2	1 1 1 0 0 1 0 1 1 0 0 0 0 0 0 0
239	1	1 1 1 0 0 1 1 1 0 0 0 0 0 0 0 1
239	3	1 1 1 0 0 0 1 1 0 0 0 0 0 0 0 0
239	2	0 1 1 1 0 0 1 1 0 0 0 1 0 0 0 0
239	4	1 1 1 1 1 0 0 0 0 0 0 0 0 0 0 0
239	2	1 1 1 0 0 0 0 1 0 0 0 1 0 0 0 0
239	2	1 1 0 1 0 1 1 1 0 0 0 1 0 0 1 0
239	3	1 1 1 1 0 0 0 1 0 0 0 1 0 0 0 1
239	3	1 1 1 1 0 1 0 1 0 0 1 0 0 1 0 1
239	1	1 1 1 1 0 1 1 1 1 0 1 0 0 0 0 1
239	3	1 1 1 0 0 0 1 1 1 0 0 0 0 0 0 0
239	1	1 1 1 1 0 1 0 1 0 0 1 1 0 0 0 0
239	1	1 1 0 1 0 0 0 1 0 0 1 0 0 0 0 0
239	1	0 1 1 1 0 0 1 1 0 0 1 1 0 1 0 0
239	2	0 1 1 0 0 1 0 1 0 0 0 1 0 0 0 0
239	2	0 1 1 1 0 1 0 1 0 0 0 1 0 0 1 0
239	3	1 1 1 1 0 1 1 0 1 0 0 0 0 0 0 0
239	1	1 1 1 1 0 1 0 1 0 1 0 0 0 0 0 0
239	1	0 1 1 1 0 0 1 1 1 0 1 0 0 0 1 1
252	14	1 1 1 1 0 0 1 1 0 0 0 0 0 0 0 0
252	43	1 1 1 1 0 0 0 1 0 0 0 0 0 0 0 0
252	8	1 1 0 1 0 0 1 1 0 0 1 0 0 0 0 0
252	5	0 1 1 1 0 0 1 1 0 1 0 0 1 0 0 0
252	105	1 1 1 1 0 0 1 1 0 1 0 1 0 0 0 0
252	5	1 1 0 1 0 0 1 1 1 0 0 0 0 0 0 0
252	42	1 1 1 1 0 1 1 1 1 0 0 0 0 0 0 0
252	12	1 1 1 1 0 0 1 1 0 0 0 1 0 0 0 0
252	25	1 1 0 1 0 0 0 1 0 0 0 0 0 1 0 0
252	18	1 1 1 0 1 0 1 1 0 0 0 0 0 0 0 0
252	11	1 1 1 1 0 1 1 1 0 1 0 1 0 0 0 0
252	25	1 1 1 1 1 0 0 1 0 0 0 0 0 0 0 0
252	2	1 1 0 1 0 0 1 1 0 1 0 1 0 1 0 0
252	21	1 1 1 1 0 0 1 1 1 1 0 1 0 0 0 0
252	11	1 1 1 0 0 1 1 1 0 0 0 1 0 0 0 0
252	28	1 1 1 1 0 1 0 1 1 0 0 1 0 0 0 0
252	4	1 1 1 1 0 0 0 1 0 0 0 1 0 0 0 0
252	69	1 1 1 0 0 1 0 1 0 0 0 1 0 0 0 0
252	23	1 1 1 1 0 1 0 1 0 1 0 1 0 0 0 0
252	41	1 1 1 1 0 0 1 1 0 0 1 0 0 0 0 0
252	7	0 1 1 1 1 0 1 0 1 1 0 0 0 0 0 0
252	3	1 1 0 1 0 0 0 1 0 0 1 0 0 0 0 1
252	21	1 1 1 1 0 1 1 1 0 0 1 0 0 0 0 1
252	5	1 1 1 1 0 0 0 1 0 0 0 0 0 0 0 1
252	2	1 1 1 1 0 0 0 1 0 1 0 1 0 0 0 0
252	1	0 1 1 1 0 0 1 1 0 0 1 1 0 0 0 0
252	12	1 1 0 1 0 0 1 1 0 1 0 1 1 0 0 0
252	7	1 1 1 0 0 0 1 1 0 1 0 1 0 0 0 0
252	29	1 1 1 1 0 1 1 1 0 0 1 0 0 1 0 1
252	10	1 1 1 1 0 0 0 1 0 0 0 0 0 1 0 0
252	7	1 1 1 0 0 1 0 1 1 0 0 1 0 0 0 0
252	5	1 1 1 1 0 0 1 1 0 1 1 0 0 0 0 0
252	3	1 1 0 0 1 0 1 1 0 0 0 0 0 0 0 0
252	24	0 1 1 1 0 0 1 1 1 0 1 1 0 0 0 0
252	13	0 1 1 1 0 0 0 1 1 0 1 1 0 0 0 0
252	8	1 1 1 1 0 0 1 1 1 0 0 0 0 0 0 0
252	4	1 1 1 0 0 1 0 1 0 0 0 0 0 0 0 0
252	3	1 1 1 0 0 0 1 1 0 0 0 1 0 0 0 0
252	1	1 1 1 1 0 1 1 1 0 0 0 1 0 0 1 0
252	4	1 1 1 1 0 1 1 1 0 1 0 0 1 0 0 0
252	9	1 1 0 1 0 1 0 1 0 1 0 1 0 0 0 0
252	8	1 1 1 1 0 1 0 1 0 0 0 1 0 0 0 0
252	12	1 0 1 1 0 0 0 1 0 0 0 0 0 0 0 0
252	10	1 1 1 1 0 1 0 1 1 0 1 1 0 0 0 0
252	2	0 1 1 1 0 1 0 1 1 0 0 0 0 0 0 0
252	10	1 1 1 1 0 0 1 1 0 1 0 1 0 0 1 0
252	12	1 1 1 1 0 0 1 1 1 1 0 1 0 1 0 0
252	4	0 1 1 1 0 0 1 1 0 0 0 1 0 0 0 0
252	4	1 1 1 0 0 0 0 1 0 0 0 1 0 0 0 0
252	4	1 1 1 1 0 1 0 1 0 0 1 0 0 1 0 1
252	7	1 1 1 1 0 1 0 1 0 1 0 0 0 0 0 0
252	7	0 1 1 1 0 0 1 1 0 0 0 0 0 0 1 1
252	6	0 1 1 1 0 0 1 1 0 1 1 0 0 0 0 0
252	1	1 1 1 0 1 0 1 1 0 1 0 1 0 0 0 0
252	25	1 1 1 1 0 0 1 1 0 1 1 1 0 0 0 0
252	4	1 1 1 1 1 0 1 1 0 1 0 1 0 0 0 0
252	4	0 1 0 1 0 0 0 1 0 0 0 0 0 1 0 0
252	5	1 1 1 1 0 0 1 1 0 0 1 0 1 0 0 0
252	6	1 1 1 1 0 0 0 1 0 0 1 0 0 0 0 1
252	6	1 0 1 1 1 0 0 1 0 0 1 0 0 0 0 0
252	3	1 1 1 1 1 1 1 1 0 0 0 1 0 0 0 0
252	4	1 0 0 1 0 0 1 1 0 0 0 0 0 0 0 1
252	39	1 1 1 1 1 0 0 1 1 0 0 1 0 0 0 0
252	2	1 1 0 1 0 0 1 1 0 1 1 0 0 0 0 0
252	2	0 1 1 0 0 0 1 1 0 0 0 1 0 0 0 0
252	3	1 1 0 0 0 0 1 1 0 0 1 0 0 0 0 0
252	2	1 0 0 1 0 1 0 1 0 1 0 1 0 0 0 0
252	3	1 1 0 1 0 0 0 1 0 1 0 0 0 0 0 1
252	3	1 1 0 1 0 0 0 1 0 0 0 0 0 1 0 1
252	1	1 1 1 0 0 0 1 1 0 1 0 0 0 0 1 0
252	1	1 1 1 1 0 1 1 1 0 0 1 0 1 0 0 1
252	4	0 1 1 1 0 0 0 1 0 0 1 1 0 0 0 0
252	8	1 1 1 1 1 0 1 1 1 0 0 0 0 0 0 0
252	6	1 1 1 1 0 0 1 1 0 1 0 1 0 1 1 0
252	5	1 1 1 1 0 0 1 1 0 1 0 1 0 1 0 0
252	4	1 1 0 1 0 0 0 1 0 1 0 1 0 0 0 0
252	2	0 1 1 1 0 0 1 1 1 0 0 0 0 0 0 0
252	4	0 1 1 1 0 0 1 1 0 1 0 0 1 0 0 1
252	6	1 1 1 1 1 1 0 1 0 0 0 1 0 0 0 0
252	6	0 1 1 1 0 0 0 1 0 0 0 0 0 0 0 0
252	1	1 1 1 1 0 1 1 1 0 1 1 1 0 0 0 0
252	4	1 0 1 1 0 0 1 1 0 0 1 0 0 0 0 0
252	1	1 1 0 1 0 1 1 1 0 0 1 0 0 0 0 1
252	2	0 1 1 1 0 0 0 1 1 1 1 1 0 0 0 0
252	1	1 1 0 1 0 1 1 1 0 1 0 0 1 0 0 0
252	1	1 1 1 1 0 1 0 0 1 0 1 1 0 0 0 0
252	1	1 1 1 1 0 1 1 1 0 0 0 1 0 0 0 0
252	1	1 1 0 1 0 0 0 1 0 0 1 0 0 1 0 0
252	6	1 1 1 1 0 0 0 1 1 0 0 1 0 0 0 0
252	1	1 1 1 1 0 1 0 0 0 1 0 1 0 0 0 0
252	3	1 1 1 1 0 1 1 1 0 0 0 0 0 1 0 1
252	5	1 1 1 0 0 1 1 1 0 0 1 0 0 1 0 1
252	1	1 1 1 0 0 1 0 1 1 0 1 1 0 0 0 0
252	5	1 1 1 0 0 0 1 1 0 0 0 0 0 0 1 0
252	3	1 1 1 1 0 0 1 1 0 1 0 1 1 0 0 0
252	3	1 1 1 1 1 0 0 1 0 1 0 0 0 0 0 0
252	4	0 1 0 1 0 0 0 1 0 0 1 0 0 0 0 0
252	2	1 1 1 1 1 1 1 1 0 1 1 1 0 0 0 0
252	4	1 1 1 0 0 1 1 1 0 0 1 0 0 1 0 0
252	4	1 0 1 1 0 1 1 1 1 0 0 0 0 0 0 0
252	1	1 1 1 1 1 0 1 1 1 0 0 0 1 0 0 0
252	1	1 1 0 1 0 0 1 1 0 0 1 0 0 0 0 1
252	2	1 1 1 1 1 1 1 1 0 0 1 0 1 0 0 1
252	1	1 1 1 1 0 1 0 1 1 0 0 0 0 0 0 0
252	1	1 1 1 1 0 1 1 1 0 0 1 0 0 0 0 0
252	3	1 1 1 1 1 0 1 1 0 1 0 1 1 0 0 0
252	3	0 1 1 1 0 0 0 1 1 0 0 1 0 0 0 0
350	91	1 1 1 1 0 0 1 1 0 0 0 0 0 0 0 0
350	1	1 1 1 1 0 0 1 1 0 1 0 1 0 0 0 0
350	12	1 1 1 1 0 0 1 1 0 0 0 1 0 0 0 0
350	16	1 1 1 1 0 1 0 1 1 0 0 1 0 0 0 0
350	8	1 1 1 0 0 1 0 1 0 0 0 1 0 0 0 0
350	124	1 1 1 1 1 0 0 1 1 0 0 1 0 0 0 0
350	7	1 1 1 1 0 0 1 1 0 1 0 0 0 0 0 0
350	38	1 1 1 1 1 0 0 0 1 0 0 1 0 0 0 0
350	1	1 1 1 1 1 1 0 1 0 1 0 1 1 0 0 0
350	39	1 1 1 1 1 1 0 1 1 0 0 1 0 0 0 0
350	22	1 1 1 1 0 0 1 1 0 0 0 0 1 0 0 0
350	17	1 1 1 1 1 0 0 1 0 0 0 1 0 0 0 0
350	23	1 1 1 1 1 1 0 1 1 1 0 1 0 0 0 0
350	11	1 1 1 1 0 1 0 1 0 1 0 0 1 0 0 0
350	5	1 1 1 1 0 0 0 1 1 1 0 0 1 0 0 0
350	14	1 1 1 1 0 1 0 1 0 1 0 1 0 0 0 0
350	3	1 0 1 1 0 0 1 1 0 1 0 1 0 0 0 0
350	12	1 1 1 1 0 0 0 0 1 1 0 0 0 0 0 0
350	5	1 1 1 1 1 0 0 1 0 0 0 0 0 1 1 0
350	20	1 1 0 1 0 1 0 1 0 0 0 1 0 0 0 0
350	39	1 1 1 1 1 1 1 1 0 0 0 0 0 0 0 0
350	1	1 1 1 1 0 0 1 0 0 1 0 1 1 0 0 0
350	4	1 1 1 1 0 0 1 0 0 1 0 0 1 0 0 0
350	9	1 1 1 1 0 0 1 1 0 0 0 0 0 0 1 0
350	27	1 1 1 1 1 0 0 1 1 0 0 0 0 0 0 0
350	39	1 1 1 0 0 0 0 1 0 1 0 0 1 0 0 0
350	21	1 1 1 1 1 0 0 1 1 0 0 1 0 0 1 0
350	1	1 0 0 1 0 0 1 1 0 0 1 0 1 0 0 0
350	2	1 1 1 1 1 1 0 1 0 0 0 0 0 0 0 0
350	2	1 1 1 1 1 1 0 1 0 0 0 1 0 0 0 0
350	2	1 1 0 1 0 1 0 1 0 1 0 1 0 0 0 0
350	47	1 0 1 1 0 1 0 1 0 1 0 0 1 0 0 0
350	27	1 1 1 0 0 0 1 1 0 0 0 1 0 0 0 0
350	15	1 1 1 0 0 0 1 1 0 1 0 1 0 1 0 0
350	5	1 1 1 1 1 1 0 1 1 0 0 0 0 0 0 0
350	3	1 1 0 1 1 0 0 1 0 0 0 1 0 0 0 0
350	5	1 1 1 1 1 0 0 1 1 0 1 1 0 0 0 0
350	9	1 0 1 1 1 0 0 0 1 0 0 1 0 0 0 0
350	15	1 0 0 1 0 0 1 1 0 0 0 0 1 0 0 0
350	7	1 1 1 1 1 0 1 1 0 0 0 0 0 0 0 0
350	5	1 0 1 1 0 0 1 1 0 0 0 0 0 0 0 0
350	19	1 1 1 1 1 0 0 1 0 0 0 1 1 0 0 0
350	2	1 1 0 1 1 1 0 1 0 0 0 1 0 0 0 0
350	21	1 1 1 1 1 0 0 1 1 0 0 1 0 0 0 1
350	3	1 0 0 1 0 0 1 1 0 1 0 1 0 0 0 0
350	11	1 1 1 1 0 1 1 1 1 0 1 0 0 1 0 0
350	4	1 1 1 0 0 1 0 1 0 1 0 0 1 0 0 0
350	3	1 1 0 1 0 0 0 1 0 1 0 1 0 0 0 0
350	11	1 1 1 1 1 0 0 1 1 0 1 0 0 0 0 0
350	8	1 1 1 0 0 0 0 1 0 1 0 0 0 0 0 0
350	33	1 1 1 1 1 1 1 1 0 0 1 0 0 0 0 0
350	3	1 1 0 1 1 1 0 1 0 0 0 0 0 0 0 0
350	10	1 1 1 1 0 0 1 0 0 0 0 1 0 0 0 0
350	5	0 1 1 1 1 0 0 0 1 0 0 1 0 0 0 0
350	4	1 1 1 1 1 1 0 1 1 1 0 1 0 0 1 0
350	2	1 1 1 1 0 0 1 1 0 0 0 0 0 0 0 1
350	2	1 0 0 1 0 1 0 1 0 1 0 0 1 0 0 0
350	5	1 1 1 0 0 0 0 1 1 0 0 1 0 0 0 0
350	1	1 1 1 0 0 0 0 1 0 1 0 0 1 0 0 1
350	3	1 1 1 1 0 0 0 0 1 0 0 1 0 0 0 0
350	3	1 1 1 1 1 0 0 1 1 1 0 1 0 0 1 0
350	4	1 1 1 1 1 0 0 1 1 0 0 1 1 0 0 0
350	11	1 1 1 0 1 0 1 1 0 1 0 0 1 0 0 0
350	16	1 0 1 0 0 0 1 1 0 0 0 0 0 0 0 0
350	1	1 1 1 1 0 0 1 1 0 0 0 1 0 1 0 0
350	3	1 1 1 1 0 1 0 1 0 1 1 0 1 0 0 0
350	5	1 1 1 1 1 0 0 1 0 0 0 0 0 0 0 0
350	3	1 1 1 1 0 1 1 1 0 1 0 0 1 0 0 0
350	2	1 1 1 1 1 0 0 1 1 0 0 0 0 0 0 1
350	3	1 1 1 1 1 1 0 0 1 0 0 0 0 0 0 0
350	3	1 0 0 1 0 1 0 1 0 0 0 1 0 0 0 0
350	7	1 1 1 0 1 0 0 0 1 0 0 1 0 0 0 0
350	1	1 1 1 0 0 0 0 1 0 0 0 1 0 0 0 0
350	4	1 1 1 1 1 0 0 1 0 0 0 1 0 1 0 0
350	3	1 0 1 1 0 0 1 1 0 0 0 1 0 0 0 0
350	1	1 1 1 1 0 0 1 1 0 1 0 1 0 0 1 0
350	2	1 1 0 1 1 0 0 1 1 0 0 1 0 0 0 0
350	2	1 0 1 1 0 1 0 1 0 0 0 1 0 0 0 0
350	1	1 1 1 0 0 0 1 1 0 0 0 0 0 0 0 0
350	3	1 1 1 1 1 1 0 1 1 1 1 1 0 0 0 0
350	1	1 0 1 1 0 0 0 1 0 1 0 1 0 0 0 0
350	3	1 1 1 0 0 0 0 0 1 0 0 1 0 0 0 0
350	1	1 1 1 1 0 0 0 1 0 1 0 0 1 0 0 0
350	2	1 1 1 1 1 0 0 1 1 0 0 1 0 1 0 0
350	1	1 1 1 1 1 1 1 1 1 0 0 1 0 0 0 0
350	1	1 1 1 1 1 0 0 1 1 1 0 1 0 0 0 0
350	1	1 1 1 1 0 1 0 1 0 0 0 1 0 0 0 0
350	1	1 1 1 1 0 1 1 1 0 0 0 0 0 0 0 0
350	1	1 1 1 0 0 0 0 1 0 1 0 1 1 0 0 0
350	2	1 1 1 1 1 0 0 1 1 0 0 1 1 0 1 0
350	3	1 1 1 0 0 0 1 1 1 1 0 1 0 1 0 0
350	1	0 1 1 0 0 0 0 1 1 0 0 1 0 0 0 0
400	59	1 1 1 1 0 0 1 1 0 0 0 0 0 0 0 0
400	21	1 1 1 1 0 1 0 1 1 0 0 1 0 0 0 0
400	77	1 1 1 1 1 0 0 1 1 0 0 1 0 0 0 0
400	42	1 1 1 1 1 0 0 0 1 0 0 1 0 0 0 0
400	18	1 1 1 1 1 1 0 1 1 0 0 1 0 0 0 0
400	6	1 1 1 1 0 0 1 1 0 0 0 0 1 0 0 0
400	14	1 1 1 1 0 1 0 1 0 1 0 0 1 0 0 0
400	36	1 1 1 1 0 1 0 1 0 1 0 1 0 0 0 0
400	3	1 1 0 1 0 1 0 1 0 0 0 1 0 0 0 0
400	21	1 1 1 1 1 1 1 1 0 0 0 0 0 0 0 0
400	5	1 1 1 1 0 0 1 1 0 0 0 0 0 0 1 0
400	63	1 1 1 1 1 0 0 1 1 0 0 0 0 0 0 0
400	9	1 0 1 1 0 1 0 1 0 1 0 0 1 0 0 0
400	9	1 1 1 0 0 0 1 1 0 0 0 1 0 0 0 0
400	2	1 1 1 1 1 0 0 1 0 0 0 1 1 0 0 0
400	18	1 1 0 1 1 1 0 1 0 0 0 1 0 0 0 0
400	10	1 1 1 1 1 0 0 1 1 0 1 0 0 0 0 0
400	15	1 1 1 1 1 1 1 1 0 0 1 0 0 0 0 0
400	76	1 1 1 1 0 0 1 0 0 0 0 1 0 0 0 0
400	30	1 1 1 0 1 0 0 0 1 0 0 1 0 0 0 0
400	6	1 1 1 1 1 1 1 1 1 0 0 1 0 0 0 0
400	5	1 1 1 0 1 1 1 1 0 0 1 0 0 0 0 0
400	14	1 1 1 1 0 1 0 1 1 1 0 1 0 0 0 0
400	10	1 1 1 1 0 1 0 1 0 0 0 1 0 0 0 0
400	17	1 1 1 1 0 0 1 1 1 0 0 0 0 0 0 0
400	6	1 0 1 1 0 1 0 1 0 0 0 0 1 0 0 0
400	11	1 1 0 1 1 0 0 1 1 0 0 0 0 0 0 0
400	6	1 1 1 1 1 1 0 0 1 0 0 1 0 0 0 0
400	11	1 1 1 1 0 0 1 1 0 0 1 0 0 0 0 0
400	23	1 1 1 1 0 1 0 1 0 1 0 1 1 0 0 0
400	7	1 1 1 1 1 0 0 0 1 1 0 0 0 0 0 0
400	17	1 1 1 1 1 0 1 1 0 0 0 1 0 0 0 0
400	3	0 1 1 0 0 0 1 1 0 0 0 1 0 0 0 0
400	5	1 1 1 1 0 0 0 0 1 1 0 0 0 1 0 0
400	14	1 1 1 1 1 0 0 0 1 1 0 1 0 0 0 0
400	16	1 1 1 1 0 0 1 0 0 0 0 0 0 0 0 0
400	1	1 1 1 1 1 1 1 1 0 0 1 0 0 1 0 0
400	9	1 1 1 1 1 0 0 1 1 1 0 1 0 0 0 0
400	8	0 1 1 1 1 1 1 1 0 0 0 0 0 0 0 0
400	26	1 1 1 1 1 1 0 1 1 0 0 0 0 0 0 0
400	3	1 1 1 0 1 0 1 1 1 0 1 0 0 0 0 0
400	4	1 1 1 0 0 0 1 1 0 0 1 1 0 0 0 0
400	7	1 1 1 1 1 1 1 1 0 1 0 0 0 0 0 0
400	4	1 1 1 1 0 1 0 1 1 0 0 1 0 0 1 0
400	7	1 1 1 1 0 1 1 1 0 1 0 0 1 0 0 0
400	1	1 1 1 1 1 0 0 0 1 0 0 0 0 0 0 0
400	6	1 1 1 1 0 1 1 1 0 0 1 0 0 0 0 0
400	6	1 1 1 0 1 0 0 0 1 0 0 1 0 1 0 0
400	5	1 1 1 1 1 1 1 1 1 0 1 0 0 0 0 1
400	3	1 0 1 1 0 0 0 1 0 1 0 1 0 0 0 0
400	2	1 0 0 1 1 1 0 1 0 0 0 1 0 0 0 0
400	3	1 1 0 1 1 0 0 1 1 1 0 0 0 0 0 1
400	7	1 1 1 1 1 1 0 1 1 1 0 1 0 0 0 0
400	2	1 1 1 1 0 0 1 1 1 0 0 1 0 0 0 0
400	5	1 1 1 0 1 0 0 1 1 0 0 0 0 0 0 0
400	5	0 1 1 1 0 0 1 0 0 0 0 1 0 0 0 0
400	2	1 0 1 0 1 0 1 1 1 0 1 0 0 0 0 0
400	7	1 1 1 1 1 0 1 1 0 0 1 0 0 1 0 0
400	2	1 1 1 1 1 0 1 0 1 0 0 1 0 0 0 0
400	6	1 1 1 1 0 1 1 1 1 0 1 0 0 0 0 0
400	10	1 1 1 1 0 1 0 1 1 0 1 0 0 0 0 0
400	6	1 1 1 1 0 0 1 0 1 0 0 1 0 0 0 0
400	3	1 1 1 1 0 0 1 0 0 0 0 0 1 0 0 0
400	8	1 1 1 1 0 0 0 1 0 0 0 1 0 0 0 0
400	5	1 1 1 1 0 1 0 1 0 1 0 1 0 1 0 0
400	7	1 1 1 1 1 0 0 1 1 0 0 0 0 0 0 1
400	1	1 0 0 1 1 0 0 1 1 0 0 0 0 0 0 0
400	7	1 1 1 1 1 0 0 1 0 1 0 1 0 0 0 0
400	2	1 1 0 1 1 0 0 0 1 1 0 0 0 0 0 1
400	9	1 1 1 1 0 0 1 1 0 0 0 1 0 0 0 0
400	1	1 1 1 1 0 0 0 0 0 1 0 0 0 1 0 0
400	9	1 1 1 1 0 0 1 1 0 0 1 1 0 0 0 0
400	3	1 1 1 1 1 1 1 1 1 0 0 0 0 0 0 0
400	1	1 1 1 1 0 0 0 1 1 0 0 0 0 0 0 0
400	3	1 1 1 1 1 1 1 1 0 0 0 1 0 0 0 0
400	1	1 1 1 1 1 0 1 1 0 0 0 0 0 0 0 0
400	2	1 1 1 1 0 1 0 1 1 0 0 1 1 0 0 0
400	1	1 1 1 1 1 1 1 0 0 0 0 0 0 0 0 0
400	13	1 1 0 1 1 1 1 1 0 0 1 0 0 0 0 0
400	2	1 1 1 1 0 0 1 0 0 0 1 0 0 0 0 0
400	2	1 1 1 1 0 0 1 1 1 0 0 1 1 0 0 0
400	1	1 1 0 1 1 1 0 1 0 0 0 0 1 0 0 0
400	7	1 1 1 1 1 0 0 1 1 0 1 1 0 0 1 0
400	3	1 1 1 1 0 1 0 1 1 0 1 0 1 0 0 0
400	2	1 1 1 1 0 1 0 0 1 0 0 1 0 0 0 0
400	2	1 1 1 1 0 1 0 1 0 1 1 0 0 0 0 0
400	1	1 1 1 0 1 0 0 1 1 0 0 1 0 0 0 0
400	4	1 1 1 1 1 1 0 1 0 0 0 1 1 0 0 0
400	5	1 1 1 1 1 1 0 0 1 0 0 1 0 1 0 0
400	2	0 1 1 1 1 0 0 0 1 1 0 1 0 0 0 0
400	2	1 0 1 1 1 0 0 0 1 1 0 1 0 0 0 0
400	1	1 1 1 1 1 1 0 1 1 1 0 0 0 0 0 0
400	5	1 1 1 0 1 0 1 1 1 1 1 0 0 0 0 0
400	1	1 0 1 1 1 0 0 0 1 0 0 0 0 0 0 0
400	3	1 1 1 1 1 1 0 1 1 0 0 1 0 0 1 0
400	1	1 0 1 1 1 1 1 1 0 0 1 0 0 0 0 0
400	2	1 1 0 1 1 0 0 1 1 0 0 1 0 0 0 0
400	1	1 1 1 1 0 1 1 1 0 1 0 1 1 0 0 0
400	1	1 1 1 1 1 0 0 0 1 0 0 0 0 1 0 0
400	4	0 1 1 1 0 0 1 0 0 0 0 1 0 1 0 0
400	1	1 0 1 1 0 1 0 0 1 0 0 1 0 0 0 0
400	1	1 1 1 1 1 0 1 1 0 0 0 1 1 0 0 0
400	1	1 1 1 1 1 1 0 1 1 0 0 0 0 0 1 0
400	3	1 1 1 1 0 0 1 1 0 0 1 1 0 1 0 0
400	1	1 0 1 1 1 0 0 0 1 0 0 1 0 0 0 0
400	1	1 1 0 1 0 0 1 0 0 0 0 1 0 0 0 0
400	2	1 1 1 1 0 1 1 1 1 1 0 1 0 0 0 0
400	1	1 1 1 1 1 1 0 0 1 0 1 1 0 0 0 0
400	1	1 1 1 1 1 0 1 1 0 0 0 1 0 1 0 0
400	2	1 1 1 1 0 1 0 0 1 1 0 0 0 1 0 0
400	1	1 1 1 1 1 1 0 1 0 0 0 0 0 0 0 0
400	1	1 1 0 1 1 1 0 1 1 0 0 0 0 0 0 0
400	2	1 1 1 1 0 1 1 1 0 1 0 0 0 0 0 0
400	1	1 1 1 1 1 0 1 1 0 0 1 1 0 1 0 0
400	1	1 0 1 1 1 1 1 0 0 0 1 0 0 0 0 0
