0	250	0 0 1 0 0 1 0 0 0 1 0 0 0 0 1 1
0	250	1 0 0 0 1 0 0 1 0 1 0 1 0 0 0 0
0	250	0 1 0 0 0 0 0 0 0 0 1 0 0 0 0 0
0	250	0 0 1 0 0 0 0 0 0 0 0 0 0 1 0 0
20	93	0 0 1 0 0 1 0 0 0 1 0 0 0 0 1 1
20	374	1 0 0 0 1 0 0 1 0 1 0 1 0 0 0 0
20	50	0 1 0 0 0 0 0 0 0 0 1 0 0 0 0 0
20	54	0 0 1 0 0 0 0 0 0 0 0 0 0 1 0 0
20	5	0 0 1 0 0 1 0 0 0 1 0 0 0 0 0 0
20	1	0 1 0 0 0 0 0 0 0 0 1 0 0 0 1 1
20	22	1 0 0 0 1 0 1 1 0 1 0 1 0 0 0 0
20	5	0 1 0 0 0 0 0 0 0 0 1 1 0 0 0 0
20	10	0 0 1 0 0 0 0 0 0 0 0 1 0 1 0 0
20	4	0 0 1 0 0 1 0 0 0 1 0 0 0 1 0 0
20	20	1 0 1 0 0 1 0 0 0 1 0 0 0 0 1 1
20	13	0 1 1 0 0 1 0 0 0 1 0 0 0 0 1 1
20	9	0 0 0 0 1 0 0 1 0 1 0 1 0 0 0 0
20	5	1 0 0 0 1 0 0 1 0 1 0 0 0 1 0 0
20	16	1 0 0 0 1 0 0 0 0 0 0 0 0 1 0 0
20	6	1 0 0 0 1 0 0 1 0 1 1 1 0 0 0 0
20	2	0 1 0 0 0 0 0 0 0 0 1 0 0 0 0 1
20	4	1 0 0 0 1 0 0 0 0 0 1 0 0 0 0 0
20	8	1 0 0 0 1 0 0 1 0 1 0 1 0 0 0 1
20	3	0 1 0 0 0 0 0 0 0 1 0 1 0 0 0 0
20	9	0 0 1 0 0 1 0 0 0 1 1 0 0 0 1 1
20	1	1 0 0 0 1 0 0 0 0 1 0 0 0 0 1 1
20	2	0 1 0 0 0 1 0 0 0 1 0 0 0 0 1 1
20	4	1 0 0 0 1 0 0 1 0 1 0 1 0 0 1 1
20	42	0 1 0 0 1 0 0 1 0 1 0 1 0 0 0 0
20	15	1 0 0 0 1 0 0 0 0 0 1 0 0 0 0 1
20	19	0 0 1 0 0 1 0 0 0 1 0 1 0 0 1 1
20	10	1 0 1 0 1 0 0 1 0 1 0 1 0 0 0 0
20	6	0 0 1 0 1 0 0 0 0 0 0 0 0 1 0 0
20	13	0 1 0 0 0 0 0 0 0 0 1 0 0 1 0 1
20	1	0 1 0 0 0 0 0 0 0 0 0 0 0 0 0 1
20	2	0 0 1 0 1 0 0 1 0 1 0 1 0 0 0 0
20	13	0 0 1 0 0 0 0 1 0 1 0 1 0 0 0 0
20	6	1 0 1 0 0 0 0 0 0 0 0 0 0 1 0 0
20	4	0 0 1 0 0 1 0 0 0 1 0 0 0 0 1 0
20	7	1 0 0 0 1 0 0 1 0 1 0 1 0 0 1 0
20	3	1 1 0 0 1 0 0 1 0 1 0 1 0 0 0 0
20	13	0 0 0 0 0 0 0 0 0 0 1 1 0 0 0 0
20	3	0 0 1 0 0 0 0 0 0 0 0 0 0 0 1 1
20	18	0 0 1 0 0 1 0 0 0 0 0 0 0 0 1 1
20	7	1 0 0 0 1 0 0 1 0 1 0 0 0 0 0 0
20	3	1 0 1 0 1 0 0 0 0 1 0 0 0 1 0 0
20	10	0 0 0 0 0 1 0 0 0 1 0 0 0 0 1 1
20	9	0 0 0 0 1 0 0 1 1 1 0 1 0 0 0 0
20	3	1 0 0 0 0 0 0 1 1 1 0 1 0 0 0 0
20	3	1 0 0 0 1 0 0 1 0 0 1 0 0 0 1 1
20	6	0 1 0 0 0 0 0 0 0 1 0 0 0 0 1 1
20	3	0 0 1 0 0 1 1 0 0 1 0 0 0 0 1 1
20	3	1 0 0 0 0 0 0 0 0 0 0 0 0 1 0 0
20	4	0 0 1 0 0 1 0 1 0 1 0 1 0 0 0 0
20	4	0 0 1 0 0 0 0 0 0 1 0 0 0 0 1 1
20	2	0 0 0 1 1 0 0 1 0 1 0 1 0 0 0 0
20	6	1 0 0 0 1 0 0 1 1 1 0 1 0 0 0 0
20	1	1 0 0 0 0 1 0 0 0 1 0 0 0 0 1 1
20	1	0 1 0 0 0 0 0 0 0 0 0 0 0 1 0 0
20	1	0 1 1 0 0 1 0 1 0 1 0 1 0 0 0 0
20	4	0 1 0 0 0 0 0 0 0 0 1 0 0 1 0 0
20	3	0 0 1 0 0 1 0 0 0 0 0 0 0 0 0 0
20	1	0 1 1 0 0 0 0 0 0 0 1 0 0 0 0 0
20	1	0 0 1 0 0 1 0 0 1 0 0 0 0 0 1 1
20	3	0 0 0 0 0 0 0 0 0 0 1 1 0 0 1 0
20	1	0 1 0 0 0 0 0 0 0 0 0 0 0 0 0 0
20	1	1 0 1 0 0 1 0 0 0 1 0 0 0 0 0 1
20	3	1 0 0 0 1 0 1 1 0 1 1 1 0 0 0 0
20	2	1 0 0 0 1 0 0 1 0 1 0 1 0 1 0 1
20	1	1 0 0 0 1 0 0 1 0 1 0 1 0 1 1 1
20	4	0 1 0 0 1 1 0 1 0 1 0 1 0 0 0 0
20	1	1 1 0 0 1 0 0 1 0 1 0 1 0 1 0 0
20	1	0 0 1 0 0 1 0 0 0 1 0 1 0 0 0 0
20	2	1 0 0 0 0 0 0 0 0 0 1 0 0 1 0 1
20	2	1 0 0 0 1 0 0 1 0 0 1 0 0 0 1 0
20	1	0 0 1 0 0 1 0 0 0 1 0 0 0 0 0 1
20	1	1 0 0 0 1 0 0 1 0 0 0 1 0 0 0 0
20	3	1 0 0 0 1 0 0 0 0 1 0 1 0 0 0 0
20	2	1 0 0 1 1 0 0 1 0 1 0 1 0 0 0 0
20	2	0 0 1 0 0 0 0 0 0 0 0 0 0 0 0 0
40	38	0 0 1 0 0 1 0 0 0 1 0 0 0 0 1 1
40	379	1 0 0 0 1 0 0 1 0 1 0 1 0 0 0 0
40	18	0 1 0 0 0 0 0 0 0 0 1 0 0 0 0 0
40	20	1 0 0 0 1 0 1 1 0 1 0 1 0 0 0 0
40	4	0 0 1 0 0 0 0 0 0 0 0 1 0 1 0 0
40	9	1 0 1 0 0 1 0 0 0 1 0 0 0 0 1 1
40	39	0 0 0 0 1 0 0 1 0 1 0 1 0 0 0 0
40	20	1 0 0 0 1 0 0 1 0 1 1 1 0 0 0 0
40	50	0 1 0 0 1 0 0 1 0 1 0 1 0 0 0 0
40	3	1 0 0 0 1 0 0 0 0 0 1 0 0 0 0 1
40	9	1 0 1 0 1 0 0 1 0 1 0 1 0 0 0 0
40	9	0 0 1 0 1 0 0 1 0 1 0 1 0 0 0 0
40	90	0 0 1 0 0 0 0 1 0 1 0 1 0 0 0 0
40	15	1 0 0 0 1 0 0 1 0 1 0 1 0 0 1 0
40	12	0 0 0 0 0 0 0 0 0 0 1 1 0 0 0 0
40	3	1 0 1 0 1 0 0 0 0 1 0 0 0 1 0 0
40	5	0 0 0 0 0 1 0 0 0 1 0 0 0 0 1 1
40	17	0 0 0 0 1 0 0 1 1 1 0 1 0 0 0 0
40	28	0 1 0 0 0 0 0 0 0 1 0 0 0 0 1 1
40	3	0 0 1 0 0 1 0 1 0 1 0 1 0 0 0 0
40	15	1 0 0 0 1 0 0 1 1 1 0 1 0 0 0 0
40	5	0 0 1 0 0 1 0 0 0 0 0 0 0 0 0 0
40	4	0 0 0 0 0 0 0 0 0 0 1 1 0 0 1 0
40	7	0 1 0 0 1 1 0 1 0 1 0 1 0 0 0 0
40	14	1 0 0 0 1 0 0 0 0 1 0 1 0 0 0 0
40	3	0 0 1 0 0 0 0 0 0 0 0 0 0 0 0 0
40	11	0 0 0 0 1 0 1 1 0 1 0 1 0 0 0 0
40	2	0 0 1 0 0 0 0 0 0 1 1 1 0 0 0 0
40	3	0 1 0 0 1 0 0 1 0 1 0 1 0 0 1 1
40	3	1 0 0 0 1 0 0 1 0 1 0 0 0 0 1 0
40	7	1 0 0 0 1 1 0 1 0 1 0 1 0 0 0 0
40	9	0 0 0 0 0 1 0 0 0 1 0 1 0 0 1 1
40	9	1 0 0 0 1 0 0 0 0 1 0 0 0 0 1 1
40	3	0 0 1 0 0 1 0 0 0 1 0 0 1 0 1 1
40	12	0 1 1 0 0 1 0 1 0 1 0 0 0 0 1 1
40	1	0 1 0 0 1 0 0 0 0 1 0 0 0 0 1 1
40	5	1 0 0 1 1 0 0 1 0 1 0 1 0 0 0 0
40	1	1 1 0 0 0 0 0 0 0 1 0 0 0 0 1 1
40	2	0 0 1 0 0 1 0 0 0 1 0 0 0 0 0 1
40	3	0 0 1 0 0 1 0 0 0 1 0 1 0 0 0 0
40	8	0 0 1 0 1 0 0 1 1 1 0 1 0 0 0 0
40	4	1 0 0 0 1 0 0 1 0 0 1 1 0 0 0 0
40	10	1 0 1 0 0 1 0 0 0 1 0 1 0 0 0 0
40	1	1 1 0 0 1 0 0 1 0 1 0 1 0 0 0 0
40	3	0 1 0 0 0 0 1 0 0 1 0 0 0 0 1 1
40	1	0 0 1 0 0 1 1 1 0 1 0 1 0 0 0 0
40	5	1 0 0 0 1 0 0 1 0 0 0 1 0 0 1 0
40	1	1 0 0 0 1 0 0 1 1 1 0 0 0 1 0 0
40	2	0 0 1 0 0 1 0 1 0 1 0 0 1 0 1 1
40	3	1 0 0 0 1 0 0 1 0 1 0 1 0 0 0 1
40	4	1 0 0 0 1 0 1 0 0 1 0 1 0 0 0 0
40	1	1 0 0 0 0 0 1 1 0 1 0 1 0 0 0 0
40	8	0 1 1 0 1 1 0 0 0 1 0 0 0 0 1 1
40	4	0 0 1 0 0 0 0 1 0 1 0 1 0 0 1 0
40	4	0 0 0 0 1 0 0 0 0 0 0 0 0 1 0 0
40	2	0 0 1 0 0 1 0 0 1 1 0 0 0 0 1 1
40	2	0 1 0 0 0 0 0 0 0 0 0 0 0 0 0 0
40	1	0 0 0 0 1 0 0 1 1 0 0 1 0 0 0 0
40	3	1 0 0 0 1 0 0 1 0 1 0 1 0 1 0 0
40	2	1 0 1 0 0 1 0 0 0 1 0 0 0 0 1 0
40	2	0 1 0 0 0 0 0 0 0 1 0 0 0 0 1 0
40	1	0 1 0 0 1 0 0 0 0 0 1 0 0 0 0 1
40	2	0 1 1 0 0 1 0 1 0 1 0 0 0 0 0 0
40	5	0 1 0 0 0 0 1 0 0 1 0 1 0 0 0 0
40	5	0 0 1 1 0 0 0 1 0 1 0 1 0 0 0 0
40	3	0 0 0 0 0 1 0 0 0 1 0 0 0 1 1 1
40	2	0 0 0 0 0 1 0 0 0 0 1 1 0 0 1 0
40	1	0 0 0 0 0 1 0 0 0 1 0 1 1 0 1 1
40	4	0 0 0 0 1 0 0 1 0 1 0 1 0 0 0 1
40	1	0 0 1 0 0 1 0 0 0 0 0 0 0 0 1 0
40	3	0 1 0 0 1 1 0 1 0 1 1 1 0 0 0 0
40	1	1 1 0 0 1 0 0 1 0 1 1 1 0 0 0 0
40	1	0 0 1 0 0 1 0 1 1 1 0 0 0 0 0 0
40	1	0 1 1 0 0 1 0 1 0 1 0 0 0 0 1 0
40	2	0 0 1 0 0 1 0 0 0 1 0 0 0 0 1 0
40	2	1 0 0 0 1 0 0 1 0 1 0 0 0 0 0 0
40	1	0 1 1 0 0 0 0 1 0 1 0 1 0 0 0 0
40	1	0 0 1 0 0 0 0 1 0 1 0 1 1 0 0 0
40	1	1 0 1 0 0 0 0 1 0 1 0 1 0 0 0 0
40	1	0 1 0 0 0 1 0 0 0 1 0 0 0 0 1 1
40	1	0 0 0 0 0 1 0 0 0 1 0 0 1 0 1 1
60	7	0 0 1 0 0 1 0 0 0 1 0 0 0 0 1 1
60	293	1 0 0 0 1 0 0 1 0 1 0 1 0 0 0 0
60	22	1 0 0 0 1 0 1 1 0 1 0 1 0 0 0 0
60	5	1 0 1 0 0 1 0 0 0 1 0 0 0 0 1 1
60	56	0 0 0 0 1 0 0 1 0 1 0 1 0 0 0 0
60	4	1 0 0 0 1 0 0 1 0 1 1 1 0 0 0 0
60	87	0 1 0 0 1 0 0 1 0 1 0 1 0 0 0 0
60	4	1 0 1 0 1 0 0 1 0 1 0 1 0 0 0 0
60	15	0 0 1 0 1 0 0 1 0 1 0 1 0 0 0 0
60	56	0 0 1 0 0 0 0 1 0 1 0 1 0 0 0 0
60	8	1 0 0 0 1 0 0 1 0 1 0 1 0 0 1 0
60	6	0 0 0 0 0 0 0 0 0 0 1 1 0 0 0 0
60	3	0 0 0 0 1 0 0 1 1 1 0 1 0 0 0 0
60	7	0 1 0 0 0 0 0 0 0 1 0 0 0 0 1 1
60	13	0 0 1 0 0 1 0 1 0 1 0 1 0 0 0 0
60	22	1 0 0 0 1 0 0 1 1 1 0 1 0 0 0 0
60	2	0 1 0 0 1 1 0 1 0 1 0 1 0 0 0 0
60	36	1 0 0 0 1 0 0 0 0 1 0 1 0 0 0 0
60	8	1 0 0 0 1 1 0 1 0 1 0 1 0 0 0 0
60	3	1 0 0 0 1 0 0 0 0 1 0 0 0 0 1 1
60	17	0 1 1 0 0 1 0 1 0 1 0 0 0 0 1 1
60	4	1 0 0 1 1 0 0 1 0 1 0 1 0 0 0 0
60	1	0 0 1 0 0 1 0 0 0 1 0 1 0 0 0 0
60	10	1 0 0 0 1 0 0 1 0 0 0 1 0 0 1 0
60	1	0 1 0 0 0 0 0 0 0 0 0 0 0 0 0 0
60	5	1 0 0 0 1 0 0 1 0 1 0 1 0 1 0 0
60	5	0 1 0 0 0 0 1 0 0 1 0 1 0 0 0 0
60	5	0 1 1 0 0 0 0 1 0 1 0 1 0 0 0 0
60	27	1 0 0 0 0 0 0 1 0 1 0 1 0 0 0 0
60	22	1 0 0 0 0 0 0 0 0 1 0 1 0 0 0 0
60	17	0 0 0 0 1 0 1 1 1 1 0 1 0 0 0 0
60	7	0 1 1 0 0 0 0 1 0 1 0 1 0 0 0 1
60	3	1 0 0 0 1 0 1 1 0 1 1 1 0 0 1 1
60	6	0 1 1 0 0 1 0 1 0 1 0 1 0 0 0 0
60	4	0 1 0 0 1 0 0 1 0 1 0 1 0 0 0 1
60	6	1 0 0 0 1 1 0 1 0 1 0 1 0 0 1 0
60	6	0 0 0 0 1 0 0 1 0 0 1 1 0 0 0 0
60	4	0 0 1 0 0 1 0 1 0 1 0 0 0 0 1 1
60	3	0 0 0 0 0 0 0 0 0 0 1 1 1 0 0 0
60	9	1 0 1 0 1 1 0 0 0 1 0 1 0 0 0 0
60	6	0 0 0 0 1 0 0 1 0 1 0 0 0 0 1 0
60	1	1 0 1 0 1 0 0 1 0 1 0 0 0 0 0 0
60	13	1 1 0 0 0 0 0 0 0 1 0 0 0 0 1 1
60	4	0 1 0 0 0 0 1 0 0 1 0 0 0 0 1 0
60	6	0 1 0 0 1 0 0 1 0 1 0 1 0 0 1 0
60	10	1 0 0 0 1 0 0 1 0 1 0 1 1 0 0 0
60	6	0 0 1 0 0 1 0 0 0 0 0 0 0 0 1 1
60	14	0 1 0 0 0 0 0 1 0 1 0 1 0 0 0 0
60	16	1 0 0 0 1 0 0 1 0 1 0 1 0 0 0 1
60	4	0 1 0 0 1 0 0 0 0 1 0 0 0 0 1 1
60	2	0 0 0 1 1 0 0 0 0 0 0 0 0 1 0 0
60	3	0 0 1 0 1 0 1 1 0 1 0 1 0 0 0 0
60	11	0 1 0 0 0 0 0 1 0 0 0 1 0 0 0 0
60	2	1 0 0 0 1 0 0 1 0 1 0 0 0 0 0 0
60	1	1 0 0 0 1 0 1 1 1 1 0 1 0 0 0 0
60	2	1 0 0 0 1 0 0 1 0 1 0 1 0 1 1 0
60	4	1 0 0 0 0 0 0 1 0 1 1 1 0 0 0 0
60	5	1 0 0 0 1 0 1 1 0 1 0 0 0 0 0 0
60	12	1 0 0 0 1 1 0 1 0 0 0 1 0 0 0 0
60	1	0 1 1 0 0 1 0 1 1 1 0 0 0 0 1 1
60	5	1 0 1 0 0 1 0 0 0 1 0 0 0 0 0 1
60	9	0 0 1 0 0 0 0 1 0 1 0 1 1 0 0 0
60	7	0 0 0 1 1 0 0 0 0 1 0 1 0 0 0 0
60	1	1 0 0 0 1 0 0 1 0 0 0 1 0 0 0 0
60	4	0 0 0 0 1 0 0 1 0 1 0 1 0 0 1 0
60	4	1 0 0 0 1 1 1 1 0 1 0 1 0 0 0 0
60	2	0 0 0 0 1 0 0 1 0 0 1 1 0 0 1 0
60	2	1 0 0 0 0 0 0 1 0 0 1 1 0 0 0 0
60	1	0 0 1 0 1 0 0 1 0 0 0 1 0 0 1 0
60	1	0 1 0 0 0 0 0 1 0 1 0 1 0 0 0 1
60	1	0 1 1 0 0 1 0 1 0 1 1 0 0 0 1 1
60	2	0 0 0 0 0 0 0 1 0 0 0 1 0 0 0 0
60	3	1 0 0 0 1 0 0 1 0 0 1 1 0 0 0 0
60	3	1 0 1 0 1 1 0 0 1 1 0 1 0 0 0 0
60	4	0 1 0 0 0 1 0 0 0 0 0 0 0 0 1 1
60	1	0 0 1 0 0 1 0 1 0 1 0 1 0 0 0 1
60	2	1 1 0 0 1 0 0 1 0 1 0 1 0 0 0 0
60	1	0 0 1 0 0 0 0 1 0 1 0 1 0 0 0 1
60	1	0 0 1 0 0 0 0 1 0 1 0 0 0 0 0 0
60	2	1 0 0 0 1 0 0 0 1 1 0 1 0 0 0 0
60	1	1 1 1 0 1 1 0 0 0 1 0 1 0 0 0 0
60	1	1 0 0 0 1 0 0 1 0 1 0 1 1 0 0 1
80	1	0 0 1 0 0 1 0 0 0 1 0 0 0 0 1 1
80	191	1 0 0 0 1 0 0 1 0 1 0 1 0 0 0 0
80	38	1 0 0 0 1 0 1 1 0 1 0 1 0 0 0 0
80	19	0 0 0 0 1 0 0 1 0 1 0 1 0 0 0 0
80	113	0 1 0 0 1 0 0 1 0 1 0 1 0 0 0 0
80	12	0 0 1 0 1 0 0 1 0 1 0 1 0 0 0 0
80	43	0 0 1 0 0 0 0 1 0 1 0 1 0 0 0 0
80	22	1 0 0 0 1 0 0 1 0 1 0 1 0 0 1 0
80	1	0 1 0 0 0 0 0 0 0 1 0 0 0 0 1 1
80	7	1 0 0 0 1 0 0 1 1 1 0 1 0 0 0 0
80	20	1 0 0 0 1 0 0 0 0 1 0 1 0 0 0 0
80	38	0 1 1 0 0 1 0 1 0 1 0 0 0 0 1 1
80	18	1 0 0 0 1 0 0 1 0 1 0 1 0 1 0 0
80	31	1 0 0 0 0 0 0 1 0 1 0 1 0 0 0 0
80	16	1 0 0 0 0 0 0 0 0 1 0 1 0 0 0 0
80	29	0 0 0 0 1 0 1 1 1 1 0 1 0 0 0 0
80	3	0 1 1 0 0 1 0 1 0 1 0 1 0 0 0 0
80	12	1 0 0 0 1 1 0 1 0 1 0 1 0 0 1 0
80	9	1 0 1 0 1 1 0 0 0 1 0 1 0 0 0 0
80	18	0 1 0 0 1 0 0 1 0 1 0 1 0 0 1 0
80	25	1 0 0 0 1 0 0 1 0 1 0 1 1 0 0 0
80	28	0 1 0 0 0 0 0 1 0 1 0 1 0 0 0 0
80	18	0 1 0 0 0 0 0 1 0 0 0 1 0 0 0 0
80	12	1 0 0 0 1 0 1 1 1 1 0 1 0 0 0 0
80	28	1 0 0 0 0 0 0 1 0 1 1 1 0 0 0 0
80	2	1 0 1 0 0 1 0 0 0 1 0 0 0 0 0 1
80	20	0 0 1 0 0 0 0 1 0 1 0 1 1 0 0 0
80	8	0 0 0 1 1 0 0 0 0 1 0 1 0 0 0 0
80	9	1 0 0 0 1 1 1 1 0 1 0 1 0 0 0 0
80	6	1 0 0 0 1 0 0 1 0 0 1 1 0 0 0 0
80	10	1 1 0 0 0 0 0 0 0 1 0 1 0 0 0 0
80	5	0 0 1 0 0 1 0 0 0 1 0 1 0 0 0 0
80	14	1 0 1 0 1 0 0 0 0 1 0 1 0 0 0 0
80	11	1 0 0 0 0 0 0 0 0 1 1 1 0 0 0 0
80	2	0 0 1 0 0 1 0 0 0 0 0 0 0 1 1 1
80	1	1 1 0 0 0 0 0 1 0 1 0 0 0 0 1 1
80	1	0 1 0 0 0 0 0 1 0 1 0 0 0 0 0 1
80	1	0 0 0 0 1 0 0 1 0 0 0 1 0 0 0 0
80	12	1 0 0 0 1 0 0 1 0 1 1 1 0 0 0 0
80	2	1 0 0 0 1 1 1 1 0 1 1 1 0 0 0 0
80	6	1 0 0 1 1 0 0 1 0 0 0 1 0 0 0 0
80	2	1 0 0 1 1 0 0 1 0 1 1 1 0 0 0 0
80	10	1 0 0 0 0 0 0 1 0 1 0 1 0 0 0 1
80	8	0 1 0 0 1 0 0 1 0 0 0 1 0 0 0 0
80	5	1 0 1 0 1 0 0 1 0 1 0 1 0 0 0 0
80	9	0 1 0 0 1 0 0 1 1 1 0 1 0 0 0 0
80	2	1 0 0 0 1 0 0 1 0 1 0 0 1 0 0 0
80	12	0 1 0 0 1 0 0 1 0 1 0 1 1 0 0 0
80	5	0 1 0 0 1 1 0 1 0 1 0 1 0 0 0 0
80	3	1 0 0 0 1 1 0 1 0 1 0 1 0 0 0 0
80	9	0 1 0 0 1 0 0 1 0 1 0 1 0 1 0 0
80	4	0 0 1 0 0 0 0 1 0 1 1 1 0 0 0 0
80	1	0 0 0 0 1 0 0 1 0 1 0 1 0 0 1 0
80	4	0 0 1 0 0 0 0 1 0 1 0 1 0 0 1 0
80	2	1 0 1 0 0 0 0 0 0 1 0 0 0 0 0 1
80	1	0 1 0 0 1 0 0 1 1 0 0 1 0 0 0 0
80	1	1 0 1 0 0 0 0 1 0 0 0 1 0 0 0 0
80	2	1 0 1 0 0 0 0 1 0 1 0 1 0 0 0 0
80	4	1 0 0 0 1 1 0 1 0 1 0 1 1 0 1 0
80	1	1 0 0 0 0 0 0 1 0 0 1 1 0 0 0 0
80	2	0 1 0 0 1 0 0 0 0 1 1 1 0 0 0 0
80	1	0 1 0 0 1 0 1 1 1 1 0 1 0 0 0 0
80	3	1 0 0 0 1 0 0 1 0 0 0 1 0 1 0 0
80	2	0 1 0 0 1 1 0 1 0 1 0 1 0 0 1 0
80	1	0 1 0 0 0 0 0 1 0 1 0 1 0 0 1 0
80	3	0 0 0 1 1 0 0 1 0 1 0 1 0 0 0 0
80	8	1 1 0 0 1 0 0 1 0 1 0 1 0 0 0 0
80	1	1 0 0 0 1 0 0 1 0 1 0 1 0 0 0 1
80	3	0 0 1 0 0 1 0 1 0 1 0 1 0 0 0 0
80	1	0 0 0 0 0 0 0 1 0 1 0 1 1 0 0 0
80	6	1 1 0 0 1 1 1 1 0 1 0 1 0 0 0 0
80	4	1 1 0 0 0 0 0 0 0 1 0 0 0 0 0 0
80	2	1 1 1 0 0 0 0 0 0 1 1 1 0 0 0 0
80	1	0 1 0 0 0 0 0 0 0 1 1 1 0 0 0 0
80	2	1 0 0 0 0 0 0 0 0 1 0 1 0 0 1 0
80	1	0 1 0 0 1 0 0 1 0 1 0 1 0 0 0 1
80	2	1 0 0 0 0 0 0 1 1 1 0 1 0 0 0 0
80	2	1 0 0 1 0 0 0 1 0 1 0 1 0 0 0 0
80	2	1 0 0 0 0 0 0 1 0 1 0 1 0 0 1 0
80	1	0 0 0 0 0 0 0 0 0 1 0 1 0 0 0 0
80	2	0 0 0 0 1 0 1 1 1 1 0 1 0 0 1 0
80	1	0 0 0 0 1 0 1 1 1 1 0 0 0 0 0 0
80	1	0 0 1 0 0 0 0 1 0 1 0 1 1 0 1 0
80	1	0 0 1 0 0 1 0 0 1 0 0 0 0 1 1 1
100	142	1 0 0 0 1 0 0 1 0 1 0 1 0 0 0 0
100	82	1 0 0 0 1 0 1 1 0 1 0 1 0 0 0 0
100	28	0 0 0 0 1 0 0 1 0 1 0 1 0 0 0 0
100	109	0 1 0 0 1 0 0 1 0 1 0 1 0 0 0 0
100	3	0 0 1 0 1 0 0 1 0 1 0 1 0 0 0 0
100	21	0 0 1 0 0 0 0 1 0 1 0 1 0 0 0 0
100	1	1 0 0 0 1 0 0 1 0 1 0 1 0 0 1 0
100	4	1 0 0 0 1 0 0 1 1 1 0 1 0 0 0 0
100	1	1 0 0 0 1 0 0 0 0 1 0 1 0 0 0 0
100	2	1 0 0 0 1 0 0 1 0 1 0 1 0 1 0 0
100	17	1 0 0 0 0 0 0 1 0 1 0 1 0 0 0 0
100	22	1 0 0 0 0 0 0 0 0 1 0 1 0 0 0 0
100	2	0 0 0 0 1 0 1 1 1 1 0 1 0 0 0 0
100	3	1 0 1 0 1 1 0 0 0 1 0 1 0 0 0 0
100	37	1 0 0 0 1 0 0 1 0 1 0 1 1 0 0 0
100	6	0 1 0 0 0 0 0 1 0 1 0 1 0 0 0 0
100	28	0 1 0 0 0 0 0 1 0 0 0 1 0 0 0 0
100	64	1 0 0 0 0 0 0 1 0 1 1 1 0 0 0 0
100	21	0 0 1 0 0 0 0 1 0 1 0 1 1 0 0 0
100	16	1 0 0 0 1 1 1 1 0 1 0 1 0 0 0 0
100	13	1 1 0 0 0 0 0 0 0 1 0 1 0 0 0 0
100	1	1 0 1 0 1 0 0 0 0 1 0 1 0 0 0 0
100	18	1 0 0 0 0 0 0 0 0 1 1 1 0 0 0 0
100	7	1 0 0 0 1 1 1 1 0 1 1 1 0 0 0 0
100	2	1 0 0 1 1 0 0 1 0 0 0 1 0 0 0 0
100	11	1 0 0 0 0 0 0 1 0 1 0 1 0 0 0 1
100	8	0 1 0 0 1 0 0 1 0 0 0 1 0 0 0 0
100	11	1 0 1 0 1 0 0 1 0 1 0 1 0 0 0 0
100	6	0 1 0 0 1 0 0 1 0 1 0 1 1 0 0 0
100	6	0 1 0 0 1 1 0 1 0 1 0 1 0 0 0 0
100	6	0 1 0 0 1 0 0 1 0 1 0 1 0 1 0 0
100	1	0 0 1 0 0 0 0 1 0 1 1 1 0 0 0 0
100	26	1 1 0 0 1 0 0 1 0 1 0 1 0 0 0 0
100	14	0 0 1 0 0 1 0 1 0 1 0 1 0 0 0 0
100	5	1 0 0 0 0 0 0 1 0 1 0 1 0 0 1 0
100	17	1 1 0 0 1 0 1 1 0 1 0 1 0 0 0 0
100	16	0 1 0 0 1 0 0 0 0 1 0 1 0 0 0 0
100	3	0 0 0 0 1 0 0 1 0 0 1 1 0 0 0 0
100	7	1 0 0 0 0 0 0 1 0 1 1 1 0 0 0 1
100	4	1 0 0 0 1 0 0 1 0 1 0 0 0 0 1 0
100	14	1 0 0 0 0 0 0 1 0 1 0 1 1 0 0 0
100	27	0 0 1 0 1 0 0 1 1 1 0 1 0 0 0 0
100	11	0 1 1 0 0 0 0 1 0 1 0 1 1 0 0 0
100	5	1 0 0 1 1 0 1 1 0 1 0 1 0 0 0 0
100	20	0 1 0 0 1 0 0 1 0 1 0 1 0 1 1 0
100	5	1 0 0 0 0 0 0 0 0 1 0 1 0 0 0 1
100	7	1 1 0 0 1 0 0 1 0 1 0 1 0 0 0 1
100	1	0 0 1 0 0 0 0 1 0 1 0 1 0 0 1 0
100	6	1 1 0 0 0 0 0 1 0 1 1 1 0 0 0 0
100	7	1 0 0 0 1 0 0 0 0 1 0 0 0 0 0 1
100	5	0 0 0 0 1 0 0 1 0 1 1 1 0 0 0 0
100	3	0 1 0 0 0 0 0 1 0 1 0 1 1 0 0 0
100	1	1 0 0 0 1 0 0 1 0 0 0 1 0 0 0 0
100	1	0 1 0 1 0 0 0 1 0 0 0 1 0 0 0 0
100	19	1 1 0 0 0 0 1 0 0 1 0 1 0 0 0 0
100	3	1 0 1 0 1 0 0 1 0 1 1 1 0 0 0 0
100	5	1 0 0 0 0 0 1 1 0 1 0 1 0 0 0 0
100	4	1 1 0 0 0 0 0 1 0 1 0 1 0 0 0 0
100	2	1 0 0 0 1 0 0 1 0 0 0 1 1 0 0 0
100	1	1 0 0 0 1 0 0 1 0 1 1 1 1 0 0 0
100	2	1 0 0 0 0 0 0 1 0 0 1 1 0 0 0 0
100	5	1 0 1 0 1 0 0 1 0 1 0 1 0 0 0 1
100	11	1 0 0 0 1 0 1 1 0 1 0 1 1 0 0 0
100	1	0 1 0 0 0 0 0 1 0 0 0 1 0 0 0 1
100	2	1 0 0 1 1 0 1 1 1 1 0 1 0 0 0 0
100	4	0 1 1 0 0 0 0 1 0 1 0 1 0 0 0 0
100	3	0 0 0 0 0 0 0 1 0 1 0 1 0 0 0 0
100	1	1 0 0 0 1 0 0 1 0 1 1 1 0 0 1 0
100	10	1 0 0 0 1 0 1 1 0 1 0 1 0 1 0 0
100	2	1 0 1 0 1 1 0 0 0 1 0 1 0 1 0 0
100	2	0 0 0 0 1 0 0 1 1 1 0 1 0 0 0 0
100	1	0 1 0 0 1 0 1 1 0 1 0 1 0 0 0 0
100	4	0 0 1 0 1 0 1 1 0 1 0 1 0 0 0 0
100	4	0 0 1 0 0 0 0 0 0 1 0 1 1 0 0 0
100	1	0 1 1 0 0 0 1 1 0 1 0 1 1 0 0 0
100	1	1 1 0 0 0 0 0 1 0 0 0 1 0 1 0 0
100	1	1 0 0 0 1 0 1 1 0 1 1 1 1 0 0 0
100	2	0 0 0 0 1 0 0 1 0 0 0 1 0 0 0 0
100	1	0 0 1 0 1 0 0 1 0 1 0 1 0 1 1 0
100	2	1 0 1 0 1 0 0 1 0 1 0 1 1 0 0 0
100	1	1 1 0 0 1 0 0 1 0 1 0 1 0 1 0 0
100	1	1 1 0 0 1 0 0 1 1 1 0 1 0 0 0 0
120	138	1 0 0 0 1 0 0 1 0 1 0 1 0 0 0 0
120	37	1 0 0 0 1 0 1 1 0 1 0 1 0 0 0 0
120	73	0 0 0 0 1 0 0 1 0 1 0 1 0 0 0 0
120	32	0 1 0 0 1 0 0 1 0 1 0 1 0 0 0 0
120	48	0 0 1 0 0 0 0 1 0 1 0 1 0 0 0 0
120	22	1 0 0 0 0 0 0 1 0 1 0 1 0 0 0 0
120	1	1 0 0 0 0 0 0 0 0 1 0 1 0 0 0 0
120	2	1 0 1 0 1 1 0 0 0 1 0 1 0 0 0 0
120	45	1 0 0 0 1 0 0 1 0 1 0 1 1 0 0 0
120	10	0 1 0 0 0 0 0 1 0 1 0 1 0 0 0 0
120	25	0 1 0 0 0 0 0 1 0 0 0 1 0 0 0 0
120	29	1 0 0 0 0 0 0 1 0 1 1 1 0 0 0 0
120	38	0 0 1 0 0 0 0 1 0 1 0 1 1 0 0 0
120	3	1 0 0 0 1 1 1 1 0 1 0 1 0 0 0 0
120	19	1 1 0 0 0 0 0 0 0 1 0 1 0 0 0 0
120	12	1 0 0 0 0 0 0 0 0 1 1 1 0 0 0 0
120	7	1 0 0 1 1 0 0 1 0 0 0 1 0 0 0 0
120	20	1 0 0 0 0 0 0 1 0 1 0 1 0 0 0 1
120	22	0 1 0 0 1 0 0 1 0 0 0 1 0 0 0 0
120	38	1 0 1 0 1 0 0 1 0 1 0 1 0 0 0 0
120	32	1 1 0 0 1 0 0 1 0 1 0 1 0 0 0 0
120	25	0 0 1 0 0 1 0 1 0 1 0 1 0 0 0 0
120	13	1 1 0 0 1 0 1 1 0 1 0 1 0 0 0 0
120	22	0 0 1 0 1 0 0 1 1 1 0 1 0 0 0 0
120	9	0 1 1 0 0 0 0 1 0 1 0 1 1 0 0 0
120	2	0 0 0 0 1 0 0 1 0 1 1 1 0 0 0 0
120	5	1 1 0 0 0 0 1 0 0 1 0 1 0 0 0 0
120	1	1 0 0 0 1 0 1 1 0 1 0 1 1 0 0 0
120	11	0 0 0 0 0 0 0 1 0 1 0 1 0 0 0 0
120	6	0 0 0 0 1 0 0 1 1 1 0 1 0 0 0 0
120	8	1 1 0 0 1 0 0 1 1 1 0 1 0 0 0 0
120	15	0 1 0 1 1 0 1 1 0 1 0 1 0 0 0 0
120	17	1 1 0 0 0 0 0 0 0 1 0 1 0 0 1 0
120	14	1 0 0 1 1 0 0 1 0 1 0 1 0 0 0 0
120	4	1 0 0 0 1 1 1 0 0 1 0 1 0 0 0 0
120	1	1 0 0 0 1 0 0 1 0 1 0 0 0 0 0 0
120	8	1 0 0 0 1 1 0 1 0 1 0 1 0 0 0 0
120	1	1 0 0 0 1 0 1 1 0 1 0 1 0 0 1 0
120	8	0 0 0 0 1 0 0 1 1 1 0 0 0 0 0 0
120	9	0 1 0 0 0 0 0 0 0 1 0 1 0 0 1 0
120	4	1 0 0 0 0 0 0 1 1 1 1 1 0 0 0 0
120	5	1 0 0 1 1 0 0 1 1 1 0 1 0 0 0 0
120	8	0 0 0 0 0 0 0 1 0 1 0 1 1 0 0 0
120	1	1 0 0 0 0 0 0 1 0 0 0 1 0 0 0 0
120	5	1 1 0 0 1 0 0 1 0 0 0 1 0 0 0 0
120	22	0 0 0 0 1 0 0 1 0 1 0 1 0 1 1 0
120	14	0 0 0 0 0 0 1 1 0 1 0 1 0 0 0 0
120	5	0 1 1 0 0 0 0 1 0 1 0 1 0 0 0 0
120	5	1 0 0 0 1 0 1 1 1 1 0 1 0 0 0 0
120	7	1 0 0 0 0 0 0 1 0 1 0 0 1 0 0 0
120	12	1 1 0 0 0 0 0 1 0 1 1 1 0 0 0 0
120	1	0 0 1 0 0 0 0 0 0 1 0 1 1 0 0 0
120	2	0 1 1 0 0 0 0 1 1 1 0 1 1 0 0 0
120	10	0 0 1 0 0 0 0 1 0 1 1 1 0 0 0 0
120	2	1 1 0 0 1 0 1 1 0 1 1 1 0 0 0 0
120	1	1 0 0 0 1 0 0 1 1 1 0 1 1 0 0 0
120	3	0 1 0 1 1 0 1 1 0 1 1 1 0 0 0 0
120	3	1 1 0 0 0 0 0 1 0 1 0 0 1 0 0 0
120	7	0 0 0 0 1 0 0 1 0 1 0 1 1 0 0 0
120	7	1 0 0 1 1 0 1 1 0 1 0 0 0 0 0 0
120	1	0 1 0 0 1 1 1 1 0 1 0 1 0 0 0 0
120	7	1 0 0 0 0 0 0 0 0 1 1 0 0 0 0 0
120	1	1 0 1 0 1 0 0 1 0 0 0 1 0 0 0 0
120	1	0 1 0 0 1 0 0 1 0 0 1 1 0 0 0 0
120	3	1 0 0 0 0 0 0 1 1 1 0 1 0 0 0 0
120	5	0 1 0 0 1 0 0 1 0 1 1 1 0 0 0 0
120	1	1 0 0 0 1 0 0 1 0 1 1 1 0 0 0 0
120	6	1 0 1 0 1 0 0 1 1 1 0 1 0 0 0 0
120	1	1 0 0 1 1 0 1 1 0 1 0 1 0 0 0 1
120	1	1 0 0 0 1 1 0 1 0 1 0 1 1 0 0 0
120	1	1 0 0 1 1 0 1 1 0 0 0 1 0 0 0 0
120	2	1 1 0 1 1 0 0 1 0 0 0 1 0 0 0 0
120	4	1 0 1 0 1 0 0 1 0 1 0 1 0 0 0 1
120	1	0 0 0 1 1 0 0 1 0 0 0 1 0 0 0 0
120	1	1 0 0 0 1 0 0 1 0 0 0 1 0 0 0 0
120	1	0 0 0 1 1 0 0 1 0 1 0 1 0 0 0 0
120	2	0 0 0 0 1 0 0 1 0 1 0 1 0 0 0 1
120	1	1 0 0 1 1 0 0 0 0 0 0 1 0 0 0 0
120	1	0 0 0 0 0 0 0 1 0 1 1 1 0 0 0 0
120	2	1 1 0 0 0 0 1 0 0 1 0 1 0 0 1 0
120	1	1 1 0 1 1 1 0 1 0 0 0 1 0 0 0 0
140	135	1 0 0 0 1 0 0 1 0 1 0 1 0 0 0 0
140	24	1 0 0 0 1 0 1 1 0 1 0 1 0 0 0 0
140	84	0 0 0 0 1 0 0 1 0 1 0 1 0 0 0 0
140	30	0 1 0 0 1 0 0 1 0 1 0 1 0 0 0 0
140	73	0 0 1 0 0 0 0 1 0 1 0 1 0 0 0 0
140	64	1 0 0 0 0 0 0 1 0 1 0 1 0 0 0 0
140	11	1 0 0 0 1 0 0 1 0 1 0 1 1 0 0 0
140	14	0 1 0 0 0 0 0 1 0 1 0 1 0 0 0 0
140	24	0 1 0 0 0 0 0 1 0 0 0 1 0 0 0 0
140	2	1 0 0 0 0 0 0 1 0 1 1 1 0 0 0 0
140	21	0 0 1 0 0 0 0 1 0 1 0 1 1 0 0 0
140	19	1 1 0 0 0 0 0 0 0 1 0 1 0 0 0 0
140	5	1 0 0 0 0 0 0 0 0 1 1 1 0 0 0 0
140	1	1 0 1 0 1 0 0 1 0 1 0 1 0 0 0 0
140	77	1 1 0 0 1 0 0 1 0 1 0 1 0 0 0 0
140	4	1 1 0 0 1 0 1 1 0 1 0 1 0 0 0 0
140	16	0 0 1 0 1 0 0 1 1 1 0 1 0 0 0 0
140	3	0 0 0 0 0 0 0 1 0 1 0 1 0 0 0 0
140	13	1 1 0 0 1 0 0 1 1 1 0 1 0 0 0 0
140	11	1 1 0 0 0 0 0 0 0 1 0 1 0 0 1 0
140	17	1 0 0 1 1 0 0 1 0 1 0 1 0 0 0 0
140	4	1 0 0 0 1 1 0 1 0 1 0 1 0 0 0 0
140	4	0 0 0 0 1 0 0 1 1 1 0 0 0 0 0 0
140	4	1 0 0 0 0 0 0 1 1 1 1 1 0 0 0 0
140	8	1 1 0 0 1 0 0 1 0 0 0 1 0 0 0 0
140	5	0 0 0 0 0 0 1 1 0 1 0 1 0 0 0 0
140	15	0 1 1 0 0 0 0 1 0 1 0 1 0 0 0 0
140	17	0 1 0 0 1 0 0 1 0 1 1 1 0 0 0 0
140	14	1 0 1 0 1 0 0 1 1 1 0 1 0 0 0 0
140	8	1 0 0 1 1 0 1 1 0 1 0 1 0 0 0 1
140	7	0 0 1 0 1 0 0 1 0 1 0 1 0 0 0 0
140	11	1 0 0 1 1 0 1 1 1 1 0 1 0 0 0 0
140	22	1 0 0 0 1 0 0 1 1 1 0 1 0 0 0 0
140	2	0 0 0 0 1 0 0 1 0 1 0 0 0 0 0 0
140	2	1 0 0 0 0 0 1 1 0 1 1 1 0 0 0 0
140	2	1 0 0 0 1 1 0 1 0 1 0 1 0 0 0 1
140	34	1 1 0 0 0 0 0 1 0 1 0 1 0 0 0 0
140	14	0 0 1 0 0 0 0 1 0 0 0 1 0 0 0 0
140	10	0 0 1 0 0 0 0 1 0 1 0 1 0 0 0 1
140	2	1 1 0 0 1 0 0 1 0 1 0 1 1 0 0 0
140	2	0 0 1 0 1 0 0 0 1 1 0 1 0 0 0 0
140	18	0 0 1 0 1 0 1 1 1 1 0 1 0 0 0 0
140	7	1 0 0 0 1 0 0 1 0 1 0 1 0 0 0 1
140	22	1 1 1 0 1 0 0 1 1 1 0 1 0 0 0 0
140	8	0 0 0 0 1 0 1 1 0 1 0 1 0 0 0 0
140	5	0 0 1 0 1 1 0 1 1 1 0 1 0 0 0 0
140	12	1 1 0 0 0 0 1 0 0 1 0 1 0 0 1 0
140	8	0 0 1 0 0 0 0 1 0 1 0 0 0 0 0 0
140	1	1 0 0 0 1 0 0 1 1 1 1 1 0 0 0 0
140	4	1 0 0 0 0 0 0 1 0 1 0 1 1 0 0 0
140	7	0 0 0 0 1 0 0 1 0 1 0 0 0 1 1 0
140	1	1 0 0 0 1 0 0 1 0 1 0 1 0 0 1 0
140	5	1 0 0 0 0 0 0 0 0 1 0 1 0 0 1 0
140	11	1 0 0 0 1 0 0 0 1 1 0 1 0 0 0 0
140	1	1 1 0 0 0 0 0 0 0 1 0 1 1 0 1 0
140	3	1 0 0 1 0 0 0 1 0 1 0 1 0 0 0 0
140	5	1 0 0 0 1 0 0 1 0 1 1 1 0 0 0 0
140	4	0 1 0 1 1 1 1 1 0 1 0 1 0 0 0 0
140	3	0 0 0 0 1 0 0 1 1 1 0 0 0 1 1 0
140	2	1 1 0 0 0 0 0 1 0 1 1 1 0 0 1 0
140	4	1 1 1 1 1 0 1 1 0 1 0 1 0 0 0 1
140	5	1 0 0 0 0 0 0 1 1 1 0 1 0 0 0 0
140	1	1 0 0 0 0 1 0 1 1 1 1 1 0 0 0 0
140	4	1 1 0 0 0 0 0 1 1 1 1 1 0 0 0 0
140	2	0 1 0 1 1 0 0 1 0 1 1 1 0 0 0 0
140	1	0 1 1 0 1 0 0 1 0 1 1 1 0 0 0 0
140	2	1 1 0 0 0 0 0 1 0 1 0 0 0 0 0 0
140	7	1 1 1 0 1 0 0 1 0 1 0 1 0 0 0 0
140	1	0 0 0 0 1 1 0 1 0 1 0 1 0 0 0 0
140	2	1 0 0 1 1 0 0 1 0 0 0 1 0 0 0 0
140	1	1 1 0 1 0 0 0 0 0 1 0 1 0 0 0 0
140	3	1 1 0 0 1 1 0 1 0 1 0 1 0 0 0 0
140	1	1 1 0 1 1 0 1 1 1 1 0 1 0 0 0 0
140	2	1 1 1 0 1 1 0 1 1 1 0 1 0 0 0 0
140	2	1 0 1 1 0 0 0 1 0 1 0 1 0 1 0 0
160	133	1 0 0 0 1 0 0 1 0 1 0 1 0 0 0 0
160	3	1 0 0 0 1 0 1 1 0 1 0 1 0 0 0 0
160	35	0 0 0 0 1 0 0 1 0 1 0 1 0 0 0 0
160	41	0 1 0 0 1 0 0 1 0 1 0 1 0 0 0 0
160	23	0 0 1 0 0 0 0 1 0 1 0 1 0 0 0 0
160	20	1 0 0 0 0 0 0 1 0 1 0 1 0 0 0 0
160	25	1 0 0 0 1 0 0 1 0 1 0 1 1 0 0 0
160	29	0 1 0 0 0 0 0 1 0 1 0 1 0 0 0 0
160	10	0 1 0 0 0 0 0 1 0 0 0 1 0 0 0 0
160	4	0 0 1 0 0 0 0 1 0 1 0 1 1 0 0 0
160	2	1 1 0 0 0 0 0 0 0 1 0 1 0 0 0 0
160	42	1 1 0 0 1 0 0 1 0 1 0 1 0 0 0 0
160	5	0 0 1 0 1 0 0 1 1 1 0 1 0 0 0 0
160	25	1 1 0 0 1 0 0 1 1 1 0 1 0 0 0 0
160	63	1 0 0 1 1 0 0 1 0 1 0 1 0 0 0 0
160	2	1 0 0 1 1 0 1 1 0 1 0 1 0 0 0 1
160	15	0 0 1 0 1 0 0 1 0 1 0 1 0 0 0 0
160	25	1 0 0 1 1 0 1 1 1 1 0 1 0 0 0 0
160	15	1 0 0 0 0 0 1 1 0 1 1 1 0 0 0 0
160	28	1 1 0 0 0 0 0 1 0 1 0 1 0 0 0 0
160	13	0 0 1 0 0 0 0 1 0 1 0 1 0 0 0 1
160	11	1 1 0 0 1 0 0 1 0 1 0 1 1 0 0 0
160	62	0 0 1 0 1 0 1 1 1 1 0 1 0 0 0 0
160	11	1 0 0 0 1 0 0 1 0 1 0 1 0 0 0 1
160	52	1 1 1 0 1 0 0 1 1 1 0 1 0 0 0 0
160	1	0 0 0 0 1 0 1 1 0 1 0 1 0 0 0 0
160	13	1 1 0 0 0 0 1 0 0 1 0 1 0 0 1 0
160	7	1 0 0 0 1 0 0 1 0 1 0 1 0 0 1 0
160	3	1 0 0 0 0 0 0 1 1 1 0 1 0 0 0 0
160	27	1 1 0 0 0 0 0 1 1 1 1 1 0 0 0 0
160	2	0 0 0 0 1 1 0 1 0 1 0 1 0 0 0 0
160	8	0 0 1 0 0 0 0 0 0 1 0 1 1 0 0 0
160	2	0 0 1 0 1 0 1 1 1 1 0 1 0 0 0 1
160	10	1 1 0 0 1 0 0 1 0 1 0 0 0 0 0 0
160	3	0 1 0 0 0 0 0 0 0 1 0 1 0 0 0 0
160	2	1 0 0 0 1 0 0 1 0 1 1 1 0 0 1 0
160	5	1 0 0 1 1 0 0 1 1 1 0 1 0 0 0 0
160	3	0 0 0 1 0 0 1 1 0 1 0 1 0 0 0 0
160	29	1 1 1 0 1 0 0 1 1 1 1 1 0 0 0 0
160	7	1 1 0 0 0 1 1 0 1 1 0 1 0 0 1 0
160	2	1 1 0 0 1 0 0 1 1 1 0 1 0 0 0 1
160	1	0 1 0 0 1 0 1 1 0 1 0 1 0 0 0 0
160	5	0 1 1 0 1 0 0 1 0 1 0 1 1 0 0 0
160	5	1 1 1 0 1 0 0 1 0 1 1 1 0 0 0 0
160	17	1 0 0 0 1 0 0 1 0 1 0 1 0 1 0 0
160	11	1 0 0 0 1 1 0 0 1 1 0 1 0 0 0 0
160	10	0 0 1 0 1 0 1 0 1 1 0 1 0 0 0 0
160	7	0 0 0 1 1 0 1 1 1 1 0 1 0 0 0 0
160	2	1 1 1 0 1 0 0 1 0 1 0 1 0 0 0 0
160	5	1 0 1 1 0 0 0 1 0 1 0 1 1 0 0 0
160	7	1 0 0 0 0 0 1 1 0 1 0 1 0 0 0 0
160	2	1 0 0 0 0 0 0 1 0 1 0 1 0 0 1 0
160	9	0 0 1 0 1 1 1 1 1 1 0 1 0 0 0 0
160	9	1 0 1 0 0 0 0 1 0 1 0 1 0 0 0 0
160	3	0 1 0 0 1 0 0 1 1 1 0 1 0 0 0 0
160	2	0 1 0 0 1 1 0 0 1 1 0 1 0 0 0 0
160	7	1 1 0 0 1 0 0 1 0 1 0 1 0 0 0 1
160	3	1 1 0 0 1 0 0 0 0 1 0 1 0 0 1 0
160	12	1 1 0 0 0 0 1 0 0 1 0 1 0 0 0 0
160	4	1 0 1 0 1 0 1 1 1 1 0 1 0 0 0 0
160	2	1 0 0 0 0 0 0 0 0 1 0 0 0 0 1 0
160	3	0 1 0 0 0 0 1 0 0 1 0 1 0 0 1 0
160	3	1 0 0 1 1 0 0 1 1 1 1 1 0 0 0 0
160	1	1 1 0 0 0 0 0 1 0 1 0 1 0 0 1 0
160	1	0 1 0 0 0 0 0 1 0 0 0 1 0 1 0 0
160	3	1 0 1 0 1 1 0 0 1 1 0 1 0 0 0 0
160	2	0 0 1 0 0 0 0 1 0 1 1 1 0 0 0 0
160	3	1 0 0 0 1 0 0 1 0 1 0 1 1 0 0 1
160	2	1 1 0 0 0 0 0 1 1 1 0 1 0 0 0 0
160	3	1 0 0 1 0 0 1 1 1 1 0 1 0 0 0 0
160	3	0 0 1 0 1 0 0 1 0 1 0 1 1 0 0 0
160	3	1 1 0 0 0 0 0 1 0 1 0 1 1 0 0 0
160	1	1 0 0 0 0 1 1 0 1 1 0 1 0 0 0 0
160	1	0 0 0 0 1 0 0 1 0 1 0 1 0 0 1 0
160	1	1 1 0 0 1 0 0 1 1 1 0 1 1 0 0 0
160	2	0 0 1 0 0 0 1 1 1 1 0 1 0 0 0 0
160	2	1 0 0 0 1 1 0 0 0 1 0 1 0 0 0 0
160	1	1 0 0 0 0 0 0 1 0 1 0 1 0 0 1 1
160	1	1 0 0 0 1 1 0 0 1 1 0 1 0 0 0 1
160	2	1 0 1 0 1 0 0 1 0 1 0 1 0 0 0 0
160	2	1 0 0 1 1 0 0 1 0 1 0 0 0 0 0 0
160	1	1 1 0 0 0 0 0 1 0 1 1 1 0 0 0 0
160	1	1 0 1 0 1 0 0 1 1 1 1 1 0 0 0 0
160	1	0 1 0 0 1 0 1 1 0 0 0 1 0 0 0 0
160	1	0 1 0 0 1 0 1 1 0 1 0 1 1 0 0 0
160	1	0 0 1 0 1 1 0 0 1 1 0 1 0 0 0 0
160	3	0 0 1 0 0 0 1 1 1 1 0 1 0 1 0 0
160	1	1 0 0 0 1 0 0 1 1 1 1 1 0 0 0 0
160	2	1 0 0 0 0 0 1 0 0 1 0 1 0 0 0 0
160	1	1 1 0 0 0 0 1 1 0 1 0 1 0 0 0 0
160	1	0 0 0 0 1 0 1 1 1 1 0 1 0 0 0 0
160	1	1 0 0 0 1 0 0 1 0 0 0 1 0 0 1 0
160	1	0 0 0 1 1 0 1 0 1 1 0 1 0 0 0 0
160	1	1 0 1 0 1 0 1 1 1 1 0 1 0 0 0 1
160	2	1 1 0 1 0 0 0 1 0 1 0 1 0 0 1 0
160	1	1 0 0 0 0 0 0 1 0 0 0 1 0 0 1 1
180	125	1 0 0 0 1 0 0 1 0 1 0 1 0 0 0 0
180	6	0 0 0 0 1 0 0 1 0 1 0 1 0 0 0 0
180	34	0 1 0 0 1 0 0 1 0 1 0 1 0 0 0 0
180	1	0 0 1 0 0 0 0 1 0 1 0 1 0 0 0 0
180	11	1 0 0 0 0 0 0 1 0 1 0 1 0 0 0 0
180	5	1 0 0 0 1 0 0 1 0 1 0 1 1 0 0 0
180	15	1 1 0 0 1 0 0 1 0 1 0 1 0 0 0 0
180	63	1 1 0 0 1 0 0 1 1 1 0 1 0 0 0 0
180	53	1 0 0 1 1 0 0 1 0 1 0 1 0 0 0 0
180	9	0 0 1 0 1 0 0 1 0 1 0 1 0 0 0 0
180	31	1 0 0 1 1 0 1 1 1 1 0 1 0 0 0 0
180	20	1 1 0 0 0 0 0 1 0 1 0 1 0 0 0 0
180	20	1 1 0 0 1 0 0 1 0 1 0 1 1 0 0 0
180	9	0 0 1 0 1 0 1 1 1 1 0 1 0 0 0 0
180	22	1 0 0 0 1 0 0 1 0 1 0 1 0 0 0 1
180	44	1 1 1 0 1 0 0 1 1 1 0 1 0 0 0 0
180	9	1 1 0 0 0 0 1 0 0 1 0 1 0 0 1 0
180	12	1 1 0 0 0 0 0 1 1 1 1 1 0 0 0 0
180	9	0 1 0 0 0 0 0 0 0 1 0 1 0 0 0 0
180	65	1 1 1 0 1 0 0 1 1 1 1 1 0 0 0 0
180	16	1 1 1 0 1 0 0 1 0 1 1 1 0 0 0 0
180	41	1 0 0 0 1 1 0 0 1 1 0 1 0 0 0 0
180	1	0 0 1 0 1 0 1 0 1 1 0 1 0 0 0 0
180	13	1 0 0 0 0 0 1 1 0 1 0 1 0 0 0 0
180	1	1 0 1 0 0 0 0 1 0 1 0 1 0 0 0 0
180	4	0 1 0 0 1 0 0 1 1 1 0 1 0 0 0 0
180	19	1 1 0 0 1 0 0 1 0 1 0 1 0 0 0 1
180	8	1 0 1 0 1 1 0 0 1 1 0 1 0 0 0 0
180	6	1 1 0 0 0 0 0 1 1 1 0 1 0 0 0 0
180	6	1 1 0 0 0 0 0 1 0 1 0 1 1 0 0 0
180	1	1 0 0 0 0 1 1 0 1 1 0 1 0 0 0 0
180	1	0 0 1 0 0 0 1 1 1 1 0 1 0 0 0 0
180	20	1 0 0 1 1 0 0 1 0 1 0 0 0 0 0 0
180	14	0 0 0 1 1 0 1 0 1 1 0 1 0 0 0 0
180	2	1 1 0 1 0 0 0 1 0 1 0 1 0 0 0 0
180	5	1 1 1 1 1 0 0 1 1 1 1 1 0 0 0 0
180	18	1 0 0 1 1 0 0 1 0 1 0 1 1 0 0 0
180	3	1 0 0 0 1 0 0 1 1 1 0 1 0 1 0 0
180	11	1 1 1 0 1 0 0 1 1 1 0 1 0 0 1 0
180	11	1 1 0 0 0 0 0 1 1 1 1 1 1 0 0 0
180	8	1 1 0 1 1 0 0 1 0 1 0 1 0 0 0 0
180	16	0 0 1 1 1 0 1 1 1 1 0 1 0 0 0 0
180	6	1 1 1 0 1 1 0 1 0 1 1 1 0 0 0 0
180	21	1 0 0 0 0 0 1 1 0 1 1 1 0 0 1 0
180	14	1 1 1 0 1 0 1 1 1 1 0 1 0 0 0 0
180	8	0 0 1 0 1 1 1 1 0 1 0 1 0 0 0 0
180	2	1 1 1 0 1 1 0 1 1 1 1 1 0 0 0 0
180	1	1 0 1 0 0 0 0 1 0 1 0 1 0 0 0 1
180	4	1 0 0 1 1 0 1 1 0 1 1 1 0 0 0 0
180	8	0 0 0 0 1 0 0 1 1 1 0 1 0 0 0 0
180	13	1 1 1 0 1 0 0 1 0 1 0 1 0 0 0 0
180	1	1 0 0 0 1 0 0 1 1 1 0 1 0 0 0 0
180	9	1 0 0 1 1 0 0 1 1 1 0 1 0 0 0 0
180	4	0 1 0 0 1 1 0 1 0 1 0 1 0 0 0 0
180	2	0 1 0 0 0 0 0 1 0 1 1 1 0 0 0 0
180	10	1 1 1 0 1 0 0 1 1 0 0 1 0 0 0 0
180	5	1 1 1 0 0 0 0 1 0 1 0 1 0 0 0 0
180	2	1 0 1 0 0 0 0 1 0 1 0 1 1 0 0 0
180	3	1 0 0 1 1 1 0 1 0 1 0 1 0 0 0 0
180	4	0 0 1 0 1 0 0 1 0 1 1 1 0 0 0 0
180	4	1 0 0 1 1 0 0 1 1 1 1 1 0 0 0 0
180	3	1 0 1 0 1 0 0 1 0 1 0 1 0 0 0 0
180	6	1 1 0 0 1 0 0 1 1 1 1 1 0 0 0 0
180	3	0 1 1 1 1 0 0 1 1 1 1 1 0 0 0 0
180	12	0 0 0 1 1 0 0 0 1 1 0 1 0 0 0 0
180	2	0 1 0 0 1 1 0 1 0 1 1 1 0 0 0 0
180	2	1 1 1 0 1 0 0 0 1 0 0 1 0 0 0 0
180	1	1 0 0 1 1 0 1 0 1 1 0 1 0 0 0 0
180	1	1 0 0 0 1 0 0 0 1 1 0 1 0 0 0 0
180	4	1 0 0 0 1 0 0 1 0 0 0 1 0 0 0 0
180	2	1 0 0 1 1 1 1 1 1 1 0 1 0 0 0 0
180	2	1 0 0 0 1 1 0 0 1 1 0 1 1 0 0 0
180	2	0 0 1 0 0 0 1 1 1 1 1 1 0 0 0 0
180	1	1 1 0 1 1 0 0 1 1 1 1 1 0 0 0 0
180	1	0 0 1 0 1 0 1 1 1 0 0 1 0 0 1 0
180	1	1 0 0 1 1 0 1 1 1 1 1 1 0 0 0 0
180	1	1 0 0 0 1 0 1 1 0 1 0 1 0 0 0 0
180	2	1 0 0 0 1 0 0 1 0 1 1 1 0 0 0 0
180	5	1 0 0 0 1 0 0 1 0 1 0 0 0 0 0 0
180	1	0 0 0 0 1 0 0 0 0 1 0 1 0 0 0 0
180	5	0 1 0 0 1 0 0 1 0 1 0 0 0 0 0 0
180	2	0 1 0 0 0 0 0 0 0 0 0 1 0 0 0 0
180	6	1 1 0 0 1 0 0 1 1 0 0 1 0 0 0 0
180	5	0 1 0 0 1 1 0 1 1 1 0 1 0 0 0 0
180	2	0 0 0 1 1 0 0 1 0 1 0 1 1 0 0 0
180	1	1 0 0 0 1 1 0 1 0 1 0 1 0 0 0 0
180	2	1 1 0 0 1 0 0 1 1 1 0 0 0 0 0 0
180	3	0 0 0 1 1 0 0 1 0 1 0 1 0 0 0 0
180	3	0 0 1 0 1 0 0 1 1 1 0 1 0 0 0 0
180	3	0 0 0 0 1 0 1 1 1 1 0 1 0 0 0 0
180	1	1 0 0 0 0 0 0 0 0 1 0 1 0 0 0 0
180	1	1 0 0 1 1 0 1 1 1 0 0 1 0 0 0 0
180	1	1 1 0 0 1 0 0 0 0 1 0 1 1 0 0 0
180	2	1 1 1 0 1 0 0 1 0 1 0 1 0 0 0 1
180	1	1 0 0 1 1 0 0 1 0 1 0 0 1 0 0 0
180	1	1 0 0 0 1 0 0 1 1 0 0 1 0 0 0 0
200	106	1 0 0 0 1 0 0 1 0 1 0 1 0 0 0 0
200	46	0 1 0 0 1 0 0 1 0 1 0 1 0 0 0 0
200	10	1 0 0 0 0 0 0 1 0 1 0 1 0 0 0 0
200	3	1 1 0 0 1 0 0 1 0 1 0 1 0 0 0 0
200	59	1 1 0 0 1 0 0 1 1 1 0 1 0 0 0 0
200	53	1 0 0 1 1 0 0 1 0 1 0 1 0 0 0 0
200	5	0 0 1 0 1 0 0 1 0 1 0 1 0 0 0 0
200	16	1 0 0 1 1 0 1 1 1 1 0 1 0 0 0 0
200	22	1 1 0 0 0 0 0 1 0 1 0 1 0 0 0 0
200	1	1 1 0 0 1 0 0 1 0 1 0 1 1 0 0 0
200	3	1 0 0 0 1 0 0 1 0 1 0 1 0 0 0 1
200	75	1 1 1 0 1 0 0 1 1 1 0 1 0 0 0 0
200	2	1 1 0 0 0 0 1 0 0 1 0 1 0 0 1 0
200	8	1 1 0 0 0 0 0 1 1 1 1 1 0 0 0 0
200	84	1 1 1 0 1 0 0 1 1 1 1 1 0 0 0 0
200	30	1 1 1 0 1 0 0 1 0 1 1 1 0 0 0 0
200	49	1 0 0 0 1 1 0 0 1 1 0 1 0 0 0 0
200	2	1 1 0 0 0 0 0 1 0 1 0 1 1 0 0 0
200	2	1 0 0 1 1 0 0 1 0 1 0 0 0 0 0 0
200	1	1 1 1 1 1 0 0 1 1 1 1 1 0 0 0 0
200	3	1 0 0 0 1 0 0 1 1 1 0 1 0 1 0 0
200	6	1 1 0 1 1 0 0 1 0 1 0 1 0 0 0 0
200	43	1 1 1 0 1 0 1 1 1 1 0 1 0 0 0 0
200	18	0 0 0 0 1 0 0 1 1 1 0 1 0 0 0 0
200	11	1 1 1 0 1 0 0 1 0 1 0 1 0 0 0 0
200	5	1 0 0 1 1 0 0 1 1 1 0 1 0 0 0 0
200	2	0 1 0 0 1 1 0 1 0 1 0 1 0 0 0 0
200	22	1 1 1 0 1 0 0 1 1 0 0 1 0 0 0 0
200	15	1 1 0 0 1 0 0 1 1 1 1 1 0 0 0 0
200	1	1 0 0 0 1 0 0 1 0 0 0 1 0 0 0 0
200	1	1 0 0 0 1 0 1 1 0 1 0 1 0 0 0 0
200	31	1 1 1 1 1 0 0 1 1 1 0 1 0 0 0 0
200	6	1 0 0 0 0 0 1 1 0 1 1 1 0 0 0 0
200	6	1 0 0 0 1 0 0 1 1 1 0 1 0 0 0 0
200	1	0 1 0 0 1 0 0 1 1 1 0 1 0 0 0 1
200	15	1 1 1 0 1 0 0 1 0 0 1 1 0 0 0 0
200	3	1 1 1 0 1 0 0 1 1 1 1 0 0 0 0 0
200	3	1 0 0 1 1 0 0 1 1 1 0 1 1 0 0 0
200	8	1 0 0 1 1 1 1 0 1 1 0 1 0 0 0 0
200	2	1 1 0 1 1 0 0 1 1 1 0 1 0 0 0 0
200	8	1 0 0 0 1 0 0 1 1 1 0 0 0 0 0 0
200	18	1 0 0 0 1 0 0 1 1 0 0 1 0 0 0 0
200	8	1 1 0 0 0 0 0 1 1 1 0 1 0 0 0 0
200	5	1 1 1 0 1 0 0 0 0 1 0 1 0 0 1 0
200	15	1 0 0 0 1 0 1 1 1 1 0 1 0 1 0 0
200	3	1 1 1 0 1 0 1 0 1 1 0 1 0 0 0 0
200	10	0 0 1 0 1 0 1 1 0 1 0 1 0 0 0 0
200	22	1 0 0 1 1 0 1 1 1 1 1 1 0 0 0 0
200	7	1 1 1 0 1 1 1 0 1 1 0 1 0 0 0 0
200	5	1 0 0 0 1 0 0 0 0 1 0 1 0 0 0 0
200	2	1 1 0 0 1 0 0 1 1 1 0 1 0 1 0 0
200	2	1 0 0 1 1 0 1 1 1 0 0 1 0 0 0 0
200	17	1 1 1 0 1 0 0 1 1 1 1 1 0 1 0 0
200	12	0 0 0 1 1 0 1 0 0 1 0 1 0 0 0 0
200	3	1 0 0 0 0 0 1 1 0 1 1 1 0 0 1 0
200	1	1 1 0 0 0 0 1 1 0 1 1 1 0 0 0 0
200	6	1 0 0 1 1 0 1 0 1 1 0 1 0 0 0 0
200	1	1 0 0 1 1 0 0 1 0 0 0 1 0 1 0 0
200	1	1 0 1 0 1 0 0 1 1 1 0 1 0 0 0 0
200	3	1 0 1 0 1 0 1 1 1 1 0 1 0 0 0 0
200	6	1 0 0 0 1 0 0 1 0 1 0 1 0 0 1 0
200	2	1 1 1 1 1 0 1 1 1 1 0 1 0 0 0 0
200	11	0 1 0 0 0 0 0 1 0 1 0 1 0 1 0 0
200	7	0 1 0 0 0 1 0 1 0 1 0 1 0 0 0 0
200	2	1 1 1 0 1 0 1 0 0 1 0 1 0 0 1 0
200	2	1 0 0 0 1 0 0 1 0 1 0 0 0 0 0 0
200	4	0 1 0 0 1 1 0 0 1 1 0 1 0 0 0 0
200	4	1 0 0 0 1 0 0 1 1 0 0 1 1 0 0 0
200	1	1 0 0 0 1 1 0 0 1 1 0 1 1 0 0 0
200	6	1 0 0 0 0 0 0 1 1 1 0 1 0 0 0 0
200	1	0 1 0 0 1 0 0 1 1 1 0 1 1 0 0 1
200	1	1 0 0 0 1 0 0 1 1 0 0 0 0 0 0 0
200	2	1 1 1 0 1 0 0 0 0 1 0 0 0 0 1 0
200	2	1 0 0 1 1 0 1 1 1 0 0 1 0 1 0 0
200	2	1 0 0 0 1 0 1 1 1 1 0 1 0 0 0 0
200	2	1 0 0 1 1 1 0 1 0 1 0 1 0 0 0 0
200	2	1 0 0 0 1 0 0 1 0 1 0 1 0 1 0 1
200	5	1 1 0 0 1 0 0 1 0 0 1 1 0 0 0 0
200	1	1 1 1 0 1 0 0 1 1 1 0 1 0 1 0 0
200	1	0 1 0 0 0 0 0 1 0 0 0 1 0 1 1 0
200	3	1 1 0 0 1 0 0 0 1 1 0 1 0 0 0 0
200	2	1 1 1 0 1 0 1 1 1 1 1 1 0 0 0 0
200	1	1 1 1 0 1 0 0 0 0 1 0 1 0 0 0 0
200	2	1 0 0 1 0 0 0 1 0 0 0 1 0 1 0 0
220	47	1 0 0 0 1 0 0 1 0 1 0 1 0 0 0 0
220	22	0 1 0 0 1 0 0 1 0 1 0 1 0 0 0 0
220	13	1 0 0 0 0 0 0 1 0 1 0 1 0 0 0 0
220	7	1 1 0 0 1 0 0 1 0 1 0 1 0 0 0 0
220	43	1 1 0 0 1 0 0 1 1 1 0 1 0 0 0 0
220	13	1 0 0 1 1 0 0 1 0 1 0 1 0 0 0 0
220	6	0 0 1 0 1 0 0 1 0 1 0 1 0 0 0 0
220	24	1 0 0 1 1 0 1 1 1 1 0 1 0 0 0 0
220	13	1 1 0 0 0 0 0 1 0 1 0 1 0 0 0 0
220	113	1 1 1 0 1 0 0 1 1 1 0 1 0 0 0 0
220	6	1 1 0 0 0 0 1 0 0 1 0 1 0 0 1 0
220	15	1 1 0 0 0 0 0 1 1 1 1 1 0 0 0 0
220	35	1 1 1 0 1 0 0 1 1 1 1 1 0 0 0 0
220	54	1 1 1 0 1 0 0 1 0 1 1 1 0 0 0 0
220	15	1 0 0 0 1 1 0 0 1 1 0 1 0 0 0 0
220	9	1 0 0 0 1 0 0 1 1 1 0 1 0 1 0 0
220	88	1 1 1 0 1 0 1 1 1 1 0 1 0 0 0 0
220	8	0 0 0 0 1 0 0 1 1 1 0 1 0 0 0 0
220	17	1 1 1 0 1 0 0 1 0 1 0 1 0 0 0 0
220	19	1 0 0 1 1 0 0 1 1 1 0 1 0 0 0 0
220	31	1 1 1 0 1 0 0 1 1 0 0 1 0 0 0 0
220	45	1 1 1 1 1 0 0 1 1 1 0 1 0 0 0 0
220	7	1 0 0 0 1 0 0 1 1 1 0 1 0 0 0 0
220	13	1 1 1 0 1 0 0 1 0 0 1 1 0 0 0 0
220	2	1 0 0 1 1 0 0 1 1 1 0 1 1 0 0 0
220	17	1 0 0 1 1 1 1 0 1 1 0 1 0 0 0 0
220	12	1 0 0 0 1 0 1 1 1 1 0 1 0 1 0 0
220	36	1 0 0 1 1 0 1 1 1 1 1 1 0 0 0 0
220	22	1 1 1 0 1 1 1 0 1 1 0 1 0 0 0 0
220	6	1 1 0 0 1 0 0 1 1 1 0 1 0 1 0 0
220	16	1 1 1 0 1 0 0 1 1 1 1 1 0 1 0 0
220	3	1 0 0 0 1 0 0 1 0 1 0 1 0 0 1 0
220	7	1 1 1 0 1 0 1 0 0 1 0 1 0 0 1 0
220	8	1 0 0 0 1 0 0 1 0 1 0 0 0 0 0 0
220	1	1 0 0 0 1 0 0 1 0 1 1 1 0 0 0 0
220	6	0 1 0 0 1 0 0 1 1 1 0 1 0 0 0 0
220	16	0 1 0 0 1 0 0 1 1 1 1 1 0 0 0 0
220	4	1 0 0 1 1 0 1 1 1 1 0 1 0 1 0 0
220	21	1 1 1 1 1 0 1 1 1 1 0 1 0 0 0 0
220	6	0 0 0 0 1 0 0 1 0 1 0 1 0 0 0 0
220	4	1 1 0 1 1 0 1 1 1 1 0 1 0 0 0 0
220	6	1 0 0 1 1 0 1 1 1 1 0 1 1 0 0 0
220	11	1 0 0 1 1 0 0 1 0 1 0 1 0 1 0 0
220	1	1 1 1 1 1 0 0 1 1 1 1 1 0 1 0 0
220	2	1 1 0 0 1 0 0 1 1 1 0 0 0 0 0 0
220	2	1 0 0 1 1 0 0 0 0 1 0 1 1 0 0 0
220	21	1 1 1 1 1 0 0 1 1 1 1 0 0 0 0 0
220	4	0 1 1 0 1 0 0 1 0 1 1 1 0 1 0 0
220	5	1 1 0 1 1 0 0 1 1 1 0 1 0 0 0 0
220	3	1 0 0 0 1 1 0 0 0 1 0 1 0 0 0 0
220	7	1 0 0 0 0 0 0 1 1 1 0 1 0 1 0 0
220	2	1 1 1 0 1 0 1 1 1 1 0 1 0 1 0 0
220	10	0 0 0 0 1 0 0 1 1 1 1 1 0 0 0 0
220	10	1 0 0 0 1 0 0 1 0 1 0 1 0 1 1 0
220	1	0 1 1 0 1 0 0 1 1 1 0 1 0 0 0 0
220	2	1 1 0 1 1 1 1 0 1 1 0 1 0 0 0 0
220	4	1 1 0 0 1 0 0 0 1 1 0 0 0 0 0 0
220	4	1 0 0 0 1 0 0 0 0 1 0 1 0 0 0 0
220	8	1 0 0 0 1 1 0 0 1 0 0 1 0 0 0 0
220	6	0 0 0 0 0 0 0 1 0 1 0 1 1 0 0 0
220	3	1 0 1 0 1 1 0 0 0 1 0 1 0 0 0 0
220	1	1 0 0 1 1 0 1 0 1 1 0 1 0 0 0 0
220	1	1 1 1 0 1 0 0 1 1 1 0 1 0 0 0 1
220	2	0 1 0 0 1 0 0 1 0 1 1 1 1 0 0 0
220	1	1 0 0 0 1 0 1 1 1 1 0 1 0 0 0 0
220	2	1 0 0 1 1 0 1 1 1 1 0 1 0 0 1 0
220	2	1 0 0 1 1 1 1 0 1 1 0 1 0 1 0 0
220	2	1 0 1 0 1 0 1 1 1 1 0 1 0 0 0 0
220	2	0 1 1 1 1 0 0 1 1 1 0 1 0 0 0 0
220	1	1 1 0 0 1 0 0 1 0 0 1 1 0 0 0 0
220	3	1 0 0 0 1 0 0 1 0 1 1 1 0 0 1 0
220	1	0 1 0 0 1 0 0 1 1 1 1 1 0 1 0 0
220	1	1 0 0 0 1 0 0 1 0 1 0 1 0 0 0 1
220	2	1 0 0 1 0 0 0 1 0 1 0 1 0 0 0 0
220	1	1 1 1 0 1 0 1 1 1 1 1 1 0 0 0 0
220	3	1 1 1 0 1 0 1 1 1 1 0 1 0 0 0 1
220	1	1 0 0 1 0 0 0 1 1 1 0 1 0 0 0 0
220	1	1 0 0 1 1 1 1 0 1 1 0 1 0 0 1 0
220	1	1 0 0 1 1 1 0 0 1 1 1 1 0 0 0 0
220	2	1 0 1 0 1 0 1 1 1 1 0 1 0 0 0 1
220	1	1 1 1 1 1 0 0 1 1 0 1 1 0 0 0 0
220	2	0 1 1 0 1 0 0 1 0 1 0 1 0 0 0 0
220	2	1 1 1 0 1 0 0 0 1 1 1 1 0 0 0 0
220	1	1 1 1 0 1 0 0 1 0 1 1 1 0 0 0 1
220	1	0 0 0 0 1 0 0 1 0 1 0 1 1 0 0 0
220	1	0 1 1 0 1 0 0 1 0 1 0 1 0 1 0 0
240	44	1 0 0 0 1 0 0 1 0 1 0 1 0 0 0 0
240	1	0 1 0 0 1 0 0 1 0 1 0 1 0 0 0 0
240	10	1 1 0 0 1 0 0 1 0 1 0 1 0 0 0 0
240	57	1 1 0 0 1 0 0 1 1 1 0 1 0 0 0 0
240	3	0 0 1 0 1 0 0 1 0 1 0 1 0 0 0 0
240	11	1 0 0 1 1 0 1 1 1 1 0 1 0 0 0 0
240	77	1 1 1 0 1 0 0 1 1 1 0 1 0 0 0 0
240	15	1 1 0 0 0 0 1 0 0 1 0 1 0 0 1 0
240	10	1 1 0 0 0 0 0 1 1 1 1 1 0 0 0 0
240	55	1 1 1 0 1 0 0 1 1 1 1 1 0 0 0 0
240	83	1 1 1 0 1 0 0 1 0 1 1 1 0 0 0 0
240	4	1 0 0 0 1 1 0 0 1 1 0 1 0 0 0 0
240	47	1 1 1 0 1 0 1 1 1 1 0 1 0 0 0 0
240	6	1 1 1 0 1 0 0 1 0 1 0 1 0 0 0 0
240	12	1 0 0 1 1 0 0 1 1 1 0 1 0 0 0 0
240	63	1 1 1 0 1 0 0 1 1 0 0 1 0 0 0 0
240	27	1 1 1 1 1 0 0 1 1 1 0 1 0 0 0 0
240	23	1 0 0 0 1 0 0 1 1 1 0 1 0 0 0 0
240	2	1 1 1 0 1 0 0 1 0 0 1 1 0 0 0 0
240	3	1 0 0 0 1 0 1 1 1 1 0 1 0 1 0 0
240	5	1 0 0 1 1 0 1 1 1 1 1 1 0 0 0 0
240	39	1 1 1 0 1 1 1 0 1 1 0 1 0 0 0 0
240	26	0 1 0 0 1 0 0 1 1 1 0 1 0 0 0 0
240	5	1 1 1 1 1 0 1 1 1 1 0 1 0 0 0 0
240	3	1 1 0 1 1 0 1 1 1 1 0 1 0 0 0 0
240	2	1 1 0 1 1 0 0 1 1 1 0 1 0 0 0 0
240	13	1 0 0 0 1 0 0 1 0 1 0 1 0 1 1 0
240	18	1 1 0 1 1 1 1 0 1 1 0 1 0 0 0 0
240	6	1 0 1 0 1 1 0 0 0 1 0 1 0 0 0 0
240	9	1 0 1 0 1 0 1 1 1 1 0 1 0 0 0 0
240	12	1 0 0 1 0 0 0 1 0 1 0 1 0 0 0 0
240	28	1 1 1 0 1 0 1 1 1 1 1 1 0 0 0 0
240	8	1 1 1 0 1 0 0 0 1 0 0 1 0 0 0 0
240	15	1 1 1 1 1 0 0 1 0 1 0 1 0 0 0 0
240	2	1 0 0 1 1 0 1 1 1 1 0 1 1 1 0 0
240	2	1 1 1 0 1 0 0 1 1 0 0 1 0 0 0 1
240	31	1 1 1 0 1 0 0 1 0 0 0 1 0 0 0 0
240	13	1 1 1 1 1 0 0 1 1 1 0 0 0 0 0 0
240	8	1 1 1 0 1 0 0 1 0 1 1 1 0 1 0 0
240	2	1 0 0 0 1 0 1 1 1 1 0 1 0 0 0 0
240	11	1 0 1 0 1 0 0 1 1 0 0 1 0 0 0 0
240	3	1 0 1 0 1 0 1 1 1 1 0 1 0 0 1 0
240	11	1 1 1 0 1 0 1 1 1 1 0 1 1 0 0 0
240	1	1 1 1 0 1 1 1 1 1 0 0 1 0 0 0 0
240	14	1 1 1 0 1 0 1 1 1 1 0 1 0 0 0 1
240	3	1 1 1 1 1 0 0 1 0 1 0 1 0 0 1 0
240	9	1 0 0 1 1 1 1 1 1 1 0 1 1 1 0 0
240	5	1 1 1 0 1 0 0 0 0 1 0 1 0 0 0 0
240	1	1 0 0 0 1 0 0 1 1 1 1 1 0 0 0 0
240	10	1 1 1 0 0 0 1 0 0 1 0 1 0 0 1 0
240	15	1 1 1 0 1 0 0 1 1 0 0 1 1 0 0 0
240	14	1 1 1 1 1 0 0 1 1 0 0 1 0 0 0 0
240	13	1 0 0 1 1 0 1 0 1 1 0 1 0 0 0 0
240	6	1 1 1 1 1 0 0 1 1 1 0 1 0 1 0 0
240	5	1 1 1 0 1 1 1 0 1 1 0 1 1 0 0 0
240	1	1 1 1 0 1 1 1 0 1 1 0 1 0 0 1 0
240	8	1 1 1 0 1 0 0 1 0 1 1 1 0 0 1 0
240	3	1 1 1 0 1 0 0 1 1 0 0 0 0 0 0 0
240	10	1 0 0 0 1 0 0 0 1 1 0 1 0 0 0 0
240	4	1 0 0 0 0 0 1 0 0 1 0 1 0 0 1 0
240	6	1 1 0 0 1 0 0 0 1 1 0 1 0 0 0 0
240	2	1 1 1 0 1 1 0 1 1 1 0 1 0 0 0 0
240	3	1 0 1 1 1 0 0 1 0 1 0 1 0 0 0 0
240	5	1 1 1 0 1 1 0 0 1 1 0 1 0 0 0 0
240	2	1 0 0 1 1 0 1 0 1 1 0 1 0 0 0 1
240	5	1 1 0 0 1 0 0 1 1 1 1 1 0 0 0 0
240	3	1 1 1 0 1 1 0 1 0 1 1 1 0 0 0 0
240	4	1 1 1 0 1 0 1 1 1 0 0 1 0 0 0 0
240	5	1 1 1 1 1 0 0 0 1 1 0 0 0 0 0 0
240	1	1 1 0 0 1 0 0 1 0 1 1 1 0 0 0 0
240	1	0 1 0 0 1 0 0 1 1 1 0 1 1 1 0 0
240	4	1 0 0 1 0 0 0 1 1 1 0 1 0 0 0 0
240	2	1 1 1 0 1 0 0 1 1 1 0 0 0 0 0 0
240	1	1 0 1 0 1 0 0 1 1 1 0 1 0 0 0 0
240	1	1 0 1 0 1 1 1 0 1 1 0 1 0 0 0 0
240	1	0 1 0 0 1 0 0 1 1 1 0 1 0 1 0 0
240	2	1 0 0 1 1 0 1 1 0 0 1 1 0 0 0 0
240	1	0 0 0 0 1 0 0 1 0 1 0 1 0 0 0 0
240	1	1 1 1 0 0 0 0 1 1 1 1 1 0 0 0 0
240	3	1 0 0 1 1 0 0 1 1 1 0 1 1 0 0 0
260	18	1 0 0 0 1 0 0 1 0 1 0 1 0 0 0 0
260	28	1 1 0 0 1 0 0 1 1 1 0 1 0 0 0 0
260	1	1 0 0 1 1 0 1 1 1 1 0 1 0 0 0 0
260	65	1 1 1 0 1 0 0 1 1 1 0 1 0 0 0 0
260	14	1 1 0 0 0 0 0 1 1 1 1 1 0 0 0 0
260	47	1 1 1 0 1 0 0 1 1 1 1 1 0 0 0 0
260	73	1 1 1 0 1 0 0 1 0 1 1 1 0 0 0 0
260	91	1 1 1 0 1 0 1 1 1 1 0 1 0 0 0 0
260	3	1 0 0 1 1 0 0 1 1 1 0 1 0 0 0 0
260	62	1 1 1 0 1 0 0 1 1 0 0 1 0 0 0 0
260	39	1 1 1 1 1 0 0 1 1 1 0 1 0 0 0 0
260	2	1 0 0 0 1 0 1 1 1 1 0 1 0 1 0 0
260	92	1 1 1 0 1 1 1 0 1 1 0 1 0 0 0 0
260	6	0 1 0 0 1 0 0 1 1 1 0 1 0 0 0 0
260	29	1 1 0 1 1 1 1 0 1 1 0 1 0 0 0 0
260	24	1 1 1 0 1 0 1 1 1 1 1 1 0 0 0 0
260	11	1 1 1 1 1 0 0 1 0 1 0 1 0 0 0 0
260	12	1 1 1 0 1 0 0 1 0 0 0 1 0 0 0 0
260	38	1 1 1 1 1 0 0 1 1 1 0 0 0 0 0 0
260	8	1 1 1 0 1 0 0 1 0 1 1 1 0 1 0 0
260	6	1 1 1 0 1 0 1 1 1 1 0 1 1 0 0 0
260	24	1 1 1 0 1 0 1 1 1 1 0 1 0 0 0 1
260	15	1 1 1 1 1 0 0 1 0 1 0 1 0 0 1 0
260	3	1 1 1 0 1 0 0 1 1 0 0 1 1 0 0 0
260	14	1 1 1 1 1 0 0 1 1 1 0 1 0 1 0 0
260	11	1 1 0 0 1 0 0 1 1 1 1 1 0 0 0 0
260	6	1 0 0 1 0 0 0 1 1 1 0 1 0 0 0 0
260	10	0 0 0 0 1 0 0 1 0 1 0 1 0 0 0 0
260	11	1 1 0 0 0 0 0 1 1 1 0 1 0 0 0 0
260	6	1 0 1 0 1 0 0 1 1 0 0 1 0 1 0 0
260	3	1 1 0 0 1 1 1 0 1 1 0 1 0 0 0 0
260	7	1 1 1 0 1 0 0 1 1 0 1 1 0 0 0 0
260	2	1 1 1 0 1 1 1 0 0 1 0 1 0 0 0 0
260	6	0 1 1 0 1 0 0 1 1 1 1 1 0 0 0 0
260	16	1 1 1 1 1 0 0 1 1 1 0 0 0 1 0 0
260	10	1 1 1 0 1 0 0 1 0 0 0 1 0 1 0 0
260	7	1 1 1 0 1 0 0 1 1 1 0 1 0 1 0 0
260	11	1 1 0 1 1 0 1 0 1 1 0 1 0 0 0 0
260	2	1 1 1 0 1 0 1 1 1 0 0 1 0 0 0 0
260	8	1 1 1 0 1 0 0 1 0 1 1 0 0 1 0 0
260	4	1 1 1 0 0 0 0 1 0 1 1 1 0 0 0 0
260	2	1 1 1 1 1 0 0 1 1 1 0 1 1 0 0 0
260	9	1 1 0 0 0 0 1 1 0 1 1 1 0 0 0 0
260	3	1 1 1 0 1 0 1 0 1 1 0 1 0 0 0 0
260	16	1 1 1 0 1 0 1 1 0 1 1 1 0 0 0 0
260	1	1 1 1 0 1 1 1 0 1 1 0 1 0 1 0 0
260	7	1 0 0 0 1 0 0 1 0 1 0 1 0 0 1 0
260	2	1 1 1 0 1 0 0 1 0 1 0 1 1 0 0 0
260	10	1 1 1 0 1 0 1 1 1 1 0 1 0 0 1 1
260	3	1 1 1 1 1 1 0 0 1 1 0 1 0 0 0 0
260	1	1 1 1 0 1 1 1 0 0 1 1 1 0 0 0 0
260	9	0 1 1 0 1 0 0 1 1 1 0 1 0 0 0 0
260	3	1 1 1 1 1 1 1 0 1 1 0 1 0 0 0 0
260	11	1 1 1 1 1 0 0 1 1 1 1 1 0 0 0 0
260	5	1 1 1 0 1 1 0 1 1 1 0 0 0 1 0 0
260	1	1 1 0 1 1 1 1 0 1 1 1 1 0 0 0 0
260	6	1 1 1 0 1 0 1 1 1 1 0 1 0 1 0 0
260	5	1 1 0 1 1 0 0 1 1 1 0 0 0 0 0 0
260	1	1 0 0 0 1 0 0 0 1 1 0 1 0 0 0 0
260	1	1 1 1 0 1 0 1 1 0 1 0 1 0 0 0 0
260	3	1 1 1 0 1 0 0 1 0 1 0 1 0 0 0 0
260	5	1 1 1 1 1 0 0 1 1 1 0 0 0 0 1 0
260	5	1 1 1 1 1 0 0 1 1 0 0 0 0 1 0 0
260	2	1 1 0 1 1 0 0 1 1 1 0 1 0 0 0 0
260	10	1 1 1 0 1 0 0 0 1 1 1 1 0 0 0 0
260	3	1 1 0 0 1 0 0 1 1 1 1 1 0 1 0 0
260	6	1 1 1 0 1 0 0 1 1 1 0 0 0 1 0 0
260	1	1 1 1 0 0 0 0 1 1 1 1 1 0 0 0 0
260	3	1 0 1 0 1 0 0 1 1 1 1 1 0 0 0 0
260	6	1 1 1 1 1 0 0 1 0 1 0 1 1 0 0 0
260	2	0 1 1 0 1 0 0 1 1 0 0 1 0 1 0 0
260	2	1 1 0 0 1 0 1 1 1 1 0 1 0 0 0 0
260	2	1 1 0 0 0 0 0 0 1 1 1 1 0 0 0 0
260	1	1 1 1 0 1 1 1 1 1 1 0 1 0 0 0 0
260	1	1 1 1 0 1 0 0 1 0 1 1 1 0 0 0 1
260	1	1 1 1 0 1 0 1 1 1 1 0 1 0 0 1 0
260	1	1 1 0 0 1 0 0 1 1 0 0 1 0 0 0 0
260	1	1 1 1 0 1 1 1 0 1 1 1 1 0 0 0 0
260	3	1 1 1 1 1 1 0 1 1 1 0 0 0 1 0 0
260	1	1 1 0 0 1 0 0 1 1 1 0 0 0 1 0 0
280	2	1 0 0 0 1 0 0 1 0 1 0 1 0 0 0 0
280	106	1 1 1 0 1 0 0 1 1 1 0 1 0 0 0 0
280	13	1 1 0 0 0 0 0 1 1 1 1 1 0 0 0 0
280	50	1 1 1 0 1 0 0 1 1 1 1 1 0 0 0 0
280	37	1 1 1 0 1 0 0 1 0 1 1 1 0 0 0 0
280	50	1 1 1 0 1 0 1 1 1 1 0 1 0 0 0 0
280	100	1 1 1 0 1 0 0 1 1 0 0 1 0 0 0 0
280	35	1 1 1 1 1 0 0 1 1 1 0 1 0 0 0 0
280	27	1 1 1 0 1 1 1 0 1 1 0 1 0 0 0 0
280	11	0 1 0 0 1 0 0 1 1 1 0 1 0 0 0 0
280	21	1 1 0 1 1 1 1 0 1 1 0 1 0 0 0 0
280	15	1 1 1 0 1 0 1 1 1 1 1 1 0 0 0 0
280	51	1 1 1 0 1 0 0 1 0 0 0 1 0 0 0 0
280	52	1 1 1 1 1 0 0 1 1 1 0 0 0 0 0 0
280	2	1 1 1 0 1 0 1 1 1 1 0 1 0 0 0 1
280	37	1 1 1 1 1 0 0 1 0 1 0 1 0 0 1 0
280	3	1 1 1 0 1 0 0 1 1 0 0 1 1 0 0 0
280	19	1 1 1 1 1 0 0 1 1 1 0 1 0 1 0 0
280	1	1 1 1 0 1 0 0 1 0 0 0 1 0 1 0 0
280	6	1 1 1 0 1 0 0 1 1 1 0 1 0 1 0 0
280	8	1 1 1 0 1 0 0 1 0 1 1 0 0 1 0 0
280	18	1 1 1 0 0 0 0 1 0 1 1 1 0 0 0 0
280	14	1 1 1 0 1 0 1 1 0 1 1 1 0 0 0 0
280	7	1 1 1 1 1 0 0 1 1 1 1 1 0 0 0 0
280	12	1 1 0 1 1 0 0 1 1 1 0 0 0 0 0 0
280	6	1 1 1 0 1 0 0 1 0 1 0 1 0 0 0 0
280	3	1 1 1 0 1 0 0 0 1 1 1 1 0 0 0 0
280	16	1 1 1 0 1 0 0 1 1 1 0 0 0 1 0 0
280	6	1 1 1 1 1 0 0 1 0 1 0 1 1 0 0 0
280	3	1 1 0 1 1 0 0 1 1 1 0 1 0 1 0 0
280	7	1 1 1 0 1 0 0 1 1 1 0 1 1 0 0 0
280	2	1 1 1 1 1 0 0 1 0 1 0 0 0 0 0 0
280	16	0 1 1 1 1 0 0 1 1 1 0 0 0 0 0 0
280	8	1 1 1 0 1 0 1 1 1 1 1 1 0 0 0 1
280	9	1 1 0 0 1 0 1 1 1 0 0 1 0 0 0 0
280	3	1 1 0 1 1 0 0 1 1 1 0 0 0 0 1 0
280	45	1 0 1 1 1 0 0 1 1 1 0 0 0 0 0 0
280	19	1 1 1 0 1 0 0 1 1 1 0 0 0 0 1 0
280	1	1 0 0 1 0 0 1 1 1 1 0 1 0 0 0 0
280	6	1 1 0 1 1 1 1 0 1 1 0 0 0 0 0 0
280	11	1 1 1 1 1 0 0 1 0 1 0 1 0 1 1 0
280	10	1 1 0 0 0 0 0 1 1 1 0 0 0 0 1 0
280	18	1 0 0 0 1 0 1 1 0 1 0 1 0 0 0 0
280	7	1 1 1 0 1 0 0 1 1 1 0 0 0 0 0 0
280	8	1 1 1 0 1 0 0 0 1 1 0 1 0 0 0 0
280	11	1 0 1 1 0 0 0 1 1 1 0 0 0 1 0 0
280	1	1 1 1 1 1 1 0 1 1 1 0 0 0 0 0 0
280	2	1 1 0 0 0 0 0 1 1 1 0 1 0 0 0 0
280	6	1 1 1 1 1 0 0 1 0 1 0 1 0 0 0 0
280	12	1 1 1 0 1 0 1 0 1 1 1 1 0 0 0 0
280	5	1 1 1 1 1 0 0 1 1 1 0 0 0 0 1 0
280	4	1 1 0 0 0 0 0 1 1 1 0 0 0 0 0 0
280	1	1 1 1 0 1 0 1 1 1 1 0 1 1 0 0 0
280	2	1 1 1 0 1 0 0 1 1 0 0 1 0 1 0 0
280	8	1 1 1 1 1 1 1 0 1 1 0 0 0 0 0 0
280	7	1 1 1 0 1 0 1 1 1 0 0 1 0 0 0 0
280	3	1 1 1 0 1 1 0 1 1 1 0 1 0 0 0 0
280	4	1 1 1 0 1 0 0 1 0 0 0 1 0 0 0 1
280	1	1 1 1 0 1 0 0 0 0 1 1 1 0 0 0 1
280	1	1 1 1 1 1 0 0 1 1 1 0 1 1 0 0 0
280	3	0 1 0 0 1 0 0 1 1 1 0 1 1 0 0 0
280	3	1 1 1 0 1 0 0 1 1 1 1 0 0 0 1 0
280	2	1 1 1 0 1 1 0 1 1 0 0 1 0 0 0 0
280	1	1 1 1 0 1 0 0 1 1 0 0 0 0 0 0 0
280	5	1 1 1 1 1 0 0 1 1 1 0 0 0 1 0 0
280	1	1 1 0 1 0 0 0 1 1 1 0 1 0 0 0 0
280	1	1 1 0 0 1 1 0 0 1 1 0 1 0 0 0 0
280	2	1 1 1 0 1 0 0 1 0 1 0 1 0 0 1 0
280	2	1 1 1 0 1 1 1 0 1 0 0 1 0 0 0 0
280	1	1 1 1 0 1 0 0 1 0 1 0 0 0 0 0 0
280	1	1 1 1 1 1 0 0 1 1 0 0 1 0 0 0 0
280	1	1 1 1 0 1 0 0 1 1 1 0 0 1 0 0 0
280	2	1 1 1 0 1 1 1 1 1 1 0 1 0 0 0 0
280	2	1 1 1 1 1 0 1 1 1 1 0 1 0 0 0 0
280	2	1 1 0 1 1 1 1 0 1 1 0 1 0 0 1 0
280	1	1 1 1 0 1 0 0 1 0 0 0 1 1 0 0 0
280	1	1 1 1 1 1 0 1 0 1 1 1 1 0 0 0 0
300	63	1 1 1 0 1 0 0 1 1 1 0 1 0 0 0 0
300	116	1 1 1 0 1 0 0 1 1 1 1 1 0 0 0 0
300	30	1 1 1 0 1 0 0 1 0 1 1 1 0 0 0 0
300	41	1 1 1 0 1 0 1 1 1 1 0 1 0 0 0 0
300	28	1 1 1 0 1 0 0 1 1 0 0 1 0 0 0 0
300	50	1 1 1 1 1 0 0 1 1 1 0 1 0 0 0 0
300	46	1 1 1 0 1 1 1 0 1 1 0 1 0 0 0 0
300	12	0 1 0 0 1 0 0 1 1 1 0 1 0 0 0 0
300	7	1 1 0 1 1 1 1 0 1 1 0 1 0 0 0 0
300	87	1 1 1 0 1 0 0 1 0 0 0 1 0 0 0 0
300	13	1 1 1 1 1 0 0 1 1 1 0 0 0 0 0 0
300	65	1 1 1 1 1 0 0 1 0 1 0 1 0 0 1 0
300	23	1 1 1 1 1 0 0 1 1 1 0 1 0 1 0 0
300	8	1 1 1 0 1 0 0 1 1 1 0 1 0 1 0 0
300	18	1 1 1 0 1 0 0 1 0 1 1 0 0 1 0 0
300	10	1 1 1 1 1 0 0 1 1 1 1 1 0 0 0 0
300	7	1 1 1 0 1 0 0 0 1 1 1 1 0 0 0 0
300	10	1 1 1 0 1 0 0 1 1 1 0 0 0 1 0 0
300	9	1 1 0 0 1 0 1 1 1 0 0 1 0 0 0 0
300	42	1 0 1 1 1 0 0 1 1 1 0 0 0 0 0 0
300	4	1 1 1 0 1 0 0 1 1 1 0 0 0 0 1 0
300	33	1 0 0 0 1 0 1 1 0 1 0 1 0 0 0 0
300	15	1 1 1 0 1 0 0 1 1 1 0 0 0 0 0 0
300	16	1 0 1 1 0 0 0 1 1 1 0 0 0 1 0 0
300	1	1 1 1 1 1 0 0 1 0 1 0 1 0 0 0 0
300	10	1 1 1 0 1 0 1 0 1 1 1 1 0 0 0 0
300	1	1 1 0 0 0 0 0 1 1 1 0 0 0 0 0 0
300	5	1 1 1 0 1 0 0 1 1 0 0 1 0 1 0 0
300	5	1 1 1 1 1 1 1 0 1 1 0 0 0 0 0 0
300	2	1 1 1 0 1 0 0 1 0 0 0 1 0 0 0 1
300	4	1 1 1 1 1 0 1 1 1 1 0 1 0 0 0 0
300	7	1 1 1 1 1 0 0 0 0 1 0 1 1 0 0 0
300	1	1 1 1 0 1 0 0 0 0 0 0 1 0 0 0 0
300	6	0 1 1 0 1 0 0 1 1 0 0 1 0 0 0 0
300	3	1 0 0 1 1 0 0 1 1 1 0 0 0 0 0 0
300	8	1 1 1 0 0 0 0 1 1 1 1 1 0 0 0 0
300	2	0 1 0 0 0 0 0 1 1 1 1 1 0 0 0 0
300	15	1 1 1 0 1 0 0 0 0 0 0 1 0 0 0 1
300	18	1 1 1 1 1 0 0 1 1 0 0 1 0 0 0 0
300	15	1 1 1 0 1 1 0 1 1 1 1 1 0 0 0 0
300	9	1 1 1 0 1 1 1 0 1 1 0 1 0 0 0 1
300	3	1 0 1 0 1 0 0 1 1 1 1 1 0 0 0 0
300	13	1 1 1 0 1 0 0 1 1 0 0 1 0 0 1 0
300	10	1 1 1 1 1 0 0 0 0 1 0 1 0 0 1 0
300	1	0 1 1 0 1 0 0 1 1 1 0 1 0 0 0 0
300	1	1 1 0 0 1 0 0 1 1 1 1 1 0 0 0 0
300	1	1 1 1 0 1 1 1 0 1 0 0 1 0 0 0 0
300	5	1 1 1 1 1 0 0 1 0 0 0 1 0 0 0 0
300	14	1 1 1 1 0 0 0 1 0 1 0 1 0 0 0 0
300	1	0 1 0 0 1 0 0 1 0 1 1 0 0 1 0 0
300	3	1 1 1 0 1 0 0 1 0 1 0 0 0 1 0 0
300	2	1 0 1 0 1 0 0 1 0 0 1 0 0 0 0 0
300	2	1 0 1 1 1 1 0 1 1 1 0 0 0 0 0 0
300	1	1 1 1 0 1 0 1 0 1 1 0 1 0 0 0 1
300	12	1 1 1 0 0 0 0 1 1 0 0 1 0 0 1 0
300	1	1 1 1 0 1 0 1 0 1 1 0 1 0 0 0 0
300	2	1 1 1 0 1 0 0 1 0 0 0 1 1 0 0 0
300	2	1 1 1 0 1 0 0 0 1 1 0 0 0 1 1 0
300	2	1 1 1 0 1 0 0 1 0 1 0 1 0 0 1 0
300	6	1 1 0 1 1 1 1 1 1 1 0 1 0 0 0 0
300	5	1 1 1 1 1 0 0 1 0 1 0 1 0 0 1 1
300	3	1 1 1 0 1 0 0 1 1 0 0 0 0 0 1 0
300	1	1 1 1 0 1 0 0 0 0 1 0 1 0 0 0 1
300	1	0 1 0 0 1 0 0 1 0 1 1 0 0 1 0 1
300	2	1 1 1 0 0 1 0 1 1 0 0 1 0 0 1 0
300	3	1 0 1 1 1 0 0 1 1 1 0 1 0 0 0 0
300	2	0 1 1 0 1 0 0 1 1 1 1 1 0 0 0 0
300	4	1 1 1 1 1 0 0 1 1 1 0 0 0 0 1 0
300	2	1 0 1 1 1 0 0 1 1 0 0 1 0 0 1 0
300	1	0 1 0 0 1 0 0 1 1 1 1 1 0 0 0 0
300	1	1 1 1 1 1 0 1 1 0 1 0 1 0 0 1 0
300	2	1 1 1 1 1 0 0 0 1 1 0 1 0 1 0 0
300	3	0 1 1 1 1 0 0 1 1 0 0 1 0 0 0 0
300	3	1 1 1 1 1 0 0 0 1 1 0 1 0 0 1 0
300	1	1 1 1 0 1 1 1 0 1 1 0 0 0 0 0 0
300	4	1 1 1 0 1 0 0 0 0 1 0 1 0 0 0 0
300	1	1 1 1 0 1 0 0 0 1 1 0 1 0 0 0 0
300	1	1 1 0 0 1 1 1 0 1 1 0 1 0 0 0 0
300	1	1 0 1 0 1 0 0 1 0 0 0 1 0 0 0 0
300	3	1 1 0 0 1 0 1 1 0 0 0 1 0 0 0 0
300	1	1 0 1 1 0 0 0 1 1 1 0 0 0 0 0 0
300	2	1 0 0 1 1 0 1 1 0 1 0 1 0 0 0 0
300	1	1 1 1 1 0 0 0 0 0 1 0 1 0 0 0 0
300	3	1 0 1 1 0 0 0 1 0 1 0 1 0 0 0 0
300	2	1 0 0 1 1 1 1 1 1 1 0 1 0 0 0 0
320	33	1 1 1 0 1 0 0 1 1 1 0 1 0 0 0 0
320	81	1 1 1 0 1 0 0 1 1 1 1 1 0 0 0 0
320	4	1 1 1 0 1 0 0 1 0 1 1 1 0 0 0 0
320	36	1 1 1 0 1 0 1 1 1 1 0 1 0 0 0 0
320	1	1 1 1 0 1 0 0 1 1 0 0 1 0 0 0 0
320	60	1 1 1 1 1 0 0 1 1 1 0 1 0 0 0 0
320	31	1 1 1 0 1 1 1 0 1 1 0 1 0 0 0 0
320	56	1 1 1 0 1 0 0 1 0 0 0 1 0 0 0 0
320	26	1 1 1 1 1 0 0 1 1 1 0 0 0 0 0 0
320	42	1 1 1 1 1 0 0 1 0 1 0 1 0 0 1 0
320	36	1 1 1 1 1 0 0 1 1 1 0 1 0 1 0 0
320	24	1 1 1 0 1 0 0 1 1 1 0 1 0 1 0 0
320	16	1 1 1 1 1 0 0 1 1 1 1 1 0 0 0 0
320	10	1 1 1 0 1 0 0 0 1 1 1 1 0 0 0 0
320	1	1 1 1 0 1 0 0 1 1 1 0 0 0 1 0 0
320	6	1 1 0 0 1 0 1 1 1 0 0 1 0 0 0 0
320	23	1 0 1 1 1 0 0 1 1 1 0 0 0 0 0 0
320	2	1 1 1 0 1 0 0 1 1 1 0 0 0 0 1 0
320	3	1 0 0 0 1 0 1 1 0 1 0 1 0 0 0 0
320	14	1 1 1 0 1 0 0 1 1 1 0 0 0 0 0 0
320	2	1 1 1 1 1 1 1 0 1 1 0 0 0 0 0 0
320	60	1 1 1 1 1 0 1 1 1 1 0 1 0 0 0 0
320	4	1 1 1 1 1 0 0 1 1 0 0 1 0 0 0 0
320	44	1 1 1 0 1 1 0 1 1 1 1 1 0 0 0 0
320	3	1 0 1 0 1 0 0 1 1 1 1 1 0 0 0 0
320	9	1 1 1 0 1 0 0 1 1 0 0 1 0 0 1 0
320	23	1 1 1 1 1 0 0 1 0 0 0 1 0 0 0 0
320	8	1 1 1 0 0 0 0 1 1 0 0 1 0 0 1 0
320	18	1 1 1 1 1 0 0 0 1 1 0 1 0 0 1 0
320	3	1 0 1 1 0 0 0 1 0 1 0 1 0 0 0 0
320	13	0 1 0 0 1 0 0 1 1 0 0 1 0 0 0 0
320	6	1 1 1 0 1 0 0 1 0 1 0 0 0 0 0 0
320	8	1 0 1 1 0 0 0 1 1 0 0 0 0 1 0 0
320	11	1 1 1 0 1 0 0 1 0 0 0 0 0 0 0 0
320	7	1 1 1 1 1 0 1 1 1 1 0 1 0 1 0 0
320	5	1 0 1 1 1 0 0 1 1 0 0 1 0 0 0 0
320	19	0 1 1 0 1 0 1 0 1 1 1 1 0 0 0 0
320	6	1 1 1 1 1 0 1 0 1 1 0 1 0 0 1 0
320	14	1 1 1 0 1 0 0 1 0 1 0 1 0 0 0 0
320	3	1 1 1 1 0 0 0 1 1 1 0 0 0 1 0 0
320	3	1 1 1 1 1 0 0 1 1 1 0 1 0 0 1 0
320	8	1 1 1 1 1 0 0 0 1 1 0 0 0 0 0 0
320	2	1 1 1 0 1 0 0 1 1 1 0 1 1 0 0 0
320	12	1 1 1 0 1 0 0 1 0 0 1 1 0 0 0 0
320	5	1 1 1 1 1 0 0 1 1 1 1 1 0 1 0 0
320	5	1 1 1 0 0 0 0 0 1 1 1 1 0 0 0 0
320	7	1 1 1 0 1 1 0 1 1 1 1 1 1 0 0 0
320	3	1 1 1 1 1 0 1 1 0 1 1 1 0 0 0 0
320	10	0 1 1 0 1 0 0 1 0 0 0 1 0 0 0 0
320	5	1 1 1 1 1 0 0 1 0 1 1 1 0 0 0 0
320	5	1 1 0 0 1 0 1 1 1 1 0 0 0 1 0 0
320	12	1 1 0 1 1 0 0 1 0 1 0 1 0 0 0 0
320	3	1 1 1 1 1 0 1 0 1 1 0 1 0 0 0 0
320	2	1 1 1 0 1 1 0 1 1 1 0 1 0 0 0 0
320	5	1 1 1 0 1 1 0 1 1 1 1 0 0 0 0 0
320	7	1 1 1 1 1 0 0 1 0 1 1 1 0 0 0 1
320	6	1 1 1 1 1 0 0 1 1 1 0 0 0 1 0 0
320	1	1 1 1 1 1 0 1 1 1 1 0 1 0 0 1 0
320	5	1 1 1 1 1 1 0 1 1 1 1 1 0 0 1 0
320	1	1 1 1 0 1 0 0 1 1 1 0 1 0 0 0 1
320	10	1 1 0 0 1 0 0 1 1 0 0 1 0 1 0 0
320	4	1 1 0 1 1 0 0 1 1 1 0 1 0 0 0 0
320	2	1 0 1 1 1 0 0 1 1 0 0 1 0 1 0 0
320	10	1 1 1 0 1 1 1 0 1 1 0 1 1 0 0 0
320	2	1 1 1 0 0 0 0 1 0 0 0 1 0 0 0 0
320	3	1 1 1 0 1 0 0 0 0 0 0 1 0 0 0 0
320	1	1 1 1 1 1 1 1 1 1 1 0 1 0 0 0 0
320	4	0 1 1 0 1 0 1 1 1 1 1 1 0 0 0 0
320	12	1 1 1 1 1 0 0 1 0 1 0 1 0 0 0 0
320	1	1 1 1 1 1 0 0 1 0 0 1 1 0 0 0 0
320	4	1 1 1 0 1 0 0 1 0 0 0 1 0 0 1 0
320	1	1 1 1 1 1 0 0 1 1 1 0 1 0 1 0 1
320	2	1 1 1 1 1 1 1 0 1 1 0 1 0 0 0 0
320	5	1 1 1 1 1 0 1 1 0 1 0 1 0 0 0 0
320	12	1 1 1 0 0 0 0 1 0 1 0 1 0 0 1 0
320	4	0 1 1 0 1 0 0 1 0 0 1 1 0 0 0 0
320	7	1 1 1 0 1 0 0 1 1 1 1 1 0 0 1 0
320	2	1 1 1 0 1 1 1 0 1 1 1 1 0 0 0 0
320	1	1 0 0 1 1 0 0 1 0 1 0 1 0 0 0 0
320	1	1 1 1 0 1 0 1 0 1 0 1 1 0 0 0 0
320	2	1 1 1 0 1 0 1 1 1 1 1 1 0 0 0 0
320	3	1 1 0 0 1 0 1 1 1 0 0 1 0 1 0 0
320	3	0 0 1 1 1 0 0 1 1 1 0 0 0 0 0 0
320	3	1 1 1 0 1 1 0 1 1 0 1 1 0 0 0 0
320	2	1 0 1 1 0 0 0 1 1 1 0 1 0 0 0 0
320	4	1 1 1 1 1 0 1 1 1 1 0 1 1 1 0 0
320	1	0 0 1 0 1 0 1 0 1 1 1 1 0 0 0 0
320	1	1 1 1 1 1 0 0 1 1 1 0 1 1 0 0 0
320	1	1 1 1 0 1 0 0 1 1 1 0 1 0 0 1 0
320	1	1 1 1 1 1 0 1 1 1 1 1 1 0 0 0 0
320	1	1 0 0 1 1 0 0 1 0 1 0 0 0 0 0 0
320	2	1 1 1 0 1 0 1 0 1 1 0 1 0 0 0 0
320	1	0 1 1 1 1 0 0 1 1 1 0 1 0 0 0 0
320	1	1 1 0 1 1 0 0 1 0 1 0 1 0 0 1 0
320	1	1 0 1 0 1 0 0 1 1 1 0 1 0 1 0 0
320	1	1 1 1 0 1 1 0 1 0 1 1 1 0 0 0 0
320	1	1 1 1 1 1 1 0 1 1 1 1 1 0 0 0 0
320	2	0 1 0 0 1 0 1 0 1 1 1 1 0 0 0 0
320	2	1 1 1 1 1 0 0 1 1 1 0 0 0 1 1 0
320	1	1 1 1 1 0 0 0 1 1 1 0 1 0 0 0 0
340	42	1 1 1 0 1 0 0 1 1 1 0 1 0 0 0 0
340	41	1 1 1 0 1 0 0 1 1 1 1 1 0 0 0 0
340	6	1 1 1 0 1 0 0 1 0 1 1 1 0 0 0 0
340	2	1 1 1 0 1 0 1 1 1 1 0 1 0 0 0 0
340	62	1 1 1 1 1 0 0 1 1 1 0 1 0 0 0 0
340	16	1 1 1 0 1 1 1 0 1 1 0 1 0 0 0 0
340	62	1 1 1 0 1 0 0 1 0 0 0 1 0 0 0 0
340	58	1 1 1 1 1 0 0 1 1 1 0 0 0 0 0 0
340	45	1 1 1 1 1 0 0 1 0 1 0 1 0 0 1 0
340	40	1 1 1 1 1 0 0 1 1 1 0 1 0 1 0 0
340	4	1 1 1 0 1 0 0 1 1 1 0 1 0 1 0 0
340	9	1 1 1 1 1 0 0 1 1 1 1 1 0 0 0 0
340	16	1 0 1 1 1 0 0 1 1 1 0 0 0 0 0 0
340	9	1 1 1 0 1 0 0 1 1 1 0 0 0 0 1 0
340	3	1 1 1 0 1 0 0 1 1 1 0 0 0 0 0 0
340	28	1 1 1 1 1 0 1 1 1 1 0 1 0 0 0 0
340	1	1 1 1 0 1 0 0 1 1 0 0 1 0 0 1 0
340	11	1 1 1 1 1 0 0 1 0 0 0 1 0 0 0 0
340	19	1 1 1 0 0 0 0 1 1 0 0 1 0 0 1 0
340	21	1 1 1 1 1 0 0 0 1 1 0 1 0 0 1 0
340	1	0 1 0 0 1 0 0 1 1 0 0 1 0 0 0 0
340	4	1 0 1 1 0 0 0 1 1 0 0 0 0 1 0 0
340	24	1 1 1 0 1 0 0 1 0 0 0 0 0 0 0 0
340	1	1 1 1 1 1 0 1 1 1 1 0 1 0 1 0 0
340	40	1 0 1 1 1 0 0 1 1 0 0 1 0 0 0 0
340	20	0 1 1 0 1 0 1 0 1 1 1 1 0 0 0 0
340	15	1 1 1 1 1 0 1 0 1 1 0 1 0 0 1 0
340	29	1 1 1 0 1 0 0 1 0 1 0 1 0 0 0 0
340	44	1 1 1 0 1 0 0 1 0 0 1 1 0 0 0 0
340	4	1 1 1 0 1 1 0 1 1 1 1 1 1 0 0 0
340	1	0 1 1 0 1 0 0 1 0 0 0 1 0 0 0 0
340	2	1 1 1 1 1 0 1 0 1 1 0 1 0 0 0 0
340	5	1 1 1 1 1 1 0 1 1 1 1 1 0 0 1 0
340	16	1 1 1 0 0 0 0 1 0 0 0 1 0 0 0 0
340	12	1 1 1 1 1 0 0 1 0 0 1 1 0 0 0 0
340	7	1 1 1 0 1 0 0 1 0 0 0 1 0 0 1 0
340	3	1 1 1 1 1 0 1 1 0 1 0 1 0 0 0 0
340	11	0 1 1 0 1 0 0 1 0 0 1 1 0 0 0 0
340	11	1 1 1 0 1 0 0 1 1 1 1 1 0 0 1 0
340	6	0 1 1 1 1 0 0 1 1 1 0 1 0 0 0 0
340	1	1 0 1 0 1 0 0 1 1 1 0 0 0 1 0 0
340	11	1 1 1 0 1 1 1 0 1 0 0 1 1 0 0 0
340	1	1 1 1 1 1 1 0 1 1 1 0 1 0 0 0 0
340	8	1 1 1 0 1 0 0 1 0 0 0 1 1 0 0 0
340	3	1 1 1 1 1 1 1 1 1 1 0 1 0 0 0 0
340	3	1 1 1 0 1 0 0 0 1 1 0 1 0 0 1 0
340	11	0 1 1 0 1 0 0 1 0 0 0 0 0 0 0 0
340	11	1 1 1 0 1 0 0 0 1 1 1 1 0 0 0 0
340	2	1 0 1 0 1 1 0 1 1 1 1 1 0 0 0 0
340	2	1 1 1 0 1 0 0 0 1 1 0 1 0 1 0 0
340	6	0 1 0 0 1 0 1 0 1 1 1 1 0 0 0 0
340	3	1 1 1 0 1 0 0 0 1 1 0 1 0 0 0 0
340	3	0 1 1 0 0 0 0 1 0 0 0 1 0 0 0 0
340	4	1 1 0 0 1 0 0 1 1 0 0 1 0 0 0 0
340	9	1 1 1 0 1 0 0 1 1 1 0 1 1 0 0 0
340	1	1 1 1 1 0 0 1 1 1 1 0 1 0 0 0 0
340	3	1 1 1 1 1 0 0 0 1 1 0 1 0 1 0 0
340	9	1 1 1 1 1 0 0 1 1 1 0 1 0 0 0 1
340	2	1 0 1 1 0 0 0 1 1 0 0 1 0 0 0 0
340	4	1 1 1 1 0 0 0 1 1 1 0 0 0 0 0 0
340	10	1 1 1 0 1 0 0 1 1 1 0 0 1 0 1 0
340	11	1 1 1 0 1 0 0 1 0 0 0 0 0 0 0 1
340	6	1 1 1 0 0 0 0 1 1 0 0 1 0 0 0 0
340	14	1 1 1 0 1 0 1 1 1 1 0 1 0 0 0 1
340	2	1 0 1 1 1 0 0 1 1 1 0 1 0 0 0 0
340	9	1 1 1 0 1 1 1 0 1 1 0 1 1 0 0 1
340	2	1 1 1 1 1 0 0 1 1 0 1 1 0 0 0 0
340	1	1 1 1 0 1 0 0 1 1 1 0 1 0 0 0 1
340	1	1 0 1 0 1 0 0 1 1 1 1 1 0 0 0 0
340	5	1 1 1 0 1 0 0 0 0 0 0 1 0 0 0 0
340	4	1 1 1 1 1 0 1 1 1 1 1 1 0 0 0 0
340	1	1 1 1 0 1 0 0 0 0 0 0 0 0 0 0 0
340	2	0 1 1 0 1 0 0 1 0 0 1 1 1 0 0 0
340	4	1 1 1 0 0 0 0 1 1 1 0 1 0 0 0 0
340	11	1 0 1 0 1 0 0 1 1 1 0 1 0 0 0 0
340	4	1 1 1 0 1 0 0 1 1 1 0 0 0 1 0 0
340	8	1 0 1 1 1 0 0 1 0 1 0 1 0 0 1 0
340	2	1 1 1 0 0 0 0 1 0 0 0 0 1 0 0 0
340	4	1 1 1 1 0 0 1 1 1 1 0 1 0 1 0 0
340	2	1 0 1 0 1 0 0 1 1 1 0 0 0 0 0 0
340	5	1 1 1 1 1 0 0 1 0 0 1 0 0 0 0 1
340	3	1 1 1 1 1 0 0 1 0 1 0 1 0 0 0 0
340	4	0 1 1 0 1 0 1 1 0 0 0 1 0 0 0 0
340	2	1 1 1 0 0 0 0 1 1 1 1 1 0 0 0 0
340	3	1 1 1 0 1 0 0 1 0 1 0 1 0 0 1 0
340	4	1 1 1 1 1 1 1 1 0 1 0 1 0 0 0 0
340	1	0 1 1 0 1 0 0 1 1 1 1 1 0 0 1 0
340	3	1 1 1 0 1 1 1 0 1 0 0 1 0 0 1 0
340	4	1 1 1 0 1 0 0 0 1 0 0 0 0 0 0 1
340	3	0 1 1 0 0 0 0 1 0 0 1 1 0 0 0 0
340	1	1 1 1 1 1 1 1 0 1 1 0 1 0 0 0 0
340	1	1 1 1 0 1 0 0 0 1 1 0 0 0 0 1 0
340	2	1 1 1 1 0 1 1 1 1 1 0 1 0 0 0 0
340	2	0 1 1 0 1 1 1 0 1 0 0 1 0 0 1 0
340	1	1 1 1 0 1 0 0 0 1 1 1 1 0 0 1 0
340	1	1 0 1 0 0 0 0 1 1 0 0 1 0 0 0 0
340	1	1 1 1 0 1 0 0 1 0 0 1 1 0 0 1 1
340	1	0 1 1 0 1 0 1 1 0 0 0 1 0 0 1 0
340	1	0 1 1 0 1 0 0 1 1 1 0 1 0 0 0 0
340	1	0 1 1 1 1 0 0 0 1 1 0 1 0 0 1 0
340	2	1 1 1 0 1 0 0 1 0 0 0 0 1 0 0 0
340	1	1 1 0 1 1 0 1 0 1 1 0 1 0 0 1 0
340	1	1 1 1 0 1 1 0 1 0 0 1 1 0 0 0 0
340	1	1 1 1 0 1 1 1 1 1 1 0 1 1 0 0 1
360	36	1 1 1 0 1 0 0 1 1 1 0 1 0 0 0 0
360	36	1 1 1 0 1 0 0 1 1 1 1 1 0 0 0 0
360	4	1 1 1 0 1 0 1 1 1 1 0 1 0 0 0 0
360	85	1 1 1 1 1 0 0 1 1 1 0 1 0 0 0 0
360	19	1 1 1 0 1 1 1 0 1 1 0 1 0 0 0 0
360	19	1 1 1 0 1 0 0 1 0 0 0 1 0 0 0 0
360	57	1 1 1 1 1 0 0 1 1 1 0 0 0 0 0 0
360	21	1 1 1 1 1 0 0 1 0 1 0 1 0 0 1 0
360	28	1 1 1 1 1 0 0 1 1 1 0 1 0 1 0 0
360	18	1 0 1 1 1 0 0 1 1 1 0 0 0 0 0 0
360	9	1 1 1 0 1 0 0 1 1 1 0 0 0 0 1 0
360	19	1 1 1 0 1 0 0 1 1 1 0 0 0 0 0 0
360	33	1 1 1 1 1 0 1 1 1 1 0 1 0 0 0 0
360	18	1 1 1 1 1 0 0 1 0 0 0 1 0 0 0 0
360	9	1 1 1 0 0 0 0 1 1 0 0 1 0 0 1 0
360	30	1 1 1 1 1 0 0 0 1 1 0 1 0 0 1 0
360	15	1 1 1 0 1 0 0 1 0 0 0 0 0 0 0 0
360	19	1 0 1 1 1 0 0 1 1 0 0 1 0 0 0 0
360	19	0 1 1 0 1 0 1 0 1 1 1 1 0 0 0 0
360	2	1 1 1 1 1 0 1 0 1 1 0 1 0 0 1 0
360	4	1 1 1 0 1 0 0 1 0 1 0 1 0 0 0 0
360	1	1 1 1 0 1 0 0 1 0 0 1 1 0 0 0 0
360	9	1 1 1 1 1 0 1 0 1 1 0 1 0 0 0 0
360	5	1 1 1 1 1 1 0 1 1 1 1 1 0 0 1 0
360	6	1 1 1 0 0 0 0 1 0 0 0 1 0 0 0 0
360	19	1 1 1 1 1 0 0 1 0 0 1 1 0 0 0 0
360	15	1 1 1 0 1 0 0 1 1 1 1 1 0 0 1 0
360	3	0 1 1 1 1 0 0 1 1 1 0 1 0 0 0 0
360	13	1 1 1 1 1 1 1 1 1 1 0 1 0 0 0 0
360	3	0 1 1 0 1 0 0 1 0 0 0 0 0 0 0 0
360	15	1 1 1 0 1 0 0 0 1 1 1 1 0 0 0 0
360	7	0 1 1 0 0 0 0 1 0 0 0 1 0 0 0 0
360	14	1 1 0 0 1 0 0 1 1 0 0 1 0 0 0 0
360	4	1 1 1 0 1 0 0 1 1 1 0 0 1 0 1 0
360	11	1 1 1 0 1 0 0 1 0 0 0 0 0 0 0 1
360	12	1 1 1 0 1 0 1 1 1 1 0 1 0 0 0 1
360	1	1 1 1 0 1 0 0 0 0 0 0 1 0 0 0 0
360	4	1 1 1 1 1 0 1 1 1 1 1 1 0 0 0 0
360	6	1 1 1 0 1 0 0 0 0 0 0 0 0 0 0 0
360	8	1 1 1 0 0 0 0 1 1 1 0 1 0 0 0 0
360	4	1 0 1 0 1 0 0 1 1 1 0 1 0 0 0 0
360	11	1 1 1 0 1 0 0 1 1 1 0 0 0 1 0 0
360	11	1 0 1 1 1 0 0 1 0 1 0 1 0 0 1 0
360	5	1 1 1 1 1 0 0 1 0 0 1 0 0 0 0 1
360	9	1 1 1 1 1 0 0 1 0 1 0 1 0 0 0 0
360	11	1 1 1 0 1 0 0 1 0 1 0 1 0 0 1 0
360	5	1 1 1 1 1 1 1 1 0 1 0 1 0 0 0 0
360	10	1 1 1 0 1 0 0 0 1 1 0 0 0 0 1 0
360	7	1 1 1 0 1 0 0 1 0 0 0 0 1 0 0 0
360	5	1 1 1 0 1 0 0 1 0 1 0 1 0 1 1 0
360	12	1 0 1 1 1 0 0 1 1 1 0 1 0 1 0 0
360	7	0 1 1 0 0 0 0 1 0 0 0 1 0 0 1 0
360	5	1 1 1 1 1 0 0 1 0 1 1 1 0 0 0 0
360	19	1 1 1 1 1 0 0 1 1 0 0 0 0 0 0 0
360	3	1 1 1 1 1 0 0 0 1 1 0 0 0 0 0 0
360	8	1 1 1 0 1 0 0 1 1 1 0 1 0 0 1 0
360	8	1 1 1 0 1 0 1 1 0 0 0 0 0 0 0 0
360	6	0 1 1 1 1 0 0 1 1 0 0 1 0 0 0 0
360	18	1 1 1 0 1 1 1 0 1 1 1 1 0 0 0 0
360	2	1 1 1 0 1 0 0 1 1 1 1 0 0 0 1 0
360	6	1 1 1 0 1 1 1 0 1 0 0 1 0 0 0 0
360	10	1 0 1 0 1 1 1 0 1 1 0 1 0 0 0 0
360	7	1 1 1 1 1 0 1 0 1 1 0 1 0 0 1 1
360	7	0 1 1 0 1 0 1 1 0 0 0 1 0 1 1 0
360	6	1 1 0 0 1 0 0 0 1 1 1 1 0 0 1 0
360	1	1 0 1 1 1 0 0 1 1 1 0 0 1 0 0 0
360	4	1 1 1 1 1 0 1 1 1 0 0 1 0 0 0 0
360	2	1 1 1 1 1 0 0 1 1 1 1 1 0 1 0 0
360	2	1 1 0 0 1 0 0 1 1 1 0 1 0 0 0 0
360	2	1 1 1 1 1 0 0 0 1 1 0 1 1 0 1 0
360	2	1 1 1 1 1 0 0 0 1 0 0 0 0 0 0 0
360	3	1 1 1 0 1 1 1 1 1 1 1 1 0 0 0 0
360	6	1 1 1 0 1 0 0 1 1 0 1 1 0 1 0 0
360	2	1 1 1 1 1 0 0 1 0 0 0 0 0 0 0 1
360	3	0 1 0 0 1 0 0 1 1 1 1 1 0 0 1 0
360	7	1 1 0 0 1 1 1 0 1 1 0 1 0 0 0 0
360	5	0 1 1 1 1 0 0 1 0 0 1 1 0 0 0 0
360	4	1 0 1 0 1 0 0 1 0 1 0 1 0 0 1 0
360	3	1 1 1 1 0 0 0 1 0 0 0 1 0 0 0 0
360	2	1 0 0 0 1 0 0 1 1 0 0 1 0 0 0 0
360	12	1 1 1 0 1 0 0 1 1 1 1 0 0 1 1 0
360	2	0 1 1 1 1 0 0 1 1 1 1 1 0 0 0 0
360	2	1 1 1 1 1 1 1 1 0 0 0 1 0 0 0 0
360	5	1 1 0 1 1 0 0 1 1 1 0 1 0 0 0 0
360	4	1 1 1 0 1 1 0 1 0 0 0 0 0 0 0 0
360	6	1 1 1 1 1 1 0 0 1 1 0 0 0 0 0 0
360	1	1 1 1 0 1 0 0 1 1 1 0 1 0 1 0 0
360	1	1 1 1 1 1 0 0 1 0 1 0 1 0 0 1 1
360	4	1 0 1 1 1 0 0 1 1 0 0 1 0 0 0 1
360	1	1 1 1 0 1 0 0 1 0 1 0 1 0 0 0 1
360	4	1 1 1 1 1 0 0 1 0 1 0 0 0 0 1 0
360	3	1 1 1 1 1 0 1 1 0 1 0 1 0 0 1 0
360	2	0 1 1 1 1 0 0 1 0 1 0 1 0 0 1 0
360	2	1 1 1 0 1 0 0 0 1 1 1 1 0 0 0 1
360	1	1 1 0 0 1 0 0 0 1 0 0 1 0 0 0 0
360	2	1 1 1 0 1 0 1 1 1 1 1 1 0 0 0 0
360	1	1 1 1 0 0 0 0 1 1 1 0 0 0 0 0 0
360	1	0 1 1 1 1 0 0 1 1 1 0 0 0 0 0 0
360	1	0 1 1 0 1 0 1 1 0 0 0 1 0 0 0 0
360	5	1 1 1 1 1 0 0 0 1 0 0 1 0 0 1 0
360	1	1 1 1 1 1 0 1 1 1 0 0 0 0 0 0 0
360	1	1 1 1 1 1 0 1 1 1 1 0 1 0 0 0 1
360	3	1 1 1 1 0 0 0 1 0 1 0 1 0 0 1 0
360	6	0 1 1 0 1 0 0 1 1 1 0 0 1 0 1 0
360	1	1 1 1 0 1 0 0 0 1 1 0 0 0 0 0 0
360	4	1 1 1 0 1 0 1 1 1 1 0 1 0 0 1 0
360	3	1 1 1 0 1 0 0 1 1 0 0 1 0 0 1 0
360	2	1 1 1 0 1 1 1 0 1 1 1 1 1 0 0 0
360	1	1 1 1 1 1 0 0 0 1 0 1 0 0 0 0 0
360	2	1 1 1 1 1 0 0 1 1 1 0 1 0 1 1 0
360	2	1 1 1 0 1 0 0 1 1 1 0 1 1 0 0 0
360	1	1 1 0 0 1 0 0 1 1 1 1 1 0 0 0 0
360	1	1 1 1 1 1 0 0 1 1 1 0 0 0 1 0 0
360	3	0 1 1 0 1 0 1 0 1 0 1 1 0 0 0 0
360	1	0 1 1 0 1 0 0 1 1 1 1 1 0 0 1 0
360	1	1 1 1 1 1 0 0 0 0 1 0 0 0 0 0 0
360	1	0 1 1 1 1 1 0 1 0 0 1 1 0 0 0 0
380	31	1 1 1 0 1 0 0 1 1 1 0 1 0 0 0 0
380	3	1 1 1 0 1 0 0 1 1 1 1 1 0 0 0 0
380	147	1 1 1 1 1 0 0 1 1 1 0 1 0 0 0 0
380	9	1 1 1 0 1 0 0 1 0 0 0 1 0 0 0 0
380	48	1 1 1 1 1 0 0 1 1 1 0 0 0 0 0 0
380	4	1 1 1 1 1 0 0 1 0 1 0 1 0 0 1 0
380	33	1 1 1 1 1 0 0 1 1 1 0 1 0 1 0 0
380	8	1 0 1 1 1 0 0 1 1 1 0 0 0 0 0 0
380	36	1 1 1 0 1 0 0 1 1 1 0 0 0 0 0 0
380	15	1 1 1 1 1 0 1 1 1 1 0 1 0 0 0 0
380	18	1 1 1 1 1 0 0 1 0 0 0 1 0 0 0 0
380	14	1 1 1 1 1 0 0 0 1 1 0 1 0 0 1 0
380	37	1 1 1 0 1 0 0 1 0 0 0 0 0 0 0 0
380	30	1 0 1 1 1 0 0 1 1 0 0 1 0 0 0 0
380	8	0 1 1 0 1 0 1 0 1 1 1 1 0 0 0 0
380	15	1 1 1 1 1 0 1 0 1 1 0 1 0 0 1 0
380	20	1 1 1 0 1 0 0 1 0 1 0 1 0 0 0 0
380	27	1 1 1 0 1 0 0 1 1 1 1 1 0 0 1 0
380	9	0 1 1 0 0 0 0 1 0 0 0 1 0 0 0 0
380	34	1 1 0 0 1 0 0 1 1 0 0 1 0 0 0 0
380	13	1 1 1 0 1 0 0 0 0 0 0 0 0 0 0 0
380	8	1 1 1 0 0 0 0 1 1 1 0 1 0 0 0 0
380	52	1 0 1 1 1 0 0 1 0 1 0 1 0 0 1 0
380	62	1 1 1 1 1 0 0 1 0 1 0 1 0 0 0 0
380	4	1 1 1 0 1 0 0 1 0 1 0 1 0 0 1 0
380	14	1 1 1 0 1 0 0 1 0 0 0 0 1 0 0 0
380	1	1 1 1 0 1 0 0 1 0 1 0 1 0 1 1 0
380	2	1 1 1 1 1 0 0 1 0 1 1 1 0 0 0 0
380	11	1 1 1 1 1 0 0 0 1 1 0 0 0 0 0 0
380	9	1 1 1 0 1 0 0 1 1 1 0 1 0 0 1 0
380	9	1 1 1 0 1 1 1 0 1 1 1 1 0 0 0 0
380	31	1 0 1 0 1 1 1 0 1 1 0 1 0 0 0 0
380	1	1 1 1 0 1 0 0 1 1 1 1 0 0 1 1 0
380	3	1 1 0 1 1 0 0 1 1 1 0 1 0 0 0 0
380	6	1 1 1 0 1 0 1 1 1 1 1 1 0 0 0 0
380	4	1 0 1 1 1 0 0 1 1 1 0 1 1 1 0 0
380	3	1 1 1 1 1 1 1 0 1 1 1 1 0 0 0 0
380	2	1 1 1 1 1 0 0 1 1 1 0 1 0 0 1 0
380	1	1 0 1 0 1 0 0 1 1 0 0 1 0 0 0 0
380	11	1 1 0 1 1 0 1 1 0 0 1 0 0 0 0 1
380	17	1 1 1 1 1 0 0 1 0 0 0 0 0 0 0 0
380	19	1 1 1 1 1 0 0 0 1 0 0 1 0 0 0 0
380	5	1 1 1 1 1 0 0 0 1 1 0 1 0 0 0 0
380	2	1 1 1 0 1 0 0 1 1 1 1 1 0 1 1 0
380	4	1 1 1 0 1 0 0 0 0 0 0 0 1 0 0 0
380	5	1 1 1 1 1 0 0 1 1 0 0 1 0 0 1 0
380	1	1 1 0 0 1 0 0 1 1 0 0 1 0 0 1 0
380	4	1 1 0 1 1 0 0 1 0 1 0 1 0 0 1 0
380	11	1 1 1 0 1 0 0 1 1 1 0 1 0 1 0 0
380	13	1 0 1 1 1 0 0 1 1 0 0 1 0 0 1 0
380	1	1 1 1 0 1 1 0 1 1 1 1 1 0 0 1 0
380	10	1 1 0 1 1 0 0 1 0 1 0 1 0 0 0 0
380	7	1 0 1 0 1 0 0 0 0 0 0 0 0 0 0 0
380	8	1 1 1 0 1 1 1 1 1 1 0 1 0 0 0 0
380	14	1 1 0 0 1 0 0 1 1 1 0 0 0 0 0 0
380	5	1 0 1 1 1 0 0 1 1 1 0 1 0 0 0 0
380	2	0 1 1 0 1 0 1 0 1 1 1 1 0 1 0 0
380	1	1 1 0 0 1 0 0 1 1 0 1 1 0 0 0 0
380	1	1 1 1 0 0 0 0 1 0 0 0 0 0 0 0 0
380	5	1 0 1 1 1 1 0 1 1 1 1 1 0 0 1 0
380	1	1 1 1 0 1 0 0 0 0 0 0 1 0 0 0 0
380	4	1 1 1 0 0 0 0 0 1 1 0 1 0 1 0 0
380	2	1 0 1 1 1 0 0 1 1 0 0 1 1 0 0 0
380	10	1 1 1 0 1 0 0 1 1 0 0 1 0 0 0 0
380	3	0 1 1 1 1 0 0 1 1 1 0 1 0 0 0 0
380	2	1 1 1 0 1 0 1 1 1 1 0 1 0 0 0 0
380	4	0 1 1 0 1 0 0 1 0 1 0 1 0 0 1 0
380	2	1 0 1 1 1 0 0 1 0 1 0 1 0 0 0 0
380	1	1 0 1 1 1 0 1 0 1 1 1 1 0 1 0 0
380	1	1 1 1 1 1 0 0 1 1 1 0 1 1 0 0 0
380	1	1 1 1 1 1 0 1 1 1 1 0 1 0 1 0 0
380	1	1 1 1 1 1 0 0 0 1 1 0 0 0 0 1 0
380	4	1 1 0 0 1 1 1 0 1 1 1 1 0 0 0 0
380	1	1 0 1 0 1 1 1 0 1 1 1 1 0 0 1 0
380	2	1 0 1 0 1 1 1 1 1 1 0 1 0 0 1 1
380	1	0 1 1 0 0 0 0 1 1 1 0 1 0 1 0 0
380	2	1 1 0 1 1 0 1 1 0 0 0 1 0 0 0 0
380	3	1 1 1 0 1 0 0 0 1 1 0 1 0 0 0 0
380	3	1 0 1 0 1 0 0 1 1 1 0 1 0 0 0 0
380	1	1 0 1 0 1 0 0 1 1 1 0 0 0 0 0 0
380	1	1 0 1 1 1 0 1 1 1 1 0 1 0 0 0 0
380	1	1 1 1 0 1 1 0 1 0 0 0 0 0 0 0 0
380	2	1 1 1 1 1 1 1 1 1 1 0 0 0 0 0 0
380	1	1 0 1 1 1 0 0 1 0 1 0 1 0 0 1 1
380	1	1 1 0 1 1 0 1 1 0 0 0 0 0 0 0 1
380	3	1 1 0 0 1 0 0 1 1 1 0 1 0 0 0 0
380	1	1 1 1 1 1 0 1 0 1 1 1 1 0 0 0 0
380	2	1 1 1 1 1 0 1 0 1 1 0 1 0 0 0 0
380	1	1 1 1 1 1 0 0 1 0 1 0 1 1 0 1 0
380	1	1 1 1 1 0 0 0 1 0 0 0 1 0 0 0 0
380	1	1 0 1 0 1 1 1 0 1 1 1 1 0 0 0 0
380	1	1 1 0 0 1 0 0 1 1 0 0 1 1 0 1 0
380	1	1 1 1 1 1 1 1 0 1 1 1 1 1 0 0 0
380	4	1 1 1 0 1 0 1 1 1 0 0 1 0 0 0 0
380	2	0 1 1 1 0 0 0 1 1 1 0 1 0 1 0 0
400	72	1 1 1 0 1 0 0 1 1 1 0 1 0 0 0 0
400	99	1 1 1 1 1 0 0 1 1 1 0 1 0 0 0 0
400	2	1 1 1 0 1 0 0 1 0 0 0 1 0 0 0 0
400	66	1 1 1 1 1 0 0 1 1 1 0 0 0 0 0 0
400	16	1 1 1 1 1 0 0 1 1 1 0 1 0 1 0 0
400	1	1 0 1 1 1 0 0 1 1 1 0 0 0 0 0 0
400	24	1 1 1 0 1 0 0 1 1 1 0 0 0 0 0 0
400	5	1 1 1 1 1 0 1 1 1 1 0 1 0 0 0 0
400	4	1 1 1 1 1 0 0 1 0 0 0 1 0 0 0 0
400	56	1 1 1 1 1 0 0 0 1 1 0 1 0 0 1 0
400	34	1 1 1 0 1 0 0 1 0 0 0 0 0 0 0 0
400	13	1 0 1 1 1 0 0 1 1 0 0 1 0 0 0 0
400	4	1 1 1 1 1 0 1 0 1 1 0 1 0 0 1 0
400	46	1 1 1 0 1 0 0 1 0 1 0 1 0 0 0 0
400	9	1 1 1 0 1 0 0 1 1 1 1 1 0 0 1 0
400	3	0 1 1 0 0 0 0 1 0 0 0 1 0 0 0 0
400	4	1 1 0 0 1 0 0 1 1 0 0 1 0 0 0 0
400	13	1 1 1 0 1 0 0 0 0 0 0 0 0 0 0 0
400	9	1 1 1 0 0 0 0 1 1 1 0 1 0 0 0 0
400	95	1 1 1 1 1 0 0 1 0 1 0 1 0 0 0 0
400	11	1 1 1 0 1 0 0 1 0 1 0 1 0 0 1 0
400	71	1 1 1 1 1 0 0 0 1 1 0 0 0 0 0 0
400	5	1 1 1 0 1 0 1 1 1 1 1 1 0 0 0 0
400	4	1 1 1 1 1 1 1 0 1 1 1 1 0 0 0 0
400	17	1 1 1 1 1 0 0 0 1 1 0 1 0 0 0 0
400	12	1 1 1 0 1 0 0 1 1 1 0 1 0 1 0 0
400	1	1 0 1 1 1 0 0 1 1 0 0 1 0 0 1 0
400	8	1 1 0 1 1 0 0 1 0 1 0 1 0 0 0 0
400	7	1 0 1 0 1 0 0 0 0 0 0 0 0 0 0 0
400	10	1 0 1 1 1 0 0 1 0 1 0 1 0 0 0 0
400	8	1 1 1 1 1 0 1 1 1 1 0 1 0 1 0 0
400	7	1 1 0 1 1 0 1 1 0 0 0 1 0 0 0 0
400	4	1 0 1 0 1 0 0 1 1 1 0 1 0 0 0 0
400	7	1 1 1 0 1 1 0 1 0 0 0 0 0 0 0 0
400	7	1 1 1 0 1 0 1 1 1 0 0 1 0 0 0 0
400	14	1 1 1 1 1 0 0 1 1 0 0 1 0 0 0 0
400	1	1 0 1 1 1 0 0 1 0 0 0 1 0 0 1 0
400	5	1 1 1 0 1 0 0 1 0 0 0 1 1 0 0 0
400	5	1 1 1 0 1 0 0 0 0 0 0 0 0 0 1 0
400	5	1 1 1 1 1 0 0 1 0 1 0 1 0 0 1 1
400	8	0 1 1 0 1 1 1 0 1 1 1 1 0 0 0 0
400	8	1 0 1 0 0 0 0 0 0 0 0 0 0 0 0 0
400	9	1 1 0 1 1 0 0 1 1 1 0 1 0 1 0 0
400	25	1 0 1 1 1 0 0 1 1 0 0 0 0 0 0 0
400	12	1 1 1 1 1 0 1 1 0 0 0 1 0 0 0 0
400	8	1 1 1 1 1 0 0 1 0 1 1 1 0 0 0 0
400	1	1 0 1 1 1 0 0 0 1 1 0 1 0 0 1 0
400	1	1 1 1 1 1 0 1 1 1 0 0 1 0 0 0 0
400	2	1 0 1 1 1 1 0 1 0 0 0 0 0 0 0 0
400	8	0 1 1 1 1 0 1 1 1 1 0 1 0 0 0 0
400	13	1 1 1 1 0 0 0 1 1 1 0 0 0 0 0 0
400	5	0 1 1 1 1 0 0 1 0 1 0 1 0 0 0 0
400	5	0 1 1 0 0 0 1 1 0 0 0 1 0 0 0 0
400	6	1 1 1 1 0 0 0 1 0 1 0 1 0 0 0 0
400	13	1 1 1 1 1 1 0 0 1 1 0 0 0 0 0 0
400	4	1 1 1 0 1 0 0 0 1 1 0 0 0 0 0 0
400	1	1 1 1 0 1 0 0 1 0 0 0 0 0 1 0 0
400	2	1 0 1 0 1 0 0 1 1 1 0 0 0 0 0 0
400	3	1 1 1 1 1 0 0 1 1 1 0 1 0 1 1 0
400	2	1 1 1 0 1 0 1 1 0 0 0 1 0 0 0 0
400	3	1 1 1 0 0 0 0 1 0 0 0 1 0 0 0 0
400	2	1 1 1 0 1 0 0 1 0 1 0 1 0 1 0 0
400	1	1 1 1 0 1 0 0 1 1 1 1 1 0 0 0 0
400	1	1 1 1 1 1 1 0 1 0 0 0 1 0 0 0 0
400	1	1 0 1 0 1 1 1 0 1 1 0 1 0 1 0 0
400	6	1 1 1 1 1 0 1 1 1 1 0 0 0 1 0 0
400	1	1 1 1 0 1 0 0 1 1 1 0 0 0 0 0 1
400	1	1 1 1 0 1 0 0 1 0 1 0 0 0 0 0 0
400	3	1 1 0 1 1 0 1 1 1 1 0 1 0 1 0 0
400	2	1 1 1 0 1 0 0 0 1 1 0 0 0 0 1 0
400	2	1 0 1 1 1 0 0 1 0 0 0 1 0 0 0 0
400	2	1 1 0 1 1 0 0 1 1 1 0 0 0 0 0 0
400	5	1 0 1 1 1 0 0 1 0 0 0 0 0 0 0 0
400	1	0 1 1 0 0 0 0 1 0 0 0 1 0 0 1 0
400	4	1 1 1 1 1 0 0 0 1 1 0 0 0 1 0 0
400	3	1 1 1 1 1 1 0 0 1 1 1 0 0 0 0 0
400	9	1 1 1 0 0 0 0 1 0 0 0 1 0 0 0 1
400	2	1 1 1 1 1 0 0 0 1 1 1 1 0 0 0 0
400	1	1 1 1 1 1 1 0 1 1 1 0 1 0 0 0 0
400	2	1 1 1 1 1 0 0 0 1 1 0 0 0 0 1 0
400	7	1 0 1 0 1 0 0 1 0 0 0 0 0 0 0 0
400	2	1 1 1 0 1 0 0 1 0 1 0 1 1 0 0 0
400	1	1 1 1 0 0 0 0 1 1 0 0 1 0 0 0 0
400	4	1 1 1 1 1 0 0 1 0 1 0 1 0 1 0 0
400	1	1 1 1 1 1 0 0 0 1 1 0 0 1 0 0 0
400	2	1 1 1 1 1 0 0 1 0 0 0 0 0 0 0 0
400	1	1 1 1 1 0 0 0 1 1 1 0 0 0 0 1 0
400	1	1 1 1 0 1 1 0 1 1 1 0 1 0 0 0 0
400	4	1 1 1 0 0 0 0 1 0 1 0 1 0 0 0 0
400	1	1 1 1 0 0 0 0 1 1 1 0 1 0 1 0 0
400	3	0 1 1 0 1 1 1 0 1 1 1 1 0 1 0 0
400	1	1 0 1 1 1 0 0 1 1 1 0 1 0 0 1 0
