0	250	0 0 0 0 0 0 1 0 0 0 0 1 0 0 1 1
0	250	0 0 0 0 1 0 0 0 1 0 0 0 0 0 0 0
0	250	0 0 0 0 0 0 0 0 0 0 0 0 0 0 0 0
0	250	0 0 0 0 0 0 1 0 0 0 0 0 0 0 0 0
20	25	0 0 0 0 0 0 1 0 0 0 0 1 0 0 1 1
20	452	0 0 0 0 1 0 0 0 1 0 0 0 0 0 0 0
20	92	0 0 0 0 0 0 0 0 0 0 0 0 0 0 0 0
20	65	0 0 0 0 0 0 1 0 0 0 0 0 0 0 0 0
20	31	0 0 0 0 1 0 0 0 0 0 0 0 0 0 0 0
20	2	0 0 0 0 0 0 1 0 0 0 0 1 0 0 0 1
20	10	0 0 0 0 1 0 0 0 1 0 0 0 1 0 0 0
20	13	0 0 0 0 1 0 0 1 1 0 0 0 0 0 0 0
20	16	0 0 0 0 0 0 0 0 0 0 1 0 0 0 0 0
20	10	0 0 0 1 0 0 1 0 0 0 0 0 0 0 0 0
20	7	0 0 0 0 1 0 1 0 0 0 0 0 0 0 0 0
20	5	0 0 0 0 1 0 1 0 0 0 0 1 0 0 1 1
20	20	0 0 1 0 0 0 1 0 0 0 0 1 0 0 1 1
20	21	1 0 0 0 1 0 0 0 1 0 0 0 0 0 0 0
20	8	1 0 0 0 0 0 0 0 0 0 0 0 0 0 0 0
20	8	0 0 0 0 0 0 0 0 0 1 0 0 0 0 0 0
20	6	0 0 0 0 0 0 1 0 0 0 1 1 0 0 1 1
20	34	0 0 0 0 1 0 0 0 1 0 0 1 0 0 0 0
20	39	0 0 0 1 1 0 0 0 1 0 0 0 0 0 0 0
20	16	0 0 0 0 0 0 0 0 1 0 0 0 0 0 0 0
20	10	0 0 0 0 0 0 1 0 0 1 0 0 0 0 0 0
20	5	0 0 0 0 1 0 0 0 0 0 0 0 0 0 0 1
20	2	0 0 0 0 1 0 1 0 0 1 0 1 0 0 1 1
20	3	0 0 0 0 1 0 0 0 0 0 0 0 1 0 0 0
20	9	0 0 0 0 0 1 0 0 0 0 0 1 0 0 1 1
20	6	0 0 0 0 1 1 0 0 1 0 0 0 0 0 0 0
20	6	1 0 0 0 0 0 1 0 0 0 0 0 0 0 0 0
20	1	0 0 0 0 0 0 1 0 0 0 0 0 0 1 0 0
20	3	0 0 0 0 1 0 1 1 0 0 0 1 0 0 1 1
20	4	0 1 0 0 1 0 0 0 1 0 0 0 0 0 1 0
20	15	0 0 0 0 1 0 1 0 1 0 0 0 0 0 0 0
20	6	0 0 0 0 1 0 0 0 1 0 1 0 0 0 0 0
20	8	0 0 0 0 0 0 1 0 0 0 0 0 0 0 0 1
20	7	0 0 0 0 1 0 0 0 1 1 0 0 0 0 0 1
20	6	0 0 0 0 0 0 0 0 0 0 0 1 0 0 0 0
20	3	0 0 0 0 1 0 0 0 0 1 0 0 0 0 0 1
20	3	0 0 0 0 1 0 0 0 0 1 0 0 0 0 0 0
20	1	0 0 0 0 0 0 1 1 0 0 0 1 0 0 1 1
20	4	0 0 0 0 1 0 0 0 1 1 0 0 0 0 0 0
20	1	0 0 1 0 0 0 1 0 0 0 0 1 0 1 1 1
20	2	1 0 0 0 0 0 0 0 0 0 0 0 0 0 0 1
20	1	0 1 0 0 1 0 0 0 1 0 0 0 0 0 1 1
20	3	0 0 0 0 1 1 0 0 1 1 0 0 0 0 0 1
20	2	0 0 0 0 1 0 1 0 0 0 0 1 0 0 0 0
20	1	0 0 0 0 1 0 0 0 1 0 0 0 0 1 0 0
20	2	0 0 0 0 0 0 0 0 0 0 0 0 0 1 0 0
20	2	0 0 0 0 1 0 1 0 1 0 0 1 0 0 1 1
20	1	0 0 0 1 1 0 1 0 1 0 0 0 0 0 0 0
20	3	0 0 0 0 0 0 1 0 0 1 0 0 1 0 0 0
40	2	0 0 0 0 0 0 1 0 0 0 0 1 0 0 1 1
40	398	0 0 0 0 1 0 0 0 1 0 0 0 0 0 0 0
40	27	0 0 0 0 0 0 0 0 0 0 0 0 0 0 0 0
40	100	0 0 0 0 1 0 0 0 0 0 0 0 0 0 0 0
40	2	0 0 0 0 1 0 0 0 1 0 0 0 1 0 0 0
40	67	0 0 0 0 1 0 0 1 1 0 0 0 0 0 0 0
40	11	0 0 0 0 1 0 1 0 0 0 0 0 0 0 0 0
40	5	0 0 0 0 1 0 1 0 0 0 0 1 0 0 1 1
40	1	0 0 1 0 0 0 1 0 0 0 0 1 0 0 1 1
40	13	1 0 0 0 1 0 0 0 1 0 0 0 0 0 0 0
40	48	0 0 0 0 1 0 0 0 1 0 0 1 0 0 0 0
40	67	0 0 0 1 1 0 0 0 1 0 0 0 0 0 0 0
40	19	0 0 0 0 0 0 0 0 1 0 0 0 0 0 0 0
40	2	0 0 0 0 0 0 1 0 0 1 0 0 0 0 0 0
40	1	0 0 0 0 1 0 0 0 0 0 0 0 0 0 0 1
40	10	0 0 0 0 1 1 0 0 1 0 0 0 0 0 0 0
40	26	1 0 0 0 0 0 1 0 0 0 0 0 0 0 0 0
40	8	0 0 0 0 1 0 1 0 1 0 0 0 0 0 0 0
40	10	0 0 0 0 1 0 0 0 1 0 1 0 0 0 0 0
40	4	0 0 0 0 1 0 0 0 1 1 0 0 0 0 0 1
40	1	0 0 0 0 0 0 0 0 0 0 0 1 0 0 0 0
40	4	0 0 0 0 1 0 0 0 0 1 0 0 0 0 0 1
40	9	0 0 0 1 1 0 1 0 1 0 0 0 0 0 0 0
40	13	0 0 0 0 1 0 0 0 0 0 0 1 0 0 0 0
40	17	0 0 1 0 1 0 0 0 1 0 0 0 0 0 0 0
40	2	1 0 0 0 1 0 0 0 1 0 0 1 0 0 0 0
40	3	0 0 0 0 1 0 0 0 1 0 0 0 0 0 1 0
40	5	1 0 0 0 1 0 1 0 1 0 0 0 0 0 0 0
40	1	1 0 0 1 1 0 0 0 1 0 0 0 0 0 0 0
40	4	0 0 0 0 0 0 0 0 0 0 0 0 1 0 0 0
40	22	0 0 0 0 0 0 1 0 1 0 0 0 0 0 0 0
40	8	0 0 0 0 1 0 0 0 1 0 0 0 0 0 1 1
40	1	0 0 0 0 0 0 0 0 0 0 0 0 0 0 1 0
40	3	0 0 1 0 1 0 0 1 1 0 0 0 0 0 0 0
40	29	0 0 0 1 1 0 0 0 1 0 0 1 0 0 0 0
40	7	0 1 0 1 1 0 1 0 1 0 0 0 0 0 1 0
40	2	0 1 0 0 1 0 0 0 1 0 0 0 0 0 0 0
40	7	0 0 0 0 1 1 0 0 1 1 0 0 0 0 0 0
40	6	0 0 0 0 1 0 0 0 1 1 0 0 0 0 0 0
40	4	0 0 0 0 1 0 0 0 0 0 0 0 0 1 0 0
40	5	0 0 0 1 1 0 0 0 1 0 0 1 0 1 0 0
40	1	0 0 0 0 1 0 0 0 0 0 1 0 0 0 0 0
40	1	0 0 0 0 1 0 0 0 1 0 0 0 0 1 0 0
40	3	1 0 0 0 0 0 0 0 1 0 0 0 0 0 0 0
40	5	0 0 0 0 1 0 0 0 1 1 0 0 1 0 0 1
40	1	0 0 0 0 0 1 0 0 1 0 0 0 0 0 0 0
40	1	0 0 0 0 1 0 0 0 0 0 1 1 0 0 0 0
40	2	0 1 0 0 1 0 1 0 1 0 0 0 0 0 1 0
40	1	0 0 0 1 1 0 1 0 1 0 0 0 0 0 1 0
40	2	0 0 0 0 1 0 1 1 1 0 0 0 0 0 0 0
40	1	0 0 0 0 1 0 1 0 0 0 0 0 0 0 1 0
40	1	0 0 0 1 1 0 0 0 1 0 0 0 0 0 1 1
40	1	0 1 0 0 1 0 0 0 0 0 0 0 0 0 0 0
40	4	1 0 0 0 1 0 0 0 0 0 0 0 0 0 0 0
40	1	0 0 0 0 1 1 0 1 1 0 0 0 0 0 0 0
40	1	0 0 0 0 1 0 0 0 1 0 0 1 0 1 0 0
60	256	0 0 0 0 1 0 0 0 1 0 0 0 0 0 0 0
60	84	0 0 0 0 1 0 0 0 0 0 0 0 0 0 0 0
60	12	0 0 0 0 1 0 0 1 1 0 0 0 0 0 0 0
60	3	0 0 0 0 1 0 1 0 0 0 0 0 0 0 0 0
60	18	1 0 0 0 1 0 0 0 1 0 0 0 0 0 0 0
60	10	0 0 0 0 1 0 0 0 1 0 0 1 0 0 0 0
60	83	0 0 0 1 1 0 0 0 1 0 0 0 0 0 0 0
60	24	0 0 0 0 0 0 0 0 1 0 0 0 0 0 0 0
60	4	0 0 0 0 1 1 0 0 1 0 0 0 0 0 0 0
60	1	0 0 0 0 1 0 0 0 0 1 0 0 0 0 0 1
60	21	0 0 0 1 1 0 1 0 1 0 0 0 0 0 0 0
60	4	0 0 0 0 1 0 0 0 0 0 0 1 0 0 0 0
60	84	0 0 1 0 1 0 0 0 1 0 0 0 0 0 0 0
60	14	0 0 0 0 1 0 0 0 1 0 0 0 0 0 1 0
60	20	1 0 0 1 1 0 0 0 1 0 0 0 0 0 0 0
60	18	0 0 0 0 0 0 1 0 1 0 0 0 0 0 0 0
60	38	0 0 0 1 1 0 0 0 1 0 0 1 0 0 0 0
60	16	0 1 0 1 1 0 1 0 1 0 0 0 0 0 1 0
60	10	0 0 0 0 1 0 0 0 1 0 0 0 0 1 0 0
60	9	0 0 0 0 1 0 0 0 1 1 0 0 1 0 0 1
60	2	0 1 0 0 1 0 1 0 1 0 0 0 0 0 1 0
60	33	0 0 0 0 1 1 0 1 1 0 0 0 0 0 0 0
60	3	0 0 0 1 1 0 0 0 1 0 0 1 0 0 1 0
60	4	0 0 0 0 1 0 0 1 1 0 0 0 0 0 0 1
60	8	0 0 0 0 1 0 0 1 1 1 0 0 0 0 0 0
60	12	0 0 0 0 0 0 0 1 1 0 0 0 0 0 0 0
60	29	0 0 0 1 1 0 0 0 0 0 0 0 0 0 0 0
60	8	0 0 0 0 1 0 0 0 0 1 0 0 0 0 0 0
60	2	0 0 0 0 0 0 0 0 0 1 0 0 0 0 0 0
60	2	0 1 0 0 1 0 0 0 0 1 0 0 0 0 0 1
60	12	0 0 0 0 1 0 1 0 1 1 0 0 0 0 0 1
60	11	0 1 0 0 0 0 1 0 1 0 0 0 0 0 0 0
60	19	0 0 0 0 1 0 0 0 0 0 1 0 0 0 0 1
60	2	0 0 0 1 1 0 0 0 0 0 0 1 0 0 0 0
60	6	0 0 0 1 1 0 0 0 1 0 0 0 0 0 1 0
60	2	0 0 0 0 1 0 0 0 1 0 0 0 1 1 0 0
60	5	0 0 0 0 1 0 0 0 1 0 1 0 0 0 0 0
60	11	0 0 0 0 1 0 0 0 0 0 1 0 0 0 0 0
60	2	0 0 0 1 1 0 0 1 1 0 0 0 0 0 0 0
60	5	0 0 0 0 1 0 1 0 1 0 0 0 0 0 0 0
60	17	0 0 0 1 1 1 1 0 1 0 0 0 0 0 0 0
60	8	0 0 1 0 1 1 0 0 1 0 0 0 0 0 0 0
60	6	0 0 1 0 1 0 0 0 1 0 0 0 0 1 0 0
60	1	1 0 0 0 1 1 0 1 1 0 0 0 0 0 0 0
60	9	0 0 0 0 1 0 0 0 1 0 0 0 0 0 0 1
60	1	0 0 0 0 1 1 0 1 1 0 0 1 0 0 0 0
60	8	0 1 0 0 1 0 0 0 0 0 0 0 0 0 0 0
60	3	0 0 1 0 1 0 1 0 0 0 0 0 0 0 0 0
60	1	0 0 1 0 0 0 0 0 1 0 0 0 0 0 0 0
60	1	1 0 0 0 1 0 0 0 1 0 0 1 0 0 0 0
60	1	0 0 0 0 0 0 1 0 1 1 0 0 0 0 0 0
60	1	0 0 0 1 0 0 0 0 1 0 0 1 0 0 0 0
60	6	0 0 1 0 1 0 1 0 1 0 0 0 0 0 0 0
60	3	0 1 0 1 1 0 1 0 1 0 0 0 0 0 0 0
60	3	0 1 0 1 1 0 0 0 1 0 0 0 0 0 0 0
60	3	0 0 1 1 1 0 0 0 1 0 0 0 0 0 0 0
60	1	0 0 0 1 1 0 0 0 1 0 0 0 1 0 0 0
60	3	0 0 0 1 1 1 0 0 1 0 0 1 0 0 0 0
60	4	0 0 0 1 1 1 1 0 1 0 0 1 0 0 0 0
60	2	0 0 1 0 1 1 0 0 1 0 0 0 0 1 0 0
60	3	0 0 0 0 1 1 0 1 1 0 0 1 0 0 1 0
60	1	0 0 1 0 0 0 0 0 1 0 0 0 0 0 0 1
60	2	0 0 0 1 1 0 0 0 1 0 1 0 0 0 0 1
60	2	0 1 0 0 1 0 0 0 1 0 0 0 0 0 0 0
60	2	0 0 0 1 0 0 1 0 1 0 0 0 0 0 0 0
60	1	0 0 0 0 1 0 0 0 0 1 0 0 0 1 0 0
80	145	0 0 0 0 1 0 0 0 1 0 0 0 0 0 0 0
80	72	0 0 0 0 1 0 0 0 0 0 0 0 0 0 0 0
80	17	0 0 0 0 1 0 0 1 1 0 0 0 0 0 0 0
80	15	1 0 0 0 1 0 0 0 1 0 0 0 0 0 0 0
80	1	0 0 0 0 1 0 0 0 1 0 0 1 0 0 0 0
80	79	0 0 0 1 1 0 0 0 1 0 0 0 0 0 0 0
80	7	0 0 0 0 1 1 0 0 1 0 0 0 0 0 0 0
80	5	0 0 0 1 1 0 1 0 1 0 0 0 0 0 0 0
80	193	0 0 1 0 1 0 0 0 1 0 0 0 0 0 0 0
80	7	0 0 0 0 1 0 0 0 1 0 0 0 0 0 1 0
80	16	1 0 0 1 1 0 0 0 1 0 0 0 0 0 0 0
80	36	0 0 0 1 1 0 0 0 1 0 0 1 0 0 0 0
80	5	0 1 0 1 1 0 1 0 1 0 0 0 0 0 1 0
80	5	0 0 0 0 1 0 0 0 1 0 0 0 0 1 0 0
80	20	0 0 0 0 1 1 0 1 1 0 0 0 0 0 0 0
80	10	0 0 0 1 1 0 0 0 0 0 0 0 0 0 0 0
80	7	0 0 0 0 1 0 0 0 0 1 0 0 0 0 0 0
80	2	0 0 0 0 1 0 1 0 1 1 0 0 0 0 0 1
80	10	0 1 0 0 0 0 1 0 1 0 0 0 0 0 0 0
80	14	0 0 0 1 1 0 0 0 0 0 0 1 0 0 0 0
80	17	0 0 0 1 1 0 0 0 1 0 0 0 0 0 1 0
80	21	0 0 0 0 1 0 0 0 0 0 1 0 0 0 0 0
80	6	0 0 0 1 1 0 0 1 1 0 0 0 0 0 0 0
80	10	0 0 1 0 1 1 0 0 1 0 0 0 0 0 0 0
80	12	0 0 1 0 1 0 0 0 1 0 0 0 0 1 0 0
80	6	0 1 0 0 1 0 0 0 0 0 0 0 0 0 0 0
80	9	1 0 0 0 1 0 0 0 1 0 0 1 0 0 0 0
80	6	0 0 0 0 0 0 1 0 1 1 0 0 0 0 0 0
80	27	0 0 0 1 1 0 0 0 1 0 0 0 1 0 0 0
80	3	0 0 0 1 1 1 0 0 1 0 0 1 0 0 0 0
80	11	0 0 0 0 1 1 0 1 1 0 0 1 0 0 1 0
80	19	0 0 1 0 1 0 0 0 1 0 0 0 0 0 1 0
80	11	0 0 0 1 1 0 1 0 0 0 0 0 0 0 0 0
80	7	0 0 0 1 1 0 0 0 1 1 0 1 0 0 0 0
80	6	0 0 0 1 1 1 1 0 0 0 1 0 0 0 0 1
80	4	0 0 0 1 1 0 0 0 0 0 0 0 0 0 1 0
80	22	0 0 0 0 1 0 0 0 1 0 1 0 0 0 0 0
80	20	0 0 1 1 1 0 0 0 1 0 1 0 0 0 0 1
80	6	0 0 0 0 1 0 1 0 1 0 0 0 0 0 0 0
80	13	0 0 1 0 1 0 0 1 1 0 0 0 0 0 0 0
80	2	1 0 0 1 1 0 0 0 1 0 0 1 0 0 0 0
80	4	0 0 1 1 1 0 0 0 0 0 0 0 0 0 0 0
80	9	0 0 0 0 1 1 0 0 0 0 1 0 0 0 0 0
80	4	0 0 0 0 0 0 1 0 1 1 0 0 0 0 0 1
80	3	0 0 0 1 1 0 1 0 1 1 0 0 0 0 0 0
80	3	0 0 1 0 1 0 0 0 1 0 0 0 0 0 0 1
80	1	0 0 1 0 1 0 0 0 1 1 0 0 0 0 0 0
80	12	0 1 0 0 0 0 1 0 1 0 1 0 0 0 0 0
80	3	0 0 0 0 1 1 0 1 1 0 0 1 1 0 1 0
80	3	0 0 0 0 1 0 0 0 1 1 0 0 0 0 0 0
80	4	0 0 0 0 0 0 0 0 1 0 0 0 0 0 0 0
80	1	0 0 0 0 1 0 0 0 0 0 0 0 1 0 0 0
80	3	0 1 1 0 1 0 0 0 1 0 0 0 0 0 0 0
80	4	0 0 0 1 1 0 0 0 0 0 0 1 1 0 0 0
80	2	0 0 0 0 1 1 0 1 1 0 0 0 0 1 0 0
80	1	0 1 0 0 1 1 0 1 1 0 0 0 0 0 0 0
80	1	1 0 0 1 0 0 0 0 1 0 0 0 0 0 0 0
80	1	0 1 0 0 0 0 1 0 1 0 0 0 0 0 1 0
80	1	0 0 0 0 1 1 0 0 1 0 0 1 0 0 1 0
80	2	0 0 0 0 1 1 1 0 0 0 1 0 0 0 0 0
80	6	1 0 0 1 1 0 0 0 0 0 0 0 0 0 0 0
80	2	0 0 0 1 0 0 0 0 0 0 0 1 0 0 0 0
80	1	0 0 0 1 1 0 0 0 1 0 0 0 1 0 1 0
80	1	0 0 0 1 1 1 0 0 1 0 0 0 0 0 0 0
80	2	0 0 1 0 1 0 0 0 0 0 0 0 0 0 0 0
80	2	0 1 0 0 1 1 0 0 0 0 1 0 0 0 0 0
80	1	0 0 0 0 1 0 0 1 0 0 0 0 0 0 0 0
80	2	1 0 0 0 1 0 0 0 0 0 0 0 0 0 0 0
80	3	0 0 0 0 0 0 0 0 0 0 0 0 0 0 0 0
80	2	0 0 1 0 1 0 0 0 1 0 0 1 0 0 0 0
80	1	1 0 0 0 1 0 0 0 1 0 0 0 0 1 0 0
80	3	0 0 0 0 0 0 1 0 1 1 0 1 0 0 0 0
80	2	0 0 0 1 1 0 1 0 0 0 0 0 1 0 0 0
80	3	0 0 0 0 1 0 0 0 1 1 0 0 0 0 1 0
80	3	1 0 1 0 1 0 0 0 1 0 1 0 0 0 0 0
100	115	0 0 0 0 1 0 0 0 1 0 0 0 0 0 0 0
100	22	0 0 0 0 1 0 0 0 0 0 0 0 0 0 0 0
100	17	0 0 0 0 1 0 0 1 1 0 0 0 0 0 0 0
100	18	1 0 0 0 1 0 0 0 1 0 0 0 0 0 0 0
100	93	0 0 0 1 1 0 0 0 1 0 0 0 0 0 0 0
100	134	0 0 1 0 1 0 0 0 1 0 0 0 0 0 0 0
100	54	1 0 0 1 1 0 0 0 1 0 0 0 0 0 0 0
100	46	0 0 0 1 1 0 0 0 1 0 0 1 0 0 0 0
100	7	0 0 0 0 1 0 0 0 1 0 0 0 0 1 0 0
100	3	0 0 0 0 1 1 0 1 1 0 0 0 0 0 0 0
100	37	0 0 0 1 1 0 0 0 0 0 0 0 0 0 0 0
100	14	0 0 0 0 1 0 0 0 0 0 1 0 0 0 0 0
100	29	0 0 0 1 1 0 0 1 1 0 0 0 0 0 0 0
100	47	0 0 1 0 1 0 0 0 1 0 0 0 0 1 0 0
100	3	0 0 0 0 0 0 1 0 1 1 0 0 0 0 0 0
100	13	0 0 0 1 1 0 0 0 1 0 0 0 1 0 0 0
100	16	0 0 0 0 1 1 0 1 1 0 0 1 0 0 1 0
100	1	0 0 0 1 1 0 1 0 0 0 0 0 0 0 0 0
100	16	0 0 0 1 1 1 1 0 0 0 1 0 0 0 0 1
100	8	0 0 0 0 1 0 0 0 1 0 1 0 0 0 0 0
100	16	0 0 1 1 1 0 0 0 1 0 1 0 0 0 0 1
100	7	0 0 0 0 1 0 1 0 1 0 0 0 0 0 0 0
100	11	0 0 1 0 1 0 0 1 1 0 0 0 0 0 0 0
100	20	1 0 0 1 1 0 0 0 1 0 0 1 0 0 0 0
100	5	0 0 0 0 1 0 0 0 1 1 0 0 0 0 0 0
100	2	0 0 0 0 1 1 0 1 1 0 0 0 0 1 0 0
100	12	0 1 0 0 1 1 0 1 1 0 0 0 0 0 0 0
100	19	1 0 0 1 1 0 0 0 0 0 0 0 0 0 0 0
100	10	0 1 0 1 1 0 0 0 1 0 0 0 0 0 0 0
100	2	0 0 1 0 1 0 0 0 1 0 1 0 0 0 0 1
100	10	0 0 1 1 1 0 0 0 1 0 0 0 0 0 0 0
100	12	0 1 0 0 1 0 0 0 1 1 0 0 0 0 0 0
100	21	0 0 0 1 1 0 0 0 1 0 1 0 1 0 0 0
100	4	0 1 0 0 1 0 0 0 1 0 0 0 0 0 0 0
100	12	0 0 0 0 1 1 0 0 0 0 0 0 0 0 0 0
100	2	0 0 0 0 1 0 0 0 1 0 1 1 0 0 0 0
100	14	0 0 1 0 1 0 0 0 1 1 0 1 0 0 0 0
100	1	0 0 0 1 1 0 0 0 1 0 1 0 0 0 0 0
100	8	0 0 0 0 1 0 0 0 1 0 0 1 0 0 0 0
100	5	0 0 0 1 1 0 1 0 1 0 0 0 0 0 0 0
100	1	0 0 1 1 1 0 0 0 1 0 1 1 0 0 0 1
100	9	0 0 1 0 1 0 0 0 1 0 0 0 0 0 1 0
100	1	1 0 0 1 1 0 0 0 1 0 1 0 0 0 0 0
100	9	0 0 1 1 1 0 0 1 1 0 0 0 0 0 0 0
100	9	0 0 0 0 1 1 0 1 1 1 0 1 0 0 1 0
100	2	0 0 1 1 1 1 1 0 0 0 1 0 0 0 0 1
100	2	1 0 0 0 1 0 0 0 1 0 1 0 0 0 0 0
100	5	0 0 1 0 1 0 0 0 1 0 0 1 0 0 1 0
100	3	0 0 0 1 1 1 0 0 0 0 0 0 0 0 0 0
100	1	0 0 1 0 1 0 0 0 1 0 0 1 0 1 0 0
100	5	1 0 1 1 1 0 0 0 1 0 0 0 0 0 0 0
100	6	0 1 1 0 1 0 0 0 1 0 0 0 0 0 0 0
100	1	0 0 0 1 1 0 0 0 1 0 0 0 0 0 0 1
100	7	0 0 0 1 1 0 0 1 1 0 0 1 0 0 0 0
100	2	0 0 1 0 1 0 0 0 1 0 0 0 0 1 1 0
100	2	0 0 0 1 1 0 0 0 1 0 1 0 1 0 0 1
100	7	0 0 0 0 1 0 0 0 0 0 1 0 1 0 0 0
100	6	0 0 0 1 1 0 0 0 0 0 0 1 0 0 0 0
100	2	0 0 0 0 1 1 0 0 1 0 1 0 1 0 0 0
100	3	0 1 0 0 1 0 0 0 1 0 0 1 0 0 0 0
100	3	0 0 1 1 1 1 0 0 1 0 0 0 0 0 0 0
100	1	0 0 0 0 1 1 0 0 1 0 1 0 0 0 0 0
100	1	0 0 1 0 1 0 0 1 1 0 0 0 0 0 0 1
100	1	0 1 1 0 1 0 0 0 1 0 1 0 0 0 0 1
100	2	0 0 0 1 1 0 0 0 1 0 1 0 1 1 0 0
100	2	0 0 1 0 1 0 0 0 1 0 0 1 0 0 0 0
100	1	0 0 0 0 1 1 0 0 1 0 0 0 1 0 0 0
100	3	0 0 0 0 1 1 1 1 1 1 0 1 0 0 1 0
100	1	0 1 0 1 1 0 0 1 1 0 0 0 0 0 0 0
100	1	1 0 0 1 1 0 0 0 1 0 0 0 0 1 0 0
100	1	1 0 0 1 1 0 0 0 1 1 0 0 0 0 0 0
100	1	0 0 1 1 1 0 0 0 1 0 1 0 1 0 0 0
100	1	0 0 0 0 1 0 0 1 0 0 0 1 0 0 1 0
100	2	0 0 0 0 1 0 0 0 0 0 0 1 0 0 0 0
100	2	0 0 1 1 1 0 0 0 0 0 1 0 1 0 0 0
100	1	0 0 0 1 1 0 0 0 1 0 0 0 0 1 0 0
100	1	0 0 1 0 1 0 0 0 1 0 0 0 1 0 0 0
100	3	0 0 0 1 1 0 0 0 0 0 0 0 0 1 0 0
100	1	0 0 0 0 1 0 1 0 1 0 1 0 0 0 0 0
100	2	0 0 0 0 0 1 0 0 0 0 0 0 0 0 0 0
120	75	0 0 0 0 1 0 0 0 1 0 0 0 0 0 0 0
120	18	0 0 0 0 1 0 0 0 0 0 0 0 0 0 0 0
120	1	0 0 0 0 1 0 0 1 1 0 0 0 0 0 0 0
120	48	0 0 0 1 1 0 0 0 1 0 0 0 0 0 0 0
120	122	0 0 1 0 1 0 0 0 1 0 0 0 0 0 0 0
120	47	1 0 0 1 1 0 0 0 1 0 0 0 0 0 0 0
120	45	0 0 0 1 1 0 0 0 1 0 0 1 0 0 0 0
120	9	0 0 0 0 1 0 0 0 1 0 0 0 0 1 0 0
120	53	0 0 0 1 1 0 0 0 0 0 0 0 0 0 0 0
120	8	0 0 0 0 1 0 0 0 0 0 1 0 0 0 0 0
120	61	0 0 0 1 1 0 0 1 1 0 0 0 0 0 0 0
120	25	0 0 1 0 1 0 0 0 1 0 0 0 0 1 0 0
120	1	0 0 0 1 1 0 1 0 0 0 0 0 0 0 0 0
120	9	0 0 1 0 1 0 0 1 1 0 0 0 0 0 0 0
120	37	1 0 0 1 1 0 0 0 1 0 0 1 0 0 0 0
120	14	0 0 0 0 1 0 0 0 1 1 0 0 0 0 0 0
120	10	0 1 0 0 1 1 0 1 1 0 0 0 0 0 0 0
120	23	1 0 0 1 1 0 0 0 0 0 0 0 0 0 0 0
120	2	0 0 1 1 1 0 0 0 1 0 0 0 0 0 0 0
120	1	0 1 0 0 1 0 0 0 1 1 0 0 0 0 0 0
120	19	0 0 0 1 1 0 0 0 1 0 1 0 1 0 0 0
120	1	0 0 1 0 1 0 0 0 1 1 0 1 0 0 0 0
120	10	0 0 0 0 1 0 0 0 1 0 0 1 0 0 0 0
120	1	0 0 0 1 1 0 1 0 1 0 0 0 0 0 0 0
120	1	0 0 1 0 1 0 0 0 1 0 0 0 0 0 1 0
120	7	0 0 0 1 1 1 0 0 0 0 0 0 0 0 0 0
120	10	0 1 0 0 1 0 0 0 1 0 0 1 0 0 0 0
120	5	0 1 0 1 1 0 0 1 1 0 0 0 0 0 0 0
120	24	1 0 0 1 1 0 0 0 1 0 0 0 0 1 0 0
120	14	0 0 1 0 1 0 0 0 0 0 0 0 0 0 0 0
120	3	0 0 1 0 1 0 0 1 1 0 0 1 0 0 0 0
120	4	1 0 0 0 1 0 0 0 1 0 0 1 0 0 0 0
120	7	0 0 0 1 1 0 0 0 1 0 0 1 0 0 1 0
120	4	0 0 1 1 1 0 0 0 0 0 1 0 0 0 0 1
120	6	1 1 0 0 1 0 0 0 1 1 0 0 0 0 0 0
120	3	0 0 0 0 1 0 0 0 0 0 0 0 1 0 0 0
120	11	0 0 1 0 1 1 0 0 1 0 0 0 0 0 0 0
120	4	0 0 0 0 0 0 1 1 1 1 0 0 0 0 0 0
120	4	0 1 1 0 1 0 0 0 0 0 0 0 0 0 0 0
120	16	1 0 1 0 1 0 0 0 1 0 0 0 0 0 0 0
120	15	1 0 0 1 1 0 0 0 0 0 0 1 0 0 0 0
120	18	0 0 0 1 1 0 0 0 1 0 1 1 0 0 0 0
120	3	0 0 0 0 1 0 0 0 0 1 0 0 0 0 0 0
120	2	0 0 0 1 1 0 0 1 1 0 1 0 0 0 0 0
120	13	1 0 1 0 1 0 0 0 1 0 0 0 0 1 0 0
120	11	0 0 1 1 1 0 0 1 1 0 0 1 0 0 0 0
120	13	0 0 1 1 1 0 0 0 0 0 0 0 0 0 0 0
120	7	1 1 0 1 1 0 0 0 1 0 0 0 0 1 0 0
120	7	0 0 0 1 1 0 0 0 1 0 0 0 0 1 0 0
120	7	1 0 1 0 1 0 0 0 1 0 1 0 0 0 0 0
120	7	0 0 1 0 1 0 0 0 1 0 0 1 0 0 0 0
120	9	1 0 0 1 1 0 0 1 1 0 0 0 0 0 0 0
120	3	0 0 0 1 1 0 0 0 0 0 0 1 0 0 0 0
120	15	0 0 0 1 1 0 0 0 1 0 1 1 0 0 0 1
120	2	0 1 1 0 1 0 0 0 1 0 0 0 0 0 0 0
120	3	1 1 1 1 1 0 0 0 1 0 0 0 0 0 0 0
120	1	0 0 0 1 1 0 0 0 0 0 1 0 0 0 0 0
120	4	1 0 0 1 1 0 0 1 0 0 0 0 0 0 0 0
120	4	1 0 0 1 1 0 0 0 1 0 0 0 1 0 0 0
120	7	1 1 1 0 1 0 0 0 1 0 0 0 0 0 0 0
120	2	0 0 0 0 1 1 0 0 1 0 0 0 0 0 0 0
120	3	0 0 0 1 1 0 0 0 1 0 0 1 0 0 0 1
120	10	0 0 1 0 1 0 0 0 1 0 0 1 0 1 0 0
120	2	0 0 0 1 1 0 0 0 1 0 1 0 1 1 0 0
120	1	0 1 0 0 1 0 0 0 1 0 1 1 0 0 0 0
120	3	0 0 0 0 1 0 0 1 1 0 1 0 0 0 0 0
120	3	0 0 0 1 1 1 0 1 1 0 0 0 0 0 0 0
120	2	0 0 1 0 1 0 0 0 0 0 0 0 1 0 0 0
120	6	0 0 0 0 1 0 0 0 1 0 0 0 0 0 1 0
120	3	0 1 0 0 1 0 0 0 1 0 0 0 0 0 0 0
120	2	1 0 0 1 1 1 0 0 1 0 0 0 0 0 0 0
120	3	0 0 1 0 1 0 0 0 1 0 0 0 1 0 0 0
120	1	0 0 0 1 1 0 0 0 0 0 0 0 1 0 0 0
120	7	0 0 1 0 1 0 0 1 1 0 0 0 0 1 0 0
120	4	0 0 0 1 0 0 1 0 0 0 0 0 0 0 0 0
120	2	1 0 0 1 1 0 1 0 1 0 0 1 0 0 0 0
120	5	0 0 0 1 0 0 0 0 0 0 0 1 0 0 0 0
120	3	0 0 0 1 1 0 0 0 1 0 0 0 0 0 1 0
120	3	1 0 0 1 1 0 0 0 1 0 0 0 0 0 0 1
120	2	0 0 1 0 0 0 0 0 0 0 0 0 0 0 0 0
120	1	1 0 0 0 1 1 0 0 1 0 0 1 0 0 0 0
120	1	1 0 1 0 1 1 0 0 1 0 0 0 0 0 0 0
120	2	1 0 1 0 1 0 0 0 1 0 0 0 0 0 0 1
120	2	1 0 0 1 1 0 0 0 0 0 0 1 0 1 0 0
120	1	0 0 1 1 1 0 0 0 1 0 1 0 1 0 0 0
120	1	1 0 0 0 1 0 0 0 1 0 0 1 0 1 0 0
120	3	0 0 0 0 1 0 1 0 1 0 0 0 0 0 0 0
120	2	0 0 0 1 1 0 0 0 1 0 0 1 0 1 0 0
120	1	1 0 0 1 1 0 0 0 0 0 0 0 0 0 0 1
120	5	0 0 1 0 1 0 0 0 0 0 0 0 0 0 1 0
140	45	0 0 0 1 1 0 0 0 1 0 0 0 0 0 0 0
140	72	0 0 1 0 1 0 0 0 1 0 0 0 0 0 0 0
140	43	1 0 0 1 1 0 0 0 1 0 0 0 0 0 0 0
140	46	0 0 0 1 1 0 0 0 1 0 0 1 0 0 0 0
140	1	0 0 0 0 1 0 0 0 1 0 0 0 0 1 0 0
140	9	0 0 0 1 1 0 0 0 0 0 0 0 0 0 0 0
140	43	0 0 0 1 1 0 0 1 1 0 0 0 0 0 0 0
140	34	0 0 1 0 1 0 0 0 1 0 0 0 0 1 0 0
140	18	0 0 1 0 1 0 0 1 1 0 0 0 0 0 0 0
140	45	1 0 0 1 1 0 0 0 1 0 0 1 0 0 0 0
140	5	0 0 0 0 1 0 0 0 1 1 0 0 0 0 0 0
140	8	0 1 0 0 1 1 0 1 1 0 0 0 0 0 0 0
140	57	1 0 0 1 1 0 0 0 0 0 0 0 0 0 0 0
140	7	0 0 1 1 1 0 0 0 1 0 0 0 0 0 0 0
140	25	0 0 0 1 1 0 0 0 1 0 1 0 1 0 0 0
140	6	0 0 0 0 1 0 0 0 1 0 0 1 0 0 0 0
140	14	0 1 0 0 1 0 0 0 1 0 0 1 0 0 0 0
140	10	1 0 0 1 1 0 0 0 1 0 0 0 0 1 0 0
140	3	0 0 1 0 1 0 0 0 0 0 0 0 0 0 0 0
140	1	0 0 0 1 1 0 0 0 1 0 0 1 0 0 1 0
140	11	0 0 1 1 1 0 0 0 0 0 1 0 0 0 0 1
140	8	1 0 1 0 1 0 0 0 1 0 0 0 0 0 0 0
140	25	1 0 0 1 1 0 0 0 0 0 0 1 0 0 0 0
140	35	0 0 0 1 1 0 0 0 1 0 1 1 0 0 0 0
140	1	1 0 1 0 1 0 0 0 1 0 0 0 0 1 0 0
140	1	0 0 1 1 1 0 0 1 1 0 0 1 0 0 0 0
140	16	0 0 0 1 1 0 0 0 1 0 0 0 0 1 0 0
140	2	1 0 1 0 1 0 0 0 1 0 1 0 0 0 0 0
140	14	0 0 1 0 1 0 0 0 1 0 0 1 0 0 0 0
140	35	0 0 0 1 1 0 0 0 0 0 0 1 0 0 0 0
140	10	0 1 1 0 1 0 0 0 1 0 0 0 0 0 0 0
140	8	1 0 0 1 1 0 0 0 1 0 0 0 1 0 0 0
140	29	1 1 1 0 1 0 0 0 1 0 0 0 0 0 0 0
140	6	0 0 1 0 1 0 0 0 1 0 0 1 0 1 0 0
140	3	1 0 0 1 1 0 0 0 1 0 0 0 0 0 0 1
140	6	1 0 0 1 1 0 1 1 1 0 0 0 0 0 0 0
140	13	0 0 1 1 1 0 0 0 0 0 0 0 0 1 0 0
140	21	0 0 1 1 1 0 0 1 1 0 0 0 0 0 0 0
140	1	0 0 0 0 0 0 1 0 1 1 0 0 0 0 0 0
140	10	0 0 1 0 0 0 0 0 1 0 0 1 0 1 0 0
140	11	1 1 0 1 1 0 0 1 0 0 0 0 0 0 0 0
140	6	1 0 0 1 1 0 0 1 1 0 0 0 0 1 0 0
140	1	0 0 1 1 1 0 0 0 0 1 0 0 0 1 0 0
140	12	0 1 0 0 0 0 0 0 1 0 0 1 0 0 0 0
140	12	0 0 0 0 1 0 0 1 1 0 0 1 0 0 0 0
140	6	0 0 0 0 1 0 0 0 1 0 0 0 0 0 0 1
140	2	1 0 0 1 1 0 0 0 1 0 0 0 1 1 0 0
140	1	0 0 0 1 1 0 1 0 1 0 0 0 0 1 0 0
140	21	0 0 0 1 1 1 0 1 1 0 0 0 0 0 0 0
140	1	0 0 1 1 1 0 0 1 1 0 0 1 0 1 0 0
140	2	0 0 1 0 1 0 0 0 1 0 0 0 0 0 1 0
140	2	0 1 0 1 1 0 0 0 1 0 0 0 0 1 0 0
140	5	1 0 0 0 1 0 0 0 1 1 0 0 0 0 0 0
140	4	1 0 0 1 1 0 1 0 1 0 0 1 0 0 0 0
140	1	1 1 1 0 1 0 0 0 1 0 0 0 0 0 1 0
140	1	1 0 0 1 1 0 0 1 1 0 0 0 0 0 0 1
140	6	0 0 1 0 0 0 0 0 0 0 0 1 0 0 0 0
140	4	0 0 1 0 1 1 0 0 1 0 0 1 0 0 0 0
140	11	0 0 1 0 1 0 0 0 1 0 0 0 1 0 0 0
140	1	1 0 0 1 1 0 0 0 1 0 0 1 0 0 0 1
140	11	0 0 0 1 1 0 0 0 0 0 0 1 0 0 1 0
140	2	0 0 0 1 1 0 0 0 0 0 1 0 0 1 0 0
140	15	1 0 0 1 1 0 0 0 0 0 1 0 0 1 0 0
140	2	0 0 0 1 1 0 1 0 1 0 0 0 0 0 0 0
140	10	0 0 0 1 1 0 0 0 1 0 0 0 0 0 1 0
140	1	0 0 1 1 1 0 0 1 0 0 0 0 0 1 0 0
140	3	1 0 0 0 1 1 0 1 1 0 0 0 0 0 0 0
140	5	1 0 0 1 1 0 0 1 1 0 0 0 0 0 0 0
140	5	1 0 1 0 1 0 0 0 1 0 1 0 0 1 0 0
140	1	0 0 1 1 1 0 0 1 1 0 0 0 1 0 0 0
140	11	0 0 0 1 1 0 0 0 0 0 0 0 0 1 0 0
140	6	1 1 1 0 1 0 0 0 1 0 0 1 0 0 0 0
140	5	1 0 0 1 1 0 0 0 1 0 0 1 0 1 0 0
140	4	0 0 1 1 1 0 0 0 1 0 1 0 1 0 0 0
140	1	0 0 0 1 1 0 0 0 1 0 0 1 0 0 0 1
140	2	0 0 1 0 0 0 0 0 1 0 0 1 0 0 0 0
140	8	0 1 0 0 1 0 0 0 1 0 0 1 0 0 0 1
140	4	0 0 1 1 1 0 0 0 0 0 0 1 0 0 1 0
140	1	0 0 1 1 1 0 0 0 0 0 0 0 0 0 0 0
140	1	0 1 0 0 1 1 0 1 1 0 1 0 0 1 0 0
140	5	0 0 1 0 1 0 0 0 1 0 0 1 0 0 1 0
140	1	1 0 0 1 1 0 0 1 0 0 0 0 0 0 0 0
140	5	1 0 0 1 1 0 0 0 0 0 0 0 0 0 0 1
140	5	1 1 0 1 1 0 0 1 1 0 0 0 0 1 0 0
140	4	1 1 0 0 0 0 0 0 1 0 0 1 0 0 0 0
140	1	0 0 1 0 1 0 1 0 1 0 0 0 0 0 0 0
140	1	0 0 1 0 1 0 0 0 1 0 0 0 0 0 0 1
140	2	0 0 0 1 1 0 1 0 1 0 0 1 0 0 0 0
140	4	1 0 0 1 1 0 0 0 1 1 0 1 0 0 0 0
140	1	0 0 0 1 1 0 0 0 1 0 1 1 1 0 0 0
140	1	0 0 0 1 1 1 0 0 0 0 0 1 0 0 0 0
140	1	0 0 1 1 1 0 1 1 1 0 0 0 0 0 0 0
140	1	0 0 0 1 1 1 0 1 1 0 0 0 0 0 0 1
140	1	0 0 0 1 1 0 0 0 1 0 0 1 0 1 0 0
140	2	0 0 0 1 1 0 0 1 1 0 0 1 0 1 0 0
140	2	0 0 1 0 1 0 0 1 1 0 0 0 0 1 0 0
140	2	0 0 0 1 1 1 0 0 1 0 1 1 0 0 0 0
140	2	1 0 0 1 1 0 0 1 1 1 0 0 0 1 0 0
140	1	0 0 0 1 1 0 0 0 1 0 0 0 0 0 1 1
140	3	0 1 0 0 1 1 0 1 1 0 1 1 0 1 0 0
160	4	0 0 0 1 1 0 0 0 1 0 0 0 0 0 0 0
160	17	1 0 0 1 1 0 0 0 1 0 0 0 0 0 0 0
160	22	0 0 0 1 1 0 0 0 1 0 0 1 0 0 0 0
160	46	0 0 0 1 1 0 0 0 0 0 0 0 0 0 0 0
160	9	0 0 0 1 1 0 0 1 1 0 0 0 0 0 0 0
160	4	0 0 1 0 1 0 0 1 1 0 0 0 0 0 0 0
160	17	1 0 0 1 1 0 0 0 1 0 0 1 0 0 0 0
160	9	0 1 0 0 1 1 0 1 1 0 0 0 0 0 0 0
160	47	1 0 0 1 1 0 0 0 0 0 0 0 0 0 0 0
160	3	0 0 1 1 1 0 0 0 1 0 0 0 0 0 0 0
160	5	0 1 0 0 1 0 0 0 1 0 0 1 0 0 0 0
160	17	1 0 0 1 1 0 0 0 0 0 0 1 0 0 0 0
160	12	0 0 0 1 1 0 0 0 1 0 1 1 0 0 0 0
160	6	0 0 0 1 1 0 0 0 1 0 0 0 0 1 0 0
160	40	0 0 1 0 1 0 0 0 1 0 0 1 0 0 0 0
160	79	0 0 0 1 1 0 0 0 0 0 0 1 0 0 0 0
160	91	1 1 1 0 1 0 0 0 1 0 0 0 0 0 0 0
160	13	0 0 1 0 1 0 0 0 1 0 0 1 0 1 0 0
160	39	1 0 0 1 1 0 1 1 1 0 0 0 0 0 0 0
160	40	0 0 1 1 1 0 0 1 1 0 0 0 0 0 0 0
160	6	1 1 0 1 1 0 0 1 0 0 0 0 0 0 0 0
160	1	0 0 1 1 1 0 0 0 0 1 0 0 0 1 0 0
160	9	0 1 0 0 0 0 0 0 1 0 0 1 0 0 0 0
160	9	0 0 0 0 1 0 0 1 1 0 0 1 0 0 0 0
160	48	0 0 0 1 1 1 0 1 1 0 0 0 0 0 0 0
160	12	1 0 0 1 1 0 1 0 1 0 0 1 0 0 0 0
160	1	0 0 1 0 0 0 0 0 0 0 0 1 0 0 0 0
160	29	0 0 1 0 1 0 0 0 1 0 0 0 1 0 0 0
160	5	1 0 0 0 1 1 0 1 1 0 0 0 0 0 0 0
160	2	0 0 0 1 1 0 0 0 0 0 0 0 0 1 0 0
160	11	1 1 1 0 1 0 0 0 1 0 0 1 0 0 0 0
160	2	1 0 0 1 1 0 0 0 1 0 0 1 0 1 0 0
160	11	0 0 1 0 0 0 0 0 1 0 0 1 0 0 0 0
160	10	0 1 0 0 1 0 0 0 1 0 0 1 0 0 0 1
160	15	0 0 1 1 1 0 0 0 0 0 0 1 0 0 1 0
160	4	1 1 0 1 1 0 0 1 1 0 0 0 0 1 0 0
160	3	1 1 0 0 0 0 0 0 1 0 0 1 0 0 0 0
160	3	0 0 0 1 1 0 1 0 1 0 0 1 0 0 0 0
160	3	0 0 1 1 1 0 0 0 1 0 0 0 1 1 0 0
160	1	1 0 1 1 1 0 0 0 1 0 0 0 0 0 0 0
160	18	0 0 0 1 1 0 0 0 0 0 0 0 0 0 0 1
160	3	0 1 0 0 1 0 1 0 1 0 0 1 0 0 0 0
160	12	1 1 1 1 1 0 0 0 1 0 0 1 0 0 0 0
160	10	0 0 1 1 1 0 0 0 1 0 0 1 0 0 0 0
160	12	1 0 1 0 1 0 0 0 0 1 0 0 0 1 0 0
160	5	0 0 1 0 1 0 0 0 1 0 1 1 1 0 0 0
160	6	1 0 0 0 1 0 0 0 1 0 0 0 0 1 0 0
160	9	0 0 1 1 1 0 0 0 1 0 0 1 0 1 0 0
160	14	0 0 0 1 1 0 0 1 0 0 0 0 0 0 0 0
160	4	1 0 0 1 1 1 0 0 1 0 1 0 0 0 0 0
160	12	1 0 0 1 1 1 0 1 1 0 0 0 0 0 0 0
160	5	0 0 1 0 1 0 0 0 1 0 1 0 1 0 0 0
160	12	0 1 0 1 1 1 0 1 1 0 0 0 0 1 0 0
160	6	0 0 1 0 1 0 0 0 1 0 0 0 0 1 0 1
160	3	0 0 1 0 0 0 0 0 1 0 0 0 0 0 0 0
160	12	1 0 0 1 1 0 0 0 0 0 1 0 0 0 0 0
160	1	1 1 0 1 1 0 0 1 1 0 0 0 0 0 0 0
160	5	0 1 0 0 1 0 0 1 1 0 0 1 0 0 0 0
160	12	0 0 0 1 1 0 0 1 1 0 0 0 0 1 0 0
160	2	0 0 1 1 1 0 0 0 0 1 0 0 0 0 0 0
160	12	1 1 1 0 1 0 0 1 1 0 0 1 0 0 0 0
160	2	0 0 1 0 1 0 0 0 1 1 0 1 0 0 0 0
160	1	1 0 1 1 1 0 0 0 1 0 0 1 0 0 0 0
160	11	0 1 0 1 1 0 0 1 1 0 0 0 1 0 0 0
160	3	1 0 0 1 1 0 0 1 0 0 0 0 0 0 0 0
160	1	0 1 0 0 1 1 0 1 0 0 0 0 0 0 0 0
160	3	0 0 0 1 1 0 1 0 0 0 0 1 0 0 0 0
160	1	1 1 1 0 1 0 0 0 1 0 1 0 0 0 0 0
160	7	1 0 0 1 1 0 0 1 1 0 0 0 0 0 0 0
160	8	1 1 0 1 1 0 0 1 0 0 0 0 0 0 1 0
160	5	0 0 1 0 1 0 0 0 0 0 0 0 0 0 0 1
160	8	1 1 1 1 1 1 0 1 1 0 0 0 0 0 0 0
160	5	1 1 0 1 1 1 0 1 0 0 0 0 0 0 0 0
160	7	0 0 1 0 0 0 0 0 1 0 0 0 0 0 0 1
160	2	1 0 1 0 1 0 0 0 0 1 0 0 0 0 0 0
160	2	0 0 0 1 1 1 0 0 0 0 0 1 0 0 0 0
160	8	1 1 1 0 1 0 0 0 1 1 0 0 0 0 0 0
160	1	0 0 1 0 1 0 0 1 1 0 0 1 0 0 0 0
160	2	1 1 1 0 1 0 0 0 1 0 0 0 0 0 0 1
160	1	1 0 0 0 1 0 0 0 1 0 0 0 0 0 0 0
160	2	1 0 0 0 1 1 0 1 1 1 0 0 0 0 0 0
160	1	0 0 0 1 1 0 0 1 1 0 0 1 0 0 0 0
160	1	1 0 0 1 1 0 0 0 1 0 0 0 1 0 0 0
160	1	0 0 1 0 1 0 1 0 1 0 0 1 0 0 0 0
160	2	1 0 0 0 1 0 1 1 1 0 0 0 0 0 0 0
160	2	0 0 0 1 1 0 0 0 0 0 0 0 1 0 0 1
160	1	0 0 0 1 1 1 0 0 1 0 1 0 0 0 0 0
160	3	1 0 0 1 0 0 0 0 0 0 0 0 0 0 0 0
160	4	0 0 1 0 1 0 0 0 1 0 1 1 0 0 0 0
160	1	0 0 0 1 1 1 0 0 1 0 0 0 0 0 0 0
160	2	1 0 0 1 0 0 1 0 1 0 0 1 0 0 0 0
160	1	1 0 1 0 1 0 0 0 0 1 0 0 0 1 0 1
160	2	1 1 0 0 0 0 0 0 1 0 0 0 0 0 0 0
160	3	0 0 0 0 1 0 1 1 1 0 0 0 0 0 0 0
160	2	0 0 0 1 1 0 1 0 0 0 0 0 0 0 0 0
160	1	0 0 0 1 0 0 0 0 0 0 0 0 0 0 0 0
160	1	0 0 1 1 1 0 0 0 1 1 0 0 0 0 0 0
160	3	0 0 1 0 1 0 0 0 1 0 0 1 0 0 0 1
160	2	0 0 1 1 1 0 0 1 1 0 0 0 0 1 0 0
160	3	1 1 0 1 1 0 1 1 1 0 0 0 0 0 0 0
160	1	0 1 0 0 1 0 0 1 1 0 0 1 0 0 0 1
160	2	1 1 1 1 1 0 0 1 1 0 0 0 0 0 0 0
160	1	0 0 0 1 1 0 1 1 1 0 0 1 0 0 0 0
180	3	0 0 0 1 1 0 0 0 1 0 0 0 0 0 0 0
180	19	1 0 0 1 1 0 0 0 1 0 0 0 0 0 0 0
180	4	0 0 0 1 1 0 0 0 1 0 0 1 0 0 0 0
180	50	0 0 0 1 1 0 0 0 0 0 0 0 0 0 0 0
180	20	0 0 1 0 1 0 0 1 1 0 0 0 0 0 0 0
180	6	1 0 0 1 1 0 0 0 1 0 0 1 0 0 0 0
180	27	1 0 0 1 1 0 0 0 0 0 0 0 0 0 0 0
180	16	0 0 1 1 1 0 0 0 1 0 0 0 0 0 0 0
180	8	0 1 0 0 1 0 0 0 1 0 0 1 0 0 0 0
180	23	1 0 0 1 1 0 0 0 0 0 0 1 0 0 0 0
180	20	0 0 0 1 1 0 0 0 1 0 1 1 0 0 0 0
180	19	0 0 0 1 1 0 0 0 1 0 0 0 0 1 0 0
180	63	0 0 1 0 1 0 0 0 1 0 0 1 0 0 0 0
180	46	0 0 0 1 1 0 0 0 0 0 0 1 0 0 0 0
180	46	1 1 1 0 1 0 0 0 1 0 0 0 0 0 0 0
180	6	1 0 0 1 1 0 1 1 1 0 0 0 0 0 0 0
180	48	0 0 1 1 1 0 0 1 1 0 0 0 0 0 0 0
180	9	1 1 0 1 1 0 0 1 0 0 0 0 0 0 0 0
180	11	0 0 0 1 1 1 0 1 1 0 0 0 0 0 0 0
180	13	1 0 0 1 1 0 1 0 1 0 0 1 0 0 0 0
180	8	0 0 1 0 1 0 0 0 1 0 0 0 1 0 0 0
180	29	1 0 0 1 1 0 0 0 1 0 0 1 0 1 0 0
180	1	0 0 1 0 0 0 0 0 1 0 0 1 0 0 0 0
180	16	0 1 0 0 1 0 0 0 1 0 0 1 0 0 0 1
180	4	1 1 0 0 0 0 0 0 1 0 0 1 0 0 0 0
180	12	0 0 0 1 1 0 1 0 1 0 0 1 0 0 0 0
180	19	1 1 1 1 1 0 0 0 1 0 0 1 0 0 0 0
180	14	1 0 1 0 1 0 0 0 0 1 0 0 0 1 0 0
180	4	0 0 1 0 1 0 0 0 1 0 1 1 1 0 0 0
180	1	1 0 0 0 1 0 0 0 1 0 0 0 0 1 0 0
180	8	1 0 0 1 1 1 0 0 1 0 1 0 0 0 0 0
180	17	1 0 0 1 1 1 0 1 1 0 0 0 0 0 0 0
180	5	0 0 1 0 1 0 0 0 1 0 1 0 1 0 0 0
180	17	1 0 0 1 1 0 0 0 0 0 1 0 0 0 0 0
180	12	1 1 0 1 1 0 0 1 1 0 0 0 0 0 0 0
180	14	1 1 1 0 1 0 0 1 1 0 0 1 0 0 0 0
180	16	1 1 0 1 1 1 0 1 0 0 0 0 0 0 0 0
180	15	1 1 1 0 1 0 0 0 1 1 0 0 0 0 0 0
180	4	0 0 0 1 1 0 0 1 1 0 0 1 0 0 0 0
180	5	1 1 0 1 1 0 1 1 1 0 0 0 0 0 0 0
180	2	0 0 0 1 1 0 1 1 1 0 0 0 0 0 0 0
180	2	0 1 0 1 1 0 0 0 0 0 0 0 0 0 0 0
180	34	0 1 0 1 1 1 0 1 1 0 0 0 0 0 0 0
180	17	0 0 1 1 1 0 0 0 0 0 0 1 0 1 0 0
180	3	0 0 0 1 0 0 0 1 1 0 0 0 0 0 0 0
180	35	0 0 1 1 0 0 0 0 1 0 1 0 1 0 0 0
180	16	0 1 1 0 1 0 0 0 1 0 0 0 0 0 0 0
180	19	0 0 1 1 1 0 0 1 1 0 0 1 0 0 0 0
180	3	0 0 0 0 1 0 0 0 0 0 0 0 0 0 0 0
180	3	1 0 1 0 1 0 0 0 1 0 1 0 1 0 0 0
180	25	0 0 1 0 1 0 0 0 1 0 0 0 0 0 0 0
180	6	0 0 0 1 1 0 0 0 0 0 0 1 0 0 1 0
180	2	1 0 0 0 1 1 0 0 1 0 1 0 0 0 0 0
180	14	1 0 0 1 1 0 0 0 0 1 0 1 0 0 0 0
180	4	1 0 1 0 1 0 0 0 1 0 0 0 0 0 0 0
180	3	1 0 0 1 1 0 0 1 1 0 0 0 0 1 0 0
180	1	0 0 0 1 1 0 0 1 1 0 0 0 0 0 0 0
180	20	0 1 1 0 1 0 0 0 1 0 1 0 0 0 0 0
180	1	1 0 0 1 0 0 0 0 1 0 1 0 1 0 0 0
180	4	1 1 1 0 1 0 0 0 1 0 0 0 0 0 0 1
180	3	1 0 0 1 1 0 1 0 1 1 0 1 0 0 0 0
180	6	1 0 0 1 1 0 0 0 1 0 0 1 0 1 1 0
180	3	0 1 0 0 1 0 0 0 1 0 0 0 0 0 0 0
180	7	0 0 1 1 1 0 0 1 0 0 0 0 0 0 0 0
180	4	1 0 0 1 1 1 0 1 1 0 0 0 1 0 0 0
180	1	0 1 0 1 1 0 0 1 0 0 0 0 0 0 0 0
180	1	0 0 1 1 0 0 0 0 1 0 1 0 0 0 0 0
180	1	0 0 0 0 1 0 0 0 0 0 0 1 0 0 0 0
180	6	0 0 0 1 1 0 0 0 0 0 0 1 0 1 0 0
180	3	0 0 0 0 1 0 0 0 1 0 0 1 0 0 0 1
180	2	1 0 0 1 1 1 0 1 1 0 1 0 0 0 0 0
180	2	1 0 0 1 0 0 1 0 1 0 0 1 0 1 0 0
180	3	0 0 0 1 0 0 0 0 1 0 0 0 0 0 0 0
180	1	0 0 0 1 1 0 0 0 0 0 0 0 0 1 0 0
180	4	0 0 1 1 1 0 0 0 1 0 0 1 0 0 0 1
180	6	0 0 0 1 0 0 0 0 1 0 0 0 0 0 0 1
180	3	1 1 0 1 1 0 0 0 1 0 0 1 0 0 0 0
180	3	1 1 0 1 1 1 0 1 0 0 0 1 0 1 0 0
180	5	1 0 1 0 1 0 0 0 0 1 0 0 0 0 0 0
180	9	1 0 0 0 0 0 0 0 1 0 0 0 0 0 0 0
180	2	1 0 0 1 1 0 1 1 1 0 0 0 0 0 0 1
180	3	0 0 0 1 1 1 0 1 1 0 1 0 0 0 0 0
180	3	1 0 1 0 1 0 0 0 0 1 0 1 0 0 0 0
180	2	1 1 0 1 1 1 0 1 0 0 0 1 0 0 0 0
180	3	0 0 0 1 1 0 0 0 1 0 0 0 0 1 0 1
180	2	1 1 1 1 1 0 0 0 1 0 0 0 0 0 0 0
180	4	1 0 0 1 1 1 0 0 1 0 1 0 0 1 0 0
180	2	0 0 1 0 1 0 1 0 1 0 0 0 0 0 0 0
180	1	1 1 1 0 1 1 0 1 0 0 0 1 0 1 0 0
180	1	0 0 0 1 1 1 0 1 1 0 0 1 0 0 0 0
180	2	1 0 0 1 1 0 0 0 1 0 0 0 0 0 0 1
180	1	0 0 0 1 0 0 0 0 0 0 0 0 0 0 0 0
180	1	0 1 0 1 1 0 0 0 1 0 0 0 0 1 0 0
180	2	0 0 1 0 1 0 0 0 1 0 0 1 1 0 0 0
180	1	0 0 1 0 1 0 0 0 1 0 0 1 0 0 0 1
180	2	0 0 0 1 1 0 0 0 0 0 0 1 0 0 0 1
180	1	0 0 1 1 1 0 0 1 1 0 0 0 0 0 0 1
180	1	0 1 1 0 1 0 0 0 1 0 0 1 0 0 0 0
180	1	0 1 1 0 1 0 0 0 1 0 1 0 1 0 0 0
200	27	1 0 0 1 1 0 0 0 1 0 0 0 0 0 0 0
200	14	0 0 0 1 1 0 0 0 0 0 0 0 0 0 0 0
200	31	1 0 0 1 1 0 0 0 1 0 0 1 0 0 0 0
200	43	1 0 0 1 1 0 0 0 0 0 0 0 0 0 0 0
200	10	0 0 1 1 1 0 0 0 1 0 0 0 0 0 0 0
200	28	1 0 0 1 1 0 0 0 0 0 0 1 0 0 0 0
200	7	0 0 0 1 1 0 0 0 1 0 0 0 0 1 0 0
200	68	0 0 1 0 1 0 0 0 1 0 0 1 0 0 0 0
200	48	0 0 0 1 1 0 0 0 0 0 0 1 0 0 0 0
200	62	1 1 1 0 1 0 0 0 1 0 0 0 0 0 0 0
200	40	0 0 1 1 1 0 0 1 1 0 0 0 0 0 0 0
200	10	0 0 0 1 1 1 0 1 1 0 0 0 0 0 0 0
200	10	0 0 1 0 1 0 0 0 1 0 0 0 1 0 0 0
200	42	1 0 0 1 1 0 0 0 1 0 0 1 0 1 0 0
200	3	0 1 0 0 1 0 0 0 1 0 0 1 0 0 0 1
200	48	1 1 1 1 1 0 0 0 1 0 0 1 0 0 0 0
200	5	1 0 0 0 1 0 0 0 1 0 0 0 0 1 0 0
200	6	1 0 0 1 1 1 0 1 1 0 0 0 0 0 0 0
200	11	1 0 0 1 1 0 0 0 0 0 1 0 0 0 0 0
200	13	1 1 0 1 1 0 0 1 1 0 0 0 0 0 0 0
200	64	1 1 0 1 1 1 0 1 0 0 0 0 0 0 0 0
200	12	1 1 0 1 1 0 1 1 1 0 0 0 0 0 0 0
200	29	0 1 0 1 1 1 0 1 1 0 0 0 0 0 0 0
200	12	0 0 1 1 1 0 0 0 0 0 0 1 0 1 0 0
200	14	0 0 1 1 0 0 0 0 1 0 1 0 1 0 0 0
200	11	0 0 1 1 1 0 0 1 1 0 0 1 0 0 0 0
200	29	0 0 1 0 1 0 0 0 1 0 0 0 0 0 0 0
200	18	1 0 0 1 1 0 0 0 0 1 0 1 0 0 0 0
200	7	0 0 1 1 1 0 0 1 0 0 0 0 0 0 0 0
200	1	1 0 0 1 1 1 0 1 1 0 0 0 1 0 0 0
200	2	0 0 0 1 1 0 0 0 0 0 0 1 0 1 0 0
200	4	1 0 0 1 1 0 1 1 1 0 0 0 0 0 0 1
200	4	1 1 0 1 1 1 0 1 0 0 0 1 0 0 0 0
200	34	1 0 0 1 1 1 0 0 1 0 1 0 0 1 0 0
200	5	1 1 1 0 1 0 0 1 1 0 0 0 0 0 0 0
200	2	0 0 0 1 1 1 0 0 0 1 0 1 0 0 0 0
200	1	1 1 0 0 1 1 0 1 0 0 0 0 0 0 0 0
200	1	1 1 1 0 1 0 0 0 1 0 0 1 0 0 0 0
200	12	1 0 1 0 1 0 0 1 1 0 0 0 0 0 0 0
200	19	1 1 0 0 1 0 0 0 1 0 0 1 0 0 0 0
200	2	0 0 0 1 1 0 0 0 1 0 1 1 0 0 0 1
200	2	0 0 0 1 1 0 0 0 0 0 1 1 0 0 0 0
200	8	1 1 0 0 1 0 0 0 1 0 0 0 0 0 0 0
200	6	0 0 0 0 1 0 0 1 1 0 0 0 0 0 0 0
200	12	1 0 0 1 1 0 0 1 1 0 0 1 0 0 0 0
200	13	1 0 0 1 1 0 0 0 0 0 0 0 0 0 1 0
200	1	1 1 1 0 1 0 0 0 1 0 1 1 0 0 0 0
200	15	0 0 1 1 1 0 0 0 1 0 0 1 0 0 0 0
200	7	1 0 1 0 1 0 0 0 1 0 0 0 1 0 0 0
200	3	1 0 0 1 1 1 0 0 0 0 0 0 0 0 0 0
200	8	0 0 1 0 1 0 0 0 1 0 1 1 0 0 0 0
200	1	0 1 1 0 1 0 0 0 1 0 1 0 0 0 0 1
200	3	0 0 0 1 1 1 0 0 0 1 0 1 0 0 0 1
200	5	1 0 0 1 1 0 0 1 0 0 0 1 0 0 0 0
200	2	0 0 1 0 1 0 0 0 1 0 0 1 0 0 0 1
200	1	0 0 1 0 1 0 0 0 1 0 0 1 0 0 1 0
200	3	0 0 1 1 1 0 0 1 0 0 0 1 0 0 0 0
200	5	1 1 1 0 1 0 0 0 0 0 0 0 0 0 0 0
200	1	1 0 0 1 1 0 0 1 1 0 0 0 0 0 0 0
200	5	1 1 0 1 1 1 0 1 0 0 0 0 0 1 0 0
200	2	1 1 0 1 1 0 1 0 1 0 0 1 0 1 0 0
200	2	0 0 1 1 0 0 0 0 1 0 1 1 1 0 0 0
200	3	1 1 0 1 1 1 0 1 0 0 0 1 0 0 0 1
200	4	1 1 1 1 1 0 0 1 1 0 0 0 0 0 0 0
200	1	0 0 1 0 1 0 0 0 1 0 0 1 0 1 0 0
200	6	0 0 1 1 1 0 0 0 0 0 0 1 0 0 0 0
200	5	1 1 1 1 1 0 0 0 1 0 0 0 0 0 0 0
200	1	1 1 0 1 0 1 0 1 0 0 0 0 0 0 0 0
200	5	0 0 1 1 1 0 0 1 1 0 0 1 1 0 1 0
200	2	0 0 0 1 1 0 1 0 1 0 0 0 0 1 0 1
200	3	1 1 1 0 1 0 0 0 0 0 0 1 1 0 0 0
200	2	1 1 1 1 1 0 0 0 1 0 0 1 0 1 0 0
200	1	0 1 0 1 1 1 0 1 0 0 0 0 0 0 0 0
200	4	0 0 0 1 1 0 1 1 1 0 0 0 0 0 0 0
200	1	0 0 0 1 1 1 0 1 1 1 0 0 0 0 0 0
200	2	0 0 1 1 1 0 0 0 0 0 0 1 0 1 1 0
200	4	0 0 1 1 1 0 1 0 1 0 0 0 0 1 0 0
200	3	1 0 1 1 1 0 0 1 1 0 0 0 0 0 0 0
200	5	1 1 0 1 1 1 0 1 1 0 0 0 0 0 0 0
200	2	1 1 0 1 1 0 0 0 1 0 0 0 0 0 0 0
200	2	0 0 0 1 1 0 0 1 1 0 0 0 0 0 0 0
200	1	0 0 1 1 0 0 0 0 1 0 1 0 1 0 0 1
200	2	1 1 0 0 0 0 0 0 1 0 0 0 0 0 0 0
200	1	1 0 0 1 1 1 0 1 0 0 0 0 0 0 0 0
200	1	0 0 0 1 1 0 0 1 1 0 0 1 0 0 0 0
200	1	1 0 0 1 1 1 0 1 0 0 0 0 0 1 0 0
200	3	1 0 0 1 1 1 0 0 1 0 1 0 0 0 0 0
200	2	1 1 0 0 1 0 0 1 1 0 0 0 0 0 0 0
200	2	1 0 0 1 1 0 0 0 0 0 0 0 1 0 0 0
200	1	0 0 0 1 0 0 0 0 1 0 0 0 0 1 0 0
200	1	0 0 1 0 1 0 1 0 1 0 0 1 0 0 0 0
200	5	1 0 0 0 1 0 0 0 1 0 0 1 0 1 0 0
200	1	1 1 0 1 1 0 0 0 1 0 0 1 0 0 0 0
200	3	1 1 1 1 1 0 1 0 1 0 0 1 0 0 0 0
200	4	0 0 1 1 1 0 0 1 0 0 0 1 0 1 0 0
200	2	0 0 1 0 1 0 0 0 0 0 0 0 0 0 0 0
220	33	1 0 0 1 1 0 0 0 1 0 0 0 0 0 0 0
220	12	0 0 0 1 1 0 0 0 0 0 0 0 0 0 0 0
220	8	1 0 0 1 1 0 0 0 1 0 0 1 0 0 0 0
220	91	1 0 0 1 1 0 0 0 0 0 0 0 0 0 0 0
220	23	0 0 1 1 1 0 0 0 1 0 0 0 0 0 0 0
220	86	1 0 0 1 1 0 0 0 0 0 0 1 0 0 0 0
220	1	0 0 0 1 1 0 0 0 1 0 0 0 0 1 0 0
220	44	0 0 1 0 1 0 0 0 1 0 0 1 0 0 0 0
220	29	0 0 0 1 1 0 0 0 0 0 0 1 0 0 0 0
220	47	1 1 1 0 1 0 0 0 1 0 0 0 0 0 0 0
220	3	0 0 1 1 1 0 0 1 1 0 0 0 0 0 0 0
220	23	0 0 1 0 1 0 0 0 1 0 0 0 1 0 0 0
220	33	1 0 0 1 1 0 0 0 1 0 0 1 0 1 0 0
220	18	1 1 1 1 1 0 0 0 1 0 0 1 0 0 0 0
220	25	1 0 0 1 1 1 0 1 1 0 0 0 0 0 0 0
220	50	1 1 0 1 1 1 0 1 0 0 0 0 0 0 0 0
220	11	1 1 0 1 1 0 1 1 1 0 0 0 0 0 0 0
220	40	0 0 1 1 1 0 0 0 0 0 0 1 0 1 0 0
220	21	0 0 1 1 1 0 0 1 1 0 0 1 0 0 0 0
220	5	0 0 1 0 1 0 0 0 1 0 0 0 0 0 0 0
220	14	1 1 0 1 1 1 0 1 0 0 0 1 0 0 0 0
220	22	1 0 0 1 1 1 0 0 1 0 1 0 0 1 0 0
220	4	1 1 1 0 1 0 0 0 1 0 0 1 0 0 0 0
220	2	1 0 1 0 1 0 0 1 1 0 0 0 0 0 0 0
220	22	1 1 0 0 1 0 0 0 1 0 0 1 0 0 0 0
220	9	0 0 1 1 1 0 0 0 1 0 0 1 0 0 0 0
220	8	1 0 1 0 1 0 0 0 1 0 0 0 1 0 0 0
220	7	0 0 1 0 1 0 0 0 1 0 0 1 0 0 0 1
220	9	1 1 1 0 1 0 0 0 0 0 0 0 0 0 0 0
220	12	1 1 0 1 1 1 0 1 0 0 0 0 0 1 0 0
220	9	1 1 0 1 1 0 1 0 1 0 0 1 0 1 0 0
220	15	1 1 0 1 1 1 0 1 0 0 0 1 0 0 0 1
220	13	0 0 1 1 1 0 0 0 0 0 0 1 0 0 0 0
220	5	0 1 0 1 1 1 0 1 0 0 0 0 0 0 0 0
220	4	1 1 0 1 1 0 0 0 1 0 0 0 0 0 0 0
220	3	0 0 0 1 1 0 0 1 1 0 0 0 0 0 0 0
220	1	0 0 1 1 1 0 0 1 0 0 0 1 0 1 0 0
220	1	1 0 0 1 1 1 0 0 1 0 1 0 1 1 0 0
220	3	1 1 1 0 1 0 0 0 1 0 0 0 1 0 0 0
220	3	0 0 1 0 0 0 0 0 1 0 1 0 1 0 0 0
220	5	0 1 0 1 1 0 0 1 1 0 0 0 0 0 0 0
220	4	1 0 0 1 1 0 0 0 1 0 0 0 0 1 0 0
220	11	1 0 0 1 1 0 1 0 0 0 0 0 0 0 0 0
220	4	1 1 0 0 1 1 0 0 1 0 0 1 0 0 0 0
220	1	1 0 0 1 1 0 0 0 0 0 0 1 1 1 0 0
220	3	1 0 1 1 1 0 0 0 0 0 0 1 0 1 0 0
220	1	0 0 1 0 0 0 0 0 1 0 0 1 0 0 0 0
220	6	1 1 0 1 1 1 0 0 0 0 0 0 0 0 0 0
220	7	0 0 1 1 1 0 0 0 0 0 1 1 0 1 0 0
220	6	0 0 1 1 1 0 1 1 1 0 0 1 0 0 0 0
220	4	0 0 1 1 1 0 0 0 0 0 0 0 0 0 0 0
220	7	1 1 1 0 1 0 0 0 1 0 0 0 0 0 1 0
220	3	1 0 1 1 1 0 0 0 1 0 0 1 0 0 0 0
220	1	1 0 0 1 1 1 0 1 1 0 0 0 1 0 0 0
220	4	1 0 0 1 1 0 0 0 0 0 1 0 0 0 0 1
220	29	1 0 0 1 1 0 1 0 0 0 0 1 0 0 0 0
220	1	0 0 1 0 1 0 0 1 1 0 0 0 0 0 0 0
220	3	0 0 1 1 1 0 1 1 1 0 0 0 0 0 0 0
220	1	0 0 0 1 1 1 0 1 0 0 0 0 0 0 0 0
220	2	0 0 1 0 1 0 0 0 1 0 0 0 0 0 1 0
220	3	1 0 1 0 1 0 0 0 0 0 0 0 0 0 0 0
220	2	0 0 1 1 1 0 0 0 1 0 0 1 0 1 0 0
220	3	1 1 1 0 1 1 0 1 0 0 0 0 0 1 0 0
220	4	1 1 1 0 1 0 0 0 1 0 0 0 0 1 0 0
220	1	0 0 1 1 1 0 0 0 1 0 0 1 1 0 0 0
220	4	1 0 1 1 1 0 0 0 1 0 0 0 0 0 0 0
220	1	1 1 1 0 0 0 0 0 1 0 0 0 0 0 0 0
220	15	0 0 1 1 1 1 0 1 0 0 0 0 0 0 0 0
220	2	1 1 0 1 1 0 0 0 1 0 0 1 0 0 0 0
220	4	1 1 1 1 1 0 0 0 0 0 0 1 0 1 0 0
220	1	1 1 0 1 1 0 0 0 1 0 0 1 0 0 0 1
220	3	1 1 1 1 1 0 0 0 1 0 0 0 0 0 0 0
220	2	1 1 1 1 1 0 0 0 1 0 0 0 1 0 0 0
220	5	1 0 0 0 1 0 0 0 1 0 0 0 0 0 0 0
220	3	1 0 0 1 1 0 0 0 1 0 0 1 0 0 1 0
220	2	0 0 0 1 0 0 0 0 1 0 0 1 0 1 0 0
220	6	0 0 1 1 1 0 0 1 0 0 0 1 0 1 0 1
220	2	1 0 0 1 1 0 0 1 0 0 0 0 0 0 0 0
220	8	0 0 0 1 1 1 0 0 0 0 0 1 0 0 0 0
220	5	0 1 0 1 1 0 0 1 0 0 0 0 0 0 0 0
220	8	0 0 0 1 1 0 0 1 1 0 0 0 0 0 1 0
220	3	1 1 0 1 1 0 0 0 1 0 0 0 0 0 1 0
220	2	1 1 0 1 1 1 0 0 1 0 0 0 0 0 0 0
220	3	1 0 0 0 1 0 0 0 0 0 0 0 0 0 0 0
220	1	1 0 0 1 1 0 0 0 0 0 0 0 0 1 0 0
220	1	1 1 1 0 1 0 0 0 1 1 0 0 0 0 0 0
220	4	1 1 0 1 1 0 1 0 0 0 0 1 0 1 0 0
220	1	0 0 0 1 1 0 0 1 0 0 0 0 0 0 0 0
220	4	0 1 0 0 1 1 0 0 1 0 0 1 0 0 0 0
220	2	1 1 1 0 1 0 0 0 1 0 0 1 0 1 0 0
220	2	1 0 0 1 0 0 0 0 0 0 0 0 0 0 0 0
220	1	0 0 1 0 1 0 0 0 1 0 1 1 0 0 0 0
220	2	1 0 0 1 1 0 0 0 0 0 0 1 0 1 0 0
220	1	1 1 0 1 1 1 0 1 0 0 0 0 0 1 1 0
220	1	1 0 0 1 1 0 0 0 0 0 0 0 0 0 0 1
220	2	0 0 1 1 1 1 0 1 0 0 0 0 0 0 0 1
220	1	1 0 0 1 1 0 1 1 1 0 0 1 0 0 0 0
220	1	1 0 0 1 1 1 0 1 1 0 0 1 0 0 0 0
220	2	1 1 0 1 1 0 0 0 0 0 0 1 0 0 0 0
220	1	1 0 0 1 1 0 0 0 1 0 0 0 1 0 0 0
220	2	1 0 0 1 1 0 0 1 1 0 0 1 0 1 0 0
220	2	1 1 0 1 1 1 0 1 1 0 0 0 0 0 0 0
220	1	1 0 0 1 1 1 0 1 0 0 0 0 0 0 0 0
220	1	1 0 0 1 1 0 0 1 1 0 0 0 0 0 0 1
220	1	1 1 0 0 1 0 0 0 1 0 0 1 1 0 0 0
220	2	0 0 1 1 1 0 0 0 0 0 0 1 1 0 0 0
240	18	0 0 0 1 1 0 0 0 0 0 0 0 0 0 0 0
240	20	1 0 0 1 1 0 0 0 1 0 0 1 0 0 0 0
240	72	1 0 0 1 1 0 0 0 0 0 0 0 0 0 0 0
240	40	0 0 1 1 1 0 0 0 1 0 0 0 0 0 0 0
240	46	1 0 0 1 1 0 0 0 0 0 0 1 0 0 0 0
240	21	0 0 1 0 1 0 0 0 1 0 0 1 0 0 0 0
240	2	0 0 0 1 1 0 0 0 0 0 0 1 0 0 0 0
240	42	1 1 1 0 1 0 0 0 1 0 0 0 0 0 0 0
240	5	1 0 0 1 1 0 0 0 1 0 0 1 0 1 0 0
240	53	1 1 1 1 1 0 0 0 1 0 0 1 0 0 0 0
240	32	1 1 0 1 1 1 0 1 0 0 0 0 0 0 0 0
240	11	0 0 1 1 1 0 0 0 0 0 0 1 0 1 0 0
240	2	0 0 1 1 1 0 0 1 1 0 0 1 0 0 0 0
240	2	0 0 1 0 1 0 0 0 1 0 0 0 0 0 0 0
240	6	1 1 0 1 1 1 0 1 0 0 0 1 0 0 0 0
240	24	1 0 0 1 1 1 0 0 1 0 1 0 0 1 0 0
240	2	1 1 1 0 1 0 0 0 1 0 0 1 0 0 0 0
240	10	0 0 1 1 1 0 0 0 1 0 0 1 0 0 0 0
240	21	1 1 0 1 1 1 0 1 0 0 0 0 0 1 0 0
240	3	0 0 1 1 1 0 0 0 0 0 0 1 0 0 0 0
240	21	1 1 0 1 1 0 0 0 1 0 0 0 0 0 0 0
240	1	0 0 1 0 0 0 0 0 1 0 1 0 1 0 0 0
240	11	0 1 0 1 1 0 0 1 1 0 0 0 0 0 0 0
240	5	1 0 0 1 1 0 1 0 0 0 0 0 0 0 0 0
240	28	1 0 1 1 1 0 0 0 0 0 0 1 0 1 0 0
240	11	0 0 1 1 1 0 0 0 0 0 1 1 0 1 0 0
240	3	1 1 1 0 1 0 0 0 1 0 0 0 0 0 1 0
240	11	1 0 0 1 1 0 0 0 0 0 1 0 0 0 0 1
240	38	1 0 0 1 1 0 1 0 0 0 0 1 0 0 0 0
240	37	1 1 0 1 1 0 0 0 1 0 0 1 0 0 0 0
240	15	1 0 0 0 1 0 0 0 1 0 0 0 0 0 0 0
240	4	1 0 0 1 1 0 0 0 1 0 0 1 0 0 1 0
240	3	0 0 1 1 1 0 0 1 0 0 0 1 0 1 0 1
240	13	1 0 0 1 1 0 0 1 0 0 0 0 0 0 0 0
240	2	0 0 0 1 1 1 0 0 0 0 0 1 0 0 0 0
240	4	1 1 0 1 1 1 0 0 1 0 0 0 0 0 0 0
240	19	1 0 0 1 1 0 0 0 0 0 0 0 0 1 0 0
240	3	0 1 0 0 1 1 0 0 1 0 0 1 0 0 0 0
240	4	1 1 0 1 1 0 0 0 0 0 0 1 0 0 0 0
240	18	1 0 0 1 1 0 0 1 1 0 0 1 0 1 0 0
240	1	1 1 0 0 1 0 0 0 1 1 0 1 0 0 0 0
240	29	1 1 1 1 1 1 0 1 0 0 0 1 0 0 0 0
240	2	0 0 0 1 1 0 0 0 0 0 0 1 0 1 0 0
240	23	0 1 1 0 1 0 0 0 1 0 0 1 0 0 0 0
240	3	1 1 0 1 0 1 0 1 0 0 0 0 0 0 0 0
240	7	0 0 1 1 1 1 0 0 0 0 0 1 0 1 0 0
240	13	1 1 1 0 1 0 0 0 0 0 0 0 0 0 0 0
240	4	1 0 0 0 1 0 0 0 0 0 0 0 0 1 0 0
240	11	1 0 0 1 1 1 0 1 0 0 0 0 0 0 0 0
240	29	1 1 0 1 1 0 0 0 1 1 0 1 0 0 0 0
240	1	1 0 0 1 1 0 0 0 0 1 0 0 0 0 0 0
240	12	0 1 1 1 1 0 0 0 1 0 0 0 0 0 0 0
240	12	1 0 0 0 1 0 0 0 0 0 0 1 0 0 0 0
240	1	1 1 1 1 1 0 0 0 1 0 0 0 0 0 0 0
240	4	1 1 0 1 1 0 0 0 1 0 0 0 0 1 0 0
240	4	0 0 0 1 1 1 0 0 0 0 1 1 0 0 0 0
240	6	1 0 0 1 1 0 0 1 1 0 0 1 0 0 0 0
240	10	1 1 1 1 1 0 0 1 0 0 0 0 0 0 0 0
240	7	1 1 1 1 1 0 0 0 1 0 0 0 1 0 0 0
240	1	0 0 0 1 1 1 0 1 0 0 0 0 0 0 0 0
240	3	1 1 1 0 1 0 0 0 1 0 1 0 0 0 1 0
240	3	1 0 1 1 1 0 0 0 1 0 0 0 0 0 0 0
240	12	1 0 0 0 1 0 0 0 0 0 0 0 0 0 0 0
240	10	1 0 1 0 1 0 0 0 1 0 0 1 0 0 0 0
240	9	1 1 0 1 1 0 0 0 1 1 0 1 1 0 0 0
240	8	1 1 1 1 1 0 0 0 1 0 0 1 0 1 0 0
240	2	1 0 0 0 1 0 0 0 1 0 0 0 0 0 1 0
240	2	0 0 1 1 1 0 0 0 1 0 0 0 0 0 0 1
240	8	1 0 0 1 1 0 1 0 0 0 0 0 0 1 0 0
240	4	1 0 0 1 1 1 0 1 1 0 0 1 0 1 0 0
240	6	0 0 1 0 1 0 0 0 1 0 0 1 1 0 0 0
240	5	1 1 0 1 1 0 0 0 1 0 0 0 1 0 0 0
240	6	1 0 0 0 1 1 0 1 0 0 0 0 0 0 0 0
240	1	1 0 1 1 1 0 0 0 0 0 0 0 0 0 0 0
240	1	1 0 0 1 1 0 0 1 0 0 0 0 0 1 0 0
240	1	0 0 1 1 1 0 0 0 1 0 0 0 1 0 0 0
240	2	1 1 0 0 1 0 0 0 1 0 0 0 0 0 0 0
240	1	1 0 1 1 0 0 0 0 0 0 0 1 0 1 0 0
240	4	1 0 0 1 1 0 0 0 0 0 1 0 0 1 0 0
240	4	0 0 1 0 1 0 0 0 0 0 0 1 0 0 0 0
240	4	1 1 1 1 1 0 0 1 1 0 0 1 0 0 0 0
240	2	1 1 0 1 1 1 1 1 0 0 0 0 0 0 0 0
240	2	1 0 1 1 1 1 0 0 0 0 0 1 0 1 0 0
240	3	1 0 0 1 1 0 1 0 0 0 0 1 0 1 0 0
240	2	1 1 1 0 1 1 0 1 0 0 0 1 0 0 0 0
240	2	1 1 0 1 1 0 0 0 1 1 1 1 0 0 0 0
240	1	1 0 0 1 1 1 0 1 1 0 1 1 0 1 0 0
240	2	1 0 0 0 1 0 0 0 0 0 1 1 0 1 0 0
240	2	1 0 0 1 1 1 0 0 0 0 0 0 0 0 0 0
240	2	0 1 0 1 1 1 0 1 0 0 0 0 0 0 0 0
240	8	1 1 0 1 1 0 1 0 1 1 0 1 0 0 0 0
240	1	1 1 1 1 1 0 0 1 0 0 1 0 0 0 0 0
240	1	1 1 0 1 1 0 0 1 1 0 0 0 0 0 0 0
240	4	1 0 0 1 1 0 0 1 0 0 0 1 0 0 0 0
240	1	1 0 0 1 1 0 0 0 1 0 0 0 0 0 0 0
240	2	1 0 0 1 1 0 0 0 0 0 1 1 0 0 0 0
240	3	1 1 0 1 1 0 1 0 1 0 0 0 0 0 0 0
240	1	1 1 1 1 1 0 0 1 0 0 0 0 0 1 0 0
240	1	1 0 1 1 1 0 0 1 0 0 0 0 0 0 0 0
240	1	0 0 1 1 1 1 0 0 1 0 0 0 1 0 0 0
260	5	0 0 0 1 1 0 0 0 0 0 0 0 0 0 0 0
260	2	1 0 0 1 1 0 0 0 1 0 0 1 0 0 0 0
260	40	1 0 0 1 1 0 0 0 0 0 0 0 0 0 0 0
260	28	0 0 1 1 1 0 0 0 1 0 0 0 0 0 0 0
260	13	1 0 0 1 1 0 0 0 0 0 0 1 0 0 0 0
260	21	0 0 1 0 1 0 0 0 1 0 0 1 0 0 0 0
260	97	1 1 1 0 1 0 0 0 1 0 0 0 0 0 0 0
260	1	1 0 0 1 1 0 0 0 1 0 0 1 0 1 0 0
260	28	1 1 1 1 1 0 0 0 1 0 0 1 0 0 0 0
260	26	1 1 0 1 1 1 0 1 0 0 0 0 0 0 0 0
260	5	0 0 1 1 1 0 0 0 0 0 0 1 0 1 0 0
260	15	0 0 1 0 1 0 0 0 1 0 0 0 0 0 0 0
260	8	1 1 0 1 1 1 0 1 0 0 0 1 0 0 0 0
260	4	1 0 0 1 1 1 0 0 1 0 1 0 0 1 0 0
260	21	1 1 0 1 1 1 0 1 0 0 0 0 0 1 0 0
260	60	1 1 0 1 1 0 0 0 1 0 0 0 0 0 0 0
260	27	0 1 0 1 1 0 0 1 1 0 0 0 0 0 0 0
260	15	1 0 1 1 1 0 0 0 0 0 0 1 0 1 0 0
260	2	0 0 1 1 1 0 0 0 0 0 1 1 0 1 0 0
260	3	1 0 0 1 1 0 0 0 0 0 1 0 0 0 0 1
260	18	1 0 0 1 1 0 1 0 0 0 0 1 0 0 0 0
260	37	1 1 0 1 1 0 0 0 1 0 0 1 0 0 0 0
260	22	1 0 0 0 1 0 0 0 1 0 0 0 0 0 0 0
260	2	1 1 0 1 1 1 0 0 1 0 0 0 0 0 0 0
260	6	1 0 0 1 1 0 0 0 0 0 0 0 0 1 0 0
260	18	0 1 1 0 1 0 0 0 1 0 0 1 0 0 0 0
260	2	0 0 1 1 1 1 0 0 0 0 0 1 0 1 0 0
260	7	1 0 0 1 1 1 0 1 0 0 0 0 0 0 0 0
260	20	1 1 0 1 1 0 0 0 1 1 0 1 0 0 0 0
260	6	1 0 0 0 1 0 0 0 0 0 0 1 0 0 0 0
260	2	0 0 0 1 1 1 0 0 0 0 1 1 0 0 0 0
260	16	1 1 1 1 1 0 0 1 0 0 0 0 0 0 0 0
260	14	1 0 1 0 1 0 0 0 1 0 0 1 0 0 0 0
260	4	1 1 0 1 1 0 0 0 1 1 0 1 1 0 0 0
260	8	1 0 0 1 1 1 0 1 1 0 0 1 0 1 0 0
260	7	1 0 1 1 1 0 0 0 0 0 0 0 0 0 0 0
260	8	1 1 0 0 1 0 0 0 1 0 0 0 0 0 0 0
260	1	1 1 0 1 1 0 0 0 1 1 1 1 0 0 0 0
260	8	0 1 0 1 1 1 0 1 0 0 0 0 0 0 0 0
260	10	1 1 0 1 1 0 1 0 1 1 0 1 0 0 0 0
260	22	1 1 1 1 1 0 0 1 0 0 1 0 0 0 0 0
260	10	1 1 0 1 1 0 1 0 1 0 0 0 0 0 0 0
260	3	1 1 1 1 1 0 0 1 0 0 0 0 0 1 0 0
260	20	1 1 0 1 1 0 0 1 1 0 0 1 0 0 0 0
260	2	0 1 1 1 1 0 0 1 1 0 0 0 0 0 0 0
260	9	1 1 1 0 1 0 0 1 0 0 0 0 0 0 0 0
260	20	0 1 0 1 1 0 0 0 1 0 0 0 0 0 0 0
260	9	1 0 0 1 1 0 0 0 1 0 0 0 0 0 0 0
260	4	0 0 1 0 1 0 0 1 1 0 0 1 0 0 0 0
260	1	1 0 0 1 1 0 0 0 0 0 1 1 0 0 0 1
260	2	1 1 0 1 1 1 0 1 0 0 0 1 0 1 0 0
260	6	1 0 0 1 1 0 0 1 1 0 0 0 0 0 0 0
260	7	0 0 1 0 1 0 0 0 1 0 1 1 1 0 0 0
260	10	1 1 0 1 1 0 0 0 0 0 0 1 0 0 0 0
260	5	1 0 0 1 1 0 0 0 1 1 0 1 1 0 0 0
260	2	1 1 1 1 1 1 1 1 0 0 0 1 0 0 0 0
260	1	1 0 0 1 1 0 0 0 1 0 0 0 0 1 1 0
260	14	1 1 1 1 1 0 0 0 1 0 0 0 0 0 0 0
260	21	1 1 0 1 1 0 0 1 1 0 0 1 0 0 1 0
260	12	1 1 1 1 1 0 0 0 1 1 0 1 1 0 0 0
260	5	1 0 1 1 1 0 0 0 1 0 0 1 0 0 0 0
260	1	0 1 1 1 1 0 0 1 1 0 0 0 0 1 0 0
260	2	1 0 0 1 1 0 0 0 0 1 0 0 0 0 0 0
260	13	1 1 1 1 1 0 0 0 1 0 0 1 0 0 1 0
260	4	1 1 1 0 1 0 0 0 1 1 0 0 0 1 0 0
260	3	0 0 0 1 1 0 0 0 1 0 0 0 0 0 0 0
260	8	1 1 1 0 1 0 0 0 1 0 1 0 0 0 0 0
260	5	1 1 0 1 1 0 0 0 0 0 0 0 0 0 0 0
260	2	1 1 1 1 1 0 0 1 0 0 1 0 0 0 0 1
260	7	1 1 1 0 1 0 0 0 1 0 0 0 0 1 0 0
260	1	1 1 1 0 0 0 0 0 1 0 0 0 0 0 0 0
260	2	1 0 0 1 1 1 0 0 1 0 0 0 0 0 0 0
260	1	0 1 0 1 1 0 0 0 1 0 0 1 0 1 0 0
260	5	1 0 0 0 1 0 0 0 0 0 0 0 0 0 1 0
260	4	0 0 1 0 1 0 0 0 1 0 0 1 1 0 0 0
260	4	0 0 1 0 1 0 0 0 1 0 0 1 0 0 0 1
260	1	1 0 1 0 0 0 0 0 1 0 0 1 0 0 0 0
260	1	1 1 0 1 1 1 0 0 1 1 0 1 1 0 0 0
260	1	1 1 1 0 1 0 0 0 0 0 0 0 0 0 0 0
260	15	1 0 1 1 1 0 0 0 1 0 0 0 0 0 0 0
260	2	1 0 0 1 0 0 0 0 0 0 0 0 0 0 1 0
260	2	0 0 0 1 1 0 0 0 0 0 1 1 0 0 0 1
260	7	0 1 1 1 1 0 0 1 0 0 0 0 0 0 0 0
260	1	1 1 0 1 1 0 0 0 1 0 0 0 0 1 0 0
260	7	1 0 0 1 1 0 0 0 0 1 1 0 0 0 0 1
260	2	1 0 0 0 1 0 0 0 1 0 0 0 0 0 0 1
260	2	0 1 1 0 1 0 0 0 1 0 0 1 1 0 0 0
260	4	0 1 0 1 1 0 0 1 1 0 0 1 0 0 0 0
260	2	1 0 0 1 1 0 1 0 0 0 0 0 0 0 0 0
260	4	1 0 1 1 1 0 0 1 0 0 0 0 0 0 0 0
260	6	1 1 1 1 1 0 0 1 1 0 0 1 0 0 0 0
260	4	0 0 1 0 1 0 0 0 1 0 1 0 0 0 0 0
260	4	1 1 0 1 1 1 0 0 0 0 0 0 0 1 0 0
260	2	1 1 0 1 1 0 0 0 1 0 0 1 0 1 0 0
260	3	0 1 1 0 1 0 0 0 1 0 0 0 0 0 0 0
260	2	1 0 0 0 1 0 0 0 1 0 0 1 0 0 0 0
260	5	0 0 0 1 1 1 0 0 1 0 0 0 0 0 0 0
260	3	1 0 1 0 1 0 0 0 0 0 0 0 0 0 0 0
260	1	1 1 0 1 1 1 0 0 1 1 0 0 1 0 0 0
260	3	1 1 1 1 1 0 0 1 0 1 0 0 0 1 0 0
260	3	1 1 1 0 1 0 0 0 1 0 0 0 0 0 0 1
260	1	1 1 0 1 1 1 0 1 0 0 0 0 0 1 1 0
260	1	1 0 0 0 1 0 0 0 0 0 0 1 0 0 0 1
260	3	0 1 0 1 1 0 0 0 1 0 1 0 0 0 0 0
260	2	0 0 1 1 1 0 0 0 1 0 0 1 0 0 0 0
260	1	0 0 0 1 1 0 0 0 0 1 1 0 0 0 0 1
260	1	1 1 1 0 1 0 0 0 1 0 0 1 0 0 1 0
260	2	1 1 0 1 1 0 0 0 1 0 1 1 1 0 0 0
260	2	1 1 0 1 1 0 1 0 1 1 0 0 0 0 0 0
260	1	0 0 1 1 1 0 0 0 1 0 0 0 0 0 1 0
260	1	0 0 1 1 1 0 0 0 1 0 1 0 0 0 0 0
260	2	1 0 0 1 1 0 0 0 0 0 1 1 0 0 0 0
260	1	1 1 1 0 1 0 0 0 1 1 0 0 0 0 0 0
260	1	1 1 1 0 1 0 0 0 1 0 0 0 0 0 1 0
260	2	1 1 1 1 0 0 0 0 1 0 0 1 0 0 0 0
260	2	1 1 0 1 0 0 0 0 1 0 0 0 0 0 0 0
260	1	1 0 1 1 1 0 0 0 0 0 0 1 0 1 0 1
260	2	1 1 0 1 1 0 1 1 1 1 0 1 0 0 0 0
260	1	1 0 0 1 0 0 0 1 1 0 0 0 0 0 0 0
260	1	1 0 0 1 0 0 0 0 1 1 0 1 1 0 0 0
260	1	1 0 0 1 1 0 1 0 0 0 0 0 0 0 1 0
280	28	1 0 0 1 1 0 0 0 0 0 0 0 0 0 0 0
280	12	0 0 1 0 1 0 0 0 1 0 0 1 0 0 0 0
280	80	1 1 1 0 1 0 0 0 1 0 0 0 0 0 0 0
280	14	1 1 1 1 1 0 0 0 1 0 0 1 0 0 0 0
280	33	1 1 0 1 1 1 0 1 0 0 0 0 0 0 0 0
280	5	0 0 1 0 1 0 0 0 1 0 0 0 0 0 0 0
280	14	1 1 0 1 1 1 0 1 0 0 0 1 0 0 0 0
280	88	1 1 0 1 1 0 0 0 1 0 0 0 0 0 0 0
280	23	0 1 0 1 1 0 0 1 1 0 0 0 0 0 0 0
280	25	1 0 0 1 1 0 1 0 0 0 0 1 0 0 0 0
280	23	1 1 0 1 1 0 0 0 1 0 0 1 0 0 0 0
280	24	1 0 0 0 1 0 0 0 1 0 0 0 0 0 0 0
280	20	0 1 1 0 1 0 0 0 1 0 0 1 0 0 0 0
280	73	1 0 0 1 1 1 0 1 0 0 0 0 0 0 0 0
280	54	1 1 0 1 1 0 0 0 1 1 0 1 0 0 0 0
280	17	1 1 1 1 1 0 0 1 0 0 0 0 0 0 0 0
280	20	1 1 0 0 1 0 0 0 1 0 0 0 0 0 0 0
280	23	1 1 1 1 1 0 0 1 0 0 1 0 0 0 0 0
280	25	1 1 0 1 1 0 0 1 1 0 0 1 0 0 0 0
280	9	1 1 1 0 1 0 0 1 0 0 0 0 0 0 0 0
280	8	0 1 0 1 1 0 0 0 1 0 0 0 0 0 0 0
280	11	1 0 0 1 1 0 0 0 1 0 0 0 0 0 0 0
280	4	1 0 0 1 1 0 0 1 1 0 0 0 0 0 0 0
280	20	1 0 0 1 1 0 0 0 1 1 0 1 1 0 0 0
280	4	1 1 1 1 1 0 0 0 1 0 0 0 0 0 0 0
280	4	1 1 0 1 1 0 0 1 1 0 0 1 0 0 1 0
280	5	1 1 1 1 1 0 0 0 1 1 0 1 1 0 0 0
280	11	1 1 1 1 1 0 0 0 1 0 0 1 0 0 1 0
280	2	1 1 1 0 1 0 0 0 1 0 0 0 0 1 0 0
280	3	1 0 0 1 0 0 0 0 0 0 0 0 0 0 1 0
280	4	1 0 0 1 1 0 0 0 0 1 1 0 0 0 0 1
280	2	0 1 1 0 1 0 0 0 1 0 0 1 1 0 0 0
280	13	0 1 0 1 1 0 0 1 1 0 0 1 0 0 0 0
280	10	1 1 1 1 1 0 0 1 1 0 0 1 0 0 0 0
280	6	0 0 1 0 1 0 0 0 1 0 1 0 0 0 0 0
280	8	0 1 1 0 1 0 0 0 1 0 0 0 0 0 0 0
280	14	0 0 0 1 1 1 0 0 1 0 0 0 0 0 0 0
280	6	1 1 1 0 1 0 0 0 1 0 0 0 0 0 0 1
280	15	0 0 1 1 1 0 0 0 1 0 0 1 0 0 0 0
280	4	0 0 1 1 1 0 0 0 1 0 1 0 0 0 0 0
280	21	1 1 1 0 1 0 0 1 0 0 1 0 0 0 0 0
280	4	1 1 0 1 1 0 0 0 1 0 0 1 0 0 0 1
280	2	1 1 1 1 1 1 0 0 1 0 0 0 0 0 0 0
280	1	1 1 1 0 1 0 0 0 1 0 1 0 0 0 0 1
280	4	1 1 1 1 1 0 0 0 0 0 0 0 0 0 0 0
280	18	1 1 1 1 1 0 0 1 0 1 0 0 0 0 0 0
280	1	1 0 0 1 1 0 0 0 1 1 1 0 0 0 0 0
280	2	0 0 1 1 1 0 0 0 1 1 0 0 0 0 0 0
280	1	1 1 0 1 0 0 0 0 1 1 0 1 0 0 0 0
280	2	1 1 0 0 1 0 0 0 1 1 0 1 0 0 0 0
280	3	0 1 0 1 1 1 0 1 0 0 0 1 0 0 0 0
280	3	1 0 1 0 1 0 0 0 0 0 0 0 0 1 0 1
280	6	1 1 1 0 1 0 1 0 1 0 0 0 0 0 0 0
280	2	1 0 0 1 1 0 0 0 0 0 0 1 0 0 0 0
280	8	1 0 0 1 1 0 1 0 1 1 0 1 0 0 0 0
280	11	1 1 0 1 1 0 1 0 1 1 0 1 0 1 0 0
280	4	1 1 1 1 1 0 0 1 0 1 1 0 0 0 0 0
280	4	1 1 0 1 1 0 0 1 1 0 0 0 0 0 0 0
280	8	1 1 1 1 1 0 0 1 0 1 0 0 0 1 1 0
280	3	0 0 1 0 1 0 0 0 1 0 0 1 1 0 0 0
280	1	1 1 0 1 1 0 0 0 1 0 0 1 0 1 0 0
280	3	1 1 0 1 1 0 0 0 1 1 0 1 1 0 0 0
280	1	1 1 1 0 1 0 0 0 0 0 0 1 0 0 0 0
280	2	1 0 0 0 1 0 0 1 1 0 0 1 0 0 1 0
280	6	1 0 0 1 1 0 0 0 1 0 0 1 0 0 0 0
280	1	1 1 1 1 1 0 0 0 1 0 0 1 1 0 0 0
280	2	1 1 1 0 1 0 1 0 1 1 0 1 0 1 0 0
280	5	1 0 0 1 1 0 1 0 0 0 0 0 0 0 0 0
280	1	1 0 0 0 1 0 0 0 1 0 1 0 0 0 0 0
280	3	0 1 1 0 1 0 0 0 0 0 0 1 1 0 0 0
280	11	1 0 0 0 1 0 0 0 0 0 0 1 0 0 0 0
280	5	1 1 0 1 1 0 1 0 1 1 0 1 0 0 0 0
280	2	1 1 0 1 1 0 0 0 1 1 0 1 0 1 0 0
280	6	0 0 0 1 1 0 0 0 0 1 1 0 0 0 0 1
280	2	1 0 0 1 1 0 0 0 1 0 1 0 0 0 0 1
280	2	1 0 0 1 1 0 0 0 0 1 0 0 0 0 0 0
280	2	1 1 1 0 0 0 0 0 1 0 0 0 0 0 0 0
280	4	1 1 0 1 1 1 0 0 1 0 0 0 0 0 0 0
280	3	1 1 0 1 1 0 0 0 1 0 1 0 0 0 0 0
280	3	1 1 0 1 1 0 0 0 1 1 0 1 0 0 1 0
280	11	1 1 1 1 1 0 0 0 1 0 1 1 0 0 1 0
280	3	0 0 0 1 0 0 0 0 0 0 0 0 0 0 1 0
280	1	0 1 0 1 1 0 0 1 1 0 0 1 0 1 0 0
280	1	1 0 0 1 1 0 0 0 1 1 0 1 0 0 0 0
280	3	1 0 0 0 1 0 0 1 0 0 1 0 0 0 0 0
280	1	0 0 1 0 0 0 0 0 1 0 0 1 0 0 0 0
280	3	0 1 0 1 1 0 0 1 1 1 0 0 0 0 0 0
280	4	1 1 1 0 0 0 0 1 0 0 1 0 0 0 0 0
280	4	1 0 0 1 1 0 0 0 1 1 1 0 1 0 0 0
280	3	0 0 1 0 1 0 0 1 1 0 0 1 1 0 0 0
280	5	1 1 1 0 1 0 0 0 1 0 1 0 0 0 0 0
280	4	0 1 0 1 1 0 0 0 1 0 0 1 0 0 0 0
280	1	1 1 1 0 1 0 0 1 1 0 0 0 0 0 0 0
280	1	1 1 0 1 1 0 0 0 1 0 1 1 0 0 0 0
280	2	1 0 0 1 1 0 1 0 1 1 0 1 1 0 0 0
280	1	1 0 0 0 1 0 0 0 1 0 0 1 0 0 1 0
280	1	1 1 1 1 1 0 0 1 0 0 0 0 0 0 1 0
280	2	1 0 0 1 1 0 0 0 1 0 0 0 0 0 1 0
280	1	1 1 1 1 1 0 0 0 0 0 0 1 0 0 0 0
280	1	1 1 0 1 1 0 0 0 0 0 0 0 0 0 0 0
280	1	1 0 0 0 1 0 1 0 0 0 0 1 0 0 0 0
280	2	1 0 0 0 1 0 0 0 1 0 0 1 0 0 0 0
280	2	1 1 1 1 1 0 0 1 1 1 0 1 0 0 0 0
280	2	0 0 1 1 1 0 1 0 1 0 0 1 0 0 0 0
280	1	0 0 1 1 1 0 0 0 0 0 1 0 0 0 0 0
280	2	1 1 0 1 1 0 0 0 1 1 0 1 1 0 0 1
300	5	1 0 0 1 1 0 0 0 0 0 0 0 0 0 0 0
300	82	1 1 1 0 1 0 0 0 1 0 0 0 0 0 0 0
300	1	1 1 1 1 1 0 0 0 1 0 0 1 0 0 0 0
300	33	1 1 0 1 1 0 0 0 1 0 0 0 0 0 0 0
300	16	0 1 0 1 1 0 0 1 1 0 0 0 0 0 0 0
300	21	1 0 0 1 1 0 1 0 0 0 0 1 0 0 0 0
300	27	1 1 0 1 1 0 0 0 1 0 0 1 0 0 0 0
300	37	1 0 0 0 1 0 0 0 1 0 0 0 0 0 0 0
300	43	0 1 1 0 1 0 0 0 1 0 0 1 0 0 0 0
300	8	1 0 0 1 1 1 0 1 0 0 0 0 0 0 0 0
300	12	1 1 0 1 1 0 0 0 1 1 0 1 0 0 0 0
300	17	1 1 1 1 1 0 0 1 0 0 0 0 0 0 0 0
300	6	1 1 0 0 1 0 0 0 1 0 0 0 0 0 0 0
300	112	1 1 1 1 1 0 0 1 0 0 1 0 0 0 0 0
300	14	1 1 0 1 1 0 0 1 1 0 0 1 0 0 0 0
300	13	1 0 0 1 1 0 0 0 1 0 0 0 0 0 0 0
300	24	1 0 0 1 1 0 0 0 1 1 0 1 1 0 0 0
300	35	1 1 1 1 1 0 0 0 1 0 0 0 0 0 0 0
300	26	0 1 0 1 1 0 0 1 1 0 0 1 0 0 0 0
300	11	1 1 1 1 1 0 0 1 1 0 0 1 0 0 0 0
300	28	1 1 1 0 1 0 0 0 1 0 0 0 0 0 0 1
300	16	1 1 1 0 1 0 0 1 0 0 1 0 0 0 0 0
300	12	1 1 1 1 1 0 0 1 0 1 0 0 0 0 0 0
300	10	0 1 0 1 1 1 0 1 0 0 0 1 0 0 0 0
300	4	1 1 1 0 1 0 1 0 1 0 0 0 0 0 0 0
300	4	1 1 1 1 1 0 0 1 0 1 1 0 0 0 0 0
300	2	1 1 0 1 1 0 0 1 1 0 0 0 0 0 0 0
300	4	0 0 1 0 1 0 0 0 1 0 0 1 1 0 0 0
300	2	1 1 0 1 1 0 0 0 1 1 0 1 1 0 0 0
300	27	1 1 1 0 1 0 0 0 0 0 0 1 0 0 0 0
300	3	1 0 0 1 1 0 0 0 1 0 0 1 0 0 0 0
300	2	1 0 0 1 1 0 1 0 0 0 0 0 0 0 0 0
300	6	1 0 0 0 1 0 0 0 0 0 0 1 0 0 0 0
300	7	1 1 0 1 1 0 0 0 1 0 1 0 0 0 0 0
300	4	0 0 1 0 1 0 0 1 1 0 0 1 1 0 0 0
300	4	1 0 0 0 1 0 0 0 1 0 0 1 0 0 1 0
300	7	1 1 1 1 1 0 0 0 0 0 0 1 0 0 0 0
300	7	1 1 1 1 1 0 0 1 1 1 0 1 0 0 0 0
300	11	1 0 1 1 1 0 0 1 0 1 0 0 0 0 0 0
300	38	1 1 1 1 1 0 0 1 1 0 0 0 0 0 0 0
300	1	1 1 1 0 1 0 0 1 0 0 1 1 0 0 0 0
300	15	1 1 0 0 1 0 1 0 1 1 0 1 0 0 0 0
300	2	1 1 0 1 1 0 0 0 1 0 0 1 0 0 1 0
300	1	1 1 1 1 1 1 0 0 1 1 0 1 0 0 0 0
300	21	1 0 0 1 1 1 0 1 0 0 1 0 0 0 0 0
300	39	1 1 1 1 1 0 0 0 1 1 0 1 0 0 0 0
300	2	1 1 0 1 1 0 0 0 1 1 0 0 0 0 0 0
300	2	1 0 0 1 1 1 0 0 1 0 0 0 0 0 0 0
300	14	1 1 1 1 1 0 0 1 0 0 1 1 0 0 0 0
300	7	1 1 1 1 1 0 0 1 0 0 0 1 0 0 0 0
300	3	1 1 0 1 1 0 0 0 0 0 0 0 0 0 0 0
300	4	1 0 0 1 1 0 1 0 1 0 0 0 0 0 0 0
300	3	1 0 1 1 1 0 0 0 0 0 0 0 0 0 0 0
300	3	1 1 1 1 1 0 0 1 0 0 1 0 1 0 0 0
300	3	1 1 1 1 1 0 0 1 0 1 1 0 0 0 1 0
300	4	1 1 1 1 1 0 0 1 0 0 0 1 1 0 0 0
300	2	1 0 1 0 1 0 0 1 0 1 0 0 0 0 0 0
300	2	1 1 0 1 1 0 0 0 0 0 0 1 0 0 1 0
300	2	0 1 0 1 1 0 0 1 0 0 0 1 0 0 0 0
300	8	1 1 1 0 1 0 0 0 1 0 0 1 1 0 0 0
300	5	1 0 0 0 1 0 0 0 1 1 0 0 0 0 0 0
300	4	1 1 1 1 1 0 0 1 1 0 1 0 0 0 0 0
300	4	1 0 1 1 1 0 0 1 1 0 0 0 0 0 0 0
300	2	1 1 0 1 1 0 1 0 1 0 1 0 0 0 0 0
300	3	1 1 1 0 1 0 0 0 1 1 0 1 0 0 0 0
300	1	1 1 1 0 1 0 0 0 1 1 0 1 1 0 0 0
300	5	1 1 1 1 1 0 0 1 1 0 0 0 0 0 0 1
300	1	1 1 1 0 1 0 0 0 1 0 0 1 0 0 0 0
300	12	1 1 1 1 1 0 0 1 1 1 0 1 1 0 0 0
300	1	1 0 0 1 1 1 0 1 0 0 0 0 0 1 0 0
300	3	1 1 0 0 1 0 1 0 1 0 0 0 0 0 0 0
300	1	1 1 1 0 1 1 0 0 1 0 0 1 0 0 0 0
300	1	1 1 0 0 1 0 0 0 1 0 0 1 0 0 1 0
300	1	1 1 1 1 1 0 1 0 1 0 0 1 0 0 0 0
300	11	1 1 1 0 1 0 0 1 1 0 0 0 0 0 0 0
300	1	1 0 0 1 1 0 1 0 1 0 0 1 0 0 0 0
300	2	1 0 0 1 1 1 0 1 0 1 1 0 0 0 0 0
300	3	1 1 0 1 1 0 0 1 0 0 0 1 1 0 0 0
300	3	1 1 0 1 1 0 0 1 0 0 0 1 0 0 0 0
300	1	1 1 1 1 1 0 0 0 1 0 0 1 1 0 0 0
300	4	1 1 1 1 0 0 0 1 0 0 0 0 0 0 0 0
300	3	1 0 1 1 1 0 0 0 1 1 0 1 1 0 0 0
300	2	1 1 1 1 1 0 0 0 1 0 0 0 0 1 0 0
300	2	1 1 1 0 1 0 0 0 0 0 1 0 0 0 0 0
300	4	1 0 0 0 1 0 0 0 1 0 0 0 0 0 1 0
300	3	1 1 1 1 1 0 0 0 1 0 0 0 0 0 0 1
300	1	1 1 1 1 1 0 1 0 1 1 0 1 0 0 0 0
300	8	1 1 1 1 1 0 0 1 0 0 1 0 1 0 0 1
300	3	1 1 1 1 1 0 0 1 1 1 0 1 1 0 0 1
300	1	1 0 0 0 1 0 1 0 1 1 0 1 0 0 0 0
300	1	0 1 1 0 1 0 0 1 0 0 1 0 1 0 0 0
300	2	0 1 1 0 1 0 0 0 1 0 1 0 0 0 0 0
300	2	1 1 1 0 1 0 0 1 0 0 0 0 0 0 0 0
300	1	0 0 1 0 1 0 0 0 1 0 0 0 1 0 0 0
300	1	1 1 1 1 1 0 0 1 0 1 1 1 0 0 0 0
300	1	1 0 1 1 1 0 1 0 0 0 0 0 0 0 0 0
300	3	1 1 1 1 1 0 0 0 0 1 1 0 0 0 1 0
300	4	1 0 0 0 1 0 1 0 1 0 0 1 0 0 0 0
300	1	0 1 1 0 1 0 0 0 0 0 0 1 0 0 0 0
300	1	0 1 1 1 1 0 0 1 0 0 1 1 0 0 0 0
300	1	1 1 0 1 1 0 0 0 1 0 0 0 0 0 1 0
300	1	1 0 0 1 1 0 1 0 0 0 1 1 0 0 0 0
300	1	1 1 1 1 1 0 0 1 0 0 1 0 0 1 0 0
300	1	1 1 1 0 1 0 0 0 1 0 1 0 1 0 0 0
300	1	1 0 1 1 1 0 0 1 0 1 0 0 0 0 0 1
300	1	1 0 1 0 1 0 0 0 1 1 0 0 0 0 0 0
300	2	1 1 0 1 1 0 0 1 1 0 0 1 1 0 0 0
320	4	1 0 0 1 1 0 0 0 0 0 0 0 0 0 0 0
320	52	1 1 1 0 1 0 0 0 1 0 0 0 0 0 0 0
320	31	1 1 0 1 1 0 0 0 1 0 0 0 0 0 0 0
320	3	1 0 0 1 1 0 1 0 0 0 0 1 0 0 0 0
320	14	1 1 0 1 1 0 0 0 1 0 0 1 0 0 0 0
320	2	1 0 0 0 1 0 0 0 1 0 0 0 0 0 0 0
320	1	0 1 1 0 1 0 0 0 1 0 0 1 0 0 0 0
320	23	1 1 1 1 1 0 0 1 0 0 0 0 0 0 0 0
320	23	1 1 0 0 1 0 0 0 1 0 0 0 0 0 0 0
320	123	1 1 1 1 1 0 0 1 0 0 1 0 0 0 0 0
320	10	1 0 0 1 1 0 0 0 1 1 0 1 1 0 0 0
320	62	1 1 1 1 1 0 0 0 1 0 0 0 0 0 0 0
320	39	0 1 0 1 1 0 0 1 1 0 0 1 0 0 0 0
320	45	1 1 1 1 1 0 0 1 1 0 0 1 0 0 0 0
320	39	1 1 1 0 1 0 0 0 1 0 0 0 0 0 0 1
320	7	1 1 1 0 1 0 0 1 0 0 1 0 0 0 0 0
320	8	1 1 1 1 1 0 0 1 0 1 0 0 0 0 0 0
320	8	1 1 1 0 1 0 1 0 1 0 0 0 0 0 0 0
320	6	1 1 0 1 1 0 0 1 1 0 0 0 0 0 0 0
320	28	1 1 1 0 1 0 0 0 0 0 0 1 0 0 0 0
320	6	0 0 1 0 1 0 0 1 1 0 0 1 1 0 0 0
320	1	1 1 1 1 1 0 0 0 0 0 0 1 0 0 0 0
320	11	1 1 1 1 1 0 0 1 1 1 0 1 0 0 0 0
320	10	1 1 1 1 1 0 0 1 1 0 0 0 0 0 0 0
320	12	1 1 0 0 1 0 1 0 1 1 0 1 0 0 0 0
320	3	1 0 0 1 1 1 0 1 0 0 1 0 0 0 0 0
320	70	1 1 1 1 1 0 0 0 1 1 0 1 0 0 0 0
320	4	1 1 1 1 1 0 0 1 0 0 0 1 0 0 0 0
320	17	1 1 1 1 1 0 0 1 0 0 1 0 1 0 0 0
320	15	1 1 1 1 1 0 0 1 0 0 0 1 1 0 0 0
320	8	1 1 1 0 1 0 0 0 1 0 0 1 1 0 0 0
320	10	1 1 1 1 1 0 0 1 1 0 1 0 0 0 0 0
320	3	1 0 1 1 1 0 0 1 1 0 0 0 0 0 0 0
320	1	1 1 0 1 1 0 1 0 1 0 1 0 0 0 0 0
320	11	1 1 1 1 1 0 0 1 1 1 0 1 1 0 0 0
320	17	1 1 1 0 1 0 0 1 1 0 0 0 0 0 0 0
320	4	1 1 1 1 0 0 0 1 0 0 0 0 0 0 0 0
320	1	1 1 1 0 1 0 0 0 1 0 1 0 1 0 0 0
320	8	1 1 0 1 1 0 0 1 1 0 0 1 1 0 0 0
320	7	1 0 1 1 1 0 0 0 1 0 0 0 0 0 0 0
320	4	0 1 1 0 1 1 0 0 1 0 0 1 0 0 0 0
320	6	1 1 1 0 1 0 1 0 0 0 0 1 0 0 0 0
320	5	1 0 0 0 1 0 0 0 1 0 0 0 0 0 0 1
320	16	0 1 1 1 1 0 0 1 0 0 1 0 1 0 0 1
320	6	1 1 1 1 1 0 0 0 1 0 0 1 0 0 0 0
320	12	0 1 1 0 1 0 0 1 1 0 0 0 0 0 0 0
320	5	0 1 1 0 1 0 0 0 1 0 0 0 0 0 0 0
320	6	1 0 1 0 1 0 0 0 1 0 0 0 0 0 0 0
320	13	1 1 1 0 1 0 0 1 1 0 1 0 0 0 0 0
320	1	1 1 0 0 1 0 1 0 1 1 0 1 0 0 0 1
320	1	1 1 1 1 1 0 0 0 1 1 0 1 1 0 0 0
320	5	1 0 1 1 1 0 0 1 0 1 1 0 0 0 0 0
320	8	1 1 1 1 1 0 0 1 0 0 0 0 0 1 0 0
320	13	0 1 1 1 1 0 0 0 1 0 0 0 0 0 0 0
320	7	1 1 1 0 1 0 1 0 1 0 0 1 1 0 0 0
320	5	1 1 0 1 1 0 0 1 0 0 1 1 0 0 0 0
320	8	1 1 1 1 1 1 0 0 1 0 0 1 0 0 0 0
320	24	1 1 0 1 1 0 0 0 1 0 0 1 0 0 1 0
320	3	0 1 1 1 1 0 0 1 0 0 1 0 0 0 0 0
320	10	0 1 1 1 1 0 1 0 1 0 0 1 0 0 0 0
320	2	1 1 1 0 1 0 1 0 1 0 1 0 0 0 0 0
320	1	1 0 1 1 1 0 0 0 1 0 0 1 0 0 0 0
320	10	1 1 1 1 1 1 0 1 0 0 0 1 0 0 0 0
320	4	1 1 1 0 1 0 0 1 1 0 0 0 0 0 0 1
320	1	1 1 0 1 1 0 0 0 1 0 0 1 1 0 0 0
320	2	1 1 1 1 1 0 0 0 1 0 1 1 0 0 0 0
320	5	1 1 1 0 1 0 0 0 0 0 0 0 0 0 0 0
320	3	1 1 0 1 1 0 0 0 1 0 1 0 0 0 0 0
320	9	1 1 1 1 1 1 0 1 0 0 1 0 0 0 0 0
320	3	1 1 1 1 1 0 0 1 0 1 0 1 0 0 0 0
320	9	0 1 1 0 1 0 0 1 0 0 1 0 0 0 0 0
320	1	1 0 0 1 1 0 0 1 1 1 0 1 1 0 0 0
320	2	1 1 1 0 1 0 0 0 1 1 0 1 0 0 0 0
320	1	1 0 0 0 1 0 0 0 0 0 0 0 0 0 0 1
320	10	1 1 1 1 1 1 0 1 1 0 1 0 0 0 0 0
320	1	1 1 0 1 0 0 0 1 0 0 1 0 0 0 0 0
320	1	1 1 1 0 1 0 0 0 1 1 0 0 0 0 0 1
320	4	1 1 1 0 1 1 0 0 0 0 0 1 0 0 0 0
320	1	1 1 1 0 1 0 0 1 1 1 1 0 0 0 0 0
320	4	1 1 1 1 1 0 0 0 1 0 0 1 1 0 0 0
320	3	1 1 1 1 1 1 0 0 1 0 0 0 0 0 0 0
320	2	1 1 0 1 1 0 0 1 1 0 0 0 0 1 0 0
320	1	1 1 1 0 1 0 0 1 0 0 0 0 0 0 0 0
320	3	1 0 1 1 1 0 0 1 0 0 1 0 0 0 0 0
320	1	1 1 1 1 1 0 0 0 0 0 0 0 0 0 0 0
320	1	1 1 1 0 1 0 0 0 1 1 0 0 0 0 0 0
320	2	1 1 1 1 1 0 0 0 1 0 0 0 0 0 0 1
320	1	1 0 1 1 1 0 0 0 1 0 1 0 0 0 0 0
320	1	0 1 1 1 1 0 0 0 1 0 0 1 0 0 0 0
320	1	1 1 1 1 1 0 0 1 1 1 0 0 0 0 0 0
320	2	1 1 1 0 1 0 1 0 1 0 0 1 1 0 1 0
320	2	1 1 1 1 1 1 0 1 0 0 0 1 0 0 1 0
320	1	1 0 0 1 0 0 0 1 0 0 1 0 0 0 0 0
340	10	1 1 1 0 1 0 0 0 1 0 0 0 0 0 0 0
340	31	1 1 0 1 1 0 0 0 1 0 0 0 0 0 0 0
340	8	1 0 0 1 1 0 1 0 0 0 0 1 0 0 0 0
340	20	1 1 0 1 1 0 0 0 1 0 0 1 0 0 0 0
340	7	1 0 0 0 1 0 0 0 1 0 0 0 0 0 0 0
340	22	1 1 1 1 1 0 0 1 0 0 0 0 0 0 0 0
340	17	1 1 0 0 1 0 0 0 1 0 0 0 0 0 0 0
340	61	1 1 1 1 1 0 0 1 0 0 1 0 0 0 0 0
340	70	1 1 1 1 1 0 0 0 1 0 0 0 0 0 0 0
340	38	0 1 0 1 1 0 0 1 1 0 0 1 0 0 0 0
340	36	1 1 1 1 1 0 0 1 1 0 0 1 0 0 0 0
340	38	1 1 1 0 1 0 0 0 1 0 0 0 0 0 0 1
340	13	1 1 1 0 1 0 0 1 0 0 1 0 0 0 0 0
340	14	1 1 0 1 1 0 0 1 1 0 0 0 0 0 0 0
340	19	1 1 1 0 1 0 0 0 0 0 0 1 0 0 0 0
340	6	1 1 1 1 1 0 0 0 0 0 0 1 0 0 0 0
340	11	1 1 1 1 1 0 0 1 1 0 0 0 0 0 0 0
340	12	1 1 0 0 1 0 1 0 1 1 0 1 0 0 0 0
340	115	1 1 1 1 1 0 0 0 1 1 0 1 0 0 0 0
340	22	1 1 1 1 1 0 0 1 0 0 0 1 0 0 0 0
340	31	1 1 1 1 1 0 0 1 0 0 1 0 1 0 0 0
340	18	1 1 1 1 1 0 0 1 0 0 0 1 1 0 0 0
340	10	1 1 1 1 1 0 0 1 1 1 0 1 1 0 0 0
340	19	1 1 1 0 1 0 0 1 1 0 0 0 0 0 0 0
340	2	1 0 1 1 1 0 0 0 1 0 0 0 0 0 0 0
340	1	0 1 1 0 1 0 0 0 1 0 0 0 0 0 0 0
340	26	1 0 1 1 1 0 0 1 0 1 1 0 0 0 0 0
340	17	0 1 1 1 1 0 0 0 1 0 0 0 0 0 0 0
340	8	1 1 0 1 1 0 0 0 1 0 0 1 0 0 1 0
340	13	1 1 1 1 1 1 0 1 0 0 0 1 0 0 0 0
340	20	1 1 1 0 1 0 0 0 0 0 0 0 0 0 0 0
340	2	1 1 0 1 1 0 0 0 1 0 1 0 0 0 0 0
340	7	1 1 1 0 1 0 0 1 0 0 0 0 0 0 0 0
340	3	1 1 0 0 1 0 0 1 0 0 1 0 0 0 0 0
340	1	1 1 1 1 1 1 0 1 1 0 0 0 0 0 0 0
340	10	0 1 1 1 1 0 0 0 1 1 0 1 0 0 0 0
340	2	1 1 1 1 1 0 0 1 0 0 1 0 1 0 0 1
340	1	1 1 1 1 1 1 0 1 0 0 0 0 0 0 0 0
340	4	1 0 1 1 1 0 0 1 0 0 0 0 0 0 0 0
340	1	0 1 0 1 1 0 0 0 1 0 0 1 0 0 0 0
340	11	1 1 1 1 1 0 0 0 1 0 0 0 1 0 0 0
340	21	1 1 1 1 1 0 0 1 0 0 1 0 1 0 1 0
340	5	1 1 1 0 1 0 0 0 0 0 0 1 1 0 0 0
340	4	1 1 1 1 1 0 0 1 0 0 0 1 1 0 0 1
340	5	1 1 1 0 1 0 0 1 0 0 0 1 0 0 0 0
340	30	1 1 1 1 1 0 0 0 1 1 1 1 0 0 0 0
340	4	1 1 1 1 1 0 0 1 0 1 1 0 0 0 0 0
340	6	1 1 1 1 1 0 0 0 0 1 0 1 0 0 0 0
340	8	1 1 1 1 1 1 0 0 1 0 0 1 1 0 0 0
340	7	1 1 1 1 1 0 1 1 1 0 0 1 0 0 0 0
340	2	1 0 0 1 1 0 0 1 1 0 0 0 0 0 0 0
340	3	1 1 1 0 0 0 1 0 0 0 0 1 0 0 0 0
340	1	1 1 0 1 1 0 0 1 1 0 0 0 0 0 0 1
340	5	1 1 1 1 1 0 0 0 1 0 0 1 0 0 0 0
340	2	0 1 1 1 1 0 0 1 0 0 0 1 1 0 0 0
340	2	1 1 1 1 1 0 0 0 1 1 0 1 1 0 0 0
340	5	1 1 1 1 1 1 0 1 0 0 1 1 0 0 0 0
340	13	1 1 1 1 1 1 0 0 0 1 0 1 0 0 0 0
340	1	1 1 1 0 1 0 0 0 1 0 0 1 0 0 0 0
340	2	1 0 1 0 1 0 0 0 1 0 0 0 0 0 0 1
340	7	1 0 1 1 1 0 0 0 1 1 0 1 0 0 0 0
340	3	1 1 1 1 1 0 0 0 1 0 1 0 0 0 0 0
340	5	1 1 1 0 1 0 0 0 1 0 1 0 0 0 0 1
340	12	1 1 1 0 1 0 0 0 0 0 0 1 1 1 0 0
340	4	1 1 1 1 1 0 0 0 1 0 0 0 0 0 0 1
340	3	1 1 1 0 1 0 0 1 1 0 0 0 0 1 0 0
340	2	1 1 1 1 1 0 0 0 1 0 0 1 0 0 1 0
340	2	1 1 1 1 1 0 0 1 0 0 0 0 0 0 1 0
340	3	1 1 1 1 1 0 0 1 0 0 1 0 0 0 1 0
340	1	1 1 1 0 1 1 0 0 1 0 0 0 0 0 0 1
340	1	1 1 1 0 1 0 0 0 0 0 0 0 0 0 0 1
340	3	1 1 1 1 0 0 0 0 1 1 0 1 0 1 0 0
340	2	0 1 1 1 1 0 0 0 0 0 0 1 0 0 0 0
340	4	1 1 1 1 1 1 0 0 1 0 0 0 0 0 0 0
340	1	0 1 1 0 1 0 0 0 0 0 0 0 0 0 0 0
340	11	1 1 1 1 1 1 0 1 0 0 1 0 0 0 0 0
340	3	1 1 1 1 1 1 0 0 0 1 0 1 0 0 1 0
340	1	1 1 0 1 1 0 0 0 1 0 1 1 0 0 0 0
340	7	1 1 1 1 1 0 0 0 1 1 0 1 0 1 0 0
340	1	1 1 1 0 1 0 0 1 0 0 1 0 1 0 0 0
340	4	0 1 1 0 1 0 0 1 1 0 0 0 0 0 0 0
340	2	1 1 1 0 1 0 1 0 1 0 0 0 0 0 0 1
340	1	1 1 1 0 1 0 0 0 0 1 0 1 0 0 0 0
340	3	1 1 1 1 1 1 0 0 1 1 0 1 0 0 0 0
340	2	1 1 1 1 0 0 0 1 0 0 0 1 0 0 0 0
340	1	1 1 0 0 1 0 0 0 1 1 0 1 0 0 0 0
340	2	1 1 1 1 1 0 0 0 0 0 0 0 0 0 0 0
340	1	1 0 0 1 1 0 0 0 1 1 1 1 1 0 0 0
340	1	1 1 1 1 1 0 1 0 1 0 0 0 0 0 0 0
340	2	0 0 1 1 1 0 0 1 0 1 1 0 0 0 0 0
340	2	0 1 1 1 1 0 0 1 1 0 0 0 0 0 0 0
360	23	1 1 0 1 1 0 0 0 1 0 0 0 0 0 0 0
360	30	1 1 0 1 1 0 0 0 1 0 0 1 0 0 0 0
360	21	1 1 1 1 1 0 0 1 0 0 0 0 0 0 0 0
360	1	1 1 0 0 1 0 0 0 1 0 0 0 0 0 0 0
360	18	1 1 1 1 1 0 0 1 0 0 1 0 0 0 0 0
360	24	1 1 1 1 1 0 0 0 1 0 0 0 0 0 0 0
360	13	0 1 0 1 1 0 0 1 1 0 0 1 0 0 0 0
360	16	1 1 1 1 1 0 0 1 1 0 0 1 0 0 0 0
360	34	1 1 1 0 1 0 0 0 1 0 0 0 0 0 0 1
360	3	1 1 0 1 1 0 0 1 1 0 0 0 0 0 0 0
360	15	1 1 1 1 1 0 0 0 0 0 0 1 0 0 0 0
360	28	1 1 1 1 1 0 0 1 1 0 0 0 0 0 0 0
360	13	1 1 0 0 1 0 1 0 1 1 0 1 0 0 0 0
360	103	1 1 1 1 1 0 0 0 1 1 0 1 0 0 0 0
360	1	1 1 1 1 1 0 0 1 0 0 0 1 0 0 0 0
360	46	1 1 1 1 1 0 0 1 0 0 1 0 1 0 0 0
360	54	1 1 1 0 1 0 0 1 1 0 0 0 0 0 0 0
360	16	1 0 1 1 1 0 0 1 0 1 1 0 0 0 0 0
360	15	1 1 1 1 1 1 0 1 0 0 0 1 0 0 0 0
360	8	1 1 1 0 1 0 0 0 0 0 0 0 0 0 0 0
360	19	1 1 0 1 1 0 0 0 1 0 1 0 0 0 0 0
360	17	0 1 1 1 1 0 0 0 1 1 0 1 0 0 0 0
360	8	1 1 1 1 1 1 0 1 0 0 0 0 0 0 0 0
360	28	1 1 1 1 1 0 0 0 1 0 0 0 1 0 0 0
360	44	1 1 1 1 1 0 0 1 0 0 1 0 1 0 1 0
360	12	1 1 1 0 1 0 0 0 0 0 0 1 1 0 0 0
360	8	1 1 1 1 1 0 0 0 1 1 1 1 0 0 0 0
360	41	1 1 1 1 1 0 0 1 0 1 1 0 0 0 0 0
360	7	1 1 1 1 1 0 0 0 0 1 0 1 0 0 0 0
360	2	1 1 1 1 1 1 0 0 1 0 0 1 1 0 0 0
360	6	1 1 1 1 1 0 0 0 1 0 1 0 0 0 0 0
360	12	1 1 1 0 1 0 0 1 1 0 0 0 0 1 0 0
360	10	1 1 1 1 1 0 0 1 0 0 0 0 0 0 1 0
360	2	1 1 1 1 1 1 0 0 0 1 0 1 0 0 1 0
360	6	1 1 1 1 1 0 0 0 1 1 0 1 0 1 0 0
360	8	1 1 1 1 0 0 0 1 0 0 0 1 0 0 0 0
360	12	0 0 1 1 1 0 0 1 0 1 1 0 0 0 0 0
360	1	1 0 1 1 1 0 0 1 0 0 1 0 1 0 0 0
360	1	0 1 1 1 1 0 0 1 0 0 1 0 1 0 0 0
360	9	1 1 0 1 1 0 0 1 1 0 0 1 0 0 0 0
360	6	1 1 1 0 1 0 0 1 1 0 0 1 0 0 0 0
360	30	1 1 1 0 1 0 0 0 1 0 0 1 0 0 0 0
360	7	1 1 0 1 1 1 0 0 1 0 0 1 0 0 0 0
360	5	1 1 1 1 1 0 1 1 0 0 0 0 0 0 0 0
360	11	1 1 1 1 1 0 0 0 1 1 0 0 0 0 0 0
360	7	1 1 1 1 1 0 0 1 1 0 0 0 0 1 0 0
360	2	1 1 1 1 1 1 0 1 1 0 0 0 0 1 0 0
360	4	1 0 0 1 1 0 0 0 1 0 0 0 0 0 0 0
360	10	1 1 1 1 1 0 0 1 0 0 1 0 1 1 0 0
360	2	1 1 1 1 1 0 1 0 0 0 0 1 0 0 0 1
360	4	1 1 1 1 1 0 0 0 0 1 1 0 0 0 0 0
360	6	1 1 0 1 1 0 0 0 1 0 0 1 0 1 0 0
360	3	1 1 0 0 1 1 1 0 1 1 0 1 0 0 0 0
360	1	1 1 1 0 1 0 0 0 1 1 0 0 0 0 0 1
360	10	1 0 1 1 1 0 0 1 0 1 1 0 0 0 0 1
360	8	1 1 0 1 1 0 0 1 0 0 1 0 1 0 1 0
360	2	1 1 1 0 1 0 0 0 0 0 0 1 0 0 0 0
360	8	1 1 0 1 1 0 0 0 1 1 0 0 0 0 0 0
360	1	1 1 1 1 1 1 0 0 1 0 0 0 0 0 0 0
360	8	1 1 1 1 1 0 0 0 1 0 0 0 1 0 1 0
360	6	1 1 1 1 1 0 0 1 0 0 0 0 0 0 1 1
360	2	1 1 0 1 1 0 1 0 0 0 0 1 0 0 0 1
360	1	1 1 1 1 1 1 0 0 1 0 0 1 0 1 0 0
360	13	1 1 1 0 1 0 0 0 1 0 0 0 0 0 0 0
360	1	1 1 1 1 1 0 0 0 1 1 0 1 1 0 0 0
360	7	0 1 1 1 1 0 0 1 0 0 1 0 1 0 1 0
360	6	1 1 1 0 0 0 0 1 1 0 0 0 0 0 0 0
360	10	1 0 1 1 1 0 0 1 0 0 1 0 0 0 0 0
360	3	1 1 0 0 1 0 0 0 1 0 1 0 0 0 0 0
360	5	1 1 1 1 1 0 0 0 1 0 0 1 0 0 0 0
360	1	1 1 1 1 1 0 1 0 0 1 0 1 0 0 0 1
360	5	1 1 0 1 1 0 0 1 0 0 1 0 0 0 1 0
360	1	1 1 0 1 1 0 0 1 0 0 1 0 0 0 0 0
360	3	1 1 1 1 1 0 0 1 0 1 1 0 0 0 0 1
360	7	1 0 0 1 1 0 0 1 1 0 0 1 0 0 0 0
360	1	1 1 1 1 0 0 0 0 0 0 0 1 0 0 0 0
360	4	1 1 1 1 1 0 0 1 1 1 0 0 0 0 0 0
360	1	1 1 1 1 1 0 0 0 1 1 0 1 0 0 1 0
360	4	1 1 1 1 1 1 0 1 0 0 1 0 0 0 1 0
360	2	1 1 1 1 1 1 0 0 0 1 0 1 0 0 0 0
360	1	0 1 1 1 1 0 0 1 0 0 0 0 0 0 0 0
360	1	0 1 1 1 1 0 0 1 0 0 1 0 0 0 0 0
360	2	1 1 1 1 1 0 0 1 0 1 0 1 0 0 0 0
360	1	1 1 1 0 1 0 0 1 1 0 0 0 1 0 0 0
360	5	1 1 1 0 1 0 0 0 1 1 0 1 0 0 0 0
360	1	1 1 0 1 1 0 0 0 1 1 0 1 0 1 0 0
360	4	1 0 0 1 1 0 0 0 1 0 0 0 1 0 0 0
360	3	1 1 1 1 1 0 0 1 0 0 1 0 0 0 0 1
360	2	1 1 1 1 1 0 1 1 1 0 0 0 0 0 0 0
360	1	1 1 0 1 1 0 0 0 1 0 0 0 1 0 0 0
360	7	0 1 1 1 1 0 0 1 0 1 1 0 0 0 0 0
360	1	1 1 0 1 1 1 0 1 0 0 0 1 0 0 0 0
360	2	1 1 0 1 1 0 0 0 1 1 1 0 0 0 0 0
360	4	1 1 0 1 0 0 0 0 1 0 0 1 0 0 0 0
360	2	1 1 0 0 1 0 1 0 1 1 0 1 0 0 0 1
360	1	1 1 0 1 1 0 0 0 1 1 0 1 0 0 0 0
360	1	1 1 1 1 1 1 0 0 1 1 0 1 0 0 0 0
360	1	1 1 1 0 1 1 0 1 1 0 0 0 0 0 0 0
360	1	1 1 1 1 1 0 0 0 1 1 1 1 0 1 0 0
360	3	1 1 1 1 1 1 0 1 0 1 1 0 0 0 0 0
360	2	1 1 1 1 1 1 0 0 1 0 1 1 1 0 0 0
360	1	1 0 1 1 1 1 0 1 0 1 1 0 0 0 0 1
380	6	1 1 0 1 1 0 0 0 1 0 0 0 0 0 0 0
380	2	1 1 0 1 1 0 0 0 1 0 0 1 0 0 0 0
380	56	1 1 1 1 1 0 0 1 0 0 0 0 0 0 0 0
380	24	1 1 1 1 1 0 0 1 0 0 1 0 0 0 0 0
380	10	1 1 1 1 1 0 0 0 1 0 0 0 0 0 0 0
380	3	0 1 0 1 1 0 0 1 1 0 0 1 0 0 0 0
380	20	1 1 1 1 1 0 0 1 1 0 0 1 0 0 0 0
380	8	1 1 1 1 1 0 0 0 0 0 0 1 0 0 0 0
380	23	1 1 1 1 1 0 0 1 1 0 0 0 0 0 0 0
380	48	1 1 1 1 1 0 0 0 1 1 0 1 0 0 0 0
380	17	1 1 1 1 1 0 0 1 0 0 0 1 0 0 0 0
380	35	1 1 1 1 1 0 0 1 0 0 1 0 1 0 0 0
380	17	1 1 1 0 1 0 0 1 1 0 0 0 0 0 0 0
380	15	1 0 1 1 1 0 0 1 0 1 1 0 0 0 0 0
380	8	1 1 1 1 1 1 0 1 0 0 0 1 0 0 0 0
380	26	1 1 1 0 1 0 0 0 0 0 0 0 0 0 0 0
380	10	1 1 0 1 1 0 0 0 1 0 1 0 0 0 0 0
380	9	0 1 1 1 1 0 0 0 1 1 0 1 0 0 0 0
380	4	1 1 1 1 1 1 0 1 0 0 0 0 0 0 0 0
380	17	1 1 1 1 1 0 0 0 1 0 0 0 1 0 0 0
380	23	1 1 1 1 1 0 0 1 0 0 1 0 1 0 1 0
380	23	1 1 1 1 1 0 0 0 1 1 1 1 0 0 0 0
380	21	1 1 1 1 1 0 0 1 0 1 1 0 0 0 0 0
380	9	1 1 1 1 1 0 0 0 0 1 0 1 0 0 0 0
380	2	1 1 1 1 1 0 0 0 1 0 1 0 0 0 0 0
380	29	1 1 1 1 1 0 0 1 0 0 0 0 0 0 1 0
380	17	0 0 1 1 1 0 0 1 0 1 1 0 0 0 0 0
380	25	1 1 0 1 1 0 0 1 1 0 0 1 0 0 0 0
380	28	1 1 1 0 1 0 0 1 1 0 0 1 0 0 0 0
380	36	1 1 1 0 1 0 0 0 1 0 0 1 0 0 0 0
380	23	1 1 0 1 1 1 0 0 1 0 0 1 0 0 0 0
380	20	1 1 1 1 1 0 0 0 1 1 0 0 0 0 0 0
380	6	1 1 1 1 1 0 0 1 0 0 1 0 1 1 0 0
380	5	1 1 0 1 1 0 0 1 0 0 1 0 1 0 1 0
380	21	1 1 0 1 1 0 0 0 1 1 0 0 0 0 0 0
380	34	1 1 1 0 1 0 0 0 1 0 0 0 0 0 0 0
380	9	1 1 1 0 0 0 0 1 1 0 0 0 0 0 0 0
380	11	1 0 1 1 1 0 0 1 0 0 1 0 0 0 0 0
380	22	1 1 1 1 1 0 0 0 1 0 0 1 0 0 0 0
380	20	1 1 1 1 1 0 0 1 0 1 1 0 0 0 0 1
380	15	1 1 1 1 1 1 0 1 0 0 1 0 0 0 1 0
380	4	1 1 1 1 1 0 0 1 0 1 0 1 0 0 0 0
380	20	1 1 1 0 1 0 0 0 1 1 0 1 0 0 0 0
380	1	1 0 0 1 1 0 0 0 1 0 0 0 1 0 0 0
380	12	0 1 1 0 1 0 0 1 1 0 0 0 0 0 0 0
380	4	0 0 1 1 1 0 0 1 0 1 1 1 0 0 0 0
380	2	1 1 1 1 1 0 0 1 1 0 1 0 0 0 0 0
380	2	1 1 0 1 1 0 0 0 0 0 0 1 0 0 0 0
380	20	1 1 0 1 1 0 0 1 1 0 0 0 0 0 0 1
380	8	0 1 0 1 1 0 0 1 0 0 0 1 0 0 0 0
380	5	1 1 1 1 0 0 0 0 1 1 0 1 0 0 0 0
380	3	1 1 1 1 1 0 0 1 0 0 1 0 0 0 1 0
380	8	1 1 0 1 1 0 0 1 0 1 1 0 0 0 0 0
380	4	1 1 0 1 1 0 0 1 1 0 1 0 0 0 0 0
380	4	1 1 1 0 1 0 0 0 0 0 0 1 0 1 0 0
380	4	1 0 1 1 1 0 0 1 0 1 1 0 0 0 1 0
380	2	1 1 1 1 1 0 0 0 1 0 0 0 0 0 0 1
380	10	1 1 1 0 1 0 0 1 1 0 0 1 0 0 0 1
380	1	1 1 0 1 1 0 1 0 1 0 0 1 0 0 0 0
380	8	1 1 1 0 0 0 0 1 1 1 0 0 0 0 0 0
380	2	1 1 1 1 1 0 0 0 0 1 1 0 1 0 0 1
380	8	1 1 0 1 1 0 0 1 0 0 0 1 0 0 0 0
380	5	1 1 0 1 1 0 0 0 0 0 0 1 0 0 1 0
380	1	1 1 1 1 1 0 0 0 1 0 1 0 0 0 1 0
380	2	1 1 1 0 1 0 0 1 0 1 1 0 0 0 0 1
380	1	1 1 0 0 1 0 1 0 1 1 0 1 0 0 0 1
380	4	1 1 0 1 1 1 0 1 1 0 0 1 0 0 0 0
380	1	1 1 1 1 1 0 0 1 0 0 1 0 1 0 0 1
380	3	1 1 1 0 1 0 0 0 0 1 0 0 0 0 0 0
380	7	1 0 1 0 1 0 0 0 1 0 0 1 0 0 0 0
380	21	1 1 1 1 1 0 0 1 0 1 1 0 0 0 1 1
380	8	1 1 0 0 1 0 0 1 1 0 1 0 0 0 0 0
380	3	1 1 0 1 1 0 0 0 0 0 0 0 0 0 0 0
380	9	1 1 1 1 1 0 0 0 0 1 1 0 1 0 0 0
380	5	0 1 1 1 1 0 0 1 0 1 1 0 0 0 0 0
380	5	1 1 1 1 1 0 1 0 1 0 0 1 0 0 0 0
380	1	0 1 1 0 1 0 0 1 1 0 0 0 0 0 1 0
380	1	1 1 0 1 0 0 0 1 0 1 1 0 0 0 0 0
380	1	0 1 1 1 1 0 0 1 1 0 0 0 0 0 0 0
380	2	1 1 0 1 1 0 0 1 0 0 1 0 1 1 0 0
380	1	1 1 1 1 1 0 0 0 1 0 0 0 0 0 1 0
380	1	1 1 1 1 1 0 0 0 1 1 0 1 1 0 0 0
380	3	1 1 1 1 1 0 0 0 0 0 1 0 1 0 0 0
380	2	1 1 0 1 1 0 0 0 1 0 0 0 0 0 0 1
380	1	1 1 1 0 1 0 0 0 1 0 0 1 0 1 0 0
380	2	1 1 1 1 1 0 0 1 1 0 0 0 0 0 0 1
380	1	1 1 1 1 1 0 0 0 1 1 0 1 0 0 1 0
380	2	1 1 1 1 1 0 0 0 0 1 1 1 0 0 0 0
380	3	1 1 0 1 1 0 0 1 1 0 0 1 0 0 0 1
380	2	1 1 0 0 1 0 0 1 0 0 0 1 0 0 0 0
380	3	1 1 1 0 1 0 1 0 1 0 0 0 1 0 0 0
380	2	1 1 1 0 1 0 0 0 0 0 1 0 0 0 0 0
380	2	1 1 0 1 1 0 0 1 0 0 0 0 0 0 0 0
380	1	1 1 1 1 1 0 0 1 1 0 1 0 1 0 1 0
380	1	1 1 1 0 1 1 0 0 1 0 0 1 0 0 0 0
380	2	1 1 0 1 1 0 0 0 1 1 0 0 1 0 0 0
380	2	1 1 1 0 1 1 0 1 0 0 1 0 0 0 1 0
400	31	1 1 0 1 1 0 0 0 1 0 0 0 0 0 0 0
400	44	1 1 1 1 1 0 0 1 0 0 0 0 0 0 0 0
400	20	1 1 1 1 1 0 0 1 0 0 1 0 0 0 0 0
400	7	1 1 1 1 1 0 0 0 1 0 0 0 0 0 0 0
400	28	1 1 1 1 1 0 0 1 1 0 0 1 0 0 0 0
400	17	1 1 1 1 1 0 0 0 0 0 0 1 0 0 0 0
400	3	1 1 1 1 1 0 0 1 1 0 0 0 0 0 0 0
400	55	1 1 1 1 1 0 0 0 1 1 0 1 0 0 0 0
400	72	1 1 1 1 1 0 0 1 0 0 1 0 1 0 0 0
400	8	1 0 1 1 1 0 0 1 0 1 1 0 0 0 0 0
400	24	1 1 1 0 1 0 0 0 0 0 0 0 0 0 0 0
400	4	1 1 0 1 1 0 0 0 1 0 1 0 0 0 0 0
400	27	1 1 1 1 1 1 0 1 0 0 0 0 0 0 0 0
400	14	1 1 1 1 1 0 0 0 1 0 0 0 1 0 0 0
400	16	1 1 1 1 1 0 0 0 1 1 1 1 0 0 0 0
400	57	1 1 1 1 1 0 0 1 0 1 1 0 0 0 0 0
400	10	1 1 1 1 1 0 0 0 1 0 1 0 0 0 0 0
400	8	1 1 1 1 1 0 0 1 0 0 0 0 0 0 1 0
400	53	1 1 0 1 1 0 0 1 1 0 0 1 0 0 0 0
400	27	1 1 1 0 1 0 0 1 1 0 0 1 0 0 0 0
400	4	1 1 1 0 1 0 0 0 1 0 0 1 0 0 0 0
400	9	1 1 0 1 1 1 0 0 1 0 0 1 0 0 0 0
400	23	1 1 1 1 1 0 0 0 1 1 0 0 0 0 0 0
400	16	1 1 1 0 1 0 0 0 1 0 0 0 0 0 0 0
400	1	1 1 1 0 0 0 0 1 1 0 0 0 0 0 0 0
400	6	1 0 1 1 1 0 0 1 0 0 1 0 0 0 0 0
400	39	1 1 1 1 1 0 0 0 1 0 0 1 0 0 0 0
400	35	1 1 1 1 1 0 0 1 0 1 1 0 0 0 0 1
400	9	1 1 1 1 1 1 0 1 0 0 1 0 0 0 1 0
400	7	1 1 1 1 1 0 0 1 0 1 0 1 0 0 0 0
400	6	0 1 1 0 1 0 0 1 1 0 0 0 0 0 0 0
400	16	0 0 1 1 1 0 0 1 0 1 1 1 0 0 0 0
400	7	1 1 0 1 1 0 0 0 0 0 0 1 0 0 0 0
400	3	1 1 1 1 0 0 0 0 1 1 0 1 0 0 0 0
400	23	1 1 1 0 1 0 0 1 1 0 0 1 0 0 0 1
400	44	1 0 1 0 1 0 0 0 1 0 0 1 0 0 0 0
400	5	1 1 0 0 1 0 0 1 1 0 1 0 0 0 0 0
400	2	1 1 0 1 1 0 0 0 0 0 0 0 0 0 0 0
400	17	1 1 1 1 1 0 0 0 1 0 0 0 0 0 1 0
400	13	1 1 1 1 1 0 0 0 0 1 1 1 0 0 0 0
400	8	1 1 0 1 1 0 0 1 0 0 0 0 0 0 0 0
400	10	1 1 1 0 1 0 0 0 1 1 1 1 0 0 0 0
400	11	1 1 1 1 0 0 0 1 0 0 0 0 0 0 1 0
400	10	1 1 1 1 1 1 0 0 0 0 0 1 0 0 0 0
400	4	1 1 0 1 1 0 0 0 1 1 0 0 0 1 0 0
400	3	1 1 1 1 1 0 1 0 1 1 1 1 0 1 0 0
400	13	0 1 1 0 1 0 0 0 1 0 0 0 0 0 0 0
400	1	1 1 1 1 0 0 0 0 1 1 0 1 0 1 1 0
400	4	1 1 1 0 1 0 0 1 0 1 1 0 0 0 0 0
400	3	1 0 1 1 1 0 0 1 0 1 0 1 0 0 0 0
400	1	1 1 1 1 1 0 0 1 1 1 0 0 0 0 0 0
400	1	0 0 1 1 1 1 0 1 0 0 0 1 0 0 0 0
400	1	1 1 0 1 1 1 0 0 1 0 0 0 0 0 0 0
400	2	1 1 0 1 1 0 0 0 1 1 0 1 0 0 0 0
400	2	0 1 1 1 1 0 0 1 0 0 0 0 0 0 0 0
400	4	1 1 0 0 1 0 0 1 1 0 0 1 0 0 0 0
400	5	1 0 1 1 1 0 0 1 0 1 1 1 0 0 0 0
400	2	0 1 1 1 1 0 0 1 1 0 0 1 0 0 0 0
400	2	1 1 1 1 1 0 0 0 1 0 0 1 0 0 1 0
400	8	1 1 1 1 1 1 0 0 1 0 0 1 0 0 0 0
400	5	0 0 1 1 1 0 0 1 0 0 1 0 0 0 0 0
400	6	1 1 1 1 1 0 0 1 0 0 0 0 0 1 0 0
400	5	1 1 0 1 1 0 0 1 0 0 0 0 0 1 0 0
400	3	1 1 1 1 1 1 0 0 0 0 1 1 0 0 0 0
400	1	1 1 1 1 0 0 0 1 0 0 0 0 0 0 0 0
400	4	1 0 1 0 1 0 0 1 1 0 0 1 0 0 0 0
400	2	1 1 0 1 1 1 0 0 1 0 0 1 0 0 1 0
400	4	1 1 1 1 0 0 0 1 0 0 0 0 0 1 1 0
400	8	0 1 1 1 0 0 0 1 0 0 0 0 0 0 1 0
400	5	1 1 0 1 1 0 0 0 1 0 0 0 0 0 0 1
400	2	1 1 1 0 1 0 0 0 0 0 0 1 0 0 0 0
400	2	1 1 1 1 0 0 1 1 0 0 0 0 0 0 1 0
400	3	0 0 1 1 1 0 0 0 1 1 1 1 0 0 0 0
400	3	1 1 0 1 1 0 1 0 1 0 0 0 0 0 0 0
400	2	1 1 1 1 1 0 0 0 0 1 0 1 0 0 0 0
400	1	0 1 1 1 1 0 0 1 0 1 1 0 0 0 0 0
400	3	0 0 1 1 1 0 0 1 0 1 1 1 0 0 0 1
400	6	1 1 0 1 1 0 0 1 1 0 0 0 0 0 0 0
400	2	1 1 1 1 1 0 0 1 0 0 1 1 0 0 0 0
400	3	1 0 1 0 1 0 0 0 1 0 0 0 0 0 0 0
400	1	1 1 0 1 1 0 0 0 0 0 0 1 0 0 0 1
400	2	1 1 1 0 1 0 0 1 1 0 1 1 0 0 0 1
400	5	1 1 1 1 1 0 0 0 1 0 0 0 0 0 1 1
400	2	1 1 1 1 1 0 0 0 1 1 0 1 0 1 1 0
400	1	1 1 1 1 1 1 0 1 1 0 1 0 0 0 0 0
400	1	1 1 0 1 1 1 0 1 0 0 1 0 1 0 0 0
400	2	1 1 1 1 1 0 0 1 0 0 1 1 0 0 0 1
400	2	1 1 1 1 1 0 1 0 0 0 0 1 0 0 0 0
400	2	1 1 1 1 0 0 0 1 1 0 0 0 0 0 0 0
400	1	1 1 1 1 1 0 0 1 0 0 1 0 1 1 0 0
400	3	1 0 1 0 1 0 0 0 0 0 0 1 0 0 0 0
400	1	1 1 0 1 1 1 0 1 0 0 0 0 0 0 0 0
400	2	1 1 1 0 0 0 0 1 0 0 0 0 0 0 1 0
