0	250	0 0 0 0 0 0 0 0 1 0 0 0 1 0 0 0
0	250	1 1 0 0 0 0 0 0 1 0 0 0 0 0 0 0
0	250	1 0 0 0 0 0 1 0 0 1 1 1 0 0 0 0
0	250	0 0 0 0 1 0 1 0 0 1 0 0 0 0 0 1
8	106	0 0 0 0 0 0 0 0 1 0 0 0 1 0 0 0
8	243	1 1 0 0 0 0 0 0 1 0 0 0 0 0 0 0
8	289	1 0 0 0 0 0 1 0 0 1 1 1 0 0 0 0
8	175	0 0 0 0 1 0 1 0 0 1 0 0 0 0 0 1
8	6	1 0 0 0 0 0 1 0 0 1 0 0 0 0 0 1
8	3	0 0 0 1 0 0 0 0 1 0 0 0 1 0 0 0
8	12	1 0 0 0 0 0 1 0 0 1 1 1 1 0 0 0
8	3	0 0 0 0 1 0 1 0 0 1 1 0 0 0 0 1
8	3	0 1 0 0 1 0 1 0 0 1 0 0 0 0 0 1
8	3	1 0 0 0 0 0 0 0 1 0 0 0 1 0 0 0
8	1	0 0 0 0 1 0 1 0 0 1 0 0 1 0 0 0
8	6	0 0 0 0 0 0 0 0 1 0 0 0 0 0 0 0
8	4	0 0 0 0 1 1 1 0 0 1 0 0 0 0 0 1
8	2	0 0 0 0 1 0 0 0 1 0 0 0 1 0 0 0
8	3	1 1 0 0 0 0 0 0 1 0 0 0 0 0 1 0
8	6	1 1 0 0 0 0 0 0 1 0 0 1 0 0 0 0
8	5	1 1 0 1 0 0 0 0 1 0 0 0 0 0 0 0
8	1	0 0 0 0 1 0 1 0 0 1 0 0 0 1 0 1
8	10	0 1 0 0 1 0 1 0 1 1 0 0 0 0 0 1
8	12	0 0 0 0 0 0 1 0 0 1 1 1 0 0 0 0
8	7	1 1 0 0 0 0 0 0 1 0 0 0 1 0 0 0
8	2	1 1 0 0 0 0 1 0 0 1 1 1 0 0 0 0
8	10	1 0 0 0 0 0 0 0 1 0 0 0 0 0 0 0
8	4	1 1 0 0 0 0 0 1 1 0 0 0 0 0 0 0
8	2	1 0 0 0 0 0 1 0 0 1 1 1 0 1 0 0
8	9	0 0 0 0 0 0 0 0 1 0 0 1 0 0 0 0
8	3	1 1 0 0 0 0 1 0 0 1 0 0 0 0 0 1
8	6	1 1 0 0 0 1 0 0 1 0 0 0 0 0 0 0
8	3	1 0 0 0 0 0 0 0 0 1 1 1 0 0 0 0
8	1	1 0 0 0 0 0 1 0 0 1 1 0 1 0 0 0
8	3	1 0 0 0 0 0 1 0 0 1 1 0 0 0 0 1
8	7	1 0 0 0 0 0 1 0 0 1 0 0 0 0 0 0
8	2	0 0 0 0 1 0 1 0 0 1 0 0 0 0 0 0
8	2	0 0 0 0 1 0 1 0 0 1 1 1 0 0 0 0
8	3	0 0 0 0 0 1 0 0 1 0 0 0 1 0 0 0
8	2	0 1 0 0 0 0 0 0 1 0 0 0 0 0 0 0
8	4	1 1 0 0 0 0 0 0 1 1 0 0 0 0 0 0
8	7	1 0 0 0 0 0 1 0 0 1 0 1 0 0 0 0
8	2	0 0 1 0 1 0 1 0 0 1 0 0 0 0 0 1
8	1	0 0 0 0 1 0 1 0 0 1 0 1 0 0 0 1
8	4	1 1 0 0 0 0 1 1 1 0 0 0 0 0 0 0
8	1	1 0 0 0 0 0 1 0 0 1 1 1 0 0 1 0
8	3	1 0 0 0 1 0 1 0 0 1 1 1 0 0 0 0
8	2	1 0 0 0 0 0 1 0 0 1 1 0 0 0 0 0
8	3	0 0 0 0 1 0 1 0 0 1 0 0 1 0 0 1
8	1	0 1 0 0 0 0 0 0 1 0 0 1 1 0 0 0
8	2	1 1 0 0 1 0 1 0 0 1 0 0 0 0 0 1
8	3	1 0 0 0 0 0 1 0 1 0 0 0 0 0 0 0
8	4	0 0 0 0 0 0 1 0 1 0 0 0 1 0 0 0
8	1	1 1 0 0 0 0 0 0 0 0 0 0 0 0 0 0
8	1	1 0 0 0 0 0 1 0 0 1 1 1 0 0 0 1
8	2	0 0 0 0 1 0 0 0 0 1 0 0 0 0 0 1
45	209	1 1 0 0 0 0 0 0 1 0 0 0 0 0 0 0
45	158	1 0 0 0 0 0 1 0 0 1 1 1 0 0 0 0
45	27	0 0 0 0 1 0 1 0 0 1 0 0 0 0 0 1
45	14	1 0 0 0 0 0 1 0 0 1 1 1 1 0 0 0
45	1	0 1 0 0 1 0 1 0 0 1 0 0 0 0 0 1
45	10	1 0 0 0 0 0 0 0 1 0 0 0 1 0 0 0
45	1	0 0 0 0 0 0 1 0 0 1 1 1 0 0 0 0
45	33	1 1 0 0 0 0 1 0 0 1 1 1 0 0 0 0
45	25	1 0 0 0 0 0 0 0 1 0 0 0 0 0 0 0
45	2	1 1 0 0 0 0 1 0 0 1 0 0 0 0 0 1
45	8	1 0 0 0 0 0 0 0 0 1 1 1 0 0 0 0
45	49	1 0 0 0 0 0 1 0 0 1 0 1 0 0 0 0
45	3	1 1 0 0 0 0 1 1 1 0 0 0 0 0 0 0
45	10	1 0 0 0 1 0 1 0 0 1 0 0 0 0 0 1
45	26	1 1 0 0 0 0 0 0 1 0 0 0 0 0 0 1
45	15	1 1 0 0 0 0 0 0 0 1 1 1 0 0 0 0
45	3	0 0 0 1 1 0 1 0 0 1 0 0 0 0 0 1
45	7	1 0 0 0 0 0 1 0 0 1 1 1 0 0 1 0
45	9	1 0 0 0 0 0 0 0 1 0 0 0 0 0 1 0
45	2	0 0 0 0 1 0 1 0 0 1 0 0 0 0 0 0
45	36	1 1 0 0 0 0 0 0 0 0 0 0 0 0 0 0
45	51	1 0 0 1 0 0 1 0 0 1 1 1 0 0 0 0
45	1	1 0 0 0 1 0 0 0 0 1 1 1 0 0 0 0
45	1	1 1 0 0 1 0 1 0 0 1 0 0 0 0 0 1
45	3	1 1 0 0 0 0 0 0 1 1 0 0 0 0 0 0
45	13	1 1 0 0 0 0 0 0 0 1 1 1 0 0 0 1
45	3	1 0 0 0 0 0 1 0 0 1 1 0 0 0 0 0
45	7	0 0 0 0 0 0 1 0 0 1 1 1 0 0 0 1
45	11	0 0 0 0 0 0 1 0 0 1 0 1 0 0 0 0
45	7	1 1 0 0 0 0 0 0 0 1 1 1 1 0 0 0
45	4	1 1 0 0 1 0 1 0 1 0 0 0 0 0 0 0
45	23	0 0 0 1 1 0 1 0 0 1 0 0 0 0 0 0
45	1	0 0 0 0 1 1 1 0 0 1 0 0 0 0 0 1
45	7	1 1 0 0 1 0 1 1 1 0 0 0 0 0 0 0
45	5	1 1 0 0 0 0 1 0 0 1 1 0 0 0 0 1
45	16	1 0 0 0 0 0 1 1 0 1 1 1 0 0 0 0
45	8	1 1 0 0 0 0 1 0 0 1 0 0 0 0 1 1
45	14	0 0 0 0 1 1 1 0 0 1 0 0 0 0 0 0
45	7	1 1 0 0 0 0 0 0 1 1 1 1 0 0 0 0
45	4	0 0 0 0 1 0 1 0 0 1 1 1 0 0 0 0
45	1	0 0 0 0 1 0 1 0 0 1 0 1 0 0 0 0
45	17	1 0 0 0 0 0 1 0 0 1 1 1 1 0 0 1
45	7	0 0 0 1 0 0 0 0 1 0 0 0 1 0 0 0
45	13	1 0 0 0 0 0 0 0 1 0 0 1 0 0 0 0
45	3	0 0 0 0 0 0 0 0 1 0 0 0 0 0 0 0
45	5	1 1 0 1 0 0 0 0 1 0 0 0 0 0 0 0
45	3	1 1 0 0 0 0 1 0 0 1 1 1 1 0 0 0
45	2	1 1 0 0 0 0 0 0 0 1 1 0 0 0 0 0
45	1	1 0 1 0 0 0 0 0 1 0 0 0 0 0 1 0
45	1	0 1 0 0 0 0 0 0 1 1 0 0 0 0 0 0
45	2	1 0 0 0 0 0 1 0 0 1 0 0 0 0 0 0
45	14	1 1 0 0 0 0 0 0 1 0 0 0 0 0 1 0
45	2	1 1 0 0 0 0 1 0 1 0 0 0 0 0 0 0
45	19	1 1 0 0 0 0 0 0 1 0 0 1 0 0 0 0
45	9	1 0 0 0 0 0 1 0 0 0 1 1 0 0 0 0
45	3	1 1 0 0 1 0 0 0 0 1 1 1 0 0 0 1
45	3	0 0 0 0 1 0 1 0 1 1 0 0 0 0 0 1
45	4	0 0 0 0 1 0 1 1 0 1 0 0 0 0 0 1
45	7	1 1 0 1 0 0 0 0 1 0 0 1 0 0 0 0
45	3	1 1 0 0 0 0 0 1 1 0 0 0 0 0 0 0
45	1	1 1 0 0 0 0 1 0 0 1 1 1 1 0 1 0
45	2	1 1 0 0 0 0 0 0 1 0 1 0 0 0 0 0
45	1	1 0 0 0 0 0 0 0 0 1 1 1 1 0 0 0
45	8	1 0 0 1 0 0 1 0 1 1 1 1 0 0 0 0
45	4	1 0 0 0 0 0 0 0 1 1 1 1 1 0 0 0
45	3	1 1 0 0 0 0 0 0 0 1 1 1 1 0 1 0
45	1	1 1 0 0 0 1 0 0 1 0 0 0 0 0 0 0
45	1	1 0 0 1 0 0 0 0 1 0 0 1 0 0 0 0
45	6	1 0 0 1 0 0 1 0 0 1 1 1 0 0 0 1
45	1	0 1 0 0 0 0 1 1 1 0 0 0 0 0 0 0
45	2	1 0 0 0 1 0 1 0 1 1 0 0 0 0 0 1
45	3	1 1 0 0 0 0 0 0 1 0 1 1 0 0 0 0
45	1	1 1 0 0 0 0 1 0 1 0 1 1 0 0 1 0
45	1	1 0 0 0 0 0 1 0 1 1 1 1 0 0 0 0
45	1	1 0 0 0 0 0 1 0 0 1 0 1 0 1 0 0
45	4	1 0 1 0 1 0 1 0 0 1 0 0 0 0 0 1
45	2	1 1 0 0 0 0 0 0 1 0 0 0 1 0 0 1
45	2	1 1 0 0 0 0 0 0 0 1 1 1 0 1 0 1
45	2	1 1 0 0 0 0 0 1 0 1 1 1 0 0 0 1
45	1	1 1 0 1 0 1 0 0 1 0 0 1 0 0 0 0
85	152	1 1 0 0 0 0 0 0 1 0 0 0 0 0 0 0
85	13	1 0 0 0 0 0 1 0 0 1 1 1 0 0 0 0
85	42	1 1 0 0 0 0 1 0 0 1 1 1 0 0 0 0
85	5	1 0 0 0 0 0 0 0 1 0 0 0 0 0 0 0
85	36	1 0 0 0 0 0 0 0 0 1 1 1 0 0 0 0
85	67	1 0 0 0 0 0 1 0 0 1 0 1 0 0 0 0
85	18	1 1 0 0 0 0 0 0 1 0 0 0 0 0 0 1
85	4	1 1 0 0 0 0 0 0 0 1 1 1 0 0 0 0
85	37	1 1 0 0 0 0 0 0 0 0 0 0 0 0 0 0
85	37	1 0 0 1 0 0 1 0 0 1 1 1 0 0 0 0
85	19	1 1 0 0 0 0 0 0 1 1 0 0 0 0 0 0
85	24	1 1 0 0 0 0 0 0 0 1 1 1 0 0 0 1
85	15	1 0 0 0 0 0 1 0 0 1 1 0 0 0 0 0
85	17	1 1 0 0 1 0 1 1 1 0 0 0 0 0 0 0
85	22	1 1 0 0 0 0 0 0 1 1 1 1 0 0 0 0
85	32	1 1 0 0 0 0 0 0 1 0 0 1 0 0 0 0
85	8	1 0 0 0 0 0 1 0 1 1 0 1 0 0 0 0
85	31	1 1 0 0 0 0 0 0 1 0 1 0 0 0 0 0
85	23	1 1 0 0 0 0 0 1 0 0 0 0 0 0 0 0
85	20	1 1 0 0 0 0 0 0 1 0 0 1 1 0 0 0
85	18	1 1 0 0 0 0 1 0 0 0 0 0 0 0 0 0
85	8	0 1 0 0 0 0 0 0 1 0 0 1 1 0 0 1
85	16	1 1 0 0 1 0 0 0 1 0 0 0 0 0 0 0
85	6	1 1 0 0 0 0 1 0 1 0 0 0 0 0 0 0
85	31	1 0 0 0 0 0 1 0 0 1 0 1 1 0 0 0
85	5	1 1 0 0 0 0 1 1 0 1 1 1 0 0 0 1
85	17	1 1 0 0 0 0 0 0 1 0 0 0 0 1 0 0
85	23	1 0 0 1 1 0 1 0 0 1 1 1 0 0 0 0
85	7	1 0 0 1 0 0 1 0 0 1 1 1 1 0 0 0
85	1	1 1 0 0 0 0 0 0 0 1 1 1 1 0 0 0
85	5	1 1 0 0 0 0 0 0 1 0 0 0 1 0 0 0
85	2	1 1 0 0 0 0 0 0 1 0 0 0 1 0 0 1
85	15	1 1 1 0 1 0 1 1 1 0 0 0 0 0 0 1
85	4	1 1 0 0 1 0 0 0 0 1 0 1 0 0 0 0
85	11	1 1 0 0 0 0 0 1 0 1 1 1 0 0 0 1
85	10	1 1 0 0 1 0 0 0 0 1 1 1 0 0 0 1
85	7	1 1 0 0 0 0 0 0 1 0 0 1 1 0 0 1
85	2	0 1 0 0 0 0 0 0 1 0 0 0 0 0 0 0
85	22	0 1 0 0 0 0 0 0 1 0 0 0 0 1 0 0
85	3	1 1 1 0 0 0 0 1 0 1 1 1 0 0 0 1
85	1	1 1 0 0 1 0 1 1 1 0 0 0 0 0 1 0
85	5	1 1 0 0 0 0 1 1 1 1 1 1 0 0 0 1
85	3	1 0 0 0 1 0 1 0 0 1 1 1 0 0 0 0
85	11	1 1 0 0 0 1 1 0 0 0 0 0 0 0 0 0
85	8	1 1 1 0 0 0 0 1 1 0 0 0 0 1 1 0
85	10	1 0 0 1 0 0 1 0 0 1 0 0 0 0 0 0
85	10	1 1 0 0 0 0 0 0 0 0 0 0 0 0 0 1
85	3	1 1 0 1 0 0 0 0 1 0 0 1 0 0 0 0
85	14	1 0 0 0 0 0 1 1 0 1 0 1 0 0 0 0
85	4	1 1 0 0 0 0 1 0 0 1 0 1 1 0 0 0
85	1	1 1 0 0 0 0 0 0 0 0 0 1 0 0 0 1
85	5	1 1 0 0 0 0 0 0 1 1 1 0 0 1 0 0
85	1	1 0 0 1 1 0 0 0 0 1 0 1 0 0 0 0
85	2	1 0 0 0 0 0 0 0 0 1 1 0 0 0 0 0
85	7	1 1 0 0 1 0 0 0 1 0 0 1 1 0 0 0
85	2	1 1 0 0 0 0 0 0 1 0 1 1 0 0 0 0
85	5	1 0 0 0 0 0 0 0 1 0 0 0 0 0 0 1
85	7	1 0 0 0 0 0 1 1 0 1 1 1 0 0 0 0
85	2	1 0 0 0 0 0 1 0 1 1 0 1 0 0 1 0
85	8	1 1 0 0 0 0 1 0 0 1 0 1 0 0 0 0
85	4	1 0 0 1 1 0 1 0 1 0 0 0 0 0 0 1
85	5	1 0 0 1 0 0 0 1 0 1 1 1 0 0 0 1
85	5	1 0 0 1 0 0 1 0 0 1 0 1 1 0 0 0
85	1	1 1 0 0 0 0 0 0 1 1 0 0 0 1 0 0
85	2	1 1 0 1 0 0 1 0 0 1 0 0 0 0 0 0
85	2	1 1 0 0 1 0 0 0 0 0 0 0 0 0 0 0
85	1	1 0 0 0 0 0 1 0 0 1 0 0 0 0 0 0
85	4	1 1 1 0 0 0 0 0 1 1 1 1 0 0 0 0
85	1	1 0 1 1 1 0 1 0 0 1 1 1 0 0 0 0
85	1	0 1 0 0 0 0 0 0 1 1 0 0 0 1 0 0
85	1	1 1 0 0 0 0 0 0 1 1 0 1 0 0 0 0
85	1	1 0 0 1 1 0 0 0 0 1 1 1 0 0 0 1
85	2	1 0 0 0 1 0 1 0 0 1 0 1 0 0 0 0
85	4	0 0 0 0 0 0 1 0 0 1 0 1 0 0 0 0
85	2	1 1 0 0 0 0 0 0 1 0 1 0 0 1 0 0
85	1	1 0 0 0 0 0 0 1 0 1 1 1 0 0 0 1
85	2	1 0 0 1 0 0 1 0 0 1 1 1 0 0 0 1
85	2	1 0 0 1 0 0 1 0 0 1 1 0 0 0 0 0
85	1	1 1 0 0 1 0 0 0 1 0 1 1 0 0 0 0
85	3	1 0 1 0 0 0 1 0 0 1 0 1 0 0 0 0
85	1	1 1 1 0 0 0 0 0 1 0 0 0 0 0 0 1
85	2	1 1 0 0 0 0 0 0 0 1 1 1 0 1 0 0
85	1	1 0 0 1 0 0 1 0 0 1 1 1 0 1 0 0
85	1	1 1 0 0 0 0 0 0 0 1 1 1 0 1 0 1
85	1	1 1 0 0 0 0 1 0 0 1 1 1 0 0 0 1
85	2	0 1 0 0 0 1 0 0 1 0 0 1 1 0 0 1
85	1	1 1 0 0 0 0 0 0 0 0 0 0 1 0 0 1
85	2	1 1 0 0 0 1 1 0 0 0 0 1 0 0 0 0
154	137	1 1 0 0 0 0 0 0 1 0 0 0 0 0 0 0
154	2	1 0 0 0 0 0 1 0 0 1 1 1 0 0 0 0
154	60	1 1 0 0 0 0 1 0 0 1 1 1 0 0 0 0
154	2	1 0 0 0 0 0 0 0 1 0 0 0 0 0 0 0
154	7	1 1 0 0 0 0 0 0 1 0 0 0 0 0 0 1
154	3	1 1 0 0 0 0 0 0 0 0 0 0 0 0 0 0
154	20	1 0 0 1 0 0 1 0 0 1 1 1 0 0 0 0
154	1	1 1 0 0 0 0 0 0 1 1 0 0 0 0 0 0
154	34	1 1 0 0 0 0 0 0 1 0 0 1 0 0 0 0
154	24	1 1 0 0 0 0 0 0 1 0 1 0 0 0 0 0
154	58	1 1 0 0 0 0 1 0 0 0 0 0 0 0 0 0
154	50	1 1 0 0 0 0 1 0 1 0 0 0 0 0 0 0
154	17	1 1 0 0 0 0 0 0 1 0 0 0 1 0 0 0
154	24	0 1 0 0 0 0 0 0 1 0 0 0 0 0 0 0
154	11	1 1 1 0 0 0 0 0 1 0 0 0 0 0 0 0
154	12	1 1 0 0 0 0 0 0 0 0 0 0 0 0 1 0
154	34	1 1 0 0 0 1 0 0 1 0 0 0 0 0 0 0
154	8	1 0 0 0 0 0 0 0 1 0 0 0 1 0 0 0
154	2	1 1 0 0 0 0 1 0 1 0 0 0 1 0 0 0
154	23	1 1 0 0 0 0 1 1 1 0 0 0 0 0 0 1
154	24	1 1 0 0 0 1 0 0 0 0 1 0 0 0 0 0
154	24	1 1 1 0 0 0 1 0 0 0 0 0 0 0 0 0
154	23	1 0 0 0 1 0 0 0 0 1 1 1 0 0 0 0
154	35	1 1 0 0 0 0 0 0 1 0 1 0 0 1 0 0
154	8	1 1 0 0 0 0 1 0 0 1 1 1 1 0 0 0
154	7	1 1 1 0 0 0 0 0 0 1 0 0 0 0 0 0
154	17	1 1 0 0 0 0 0 1 1 1 0 0 0 0 0 1
154	10	1 1 0 0 0 0 1 0 1 0 0 1 0 0 0 0
154	6	1 1 0 0 0 0 0 0 1 0 1 1 0 0 0 0
154	2	1 1 0 0 0 0 1 1 1 0 0 0 0 0 0 0
154	7	0 1 0 0 0 0 0 0 1 0 0 0 1 0 0 0
154	18	0 1 0 0 0 0 1 0 1 0 0 0 0 0 0 0
154	13	1 1 0 0 1 1 0 0 1 0 0 0 0 0 0 0
154	11	1 1 0 0 0 0 1 1 1 0 0 0 1 0 0 0
154	24	1 1 0 1 0 0 0 0 0 0 0 0 0 0 1 0
154	9	1 1 0 0 0 0 1 0 1 0 1 0 1 0 0 0
154	1	1 1 0 0 0 1 0 0 1 0 1 0 0 0 0 0
154	5	1 1 0 0 0 0 0 0 0 0 0 0 0 1 0 0
154	1	1 1 0 0 0 0 0 0 1 0 0 0 1 0 0 1
154	5	1 1 0 0 0 1 1 0 0 0 0 0 0 0 0 0
154	18	1 1 1 0 0 0 1 0 1 0 0 1 0 0 0 0
154	6	1 1 0 1 0 1 0 0 1 0 0 0 0 0 0 0
154	4	1 1 0 1 0 0 0 0 1 0 0 0 0 0 0 0
154	4	1 1 0 0 0 1 0 0 0 1 1 1 1 0 0 0
154	11	1 1 0 0 0 0 0 0 1 0 1 0 1 0 0 0
154	10	0 1 0 0 0 0 1 0 0 1 1 1 1 0 0 0
154	2	0 1 0 0 0 0 1 0 0 0 0 0 0 0 0 0
154	11	1 0 0 1 0 0 1 0 0 1 0 0 0 0 0 0
154	10	1 1 0 0 1 0 1 0 1 0 0 0 0 0 0 0
154	3	1 1 0 0 0 0 1 1 0 0 0 0 1 0 0 0
154	8	1 1 1 1 0 0 0 0 1 0 0 0 0 0 0 0
154	12	1 1 0 0 0 1 1 0 0 1 1 1 0 0 0 0
154	6	1 1 1 0 0 0 1 0 0 1 0 0 0 0 1 0
154	5	1 1 1 0 0 0 0 0 1 0 0 0 1 0 0 0
154	14	1 1 1 1 0 0 0 0 0 0 0 0 0 0 1 0
154	3	1 1 1 0 0 0 0 0 0 0 1 0 0 0 0 0
154	11	1 1 0 0 0 1 0 0 0 1 1 1 0 0 0 0
154	5	1 1 0 0 0 1 0 0 0 0 1 0 0 1 0 0
154	5	1 1 1 0 0 1 0 0 1 0 0 0 1 0 0 0
154	11	1 0 0 1 0 0 1 0 1 0 0 0 0 0 0 0
154	1	1 1 1 0 0 0 0 0 0 1 0 0 0 0 0 1
154	6	1 1 0 1 0 0 0 0 0 0 0 0 0 0 0 0
154	6	1 1 0 0 0 0 0 0 1 0 0 0 1 1 0 0
154	1	1 0 0 0 1 0 0 0 1 1 1 1 0 0 0 0
154	2	1 0 0 0 0 0 0 0 0 1 0 0 0 0 0 0
154	7	1 0 0 0 0 0 1 0 0 0 0 0 0 0 0 0
154	4	0 1 0 0 0 0 1 0 0 1 1 1 0 0 0 0
154	2	1 1 0 0 0 0 0 0 0 1 1 1 1 0 0 0
154	5	1 1 0 0 0 0 1 0 0 1 0 1 0 0 0 0
154	4	1 1 0 0 0 0 1 0 1 0 0 0 0 0 0 1
154	3	1 1 0 0 0 0 1 0 1 0 0 0 1 1 0 0
154	2	1 0 0 0 0 0 1 0 0 0 1 1 1 0 0 0
154	2	1 0 0 1 0 0 1 0 0 1 1 1 0 0 1 0
154	1	1 0 0 1 0 0 0 0 0 1 1 1 0 0 0 0
154	1	1 1 0 0 0 0 1 0 0 1 1 1 0 1 0 0
154	2	1 1 0 0 0 0 1 0 1 1 0 0 0 0 0 0
154	1	1 1 0 1 0 0 0 0 0 0 0 0 0 0 1 1
154	1	1 1 0 0 0 1 0 0 0 0 0 0 0 0 1 0
154	3	1 1 0 0 0 0 1 0 1 0 1 0 0 0 0 1
154	1	1 0 0 0 0 0 1 0 1 0 1 0 1 0 0 0
154	1	1 1 0 0 0 0 0 1 1 0 0 0 0 0 0 0
154	1	1 1 0 0 0 1 0 0 1 0 0 0 0 0 0 1
154	3	1 1 1 1 1 0 0 0 1 0 0 0 0 0 0 0
154	1	1 0 0 0 0 1 1 0 0 1 1 1 0 0 0 0
154	1	1 1 1 0 0 0 0 0 0 1 1 0 0 0 0 0
239	47	1 1 0 0 0 0 0 0 1 0 0 0 0 0 0 0
239	28	1 1 0 0 0 0 0 0 1 0 0 1 0 0 0 0
239	9	1 1 0 0 0 0 0 0 1 0 1 0 0 0 0 0
239	6	1 1 0 0 0 0 1 0 0 0 0 0 0 0 0 0
239	24	1 1 0 0 0 0 1 1 1 0 0 0 0 0 0 1
239	53	1 1 0 0 0 1 0 0 1 0 1 0 0 0 0 0
239	198	1 1 1 1 1 0 0 0 1 0 0 0 0 0 0 0
239	14	1 1 1 0 1 0 1 0 0 0 0 0 0 0 0 0
239	7	1 1 1 0 0 0 0 0 1 0 0 0 0 0 0 0
239	6	1 1 0 1 0 0 0 0 1 0 0 0 0 0 0 0
239	37	1 1 0 0 1 0 1 0 1 0 0 0 0 0 0 1
239	41	1 1 1 1 0 0 0 0 1 0 0 0 0 0 0 0
239	2	0 1 0 0 0 1 0 0 1 0 1 0 0 0 0 0
239	2	1 1 0 0 0 0 0 0 1 0 0 1 0 0 0 1
239	21	1 1 0 0 0 0 1 1 1 0 0 0 0 0 0 0
239	26	1 1 1 1 1 0 0 0 1 1 1 0 0 0 0 0
239	2	1 0 0 0 0 0 1 0 0 0 0 0 0 0 0 0
239	15	1 0 1 0 0 0 0 1 0 1 1 1 1 0 0 0
239	5	1 1 0 0 0 0 1 1 0 0 0 0 0 0 0 0
239	24	1 1 1 1 1 0 0 0 1 1 1 1 1 0 0 0
239	50	1 1 1 0 0 0 1 0 0 0 0 1 0 0 0 0
239	5	1 1 0 0 0 0 0 0 0 1 1 1 1 0 0 1
239	24	1 0 1 1 1 0 0 0 0 1 1 0 0 0 0 0
239	24	1 1 1 1 1 0 0 0 1 0 0 0 0 1 0 0
239	24	1 1 1 1 1 0 0 0 1 0 0 1 0 0 0 0
239	1	1 1 1 0 1 0 0 0 1 0 0 0 0 0 0 0
239	11	1 1 1 1 1 1 0 0 1 0 0 0 0 0 0 0
239	7	1 1 1 1 1 0 1 0 1 1 1 0 0 0 0 0
239	2	1 0 1 1 1 0 0 0 0 1 1 0 0 0 1 0
239	4	1 1 1 0 0 0 0 0 1 0 1 0 0 0 0 0
239	1	0 1 0 0 0 0 0 0 1 0 0 1 0 0 0 0
239	6	1 1 0 0 0 0 0 0 0 1 1 1 1 1 0 0
239	10	1 0 1 1 1 0 0 0 1 0 0 0 0 0 0 0
239	28	1 1 1 0 0 0 1 0 0 0 0 0 0 0 0 0
239	18	0 1 0 0 1 0 1 0 0 0 0 1 0 1 0 0
239	12	1 1 1 1 1 0 1 0 1 0 0 0 0 0 0 0
239	1	1 1 1 0 1 0 1 0 0 0 0 1 0 1 0 0
239	6	1 1 1 1 0 0 1 0 0 0 0 0 0 0 1 0
239	7	0 1 1 0 0 0 0 0 0 0 0 0 0 0 1 0
239	3	1 1 0 0 0 0 1 0 1 0 0 1 0 0 0 0
239	6	1 1 1 1 1 0 0 0 1 1 1 0 0 0 0 1
239	7	1 1 1 0 0 1 1 0 0 0 0 0 0 0 0 0
239	1	1 1 1 1 1 0 0 0 0 1 1 0 0 0 0 0
239	1	1 1 1 1 1 0 0 0 1 0 0 0 1 1 0 0
239	5	1 1 0 1 1 0 0 0 1 0 0 0 0 0 0 0
239	3	1 1 1 0 1 0 1 0 0 0 0 0 0 0 0 1
239	2	0 1 0 1 0 0 0 0 1 0 0 1 0 0 0 1
239	6	1 1 0 0 0 0 0 0 1 0 0 0 0 0 0 1
239	4	1 1 0 0 0 0 1 0 1 0 0 0 0 0 0 0
239	4	1 1 0 0 0 1 0 0 1 0 0 0 0 0 0 0
239	15	1 1 0 0 0 0 1 0 0 0 0 1 0 0 0 0
239	6	1 1 1 1 1 1 0 0 1 0 1 0 0 0 0 0
239	14	1 1 1 0 1 0 0 0 1 1 1 1 1 0 0 0
239	3	1 0 0 0 0 1 0 0 1 0 1 0 0 0 0 0
239	3	0 1 1 0 0 0 0 0 0 0 0 0 0 0 0 0
239	2	1 0 1 1 1 0 0 0 0 1 1 1 0 0 0 0
239	7	1 1 0 0 1 0 1 0 0 0 0 0 0 0 0 0
239	2	1 1 1 1 1 0 0 0 1 0 0 0 0 0 0 1
239	4	1 1 1 0 0 0 0 0 1 0 0 0 0 0 0 1
239	1	1 1 1 1 1 0 0 0 1 0 0 0 0 0 1 0
239	3	1 0 1 0 1 0 0 1 0 0 0 0 0 0 0 0
239	6	1 1 1 0 0 0 1 0 0 0 1 1 1 0 0 0
239	6	1 0 1 0 1 0 0 1 0 0 1 0 0 0 1 0
239	1	1 0 1 0 0 0 0 1 0 0 1 1 1 0 0 0
239	2	1 0 1 0 0 0 0 0 1 0 0 0 0 0 0 0
239	6	1 1 1 1 1 0 0 1 1 0 0 0 0 0 0 0
239	4	1 1 1 1 0 1 0 1 1 0 0 0 0 0 0 0
239	2	0 1 0 0 0 0 0 0 1 0 0 0 0 0 0 0
239	2	1 0 1 1 1 0 0 0 0 0 0 1 0 0 0 0
239	1	1 1 1 0 1 0 0 0 1 1 1 0 0 0 0 0
239	5	1 1 0 0 1 0 1 0 1 0 0 0 0 0 0 0
239	4	1 1 1 1 1 1 0 0 1 1 1 0 0 0 0 0
239	2	1 1 1 0 0 0 0 1 0 1 1 1 1 0 0 0
239	3	1 1 1 1 1 0 0 0 1 0 0 0 0 1 1 0
239	2	1 1 1 0 1 0 1 0 1 1 1 0 0 0 0 0
239	3	1 1 0 0 0 1 0 0 1 0 0 0 0 1 0 0
239	1	1 0 1 1 1 0 1 0 1 1 1 0 0 1 0 0
239	3	1 1 1 0 1 0 1 0 0 0 1 0 0 0 0 0
239	2	1 1 1 1 1 0 1 0 0 0 0 1 0 0 0 0
239	3	1 1 1 1 1 0 1 0 1 0 0 1 1 0 0 0
239	2	1 1 1 1 0 0 1 0 0 0 0 0 0 0 0 0
239	1	1 0 0 0 0 1 1 0 0 0 0 0 0 0 0 0
239	4	1 1 1 1 1 0 0 0 1 1 1 1 0 0 0 0
239	1	0 1 1 1 1 0 0 0 1 0 0 0 0 1 0 0
239	1	1 1 1 1 1 0 1 0 1 1 0 0 0 0 0 0
239	3	1 1 0 0 0 1 1 0 1 0 0 1 0 0 0 0
239	2	1 1 0 0 0 0 1 0 0 0 0 0 0 0 0 1
239	1	1 1 0 1 0 1 0 1 1 0 0 0 0 0 0 0
239	2	1 1 1 1 1 0 1 0 1 0 0 0 0 0 0 1
239	1	1 1 0 0 0 0 1 0 0 0 0 1 0 0 0 1
239	1	1 1 0 0 0 0 0 0 1 0 0 0 0 0 1 0
239	2	1 1 0 0 0 0 1 0 1 0 0 0 0 0 0 1
239	1	1 1 1 0 0 0 0 0 1 0 0 0 0 1 0 0
239	1	1 1 1 1 0 0 0 0 1 0 0 0 1 0 0 0
239	3	1 1 0 0 1 0 1 1 1 0 0 0 0 0 0 0
239	1	1 1 1 1 1 0 0 0 1 1 0 1 0 0 0 0
239	3	0 1 1 0 0 0 0 0 0 0 1 0 0 0 1 0
239	2	0 1 0 0 0 0 0 0 1 0 0 1 0 0 0 1
252	48	1 1 0 0 0 0 0 0 1 0 0 0 0 0 0 0
252	32	1 1 0 0 0 0 0 0 1 0 0 1 0 0 0 0
252	7	1 1 0 0 0 0 0 0 1 0 1 0 0 0 0 0
252	3	1 1 0 0 0 0 1 0 0 0 0 0 0 0 0 0
252	4	1 1 0 0 0 0 1 1 1 0 0 0 0 0 0 1
252	31	1 1 0 0 0 1 0 0 1 0 1 0 0 0 0 0
252	175	1 1 1 1 1 0 0 0 1 0 0 0 0 0 0 0
252	10	1 1 1 0 1 0 1 0 0 0 0 0 0 0 0 0
252	41	1 1 1 0 0 0 0 0 1 0 0 0 0 0 0 0
252	6	1 1 0 1 0 0 0 0 1 0 0 0 0 0 0 0
252	2	1 1 0 0 1 0 1 0 1 0 0 0 0 0 0 1
252	25	1 1 1 1 0 0 0 0 1 0 0 0 0 0 0 0
252	4	1 1 0 0 0 0 1 1 1 0 0 0 0 0 0 0
252	9	1 1 1 1 1 0 0 0 1 1 1 0 0 0 0 0
252	12	1 1 0 0 0 0 1 1 0 0 0 0 0 0 0 0
252	10	1 1 1 1 1 0 0 0 1 1 1 1 1 0 0 0
252	49	1 1 1 0 0 0 1 0 0 0 0 1 0 0 0 0
252	7	1 1 0 0 0 0 0 0 0 1 1 1 1 0 0 1
252	11	1 0 1 1 1 0 0 0 0 1 1 0 0 0 0 0
252	17	1 1 1 1 1 0 0 0 1 0 0 0 0 1 0 0
252	20	1 1 1 1 1 0 0 0 1 0 0 1 0 0 0 0
252	11	1 1 1 0 1 0 0 0 1 0 0 0 0 0 0 0
252	6	1 1 1 1 1 1 0 0 1 0 0 0 0 0 0 0
252	25	1 1 1 0 0 0 1 0 0 0 0 0 0 0 0 0
252	15	0 1 0 0 1 0 1 0 0 0 0 1 0 1 0 0
252	1	1 1 1 1 1 0 1 0 1 0 0 0 0 0 0 0
252	16	1 1 1 1 0 0 1 0 0 0 0 0 0 0 1 0
252	9	0 1 1 0 0 0 0 0 0 0 0 0 0 0 1 0
252	12	1 1 1 1 1 0 0 0 1 1 1 0 0 0 0 1
252	13	1 1 1 0 0 1 1 0 0 0 0 0 0 0 0 0
252	11	1 1 0 1 1 0 0 0 1 0 0 0 0 0 0 0
252	3	1 1 0 0 0 0 0 0 1 0 0 0 0 0 0 1
252	15	1 1 0 0 0 1 0 0 1 0 0 0 0 0 0 0
252	13	1 1 0 0 0 0 1 0 0 0 0 1 0 0 0 0
252	4	0 1 1 0 0 0 0 0 0 0 0 0 0 0 0 0
252	3	1 0 1 1 1 0 0 0 0 1 1 1 0 0 0 0
252	14	1 0 1 0 0 0 0 0 1 0 0 0 0 0 0 0
252	4	1 1 1 1 0 1 0 1 1 0 0 0 0 0 0 0
252	7	1 0 1 1 1 0 0 0 0 0 0 1 0 0 0 0
252	5	1 1 0 0 1 0 1 0 1 0 0 0 0 0 0 0
252	1	1 1 1 1 1 1 0 0 1 1 1 0 0 0 0 0
252	2	1 1 1 0 1 0 1 0 0 0 1 0 0 0 0 0
252	8	1 1 0 0 0 0 1 0 0 0 0 0 0 0 0 1
252	25	1 1 1 1 1 0 1 0 1 0 0 0 0 0 0 1
252	6	1 1 0 0 0 0 1 0 1 0 0 0 0 0 0 1
252	3	1 0 0 0 0 1 1 0 0 0 1 0 0 0 0 0
252	9	1 1 0 0 0 0 1 1 1 1 0 0 0 0 0 0
252	12	1 1 1 1 1 0 1 0 0 1 1 0 0 0 0 0
252	6	1 1 1 1 0 0 0 0 1 0 0 1 0 0 0 0
252	1	1 1 1 1 0 0 0 0 1 1 1 1 1 0 0 0
252	6	1 1 0 0 0 0 0 0 0 0 1 1 1 1 0 0
252	8	1 1 0 1 0 0 1 0 0 0 0 0 0 0 1 0
252	9	1 1 0 0 0 0 1 1 1 0 0 0 1 0 0 1
252	13	1 1 1 1 1 1 0 1 1 0 1 0 0 0 0 0
252	6	1 1 1 1 1 0 1 0 0 0 0 0 0 0 1 0
252	12	1 1 1 0 0 0 0 0 0 0 0 0 0 0 1 0
252	2	1 1 0 1 1 0 0 0 1 0 0 1 0 0 0 0
252	16	1 1 1 1 1 0 0 0 0 0 0 0 0 0 0 0
252	10	1 1 0 0 0 1 0 0 1 0 0 0 0 0 1 0
252	4	0 1 1 0 0 0 1 1 1 0 0 0 0 0 0 1
252	1	1 1 1 0 0 0 0 0 1 1 1 1 1 0 0 0
252	8	1 1 0 0 0 0 1 0 1 0 0 0 0 0 0 0
252	4	1 0 1 1 1 1 0 0 1 0 0 0 0 0 0 0
252	8	0 1 0 0 1 0 1 1 0 0 0 1 0 1 0 0
252	5	1 1 0 1 0 0 1 0 0 0 1 0 0 0 1 0
252	5	0 1 0 0 0 0 0 0 1 0 0 0 0 0 0 0
252	4	1 1 0 0 0 0 0 1 1 0 0 1 0 0 0 0
252	1	1 1 1 1 1 0 0 0 1 1 0 0 0 0 0 0
252	9	1 0 1 1 1 0 0 0 1 0 0 1 0 0 0 0
252	2	1 1 0 0 1 0 1 0 1 0 0 0 0 1 0 0
252	2	1 1 1 1 1 0 0 1 1 0 0 0 0 0 0 0
252	4	1 1 1 0 0 0 1 1 1 0 0 0 0 0 0 1
252	1	1 1 1 0 0 0 1 0 0 0 0 1 0 1 0 0
252	4	1 1 1 1 1 0 1 0 0 0 0 0 0 0 0 1
252	2	1 1 1 0 0 0 1 1 1 0 0 0 1 0 0 0
252	6	1 1 1 0 0 0 1 0 0 0 1 0 0 0 0 0
252	3	1 1 1 1 1 1 0 1 1 0 0 0 0 0 0 0
252	3	0 1 1 0 0 0 1 1 1 1 0 0 0 0 0 1
252	5	1 1 1 0 1 0 0 0 1 0 0 0 0 1 1 0
252	5	1 0 1 1 1 0 0 0 0 0 0 0 0 0 0 0
252	2	1 1 1 1 1 0 1 0 1 0 0 0 0 1 0 0
252	5	1 1 1 0 1 0 1 1 0 0 0 0 0 0 0 0
252	6	0 1 1 0 0 0 1 0 0 0 0 1 0 0 0 0
252	3	1 1 1 1 1 0 0 0 1 1 0 1 0 0 0 0
252	3	1 1 1 1 1 0 0 0 1 1 1 0 0 0 1 0
252	1	0 1 0 0 1 0 1 1 0 0 0 1 1 1 0 0
252	5	1 1 0 1 0 0 1 0 0 0 1 0 1 0 1 0
252	2	1 1 0 0 0 0 1 1 0 0 0 0 0 0 0 1
252	1	1 1 0 0 0 0 1 1 1 1 0 0 0 0 0 1
252	2	1 1 0 1 0 0 1 0 0 0 0 1 0 0 0 0
252	1	1 1 1 0 0 0 0 0 0 0 0 0 0 0 0 0
252	2	1 1 1 1 0 0 1 0 0 0 0 0 1 0 1 0
252	2	1 0 1 1 1 0 0 0 0 0 0 1 0 0 0 1
252	1	1 1 0 0 1 0 1 0 1 0 1 0 0 0 0 0
252	2	1 1 0 0 0 0 1 0 0 0 1 0 0 0 0 0
252	2	1 1 1 0 0 0 1 0 1 0 0 0 0 0 0 1
252	2	1 1 1 1 1 0 0 0 1 0 0 0 0 0 1 0
252	3	1 1 0 1 1 0 0 0 0 0 0 0 0 0 0 0
252	2	1 1 0 0 0 0 0 1 1 0 0 0 0 0 0 1
252	2	1 0 1 0 0 0 0 0 1 0 0 1 0 0 0 0
350	301	1 1 1 1 1 0 0 0 1 0 0 0 0 0 0 0
350	102	1 1 1 1 1 0 0 0 1 0 0 1 0 0 0 0
350	127	1 1 1 1 1 0 0 0 0 0 0 0 0 0 0 0
350	12	1 1 1 1 0 0 0 0 0 0 0 0 0 0 0 0
350	15	1 1 1 1 1 0 1 0 0 0 0 0 0 0 0 0
350	55	1 1 1 1 1 0 0 1 1 0 0 0 0 0 0 0
350	13	1 1 1 1 0 0 0 1 0 0 0 0 0 0 0 0
350	31	1 1 1 1 1 0 0 0 0 0 0 0 0 0 0 1
350	19	1 1 0 1 1 0 0 0 0 0 0 0 0 0 0 0
350	5	1 1 1 1 1 0 0 0 0 0 0 1 0 0 0 0
350	17	1 1 1 1 1 0 1 0 1 0 0 1 0 0 0 0
350	16	1 1 1 1 0 0 0 0 1 0 0 0 0 0 0 0
350	25	1 1 1 1 1 0 0 0 1 1 0 0 0 0 0 0
350	1	1 1 0 1 1 0 0 0 1 0 0 0 0 0 1 0
350	42	1 1 1 1 1 0 0 1 0 0 0 0 0 0 0 0
350	2	1 1 1 1 0 1 1 1 0 0 0 0 0 0 0 0
350	1	1 1 1 1 1 0 0 1 1 1 0 0 0 0 0 0
350	12	1 1 1 1 0 0 1 0 0 0 0 0 0 0 0 0
350	17	1 1 1 0 1 0 0 0 0 0 0 1 0 0 0 0
350	3	1 1 1 1 1 0 0 0 1 0 1 0 0 0 0 0
350	25	1 1 1 1 1 0 1 0 1 0 0 0 0 0 0 0
350	4	1 0 1 1 1 0 0 0 1 0 0 1 0 0 0 0
350	13	1 1 1 1 1 0 0 0 1 0 0 1 0 0 0 1
350	3	1 1 1 1 0 0 0 1 0 0 0 1 0 0 0 0
350	12	1 1 1 1 0 0 1 1 0 0 0 0 0 0 0 0
350	2	1 1 1 1 1 0 0 1 1 1 0 1 0 0 0 0
350	1	1 1 0 1 1 0 0 0 1 0 0 0 0 1 0 0
350	2	1 1 1 1 1 0 0 0 1 0 0 0 0 0 0 1
350	3	1 0 1 1 1 0 0 1 0 0 0 0 0 0 0 0
350	2	1 1 1 1 1 0 0 0 0 0 0 0 0 1 1 0
350	9	0 1 1 1 1 0 0 0 1 0 0 0 0 0 0 0
350	13	1 1 1 1 1 0 1 0 1 0 0 0 0 0 1 0
350	2	1 1 1 0 1 0 0 0 0 0 0 1 0 1 0 0
350	8	1 1 0 1 1 0 0 0 1 0 0 0 0 0 0 0
350	3	1 1 0 1 1 0 0 0 1 0 0 1 0 0 0 0
350	2	1 1 1 1 1 0 0 0 1 0 0 0 0 1 0 0
350	2	1 1 1 1 1 0 0 0 1 0 0 1 0 1 0 0
350	5	1 1 0 1 1 0 0 1 0 0 0 0 0 0 0 0
350	3	1 1 1 1 1 0 0 1 1 1 1 0 0 0 0 0
350	9	1 1 1 1 0 0 0 0 1 0 0 1 0 0 0 0
350	1	1 1 1 1 1 0 0 1 0 1 0 0 0 0 0 0
350	5	1 1 1 1 0 0 0 0 0 0 0 0 0 0 1 0
350	5	1 0 1 1 1 0 0 0 1 0 0 0 0 0 0 0
350	5	1 1 1 1 0 0 0 0 1 0 0 0 0 0 1 0
350	5	1 1 1 1 0 0 0 0 0 0 0 0 1 0 0 0
350	1	1 1 1 1 1 1 0 1 1 0 0 0 0 0 0 0
350	2	1 1 0 1 1 0 0 0 0 0 0 1 0 0 0 0
350	4	1 0 0 1 1 0 0 0 1 0 0 1 0 0 0 0
350	1	1 1 1 1 1 0 0 1 1 0 0 0 0 0 0 1
350	1	0 1 1 1 1 0 0 0 0 1 0 0 0 0 0 0
350	3	0 1 1 1 1 0 0 0 0 0 0 0 0 0 0 1
350	2	1 1 1 1 1 0 1 0 0 0 0 1 0 0 0 0
350	2	0 1 1 1 0 0 0 0 1 0 0 0 0 0 0 0
350	3	1 1 0 1 1 0 0 0 1 1 0 0 0 0 0 0
350	5	1 1 1 1 1 0 1 0 1 0 0 0 0 0 0 1
350	3	1 1 1 0 0 0 0 1 0 0 0 1 0 0 0 0
350	2	1 1 1 0 1 0 0 0 1 0 0 0 0 0 0 0
350	4	1 1 1 1 1 0 0 1 1 0 0 1 0 0 0 0
350	3	1 1 1 1 1 0 0 0 0 0 0 0 0 0 1 0
350	2	1 1 1 1 1 1 0 0 0 0 0 0 0 0 0 1
350	1	1 1 1 1 1 0 1 1 1 0 0 0 0 0 0 0
350	1	0 1 1 1 1 0 0 0 1 0 0 1 0 0 0 0
400	218	1 1 1 1 1 0 0 0 1 0 0 0 0 0 0 0
400	5	1 1 1 1 1 0 0 0 1 0 0 1 0 0 0 0
400	3	1 1 1 1 1 0 0 0 0 0 0 0 0 0 0 0
400	45	1 1 1 1 1 0 1 0 0 0 0 0 0 0 0 0
400	58	1 1 1 1 1 0 0 1 1 0 0 0 0 0 0 0
400	65	1 1 1 1 0 0 0 1 0 0 0 0 0 0 0 0
400	14	1 1 1 1 1 0 0 0 0 0 0 0 0 0 0 1
400	113	1 1 1 1 0 0 0 0 1 0 0 0 0 0 0 0
400	31	1 1 1 1 1 0 0 0 1 1 0 0 0 0 0 0
400	30	1 1 1 1 1 0 0 1 0 0 0 0 0 0 0 0
400	17	1 1 1 1 0 0 1 1 0 0 0 0 0 0 0 0
400	5	1 1 1 1 1 0 1 0 1 0 0 0 0 0 1 0
400	25	1 1 1 0 0 0 0 0 0 0 0 0 0 0 0 0
400	3	0 1 1 1 1 0 1 0 1 0 0 1 0 0 0 0
400	2	1 0 1 1 1 0 1 0 1 0 0 1 0 0 0 0
400	22	1 1 1 1 0 0 1 1 1 0 0 0 0 0 0 0
400	10	1 1 0 0 1 0 0 0 1 0 0 1 0 0 0 0
400	30	1 1 1 1 1 1 0 0 0 0 0 0 0 0 0 0
400	6	1 0 1 1 1 0 0 0 1 0 0 0 0 0 0 0
400	2	1 1 1 0 0 0 0 0 1 0 0 0 0 0 0 0
400	14	1 1 1 1 1 1 0 0 1 0 0 0 0 0 0 0
400	1	1 0 1 1 1 0 1 0 1 0 0 0 0 0 0 0
400	3	1 1 1 0 1 0 0 0 0 0 0 0 0 0 0 0
400	8	0 1 1 1 0 0 0 0 1 0 0 0 0 0 0 0
400	11	1 1 1 1 0 1 0 0 1 0 0 0 0 0 0 0
400	16	1 1 0 1 1 0 0 0 0 0 0 0 0 0 0 1
400	6	0 1 1 1 0 0 0 0 1 1 0 0 0 0 0 0
400	4	1 1 1 1 1 0 1 0 0 0 0 0 0 0 1 0
400	7	0 1 1 1 1 0 0 1 0 0 0 0 0 0 0 0
400	21	1 1 1 0 1 0 0 0 1 0 0 0 0 0 0 0
400	2	1 1 1 1 0 0 0 0 0 0 0 0 0 0 0 0
400	1	1 1 1 1 1 1 0 0 0 0 0 0 0 0 0 1
400	15	1 1 1 1 1 0 1 0 1 0 0 0 0 0 0 0
400	2	1 1 1 1 0 1 1 1 0 0 0 1 0 0 0 0
400	2	1 1 1 0 0 0 0 0 0 0 0 0 1 0 1 0
400	10	1 1 1 1 0 0 0 0 1 1 0 0 0 0 0 0
400	2	1 1 1 0 1 1 0 0 1 0 0 1 0 0 0 0
400	6	1 1 1 1 1 0 0 0 1 0 0 0 0 0 0 1
400	7	1 1 1 1 0 1 0 0 1 0 1 0 0 0 0 0
400	3	0 1 1 1 1 0 0 0 1 0 0 0 0 0 0 0
400	1	1 1 1 1 1 0 1 0 0 0 1 0 0 0 0 0
400	1	1 1 1 1 1 0 1 0 1 1 0 0 0 0 0 0
400	6	1 1 1 1 0 0 1 1 0 0 0 0 1 0 0 0
400	30	1 1 1 1 1 0 0 0 0 0 0 1 0 0 0 0
400	7	1 1 1 1 1 0 0 1 1 0 0 0 1 0 0 0
400	2	1 1 1 1 1 1 0 1 0 0 0 0 0 0 0 1
400	4	1 1 0 1 1 0 0 0 0 0 0 0 0 0 0 0
400	2	1 1 1 1 0 0 0 0 1 0 0 0 0 0 1 0
400	2	0 1 1 1 1 0 1 0 1 0 0 0 0 0 0 0
400	2	1 1 1 1 0 1 1 0 1 0 0 0 1 0 0 0
400	2	1 1 1 1 0 0 0 0 1 0 0 1 0 0 0 0
400	9	1 0 1 1 1 0 1 0 0 0 0 1 0 0 0 0
400	3	1 1 1 1 0 0 0 0 1 0 1 0 0 0 0 0
400	5	1 1 0 1 0 0 0 0 0 0 0 0 0 0 0 1
400	5	1 1 1 0 0 0 0 0 1 0 0 1 0 0 0 0
400	3	0 1 1 1 0 0 0 0 0 0 0 0 0 0 0 0
400	8	1 1 1 1 1 0 0 1 1 0 0 0 0 0 1 0
400	2	1 1 1 1 0 0 0 1 0 0 0 1 0 0 0 0
400	11	1 1 1 1 1 1 0 0 0 0 0 1 0 0 0 0
400	3	1 1 1 1 1 0 0 0 1 0 0 0 1 0 0 0
400	3	1 1 1 1 1 0 0 1 1 0 0 1 0 0 0 0
400	2	1 1 1 0 1 1 0 0 1 0 0 0 0 0 0 0
400	4	1 1 1 0 1 0 1 0 1 0 0 0 0 0 0 0
400	4	1 1 1 0 0 0 0 0 0 0 0 0 1 0 0 0
400	2	1 1 1 1 0 0 1 1 1 0 0 1 0 0 0 0
400	1	1 1 1 1 0 1 0 0 1 0 1 0 0 0 1 0
400	3	1 1 1 1 0 0 1 0 1 0 0 0 0 0 0 0
400	1	1 1 1 1 0 0 1 1 0 0 0 1 0 0 0 0
400	1	1 1 0 1 0 0 0 1 0 0 0 0 0 0 1 0
400	4	1 1 1 1 1 0 0 0 1 0 0 0 0 1 0 0
400	6	1 1 1 1 0 0 0 0 1 0 0 0 0 0 0 1
400	1	1 1 1 1 1 0 0 0 1 1 1 0 0 0 0 0
400	1	1 1 1 1 1 0 0 0 1 0 0 0 0 0 1 0
400	1	1 1 1 1 1 0 0 0 1 1 0 0 0 0 1 0
400	1	1 1 1 1 1 0 0 0 1 1 0 0 0 1 0 0
400	4	1 1 1 1 1 1 0 0 1 0 1 0 0 0 0 0
400	1	1 1 1 0 1 0 0 0 1 1 0 0 0 0 0 0
400	1	1 1 0 1 1 0 1 0 0 0 0 0 0 0 0 0
400	1	1 1 1 1 1 0 0 1 1 1 0 0 0 0 0 0
400	1	1 1 1 1 0 0 0 0 1 0 0 0 1 0 0 0
400	2	1 1 1 1 1 0 1 1 1 0 0 0 0 0 1 0
400	2	1 1 1 1 1 0 0 1 1 0 1 1 0 0 0 0
