0	250	0 0 0 0 1 1 0 0 0 0 0 0 0 1 0 0
0	250	0 0 0 0 0 0 1 0 0 1 0 0 0 0 1 0
0	250	0 0 0 1 0 0 0 0 0 0 0 0 0 1 1 0
0	250	1 0 0 0 0 0 0 0 0 0 0 0 0 0 1 0
8	147	0 0 0 0 1 1 0 0 0 0 0 0 0 1 0 0
8	231	0 0 0 0 0 0 1 0 0 1 0 0 0 0 1 0
8	194	0 0 0 1 0 0 0 0 0 0 0 0 0 1 1 0
8	259	1 0 0 0 0 0 0 0 0 0 0 0 0 0 1 0
8	7	0 0 0 1 0 0 0 0 0 0 0 0 0 0 1 0
8	3	1 0 0 0 0 0 1 0 0 1 0 0 0 0 1 0
8	13	1 0 0 0 0 0 0 0 0 0 0 0 0 1 1 0
8	4	1 0 0 0 1 1 0 0 0 0 0 0 0 1 0 0
8	10	0 0 0 0 1 1 1 0 0 0 0 0 0 1 0 0
8	13	0 1 0 0 1 1 0 0 0 0 0 0 0 1 0 0
8	4	0 0 0 0 1 1 0 0 0 0 0 0 0 0 0 0
8	7	1 0 0 0 1 0 0 0 0 0 0 0 0 0 1 0
8	6	0 0 0 0 1 0 0 0 0 0 0 0 0 1 1 0
8	13	0 0 0 0 1 0 0 0 0 0 0 0 0 1 0 0
8	7	0 0 0 0 0 1 1 0 0 1 0 0 0 0 1 0
8	1	1 0 0 0 0 0 0 1 0 0 0 0 0 0 1 0
8	3	1 0 0 0 1 0 1 0 0 1 0 0 0 0 1 0
8	4	1 0 0 0 0 1 0 0 0 0 0 0 0 1 1 0
8	4	0 0 0 0 0 0 1 0 0 1 0 0 1 0 1 0
8	4	0 1 0 0 0 0 1 0 0 1 0 0 0 0 1 0
8	2	1 0 0 0 0 0 0 0 1 0 0 0 0 0 1 0
8	1	0 0 0 0 1 1 0 0 0 0 0 0 0 0 1 0
8	2	0 0 0 0 1 1 0 0 0 1 0 0 0 1 0 0
8	1	0 0 0 0 1 1 0 0 0 0 0 0 0 1 1 0
8	10	0 0 0 0 0 0 1 0 0 1 0 0 0 1 1 0
8	2	0 0 0 0 0 0 1 0 0 0 0 0 0 1 0 0
8	2	0 0 0 1 0 0 0 0 0 0 0 0 0 1 0 0
8	5	0 0 0 0 0 0 0 0 0 0 0 0 0 0 1 0
8	9	1 0 0 0 0 0 0 0 0 1 0 0 0 0 1 0
8	3	0 0 0 0 0 0 1 0 0 0 0 0 0 1 1 0
8	1	0 0 0 1 0 0 0 0 0 1 0 0 0 0 1 0
8	1	0 0 0 1 0 0 0 0 0 1 0 0 0 1 1 0
8	1	0 0 0 1 0 0 0 0 0 0 0 0 0 1 1 1
8	2	0 0 0 0 1 1 0 0 0 1 0 0 0 0 1 0
8	2	0 0 0 0 0 0 1 0 0 0 0 0 0 0 1 0
8	3	0 0 0 1 0 0 0 0 0 0 1 0 0 1 1 0
8	2	0 0 1 1 0 0 0 0 0 0 0 0 0 1 1 0
8	4	0 0 0 1 0 1 0 0 0 0 0 0 0 1 1 0
8	2	1 0 0 1 0 0 0 0 0 0 0 0 0 0 1 0
8	1	1 1 0 0 0 0 0 0 0 0 0 0 0 0 1 0
8	3	0 0 0 0 0 0 0 0 0 0 0 0 0 1 1 0
8	5	0 0 0 1 0 0 1 0 0 1 0 0 0 0 1 0
8	2	0 0 0 0 1 1 0 0 0 0 1 0 0 1 0 0
45	6	0 0 0 0 1 1 0 0 0 0 0 0 0 1 0 0
45	25	0 0 0 0 0 0 1 0 0 1 0 0 0 0 1 0
45	14	0 0 0 1 0 0 0 0 0 0 0 0 0 1 1 0
45	106	1 0 0 0 0 0 0 0 0 0 0 0 0 0 1 0
45	30	0 0 0 1 0 0 0 0 0 0 0 0 0 0 1 0
45	13	1 0 0 0 0 0 1 0 0 1 0 0 0 0 1 0
45	29	1 0 0 0 0 0 0 0 0 0 0 0 0 1 1 0
45	34	0 0 0 0 1 1 0 0 0 0 0 0 0 0 0 0
45	4	0 0 0 0 0 1 1 0 0 1 0 0 0 0 1 0
45	4	0 0 0 0 1 1 0 0 0 1 0 0 0 1 0 0
45	38	1 0 0 0 0 0 0 0 0 1 0 0 0 0 1 0
45	11	0 0 0 1 0 0 0 0 0 1 0 0 0 1 1 0
45	19	0 0 0 1 0 0 0 0 0 0 0 0 0 1 1 1
45	28	0 0 0 0 0 0 1 0 0 0 0 0 0 0 1 0
45	28	0 0 1 1 0 0 0 0 0 0 0 0 0 1 1 0
45	6	0 0 0 0 1 0 1 0 0 1 0 0 0 0 1 0
45	71	0 0 0 0 0 0 1 1 0 1 0 0 0 0 1 0
45	2	0 0 0 0 0 0 1 0 0 1 0 0 0 0 1 1
45	15	1 0 0 0 0 0 0 0 0 0 0 0 0 0 0 0
45	70	0 0 1 1 0 0 0 0 0 0 0 0 0 1 1 1
45	26	0 0 0 1 0 0 0 1 0 0 0 0 0 1 1 0
45	7	0 0 0 0 0 0 0 0 0 0 0 0 0 1 1 0
45	23	1 0 0 0 1 0 0 0 0 0 0 0 0 0 1 0
45	26	0 0 0 1 0 0 0 1 1 0 0 0 0 1 1 0
45	1	1 0 0 0 0 0 0 1 1 0 0 0 0 0 1 0
45	25	0 0 1 1 0 0 1 0 0 1 0 0 0 0 1 0
45	9	1 0 0 0 0 0 1 0 0 0 0 0 0 0 1 0
45	15	0 0 1 0 0 0 1 0 0 1 0 0 0 0 1 1
45	4	1 0 0 1 0 0 0 1 1 0 0 0 0 1 1 0
45	7	1 0 0 1 0 1 0 0 0 0 0 0 0 1 1 0
45	10	0 0 0 0 1 1 0 0 0 0 0 1 0 1 0 0
45	2	0 0 0 0 0 0 1 0 0 1 0 0 1 0 1 0
45	16	1 0 0 0 0 0 1 1 0 1 0 0 0 0 1 0
45	11	0 0 0 0 1 1 0 0 0 0 0 0 0 0 0 1
45	17	1 0 0 1 0 0 0 0 0 0 0 0 0 1 1 1
45	8	0 0 0 0 1 0 1 0 0 1 0 0 0 1 1 0
45	5	0 0 0 1 0 0 1 1 0 1 0 0 0 0 1 0
45	9	0 0 0 1 0 0 0 1 0 0 0 0 0 0 1 0
45	9	1 0 0 0 0 0 0 0 0 0 0 1 0 0 1 0
45	5	0 1 0 0 1 0 0 0 0 0 0 0 0 1 0 0
45	6	1 0 0 0 0 0 0 1 0 1 0 0 0 0 1 0
45	1	0 0 0 0 0 1 1 0 0 0 0 0 0 0 1 0
45	3	0 0 0 1 0 0 0 1 0 0 0 0 0 1 1 1
45	3	0 0 1 1 0 0 1 0 0 0 0 0 0 0 1 1
45	2	1 0 0 0 0 0 0 1 0 0 0 0 0 0 1 0
45	9	0 1 0 0 0 1 1 0 0 1 0 0 0 0 1 0
45	3	0 0 0 0 1 1 0 0 0 0 0 1 0 1 1 0
45	1	1 0 0 1 0 0 0 0 0 0 0 0 0 0 1 0
45	2	1 0 1 0 0 0 0 0 1 0 0 0 0 0 1 0
45	1	1 0 0 0 0 0 0 0 0 1 0 0 1 0 1 0
45	5	1 0 1 0 0 0 0 0 0 0 0 0 0 0 1 0
45	6	1 0 0 0 1 0 0 0 0 1 0 0 0 0 1 0
45	3	0 1 0 0 1 1 0 0 0 0 0 0 0 1 0 0
45	2	0 0 0 1 0 0 0 1 0 0 1 0 0 1 1 1
45	5	0 0 0 0 0 1 1 1 0 1 0 0 0 0 1 0
45	5	1 0 1 1 0 0 1 0 0 1 0 0 0 0 1 0
45	2	1 0 0 0 1 0 1 0 0 1 0 0 0 1 1 0
45	10	1 0 0 0 0 0 0 0 0 0 0 0 0 0 1 1
45	6	0 0 1 1 0 0 0 0 0 0 0 0 0 0 1 0
45	3	1 0 0 0 1 1 0 0 0 0 0 0 0 1 0 0
45	1	0 0 0 0 0 0 0 0 0 1 0 0 0 0 1 0
45	1	0 0 1 1 0 0 0 1 0 0 0 0 0 1 1 0
45	2	0 0 0 1 0 0 1 0 0 1 0 0 0 0 1 1
45	2	1 0 0 0 0 1 0 0 0 0 0 0 0 0 0 0
45	2	0 0 0 0 1 1 0 0 0 0 0 0 0 0 1 0
45	2	1 0 0 1 0 0 0 1 1 0 0 0 0 1 0 0
45	13	1 0 0 0 0 0 1 0 0 0 0 0 0 1 1 0
45	2	0 1 0 1 0 0 0 1 0 0 0 0 0 1 1 0
45	5	1 0 0 0 0 1 0 0 0 0 0 0 0 0 1 0
45	3	1 0 0 0 0 0 0 0 0 1 0 0 0 1 1 0
45	1	1 0 0 0 0 0 0 0 0 0 0 1 0 0 0 0
45	2	0 1 0 0 1 1 0 0 0 0 0 0 0 0 0 1
45	3	1 0 0 1 0 0 1 0 0 0 0 0 0 0 1 0
45	4	1 0 1 1 0 0 0 0 0 0 0 0 0 1 1 1
45	1	0 0 0 0 1 0 1 0 0 0 0 0 0 0 1 0
45	3	0 0 1 0 0 0 1 1 0 1 0 0 0 0 1 0
45	1	1 0 0 0 0 0 1 1 0 0 0 0 0 0 1 0
45	1	0 0 0 0 0 0 1 1 0 0 0 0 0 0 1 0
45	3	0 0 1 1 0 0 1 0 0 0 0 0 0 1 1 0
45	1	0 0 0 1 1 0 0 0 0 0 0 0 0 1 1 0
45	3	1 0 0 0 0 0 0 0 0 0 0 0 1 0 1 0
45	1	0 0 0 1 0 0 0 0 0 0 0 0 0 0 1 1
45	3	0 0 0 0 1 0 1 1 0 1 0 0 0 0 1 0
45	6	0 0 0 0 1 0 0 0 0 0 0 0 0 1 1 0
45	6	1 0 0 1 1 0 0 0 0 0 0 0 0 0 1 0
45	3	1 1 0 0 1 0 0 0 0 0 0 0 0 0 1 0
45	6	1 0 0 0 0 0 0 0 0 1 0 0 0 0 1 1
45	1	1 0 0 0 1 0 0 0 0 0 0 0 1 0 1 0
45	7	1 0 0 1 0 0 0 1 0 0 0 0 0 1 0 0
45	3	0 0 0 0 1 0 1 0 0 0 0 0 1 0 1 0
45	2	0 0 0 0 0 0 0 0 0 0 0 0 0 0 0 0
45	2	0 0 1 1 0 0 0 0 0 1 0 0 0 1 1 0
45	4	0 0 1 1 0 0 1 1 0 1 0 0 0 0 1 0
45	4	0 0 1 0 0 0 1 0 0 1 0 0 0 0 1 0
45	1	1 0 1 0 0 0 0 0 0 1 0 0 0 0 1 0
45	5	0 0 0 0 0 0 1 1 1 1 0 0 0 0 1 0
45	1	0 1 0 0 1 0 0 0 0 0 0 0 0 0 0 1
45	2	0 0 0 0 0 0 0 1 1 0 0 0 0 1 1 0
45	1	0 0 1 1 0 0 0 0 0 0 0 0 0 0 0 0
45	3	0 0 0 1 0 0 0 1 1 0 0 0 0 0 1 0
45	2	0 0 1 0 0 0 1 0 0 0 0 0 0 0 1 0
45	3	0 0 0 0 0 1 0 0 0 0 0 0 0 0 0 0
45	1	0 0 0 0 0 1 1 0 0 1 0 0 0 0 1 1
45	2	1 0 0 1 0 0 0 0 0 1 0 0 0 0 1 0
45	1	0 0 1 1 0 0 0 0 0 0 0 0 1 1 1 0
45	2	0 0 0 0 0 1 1 0 0 0 0 0 0 1 1 0
45	1	1 0 0 0 0 1 0 0 0 0 0 0 1 0 0 0
45	1	1 0 0 0 0 0 0 0 1 0 0 1 0 0 0 0
45	4	1 0 0 0 0 0 0 1 0 0 0 0 1 0 1 0
85	10	1 0 0 0 0 0 0 0 0 0 0 0 0 0 1 0
85	4	1 0 0 0 0 0 1 0 0 1 0 0 0 0 1 0
85	6	1 0 0 0 0 0 0 0 0 1 0 0 0 0 1 0
85	9	0 0 0 1 0 0 0 0 0 0 0 0 0 1 1 1
85	23	0 0 1 1 0 0 0 0 0 0 0 0 0 1 1 0
85	29	0 0 0 0 0 0 1 1 0 1 0 0 0 0 1 0
85	108	0 0 1 1 0 0 0 0 0 0 0 0 0 1 1 1
85	68	0 0 1 1 0 0 1 0 0 1 0 0 0 0 1 0
85	30	1 0 0 1 0 0 0 1 1 0 0 0 0 1 1 0
85	12	0 0 0 0 1 1 0 0 0 0 0 0 0 0 0 1
85	13	1 0 0 1 0 0 0 0 0 0 0 0 0 1 1 1
85	2	0 0 0 0 1 0 1 0 0 1 0 0 0 1 1 0
85	2	0 0 0 1 0 0 0 1 0 0 0 0 0 0 1 0
85	13	1 0 1 0 0 0 0 0 0 0 0 0 0 0 1 0
85	69	1 0 1 1 0 0 1 0 0 1 0 0 0 0 1 0
85	75	0 0 1 1 0 0 0 0 0 0 0 0 0 0 1 0
85	1	1 0 0 1 0 0 1 0 0 0 0 0 0 0 1 0
85	50	0 0 1 1 0 0 0 0 0 0 0 0 0 0 0 0
85	1	1 0 0 1 0 0 0 1 1 0 0 0 0 0 0 0
85	3	0 0 0 1 0 0 1 1 0 0 0 0 0 0 1 0
85	6	1 0 0 0 0 0 1 1 0 1 0 0 0 0 0 0
85	6	1 0 0 0 0 0 0 0 0 0 0 0 0 1 1 1
85	16	0 0 1 1 0 0 0 1 1 0 0 0 0 0 0 0
85	2	0 0 1 1 0 0 0 1 0 0 0 0 0 1 0 0
85	20	0 0 1 1 0 0 0 1 0 1 0 0 0 0 1 0
85	48	0 0 1 0 0 0 1 0 0 1 0 0 0 0 1 0
85	5	1 0 0 1 0 0 0 0 0 0 0 0 0 0 1 0
85	3	0 0 1 1 0 0 0 1 0 0 0 0 0 1 1 1
85	15	0 0 1 1 0 0 1 0 1 1 0 0 0 1 1 0
85	8	0 0 0 1 0 0 0 0 0 0 0 0 0 1 1 0
85	5	0 0 0 1 0 0 1 0 0 1 0 0 0 0 1 0
85	4	0 0 1 0 0 0 1 0 0 1 0 0 0 0 0 1
85	7	1 0 1 1 0 0 1 0 0 1 1 0 0 0 1 0
85	2	0 0 0 0 1 1 1 1 0 1 0 0 0 0 1 0
85	4	0 0 1 1 0 0 0 0 0 0 0 1 0 0 1 0
85	27	0 0 1 0 0 0 1 0 0 1 0 0 0 0 0 0
85	18	1 0 0 0 0 1 0 0 0 1 0 0 0 0 1 1
85	3	1 0 0 1 0 0 0 0 0 0 0 0 0 1 1 0
85	2	0 1 1 1 0 0 0 1 0 1 0 0 0 0 1 0
85	11	0 0 1 1 0 0 1 0 0 0 0 0 0 1 1 1
85	20	0 0 1 1 0 1 0 0 0 0 0 0 0 1 1 0
85	7	0 0 1 1 0 0 0 0 0 1 0 0 0 0 1 0
85	1	0 0 1 0 0 0 1 0 0 1 0 0 0 1 0 0
85	7	1 0 0 0 0 0 0 0 0 1 0 0 1 0 1 0
85	8	0 0 1 1 0 0 0 0 0 0 1 0 0 0 1 0
85	1	1 1 0 0 0 0 0 0 0 0 0 0 0 1 1 1
85	2	1 0 0 1 0 0 0 0 0 0 0 0 0 1 0 1
85	8	0 0 0 0 0 0 1 1 0 0 0 0 0 0 1 1
85	1	0 0 0 1 0 0 0 1 1 0 0 0 0 0 0 0
85	5	1 0 1 1 0 0 1 0 0 1 0 0 0 0 0 0
85	11	1 0 1 0 0 0 0 0 0 0 1 0 0 1 1 0
85	4	0 0 1 1 0 0 0 1 1 0 0 0 0 1 1 1
85	18	0 0 1 0 0 0 1 0 0 1 0 0 0 1 1 0
85	8	0 0 1 1 0 0 1 0 0 1 0 1 0 0 1 0
85	4	0 0 1 1 0 0 1 0 1 1 0 0 0 0 0 0
85	3	1 0 0 1 0 0 0 1 1 1 0 0 0 1 1 0
85	7	0 0 1 1 0 1 0 1 0 0 0 0 1 1 0 0
85	2	0 0 0 0 1 0 1 0 0 1 0 0 0 0 1 0
85	2	0 0 1 0 1 0 1 0 0 1 0 0 0 0 1 0
85	11	0 0 1 1 0 0 0 0 1 0 0 1 0 0 1 0
85	2	1 0 1 1 0 0 0 0 0 0 0 0 0 0 0 0
85	4	0 0 0 1 0 0 1 0 0 1 0 0 0 0 0 0
85	3	0 0 0 0 0 1 0 0 0 1 0 0 0 0 1 1
85	3	0 0 1 1 0 0 1 1 0 1 0 0 0 0 0 0
85	4	0 0 1 1 0 0 1 0 0 1 0 0 0 0 0 0
85	1	0 0 1 0 0 0 1 1 0 1 0 0 0 0 0 0
85	9	0 0 1 0 1 0 1 0 0 1 0 0 0 1 1 0
85	5	0 0 1 1 1 0 1 0 0 1 0 0 0 0 1 0
85	4	1 0 1 1 1 0 1 0 0 1 0 0 0 0 1 0
85	1	0 1 1 1 0 0 1 0 1 1 0 0 0 1 1 0
85	1	0 0 1 0 0 0 1 0 0 1 0 1 0 0 0 0
85	4	1 0 0 0 0 1 0 0 0 0 0 0 0 0 1 1
85	7	0 0 1 1 0 1 0 0 0 1 0 0 0 0 1 0
85	1	1 0 1 1 0 0 0 0 0 1 0 0 0 0 1 0
85	4	0 0 1 0 0 0 1 1 0 0 0 0 0 0 1 0
85	2	1 0 0 0 0 0 0 1 0 1 0 0 1 0 1 0
85	2	1 0 1 0 0 0 1 0 0 0 1 0 0 1 1 0
85	4	0 0 1 1 0 0 1 0 0 0 0 0 0 0 1 0
85	6	0 0 1 1 0 0 1 0 0 0 0 1 0 1 1 1
85	2	0 0 1 1 0 1 0 0 0 1 0 1 0 0 1 1
85	2	1 0 1 1 0 0 1 0 0 1 0 0 0 1 1 0
85	4	1 0 0 0 0 1 0 0 0 0 0 0 0 0 0 0
85	2	0 0 0 1 0 0 0 0 0 0 0 0 0 1 0 0
85	6	0 0 1 1 0 0 1 0 0 0 0 0 0 0 0 0
85	2	1 0 0 0 1 1 1 0 0 1 0 0 0 1 1 0
85	2	0 0 1 1 0 0 0 0 0 0 0 1 0 1 1 0
85	8	0 0 1 1 0 0 0 0 0 0 0 1 0 0 0 0
85	1	0 0 1 1 0 0 0 0 0 0 0 0 0 0 0 1
85	3	0 0 1 1 0 0 1 0 1 1 0 0 1 1 1 0
85	2	1 0 0 1 0 0 0 1 1 0 0 0 0 1 1 1
85	2	1 1 0 1 0 0 0 1 1 0 0 0 0 1 1 0
85	3	1 0 1 1 0 0 1 0 0 1 0 1 0 0 1 0
85	1	0 0 1 1 0 0 0 0 1 0 0 0 0 0 0 0
85	3	1 0 0 1 0 0 1 1 1 0 0 0 0 0 0 0
85	2	1 0 0 1 0 0 1 0 0 0 0 0 0 1 1 0
85	1	1 0 1 1 0 0 1 0 0 1 0 0 0 0 0 1
85	1	0 0 1 1 0 0 0 1 1 1 0 0 0 1 1 1
85	1	0 0 1 0 0 1 0 0 0 1 0 0 0 0 1 1
85	4	1 0 1 1 0 0 1 0 1 1 0 0 0 1 1 0
85	1	1 0 1 1 0 0 0 0 0 0 0 0 0 0 1 0
85	3	0 0 0 0 1 0 0 0 0 0 0 0 0 0 0 0
85	1	1 0 0 1 0 0 0 1 1 0 0 0 0 1 0 0
85	1	1 0 1 1 0 0 1 0 0 0 0 0 0 0 1 0
85	2	1 0 1 1 0 0 1 0 1 1 0 0 0 0 1 0
85	1	1 0 0 0 0 0 1 1 0 1 0 0 1 0 0 0
85	1	0 0 0 0 1 0 1 0 1 1 0 0 0 0 1 0
85	1	0 0 1 1 0 1 0 0 0 1 0 1 0 1 1 1
154	3	0 0 1 1 0 0 1 0 0 1 0 0 0 0 1 0
154	34	1 0 1 1 0 0 1 0 0 1 0 0 0 0 1 0
154	19	0 0 1 1 0 0 0 0 0 0 0 0 0 0 1 0
154	3	0 0 1 1 0 0 0 0 0 0 0 0 0 0 0 0
154	76	0 0 1 1 0 0 0 1 1 0 0 0 0 0 0 0
154	8	0 0 1 1 0 0 0 1 0 1 0 0 0 0 1 0
154	13	0 0 1 0 0 0 1 0 0 1 0 0 0 0 1 0
154	14	0 0 1 1 0 0 0 0 0 1 0 0 0 0 1 0
154	5	0 0 1 1 0 0 1 0 0 1 0 1 0 0 1 0
154	2	0 0 1 1 0 1 0 1 0 0 0 0 1 1 0 0
154	10	0 0 1 1 0 0 0 0 1 0 0 1 0 0 1 0
154	30	1 0 1 1 1 0 1 0 0 1 0 0 0 0 1 0
154	4	0 0 1 1 0 0 1 0 0 0 0 0 0 0 1 0
154	11	1 0 1 1 0 0 1 0 0 1 0 1 0 0 1 0
154	57	0 0 1 1 0 0 0 0 1 0 0 0 0 0 0 0
154	9	0 0 1 1 0 0 0 1 1 0 1 0 0 0 0 0
154	1	1 0 1 1 1 0 0 0 0 1 0 0 0 0 1 0
154	23	1 0 0 1 0 0 1 0 1 1 0 0 0 0 1 0
154	7	0 0 1 1 0 0 1 0 1 1 0 0 0 0 1 0
154	5	0 0 1 0 0 0 0 0 0 1 0 0 0 0 1 0
154	5	0 0 1 1 0 0 0 1 1 1 0 0 0 0 1 0
154	11	1 0 0 1 0 0 0 1 1 0 0 0 0 0 0 0
154	3	0 0 1 1 0 0 1 1 1 0 0 0 0 0 0 0
154	8	0 0 1 1 1 0 0 1 1 0 0 0 0 0 0 0
154	13	0 0 1 1 0 0 0 1 1 0 0 0 0 0 1 0
154	2	0 0 1 1 0 0 0 1 1 1 0 0 0 0 0 0
154	2	0 0 1 1 0 0 0 1 1 0 0 0 0 1 1 0
154	2	0 0 1 1 0 0 1 0 0 1 0 1 0 0 1 1
154	7	0 0 1 1 1 0 1 0 0 0 1 0 0 0 1 0
154	10	0 0 1 1 1 0 0 0 1 0 0 1 0 0 1 0
154	64	1 1 1 1 1 0 0 0 1 1 0 0 0 0 1 0
154	20	0 0 1 1 0 0 0 1 1 0 0 1 0 0 0 0
154	1	0 0 1 1 0 0 1 0 0 1 0 0 0 0 0 0
154	20	0 0 1 1 0 0 0 1 1 0 0 0 0 0 0 1
154	1	1 0 1 1 0 0 1 0 0 1 0 0 0 1 1 0
154	8	0 1 1 1 0 0 1 0 0 1 0 0 0 0 0 0
154	10	0 0 1 1 0 0 1 0 0 1 0 1 0 0 0 0
154	51	0 0 1 1 0 0 0 1 0 1 0 0 0 0 0 0
154	22	0 0 1 1 0 0 0 1 1 1 0 0 0 1 1 0
154	3	0 0 1 0 1 0 0 1 1 0 0 0 0 0 0 0
154	10	0 0 1 1 0 0 0 0 1 1 0 0 0 0 1 0
154	9	0 0 1 1 0 0 1 0 1 1 0 0 1 0 1 0
154	1	0 0 1 1 0 1 0 1 1 0 1 0 0 0 0 0
154	11	0 1 1 1 1 0 0 1 1 0 0 0 0 0 0 0
154	33	1 0 1 1 0 0 0 0 0 0 0 0 1 0 0 0
154	5	0 0 0 1 0 0 0 1 1 0 0 0 0 0 0 0
154	1	1 1 1 1 1 0 0 0 1 1 0 0 0 0 1 1
154	5	1 0 1 1 0 0 0 0 0 0 0 0 0 0 1 0
154	2	0 0 1 1 0 0 0 1 1 0 1 0 0 0 1 0
154	4	0 0 0 1 1 0 0 1 1 0 0 0 0 0 0 0
154	7	1 1 0 1 0 0 0 1 1 0 0 0 0 0 0 0
154	8	0 0 1 1 0 0 1 0 0 1 0 1 0 1 1 0
154	15	1 0 1 1 0 0 0 1 1 0 0 0 0 0 0 0
154	18	0 0 1 0 1 0 1 0 0 1 0 0 0 0 1 0
154	19	1 0 0 1 0 0 0 0 1 0 0 0 0 0 0 0
154	9	0 0 1 1 0 0 0 1 1 0 1 0 0 0 0 1
154	6	1 0 1 1 1 0 1 0 0 1 0 1 0 0 1 0
154	18	0 0 1 1 0 0 0 0 0 0 0 1 0 0 1 0
154	11	0 0 0 1 0 0 0 0 0 0 0 0 0 0 1 0
154	1	1 1 1 1 1 0 0 0 1 1 0 0 0 0 0 1
154	3	0 0 1 1 0 0 0 0 0 0 0 0 0 1 1 0
154	5	0 0 1 1 1 0 1 0 0 1 0 0 0 0 1 1
154	5	0 0 1 1 0 0 0 0 1 1 0 0 1 0 1 0
154	2	1 0 1 1 0 0 0 0 0 1 0 0 0 1 1 1
154	12	1 0 1 0 1 0 1 0 0 1 0 0 0 0 1 0
154	6	1 1 1 1 1 0 0 0 1 0 0 0 0 0 0 0
154	8	0 0 1 1 0 0 1 0 0 0 0 0 0 0 0 0
154	2	0 0 0 1 0 0 0 1 1 0 0 0 0 0 1 0
154	2	0 0 1 0 0 0 0 0 0 0 0 0 0 0 1 0
154	6	1 0 0 1 0 0 0 1 1 1 0 0 0 0 0 0
154	15	0 0 1 1 0 0 0 1 1 0 0 0 0 1 0 0
154	2	1 1 0 1 0 0 0 1 0 0 0 0 0 0 0 0
154	3	1 0 1 1 0 0 1 0 0 1 0 0 0 1 0 0
154	1	0 0 1 1 0 0 1 1 1 0 0 0 0 0 0 1
154	3	0 0 1 1 1 0 0 1 1 1 0 0 0 0 0 0
154	3	0 0 1 1 0 0 0 0 0 1 0 1 0 0 0 0
154	5	1 0 1 1 0 0 0 1 1 1 0 0 0 1 1 0
154	5	0 1 1 1 0 0 0 0 0 0 0 0 0 0 1 0
154	7	0 0 1 1 0 0 0 0 1 0 0 1 0 0 0 0
154	2	0 0 1 1 0 0 0 1 1 1 0 1 0 0 1 0
154	11	0 0 0 1 0 0 0 1 1 0 0 1 0 0 0 0
154	2	0 0 1 1 0 0 0 0 0 1 0 0 0 0 1 1
154	5	0 0 1 1 0 0 1 1 1 0 0 1 0 0 0 0
154	1	1 0 1 1 1 0 0 1 1 0 1 0 0 0 0 0
154	5	1 0 0 1 0 0 1 0 0 0 0 0 0 0 1 0
154	2	0 0 1 1 0 0 1 0 0 1 1 1 0 0 0 1
154	6	1 0 1 1 0 0 1 0 1 0 0 0 0 0 0 0
154	2	1 1 1 1 0 0 1 0 1 1 0 0 0 0 1 0
154	1	1 0 0 1 0 0 1 1 1 0 0 0 0 0 0 0
154	4	1 0 1 1 0 0 0 1 0 1 0 0 0 0 0 0
154	2	0 1 1 1 0 0 0 0 0 0 0 0 0 1 1 0
154	3	0 1 1 1 1 0 0 0 1 1 0 0 0 0 1 0
154	7	1 0 0 1 0 0 1 0 1 0 1 0 0 0 0 0
154	3	1 0 1 1 0 0 1 1 0 1 0 0 0 0 1 0
154	2	0 0 1 1 0 0 0 0 0 0 0 0 1 0 1 0
154	3	0 0 1 1 0 0 0 0 1 0 1 0 0 0 0 0
154	1	0 0 1 1 0 0 0 1 1 0 1 0 0 1 1 0
154	2	0 0 1 1 0 0 0 0 1 0 0 0 0 0 0 1
154	7	0 1 1 1 0 0 1 0 0 1 0 0 0 0 0 1
154	5	1 1 1 1 1 0 0 0 1 1 1 0 0 0 1 1
154	2	0 0 0 1 0 0 0 1 1 0 0 1 0 0 0 1
154	1	0 0 1 1 0 0 1 0 0 1 0 0 0 0 0 1
154	3	1 0 1 1 0 0 0 0 0 1 0 0 0 0 1 0
154	2	0 1 1 1 0 0 1 0 0 1 0 1 0 0 1 0
154	3	1 1 1 1 0 0 1 0 0 1 0 1 0 0 1 0
154	5	0 0 1 1 0 0 0 0 1 0 0 0 1 0 0 0
154	2	0 0 0 1 0 0 0 1 1 0 1 0 0 0 0 0
154	1	1 0 1 1 0 1 0 1 1 0 0 0 0 0 0 0
154	3	0 0 1 1 0 0 0 1 1 0 0 1 0 0 1 0
154	1	0 0 1 1 0 1 0 1 1 0 1 0 0 0 1 0
154	1	1 0 1 1 1 0 0 1 1 0 0 0 0 0 1 0
154	2	0 0 1 0 0 0 0 1 1 0 0 0 0 0 0 0
154	3	0 0 1 1 0 0 0 1 0 1 0 0 0 0 1 1
154	2	1 0 1 1 0 0 1 0 1 1 0 0 0 0 1 0
154	1	1 0 0 1 0 0 0 1 1 0 0 0 1 0 0 0
154	2	0 0 1 1 0 0 0 1 1 0 0 0 1 1 1 0
154	1	1 1 0 1 1 0 0 0 1 1 0 0 0 0 1 0
154	2	1 0 1 1 0 0 1 0 0 0 0 0 1 0 0 0
154	1	1 1 0 1 0 1 0 1 1 0 0 0 0 0 0 0
154	1	1 0 1 1 0 0 1 0 0 0 0 0 0 0 1 0
239	8	0 0 1 1 0 0 0 0 1 0 0 0 0 0 0 0
239	15	0 0 1 1 0 0 0 1 1 1 0 0 0 0 1 0
239	84	1 1 1 1 1 0 0 0 1 1 0 0 0 0 1 0
239	166	0 1 1 1 1 0 0 1 1 0 0 0 0 0 0 0
239	2	1 1 1 1 1 0 0 0 1 0 0 0 0 0 0 0
239	13	1 1 1 1 1 0 0 0 1 1 0 0 0 0 0 0
239	34	1 1 1 1 1 1 0 0 1 1 0 0 0 0 0 0
239	29	0 1 1 1 1 0 0 1 1 0 0 0 1 0 0 0
239	25	0 0 1 1 0 0 0 0 0 1 0 0 0 0 0 0
239	64	0 1 1 1 1 0 0 1 0 0 0 0 0 0 0 0
239	11	0 1 1 1 1 0 0 1 0 0 1 0 0 0 0 0
239	36	0 1 1 1 1 0 0 0 1 0 0 0 0 0 0 0
239	12	1 1 0 1 1 1 0 0 1 1 0 0 0 0 0 0
239	13	0 0 1 1 1 0 0 1 1 1 0 0 0 0 0 0
239	5	0 0 1 1 1 0 0 1 0 0 0 0 0 0 0 0
239	2	0 0 0 1 0 1 0 1 1 0 0 0 0 0 0 0
239	8	0 1 1 1 1 0 0 0 1 1 0 0 0 0 1 0
239	7	0 0 1 1 1 0 0 1 1 0 0 0 0 0 0 0
239	1	0 1 1 1 1 0 0 1 0 0 0 0 0 1 0 0
239	85	1 1 1 1 1 0 0 1 0 0 0 0 0 0 0 0
239	11	0 1 1 0 0 0 0 1 1 0 0 0 0 0 0 0
239	2	1 0 1 1 1 0 0 1 1 0 0 0 0 0 0 0
239	4	0 1 0 1 0 1 0 0 1 1 0 0 0 0 0 0
239	5	0 1 1 1 0 0 0 0 1 0 0 0 0 0 0 0
239	2	1 1 1 1 1 1 0 0 1 1 1 0 0 0 0 0
239	5	1 0 1 1 1 0 0 0 1 1 0 0 0 0 1 0
239	1	1 0 1 1 0 0 0 0 1 1 0 0 0 0 0 0
239	54	1 1 1 1 1 0 0 0 1 1 1 0 0 0 0 0
239	1	0 1 1 1 1 0 0 0 0 1 0 0 0 0 1 0
239	11	0 0 1 0 0 1 1 1 1 0 0 0 0 0 0 0
239	7	0 1 1 1 1 0 0 1 1 0 1 0 0 0 0 0
239	1	1 1 0 1 1 1 0 0 1 1 0 0 1 0 0 0
239	3	1 1 0 1 1 1 0 0 1 1 0 0 0 0 1 0
239	23	1 1 1 0 1 0 0 0 1 1 0 0 0 0 1 0
239	3	0 1 1 1 1 1 0 1 0 0 0 0 0 0 0 0
239	2	0 0 1 1 0 0 0 0 1 0 1 0 0 0 0 0
239	21	0 1 1 1 1 0 0 1 0 0 0 1 0 0 0 0
239	9	0 0 1 0 1 0 0 1 1 0 0 0 0 0 0 0
239	5	0 1 1 1 1 0 0 1 1 0 0 0 1 0 1 1
239	2	0 0 1 1 1 1 0 1 0 0 0 0 0 0 0 0
239	6	0 1 1 1 1 1 0 0 1 0 0 0 0 0 0 0
239	1	1 1 0 0 1 1 0 0 1 1 0 0 0 0 0 0
239	6	0 0 1 1 0 0 0 1 1 1 0 0 0 0 0 0
239	5	0 0 1 1 0 0 0 1 1 0 0 0 0 0 0 0
239	2	0 1 1 1 1 0 0 1 0 0 1 0 0 0 1 0
239	6	1 1 0 1 1 1 0 0 1 0 0 0 0 0 0 0
239	21	1 0 1 1 1 0 0 0 1 1 0 0 0 0 0 0
239	4	1 0 1 1 1 0 1 0 0 1 0 0 0 0 0 0
239	3	1 1 1 1 1 0 1 0 1 1 0 0 0 0 1 0
239	2	0 1 1 1 1 0 0 1 1 1 0 0 0 0 0 0
239	1	1 1 1 1 1 0 0 1 1 0 0 0 0 0 0 0
239	18	0 1 0 1 1 0 0 1 1 0 0 0 0 0 0 0
239	3	0 0 0 1 0 0 0 1 1 0 0 0 0 0 0 0
239	14	0 1 1 1 1 0 0 1 1 0 0 1 0 0 0 0
239	11	0 1 1 1 1 0 0 1 1 0 0 0 0 0 0 1
239	6	0 0 1 1 0 1 1 1 1 0 0 0 0 0 0 0
239	8	1 1 0 1 0 1 0 0 1 1 0 0 0 0 0 0
239	1	1 1 1 1 1 0 0 1 1 0 0 0 0 0 1 0
239	8	0 1 1 1 1 0 1 1 0 0 0 0 0 0 0 0
239	3	0 1 1 1 1 0 0 0 0 0 0 0 0 0 1 0
239	1	1 1 1 1 1 0 0 0 1 1 0 0 0 1 0 0
239	1	0 0 1 0 1 0 0 0 1 0 0 0 0 0 0 0
239	2	0 1 1 1 1 0 1 1 1 0 0 0 0 0 1 0
239	7	0 1 1 1 0 0 0 0 0 1 0 0 0 1 0 0
239	1	1 1 1 1 1 1 0 0 1 1 0 0 1 0 0 0
239	7	1 1 1 1 1 0 0 0 1 1 1 1 0 0 0 0
239	2	0 0 0 1 0 0 0 0 0 1 0 0 0 0 0 0
239	4	0 0 1 1 0 0 0 0 0 1 0 0 0 1 0 0
239	4	0 1 1 1 1 0 0 1 1 0 0 0 0 0 1 0
239	1	0 0 1 1 1 0 0 1 0 0 0 0 0 0 1 0
239	3	1 1 1 0 1 0 0 1 0 0 0 0 0 0 0 0
239	1	0 1 1 1 1 0 0 1 1 0 1 1 0 0 0 0
239	6	0 0 1 1 1 0 0 1 0 0 0 1 0 0 0 0
239	4	0 0 1 1 1 0 0 0 0 1 0 0 0 0 0 0
239	4	1 1 1 1 0 0 0 1 1 0 0 0 0 0 0 0
239	4	1 1 1 1 1 1 0 0 1 0 0 0 0 0 0 0
239	2	1 1 1 1 1 0 1 0 1 1 0 0 0 0 0 0
239	2	1 1 0 1 1 1 0 0 1 0 0 0 0 1 0 0
239	1	0 1 1 1 1 0 0 0 1 1 1 0 0 0 0 0
239	3	0 0 1 1 0 0 0 0 0 0 0 0 0 0 0 0
239	2	0 1 1 1 1 0 1 1 1 0 0 0 0 0 0 0
239	2	1 1 1 1 1 0 0 1 0 0 0 0 0 1 0 0
239	1	0 0 1 0 0 1 0 1 1 0 0 0 0 0 0 0
239	2	0 1 1 1 1 1 0 1 1 0 1 0 0 0 0 0
239	4	1 1 0 1 1 0 0 0 1 1 0 0 0 0 1 0
239	3	1 0 1 0 1 0 0 1 1 0 0 0 0 0 0 0
239	1	0 0 1 1 0 0 0 1 1 0 0 0 0 1 0 0
239	1	0 1 1 1 1 0 0 1 0 0 1 1 0 0 1 0
239	2	0 1 0 1 1 1 0 1 1 0 0 0 0 0 0 0
239	1	0 1 1 1 1 0 0 1 1 0 1 0 0 0 0 1
252	33	0 0 1 1 0 0 0 1 1 1 0 0 0 0 1 0
252	56	1 1 1 1 1 0 0 0 1 1 0 0 0 0 1 0
252	98	0 1 1 1 1 0 0 1 1 0 0 0 0 0 0 0
252	7	1 1 1 1 1 0 0 0 1 1 0 0 0 0 0 0
252	97	1 1 1 1 1 1 0 0 1 1 0 0 0 0 0 0
252	29	0 1 1 1 1 0 0 1 1 0 0 0 1 0 0 0
252	15	0 0 1 1 0 0 0 0 0 1 0 0 0 0 0 0
252	46	0 1 1 1 1 0 0 1 0 0 0 0 0 0 0 0
252	7	0 1 1 1 1 0 0 1 0 0 1 0 0 0 0 0
252	21	0 1 1 1 1 0 0 0 1 0 0 0 0 0 0 0
252	10	1 1 0 1 1 1 0 0 1 1 0 0 0 0 0 0
252	6	0 0 1 1 1 0 0 1 1 1 0 0 0 0 0 0
252	4	0 0 1 1 1 0 0 1 1 0 0 0 0 0 0 0
252	2	0 1 1 1 1 0 0 1 0 0 0 0 0 1 0 0
252	75	1 1 1 1 1 0 0 1 0 0 0 0 0 0 0 0
252	39	0 1 1 0 0 0 0 1 1 0 0 0 0 0 0 0
252	5	1 0 1 1 1 0 0 0 1 1 0 0 0 0 1 0
252	37	1 1 1 1 1 0 0 0 1 1 1 0 0 0 0 0
252	7	1 1 0 1 1 1 0 0 1 1 0 0 0 0 1 0
252	6	1 1 1 0 1 0 0 0 1 1 0 0 0 0 1 0
252	19	0 1 1 1 1 0 0 1 0 0 0 1 0 0 0 0
252	5	0 0 1 0 1 0 0 1 1 0 0 0 0 0 0 0
252	21	0 1 1 1 1 1 0 0 1 0 0 0 0 0 0 0
252	14	0 0 1 1 0 0 0 1 1 1 0 0 0 0 0 0
252	16	1 1 0 1 1 1 0 0 1 0 0 0 0 0 0 0
252	34	1 0 1 1 1 0 0 0 1 1 0 0 0 0 0 0
252	6	0 1 1 1 1 0 0 1 1 1 0 0 0 0 0 0
252	1	0 1 0 1 1 0 0 1 1 0 0 0 0 0 0 0
252	25	0 1 1 1 1 0 0 1 1 0 0 1 0 0 0 0
252	5	0 0 1 1 0 1 1 1 1 0 0 0 0 0 0 0
252	9	1 1 0 1 0 1 0 0 1 1 0 0 0 0 0 0
252	14	0 1 1 1 1 0 1 1 0 0 0 0 0 0 0 0
252	1	0 1 1 1 1 0 0 0 0 0 0 0 0 0 1 0
252	1	0 1 1 1 0 0 0 0 0 1 0 0 0 1 0 0
252	44	0 1 1 1 1 0 0 1 1 0 0 0 0 0 1 0
252	4	1 1 1 0 1 0 0 1 0 0 0 0 0 0 0 0
252	10	1 1 1 1 0 0 0 1 1 0 0 0 0 0 0 0
252	5	0 1 1 1 1 1 0 1 1 0 1 0 0 0 0 0
252	5	1 0 1 0 1 0 0 1 1 0 0 0 0 0 0 0
252	2	1 1 1 1 1 0 0 1 0 0 0 0 1 0 0 0
252	3	1 1 0 1 1 0 0 1 1 0 0 0 0 0 0 0
252	10	1 1 1 1 1 0 0 1 1 1 0 0 0 0 1 0
252	9	0 1 1 1 1 0 0 1 0 1 0 0 0 0 0 0
252	10	1 1 1 1 1 1 0 0 1 1 0 0 0 0 1 0
252	14	1 1 1 1 1 0 0 0 1 1 0 1 0 0 0 0
252	5	0 1 1 1 1 0 0 1 1 1 0 0 0 0 1 0
252	2	0 1 1 1 1 0 0 1 1 0 0 0 0 1 0 0
252	3	0 1 1 1 1 1 0 1 1 0 0 0 0 0 0 0
252	3	1 1 1 1 1 0 0 0 1 0 0 1 0 0 0 0
252	1	0 0 1 1 0 1 0 0 0 1 0 0 0 0 0 0
252	2	0 1 1 0 1 1 0 1 0 0 0 0 0 0 0 0
252	4	1 1 0 1 0 1 0 0 1 1 1 0 0 0 1 0
252	1	0 1 0 1 1 0 0 0 1 0 0 0 0 0 0 0
252	2	1 1 0 1 1 1 0 0 0 0 0 0 0 0 0 0
252	6	0 0 1 1 1 1 0 1 1 0 0 0 0 0 0 0
252	4	0 1 1 1 1 0 0 0 0 0 0 1 0 0 0 0
252	1	0 1 1 0 1 0 0 1 1 0 0 0 0 0 1 0
252	5	1 1 1 1 1 0 0 0 0 1 0 0 0 1 0 0
252	6	1 1 1 0 1 0 0 0 1 1 0 0 0 0 0 0
252	6	0 1 1 1 1 1 0 0 1 0 0 0 0 0 1 0
252	3	0 1 1 0 1 0 0 1 1 0 0 0 0 0 0 0
252	5	1 1 0 0 1 1 0 0 1 0 0 0 0 0 0 0
252	9	1 1 1 1 1 0 0 1 1 1 0 0 0 0 0 0
252	2	1 0 1 1 1 0 0 0 1 1 0 0 0 0 0 1
252	4	1 0 1 1 1 0 0 1 0 0 0 0 1 0 0 0
252	1	0 1 1 0 1 0 0 0 0 0 0 0 0 0 0 0
252	2	0 0 1 1 0 0 0 0 0 0 0 1 0 0 0 0
252	1	1 1 1 1 1 0 0 1 1 0 0 0 0 0 0 0
252	2	0 0 1 1 1 0 0 1 0 0 0 0 0 0 0 0
252	1	1 1 1 1 0 0 0 1 1 1 0 0 0 0 1 0
252	2	0 1 1 1 1 0 0 0 1 0 0 0 0 1 0 0
252	1	1 1 1 1 0 0 0 1 0 0 0 0 0 0 0 0
252	2	1 1 1 1 1 0 0 0 1 1 1 0 0 0 1 0
252	3	0 0 1 1 0 0 1 1 1 1 0 0 0 0 0 0
252	1	0 0 1 1 0 1 0 1 1 1 0 0 0 0 0 0
252	4	0 1 0 1 1 0 0 1 1 0 0 1 0 0 0 0
252	1	1 0 1 0 1 0 1 1 1 0 0 0 0 0 0 0
252	3	0 1 1 1 1 0 0 0 1 1 0 1 0 0 0 0
252	1	1 1 1 1 1 1 1 1 1 0 0 0 0 0 0 0
252	3	1 1 1 0 1 0 0 1 1 0 0 0 0 0 0 0
252	2	1 1 1 1 1 0 0 1 1 0 0 0 0 0 1 0
252	1	1 1 1 1 1 1 0 1 1 1 0 0 0 0 0 0
252	3	1 1 1 1 1 1 0 0 1 0 0 0 0 0 0 0
252	1	1 1 1 1 1 0 0 0 0 0 0 0 0 0 0 0
252	3	0 1 1 1 1 0 1 1 1 0 0 0 0 0 1 0
252	1	1 1 1 1 1 0 0 0 0 0 0 0 1 0 0 0
350	3	0 1 1 1 1 0 0 1 1 0 0 0 0 0 0 0
350	19	1 1 1 1 1 1 0 0 1 1 0 0 0 0 0 0
350	8	0 1 1 1 1 0 0 1 0 0 0 0 0 0 0 0
350	22	0 1 1 1 1 0 0 0 1 0 0 0 0 0 0 0
350	116	1 1 1 1 1 0 0 1 0 0 0 0 0 0 0 0
350	9	0 1 1 0 0 0 0 1 1 0 0 0 0 0 0 0
350	33	1 1 1 1 1 0 0 0 1 1 1 0 0 0 0 0
350	18	0 1 1 1 1 0 0 1 1 1 0 0 0 0 0 0
350	1	1 1 1 1 1 0 0 1 0 0 0 0 1 0 0 0
350	9	1 1 0 1 1 0 0 1 1 0 0 0 0 0 0 0
350	22	1 1 1 1 1 1 0 0 1 0 0 0 0 0 0 0
350	10	1 1 0 1 1 0 0 1 0 0 0 0 0 0 0 0
350	6	1 1 1 1 1 1 0 1 1 1 0 0 0 0 0 0
350	127	1 1 1 1 1 1 0 0 1 0 0 1 0 0 0 0
350	12	1 0 0 1 1 0 0 1 1 0 0 0 0 0 0 0
350	12	0 1 1 1 0 0 0 1 0 0 0 0 0 0 0 0
350	11	1 1 1 1 1 0 0 0 1 0 0 0 0 0 0 0
350	6	1 1 1 1 0 0 1 1 0 0 0 0 0 0 1 0
350	13	0 1 1 1 1 0 0 1 1 0 0 0 0 0 1 1
350	14	1 0 1 1 1 0 0 1 1 1 0 0 0 0 0 0
350	4	1 1 1 1 1 1 1 0 1 1 0 0 0 0 0 0
350	5	1 1 1 1 1 1 0 0 1 1 1 0 0 0 0 0
350	4	1 1 1 1 1 1 0 0 1 1 0 1 0 0 0 0
350	9	1 1 1 0 1 1 0 0 1 1 0 1 0 0 0 0
350	6	1 1 0 1 0 1 0 0 1 1 0 0 0 0 0 0
350	8	1 1 1 1 1 1 0 0 1 0 1 0 0 1 0 0
350	7	1 1 1 1 0 0 0 1 1 0 0 0 0 0 0 0
350	17	1 1 1 0 1 1 0 1 1 0 0 0 0 0 0 0
350	9	1 1 1 1 1 0 0 0 1 1 1 1 0 0 0 0
350	9	1 1 1 1 1 0 0 1 1 0 0 0 0 0 1 0
350	3	1 1 1 1 0 0 1 1 0 0 0 0 0 0 0 0
350	19	1 0 0 1 1 0 0 1 1 1 0 0 0 0 0 0
350	4	0 1 1 1 0 0 0 1 0 0 0 0 0 0 1 0
350	5	1 1 0 1 0 0 1 0 0 0 0 1 0 0 0 0
350	13	1 1 1 1 1 0 0 0 1 0 0 0 0 0 1 0
350	13	1 0 1 1 1 0 0 1 0 0 0 0 0 0 0 0
350	17	1 1 1 1 1 0 0 0 1 0 0 1 0 0 0 0
350	11	1 1 0 1 0 0 0 1 0 0 0 0 0 0 0 0
350	4	1 1 1 1 1 0 0 1 1 0 0 1 0 0 0 0
350	9	1 0 0 1 1 0 0 1 1 0 1 0 0 0 0 0
350	4	0 1 1 1 1 0 1 1 0 0 0 0 0 0 0 0
350	12	1 1 1 1 1 0 0 1 0 1 0 0 0 0 0 0
350	2	0 1 1 1 0 0 0 0 1 0 0 0 0 0 1 0
350	4	1 1 1 0 1 1 0 0 0 0 0 1 0 1 0 0
350	21	0 1 1 1 1 0 0 1 1 0 1 0 0 1 0 0
350	20	1 1 1 1 1 1 1 0 1 1 0 1 0 0 0 0
350	5	1 0 0 1 1 1 0 0 1 0 1 0 0 1 0 0
350	9	1 1 1 1 1 0 0 0 0 1 1 0 0 0 0 0
350	18	1 1 1 1 1 0 0 0 1 1 1 0 1 0 0 0
350	2	1 1 1 1 1 0 1 0 1 1 0 0 0 0 0 0
350	29	1 1 0 1 0 0 1 1 1 0 1 0 0 1 0 0
350	18	1 1 1 1 1 1 0 0 1 0 1 0 0 0 0 0
350	3	1 1 1 0 1 1 0 0 1 1 0 0 0 0 0 0
350	4	1 1 1 0 1 1 0 0 1 0 0 1 0 0 0 0
350	1	1 1 1 1 0 0 1 1 1 0 0 0 0 0 1 0
350	8	1 1 1 1 0 1 1 0 1 1 0 0 0 0 0 0
350	4	1 1 1 1 1 0 0 1 1 0 0 0 0 0 1 1
350	9	0 1 1 1 1 1 0 0 1 0 0 1 0 0 0 0
350	10	1 1 0 1 1 0 0 1 1 1 0 0 0 0 0 0
350	4	1 0 1 1 1 0 0 1 1 0 0 0 0 0 0 0
350	1	1 0 1 1 1 0 0 1 1 1 0 1 0 0 0 0
350	2	1 0 1 1 1 0 0 0 1 1 1 0 0 0 0 0
350	24	1 1 1 1 1 0 1 1 0 0 0 0 0 0 0 0
350	2	1 1 1 1 1 0 1 0 1 1 1 1 0 0 0 0
350	8	1 1 1 1 1 0 0 0 1 1 1 0 1 0 1 0
350	5	1 1 0 1 0 1 0 0 1 1 0 0 0 0 1 0
350	6	1 0 0 1 1 0 1 1 1 1 1 0 0 0 0 0
350	6	1 1 1 1 0 0 0 1 0 0 0 0 0 0 0 0
350	14	1 1 1 1 1 0 0 1 1 1 1 0 0 0 0 0
350	5	1 1 0 1 1 1 0 0 1 0 0 1 0 0 0 0
350	1	1 1 1 1 1 0 0 0 1 0 0 1 0 1 0 0
350	1	0 0 1 0 1 1 0 1 1 1 0 0 0 0 0 1
350	1	0 1 1 1 1 0 1 0 1 1 0 0 0 0 0 0
350	3	1 1 0 1 0 0 0 1 1 1 0 0 0 0 0 0
350	6	0 1 1 1 1 0 0 0 1 0 0 0 0 0 1 0
350	4	1 0 0 1 1 0 0 1 1 0 0 1 0 0 0 0
350	3	0 1 1 1 1 0 0 0 0 1 1 0 0 0 0 0
350	3	1 1 1 0 1 1 0 1 1 1 0 0 0 0 0 0
350	5	1 1 1 1 1 1 0 0 1 1 1 0 1 0 0 0
350	5	1 0 0 1 1 1 0 0 1 0 0 1 0 0 0 0
350	7	0 1 1 1 1 1 0 0 0 0 0 0 0 0 0 0
350	7	0 1 1 1 0 0 0 1 0 0 0 0 0 1 0 0
350	2	1 1 1 0 1 1 0 1 0 0 0 0 0 0 0 0
350	1	1 1 0 1 1 0 0 0 1 1 1 0 1 0 0 0
350	1	1 1 0 1 0 0 1 0 1 0 1 0 0 1 0 0
350	3	0 1 1 0 1 0 0 0 1 0 0 0 0 0 1 0
350	3	1 0 0 1 1 0 0 1 1 1 1 0 0 0 0 0
350	2	1 1 1 1 1 0 0 1 0 0 1 0 0 0 0 0
350	1	0 1 1 1 1 0 0 1 1 1 0 0 0 0 0 1
350	2	1 1 1 1 1 1 0 0 1 0 1 1 0 0 0 0
350	2	1 0 1 1 1 0 0 1 0 0 0 0 0 0 0 1
350	1	0 1 1 1 1 1 0 1 1 0 0 0 0 0 0 0
350	2	1 1 0 1 1 0 0 0 1 1 1 1 0 0 0 0
350	3	1 1 0 1 1 0 0 1 1 1 0 0 1 0 0 0
350	5	1 0 0 1 1 0 0 1 1 0 0 0 0 0 1 0
350	2	1 0 1 1 1 0 0 1 1 1 0 0 0 0 0 1
350	3	1 1 1 1 1 1 0 1 1 0 1 0 0 1 0 0
350	4	1 1 0 1 1 0 0 0 1 0 0 1 0 0 0 0
350	2	1 0 1 1 1 0 0 1 1 0 1 0 0 0 0 0
350	1	1 1 1 1 0 0 0 1 0 0 0 0 0 0 0 1
350	3	1 1 0 1 0 0 1 1 1 0 0 0 0 0 0 0
350	1	1 1 1 1 1 1 0 0 1 0 0 1 1 0 0 0
350	1	1 0 0 1 1 0 0 1 1 0 0 0 0 0 0 1
350	1	1 0 1 1 1 0 0 0 1 0 0 0 0 0 0 0
350	1	1 1 1 0 1 1 0 1 1 1 0 1 0 0 0 0
400	53	1 1 1 1 1 1 0 0 1 1 0 0 0 0 0 0
400	38	1 1 1 1 1 0 0 1 0 0 0 0 0 0 0 0
400	29	1 1 1 1 1 0 0 0 1 1 1 0 0 0 0 0
400	51	1 1 1 1 1 1 0 0 1 0 0 0 0 0 0 0
400	64	1 1 1 1 1 1 0 0 1 0 0 1 0 0 0 0
400	22	1 1 1 1 1 0 0 0 1 0 0 0 0 0 0 0
400	21	1 0 0 1 1 0 0 1 1 1 0 0 0 0 0 0
400	35	1 1 1 1 1 0 0 1 0 1 0 0 0 0 0 0
400	18	1 1 1 1 1 1 0 0 1 0 1 0 0 0 0 0
400	3	1 1 1 1 0 1 1 0 1 1 0 0 0 0 0 0
400	25	1 1 0 1 1 0 0 1 1 1 0 0 0 0 0 0
400	34	1 1 1 1 1 0 1 1 0 0 0 0 0 0 0 0
400	83	1 1 1 1 0 0 0 1 0 0 0 0 0 0 0 0
400	15	1 1 0 1 1 0 0 0 1 0 0 1 0 0 0 0
400	51	1 1 1 1 1 0 0 1 1 0 0 0 0 0 0 0
400	19	1 1 1 1 1 1 0 0 0 0 0 1 0 0 0 0
400	3	0 1 1 1 1 0 0 1 1 0 1 0 0 0 0 0
400	2	1 1 1 0 1 1 0 0 1 0 0 1 0 0 0 0
400	4	1 0 1 0 1 0 0 0 1 0 0 0 0 0 1 0
400	11	1 1 1 1 1 0 0 1 0 0 0 0 0 0 1 0
400	3	1 1 1 1 1 0 0 1 1 1 0 0 0 0 0 0
400	13	1 1 1 1 1 0 0 1 1 0 0 1 0 0 0 0
400	25	1 1 1 1 1 0 0 1 0 1 1 0 0 0 0 0
400	36	1 1 1 1 1 1 0 1 0 0 0 0 0 0 0 0
400	9	1 1 1 1 1 0 0 0 0 0 0 1 0 0 0 0
400	4	1 1 1 1 1 1 0 0 1 1 0 0 0 0 1 0
400	13	1 1 1 0 0 0 0 0 1 0 0 1 0 0 1 0
400	2	1 1 1 1 1 0 0 1 1 0 1 0 0 0 0 0
400	3	1 1 1 1 1 1 0 0 1 1 0 1 0 0 1 0
400	18	1 1 1 1 1 0 0 0 1 1 0 0 0 0 0 0
400	1	1 1 1 1 0 0 0 0 1 1 1 0 0 0 0 0
400	4	1 1 0 1 1 0 1 1 1 0 0 1 0 0 0 0
400	13	1 1 1 1 0 1 1 0 0 0 0 0 0 0 0 0
400	12	1 1 1 1 0 0 0 1 0 0 0 0 0 0 1 0
400	6	1 1 0 1 1 0 0 1 1 0 0 0 0 0 0 0
400	4	1 1 1 1 1 1 0 1 0 0 0 0 1 0 0 0
400	3	1 1 1 1 1 0 0 1 0 0 0 0 0 1 0 0
400	3	1 1 0 1 0 0 0 0 1 0 0 1 0 0 0 0
400	6	1 0 1 1 1 0 0 1 0 0 0 0 0 0 1 0
400	15	1 1 1 1 1 1 0 0 1 0 0 0 0 0 1 0
400	6	1 1 1 1 1 0 0 1 0 0 0 1 0 0 0 0
400	6	1 0 1 1 1 1 0 0 1 0 1 0 0 1 0 0
400	12	1 1 1 1 1 1 0 0 1 1 0 1 0 0 0 0
400	5	0 1 1 1 1 1 0 0 1 1 0 0 0 0 0 0
400	2	1 1 0 1 1 0 1 1 1 0 0 1 0 1 0 0
400	20	1 1 1 1 1 1 0 0 1 1 1 0 0 0 0 0
400	4	1 0 0 1 1 0 0 1 1 1 0 1 0 0 0 0
400	13	1 1 1 1 0 0 0 1 0 1 0 0 0 0 0 0
400	4	1 1 1 1 1 0 1 1 0 0 1 0 0 0 0 0
400	1	1 1 1 1 1 1 1 0 1 0 0 0 0 0 0 0
400	6	1 1 1 1 1 1 1 0 1 0 0 1 0 0 0 0
400	4	1 1 1 0 1 0 0 0 1 1 1 0 1 0 1 0
400	6	1 1 1 1 0 1 1 0 1 0 0 0 0 0 0 0
400	1	1 0 0 1 1 0 0 0 1 1 1 0 0 0 0 0
400	1	1 1 0 1 1 0 0 0 1 1 1 0 0 0 0 0
400	12	1 1 1 1 1 0 0 0 1 0 0 0 0 1 0 0
400	9	1 0 0 1 1 0 0 1 0 1 0 0 0 0 0 0
400	3	1 1 1 1 1 0 1 0 0 0 0 0 0 0 0 0
400	3	1 1 0 1 1 0 0 1 1 0 0 0 1 0 0 0
400	1	1 1 0 1 0 1 0 1 1 1 0 0 0 0 0 0
400	19	0 1 1 1 1 1 0 0 1 0 0 0 0 0 0 0
400	5	1 1 1 1 0 1 0 0 1 0 0 1 0 0 0 0
400	4	1 1 1 1 1 1 1 1 0 0 0 0 0 0 0 0
400	1	1 1 1 1 1 0 1 1 0 0 0 1 0 0 0 0
400	1	1 0 1 1 1 1 0 0 1 0 0 1 0 0 0 0
400	6	1 1 1 1 1 1 0 1 1 0 0 1 0 0 0 0
400	10	1 1 1 1 1 1 0 0 1 0 1 1 0 0 0 0
400	5	1 1 1 1 1 0 0 1 0 1 0 0 0 1 0 0
400	1	1 1 1 1 0 0 0 1 0 0 0 1 0 0 0 0
400	7	1 1 1 1 1 1 0 1 1 1 1 0 0 0 0 0
400	1	1 1 1 1 0 1 0 1 0 0 0 0 0 0 0 0
400	1	1 1 1 1 0 0 1 1 1 0 0 0 0 0 0 0
400	2	1 1 1 1 0 1 0 1 0 0 0 0 1 0 0 0
400	3	1 1 0 1 1 0 1 0 0 0 0 0 0 0 0 0
400	1	1 1 1 1 1 0 1 1 0 1 0 0 0 0 0 0
400	4	1 1 1 1 0 0 0 1 0 1 0 1 0 0 1 0
400	3	1 1 1 1 0 0 0 1 0 0 0 0 0 0 0 1
400	2	1 1 1 0 0 0 0 1 0 0 0 0 0 0 0 0
400	5	1 1 1 1 1 1 0 0 1 0 0 1 0 0 1 0
400	1	1 1 0 1 1 0 0 0 1 0 0 0 0 0 0 0
400	1	1 0 1 1 1 1 0 1 0 0 0 0 0 0 1 0
400	2	1 1 1 1 1 0 1 0 0 1 0 0 0 0 0 0
400	3	1 1 1 1 0 1 0 0 0 0 0 1 0 0 0 0
400	1	1 1 1 1 1 0 1 1 0 1 1 0 0 0 0 0
400	6	1 1 1 1 1 0 0 0 1 0 0 1 0 0 0 0
400	1	1 1 0 1 1 0 0 0 0 0 0 0 0 0 0 0
400	1	1 0 1 1 1 1 0 0 1 0 0 0 0 0 0 0
400	1	1 1 1 1 0 0 0 1 0 0 1 0 0 0 0 0
400	1	1 1 0 1 1 0 0 0 1 0 0 1 0 0 0 1
400	1	1 1 0 1 1 0 0 0 0 0 0 1 0 0 0 0
400	1	1 0 1 1 1 0 0 1 1 0 0 1 0 0 0 0
400	1	1 1 1 0 0 0 0 1 1 0 0 1 0 0 1 0
400	2	1 0 1 1 1 0 0 1 1 0 1 0 0 0 0 0
400	3	1 1 1 1 0 1 0 1 0 0 0 0 1 1 0 0
