0	15	0 1 1 0 0 0 0 1 1 0 0 1 0 0 0 0
0	11	1 0 0 1 0 1 0 0 1 0 0 0 1 0 0 1
0	12	0 0 0 0 0 0 1 0 1 0 0 0 0 0 0 0
0	12	0 1 0 0 0 0 0 0 0 0 0 0 0 0 1 0
8	15	0 1 1 0 0 0 0 1 1 0 0 1 0 0 0 0
8	10	1 0 0 1 0 1 0 0 1 0 0 0 1 0 0 1
8	12	0 0 0 0 0 0 1 0 1 0 0 0 0 0 0 0
8	2	0 1 0 0 0 0 0 0 0 0 0 0 0 0 1 0
8	1	0 1 1 0 0 0 0 1 1 0 0 0 1 0 0 1
8	1	0 1 1 0 0 0 0 1 1 0 0 0 0 0 0 0
8	1	0 0 0 0 0 0 0 0 1 0 0 0 0 0 0 0
8	1	0 1 1 0 0 0 0 1 1 1 0 1 0 0 0 0
8	1	0 1 1 0 0 0 0 0 0 0 0 0 0 0 1 0
8	3	1 0 0 1 0 1 0 0 1 0 0 1 1 0 0 1
8	1	0 1 0 0 0 0 0 0 1 0 0 1 0 0 0 0
8	1	1 0 0 1 0 0 0 1 1 0 0 1 0 0 0 0
8	1	0 1 0 0 0 0 0 0 0 1 0 0 0 0 1 0
45	18	0 1 1 0 0 0 0 1 1 0 0 1 0 0 0 0
45	1	1 0 0 1 0 1 0 0 1 0 0 0 1 0 0 0
45	1	0 0 0 0 0 0 0 0 1 0 0 0 0 0 0 0
45	1	0 1 1 0 0 0 1 0 1 0 0 0 0 0 0 0
45	1	0 1 1 0 0 0 0 1 1 1 0 1 0 0 0 0
45	3	0 0 1 0 0 0 0 1 1 0 0 1 0 0 0 0
45	4	0 1 1 1 0 0 0 1 1 0 0 1 0 0 0 0
45	2	0 1 0 0 0 0 0 1 1 0 0 1 0 0 0 0
45	1	0 1 1 0 0 0 0 1 1 0 0 1 0 0 1 0
45	3	0 1 1 0 0 0 0 0 1 0 0 1 0 0 0 0
45	2	1 1 1 0 0 0 1 0 1 1 0 0 0 0 0 0
45	1	0 1 1 0 0 0 0 1 1 0 0 1 1 0 0 0
45	1	1 0 0 0 0 1 0 0 1 0 0 0 0 0 0 0
45	1	1 0 0 1 0 1 0 0 1 0 0 0 0 0 0 0
45	1	1 0 0 0 0 0 0 1 1 0 0 1 0 0 0 0
45	1	0 1 1 0 1 0 0 1 1 0 0 1 0 0 0 0
45	1	1 0 0 1 0 0 0 1 1 0 1 0 0 0 0 0
45	1	1 0 0 0 0 1 0 0 1 0 0 0 0 0 1 0
45	1	1 0 0 0 0 0 0 1 1 0 1 1 0 0 0 0
45	1	1 0 0 0 0 0 0 0 1 0 0 0 0 0 0 0
45	1	0 0 1 0 0 0 1 0 1 0 0 0 0 0 0 0
45	1	0 0 1 0 0 0 0 1 1 0 0 1 0 0 1 0
45	1	0 0 0 0 0 0 1 0 1 0 1 0 0 0 0 0
45	1	0 0 0 0 0 0 0 0 1 0 0 0 0 0 0 1
85	14	0 1 1 0 0 0 0 1 1 0 0 1 0 0 0 0
85	1	0 0 1 0 0 0 0 1 1 0 0 1 0 0 0 0
85	1	0 0 0 0 0 0 1 0 1 0 0 1 0 0 0 0
85	3	0 1 1 1 0 0 0 1 1 0 0 1 0 0 0 0
85	1	1 1 1 0 0 0 0 1 1 0 0 1 0 0 0 0
85	2	0 1 1 0 0 0 0 1 1 0 0 1 1 0 0 0
85	1	1 0 0 0 0 1 0 0 1 0 0 0 0 0 0 0
85	3	0 1 1 0 0 0 0 1 1 0 1 1 0 0 0 0
85	1	1 0 0 1 0 0 0 1 1 0 1 0 0 0 0 0
85	1	1 1 1 0 0 0 0 0 1 0 0 1 0 0 0 0
85	1	0 1 1 1 0 1 0 1 1 1 0 1 0 0 0 0
85	2	0 1 1 0 1 0 0 1 1 0 0 1 0 0 1 0
85	1	1 1 1 1 0 0 0 1 1 0 0 1 0 0 0 0
85	3	0 1 1 0 0 0 0 1 1 1 0 1 0 0 1 0
85	1	1 1 1 0 0 0 0 1 1 0 0 0 0 0 0 0
85	4	0 1 1 1 0 0 1 1 1 0 0 1 0 0 0 0
85	1	1 1 1 0 0 1 0 1 1 1 0 1 0 0 0 0
85	1	0 1 1 1 0 0 0 1 1 0 0 1 1 0 0 0
85	1	0 1 1 0 0 0 0 1 0 0 0 0 0 0 0 0
85	1	0 1 1 0 0 0 0 0 1 0 0 0 0 0 0 0
85	1	0 1 1 1 0 0 0 0 1 0 0 1 0 0 0 0
85	1	1 0 0 1 0 1 0 1 1 0 1 0 0 0 0 0
85	1	1 1 1 0 0 1 0 1 1 0 0 1 0 1 0 0
85	1	0 1 1 0 1 0 1 0 1 1 0 0 0 0 0 0
85	1	0 1 0 1 0 0 0 1 1 0 0 1 0 1 0 0
85	1	0 1 1 0 0 0 0 1 1 0 0 1 0 0 1 0
154	4	0 1 1 0 0 0 0 1 1 0 0 1 0 0 0 0
154	1	0 1 1 1 0 0 0 1 1 0 0 1 0 0 0 0
154	5	1 1 1 0 0 0 0 1 1 0 0 1 0 0 0 0
154	2	1 1 1 0 0 0 0 0 1 0 0 1 0 0 0 0
154	2	0 1 1 1 0 1 0 1 1 1 0 1 0 0 0 0
154	3	1 1 1 1 0 0 0 1 1 0 0 1 0 0 0 0
154	1	0 1 1 1 0 0 1 1 1 0 0 1 0 0 0 0
154	2	0 1 1 0 1 0 0 1 1 0 0 0 0 0 0 0
154	2	0 1 1 0 0 0 0 0 1 0 0 1 0 0 0 0
154	5	1 1 1 1 0 0 1 1 1 0 0 1 0 0 0 0
154	2	1 0 0 1 0 0 0 0 1 0 0 1 0 0 0 0
154	3	1 1 1 1 0 1 0 1 1 1 0 1 0 0 0 1
154	2	1 1 1 1 0 0 0 0 1 0 0 1 0 0 0 0
154	1	0 1 1 1 0 0 0 0 0 0 0 1 0 0 0 1
154	2	1 1 1 0 0 0 0 1 1 1 0 1 0 0 0 0
154	1	1 1 1 1 0 1 0 1 1 1 0 1 1 0 0 1
154	2	1 0 1 1 0 0 0 1 1 0 0 1 0 0 0 0
154	2	1 1 1 1 0 0 0 1 0 0 0 1 0 0 0 0
154	2	1 1 1 1 0 0 0 1 1 1 0 1 0 0 0 0
154	1	1 0 1 1 0 0 0 0 1 0 0 1 0 0 0 0
154	1	1 1 1 1 0 0 0 1 1 0 1 1 0 0 0 0
154	1	1 1 1 0 0 0 1 1 1 0 0 0 0 0 0 1
154	1	1 1 1 1 0 1 0 1 1 0 0 1 0 0 1 1
154	1	1 1 0 1 0 1 0 0 1 0 0 1 0 0 0 0
154	1	1 1 1 1 0 0 1 0 1 0 0 1 0 0 0 0
239	1	1 1 1 1 0 0 0 1 1 0 0 1 0 0 0 0
239	2	1 1 1 1 0 0 1 1 1 0 0 1 0 0 0 0
239	3	1 1 1 1 0 0 0 0 1 0 0 1 0 0 0 0
239	2	1 1 1 0 0 0 0 1 1 1 0 1 0 0 0 0
239	11	1 1 1 1 1 0 1 1 1 0 0 1 0 0 0 0
239	2	1 1 1 1 0 0 0 1 0 0 0 1 0 0 0 0
239	2	1 1 1 1 0 0 0 1 1 0 1 1 0 0 0 0
239	5	1 1 1 1 1 0 1 1 1 0 1 1 0 0 0 0
239	1	1 1 1 1 1 0 0 1 1 0 0 1 0 0 0 0
239	1	1 1 1 1 0 1 0 1 1 1 0 1 0 0 1 0
239	2	1 1 1 0 0 0 1 1 1 0 0 1 0 0 0 0
239	2	1 1 1 0 0 0 0 1 1 1 1 1 0 0 0 1
239	1	1 1 1 1 1 0 1 1 1 0 1 1 0 0 1 0
239	1	1 0 1 1 1 0 1 1 1 0 0 1 0 0 1 0
239	2	1 1 1 1 0 0 0 1 1 0 0 1 0 0 0 1
239	1	0 1 0 1 0 0 0 0 0 0 0 1 0 0 0 0
239	1	1 1 1 0 0 0 0 1 1 0 0 1 0 0 0 0
239	1	1 0 1 1 1 0 1 1 1 0 0 1 0 0 0 1
239	1	0 1 1 0 0 0 0 0 1 0 0 1 0 0 0 0
239	1	1 1 1 1 1 0 0 1 1 0 1 1 0 0 0 0
239	1	1 1 1 1 0 0 1 0 1 1 0 0 0 0 0 0
239	2	1 1 1 0 0 0 0 0 1 0 0 1 0 0 0 0
239	1	0 1 1 1 0 0 0 0 1 0 0 1 0 0 1 0
239	1	0 1 0 1 0 0 0 0 1 0 0 1 0 0 0 0
239	1	1 1 1 0 1 0 1 1 1 0 1 1 0 0 0 0
239	1	1 1 1 1 0 0 0 0 0 0 0 1 0 0 1 0
252	4	1 1 1 1 0 0 0 1 1 0 0 1 0 0 0 0
252	6	1 1 1 1 0 0 1 1 1 0 0 1 0 0 0 0
252	2	1 1 1 1 0 0 0 0 1 0 0 1 0 0 0 0
252	11	1 1 1 1 1 0 1 1 1 0 0 1 0 0 0 0
252	2	1 1 1 1 0 0 0 1 1 0 1 1 0 0 0 0
252	1	1 1 1 1 1 0 1 1 1 0 1 1 0 0 0 0
252	1	1 1 1 1 0 0 1 1 1 0 0 1 0 0 0 1
252	1	1 0 1 1 1 0 1 1 1 0 0 1 0 0 0 0
252	1	1 0 1 1 1 0 1 1 1 0 0 1 0 0 1 0
252	1	1 1 1 1 1 0 1 1 1 1 0 1 0 0 0 0
252	1	1 0 1 1 1 0 1 1 1 0 0 1 0 0 0 1
252	1	1 1 1 1 1 0 0 1 1 0 1 1 0 0 0 0
252	1	1 1 1 0 0 0 0 0 1 0 0 1 0 0 0 0
252	2	1 1 1 1 0 0 0 0 0 0 0 1 0 0 0 0
252	1	1 1 1 1 0 0 0 1 1 0 0 1 1 0 0 0
252	1	1 1 1 1 1 1 1 1 1 0 1 1 0 0 0 0
252	1	1 1 1 1 1 0 1 1 1 0 1 0 1 0 0 0
252	1	0 1 0 1 1 0 0 1 0 0 0 1 0 0 0 0
252	1	1 1 1 1 1 0 1 1 1 1 0 0 0 0 0 0
252	1	1 1 1 1 0 0 0 1 1 0 0 0 0 1 0 0
252	1	1 1 1 1 1 0 0 0 1 1 0 1 0 0 0 0
252	1	1 1 1 0 0 0 0 1 1 1 1 1 0 0 0 0
252	1	1 1 1 1 0 0 0 0 1 0 0 1 1 0 0 0
252	1	1 1 1 0 1 0 1 1 1 0 0 1 0 0 0 0
252	1	1 1 1 1 1 0 1 1 1 0 0 1 1 0 0 0
252	1	0 1 1 1 1 1 0 1 1 1 0 1 0 1 0 0
252	1	1 1 1 0 0 0 0 1 0 1 0 1 0 0 0 0
252	1	1 1 1 0 1 0 0 1 1 1 0 1 1 0 1 0
252	1	0 0 1 1 1 0 1 1 1 0 0 1 0 0 1 0
350	1	1 1 1 1 0 0 0 1 1 0 0 1 0 0 0 0
350	9	1 1 1 1 0 0 1 1 1 0 0 1 0 0 0 0
350	6	1 1 1 1 1 0 1 1 1 0 0 1 0 0 0 0
350	3	1 1 1 1 0 0 0 1 1 0 1 1 0 0 0 0
350	1	1 1 1 1 1 0 1 1 1 0 1 1 0 0 0 0
350	1	1 1 1 1 0 0 1 1 1 0 0 1 0 0 0 1
350	2	1 1 1 1 1 0 0 1 1 0 1 1 0 0 0 0
350	2	1 1 1 1 1 0 0 0 1 1 0 1 0 0 0 0
350	1	1 1 1 1 1 0 1 1 1 0 0 1 0 0 1 0
350	3	1 1 1 1 1 0 0 1 1 0 0 1 0 0 0 0
350	1	1 1 1 1 1 0 1 1 1 0 0 0 0 0 0 0
350	6	1 1 1 1 0 0 1 1 1 0 1 1 0 0 0 0
350	1	1 1 1 1 0 0 1 1 0 0 1 1 0 0 0 0
350	1	1 1 1 1 0 0 0 0 0 0 0 1 1 0 0 0
350	2	1 1 1 1 1 0 0 1 0 0 0 1 0 0 0 0
350	1	1 1 1 1 1 0 0 0 0 1 0 1 0 0 0 0
350	1	1 1 1 1 1 0 0 1 1 0 1 1 0 1 0 0
350	1	1 1 1 1 1 0 1 1 1 0 0 1 1 0 0 0
350	1	1 1 1 1 0 0 1 1 1 0 0 1 0 0 1 1
350	1	1 1 1 1 0 0 1 0 1 0 1 1 0 0 0 0
350	1	1 0 1 1 0 0 1 1 1 0 0 0 0 0 0 0
350	1	1 1 1 0 0 0 0 0 1 0 1 1 0 0 0 0
350	2	1 1 1 1 1 0 0 1 1 1 0 1 0 1 0 0
350	1	1 1 1 1 1 0 0 1 1 0 1 1 1 0 0 0
400	3	1 1 1 1 0 0 0 1 1 0 0 1 0 0 0 0
400	3	1 1 1 1 0 0 1 1 1 0 0 1 0 0 0 0
400	5	1 1 1 1 1 0 1 1 1 0 0 1 0 0 0 0
400	1	1 1 1 1 0 0 1 1 1 0 0 1 0 0 0 1
400	4	1 1 1 1 1 0 0 1 1 0 1 1 0 0 0 0
400	3	1 1 1 1 1 0 0 0 1 1 0 1 0 0 0 0
400	2	1 1 1 1 1 0 0 1 1 0 0 1 0 0 0 0
400	1	1 1 1 1 0 0 1 1 1 0 1 1 0 0 0 0
400	1	1 1 1 1 1 0 1 1 0 0 0 1 0 0 0 0
400	2	1 1 1 1 1 0 0 0 0 1 0 1 0 0 0 0
400	1	1 1 1 1 1 0 0 1 0 0 1 1 0 0 0 0
400	1	1 1 0 1 0 0 0 1 1 0 0 1 0 0 0 0
400	1	1 1 1 1 1 1 0 0 0 0 0 1 1 0 0 0
400	1	1 1 1 1 1 0 1 1 1 1 0 1 0 0 0 0
400	1	1 1 1 1 0 0 1 1 1 0 0 1 0 0 1 0
400	2	1 0 1 1 1 0 1 1 1 0 0 1 0 0 0 0
400	1	1 1 1 1 0 0 1 1 1 0 1 1 0 0 1 0
400	2	1 1 1 0 1 0 1 1 1 0 0 1 0 0 0 0
400	1	1 1 0 1 1 0 1 1 1 0 0 1 0 0 0 0
400	1	1 1 1 1 0 0 0 0 0 0 0 1 1 0 0 0
400	1	1 1 1 1 0 0 1 1 1 1 0 1 0 0 0 0
400	1	1 1 1 1 1 0 1 0 1 0 0 1 0 1 0 0
400	1	1 1 1 1 0 0 0 1 1 0 0 1 1 0 0 0
400	1	1 0 1 0 1 0 1 1 1 0 0 1 0 0 0 0
400	1	1 1 1 1 1 0 0 1 1 0 1 0 0 0 0 0
400	1	1 1 1 0 1 1 1 1 1 0 0 1 0 0 1 0
400	1	1 1 1 1 0 0 0 0 1 1 0 1 0 0 0 0
400	1	1 1 1 1 1 0 1 1 1 0 0 1 0 1 0 0
400	1	1 0 1 1 1 0 0 0 0 1 1 0 0 0 0 0
400	1	1 1 1 1 1 0 1 0 0 1 1 1 0 0 0 0
400	1	1 1 1 1 0 0 0 0 1 0 0 1 1 0 0 0
400	1	1 1 1 1 1 0 0 1 0 1 0 1 0 0 0 0
400	1	1 1 1 0 1 1 0 0 1 0 1 1 0 0 0 0
