0	250	1 1 0 0 0 0 1 0 0 0 0 0 0 0 0 0
0	250	1 0 0 0 0 0 0 0 0 0 1 0 1 1 0 0
0	250	0 0 0 0 0 0 0 0 0 1 1 0 0 0 0 0
0	250	0 1 0 0 1 1 1 0 1 0 0 0 0 1 1 0
8	237	1 1 0 0 0 0 1 0 0 0 0 0 0 0 0 0
8	147	1 0 0 0 0 0 0 0 0 0 1 0 1 1 0 0
8	227	0 0 0 0 0 0 0 0 0 1 1 0 0 0 0 0
8	180	0 1 0 0 1 1 1 0 1 0 0 0 0 1 1 0
8	5	0 0 0 0 0 0 0 0 0 0 0 0 0 1 1 0
8	2	1 1 0 0 0 0 1 0 0 0 0 0 0 1 0 0
8	8	0 0 0 0 0 0 0 0 0 1 0 0 0 0 0 0
8	3	1 0 0 0 0 0 0 0 0 0 1 0 0 0 0 0
8	3	0 0 0 0 0 0 1 0 1 0 0 0 0 1 1 0
8	6	0 1 0 0 1 1 0 0 0 0 1 0 1 1 0 0
8	7	1 1 0 0 0 1 1 0 0 0 0 0 0 0 0 0
8	4	1 1 0 0 0 0 0 0 0 0 0 0 0 0 0 0
8	2	1 1 0 0 0 0 1 0 0 0 0 0 0 0 0 1
8	6	1 1 0 0 0 0 1 0 0 0 0 0 0 0 1 0
8	1	1 0 0 0 0 0 1 0 0 0 1 0 1 1 0 0
8	8	0 1 0 0 0 1 1 0 1 0 0 0 0 1 1 0
8	6	1 1 0 0 0 0 1 0 0 1 1 0 0 0 0 0
8	15	1 0 0 0 0 0 0 0 0 1 1 0 0 0 0 0
8	5	0 0 0 0 0 0 0 0 0 1 1 0 0 0 1 0
8	5	0 1 0 0 0 0 1 0 0 0 0 0 0 0 0 0
8	3	0 1 0 0 0 0 0 0 0 1 1 0 0 0 0 0
8	3	0 1 0 0 1 1 1 0 1 0 0 0 0 1 0 0
8	8	1 1 0 0 1 0 1 0 0 0 0 0 0 0 0 0
8	7	0 0 0 0 0 0 0 0 0 1 1 1 0 0 0 0
8	2	1 0 0 0 0 0 0 0 0 0 0 0 0 0 0 0
8	1	0 1 0 0 1 1 1 0 1 0 0 0 0 0 0 0
8	2	1 0 0 0 0 0 0 0 0 0 1 0 1 0 0 0
8	10	0 1 0 0 1 1 1 0 1 0 1 0 0 1 1 0
8	1	0 1 0 0 1 1 1 0 1 0 0 0 0 0 1 0
8	4	1 1 0 0 0 0 1 0 1 0 0 0 0 1 1 0
8	3	1 0 0 0 0 0 1 0 0 0 0 0 0 0 0 0
8	7	0 0 0 0 0 0 0 0 0 0 1 0 1 1 0 0
8	5	1 1 0 0 0 0 1 0 0 0 0 0 1 0 0 0
8	4	1 1 0 0 1 0 1 0 0 0 0 0 0 0 1 0
8	1	0 1 0 0 1 1 1 0 1 0 0 0 1 1 0 0
8	3	0 1 0 0 1 1 1 0 0 1 1 0 0 0 0 0
8	4	0 1 0 0 1 1 1 0 1 0 1 0 0 0 0 0
8	4	0 1 0 0 0 0 1 0 0 1 1 0 0 0 0 0
8	8	1 1 0 0 0 0 1 1 0 0 0 0 0 0 0 0
8	4	1 0 0 0 0 0 0 0 0 0 1 0 1 1 1 0
8	3	1 0 0 0 0 0 0 1 0 0 1 0 1 1 0 0
8	5	0 1 0 0 1 1 1 0 1 1 0 0 0 1 1 0
8	7	0 1 0 1 1 1 1 0 1 0 0 0 0 1 1 0
8	3	0 1 0 0 1 1 1 0 1 0 0 0 1 1 1 0
8	2	1 1 0 0 0 0 1 0 0 1 0 0 0 1 0 0
8	3	1 1 0 0 0 1 1 0 0 0 0 1 0 0 0 0
8	1	1 1 0 0 0 0 1 0 0 0 0 1 0 0 0 0
8	1	0 0 1 0 0 0 0 0 0 1 1 0 0 0 0 0
8	3	0 0 0 0 0 1 0 0 0 1 1 0 0 0 0 0
8	1	0 1 0 0 1 0 1 0 1 0 0 0 0 1 0 0
8	1	0 0 0 0 0 0 1 0 0 0 0 0 0 0 0 0
8	1	0 0 0 0 0 0 0 0 0 0 0 0 0 0 0 0
8	2	0 0 0 0 1 1 1 0 1 0 0 0 0 1 0 0
8	2	0 1 0 0 1 1 0 0 0 1 1 0 0 0 0 0
8	1	0 1 0 0 0 0 1 0 0 0 0 0 0 0 1 0
8	1	1 1 0 0 0 0 1 0 1 0 0 0 0 0 0 0
8	1	0 0 0 0 0 0 0 0 0 1 1 0 0 0 0 1
8	1	1 1 0 0 0 0 0 0 0 1 1 0 0 0 0 0
45	153	1 1 0 0 0 0 1 0 0 0 0 0 0 0 0 0
45	26	1 0 0 0 0 0 0 0 0 0 1 0 1 1 0 0
45	65	0 0 0 0 0 0 0 0 0 1 1 0 0 0 0 0
45	43	0 1 0 0 1 1 1 0 1 0 0 0 0 1 1 0
45	20	1 1 0 0 0 0 1 0 0 0 0 0 0 0 1 0
45	4	1 1 0 0 0 0 1 0 0 1 1 0 0 0 0 0
45	33	1 0 0 0 0 0 0 0 0 1 1 0 0 0 0 0
45	22	0 1 0 0 0 0 1 0 0 0 0 0 0 0 0 0
45	22	1 1 0 0 1 0 1 0 0 0 0 0 0 0 0 0
45	8	1 1 0 0 0 0 1 0 1 0 0 0 0 1 1 0
45	64	1 1 0 0 0 0 1 0 0 0 0 0 1 0 0 0
45	2	1 1 0 0 1 0 1 0 0 0 0 0 0 0 1 0
45	8	0 0 0 0 0 0 0 0 0 0 0 0 0 0 0 0
45	4	0 1 0 0 1 1 1 0 1 0 0 1 0 1 1 0
45	2	0 1 0 0 1 1 1 1 1 0 0 0 0 1 1 0
45	17	1 1 0 0 0 0 0 0 0 0 1 0 1 1 0 0
45	49	1 1 1 0 0 0 1 0 0 0 0 0 0 0 0 0
45	4	1 1 0 0 0 0 1 0 0 0 0 0 1 1 0 0
45	81	1 1 0 1 0 0 1 0 0 0 0 0 0 0 0 0
45	1	1 1 0 0 0 1 1 0 1 0 0 0 0 1 1 0
45	6	0 1 1 0 0 0 0 0 0 1 1 0 0 0 0 0
45	9	1 0 0 0 1 1 1 1 1 0 1 0 1 1 0 0
45	23	1 1 0 0 0 0 1 0 1 0 0 0 0 0 0 0
45	2	1 0 0 1 0 0 0 0 0 0 1 0 1 1 0 0
45	6	1 1 0 0 0 0 1 0 0 1 1 0 0 1 0 0
45	3	0 1 0 1 1 1 1 0 1 0 0 1 0 1 1 0
45	16	1 1 0 0 0 0 1 1 0 0 1 0 0 0 0 0
45	8	0 0 0 1 0 0 0 0 0 1 1 0 0 1 0 0
45	1	0 0 0 0 0 0 0 0 1 1 1 0 0 0 1 0
45	14	0 0 1 0 1 0 0 0 0 1 1 0 0 0 0 0
45	6	1 1 0 0 0 0 0 0 0 1 1 0 0 0 0 0
45	6	0 1 0 0 0 0 1 0 0 0 1 0 1 0 0 0
45	2	1 1 0 0 0 0 1 0 0 0 1 0 1 1 0 0
45	31	1 1 0 0 0 1 1 0 0 1 1 0 0 0 0 0
45	10	0 0 0 1 0 0 0 0 0 1 1 0 0 0 0 0
45	7	1 0 0 0 0 0 1 0 0 0 1 0 0 0 0 0
45	9	0 1 0 0 1 0 1 0 0 0 0 0 0 0 0 0
45	9	1 1 0 0 0 0 1 0 0 0 0 1 0 1 1 0
45	10	1 1 0 0 0 0 1 0 0 0 0 0 0 1 1 0
45	18	1 0 0 0 0 0 0 0 0 1 1 0 1 1 0 0
45	4	1 1 0 0 0 1 1 0 0 0 1 0 0 0 0 0
45	13	1 1 0 0 1 0 1 1 0 0 0 0 0 0 1 0
45	2	1 1 0 0 0 0 1 0 1 0 0 1 0 1 1 0
45	2	1 1 1 0 1 0 1 0 0 0 0 0 0 0 1 0
45	2	1 1 0 0 0 0 1 1 0 1 0 0 0 0 0 1
45	3	0 0 0 0 0 0 1 0 0 0 1 0 1 0 0 0
45	1	1 1 0 0 0 0 0 0 0 0 0 0 0 0 1 0
45	8	0 1 0 1 0 0 1 0 0 0 0 0 0 0 0 0
45	12	1 1 0 0 1 1 1 0 1 0 1 0 0 1 1 0
45	3	1 1 1 0 0 0 1 0 0 0 0 0 0 1 0 0
45	5	1 0 0 0 0 0 0 0 0 1 1 0 1 1 1 0
45	2	1 1 0 0 0 0 1 1 0 0 0 0 0 0 0 0
45	2	0 1 0 0 0 0 0 0 0 1 1 0 0 0 0 1
45	6	1 0 0 0 0 0 1 0 0 0 0 0 0 0 0 0
45	6	1 1 0 0 0 1 1 0 0 0 0 0 0 0 0 0
45	1	0 1 0 0 1 0 1 0 1 0 0 0 0 1 1 0
45	1	0 1 1 0 0 0 0 1 0 1 1 0 0 0 0 0
45	2	1 0 0 0 0 0 0 0 1 1 1 0 0 0 1 0
45	18	1 1 0 0 1 0 1 0 1 0 0 0 1 1 1 0
45	10	1 1 0 1 0 0 1 0 0 0 0 0 0 0 1 0
45	1	0 0 0 0 0 0 0 0 0 0 0 1 0 0 0 0
45	4	1 1 0 0 0 0 1 1 1 0 0 0 0 0 0 0
45	3	1 0 0 0 0 0 1 0 0 0 0 0 0 0 1 0
45	4	1 1 0 1 1 1 1 0 1 0 0 0 0 1 1 0
45	1	0 1 0 0 0 0 1 0 0 0 0 1 1 0 0 0
45	1	1 1 0 1 0 0 1 0 0 0 0 0 0 1 0 1
45	2	0 0 0 0 0 0 0 0 0 0 0 0 0 1 0 0
45	6	0 1 1 0 0 0 0 0 0 1 1 0 0 0 1 0
45	2	1 0 0 1 0 0 0 0 0 0 1 0 1 1 1 0
45	3	0 0 0 0 0 0 1 0 0 1 1 0 0 0 0 0
45	1	0 1 0 0 1 1 0 0 1 0 0 0 0 1 1 0
45	3	1 1 0 1 0 0 1 0 1 0 0 0 0 0 0 0
45	3	1 1 0 0 0 0 1 1 1 1 0 0 0 0 0 1
45	2	1 1 0 0 0 1 1 0 0 0 0 0 0 0 1 0
45	2	1 1 0 1 0 0 1 0 0 1 1 0 0 0 0 0
45	3	0 1 1 0 1 0 0 0 0 1 1 0 0 0 0 0
45	1	0 1 0 1 0 0 0 0 0 1 1 0 0 1 0 0
45	2	1 1 0 0 0 1 1 0 0 1 1 0 0 1 0 0
45	1	1 1 0 0 1 1 1 0 0 0 1 0 0 0 0 0
45	1	1 1 0 0 0 0 1 0 0 0 0 1 0 0 0 0
45	1	1 1 0 1 0 0 1 0 0 0 0 0 1 1 0 0
45	2	0 1 1 0 1 1 1 0 1 0 0 0 0 1 1 0
45	1	0 1 0 0 0 0 1 0 0 1 0 0 0 0 0 0
45	2	1 1 0 0 0 1 1 0 1 1 0 0 0 1 1 0
45	6	1 1 0 0 0 0 1 0 1 0 0 0 1 0 0 0
45	2	1 1 0 0 0 0 1 0 1 0 0 1 0 0 1 0
45	1	1 1 1 1 0 0 1 0 0 0 0 0 0 0 0 0
45	2	0 0 0 0 0 0 0 0 0 0 1 0 1 1 0 0
45	1	1 0 0 0 0 0 0 0 0 0 1 0 1 0 0 0
45	4	1 1 0 1 0 0 0 0 0 0 0 0 0 0 0 0
45	1	1 1 1 0 0 1 1 0 0 1 1 0 0 0 0 0
45	2	1 1 0 0 0 0 1 0 1 0 0 1 0 1 0 0
45	1	0 1 0 0 1 0 1 0 1 0 0 0 0 0 1 0
45	1	1 1 0 0 0 0 1 1 1 0 0 0 0 0 1 0
85	87	1 1 0 0 0 0 1 0 0 0 0 0 0 0 0 0
85	9	1 0 0 0 0 0 0 0 0 0 1 0 1 1 0 0
85	5	0 1 0 0 1 1 1 0 1 0 0 0 0 1 1 0
85	21	1 1 0 0 0 0 1 0 0 0 0 0 0 0 1 0
85	12	1 0 0 0 0 0 0 0 0 1 1 0 0 0 0 0
85	8	1 1 0 0 1 0 1 0 0 0 0 0 0 0 0 0
85	32	1 1 0 0 0 0 1 0 0 0 0 0 1 0 0 0
85	8	1 1 0 0 0 0 0 0 0 0 1 0 1 1 0 0
85	4	1 1 1 0 0 0 1 0 0 0 0 0 0 0 0 0
85	60	1 1 0 1 0 0 1 0 0 0 0 0 0 0 0 0
85	44	1 1 0 0 0 0 1 0 1 0 0 0 0 0 0 0
85	4	0 0 0 1 0 0 0 0 0 1 1 0 0 1 0 0
85	5	1 1 0 0 0 1 1 0 0 1 1 0 0 0 0 0
85	16	0 0 0 1 0 0 0 0 0 1 1 0 0 0 0 0
85	9	1 1 0 0 0 0 1 0 0 0 0 0 0 1 1 0
85	12	1 1 1 0 1 0 1 0 0 0 0 0 0 0 1 0
85	16	1 1 0 0 0 0 1 1 1 0 0 0 0 0 0 0
85	19	1 1 0 1 0 0 1 0 1 0 0 0 0 0 0 0
85	1	1 1 0 0 0 0 1 0 1 0 0 0 1 0 0 0
85	75	1 1 1 0 0 1 1 0 0 1 1 0 0 0 0 0
85	16	1 1 1 0 0 0 1 0 0 0 0 0 0 1 1 0
85	7	0 1 0 0 1 1 1 0 0 0 0 0 0 0 0 0
85	4	1 1 0 1 1 0 1 0 0 0 0 0 0 0 1 0
85	2	1 1 0 0 0 1 0 0 0 1 1 0 0 0 0 0
85	31	0 1 0 0 0 0 1 1 0 0 0 0 0 0 0 0
85	14	1 1 0 0 0 0 1 0 0 0 0 1 0 0 0 0
85	10	0 0 0 0 0 0 0 0 0 1 1 0 0 0 0 1
85	3	1 1 0 0 0 0 1 0 1 0 0 0 0 0 0 1
85	9	0 1 0 0 1 1 1 0 0 0 0 0 0 1 1 0
85	13	1 0 0 0 0 0 1 0 0 0 0 0 1 0 0 0
85	6	0 1 0 0 0 0 1 0 0 0 1 0 0 0 0 0
85	1	1 0 0 1 0 0 1 0 0 0 0 0 0 0 0 0
85	11	1 1 0 0 0 1 0 0 0 1 1 0 0 1 0 0
85	22	1 1 0 1 0 0 1 0 0 0 0 1 0 0 1 0
85	9	1 1 0 0 0 1 0 0 0 1 1 0 0 0 1 0
85	12	1 1 1 0 0 0 1 0 0 0 0 1 0 0 0 0
85	2	1 0 0 0 1 1 1 1 1 0 0 0 0 0 0 0
85	17	1 1 0 1 1 0 1 0 0 0 0 0 0 0 0 0
85	12	1 1 1 0 0 0 1 0 0 0 0 0 0 1 0 1
85	5	1 1 0 1 0 0 1 0 0 0 1 0 0 0 0 0
85	10	1 1 0 0 0 1 1 0 0 0 0 1 0 0 0 0
85	3	1 1 1 1 0 0 1 0 0 0 0 0 0 0 0 0
85	7	0 1 1 1 1 0 1 0 0 0 0 0 0 0 1 0
85	4	0 1 0 0 0 0 0 0 0 0 0 0 0 1 1 0
85	8	0 0 0 0 0 0 0 1 0 1 1 0 0 0 0 0
85	21	1 0 0 0 0 0 1 0 0 0 0 1 0 0 0 0
85	2	1 0 0 0 0 0 1 0 0 0 1 0 0 0 0 0
85	5	1 1 0 1 0 0 1 0 0 0 1 0 0 1 0 0
85	4	1 1 1 0 0 0 1 0 0 1 1 0 0 0 0 0
85	16	1 1 0 1 0 1 0 0 0 1 1 0 0 0 0 0
85	1	1 1 0 0 1 1 1 0 0 1 1 0 0 0 0 0
85	30	1 1 0 0 0 0 1 0 1 1 1 0 0 0 0 0
85	5	0 1 1 0 0 1 1 0 0 1 1 0 0 0 0 0
85	8	0 1 1 0 0 0 1 0 0 0 0 1 0 0 0 0
85	2	1 1 0 1 1 1 1 0 1 0 0 0 0 0 0 0
85	11	1 1 0 0 0 0 1 0 0 0 0 1 0 0 1 0
85	17	1 1 0 1 0 0 1 0 0 0 0 0 0 0 1 0
85	2	1 1 0 0 0 1 1 0 1 1 1 0 0 1 1 0
85	2	1 1 0 1 0 0 1 0 1 0 0 1 0 1 0 0
85	20	1 1 0 1 0 1 0 0 0 1 1 0 0 1 0 0
85	7	1 1 0 1 0 1 0 0 1 1 1 0 0 0 0 0
85	7	1 1 0 1 0 0 1 0 0 0 0 0 0 0 0 1
85	2	1 1 0 1 0 0 1 0 1 0 0 1 0 0 0 0
85	24	1 1 0 0 0 0 1 0 1 0 0 0 1 1 0 0
85	1	1 1 0 0 1 1 1 0 0 1 1 0 1 0 0 0
85	1	1 1 0 1 0 0 1 1 0 0 0 0 0 0 0 0
85	6	1 1 1 0 0 1 1 1 0 1 1 0 0 0 0 0
85	12	0 1 0 0 1 0 1 0 1 0 0 0 0 1 1 0
85	3	1 0 0 0 1 1 1 1 1 0 1 0 1 0 0 0
85	1	1 1 0 1 0 0 1 0 0 0 0 0 0 1 0 0
85	6	1 1 1 0 0 1 1 0 0 0 0 0 0 1 1 0
85	5	1 1 1 0 1 0 1 1 0 0 0 0 0 0 0 0
85	3	1 0 0 0 0 0 1 0 0 0 0 0 0 1 1 0
85	4	1 1 0 0 1 0 1 0 0 0 0 1 0 0 0 0
85	1	1 1 0 0 0 1 1 0 1 0 0 0 1 1 0 0
85	7	1 1 1 0 0 1 1 0 0 0 0 0 0 0 0 0
85	5	0 0 0 0 0 0 1 0 0 0 0 0 0 0 1 0
85	1	1 1 0 0 0 0 1 0 0 1 0 0 0 1 1 0
85	1	1 0 0 1 0 0 1 0 0 0 0 0 1 0 0 0
85	1	1 0 0 0 0 0 0 0 0 0 0 1 0 0 0 0
85	3	1 1 0 0 0 1 1 1 1 1 0 1 0 0 0 0
85	1	1 1 0 0 1 0 1 0 0 0 0 0 0 0 1 0
85	9	1 1 0 0 0 0 0 0 0 1 1 0 0 0 0 0
85	1	1 1 0 0 0 0 1 1 1 0 0 0 0 0 1 0
85	3	1 1 0 1 0 0 1 0 0 0 0 1 0 0 0 0
85	2	1 1 0 1 0 1 1 1 0 1 1 0 0 0 0 0
85	2	1 1 0 0 0 1 1 0 0 0 0 0 0 0 0 0
85	1	1 1 1 0 0 0 1 0 0 0 0 0 0 0 1 0
85	2	1 0 0 1 0 0 0 0 0 0 0 0 0 0 0 0
85	1	1 1 0 1 1 1 1 0 1 0 1 0 0 0 0 0
85	7	1 1 0 1 0 0 1 0 1 1 1 0 0 0 0 0
85	5	0 0 0 1 0 0 1 0 0 0 0 1 0 0 0 0
85	3	1 0 0 0 0 1 1 1 1 0 0 0 0 0 0 0
85	3	1 1 0 0 0 0 0 0 0 0 0 0 0 0 0 0
85	1	0 1 0 0 1 0 1 0 0 0 0 0 0 0 0 0
85	2	0 1 0 1 0 0 1 1 0 0 0 0 0 0 0 0
85	1	1 1 0 1 0 0 1 0 0 0 0 1 0 0 1 1
85	5	1 1 0 0 0 0 1 0 1 1 1 0 1 0 0 0
85	2	1 1 0 0 0 0 0 0 0 1 1 0 1 0 0 0
85	2	0 1 1 0 1 0 1 0 0 0 0 0 0 0 1 0
85	2	1 1 0 1 0 1 1 1 1 0 1 0 1 0 0 0
85	1	1 1 0 0 0 0 0 0 0 0 0 0 1 1 0 0
85	1	1 1 0 0 0 0 1 0 0 1 1 0 0 0 0 0
85	1	1 1 1 0 1 1 1 0 0 1 1 0 0 0 0 0
85	1	1 1 0 1 1 0 1 0 0 1 0 0 0 0 1 0
85	1	1 1 1 1 0 0 1 0 0 0 0 1 0 0 1 0
85	1	0 1 0 0 1 1 1 0 0 1 1 0 0 0 0 0
85	1	1 0 0 1 0 0 1 0 0 0 0 0 0 0 0 1
85	1	1 1 1 0 0 1 1 1 0 1 0 0 0 0 0 0
85	1	1 0 0 1 1 1 1 1 1 0 1 0 1 0 0 0
85	3	1 1 0 1 0 1 1 0 1 0 0 0 1 1 0 0
85	1	0 0 0 0 0 0 0 0 0 0 0 0 0 0 1 0
154	4	1 1 0 0 0 0 1 0 0 0 0 0 0 0 0 0
154	63	1 1 0 0 0 0 1 0 0 0 0 0 0 0 1 0
154	59	1 1 0 1 0 0 1 0 0 0 0 0 0 0 0 0
154	26	1 1 1 0 1 0 1 0 0 0 0 0 0 0 1 0
154	125	1 1 1 0 0 1 1 0 0 1 1 0 0 0 0 0
154	10	0 1 0 0 0 0 1 1 0 0 0 0 0 0 0 0
154	9	1 1 1 0 0 0 1 0 0 0 0 0 0 1 0 1
154	16	0 1 1 1 1 0 1 0 0 0 0 0 0 0 1 0
154	5	1 1 0 1 0 1 0 0 0 1 1 0 0 0 0 0
154	22	1 1 0 0 0 0 1 0 1 1 1 0 0 0 0 0
154	16	1 1 0 1 0 0 1 0 0 0 0 0 0 0 1 0
154	17	1 1 0 0 1 0 1 0 0 0 0 0 0 0 1 0
154	10	1 1 0 1 0 0 1 0 0 0 0 1 0 0 0 0
154	4	1 1 1 0 0 1 0 0 0 1 1 0 0 0 0 0
154	7	1 1 1 0 0 0 1 0 0 0 0 0 0 1 0 0
154	5	0 0 0 0 0 0 1 0 0 0 0 0 0 0 0 0
154	4	0 1 1 1 1 0 1 0 1 0 0 0 0 0 1 0
154	60	1 1 0 0 0 0 0 0 1 1 1 0 0 0 0 0
154	29	1 1 1 0 1 0 1 0 0 0 0 1 0 0 0 0
154	32	1 1 0 1 0 1 1 0 0 1 1 0 0 0 0 0
154	13	1 1 0 0 0 0 1 1 1 0 0 0 0 0 0 0
154	16	1 1 0 1 0 0 0 0 0 1 1 1 0 0 0 0
154	18	1 1 0 1 0 1 1 0 1 1 1 0 0 0 0 0
154	38	1 1 0 0 0 1 1 0 1 0 0 0 0 0 0 0
154	1	0 1 1 1 0 1 1 0 0 1 1 0 0 0 0 0
154	47	1 0 1 0 0 1 1 0 0 1 1 0 0 0 0 0
154	13	1 1 0 0 0 0 0 0 0 1 1 0 0 1 0 0
154	5	1 1 0 0 0 1 1 0 0 1 1 1 0 0 0 0
154	8	1 1 1 0 0 0 0 0 1 1 0 0 0 0 0 0
154	7	1 1 0 1 0 0 1 0 0 1 1 0 1 0 0 0
154	23	1 1 1 0 0 1 1 0 0 1 1 1 0 0 0 0
154	11	1 1 1 1 0 1 1 0 1 0 0 0 0 0 0 0
154	10	1 1 1 0 0 1 1 0 0 0 0 0 0 0 1 0
154	4	1 1 0 0 0 0 0 0 1 1 0 0 0 0 0 0
154	7	1 1 0 0 0 1 1 0 0 1 1 0 0 0 0 0
154	1	1 1 1 0 1 1 1 0 0 0 0 0 0 0 1 0
154	5	1 1 0 0 0 0 1 0 0 1 1 0 0 0 0 0
154	12	0 0 0 0 0 0 1 0 0 0 0 0 0 1 0 0
154	12	1 1 0 0 0 0 1 0 1 1 1 1 0 0 0 0
154	2	1 0 0 1 0 1 0 0 0 1 1 0 0 0 0 0
154	6	1 1 0 1 0 0 1 0 0 1 1 0 0 0 0 0
154	8	1 1 0 0 0 0 0 0 0 0 0 0 0 0 1 0
154	9	1 1 1 0 1 0 1 0 0 0 0 0 0 0 0 0
154	8	1 1 0 1 0 0 1 1 1 1 1 0 0 0 0 0
154	2	1 1 0 0 0 1 1 0 1 1 1 0 0 0 0 0
154	18	1 1 0 1 0 0 0 0 1 1 1 0 0 0 0 0
154	20	1 1 1 0 1 0 0 0 0 0 0 1 0 0 0 0
154	1	1 1 0 1 0 0 1 0 1 0 0 1 0 0 1 0
154	3	1 1 0 1 0 1 1 0 1 1 1 0 1 0 0 0
154	13	1 0 0 1 0 1 0 0 0 0 1 0 0 0 0 0
154	3	1 1 0 1 0 0 1 0 0 0 0 1 0 1 0 0
154	7	1 1 1 0 0 0 0 0 1 1 1 0 0 0 0 0
154	5	1 1 0 1 0 1 0 1 0 1 1 0 0 0 0 0
154	7	1 0 0 1 0 1 1 0 0 1 1 0 0 0 0 0
154	1	1 1 0 0 0 0 0 0 1 0 1 0 0 0 0 0
154	1	1 1 0 0 0 0 0 0 1 1 1 0 0 0 1 0
154	1	1 1 0 0 0 0 1 0 1 1 1 0 0 0 1 0
154	2	1 1 0 0 0 0 0 0 0 1 1 0 0 1 0 1
154	4	1 1 1 0 1 0 1 0 1 0 0 0 0 0 1 0
154	3	1 1 0 0 0 0 1 0 0 0 1 0 0 0 0 0
154	4	0 1 1 1 1 0 1 0 0 0 0 0 0 0 0 0
154	7	1 1 0 0 1 0 1 0 0 0 0 0 0 0 0 0
154	1	1 1 0 1 0 0 1 0 0 0 1 0 0 0 1 0
154	4	1 1 0 0 0 1 1 0 1 0 0 0 0 0 0 1
154	11	1 1 1 0 0 0 1 0 0 0 0 0 0 0 1 0
154	3	1 0 0 1 0 1 0 0 0 0 1 0 0 0 0 1
154	2	1 1 0 1 0 0 1 0 0 0 0 1 0 0 1 1
154	1	1 1 1 0 1 0 1 0 0 1 0 1 0 0 0 0
154	3	1 1 0 1 0 1 1 0 0 1 0 0 0 0 0 0
154	3	1 1 0 1 0 1 1 0 1 0 0 0 0 0 0 0
154	1	1 1 0 1 0 0 1 0 1 1 1 0 0 0 0 0
154	1	0 1 1 1 1 0 1 0 0 1 1 0 0 0 0 0
154	4	1 1 1 1 0 1 0 0 0 1 1 0 0 0 0 0
154	5	0 1 0 1 0 0 1 0 0 0 0 0 0 0 1 0
154	3	1 1 1 0 1 1 1 0 0 0 0 0 0 0 0 0
154	1	1 1 1 0 0 1 1 0 0 0 1 0 0 0 0 0
154	2	1 1 1 0 0 1 1 1 0 1 1 0 0 0 0 0
154	1	0 0 0 0 0 0 1 0 0 0 0 0 1 1 0 0
154	5	1 1 0 0 0 0 0 0 1 1 1 1 0 0 0 0
154	1	1 1 1 0 1 0 1 0 0 1 1 0 0 0 0 0
154	2	1 1 0 0 0 0 1 0 0 0 0 0 0 1 1 0
154	2	0 1 1 1 1 0 1 0 0 0 0 0 0 0 1 1
154	1	1 1 1 0 0 0 0 0 0 1 0 0 0 0 0 0
154	3	1 1 0 0 0 1 1 1 0 1 1 0 0 0 0 0
154	3	1 1 0 0 0 1 1 0 0 1 0 0 0 0 0 0
154	2	1 1 1 0 1 0 0 0 1 0 0 1 0 0 0 0
154	4	1 1 1 0 0 1 1 0 0 1 0 0 0 0 1 0
154	1	1 1 0 1 0 0 1 0 0 0 0 0 1 0 0 0
154	4	1 1 1 0 1 1 1 0 0 1 1 0 0 0 0 0
154	1	1 0 0 0 0 0 0 0 1 1 1 0 0 0 0 0
154	1	1 1 0 0 0 0 0 0 0 1 1 0 0 0 0 0
154	1	1 1 1 0 1 0 1 0 1 1 1 1 0 0 0 0
154	1	1 1 0 0 0 1 0 0 1 1 0 0 0 0 0 0
154	2	1 0 1 0 1 0 1 0 0 0 0 0 0 0 1 0
154	2	1 1 1 0 0 0 0 0 0 0 0 0 0 0 1 0
154	2	0 1 0 0 0 0 1 0 0 0 0 0 0 0 1 0
154	1	1 1 0 1 0 1 0 0 1 1 1 0 0 0 0 0
154	3	1 1 1 1 1 0 1 0 0 0 0 1 0 0 0 0
154	1	1 0 1 0 0 1 1 0 0 1 0 0 0 0 0 0
154	2	1 1 1 0 0 1 1 0 0 1 1 1 0 1 0 0
239	13	1 1 1 0 1 0 1 0 0 0 0 0 0 0 1 0
239	58	1 1 1 0 0 1 1 0 0 1 1 0 0 0 0 0
239	5	1 1 1 0 1 0 1 0 0 0 0 1 0 0 0 0
239	37	1 1 0 1 0 1 1 0 0 1 1 0 0 0 0 0
239	5	1 1 0 1 0 1 1 0 1 1 1 0 0 0 0 0
239	19	1 1 1 0 0 1 1 0 0 1 1 1 0 0 0 0
239	12	1 1 0 1 0 0 0 0 1 1 1 0 0 0 0 0
239	5	1 0 0 1 0 1 0 0 0 0 1 0 0 0 0 0
239	16	1 1 1 0 0 0 1 0 0 0 1 0 0 0 0 0
239	45	1 1 1 0 0 0 1 0 1 1 0 0 0 0 0 0
239	4	1 1 1 0 0 1 1 0 0 1 1 0 0 0 1 0
239	22	1 1 0 1 0 1 0 0 1 1 1 0 0 0 0 0
239	20	1 1 0 0 0 1 1 0 1 1 1 1 0 0 0 0
239	31	1 1 1 0 1 0 1 0 0 0 0 0 0 0 0 0
239	23	1 1 1 0 1 0 1 0 0 0 0 1 0 0 1 0
239	47	1 1 0 1 1 1 1 1 0 0 1 1 0 0 0 0
239	34	1 1 0 1 1 1 1 1 0 1 1 1 0 0 0 0
239	29	1 1 1 0 0 0 1 0 1 1 1 1 0 0 0 0
239	3	1 1 1 0 1 1 1 0 0 0 0 0 0 0 1 0
239	20	1 1 1 0 1 0 0 0 0 0 0 0 0 0 1 0
239	11	1 0 0 1 0 1 1 0 0 1 1 0 0 0 0 0
239	16	1 1 1 0 0 0 0 0 0 0 0 0 0 0 1 0
239	1	1 1 0 1 1 0 1 0 0 1 1 0 0 0 0 0
239	9	1 1 0 1 0 0 0 0 1 1 1 0 0 0 0 1
239	37	0 1 0 0 0 0 0 0 1 1 1 0 0 0 0 0
239	16	1 1 0 1 0 1 1 0 0 1 1 0 0 1 0 0
239	9	1 1 1 1 0 1 1 1 0 0 1 1 0 0 0 0
239	10	1 1 1 0 0 0 1 0 1 1 1 0 0 0 1 1
239	3	1 1 0 1 0 1 1 0 0 1 1 0 0 0 0 1
239	2	1 1 1 0 1 0 1 1 0 0 1 0 0 0 1 0
239	7	1 1 1 0 0 1 1 0 1 1 1 0 0 0 0 0
239	7	1 1 0 0 0 1 1 0 0 1 1 1 0 0 0 0
239	22	0 1 1 0 1 0 1 0 0 0 0 0 0 0 0 0
239	38	1 1 1 0 0 0 1 0 0 1 1 0 0 0 0 0
239	46	1 1 1 1 0 1 1 0 0 1 1 0 0 0 0 0
239	1	1 1 1 0 0 1 1 0 0 1 0 1 0 0 0 0
239	33	1 1 0 1 1 0 1 1 0 1 1 0 0 0 1 0
239	8	1 1 1 1 0 0 1 0 0 0 0 0 0 0 1 0
239	3	1 1 1 0 0 0 0 0 1 1 0 0 0 0 0 0
239	7	1 1 0 1 0 0 1 0 0 1 0 0 0 0 1 0
239	4	1 1 0 0 0 0 0 0 1 1 0 0 0 0 0 0
239	2	1 1 1 0 1 0 0 0 1 1 1 0 0 0 0 0
239	2	1 1 1 0 0 1 1 0 1 1 1 1 0 0 0 0
239	3	1 0 1 0 1 0 1 0 0 0 0 0 0 0 1 0
239	7	1 1 1 0 0 0 1 0 0 1 0 0 0 0 0 0
239	6	1 1 1 0 1 0 1 0 1 0 0 0 0 0 0 0
239	4	1 1 1 0 1 1 1 0 0 0 0 1 0 0 1 0
239	12	1 1 0 1 0 1 0 0 1 1 1 1 0 0 0 0
239	2	1 1 1 1 0 1 0 0 1 1 1 0 0 0 0 0
239	1	1 0 0 0 0 0 0 0 0 1 1 1 0 1 0 0
239	6	1 1 1 0 1 0 1 0 0 1 1 0 0 0 0 0
239	8	1 1 0 1 0 0 0 0 1 1 1 0 0 0 1 0
239	10	1 1 1 1 1 1 1 1 0 0 1 1 0 0 0 0
239	14	1 1 1 0 0 1 1 0 0 1 1 0 0 0 1 1
239	1	1 1 1 0 0 0 1 0 0 1 1 1 0 0 0 0
239	10	1 1 0 1 0 1 1 0 0 0 0 0 0 0 0 0
239	4	1 1 0 0 0 0 1 0 0 0 0 0 1 0 1 0
239	4	1 1 1 0 1 0 1 0 0 1 0 0 0 0 1 0
239	3	1 1 0 1 1 0 0 1 0 1 1 0 0 0 1 0
239	1	1 1 0 1 1 1 1 0 0 0 0 1 0 0 1 0
239	4	1 0 0 1 0 1 1 0 0 1 1 0 0 0 1 1
239	8	1 1 0 1 1 1 1 0 0 1 1 0 0 0 0 0
239	8	1 1 1 0 1 0 1 0 0 0 1 0 0 0 0 0
239	11	1 1 0 0 0 1 1 0 0 1 1 0 0 0 0 0
239	3	1 1 1 0 1 0 1 1 0 0 1 0 0 0 0 0
239	2	1 1 0 0 1 0 1 0 0 0 0 1 0 0 1 0
239	7	1 1 1 0 0 0 1 0 1 0 1 0 0 0 1 0
239	1	1 1 0 1 1 0 1 1 0 1 1 0 0 0 0 0
239	6	1 1 1 0 1 1 1 0 0 1 1 1 0 0 0 0
239	12	1 1 0 1 0 1 0 0 1 1 1 1 0 0 0 1
239	4	1 1 0 0 0 1 1 0 1 1 1 1 0 0 1 0
239	5	0 1 0 0 0 0 1 0 0 0 0 0 0 0 0 0
239	2	1 1 0 1 0 0 1 0 0 1 1 0 0 0 1 0
239	6	1 1 1 0 1 0 1 0 0 1 0 0 0 0 0 0
239	1	1 1 1 0 0 0 0 0 0 1 0 0 0 0 1 0
239	3	1 0 1 0 1 0 1 0 0 0 0 0 0 1 0 0
239	2	1 1 1 0 1 0 1 0 0 0 1 0 0 0 1 0
239	3	1 1 1 1 0 0 1 0 0 1 1 0 0 1 0 0
239	6	1 1 1 1 1 1 1 1 0 0 1 1 0 0 1 0
239	7	1 0 1 0 0 1 1 0 0 1 1 0 0 0 0 0
239	3	0 1 0 1 0 0 0 0 1 1 1 0 0 0 0 1
239	2	1 1 0 1 1 1 1 1 0 0 1 1 0 0 0 1
239	5	1 1 1 0 1 0 1 0 0 0 0 1 0 0 1 1
239	5	1 1 1 0 0 0 1 0 0 1 1 0 0 0 1 1
239	2	1 1 0 1 1 1 1 0 0 0 1 1 0 0 0 0
239	1	1 1 1 1 0 1 1 1 0 1 1 1 0 0 0 0
239	1	1 0 1 0 1 0 1 0 0 1 1 0 0 1 0 0
239	2	1 1 1 0 1 0 1 0 1 0 1 0 0 0 1 0
239	1	1 1 0 1 1 1 1 1 0 1 1 0 0 0 0 0
239	2	1 1 0 1 1 0 1 1 0 1 1 1 0 0 0 0
239	2	1 1 1 1 0 0 0 0 1 1 1 0 0 0 1 0
239	5	1 1 0 0 0 0 1 0 1 1 0 0 0 0 0 0
239	3	0 1 1 1 0 1 0 0 1 1 1 0 0 0 0 0
239	1	1 1 1 0 0 1 1 0 0 1 1 0 0 0 0 1
239	1	1 1 1 0 1 0 1 0 0 0 0 1 0 1 1 1
239	1	1 0 1 1 0 1 1 0 0 1 1 0 0 0 0 0
239	3	1 1 1 0 0 0 0 0 1 1 1 0 0 0 0 0
239	3	1 1 1 0 0 0 1 0 0 0 0 0 0 0 0 0
239	2	1 1 0 0 0 0 0 0 1 1 1 0 0 0 0 0
239	2	1 0 0 0 1 0 1 0 0 0 0 0 0 0 1 0
239	1	1 1 1 0 0 0 1 0 0 1 1 0 0 0 1 0
239	1	1 1 0 1 1 0 0 1 0 1 1 0 0 0 0 0
239	2	0 1 1 0 1 0 1 0 0 0 0 0 0 0 1 0
239	1	1 1 0 1 0 0 1 0 1 1 1 0 0 0 0 0
239	2	1 1 0 0 0 0 1 0 0 0 1 0 0 0 0 0
239	1	1 1 1 0 0 0 0 0 1 1 1 1 0 0 0 0
239	1	1 0 1 0 0 0 1 0 1 1 1 0 0 0 1 1
239	1	1 1 1 0 0 1 0 0 1 1 0 0 0 0 0 0
239	2	1 1 1 1 0 1 0 0 1 0 1 0 0 0 0 0
239	1	1 1 1 1 1 0 1 0 0 0 1 1 0 0 1 0
239	1	1 1 1 1 0 1 1 1 1 1 1 1 0 0 0 0
252	41	1 1 1 0 0 1 1 0 0 1 1 0 0 0 0 0
252	67	1 1 0 1 0 1 1 0 0 1 1 0 0 0 0 0
252	15	1 1 0 1 0 1 1 0 1 1 1 0 0 0 0 0
252	12	1 1 1 0 0 1 1 0 0 1 1 1 0 0 0 0
252	15	1 1 0 1 0 0 0 0 1 1 1 0 0 0 0 0
252	3	1 1 1 0 0 0 1 0 0 0 1 0 0 0 0 0
252	47	1 1 1 0 0 0 1 0 1 1 0 0 0 0 0 0
252	1	1 1 0 1 0 1 0 0 1 1 1 0 0 0 0 0
252	2	1 1 0 0 0 1 1 0 1 1 1 1 0 0 0 0
252	36	1 1 1 0 1 0 1 0 0 0 0 0 0 0 0 0
252	12	1 1 1 0 1 0 1 0 0 0 0 1 0 0 1 0
252	44	1 1 0 1 1 1 1 1 0 0 1 1 0 0 0 0
252	1	1 1 0 1 1 1 1 1 0 1 1 1 0 0 0 0
252	21	1 1 1 0 0 0 1 0 1 1 1 1 0 0 0 0
252	3	1 1 1 0 1 0 0 0 0 0 0 0 0 0 1 0
252	3	1 0 0 1 0 1 1 0 0 1 1 0 0 0 0 0
252	6	1 1 1 0 0 0 0 0 0 0 0 0 0 0 1 0
252	21	0 1 0 0 0 0 0 0 1 1 1 0 0 0 0 0
252	7	1 1 1 0 0 0 1 0 1 1 1 0 0 0 1 1
252	6	1 1 0 1 0 1 1 0 0 1 1 0 0 0 0 1
252	5	1 1 1 0 0 1 1 0 1 1 1 0 0 0 0 0
252	2	1 1 0 0 0 1 1 0 0 1 1 1 0 0 0 0
252	24	0 1 1 0 1 0 1 0 0 0 0 0 0 0 0 0
252	22	1 1 1 0 0 0 1 0 0 1 1 0 0 0 0 0
252	92	1 1 1 1 0 1 1 0 0 1 1 0 0 0 0 0
252	25	1 1 0 1 1 0 1 1 0 1 1 0 0 0 1 0
252	9	1 1 0 1 0 0 1 0 0 1 0 0 0 0 1 0
252	2	1 1 0 0 0 0 0 0 1 1 0 0 0 0 0 0
252	1	1 1 1 0 1 0 0 0 1 1 1 0 0 0 0 0
252	26	1 1 1 0 1 1 1 0 0 0 0 1 0 0 1 0
252	6	1 1 0 1 0 1 0 0 1 1 1 1 0 0 0 0
252	6	1 1 0 1 0 0 0 0 1 1 1 0 0 0 1 0
252	23	1 1 1 1 1 1 1 1 0 0 1 1 0 0 0 0
252	8	1 1 1 0 0 1 1 0 0 1 1 0 0 0 1 1
252	22	1 1 0 1 0 1 1 0 0 0 0 0 0 0 0 0
252	5	1 1 0 0 0 0 1 0 0 0 0 0 1 0 1 0
252	32	1 1 0 1 1 1 1 0 0 1 1 0 0 0 0 0
252	5	1 1 1 0 0 0 1 0 1 0 1 0 0 0 1 0
252	4	1 1 0 1 0 0 1 0 0 1 1 0 0 0 1 0
252	22	1 1 1 0 1 0 1 0 0 1 0 0 0 0 0 0
252	5	1 1 1 1 1 1 1 1 0 0 1 1 0 0 1 0
252	3	1 1 0 0 0 0 1 0 1 1 0 0 0 0 0 0
252	16	1 0 1 1 0 1 1 0 0 1 1 0 0 0 0 0
252	11	1 1 1 0 0 0 1 0 0 0 0 0 0 0 0 0
252	4	1 1 0 0 0 0 0 0 1 1 1 0 0 0 0 0
252	5	1 0 0 0 1 0 1 0 0 0 0 0 0 0 1 0
252	7	1 1 1 0 0 0 1 0 0 1 1 0 0 0 1 0
252	7	1 1 0 1 0 0 1 0 1 1 1 0 0 0 0 0
252	11	1 1 1 0 0 0 0 0 1 1 1 1 0 0 0 0
252	10	1 1 1 1 1 0 1 0 0 0 1 1 0 0 1 0
252	3	1 1 0 0 1 0 1 0 0 0 0 0 0 0 1 0
252	1	1 0 0 0 1 0 1 0 0 0 1 0 0 0 0 0
252	4	1 1 1 0 1 0 1 0 0 1 0 1 0 0 1 0
252	2	1 1 1 0 0 0 1 0 1 1 1 0 0 0 0 0
252	1	0 1 1 1 1 1 1 1 0 0 1 1 0 0 0 0
252	2	1 1 0 1 0 1 1 1 0 1 1 0 0 0 1 0
252	9	1 1 1 0 1 0 1 0 1 0 0 0 0 0 1 0
252	1	1 1 0 1 0 1 1 0 0 1 1 1 0 0 0 0
252	1	1 1 1 1 1 0 1 0 0 1 0 0 0 0 0 0
252	4	0 1 0 1 0 0 0 0 1 1 1 0 0 0 0 0
252	3	1 1 1 0 1 0 1 0 0 0 1 0 0 0 0 0
252	5	1 1 1 1 1 0 1 1 0 1 1 0 0 0 1 0
252	8	0 1 0 0 0 0 0 0 1 0 0 0 0 0 0 0
252	8	1 1 1 0 1 0 1 1 0 0 1 0 0 1 1 0
252	8	1 1 0 1 0 1 1 0 1 1 1 1 0 0 0 0
252	8	1 1 1 1 0 1 1 0 0 1 1 0 0 0 1 1
252	5	1 1 1 0 0 1 1 0 0 1 0 0 0 0 0 0
252	2	0 1 0 0 0 1 1 0 1 1 1 1 0 0 0 0
252	21	1 1 1 1 0 0 1 0 0 1 1 0 0 0 0 0
252	1	1 1 0 1 1 1 1 1 0 1 1 0 0 0 1 0
252	1	1 1 0 1 1 1 1 0 0 0 0 1 0 0 1 0
252	4	1 1 0 1 1 1 1 1 0 0 0 1 0 0 1 0
252	2	1 1 0 1 1 0 1 1 0 1 0 0 0 0 0 0
252	3	1 1 0 1 1 1 1 1 1 0 1 1 0 0 0 0
252	4	1 1 1 1 0 0 1 0 1 1 1 1 0 0 0 0
252	5	1 1 1 0 0 0 1 0 0 1 1 1 0 0 0 0
252	8	1 1 1 1 0 1 1 0 0 1 1 1 0 0 0 0
252	4	0 1 0 1 1 0 1 1 0 1 1 1 0 0 0 0
252	1	1 1 0 1 0 1 1 1 0 0 1 1 0 0 0 0
252	2	1 1 1 1 1 0 1 0 0 0 1 1 0 0 0 0
252	3	0 1 1 0 1 0 1 0 0 0 0 0 0 1 0 0
252	2	1 1 1 1 0 1 1 0 0 0 1 0 0 0 0 0
252	10	0 1 1 0 0 1 1 0 0 1 1 0 0 0 1 1
252	6	1 1 0 0 0 0 0 0 1 0 0 0 0 0 0 0
252	2	1 1 0 0 0 0 1 0 1 1 1 1 0 0 0 0
252	2	1 1 1 0 0 1 1 0 0 0 1 0 0 0 0 0
252	10	0 1 0 0 0 1 0 0 1 1 1 0 0 0 0 0
252	2	1 1 0 1 1 1 1 0 0 0 0 0 0 0 0 0
252	5	1 1 1 1 0 0 1 0 0 0 1 1 0 0 1 0
252	5	1 1 0 1 1 1 1 1 0 1 1 0 0 0 0 0
252	2	1 1 1 0 0 0 1 0 1 1 0 1 0 0 0 0
252	2	0 1 1 0 1 0 1 0 0 0 0 0 0 0 1 0
252	3	1 1 1 0 1 1 1 0 0 1 0 1 0 0 1 0
252	4	1 1 1 1 0 0 1 0 0 0 1 1 0 0 0 1
252	1	1 0 1 1 0 0 1 0 0 1 0 0 0 0 0 0
252	1	0 1 0 0 0 0 0 0 0 1 0 0 0 0 0 0
252	2	1 1 1 0 0 0 1 1 1 1 0 0 0 0 0 0
252	1	1 1 1 0 1 0 1 0 0 0 0 0 0 0 0 1
252	3	1 1 1 0 0 0 1 0 1 1 1 0 0 1 1 1
252	1	1 0 0 1 0 0 0 0 1 1 1 0 0 0 1 0
252	2	1 1 1 1 1 1 1 1 0 0 1 0 0 0 0 0
252	3	1 1 1 1 1 1 1 0 0 0 1 1 0 0 1 0
252	6	1 1 1 1 0 0 1 0 0 1 0 0 0 0 0 0
252	1	1 1 1 1 1 0 1 0 0 1 1 0 0 0 0 0
252	2	0 1 1 0 1 1 1 0 0 0 0 0 0 0 0 0
252	1	1 1 1 1 1 1 1 1 0 0 1 1 0 0 0 1
252	1	1 1 0 0 1 0 1 0 0 0 1 0 0 0 1 0
252	3	0 1 1 0 1 0 1 0 0 0 1 0 0 0 0 0
350	1	1 1 1 0 0 1 1 0 0 1 1 0 0 0 0 0
350	58	1 1 0 1 0 1 1 0 0 1 1 0 0 0 0 0
350	104	1 1 1 1 0 1 1 0 0 1 1 0 0 0 0 0
350	266	1 1 1 1 1 1 1 1 0 0 1 1 0 0 0 0
350	3	1 0 1 1 0 1 1 0 0 1 1 0 0 0 0 0
350	26	1 1 1 1 1 1 1 0 0 1 1 0 0 0 0 0
350	17	1 1 1 0 0 1 1 0 0 1 1 1 0 0 0 1
350	1	1 1 1 1 1 1 1 1 0 0 0 1 0 0 1 0
350	10	1 1 0 0 0 0 1 0 1 0 0 0 0 0 0 0
350	22	1 1 1 1 1 1 1 1 0 1 1 1 0 0 0 0
350	34	1 1 0 1 1 1 1 1 0 0 1 1 0 0 0 0
350	17	0 1 1 0 0 0 0 0 1 1 0 0 0 0 0 0
350	7	1 0 1 1 0 0 1 0 0 1 1 0 0 0 0 0
350	4	1 1 1 1 0 1 1 0 0 0 0 0 0 0 0 0
350	5	1 0 1 1 1 1 1 1 0 0 1 1 0 0 0 0
350	9	1 1 0 1 0 1 1 0 1 0 0 0 0 0 0 0
350	5	1 1 1 1 0 1 1 0 0 1 1 0 1 0 0 0
350	32	1 1 0 1 0 1 1 0 0 1 1 1 0 0 0 0
350	37	1 0 1 1 0 1 1 0 0 1 1 1 0 0 0 0
350	33	1 1 1 0 0 0 1 0 1 0 0 0 0 0 0 0
350	5	1 0 1 1 0 0 1 0 0 1 1 1 0 0 0 0
350	21	1 1 1 1 1 1 1 1 0 0 1 1 0 0 0 1
350	7	1 1 1 1 1 0 1 1 0 0 1 1 0 0 1 0
350	3	1 1 1 1 0 1 1 0 0 1 0 0 0 0 1 0
350	10	1 1 1 1 1 1 1 1 0 0 1 0 0 0 0 0
350	3	1 1 1 0 0 1 1 0 0 1 0 0 0 0 0 0
350	18	1 1 1 1 1 1 1 1 0 0 1 1 0 1 0 0
350	17	1 0 1 1 1 1 1 0 0 0 1 1 0 0 0 0
350	4	1 1 1 1 1 1 1 1 0 0 0 0 0 0 1 0
350	4	1 1 1 1 1 1 1 1 0 0 1 1 0 0 1 0
350	2	1 1 1 1 1 1 0 1 1 0 1 1 0 0 0 0
350	8	1 1 0 1 0 1 1 0 0 0 1 1 0 0 0 0
350	22	1 1 1 1 0 1 1 0 1 0 0 0 0 0 0 0
350	4	1 1 1 1 0 1 1 1 1 0 0 1 0 0 0 0
350	17	1 1 1 0 0 0 0 0 1 1 1 0 0 0 0 0
350	3	1 1 0 0 0 1 1 0 0 1 1 0 0 0 0 0
350	9	1 1 1 0 1 1 1 1 0 0 1 1 0 0 0 0
350	14	1 1 0 1 0 1 1 1 0 1 0 1 0 0 0 0
350	6	1 1 1 0 0 0 1 0 0 0 1 1 0 0 0 0
350	9	0 1 1 0 0 0 0 0 1 1 0 0 0 0 1 0
350	3	1 1 1 1 1 1 1 1 0 1 1 1 0 0 0 1
350	1	1 0 1 1 1 1 1 1 0 0 1 0 0 0 0 0
350	15	1 1 1 1 0 1 1 0 0 0 1 0 0 0 0 0
350	8	1 1 1 1 1 0 1 1 0 0 1 1 0 0 0 0
350	13	1 1 1 1 0 1 1 1 0 0 1 1 0 0 0 0
350	4	1 1 1 1 1 1 1 1 0 1 1 0 0 0 1 0
350	3	1 1 1 0 0 0 1 0 1 0 0 0 0 0 0 1
350	4	1 1 1 1 1 1 1 1 1 1 1 1 0 0 0 0
350	5	1 1 0 1 0 1 1 0 1 0 0 0 0 1 0 0
350	1	1 1 0 0 0 0 1 0 1 0 0 0 0 0 0 1
350	1	1 1 1 1 1 1 1 1 0 0 0 1 0 0 0 0
350	1	1 1 1 1 1 1 1 0 1 1 1 0 0 0 0 0
350	1	1 1 1 1 0 1 1 0 0 1 1 1 0 0 0 1
350	1	1 1 0 1 1 1 1 0 0 1 1 0 0 0 0 0
350	2	1 0 0 0 0 0 1 0 1 0 0 0 0 0 0 0
350	2	1 1 1 0 1 1 1 1 0 0 1 1 0 0 0 1
350	1	1 1 1 1 1 1 1 1 0 1 1 1 0 0 1 0
350	5	1 1 0 1 0 1 1 0 0 1 0 1 0 0 0 0
350	2	1 0 1 1 0 1 1 0 0 1 0 1 0 0 0 0
350	2	1 1 1 0 0 1 1 0 0 1 1 0 1 0 0 0
350	1	1 1 0 1 0 1 1 0 0 1 1 0 0 0 0 1
350	3	1 1 0 0 0 1 1 0 1 0 0 0 0 0 0 0
350	2	0 1 0 1 0 1 1 0 0 1 1 1 0 0 0 0
350	3	1 1 1 1 0 1 1 0 1 1 1 0 0 0 0 0
350	4	0 1 1 0 0 0 0 0 1 1 1 0 0 0 0 0
350	3	1 1 0 1 1 1 1 0 0 1 1 1 0 0 0 0
350	2	0 1 1 1 0 1 1 1 1 0 0 1 0 0 0 0
350	1	0 1 1 1 0 1 1 0 0 0 1 0 0 0 0 0
350	3	1 0 0 1 0 0 1 0 1 0 0 0 0 0 0 0
350	1	1 1 1 1 1 1 1 1 1 0 0 0 0 0 0 1
350	1	1 0 1 1 1 1 1 0 0 1 1 1 0 0 0 0
350	2	1 1 1 1 1 1 1 0 0 0 1 1 0 0 0 0
350	5	1 1 1 0 1 1 1 0 0 1 1 0 0 0 0 0
350	1	1 1 1 0 0 1 1 0 0 1 0 1 0 0 0 1
350	2	1 1 0 1 1 1 1 1 0 0 0 1 0 0 0 0
350	3	0 1 0 0 0 0 0 0 1 1 0 0 0 0 0 0
350	1	1 1 1 1 1 1 1 1 0 0 1 0 0 0 1 0
350	4	1 1 1 1 0 1 1 0 0 1 0 0 0 0 0 0
350	1	1 1 1 0 1 1 1 0 0 1 0 0 0 0 0 0
350	1	1 0 1 1 1 1 1 0 0 0 1 0 0 0 0 0
350	2	1 1 1 1 0 1 1 1 0 0 1 1 0 0 1 0
350	1	1 0 1 1 1 1 1 1 0 1 1 1 0 0 0 1
350	1	1 1 0 1 1 1 1 1 1 1 1 1 0 0 0 0
400	27	1 1 1 1 0 1 1 0 0 1 1 0 0 0 0 0
400	191	1 1 1 1 1 1 1 1 0 0 1 1 0 0 0 0
400	66	1 1 1 1 1 1 1 0 0 1 1 0 0 0 0 0
400	66	1 1 0 1 0 1 1 0 0 1 1 1 0 0 0 0
400	27	1 1 1 1 1 1 1 1 0 0 1 1 0 0 0 1
400	12	1 0 1 1 1 1 1 0 0 0 1 1 0 0 0 0
400	8	1 1 1 0 1 1 1 1 0 0 1 1 0 0 0 0
400	84	1 1 1 1 1 0 1 1 0 0 1 1 0 0 0 0
400	4	1 1 1 1 0 1 1 1 0 0 1 1 0 0 1 0
400	1	1 1 1 1 0 0 1 0 0 0 1 0 0 0 0 0
400	11	1 1 0 1 0 1 1 0 0 1 1 0 1 0 0 0
400	5	1 1 1 1 1 1 0 1 0 0 1 1 0 0 0 0
400	4	1 1 1 0 0 0 0 0 1 0 0 0 0 0 0 0
400	8	0 1 1 1 1 1 1 1 0 0 1 1 0 0 0 0
400	4	1 1 0 1 0 1 0 0 0 0 1 1 0 0 0 0
400	12	1 1 1 1 0 1 1 1 0 0 1 1 0 0 0 1
400	28	1 1 1 1 0 1 1 0 0 1 1 1 0 0 0 1
400	13	1 1 1 1 0 1 1 0 0 1 1 0 0 1 0 0
400	20	1 0 1 1 1 1 1 1 0 1 1 1 0 0 0 1
400	54	1 1 1 1 1 1 1 0 0 0 1 1 0 0 0 0
400	11	1 1 1 1 1 0 1 1 0 0 1 1 0 1 0 0
400	3	1 1 1 1 1 1 1 1 0 1 1 1 0 0 1 0
400	11	0 1 1 1 1 0 1 1 0 0 1 1 0 0 0 0
400	10	1 1 1 0 1 1 0 1 0 0 1 1 0 0 0 0
400	5	1 1 1 1 0 0 1 1 0 1 1 0 0 0 0 0
400	9	1 1 1 1 1 1 1 0 0 1 1 1 0 0 0 1
400	5	1 1 1 1 1 1 1 1 0 1 1 0 0 0 0 0
400	11	1 1 1 1 1 1 1 1 0 0 0 1 0 0 0 0
400	1	1 0 1 1 1 1 1 1 0 0 1 1 0 0 0 1
400	7	1 0 1 1 0 1 1 0 0 1 1 0 0 0 0 0
400	3	1 1 1 1 1 1 1 1 0 0 1 1 0 0 1 0
400	18	1 0 1 1 0 1 1 0 0 1 1 1 0 0 0 1
400	5	1 1 0 1 0 1 1 0 0 0 1 0 0 0 0 0
400	6	1 1 1 1 0 1 1 0 1 0 1 1 0 0 0 0
400	10	1 1 1 0 0 0 1 0 1 0 0 0 0 0 0 0
400	5	1 1 1 0 1 0 1 0 1 0 1 0 0 0 0 0
400	1	1 1 1 1 1 1 1 0 0 1 1 1 0 0 0 0
400	8	0 1 0 1 0 1 1 0 0 1 1 0 0 0 0 0
400	3	1 1 1 1 1 1 1 1 0 1 1 1 1 0 1 0
400	4	0 1 1 1 0 1 1 1 0 0 1 1 0 0 1 1
400	7	1 1 0 1 0 1 1 1 0 0 1 1 0 0 0 0
400	6	1 1 1 0 1 1 1 1 0 1 1 1 0 0 0 0
400	1	1 1 1 1 1 0 1 1 0 1 1 0 0 0 0 0
400	4	0 1 0 1 0 1 1 1 0 0 1 1 0 0 0 0
400	16	1 1 1 1 1 1 0 0 0 1 1 1 0 0 0 1
400	2	1 1 1 1 1 1 1 0 0 1 1 0 0 0 0 1
400	3	0 1 1 1 1 1 1 1 0 0 1 1 0 0 0 1
400	14	1 1 1 1 1 0 1 1 0 0 1 0 0 0 0 0
400	14	1 1 0 1 0 1 1 0 0 1 1 1 0 0 0 1
400	9	1 1 1 1 0 0 1 0 0 1 1 1 0 0 0 0
400	3	1 1 1 1 0 0 1 1 0 0 1 1 0 0 0 0
400	4	1 1 1 1 1 1 1 1 0 0 0 0 0 0 0 0
400	4	0 1 1 0 0 1 1 1 0 0 1 1 0 0 1 1
400	2	1 1 1 1 0 1 1 0 0 0 1 1 0 0 0 0
400	2	1 1 1 1 1 1 0 1 0 1 1 1 0 0 0 0
400	6	1 1 0 1 1 1 1 0 0 1 1 0 0 0 0 0
400	3	1 0 1 1 1 0 1 1 0 0 1 1 0 0 0 0
400	2	1 0 1 1 0 1 1 0 0 1 1 0 0 1 0 0
400	7	1 0 1 1 1 1 1 1 0 0 1 1 0 0 0 0
400	13	1 1 1 1 0 1 1 1 0 1 1 0 0 0 0 0
400	4	1 1 1 1 1 1 0 0 0 1 1 0 0 0 0 0
400	2	1 1 0 1 0 0 1 0 0 1 1 1 0 0 0 0
400	3	1 1 1 1 1 1 1 1 0 0 1 1 0 1 0 1
400	2	1 1 1 1 0 1 1 1 0 0 1 1 0 0 0 0
400	8	1 1 0 1 0 1 1 1 0 0 1 1 0 0 0 1
400	1	1 1 0 0 1 1 1 0 0 1 1 0 0 0 0 0
400	1	1 1 0 1 1 1 1 1 0 0 1 1 0 0 0 0
400	4	1 1 1 1 1 0 1 1 0 0 1 1 0 0 0 1
400	5	1 1 1 1 1 0 1 1 0 1 1 1 0 1 0 0
400	7	1 1 1 1 1 1 0 1 0 1 1 1 0 1 0 1
400	1	1 1 1 1 0 0 1 1 0 0 1 0 1 0 0 0
400	1	0 1 1 1 1 1 0 1 0 0 1 1 0 0 0 0
400	4	1 1 1 1 1 1 1 1 0 0 1 1 1 0 0 0
400	3	1 1 1 1 1 1 1 1 0 1 1 1 0 0 0 0
400	2	1 1 1 1 1 1 1 0 0 1 1 0 0 1 0 0
400	3	1 1 1 1 1 1 1 0 0 0 1 0 0 0 0 0
400	2	1 1 1 1 1 0 1 0 0 1 1 1 0 0 0 0
400	3	1 1 1 1 0 1 1 1 0 0 1 1 1 0 0 0
400	1	1 1 1 1 0 1 1 0 0 1 1 1 0 0 0 0
400	2	1 1 1 1 0 1 1 0 0 1 1 1 0 1 0 0
400	6	1 1 1 1 1 1 0 1 0 1 1 0 0 0 0 0
400	2	1 1 0 1 0 1 0 0 0 0 1 0 0 0 0 0
400	2	1 1 1 1 0 1 1 0 0 1 0 0 0 1 0 0
400	3	0 1 1 1 1 0 1 1 0 0 0 1 0 0 0 0
400	2	1 1 1 1 1 1 1 1 0 1 1 1 0 1 0 1
400	1	1 1 0 1 0 1 1 0 0 0 1 1 0 0 0 0
400	1	1 0 1 1 1 1 1 0 0 1 1 1 0 0 0 1
400	2	1 1 1 1 0 1 1 1 0 1 1 1 0 0 0 0
400	2	1 1 1 1 1 1 0 1 0 1 1 1 0 1 0 0
400	4	1 1 1 1 1 1 1 0 1 1 1 0 0 0 0 0
400	2	1 1 1 1 1 0 1 1 0 0 0 1 0 0 0 0
400	4	1 1 1 1 0 1 1 0 0 1 1 0 1 0 0 0
400	2	1 1 1 1 1 1 1 1 0 1 1 0 0 0 1 0
400	2	1 0 1 1 0 1 0 0 0 1 1 1 0 0 0 1
400	2	1 0 1 1 0 1 1 0 0 1 1 1 0 1 0 1
400	1	1 1 0 1 0 1 0 0 0 1 1 1 0 0 0 1
