0	27	0 1 0 0 0 0 0 0 0 0 0 0 0 0 0 0
0	21	0 0 0 0 0 1 0 0 0 0 0 0 0 0 1 0
0	29	0 1 1 1 0 0 0 0 1 0 0 1 0 0 0 0
0	23	0 0 0 0 0 0 1 0 0 0 0 0 1 0 0 0
8	15	0 1 0 0 0 0 0 0 0 0 0 0 0 0 0 0
8	24	0 0 0 0 0 1 0 0 0 0 0 0 0 0 1 0
8	18	0 1 1 1 0 0 0 0 1 0 0 1 0 0 0 0
8	30	0 0 0 0 0 0 1 0 0 0 0 0 1 0 0 0
8	1	0 1 0 0 0 0 0 0 1 0 0 1 0 0 0 0
8	1	0 1 0 0 0 0 0 0 0 0 1 0 0 0 0 0
8	1	0 0 0 0 1 1 0 0 0 0 0 0 0 0 1 0
8	1	0 1 1 1 0 1 0 0 1 0 0 1 0 0 0 0
8	1	0 0 0 1 0 0 1 0 0 0 0 0 1 0 0 0
8	1	0 0 0 0 0 1 0 0 0 0 0 0 0 0 0 0
8	1	0 1 0 0 0 0 0 0 0 0 0 1 0 0 0 0
8	1	0 0 0 0 0 0 0 0 0 0 0 0 0 0 1 0
8	1	0 1 0 0 0 0 0 0 0 0 0 0 0 0 0 1
8	1	0 1 1 1 0 0 1 0 1 0 0 1 0 0 0 0
8	1	1 1 1 1 0 0 0 0 1 0 0 1 0 1 0 0
8	1	0 1 1 0 0 0 0 0 0 0 0 0 0 0 0 0
8	1	0 1 0 0 0 1 0 0 0 0 0 0 0 1 1 0
45	5	0 1 0 0 0 0 0 0 0 0 0 0 0 0 0 0
45	7	0 0 0 0 0 1 0 0 0 0 0 0 0 0 1 0
45	8	0 1 1 1 0 0 0 0 1 0 0 1 0 0 0 0
45	13	0 0 0 0 0 0 1 0 0 0 0 0 1 0 0 0
45	2	0 0 0 0 0 0 1 0 0 0 0 0 1 0 1 0
45	2	0 0 0 0 0 1 1 0 0 0 0 0 1 0 0 0
45	1	0 0 0 0 0 1 0 0 0 0 0 0 1 0 0 0
45	6	0 1 1 1 0 0 0 0 1 0 0 1 0 0 1 0
45	5	0 1 1 1 0 0 0 0 1 0 0 0 1 0 0 0
45	5	0 1 1 1 0 0 0 0 1 0 1 0 0 0 1 0
45	6	0 1 1 0 0 1 1 0 0 0 0 0 1 0 0 0
45	2	0 0 0 0 0 0 0 0 1 0 0 1 1 0 0 0
45	3	0 1 1 1 0 0 0 0 0 0 0 0 1 0 0 0
45	3	1 0 0 0 0 0 1 0 0 0 0 0 1 0 0 0
45	1	0 0 0 0 1 0 1 0 1 0 0 0 1 0 0 1
45	1	0 1 0 0 0 0 0 0 0 0 1 0 0 0 0 0
45	1	0 1 0 1 0 1 0 0 1 0 1 0 0 0 1 0
45	2	0 1 1 0 0 0 0 0 1 0 0 1 1 0 0 0
45	1	0 1 0 0 0 0 1 0 0 0 0 0 1 0 0 0
45	4	0 1 0 0 0 0 0 0 1 0 1 0 0 0 1 0
45	1	0 1 1 1 0 0 1 0 0 0 0 0 1 0 0 0
45	1	0 0 0 0 0 1 0 0 0 0 0 0 1 0 1 0
45	1	1 1 0 0 0 0 1 0 0 0 0 0 1 0 0 0
45	2	0 0 0 0 0 0 1 0 1 0 0 0 1 0 0 0
45	1	0 1 1 1 0 0 0 0 1 1 0 0 1 0 0 0
45	1	0 1 1 1 0 0 0 0 1 0 0 0 0 0 1 0
45	1	0 1 1 1 1 0 0 0 1 0 0 1 0 0 0 0
45	3	1 0 0 1 0 0 1 0 0 0 0 0 1 0 0 0
45	1	0 1 1 1 0 1 0 0 1 0 0 1 0 0 1 0
45	1	0 1 1 0 0 0 0 0 1 0 1 1 1 0 0 0
45	2	1 1 1 1 0 0 0 0 1 0 1 0 0 0 1 0
45	1	0 1 1 1 0 0 0 1 1 0 1 0 0 0 1 0
45	1	0 1 1 1 0 0 0 0 1 0 0 0 1 0 0 1
45	1	1 0 0 0 0 0 1 0 0 0 0 1 0 0 1 0
45	1	0 1 0 1 0 1 0 0 1 0 0 0 1 0 0 1
45	1	0 0 0 0 0 1 1 0 0 0 0 0 0 0 1 0
45	1	0 0 0 0 0 1 0 0 1 0 1 1 1 0 0 0
45	1	0 0 0 0 0 1 0 0 1 0 0 1 0 0 1 0
85	1	0 1 1 1 0 0 0 0 1 0 0 1 0 0 0 0
85	16	0 1 1 1 0 0 0 0 1 0 0 1 0 0 1 0
85	5	0 1 1 1 0 0 0 0 1 0 0 1 1 0 0 0
85	6	0 1 1 1 0 0 0 0 1 0 0 0 1 0 0 0
85	4	0 1 1 1 0 0 0 0 1 0 1 0 0 0 1 0
85	6	0 1 1 0 0 1 1 0 0 0 0 0 1 0 0 0
85	1	1 0 0 0 0 0 1 0 0 0 0 0 1 0 0 0
85	1	0 0 0 0 0 0 1 1 0 0 0 0 0 0 1 0
85	1	0 0 0 0 1 0 1 0 1 0 0 0 1 0 0 1
85	2	0 1 0 1 0 1 0 0 1 0 1 0 0 0 1 0
85	1	0 1 1 1 0 0 0 0 1 1 0 0 1 0 0 0
85	9	0 1 1 1 0 0 0 0 1 0 0 0 0 0 1 0
85	1	0 1 1 1 0 0 0 0 1 0 0 0 1 0 0 1
85	1	0 1 1 1 0 0 0 0 1 0 1 0 1 0 1 0
85	5	0 1 1 1 0 0 0 0 1 1 0 1 0 0 1 0
85	2	1 0 0 0 0 0 1 0 0 0 0 0 0 0 1 0
85	6	0 1 1 0 0 0 0 0 0 1 0 0 1 0 0 0
85	2	0 0 0 0 0 0 1 1 1 0 1 0 0 0 1 0
85	1	0 1 1 1 0 0 0 0 0 0 0 1 0 0 1 0
85	1	0 1 1 1 0 0 0 1 0 0 0 0 0 0 1 0
85	3	0 1 1 1 0 0 0 0 1 1 0 1 0 0 0 0
85	2	0 1 1 0 0 1 1 0 0 0 0 0 1 0 1 0
85	2	0 1 1 1 0 0 1 1 1 0 1 0 0 0 1 0
85	1	0 1 1 1 0 0 0 0 1 1 0 1 1 0 0 1
85	2	0 1 0 0 0 0 1 0 0 0 0 0 1 0 0 0
85	1	0 1 1 1 1 0 0 0 1 0 0 1 0 0 1 0
85	2	0 0 0 0 1 0 1 0 0 0 0 0 1 0 0 0
85	2	0 1 1 1 0 1 0 0 1 0 0 0 1 0 0 0
85	1	0 1 1 1 0 0 0 1 1 1 0 1 0 0 0 0
85	1	1 0 0 1 0 1 1 0 0 0 0 0 1 0 1 0
85	3	0 1 1 1 0 1 0 0 1 0 0 1 1 0 0 1
85	3	0 1 1 0 0 0 0 0 1 0 0 1 0 0 1 0
85	1	0 1 1 1 0 0 1 0 0 0 0 0 0 1 1 0
85	1	0 0 0 0 0 0 1 0 0 0 0 0 0 0 1 0
85	1	0 1 1 1 0 0 0 1 0 1 0 0 0 0 1 0
85	1	1 1 1 1 0 0 0 0 1 0 1 0 1 0 0 0
85	1	1 1 1 1 0 0 0 0 1 1 0 1 0 0 1 0
154	7	0 1 1 1 0 0 0 0 1 0 0 1 0 0 1 0
154	1	0 1 1 1 0 0 0 0 1 0 0 0 1 0 0 0
154	2	0 1 1 1 0 0 0 0 1 0 1 0 0 0 1 0
154	7	0 1 1 1 0 0 0 0 1 0 0 0 0 0 1 0
154	1	0 1 1 1 0 0 0 0 1 0 0 0 1 0 0 1
154	1	0 1 1 1 0 0 0 0 1 0 0 1 1 0 1 0
154	3	0 1 1 1 0 0 0 1 1 0 0 1 0 0 1 0
154	7	0 1 1 1 1 0 0 0 1 0 0 0 0 0 1 0
154	2	0 1 1 1 1 1 0 0 1 0 1 0 0 0 1 0
154	3	0 1 1 1 0 0 1 0 1 0 0 1 0 0 1 0
154	2	0 1 1 1 0 0 0 0 1 0 1 0 0 0 0 0
154	1	0 1 1 1 0 0 0 0 1 0 1 0 0 0 1 1
154	2	0 1 1 1 0 1 0 0 1 0 0 1 0 0 1 0
154	1	0 1 1 1 0 0 0 0 1 0 1 0 1 0 0 0
154	13	0 1 1 1 0 0 0 0 1 0 0 0 0 0 0 0
154	8	0 1 1 1 0 1 0 0 1 0 0 0 0 0 0 0
154	6	0 1 1 1 0 0 1 0 1 0 1 0 1 0 0 0
154	1	0 1 1 1 0 0 0 1 1 0 1 1 0 0 1 0
154	1	0 1 1 1 0 0 0 1 1 0 0 1 1 0 0 0
154	2	1 1 1 1 1 1 0 0 1 1 1 0 0 0 1 0
154	1	0 1 1 1 0 0 0 1 1 0 1 0 0 0 1 0
154	1	0 1 1 1 0 0 1 1 1 0 0 1 0 0 0 0
154	3	0 1 1 1 0 0 0 0 1 0 0 0 0 0 1 1
154	2	0 1 1 1 0 0 0 1 1 0 0 1 1 0 1 0
154	1	0 1 1 1 0 1 0 0 1 0 0 1 0 0 0 0
154	2	0 1 1 1 0 0 0 0 1 0 0 0 1 0 1 0
154	1	0 1 0 1 0 0 0 0 1 0 0 1 0 0 1 0
154	1	0 1 1 1 0 1 0 0 1 0 1 0 0 0 1 0
154	2	0 1 1 1 1 1 0 0 1 0 0 1 0 0 1 0
154	2	0 1 1 1 1 1 0 0 1 0 0 1 1 0 1 0
154	3	0 1 1 1 0 0 1 0 1 0 0 1 1 0 0 0
154	1	0 1 1 1 0 1 0 1 1 0 0 0 0 0 0 0
154	1	0 1 1 0 0 0 0 1 1 0 0 1 0 0 1 0
154	1	1 1 1 1 1 1 0 0 1 0 1 0 0 0 1 1
154	1	0 1 1 1 0 1 0 0 1 0 0 0 1 0 0 0
154	1	0 1 1 1 0 1 1 0 1 0 0 0 0 0 0 0
154	2	0 1 1 1 1 0 0 1 1 0 1 0 0 0 1 0
154	1	0 1 1 1 0 0 0 0 0 1 0 0 0 1 0 0
154	2	0 0 0 1 1 1 1 0 1 0 1 0 1 0 1 0
239	5	0 1 1 1 0 0 0 0 1 0 0 0 0 0 1 0
239	1	0 1 1 1 0 0 0 0 1 0 1 0 0 0 1 1
239	5	0 1 1 1 0 0 0 0 1 0 0 0 0 0 0 0
239	2	0 1 1 1 0 1 0 0 1 0 0 0 0 0 0 0
239	1	0 1 1 1 0 1 0 0 1 0 0 1 0 0 0 0
239	6	0 1 1 1 0 0 1 0 1 0 0 0 0 0 1 0
239	10	0 1 1 1 0 0 1 0 1 0 0 0 0 0 0 0
239	1	0 1 1 1 0 1 0 0 1 0 1 0 0 0 0 0
239	5	0 0 1 1 0 1 0 0 1 0 0 1 0 0 0 0
239	1	0 1 1 1 0 0 0 0 1 0 0 1 0 0 0 0
239	1	0 1 1 1 0 1 1 0 1 0 0 0 1 0 0 0
239	2	0 1 1 1 1 0 0 0 1 0 0 0 0 0 1 0
239	2	0 1 1 1 0 0 0 1 1 0 1 0 0 0 1 0
239	6	0 1 1 1 0 0 1 0 1 0 1 0 0 0 0 0
239	3	0 1 0 1 0 0 1 0 1 0 1 0 0 0 0 0
239	4	0 1 1 1 0 1 0 0 1 1 0 1 0 0 0 0
239	1	0 1 0 1 0 0 0 0 1 0 0 1 0 0 1 0
239	1	0 1 1 1 0 0 1 0 1 0 0 1 0 0 1 0
239	2	0 0 1 1 0 1 1 0 1 0 0 1 0 0 1 0
239	4	0 0 1 1 0 0 1 0 1 0 1 0 1 0 0 0
239	4	0 0 1 1 0 0 0 0 1 0 0 0 0 0 0 0
239	2	0 1 1 1 0 0 0 0 1 0 1 1 0 0 1 0
239	1	0 1 1 1 0 0 0 0 0 0 0 0 0 0 0 0
239	2	0 1 1 1 0 1 0 0 0 0 0 1 0 0 0 0
239	2	0 0 1 1 0 0 0 0 1 0 0 1 0 0 0 0
239	6	0 1 1 1 0 0 1 0 1 0 1 0 1 0 0 0
239	1	0 1 1 1 1 0 1 0 1 0 0 0 1 0 1 0
239	1	0 1 1 1 0 0 1 0 1 0 0 1 0 0 0 0
239	1	0 0 0 1 0 0 1 0 1 0 1 0 1 0 0 0
239	1	0 1 1 1 1 1 0 0 1 0 0 0 0 0 0 0
239	1	0 1 1 1 0 0 0 0 1 0 1 0 0 1 1 0
239	1	0 1 0 1 0 0 0 0 1 0 1 0 0 0 0 0
239	2	0 1 1 1 0 0 1 0 0 0 0 1 0 0 1 0
239	1	0 1 0 1 0 1 1 0 1 0 1 0 1 0 0 0
239	1	0 0 1 1 0 1 0 1 1 1 0 0 0 0 0 0
239	1	0 0 1 1 0 0 1 0 1 0 1 0 0 0 0 0
239	1	0 1 1 1 0 0 1 0 1 1 1 0 1 0 0 0
239	1	0 1 0 1 0 0 0 0 1 0 0 0 1 0 1 0
239	1	0 1 1 1 1 0 1 0 1 0 0 0 0 0 0 0
239	2	0 1 1 1 0 0 1 0 1 0 0 0 1 0 0 0
239	1	0 1 0 1 0 1 1 0 1 0 0 0 1 0 0 0
239	1	0 0 0 1 0 0 0 1 1 0 0 0 0 0 0 0
239	1	0 0 1 1 0 0 0 0 1 1 0 1 0 0 0 0
239	1	0 1 0 1 0 0 1 0 1 0 0 0 0 0 0 0
252	1	0 1 1 1 0 0 0 0 1 0 1 0 0 0 1 0
252	5	0 1 1 1 0 0 0 0 1 0 0 0 0 0 1 0
252	2	0 1 1 1 0 0 0 0 1 0 1 0 0 0 1 1
252	1	0 1 1 1 0 0 0 0 1 0 0 0 0 0 0 0
252	3	0 1 1 1 0 0 1 0 1 0 0 0 0 0 1 0
252	17	0 1 1 1 0 0 1 0 1 0 0 0 0 0 0 0
252	3	0 1 1 1 0 1 0 0 1 0 1 0 0 0 0 0
252	3	0 1 1 1 0 0 0 0 1 0 0 1 0 0 0 0
252	1	0 1 0 1 0 0 0 0 1 0 0 0 0 0 0 0
252	2	0 1 1 1 0 0 0 1 1 0 1 0 0 0 1 0
252	4	0 1 1 1 0 0 1 0 1 0 1 0 0 0 0 0
252	1	0 1 1 1 1 0 1 0 1 0 1 0 0 0 1 0
252	1	0 1 1 1 0 1 0 0 1 1 0 1 0 0 0 0
252	3	0 1 1 1 0 0 1 0 1 0 1 0 0 0 1 0
252	4	0 0 1 1 0 0 1 0 1 0 1 0 1 0 0 0
252	2	0 0 1 1 0 0 0 0 1 0 0 0 0 0 0 0
252	1	1 1 1 1 1 1 0 0 1 0 0 0 0 0 0 0
252	2	0 1 1 1 0 1 0 0 0 0 0 1 0 0 0 0
252	2	0 0 1 1 0 0 0 0 1 0 0 1 0 0 0 0
252	2	0 1 1 1 0 0 0 0 1 1 0 0 0 0 1 0
252	1	0 1 1 1 0 0 1 1 1 0 1 0 1 1 0 0
252	7	0 1 1 1 0 0 1 0 1 0 1 0 1 0 0 0
252	3	0 1 1 1 0 0 0 0 1 0 0 1 0 0 1 0
252	2	0 1 1 1 0 0 1 0 1 1 0 0 0 0 0 0
252	2	0 0 1 1 0 0 0 1 1 0 0 0 0 0 1 0
252	2	0 1 0 1 0 0 0 0 1 0 1 0 0 0 0 0
252	2	0 1 0 1 1 0 1 0 1 0 0 0 0 0 0 0
252	2	0 1 1 1 0 1 1 0 1 0 0 0 0 0 0 0
252	2	0 1 1 1 0 0 1 0 1 1 1 0 1 0 0 0
252	3	0 1 1 1 0 0 1 0 1 0 0 0 0 0 0 1
252	2	0 1 1 1 1 0 1 0 1 0 0 0 0 0 0 0
252	2	0 0 1 1 0 0 0 0 1 1 0 1 0 0 0 0
252	4	0 1 0 1 0 0 1 0 1 0 0 0 0 0 0 0
252	1	0 1 0 1 0 0 1 0 1 0 0 0 0 0 1 0
252	1	0 1 1 1 0 0 0 1 1 0 1 0 0 0 0 0
252	2	0 1 0 1 0 0 1 0 1 1 0 0 0 0 0 0
252	2	0 0 0 1 0 0 0 0 0 0 0 1 0 0 0 0
350	6	0 1 1 1 0 0 0 0 1 0 0 0 0 0 0 0
350	14	0 1 1 1 0 0 1 0 1 0 0 0 0 0 0 0
350	4	0 1 1 1 0 0 0 0 1 0 0 1 0 0 0 0
350	5	1 1 1 1 1 1 0 0 1 0 0 0 0 0 0 0
350	5	0 1 1 1 0 0 1 0 1 1 0 0 0 0 0 0
350	6	0 1 1 1 1 0 1 0 1 0 0 0 0 0 0 0
350	9	1 1 1 1 0 0 1 1 1 0 0 0 0 0 0 0
350	4	0 1 1 1 0 0 1 0 1 0 0 1 0 0 0 0
350	2	0 1 1 1 1 0 1 0 1 1 0 0 0 0 0 0
350	8	1 1 1 1 1 1 0 0 0 0 0 1 0 0 0 0
350	1	0 1 1 1 0 0 1 1 1 0 0 0 0 0 0 0
350	2	0 1 1 1 0 1 0 0 0 0 0 1 0 1 0 0
350	1	0 1 1 1 0 0 0 0 1 0 0 0 0 0 0 1
350	1	0 1 1 1 1 0 1 0 1 0 0 0 0 1 0 0
350	5	1 1 1 1 1 1 0 0 1 0 0 1 0 0 0 0
350	4	1 1 1 1 0 0 1 1 1 0 1 0 0 0 0 0
350	1	1 0 1 1 0 0 0 0 1 0 0 0 0 0 0 1
350	2	1 1 1 1 0 0 0 0 1 0 0 0 0 0 0 0
350	1	0 1 1 1 1 0 1 0 1 0 0 1 1 0 0 0
350	1	0 1 1 1 1 0 1 0 1 0 1 0 0 0 0 0
350	1	0 1 0 1 0 0 1 0 1 0 0 0 1 1 0 0
350	2	1 1 1 1 1 0 0 0 0 0 0 1 0 0 0 0
350	1	0 1 0 1 0 0 1 0 1 0 0 0 0 0 0 0
350	2	0 1 1 1 1 1 0 0 0 0 0 1 0 0 0 0
350	1	0 1 1 1 0 1 0 0 1 1 0 1 0 0 1 0
350	2	0 1 1 0 1 1 1 0 1 1 0 0 0 0 0 0
350	2	0 1 1 1 1 0 1 0 1 1 0 0 0 0 0 1
350	1	1 1 0 1 1 1 0 0 1 0 0 1 0 0 0 0
350	2	0 1 1 1 1 1 1 0 1 0 0 0 0 0 0 0
350	1	1 1 1 0 1 1 0 0 1 0 0 1 0 0 0 0
350	1	1 1 1 1 0 0 1 1 1 0 0 0 1 0 0 0
350	1	0 1 1 1 1 1 1 0 1 0 0 0 1 0 0 0
350	1	1 1 1 1 1 0 1 0 0 0 0 0 0 0 0 0
400	5	0 1 1 1 0 0 0 0 1 0 0 0 0 0 0 0
400	3	0 1 1 1 0 0 1 0 1 0 0 0 0 0 0 0
400	1	0 1 1 1 0 0 1 0 1 0 0 1 0 0 0 0
400	8	1 1 1 1 1 1 0 0 0 0 0 1 0 0 0 0
400	29	1 1 1 1 1 1 0 0 1 0 0 1 0 0 0 0
400	5	1 1 1 1 0 0 0 0 1 0 0 0 0 0 0 0
400	4	1 1 1 1 1 0 0 0 0 0 0 1 0 0 0 0
400	1	0 1 1 0 1 1 1 0 1 1 0 0 0 0 0 0
400	1	1 1 1 1 0 0 1 1 1 0 1 0 1 0 0 0
400	6	0 1 1 1 0 0 1 0 1 1 0 1 0 0 0 0
400	1	0 1 1 1 0 0 0 0 0 0 0 1 0 0 0 0
400	1	0 1 1 1 1 1 0 0 0 0 0 1 0 0 0 0
400	1	1 1 1 1 0 0 0 0 1 0 0 1 0 0 0 0
400	1	1 1 1 1 0 0 1 0 1 0 0 0 0 0 0 0
400	1	0 1 1 1 1 1 0 0 1 0 0 1 0 0 0 0
400	4	1 1 1 1 1 0 0 0 1 0 0 1 0 0 0 0
400	1	1 1 0 1 0 0 1 0 1 1 1 0 0 0 0 0
400	3	0 1 1 1 0 0 0 0 1 1 0 1 0 0 0 0
400	3	1 1 1 1 0 0 0 0 0 0 0 0 0 0 0 0
400	1	0 1 1 1 0 0 1 0 1 0 0 1 0 0 1 0
400	3	1 1 0 1 0 0 1 1 1 0 0 0 0 0 0 0
400	1	1 1 1 1 0 0 1 0 1 1 0 1 0 0 0 0
400	1	1 1 1 1 1 0 0 0 0 1 0 1 0 0 0 0
400	1	1 1 1 1 0 1 1 1 1 0 1 0 1 0 0 0
400	1	1 1 1 1 1 1 0 0 1 0 0 1 0 0 1 0
400	1	0 1 1 0 1 1 1 0 1 0 0 0 0 0 0 0
400	1	1 1 1 1 0 0 1 1 1 0 1 0 1 0 0 1
400	1	1 1 1 1 0 1 1 0 1 0 1 1 0 0 0 0
400	1	1 1 0 1 1 1 0 0 1 0 0 1 0 0 0 0
400	1	1 1 1 1 1 1 0 0 1 0 0 1 0 1 0 0
400	2	1 1 1 1 1 1 0 1 1 0 0 1 0 0 0 0
400	1	1 0 1 1 0 1 0 0 1 0 0 0 0 0 0 0
400	1	1 1 1 1 0 0 0 1 1 0 0 0 0 0 0 0
400	1	0 1 1 1 0 0 0 0 1 0 1 0 0 0 0 0
400	2	1 1 1 1 0 0 0 0 1 0 0 1 1 1 0 0
400	1	0 1 1 0 0 1 1 0 1 1 0 0 0 0 0 0
