0	250	0 0 0 0 0 0 0 0 0 1 0 0 0 1 0 0
0	250	0 0 0 0 1 0 0 0 0 0 0 0 0 1 0 1
0	250	1 0 1 0 0 0 0 0 0 0 0 0 0 0 0 0
0	250	0 0 0 0 0 0 0 0 0 0 0 0 1 0 0 1
20	294	0 0 0 0 0 0 0 0 0 1 0 0 0 1 0 0
20	154	0 0 0 0 1 0 0 0 0 0 0 0 0 1 0 1
20	187	1 0 1 0 0 0 0 0 0 0 0 0 0 0 0 0
20	36	0 0 0 0 0 0 0 0 0 0 0 0 1 0 0 1
20	11	0 0 0 0 0 0 0 0 0 1 0 0 0 1 0 1
20	18	0 0 0 0 0 0 0 0 0 1 0 1 0 1 0 0
20	29	0 0 0 1 0 0 0 0 0 1 0 0 0 1 0 0
20	13	0 0 0 0 0 0 0 0 0 0 0 0 0 1 0 1
20	11	0 0 0 0 1 0 0 0 0 0 0 0 0 0 0 0
20	7	0 0 0 0 1 0 0 0 0 1 0 0 0 1 0 0
20	13	1 0 1 0 0 0 0 0 0 0 0 0 0 1 0 1
20	3	0 1 0 0 0 0 0 0 0 1 0 0 0 1 0 0
20	1	0 0 0 1 1 0 0 0 0 0 0 0 0 1 0 1
20	1	0 0 0 0 1 0 0 0 0 0 0 1 0 1 0 1
20	4	0 1 0 0 1 0 0 0 0 0 0 0 0 1 0 1
20	6	0 0 0 0 0 0 0 0 1 0 0 0 1 0 0 1
20	5	0 0 0 0 0 0 0 0 0 0 0 0 1 1 0 1
20	1	0 0 0 0 0 0 0 0 0 1 1 0 0 1 0 0
20	2	1 0 1 0 0 0 0 0 0 1 0 0 0 0 0 0
20	17	0 0 1 0 0 0 0 0 0 0 0 0 0 0 0 0
20	3	1 0 1 0 1 0 0 0 0 0 0 0 0 1 0 1
20	1	0 0 0 0 0 0 1 0 0 1 0 0 0 1 0 0
20	16	0 0 0 1 0 0 0 0 0 0 0 0 1 0 0 1
20	5	0 0 0 0 0 0 0 0 0 0 0 0 0 0 0 0
20	9	1 0 1 0 0 1 0 0 0 0 0 0 0 0 0 0
20	8	1 0 1 0 0 0 0 1 0 0 0 0 0 0 0 0
20	5	0 0 0 0 0 0 1 0 0 0 0 0 1 0 0 1
20	10	1 0 1 0 0 0 0 0 0 0 0 1 0 1 0 0
20	5	0 0 0 0 0 0 0 0 0 0 0 0 0 1 0 0
20	4	1 0 1 0 1 0 0 0 0 0 0 0 0 0 0 0
20	4	0 0 0 0 0 0 0 0 0 1 0 0 0 0 0 0
20	1	0 0 0 0 0 0 0 0 0 0 0 1 0 1 0 0
20	7	1 0 1 0 0 0 0 0 0 1 0 0 0 1 0 0
20	1	0 0 0 0 0 0 0 0 0 1 0 0 0 1 1 0
20	2	0 0 0 0 0 1 0 0 0 1 0 1 0 1 0 0
20	1	0 0 0 0 0 0 0 0 0 1 0 0 1 1 0 0
20	10	1 0 1 0 0 0 0 0 0 0 1 0 0 0 0 0
20	2	0 0 0 0 0 0 0 0 0 0 0 1 1 0 0 1
20	6	1 0 0 0 1 0 0 0 0 0 0 0 0 1 0 1
20	7	0 0 1 0 0 0 0 0 0 0 0 1 0 1 0 0
20	3	1 1 1 0 0 0 0 0 0 0 0 0 0 1 0 0
20	2	1 0 1 0 0 1 0 0 0 1 0 0 0 1 0 0
20	11	1 0 1 0 0 0 0 0 0 0 0 0 0 1 0 0
20	4	1 0 1 0 0 0 1 0 0 0 0 0 0 0 0 0
20	18	1 0 1 0 0 0 0 0 0 0 0 1 0 1 0 1
20	1	0 0 0 0 1 0 0 0 0 0 0 0 0 1 0 0
20	7	1 0 1 1 0 0 0 0 0 0 0 0 0 0 0 0
20	3	0 0 0 0 0 0 0 1 0 0 0 0 0 0 0 0
20	1	1 0 0 0 0 1 0 0 0 1 0 1 0 1 0 0
20	3	0 0 0 1 0 0 0 0 0 0 0 0 0 1 0 1
20	1	1 0 1 0 0 0 0 1 0 0 0 0 0 1 0 0
20	2	0 0 0 0 0 0 0 0 1 0 0 0 0 1 0 0
20	1	0 0 0 0 0 1 0 1 0 1 0 1 0 1 0 0
20	1	0 0 1 0 1 0 0 0 0 0 0 0 0 1 0 1
20	1	0 0 0 0 1 0 0 0 0 1 0 0 0 1 0 1
20	2	0 0 0 0 1 0 0 0 0 0 1 0 0 1 0 1
20	1	1 0 1 0 0 0 0 0 1 0 0 0 0 0 0 0
20	1	0 1 0 0 0 0 0 0 0 0 0 0 0 1 0 0
20	1	0 0 0 0 0 0 1 0 1 1 0 0 0 1 0 0
20	1	0 0 0 0 1 0 0 0 0 0 0 0 1 0 0 1
20	1	1 0 1 0 0 0 0 0 0 0 0 0 1 1 0 1
20	1	0 0 1 0 0 0 0 0 0 0 0 0 1 0 0 1
20	4	0 0 0 0 0 1 0 0 0 1 0 1 0 1 0 1
20	2	0 0 0 0 0 1 0 0 0 1 0 0 0 1 0 0
20	1	0 0 0 0 1 0 0 0 0 0 0 0 0 1 1 1
20	1	1 0 0 0 0 0 0 0 0 0 0 0 0 0 0 0
20	1	0 0 0 0 0 1 0 0 0 0 0 0 1 0 0 1
20	1	0 0 1 0 0 0 0 0 0 0 1 0 0 0 0 0
20	1	1 0 1 0 0 0 1 0 0 0 1 0 0 0 0 0
20	1	1 0 1 1 0 0 0 0 0 0 0 0 0 0 1 0
20	1	1 0 1 0 0 0 0 1 0 0 0 0 0 1 0 1
40	188	0 0 0 0 0 0 0 0 0 1 0 0 0 1 0 0
40	78	0 0 0 0 1 0 0 0 0 0 0 0 0 1 0 1
40	120	1 0 1 0 0 0 0 0 0 0 0 0 0 0 0 0
40	5	0 0 0 0 0 0 0 0 0 0 0 0 1 0 0 1
40	1	0 0 0 0 0 0 0 0 0 1 0 0 0 1 0 1
40	1	0 0 0 0 0 0 0 0 0 1 0 1 0 1 0 0
40	56	0 0 0 1 0 0 0 0 0 1 0 0 0 1 0 0
40	13	0 0 0 0 0 0 0 0 0 0 0 0 0 1 0 1
40	13	0 0 0 0 1 0 0 0 0 1 0 0 0 1 0 0
40	45	1 0 1 0 0 0 0 0 0 0 0 0 0 1 0 1
40	2	0 0 0 1 1 0 0 0 0 0 0 0 0 1 0 1
40	3	0 0 1 0 0 0 0 0 0 0 0 0 0 0 0 0
40	11	0 0 0 1 0 0 0 0 0 0 0 0 1 0 0 1
40	12	0 0 0 0 0 0 0 0 0 0 0 0 0 0 0 0
40	5	1 0 1 0 0 0 0 1 0 0 0 0 0 0 0 0
40	7	1 0 1 0 0 0 0 0 0 0 0 1 0 1 0 0
40	18	0 0 0 0 0 0 0 0 0 0 0 0 0 1 0 0
40	9	1 0 1 0 1 0 0 0 0 0 0 0 0 0 0 0
40	11	0 0 0 0 0 0 0 0 0 1 0 0 0 0 0 0
40	27	1 0 1 0 0 0 0 0 0 1 0 0 0 1 0 0
40	16	1 0 1 0 0 0 0 0 0 0 1 0 0 0 0 0
40	18	1 1 1 0 0 0 0 0 0 0 0 0 0 1 0 0
40	12	1 0 1 0 0 0 0 0 0 0 0 1 0 1 0 1
40	42	0 0 0 0 1 0 0 0 0 0 0 0 0 1 0 0
40	4	1 0 1 1 0 0 0 0 0 0 0 0 0 0 0 0
40	8	1 0 1 0 0 0 0 1 0 0 0 0 0 1 0 0
40	1	0 0 0 0 1 0 0 0 0 0 1 0 0 1 0 1
40	11	0 0 0 0 0 0 1 0 1 1 0 0 0 1 0 0
40	5	0 0 0 0 0 1 0 0 0 1 0 0 0 1 0 0
40	31	1 0 0 0 0 0 0 0 0 0 0 0 0 0 0 0
40	10	0 0 0 0 0 0 1 0 0 1 0 0 0 1 0 0
40	4	0 0 1 1 0 0 0 0 0 0 0 0 0 0 0 0
40	19	1 0 1 0 1 0 0 0 0 0 0 0 0 1 0 0
40	1	0 0 1 0 1 0 0 0 0 0 0 0 0 0 0 0
40	10	1 0 0 0 0 0 0 0 0 0 1 0 0 0 0 0
40	3	1 0 1 0 0 0 0 0 0 0 0 0 0 0 0 1
40	10	1 0 1 0 0 0 0 0 0 0 0 0 0 1 0 0
40	6	0 0 0 1 1 0 0 0 0 0 1 0 0 1 0 1
40	3	0 0 1 0 0 0 0 1 0 0 0 0 0 0 0 0
40	4	0 0 0 1 0 0 0 0 0 1 0 0 0 1 1 0
40	22	0 0 0 1 0 0 0 1 0 1 0 0 0 1 0 0
40	9	0 0 0 0 0 0 0 0 0 0 0 1 0 1 0 0
40	10	1 0 0 0 0 0 0 0 0 1 0 0 0 1 0 0
40	10	1 0 1 0 0 0 0 0 0 0 0 1 0 0 0 0
40	4	0 0 0 0 0 1 0 0 0 1 1 0 0 1 0 0
40	4	1 0 1 0 0 0 0 0 1 0 0 0 0 0 0 0
40	1	0 0 0 0 0 0 0 0 0 1 1 0 0 1 0 1
40	3	0 0 0 1 1 0 0 0 0 0 0 0 0 1 0 0
40	2	1 1 1 0 0 0 0 0 0 0 0 1 0 1 0 0
40	6	0 0 0 1 0 0 0 0 0 0 0 0 0 1 0 0
40	1	1 1 1 0 0 0 0 0 1 1 0 0 0 1 0 0
40	3	0 0 0 0 0 0 0 0 0 1 0 1 0 1 0 1
40	3	0 0 0 0 1 0 0 0 1 0 0 0 0 1 0 0
40	2	1 0 1 0 0 0 0 0 0 0 0 0 0 0 1 0
40	1	1 0 0 0 0 0 0 0 0 1 0 0 0 0 0 0
40	4	0 0 0 0 0 0 0 0 0 0 0 0 0 0 1 0
40	4	0 0 1 0 0 0 0 0 0 1 0 0 0 1 0 1
40	4	0 0 1 0 1 0 0 0 0 0 0 0 0 1 0 0
40	1	1 1 1 0 0 0 0 0 0 0 0 0 0 0 0 0
40	5	0 0 1 0 1 0 0 0 0 0 0 0 0 0 1 0
40	1	0 0 0 0 1 0 0 0 0 0 0 0 0 0 0 1
40	2	0 0 0 1 0 0 0 0 0 0 0 0 0 0 0 0
40	1	1 0 1 0 0 0 0 1 0 0 0 0 0 1 0 1
40	2	1 0 1 0 1 0 0 0 0 1 0 0 0 1 0 1
40	4	1 0 1 0 1 0 0 0 1 0 0 0 0 0 0 0
40	14	1 1 1 0 0 0 0 0 0 0 0 1 0 1 0 1
40	2	1 0 1 1 0 0 0 1 0 0 0 0 0 0 0 0
40	2	0 0 1 0 1 0 1 0 0 0 0 0 0 0 0 0
40	3	0 1 0 0 0 0 0 0 0 0 0 0 0 1 0 0
40	3	0 0 0 0 1 0 0 0 0 0 0 0 0 0 0 0
40	1	1 0 0 0 0 0 0 0 0 0 0 0 0 1 0 0
40	1	0 0 0 0 0 0 0 0 0 0 0 0 0 1 1 0
40	3	0 0 0 0 0 0 0 0 1 0 0 0 0 1 0 0
40	1	1 0 1 0 1 0 0 0 0 0 1 0 0 0 0 0
40	6	1 0 1 0 0 0 0 0 0 0 1 0 0 0 1 0
40	1	1 0 1 0 0 0 0 0 1 0 0 1 0 1 0 1
40	2	1 1 1 0 0 0 0 1 0 0 0 0 0 0 0 0
40	2	0 0 0 0 0 0 1 0 0 1 0 0 1 0 0 1
40	2	0 0 0 1 0 0 0 0 0 0 0 0 0 1 0 1
40	1	1 0 0 1 0 0 0 0 0 1 0 0 0 1 0 0
40	1	1 0 1 0 0 0 0 0 0 1 1 0 0 1 0 0
40	1	1 0 1 0 0 1 0 0 0 0 0 1 0 1 0 1
40	2	0 0 0 0 1 0 0 0 0 0 0 0 0 1 1 0
60	66	0 0 0 0 0 0 0 0 0 1 0 0 0 1 0 0
60	20	0 0 0 0 1 0 0 0 0 0 0 0 0 1 0 1
60	43	1 0 1 0 0 0 0 0 0 0 0 0 0 0 0 0
60	43	0 0 0 1 0 0 0 0 0 1 0 0 0 1 0 0
60	9	0 0 0 0 0 0 0 0 0 0 0 0 0 1 0 1
60	40	1 0 1 0 0 0 0 0 0 0 0 0 0 1 0 1
60	1	0 0 0 1 1 0 0 0 0 0 0 0 0 1 0 1
60	1	0 0 0 1 0 0 0 0 0 0 0 0 1 0 0 1
60	10	0 0 0 0 0 0 0 0 0 0 0 0 0 0 0 0
60	2	1 0 1 0 0 0 0 0 0 0 0 1 0 1 0 0
60	31	0 0 0 0 0 0 0 0 0 0 0 0 0 1 0 0
60	17	1 0 1 0 1 0 0 0 0 0 0 0 0 0 0 0
60	6	0 0 0 0 0 0 0 0 0 1 0 0 0 0 0 0
60	35	1 0 1 0 0 0 0 0 0 1 0 0 0 1 0 0
60	25	1 1 1 0 0 0 0 0 0 0 0 0 0 1 0 0
60	1	1 0 1 0 0 0 0 0 0 0 0 1 0 1 0 1
60	65	0 0 0 0 1 0 0 0 0 0 0 0 0 1 0 0
60	70	1 0 1 1 0 0 0 0 0 0 0 0 0 0 0 0
60	13	0 0 0 0 1 0 0 0 0 0 1 0 0 1 0 1
60	7	0 0 0 0 0 1 0 0 0 1 0 0 0 1 0 0
60	14	1 0 0 0 0 0 0 0 0 0 0 0 0 0 0 0
60	25	0 0 0 0 0 0 1 0 0 1 0 0 0 1 0 0
60	5	1 0 1 0 1 0 0 0 0 0 0 0 0 1 0 0
60	4	1 0 0 0 0 0 0 0 0 0 1 0 0 0 0 0
60	3	1 0 1 0 0 0 0 0 0 0 0 0 0 1 0 0
60	63	0 0 0 1 0 0 0 1 0 1 0 0 0 1 0 0
60	3	0 0 0 0 0 0 0 0 0 0 0 1 0 1 0 0
60	9	1 0 0 0 0 0 0 0 0 1 0 0 0 1 0 0
60	21	0 0 0 1 0 0 0 0 0 0 0 0 0 1 0 0
60	4	0 0 0 0 1 0 0 0 1 0 0 0 0 1 0 0
60	5	0 0 1 0 0 0 0 0 0 1 0 0 0 1 0 1
60	9	0 0 1 0 1 0 0 0 0 0 0 0 0 0 1 0
60	4	1 0 1 0 1 0 0 0 1 0 0 0 0 0 0 0
60	29	1 0 1 1 0 0 0 1 0 0 0 0 0 0 0 0
60	6	0 0 0 0 0 0 0 0 0 1 1 0 0 1 0 0
60	4	0 0 0 0 0 0 0 1 0 1 0 0 0 1 0 0
60	22	0 0 0 1 0 0 0 0 0 1 1 0 0 1 0 0
60	9	1 0 1 1 0 0 0 0 0 0 0 0 1 0 0 0
60	1	1 1 1 0 0 0 0 1 0 0 0 0 0 1 0 0
60	2	0 0 0 0 0 0 0 0 0 0 0 1 0 0 0 0
60	5	1 0 1 0 0 0 0 0 0 0 0 0 1 0 0 0
60	8	1 0 1 0 0 0 0 0 0 1 0 0 0 1 0 1
60	5	1 0 0 0 1 0 0 0 0 0 0 0 0 0 0 0
60	13	0 0 0 1 1 0 0 0 0 0 0 1 0 1 0 1
60	10	1 1 1 0 0 0 0 1 0 1 0 0 0 1 0 0
60	8	0 0 0 1 1 0 0 0 0 0 0 0 0 0 0 1
60	7	0 0 0 0 1 0 0 0 1 0 1 0 0 1 0 0
60	3	0 0 0 0 0 0 0 1 0 1 1 0 0 1 0 0
60	4	1 0 0 0 0 0 0 1 0 1 0 0 0 1 0 0
60	14	0 0 0 1 0 0 0 0 0 1 0 0 1 1 0 0
60	1	0 0 0 1 0 0 1 0 0 1 0 0 0 1 0 0
60	3	1 0 1 0 1 1 0 0 0 0 0 0 0 0 0 0
60	3	0 0 0 1 1 0 0 1 0 1 0 0 0 1 0 0
60	5	1 0 1 1 0 1 0 0 0 1 0 0 0 1 0 0
60	3	0 0 0 1 0 0 0 0 0 0 0 0 0 0 0 0
60	2	0 0 0 0 1 1 0 0 0 0 0 0 0 1 0 0
60	6	1 0 0 0 1 0 0 0 0 0 0 0 0 1 0 1
60	11	1 0 1 0 0 0 0 0 1 0 0 0 0 1 0 0
60	3	1 0 1 1 1 0 0 0 0 0 1 0 0 0 0 0
60	10	0 0 0 0 1 1 0 0 0 0 0 0 0 0 1 0
60	2	0 0 0 0 1 0 0 0 0 0 0 0 0 0 0 0
60	5	0 0 0 0 0 0 0 0 0 0 0 1 0 1 1 0
60	6	0 1 0 0 0 0 0 1 0 1 0 0 0 1 0 0
60	11	0 0 1 1 0 0 1 0 0 1 0 0 0 1 0 0
60	2	0 0 0 1 0 0 0 0 0 1 0 1 0 1 0 0
60	2	0 0 1 0 0 0 0 0 0 0 0 0 0 1 0 1
60	5	0 0 1 1 0 0 0 0 0 0 0 0 0 0 0 0
60	1	1 0 1 1 0 0 0 1 0 0 0 0 0 1 0 0
60	1	1 0 1 0 0 0 0 0 0 0 0 0 0 0 0 1
60	5	1 0 0 0 1 0 0 0 0 0 0 0 0 1 0 0
60	1	1 0 1 1 1 0 0 0 1 0 0 0 0 0 0 0
60	2	1 0 0 0 0 0 0 0 0 1 0 0 0 0 0 0
60	9	1 0 0 0 0 0 0 0 1 0 0 0 0 0 0 0
60	1	1 0 1 0 0 0 0 0 1 0 0 0 0 0 0 0
60	2	0 0 1 1 0 0 0 0 0 1 0 0 0 1 0 0
60	1	1 1 1 0 0 0 0 1 0 0 0 0 1 1 0 0
60	1	0 0 0 1 0 0 0 1 0 1 0 0 0 0 0 0
60	3	1 1 1 0 0 0 0 1 0 0 0 0 0 1 0 1
60	1	0 0 0 0 0 0 0 0 0 1 0 1 0 1 0 0
60	2	0 0 0 1 0 0 0 0 0 1 0 0 0 1 1 0
60	3	1 0 1 1 0 0 0 0 0 0 0 0 0 0 1 0
60	3	1 0 0 0 0 0 0 0 0 0 0 0 0 0 1 0
60	5	0 0 0 0 0 1 0 0 0 0 0 1 0 1 0 0
60	3	1 1 1 0 0 0 0 1 1 0 0 0 0 1 0 0
60	1	0 0 0 0 0 0 0 0 0 1 0 0 0 1 0 1
60	4	0 0 0 0 1 0 0 0 0 0 0 1 0 1 0 1
60	2	1 0 1 1 0 0 0 0 0 0 0 0 0 1 0 1
60	3	1 0 0 0 0 0 0 0 0 0 0 0 0 1 0 1
60	6	0 0 1 1 0 0 0 1 0 0 0 0 0 0 0 0
60	2	1 1 1 0 0 0 0 0 0 1 0 0 0 1 0 0
60	6	0 0 0 1 1 0 0 1 0 1 0 0 0 1 0 1
60	2	0 0 1 0 1 0 0 0 0 0 0 0 0 1 0 1
60	3	1 0 1 0 1 0 0 0 0 0 1 0 0 1 0 1
60	1	1 0 1 0 0 0 0 1 0 1 0 0 0 1 0 0
60	1	1 1 1 0 0 0 0 0 0 0 0 0 0 0 0 0
60	4	0 0 0 0 0 0 0 0 0 1 0 0 1 1 0 0
60	2	1 0 0 0 0 0 0 0 0 0 0 0 1 0 0 0
60	4	0 0 0 1 0 0 0 1 0 1 0 1 0 1 0 0
60	2	0 0 0 0 0 0 0 0 0 0 0 0 0 0 1 0
60	1	0 0 1 0 0 0 0 0 0 0 0 0 0 1 0 0
60	1	0 0 0 0 0 0 0 0 1 1 0 0 0 1 0 0
60	1	0 0 0 0 0 0 1 1 0 1 0 0 0 1 0 0
60	2	1 0 0 0 0 1 0 0 0 1 0 0 0 1 0 0
60	4	1 0 1 0 1 0 0 0 0 0 1 0 1 1 0 1
80	9	0 0 0 0 0 0 0 0 0 1 0 0 0 1 0 0
80	24	0 0 0 0 1 0 0 0 0 0 0 0 0 1 0 1
80	33	0 0 0 1 0 0 0 0 0 1 0 0 0 1 0 0
80	12	1 0 1 0 0 0 0 0 0 0 0 0 0 1 0 1
80	12	0 0 0 1 1 0 0 0 0 0 0 0 0 1 0 1
80	33	0 0 0 0 0 0 0 0 0 0 0 0 0 1 0 0
80	4	1 0 1 0 1 0 0 0 0 0 0 0 0 0 0 0
80	32	1 0 1 0 0 0 0 0 0 1 0 0 0 1 0 0
80	1	1 1 1 0 0 0 0 0 0 0 0 0 0 1 0 0
80	20	0 0 0 0 1 0 0 0 0 0 0 0 0 1 0 0
80	105	1 0 1 1 0 0 0 0 0 0 0 0 0 0 0 0
80	1	1 0 1 0 0 0 0 0 0 0 0 0 0 1 0 0
80	45	0 0 0 1 0 0 0 1 0 1 0 0 0 1 0 0
80	1	0 0 0 0 0 0 0 0 0 0 0 1 0 1 0 0
80	47	1 0 0 0 0 0 0 0 0 1 0 0 0 1 0 0
80	11	0 0 0 1 0 0 0 0 0 0 0 0 0 1 0 0
80	8	0 0 0 0 1 0 0 0 1 0 0 0 0 1 0 0
80	59	1 0 1 1 0 0 0 1 0 0 0 0 0 0 0 0
80	2	0 0 0 1 0 0 0 0 0 1 1 0 0 1 0 0
80	23	1 0 1 0 0 0 0 0 0 1 0 0 0 1 0 1
80	2	1 1 1 0 0 0 0 1 0 1 0 0 0 1 0 0
80	16	0 0 0 1 0 0 0 0 0 1 0 0 1 1 0 0
80	11	1 0 1 0 0 0 0 0 1 0 0 0 0 1 0 0
80	5	0 0 0 0 1 1 0 0 0 0 0 0 0 0 1 0
80	1	0 1 0 0 0 0 0 1 0 1 0 0 0 1 0 0
80	3	1 0 0 0 0 0 0 0 1 0 0 0 0 0 0 0
80	42	1 0 1 1 0 0 0 0 0 0 0 0 0 0 1 0
80	2	1 0 0 0 0 0 0 0 0 0 0 0 0 0 1 0
80	51	0 0 0 0 0 1 0 0 0 0 0 1 0 1 0 0
80	1	1 1 1 0 0 0 0 1 1 0 0 0 0 1 0 0
80	7	0 0 0 1 1 0 0 1 0 1 0 0 0 1 0 1
80	4	1 0 1 0 1 0 0 0 0 0 1 0 0 1 0 1
80	9	0 0 0 0 1 0 0 0 0 1 0 0 0 1 0 0
80	56	1 0 1 1 0 0 0 0 0 0 0 0 0 1 0 0
80	2	1 0 1 0 0 0 0 1 0 0 0 0 1 0 0 0
80	15	0 0 1 1 1 0 0 0 0 0 0 0 0 0 0 0
80	10	0 0 1 0 0 0 0 0 0 0 0 0 0 0 0 0
80	2	0 1 0 0 0 0 0 0 0 0 0 0 0 1 0 0
80	4	1 0 0 0 0 0 0 0 0 0 0 0 0 1 0 0
80	1	0 0 0 0 1 0 0 0 0 1 1 0 0 1 0 0
80	7	1 1 1 0 0 0 1 0 0 1 0 0 0 1 0 0
80	10	1 0 1 0 1 0 0 0 0 0 0 0 0 1 0 1
80	4	0 0 0 1 0 0 0 1 0 1 0 0 1 0 0 0
80	11	0 0 0 1 0 0 0 0 1 0 0 0 0 0 0 0
80	1	1 0 1 1 0 0 0 0 1 0 0 0 0 1 0 0
80	4	1 0 1 1 0 0 0 0 0 1 0 0 1 1 0 0
80	23	0 0 0 1 0 0 1 0 0 1 0 0 0 1 0 0
80	7	1 0 0 1 0 0 0 0 0 0 0 0 0 0 0 0
80	4	0 0 0 1 0 0 1 0 0 0 0 0 0 1 0 0
80	25	0 0 0 1 0 0 1 0 0 1 0 0 1 1 0 0
80	9	0 0 0 1 0 0 0 0 0 0 0 0 0 0 1 0
80	4	1 0 1 1 0 0 0 1 0 1 0 0 0 0 0 0
80	7	1 1 1 0 0 0 0 1 0 1 0 0 0 1 1 0
80	6	0 0 0 1 0 0 0 0 0 1 0 1 1 1 0 0
80	6	0 0 0 1 0 0 0 0 0 0 0 0 0 0 0 0
80	1	1 0 1 0 0 0 1 0 0 1 0 0 0 1 0 0
80	2	0 1 0 0 0 0 0 0 0 0 0 0 1 1 0 0
80	3	1 0 0 0 0 0 0 0 0 0 0 0 1 1 0 0
80	8	1 0 1 0 0 0 0 0 0 1 0 0 1 1 0 0
80	1	0 0 0 1 1 0 0 0 0 0 0 0 0 0 0 0
80	6	1 0 0 1 0 0 0 1 0 0 0 0 0 0 0 0
80	3	0 0 0 0 0 1 1 0 0 0 0 1 0 1 0 0
80	2	1 0 1 0 1 0 0 0 0 0 1 0 1 1 0 1
80	2	0 0 0 1 0 0 0 0 0 0 0 0 0 0 0 1
80	12	0 0 0 1 1 0 0 1 0 1 0 1 0 1 0 1
80	4	1 0 0 1 0 0 1 0 0 1 0 0 1 1 0 0
80	2	0 0 0 1 0 0 1 0 1 1 0 0 0 1 0 0
80	11	1 0 1 1 0 0 0 0 0 0 0 1 1 0 0 0
80	2	0 0 0 1 0 0 0 0 0 1 0 0 0 1 0 1
80	4	1 0 1 0 0 0 0 0 1 0 0 0 1 1 0 0
80	5	0 0 0 0 0 0 1 0 0 1 0 0 0 1 0 0
80	1	0 0 0 1 0 0 0 0 0 1 0 0 0 1 1 0
80	3	1 0 1 0 0 1 0 0 0 0 0 0 0 1 0 1
80	2	0 0 1 1 1 0 0 0 0 0 0 0 0 0 0 1
80	5	1 0 1 1 0 0 0 0 0 1 0 0 0 1 0 0
80	1	0 0 0 1 1 0 0 0 0 0 0 0 0 1 1 1
80	1	0 1 0 1 0 0 0 1 0 1 0 0 0 1 0 0
80	2	0 0 1 1 0 0 0 0 0 0 0 0 0 0 1 0
80	2	1 1 1 0 0 0 0 1 1 0 0 0 1 1 0 0
80	4	0 0 1 1 1 0 0 1 0 0 0 0 0 0 0 0
80	3	1 0 0 1 0 1 0 1 0 0 0 0 0 0 0 0
80	3	1 0 1 1 0 0 0 1 0 1 0 0 0 1 0 0
80	3	1 0 1 1 0 0 0 1 0 0 0 0 0 1 0 0
80	3	0 0 1 1 0 0 0 0 0 0 0 0 0 0 0 0
80	2	1 0 1 0 0 0 0 1 0 0 0 0 0 1 0 1
80	3	1 0 1 1 0 0 0 0 0 0 1 0 0 0 0 0
80	2	0 0 0 0 0 0 1 0 0 0 0 0 0 1 0 0
80	2	1 0 1 1 0 0 0 0 0 0 0 1 1 0 0 1
80	1	1 0 0 1 0 1 0 0 0 0 0 0 0 0 0 0
80	1	0 0 0 0 0 0 0 0 0 1 0 1 0 1 0 0
80	3	0 0 0 1 1 0 0 0 0 0 0 0 0 1 0 0
80	2	0 0 0 1 0 0 0 1 0 0 0 0 0 0 0 0
80	1	1 0 1 0 1 0 1 0 0 0 0 0 0 0 0 0
80	1	0 0 0 1 1 0 0 1 0 1 1 0 0 1 0 1
80	1	0 0 0 0 1 0 0 0 1 1 0 0 0 1 0 0
80	1	0 0 0 1 0 0 0 1 0 1 0 0 0 0 0 0
80	1	0 0 0 1 0 0 1 0 0 1 0 1 0 1 0 0
80	1	0 0 0 1 0 0 1 0 1 1 0 0 1 1 0 0
80	2	0 0 0 1 0 0 0 0 0 1 0 0 0 0 0 0
80	1	1 0 0 0 0 0 0 1 0 1 0 0 0 1 0 0
80	1	1 0 0 1 0 0 0 1 0 1 0 0 0 1 0 0
80	1	0 0 0 0 0 0 0 0 0 1 0 1 1 1 0 0
80	1	0 0 1 0 0 0 0 0 0 0 0 0 0 1 0 0
80	1	0 0 0 1 0 0 0 0 0 0 0 0 0 1 0 1
80	1	1 0 1 1 0 0 0 1 0 0 0 1 0 0 0 0
80	2	1 0 1 0 0 0 0 0 0 1 0 0 0 1 1 1
80	3	1 0 1 1 1 0 0 0 0 0 0 0 0 0 1 0
80	1	1 0 0 1 0 0 0 0 0 0 0 0 0 1 0 0
80	1	1 0 1 1 0 0 0 0 0 0 0 1 0 1 0 0
80	2	1 0 1 1 0 0 0 0 0 0 0 0 1 1 0 0
80	2	0 0 0 1 0 0 1 0 0 1 0 1 1 1 0 0
80	1	0 0 0 1 0 0 0 0 0 0 0 0 1 0 0 0
80	1	0 0 0 0 0 1 1 0 0 0 0 1 0 0 0 0
80	2	1 0 1 0 0 1 0 0 0 0 0 1 0 1 0 1
100	2	0 0 0 0 0 0 0 0 0 1 0 0 0 1 0 0
100	2	0 0 0 0 1 0 0 0 0 0 0 0 0 1 0 1
100	29	0 0 0 1 0 0 0 0 0 1 0 0 0 1 0 0
100	4	0 0 0 1 1 0 0 0 0 0 0 0 0 1 0 1
100	19	1 0 1 0 0 0 0 0 0 1 0 0 0 1 0 0
100	8	0 0 0 0 1 0 0 0 0 0 0 0 0 1 0 0
100	203	1 0 1 1 0 0 0 0 0 0 0 0 0 0 0 0
100	15	0 0 0 1 0 0 0 1 0 1 0 0 0 1 0 0
100	10	1 0 0 0 0 0 0 0 0 1 0 0 0 1 0 0
100	74	1 0 1 1 0 0 0 1 0 0 0 0 0 0 0 0
100	38	1 0 1 0 0 0 0 0 0 1 0 0 0 1 0 1
100	4	1 0 1 1 0 0 0 0 0 0 0 0 0 0 1 0
100	14	0 0 0 0 0 1 0 0 0 0 0 1 0 1 0 0
100	6	0 0 0 1 1 0 0 1 0 1 0 0 0 1 0 1
100	55	1 0 1 1 0 0 0 0 0 0 0 0 0 1 0 0
100	19	0 0 1 1 1 0 0 0 0 0 0 0 0 0 0 0
100	4	1 1 1 0 0 0 1 0 0 1 0 0 0 1 0 0
100	25	0 0 0 1 0 0 0 0 1 0 0 0 0 0 0 0
100	12	0 0 0 1 0 0 1 0 0 1 0 0 0 1 0 0
100	3	1 0 0 1 0 0 0 0 0 0 0 0 0 0 0 0
100	15	0 0 0 1 0 0 1 0 0 1 0 0 1 1 0 0
100	16	0 0 0 1 0 0 0 0 0 0 0 0 0 0 0 0
100	10	1 0 1 0 0 0 0 0 0 1 0 0 1 1 0 0
100	7	0 0 0 1 1 0 0 0 0 0 0 0 0 0 0 0
100	13	1 0 0 1 0 0 0 1 0 0 0 0 0 0 0 0
100	4	1 0 0 1 0 0 1 0 0 1 0 0 1 1 0 0
100	6	1 0 1 0 0 1 0 0 0 0 0 0 0 1 0 1
100	1	1 0 1 1 0 0 0 0 0 1 0 0 0 1 0 0
100	4	0 0 1 1 1 0 0 1 0 0 0 0 0 0 0 0
100	3	1 0 1 1 0 0 0 1 0 0 0 0 0 1 0 0
100	36	1 0 0 1 0 1 0 0 0 0 0 0 0 0 0 0
100	23	0 0 0 1 0 0 0 1 0 0 0 0 0 0 0 0
100	1	1 0 1 0 0 1 0 0 0 0 0 1 0 1 0 1
100	2	0 0 0 1 0 0 0 0 0 1 0 1 0 1 0 0
100	4	1 0 1 0 0 0 0 0 0 0 0 0 0 0 0 0
100	17	1 0 1 1 1 0 0 0 0 0 0 0 0 0 0 0
100	5	0 0 0 1 0 0 0 0 0 0 0 1 0 1 0 0
100	6	0 0 0 0 0 0 0 0 0 0 0 0 0 0 0 0
100	1	0 0 0 1 0 0 0 1 1 1 0 0 0 1 0 0
100	29	1 1 0 0 0 0 0 0 0 1 0 0 0 1 0 0
100	1	0 0 1 1 1 1 0 0 0 0 0 0 0 0 0 0
100	2	0 0 1 1 1 0 0 0 0 0 0 0 0 1 0 1
100	4	1 0 0 0 0 0 0 0 0 0 0 0 0 1 0 0
100	2	0 0 0 0 1 0 0 1 1 0 0 0 0 1 0 0
100	1	1 0 0 1 1 0 0 0 0 0 0 0 0 1 0 1
100	5	0 0 0 0 0 1 0 0 0 0 0 0 0 0 0 0
100	3	0 0 0 1 0 0 1 0 0 1 0 0 0 0 0 0
100	2	0 0 0 1 0 0 1 1 0 0 0 0 0 0 0 0
100	8	1 0 1 1 0 0 0 0 0 0 0 1 0 0 0 0
100	1	1 0 1 1 0 0 0 0 0 1 0 0 0 0 0 0
100	4	0 0 0 1 1 0 0 1 0 0 0 1 0 1 0 1
100	8	0 0 0 0 0 0 0 0 0 1 0 0 0 1 1 0
100	7	1 1 1 1 0 0 0 0 0 0 0 0 0 0 0 0
100	4	0 0 0 1 0 0 1 0 0 0 0 0 0 0 0 0
100	8	1 0 1 1 0 0 0 1 0 0 0 0 1 0 0 0
100	11	1 0 1 0 0 0 0 0 0 1 0 1 0 1 0 1
100	5	1 0 1 0 0 0 0 0 0 0 0 0 0 1 0 0
100	3	1 0 1 1 0 0 0 0 1 0 0 0 0 0 1 0
100	6	1 0 1 1 0 0 0 0 0 0 0 0 1 1 0 0
100	7	0 0 0 1 0 0 0 1 0 0 0 0 0 1 0 0
100	3	0 0 0 1 1 0 1 0 0 0 0 0 0 0 0 0
100	1	0 0 0 1 1 0 0 0 0 0 0 0 0 0 0 1
100	8	1 0 0 0 0 0 0 0 0 0 0 1 0 0 0 0
100	11	1 0 1 0 0 0 0 1 0 1 0 0 0 1 0 0
100	10	0 0 0 0 0 1 0 0 0 1 0 0 1 1 0 0
100	5	0 0 0 1 0 0 0 0 1 0 0 0 0 1 0 0
100	5	1 0 1 0 0 0 0 0 0 1 1 0 0 1 0 0
100	7	1 0 1 0 1 0 0 0 0 1 0 0 0 1 0 1
100	3	1 0 1 1 0 0 0 0 0 1 0 0 0 1 0 1
100	12	0 0 0 0 0 1 0 0 0 0 1 1 0 1 0 0
100	8	1 0 0 0 0 0 0 0 0 1 0 1 0 1 0 1
100	3	1 1 1 1 0 0 0 1 0 0 0 0 0 0 0 0
100	1	1 0 1 1 1 0 0 1 0 0 0 0 0 0 0 0
100	4	1 0 1 0 0 0 0 0 0 1 0 0 0 1 1 1
100	9	1 0 1 0 0 0 1 0 0 1 0 0 0 1 0 0
100	3	1 0 1 0 1 0 0 1 0 1 0 0 0 1 0 0
100	2	1 0 1 0 0 0 0 0 0 1 0 0 0 0 0 0
100	1	0 0 1 1 0 0 0 1 0 0 0 0 0 1 0 0
100	1	0 0 0 1 1 0 0 0 1 0 0 0 0 1 0 1
100	2	1 0 1 1 0 1 0 0 0 0 0 0 0 0 0 0
100	4	0 0 0 0 1 0 0 0 0 1 0 0 0 1 1 0
100	3	0 0 0 1 0 0 0 0 0 0 0 0 0 1 0 0
100	1	1 0 1 1 0 0 0 0 0 1 0 0 1 1 0 0
100	3	1 0 0 1 1 0 1 0 0 1 0 0 1 1 0 0
100	10	0 0 1 1 0 0 0 0 0 0 0 0 0 0 0 0
100	5	1 0 1 0 0 1 0 0 0 0 0 0 0 0 0 0
100	1	0 0 0 0 0 0 0 0 0 0 0 0 0 1 0 1
100	1	0 0 0 1 1 0 0 1 0 1 0 0 0 1 0 0
100	2	1 0 1 1 0 0 1 1 0 0 0 0 0 0 0 0
100	1	0 0 0 1 1 0 1 0 0 1 0 0 1 1 0 0
100	2	0 0 0 1 1 0 0 0 0 0 0 0 0 1 0 0
100	4	1 0 1 1 0 0 0 0 0 0 0 1 1 0 1 0
100	5	0 0 0 0 0 1 0 0 0 0 0 1 0 0 0 0
100	2	0 0 0 1 0 0 1 1 0 0 0 1 0 0 0 0
100	4	1 1 1 1 0 0 0 0 0 0 0 0 0 0 1 0
100	1	1 0 1 1 0 0 0 1 0 1 0 0 0 1 0 0
100	1	1 0 0 1 1 0 1 0 0 0 0 0 0 0 0 0
100	3	1 0 1 1 0 0 1 0 0 0 0 0 0 0 0 0
100	2	1 0 1 1 0 1 0 1 0 0 0 0 0 0 0 0
100	1	0 0 0 1 1 0 0 1 0 0 0 0 0 0 0 0
100	4	1 0 0 1 0 1 0 0 0 0 0 0 0 1 0 0
120	2	0 0 0 1 0 0 0 0 0 1 0 0 0 1 0 0
120	12	1 0 1 0 0 0 0 0 0 1 0 0 0 1 0 0
120	241	1 0 1 1 0 0 0 0 0 0 0 0 0 0 0 0
120	3	0 0 0 1 0 0 0 1 0 1 0 0 0 1 0 0
120	82	1 0 1 1 0 0 0 1 0 0 0 0 0 0 0 0
120	7	1 0 1 0 0 0 0 0 0 1 0 0 0 1 0 1
120	16	1 0 1 1 0 0 0 0 0 0 0 0 0 1 0 0
120	16	0 0 1 1 1 0 0 0 0 0 0 0 0 0 0 0
120	24	0 0 0 1 0 0 0 0 1 0 0 0 0 0 0 0
120	30	0 0 0 1 0 0 0 0 0 0 0 0 0 0 0 0
120	9	0 0 0 1 1 0 0 0 0 0 0 0 0 0 0 0
120	2	1 0 1 0 0 1 0 0 0 0 0 0 0 1 0 1
120	47	1 0 0 1 0 1 0 0 0 0 0 0 0 0 0 0
120	24	0 0 0 1 0 0 0 1 0 0 0 0 0 0 0 0
120	3	1 0 1 0 0 1 0 0 0 0 0 1 0 1 0 1
120	13	1 0 1 1 1 0 0 0 0 0 0 0 0 0 0 0
120	2	0 0 0 1 0 0 1 0 0 1 0 0 0 0 0 0
120	15	0 0 0 1 0 0 1 1 0 0 0 0 0 0 0 0
120	15	1 0 1 1 0 0 0 0 0 0 0 1 0 0 0 0
120	1	0 0 0 1 1 0 0 1 0 0 0 1 0 1 0 1
120	12	1 1 1 1 0 0 0 0 0 0 0 0 0 0 0 0
120	18	0 0 0 1 0 0 1 0 0 0 0 0 0 0 0 0
120	13	1 0 1 0 0 0 0 0 0 0 0 0 0 1 0 0
120	35	1 0 1 1 0 0 0 0 1 0 0 0 0 0 1 0
120	4	1 0 0 0 0 0 0 0 0 0 0 1 0 0 0 0
120	3	1 0 1 0 0 0 0 1 0 1 0 0 0 1 0 0
120	1	0 0 0 0 0 1 0 0 0 1 0 0 1 1 0 0
120	28	1 1 1 1 0 0 0 1 0 0 0 0 0 0 0 0
120	6	1 0 1 1 1 0 0 1 0 0 0 0 0 0 0 0
120	17	1 0 1 0 0 0 1 0 0 1 0 0 0 1 0 0
120	10	1 0 1 0 1 0 0 1 0 1 0 0 0 1 0 0
120	15	1 0 1 1 0 1 0 0 0 0 0 0 0 0 0 0
120	3	0 0 0 0 1 0 0 0 0 1 0 0 0 1 1 0
120	23	0 0 1 1 0 0 0 0 0 0 0 0 0 0 0 0
120	2	1 0 1 0 0 1 0 0 0 0 0 0 0 0 0 0
120	15	1 1 1 1 0 0 0 0 0 0 0 0 0 0 1 0
120	18	0 0 0 1 1 0 0 1 0 0 0 0 0 0 0 0
120	6	1 0 0 1 0 1 0 0 0 0 0 0 0 1 0 0
120	14	1 0 1 1 0 0 0 0 0 0 0 0 0 1 0 1
120	3	1 0 1 1 0 0 0 0 0 1 0 0 0 1 1 1
120	4	1 0 1 0 0 0 1 0 0 1 0 1 0 1 0 1
120	3	1 0 1 1 0 0 0 0 0 0 0 0 0 1 1 1
120	36	1 0 1 1 0 0 0 0 0 0 0 0 1 0 0 0
120	2	0 0 0 1 0 1 0 0 0 0 0 0 0 0 0 0
120	7	1 0 0 1 0 1 0 1 0 0 0 0 0 0 0 0
120	10	1 0 1 1 0 0 1 0 0 0 0 0 0 0 0 0
120	3	1 0 1 0 0 0 0 1 0 0 0 0 0 0 0 0
120	5	1 0 1 1 0 0 0 1 0 1 0 0 0 1 0 1
120	1	1 0 1 0 0 0 0 0 0 1 0 0 0 1 1 0
120	1	1 1 0 1 0 0 0 0 0 1 0 0 0 1 0 0
120	3	1 0 1 1 0 0 0 0 0 0 0 0 0 0 1 0
120	1	1 0 0 1 1 0 0 0 0 1 0 0 1 1 0 0
120	16	1 0 1 1 0 0 0 0 0 1 0 0 1 1 0 0
120	15	1 1 0 1 0 0 0 0 0 0 0 0 0 0 0 0
120	1	1 0 1 1 1 0 0 1 0 0 0 0 0 1 0 1
120	2	0 0 0 1 1 0 1 1 0 1 0 0 0 1 0 1
120	7	0 0 0 1 0 0 1 0 0 0 0 0 0 1 0 0
120	6	0 0 0 1 0 0 0 0 0 0 0 0 0 1 0 1
120	1	1 0 1 0 0 0 1 0 0 0 0 0 0 0 0 0
120	1	1 1 1 1 0 0 1 0 0 0 0 0 0 0 0 0
120	3	1 0 1 1 0 1 0 0 1 0 0 0 0 0 0 0
120	2	1 0 0 1 0 1 0 0 0 0 0 0 0 1 0 1
120	6	1 0 1 1 0 1 0 0 0 1 0 0 0 1 1 1
120	1	1 0 1 1 0 0 0 1 0 0 0 0 0 0 0 1
120	5	0 0 0 0 1 0 0 0 0 1 0 0 0 1 0 0
120	2	1 1 0 0 0 0 0 0 0 0 0 0 0 1 0 0
120	6	1 0 1 1 0 0 0 1 1 0 0 0 0 0 0 0
120	1	1 0 1 0 0 0 0 1 0 0 0 0 0 1 0 0
120	7	1 1 0 1 0 0 0 0 0 0 0 0 0 0 0 1
120	8	1 0 0 1 1 0 0 1 0 0 0 1 0 0 0 0
120	7	1 0 0 1 0 1 0 0 0 0 0 0 0 0 0 1
120	1	1 0 1 0 0 0 0 0 0 0 0 0 1 1 0 0
120	1	0 1 1 1 0 0 0 0 0 0 0 0 0 0 1 0
120	2	1 0 0 0 0 0 0 0 0 0 0 0 1 0 0 0
120	1	1 0 0 1 0 0 0 0 0 0 0 0 0 0 0 0
120	1	0 0 1 1 1 0 0 0 0 0 0 1 0 0 0 0
120	1	1 1 1 1 0 0 0 0 0 0 0 1 0 0 0 0
120	2	1 0 1 0 0 0 0 0 0 0 0 0 0 0 0 0
120	1	1 0 1 1 0 0 0 0 0 1 0 0 0 0 0 0
120	1	0 0 1 1 0 0 0 1 0 0 0 0 0 0 0 0
120	1	0 0 0 1 0 0 0 0 0 0 0 0 0 0 1 0
120	2	1 0 0 1 0 1 0 0 0 0 0 0 0 0 1 0
120	2	1 1 0 1 0 1 0 0 0 0 0 0 0 0 0 0
120	1	1 0 0 1 0 0 0 0 0 0 0 1 0 0 0 0
140	256	1 0 1 1 0 0 0 0 0 0 0 0 0 0 0 0
140	19	1 0 1 1 0 0 0 1 0 0 0 0 0 0 0 0
140	32	1 0 1 0 0 0 0 0 0 1 0 0 0 1 0 1
140	53	1 0 1 1 0 0 0 0 0 0 0 0 0 1 0 0
140	6	0 0 0 1 0 0 0 0 0 0 0 0 0 0 0 0
140	9	0 0 0 1 0 0 0 1 0 0 0 0 0 0 0 0
140	35	1 0 1 1 1 0 0 0 0 0 0 0 0 0 0 0
140	36	1 0 1 1 0 0 0 0 0 0 0 1 0 0 0 0
140	36	1 1 1 1 0 0 0 0 0 0 0 0 0 0 0 0
140	8	0 0 0 1 0 0 1 0 0 0 0 0 0 0 0 0
140	12	1 0 1 1 0 0 0 0 1 0 0 0 0 0 1 0
140	21	1 1 1 1 0 0 0 1 0 0 0 0 0 0 0 0
140	15	1 0 1 1 1 0 0 1 0 0 0 0 0 0 0 0
140	15	1 0 1 0 0 0 1 0 0 1 0 0 0 1 0 0
140	3	0 0 0 0 1 0 0 0 0 1 0 0 0 1 1 0
140	31	0 0 1 1 0 0 0 0 0 0 0 0 0 0 0 0
140	61	1 1 1 1 0 0 0 0 0 0 0 0 0 0 1 0
140	10	1 0 1 1 0 0 0 0 0 0 0 0 0 1 0 1
140	35	1 0 1 1 0 0 0 0 0 0 0 0 1 0 0 0
140	8	0 0 0 1 0 1 0 0 0 0 0 0 0 0 0 0
140	11	1 0 0 1 0 1 0 1 0 0 0 0 0 0 0 0
140	9	1 0 1 1 0 0 1 0 0 0 0 0 0 0 0 0
140	7	1 0 1 1 0 0 0 1 0 1 0 0 0 1 0 1
140	2	1 1 0 1 0 0 0 0 0 1 0 0 0 1 0 0
140	16	1 0 1 1 0 0 0 0 0 0 0 0 0 0 1 0
140	27	1 0 1 1 0 0 0 0 0 1 0 0 1 1 0 0
140	10	1 1 0 1 0 0 0 0 0 0 0 0 0 0 0 0
140	1	0 0 0 1 0 0 0 0 0 0 0 0 0 1 0 1
140	4	1 0 1 1 0 1 0 0 1 0 0 0 0 0 0 0
140	5	1 0 0 1 1 0 0 1 0 0 0 1 0 0 0 0
140	5	1 0 1 0 0 0 0 0 0 0 0 0 0 0 0 0
140	2	1 0 1 1 0 0 0 0 0 1 0 0 0 1 0 0
140	13	0 0 1 1 1 1 0 0 0 0 0 0 0 0 0 0
140	8	1 0 0 1 0 1 0 0 0 1 0 0 0 0 0 0
140	23	1 0 1 1 0 0 0 0 0 0 0 0 0 0 0 1
140	3	0 0 1 1 0 0 0 0 1 0 0 0 0 0 1 0
140	1	1 0 1 1 0 0 0 0 1 0 0 0 0 1 0 1
140	1	1 0 1 0 0 0 0 0 0 0 0 1 0 0 0 0
140	4	1 1 0 1 0 0 0 0 0 0 0 0 0 1 0 0
140	1	1 0 1 1 0 0 0 0 1 0 0 0 0 0 0 0
140	7	1 0 1 1 1 0 0 0 0 0 0 0 0 0 0 1
140	6	1 1 0 1 0 0 0 1 0 0 0 0 0 0 0 0
140	1	1 0 1 1 0 1 0 0 0 1 0 0 0 0 0 0
140	4	1 1 1 1 0 0 1 0 0 0 0 0 0 0 0 0
140	7	0 0 1 1 0 0 0 1 0 0 0 0 0 0 0 0
140	2	1 0 1 1 0 0 1 0 0 0 0 0 0 1 0 1
140	7	1 0 1 1 0 1 0 1 1 0 0 1 0 0 0 0
140	11	1 1 1 1 0 0 0 0 1 0 0 0 0 0 0 0
140	3	1 0 1 1 0 0 0 0 0 1 0 0 0 1 0 1
140	7	0 0 1 1 0 0 1 0 0 0 0 0 0 0 0 0
140	3	0 0 0 1 0 1 0 0 1 0 0 0 0 0 0 0
140	10	1 1 1 1 0 0 0 1 0 0 0 0 0 1 0 0
140	1	1 0 1 1 1 0 0 1 1 0 0 0 0 0 0 0
140	2	1 0 0 0 0 0 1 0 0 1 0 1 0 1 0 0
140	12	1 0 1 1 0 0 0 0 0 1 0 0 0 0 0 0
140	5	0 0 0 1 0 0 1 1 0 0 0 0 0 0 0 0
140	2	1 1 1 1 0 0 0 1 0 0 0 0 1 0 0 0
140	5	0 0 0 0 1 0 0 0 0 1 0 0 0 0 1 0
140	2	1 0 1 1 0 0 0 0 0 1 0 0 0 1 1 0
140	2	1 1 1 1 0 0 0 0 1 0 0 0 0 1 0 1
140	6	1 1 1 1 1 0 0 0 0 0 0 0 0 0 1 0
140	1	0 0 1 1 0 1 0 0 0 0 0 0 0 0 1 0
140	2	1 0 1 1 1 0 0 0 0 0 1 0 1 0 0 0
140	3	1 0 1 1 0 0 1 0 0 0 0 1 0 0 0 0
140	2	0 0 0 1 0 0 1 0 1 0 0 0 0 0 0 0
140	3	0 0 0 1 1 0 0 0 0 1 0 0 0 1 1 0
140	2	1 1 0 1 0 0 0 1 0 0 0 0 0 1 0 0
140	4	0 0 0 1 0 0 0 0 0 0 0 1 0 0 0 0
140	1	1 1 1 0 0 0 1 0 0 1 0 0 0 1 0 0
140	5	1 0 1 1 0 0 1 0 0 0 0 0 1 1 0 0
140	3	1 0 1 1 0 0 0 1 0 0 0 0 0 1 0 0
140	2	0 0 1 1 0 0 0 1 0 0 0 0 0 1 0 0
140	2	1 0 1 1 0 0 0 1 0 1 0 0 0 0 0 0
140	2	1 0 1 1 0 0 0 0 0 0 0 0 1 1 0 0
140	2	1 1 1 1 0 0 0 0 0 0 0 0 1 0 0 0
140	1	1 0 1 1 1 0 0 0 0 0 0 0 0 0 1 0
140	4	1 0 1 1 0 1 0 0 1 0 0 0 1 0 0 0
140	1	1 0 1 0 0 0 0 0 1 0 0 0 0 0 0 0
140	1	1 1 1 1 0 0 0 1 1 0 0 0 0 1 0 0
160	178	1 0 1 1 0 0 0 0 0 0 0 0 0 0 0 0
160	8	1 0 1 1 0 0 0 1 0 0 0 0 0 0 0 0
160	33	1 0 1 1 0 0 0 0 0 0 0 0 0 1 0 0
160	6	0 0 0 1 0 0 0 1 0 0 0 0 0 0 0 0
160	18	1 0 1 1 1 0 0 0 0 0 0 0 0 0 0 0
160	2	1 0 1 1 0 0 0 0 0 0 0 1 0 0 0 0
160	66	1 1 1 1 0 0 0 0 0 0 0 0 0 0 0 0
160	30	1 0 1 1 0 0 0 0 1 0 0 0 0 0 1 0
160	9	1 1 1 1 0 0 0 1 0 0 0 0 0 0 0 0
160	7	1 0 1 1 1 0 0 1 0 0 0 0 0 0 0 0
160	28	0 0 1 1 0 0 0 0 0 0 0 0 0 0 0 0
160	113	1 1 1 1 0 0 0 0 0 0 0 0 0 0 1 0
160	13	1 0 1 1 0 0 0 0 0 0 0 0 1 0 0 0
160	16	1 0 1 1 0 0 1 0 0 0 0 0 0 0 0 0
160	2	1 0 1 1 0 0 0 1 0 1 0 0 0 1 0 1
160	5	1 1 0 1 0 0 0 0 0 1 0 0 0 1 0 0
160	83	1 0 1 1 0 0 0 0 0 0 0 0 0 0 1 0
160	21	1 0 1 1 0 0 0 0 0 1 0 0 1 1 0 0
160	19	1 0 1 1 0 1 0 0 1 0 0 0 0 0 0 0
160	16	1 0 0 1 1 0 0 1 0 0 0 1 0 0 0 0
160	7	0 0 1 1 1 1 0 0 0 0 0 0 0 0 0 0
160	27	1 0 0 1 0 1 0 0 0 1 0 0 0 0 0 0
160	16	1 0 1 1 0 0 0 0 0 0 0 0 0 0 0 1
160	42	1 0 1 1 1 0 0 0 0 0 0 0 0 0 0 1
160	12	1 1 0 1 0 0 0 1 0 0 0 0 0 0 0 0
160	18	1 1 1 1 0 0 1 0 0 0 0 0 0 0 0 0
160	15	0 0 1 1 0 0 0 1 0 0 0 0 0 0 0 0
160	2	1 1 1 1 0 0 0 0 1 0 0 0 0 0 0 0
160	15	0 0 1 1 0 0 1 0 0 0 0 0 0 0 0 0
160	2	0 0 0 1 1 0 0 0 0 1 0 0 0 1 1 0
160	9	1 0 1 1 0 0 0 0 0 0 0 0 1 1 0 0
160	4	1 0 1 1 0 1 0 0 1 0 0 0 1 0 0 0
160	16	0 0 1 1 0 0 0 0 0 0 0 0 1 0 0 0
160	3	1 0 1 1 1 0 0 1 0 0 0 1 0 0 0 0
160	7	1 1 1 1 0 1 0 0 0 0 0 0 0 0 1 0
160	9	1 1 1 1 0 0 0 1 0 0 0 0 0 0 0 1
160	1	1 0 1 0 1 0 0 0 0 0 0 0 0 0 0 0
160	7	1 1 1 1 0 0 0 0 0 0 0 0 0 0 0 1
160	5	1 1 1 1 0 0 0 1 0 1 0 0 0 0 0 0
160	1	1 0 1 1 0 0 0 0 1 0 0 0 0 0 0 0
160	18	1 0 0 1 0 1 0 1 0 0 0 0 0 1 0 0
160	5	1 0 1 1 0 0 1 0 1 0 0 0 0 0 0 0
160	5	0 0 0 1 0 0 0 1 0 0 0 0 0 0 1 0
160	2	1 0 0 1 0 0 0 0 0 0 0 0 0 0 0 0
160	1	1 1 1 1 0 0 0 0 0 0 0 0 0 1 1 0
160	5	1 0 1 1 1 0 0 0 0 0 0 1 0 0 0 0
160	1	1 0 1 0 0 0 0 0 0 0 0 0 1 0 0 0
160	2	1 0 1 1 0 1 0 1 0 1 0 0 0 1 0 1
160	2	1 0 1 1 0 0 0 0 0 0 1 0 0 0 1 0
160	1	1 0 1 1 0 0 0 0 1 0 0 0 0 0 0 1
160	5	0 0 1 1 0 0 0 0 0 0 0 0 0 0 1 0
160	3	1 1 1 1 0 0 0 1 0 0 0 1 0 0 0 0
160	1	1 1 1 1 0 1 0 0 0 1 0 0 1 1 0 0
160	3	1 0 0 1 1 0 0 1 0 0 0 0 0 0 0 0
160	1	1 1 0 1 0 0 0 1 0 1 0 0 0 1 0 0
160	1	0 0 1 1 1 1 0 0 0 0 0 0 1 0 0 0
160	6	1 0 1 1 1 0 0 0 1 0 0 1 0 0 0 0
160	3	0 0 1 1 0 0 0 0 1 0 0 0 0 0 1 0
160	2	1 0 1 1 0 1 0 1 0 0 0 0 0 1 0 0
160	10	1 0 1 1 0 0 0 0 0 0 0 1 1 0 0 0
160	2	1 0 0 1 0 1 0 0 1 1 0 0 0 0 0 0
160	4	1 0 1 1 1 0 0 0 0 0 1 0 0 0 0 1
160	2	1 0 1 1 1 0 0 0 1 0 0 0 0 0 0 1
160	5	1 0 1 1 1 0 0 1 0 0 0 1 0 0 0 1
160	3	0 0 1 1 0 0 1 0 1 0 0 0 0 0 0 0
160	1	0 0 0 1 0 1 0 1 0 0 0 0 0 1 0 0
160	2	1 1 1 1 0 0 1 0 0 0 0 0 0 0 1 0
160	2	0 0 1 1 0 0 1 0 0 0 0 0 0 0 0 1
160	1	1 0 1 1 0 1 0 0 1 0 0 0 0 1 0 0
160	1	0 0 1 1 1 0 0 0 0 0 0 0 0 0 0 0
160	1	1 1 0 1 0 0 0 0 0 0 0 0 0 0 0 0
160	3	1 1 1 1 0 0 0 0 0 0 0 0 0 1 0 0
160	2	1 1 1 1 0 1 0 0 0 0 0 0 0 0 0 0
160	1	1 1 1 1 0 0 0 1 1 0 0 0 0 0 0 0
160	1	1 0 1 1 1 0 0 0 0 1 0 0 1 1 0 0
160	1	0 1 1 1 0 0 0 0 0 0 0 0 0 0 1 0
180	182	1 0 1 1 0 0 0 0 0 0 0 0 0 0 0 0
180	46	1 0 1 1 0 0 0 1 0 0 0 0 0 0 0 0
180	24	1 0 1 1 0 0 0 0 0 0 0 0 0 1 0 0
180	12	0 0 0 1 0 0 0 1 0 0 0 0 0 0 0 0
180	14	1 0 1 1 1 0 0 0 0 0 0 0 0 0 0 0
180	66	1 1 1 1 0 0 0 0 0 0 0 0 0 0 0 0
180	21	1 1 1 1 0 0 0 1 0 0 0 0 0 0 0 0
180	4	1 0 1 1 1 0 0 1 0 0 0 0 0 0 0 0
180	11	0 0 1 1 0 0 0 0 0 0 0 0 0 0 0 0
180	38	1 1 1 1 0 0 0 0 0 0 0 0 0 0 1 0
180	6	1 0 1 1 0 0 0 0 0 0 0 0 1 0 0 0
180	11	1 0 1 1 0 0 1 0 0 0 0 0 0 0 0 0
180	5	1 0 1 1 0 0 0 1 0 1 0 0 0 1 0 1
180	73	1 0 1 1 0 0 0 0 0 0 0 0 0 0 1 0
180	2	1 0 1 1 0 0 0 0 0 1 0 0 1 1 0 0
180	12	1 0 1 1 0 1 0 0 1 0 0 0 0 0 0 0
180	6	1 0 0 1 1 0 0 1 0 0 0 1 0 0 0 0
180	5	0 0 1 1 1 1 0 0 0 0 0 0 0 0 0 0
180	31	1 0 0 1 0 1 0 0 0 1 0 0 0 0 0 0
180	10	1 0 1 1 0 0 0 0 0 0 0 0 0 0 0 1
180	16	1 0 1 1 1 0 0 0 0 0 0 0 0 0 0 1
180	3	1 1 1 1 0 0 1 0 0 0 0 0 0 0 0 0
180	20	0 0 1 1 0 0 0 1 0 0 0 0 0 0 0 0
180	14	1 1 1 1 0 0 0 0 1 0 0 0 0 0 0 0
180	2	0 0 1 1 0 0 1 0 0 0 0 0 0 0 0 0
180	6	1 0 1 1 1 0 0 1 0 0 0 1 0 0 0 0
180	33	1 1 1 1 0 0 0 1 0 0 0 0 0 0 0 1
180	9	1 0 0 1 0 1 0 1 0 0 0 0 0 1 0 0
180	1	1 0 1 1 0 0 1 0 1 0 0 0 0 0 0 0
180	5	0 0 1 1 0 0 0 0 1 0 0 0 0 0 1 0
180	10	1 0 1 1 1 0 0 0 0 0 1 0 0 0 0 1
180	11	1 0 1 1 1 0 0 1 0 0 0 1 0 0 0 1
180	18	1 1 1 1 0 1 0 0 0 0 0 0 0 0 0 0
180	11	1 1 1 1 0 0 0 0 0 0 0 1 0 0 0 0
180	3	1 0 1 1 0 0 0 0 0 1 0 0 0 0 0 0
180	6	1 0 1 0 0 0 0 0 0 0 0 0 0 0 0 0
180	8	1 0 1 1 1 0 0 0 1 0 0 0 0 0 1 0
180	17	1 0 1 1 0 1 0 0 0 0 0 0 0 0 1 0
180	27	0 1 1 1 0 0 0 1 0 0 0 0 0 0 0 0
180	4	1 0 1 1 1 1 0 0 0 0 0 1 0 0 0 0
180	2	1 0 1 1 0 1 0 0 0 0 0 0 0 0 0 0
180	1	1 0 1 1 0 0 0 1 0 0 0 0 0 0 1 0
180	9	1 1 1 0 0 0 0 0 0 0 0 0 0 0 0 0
180	4	1 1 1 1 0 0 0 1 0 1 1 0 0 0 0 0
180	2	1 0 0 1 0 0 0 0 0 1 0 0 1 1 0 0
180	4	1 0 1 1 0 1 1 1 0 1 0 0 0 1 0 1
180	2	1 0 0 1 0 0 0 0 0 0 0 0 0 0 1 0
180	5	0 1 1 1 0 0 0 0 0 0 0 0 0 0 0 0
180	2	1 1 1 1 0 0 1 0 0 0 0 0 0 0 0 1
180	4	1 1 1 1 0 0 0 0 0 0 0 0 0 1 0 0
180	15	1 1 1 1 0 0 0 1 0 0 0 0 0 0 1 1
180	1	1 0 1 0 1 0 0 0 0 0 0 0 0 0 0 0
180	6	0 1 1 1 0 0 0 0 0 0 0 1 0 0 0 0
180	1	1 0 0 1 0 0 0 0 0 1 0 0 0 1 0 0
180	11	1 0 1 1 1 0 0 1 0 0 0 0 0 1 0 0
180	2	1 0 1 1 1 0 0 0 0 0 0 0 0 0 1 0
180	6	1 1 1 1 1 0 0 1 0 0 0 1 0 0 0 0
180	8	1 1 1 0 0 0 0 0 0 0 1 0 0 0 0 0
180	14	1 1 1 1 0 0 0 1 0 0 0 1 0 0 0 0
180	4	1 1 1 1 1 0 0 0 0 0 0 0 0 0 1 0
180	2	0 0 1 1 1 1 0 0 0 0 1 0 0 0 0 0
180	1	1 0 1 1 1 0 0 0 0 1 0 0 0 0 0 1
180	5	1 1 1 1 0 0 1 0 0 0 0 0 1 0 0 0
180	2	1 1 1 1 0 0 0 0 1 0 0 1 0 0 0 0
180	10	1 0 1 1 0 0 0 0 0 0 0 0 1 0 1 0
180	1	1 0 1 1 1 0 1 0 0 0 1 0 0 0 0 1
180	7	1 0 1 1 0 0 0 1 0 0 0 0 0 0 0 1
180	4	0 0 0 1 0 0 0 1 0 0 0 0 0 0 1 0
180	1	1 1 1 1 0 0 0 1 0 0 0 0 0 0 1 0
180	5	0 0 1 1 0 0 0 0 1 0 0 0 0 0 0 0
180	3	1 1 1 1 0 1 0 0 0 0 0 0 0 0 1 0
180	2	1 0 1 0 0 0 0 0 0 0 0 0 0 0 1 0
180	1	1 0 1 1 1 0 0 0 0 1 0 0 1 1 0 0
180	1	1 0 1 0 0 0 0 0 0 0 0 0 1 0 0 0
180	3	1 0 0 1 0 0 0 0 0 0 0 0 0 0 0 0
180	1	1 0 1 1 0 0 1 0 0 0 0 0 0 1 0 0
180	3	1 1 1 1 0 0 1 0 0 0 0 1 0 0 0 0
180	3	1 1 1 1 0 1 0 0 0 1 0 0 0 0 0 0
180	3	1 1 1 1 0 0 0 0 0 1 0 0 0 0 0 0
180	3	1 1 1 1 0 0 0 0 0 1 0 0 0 1 0 0
180	8	1 1 1 0 0 0 0 0 0 0 0 0 0 0 1 0
180	2	1 1 1 1 1 0 0 1 0 0 0 0 0 0 0 0
180	2	1 0 0 1 1 1 0 0 0 1 0 0 0 0 0 0
180	2	0 0 1 1 0 0 0 1 0 0 0 0 0 0 1 0
180	1	1 0 1 1 1 0 1 1 0 0 0 0 0 0 0 0
180	2	0 0 1 1 0 0 1 0 0 0 0 0 1 0 0 0
180	1	0 0 1 1 0 0 0 0 1 0 0 0 1 0 1 0
180	1	1 1 1 1 1 0 0 0 1 0 0 0 0 0 1 0
180	2	0 1 1 1 0 0 1 1 0 0 0 0 0 0 0 0
180	2	1 1 1 1 0 0 0 1 1 0 0 1 0 0 0 0
180	2	1 0 1 1 0 0 0 0 0 0 0 0 0 0 1 1
180	4	0 0 1 1 0 0 0 1 0 0 0 0 0 0 1 1
180	1	1 0 0 1 0 0 0 1 0 0 0 0 0 0 0 1
180	1	1 1 1 0 0 0 0 1 0 0 0 0 0 0 0 1
180	1	1 1 1 1 0 0 0 0 0 0 1 0 0 1 0 0
180	1	1 1 0 1 0 0 0 1 0 0 0 0 0 0 1 1
200	86	1 0 1 1 0 0 0 0 0 0 0 0 0 0 0 0
200	35	1 0 1 1 0 0 0 1 0 0 0 0 0 0 0 0
200	10	1 0 1 1 0 0 0 0 0 0 0 0 0 1 0 0
200	16	1 0 1 1 1 0 0 0 0 0 0 0 0 0 0 0
200	66	1 1 1 1 0 0 0 0 0 0 0 0 0 0 0 0
200	33	1 1 1 1 0 0 0 1 0 0 0 0 0 0 0 0
200	2	0 0 1 1 0 0 0 0 0 0 0 0 0 0 0 0
200	59	1 1 1 1 0 0 0 0 0 0 0 0 0 0 1 0
200	20	1 0 1 1 0 0 1 0 0 0 0 0 0 0 0 0
200	16	1 0 1 1 0 0 0 0 0 0 0 0 0 0 1 0
200	20	1 0 1 1 0 1 0 0 1 0 0 0 0 0 0 0
200	33	0 0 1 1 1 1 0 0 0 0 0 0 0 0 0 0
200	18	1 0 0 1 0 1 0 0 0 1 0 0 0 0 0 0
200	9	0 0 1 1 0 0 0 1 0 0 0 0 0 0 0 0
200	25	1 1 1 1 0 0 0 0 1 0 0 0 0 0 0 0
200	2	1 0 1 1 1 0 0 1 0 0 0 1 0 0 0 0
200	30	1 1 1 1 0 0 0 1 0 0 0 0 0 0 0 1
200	14	1 0 1 1 1 0 0 1 0 0 0 1 0 0 0 1
200	39	1 1 1 1 0 1 0 0 0 0 0 0 0 0 0 0
200	9	1 1 1 1 0 0 0 0 0 0 0 1 0 0 0 0
200	21	1 0 1 1 0 1 0 0 0 0 0 0 0 0 1 0
200	54	0 1 1 1 0 0 0 1 0 0 0 0 0 0 0 0
200	17	1 1 1 0 0 0 0 0 0 0 0 0 0 0 0 0
200	16	1 1 1 1 0 0 1 0 0 0 0 0 0 0 0 1
200	4	1 1 1 1 0 0 0 1 0 0 0 0 0 0 1 1
200	5	0 1 1 1 0 0 0 0 0 0 0 1 0 0 0 0
200	5	1 1 1 1 0 0 1 0 0 0 0 0 1 0 0 0
200	13	1 0 1 1 0 0 0 0 0 0 0 0 1 0 1 0
200	3	1 0 0 1 0 0 0 0 0 0 0 0 0 0 0 0
200	16	1 1 1 1 0 1 0 0 0 1 0 0 0 0 0 0
200	6	1 1 1 1 0 0 0 0 0 1 0 0 0 0 0 0
200	18	1 1 1 1 0 0 0 0 0 1 0 0 0 1 0 0
200	14	1 1 1 0 0 0 0 0 0 0 0 0 0 0 1 0
200	8	1 1 1 1 0 0 0 1 1 0 0 1 0 0 0 0
200	15	1 1 1 0 0 0 0 1 0 0 0 0 0 0 0 1
200	9	1 0 1 1 0 0 0 0 1 0 0 0 0 1 0 0
200	2	1 0 1 1 0 1 0 0 0 1 0 0 0 0 0 0
200	24	1 1 1 1 0 1 0 0 0 0 0 0 0 0 0 1
200	3	0 0 1 1 0 0 0 0 0 1 0 0 0 0 1 0
200	4	1 0 1 1 0 0 0 1 0 0 0 0 0 1 0 0
200	6	1 0 1 1 0 0 0 0 0 0 0 0 0 0 1 1
200	14	1 0 0 1 0 0 0 0 0 0 0 0 0 0 0 1
200	5	1 0 1 1 0 0 0 1 0 0 0 0 0 0 1 0
200	9	1 0 0 1 0 0 0 1 0 0 0 0 0 0 0 0
200	13	1 0 1 1 0 0 0 1 0 0 0 0 0 0 0 1
200	16	0 1 1 1 0 0 0 1 0 0 1 0 0 0 0 0
200	8	0 1 1 1 0 0 1 1 0 0 0 0 0 0 0 0
200	1	1 1 1 1 0 1 0 0 0 0 1 0 0 0 0 0
200	3	1 1 1 1 0 0 0 0 0 0 0 0 0 0 1 1
200	4	1 0 1 1 0 1 0 1 0 1 0 0 0 0 0 0
200	1	1 0 1 1 0 0 0 1 0 1 0 0 0 0 0 1
200	9	1 0 1 1 0 0 0 0 0 0 0 0 0 0 0 1
200	12	1 0 1 0 0 0 0 0 0 0 0 0 0 0 0 0
200	1	1 1 1 1 0 1 0 0 0 0 0 0 0 0 1 1
200	6	1 0 0 1 0 0 1 0 0 0 0 0 0 0 0 1
200	5	1 0 1 1 0 0 0 0 0 0 1 0 0 0 0 0
200	3	1 1 1 1 0 0 0 1 1 0 0 0 0 0 0 0
200	6	1 1 1 1 1 0 0 1 0 0 0 1 0 0 0 1
200	6	1 1 1 1 0 0 0 0 0 0 0 0 0 0 0 1
200	6	1 0 1 1 1 0 0 1 0 0 0 0 0 0 1 1
200	7	1 0 1 1 0 1 0 0 0 0 0 0 0 0 0 0
200	1	1 0 0 1 0 1 0 0 0 1 0 0 0 1 0 0
200	4	1 0 0 1 1 0 0 1 0 0 0 1 0 0 0 1
200	1	1 0 1 1 0 0 0 0 0 0 0 1 0 0 0 0
200	1	1 0 1 1 0 0 0 0 0 0 1 0 0 1 0 0
200	2	1 1 1 1 0 1 0 1 0 0 0 0 0 0 1 0
200	3	1 0 1 1 0 0 0 0 0 0 0 0 0 1 1 1
200	1	1 1 1 1 0 0 0 0 0 1 0 0 0 1 0 1
200	2	1 1 1 1 0 0 0 1 0 0 0 1 0 0 0 0
200	6	0 0 1 1 1 1 0 0 1 0 0 0 0 0 0 0
200	3	1 0 1 1 0 1 0 0 0 0 0 1 0 0 1 0
200	1	1 0 1 1 0 0 0 1 1 0 0 0 0 0 1 0
200	2	1 0 1 0 0 0 1 0 0 0 0 0 0 0 0 0
200	1	1 0 1 1 1 0 0 0 0 0 0 0 0 0 1 0
200	4	1 1 1 1 0 0 1 0 0 0 0 0 0 0 1 0
200	2	1 0 1 1 0 0 0 0 0 1 0 0 0 0 0 0
200	2	1 1 0 1 0 0 0 1 1 0 0 1 0 0 0 0
200	3	1 1 1 1 0 0 0 1 1 0 0 1 0 1 0 0
200	1	1 0 0 1 0 0 1 1 0 0 0 0 0 0 0 0
200	1	0 1 0 1 0 0 0 1 0 0 1 0 0 0 0 0
200	2	0 1 1 1 0 1 0 0 0 1 0 0 0 0 0 0
200	3	1 1 1 1 0 0 0 1 0 0 1 0 0 0 0 0
200	2	1 0 0 0 0 1 0 0 0 1 0 0 0 0 0 0
200	1	1 0 0 1 0 1 1 0 0 1 0 0 0 0 0 0
200	1	0 0 1 1 0 0 0 1 0 0 0 1 0 0 0 0
200	1	1 1 1 1 0 0 0 0 1 1 0 0 0 0 0 0
200	1	1 1 0 1 0 0 0 1 0 0 0 0 0 0 0 1
200	1	1 1 1 1 0 0 0 0 0 0 0 1 0 1 0 0
200	1	1 1 0 1 0 0 1 0 0 0 0 0 1 0 0 0
200	2	1 1 1 1 0 1 0 0 1 0 0 0 0 0 0 1
200	4	1 0 1 1 0 0 0 0 0 0 0 1 0 0 0 1
220	52	1 0 1 1 0 0 0 0 0 0 0 0 0 0 0 0
220	27	1 0 1 1 0 0 0 1 0 0 0 0 0 0 0 0
220	27	1 0 1 1 1 0 0 0 0 0 0 0 0 0 0 0
220	56	1 1 1 1 0 0 0 0 0 0 0 0 0 0 0 0
220	47	1 1 1 1 0 0 0 1 0 0 0 0 0 0 0 0
220	54	1 1 1 1 0 0 0 0 0 0 0 0 0 0 1 0
220	3	1 0 1 1 0 0 0 0 0 0 0 0 0 0 1 0
220	15	1 0 1 1 0 1 0 0 1 0 0 0 0 0 0 0
220	11	0 0 1 1 1 1 0 0 0 0 0 0 0 0 0 0
220	12	1 0 0 1 0 1 0 0 0 1 0 0 0 0 0 0
220	15	0 0 1 1 0 0 0 1 0 0 0 0 0 0 0 0
220	44	1 1 1 1 0 0 0 0 1 0 0 0 0 0 0 0
220	5	1 1 1 1 0 0 0 1 0 0 0 0 0 0 0 1
220	66	1 1 1 1 0 1 0 0 0 0 0 0 0 0 0 0
220	11	1 1 1 1 0 0 0 0 0 0 0 1 0 0 0 0
220	30	1 0 1 1 0 1 0 0 0 0 0 0 0 0 1 0
220	28	0 1 1 1 0 0 0 1 0 0 0 0 0 0 0 0
220	7	1 1 1 0 0 0 0 0 0 0 0 0 0 0 0 0
220	23	1 1 1 1 0 0 1 0 0 0 0 0 0 0 0 1
220	3	0 1 1 1 0 0 0 0 0 0 0 1 0 0 0 0
220	16	1 1 1 1 0 0 0 0 0 1 0 0 0 1 0 0
220	3	1 1 1 0 0 0 0 1 0 0 0 0 0 0 0 1
220	2	1 0 1 1 0 1 0 0 0 1 0 0 0 0 0 0
220	8	1 1 1 1 0 1 0 0 0 0 0 0 0 0 0 1
220	10	1 0 1 1 0 0 0 1 0 0 0 0 0 0 1 0
220	32	1 0 1 1 0 0 0 1 0 0 0 0 0 0 0 1
220	2	1 0 0 1 0 0 1 0 0 0 0 0 0 0 0 1
220	20	1 0 1 1 0 0 0 0 0 0 1 0 0 0 0 0
220	2	1 1 1 1 0 0 0 1 1 0 0 0 0 0 0 0
220	8	1 1 1 1 0 0 0 0 0 0 0 0 0 0 0 1
220	7	1 0 1 1 1 0 0 1 0 0 0 0 0 0 1 1
220	23	1 0 0 1 1 0 0 1 0 0 0 1 0 0 0 1
220	19	1 1 0 1 0 0 1 0 0 0 0 0 1 0 0 0
220	11	1 0 0 1 0 1 1 1 0 0 0 0 0 0 0 0
220	12	1 0 1 1 0 1 0 0 1 0 0 0 1 0 0 0
220	5	0 1 1 1 0 0 0 1 0 1 0 0 0 0 0 0
220	16	1 0 1 1 0 0 1 0 0 0 0 0 0 0 0 1
220	7	0 0 1 1 1 1 0 0 0 0 0 0 0 0 1 0
220	6	0 0 1 1 0 0 1 0 0 1 0 0 0 0 1 0
220	11	1 1 1 0 0 0 0 0 0 1 0 0 0 1 0 0
220	3	1 0 1 1 0 0 0 1 0 0 0 0 0 0 1 1
220	12	1 1 1 1 1 1 0 0 0 0 0 0 0 0 0 0
220	30	0 0 1 1 0 0 0 1 0 0 0 1 0 0 0 0
220	3	1 0 1 1 0 0 0 1 0 1 0 0 0 0 0 0
220	2	1 1 1 1 0 0 0 0 1 0 0 0 0 0 1 0
220	11	1 0 1 1 0 0 1 1 0 0 0 0 0 0 1 0
220	4	1 0 1 1 0 0 0 1 0 0 0 0 1 0 0 0
220	3	1 0 0 1 0 1 0 0 0 0 0 0 0 0 0 0
220	10	1 1 1 1 1 1 0 0 0 0 0 0 0 0 1 0
220	6	0 1 1 1 0 0 0 0 0 0 0 0 0 0 0 0
220	13	1 1 1 1 0 0 0 0 0 1 0 0 0 1 1 0
220	4	1 1 1 1 0 0 0 1 0 1 0 0 0 0 0 0
220	4	1 1 1 1 0 1 0 0 0 0 0 0 0 0 1 0
220	6	1 0 0 1 0 1 0 0 0 1 1 0 0 0 0 0
220	1	1 1 1 1 0 0 1 0 0 0 0 0 0 0 0 0
220	2	1 0 0 1 0 0 0 0 0 0 0 0 0 0 1 0
220	6	1 1 1 1 1 0 0 0 0 0 0 0 0 0 0 0
220	3	0 1 1 1 0 0 0 1 0 0 0 1 0 0 0 0
220	7	1 1 1 1 0 1 0 0 0 1 0 0 0 0 0 0
220	9	1 0 0 1 1 0 0 1 0 0 0 1 0 0 1 0
220	4	1 1 0 1 0 0 0 0 0 0 0 0 0 0 0 0
220	3	1 0 0 1 0 0 1 0 0 0 0 0 1 0 0 1
220	2	1 0 1 1 0 1 0 0 0 0 1 0 0 0 0 0
220	10	1 0 1 1 0 1 0 0 0 0 0 0 0 0 0 0
220	1	1 0 1 1 0 1 0 1 0 1 0 0 0 0 0 0
220	4	1 0 1 1 0 1 0 0 0 1 1 0 0 0 0 0
220	2	1 0 0 1 0 0 0 1 0 0 0 0 0 0 0 0
220	3	1 1 1 1 0 0 0 0 0 1 0 0 0 0 1 0
220	9	1 0 0 1 0 1 0 1 0 1 0 0 0 0 0 0
220	3	1 1 1 1 1 0 0 0 0 1 0 0 0 1 0 0
220	2	1 0 1 1 0 0 0 1 0 1 0 0 0 0 0 1
220	2	1 0 1 1 0 1 0 1 0 0 0 0 0 0 1 1
220	6	1 0 1 1 1 0 0 1 0 0 0 0 0 0 0 0
220	4	1 0 0 1 0 0 1 1 0 0 0 0 0 0 0 0
220	4	0 1 0 1 0 0 0 1 0 0 0 0 0 0 0 0
220	2	1 1 1 0 1 0 0 0 0 1 0 0 0 1 0 0
220	1	1 0 1 1 1 0 1 0 0 1 0 0 0 1 0 0
220	6	1 0 1 1 1 0 0 0 0 0 0 0 0 0 0 1
220	2	1 0 1 1 0 0 0 0 1 0 0 0 0 0 0 0
220	2	1 0 1 1 0 0 1 1 0 0 0 0 0 0 0 0
220	1	0 0 1 1 0 0 0 0 1 0 0 0 0 0 0 0
220	4	1 0 1 1 0 0 0 0 0 1 0 0 0 0 0 0
220	2	1 0 1 1 0 0 0 0 0 0 0 0 0 0 0 1
220	1	0 0 1 1 0 0 0 1 0 0 1 0 0 0 0 0
220	1	1 1 1 1 0 0 0 0 0 0 0 0 1 0 0 0
220	1	1 1 0 1 0 0 0 0 0 0 0 0 0 0 1 0
220	1	0 1 1 1 0 0 0 0 0 0 0 0 0 0 1 0
220	2	1 1 1 1 0 1 0 0 0 0 0 1 0 0 0 0
220	2	1 1 1 1 0 0 0 0 0 0 0 0 0 1 0 0
220	2	0 0 1 1 1 1 0 1 0 0 0 0 0 0 1 0
220	1	1 1 1 1 0 0 0 1 0 0 0 0 0 0 1 0
220	1	0 0 1 1 0 0 1 0 0 1 0 0 0 0 0 0
220	1	1 1 1 0 0 0 0 0 0 1 0 1 0 0 0 0
220	2	1 1 1 1 0 0 1 1 0 0 0 0 0 0 0 0
220	2	1 0 1 1 0 0 0 0 0 0 1 0 0 0 1 0
220	4	1 0 1 1 0 0 1 0 0 0 1 0 0 0 0 0
220	1	1 1 1 0 0 0 0 1 1 0 0 0 0 0 0 0
220	3	0 1 1 1 0 1 0 1 0 1 0 0 0 0 0 0
220	1	0 1 0 1 0 0 0 1 0 0 0 0 0 0 0 1
240	69	1 0 1 1 0 0 0 0 0 0 0 0 0 0 0 0
240	36	1 0 1 1 0 0 0 1 0 0 0 0 0 0 0 0
240	19	1 0 1 1 1 0 0 0 0 0 0 0 0 0 0 0
240	47	1 1 1 1 0 0 0 0 0 0 0 0 0 0 0 0
240	83	1 1 1 1 0 0 0 1 0 0 0 0 0 0 0 0
240	24	1 1 1 1 0 0 0 0 0 0 0 0 0 0 1 0
240	3	1 0 1 1 0 1 0 0 1 0 0 0 0 0 0 0
240	7	1 0 0 1 0 1 0 0 0 1 0 0 0 0 0 0
240	4	0 0 1 1 0 0 0 1 0 0 0 0 0 0 0 0
240	26	1 1 1 1 0 0 0 0 1 0 0 0 0 0 0 0
240	12	1 1 1 1 0 1 0 0 0 0 0 0 0 0 0 0
240	16	1 1 1 1 0 0 0 0 0 0 0 1 0 0 0 0
240	47	1 0 1 1 0 1 0 0 0 0 0 0 0 0 1 0
240	32	0 1 1 1 0 0 0 1 0 0 0 0 0 0 0 0
240	3	1 1 1 0 0 0 0 0 0 0 0 0 0 0 0 0
240	23	1 1 1 1 0 0 1 0 0 0 0 0 0 0 0 1
240	6	0 1 1 1 0 0 0 0 0 0 0 1 0 0 0 0
240	3	1 1 1 1 0 0 0 0 0 1 0 0 0 1 0 0
240	24	1 0 1 1 0 1 0 0 0 1 0 0 0 0 0 0
240	20	1 1 1 1 0 1 0 0 0 0 0 0 0 0 0 1
240	24	1 0 1 1 0 0 0 0 0 0 1 0 0 0 0 0
240	19	1 1 1 1 0 0 0 0 0 0 0 0 0 0 0 1
240	2	1 0 0 1 1 0 0 1 0 0 0 1 0 0 0 1
240	11	1 1 0 1 0 0 1 0 0 0 0 0 1 0 0 0
240	5	1 0 1 1 0 1 0 0 1 0 0 0 1 0 0 0
240	2	0 1 1 1 0 0 0 1 0 1 0 0 0 0 0 0
240	22	1 0 1 1 0 0 1 0 0 0 0 0 0 0 0 1
240	24	1 1 1 1 1 1 0 0 0 0 0 0 0 0 0 0
240	3	1 0 1 1 0 0 1 1 0 0 0 0 0 0 1 0
240	3	1 1 1 1 1 1 0 0 0 0 0 0 0 0 1 0
240	5	0 1 1 1 0 0 0 0 0 0 0 0 0 0 0 0
240	10	1 1 1 1 0 0 0 0 0 1 0 0 0 1 1 0
240	20	0 1 1 1 0 0 0 1 0 0 0 1 0 0 0 0
240	8	1 0 1 1 0 1 0 0 0 0 0 0 0 0 0 0
240	3	1 0 1 1 1 0 0 0 0 0 0 0 0 0 0 1
240	6	1 1 0 1 0 0 0 0 0 0 0 0 0 0 1 0
240	5	1 1 1 1 0 0 1 1 0 0 0 0 0 0 0 0
240	3	1 0 1 1 0 0 1 0 0 0 1 0 0 0 0 0
240	8	1 1 1 1 0 0 0 0 0 1 1 0 0 1 1 0
240	5	1 1 1 1 1 0 0 0 0 0 0 0 0 0 1 0
240	10	1 0 1 1 0 0 1 1 0 0 0 0 0 0 1 1
240	7	1 0 0 1 1 0 0 1 0 1 0 0 0 0 0 0
240	6	1 1 1 0 1 0 0 0 0 0 0 0 0 1 0 0
240	19	1 1 1 1 0 0 0 1 0 0 0 0 0 0 1 0
240	14	1 1 1 1 0 0 0 0 0 0 1 0 0 0 0 0
240	8	1 0 1 1 0 1 0 1 0 1 1 0 0 0 0 0
240	7	1 1 1 1 0 0 0 0 0 1 0 0 0 0 0 0
240	12	1 1 1 1 0 0 0 0 1 0 0 0 1 0 0 0
240	1	1 1 1 1 1 0 0 0 0 0 0 1 0 0 0 0
240	6	1 1 1 1 0 0 1 1 0 0 0 0 0 0 0 1
240	13	0 1 1 1 0 0 0 1 0 0 0 0 0 0 0 1
240	2	1 1 1 0 0 0 0 0 0 0 0 0 0 1 0 0
240	10	1 1 1 1 1 1 0 0 1 0 0 0 1 0 0 0
240	22	1 0 1 1 0 1 1 0 0 0 1 0 0 0 0 0
240	3	1 1 1 1 0 0 0 0 0 1 1 0 0 0 0 0
240	11	1 0 1 1 0 0 1 0 0 0 0 0 0 0 0 0
240	2	0 1 1 1 1 0 0 1 0 0 0 0 0 0 0 0
240	5	1 1 1 1 0 0 0 1 0 0 0 1 0 0 0 0
240	7	1 1 1 1 0 0 0 1 0 1 0 0 0 0 0 1
240	5	1 1 1 1 1 0 0 0 1 0 0 0 0 0 0 0
240	1	1 1 1 0 0 0 0 0 0 0 0 0 1 0 0 0
240	5	1 1 1 1 1 1 1 0 0 0 0 0 0 0 0 0
240	1	1 1 0 1 0 0 0 0 0 1 0 0 0 1 1 0
240	16	1 1 0 1 0 0 1 0 0 0 0 0 0 0 0 1
240	3	1 0 1 1 1 0 1 0 0 0 0 0 0 0 0 0
240	6	1 1 0 1 0 0 0 1 0 0 0 0 0 0 0 0
240	2	1 1 1 1 1 0 0 0 0 1 0 0 0 1 0 0
240	3	0 0 1 0 0 0 0 1 0 0 1 0 0 0 0 0
240	6	1 1 0 1 0 0 0 0 0 0 0 1 0 0 0 0
240	2	1 1 1 0 0 0 0 0 0 1 0 0 0 1 1 0
240	6	1 1 1 1 0 1 0 0 0 0 0 1 0 0 1 0
240	2	1 1 0 1 0 0 0 0 0 0 0 0 0 0 0 0
240	8	1 1 1 1 0 0 1 0 0 0 0 0 1 0 0 0
240	1	1 1 1 1 1 0 0 0 0 0 0 0 0 0 0 0
240	3	1 0 1 1 0 0 0 1 0 0 1 0 0 0 0 0
240	5	1 0 0 1 0 0 1 0 0 0 0 0 1 0 0 0
240	8	1 1 0 1 0 1 1 0 0 0 0 0 1 0 0 0
240	4	1 0 1 1 1 1 0 0 1 0 0 0 0 0 0 0
240	1	1 1 1 1 0 1 0 0 0 0 0 0 0 1 0 1
240	1	1 1 1 1 1 0 1 0 0 0 0 0 1 0 0 0
240	2	1 1 1 1 0 0 0 1 0 1 0 0 0 0 0 0
240	2	1 1 1 1 0 0 1 0 0 0 0 0 1 0 0 1
240	3	1 1 1 1 1 0 0 0 0 0 0 0 1 0 1 0
240	1	1 0 0 1 1 1 0 1 0 1 0 0 0 0 0 0
240	1	0 1 1 1 0 0 1 0 0 0 1 0 0 0 0 0
240	2	1 0 1 1 0 1 0 0 0 0 0 0 1 0 0 0
240	3	1 1 1 1 0 0 1 0 0 0 0 0 0 0 0 0
240	4	1 1 1 1 0 0 0 1 0 0 1 0 0 0 0 0
240	4	1 1 1 1 0 0 1 0 0 0 0 0 0 1 0 1
240	1	1 1 1 1 0 0 1 0 1 0 0 0 0 0 0 1
240	1	1 1 1 0 0 0 0 1 0 0 0 0 0 0 1 0
240	2	0 0 1 1 0 0 1 1 0 0 1 0 0 0 0 0
240	3	1 1 1 1 1 0 0 0 1 0 0 0 1 0 0 0
240	2	0 1 1 1 0 0 0 0 0 0 0 1 0 0 0 1
240	2	1 1 1 1 0 1 0 0 0 0 0 1 0 0 0 1
240	1	1 1 0 1 0 0 0 0 0 0 0 0 0 0 1 1
240	4	1 0 1 1 0 1 0 1 0 1 1 0 0 1 0 0
240	2	1 1 1 1 0 0 1 1 0 0 0 0 0 0 1 1
240	2	0 1 1 0 0 0 0 1 0 0 0 0 0 0 0 1
240	3	1 0 1 1 0 0 0 0 0 0 0 0 1 0 0 0
240	2	0 1 1 1 0 0 0 0 0 1 1 0 0 0 0 0
240	2	1 0 0 1 1 0 0 1 0 0 0 1 0 0 0 0
240	1	0 0 1 1 1 0 0 0 0 0 0 0 0 0 0 0
240	1	1 0 1 1 0 1 0 0 0 0 0 0 1 0 1 0
240	1	1 1 1 1 0 1 0 1 0 0 0 0 0 0 1 0
240	1	1 0 1 1 1 0 0 0 1 0 0 0 0 0 0 0
240	1	1 0 1 1 1 0 1 0 0 1 0 0 0 0 0 0
260	48	1 0 1 1 0 0 0 0 0 0 0 0 0 0 0 0
260	29	1 0 1 1 0 0 0 1 0 0 0 0 0 0 0 0
260	9	1 0 1 1 1 0 0 0 0 0 0 0 0 0 0 0
260	40	1 1 1 1 0 0 0 0 0 0 0 0 0 0 0 0
260	114	1 1 1 1 0 0 0 1 0 0 0 0 0 0 0 0
260	10	1 1 1 1 0 0 0 0 0 0 0 0 0 0 1 0
260	7	1 1 1 1 0 0 0 0 1 0 0 0 0 0 0 0
260	10	1 1 1 1 0 1 0 0 0 0 0 0 0 0 0 0
260	52	1 1 1 1 0 0 0 0 0 0 0 1 0 0 0 0
260	15	1 0 1 1 0 1 0 0 0 0 0 0 0 0 1 0
260	29	0 1 1 1 0 0 0 1 0 0 0 0 0 0 0 0
260	7	1 1 1 1 0 0 1 0 0 0 0 0 0 0 0 1
260	43	1 1 1 1 0 0 0 0 0 0 0 0 0 0 0 1
260	15	1 0 1 1 0 1 0 0 1 0 0 0 1 0 0 0
260	10	1 0 1 1 0 0 1 0 0 0 0 0 0 0 0 1
260	3	1 1 1 1 1 1 0 0 0 0 0 0 0 0 0 0
260	4	0 1 1 1 0 0 0 0 0 0 0 0 0 0 0 0
260	20	0 1 1 1 0 0 0 1 0 0 0 1 0 0 0 0
260	3	1 1 0 1 0 0 0 0 0 0 0 0 0 0 1 0
260	1	1 0 1 1 0 0 1 1 0 0 0 0 0 0 1 1
260	8	1 1 1 0 1 0 0 0 0 0 0 0 0 1 0 0
260	11	1 1 1 1 0 0 0 1 0 0 0 0 0 0 1 0
260	30	1 1 1 1 0 0 0 0 0 0 1 0 0 0 0 0
260	3	1 0 1 1 0 1 0 1 0 1 1 0 0 0 0 0
260	4	1 1 1 1 0 0 0 0 1 0 0 0 1 0 0 0
260	3	1 1 1 1 0 0 1 1 0 0 0 0 0 0 0 1
260	3	1 0 1 1 0 1 1 0 0 0 1 0 0 0 0 0
260	4	1 1 1 1 0 0 0 0 0 1 1 0 0 0 0 0
260	20	1 0 1 1 0 0 1 0 0 0 0 0 0 0 0 0
260	21	1 1 1 1 0 0 0 1 0 1 0 0 0 0 0 1
260	7	1 1 1 1 1 0 0 0 1 0 0 0 0 0 0 0
260	9	1 1 1 0 0 0 0 0 0 0 0 0 1 0 0 0
260	1	1 1 1 1 1 1 1 0 0 0 0 0 0 0 0 0
260	1	1 1 0 1 0 0 1 0 0 0 0 0 0 0 0 1
260	4	1 1 0 1 0 0 0 1 0 0 0 0 0 0 0 0
260	3	1 1 0 1 0 0 0 0 0 0 0 1 0 0 0 0
260	12	1 1 1 1 0 1 0 0 0 0 0 1 0 0 1 0
260	2	1 1 0 1 0 0 0 0 0 0 0 0 0 0 0 0
260	46	1 1 1 1 0 0 1 0 0 0 0 0 1 0 0 0
260	16	1 0 1 1 0 0 0 1 0 0 1 0 0 0 0 0
260	17	1 1 0 1 0 1 1 0 0 0 0 0 1 0 0 0
260	26	1 0 1 1 1 1 0 0 1 0 0 0 0 0 0 0
260	5	1 1 1 1 1 0 1 0 0 0 0 0 1 0 0 0
260	1	1 1 1 1 0 0 1 0 0 0 0 0 1 0 0 1
260	2	1 1 1 1 0 0 1 0 0 0 0 0 0 0 0 0
260	5	1 1 1 1 0 0 1 1 0 0 0 0 0 0 1 1
260	16	1 0 1 1 0 0 0 0 0 0 0 0 1 0 0 0
260	5	0 0 1 1 1 0 0 0 0 0 0 0 0 0 0 0
260	11	1 0 0 1 0 0 1 0 0 0 0 0 0 0 0 0
260	3	1 0 1 1 0 0 0 1 1 0 0 0 0 0 0 0
260	17	1 1 1 1 0 0 0 1 0 0 0 0 0 0 0 1
260	13	1 1 1 1 0 0 0 1 1 0 0 0 0 0 0 0
260	12	1 1 0 1 0 0 1 0 0 0 0 0 0 0 1 1
260	2	1 0 0 1 0 0 0 1 1 0 0 0 0 0 0 0
260	1	1 1 1 1 0 0 0 0 0 0 0 1 0 0 1 0
260	3	1 0 1 1 0 0 0 1 0 0 0 0 0 0 1 0
260	5	1 0 0 1 1 0 0 1 0 0 0 1 0 0 1 0
260	2	1 1 1 0 0 1 0 0 0 0 0 1 0 0 1 0
260	2	1 1 1 1 0 1 0 0 0 0 0 0 0 0 1 0
260	32	1 1 1 1 0 0 0 0 0 0 0 0 1 0 0 0
260	1	0 1 1 1 0 0 0 1 1 0 0 0 0 0 0 0
260	5	0 1 1 1 1 0 0 1 0 0 0 0 0 0 1 0
260	5	1 1 1 1 0 0 0 1 1 0 0 0 0 0 0 1
260	9	1 0 1 1 0 0 0 0 0 0 0 0 0 0 1 0
260	9	1 0 1 1 0 0 1 1 0 0 0 0 0 0 0 0
260	1	1 0 1 1 0 0 0 0 0 0 0 1 0 0 0 0
260	6	1 1 1 1 0 0 0 1 0 0 0 1 0 0 0 0
260	9	1 1 1 1 0 0 1 0 0 0 0 0 0 0 1 0
260	2	1 0 1 1 1 0 0 0 0 0 0 0 0 0 0 1
260	5	1 1 1 1 1 0 0 0 0 0 0 0 0 0 0 0
260	2	1 1 0 1 0 0 0 1 0 0 0 0 0 0 0 1
260	1	1 0 1 1 1 1 0 0 0 0 0 0 0 0 1 0
260	1	1 1 1 1 0 0 0 0 0 0 0 0 1 0 0 1
260	1	0 1 1 1 0 1 0 0 0 0 0 0 0 0 0 0
260	4	1 0 1 1 0 0 0 1 0 0 0 1 0 0 0 0
260	1	0 1 1 1 0 0 0 1 0 0 1 1 0 0 0 0
260	2	1 0 0 1 0 0 1 0 0 0 0 0 1 0 0 0
260	4	1 1 1 1 1 0 0 1 0 1 0 0 0 0 0 0
260	1	1 1 1 1 0 1 0 0 1 0 0 0 1 0 0 0
260	2	1 0 1 1 0 0 1 1 0 0 0 1 0 0 0 0
260	12	1 0 1 1 0 0 0 1 0 0 1 0 0 0 0 1
260	9	1 0 1 1 0 0 0 0 1 0 0 1 0 0 0 0
260	4	1 1 0 1 0 0 0 0 1 0 0 0 0 0 0 0
260	4	0 1 1 1 0 0 0 1 0 1 0 0 0 0 0 1
260	5	1 0 1 1 0 1 0 1 0 0 1 0 0 0 0 0
260	4	1 1 1 1 0 1 0 0 0 0 1 0 0 0 0 0
260	3	1 1 1 1 0 0 1 0 0 0 0 0 1 1 0 0
260	1	1 1 1 1 0 0 0 1 1 0 1 0 0 0 0 0
260	2	1 1 1 1 0 0 0 0 0 0 1 0 0 0 0 1
260	2	1 0 1 1 1 0 0 0 0 0 0 0 0 1 0 0
260	3	1 1 1 0 0 0 0 0 0 0 0 0 0 0 0 0
260	2	1 1 1 1 0 1 0 0 0 0 0 1 0 0 0 0
260	1	0 1 1 1 0 0 0 1 1 0 0 1 0 0 0 0
260	3	1 0 1 1 0 0 0 0 0 1 0 0 1 0 0 0
260	1	1 0 1 1 0 0 1 0 0 0 0 0 1 0 0 0
260	3	1 0 1 1 0 0 0 1 0 0 0 0 0 0 1 1
260	3	1 1 0 1 0 1 1 0 0 0 0 0 1 0 0 1
260	1	0 1 1 1 0 0 0 1 0 1 0 0 0 0 0 0
260	1	1 0 1 1 0 0 1 0 0 0 1 0 0 0 0 1
260	3	1 1 1 1 0 0 0 0 0 0 1 0 0 1 0 0
260	2	1 1 1 1 0 0 0 1 0 0 1 0 0 0 0 0
260	1	1 1 0 1 0 0 1 0 0 0 0 0 0 0 0 0
260	2	1 0 1 1 0 1 0 0 0 0 1 0 0 0 0 0
280	43	1 0 1 1 0 0 0 0 0 0 0 0 0 0 0 0
280	78	1 0 1 1 0 0 0 1 0 0 0 0 0 0 0 0
280	18	1 0 1 1 1 0 0 0 0 0 0 0 0 0 0 0
280	82	1 1 1 1 0 0 0 0 0 0 0 0 0 0 0 0
280	108	1 1 1 1 0 0 0 1 0 0 0 0 0 0 0 0
280	2	1 1 1 1 0 0 0 0 0 0 0 0 0 0 1 0
280	45	1 1 1 1 0 0 0 0 1 0 0 0 0 0 0 0
280	42	1 1 1 1 0 0 0 0 0 0 0 1 0 0 0 0
280	43	0 1 1 1 0 0 0 1 0 0 0 0 0 0 0 0
280	54	1 1 1 1 0 0 0 0 0 0 0 0 0 0 0 1
280	5	1 0 1 1 0 0 1 0 0 0 0 0 0 0 0 1
280	10	1 1 1 1 1 1 0 0 0 0 0 0 0 0 0 0
280	4	0 1 1 1 0 0 0 1 0 0 0 1 0 0 0 0
280	27	1 1 1 1 0 0 0 0 0 0 1 0 0 0 0 0
280	4	1 0 1 1 0 1 0 1 0 1 1 0 0 0 0 0
280	15	1 0 1 1 0 0 1 0 0 0 0 0 0 0 0 0
280	34	1 1 1 1 0 0 0 1 0 1 0 0 0 0 0 1
280	2	1 1 1 1 1 1 1 0 0 0 0 0 0 0 0 0
280	8	1 1 1 1 0 0 1 0 0 0 0 0 1 0 0 0
280	6	1 0 1 1 0 0 0 1 0 0 1 0 0 0 0 0
280	6	1 1 0 1 0 1 1 0 0 0 0 0 1 0 0 0
280	11	1 0 1 1 1 1 0 0 1 0 0 0 0 0 0 0
280	6	1 1 1 1 1 0 1 0 0 0 0 0 1 0 0 0
280	10	1 1 1 1 0 0 1 0 0 0 0 0 0 0 0 0
280	14	1 0 1 1 0 0 0 0 0 0 0 0 1 0 0 0
280	2	1 0 0 1 0 0 1 0 0 0 0 0 0 0 0 0
280	47	1 1 1 1 0 0 0 1 0 0 0 0 0 0 0 1
280	13	1 0 1 1 0 0 0 1 0 0 0 0 0 0 1 0
280	2	1 1 1 1 0 1 0 0 0 0 0 0 0 0 1 0
280	17	1 1 1 1 0 0 0 0 0 0 0 0 1 0 0 0
280	5	1 0 1 1 0 0 0 0 0 0 0 0 0 0 1 0
280	3	1 1 1 1 0 0 1 0 0 0 0 0 0 0 1 0
280	5	1 0 1 1 1 1 0 0 0 0 0 0 0 0 1 0
280	2	1 0 1 1 0 0 0 1 0 0 0 1 0 0 0 0
280	2	1 1 1 0 0 0 0 0 0 0 0 0 0 0 0 0
280	4	1 0 1 1 0 0 0 0 0 1 0 0 1 0 0 0
280	5	1 1 1 1 0 0 0 0 0 0 1 0 1 0 0 0
280	2	1 1 1 1 0 0 1 0 0 0 1 0 0 0 0 0
280	1	1 1 1 1 0 0 0 1 0 0 0 1 1 0 0 0
280	8	1 0 1 1 0 0 0 0 0 0 0 1 0 0 0 1
280	3	0 1 1 1 0 1 0 1 0 0 0 1 0 0 0 0
280	7	1 0 1 1 1 0 0 0 0 0 1 0 0 0 0 0
280	6	1 0 1 0 0 0 0 0 0 0 0 0 1 0 0 0
280	8	1 0 0 1 0 0 0 1 0 0 0 0 0 0 0 0
280	6	1 1 1 1 0 1 1 0 0 0 0 0 1 0 0 0
280	10	1 1 1 1 0 1 1 0 0 0 0 0 0 0 1 0
280	4	1 1 1 1 1 0 0 0 0 0 1 0 0 1 0 0
280	11	1 1 1 1 0 0 0 1 0 0 0 0 1 0 0 0
280	11	1 1 1 1 1 0 0 1 0 0 0 0 0 0 0 1
280	10	1 1 1 1 0 0 0 1 0 1 0 0 0 0 0 0
280	7	1 1 1 1 1 0 0 1 0 0 0 0 0 0 0 0
280	2	1 1 1 1 1 0 0 0 0 0 0 1 0 0 0 0
280	11	1 0 0 1 0 0 1 0 0 0 0 0 0 0 0 1
280	6	1 1 1 1 0 0 0 1 0 0 0 1 0 0 0 0
280	3	1 1 0 1 0 0 0 1 0 0 0 0 0 0 1 0
280	2	1 1 1 1 0 0 0 1 0 0 0 0 0 0 1 1
280	1	1 1 1 1 0 0 0 1 0 0 1 0 0 0 0 1
280	7	1 1 1 1 1 0 1 0 0 0 0 0 0 0 0 1
280	3	1 1 1 1 0 0 0 1 0 0 0 0 0 1 0 0
280	1	1 1 1 1 0 1 0 0 0 0 0 1 0 0 0 0
280	16	1 0 1 1 0 1 1 0 0 0 0 0 0 0 0 1
280	1	1 0 1 1 0 0 0 0 0 0 1 1 0 0 0 0
280	1	1 0 1 1 1 1 0 0 0 0 0 0 0 0 0 0
280	7	1 0 1 1 1 1 0 1 0 0 0 0 0 0 0 0
280	2	1 0 1 1 0 0 0 0 0 0 0 0 0 0 0 1
280	6	1 1 1 1 0 1 0 1 0 0 0 0 0 0 0 0
280	2	1 1 1 1 1 1 0 0 0 0 0 0 0 0 1 0
280	4	1 0 1 0 1 1 0 0 1 0 0 0 0 0 0 0
280	3	0 0 1 1 1 0 0 0 0 0 1 0 0 0 0 0
280	2	1 1 1 1 0 0 0 1 0 0 0 0 0 1 1 0
280	1	1 0 1 1 0 0 0 1 0 0 1 1 0 0 0 0
280	4	1 0 1 1 0 1 1 0 0 0 0 0 1 0 0 0
280	4	0 0 1 1 0 0 0 1 0 0 0 0 0 0 0 0
280	6	1 1 1 1 0 0 1 1 0 0 0 0 0 0 0 0
280	3	1 1 1 1 0 0 0 0 0 0 0 1 1 0 0 0
280	1	1 1 1 1 0 1 1 0 0 0 0 1 0 0 1 0
280	4	1 1 1 1 0 1 0 1 0 0 0 0 0 1 0 0
280	5	1 1 1 1 0 0 0 1 0 0 0 0 0 0 1 0
280	6	0 1 1 1 0 0 0 0 0 0 0 1 0 0 0 0
280	2	0 0 0 1 0 0 0 1 0 0 0 0 0 0 0 0
280	1	1 0 1 1 1 1 0 0 0 0 0 0 0 0 1 1
280	1	1 1 1 1 0 0 0 0 1 0 0 0 1 0 0 0
280	1	1 1 1 1 0 0 1 0 1 0 0 0 0 0 0 0
280	2	1 1 1 1 0 0 0 0 1 0 1 0 0 0 0 0
280	1	1 1 0 1 0 0 0 1 0 1 0 0 0 0 0 1
300	54	1 0 1 1 0 0 0 0 0 0 0 0 0 0 0 0
300	66	1 0 1 1 0 0 0 1 0 0 0 0 0 0 0 0
300	35	1 0 1 1 1 0 0 0 0 0 0 0 0 0 0 0
300	41	1 1 1 1 0 0 0 0 0 0 0 0 0 0 0 0
300	56	1 1 1 1 0 0 0 1 0 0 0 0 0 0 0 0
300	39	1 1 1 1 0 0 0 0 1 0 0 0 0 0 0 0
300	38	1 1 1 1 0 0 0 0 0 0 0 1 0 0 0 0
300	13	0 1 1 1 0 0 0 1 0 0 0 0 0 0 0 0
300	38	1 1 1 1 0 0 0 0 0 0 0 0 0 0 0 1
300	3	1 1 1 1 1 1 0 0 0 0 0 0 0 0 0 0
300	56	1 1 1 1 0 0 0 0 0 0 1 0 0 0 0 0
300	7	1 0 1 1 0 0 1 0 0 0 0 0 0 0 0 0
300	23	1 0 1 1 1 1 0 0 1 0 0 0 0 0 0 0
300	33	1 1 1 1 0 0 1 0 0 0 0 0 0 0 0 0
300	1	1 0 1 1 0 0 0 0 0 0 0 0 1 0 0 0
300	23	1 1 1 1 0 0 0 1 0 0 0 0 0 0 0 1
300	17	1 1 1 1 0 0 0 0 0 0 0 0 1 0 0 0
300	4	1 0 1 1 0 0 0 0 0 0 0 0 0 0 1 0
300	7	1 0 1 1 0 0 0 0 0 0 0 1 0 0 0 1
300	9	1 0 1 1 1 0 0 0 0 0 1 0 0 0 0 0
300	10	1 1 1 1 0 1 1 0 0 0 0 0 0 0 1 0
300	6	1 1 1 1 1 0 0 0 0 0 1 0 0 1 0 0
300	9	1 1 1 1 0 0 0 1 0 0 0 0 1 0 0 0
300	3	1 1 1 1 0 0 0 1 0 0 0 1 0 0 0 0
300	12	1 1 1 1 0 0 0 1 0 0 0 0 0 0 1 1
300	12	1 1 1 1 0 0 0 1 0 0 1 0 0 0 0 1
300	9	1 1 1 1 1 0 1 0 0 0 0 0 0 0 0 1
300	11	1 0 1 1 0 1 1 0 0 0 0 0 0 0 0 1
300	10	1 0 1 1 1 1 0 1 0 0 0 0 0 0 0 0
300	11	1 0 1 1 0 0 0 0 0 0 0 0 0 0 0 1
300	40	1 1 1 1 0 1 0 1 0 0 0 0 0 0 0 0
300	7	0 0 1 1 0 0 0 1 0 0 0 0 0 0 0 0
300	21	0 1 1 1 0 0 0 0 0 0 0 1 0 0 0 0
300	3	1 0 1 1 0 0 0 1 0 0 0 0 0 0 0 1
300	2	1 1 1 1 0 0 0 0 0 0 0 1 0 0 0 1
300	17	1 1 1 1 0 1 0 0 1 0 0 0 0 0 0 0
300	67	1 1 1 1 0 1 0 1 0 0 0 0 1 0 0 0
300	11	1 0 1 1 0 0 0 0 0 0 0 1 0 0 0 0
300	1	1 0 0 0 0 0 0 1 0 0 0 0 0 0 0 0
300	13	1 1 1 1 0 0 1 0 0 0 0 0 0 0 0 1
300	2	1 1 1 1 0 0 0 1 0 1 0 1 0 0 0 0
300	2	1 1 1 1 0 1 0 1 0 0 0 0 0 0 0 1
300	1	1 1 1 1 0 1 0 1 0 0 0 0 1 1 0 0
300	1	0 0 1 1 0 0 0 1 0 0 1 0 0 0 0 0
300	3	1 1 1 1 0 0 0 1 1 0 0 0 0 0 0 0
300	5	0 1 1 1 0 0 0 0 0 0 1 0 0 0 0 0
300	15	1 0 0 1 0 0 0 0 0 0 0 0 0 0 0 0
300	2	1 0 1 1 1 0 0 1 0 0 0 0 0 0 0 0
300	3	1 1 1 1 0 0 0 1 0 0 1 0 0 0 0 0
300	4	1 0 1 1 0 0 1 0 0 0 0 0 0 1 0 0
300	2	1 1 1 0 0 0 0 1 0 0 0 0 1 0 0 0
300	1	1 1 0 1 0 0 0 0 1 0 0 0 0 0 0 0
300	1	1 1 1 1 0 0 0 0 0 0 1 1 0 0 0 0
300	7	1 1 1 1 1 1 0 0 1 0 0 0 0 0 0 0
300	8	1 1 1 1 0 1 1 0 0 0 0 0 0 1 1 0
300	1	1 1 1 1 0 0 0 0 1 0 0 0 0 0 0 1
300	9	1 1 1 1 0 0 0 0 0 0 0 0 0 1 0 1
300	4	1 1 0 1 1 0 0 0 0 0 0 1 0 0 0 0
300	6	1 1 1 1 0 0 0 0 1 0 0 1 0 1 0 0
300	4	0 1 1 1 0 0 0 1 0 0 0 0 1 0 0 0
300	4	1 0 1 1 0 1 0 1 0 0 0 0 0 0 0 1
300	4	1 0 1 1 1 1 0 0 0 0 0 0 0 0 0 0
300	8	1 0 1 1 0 0 1 0 0 0 0 1 0 0 0 1
300	2	1 1 1 1 0 0 0 0 1 0 1 0 0 0 0 0
300	1	1 1 1 1 0 1 1 0 0 0 0 0 0 0 1 1
300	9	1 0 1 1 0 0 1 0 1 0 0 0 1 0 0 0
300	1	1 0 1 1 0 1 1 0 0 0 0 0 0 0 0 0
300	2	1 1 1 0 0 0 0 0 0 0 0 0 0 0 0 0
300	2	1 0 1 1 1 1 0 0 1 0 0 0 1 0 0 0
300	5	1 1 1 1 1 0 0 0 0 0 0 0 0 0 0 0
300	4	1 1 1 1 0 0 0 0 0 0 1 0 0 1 0 0
300	2	1 1 1 0 0 0 0 0 0 0 0 0 1 0 0 0
300	1	1 0 1 1 1 0 1 0 0 0 0 0 0 0 0 1
300	2	1 1 0 1 0 1 0 1 0 0 0 0 0 0 0 0
300	5	1 1 1 1 0 0 1 0 0 0 0 0 1 0 0 0
300	2	1 1 1 1 0 1 0 1 0 0 1 0 0 0 0 0
300	2	1 0 1 0 1 0 0 0 0 0 1 0 0 0 0 0
300	3	1 1 1 1 0 1 1 0 0 1 0 0 0 0 1 0
300	4	1 0 1 1 0 1 1 0 0 0 0 0 0 0 1 1
300	2	1 1 1 1 0 1 0 1 0 0 0 0 1 0 1 0
300	1	1 1 1 1 0 0 0 1 1 0 0 0 0 0 0 1
300	1	1 0 1 1 0 0 0 0 1 0 0 0 0 0 0 1
300	1	1 1 1 1 1 0 0 0 0 0 0 0 0 0 0 1
300	1	1 0 1 1 0 1 1 0 1 0 0 0 0 0 0 0
300	3	1 1 0 1 0 1 0 0 1 0 0 0 0 0 0 0
300	1	1 0 1 1 0 0 0 1 1 0 0 0 0 0 0 0
300	2	1 1 1 1 0 0 1 0 0 1 0 0 0 0 0 0
300	2	1 1 1 1 0 1 1 0 1 0 0 0 0 0 1 0
300	1	1 1 0 1 0 0 0 0 0 0 0 1 0 0 0 1
300	1	1 1 1 1 0 1 1 1 0 0 0 0 1 0 0 0
300	1	1 1 0 1 0 1 0 1 0 0 0 0 1 0 0 0
300	1	1 0 1 1 0 0 1 0 0 0 0 1 0 0 0 0
320	4	1 0 1 1 0 0 0 0 0 0 0 0 0 0 0 0
320	43	1 0 1 1 0 0 0 1 0 0 0 0 0 0 0 0
320	16	1 0 1 1 1 0 0 0 0 0 0 0 0 0 0 0
320	27	1 1 1 1 0 0 0 0 0 0 0 0 0 0 0 0
320	90	1 1 1 1 0 0 0 1 0 0 0 0 0 0 0 0
320	15	1 1 1 1 0 0 0 0 1 0 0 0 0 0 0 0
320	97	1 1 1 1 0 0 0 0 0 0 0 1 0 0 0 0
320	2	0 1 1 1 0 0 0 1 0 0 0 0 0 0 0 0
320	9	1 1 1 1 0 0 0 0 0 0 0 0 0 0 0 1
320	109	1 1 1 1 0 0 0 0 0 0 1 0 0 0 0 0
320	12	1 0 1 1 1 1 0 0 1 0 0 0 0 0 0 0
320	65	1 1 1 1 0 0 1 0 0 0 0 0 0 0 0 0
320	35	1 1 1 1 0 0 0 1 0 0 0 0 0 0 0 1
320	13	1 0 1 1 0 0 0 0 0 0 0 1 0 0 0 1
320	1	1 0 1 1 1 0 0 0 0 0 1 0 0 0 0 0
320	12	1 1 1 1 0 1 1 0 0 0 0 0 0 0 1 0
320	7	1 1 1 1 0 0 0 1 0 0 0 0 1 0 0 0
320	12	1 1 1 1 0 0 0 1 0 0 0 0 0 0 1 1
320	18	1 1 1 1 0 0 0 1 0 0 1 0 0 0 0 1
320	14	1 0 1 1 1 1 0 1 0 0 0 0 0 0 0 0
320	13	1 0 1 1 0 0 0 0 0 0 0 0 0 0 0 1
320	10	1 1 1 1 0 1 0 1 0 0 0 0 0 0 0 0
320	7	0 1 1 1 0 0 0 0 0 0 0 1 0 0 0 0
320	15	1 1 1 1 0 1 0 1 0 0 0 0 1 0 0 0
320	25	1 0 1 1 0 0 0 0 0 0 0 1 0 0 0 0
320	15	1 1 1 1 0 0 0 1 0 1 0 1 0 0 0 0
320	6	1 1 1 1 0 0 0 1 1 0 0 0 0 0 0 0
320	4	0 1 1 1 0 0 0 0 0 0 1 0 0 0 0 0
320	17	1 1 1 0 0 0 0 1 0 0 0 0 1 0 0 0
320	11	1 1 1 1 1 1 0 0 1 0 0 0 0 0 0 0
320	4	1 1 1 1 0 1 1 0 0 0 0 0 0 1 1 0
320	11	1 1 1 1 0 0 0 0 0 0 0 0 0 1 0 1
320	4	1 1 1 1 0 0 0 0 0 0 1 0 0 1 0 0
320	10	1 1 1 1 0 0 1 0 0 0 0 0 1 0 0 0
320	2	1 1 1 1 0 1 0 1 0 0 1 0 0 0 0 0
320	8	1 1 0 1 0 1 0 0 1 0 0 0 0 0 0 0
320	23	1 1 1 1 1 0 0 0 1 0 0 0 0 0 0 0
320	2	1 0 1 1 0 0 0 0 1 0 0 0 0 0 0 0
320	12	1 1 1 1 0 0 1 0 0 0 0 1 0 0 0 0
320	11	1 1 1 1 1 0 1 0 0 0 0 0 0 1 0 1
320	6	1 0 1 1 1 1 0 1 0 0 0 0 0 1 0 0
320	9	1 0 1 1 0 0 0 0 0 0 0 0 0 0 1 0
320	1	1 1 0 1 0 1 0 0 0 0 0 0 0 0 1 0
320	1	1 0 1 1 1 1 0 1 0 0 0 1 0 0 0 0
320	8	1 1 0 1 0 1 0 1 1 0 0 0 0 0 0 0
320	4	1 0 1 1 0 0 1 1 0 0 0 0 1 0 0 0
320	14	1 0 1 1 0 0 1 0 0 0 1 0 0 0 0 0
320	4	1 0 1 1 1 0 0 0 0 0 1 1 0 0 0 0
320	1	1 0 1 1 1 1 0 0 0 0 0 0 0 0 0 0
320	7	1 1 1 1 0 0 0 0 0 0 0 0 0 1 0 0
320	10	1 0 1 1 1 1 0 1 0 0 1 0 0 0 0 0
320	8	1 1 1 1 0 0 1 0 0 0 0 1 0 0 0 1
320	7	1 0 1 1 1 0 0 0 0 0 0 0 0 0 0 1
320	3	1 1 1 1 0 0 0 0 0 0 1 1 0 0 0 0
320	1	1 0 0 1 1 1 0 0 1 0 0 0 0 0 0 0
320	2	1 1 1 1 0 1 1 0 1 0 0 0 0 0 1 0
320	2	1 1 1 1 0 0 1 1 1 0 0 0 0 0 0 0
320	8	1 1 1 1 0 0 0 1 1 0 0 0 0 0 0 1
320	1	1 1 1 0 0 0 0 1 0 1 0 1 0 0 0 0
320	3	1 1 1 1 1 1 1 0 0 0 1 0 0 1 0 1
320	2	1 1 1 1 0 0 0 1 0 0 1 0 0 0 0 0
320	3	1 1 0 1 0 0 0 0 0 0 1 0 0 0 0 0
320	2	0 1 1 1 0 0 1 0 0 0 0 0 0 0 0 0
320	3	1 1 1 1 0 1 1 1 0 0 0 0 1 0 0 0
320	5	1 1 1 1 0 1 1 1 0 0 1 0 0 0 0 0
320	2	1 0 1 1 0 0 0 0 0 0 0 0 0 0 1 1
320	4	1 0 0 1 0 0 1 0 0 0 1 0 0 0 0 0
320	7	1 1 1 1 0 0 0 0 0 0 1 1 0 0 0 1
320	8	1 1 1 0 0 0 1 0 0 0 0 0 0 0 0 0
320	4	1 0 1 1 1 0 0 0 0 0 1 1 0 0 0 1
320	2	1 1 1 1 0 0 0 1 0 1 0 0 0 0 0 0
320	1	1 1 1 1 0 0 0 0 0 0 0 1 0 0 0 1
320	1	1 1 1 0 0 0 0 0 0 0 0 0 0 0 0 1
320	2	1 1 1 1 0 0 1 0 0 0 1 0 0 0 0 0
320	2	0 1 1 1 0 0 0 0 0 0 1 0 0 1 0 0
320	3	1 1 1 1 1 0 0 0 1 0 0 1 0 0 0 0
320	4	1 1 1 1 0 0 0 0 0 0 0 0 0 0 1 0
320	3	1 0 1 1 1 1 0 0 0 0 1 0 0 0 0 0
320	2	1 0 1 1 1 1 0 0 1 1 0 0 0 0 0 0
320	2	1 1 1 1 0 0 1 0 0 0 0 0 0 1 0 0
320	2	1 1 1 0 0 0 0 1 0 0 0 0 0 0 1 1
320	1	1 0 0 1 0 0 0 0 0 0 0 0 0 0 0 1
320	3	1 0 1 1 0 0 0 0 0 0 0 1 0 0 1 0
320	2	1 1 1 1 0 0 0 1 0 1 0 1 0 0 1 0
320	1	1 1 1 1 0 1 1 0 0 0 0 0 1 0 0 0
320	4	1 0 1 1 0 0 0 0 0 0 1 0 0 1 0 0
320	4	1 1 1 1 0 0 0 0 0 0 1 1 0 0 1 1
320	1	1 1 1 1 0 0 0 1 0 0 1 1 0 0 0 0
320	1	1 1 1 1 1 0 1 0 0 0 0 0 0 1 0 0
320	3	1 0 1 1 0 0 0 1 0 0 0 1 0 0 0 0
320	1	0 1 1 1 0 0 0 1 0 0 1 0 0 0 0 1
320	1	1 1 1 1 0 1 0 0 0 0 0 0 1 0 0 0
320	1	1 0 1 1 0 0 0 1 0 1 0 1 0 0 0 0
320	1	1 1 1 0 0 1 0 1 0 0 0 0 1 0 0 0
320	1	1 0 1 1 1 1 0 1 0 0 0 1 0 0 1 0
340	28	1 0 1 1 0 0 0 0 0 0 0 0 0 0 0 0
340	37	1 0 1 1 0 0 0 1 0 0 0 0 0 0 0 0
340	18	1 0 1 1 1 0 0 0 0 0 0 0 0 0 0 0
340	17	1 1 1 1 0 0 0 0 0 0 0 0 0 0 0 0
340	50	1 1 1 1 0 0 0 1 0 0 0 0 0 0 0 0
340	96	1 1 1 1 0 0 0 0 0 0 0 1 0 0 0 0
340	118	1 1 1 1 0 0 0 0 0 0 1 0 0 0 0 0
340	5	1 0 1 1 1 1 0 0 1 0 0 0 0 0 0 0
340	53	1 1 1 1 0 0 1 0 0 0 0 0 0 0 0 0
340	14	1 1 1 1 0 0 0 1 0 0 0 0 0 0 0 1
340	4	1 1 1 1 0 0 0 1 0 0 1 0 0 0 0 1
340	5	1 0 1 1 1 1 0 1 0 0 0 0 0 0 0 0
340	2	1 0 1 1 0 0 0 0 0 0 0 0 0 0 0 1
340	6	1 1 1 1 0 1 0 1 0 0 0 0 0 0 0 0
340	6	1 1 1 1 0 1 0 1 0 0 0 0 1 0 0 0
340	27	1 0 1 1 0 0 0 0 0 0 0 1 0 0 0 0
340	8	1 1 1 1 0 0 0 1 0 1 0 1 0 0 0 0
340	37	1 1 1 1 0 0 0 1 1 0 0 0 0 0 0 0
340	26	1 1 1 1 1 1 0 0 1 0 0 0 0 0 0 0
340	10	1 1 1 1 0 0 0 0 0 0 0 0 0 1 0 1
340	39	1 1 1 1 0 0 1 0 0 0 0 0 1 0 0 0
340	32	1 1 1 1 1 0 0 0 1 0 0 0 0 0 0 0
340	1	1 1 1 1 1 0 1 0 0 0 0 0 0 1 0 1
340	13	1 0 1 1 1 1 0 1 0 0 0 0 0 1 0 0
340	1	1 0 1 1 0 0 0 0 0 0 0 0 0 0 1 0
340	4	1 1 0 1 0 1 0 1 1 0 0 0 0 0 0 0
340	9	1 0 1 1 0 0 1 0 0 0 1 0 0 0 0 0
340	5	1 0 1 1 1 0 0 0 0 0 1 1 0 0 0 0
340	13	1 1 1 1 0 0 0 0 0 0 0 0 0 1 0 0
340	1	1 1 1 1 0 1 1 0 1 0 0 0 0 0 1 0
340	17	1 1 1 1 0 0 0 1 1 0 0 0 0 0 0 1
340	2	1 1 0 1 0 0 0 0 0 0 1 0 0 0 0 0
340	2	1 1 1 1 1 0 0 0 1 0 0 1 0 0 0 0
340	23	1 0 1 1 0 0 0 1 0 0 0 1 0 0 0 0
340	4	1 0 1 1 0 0 0 1 0 0 1 0 0 0 0 1
340	7	1 1 1 1 0 0 1 0 0 0 0 0 0 0 0 1
340	7	1 1 1 1 0 0 0 1 0 0 1 0 0 0 0 0
340	2	1 1 1 1 0 0 0 1 0 0 0 0 1 0 0 0
340	6	1 1 1 1 1 0 0 1 1 0 0 0 0 0 0 0
340	4	1 1 1 1 0 0 1 1 0 0 0 0 0 0 0 0
340	15	1 1 1 1 0 0 0 1 1 1 0 0 0 0 0 0
340	4	1 0 0 1 1 0 0 0 0 0 1 1 0 0 0 0
340	8	1 1 1 1 0 0 1 0 1 0 0 0 0 0 0 0
340	7	1 1 1 1 0 1 0 1 0 0 1 0 0 0 0 0
340	4	1 0 1 1 0 0 0 0 1 0 0 0 0 0 0 0
340	11	1 0 1 1 1 1 0 0 0 0 0 0 0 0 0 0
340	4	1 0 1 1 0 0 0 0 0 0 0 0 1 0 0 0
340	1	1 0 1 1 0 0 0 1 0 0 0 0 1 0 0 0
340	12	1 1 1 1 1 0 0 1 0 0 0 0 0 0 0 0
340	3	1 1 1 1 0 0 0 1 1 0 0 0 1 0 0 1
340	8	1 0 1 1 0 0 0 1 0 0 1 0 0 1 0 1
340	6	1 0 1 1 0 0 0 1 1 1 0 0 0 0 0 0
340	4	1 1 1 1 0 1 1 0 0 0 0 0 0 0 1 1
340	2	1 1 1 1 1 1 0 0 1 0 0 0 0 0 1 0
340	11	1 1 1 1 0 0 1 0 0 0 0 0 0 0 1 0
340	4	0 0 0 1 1 0 1 0 0 0 0 0 0 0 0 0
340	7	1 1 1 1 0 0 0 0 0 0 1 0 0 0 1 0
340	2	1 1 1 0 0 0 0 0 0 0 0 0 0 1 0 1
340	5	1 0 0 1 1 1 0 1 0 0 0 1 0 0 1 0
340	26	1 1 1 1 0 0 0 0 1 0 0 0 0 0 0 0
340	3	1 1 1 1 0 0 0 1 0 1 0 0 0 0 0 0
340	14	1 0 1 1 0 0 0 0 0 0 1 0 0 0 0 0
340	1	1 0 1 1 0 0 0 0 1 0 0 1 0 0 0 0
340	3	1 0 1 1 1 1 0 0 0 1 0 0 0 0 0 0
340	3	1 1 1 1 1 0 0 0 1 0 0 0 1 0 0 0
340	1	1 0 1 1 0 0 0 1 1 0 0 0 0 0 0 1
340	1	1 0 1 1 1 0 0 1 1 1 0 0 0 0 0 0
340	4	1 1 1 1 0 0 0 0 0 0 1 1 0 0 0 0
340	1	1 1 1 0 0 0 0 0 0 0 1 0 0 0 0 0
340	4	1 0 1 1 0 0 0 1 0 0 0 0 0 0 1 0
340	3	1 1 0 1 0 1 0 1 1 1 0 0 0 0 0 0
340	2	1 0 0 1 0 0 0 0 0 0 0 0 1 0 0 0
340	4	1 1 1 1 0 0 0 1 0 0 0 1 0 0 0 0
340	5	1 1 1 1 0 1 0 0 0 0 0 0 1 0 0 0
340	1	0 0 0 1 1 1 0 0 1 0 0 0 0 0 0 0
340	1	1 0 0 1 1 1 0 0 0 0 0 1 0 0 0 0
340	2	1 0 1 1 0 1 0 0 0 0 0 0 0 0 0 0
340	4	1 0 1 1 0 1 0 1 0 0 0 0 0 0 0 0
340	5	1 1 1 1 0 1 0 0 1 0 0 0 0 0 0 0
340	3	1 0 1 1 0 0 1 0 1 0 1 0 0 0 0 0
340	1	1 1 1 1 1 1 0 0 0 1 0 0 0 0 0 0
340	1	1 1 1 1 0 1 0 1 1 0 0 0 0 0 0 0
340	1	1 1 1 1 0 0 0 1 0 0 0 1 0 0 0 1
340	3	0 0 1 1 0 0 1 0 0 0 1 0 0 0 0 0
340	1	1 1 1 1 1 0 0 1 1 0 0 0 1 0 0 0
340	3	1 1 0 1 0 0 1 0 0 0 0 0 0 1 0 0
340	1	1 0 1 1 0 0 0 1 1 0 0 1 0 0 0 1
340	2	1 1 1 1 0 0 0 0 0 0 0 1 0 0 0 1
340	3	1 0 1 1 0 0 1 0 0 0 0 0 1 0 0 0
340	2	1 1 1 1 1 0 0 0 0 0 0 0 0 0 0 0
340	2	1 1 1 1 0 0 0 0 0 0 0 1 1 0 0 0
340	1	1 1 1 1 1 0 0 0 0 0 0 1 0 0 0 0
340	1	1 1 1 1 0 0 0 0 0 0 0 0 0 0 0 1
340	1	1 1 1 1 0 0 0 1 0 0 0 0 0 0 1 1
340	3	1 1 1 1 0 0 1 0 0 0 0 1 1 0 0 0
340	3	0 1 0 1 0 0 0 0 0 0 1 0 0 0 0 0
340	2	1 0 1 1 0 0 0 0 1 0 0 0 0 1 0 0
340	1	1 1 0 1 0 0 1 0 0 1 0 0 0 0 0 0
360	17	1 0 1 1 0 0 0 0 0 0 0 0 0 0 0 0
360	29	1 0 1 1 0 0 0 1 0 0 0 0 0 0 0 0
360	7	1 1 1 1 0 0 0 0 0 0 0 0 0 0 0 0
360	23	1 1 1 1 0 0 0 1 0 0 0 0 0 0 0 0
360	201	1 1 1 1 0 0 0 0 0 0 0 1 0 0 0 0
360	90	1 1 1 1 0 0 0 0 0 0 1 0 0 0 0 0
360	53	1 1 1 1 0 0 1 0 0 0 0 0 0 0 0 0
360	12	1 0 1 1 1 1 0 1 0 0 0 0 0 0 0 0
360	6	1 0 1 1 0 0 0 0 0 0 0 0 0 0 0 1
360	9	1 1 1 1 0 1 0 1 0 0 0 0 0 0 0 0
360	17	1 0 1 1 0 0 0 0 0 0 0 1 0 0 0 0
360	44	1 1 1 1 0 0 0 1 1 0 0 0 0 0 0 0
360	35	1 1 1 1 1 1 0 0 1 0 0 0 0 0 0 0
360	10	1 1 1 1 0 0 0 0 0 0 0 0 0 1 0 1
360	1	1 1 1 1 0 0 1 0 0 0 0 0 1 0 0 0
360	9	1 1 1 1 1 0 0 0 1 0 0 0 0 0 0 0
360	8	1 0 1 1 1 0 0 0 0 0 1 1 0 0 0 0
360	5	1 1 1 1 0 0 0 0 0 0 0 0 0 1 0 0
360	1	1 1 1 1 0 0 0 1 1 0 0 0 0 0 0 1
360	32	1 0 1 1 0 0 0 1 0 0 0 1 0 0 0 0
360	23	1 1 1 1 0 0 0 1 0 0 1 0 0 0 0 0
360	4	1 1 1 1 1 0 0 1 1 0 0 0 0 0 0 0
360	5	1 1 1 1 0 0 0 1 1 1 0 0 0 0 0 0
360	56	1 1 1 1 0 0 1 0 1 0 0 0 0 0 0 0
360	18	1 1 1 1 0 1 0 1 0 0 1 0 0 0 0 0
360	1	1 0 1 1 1 1 0 0 0 0 0 0 0 0 0 0
360	2	1 1 1 1 1 0 0 1 0 0 0 0 0 0 0 0
360	5	1 1 1 1 0 0 1 0 0 0 0 0 0 0 1 0
360	4	0 0 0 1 1 0 1 0 0 0 0 0 0 0 0 0
360	10	1 1 1 1 0 0 0 0 1 0 0 0 0 0 0 0
360	2	1 1 1 1 0 0 0 1 0 1 0 0 0 0 0 0
360	18	1 0 1 1 0 0 0 0 0 0 1 0 0 0 0 0
360	10	1 0 1 1 0 1 0 0 0 0 0 0 0 0 0 0
360	17	1 1 1 1 0 1 0 0 1 0 0 0 0 0 0 0
360	6	1 1 1 1 0 0 0 0 0 0 0 1 0 0 0 1
360	10	1 1 1 1 0 0 1 0 0 0 0 1 1 0 0 0
360	9	1 0 1 1 0 0 0 1 0 0 1 0 0 0 0 0
360	2	1 1 1 0 0 0 0 1 1 1 0 0 0 0 0 0
360	5	1 1 1 1 0 0 1 0 0 0 1 0 0 0 0 0
360	18	1 0 1 0 0 0 0 0 0 0 0 1 0 0 0 0
360	3	1 1 1 1 0 0 0 0 0 0 1 0 1 0 0 0
360	11	1 1 1 1 0 0 1 1 0 0 0 0 1 0 0 0
360	6	1 1 1 1 0 0 0 0 0 0 0 1 0 1 0 0
360	1	1 0 1 1 0 0 0 0 0 1 0 1 0 0 0 0
360	3	1 0 1 0 0 0 0 1 0 0 1 0 0 0 0 0
360	15	1 1 1 1 0 0 1 0 0 0 0 1 0 0 0 0
360	6	1 1 1 1 0 0 0 1 0 0 0 1 0 0 0 0
360	1	1 1 1 1 0 0 0 0 1 0 0 1 0 0 0 0
360	3	1 1 1 0 0 0 0 0 0 0 0 1 0 0 0 0
360	1	1 1 1 1 0 0 0 1 1 0 0 0 1 0 0 0
360	5	1 1 1 0 0 0 0 0 1 0 0 0 0 0 0 0
360	3	1 1 1 1 0 0 0 0 0 1 0 1 0 0 0 0
360	17	1 1 1 1 1 1 0 1 0 0 0 0 0 0 0 0
360	3	1 1 1 1 1 0 0 0 0 0 0 1 0 0 0 1
360	1	1 1 1 1 0 0 0 1 1 0 1 0 0 0 0 1
360	1	1 1 1 0 0 0 0 0 0 0 0 1 0 1 0 1
360	9	1 1 1 1 0 0 0 1 1 0 0 0 0 1 0 0
360	16	1 1 1 1 0 0 1 1 1 0 0 0 0 0 0 0
360	6	1 0 1 1 0 0 1 0 0 0 0 0 0 0 0 0
360	8	1 0 1 1 1 1 0 1 0 0 0 0 1 0 0 0
360	4	1 0 1 1 1 0 0 0 1 0 0 0 0 0 0 0
360	5	1 0 1 1 0 0 0 1 0 0 1 0 1 0 0 0
360	2	1 0 1 1 0 0 0 0 0 0 0 1 0 1 0 0
360	5	0 1 1 1 0 0 0 0 0 0 0 0 0 0 0 0
360	2	0 1 1 1 0 0 0 0 0 0 0 0 0 1 0 1
360	1	1 0 1 1 0 0 0 0 0 0 0 1 0 0 1 0
360	2	1 1 1 1 0 0 1 0 0 0 0 1 0 0 1 0
360	2	1 0 1 1 1 1 0 0 0 0 0 1 0 0 0 0
360	1	1 1 1 1 0 1 0 1 0 0 0 0 0 0 0 1
360	1	1 1 1 1 1 1 0 0 1 0 0 0 0 0 0 1
360	1	1 1 1 1 1 1 0 0 1 1 0 0 0 0 0 0
360	2	1 0 1 1 1 0 0 1 0 0 0 0 0 0 0 0
360	1	1 0 1 1 1 0 0 1 1 0 0 0 0 0 0 0
360	3	1 1 1 1 0 1 0 0 0 0 0 1 0 0 0 0
360	2	1 1 1 1 1 0 0 0 0 0 0 1 0 0 0 0
360	1	1 1 1 1 0 0 0 0 0 0 1 0 0 0 0 1
360	2	1 1 1 1 0 0 0 1 1 0 0 0 0 0 1 0
360	2	1 1 1 1 0 0 1 0 0 0 0 0 1 0 1 0
360	2	1 1 1 1 0 1 0 1 0 0 0 1 0 1 0 0
360	2	1 1 1 1 1 1 1 0 0 0 0 0 1 0 0 1
360	1	1 1 1 1 0 0 0 0 0 0 0 1 0 0 1 0
360	1	1 1 1 1 0 1 0 1 0 0 1 1 0 0 0 0
360	1	1 0 1 1 0 1 0 0 1 0 0 0 0 0 0 0
360	1	0 1 1 1 0 0 1 1 1 0 0 0 0 0 0 0
380	32	1 0 1 1 0 0 0 1 0 0 0 0 0 0 0 0
380	47	1 1 1 1 0 0 0 0 0 0 0 0 0 0 0 0
380	31	1 1 1 1 0 0 0 1 0 0 0 0 0 0 0 0
380	142	1 1 1 1 0 0 0 0 0 0 0 1 0 0 0 0
380	103	1 1 1 1 0 0 0 0 0 0 1 0 0 0 0 0
380	13	1 1 1 1 0 0 1 0 0 0 0 0 0 0 0 0
380	32	1 0 1 1 1 1 0 1 0 0 0 0 0 0 0 0
380	25	1 1 1 1 0 1 0 1 0 0 0 0 0 0 0 0
380	9	1 0 1 1 0 0 0 0 0 0 0 1 0 0 0 0
380	12	1 1 1 1 0 0 0 1 1 0 0 0 0 0 0 0
380	28	1 1 1 1 1 1 0 0 1 0 0 0 0 0 0 0
380	5	1 1 1 1 0 0 0 0 0 0 0 0 0 1 0 0
380	7	1 0 1 1 0 0 0 1 0 0 0 1 0 0 0 0
380	39	1 1 1 1 0 0 0 1 0 0 1 0 0 0 0 0
380	8	1 1 1 1 0 0 0 1 1 1 0 0 0 0 0 0
380	75	1 1 1 1 0 0 1 0 1 0 0 0 0 0 0 0
380	26	1 1 1 1 0 1 0 1 0 0 1 0 0 0 0 0
380	3	1 1 1 1 0 0 1 0 0 0 0 0 0 0 1 0
380	27	1 1 1 1 0 0 0 0 1 0 0 0 0 0 0 0
380	7	1 0 1 1 0 0 0 0 0 0 1 0 0 0 0 0
380	11	1 1 1 1 0 0 1 0 0 0 0 1 1 0 0 0
380	47	1 0 1 1 0 0 0 1 0 0 1 0 0 0 0 0
380	25	1 1 1 1 0 0 1 0 0 0 1 0 0 0 0 0
380	10	1 1 1 1 0 0 1 0 0 0 0 1 0 0 0 0
380	19	1 1 1 1 1 1 0 1 0 0 0 0 0 0 0 0
380	17	1 1 1 1 0 0 0 1 1 0 0 0 0 1 0 0
380	6	1 1 1 1 0 0 1 1 1 0 0 0 0 0 0 0
380	3	1 0 1 1 0 0 1 0 0 0 0 0 0 0 0 0
380	10	1 0 1 1 1 1 0 1 0 0 0 0 1 0 0 0
380	1	1 0 1 1 0 0 0 0 0 0 0 1 0 1 0 0
380	12	1 1 1 1 0 1 0 1 0 0 0 0 0 0 0 1
380	1	1 1 1 1 0 0 1 0 0 0 0 0 1 0 1 0
380	4	1 0 1 1 0 0 1 0 1 0 0 0 0 0 0 0
380	5	1 1 1 1 0 1 0 1 0 0 0 0 0 1 0 0
380	8	1 1 1 1 0 0 0 0 0 1 0 0 0 0 0 0
380	3	1 1 1 1 0 0 0 0 0 1 1 0 0 0 0 0
380	3	1 1 1 1 0 0 0 1 1 0 0 1 0 0 0 0
380	31	1 1 1 1 0 0 0 1 1 0 0 0 0 1 0 1
380	2	1 1 1 1 1 0 0 1 1 0 0 0 0 0 0 0
380	2	0 0 1 1 0 0 0 0 0 0 1 0 0 0 0 0
380	5	1 1 1 1 0 0 0 0 0 0 0 1 0 1 0 0
380	1	1 1 0 1 0 0 0 0 0 0 0 0 0 0 0 0
380	5	1 1 1 1 0 1 0 0 0 0 0 0 0 0 0 0
380	1	1 1 1 1 0 0 0 0 0 0 0 1 1 0 0 0
380	2	1 1 1 1 1 0 0 0 0 0 1 0 0 0 0 0
380	14	1 0 1 1 0 0 0 0 0 0 0 1 0 0 0 1
380	4	1 0 1 1 0 0 0 1 1 0 1 0 0 0 0 0
380	3	1 0 1 1 0 0 0 0 1 0 1 0 0 0 0 0
380	5	1 1 1 1 0 0 0 0 0 0 1 1 0 0 0 0
380	3	1 1 0 1 0 0 0 1 0 0 1 0 0 0 0 0
380	1	1 1 1 1 0 0 1 1 0 0 1 0 0 0 0 0
380	2	1 1 1 1 0 1 0 0 0 0 1 0 0 0 0 0
380	5	1 1 0 1 0 0 0 0 1 0 0 0 0 0 0 0
380	3	1 1 1 1 0 0 0 0 0 0 1 0 0 0 1 0
380	2	1 1 1 1 0 0 0 0 0 1 0 0 1 0 0 0
380	4	1 1 1 0 0 0 0 1 1 0 0 1 0 0 0 0
380	11	1 0 1 1 0 0 0 0 0 0 0 0 0 0 0 0
380	3	1 1 1 0 0 0 0 0 0 0 0 1 0 0 0 0
380	3	1 1 1 1 0 0 1 0 1 0 1 0 0 0 0 0
380	2	1 1 1 1 0 0 0 0 1 0 0 0 0 1 0 1
380	3	1 1 1 1 0 0 0 1 1 0 1 0 0 0 0 0
380	2	1 1 0 1 0 0 0 1 0 0 0 0 0 0 0 0
380	2	1 1 1 1 0 0 0 0 0 0 1 0 0 0 0 1
380	2	1 1 1 1 0 0 0 0 0 0 1 1 0 0 1 0
380	3	1 1 1 1 0 0 0 0 0 0 0 1 0 0 0 1
380	1	0 1 1 1 0 0 0 0 0 0 1 0 0 0 0 0
380	1	1 1 1 1 0 0 1 1 1 0 0 0 1 0 0 0
380	4	1 0 1 1 1 1 1 1 0 0 0 0 1 0 0 0
380	3	1 1 1 1 0 0 1 1 0 0 1 1 0 0 0 0
380	1	1 0 1 1 0 0 1 0 0 0 1 0 0 0 0 0
380	1	1 0 1 1 0 1 0 1 0 0 0 0 0 0 0 0
380	1	0 1 1 1 0 0 0 0 0 0 0 1 0 0 0 0
380	2	1 1 1 1 1 0 1 0 0 0 0 0 0 0 0 0
380	2	0 1 1 1 0 0 0 1 0 0 1 0 0 0 0 0
380	2	1 0 1 1 0 0 0 1 1 0 0 0 0 1 0 1
400	9	1 0 1 1 0 0 0 1 0 0 0 0 0 0 0 0
400	57	1 1 1 1 0 0 0 0 0 0 0 0 0 0 0 0
400	22	1 1 1 1 0 0 0 1 0 0 0 0 0 0 0 0
400	39	1 1 1 1 0 0 0 0 0 0 0 1 0 0 0 0
400	129	1 1 1 1 0 0 0 0 0 0 1 0 0 0 0 0
400	15	1 1 1 1 0 0 1 0 0 0 0 0 0 0 0 0
400	19	1 0 1 1 1 1 0 1 0 0 0 0 0 0 0 0
400	19	1 1 1 1 0 1 0 1 0 0 0 0 0 0 0 0
400	1	1 1 1 1 1 1 0 0 1 0 0 0 0 0 0 0
400	25	1 0 1 1 0 0 0 1 0 0 0 1 0 0 0 0
400	27	1 1 1 1 0 0 0 1 0 0 1 0 0 0 0 0
400	8	1 1 1 1 0 0 0 1 1 1 0 0 0 0 0 0
400	34	1 1 1 1 0 0 1 0 1 0 0 0 0 0 0 0
400	1	1 1 1 1 0 0 0 0 1 0 0 0 0 0 0 0
400	12	1 0 1 1 0 0 0 0 0 0 1 0 0 0 0 0
400	14	1 1 1 1 0 0 1 0 0 0 0 1 1 0 0 0
400	57	1 0 1 1 0 0 0 1 0 0 1 0 0 0 0 0
400	112	1 1 1 1 0 0 1 0 0 0 1 0 0 0 0 0
400	21	1 1 1 1 0 0 1 0 0 0 0 1 0 0 0 0
400	64	1 1 1 1 0 0 1 1 1 0 0 0 0 0 0 0
400	5	1 0 1 1 1 1 0 1 0 0 0 0 1 0 0 0
400	16	1 0 1 1 0 0 0 0 0 0 0 1 0 1 0 0
400	16	1 1 1 1 0 0 0 0 0 1 0 0 0 0 0 0
400	20	1 1 1 1 0 0 0 0 0 1 1 0 0 0 0 0
400	11	1 1 1 1 0 0 0 1 1 0 0 0 0 1 0 1
400	23	0 0 1 1 0 0 0 0 0 0 1 0 0 0 0 0
400	9	1 1 1 1 0 0 0 0 0 0 0 1 0 1 0 0
400	4	1 0 1 1 0 0 0 1 1 0 1 0 0 0 0 0
400	22	1 1 1 1 0 1 0 0 0 0 1 0 0 0 0 0
400	7	1 1 1 1 0 0 1 0 1 0 1 0 0 0 0 0
400	4	1 1 1 1 0 0 0 0 1 0 0 0 0 1 0 1
400	5	1 0 1 1 0 0 1 0 0 0 1 0 0 0 0 0
400	16	1 0 1 1 1 1 0 1 0 0 1 0 0 0 0 0
400	4	1 1 1 1 0 0 0 0 0 0 0 1 1 0 0 0
400	14	1 0 1 1 0 0 0 1 0 0 0 0 1 0 0 0
400	2	1 1 1 1 0 0 0 0 0 1 0 1 0 0 0 0
400	11	1 0 1 1 0 0 0 0 0 0 1 1 0 0 0 0
400	1	1 1 1 1 1 0 0 1 0 0 1 0 0 0 0 0
400	7	1 1 0 1 0 0 0 0 1 0 0 0 0 0 0 0
400	6	1 1 1 1 0 0 1 1 0 0 0 1 0 0 0 0
400	2	1 1 1 1 0 0 1 1 0 0 0 0 0 0 0 0
400	1	1 0 1 0 1 1 0 1 0 0 0 0 0 0 0 0
400	4	1 1 1 1 0 0 0 0 0 0 1 1 0 0 0 0
400	8	1 1 1 1 0 1 0 1 0 0 0 0 0 0 0 1
400	15	1 1 1 1 0 0 0 0 0 0 0 0 0 0 0 1
400	4	0 1 0 1 0 0 1 1 1 0 0 0 0 0 0 0
400	2	1 1 1 1 0 0 0 1 1 0 0 0 0 1 0 0
400	14	1 1 1 1 0 0 0 0 0 0 0 0 1 0 0 0
400	1	1 0 1 1 1 1 0 0 0 0 0 0 0 0 0 0
400	9	1 0 1 0 1 1 0 1 0 0 1 0 0 0 0 0
400	1	1 0 1 1 0 0 0 0 0 0 0 0 0 0 0 0
400	1	1 1 0 1 0 0 0 1 0 0 0 0 0 0 0 0
400	1	1 1 1 1 1 1 0 0 1 0 1 0 0 0 0 0
400	1	1 0 1 1 0 0 0 0 1 0 0 0 0 0 0 0
400	4	0 0 1 1 0 0 0 0 1 0 0 0 0 0 0 0
400	5	1 1 0 1 0 0 0 0 0 0 0 0 0 0 0 0
400	3	1 0 1 1 0 0 0 1 0 0 1 0 0 1 0 0
400	2	0 1 0 0 0 0 1 1 1 0 0 0 0 0 0 0
400	5	1 0 1 1 0 0 0 1 0 0 0 1 1 0 0 0
400	1	1 1 1 1 0 0 0 0 0 0 1 0 0 1 0 0
400	1	1 1 0 1 0 0 0 0 0 0 1 0 0 0 0 0
400	2	1 0 1 1 0 0 0 1 0 0 1 0 0 0 0 1
400	2	1 0 1 1 0 0 0 1 0 0 1 0 0 0 1 0
400	1	0 1 1 1 1 1 0 1 0 0 0 0 0 0 0 1
400	2	1 1 1 1 0 0 0 1 0 0 0 0 0 0 0 1
400	2	0 1 0 1 1 0 1 1 1 0 0 0 0 0 0 0
400	2	1 0 1 1 0 0 0 1 0 0 1 0 1 0 0 1
400	1	1 1 1 0 0 0 0 0 0 0 1 0 0 0 0 0
400	3	1 1 1 1 0 1 0 1 0 0 0 1 0 0 0 0
400	5	1 1 1 1 0 1 0 1 1 0 0 0 0 0 0 0
400	1	1 1 1 1 1 0 1 0 1 0 0 0 0 0 0 0
400	1	1 1 1 1 0 0 1 0 0 0 1 0 1 0 0 0
400	1	0 0 1 1 0 0 0 0 0 0 0 1 0 1 0 0
400	1	1 1 1 1 0 0 0 0 0 1 0 0 0 0 1 0
400	1	1 1 1 1 0 1 0 1 0 0 1 0 0 0 0 0
400	1	1 1 1 1 0 1 0 0 0 1 1 0 0 0 0 0
400	1	0 1 0 1 1 0 1 1 1 0 1 0 0 0 0 0
