0	250	0 0 0 0 1 0 0 1 0 1 1 0 1 0 0 0
0	500	0 0 1 0 0 0 1 0 0 0 0 0 0 0 0 0
0	250	0 0 0 0 1 0 1 1 0 0 0 0 0 0 0 1
8	177	0 0 0 0 1 0 0 1 0 1 1 0 1 0 0 0
8	514	0 0 1 0 0 0 1 0 0 0 0 0 0 0 0 0
8	176	0 0 0 0 1 0 1 1 0 0 0 0 0 0 0 1
8	6	0 0 0 0 1 0 0 0 0 0 0 0 0 0 0 0
8	2	0 0 1 0 1 0 1 1 0 0 0 0 0 0 0 1
8	2	0 0 1 0 0 0 1 0 1 0 0 0 0 0 0 0
8	1	0 0 1 0 0 1 1 0 0 0 0 0 0 0 0 0
8	5	0 0 0 0 0 0 1 0 0 0 0 0 0 0 0 0
8	15	0 0 1 1 0 0 1 0 0 0 0 0 0 0 0 0
8	16	0 0 1 0 0 0 1 0 0 0 0 0 0 0 0 1
8	2	0 0 0 1 1 0 1 1 0 0 0 0 0 0 0 1
8	4	0 0 0 0 1 0 1 1 1 0 0 0 0 0 0 1
8	4	0 0 1 0 0 0 1 1 0 0 0 0 0 0 0 1
8	4	0 0 0 0 1 0 1 1 0 0 0 0 0 0 0 0
8	9	0 0 1 0 0 0 1 0 0 0 0 0 0 0 1 0
8	2	0 0 1 0 0 0 1 0 0 0 0 0 1 0 0 0
8	1	0 0 1 0 0 0 0 0 0 0 0 0 0 0 0 0
8	8	0 0 0 0 1 0 0 1 0 0 0 0 0 0 0 0
8	5	0 0 1 0 1 0 1 0 0 0 0 0 0 0 0 0
8	12	0 0 1 0 0 0 1 0 0 1 0 0 0 0 0 0
8	8	0 0 1 0 0 0 1 1 0 0 0 0 0 0 0 0
8	1	0 1 1 0 0 0 1 0 0 0 0 0 0 0 0 0
8	1	0 0 1 0 1 0 0 1 0 0 0 0 0 0 0 0
8	1	0 0 0 0 1 0 1 0 0 0 0 0 0 0 0 0
8	5	0 0 1 0 0 0 1 0 0 0 0 1 0 0 0 0
8	1	0 0 0 0 1 0 0 1 0 1 1 0 1 0 0 1
8	3	0 0 1 0 1 0 0 1 0 1 1 0 1 0 0 0
8	4	0 1 0 0 1 0 0 1 0 1 1 0 1 0 0 0
8	2	0 0 1 0 0 0 1 0 1 0 1 0 0 0 0 0
8	2	0 0 0 0 0 0 0 1 0 1 1 0 1 0 0 0
8	2	0 0 0 0 1 0 0 1 0 1 0 0 1 0 0 0
8	1	0 0 0 0 1 1 0 1 0 1 1 0 1 0 0 0
8	1	0 0 0 0 1 0 1 1 0 0 0 0 1 0 0 1
8	1	0 0 0 0 1 0 1 1 0 0 1 0 0 0 0 1
8	2	0 0 1 1 0 0 1 0 0 1 0 0 0 0 0 0
45	10	0 0 0 0 1 0 0 1 0 1 1 0 1 0 0 0
45	69	0 0 1 0 0 0 1 0 0 0 0 0 0 0 0 0
45	6	0 0 0 0 1 0 1 1 0 0 0 0 0 0 0 1
45	111	0 0 1 1 0 0 1 0 0 0 0 0 0 0 0 0
45	47	0 0 0 1 1 0 1 1 0 0 0 0 0 0 0 1
45	25	0 0 0 0 1 0 1 1 0 0 0 0 0 0 0 0
45	16	0 0 1 0 1 0 1 0 0 0 0 0 0 0 0 0
45	4	0 0 1 0 0 0 1 0 0 1 0 0 0 0 0 0
45	4	0 0 1 0 0 0 1 1 0 0 0 0 0 0 0 0
45	25	0 0 0 0 1 0 1 0 0 0 0 0 0 0 0 0
45	2	0 0 0 0 1 0 1 1 0 0 1 0 0 0 0 1
45	162	0 0 1 1 0 0 1 0 0 1 0 0 0 0 0 0
45	7	0 0 1 1 0 0 1 0 0 0 0 0 1 0 0 0
45	2	0 0 0 1 1 0 1 1 0 0 0 0 0 0 0 0
45	44	0 0 1 1 0 1 1 0 0 0 0 0 0 0 0 0
45	14	0 0 1 0 0 0 0 1 0 0 0 0 0 0 0 0
45	52	1 0 1 0 0 0 1 0 0 0 0 0 0 0 0 0
45	3	0 0 1 0 0 0 0 0 0 0 0 0 0 0 0 0
45	20	0 0 1 0 0 0 1 0 0 0 0 1 0 0 0 0
45	13	0 0 0 1 1 1 1 1 0 0 0 0 0 0 0 1
45	11	0 0 0 1 0 0 1 0 0 0 0 0 0 0 0 0
45	72	0 0 1 1 1 0 1 0 0 0 0 0 0 0 0 0
45	9	0 1 1 0 0 0 1 0 0 0 0 0 0 0 0 0
45	25	1 0 1 1 0 0 1 0 0 0 0 0 0 0 0 0
45	9	0 0 0 0 0 0 1 0 0 0 0 0 0 0 0 0
45	1	0 0 1 0 1 0 1 1 0 0 0 0 0 1 0 1
45	23	0 0 1 1 1 1 1 1 0 0 0 0 0 0 0 1
45	8	0 0 0 0 1 1 0 1 0 1 1 0 1 0 0 0
45	8	1 0 1 0 0 0 1 0 1 0 0 0 0 0 0 0
45	3	0 0 0 0 1 0 0 1 0 1 1 0 0 0 0 1
45	2	0 0 0 1 1 0 1 1 0 0 0 0 1 0 1 1
45	2	0 0 1 1 0 0 1 0 0 0 1 0 0 0 0 0
45	21	0 0 1 1 1 0 1 1 1 0 0 0 0 0 0 0
45	16	0 0 1 1 0 0 1 0 1 0 0 0 0 0 0 0
45	5	0 0 0 1 1 0 1 1 0 0 0 0 1 0 0 1
45	1	0 0 0 0 1 0 1 1 0 1 1 0 0 0 0 1
45	18	0 0 1 1 0 0 1 0 0 1 0 0 0 0 1 0
45	6	0 0 1 0 0 0 1 0 1 0 0 0 0 0 0 0
45	3	0 0 1 1 0 0 1 0 1 1 0 0 0 0 0 0
45	1	0 0 1 1 1 0 0 1 0 1 1 0 1 0 0 0
45	13	0 0 1 1 0 0 1 1 0 0 0 0 0 0 0 0
45	8	0 0 0 1 0 0 1 0 0 0 0 1 0 0 0 0
45	3	0 0 1 1 1 0 1 0 0 1 0 0 0 0 0 0
45	6	1 1 1 1 0 0 1 0 0 0 0 0 0 0 0 0
45	16	0 1 1 0 0 0 1 0 0 0 0 0 0 1 0 0
45	1	1 0 1 1 0 0 1 0 0 0 0 0 1 0 0 0
45	10	0 0 1 1 0 0 1 0 0 0 0 0 0 1 0 0
45	9	0 1 1 0 0 1 1 0 0 0 0 0 0 0 0 0
45	2	0 0 0 0 1 0 0 1 0 0 0 0 0 0 0 1
45	1	0 0 0 1 1 0 0 1 0 0 0 0 0 0 0 1
45	1	0 1 0 0 1 0 1 1 0 0 1 0 0 0 0 1
45	2	0 0 1 1 0 0 1 0 0 0 0 0 0 0 1 0
45	1	0 0 0 1 1 0 1 1 0 0 0 0 0 1 0 1
45	2	0 1 1 0 0 0 1 0 0 0 0 1 0 0 0 0
45	5	0 1 1 0 0 0 1 0 0 0 1 0 0 1 0 0
45	5	0 0 1 0 0 1 1 0 0 0 0 0 0 0 0 0
45	6	0 0 1 1 1 0 1 1 0 0 0 0 0 0 0 1
45	3	0 0 0 0 1 0 1 0 0 1 0 0 0 0 0 0
45	1	1 0 1 0 0 0 1 0 0 0 1 0 0 0 0 0
45	1	0 0 1 1 1 0 1 1 0 0 0 0 0 0 0 0
45	3	1 0 1 0 1 0 1 1 0 0 0 0 0 0 0 1
45	3	0 0 0 1 0 1 1 0 0 0 0 0 0 0 0 0
45	2	0 0 0 1 1 0 1 1 0 0 0 0 1 0 0 0
45	1	0 0 1 1 1 0 1 0 0 0 0 0 1 0 0 0
45	1	1 1 1 1 0 0 1 0 0 1 0 0 0 0 0 0
45	2	1 1 1 0 0 0 1 0 0 0 0 0 0 0 0 0
45	2	0 0 1 1 0 0 1 0 0 1 0 0 0 0 0 1
45	2	0 0 1 0 0 0 1 0 0 0 0 0 0 0 1 0
45	2	0 0 1 1 0 0 1 0 0 1 0 0 1 0 0 0
45	1	0 0 1 1 0 0 1 0 1 0 0 0 0 0 0 1
45	1	0 0 1 1 0 0 1 0 1 0 0 0 1 0 0 0
45	1	0 0 0 1 0 0 1 1 0 0 0 0 1 0 0 1
45	1	1 1 1 1 0 0 1 0 1 0 0 0 0 0 0 0
45	1	0 0 1 1 0 0 1 1 0 0 0 0 0 0 1 0
45	1	1 0 1 0 1 1 1 1 0 0 0 0 0 0 0 1
85	14	0 0 1 0 0 0 1 0 0 0 0 0 0 0 0 0
85	93	0 0 1 1 0 0 1 0 0 0 0 0 0 0 0 0
85	18	0 0 0 1 1 0 1 1 0 0 0 0 0 0 0 1
85	134	0 0 1 1 0 0 1 0 0 1 0 0 0 0 0 0
85	17	0 0 0 1 1 0 1 1 0 0 0 0 0 0 0 0
85	42	0 0 1 1 0 1 1 0 0 0 0 0 0 0 0 0
85	1	0 0 0 1 0 0 1 0 0 0 0 0 0 0 0 0
85	104	0 0 1 1 1 0 1 0 0 0 0 0 0 0 0 0
85	22	0 1 1 0 0 0 1 0 0 0 0 0 0 0 0 0
85	8	1 0 1 1 0 0 1 0 0 0 0 0 0 0 0 0
85	8	0 0 1 1 1 0 1 1 1 0 0 0 0 0 0 0
85	77	0 0 1 1 0 0 1 0 1 0 0 0 0 0 0 0
85	1	0 0 1 1 0 0 1 0 1 1 0 0 0 0 0 0
85	7	0 0 1 1 0 0 1 1 0 0 0 0 0 0 0 0
85	99	0 1 1 0 0 1 1 0 0 0 0 0 0 0 0 0
85	1	0 0 1 1 0 0 1 0 0 1 0 0 1 0 0 0
85	17	0 0 1 1 1 1 1 1 0 0 0 0 0 0 0 0
85	7	0 0 1 1 1 0 1 0 1 0 0 0 0 0 0 0
85	3	0 0 1 1 0 0 1 0 0 1 0 0 0 1 0 0
85	10	0 0 1 1 1 0 1 0 0 0 0 0 1 0 0 0
85	14	0 0 1 1 0 1 1 1 0 0 1 0 0 0 0 1
85	10	0 0 1 1 1 0 1 0 0 1 0 0 0 0 0 0
85	20	0 0 1 1 0 0 1 0 0 1 1 0 0 0 0 0
85	2	1 0 1 1 0 1 1 0 0 0 0 0 0 0 0 0
85	7	0 0 1 1 1 0 1 1 0 0 0 0 0 0 0 0
85	12	0 0 1 1 0 0 0 0 0 1 0 0 0 0 0 0
85	4	0 0 1 0 0 0 1 0 1 0 0 1 0 0 0 0
85	4	0 0 1 0 0 0 0 1 0 0 1 0 0 0 0 0
85	21	1 0 1 1 0 0 1 0 0 1 0 0 0 0 0 0
85	9	0 0 1 1 0 0 1 0 0 0 0 0 0 0 0 1
85	4	0 0 1 1 1 0 1 0 0 0 1 0 0 0 0 0
85	1	0 0 0 0 0 0 1 1 0 0 0 0 0 0 0 1
85	9	1 0 1 1 0 0 1 0 0 1 0 0 0 0 1 0
85	4	0 0 0 1 0 0 1 0 0 1 0 0 0 0 0 0
85	5	0 1 1 0 0 1 1 0 0 0 1 0 0 0 0 0
85	5	0 0 1 1 0 1 1 0 0 0 0 0 1 0 0 0
85	5	0 0 1 1 1 0 1 0 0 0 0 0 0 0 0 1
85	5	0 0 1 1 1 1 1 0 0 0 0 0 1 0 0 1
85	9	0 0 1 1 0 1 1 0 0 0 0 1 0 0 0 0
85	3	0 0 1 1 1 0 0 1 1 1 0 0 0 0 0 0
85	13	0 0 1 1 0 0 1 0 0 1 0 0 0 0 0 1
85	5	0 0 1 1 0 0 1 0 0 0 0 0 0 0 1 0
85	9	0 0 1 1 1 0 0 1 1 0 0 0 0 0 0 0
85	8	1 0 1 1 0 0 1 0 0 1 0 0 1 0 0 0
85	3	0 1 1 0 0 1 1 0 0 0 0 0 0 0 1 0
85	1	0 1 1 1 1 0 1 0 0 0 1 0 0 0 0 1
85	2	0 0 1 1 1 0 0 1 0 1 0 0 0 0 0 0
85	2	0 0 1 1 0 1 1 0 0 1 0 0 0 0 0 0
85	8	0 0 1 1 0 1 0 0 0 0 0 0 0 0 0 0
85	1	0 0 1 1 0 1 1 0 0 0 0 0 0 1 0 0
85	7	0 0 1 1 0 1 1 1 0 0 1 0 0 0 0 0
85	3	0 1 1 0 0 1 1 0 0 1 0 0 0 0 0 0
85	5	0 1 1 0 0 1 1 0 0 0 0 0 0 0 0 1
85	4	0 0 1 1 1 0 1 0 0 0 0 1 0 0 0 0
85	1	0 0 1 1 0 0 1 0 0 1 0 0 1 1 0 0
85	3	0 0 0 1 1 0 1 0 0 0 0 0 0 0 0 0
85	4	0 0 1 1 0 0 1 0 0 0 0 0 1 0 0 0
85	2	0 0 1 1 0 0 1 0 1 0 0 0 0 0 1 0
85	8	0 1 0 0 0 1 1 0 0 0 0 0 0 0 0 0
85	2	1 0 1 1 0 0 1 1 0 1 1 0 0 0 0 0
85	2	0 0 1 1 0 0 0 0 0 0 0 0 0 0 0 0
85	1	1 0 1 1 1 0 1 0 0 0 0 0 0 0 0 0
85	3	0 1 1 0 0 1 0 0 0 0 0 0 0 0 0 0
85	2	0 0 1 1 0 0 1 0 0 1 1 0 0 1 0 0
85	5	1 0 1 1 0 1 1 0 0 0 0 0 0 0 0 1
85	1	1 0 1 1 1 0 1 0 0 1 0 0 0 0 0 0
85	1	0 0 1 1 1 0 1 0 0 0 1 1 0 0 0 0
85	1	0 0 1 0 1 1 1 0 0 0 0 0 1 0 0 1
85	15	0 0 1 1 0 1 1 0 0 1 0 0 0 0 0 1
85	3	0 0 1 1 0 0 0 1 0 0 0 0 0 0 0 0
85	3	0 0 0 1 0 0 1 0 0 1 0 0 0 0 0 1
85	4	0 0 1 1 0 1 1 1 0 0 1 0 0 0 1 0
85	1	0 0 1 1 0 0 1 1 0 0 0 0 1 0 0 0
85	2	0 0 1 1 0 0 1 0 0 0 0 1 0 0 0 0
85	4	0 0 1 1 1 1 1 1 0 1 0 0 0 0 0 0
85	1	0 0 1 0 0 0 1 0 0 0 0 0 0 1 0 0
85	2	0 0 1 1 0 0 1 0 0 1 0 1 0 0 0 0
85	3	0 1 1 1 1 1 1 1 0 0 0 0 0 0 0 0
85	3	1 0 1 1 0 0 1 0 0 1 1 0 0 0 0 0
85	3	0 1 1 1 0 0 0 0 0 0 0 0 0 0 0 0
85	1	0 0 1 1 0 0 1 0 0 0 0 0 0 1 0 0
85	2	0 0 1 1 0 0 1 0 0 0 1 0 0 0 0 0
85	2	0 1 1 1 1 0 1 0 0 0 0 0 0 0 0 0
85	1	0 0 1 1 1 1 1 0 0 0 0 0 0 0 0 0
85	1	0 0 1 1 1 0 1 1 1 0 0 1 0 0 0 0
85	2	0 1 1 0 0 1 1 0 1 0 0 0 0 0 0 0
85	1	1 1 1 0 0 1 1 0 0 0 0 0 0 0 0 0
85	1	0 0 1 1 0 0 1 0 0 1 0 1 0 1 0 0
85	1	0 1 1 0 0 1 1 1 0 0 1 0 0 0 0 0
85	1	0 0 1 0 0 0 1 0 0 0 0 0 0 0 1 0
154	50	0 0 1 1 0 0 1 0 0 0 0 0 0 0 0 0
154	8	0 0 1 1 0 0 1 0 0 1 0 0 0 0 0 0
154	11	0 0 1 1 0 1 1 0 0 0 0 0 0 0 0 0
154	32	0 0 1 1 1 0 1 0 0 0 0 0 0 0 0 0
154	45	1 0 1 1 0 0 1 0 0 0 0 0 0 0 0 0
154	69	0 0 1 1 0 0 1 0 1 0 0 0 0 0 0 0
154	4	0 1 1 0 0 1 1 0 0 0 0 0 0 0 0 0
154	4	0 0 1 1 1 0 1 0 0 1 0 0 0 0 0 0
154	12	1 0 1 1 0 0 1 0 0 1 0 0 0 0 0 0
154	48	0 0 1 1 0 0 1 0 0 1 0 0 0 0 0 1
154	22	0 1 1 0 0 1 1 0 0 1 0 0 0 0 0 0
154	50	0 1 1 1 0 1 1 0 0 0 0 0 0 0 0 0
154	21	1 1 1 1 0 0 1 0 0 0 0 0 0 0 0 0
154	5	0 1 1 1 0 0 1 0 0 1 0 0 0 0 0 0
154	13	0 0 1 1 0 1 1 0 0 1 0 0 0 0 0 0
154	22	0 0 1 1 1 0 1 0 0 0 0 0 0 0 0 1
154	18	1 1 1 0 0 1 1 0 0 0 0 1 0 0 0 0
154	7	0 0 1 1 0 0 1 0 1 0 0 0 0 0 1 0
154	5	0 0 0 1 0 0 1 0 1 0 0 0 0 1 0 0
154	10	1 0 1 1 0 0 1 0 0 0 0 0 1 0 0 0
154	4	0 0 1 1 0 0 1 0 0 1 0 0 0 0 1 0
154	6	1 0 1 1 0 0 1 1 0 0 0 0 0 0 0 0
154	6	1 0 1 1 0 0 1 0 1 0 0 0 0 0 0 0
154	7	1 0 1 1 0 1 1 0 0 0 0 1 0 0 0 0
154	16	1 0 1 0 0 0 1 0 0 0 0 0 0 0 0 0
154	33	0 0 1 1 0 0 1 0 1 0 0 1 0 0 0 1
154	16	0 1 1 1 1 0 1 0 0 0 0 0 0 0 0 0
154	23	1 1 1 0 0 1 1 0 0 0 0 0 0 0 1 0
154	16	0 0 1 1 0 1 1 0 0 0 0 0 0 0 0 1
154	4	0 0 0 1 1 0 1 0 0 0 0 0 0 0 0 0
154	12	1 0 1 0 0 0 1 0 0 1 0 0 0 0 0 0
154	1	1 1 1 0 0 1 1 0 0 0 1 1 0 0 0 0
154	11	0 0 1 1 1 0 1 0 0 0 0 0 0 1 0 0
154	15	1 1 1 1 0 1 1 0 0 0 0 0 0 0 0 0
154	4	0 0 1 1 0 0 0 0 0 0 0 0 0 0 0 0
154	36	1 0 1 0 0 0 1 1 0 0 0 0 0 0 0 0
154	15	0 0 1 1 1 0 1 1 0 1 0 1 1 1 0 0
154	3	1 0 1 1 0 0 1 0 0 1 0 0 0 0 0 1
154	22	1 1 1 1 0 0 1 0 0 1 1 0 0 0 0 0
154	29	1 1 1 1 0 0 1 0 0 1 0 0 0 0 0 0
154	8	0 0 1 1 0 0 1 0 1 0 0 1 0 0 0 0
154	2	0 0 1 1 0 0 1 0 0 1 0 0 0 0 1 1
154	5	1 0 1 1 0 0 1 0 0 0 1 0 0 0 0 0
154	5	1 0 1 1 0 1 1 0 0 0 0 0 1 0 0 0
154	6	1 1 1 1 0 0 1 0 0 0 0 0 0 0 0 1
154	9	0 1 1 1 0 1 1 0 0 1 0 0 0 0 0 0
154	11	1 0 1 1 0 0 1 0 0 0 0 0 1 0 0 1
154	35	0 1 1 1 0 1 1 0 0 0 0 0 0 0 0 1
154	1	0 0 1 1 1 0 1 0 1 0 0 0 0 0 0 0
154	12	0 0 1 1 0 1 1 0 1 0 0 0 0 0 0 0
154	11	1 0 1 1 0 1 1 0 0 1 0 0 0 0 0 0
154	2	0 1 1 0 0 1 1 0 0 0 0 1 0 0 0 0
154	2	1 0 1 0 0 1 1 0 0 0 0 0 0 0 1 0
154	1	0 0 1 1 0 0 1 0 1 0 0 0 0 1 0 0
154	2	0 0 1 1 0 1 1 0 0 1 0 0 0 0 1 1
154	1	0 0 1 1 0 0 1 0 0 0 0 1 0 0 0 0
154	6	0 1 1 0 0 0 1 0 0 0 0 0 0 0 0 0
154	4	1 1 1 0 0 0 1 0 0 0 1 1 0 0 0 0
154	10	0 0 1 1 1 0 0 0 0 0 0 0 0 0 0 0
154	8	0 1 1 1 0 0 1 0 0 0 0 0 0 0 0 0
154	7	1 1 1 1 1 0 1 0 0 1 0 0 0 0 0 0
154	3	1 0 1 1 1 0 1 1 0 1 0 1 1 1 0 0
154	5	0 1 1 1 1 1 1 0 0 0 0 0 0 0 0 0
154	3	1 1 1 1 0 1 1 0 0 0 0 0 0 0 0 1
154	1	0 0 1 1 1 0 0 0 0 1 0 0 0 0 0 0
154	4	0 0 1 1 0 0 1 0 1 0 0 1 0 1 0 1
154	1	1 1 0 1 0 0 1 0 0 1 0 0 0 0 0 0
154	3	0 1 1 1 0 1 1 0 0 1 1 0 0 0 1 0
154	9	0 1 1 1 0 0 1 0 0 1 0 0 0 0 0 1
154	1	1 1 1 1 0 0 1 0 0 0 1 0 0 0 0 1
154	2	1 0 1 1 0 0 1 0 0 0 1 0 1 0 0 1
154	11	0 0 1 1 0 0 1 0 0 0 0 0 0 0 0 1
154	1	0 1 1 0 1 0 1 0 0 0 0 0 0 1 0 0
154	1	1 1 1 1 0 0 1 0 0 0 0 0 1 0 0 1
154	3	0 0 1 1 1 1 1 0 0 0 0 0 0 0 0 0
154	1	0 0 1 1 0 0 1 0 1 1 0 0 0 0 0 0
154	1	1 1 1 1 0 1 1 0 0 0 0 1 0 0 0 0
154	1	0 0 1 1 1 0 1 0 1 0 0 0 0 0 1 0
154	5	1 0 1 0 1 0 1 1 0 0 0 0 0 0 0 0
154	1	1 1 1 1 0 0 1 0 0 1 0 0 0 0 1 0
154	1	1 1 1 0 0 1 1 0 0 0 0 0 0 0 0 0
154	2	1 0 1 0 0 1 1 0 1 0 0 0 0 0 0 0
154	3	1 1 1 0 0 1 1 0 0 1 0 0 0 0 0 1
154	1	0 1 1 1 0 0 1 0 1 0 0 0 0 0 0 0
154	2	0 1 1 0 0 1 1 0 0 1 0 0 1 0 0 0
154	3	0 1 1 1 0 1 1 0 0 0 0 0 1 0 0 0
154	1	1 0 1 1 0 0 1 0 1 0 0 0 0 0 1 0
154	5	1 1 1 1 0 1 1 1 0 0 0 0 0 0 0 0
154	1	1 0 1 1 0 0 1 0 0 1 1 0 0 0 0 0
154	3	0 0 1 1 1 0 0 0 0 1 0 0 0 0 1 0
154	1	0 1 1 0 0 0 1 0 0 1 0 0 0 0 0 1
154	2	1 0 1 1 0 0 1 0 0 0 0 0 0 0 1 0
154	5	1 1 1 0 0 1 1 0 0 0 1 0 0 0 0 0
154	1	0 0 1 1 1 0 1 0 1 0 0 0 0 0 0 1
154	2	1 1 1 1 0 0 1 0 0 0 1 0 1 0 0 1
154	1	0 0 1 1 0 0 1 1 1 0 0 0 0 0 1 0
154	1	0 1 1 1 1 0 1 0 0 0 0 0 0 1 0 0
154	2	1 1 1 1 0 0 0 0 0 1 0 0 0 0 1 0
154	2	0 1 1 1 0 0 1 1 0 0 0 0 0 0 0 0
154	3	0 1 1 1 1 0 1 0 0 0 0 1 1 1 0 0
154	2	0 0 1 1 1 1 1 0 0 0 0 1 0 0 0 0
154	1	0 0 1 1 0 1 0 0 0 0 0 0 0 0 0 0
154	3	1 0 1 1 1 0 1 0 0 0 0 0 0 0 0 0
154	1	0 0 1 1 0 0 1 0 1 0 0 0 0 0 0 1
154	1	0 0 1 1 0 0 1 0 0 1 1 0 0 0 0 1
154	1	1 0 1 0 0 0 1 0 0 0 0 1 0 0 0 0
154	3	1 1 1 1 0 0 1 0 0 1 1 0 0 0 0 1
154	1	0 1 1 1 1 1 1 0 0 1 0 0 0 0 0 0
154	1	1 0 1 1 0 0 1 1 0 0 0 0 1 0 0 1
154	2	0 1 1 1 0 0 1 0 0 0 0 0 0 0 0 1
154	2	0 1 1 1 0 0 1 0 0 0 0 0 1 0 0 0
239	19	1 0 1 1 0 0 1 0 0 0 0 0 0 0 0 0
239	7	0 0 1 1 1 0 1 0 0 1 0 0 0 0 0 0
239	6	1 0 1 1 0 0 1 0 0 1 0 0 0 0 0 0
239	8	1 1 1 1 0 0 1 0 0 0 0 0 0 0 0 0
239	73	1 1 1 1 0 0 1 0 0 1 1 0 0 0 0 0
239	127	1 1 1 1 0 0 1 0 0 1 0 0 0 0 0 0
239	26	0 1 1 1 0 1 1 0 0 1 0 0 0 0 0 0
239	16	1 1 1 1 1 0 1 0 0 1 0 0 0 0 0 0
239	21	0 1 1 1 0 1 1 0 0 0 0 1 0 0 0 0
239	84	1 1 1 1 0 1 1 0 0 1 0 0 0 0 0 0
239	2	1 1 1 1 0 1 1 0 0 0 1 1 0 0 0 0
239	76	1 1 1 1 0 1 0 0 0 0 1 0 0 0 0 0
239	14	0 1 1 1 1 1 1 0 0 0 0 0 0 0 0 0
239	12	1 1 1 1 1 0 1 0 0 1 0 0 0 0 1 0
239	3	1 1 1 1 0 1 1 0 0 0 0 0 0 0 0 0
239	12	0 1 1 1 1 0 1 0 0 1 0 0 0 0 0 0
239	8	1 1 1 1 1 0 0 0 0 1 0 0 0 0 0 0
239	12	1 1 1 1 1 1 1 0 0 0 1 0 0 0 0 0
239	16	1 1 1 1 1 0 1 1 0 0 0 0 0 0 0 0
239	3	1 0 1 1 1 0 1 1 0 0 0 0 0 1 0 0
239	5	1 1 1 1 1 1 1 0 0 1 0 0 0 0 0 0
239	9	0 0 1 1 0 0 1 0 1 0 1 0 0 1 0 0
239	43	1 1 1 1 0 1 0 0 0 1 1 0 0 0 0 0
239	7	1 0 1 0 0 0 1 0 0 1 0 0 0 0 0 0
239	26	0 1 1 1 0 1 1 0 0 1 1 0 0 0 0 0
239	1	0 1 1 1 0 0 1 0 0 1 1 0 0 0 0 0
239	18	1 0 1 1 0 1 1 0 0 0 1 0 0 0 0 0
239	6	1 0 1 1 0 1 0 0 0 0 1 0 0 0 0 0
239	4	0 1 1 1 0 1 1 0 0 1 0 0 0 0 1 0
239	2	1 1 1 1 0 1 1 1 0 0 1 1 0 0 0 0
239	1	0 0 1 1 1 0 0 0 0 0 0 0 0 0 0 0
239	18	1 0 1 1 0 0 1 0 1 1 0 0 0 0 0 0
239	2	1 1 1 1 1 1 0 0 0 0 1 0 0 0 0 0
239	13	0 1 1 1 0 1 1 1 0 1 1 0 0 0 0 0
239	2	1 0 1 1 0 0 1 0 1 0 0 0 0 0 0 0
239	4	0 0 1 1 1 0 1 0 0 0 0 0 1 0 0 0
239	4	1 1 1 1 1 1 0 0 0 1 0 0 0 0 0 0
239	1	1 1 1 1 0 1 1 1 0 1 0 0 0 0 0 0
239	9	1 1 0 1 1 1 1 0 0 1 0 0 0 0 0 0
239	1	1 1 1 1 1 0 0 0 0 0 0 0 0 0 0 0
239	2	0 1 1 1 1 0 1 0 1 1 0 0 0 0 0 1
239	8	0 1 1 1 1 1 1 0 0 1 0 1 0 0 0 0
239	11	1 1 1 1 0 1 0 0 0 1 0 0 0 0 0 0
239	4	0 0 1 1 0 1 1 0 0 0 1 0 0 0 0 0
239	5	1 1 1 1 0 0 1 1 0 1 0 0 0 0 0 0
239	14	1 0 1 1 0 1 0 0 0 0 1 1 0 0 0 0
239	5	1 1 1 1 1 0 1 0 0 0 0 0 0 1 0 0
239	16	1 1 1 1 0 0 0 0 0 1 1 0 0 0 0 0
239	9	1 1 1 1 0 1 0 0 0 0 0 1 0 0 0 0
239	2	1 1 1 1 0 0 1 0 0 1 1 1 0 0 0 0
239	7	0 1 1 1 0 1 1 1 0 0 0 1 0 0 0 0
239	10	0 1 1 1 1 1 1 0 0 1 0 0 0 0 0 0
239	17	0 1 1 1 0 1 1 0 0 0 0 0 0 0 0 0
239	8	1 1 0 1 1 1 0 0 0 0 1 0 0 0 0 0
239	2	0 0 1 1 0 1 1 0 0 0 0 1 0 0 0 0
239	4	1 0 1 1 1 1 1 0 0 1 0 0 0 0 0 0
239	13	0 1 1 1 0 0 1 1 0 1 1 0 0 0 1 0
239	11	1 1 1 1 0 0 1 0 0 1 0 0 1 0 0 0
239	1	0 1 1 1 0 1 1 1 0 1 1 0 0 1 0 0
239	15	0 1 1 1 0 1 0 0 0 0 1 0 0 0 0 0
239	2	1 0 1 1 0 1 0 0 0 0 0 0 0 0 0 0
239	7	0 0 1 1 0 0 1 0 1 0 1 1 0 1 0 0
239	1	0 1 1 1 0 1 1 0 0 1 1 0 0 0 1 0
239	18	1 0 1 1 0 0 1 0 1 1 0 0 0 0 1 0
239	2	1 1 1 1 0 0 1 0 0 1 1 0 1 0 0 0
239	8	0 1 1 1 0 1 1 0 1 1 0 0 0 0 0 0
239	3	1 1 1 1 1 0 1 0 0 1 1 0 0 0 0 0
239	9	1 1 0 1 0 1 0 0 0 0 1 0 0 0 0 0
239	1	0 1 1 1 0 0 1 0 0 0 0 0 0 0 0 0
239	2	0 1 1 1 0 1 1 0 0 1 0 0 1 0 0 0
239	2	1 1 1 1 1 0 1 0 1 1 0 0 0 0 0 0
239	1	1 0 1 1 0 1 0 0 0 1 1 0 0 0 0 0
239	3	1 0 1 1 0 0 1 0 1 0 0 1 0 0 0 0
239	2	1 0 1 1 0 0 0 0 0 1 1 0 0 0 0 0
239	3	1 1 0 1 0 0 1 0 0 1 0 0 0 0 0 0
239	3	1 1 1 1 0 1 0 1 0 0 1 0 0 0 0 0
239	2	1 1 1 1 0 0 1 0 0 1 1 1 1 0 0 0
239	2	1 0 1 1 0 1 1 0 0 0 0 0 0 0 0 0
239	1	1 0 1 1 0 0 1 1 0 1 0 0 0 0 0 0
239	2	1 1 1 1 0 1 0 0 0 0 1 0 0 0 0 1
239	1	1 1 1 1 1 0 1 0 0 1 1 0 0 0 1 0
239	1	1 1 1 1 1 0 1 1 0 0 0 0 1 0 0 0
239	4	0 1 1 1 1 1 1 1 0 1 1 0 0 0 0 0
239	4	0 1 1 1 0 1 1 1 0 0 1 0 0 0 0 0
239	1	0 1 1 1 0 1 0 0 0 0 1 0 0 0 0 1
239	7	1 1 1 1 0 1 0 0 0 0 0 0 0 0 0 0
239	1	0 1 1 1 0 1 1 1 0 1 0 0 0 0 0 1
239	2	1 0 1 1 0 1 0 0 0 1 0 0 0 0 0 0
239	1	1 1 0 1 1 1 0 0 0 1 0 0 0 0 0 0
239	2	1 1 0 1 1 1 0 0 0 1 1 1 1 0 0 0
239	2	0 1 1 1 0 0 1 0 0 1 0 0 0 0 0 0
239	1	1 1 1 1 0 0 1 0 0 1 0 1 0 0 0 0
239	1	1 1 1 1 0 0 1 0 0 1 0 0 0 0 0 1
239	1	0 1 1 1 0 1 0 0 0 1 1 0 0 0 0 0
239	3	1 1 1 1 0 1 0 0 0 1 1 0 0 0 1 0
239	4	1 0 1 1 0 1 1 0 0 0 1 1 0 0 0 0
239	1	0 1 1 1 0 1 1 1 0 0 0 0 0 0 0 0
239	3	1 0 1 1 1 0 1 0 0 1 0 0 0 0 0 0
239	1	0 1 1 1 1 1 1 1 1 1 1 0 0 0 0 0
252	26	1 0 1 1 0 0 1 0 0 0 0 0 0 0 0 0
252	26	1 1 1 1 0 0 1 0 0 0 0 0 0 0 0 0
252	34	1 1 1 1 0 0 1 0 0 1 1 0 0 0 0 0
252	115	1 1 1 1 0 0 1 0 0 1 0 0 0 0 0 0
252	23	0 1 1 1 0 1 1 0 0 1 0 0 0 0 0 0
252	23	1 1 1 1 1 0 1 0 0 1 0 0 0 0 0 0
252	35	0 1 1 1 0 1 1 0 0 0 0 1 0 0 0 0
252	104	1 1 1 1 0 1 1 0 0 1 0 0 0 0 0 0
252	32	1 1 1 1 0 1 0 0 0 0 1 0 0 0 0 0
252	19	0 1 1 1 1 1 1 0 0 0 0 0 0 0 0 0
252	12	1 1 1 1 1 0 1 0 0 1 0 0 0 0 1 0
252	7	0 1 1 1 1 0 1 0 0 1 0 0 0 0 0 0
252	6	1 1 1 1 1 0 0 0 0 1 0 0 0 0 0 0
252	25	1 1 1 1 1 1 1 0 0 0 1 0 0 0 0 0
252	21	1 1 1 1 1 0 1 1 0 0 0 0 0 0 0 0
252	4	1 1 1 1 1 1 1 0 0 1 0 0 0 0 0 0
252	32	1 1 1 1 0 1 0 0 0 1 1 0 0 0 0 0
252	13	1 0 1 0 0 0 1 0 0 1 0 0 0 0 0 0
252	19	0 1 1 1 0 1 1 0 0 1 1 0 0 0 0 0
252	2	1 0 1 1 0 1 1 0 0 0 1 0 0 0 0 0
252	9	0 1 1 1 0 1 1 0 0 1 0 0 0 0 1 0
252	2	1 1 1 1 0 1 1 1 0 0 1 1 0 0 0 0
252	17	1 0 1 1 0 0 1 0 1 1 0 0 0 0 0 0
252	5	0 1 1 1 0 1 1 1 0 1 1 0 0 0 0 0
252	2	0 0 1 1 1 0 1 0 0 0 0 0 1 0 0 0
252	1	1 1 1 1 1 1 0 0 0 1 0 0 0 0 0 0
252	2	0 1 1 1 1 1 1 0 0 1 0 1 0 0 0 0
252	8	1 1 1 1 0 1 0 0 0 1 0 0 0 0 0 0
252	8	1 1 1 1 0 0 1 1 0 1 0 0 0 0 0 0
252	37	1 1 1 1 0 0 0 0 0 1 1 0 0 0 0 0
252	24	1 1 1 1 0 1 0 0 0 0 0 1 0 0 0 0
252	13	0 1 1 1 1 1 1 0 0 1 0 0 0 0 0 0
252	9	0 1 1 1 0 1 1 0 0 0 0 0 0 0 0 0
252	5	0 1 1 1 0 0 1 1 0 1 1 0 0 0 1 0
252	9	1 1 1 1 0 0 1 0 0 1 0 0 1 0 0 0
252	1	0 1 1 1 0 1 0 0 0 0 1 0 0 0 0 0
252	5	1 0 1 1 0 1 0 0 0 0 0 0 0 0 0 0
252	25	1 0 1 1 0 0 1 0 1 1 0 0 0 0 1 0
252	6	1 1 0 1 0 1 0 0 0 0 1 0 0 0 0 0
252	1	1 0 1 1 0 1 0 0 0 1 0 0 0 0 0 0
252	4	1 1 1 1 0 0 1 0 0 1 0 0 0 0 0 1
252	4	0 1 1 1 0 1 0 0 0 1 1 0 0 0 0 0
252	2	1 1 1 1 0 1 0 0 0 1 1 0 0 0 1 0
252	6	1 0 1 1 1 0 1 0 0 1 0 0 0 0 0 0
252	6	1 1 1 1 0 0 1 0 1 1 0 0 0 0 1 0
252	5	0 1 1 1 0 1 0 0 0 1 0 0 0 0 0 0
252	7	1 1 1 1 0 0 1 0 0 1 0 0 0 0 1 0
252	9	1 1 0 1 1 1 1 0 0 1 1 0 0 0 0 0
252	4	1 1 1 1 0 1 1 0 1 1 0 0 0 0 0 0
252	4	0 0 0 1 0 1 0 0 0 0 1 0 0 0 0 0
252	7	1 0 1 1 0 1 0 0 0 0 1 1 0 1 0 0
252	2	1 0 1 0 0 0 1 0 1 1 0 0 0 0 1 0
252	8	1 1 1 1 0 0 1 0 1 1 0 0 0 0 0 0
252	7	1 1 1 1 0 1 1 0 0 1 1 0 0 0 0 0
252	7	1 1 1 1 0 1 1 0 0 0 1 0 0 0 0 0
252	2	0 0 1 1 1 1 1 0 0 1 0 0 0 0 0 0
252	6	1 0 1 1 0 0 1 0 1 1 0 1 0 0 1 0
252	16	1 1 0 1 1 1 0 0 0 1 1 0 0 0 0 0
252	4	1 1 1 1 0 1 1 0 0 1 0 0 1 0 0 0
252	5	1 1 1 1 0 0 0 0 0 1 0 0 0 0 0 0
252	6	1 1 1 1 1 0 1 0 0 1 0 0 0 1 1 0
252	1	1 1 1 1 0 0 1 0 0 0 0 0 1 0 0 0
252	6	1 0 1 1 0 0 1 0 0 1 0 0 0 0 0 0
252	10	1 0 1 1 0 1 0 0 0 0 1 0 0 0 0 0
252	3	0 1 1 1 1 1 1 0 1 1 0 1 0 0 0 0
252	2	1 1 0 1 0 1 0 0 0 0 1 1 0 1 0 0
252	10	1 1 0 1 0 0 1 0 0 1 0 0 0 0 0 0
252	3	0 1 1 1 0 0 1 0 0 1 0 0 0 0 0 0
252	6	1 1 1 1 0 1 1 1 0 1 1 1 0 0 0 0
252	1	1 1 1 1 1 0 1 1 0 1 0 0 0 0 0 0
252	1	1 1 1 0 0 0 0 0 0 1 0 0 0 0 0 0
252	2	1 1 1 1 0 0 1 0 0 0 0 1 0 0 0 0
252	3	0 1 1 1 0 0 1 0 0 0 0 0 0 0 0 0
252	2	1 1 0 1 0 1 1 0 0 1 0 0 0 0 0 0
252	2	1 1 1 1 1 1 1 0 0 0 0 0 0 0 0 0
252	4	1 1 0 1 0 0 0 0 0 0 1 0 0 0 0 0
252	8	1 1 1 0 0 1 1 0 0 1 0 0 0 0 1 0
252	1	1 1 1 1 0 0 1 0 0 0 0 1 1 0 0 0
252	1	1 1 0 1 1 0 0 0 0 1 1 0 0 0 0 1
252	3	1 1 1 1 0 1 1 1 0 1 0 0 0 0 0 0
252	2	1 1 1 0 0 0 0 0 0 1 0 1 0 1 0 0
252	1	1 1 1 1 0 0 1 0 0 1 0 0 0 1 0 0
252	4	0 1 1 1 0 1 1 1 0 0 0 1 0 0 0 0
252	1	1 1 1 1 0 1 0 0 0 0 1 0 0 0 1 0
252	1	1 1 1 1 0 1 0 1 0 0 1 0 0 0 0 0
252	4	1 1 0 1 0 1 0 0 0 1 0 0 0 0 0 0
252	2	1 1 1 1 0 0 0 0 0 0 1 0 0 0 0 0
252	1	1 0 0 1 0 1 0 0 0 0 1 0 0 0 0 0
252	1	0 0 1 1 1 0 1 0 0 0 0 0 0 0 0 0
252	3	1 0 1 1 0 1 1 0 0 1 0 0 0 0 0 0
252	3	1 1 1 1 0 0 1 0 0 1 0 1 0 0 0 0
252	3	0 1 1 1 1 1 1 0 0 1 1 0 0 0 0 0
252	1	1 1 1 1 0 1 0 0 0 0 1 1 0 0 0 0
252	2	1 1 1 1 0 0 1 0 1 1 0 1 0 0 0 0
252	5	0 1 1 1 0 0 0 0 0 1 1 0 0 0 0 0
252	2	1 1 0 1 1 1 0 0 0 1 0 0 0 0 0 0
252	2	1 0 1 0 0 0 1 0 0 1 0 0 1 0 0 0
252	1	1 1 1 1 0 1 0 0 0 0 0 1 0 0 0 1
252	1	1 0 1 1 0 0 1 0 0 1 0 0 0 0 1 0
252	1	1 0 1 1 0 1 0 0 0 0 1 0 0 0 1 0
252	2	1 1 1 1 0 0 0 1 0 1 0 1 0 0 0 0
350	31	1 1 1 1 0 0 1 0 0 1 0 0 0 0 0 0
350	45	1 1 1 1 1 0 1 0 0 1 0 0 0 0 0 0
350	120	1 1 1 1 0 1 1 0 0 1 0 0 0 0 0 0
350	28	1 1 1 1 1 0 1 1 0 0 0 0 0 0 0 0
350	17	1 1 1 1 0 0 0 0 0 1 1 0 0 0 0 0
350	16	1 1 1 1 0 1 1 0 1 1 0 0 0 0 0 0
350	20	1 1 1 1 0 0 1 0 0 1 0 1 0 0 0 0
350	41	1 1 1 1 1 1 1 0 0 0 0 0 0 0 0 0
350	1	1 1 1 1 0 0 1 1 0 1 0 0 0 0 0 0
350	12	0 1 1 1 0 1 1 0 0 1 0 0 0 0 0 0
350	21	1 1 1 1 0 1 0 0 0 1 0 0 0 0 0 0
350	51	1 1 0 1 1 1 1 0 0 1 1 0 0 0 0 0
350	48	1 1 1 1 0 1 1 0 0 1 0 1 0 0 0 0
350	3	1 1 1 1 0 0 1 0 0 0 0 0 0 0 0 0
350	27	1 1 1 1 0 1 0 0 1 1 0 0 0 0 0 1
350	32	1 1 1 0 0 0 1 0 0 1 0 0 0 0 0 0
350	6	1 1 1 1 0 1 1 1 0 0 1 1 0 0 0 0
350	5	1 1 0 1 1 1 1 0 0 1 0 0 0 0 0 0
350	3	1 1 0 0 1 1 1 0 0 1 1 0 0 0 0 0
350	11	1 1 1 1 0 0 1 0 1 1 0 0 0 0 0 0
350	9	1 1 1 1 1 0 0 0 0 1 0 0 0 0 0 0
350	17	1 1 1 1 1 0 1 0 1 1 0 0 1 0 0 0
350	10	1 1 1 1 1 1 1 0 0 1 0 0 0 0 0 0
350	23	1 1 1 1 0 1 1 1 0 0 1 1 0 0 1 0
350	26	1 1 1 1 0 0 1 1 1 1 0 0 0 0 0 0
350	2	1 1 1 1 0 1 1 0 0 0 0 0 0 0 0 0
350	40	0 1 1 1 0 0 1 0 0 1 0 1 0 0 0 0
350	6	1 1 1 1 0 0 1 0 0 1 0 0 0 0 0 1
350	5	0 1 1 1 1 1 1 0 0 1 1 0 0 0 0 0
350	29	1 1 1 1 1 0 1 0 0 1 1 0 1 0 0 0
350	2	1 1 0 1 1 1 0 0 0 0 1 0 0 0 0 0
350	3	1 1 1 1 1 0 0 0 0 1 1 0 0 0 0 0
350	16	1 1 1 1 1 0 1 0 1 1 0 0 0 0 0 0
350	7	1 1 0 1 0 1 0 0 0 1 0 0 0 0 0 0
350	5	1 1 1 0 1 0 1 0 0 1 0 0 0 0 0 0
350	4	1 1 1 1 0 0 0 0 0 1 0 1 0 0 0 0
350	4	1 1 0 1 1 1 1 0 0 0 1 0 0 0 0 0
350	16	1 1 0 1 1 0 1 0 0 1 0 0 0 0 1 0
350	4	1 1 0 1 1 1 1 0 0 0 0 0 0 0 0 0
350	21	1 1 1 1 1 0 1 0 0 1 0 0 0 0 0 1
350	4	1 1 0 1 0 0 1 0 1 1 0 0 0 0 0 1
350	9	1 1 1 1 0 0 1 0 0 1 0 0 0 0 1 0
350	1	1 1 0 1 0 0 0 0 0 1 1 0 0 0 0 0
350	9	1 1 1 1 1 0 1 1 0 1 0 0 0 0 0 0
350	2	0 1 0 1 1 1 1 0 0 1 1 0 0 0 0 0
350	12	1 1 0 1 0 0 0 0 0 0 1 0 0 0 0 0
350	5	0 1 0 1 1 1 1 0 0 0 1 0 0 0 0 0
350	2	1 1 1 1 1 0 1 0 0 0 0 0 0 0 0 0
350	9	1 1 1 1 0 0 1 0 1 1 0 0 0 1 0 0
350	1	1 1 0 1 1 0 1 0 0 1 1 0 1 0 0 0
350	6	1 1 1 1 0 1 0 0 1 1 0 1 0 0 0 0
350	1	1 1 0 1 1 0 1 0 0 1 0 0 0 0 0 0
350	4	0 0 0 1 1 1 1 0 0 1 1 0 0 0 0 0
350	3	1 1 1 1 0 0 0 0 1 1 1 0 0 0 0 0
350	2	1 1 1 1 1 1 1 1 0 0 0 0 0 0 0 0
350	5	0 1 1 1 0 1 1 0 0 1 0 0 1 0 0 0
350	2	1 1 1 1 1 0 1 0 0 1 0 1 0 0 0 0
350	3	1 1 1 1 0 0 0 0 0 1 1 0 0 0 1 0
350	18	1 0 1 1 0 0 1 0 0 0 0 0 0 0 0 0
350	4	0 1 1 1 1 0 0 0 0 1 0 0 0 0 0 0
350	3	0 1 1 0 0 1 1 0 1 1 0 0 0 0 0 0
350	2	1 1 1 1 1 0 1 1 0 0 0 0 0 0 1 0
350	4	0 1 1 1 0 0 1 0 0 1 0 0 0 0 0 1
350	1	1 1 1 1 0 1 1 0 0 1 1 0 1 0 0 0
350	8	0 1 1 1 0 1 1 1 0 1 0 0 0 0 0 0
350	6	0 1 1 1 1 0 1 0 0 1 0 0 0 0 0 0
350	2	1 1 1 1 0 0 0 0 0 1 1 1 0 0 0 0
350	2	1 1 0 1 0 1 1 0 0 1 0 1 0 0 0 0
350	1	1 1 1 1 0 1 1 0 0 0 0 0 1 1 0 0
350	3	1 1 1 1 1 0 1 0 0 1 0 0 0 0 1 0
350	1	1 1 1 1 0 1 1 1 0 0 0 1 0 0 1 0
350	6	1 1 0 1 1 1 1 0 0 1 1 0 0 0 0 1
350	3	1 1 0 1 1 0 1 0 0 1 1 0 0 0 0 0
350	4	1 1 0 1 0 0 0 0 0 0 1 0 1 0 0 0
350	3	1 1 1 1 1 1 1 0 0 1 0 0 0 0 1 0
350	1	1 1 1 1 0 1 1 0 0 1 0 1 0 0 0 1
350	2	1 1 1 1 0 1 1 0 0 0 0 1 0 0 0 0
350	1	1 0 1 1 0 0 1 0 0 1 0 0 0 0 0 0
350	10	1 1 1 1 1 0 1 0 0 1 1 0 0 0 0 1
350	2	1 1 1 1 0 1 0 0 0 1 0 0 0 0 0 1
350	1	1 1 1 1 0 1 1 1 0 0 0 0 0 0 0 0
350	2	1 1 1 1 1 0 1 1 0 0 0 1 0 0 0 0
350	2	1 1 1 1 0 0 0 0 0 1 0 0 0 0 0 0
350	2	1 1 1 1 1 1 1 0 0 1 1 0 0 0 0 0
350	1	1 1 1 1 0 0 0 1 0 1 1 0 0 0 0 0
350	3	1 0 1 1 1 1 1 0 0 0 0 0 0 0 0 0
350	1	1 1 1 1 1 1 1 1 0 0 1 1 0 0 0 0
350	1	1 1 1 1 0 0 1 0 0 1 1 1 0 0 0 0
350	3	1 1 1 1 0 1 1 0 0 0 1 1 0 0 1 0
350	2	1 1 1 0 0 0 1 0 0 1 1 0 0 0 0 0
350	3	1 1 1 1 1 0 1 0 1 1 1 0 0 0 0 0
350	2	1 1 0 1 0 1 1 0 1 1 0 0 0 0 0 0
350	3	1 1 1 1 0 1 1 0 0 1 0 0 0 0 1 0
350	3	1 1 1 1 0 1 1 0 0 1 0 0 1 0 0 0
350	2	1 1 1 1 0 1 1 0 0 1 0 1 0 1 0 0
350	2	0 1 1 1 1 1 1 1 0 1 1 0 0 0 0 0
350	1	1 1 1 1 0 0 1 0 0 1 0 1 0 0 1 0
350	1	1 0 0 1 1 0 1 0 0 1 1 0 1 0 0 0
350	4	1 0 1 1 0 1 1 0 0 0 0 1 0 0 0 0
350	1	1 1 1 1 0 1 1 0 0 1 1 0 0 0 0 1
350	2	1 1 1 1 0 0 0 0 0 0 1 0 0 0 0 0
350	1	0 1 1 1 1 0 1 0 1 1 0 0 1 0 0 0
350	1	1 0 0 1 0 1 0 0 0 1 0 0 0 0 0 0
350	2	0 1 1 1 0 0 0 0 0 1 0 0 0 0 0 1
400	29	1 1 1 1 0 0 1 0 0 1 0 0 0 0 0 0
400	78	1 1 1 1 1 0 1 0 0 1 0 0 0 0 0 0
400	153	1 1 1 1 0 1 1 0 0 1 0 0 0 0 0 0
400	71	1 1 1 1 0 1 1 0 1 1 0 0 0 0 0 0
400	20	1 1 0 1 1 1 1 0 0 1 1 0 0 0 0 0
400	63	1 1 1 1 0 1 1 0 0 1 0 1 0 0 0 0
400	9	1 1 1 1 1 0 1 0 1 1 0 0 1 0 0 0
400	4	1 1 1 1 0 0 1 1 1 1 0 0 0 0 0 0
400	17	0 1 1 1 0 0 1 0 0 1 0 1 0 0 0 0
400	7	1 1 1 1 1 0 1 0 0 1 1 0 1 0 0 0
400	25	1 1 0 1 1 1 0 0 0 0 1 0 0 0 0 0
400	11	1 1 0 1 1 0 1 0 0 1 0 0 0 0 1 0
400	17	1 1 0 1 0 0 0 0 0 0 1 0 0 0 0 0
400	2	1 1 0 1 1 0 1 0 0 1 1 1 1 0 0 0
400	3	0 1 0 1 1 1 1 0 0 1 1 0 0 0 0 0
400	18	1 0 1 1 0 1 1 0 0 1 0 0 0 0 0 0
400	18	1 1 1 1 0 0 0 0 0 1 0 0 0 0 1 0
400	58	1 1 1 1 0 0 0 0 1 1 0 0 0 0 0 0
400	6	1 1 1 1 0 0 1 1 0 1 0 1 0 0 0 0
400	13	1 1 1 1 1 1 1 0 0 0 0 0 0 1 0 0
400	10	1 1 1 1 0 1 1 0 0 1 0 1 0 1 0 0
400	46	1 1 1 0 0 0 1 0 1 1 0 0 0 0 0 0
400	9	1 1 1 1 0 1 1 0 0 1 0 0 1 0 0 0
400	6	1 1 1 1 0 0 1 1 1 1 0 0 0 0 0 1
400	8	0 1 1 1 1 0 1 0 0 0 0 0 0 0 0 0
400	8	1 1 1 1 0 0 1 0 1 1 0 0 0 0 1 0
400	17	1 1 1 0 1 0 1 0 0 1 0 0 0 0 0 0
400	8	1 1 1 1 1 1 1 0 0 1 0 0 0 0 0 0
400	25	1 1 1 1 1 0 1 0 0 1 1 0 1 0 1 0
400	7	1 1 1 1 1 0 1 0 0 0 1 0 0 0 0 0
400	2	1 1 0 1 0 1 0 0 0 0 0 0 0 0 0 0
400	11	1 1 1 0 0 1 1 0 0 1 0 0 0 0 0 0
400	11	1 1 0 1 0 1 0 0 1 1 0 1 0 0 0 0
400	18	0 1 1 1 0 1 1 0 0 1 0 0 0 0 0 0
400	2	1 1 1 0 1 0 1 0 0 1 1 0 1 0 0 0
400	2	1 1 0 1 1 1 0 1 0 0 1 0 0 0 0 0
400	20	0 1 1 1 0 1 1 0 0 1 0 0 1 0 0 0
400	8	0 1 1 1 1 1 1 0 0 0 0 0 0 0 0 0
400	1	1 1 1 1 0 1 0 0 0 1 0 1 0 1 0 0
400	4	1 1 0 1 0 0 1 0 0 1 1 0 0 0 1 0
400	4	1 1 1 1 0 0 1 0 0 1 0 1 0 0 0 0
400	6	1 1 1 1 0 1 1 0 1 0 0 0 0 0 0 0
400	17	1 1 1 1 1 0 1 0 0 0 1 0 0 0 1 0
400	1	1 0 1 1 0 1 1 0 0 1 0 1 0 0 0 0
400	8	1 1 1 1 1 0 1 0 1 1 1 0 0 0 0 1
400	1	1 1 0 1 0 0 0 0 0 0 1 1 0 0 0 0
400	2	1 1 1 1 1 1 1 0 0 0 0 0 0 1 0 1
400	4	1 1 1 0 1 0 1 0 0 1 1 0 0 0 0 0
400	2	0 1 0 1 0 1 0 0 1 1 0 1 0 0 0 0
400	2	1 1 0 1 0 0 0 0 1 1 0 0 0 0 0 0
400	2	1 1 1 1 0 1 1 0 0 1 0 0 0 1 0 0
400	4	1 1 1 1 0 1 1 0 0 1 0 0 0 0 1 0
400	12	1 1 0 1 0 0 0 1 0 0 1 0 0 0 0 0
400	5	1 1 0 1 1 1 1 0 0 0 0 0 0 1 0 0
400	2	1 1 1 1 1 1 0 1 0 0 1 0 0 0 0 0
400	1	1 1 0 1 1 1 0 0 1 1 0 1 0 0 0 0
400	1	1 1 1 1 0 0 0 0 0 1 0 1 0 1 0 0
400	1	1 1 1 1 1 1 0 0 0 0 0 0 0 1 0 1
400	13	0 1 1 1 1 0 1 0 0 1 0 0 0 0 0 0
400	5	1 0 1 1 0 1 1 1 0 1 0 0 0 0 0 0
400	5	1 1 1 1 0 0 0 1 1 1 0 0 0 0 0 0
400	2	0 1 1 1 1 0 1 0 1 1 0 0 0 0 0 0
400	4	1 1 1 1 0 0 0 0 0 1 0 0 1 0 1 0
400	3	1 1 1 1 1 0 1 0 0 0 1 0 0 0 1 1
400	2	1 0 1 1 0 1 1 1 1 1 0 0 1 0 0 0
400	1	1 1 1 1 1 0 1 0 0 0 0 0 0 0 0 0
400	2	1 1 0 1 0 1 1 0 0 1 0 0 0 0 0 0
400	7	1 1 1 1 0 1 1 0 1 1 0 0 0 0 1 0
400	1	1 1 1 1 1 1 1 0 0 1 0 0 0 1 0 0
400	4	1 1 1 1 0 0 1 0 0 1 1 0 1 0 0 0
400	5	1 1 1 1 1 1 0 0 0 0 1 0 0 0 0 0
400	1	1 1 1 1 1 1 1 0 1 1 0 0 0 0 0 0
400	2	1 1 0 1 0 1 1 0 0 1 0 1 0 0 0 0
400	3	1 1 1 1 0 0 1 0 1 1 0 0 0 0 0 0
400	1	1 1 0 1 1 1 0 0 0 1 1 0 0 0 0 0
400	2	1 1 1 1 0 1 1 0 1 1 0 1 0 0 0 0
400	5	1 1 1 1 1 0 1 0 1 1 0 0 0 0 0 0
400	5	1 1 1 0 1 0 1 0 1 1 0 0 0 0 0 0
400	2	1 1 1 0 1 1 1 0 0 1 0 0 0 0 0 0
400	1	1 1 1 1 0 1 1 0 0 1 1 0 0 0 0 0
400	1	1 1 0 1 1 0 1 0 0 1 0 0 0 0 0 0
400	1	1 1 0 1 1 1 1 0 0 0 1 0 0 0 0 0
400	2	1 1 1 1 0 1 1 0 0 0 0 0 0 1 0 0
