0	250	0 0 1 0 1 0 0 0 1 0 0 0 0 0 0 0
0	250	0 0 1 0 1 0 0 0 0 0 1 0 0 0 0 0
0	250	0 0 0 0 1 0 0 0 0 0 0 1 1 1 0 0
0	250	0 0 1 0 0 0 0 0 0 0 0 0 0 0 0 0
20	191	0 0 1 0 1 0 0 0 1 0 0 0 0 0 0 0
20	424	0 0 1 0 1 0 0 0 0 0 1 0 0 0 0 0
20	82	0 0 0 0 1 0 0 0 0 0 0 1 1 1 0 0
20	30	0 0 1 0 0 0 0 0 0 0 0 0 0 0 0 0
20	11	0 0 1 0 0 0 0 0 0 0 1 0 0 0 0 0
20	29	0 0 1 0 0 0 0 0 1 0 0 0 0 0 0 0
20	3	0 0 1 0 1 0 0 0 1 0 0 0 1 0 0 0
20	5	0 0 1 0 1 1 0 0 1 0 0 0 0 0 0 0
20	16	0 0 0 0 1 0 0 0 0 0 1 0 0 0 0 0
20	5	0 1 0 0 1 0 0 0 0 0 0 1 1 1 0 0
20	33	0 0 1 0 1 0 0 0 0 0 0 0 0 0 0 0
20	1	0 0 0 0 1 0 0 0 1 0 0 0 0 0 0 0
20	28	0 0 1 1 1 0 0 0 1 0 0 0 0 0 0 0
20	10	0 0 1 0 1 0 0 0 1 0 0 0 0 0 0 1
20	11	0 0 1 0 0 0 0 0 0 0 0 0 0 0 1 0
20	8	0 0 1 0 1 0 0 0 0 0 1 0 1 0 0 0
20	5	0 0 1 0 1 0 0 0 0 0 0 1 1 0 0 0
20	1	0 0 1 0 1 0 0 0 0 0 0 1 1 1 0 0
20	2	0 0 1 0 0 0 0 0 0 0 0 1 1 1 0 0
20	3	0 1 1 0 1 0 0 0 1 0 0 0 0 0 0 0
20	6	0 0 1 0 1 0 0 0 1 0 0 0 0 1 0 0
20	5	0 0 1 0 1 0 1 0 0 0 1 0 0 0 0 0
20	17	0 0 1 0 1 0 0 0 0 0 1 0 0 0 0 1
20	8	1 0 1 0 1 0 0 0 0 0 1 0 0 0 0 0
20	12	0 0 1 0 1 0 0 0 1 0 1 0 0 0 0 0
20	6	0 0 1 0 1 0 0 1 0 0 1 0 0 0 0 0
20	4	0 1 0 0 1 0 0 0 1 0 0 0 0 0 0 0
20	4	0 0 1 0 1 0 0 0 1 0 0 1 0 0 0 0
20	1	0 0 1 0 1 0 1 0 1 0 0 0 0 0 0 0
20	1	0 0 0 0 1 0 0 0 0 0 0 0 0 0 0 0
20	3	0 1 0 0 1 0 0 0 0 0 0 0 0 0 0 0
20	2	0 0 1 1 1 0 0 0 0 0 1 0 0 0 0 0
20	4	0 0 1 0 1 0 0 0 0 1 1 0 1 0 0 0
20	1	0 1 0 0 1 0 0 0 0 0 0 1 0 0 0 0
20	4	1 0 1 0 1 0 0 0 1 0 0 0 0 0 0 0
20	1	0 0 1 0 0 0 0 0 1 0 0 0 0 0 0 1
20	1	0 0 1 0 1 0 0 0 0 1 1 0 0 0 0 0
20	2	0 0 0 0 1 0 0 0 0 0 0 1 1 0 0 0
20	2	0 0 1 0 1 0 0 0 1 0 0 1 1 1 0 0
20	7	0 0 1 0 1 0 0 0 0 0 1 1 0 0 0 0
20	3	0 0 1 0 1 1 0 0 0 0 1 0 0 0 0 0
20	3	0 0 1 0 1 0 0 0 0 0 1 0 0 1 0 0
20	2	0 0 1 0 1 0 0 0 0 0 1 0 0 0 1 0
20	2	0 1 0 0 1 0 0 0 0 0 1 0 0 0 0 0
20	1	0 0 1 0 1 0 0 0 0 0 0 0 0 1 0 0
40	161	0 0 1 0 1 0 0 0 1 0 0 0 0 0 0 0
40	357	0 0 1 0 1 0 0 0 0 0 1 0 0 0 0 0
40	44	0 0 0 0 1 0 0 0 0 0 0 1 1 1 0 0
40	11	0 0 1 0 0 0 0 0 0 0 0 0 0 0 0 0
40	7	0 0 1 0 0 0 0 0 0 0 1 0 0 0 0 0
40	29	0 0 0 0 1 0 0 0 0 0 1 0 0 0 0 0
40	33	0 0 1 0 1 0 0 0 0 0 0 0 0 0 0 0
40	21	0 0 0 0 1 0 0 0 1 0 0 0 0 0 0 0
40	53	0 0 1 1 1 0 0 0 1 0 0 0 0 0 0 0
40	16	0 0 1 0 1 0 0 0 0 0 1 0 1 0 0 0
40	5	0 0 1 0 1 0 0 0 0 0 0 1 1 1 0 0
40	7	0 1 1 0 1 0 0 0 1 0 0 0 0 0 0 0
40	4	0 0 1 0 1 0 0 0 1 0 0 0 0 1 0 0
40	13	0 0 1 0 1 0 1 0 0 0 1 0 0 0 0 0
40	10	0 0 1 0 1 0 0 0 0 0 1 0 0 0 0 1
40	13	1 0 1 0 1 0 0 0 0 0 1 0 0 0 0 0
40	7	0 0 1 0 1 0 0 0 1 0 1 0 0 0 0 0
40	5	0 0 1 0 1 0 0 1 0 0 1 0 0 0 0 0
40	8	1 0 1 0 1 0 0 0 1 0 0 0 0 0 0 0
40	30	0 0 1 0 1 1 0 0 0 0 1 0 0 0 0 0
40	4	0 0 1 0 1 0 0 0 0 0 1 0 0 0 1 0
40	13	0 1 1 0 1 0 0 0 0 0 1 0 0 0 0 0
40	1	0 0 0 0 1 0 1 0 0 0 0 1 1 1 0 0
40	6	0 0 1 0 1 0 0 0 0 1 0 0 1 0 0 0
40	4	0 0 1 0 1 0 0 0 1 1 0 0 0 0 0 0
40	3	0 1 0 0 1 0 0 0 0 0 1 0 0 0 0 0
40	1	0 0 1 0 1 0 0 0 1 0 1 0 0 0 0 1
40	5	1 0 1 0 1 0 0 1 0 0 1 0 0 0 0 0
40	8	1 0 1 0 1 0 0 0 0 0 1 1 0 0 0 0
40	18	1 0 1 0 1 0 0 0 0 0 0 0 0 0 0 0
40	11	1 0 0 0 1 0 0 0 0 0 0 1 1 1 0 0
40	1	0 0 1 0 1 0 0 0 0 0 0 1 1 0 1 0
40	7	0 0 0 0 1 0 1 0 0 0 1 1 1 1 0 0
40	5	0 0 1 0 1 0 0 1 1 0 0 0 0 0 0 0
40	5	0 0 1 0 1 1 0 0 1 0 0 0 0 0 0 0
40	3	0 0 1 0 1 0 0 0 0 0 1 0 0 1 0 0
40	14	0 0 1 0 1 0 0 0 1 0 0 0 1 0 0 0
40	9	0 0 1 0 1 0 0 0 1 0 0 0 0 0 0 1
40	7	1 0 0 0 1 0 0 0 0 0 0 0 0 0 0 0
40	1	0 0 1 0 1 0 1 0 1 0 0 0 0 0 0 0
40	2	1 0 1 0 1 0 0 0 1 0 1 0 0 0 0 1
40	5	0 0 1 0 1 0 0 0 0 1 0 0 0 0 0 0
40	1	0 0 1 0 1 0 0 0 0 0 0 1 0 0 0 0
40	4	0 0 0 0 1 0 1 1 0 0 0 1 1 1 0 0
40	5	0 0 1 0 1 1 0 0 1 0 0 0 0 1 0 0
40	3	0 0 1 0 1 0 0 0 0 1 1 0 0 0 0 0
40	3	0 0 1 0 1 0 1 0 0 0 0 0 0 0 0 0
40	1	0 1 0 0 1 0 0 0 0 0 0 0 0 0 0 0
40	3	0 0 1 0 1 0 0 0 0 0 1 1 1 0 0 0
40	3	0 0 1 0 1 0 0 0 1 0 0 1 0 0 0 0
40	1	0 1 1 0 1 0 1 0 0 0 1 0 0 0 0 0
40	3	0 0 0 0 1 0 1 0 0 0 1 0 1 1 0 0
40	1	1 0 1 0 1 0 0 0 1 0 0 0 0 0 1 0
40	1	0 0 1 0 1 1 0 0 0 0 0 0 0 0 0 0
40	1	0 0 1 1 1 0 0 0 0 0 1 0 0 0 0 0
40	2	0 0 1 0 1 1 0 0 0 0 1 0 0 0 0 1
40	1	1 0 1 0 1 1 0 0 0 0 1 0 0 0 0 0
60	97	0 0 1 0 1 0 0 0 1 0 0 0 0 0 0 0
60	295	0 0 1 0 1 0 0 0 0 0 1 0 0 0 0 0
60	9	0 0 0 0 1 0 0 0 0 0 0 1 1 1 0 0
60	10	0 0 0 0 1 0 0 0 0 0 1 0 0 0 0 0
60	46	0 0 1 0 1 0 0 0 0 0 0 0 0 0 0 0
60	4	0 0 0 0 1 0 0 0 1 0 0 0 0 0 0 0
60	19	0 0 1 1 1 0 0 0 1 0 0 0 0 0 0 0
60	7	0 0 1 0 1 0 0 0 0 0 1 0 1 0 0 0
60	6	0 0 1 0 1 0 0 0 1 0 0 0 0 1 0 0
60	14	0 0 1 0 1 0 1 0 0 0 1 0 0 0 0 0
60	52	0 0 1 0 1 0 0 0 0 0 1 0 0 0 0 1
60	37	1 0 1 0 1 0 0 0 0 0 1 0 0 0 0 0
60	18	0 0 1 0 1 0 0 0 1 0 1 0 0 0 0 0
60	8	0 0 1 0 1 0 0 1 0 0 1 0 0 0 0 0
60	39	1 0 1 0 1 0 0 0 1 0 0 0 0 0 0 0
60	21	0 0 1 0 1 1 0 0 0 0 1 0 0 0 0 0
60	7	0 0 1 0 1 0 0 0 0 0 1 0 0 0 1 0
60	1	0 1 1 0 1 0 0 0 0 0 1 0 0 0 0 0
60	16	0 0 1 0 1 0 0 0 1 1 0 0 0 0 0 0
60	6	1 0 1 0 1 0 0 1 0 0 1 0 0 0 0 0
60	12	1 0 1 0 1 0 0 0 0 0 0 0 0 0 0 0
60	1	0 0 0 0 1 0 1 0 0 0 1 1 1 1 0 0
60	32	0 0 1 0 1 0 0 1 1 0 0 0 0 0 0 0
60	7	0 0 1 0 1 0 0 0 1 0 0 0 1 0 0 0
60	3	1 0 0 0 1 0 0 0 0 0 0 0 0 0 0 0
60	2	0 0 1 0 1 0 1 0 1 0 0 0 0 0 0 0
60	3	0 0 1 0 1 0 0 0 0 1 0 0 0 0 0 0
60	15	0 0 1 0 1 1 0 0 1 0 0 0 0 1 0 0
60	7	0 0 1 0 1 0 0 0 0 1 1 0 0 0 0 0
60	6	0 0 1 0 1 0 0 0 1 0 0 1 0 0 0 0
60	15	1 0 1 0 1 0 0 0 1 0 0 0 0 0 1 0
60	10	0 0 1 1 1 0 0 0 1 0 1 0 0 0 0 0
60	21	0 0 1 0 1 1 0 1 0 0 1 0 0 0 0 0
60	13	0 0 1 0 1 0 0 0 0 0 1 1 0 0 0 0
60	21	1 0 1 0 1 1 0 0 0 0 1 0 0 0 0 0
60	5	1 0 0 0 1 0 1 0 0 0 0 1 1 1 0 0
60	4	0 0 1 1 1 0 0 0 0 0 1 0 0 0 0 0
60	3	0 0 1 0 1 0 0 0 0 1 0 1 0 0 0 0
60	2	0 0 1 0 1 0 0 0 0 0 1 1 1 1 0 0
60	13	0 0 1 0 1 0 0 1 0 0 0 0 0 0 0 0
60	6	0 0 1 0 1 0 0 1 0 0 1 0 0 0 0 1
60	11	0 0 1 0 1 1 0 0 1 0 0 0 0 0 0 0
60	3	0 1 1 0 1 0 0 0 1 0 0 0 0 0 0 0
60	6	0 1 1 0 1 0 0 0 0 1 0 0 0 0 0 0
60	2	0 0 1 0 1 0 0 0 1 0 0 0 0 0 1 0
60	7	0 0 0 0 1 1 0 0 1 0 0 0 0 0 0 0
60	2	0 0 0 0 1 0 0 0 0 0 1 1 0 0 0 0
60	1	0 0 1 0 1 0 0 1 1 0 0 0 0 0 1 0
60	7	0 0 1 0 0 0 0 0 1 0 0 0 0 0 0 0
60	2	0 0 0 0 1 0 0 0 0 0 0 1 0 1 0 0
60	2	0 0 1 0 1 0 0 1 1 0 0 1 0 0 0 0
60	1	1 1 0 0 1 0 0 0 0 0 0 0 0 0 0 0
60	1	1 0 1 0 1 1 0 0 0 0 1 0 0 0 0 1
60	2	1 0 1 0 1 1 0 0 0 0 1 0 0 1 0 0
60	1	1 0 1 0 1 0 0 0 0 0 0 1 1 1 0 0
60	3	0 0 1 1 1 0 0 0 1 0 0 0 0 0 0 1
60	4	0 0 1 0 1 0 0 0 0 0 0 0 0 1 0 0
60	3	1 0 1 0 1 0 0 0 0 0 1 0 0 0 0 1
60	2	0 0 1 1 1 0 0 0 1 1 0 0 0 0 0 0
60	1	0 0 1 0 1 0 0 0 1 0 0 1 0 1 0 0
60	2	0 0 0 0 1 1 0 0 0 0 1 1 0 0 0 0
60	2	0 0 1 0 1 0 0 0 0 0 0 1 0 0 0 0
60	3	0 0 1 1 1 0 0 0 1 0 0 0 0 1 0 0
60	2	0 0 1 1 1 0 1 0 1 0 0 0 0 0 0 0
60	3	0 0 1 0 1 0 0 0 0 0 1 0 0 1 0 1
60	2	0 0 1 0 1 1 0 0 0 0 1 0 0 0 1 0
60	5	1 0 1 0 1 0 0 0 0 0 1 0 0 0 1 0
60	1	0 0 1 0 1 0 1 0 1 1 0 0 0 0 0 0
60	1	0 1 1 0 1 0 1 0 0 0 1 0 0 0 0 0
60	2	0 0 1 0 1 0 0 0 0 0 1 1 0 0 0 1
60	1	1 0 1 0 1 0 1 0 1 0 0 0 0 0 0 0
60	1	1 1 1 0 1 0 0 0 1 0 0 0 0 0 0 0
60	1	1 0 0 0 1 0 0 0 0 0 0 0 1 0 0 0
80	130	0 0 1 0 1 0 0 0 1 0 0 0 0 0 0 0
80	186	0 0 1 0 1 0 0 0 0 0 1 0 0 0 0 0
80	8	0 0 0 0 1 0 0 0 0 0 1 0 0 0 0 0
80	79	0 0 1 0 1 0 0 0 0 0 0 0 0 0 0 0
80	8	0 0 0 0 1 0 0 0 1 0 0 0 0 0 0 0
80	19	0 0 1 1 1 0 0 0 1 0 0 0 0 0 0 0
80	13	0 0 1 0 1 0 0 0 0 0 1 0 1 0 0 0
80	22	0 0 1 0 1 0 1 0 0 0 1 0 0 0 0 0
80	17	0 0 1 0 1 0 0 0 0 0 1 0 0 0 0 1
80	32	1 0 1 0 1 0 0 0 0 0 1 0 0 0 0 0
80	18	0 0 1 0 1 0 0 0 1 0 1 0 0 0 0 0
80	8	0 0 1 0 1 0 0 1 0 0 1 0 0 0 0 0
80	66	1 0 1 0 1 0 0 0 1 0 0 0 0 0 0 0
80	11	0 0 1 0 1 1 0 0 0 0 1 0 0 0 0 0
80	6	0 0 1 0 1 0 0 0 1 1 0 0 0 0 0 0
80	15	1 0 1 0 1 0 0 0 0 0 0 0 0 0 0 0
80	13	0 0 1 0 1 0 0 1 1 0 0 0 0 0 0 0
80	24	0 0 1 0 1 0 0 0 1 0 0 0 1 0 0 0
80	3	0 0 1 0 1 0 0 0 0 1 0 0 0 0 0 0
80	28	0 0 1 0 1 1 0 0 1 0 0 0 0 1 0 0
80	9	0 0 1 0 1 0 0 0 0 1 1 0 0 0 0 0
80	10	1 0 1 0 1 0 0 0 1 0 0 0 0 0 1 0
80	3	0 0 1 1 1 0 0 0 1 0 1 0 0 0 0 0
80	6	0 0 1 0 1 1 0 1 0 0 1 0 0 0 0 0
80	21	0 0 1 0 1 0 0 0 0 0 1 1 0 0 0 0
80	24	1 0 1 0 1 1 0 0 0 0 1 0 0 0 0 0
80	23	0 0 1 1 1 0 0 0 0 0 1 0 0 0 0 0
80	15	0 0 1 0 1 0 0 1 0 0 1 0 0 0 0 1
80	3	0 0 1 0 1 0 0 0 1 0 0 0 0 0 1 0
80	3	0 0 1 0 1 0 0 0 0 0 0 0 0 1 0 0
80	2	0 0 1 0 1 0 1 0 1 0 0 0 1 0 0 0
80	10	0 0 1 0 1 0 0 0 0 1 1 0 1 0 0 0
80	5	0 0 1 0 0 0 0 0 0 0 1 0 0 0 0 0
80	25	1 0 1 0 1 0 0 0 0 0 1 0 1 0 0 0
80	2	0 0 1 0 1 0 0 0 0 0 0 0 1 0 0 0
80	3	1 0 0 0 1 0 1 0 0 0 1 1 1 1 0 0
80	15	1 0 1 0 1 0 0 1 0 0 1 0 0 0 1 0
80	2	0 0 1 0 1 0 0 0 0 0 1 0 0 1 0 0
80	6	0 0 1 0 1 0 1 0 1 0 1 0 0 0 0 0
80	1	0 1 1 0 1 0 0 0 0 0 1 1 0 0 0 0
80	11	0 1 1 0 1 0 0 0 0 1 0 1 0 0 0 0
80	10	0 0 0 0 1 0 0 0 0 0 1 0 0 1 0 0
80	6	0 1 1 0 1 0 0 0 0 0 1 0 0 1 0 0
80	1	0 0 0 0 1 0 0 0 1 0 0 1 0 0 0 0
80	4	0 0 1 0 1 0 0 0 0 0 1 0 0 0 1 1
80	1	0 0 1 0 1 1 0 1 0 1 1 0 0 0 0 0
80	1	1 1 1 0 1 0 0 0 1 0 0 0 0 0 0 0
80	2	1 0 1 0 1 0 0 0 1 1 0 0 0 0 0 0
80	3	0 0 1 1 1 0 1 0 0 0 1 0 0 0 0 0
80	4	0 0 1 0 1 0 0 0 1 0 1 0 1 0 0 0
80	1	0 0 1 0 1 1 0 1 0 0 0 0 0 0 0 0
80	7	0 0 1 0 1 0 0 1 0 0 1 0 0 0 1 0
80	4	1 0 0 0 1 0 1 0 0 0 0 1 1 1 0 0
80	7	0 0 1 1 1 0 0 0 0 0 0 0 0 1 0 0
80	2	0 0 1 0 0 1 0 0 1 0 0 0 0 1 0 0
80	4	0 0 0 0 1 0 1 0 0 0 0 0 0 0 0 0
80	6	0 0 1 0 1 1 0 0 0 0 0 0 0 0 0 0
80	3	1 0 1 0 1 0 0 0 0 0 1 0 0 1 0 0
80	2	0 0 1 0 1 0 0 0 1 0 0 0 0 0 0 1
80	3	0 0 1 0 1 0 0 0 0 0 0 0 0 0 0 1
80	4	0 1 1 0 1 0 1 0 0 0 1 0 0 0 0 0
80	1	1 0 1 0 1 0 0 0 0 0 1 1 0 0 0 0
80	1	0 0 1 0 0 0 0 0 1 1 0 0 0 0 0 0
80	4	1 1 1 0 1 0 0 0 1 0 0 0 0 0 1 0
80	2	0 0 1 0 1 0 1 0 0 0 1 0 0 1 0 0
80	5	1 0 1 0 1 0 0 0 1 0 1 0 0 0 0 0
80	2	0 0 1 0 1 1 0 0 1 0 0 0 0 0 0 0
80	2	0 0 1 0 0 0 0 0 1 0 0 0 1 0 0 0
80	1	0 0 1 0 1 0 0 0 0 1 1 0 0 0 1 0
80	1	0 0 1 1 1 0 0 0 0 1 1 0 1 0 0 0
80	1	1 0 0 0 1 1 1 0 0 0 1 1 1 1 0 0
100	75	0 0 1 0 1 0 0 0 1 0 0 0 0 0 0 0
100	98	0 0 1 0 1 0 0 0 0 0 1 0 0 0 0 0
100	86	0 0 1 0 1 0 0 0 0 0 0 0 0 0 0 0
100	5	0 0 1 1 1 0 0 0 1 0 0 0 0 0 0 0
100	3	0 0 1 0 1 0 0 0 0 0 1 0 1 0 0 0
100	38	0 0 1 0 1 0 1 0 0 0 1 0 0 0 0 0
100	44	0 0 1 0 1 0 0 0 0 0 1 0 0 0 0 1
100	40	1 0 1 0 1 0 0 0 0 0 1 0 0 0 0 0
100	22	0 0 1 0 1 0 0 0 1 0 1 0 0 0 0 0
100	22	0 0 1 0 1 0 0 1 0 0 1 0 0 0 0 0
100	60	1 0 1 0 1 0 0 0 1 0 0 0 0 0 0 0
100	8	0 0 1 0 1 1 0 0 0 0 1 0 0 0 0 0
100	11	1 0 1 0 1 0 0 0 0 0 0 0 0 0 0 0
100	44	0 0 1 0 1 0 0 1 1 0 0 0 0 0 0 0
100	44	0 0 1 0 1 0 0 0 1 0 0 0 1 0 0 0
100	7	0 0 1 0 1 1 0 0 1 0 0 0 0 1 0 0
100	16	1 0 1 0 1 0 0 0 1 0 0 0 0 0 1 0
100	11	0 0 1 1 1 0 0 0 1 0 1 0 0 0 0 0
100	10	0 0 1 0 1 0 0 0 0 0 1 1 0 0 0 0
100	35	1 0 1 0 1 1 0 0 0 0 1 0 0 0 0 0
100	6	0 0 1 1 1 0 0 0 0 0 1 0 0 0 0 0
100	14	1 0 1 0 1 0 0 0 0 0 1 0 1 0 0 0
100	14	1 0 1 0 1 0 0 1 0 0 1 0 0 0 1 0
100	5	0 0 1 0 1 0 0 0 0 0 1 0 0 1 0 0
100	2	0 0 1 0 1 0 1 0 1 0 1 0 0 0 0 0
100	21	0 1 1 0 1 0 0 0 0 0 1 0 0 1 0 0
100	5	1 0 1 0 1 0 0 0 1 1 0 0 0 0 0 0
100	9	0 0 1 1 1 0 0 0 0 0 0 0 0 1 0 0
100	19	0 0 1 0 1 1 0 0 0 0 0 0 0 0 0 0
100	16	1 0 1 0 1 0 0 0 0 0 1 0 0 1 0 0
100	2	0 1 1 0 1 0 1 0 0 0 1 0 0 0 0 0
100	3	1 0 1 0 1 0 0 0 1 0 1 0 0 0 0 0
100	11	1 0 1 0 1 0 0 0 0 1 1 0 1 0 0 0
100	21	0 1 1 0 1 0 0 0 0 0 1 1 0 0 0 0
100	7	0 1 1 0 1 0 0 0 0 1 1 0 0 0 0 0
100	5	0 0 1 0 0 1 0 0 0 0 1 0 0 0 0 0
100	12	0 0 1 0 1 0 0 1 0 0 0 0 0 0 0 0
100	2	0 0 1 0 1 0 0 0 1 0 0 0 0 0 1 0
100	6	1 0 1 0 1 0 0 1 1 0 0 0 0 0 0 0
100	9	1 0 0 0 1 0 0 0 1 0 0 0 0 0 0 0
100	9	0 1 1 0 1 0 0 0 0 0 0 0 0 0 0 0
100	4	1 0 1 0 1 1 0 0 1 0 0 0 0 1 0 0
100	3	1 0 1 0 1 0 0 0 0 0 1 0 0 0 1 0
100	2	0 0 1 1 1 1 0 0 0 0 0 0 0 1 0 0
100	10	1 0 1 0 0 0 0 0 0 1 1 0 1 0 0 0
100	2	0 1 1 0 1 0 0 0 1 0 0 0 1 0 0 0
100	3	0 1 1 0 1 0 0 0 1 0 0 0 0 0 0 0
100	9	1 0 1 0 1 0 1 0 0 0 1 0 0 0 0 0
100	5	1 0 1 0 1 0 0 1 0 0 1 0 0 0 0 0
100	5	0 0 1 0 1 1 1 0 1 0 1 0 0 0 0 0
100	3	1 0 1 0 1 0 0 0 0 1 1 0 1 0 1 0
100	6	1 0 1 0 1 1 0 0 1 0 0 0 0 1 1 0
100	3	0 0 1 1 1 1 0 0 0 0 1 0 0 0 0 0
100	4	0 0 1 0 1 0 0 0 1 0 0 0 0 0 0 1
100	2	0 0 1 0 1 0 0 0 0 1 0 0 0 0 0 0
100	2	1 0 1 0 1 0 0 0 1 0 0 0 0 1 0 0
100	1	1 0 1 0 0 1 0 0 0 0 1 0 0 0 0 0
100	6	1 0 1 0 0 0 0 1 1 0 0 0 0 0 0 0
100	1	0 0 1 0 1 1 0 0 1 0 1 0 0 1 0 0
100	13	0 0 1 0 0 0 0 0 1 0 0 0 0 0 0 0
100	2	0 0 1 0 0 0 0 0 0 0 0 0 0 0 0 0
100	1	0 0 1 0 1 0 0 0 1 0 1 0 1 0 0 0
100	7	1 0 1 0 1 0 0 0 1 0 0 1 0 0 0 0
100	4	1 0 0 1 1 0 0 0 1 0 0 0 0 0 0 0
100	1	0 0 1 0 1 0 0 1 1 0 1 0 0 0 0 1
100	1	1 0 0 0 1 0 0 0 1 0 0 0 0 0 1 0
100	1	1 0 1 0 1 0 0 0 0 1 0 0 1 0 0 0
100	2	0 0 0 0 1 0 0 0 0 0 0 0 0 0 0 0
100	1	0 0 1 1 0 0 0 0 0 0 1 0 0 0 0 0
100	1	1 0 1 0 1 1 0 0 0 0 1 0 0 0 1 0
100	1	1 0 1 1 0 0 0 0 0 1 1 0 1 0 0 0
100	2	0 0 1 0 1 0 0 0 0 1 1 0 0 0 0 0
100	1	0 0 1 1 1 0 0 0 0 0 0 0 0 0 0 0
100	1	0 0 1 0 1 0 0 0 0 0 0 0 0 0 1 0
100	1	0 1 1 0 1 0 0 0 0 0 1 0 0 0 0 1
100	1	1 0 1 1 1 0 0 0 1 0 0 0 0 0 0 0
100	1	0 0 1 0 1 0 0 1 1 0 1 0 0 0 0 0
100	1	0 0 1 0 1 0 0 1 1 0 0 0 0 0 0 1
100	2	1 0 1 0 1 0 0 0 1 0 0 0 1 0 0 0
100	1	1 0 1 0 1 0 0 0 0 0 1 1 1 0 0 0
100	3	1 0 1 0 1 0 0 1 0 0 0 0 0 0 1 0
100	1	0 1 1 0 1 0 1 1 0 0 1 0 0 0 0 0
100	2	0 1 1 0 0 0 0 0 0 0 1 1 0 0 0 0
120	55	0 0 1 0 1 0 0 0 1 0 0 0 0 0 0 0
120	94	0 0 1 0 1 0 0 0 0 0 1 0 0 0 0 0
120	38	0 0 1 0 1 0 0 0 0 0 0 0 0 0 0 0
120	9	0 0 1 0 1 0 0 0 0 0 1 0 1 0 0 0
120	34	0 0 1 0 1 0 1 0 0 0 1 0 0 0 0 0
120	7	0 0 1 0 1 0 0 0 0 0 1 0 0 0 0 1
120	32	1 0 1 0 1 0 0 0 0 0 1 0 0 0 0 0
120	59	0 0 1 0 1 0 0 0 1 0 1 0 0 0 0 0
120	27	0 0 1 0 1 0 0 1 0 0 1 0 0 0 0 0
120	35	1 0 1 0 1 0 0 0 1 0 0 0 0 0 0 0
120	3	1 0 1 0 1 0 0 0 0 0 0 0 0 0 0 0
120	30	0 0 1 0 1 0 0 1 1 0 0 0 0 0 0 0
120	4	0 0 1 0 1 0 0 0 1 0 0 0 1 0 0 0
120	22	1 0 1 0 1 0 0 0 1 0 0 0 0 0 1 0
120	3	0 0 1 0 1 0 0 0 0 0 1 1 0 0 0 0
120	24	1 0 1 0 1 1 0 0 0 0 1 0 0 0 0 0
120	16	0 0 1 0 1 1 0 0 0 0 0 0 0 0 0 0
120	16	1 0 1 0 1 0 0 0 0 0 1 0 0 1 0 0
120	4	0 1 1 0 1 0 1 0 0 0 1 0 0 0 0 0
120	16	0 1 1 0 1 0 0 0 0 1 1 0 0 0 0 0
120	7	0 0 1 0 1 0 0 1 0 0 0 0 0 0 0 0
120	9	1 0 0 0 1 0 0 0 1 0 0 0 0 0 0 0
120	28	0 1 1 0 1 0 0 0 0 0 0 0 0 0 0 0
120	15	1 0 1 0 1 0 0 1 0 0 1 0 0 0 0 0
120	4	0 0 1 0 1 1 1 0 1 0 1 0 0 0 0 0
120	1	0 0 1 1 1 1 0 0 0 0 1 0 0 0 0 0
120	1	1 0 1 0 1 0 0 0 1 0 0 0 0 1 0 0
120	15	1 0 1 0 0 0 0 1 1 0 0 0 0 0 0 0
120	9	1 0 0 1 1 0 0 0 1 0 0 0 0 0 0 0
120	1	0 0 1 1 0 0 0 0 0 0 1 0 0 0 0 0
120	3	0 0 1 0 1 0 0 0 0 0 1 0 1 1 0 0
120	4	0 0 1 0 1 0 0 0 0 0 0 0 0 0 0 1
120	16	0 0 1 0 1 0 1 0 0 0 1 0 0 0 0 1
120	26	1 0 1 0 1 0 0 0 1 0 1 0 0 0 1 0
120	29	1 0 1 0 1 0 0 0 1 1 0 0 0 0 0 0
120	10	0 0 1 0 1 1 0 0 0 0 0 0 1 0 0 0
120	16	0 0 1 0 1 1 0 0 0 0 1 1 0 0 0 0
120	3	0 1 1 0 1 0 0 0 0 0 1 0 0 0 1 0
120	8	1 0 1 0 1 1 0 0 0 0 1 1 0 0 0 0
120	2	0 0 1 0 1 0 0 0 1 0 0 0 0 1 0 0
120	10	1 0 1 0 1 0 0 0 0 0 1 0 0 0 0 1
120	30	1 0 1 0 1 0 0 0 0 0 0 0 0 0 1 0
120	2	0 1 1 0 1 0 0 1 0 0 0 0 0 0 0 0
120	4	0 0 1 0 1 0 0 0 1 1 0 0 0 0 0 0
120	11	0 0 0 0 1 0 0 0 0 0 1 0 1 0 0 0
120	12	1 0 1 0 1 0 0 0 0 1 1 0 1 0 1 0
120	1	0 0 1 0 1 1 1 0 0 0 1 0 0 0 0 0
120	1	0 0 1 1 1 0 0 0 0 0 1 0 0 0 0 0
120	6	0 0 1 0 1 0 0 0 1 0 1 1 0 0 0 0
120	4	1 1 1 0 1 0 0 0 0 0 1 0 0 1 0 0
120	2	1 0 1 1 1 0 0 0 0 0 1 0 0 1 0 0
120	4	0 0 1 0 0 0 0 1 0 0 0 0 0 0 0 0
120	11	0 0 1 0 1 1 0 0 0 0 1 0 0 0 0 1
120	8	0 1 1 0 1 0 0 0 1 0 1 0 0 0 0 0
120	10	0 0 1 0 1 0 0 0 1 1 0 0 1 0 0 0
120	5	0 0 1 1 1 1 0 0 0 0 0 0 0 0 0 0
120	6	0 0 1 0 1 0 0 0 0 0 1 0 0 1 1 1
120	1	0 1 1 0 1 1 0 0 0 0 1 1 0 0 0 0
120	6	0 0 1 0 1 0 0 0 0 1 1 0 0 0 0 0
120	7	0 0 1 1 1 0 0 1 0 0 1 0 0 0 0 0
120	2	1 0 1 0 1 0 0 0 0 0 1 0 0 1 1 0
120	4	1 0 1 0 1 0 0 0 1 0 0 0 1 0 0 1
120	7	1 0 1 0 1 1 0 0 0 0 0 0 0 1 0 0
120	3	0 0 1 0 1 0 0 0 1 0 1 0 0 0 0 1
120	4	1 1 1 0 1 1 0 0 0 0 1 0 0 0 0 0
120	1	1 0 1 0 1 0 0 0 1 0 0 0 1 1 0 0
120	4	0 0 1 0 1 0 1 0 0 0 0 0 0 0 0 1
120	2	1 0 0 0 1 0 0 0 1 0 1 0 0 0 0 0
120	29	1 0 0 0 1 0 0 0 0 0 0 0 0 0 1 0
120	3	0 0 0 0 1 0 0 0 0 0 1 0 1 0 0 1
120	5	1 0 1 0 1 1 0 0 0 0 0 0 1 0 0 1
120	5	0 1 1 0 1 1 0 1 0 0 1 1 0 0 0 0
120	2	0 0 1 0 1 0 1 1 0 0 1 0 0 0 0 0
120	8	0 0 1 0 1 0 0 0 0 0 1 1 0 0 0 1
120	4	1 0 1 1 1 0 0 0 1 0 0 0 0 0 1 0
120	11	0 0 1 0 1 0 0 0 1 0 0 0 0 0 1 0
120	2	0 0 1 0 1 0 0 1 1 0 1 0 0 0 0 0
120	1	0 1 1 0 1 0 0 0 0 1 1 0 0 0 1 0
120	2	1 0 1 0 1 0 0 1 1 0 0 0 1 0 0 1
120	1	0 0 1 0 1 0 0 0 1 0 1 0 0 1 0 0
120	1	1 0 1 1 1 1 0 0 0 0 0 0 0 0 0 0
120	2	1 0 1 0 1 0 0 0 1 0 1 0 0 0 0 0
120	4	0 0 1 0 1 0 0 0 1 0 0 0 0 0 0 1
120	1	0 0 0 0 1 0 0 0 0 0 1 0 1 1 0 0
120	1	1 0 1 0 1 1 0 0 0 0 1 1 0 1 0 0
120	2	0 0 1 0 1 1 1 0 0 0 1 0 0 0 0 1
120	1	0 0 1 0 1 0 0 0 1 0 1 0 0 0 1 0
120	1	1 0 1 0 1 1 0 0 0 0 1 0 1 1 0 0
120	3	0 0 1 0 0 0 0 0 0 0 1 0 0 0 0 0
120	2	0 0 1 0 1 1 0 0 1 1 0 0 0 1 0 0
120	1	0 1 1 0 1 1 0 0 0 0 0 0 0 0 0 0
120	2	1 0 1 0 0 0 0 1 1 0 0 0 0 1 0 0
120	1	1 0 1 0 1 1 0 0 0 0 1 1 1 0 0 0
120	1	0 0 1 0 1 0 0 0 0 0 0 0 0 0 1 0
120	1	0 1 1 1 1 1 0 0 0 0 1 1 0 0 0 0
140	78	0 0 1 0 1 0 0 0 1 0 0 0 0 0 0 0
140	96	0 0 1 0 1 0 0 0 0 0 1 0 0 0 0 0
140	83	0 0 1 0 1 0 0 0 0 0 0 0 0 0 0 0
140	1	0 0 1 0 1 0 0 0 0 0 1 0 1 0 0 0
140	43	0 0 1 0 1 0 1 0 0 0 1 0 0 0 0 0
140	27	0 0 1 0 1 0 0 0 1 0 1 0 0 0 0 0
140	35	1 0 1 0 1 0 0 0 1 0 0 0 0 0 0 0
140	4	1 0 1 0 1 0 0 0 0 0 0 0 0 0 0 0
140	17	0 0 1 0 1 0 0 1 1 0 0 0 0 0 0 0
140	1	0 0 1 0 1 0 0 0 1 0 0 0 1 0 0 0
140	14	1 0 1 0 1 0 0 0 1 0 0 0 0 0 1 0
140	28	1 0 1 0 1 1 0 0 0 0 1 0 0 0 0 0
140	24	1 0 1 0 1 0 0 0 0 0 1 0 0 1 0 0
140	4	0 1 1 0 1 0 0 0 0 1 1 0 0 0 0 0
140	15	0 0 1 0 1 0 0 1 0 0 0 0 0 0 0 0
140	22	0 1 1 0 1 0 0 0 0 0 0 0 0 0 0 0
140	55	1 0 1 0 1 0 0 1 0 0 1 0 0 0 0 0
140	10	1 0 1 0 0 0 0 1 1 0 0 0 0 0 0 0
140	9	1 0 0 1 1 0 0 0 1 0 0 0 0 0 0 0
140	9	1 0 1 0 1 0 0 0 1 0 1 0 0 0 1 0
140	51	1 0 1 0 1 0 0 0 1 1 0 0 0 0 0 0
140	3	0 0 1 0 1 1 0 0 0 0 1 1 0 0 0 0
140	12	0 1 1 0 1 0 0 0 0 0 1 0 0 0 1 0
140	1	1 0 1 0 1 0 0 0 0 0 1 0 0 0 0 1
140	10	1 0 1 0 1 0 0 0 0 0 0 0 0 0 1 0
140	21	0 0 1 0 1 0 0 0 1 0 1 1 0 0 0 0
140	2	1 1 1 0 1 0 0 0 0 0 1 0 0 1 0 0
140	9	0 1 1 0 1 0 0 0 1 0 1 0 0 0 0 0
140	16	0 0 1 0 1 0 0 0 1 1 0 0 1 0 0 0
140	14	0 0 1 1 1 1 0 0 0 0 0 0 0 0 0 0
140	3	0 0 1 0 1 0 0 0 0 1 1 0 0 0 0 0
140	14	1 0 1 0 1 0 0 0 0 0 1 0 0 1 1 0
140	4	1 0 1 0 1 1 0 0 0 0 0 0 0 1 0 0
140	1	0 0 1 0 1 0 0 0 1 0 1 0 0 0 0 1
140	10	1 1 1 0 1 1 0 0 0 0 1 0 0 0 0 0
140	12	1 0 0 0 1 0 0 0 0 0 0 0 0 0 1 0
140	5	1 0 1 1 1 0 0 0 1 0 0 0 0 0 1 0
140	6	1 0 1 0 1 0 0 0 1 0 1 0 0 0 0 0
140	5	0 0 1 1 1 0 0 0 0 0 1 0 0 1 0 0
140	8	1 0 1 0 1 1 1 0 0 0 1 0 0 0 0 1
140	12	0 0 1 0 0 0 0 0 0 0 0 0 0 0 0 0
140	4	1 0 0 0 1 0 0 0 0 0 0 1 0 0 1 0
140	29	1 1 0 0 1 0 0 0 0 0 0 0 0 0 1 0
140	19	0 0 1 0 1 0 1 0 0 1 1 0 0 0 0 0
140	5	1 0 1 1 1 0 0 0 0 0 1 0 0 0 0 0
140	2	0 0 1 0 1 1 0 0 0 1 1 1 0 0 0 0
140	1	0 0 1 0 1 0 0 0 0 0 1 0 0 0 0 1
140	8	0 0 1 0 1 0 0 1 1 0 0 0 0 0 1 0
140	1	1 0 1 0 1 0 0 0 0 0 1 0 0 1 0 1
140	2	1 0 1 0 1 0 0 0 0 1 0 0 0 0 1 0
140	7	0 0 1 0 1 0 1 0 0 1 0 0 0 0 0 0
140	2	0 0 1 0 0 0 0 1 0 0 0 0 1 0 0 0
140	3	1 1 1 0 1 0 0 0 1 0 0 0 0 0 1 0
140	1	1 0 1 0 1 0 0 1 0 0 1 0 0 0 0 1
140	1	1 1 0 1 1 0 0 0 1 0 0 0 0 0 0 0
140	9	1 0 1 0 1 0 0 0 1 1 0 1 0 0 0 0
140	2	0 0 1 0 1 0 0 0 1 1 0 0 0 0 0 0
140	1	1 0 1 0 1 0 0 0 0 0 0 0 0 1 0 0
140	4	0 1 1 0 1 0 1 0 0 0 0 0 0 0 0 0
140	6	0 0 1 0 1 1 0 0 0 0 0 0 0 1 0 0
140	4	0 0 1 0 0 0 0 0 0 0 0 0 1 0 0 0
140	6	0 0 1 0 1 0 0 0 0 1 0 0 0 0 0 0
140	2	1 0 1 0 1 0 0 0 1 0 0 1 0 0 0 0
140	2	1 0 1 0 1 0 0 1 0 0 0 0 0 0 0 0
140	5	0 0 1 0 0 1 0 0 0 0 1 1 0 0 0 0
140	7	1 1 0 0 1 1 0 0 0 0 0 0 0 0 1 0
140	1	0 0 1 0 1 0 0 0 1 0 0 1 0 0 0 0
140	5	1 0 0 0 1 0 0 0 0 0 0 0 0 1 0 0
140	2	1 0 1 0 1 0 0 0 1 0 0 0 0 1 0 0
140	1	1 0 1 0 1 0 0 0 1 0 1 1 0 0 0 0
140	1	0 0 1 0 0 0 0 0 1 0 0 0 0 0 0 0
140	1	0 0 0 0 1 0 0 0 0 0 0 0 0 0 0 0
140	4	0 0 1 1 1 0 1 0 0 0 1 0 0 0 0 0
140	2	1 0 1 0 1 0 0 0 0 0 1 0 1 1 0 0
140	1	0 1 1 1 1 0 0 0 0 0 0 0 0 0 0 0
140	2	1 0 1 0 1 1 1 0 0 1 1 0 0 0 0 1
140	3	0 0 1 0 1 1 0 0 0 0 1 0 0 0 0 0
140	7	1 0 1 0 1 0 0 0 0 0 1 0 0 0 0 0
140	4	1 0 0 0 1 0 0 0 0 0 1 0 0 1 0 0
140	1	0 0 1 0 1 0 1 0 0 0 1 0 0 0 0 1
140	2	0 0 1 0 1 0 1 0 1 0 1 0 0 0 0 0
140	2	1 0 1 0 1 0 0 0 1 1 0 0 0 0 1 0
140	4	1 0 1 0 1 0 0 1 0 1 0 0 0 0 0 0
140	5	1 1 0 0 1 0 0 0 0 0 1 0 0 0 0 0
140	1	0 0 1 0 1 0 0 0 1 0 1 0 1 0 0 0
140	4	1 0 1 0 1 1 0 0 1 0 1 0 0 0 0 0
140	1	0 1 1 1 1 1 0 0 1 0 1 0 0 0 0 0
140	1	0 0 1 0 1 0 0 0 0 0 1 0 0 1 0 0
140	1	0 1 1 0 1 0 0 0 1 0 1 0 0 0 1 0
140	3	0 1 1 0 1 0 0 0 1 1 0 0 0 0 0 0
140	2	1 1 0 0 1 0 1 0 0 0 0 0 0 0 0 0
140	2	1 1 0 0 1 0 0 0 0 0 0 0 0 0 0 0
140	1	0 0 1 0 1 0 0 0 0 0 0 0 1 0 0 0
140	1	0 0 1 0 1 0 0 0 0 0 0 1 0 0 0 0
140	2	0 1 1 0 1 0 0 0 1 0 1 0 0 0 0 1
140	1	1 1 1 0 0 1 0 0 0 0 1 0 0 0 0 0
140	2	0 1 1 0 1 0 0 0 0 0 1 0 0 0 0 1
140	2	1 0 1 1 1 0 0 0 1 1 0 1 0 0 0 0
140	1	1 0 1 0 1 0 1 0 1 0 1 1 0 0 0 0
160	57	0 0 1 0 1 0 0 0 1 0 0 0 0 0 0 0
160	31	0 0 1 0 1 0 0 0 0 0 1 0 0 0 0 0
160	21	0 0 1 0 1 0 0 0 0 0 0 0 0 0 0 0
160	58	0 0 1 0 1 0 1 0 0 0 1 0 0 0 0 0
160	7	0 0 1 0 1 0 0 0 1 0 1 0 0 0 0 0
160	61	1 0 1 0 1 0 0 0 1 0 0 0 0 0 0 0
160	5	0 0 1 0 1 0 0 1 1 0 0 0 0 0 0 0
160	43	1 0 1 0 1 1 0 0 0 0 1 0 0 0 0 0
160	6	0 0 1 0 1 0 0 1 0 0 0 0 0 0 0 0
160	13	1 0 1 0 1 0 0 1 0 0 1 0 0 0 0 0
160	23	1 0 1 0 0 0 0 1 1 0 0 0 0 0 0 0
160	4	1 0 1 0 1 0 0 0 1 0 1 0 0 0 1 0
160	91	1 0 1 0 1 0 0 0 1 1 0 0 0 0 0 0
160	20	0 0 1 0 1 0 0 0 1 0 1 1 0 0 0 0
160	12	0 1 1 0 1 0 0 0 1 0 1 0 0 0 0 0
160	21	0 0 1 1 1 1 0 0 0 0 0 0 0 0 0 0
160	3	0 0 1 0 1 0 0 0 0 1 1 0 0 0 0 0
160	32	1 1 1 0 1 1 0 0 0 0 1 0 0 0 0 0
160	5	1 0 0 0 1 0 0 0 0 0 0 0 0 0 1 0
160	2	1 0 1 0 1 1 1 0 0 0 1 0 0 0 0 1
160	23	0 0 1 0 0 0 0 0 0 0 0 0 0 0 0 0
160	4	1 1 0 0 1 0 0 0 0 0 0 0 0 0 1 0
160	20	0 0 1 0 1 0 1 0 0 1 1 0 0 0 0 0
160	15	1 0 1 1 1 0 0 0 0 0 1 0 0 0 0 0
160	7	0 0 1 0 1 0 0 1 1 0 0 0 0 0 1 0
160	6	0 0 1 0 1 0 1 0 0 1 0 0 0 0 0 0
160	4	1 0 1 0 1 0 0 0 1 1 0 1 0 0 0 0
160	17	0 0 1 0 1 0 0 0 1 1 0 0 0 0 0 0
160	1	1 0 1 0 1 0 0 0 0 0 0 0 0 1 0 0
160	6	0 1 1 0 1 0 1 0 0 0 0 0 0 0 0 0
160	16	0 0 1 0 1 0 0 0 0 1 0 0 0 0 0 0
160	21	1 0 1 0 1 0 0 1 0 0 0 0 0 0 0 0
160	16	1 0 1 0 1 0 0 0 1 0 1 1 0 0 0 0
160	16	0 0 1 1 1 0 1 0 0 0 1 0 0 0 0 0
160	5	0 1 1 1 1 0 0 0 0 0 0 0 0 0 0 0
160	23	0 0 1 0 1 1 0 0 0 0 1 0 0 0 0 0
160	3	1 0 1 0 1 0 0 0 0 0 1 0 0 0 0 0
160	7	1 1 0 0 1 0 0 0 0 0 1 0 0 0 0 0
160	2	1 0 1 0 1 1 0 0 1 0 1 0 0 0 0 0
160	15	1 1 1 0 1 0 0 0 1 0 0 0 0 0 0 0
160	8	1 1 1 0 1 0 0 0 1 1 0 0 0 0 0 0
160	6	0 0 1 1 1 1 0 0 0 0 0 1 0 0 0 0
160	5	1 0 1 1 1 0 1 1 0 0 1 0 0 0 0 0
160	26	0 0 1 0 0 0 0 0 0 0 1 0 0 0 0 0
160	1	0 0 1 0 1 0 0 0 0 0 0 0 0 0 1 0
160	4	0 0 1 0 1 0 1 0 0 0 0 0 0 0 0 0
160	2	1 0 1 0 1 0 0 0 0 0 1 0 0 0 1 0
160	1	1 0 1 0 1 1 0 0 1 0 0 0 0 0 0 0
160	16	1 0 1 0 1 1 0 0 0 0 1 0 0 1 0 0
160	16	1 0 1 0 0 0 0 0 1 0 1 0 0 0 0 0
160	2	1 0 1 0 1 0 0 1 1 0 0 0 0 0 0 0
160	10	1 0 1 0 1 0 0 0 1 1 0 0 0 1 0 0
160	2	1 0 1 0 1 0 1 0 0 1 1 0 0 0 0 0
160	5	1 0 1 0 1 0 0 0 1 1 0 0 0 0 1 0
160	1	0 0 1 0 1 0 1 0 0 1 1 0 0 0 0 1
160	7	0 1 1 0 1 1 0 0 0 0 0 0 0 1 0 0
160	8	0 0 1 0 1 0 0 0 1 0 0 0 0 1 0 0
160	2	0 0 1 0 0 0 0 0 0 0 0 0 0 1 1 0
160	2	1 0 1 0 0 0 0 0 0 0 0 0 0 0 0 0
160	2	0 1 1 0 1 0 1 0 0 1 1 0 0 0 0 0
160	15	0 0 1 0 0 0 0 0 0 1 0 0 0 0 0 0
160	4	1 0 1 0 1 1 0 0 0 0 0 0 0 0 0 0
160	3	0 0 1 0 1 0 1 0 0 0 1 0 1 0 0 0
160	1	0 0 1 0 1 0 0 0 0 1 0 0 0 1 0 0
160	9	0 0 1 1 1 1 0 0 0 0 0 0 0 0 1 0
160	14	0 0 1 0 0 0 0 0 1 0 1 0 0 0 0 0
160	1	0 0 1 0 0 0 0 0 1 0 1 1 0 0 0 0
160	6	0 0 1 0 1 1 0 0 1 0 1 1 0 0 0 0
160	3	0 0 1 0 1 0 0 0 1 1 0 1 0 0 0 0
160	3	1 0 1 0 1 1 0 0 0 0 0 0 0 1 0 0
160	4	1 0 1 0 1 1 0 1 0 0 1 0 0 0 0 1
160	5	1 0 1 0 1 1 1 1 0 0 1 0 0 0 1 1
160	2	0 0 1 0 1 0 0 0 1 0 1 0 0 0 1 0
160	2	1 1 1 0 1 0 0 0 0 0 0 0 0 0 0 0
160	2	1 0 1 0 0 0 0 1 0 0 0 0 0 0 0 0
160	5	1 0 1 1 1 0 0 0 1 1 0 0 0 0 0 0
160	7	0 0 1 0 0 0 1 0 0 0 0 0 0 0 0 0
160	2	0 0 1 0 1 0 0 1 0 0 0 0 0 1 0 0
160	9	1 0 1 0 1 0 0 0 1 1 0 0 1 0 0 0
160	5	0 1 1 1 1 0 0 0 0 0 1 1 0 0 0 0
160	4	1 0 1 0 1 0 0 0 1 0 1 0 0 0 0 0
160	1	1 0 1 1 1 0 1 0 0 0 1 0 0 0 0 0
160	1	0 0 1 0 1 0 0 0 0 0 0 1 0 0 0 0
160	2	0 0 0 0 1 0 0 0 1 0 0 0 0 0 0 0
160	1	1 0 1 0 1 0 0 1 1 1 0 0 0 0 0 0
160	2	0 0 1 0 1 0 0 0 1 1 1 1 0 0 0 0
160	4	0 0 1 1 1 1 0 1 0 0 0 0 0 0 0 0
160	4	1 1 1 0 1 1 0 0 0 0 0 0 0 0 0 0
160	2	0 1 0 0 1 1 0 0 0 0 1 0 0 0 0 0
160	1	1 0 1 1 1 1 0 0 0 0 0 0 0 0 0 0
160	1	1 1 1 0 1 0 1 0 0 1 1 0 0 0 0 0
160	3	1 1 1 0 1 1 0 0 0 0 1 0 1 0 0 0
160	1	0 0 1 0 0 0 0 0 0 0 1 0 0 1 0 0
160	1	0 1 1 0 1 1 1 0 0 0 0 0 0 1 0 0
160	2	0 0 0 0 0 0 1 0 0 0 0 0 0 0 0 0
180	32	0 0 1 0 1 0 0 0 1 0 0 0 0 0 0 0
180	8	0 0 1 0 1 0 0 0 0 0 1 0 0 0 0 0
180	28	0 0 1 0 1 0 0 0 0 0 0 0 0 0 0 0
180	12	0 0 1 0 1 0 1 0 0 0 1 0 0 0 0 0
180	29	0 0 1 0 1 0 0 0 1 0 1 0 0 0 0 0
180	127	1 0 1 0 1 0 0 0 1 0 0 0 0 0 0 0
180	1	0 0 1 0 1 0 0 1 1 0 0 0 0 0 0 0
180	24	1 0 1 0 1 1 0 0 0 0 1 0 0 0 0 0
180	9	0 0 1 0 1 0 0 1 0 0 0 0 0 0 0 0
180	40	1 0 1 0 0 0 0 1 1 0 0 0 0 0 0 0
180	69	1 0 1 0 1 0 0 0 1 1 0 0 0 0 0 0
180	6	0 0 1 0 1 0 0 0 1 0 1 1 0 0 0 0
180	31	0 1 1 0 1 0 0 0 1 0 1 0 0 0 0 0
180	4	0 0 1 1 1 1 0 0 0 0 0 0 0 0 0 0
180	5	1 1 1 0 1 1 0 0 0 0 1 0 0 0 0 0
180	17	1 0 1 0 1 1 1 0 0 0 1 0 0 0 0 1
180	25	0 0 1 0 1 0 0 0 1 1 0 0 0 0 0 0
180	9	1 0 1 0 1 0 0 1 0 0 0 0 0 0 0 0
180	18	1 0 1 0 1 0 0 0 1 0 1 1 0 0 0 0
180	20	0 0 1 1 1 0 1 0 0 0 1 0 0 0 0 0
180	22	0 1 1 1 1 0 0 0 0 0 0 0 0 0 0 0
180	34	0 0 1 0 1 1 0 0 0 0 1 0 0 0 0 0
180	22	1 1 1 0 1 0 0 0 1 0 0 0 0 0 0 0
180	32	1 1 1 0 1 0 0 0 1 1 0 0 0 0 0 0
180	1	0 0 1 0 1 0 1 0 0 0 0 0 0 0 0 0
180	15	1 0 1 0 0 0 0 0 1 0 1 0 0 0 0 0
180	1	1 0 1 0 1 0 0 0 1 1 0 0 0 0 1 0
180	1	0 0 1 0 1 0 0 0 1 0 0 0 0 1 0 0
180	6	0 0 1 0 0 0 0 0 0 1 0 0 0 0 0 0
180	14	0 0 1 0 0 0 0 0 1 0 1 0 0 0 0 0
180	1	1 0 1 0 1 1 1 1 0 0 1 0 0 0 1 1
180	17	0 1 1 1 1 0 0 0 0 0 1 1 0 0 0 0
180	22	1 0 1 0 1 0 0 0 1 0 1 0 0 0 0 0
180	2	0 0 1 0 1 0 0 0 1 1 1 1 0 0 0 0
180	18	0 1 1 0 1 0 0 0 0 0 1 0 0 0 0 0
180	3	0 0 1 0 1 0 0 0 1 0 0 1 0 0 0 0
180	47	1 0 1 1 1 0 1 1 0 1 1 0 0 0 0 0
180	12	1 0 1 0 1 0 1 0 1 0 0 0 0 0 0 0
180	2	0 1 1 0 1 1 0 0 0 0 1 0 0 0 0 0
180	3	1 0 1 0 1 0 0 0 1 0 0 1 0 0 0 0
180	4	0 1 1 0 0 0 0 0 1 0 1 0 0 0 0 0
180	4	1 1 1 0 1 1 0 0 0 0 1 0 0 0 0 1
180	6	0 0 1 0 1 1 0 0 0 0 1 0 0 0 1 0
180	10	1 0 1 0 0 0 0 0 0 0 1 0 0 0 0 0
180	7	0 1 1 1 1 0 0 0 1 0 1 0 0 0 0 0
180	20	1 0 1 0 1 1 0 0 0 1 1 0 0 0 0 0
180	11	1 1 1 0 1 0 0 0 1 0 1 0 0 0 0 0
180	3	0 1 1 0 1 1 0 0 0 0 1 0 0 0 1 0
180	2	1 0 1 0 1 0 0 1 0 0 0 0 1 0 0 0
180	4	1 0 1 1 1 0 1 0 0 0 1 0 0 0 0 0
180	3	0 0 1 0 1 0 0 1 0 0 0 0 0 1 0 0
180	33	1 1 1 0 1 1 0 0 0 0 1 0 0 1 0 0
180	2	1 1 1 1 1 1 0 0 0 0 1 0 0 0 0 0
180	6	1 1 1 0 1 1 0 0 1 1 0 0 0 0 0 0
180	11	1 0 1 0 1 0 0 0 0 0 1 0 0 0 0 0
180	1	0 0 1 0 1 0 1 0 0 1 1 0 1 0 0 0
180	5	0 0 1 0 1 0 0 0 0 0 1 1 0 0 0 0
180	1	1 1 1 0 1 0 1 0 1 1 0 0 0 0 0 0
180	1	0 0 1 0 1 0 0 0 1 1 0 1 0 0 0 0
180	1	0 1 1 0 1 0 0 0 1 1 1 1 0 0 0 0
180	10	0 0 1 0 1 0 0 0 0 1 0 0 0 0 0 0
180	3	1 0 1 0 1 0 0 0 1 0 0 0 0 1 0 0
180	6	1 0 1 0 0 1 0 0 0 0 1 0 0 0 0 0
180	1	1 0 1 0 1 0 1 0 0 0 0 0 0 0 0 0
180	5	1 0 1 0 0 0 0 1 1 0 0 0 0 1 0 0
180	3	1 0 1 0 1 0 0 0 1 1 0 0 0 0 0 1
180	2	1 0 1 0 1 0 0 1 0 0 0 0 0 1 0 0
180	6	1 0 1 0 1 0 1 1 0 1 1 0 0 0 0 0
180	3	1 0 1 0 1 0 0 0 1 0 0 0 0 0 1 0
180	1	0 0 1 0 1 1 0 1 1 0 0 0 0 0 0 0
180	2	1 0 1 0 1 1 1 0 0 1 1 0 0 0 0 1
180	4	0 0 1 0 1 0 1 0 1 1 0 0 0 0 0 0
180	3	1 0 1 0 1 1 0 0 1 0 1 1 0 0 0 0
180	3	1 0 1 0 1 0 0 0 1 1 1 1 0 0 0 0
180	4	1 1 1 0 1 0 0 0 0 1 0 0 0 0 0 0
180	1	0 0 1 0 1 0 0 0 1 0 0 0 0 1 1 0
180	2	1 0 1 0 1 1 0 0 0 1 1 0 1 0 0 0
180	2	0 1 1 0 1 0 0 0 1 1 0 0 0 0 1 0
180	1	0 0 1 1 1 1 1 1 0 1 1 0 0 0 0 0
180	3	1 0 1 0 1 0 0 1 1 0 0 0 0 0 0 0
180	3	1 1 0 0 1 0 0 0 1 0 0 0 0 0 0 0
180	1	0 0 1 0 0 0 0 0 1 1 1 0 0 0 0 0
180	2	1 0 1 0 1 0 1 0 1 0 1 0 0 0 0 0
180	1	1 0 1 0 1 0 0 0 1 1 0 1 0 0 0 0
180	2	0 0 1 0 1 1 0 0 0 1 1 0 0 0 0 0
180	1	0 0 1 0 1 1 0 0 0 0 1 0 0 0 0 1
180	1	1 0 1 0 1 1 0 0 0 1 1 0 0 0 1 0
200	27	0 0 1 0 1 0 0 0 1 0 0 0 0 0 0 0
200	5	0 0 1 0 1 0 0 0 0 0 1 0 0 0 0 0
200	4	0 0 1 0 1 0 0 0 0 0 0 0 0 0 0 0
200	11	0 0 1 0 1 0 0 0 1 0 1 0 0 0 0 0
200	98	1 0 1 0 1 0 0 0 1 0 0 0 0 0 0 0
200	21	1 0 1 0 0 0 0 1 1 0 0 0 0 0 0 0
200	25	1 0 1 0 1 0 0 0 1 1 0 0 0 0 0 0
200	15	1 1 1 0 1 1 0 0 0 0 1 0 0 0 0 0
200	21	1 0 1 0 1 0 0 1 0 0 0 0 0 0 0 0
200	28	1 0 1 0 1 0 0 0 1 0 1 1 0 0 0 0
200	24	0 0 1 1 1 0 1 0 0 0 1 0 0 0 0 0
200	35	0 1 1 1 1 0 0 0 0 0 0 0 0 0 0 0
200	32	0 0 1 0 1 1 0 0 0 0 1 0 0 0 0 0
200	32	1 1 1 0 1 0 0 0 1 0 0 0 0 0 0 0
200	17	1 1 1 0 1 0 0 0 1 1 0 0 0 0 0 0
200	36	0 1 1 1 1 0 0 0 0 0 1 1 0 0 0 0
200	7	1 0 1 0 1 0 0 0 1 0 1 0 0 0 0 0
200	37	0 1 1 0 1 0 0 0 0 0 1 0 0 0 0 0
200	5	0 0 1 0 1 0 0 0 1 0 0 1 0 0 0 0
200	50	1 0 1 1 1 0 1 1 0 1 1 0 0 0 0 0
200	3	1 0 1 0 1 0 1 0 1 0 0 0 0 0 0 0
200	17	1 0 1 0 1 0 0 0 1 0 0 1 0 0 0 0
200	19	1 0 1 0 1 1 0 0 0 1 1 0 0 0 0 0
200	9	1 1 1 0 1 0 0 0 1 0 1 0 0 0 0 0
200	18	1 1 1 0 1 1 0 0 0 0 1 0 0 1 0 0
200	22	1 1 1 0 1 1 0 0 1 1 0 0 0 0 0 0
200	21	0 0 1 0 1 0 0 0 0 0 1 1 0 0 0 0
200	3	0 0 1 0 1 0 0 0 0 1 0 0 0 0 0 0
200	6	1 1 1 0 1 0 0 0 0 1 0 0 0 0 0 0
200	2	0 0 1 0 1 0 0 0 1 0 0 0 0 1 1 0
200	4	1 0 1 0 1 0 0 1 1 0 0 0 0 0 0 0
200	2	1 0 1 0 1 0 0 0 1 1 0 1 0 0 0 0
200	9	0 0 1 0 1 1 0 0 0 1 1 0 0 0 0 0
200	5	1 0 1 0 1 1 0 0 0 1 1 0 0 0 1 0
200	18	1 0 1 1 1 0 0 0 1 0 0 0 0 0 0 0
200	21	1 1 1 0 1 0 0 0 0 0 0 0 0 0 0 0
200	7	0 0 1 0 0 1 0 0 0 0 1 0 0 0 0 0
200	4	1 1 1 0 0 0 0 1 1 0 0 0 0 0 0 0
200	1	0 1 1 0 1 0 0 0 1 0 0 0 0 0 0 0
200	2	0 0 1 0 1 1 0 0 0 0 0 0 0 0 0 0
200	11	1 1 1 0 1 0 0 0 1 0 1 1 0 0 0 0
200	2	1 0 1 0 1 1 0 0 1 1 0 0 0 0 0 0
200	9	1 1 1 0 1 0 0 1 1 1 0 0 0 0 0 0
200	19	1 0 1 0 1 0 0 0 0 0 0 0 0 0 0 0
200	8	1 0 1 0 1 0 0 0 1 0 0 1 0 0 1 0
200	11	1 0 1 0 1 0 0 0 1 0 1 0 0 0 1 0
200	12	0 1 1 0 1 0 0 0 1 0 0 0 1 0 0 0
200	3	1 0 1 0 1 0 0 0 0 1 0 0 0 0 0 0
200	16	0 1 1 1 1 0 0 0 0 1 0 0 0 0 0 0
200	15	1 0 0 1 1 0 1 1 0 1 1 0 0 0 0 0
200	34	1 1 1 0 1 0 0 0 1 1 0 1 0 0 0 0
200	5	1 0 1 1 1 0 1 0 0 0 1 0 0 0 0 0
200	1	0 1 1 0 1 0 0 0 0 0 0 0 0 0 0 0
200	1	1 0 1 0 0 0 0 0 1 1 0 0 0 0 0 0
200	6	1 1 1 1 1 0 0 0 0 0 0 0 0 0 0 0
200	1	1 1 0 0 1 0 0 0 0 0 1 0 0 0 0 0
200	8	1 1 1 0 0 1 0 0 0 0 1 0 0 0 0 0
200	2	0 0 1 0 0 0 0 0 1 0 1 0 0 0 0 1
200	4	1 1 1 0 1 0 0 1 1 0 1 0 0 0 0 0
200	3	1 0 1 0 0 0 0 1 1 1 0 0 0 0 0 0
200	4	1 0 1 0 1 1 0 0 1 0 1 0 0 0 0 0
200	1	1 0 1 0 1 0 1 0 1 0 0 1 0 0 0 0
200	7	1 1 1 1 1 0 0 0 0 0 0 0 0 0 0 1
200	1	1 1 1 0 1 0 0 0 1 1 1 0 0 0 1 0
200	2	0 1 1 1 1 0 0 0 0 0 1 1 1 0 0 0
200	2	0 0 1 0 0 1 0 0 0 0 1 1 0 0 0 0
200	4	1 0 1 1 1 0 1 1 1 1 1 0 0 0 0 0
200	1	1 1 1 0 1 1 0 1 1 1 0 0 0 0 0 0
200	1	1 0 0 1 1 0 1 0 0 0 1 0 0 0 0 0
200	1	1 0 1 1 1 1 0 0 1 0 0 0 0 0 0 0
200	2	0 0 1 0 1 0 0 0 1 0 1 0 0 0 1 0
200	1	0 1 1 0 1 0 0 1 1 0 1 0 0 0 0 0
200	2	1 0 1 0 1 0 0 0 1 0 0 0 0 0 0 1
200	4	1 1 0 1 1 0 1 1 0 1 1 0 0 0 0 0
200	1	1 1 1 0 1 1 0 0 0 0 0 0 0 0 0 1
200	4	1 1 1 1 1 0 0 1 1 0 0 0 0 0 0 0
200	9	1 1 1 0 1 0 0 0 1 0 0 0 1 0 0 0
200	1	0 0 1 0 1 0 0 0 0 0 0 0 0 1 0 0
200	4	0 1 1 1 1 0 0 1 0 0 0 0 0 0 0 0
200	3	1 1 0 0 1 0 0 0 1 1 0 0 0 0 0 0
200	5	1 1 1 1 1 0 1 1 0 1 1 0 0 0 0 0
200	2	1 0 1 0 1 1 0 1 0 1 1 0 0 0 0 0
200	3	1 1 1 1 1 0 0 0 1 0 1 0 0 0 0 0
200	4	1 0 0 0 1 0 0 0 0 0 0 0 0 0 0 0
200	3	1 0 1 0 1 0 0 0 1 1 0 0 0 0 1 0
200	3	0 1 1 1 1 0 0 0 0 0 1 0 0 0 0 0
200	1	1 1 1 0 1 0 0 0 1 0 0 1 0 0 1 0
200	3	1 0 1 0 1 1 0 0 0 1 0 0 0 0 0 0
200	1	1 0 1 0 1 0 0 0 1 1 1 0 0 0 0 0
200	7	0 1 1 1 1 0 0 0 0 0 0 1 0 0 0 0
200	3	1 0 1 1 1 0 1 1 0 1 0 0 0 0 0 0
200	1	1 1 1 0 1 1 0 1 1 1 0 1 0 0 0 0
200	2	0 1 1 0 0 1 0 0 0 0 1 1 0 0 0 0
200	3	1 1 1 1 1 1 0 0 0 0 1 0 0 0 0 0
200	1	0 0 1 0 1 1 0 0 0 0 1 0 1 0 0 0
200	1	0 1 1 0 1 0 0 0 0 0 1 1 0 0 0 0
200	1	1 0 1 0 1 0 0 0 1 0 0 1 0 1 0 0
200	2	0 0 1 0 1 0 0 0 0 0 1 1 0 1 0 0
200	1	1 0 0 1 1 0 1 1 0 1 1 1 0 0 0 0
200	1	1 0 0 1 1 1 1 1 0 1 1 0 0 0 0 0
200	1	1 1 1 0 1 0 0 0 1 1 0 1 0 0 0 1
200	1	1 0 1 1 1 0 1 1 1 1 1 0 1 0 0 0
200	1	1 0 1 0 1 0 1 1 1 1 0 0 0 0 0 0
220	9	0 0 1 0 1 0 0 0 1 0 0 0 0 0 0 0
220	22	1 0 1 0 1 0 0 0 1 0 0 0 0 0 0 0
220	40	1 0 1 0 0 0 0 1 1 0 0 0 0 0 0 0
220	25	1 0 1 0 1 0 0 0 1 1 0 0 0 0 0 0
220	10	1 1 1 0 1 1 0 0 0 0 1 0 0 0 0 0
220	22	1 0 1 0 1 0 0 1 0 0 0 0 0 0 0 0
220	9	1 0 1 0 1 0 0 0 1 0 1 1 0 0 0 0
220	13	0 1 1 1 1 0 0 0 0 0 0 0 0 0 0 0
220	42	1 1 1 0 1 0 0 0 1 0 0 0 0 0 0 0
220	86	0 1 1 1 1 0 0 0 0 0 1 1 0 0 0 0
220	51	0 1 1 0 1 0 0 0 0 0 1 0 0 0 0 0
220	31	1 0 1 1 1 0 1 1 0 1 1 0 0 0 0 0
220	3	1 0 1 0 1 0 1 0 1 0 0 0 0 0 0 0
220	9	1 0 1 0 1 0 0 0 1 0 0 1 0 0 0 0
220	17	1 0 1 0 1 1 0 0 0 1 1 0 0 0 0 0
220	16	1 1 1 0 1 0 0 0 1 0 1 0 0 0 0 0
220	20	1 1 1 0 1 1 0 0 0 0 1 0 0 1 0 0
220	10	0 0 1 0 1 0 0 0 0 0 1 1 0 0 0 0
220	1	1 0 1 0 1 1 0 0 0 1 1 0 0 0 1 0
220	38	1 0 1 1 1 0 0 0 1 0 0 0 0 0 0 0
220	13	1 1 1 0 1 0 0 0 0 0 0 0 0 0 0 0
220	5	1 1 1 0 0 0 0 1 1 0 0 0 0 0 0 0
220	12	0 0 1 0 1 1 0 0 0 0 0 0 0 0 0 0
220	36	1 1 1 0 1 0 0 0 1 0 1 1 0 0 0 0
220	2	1 0 1 0 1 0 0 0 1 0 1 0 0 0 1 0
220	15	1 0 1 0 1 0 0 0 0 1 0 0 0 0 0 0
220	11	1 0 0 1 1 0 1 1 0 1 1 0 0 0 0 0
220	39	1 1 1 0 1 0 0 0 1 1 0 1 0 0 0 0
220	10	1 1 1 0 1 0 0 1 1 0 1 0 0 0 0 0
220	5	1 1 1 0 1 1 0 1 1 1 0 0 0 0 0 0
220	6	1 1 0 1 1 0 1 1 0 1 1 0 0 0 0 0
220	44	1 1 1 1 1 0 0 1 1 0 0 0 0 0 0 0
220	27	1 1 1 1 1 0 1 1 0 1 1 0 0 0 0 0
220	3	1 0 1 0 1 1 0 0 0 1 0 0 0 0 0 0
220	7	0 1 1 1 1 0 0 0 0 0 0 1 0 0 0 0
220	6	1 0 0 1 1 1 1 1 0 1 1 0 0 0 0 0
220	28	1 1 1 0 1 0 0 0 1 0 0 1 0 0 0 0
220	13	1 1 1 1 1 0 1 0 1 0 0 0 0 0 0 0
220	10	1 0 1 0 1 1 0 0 0 0 0 0 0 0 0 0
220	4	1 0 1 0 1 0 0 1 1 0 0 1 0 0 0 0
220	15	0 1 1 0 1 0 0 0 0 1 1 0 0 0 0 0
220	21	1 1 1 1 1 0 0 1 1 0 0 0 0 0 0 1
220	10	1 0 1 0 1 0 0 0 1 0 1 1 1 0 0 0
220	10	1 0 1 1 1 0 0 0 1 0 0 1 0 0 0 0
220	2	1 0 1 0 1 0 0 1 0 1 1 0 0 0 0 0
220	6	0 1 1 1 1 0 0 0 0 0 1 0 0 0 0 0
220	7	1 1 1 0 1 0 0 0 0 0 1 0 0 0 0 0
220	11	1 0 1 0 0 1 0 1 1 1 0 0 0 0 0 0
220	1	1 0 1 0 1 0 0 0 0 1 1 1 0 0 0 0
220	7	1 0 0 0 1 0 0 1 0 0 0 0 0 0 0 0
220	14	1 1 1 0 1 0 0 0 1 0 1 0 0 0 1 0
220	14	1 1 1 0 1 0 0 0 0 1 1 0 0 0 0 0
220	3	0 1 1 1 1 0 0 0 1 0 0 0 0 0 0 0
220	7	1 1 0 0 1 0 0 0 1 0 1 1 0 0 0 0
220	3	0 1 1 0 1 0 0 1 1 0 0 0 0 0 0 0
220	2	1 1 0 0 1 1 0 0 0 0 1 0 0 0 0 0
220	3	1 1 0 1 0 0 1 1 0 1 1 0 0 0 0 0
220	10	1 1 1 1 1 1 0 1 1 0 0 0 0 0 0 1
220	2	1 0 1 1 1 1 1 1 0 1 1 0 0 0 0 0
220	9	1 0 1 0 1 0 0 1 1 1 0 0 0 0 0 0
220	2	1 0 1 0 1 0 0 1 1 0 1 0 0 1 0 0
220	3	1 1 0 0 1 0 1 1 0 1 0 0 0 0 0 1
220	1	1 1 0 0 1 0 0 1 1 0 1 0 0 0 0 0
220	1	1 0 1 0 0 0 0 0 1 0 0 0 0 0 0 0
220	5	1 0 1 1 1 0 1 1 0 1 1 1 0 0 0 0
220	3	1 0 1 1 1 0 1 0 1 0 0 0 0 0 0 0
220	4	1 0 0 1 1 1 0 0 1 0 0 0 0 0 0 0
220	1	1 0 1 0 1 0 0 1 1 0 0 0 0 0 0 1
220	5	0 0 1 1 1 0 0 0 0 0 1 1 0 0 0 0
220	3	0 1 1 0 1 0 1 0 0 0 1 0 0 0 0 0
220	1	1 0 1 1 1 0 0 0 1 0 0 0 0 0 0 1
220	2	1 1 1 0 1 0 0 0 1 0 1 1 0 1 0 0
220	1	1 0 0 1 1 0 1 0 0 1 1 0 0 0 0 0
220	1	1 1 0 1 1 0 0 1 0 1 1 0 0 0 0 0
220	1	1 1 1 1 1 0 0 1 1 0 1 0 0 0 0 1
220	1	0 1 1 0 0 0 0 1 1 0 0 0 0 0 0 0
220	2	0 1 1 0 1 1 0 0 0 0 1 0 0 0 0 0
220	1	1 0 0 1 1 0 1 1 0 1 0 1 0 0 0 0
220	3	1 1 1 0 1 0 0 0 1 0 0 0 0 0 1 0
220	6	1 0 0 1 1 1 1 1 0 1 1 0 0 1 0 0
220	3	1 0 1 1 1 0 0 1 1 0 0 0 0 0 0 1
220	2	1 1 1 1 0 0 0 1 1 0 0 0 0 0 0 0
220	1	1 0 1 1 1 0 0 0 0 0 1 1 0 0 0 0
220	2	0 1 1 1 1 0 1 0 0 0 1 1 0 0 0 0
220	4	1 0 1 0 0 0 0 0 1 0 1 0 0 0 0 0
220	4	0 0 1 1 1 0 0 0 1 0 0 0 0 0 0 0
220	1	1 1 0 1 1 0 0 1 1 0 0 0 0 0 0 0
220	2	1 1 1 0 1 0 0 0 0 0 1 1 0 0 0 0
220	1	0 0 1 0 0 0 0 0 0 0 1 1 0 0 0 0
220	1	0 1 1 0 1 0 0 0 1 1 0 1 0 0 0 0
220	1	1 1 1 1 1 0 1 1 1 1 1 0 0 0 0 0
220	2	1 0 0 1 1 1 0 1 1 0 0 0 0 0 0 0
220	2	1 0 1 1 1 0 0 0 0 0 0 0 0 0 0 1
240	6	0 0 1 0 1 0 0 0 1 0 0 0 0 0 0 0
240	12	1 0 1 0 1 0 0 0 1 0 0 0 0 0 0 0
240	8	1 0 1 0 0 0 0 1 1 0 0 0 0 0 0 0
240	2	1 0 1 0 1 0 0 0 1 1 0 0 0 0 0 0
240	8	1 1 1 0 1 1 0 0 0 0 1 0 0 0 0 0
240	11	1 0 1 0 1 0 0 1 0 0 0 0 0 0 0 0
240	24	1 0 1 0 1 0 0 0 1 0 1 1 0 0 0 0
240	13	0 1 1 1 1 0 0 0 0 0 0 0 0 0 0 0
240	25	1 1 1 0 1 0 0 0 1 0 0 0 0 0 0 0
240	58	0 1 1 1 1 0 0 0 0 0 1 1 0 0 0 0
240	4	0 1 1 0 1 0 0 0 0 0 1 0 0 0 0 0
240	90	1 0 1 1 1 0 1 1 0 1 1 0 0 0 0 0
240	14	1 0 1 0 1 0 0 0 1 0 0 1 0 0 0 0
240	19	1 1 1 0 1 1 0 0 0 0 1 0 0 1 0 0
240	6	0 0 1 0 1 0 0 0 0 0 1 1 0 0 0 0
240	53	1 0 1 1 1 0 0 0 1 0 0 0 0 0 0 0
240	5	1 1 1 0 1 0 0 0 0 0 0 0 0 0 0 0
240	3	0 0 1 0 1 1 0 0 0 0 0 0 0 0 0 0
240	92	1 1 1 0 1 0 0 0 1 0 1 1 0 0 0 0
240	27	1 0 1 0 1 0 0 0 0 1 0 0 0 0 0 0
240	2	1 0 0 1 1 0 1 1 0 1 1 0 0 0 0 0
240	27	1 1 1 0 1 0 0 0 1 1 0 1 0 0 0 0
240	20	1 1 1 0 1 1 0 1 1 1 0 0 0 0 0 0
240	29	1 1 1 1 1 0 0 1 1 0 0 0 0 0 0 0
240	27	1 1 1 1 1 0 1 1 0 1 1 0 0 0 0 0
240	2	0 1 1 1 1 0 0 0 0 0 0 1 0 0 0 0
240	36	1 1 1 0 1 0 0 0 1 0 0 1 0 0 0 0
240	3	1 0 1 0 1 1 0 0 0 0 0 0 0 0 0 0
240	32	1 0 1 1 1 0 0 0 1 0 0 1 0 0 0 0
240	17	1 1 1 0 1 0 0 0 0 0 1 0 0 0 0 0
240	18	1 0 1 0 0 1 0 1 1 1 0 0 0 0 0 0
240	1	0 1 1 1 1 0 0 0 1 0 0 0 0 0 0 0
240	4	1 0 1 1 1 1 1 1 0 1 1 0 0 0 0 0
240	10	1 0 0 1 1 1 1 1 0 1 1 0 0 1 0 0
240	8	1 0 1 1 1 0 0 1 1 0 0 0 0 0 0 1
240	1	1 1 1 1 0 0 0 1 1 0 0 0 0 0 0 0
240	6	1 1 0 0 1 0 0 0 1 0 1 0 0 0 0 0
240	3	1 0 1 0 1 0 0 0 0 0 1 1 0 0 0 0
240	3	1 0 1 1 1 0 1 1 1 1 1 0 0 0 0 0
240	10	0 0 1 0 1 0 0 0 0 0 0 1 0 0 0 0
240	10	0 1 1 0 1 1 0 0 0 0 1 0 0 0 0 0
240	5	1 0 1 1 1 0 0 0 0 0 0 1 0 0 0 0
240	1	1 1 1 1 1 1 0 1 1 0 1 0 0 0 0 1
240	6	1 0 1 0 1 1 0 0 1 1 0 1 0 0 0 0
240	28	1 1 1 1 1 0 0 0 1 1 0 0 0 0 0 0
240	12	1 1 1 1 1 0 0 0 0 0 1 0 1 0 0 0
240	1	0 1 0 1 1 0 0 0 0 0 1 1 0 0 0 0
240	5	1 1 1 0 1 0 0 0 0 0 0 1 0 0 0 0
240	2	0 1 1 1 1 1 0 0 0 0 1 0 0 0 0 0
240	6	1 0 1 1 0 0 0 0 1 0 0 0 0 0 0 1
240	2	1 1 1 1 1 1 1 1 0 1 1 0 0 0 0 0
240	12	1 0 0 0 1 0 0 0 1 0 0 0 0 0 0 0
240	1	0 1 1 0 1 0 0 0 1 0 1 1 0 0 0 0
240	3	1 1 1 0 1 0 0 0 1 0 0 0 0 1 0 0
240	6	1 0 1 1 1 0 1 1 0 1 0 0 0 0 0 0
240	5	0 0 1 1 1 0 0 0 1 0 0 1 0 0 0 0
240	1	1 1 0 1 1 0 1 1 0 1 0 0 0 0 0 0
240	6	1 0 1 1 1 0 0 1 0 0 0 0 0 0 0 1
240	3	1 0 1 0 0 0 0 0 1 1 1 0 0 0 0 0
240	1	0 1 1 0 1 0 0 0 0 0 1 0 1 0 0 0
240	8	1 0 1 0 1 0 1 1 0 1 1 0 0 0 0 0
240	2	1 0 1 0 0 0 0 0 1 0 0 0 0 0 0 0
240	9	1 1 1 1 1 0 0 0 0 0 1 1 0 0 0 0
240	1	0 1 1 0 1 0 0 0 0 0 0 0 0 0 0 0
240	4	0 0 1 1 1 0 1 1 0 1 1 0 0 0 0 0
240	1	0 1 1 0 1 0 1 1 0 1 1 0 0 0 0 0
240	5	1 1 1 1 1 0 0 0 1 0 0 0 0 0 0 0
240	1	0 1 1 1 1 0 0 0 1 0 1 1 0 0 0 0
240	1	0 1 1 1 1 0 0 0 0 0 1 0 0 0 0 0
240	5	1 1 1 1 1 0 0 0 0 0 0 1 0 0 0 0
240	2	0 1 1 1 0 0 0 0 0 0 1 1 0 0 0 0
240	2	0 1 1 1 1 1 0 0 0 0 1 1 0 0 0 0
240	3	1 0 1 1 1 0 0 0 1 0 1 0 0 0 0 0
240	3	0 0 1 1 1 0 0 0 1 0 0 0 0 0 0 0
240	10	1 1 0 0 1 0 0 0 1 0 0 1 0 0 0 0
240	2	1 0 0 1 1 1 1 1 0 1 1 0 1 1 0 0
240	13	1 1 1 0 1 0 1 1 0 1 1 0 0 0 0 0
240	3	0 0 1 0 1 1 0 0 0 0 0 0 1 0 0 0
240	6	1 0 1 0 1 0 0 0 1 0 1 1 0 0 0 1
240	5	1 0 1 1 1 0 1 1 0 1 1 0 0 1 0 0
240	3	1 0 1 1 1 0 1 1 0 0 1 0 0 0 0 0
240	1	1 1 1 0 0 0 0 0 1 0 1 1 0 0 0 0
240	3	1 1 1 0 1 0 0 0 1 1 0 1 0 1 0 0
240	1	1 1 1 1 1 1 1 0 0 1 1 0 0 0 0 0
240	1	0 1 1 1 1 0 0 1 0 0 1 0 0 0 0 0
240	3	1 0 1 1 1 0 0 0 0 0 1 0 0 0 0 0
240	5	1 0 1 1 1 0 0 0 1 1 0 1 0 0 0 0
240	1	1 0 1 1 1 0 0 0 0 0 1 1 0 0 0 0
240	2	1 0 1 1 1 0 0 0 1 0 1 1 0 0 0 0
240	4	0 1 1 1 1 0 0 1 0 0 1 1 0 0 0 0
240	2	1 0 1 1 1 0 1 1 0 0 0 0 0 0 0 0
240	2	0 1 1 1 0 1 0 0 0 0 1 1 0 0 0 0
240	2	1 1 1 0 1 0 0 0 0 0 1 0 0 1 0 0
240	1	0 1 1 0 0 0 0 0 1 0 0 0 0 0 0 0
240	1	0 1 1 1 1 1 0 0 0 0 0 0 0 0 0 0
240	4	1 1 1 0 1 1 0 1 1 0 0 0 0 0 0 0
240	3	1 1 1 1 1 0 1 1 0 1 1 1 0 0 0 0
240	1	1 0 1 1 1 0 0 0 1 1 0 0 0 0 0 0
240	1	1 1 1 1 1 0 0 0 1 0 0 0 0 0 0 1
240	2	1 1 1 0 1 0 0 0 0 0 1 1 0 0 0 0
240	2	1 0 1 0 1 0 0 0 0 1 0 0 0 0 0 1
240	1	1 1 1 0 1 1 0 0 0 0 1 1 0 0 0 0
240	3	0 1 1 0 1 1 0 0 0 1 1 0 0 0 0 0
240	2	1 0 1 0 1 0 0 0 1 1 0 1 0 0 0 0
240	1	1 1 1 0 1 1 0 0 1 0 1 1 0 0 0 0
240	2	1 1 1 1 1 0 0 0 1 1 0 1 0 0 0 0
240	2	1 1 1 1 1 0 0 1 0 0 0 0 0 0 0 0
240	2	1 0 1 1 1 0 1 0 1 0 0 1 0 0 0 0
240	1	1 1 1 0 0 1 0 1 1 1 0 0 0 0 0 0
260	1	1 0 1 0 1 0 0 1 0 0 0 0 0 0 0 0
260	7	1 0 1 0 1 0 0 0 1 0 1 1 0 0 0 0
260	53	0 1 1 1 1 0 0 0 0 0 0 0 0 0 0 0
260	33	1 1 1 0 1 0 0 0 1 0 0 0 0 0 0 0
260	35	0 1 1 1 1 0 0 0 0 0 1 1 0 0 0 0
260	33	1 0 1 1 1 0 1 1 0 1 1 0 0 0 0 0
260	8	1 0 1 0 1 0 0 0 1 0 0 1 0 0 0 0
260	74	1 0 1 1 1 0 0 0 1 0 0 0 0 0 0 0
260	3	1 1 1 0 1 0 0 0 0 0 0 0 0 0 0 0
260	59	1 1 1 0 1 0 0 0 1 0 1 1 0 0 0 0
260	20	1 0 1 0 1 0 0 0 0 1 0 0 0 0 0 0
260	37	1 1 1 0 1 0 0 0 1 1 0 1 0 0 0 0
260	19	1 1 1 0 1 1 0 1 1 1 0 0 0 0 0 0
260	7	1 1 1 1 1 0 0 1 1 0 0 0 0 0 0 0
260	6	1 1 1 1 1 0 1 1 0 1 1 0 0 0 0 0
260	35	1 1 1 0 1 0 0 0 1 0 0 1 0 0 0 0
260	30	1 0 1 1 1 0 0 0 1 0 0 1 0 0 0 0
260	8	1 1 1 0 1 0 0 0 0 0 1 0 0 0 0 0
260	41	1 0 1 0 0 1 0 1 1 1 0 0 0 0 0 0
260	10	1 0 0 1 1 1 1 1 0 1 1 0 0 1 0 0
260	7	1 0 1 1 1 0 0 1 1 0 0 0 0 0 0 1
260	9	1 0 1 1 1 0 0 0 0 0 0 1 0 0 0 0
260	1	1 0 1 0 1 1 0 0 1 1 0 1 0 0 0 0
260	19	1 1 1 1 1 0 0 0 0 0 1 0 1 0 0 0
260	17	1 1 0 1 1 0 1 1 0 1 0 0 0 0 0 0
260	3	1 1 1 1 1 0 0 0 0 0 1 1 0 0 0 0
260	5	1 1 1 1 1 0 0 0 0 0 0 1 0 0 0 0
260	8	1 1 1 0 1 0 1 1 0 1 1 0 0 0 0 0
260	9	1 0 1 1 1 0 1 1 0 0 1 0 0 0 0 0
260	15	1 0 1 1 1 0 0 0 1 0 1 1 0 0 0 0
260	3	1 1 1 1 1 0 1 1 0 1 1 1 0 0 0 0
260	33	1 1 1 0 1 0 0 0 0 0 1 1 0 0 0 0
260	14	1 1 1 0 0 1 0 1 1 1 0 0 0 0 0 0
260	4	1 1 1 0 1 0 0 0 1 1 0 0 0 0 0 0
260	16	1 0 1 1 1 0 1 0 0 0 1 0 0 0 0 0
260	4	0 1 1 0 1 0 0 0 1 0 0 0 0 0 0 0
260	5	1 1 1 0 1 0 0 0 0 0 0 0 0 1 0 0
260	6	1 1 1 0 1 1 0 0 1 1 0 0 0 0 0 0
260	5	1 0 1 0 1 0 0 0 0 0 1 0 1 0 0 0
260	7	1 1 1 1 1 0 0 0 1 1 1 0 0 0 0 0
260	8	1 0 1 1 1 1 0 0 1 0 0 0 0 0 0 0
260	1	1 1 1 1 1 0 0 0 1 0 1 1 0 0 0 0
260	8	0 1 1 1 1 0 0 0 0 0 0 1 0 0 0 0
260	3	1 1 1 1 1 0 0 1 1 0 0 0 0 1 0 0
260	15	1 1 1 0 1 0 1 1 0 1 1 0 0 0 1 0
260	4	1 1 1 1 1 0 0 0 0 0 0 0 0 0 0 0
260	5	0 0 1 1 1 0 0 0 0 0 1 1 0 0 0 0
260	4	1 1 1 0 1 0 0 0 1 0 1 1 0 0 1 0
260	1	0 0 1 1 1 1 1 1 0 1 1 0 0 0 0 0
260	7	1 0 1 0 1 1 0 0 1 1 0 1 0 0 1 0
260	8	1 0 1 1 1 0 0 1 1 0 0 0 0 0 0 0
260	2	1 1 1 0 1 0 0 1 1 0 0 0 0 0 0 1
260	4	1 1 1 0 1 0 0 1 1 0 0 1 0 0 0 1
260	2	1 0 1 0 1 0 0 0 0 0 1 1 0 0 0 0
260	3	1 0 1 1 1 0 0 0 0 0 0 0 0 0 0 0
260	2	1 0 1 1 1 0 0 0 1 0 0 0 0 0 1 0
260	37	1 1 1 0 0 0 0 1 1 1 0 0 0 0 0 0
260	2	1 0 1 0 0 1 0 0 1 0 0 0 0 0 0 0
260	2	1 1 1 0 1 0 1 0 1 0 0 0 0 0 0 0
260	9	0 1 1 0 1 0 0 0 0 0 1 0 0 0 0 1
260	12	0 1 1 1 1 1 1 1 0 1 1 0 0 0 0 0
260	3	1 1 1 0 1 0 0 0 1 0 1 1 1 0 0 0
260	19	1 0 1 1 1 1 1 1 0 1 1 0 0 1 0 0
260	6	1 0 1 1 1 0 0 0 0 0 1 1 0 0 0 0
260	4	1 0 1 1 1 0 1 1 0 1 0 0 0 0 0 0
260	1	1 0 1 0 1 0 0 0 1 0 1 0 0 0 0 0
260	8	0 0 1 1 1 0 0 0 0 0 0 0 0 0 0 0
260	1	1 1 1 0 1 0 0 0 1 0 0 0 0 1 0 0
260	7	1 0 1 0 1 0 0 0 0 1 0 0 0 1 0 0
260	1	1 1 1 0 1 0 0 0 0 0 1 0 0 1 0 0
260	2	0 1 1 1 1 0 0 0 1 0 0 0 0 0 0 0
260	1	1 1 1 1 1 0 0 0 1 0 0 0 0 0 0 0
260	6	0 1 1 0 1 1 0 0 1 0 0 0 0 0 0 0
260	1	1 1 0 0 1 1 0 0 1 1 0 1 0 0 0 0
260	3	1 0 1 1 1 0 0 1 0 0 0 0 0 0 0 0
260	18	1 1 1 1 1 0 0 0 1 0 0 1 0 0 0 1
260	1	0 1 1 0 1 0 1 1 0 1 1 0 0 0 0 0
260	1	0 1 1 0 1 0 0 0 0 0 1 1 0 0 0 0
260	1	1 0 1 1 1 0 1 1 1 0 0 0 0 1 0 0
260	4	1 0 1 1 1 0 1 1 0 1 1 1 0 0 0 0
260	3	1 1 1 1 1 0 1 0 0 0 1 0 1 0 0 0
260	1	1 0 1 1 1 0 1 1 0 0 1 1 0 0 0 0
260	2	1 0 1 0 1 0 0 0 1 1 0 1 0 1 0 0
260	4	1 0 1 0 1 1 0 0 1 1 1 0 0 0 0 0
260	1	1 1 1 1 1 0 0 0 1 0 0 1 0 0 0 0
260	3	0 1 1 0 1 1 0 1 1 1 0 0 0 0 0 0
260	2	1 0 1 0 1 0 0 0 1 0 1 1 0 0 1 0
260	2	0 0 1 1 1 0 1 0 0 0 1 0 0 0 0 0
260	1	0 0 0 0 1 1 0 0 1 1 0 1 0 0 0 0
260	2	1 1 1 0 1 0 0 0 1 1 0 1 0 1 0 0
260	1	1 0 1 1 1 0 0 0 1 0 1 0 0 0 0 0
260	6	1 0 1 1 1 0 0 0 1 0 0 0 0 1 0 0
260	3	1 1 1 0 1 0 0 0 1 0 0 1 0 0 1 0
260	1	1 0 1 1 1 0 0 0 1 0 0 1 0 0 0 1
260	4	1 1 1 0 0 1 0 1 1 1 0 1 0 0 0 0
260	2	1 0 1 1 1 1 0 0 1 0 0 0 1 0 0 0
260	2	1 1 1 0 1 0 0 0 1 0 1 0 0 0 0 0
260	1	1 0 1 1 1 0 0 0 1 0 0 0 1 0 0 0
260	1	1 0 1 1 1 0 1 1 1 0 1 1 0 0 0 0
260	3	1 0 1 0 1 0 0 0 1 0 1 1 0 0 0 1
260	1	1 1 1 0 1 0 0 0 0 1 0 1 0 0 0 0
260	1	1 1 1 1 1 0 1 0 0 1 1 0 0 0 0 0
260	3	1 1 1 0 1 0 0 0 1 0 0 1 0 0 0 1
260	4	1 1 1 0 1 0 0 0 0 0 0 1 0 0 0 0
260	1	1 0 1 0 0 1 0 0 1 1 0 0 0 0 0 0
260	2	1 0 0 1 1 1 1 1 0 1 1 0 0 1 1 0
260	3	1 1 1 1 1 0 0 0 0 0 1 0 1 1 0 0
260	2	1 1 1 0 1 0 1 1 0 1 0 0 0 0 1 0
260	2	1 1 1 0 1 0 0 1 1 0 1 0 0 0 0 1
280	1	1 0 1 0 1 0 0 0 1 0 1 1 0 0 0 0
280	55	0 1 1 1 1 0 0 0 0 0 0 0 0 0 0 0
280	19	1 1 1 0 1 0 0 0 1 0 0 0 0 0 0 0
280	22	1 0 1 1 1 0 1 1 0 1 1 0 0 0 0 0
280	63	1 0 1 1 1 0 0 0 1 0 0 0 0 0 0 0
280	17	1 1 1 0 1 0 0 0 1 0 1 1 0 0 0 0
280	9	1 0 1 0 1 0 0 0 0 1 0 0 0 0 0 0
280	39	1 1 1 0 1 0 0 0 1 1 0 1 0 0 0 0
280	1	1 1 1 0 1 1 0 1 1 1 0 0 0 0 0 0
280	7	1 1 1 1 1 0 1 1 0 1 1 0 0 0 0 0
280	49	1 1 1 0 1 0 0 0 1 0 0 1 0 0 0 0
280	64	1 0 1 1 1 0 0 0 1 0 0 1 0 0 0 0
280	37	1 0 1 0 0 1 0 1 1 1 0 0 0 0 0 0
280	16	1 0 1 1 1 0 0 1 1 0 0 0 0 0 0 1
280	34	1 1 0 1 1 0 1 1 0 1 0 0 0 0 0 0
280	19	1 1 1 1 1 0 0 0 0 0 1 1 0 0 0 0
280	21	1 1 1 1 1 0 0 0 0 0 0 1 0 0 0 0
280	5	1 1 1 0 1 0 1 1 0 1 1 0 0 0 0 0
280	8	1 0 1 1 1 0 1 1 0 0 1 0 0 0 0 0
280	12	1 0 1 1 1 0 0 0 1 0 1 1 0 0 0 0
280	1	1 1 1 0 1 0 0 0 0 0 1 1 0 0 0 0
280	20	1 0 1 1 1 0 1 0 0 0 1 0 0 0 0 0
280	17	0 1 1 0 1 0 0 0 1 0 0 0 0 0 0 0
280	21	1 1 1 0 1 1 0 0 1 1 0 0 0 0 0 0
280	8	1 1 1 1 1 0 0 0 1 1 1 0 0 0 0 0
280	3	1 1 1 0 1 0 1 1 0 1 1 0 0 0 1 0
280	16	1 1 1 1 1 0 0 0 0 0 0 0 0 0 0 0
280	12	1 1 1 0 0 0 0 1 1 1 0 0 0 0 0 0
280	27	0 1 1 0 1 0 0 0 0 0 1 0 0 0 0 1
280	5	0 1 1 1 1 1 1 1 0 1 1 0 0 0 0 0
280	23	1 0 1 1 1 1 1 1 0 1 1 0 0 1 0 0
280	9	0 0 1 1 1 0 0 0 0 0 0 0 0 0 0 0
280	4	1 0 1 0 1 0 0 0 0 1 0 0 0 1 0 0
280	2	1 1 1 1 1 0 0 0 1 0 0 0 0 0 0 0
280	2	1 1 1 1 1 0 0 0 1 0 0 1 0 0 0 1
280	6	0 1 1 0 1 0 0 0 0 0 1 1 0 0 0 0
280	23	1 0 1 1 1 0 1 1 1 0 1 1 0 0 0 0
280	2	1 0 1 0 0 1 0 0 1 1 0 0 0 0 0 0
280	32	1 1 1 0 1 0 0 0 1 1 0 0 0 0 0 0
280	11	1 0 1 1 1 0 0 1 1 0 0 0 1 0 0 1
280	2	0 1 1 0 1 0 0 0 0 0 1 0 0 0 0 0
280	5	1 0 1 1 1 0 1 0 0 1 1 0 0 0 0 0
280	21	1 1 1 1 1 1 0 1 1 0 0 0 0 0 0 0
280	4	1 1 1 0 0 0 0 0 1 0 0 1 0 0 0 0
280	13	1 1 1 1 0 0 0 1 1 1 0 0 0 0 0 0
280	5	0 1 1 1 1 0 0 0 0 0 1 0 0 0 0 0
280	16	1 0 1 1 0 0 1 1 0 1 1 0 0 0 0 0
280	3	1 0 1 0 1 0 0 0 0 0 1 0 0 0 0 0
280	11	1 0 1 1 1 0 0 0 0 1 0 0 0 0 0 0
280	7	0 1 1 1 1 0 0 0 0 0 0 1 0 0 0 0
280	9	0 1 1 0 1 0 0 0 1 0 1 0 0 0 0 1
280	15	0 1 1 1 1 0 0 0 0 1 0 0 0 0 0 0
280	2	0 1 1 1 0 0 0 0 0 0 1 1 0 0 0 0
280	1	1 1 1 0 1 0 1 1 1 0 1 0 0 0 0 0
280	2	1 1 0 1 1 0 1 1 0 1 1 0 0 0 0 0
280	15	1 1 1 0 0 0 0 1 1 1 0 1 0 0 0 0
280	6	1 0 1 1 1 0 0 0 1 0 1 0 0 0 0 0
280	11	1 0 1 1 1 0 1 0 0 1 0 0 0 0 0 0
280	3	0 1 1 0 0 0 1 1 0 1 1 0 0 0 0 0
280	4	1 1 1 0 1 1 0 0 1 0 0 0 0 0 0 0
280	1	0 1 1 1 1 1 1 1 0 0 1 0 0 0 0 0
280	3	1 1 1 1 1 1 0 1 1 0 1 0 0 0 0 0
280	1	1 1 1 1 1 0 0 1 0 0 1 1 0 0 0 0
280	6	0 1 1 1 1 1 1 1 1 1 1 0 0 0 0 0
280	2	1 0 1 1 1 0 0 1 1 0 0 0 0 0 0 0
280	5	1 0 1 1 1 0 0 0 1 1 0 1 0 0 0 0
280	3	0 1 1 1 1 1 1 1 0 1 1 1 0 0 0 0
280	3	1 1 1 1 1 0 0 0 1 0 0 1 0 0 0 0
280	1	1 0 1 1 1 0 0 0 1 0 1 0 0 0 0 1
280	4	0 1 1 1 1 1 0 1 1 1 0 0 0 0 0 0
280	2	1 1 1 1 1 1 1 1 0 1 1 0 0 0 0 0
280	4	1 1 1 1 0 0 0 0 1 1 1 0 0 0 0 0
280	11	1 1 0 1 1 0 0 0 0 0 0 0 0 0 0 0
280	5	0 1 1 1 1 1 1 1 0 1 1 0 0 0 1 0
280	5	1 1 1 0 0 0 0 1 1 0 0 0 0 1 0 0
280	2	0 1 1 0 0 0 1 0 0 1 1 0 0 0 0 0
280	8	0 1 1 1 1 1 1 1 0 1 1 1 1 0 0 0
280	1	1 1 1 0 1 0 0 1 1 1 0 0 0 0 0 0
280	1	1 0 1 1 1 0 0 0 1 1 0 0 0 0 0 0
280	12	1 0 1 0 0 0 0 0 1 0 1 1 0 0 0 0
280	4	1 1 1 1 1 0 1 1 0 1 1 0 1 0 0 0
280	3	1 0 1 0 0 1 0 1 1 1 0 1 0 0 0 0
280	1	0 0 1 1 1 0 0 0 0 0 0 0 1 0 0 0
280	1	1 0 1 0 1 1 1 1 0 1 1 0 0 1 0 0
280	1	0 1 1 1 0 0 0 0 0 0 1 1 0 1 0 0
280	1	1 0 1 1 1 0 0 0 0 1 1 0 0 1 0 0
280	1	1 1 1 0 1 0 0 0 1 0 1 1 0 1 0 0
280	1	1 1 1 0 1 1 0 0 1 0 1 0 0 0 0 0
280	1	1 1 1 0 1 0 1 1 0 0 1 1 0 0 0 0
280	2	1 0 1 1 1 1 0 1 1 0 0 0 0 0 0 0
280	2	1 1 1 0 1 0 1 0 1 0 1 1 0 0 0 0
280	1	1 1 1 0 1 0 0 0 0 0 0 1 0 0 0 0
280	1	1 0 1 0 1 0 0 0 1 0 0 1 0 0 0 0
280	1	1 1 1 0 1 0 0 1 1 0 0 1 0 0 0 0
280	1	0 1 1 1 0 1 1 1 0 1 1 0 0 0 0 0
280	1	0 1 1 0 1 0 0 0 1 1 1 0 0 0 0 1
300	2	1 0 1 0 1 0 0 0 1 0 1 1 0 0 0 0
300	53	0 1 1 1 1 0 0 0 0 0 0 0 0 0 0 0
300	4	1 0 1 1 1 0 1 1 0 1 1 0 0 0 0 0
300	42	1 0 1 1 1 0 0 0 1 0 0 0 0 0 0 0
300	24	1 1 1 0 1 0 0 0 1 1 0 1 0 0 0 0
300	82	1 1 1 1 1 0 1 1 0 1 1 0 0 0 0 0
300	15	1 1 1 0 1 0 0 0 1 0 0 1 0 0 0 0
300	25	1 0 1 1 1 0 0 0 1 0 0 1 0 0 0 0
300	12	1 0 1 0 0 1 0 1 1 1 0 0 0 0 0 0
300	11	1 1 0 1 1 0 1 1 0 1 0 0 0 0 0 0
300	11	1 1 1 1 1 0 0 0 0 0 1 1 0 0 0 0
300	17	1 1 1 1 1 0 0 0 0 0 0 1 0 0 0 0
300	1	1 0 1 1 1 0 1 1 0 0 1 0 0 0 0 0
300	29	1 0 1 1 1 0 1 0 0 0 1 0 0 0 0 0
300	2	0 1 1 0 1 0 0 0 1 0 0 0 0 0 0 0
300	26	1 1 1 0 1 1 0 0 1 1 0 0 0 0 0 0
300	5	1 1 1 1 1 0 0 0 1 1 1 0 0 0 0 0
300	68	1 1 1 1 1 0 0 0 0 0 0 0 0 0 0 0
300	12	0 1 1 0 1 0 0 0 0 0 1 0 0 0 0 1
300	9	1 0 1 1 1 1 1 1 0 1 1 0 0 1 0 0
300	24	1 0 1 1 1 0 1 1 1 0 1 1 0 0 0 0
300	26	1 1 1 0 1 0 0 0 1 1 0 0 0 0 0 0
300	3	1 0 1 1 1 0 0 1 1 0 0 0 1 0 0 1
300	22	1 1 1 1 1 1 0 1 1 0 0 0 0 0 0 0
300	1	1 1 1 1 0 0 0 1 1 1 0 0 0 0 0 0
300	7	0 1 1 1 1 0 0 0 0 0 1 0 0 0 0 0
300	21	1 0 1 1 1 0 0 0 0 1 0 0 0 0 0 0
300	16	1 1 1 0 0 0 0 1 1 1 0 1 0 0 0 0
300	14	1 0 1 1 1 0 0 0 1 0 1 0 0 0 0 0
300	9	1 0 1 1 1 0 1 0 0 1 0 0 0 0 0 0
300	9	1 1 1 0 1 1 0 0 1 0 0 0 0 0 0 0
300	4	1 1 1 1 1 1 0 1 1 0 1 0 0 0 0 0
300	5	1 1 0 1 1 0 0 0 0 0 0 0 0 0 0 0
300	23	0 1 1 1 1 1 1 1 0 1 1 1 1 0 0 0
300	7	1 1 1 0 1 0 0 1 1 1 0 0 0 0 0 0
300	30	1 1 1 0 1 0 0 0 0 0 0 0 0 0 0 0
300	4	1 0 1 1 1 0 0 1 1 1 0 0 0 0 0 0
300	6	1 1 1 0 1 0 0 0 0 0 0 1 0 0 0 0
300	2	1 0 1 1 0 0 1 1 1 0 1 1 0 0 0 0
300	6	1 1 1 0 1 0 0 0 1 1 0 1 0 0 1 0
300	17	1 0 1 1 1 0 0 0 0 0 1 1 0 0 0 0
300	9	0 1 1 1 1 0 0 0 0 1 0 0 0 0 1 0
300	26	1 1 1 1 1 0 0 1 1 1 0 0 0 0 0 0
300	5	1 1 1 1 1 0 1 0 0 1 1 0 0 0 0 0
300	4	1 0 1 1 1 0 0 1 1 1 1 0 0 0 0 0
300	1	1 1 1 0 1 0 1 0 1 1 0 1 0 0 0 0
300	2	1 0 1 1 1 0 0 1 1 0 0 0 0 0 0 0
300	6	0 1 1 1 1 1 1 1 1 1 0 0 0 0 0 0
300	3	0 1 1 1 1 0 0 0 0 0 0 0 0 1 0 0
300	3	1 1 0 1 1 0 1 1 0 1 0 0 0 0 0 1
300	1	1 1 1 0 1 1 0 0 1 1 0 0 1 0 0 0
300	12	1 0 1 1 0 0 1 0 1 0 1 1 0 0 0 0
300	1	1 1 1 0 1 0 0 1 1 0 0 0 1 0 0 1
300	3	1 1 1 0 1 0 0 1 1 0 0 1 0 0 0 0
300	11	1 0 1 1 1 1 1 1 0 0 1 0 0 1 0 0
300	5	0 1 1 1 1 0 0 0 0 1 1 0 0 0 0 0
300	1	1 1 1 0 1 0 0 1 1 1 0 1 0 0 0 0
300	10	1 1 1 1 1 0 1 1 1 1 1 0 0 0 0 0
300	4	1 0 1 1 1 0 1 0 1 0 0 1 0 0 0 0
300	16	1 1 1 1 1 0 1 1 0 1 0 0 0 0 0 0
300	4	1 1 1 0 1 1 0 0 1 1 1 0 0 0 0 0
300	2	0 1 1 1 1 0 0 0 0 0 0 0 1 0 0 1
300	15	1 1 1 0 1 1 0 1 1 1 0 1 0 0 0 0
300	7	0 1 1 1 1 0 0 0 0 0 0 0 1 0 0 0
300	2	1 1 1 1 0 0 0 1 1 1 0 1 0 0 0 0
300	2	1 1 1 0 1 1 0 0 1 0 1 1 0 0 0 0
300	4	1 1 1 0 1 0 1 1 1 1 0 1 0 0 0 0
300	5	1 1 1 1 1 1 1 1 0 1 1 0 0 0 0 0
300	5	1 1 0 1 1 1 0 1 1 0 0 0 0 0 0 0
300	2	1 1 1 1 1 1 0 1 0 0 0 0 0 0 0 0
300	6	1 1 1 0 1 0 0 0 0 1 0 0 0 0 0 0
300	1	1 0 1 0 1 0 0 0 0 0 0 0 0 0 0 0
300	4	0 1 1 1 1 0 0 0 0 0 0 0 0 0 1 0
300	2	1 1 1 1 1 0 0 0 1 0 0 1 0 0 0 0
300	2	1 1 1 1 1 0 1 1 0 1 0 1 0 0 0 0
300	7	0 1 1 1 1 1 0 0 0 0 0 0 0 0 0 0
300	5	1 1 0 0 1 0 0 0 0 0 0 0 0 0 0 0
300	2	1 0 1 1 1 0 0 0 0 0 0 0 0 0 0 0
300	1	1 1 1 1 1 0 1 0 0 1 0 0 0 0 0 0
300	2	1 1 1 1 1 0 1 1 1 1 0 0 0 0 0 0
300	4	1 1 1 1 1 0 1 1 0 0 0 0 0 0 0 0
300	9	1 1 1 0 1 0 1 0 1 0 0 1 0 0 0 0
300	4	1 0 1 1 1 0 1 0 0 1 1 0 0 0 0 0
300	7	1 1 1 1 0 1 0 1 1 0 0 0 0 0 0 0
300	5	1 1 1 0 1 1 0 0 1 1 1 1 0 0 0 0
300	1	1 0 0 1 1 0 1 1 1 0 1 1 0 1 0 0
300	4	1 1 1 0 0 1 0 1 1 1 0 0 0 0 0 0
300	2	1 1 1 1 1 0 0 0 1 1 0 0 0 0 0 0
300	1	0 1 1 0 1 0 1 1 1 0 0 0 0 0 0 0
300	1	1 1 1 0 1 0 1 1 0 1 1 0 0 0 0 0
300	3	0 0 1 1 1 0 1 1 1 0 1 1 0 0 0 0
300	5	1 0 1 1 1 0 0 0 1 1 0 0 0 0 0 0
300	6	1 1 1 0 1 1 0 0 1 0 0 0 0 0 1 0
300	3	1 1 1 0 1 1 0 0 1 0 0 1 0 0 0 0
300	2	1 1 1 0 1 0 0 0 0 0 0 1 0 0 0 1
300	1	1 1 0 1 1 0 1 1 0 1 1 0 0 1 0 0
300	4	1 1 1 1 1 1 0 1 1 1 0 0 0 0 0 0
300	3	1 1 1 1 1 0 1 1 0 1 1 1 0 0 0 0
300	4	1 1 1 1 0 0 1 1 0 1 1 0 0 0 0 0
300	1	1 0 0 1 1 1 1 1 0 1 1 0 0 1 0 0
300	1	1 0 1 1 1 0 0 1 1 1 0 0 0 0 0 1
300	1	0 0 1 1 1 1 1 1 1 1 0 0 0 0 0 0
300	2	1 1 1 1 1 1 1 1 1 1 1 0 0 0 0 0
300	1	1 1 1 1 1 0 1 1 1 0 1 1 0 1 0 0
300	2	1 0 1 1 1 0 1 1 0 0 1 0 0 1 0 0
300	2	1 1 1 0 1 1 0 1 1 1 0 0 0 0 0 0
300	1	1 0 1 1 1 1 1 1 0 1 1 1 1 0 0 0
300	1	0 1 1 1 1 0 1 0 0 0 0 0 0 0 0 0
300	1	1 0 1 1 1 0 0 1 0 1 1 0 0 0 0 0
300	2	1 1 1 1 1 0 1 1 0 1 1 0 0 1 0 0
300	1	0 1 1 0 1 0 0 0 0 0 1 0 0 0 0 0
300	2	0 1 1 0 1 0 1 0 0 0 1 0 0 0 0 1
300	1	1 1 1 0 1 1 0 1 1 0 0 0 0 0 0 0
300	1	1 0 1 1 1 0 0 0 0 0 1 0 0 0 0 0
300	2	1 1 1 0 1 0 1 1 1 0 0 0 1 0 0 1
320	5	0 1 1 1 1 0 0 0 0 0 0 0 0 0 0 0
320	21	1 0 1 1 1 0 0 0 1 0 0 0 0 0 0 0
320	6	1 1 1 0 1 0 0 0 1 1 0 1 0 0 0 0
320	132	1 1 1 1 1 0 1 1 0 1 1 0 0 0 0 0
320	23	1 1 1 0 1 0 0 0 1 0 0 1 0 0 0 0
320	35	1 0 1 1 1 0 0 0 1 0 0 1 0 0 0 0
320	22	1 1 0 1 1 0 1 1 0 1 0 0 0 0 0 0
320	5	1 1 1 1 1 0 0 0 0 0 1 1 0 0 0 0
320	9	1 1 1 1 1 0 0 0 0 0 0 1 0 0 0 0
320	4	1 0 1 1 1 0 1 0 0 0 1 0 0 0 0 0
320	29	1 1 1 0 1 1 0 0 1 1 0 0 0 0 0 0
320	1	1 1 1 1 1 0 0 0 1 1 1 0 0 0 0 0
320	76	1 1 1 1 1 0 0 0 0 0 0 0 0 0 0 0
320	7	0 1 1 0 1 0 0 0 0 0 1 0 0 0 0 1
320	15	1 0 1 1 1 0 1 1 1 0 1 1 0 0 0 0
320	14	1 1 1 0 1 0 0 0 1 1 0 0 0 0 0 0
320	3	1 1 1 1 1 1 0 1 1 0 0 0 0 0 0 0
320	16	1 1 1 0 0 0 0 1 1 1 0 1 0 0 0 0
320	5	1 0 1 1 1 0 0 0 1 0 1 0 0 0 0 0
320	3	1 1 0 1 1 0 0 0 0 0 0 0 0 0 0 0
320	28	1 1 1 0 1 0 0 1 1 1 0 0 0 0 0 0
320	24	1 1 1 0 1 0 0 0 0 0 0 0 0 0 0 0
320	34	1 0 1 1 1 0 0 1 1 1 0 0 0 0 0 0
320	12	1 0 1 1 1 0 0 0 0 0 1 1 0 0 0 0
320	1	0 1 1 1 1 0 0 0 0 1 0 0 0 0 1 0
320	46	1 1 1 1 1 0 0 1 1 1 0 0 0 0 0 0
320	22	1 0 1 1 1 0 0 1 1 1 1 0 0 0 0 0
320	4	1 0 1 1 1 0 0 1 1 0 0 0 0 0 0 0
320	1	1 0 1 1 0 0 1 0 1 0 1 1 0 0 0 0
320	25	0 1 1 1 1 0 0 0 0 1 1 0 0 0 0 0
320	14	1 1 1 1 1 0 1 1 1 1 1 0 0 0 0 0
320	14	1 1 1 1 1 0 1 1 0 0 0 0 0 0 0 0
320	5	1 1 1 1 0 1 0 1 1 0 0 0 0 0 0 0
320	31	1 1 1 0 1 1 0 0 1 0 0 1 0 0 0 0
320	2	1 1 1 1 1 0 1 1 0 1 1 1 0 0 0 0
320	8	1 0 0 1 1 1 1 1 0 1 1 0 0 1 0 0
320	12	0 0 1 1 1 1 1 1 1 1 0 0 0 0 0 0
320	6	1 0 1 1 1 0 0 0 0 0 1 0 0 0 0 0
320	6	1 1 1 1 1 0 0 0 1 1 0 1 0 0 0 0
320	1	1 1 1 0 0 0 0 0 0 0 0 0 0 0 0 0
320	14	1 1 0 0 1 0 0 0 0 1 0 0 0 0 0 0
320	1	1 1 1 1 0 1 0 1 1 0 0 0 0 0 1 0
320	20	1 1 1 0 1 0 1 1 0 1 0 0 0 0 0 0
320	7	1 0 1 1 1 0 0 0 0 0 0 0 0 0 0 0
320	30	1 1 1 1 1 0 1 1 0 0 1 0 0 0 0 0
320	9	1 1 1 1 0 0 0 0 0 0 0 0 0 0 0 0
320	11	1 1 1 1 1 0 0 0 0 1 0 1 0 0 0 0
320	13	1 1 1 1 1 0 1 0 0 1 1 0 0 0 0 0
320	2	1 1 1 0 1 1 0 0 0 0 1 0 0 0 0 0
320	4	1 1 1 1 1 1 0 0 1 0 0 0 0 0 0 0
320	3	0 1 1 1 1 0 0 0 0 1 0 1 0 0 0 0
320	2	0 1 1 1 1 1 0 0 0 1 0 0 0 0 0 0
320	1	1 0 0 1 1 0 0 0 1 0 0 0 0 0 0 0
320	2	0 1 1 1 1 0 1 1 0 1 1 0 0 0 0 0
320	8	1 0 1 1 1 0 0 1 1 1 0 0 1 0 0 0
320	4	0 1 1 0 0 0 0 0 0 0 0 0 0 0 0 0
320	4	1 0 0 1 1 1 1 1 0 0 0 0 0 0 0 0
320	2	1 0 1 0 1 0 0 0 1 1 0 1 0 0 0 0
320	10	1 1 1 1 1 0 1 0 0 0 0 0 0 0 0 0
320	4	1 0 1 0 1 0 0 0 0 0 0 0 0 0 0 0
320	12	1 1 1 0 1 1 0 0 1 0 0 1 1 0 0 0
320	8	1 1 0 0 1 0 0 0 0 0 1 0 0 0 0 0
320	3	1 1 1 1 0 0 1 1 0 1 1 0 0 0 0 0
320	4	1 1 1 1 1 0 0 1 1 1 0 0 0 1 0 0
320	6	1 0 1 1 0 0 1 0 1 0 1 1 0 1 0 0
320	4	1 1 1 1 1 0 0 1 1 1 0 1 0 0 0 1
320	2	1 0 1 1 1 0 0 0 1 1 0 0 0 0 0 0
320	6	1 1 1 1 1 0 1 0 1 1 0 1 0 0 0 0
320	11	1 0 1 1 1 1 1 1 0 1 1 0 0 0 0 0
320	4	1 0 1 1 1 0 0 0 1 0 1 1 0 0 0 0
320	6	1 0 1 1 1 0 0 0 0 0 1 1 0 0 0 1
320	4	1 1 1 1 1 1 1 1 1 1 1 0 0 0 0 0
320	2	1 1 1 1 1 0 0 1 0 1 1 0 0 0 0 0
320	6	1 1 1 1 1 0 0 0 0 0 0 0 0 0 1 0
320	1	0 1 1 1 1 0 1 0 0 0 0 0 0 0 0 0
320	5	1 0 1 0 1 0 0 0 1 0 1 0 0 0 0 0
320	2	1 0 1 1 1 0 0 0 1 0 0 0 1 0 0 0
320	1	1 1 1 0 0 0 0 1 1 1 0 1 0 0 0 1
320	1	1 1 1 0 0 0 0 1 1 1 0 0 0 0 0 0
320	5	1 0 1 1 1 0 1 0 0 0 1 1 0 0 0 0
320	4	1 0 1 0 1 0 1 1 0 1 0 0 0 0 0 0
320	2	1 0 1 1 1 0 0 0 0 1 1 0 0 0 0 0
320	1	1 1 1 0 0 0 0 0 1 0 0 1 0 0 0 0
320	4	1 1 1 1 1 0 0 0 0 1 0 1 0 1 0 0
320	2	1 0 1 1 1 1 1 1 0 1 1 0 1 0 0 0
320	1	1 1 1 0 1 1 0 0 1 0 0 0 0 0 0 0
320	3	1 1 0 1 1 0 1 1 0 1 1 0 0 0 0 0
320	1	1 1 1 1 1 0 1 1 1 1 0 0 0 0 0 0
320	1	1 0 1 1 1 0 0 0 1 1 1 0 0 0 0 0
320	1	1 0 1 1 1 0 0 1 1 1 0 0 0 1 0 0
320	1	1 1 1 1 0 0 1 0 1 0 1 1 0 1 0 0
320	2	1 1 1 1 1 0 0 1 0 1 0 0 0 0 0 0
320	2	0 1 1 1 1 1 0 0 0 1 1 0 0 0 0 0
320	4	1 1 1 1 0 0 1 0 0 0 0 0 0 0 0 0
340	86	1 1 1 1 1 0 1 1 0 1 1 0 0 0 0 0
340	10	1 1 1 0 1 0 0 0 1 0 0 1 0 0 0 0
340	14	1 0 1 1 1 0 0 0 1 0 0 1 0 0 0 0
340	7	1 1 0 1 1 0 1 1 0 1 0 0 0 0 0 0
340	10	1 1 1 1 1 0 0 0 0 0 1 1 0 0 0 0
340	7	1 0 1 1 1 0 1 0 0 0 1 0 0 0 0 0
340	25	1 1 1 0 1 1 0 0 1 1 0 0 0 0 0 0
340	31	1 1 1 1 1 0 0 0 0 0 0 0 0 0 0 0
340	21	1 0 1 1 1 0 1 1 1 0 1 1 0 0 0 0
340	12	1 1 1 0 0 0 0 1 1 1 0 1 0 0 0 0
340	4	1 1 1 0 1 0 0 0 0 0 0 0 0 0 0 0
340	11	1 0 1 1 1 0 0 1 1 1 0 0 0 0 0 0
340	7	1 0 1 1 1 0 0 0 0 0 1 1 0 0 0 0
340	41	1 1 1 1 1 0 0 1 1 1 0 0 0 0 0 0
340	5	1 0 1 1 1 0 0 1 1 1 1 0 0 0 0 0
340	52	0 1 1 1 1 0 0 0 0 1 1 0 0 0 0 0
340	14	1 1 1 1 1 0 1 1 1 1 1 0 0 0 0 0
340	21	1 1 1 1 1 0 1 1 0 0 0 0 0 0 0 0
340	80	1 1 1 0 1 1 0 0 1 0 0 1 0 0 0 0
340	11	1 1 1 1 1 0 1 1 0 1 1 1 0 0 0 0
340	12	1 1 1 1 1 0 0 0 1 1 0 1 0 0 0 0
340	15	1 1 1 0 0 0 0 0 0 0 0 0 0 0 0 0
340	2	1 1 1 0 1 0 1 1 0 1 0 0 0 0 0 0
340	69	1 1 1 1 1 0 1 1 0 0 1 0 0 0 0 0
340	11	1 1 1 1 0 0 0 0 0 0 0 0 0 0 0 0
340	13	1 1 1 1 1 0 1 0 0 1 1 0 0 0 0 0
340	16	0 1 1 1 1 0 0 0 0 1 0 1 0 0 0 0
340	5	1 0 1 1 1 0 0 1 1 1 0 0 1 0 0 0
340	5	1 0 0 1 1 1 1 1 0 0 0 0 0 0 0 0
340	14	1 1 1 0 1 1 0 0 1 0 0 1 1 0 0 0
340	14	1 1 0 0 1 0 0 0 0 0 1 0 0 0 0 0
340	34	1 1 1 1 0 0 1 1 0 1 1 0 0 0 0 0
340	7	1 1 1 1 1 0 1 0 1 1 0 1 0 0 0 0
340	1	1 0 1 1 1 1 1 1 0 1 1 0 0 0 0 0
340	8	1 0 1 1 1 0 0 0 1 0 1 1 0 0 0 0
340	2	1 1 1 1 1 0 0 0 0 0 0 0 0 0 1 0
340	12	1 0 1 1 1 1 1 1 0 1 1 0 1 0 0 0
340	10	1 1 1 1 1 0 0 1 0 1 0 0 0 0 0 0
340	5	1 1 1 1 1 0 0 0 0 1 1 0 0 0 0 0
340	7	1 1 1 1 1 0 0 0 1 0 0 1 0 0 0 0
340	9	1 1 1 0 1 0 0 0 1 1 1 1 0 0 0 0
340	13	1 0 1 1 0 0 0 0 1 0 0 1 0 0 0 0
340	3	1 0 0 1 1 1 0 0 1 0 0 0 0 0 0 0
340	6	1 0 1 1 1 0 1 1 0 1 1 0 0 0 0 0
340	9	1 1 1 1 1 0 1 0 1 1 0 0 0 0 0 0
340	3	1 0 1 1 1 1 1 1 1 1 0 0 0 0 0 0
340	19	1 1 1 1 1 0 1 1 0 1 1 0 0 1 0 0
340	3	1 1 1 1 1 1 0 0 0 0 1 1 0 0 0 0
340	1	0 1 1 1 1 0 0 1 0 1 1 0 0 0 0 1
340	7	1 1 1 1 1 0 0 0 1 1 0 0 0 0 0 0
340	13	1 1 1 1 1 0 0 1 1 1 1 0 0 0 0 0
340	20	1 0 1 0 1 0 1 0 0 0 1 0 0 0 0 0
340	1	1 1 1 0 0 0 0 1 0 0 0 0 0 0 0 0
340	8	1 1 1 1 1 0 1 0 0 1 1 0 0 1 0 0
340	1	1 1 1 0 1 0 1 0 1 0 0 1 0 0 0 0
340	15	1 1 1 1 1 0 0 1 1 1 0 0 1 0 0 0
340	1	1 0 1 1 1 0 0 0 0 0 0 0 0 0 0 0
340	1	1 1 1 1 1 0 1 1 0 1 0 1 1 0 0 0
340	9	1 0 1 1 1 0 0 1 1 0 0 0 1 0 0 0
340	2	1 1 0 0 1 1 0 0 1 0 0 1 0 0 0 0
340	3	1 1 1 1 1 0 0 1 1 0 0 1 0 0 0 0
340	1	1 1 1 1 1 0 0 1 0 0 0 0 0 0 0 0
340	2	1 0 1 1 1 0 1 1 1 1 0 0 0 0 0 0
340	8	1 1 1 1 1 1 1 1 1 1 1 0 0 0 0 0
340	8	1 1 1 1 1 0 1 1 1 1 1 0 0 1 0 0
340	2	1 1 1 1 1 1 1 1 0 0 0 0 0 0 0 0
340	6	1 0 1 1 1 1 0 1 1 1 0 0 0 0 0 0
340	21	1 1 1 1 1 0 1 0 0 0 1 0 0 0 0 0
340	1	1 1 1 1 0 0 0 0 0 1 1 0 0 0 0 0
340	8	1 0 1 1 0 0 0 0 0 0 0 0 0 0 0 0
340	4	1 1 1 0 1 1 0 0 1 0 1 0 0 0 0 0
340	2	1 1 1 1 1 1 1 1 0 1 1 0 0 0 0 0
340	2	1 0 1 0 1 0 1 0 1 1 0 0 0 0 0 0
340	10	1 0 1 0 1 0 0 0 1 0 0 1 0 0 0 0
340	2	1 0 1 1 1 0 0 0 1 1 0 1 0 0 0 0
340	3	0 1 1 1 1 0 1 1 0 0 1 0 0 0 0 0
340	2	0 1 0 1 1 0 0 0 0 1 0 1 0 0 0 0
340	2	0 1 1 1 1 1 0 0 0 1 0 1 0 0 0 0
340	1	1 1 1 0 1 1 0 0 1 0 0 0 0 0 0 0
340	1	1 0 1 1 1 0 0 0 1 1 0 0 0 0 0 0
340	3	1 0 1 1 1 1 0 1 1 1 1 0 0 0 0 0
340	6	1 0 1 1 1 0 1 0 1 0 1 0 0 0 0 0
340	2	1 1 1 1 1 0 0 0 0 0 0 0 0 0 0 1
340	4	0 0 1 1 1 0 0 1 1 1 0 0 0 0 0 0
340	1	1 1 1 0 1 0 1 1 1 1 1 0 0 0 0 0
340	1	1 0 1 1 1 0 1 1 1 0 1 1 0 0 0 1
340	1	1 1 1 0 1 1 0 1 1 0 0 1 0 0 0 0
340	2	1 1 0 0 1 0 0 0 0 0 1 1 0 0 0 0
340	2	1 0 1 0 1 0 1 0 1 1 0 0 0 0 0 1
340	1	1 1 1 1 1 0 0 0 1 0 1 0 0 0 0 0
340	1	1 1 1 1 0 0 1 1 0 0 0 0 0 0 0 0
340	1	1 1 1 1 1 0 0 0 0 0 0 0 0 1 0 0
340	1	0 1 1 1 1 0 0 0 0 1 1 1 0 0 0 0
340	1	1 1 1 1 1 0 1 1 1 0 1 0 0 0 0 0
340	1	1 1 1 0 1 1 1 0 1 0 0 1 0 0 0 0
340	1	1 1 1 1 1 0 1 1 0 1 1 1 1 0 0 0
340	1	1 1 1 0 1 0 1 1 0 0 1 0 0 0 0 0
340	1	1 1 1 1 1 0 1 1 0 0 1 0 0 0 1 0
340	1	1 0 1 1 0 0 1 1 0 1 1 0 0 0 0 0
340	1	1 1 1 0 1 0 0 1 0 1 0 0 0 0 0 0
340	2	1 0 1 1 0 0 0 1 1 0 0 1 0 0 0 0
340	1	1 1 1 1 1 0 1 0 0 1 1 1 0 1 0 0
360	99	1 1 1 1 1 0 1 1 0 1 1 0 0 0 0 0
360	2	1 0 1 1 1 0 0 0 1 0 0 1 0 0 0 0
360	4	1 1 0 1 1 0 1 1 0 1 0 0 0 0 0 0
360	8	1 1 1 1 1 0 0 0 0 0 1 1 0 0 0 0
360	8	1 0 1 1 1 0 1 0 0 0 1 0 0 0 0 0
360	18	1 1 1 0 1 1 0 0 1 1 0 0 0 0 0 0
360	10	1 1 1 1 1 0 0 0 0 0 0 0 0 0 0 0
360	20	1 0 1 1 1 0 1 1 1 0 1 1 0 0 0 0
360	51	1 1 1 1 1 0 0 1 1 1 0 0 0 0 0 0
360	9	0 1 1 1 1 0 0 0 0 1 1 0 0 0 0 0
360	12	1 1 1 1 1 0 1 1 1 1 1 0 0 0 0 0
360	46	1 1 1 1 1 0 1 1 0 0 0 0 0 0 0 0
360	13	1 1 1 0 1 1 0 0 1 0 0 1 0 0 0 0
360	10	1 1 1 1 1 0 1 1 0 1 1 1 0 0 0 0
360	32	1 1 1 1 1 0 0 0 1 1 0 1 0 0 0 0
360	64	1 1 1 1 1 0 1 1 0 0 1 0 0 0 0 0
360	15	1 1 1 1 0 0 0 0 0 0 0 0 0 0 0 0
360	22	1 1 1 1 1 0 1 0 0 1 1 0 0 0 0 0
360	3	0 1 1 1 1 0 0 0 0 1 0 1 0 0 0 0
360	45	1 1 1 0 1 1 0 0 1 0 0 1 1 0 0 0
360	12	1 1 1 1 0 0 1 1 0 1 1 0 0 0 0 0
360	29	1 0 1 1 1 0 0 0 1 0 1 1 0 0 0 0
360	15	1 1 1 1 1 0 0 0 0 0 0 0 0 0 1 0
360	12	1 0 1 1 1 1 1 1 0 1 1 0 1 0 0 0
360	6	1 1 1 0 1 0 0 0 1 1 1 1 0 0 0 0
360	19	1 0 1 1 0 0 0 0 1 0 0 1 0 0 0 0
360	4	1 1 1 1 1 0 1 1 0 1 1 0 0 1 0 0
360	11	1 1 1 1 1 0 0 1 1 1 1 0 0 0 0 0
360	5	1 0 1 0 1 0 1 0 0 0 1 0 0 0 0 0
360	1	1 1 1 1 1 0 0 1 1 1 0 0 1 0 0 0
360	4	1 0 1 1 1 0 0 0 0 0 0 0 0 0 0 0
360	30	1 1 1 1 1 1 1 1 1 1 1 0 0 0 0 0
360	11	1 1 1 1 1 0 1 1 1 1 1 0 0 1 0 0
360	1	1 0 1 1 1 1 0 1 1 1 0 0 0 0 0 0
360	10	1 1 1 1 1 0 1 0 0 0 1 0 0 0 0 0
360	10	1 0 1 1 0 0 0 0 0 0 0 0 0 0 0 0
360	8	1 1 1 0 1 1 0 0 1 0 1 0 0 0 0 0
360	2	1 0 1 0 1 0 0 0 1 0 0 1 0 0 0 0
360	9	0 0 1 1 1 0 0 1 1 1 0 0 0 0 0 0
360	32	1 1 1 1 1 0 0 0 1 0 1 0 0 0 0 0
360	7	1 1 1 0 1 0 1 1 0 0 1 0 0 0 0 0
360	3	1 0 1 1 0 0 0 1 1 0 0 1 0 0 0 0
360	3	1 0 1 0 1 1 0 0 1 1 0 0 0 0 0 0
360	7	1 1 1 1 0 0 0 1 1 1 0 0 0 0 0 0
360	12	1 0 1 0 1 1 0 0 1 0 0 0 0 0 0 0
360	5	1 1 1 1 1 0 1 1 0 0 1 0 0 0 0 1
360	19	1 1 1 1 1 1 1 0 0 1 1 0 0 0 0 0
360	7	0 1 1 1 0 0 1 0 0 1 1 0 0 0 0 0
360	3	1 1 1 1 1 1 0 0 1 0 0 1 0 0 0 0
360	5	1 1 1 1 1 0 0 1 1 1 1 1 0 0 0 0
360	2	0 1 1 1 0 0 1 0 0 1 1 0 0 0 0 1
360	10	0 1 1 0 1 1 0 0 1 0 0 1 0 0 0 0
360	5	1 1 1 1 1 1 1 1 1 0 1 0 0 0 0 0
360	14	1 0 1 1 1 1 0 1 1 1 1 0 0 0 0 0
360	2	1 0 1 1 0 1 0 0 1 0 0 1 0 0 0 0
360	3	1 1 1 1 1 0 1 1 0 1 0 0 0 0 0 0
360	1	1 1 1 1 1 0 0 0 1 1 0 0 0 0 0 0
360	8	1 1 1 1 1 0 1 1 1 0 1 0 0 0 0 0
360	5	0 1 0 1 1 0 0 0 0 1 0 1 0 0 0 0
360	1	1 1 1 0 1 0 1 1 1 1 1 0 0 1 0 0
360	2	1 0 1 0 1 0 0 0 1 1 0 0 0 0 0 0
360	1	1 0 1 0 1 1 1 1 0 1 1 0 0 0 0 0
360	9	1 1 1 1 1 0 0 0 0 0 1 0 0 0 0 0
360	3	1 1 1 0 1 0 1 1 0 0 1 0 0 0 0 1
360	7	1 1 1 1 0 0 0 1 0 1 0 0 0 0 0 0
360	7	1 1 1 1 1 1 0 1 1 1 0 0 0 0 0 0
360	4	1 1 1 1 1 0 1 1 0 1 0 1 0 0 0 0
360	5	0 1 1 0 1 1 0 0 1 0 0 1 1 0 0 0
360	1	1 1 1 1 1 0 1 1 1 0 0 0 0 0 0 0
360	2	1 1 1 1 1 1 0 0 1 1 0 0 1 0 0 0
360	1	0 1 1 1 1 0 1 1 0 1 1 0 0 0 0 0
360	4	1 1 0 1 1 0 0 1 1 0 0 1 0 0 0 0
360	1	1 0 1 1 1 0 1 1 1 0 1 1 0 0 0 1
360	1	1 1 1 0 1 0 0 1 1 1 0 0 0 0 0 0
360	9	1 1 1 1 1 0 0 1 1 1 0 0 0 1 0 0
360	3	0 1 1 1 1 0 0 0 1 0 1 0 0 0 0 0
360	8	0 1 1 1 0 0 0 1 1 1 0 0 0 0 0 0
360	4	1 1 1 1 1 1 0 0 1 0 1 0 0 0 0 0
360	1	1 1 1 0 0 0 0 1 1 1 1 1 0 0 0 0
360	1	1 1 1 1 1 0 0 1 1 1 0 0 0 0 1 0
360	1	0 1 1 1 1 0 0 0 1 1 0 1 0 0 0 0
360	4	1 1 1 1 1 0 1 1 0 0 1 0 0 0 1 0
360	1	1 1 1 1 1 0 0 0 1 1 1 0 0 0 0 0
360	3	1 0 1 0 1 0 0 0 1 1 0 0 0 0 0 1
360	4	1 1 1 1 1 1 0 0 1 0 0 1 1 0 0 0
360	1	1 1 1 1 1 0 1 1 0 0 0 0 1 0 0 0
360	2	1 1 1 0 1 1 0 0 1 0 0 1 1 1 0 0
360	4	1 1 1 1 1 1 1 0 1 0 0 1 0 0 0 0
360	2	0 1 1 1 1 0 1 1 1 1 1 0 0 0 0 0
360	2	1 1 1 1 1 0 1 0 0 1 1 0 0 0 0 1
360	1	1 0 0 1 1 1 1 1 0 1 1 0 1 0 0 0
360	11	1 0 1 1 0 0 1 0 1 0 0 1 0 0 0 0
360	4	1 1 1 1 0 0 1 1 1 1 0 0 0 0 0 0
360	1	1 1 1 1 1 0 0 0 1 0 0 1 0 0 0 0
360	4	0 1 1 1 1 1 0 0 1 0 1 0 0 0 0 0
360	3	1 1 1 0 1 1 0 0 1 1 1 0 0 0 0 0
360	1	0 0 1 1 1 0 0 0 1 0 0 1 1 0 0 0
360	4	1 1 1 0 0 0 0 1 1 1 0 1 1 0 0 0
360	2	1 0 1 1 1 0 1 1 0 0 0 0 0 0 0 0
360	6	1 1 1 1 0 0 1 1 0 0 0 0 0 0 0 0
360	1	1 1 0 1 1 0 0 0 1 1 0 1 0 0 0 0
360	2	1 1 1 1 1 1 1 1 0 1 1 0 0 0 0 0
360	1	1 0 1 1 1 0 0 1 1 0 0 1 0 0 0 0
360	1	0 1 1 0 1 1 1 0 1 0 0 1 0 0 0 0
360	2	1 1 0 1 1 1 0 0 1 0 0 0 0 0 0 0
360	2	1 1 1 1 1 0 1 1 0 1 0 1 1 0 0 0
360	1	1 1 1 1 1 0 1 0 1 1 0 0 0 0 0 0
360	2	1 0 1 1 1 0 0 0 1 0 1 0 0 0 0 0
360	1	1 1 1 1 1 0 1 1 1 0 0 1 0 0 0 0
360	1	0 1 1 1 0 0 0 0 1 0 1 0 0 0 0 0
360	1	1 1 1 1 1 1 1 1 0 0 0 0 0 0 0 0
360	1	0 1 1 1 1 0 0 0 0 1 0 1 0 0 1 0
360	2	1 1 1 1 1 1 1 0 1 1 1 0 0 0 0 0
360	3	1 0 1 0 1 1 0 0 1 0 1 0 0 0 0 0
380	65	1 1 1 1 1 0 1 1 0 1 1 0 0 0 0 0
380	2	1 0 1 1 1 0 0 0 1 0 0 1 0 0 0 0
380	6	1 1 1 1 1 0 0 0 0 0 1 1 0 0 0 0
380	28	1 0 1 1 1 0 1 0 0 0 1 0 0 0 0 0
380	5	1 1 1 0 1 1 0 0 1 1 0 0 0 0 0 0
380	30	1 1 1 1 1 0 0 0 0 0 0 0 0 0 0 0
380	6	1 0 1 1 1 0 1 1 1 0 1 1 0 0 0 0
380	34	1 1 1 1 1 0 0 1 1 1 0 0 0 0 0 0
380	10	1 1 1 1 1 0 1 1 1 1 1 0 0 0 0 0
380	51	1 1 1 1 1 0 1 1 0 0 0 0 0 0 0 0
380	17	1 1 1 1 1 0 0 0 1 1 0 1 0 0 0 0
380	90	1 1 1 1 1 0 1 1 0 0 1 0 0 0 0 0
380	6	1 1 1 1 0 0 0 0 0 0 0 0 0 0 0 0
380	33	1 1 1 1 1 0 1 0 0 1 1 0 0 0 0 0
380	3	1 1 1 0 1 1 0 0 1 0 0 1 1 0 0 0
380	25	1 1 1 1 0 0 1 1 0 1 1 0 0 0 0 0
380	20	1 0 1 1 1 0 0 0 1 0 1 1 0 0 0 0
380	1	1 0 1 1 1 1 1 1 0 1 1 0 1 0 0 0
380	30	1 1 1 0 1 0 0 0 1 1 1 1 0 0 0 0
380	18	1 0 1 1 0 0 0 0 1 0 0 1 0 0 0 0
380	45	1 1 1 1 1 0 0 1 1 1 1 0 0 0 0 0
380	33	1 0 1 1 1 0 0 0 0 0 0 0 0 0 0 0
380	25	1 1 1 1 1 1 1 1 1 1 1 0 0 0 0 0
380	12	1 1 1 1 1 0 1 1 1 1 1 0 0 1 0 0
380	23	1 1 1 1 1 0 1 0 0 0 1 0 0 0 0 0
380	31	1 1 1 1 1 0 0 0 1 0 1 0 0 0 0 0
380	7	1 1 1 0 1 0 1 1 0 0 1 0 0 0 0 0
380	13	1 1 1 1 1 1 1 1 1 0 1 0 0 0 0 0
380	12	1 0 1 1 1 1 0 1 1 1 1 0 0 0 0 0
380	3	1 1 1 1 1 0 1 1 1 0 1 0 0 0 0 0
380	11	1 1 1 0 1 0 1 1 0 0 1 0 0 0 0 1
380	1	1 1 1 1 0 0 0 1 0 1 0 0 0 0 0 0
380	2	0 1 1 0 1 1 0 0 1 0 0 1 1 0 0 0
380	7	1 1 0 1 1 0 0 1 1 0 0 1 0 0 0 0
380	13	1 1 0 1 1 1 0 0 1 0 0 0 0 0 0 0
380	15	1 1 1 0 1 1 0 0 1 1 0 1 1 0 0 0
380	3	1 0 1 1 1 0 1 1 0 1 0 1 0 0 0 0
380	8	1 1 1 1 1 0 1 1 1 1 0 0 0 1 0 0
380	2	1 1 1 1 1 0 0 0 0 0 0 1 0 0 0 0
380	5	1 1 1 1 0 0 1 1 0 0 1 0 0 0 0 1
380	6	1 1 1 1 1 0 1 1 0 0 0 0 0 0 1 0
380	4	1 1 1 1 1 0 1 1 1 0 1 1 0 0 0 0
380	2	1 1 0 1 1 0 1 1 0 0 0 0 0 0 0 0
380	11	1 1 1 1 0 0 1 1 0 1 1 0 0 1 0 0
380	6	0 0 1 1 1 0 0 0 1 0 1 1 0 0 0 0
380	11	1 0 1 1 1 0 0 0 0 0 0 0 0 0 0 1
380	17	1 1 1 1 1 1 1 1 1 0 1 1 0 0 0 0
380	1	1 1 1 1 1 0 0 1 1 1 1 0 0 0 0 1
380	4	1 1 0 1 1 0 1 1 0 0 1 0 0 0 0 0
380	10	1 1 1 1 1 0 1 0 1 1 1 0 0 0 0 0
380	2	1 1 1 1 1 0 0 0 0 0 0 0 1 0 0 0
380	2	1 1 1 1 1 1 1 1 0 0 1 0 0 0 0 0
380	10	1 1 1 1 1 0 1 0 0 1 0 0 0 0 0 0
380	1	1 1 1 0 1 0 1 1 0 1 1 0 1 0 0 1
380	3	0 0 1 1 1 0 1 1 0 0 0 0 0 0 0 0
380	6	1 1 1 1 1 0 0 0 1 1 1 1 0 0 0 0
380	2	1 1 1 1 0 0 1 1 0 1 1 0 0 0 1 0
380	1	1 0 1 1 1 1 1 1 1 0 1 1 0 0 0 0
380	1	0 1 1 1 1 0 0 0 1 1 0 1 0 0 0 0
380	8	1 1 1 1 1 1 0 0 0 0 0 1 0 0 0 0
380	1	1 0 1 1 1 0 0 0 0 1 1 0 0 0 0 0
380	7	1 1 1 1 1 1 1 0 1 1 1 0 0 0 0 0
380	1	1 0 1 1 1 0 0 1 1 1 0 0 1 0 0 0
380	4	1 1 1 1 1 1 1 1 0 1 1 0 0 0 0 0
380	20	1 1 1 1 1 0 1 1 1 1 1 1 0 0 0 0
380	1	1 1 1 1 1 0 1 0 0 1 1 0 0 0 1 0
380	2	1 1 0 1 1 0 0 1 1 0 1 1 0 0 1 0
380	3	1 1 1 0 1 1 0 1 0 0 1 0 0 0 0 0
380	1	1 1 1 1 1 0 0 1 1 0 0 1 0 0 0 0
380	6	1 0 1 1 1 0 1 1 0 1 1 0 0 0 0 0
380	5	1 0 1 1 1 0 1 1 0 0 1 0 0 0 0 0
380	3	1 1 1 1 1 0 1 0 0 0 0 0 0 0 0 0
380	8	1 1 1 1 1 0 0 1 1 1 0 1 0 0 0 0
380	3	1 1 1 0 1 0 1 1 1 0 1 0 0 0 0 0
380	5	1 0 1 1 1 0 0 1 1 1 0 0 0 0 1 0
380	4	1 1 1 1 1 0 0 0 1 0 0 1 0 0 0 0
380	2	1 1 1 0 0 1 0 0 1 0 0 1 1 0 0 0
380	16	1 1 0 1 1 0 0 1 1 1 0 1 0 0 0 0
380	3	1 1 0 1 1 0 1 1 1 1 0 0 0 1 0 0
380	1	0 1 1 1 1 0 0 1 1 1 0 0 0 0 0 0
380	1	1 0 1 1 1 0 0 0 0 0 0 0 0 0 1 0
380	1	1 0 1 1 0 0 0 0 0 0 0 0 0 0 0 1
380	2	1 1 1 1 1 0 0 1 0 0 0 1 0 0 0 0
380	3	1 1 1 1 1 0 1 1 0 1 1 0 0 0 1 0
380	2	1 0 1 1 1 0 1 0 0 0 1 0 0 1 0 0
380	2	1 1 1 1 1 0 0 0 1 1 0 1 0 0 0 1
380	1	1 1 1 0 1 1 0 0 1 1 1 1 0 0 0 0
380	3	1 1 1 1 0 0 1 1 0 1 1 0 1 1 0 0
380	3	0 0 1 1 1 1 1 1 0 1 1 0 1 0 0 0
380	1	1 0 1 0 1 0 1 0 0 0 1 0 0 0 0 0
380	1	1 1 1 0 1 0 0 0 1 1 0 1 0 0 0 0
380	2	1 0 1 1 1 1 1 1 0 1 1 0 0 0 0 0
380	3	1 0 1 1 0 0 0 0 1 0 0 0 0 0 0 0
380	1	1 1 1 0 1 0 0 0 1 0 1 0 0 0 0 0
380	3	1 1 1 1 1 1 1 0 1 0 1 1 0 0 0 0
380	4	1 1 0 1 1 0 1 1 0 0 1 0 0 1 0 0
380	2	1 1 1 1 1 0 1 1 0 0 1 1 0 0 0 0
380	2	1 1 1 1 0 0 0 1 0 1 1 0 0 0 0 0
380	3	1 0 1 1 1 0 0 0 1 0 1 1 0 0 0 1
380	1	1 0 0 1 1 1 1 1 0 1 1 0 1 0 0 0
380	1	1 1 0 1 1 0 0 1 1 1 1 0 0 0 0 0
380	1	1 1 1 1 1 0 1 1 1 1 0 1 0 0 0 0
380	1	1 1 1 1 1 1 1 1 1 1 1 1 0 0 0 0
380	1	0 0 1 1 0 0 0 0 0 0 0 0 0 0 0 1
400	68	1 1 1 1 1 0 1 1 0 1 1 0 0 0 0 0
400	13	1 0 1 1 1 0 0 0 1 0 0 1 0 0 0 0
400	1	1 1 1 1 1 0 0 0 0 0 1 1 0 0 0 0
400	14	1 0 1 1 1 0 1 0 0 0 1 0 0 0 0 0
400	7	1 1 1 1 1 0 0 0 0 0 0 0 0 0 0 0
400	6	1 0 1 1 1 0 1 1 1 0 1 1 0 0 0 0
400	10	1 1 1 1 1 0 0 1 1 1 0 0 0 0 0 0
400	55	1 1 1 1 1 0 1 1 0 0 0 0 0 0 0 0
400	26	1 1 1 1 1 0 0 0 1 1 0 1 0 0 0 0
400	108	1 1 1 1 1 0 1 1 0 0 1 0 0 0 0 0
400	21	1 1 1 1 1 0 1 0 0 1 1 0 0 0 0 0
400	58	1 1 1 1 0 0 1 1 0 1 1 0 0 0 0 0
400	7	1 0 1 1 1 0 0 0 1 0 1 1 0 0 0 0
400	28	1 1 1 0 1 0 0 0 1 1 1 1 0 0 0 0
400	2	1 0 1 1 0 0 0 0 1 0 0 1 0 0 0 0
400	49	1 1 1 1 1 0 0 1 1 1 1 0 0 0 0 0
400	10	1 0 1 1 1 0 0 0 0 0 0 0 0 0 0 0
400	10	1 1 1 1 1 1 1 1 1 1 1 0 0 0 0 0
400	7	1 1 1 1 1 0 1 1 1 1 1 0 0 1 0 0
400	17	1 1 1 1 1 0 1 0 0 0 1 0 0 0 0 0
400	5	1 1 1 0 1 1 0 0 1 1 0 1 1 0 0 0
400	12	1 1 1 1 1 0 1 1 1 0 1 1 0 0 0 0
400	2	1 0 1 1 1 0 0 0 0 0 0 0 0 0 0 1
400	17	1 1 1 1 1 1 1 1 1 0 1 1 0 0 0 0
400	15	1 1 1 1 1 0 0 1 1 1 1 0 0 0 0 1
400	34	1 1 1 1 1 1 1 1 0 0 1 0 0 0 0 0
400	23	1 1 1 1 1 1 0 0 0 0 0 1 0 0 0 0
400	13	1 1 1 1 1 0 1 1 1 1 1 1 0 0 0 0
400	8	1 1 0 1 1 0 0 1 1 1 0 1 0 0 0 0
400	1	1 1 1 1 1 0 0 1 0 0 0 1 0 0 0 0
400	6	1 1 1 0 1 1 0 0 1 1 1 1 0 0 0 0
400	35	1 1 1 1 1 1 1 0 1 0 1 1 0 0 0 0
400	4	1 1 1 1 1 0 1 1 0 0 1 1 0 0 0 0
400	3	1 1 1 1 0 0 0 1 0 1 1 0 0 0 0 0
400	15	1 0 1 1 1 0 0 0 1 0 1 1 0 0 0 1
400	26	0 0 1 1 0 0 0 0 0 0 0 0 0 0 0 1
400	2	1 0 1 1 1 0 0 1 1 0 1 1 0 0 0 0
400	13	1 1 1 0 0 0 1 1 0 1 1 0 0 0 0 0
400	15	1 1 1 1 1 0 0 1 0 0 0 1 1 0 0 0
400	2	1 1 1 1 1 0 1 1 1 1 1 0 0 0 0 1
400	1	1 1 0 1 1 0 1 1 0 0 1 1 0 0 0 0
400	9	1 1 1 1 1 0 1 1 1 0 0 0 0 0 0 0
400	8	1 1 1 1 1 0 0 1 1 0 1 0 0 0 0 0
400	2	1 1 1 1 1 0 1 1 1 1 1 1 0 1 0 0
400	3	1 1 1 1 1 0 1 0 0 0 1 0 0 0 0 1
400	2	1 1 1 0 1 0 0 0 1 1 1 1 1 0 0 0
400	8	1 0 1 1 1 0 0 1 1 1 0 0 0 0 0 0
400	13	1 1 1 0 1 0 1 0 1 1 1 1 0 0 0 0
400	3	1 0 1 1 1 0 0 0 0 0 0 1 0 0 0 1
400	8	1 1 0 0 1 0 0 0 1 1 1 1 0 0 0 0
400	4	1 1 1 1 1 1 0 0 1 0 0 1 0 0 0 0
400	13	1 1 1 1 0 0 1 1 0 1 1 1 0 0 0 0
400	8	1 1 1 0 0 0 1 1 0 1 1 0 0 0 1 0
400	1	1 1 1 1 1 1 0 0 1 0 0 1 1 0 0 0
400	3	1 1 0 1 1 0 1 1 0 0 1 0 0 0 0 0
400	3	1 1 1 1 0 0 1 0 0 1 1 0 0 0 0 0
400	5	1 1 1 1 1 1 0 1 1 1 1 0 0 0 0 1
400	8	1 1 1 1 0 0 0 0 0 0 1 1 0 0 0 0
400	5	1 1 1 1 1 0 0 0 0 0 1 0 0 0 0 0
400	6	1 1 1 1 1 0 1 1 0 1 1 1 0 0 0 0
400	7	1 1 1 1 0 0 1 1 0 0 1 0 0 0 0 0
400	2	1 0 1 1 1 0 0 0 0 0 0 0 0 1 0 0
400	7	1 0 1 1 1 0 1 1 0 0 1 0 0 0 0 0
400	7	1 1 0 1 1 0 1 1 1 0 1 1 0 0 0 0
400	1	1 1 1 1 1 0 0 1 1 1 1 0 1 0 0 1
400	3	1 1 1 1 1 1 1 1 0 0 1 0 1 0 0 0
400	3	1 1 1 1 1 0 0 1 1 0 0 0 0 0 0 1
400	3	1 1 1 1 0 0 0 0 0 0 0 0 0 0 0 1
400	1	1 0 1 1 1 0 1 0 0 0 0 0 1 0 0 1
400	7	1 1 1 1 1 0 1 1 0 0 0 0 1 0 0 0
400	3	1 1 1 1 1 0 1 1 1 0 1 0 0 0 0 0
400	1	1 1 1 0 1 0 1 0 1 1 1 1 1 0 0 0
400	1	1 1 0 1 1 1 0 1 1 1 1 0 0 0 0 1
400	1	1 0 1 1 1 0 0 0 0 0 0 0 0 1 1 0
400	1	1 1 1 1 1 0 0 0 1 1 1 1 0 0 0 0
400	2	1 1 1 0 0 0 0 1 0 1 1 0 0 0 0 0
400	2	0 0 1 1 0 0 1 1 0 1 1 0 0 0 0 0
400	1	1 1 1 0 1 0 1 1 0 0 1 0 0 0 0 0
400	3	1 1 1 1 1 0 0 1 0 1 1 0 0 0 0 0
400	1	1 1 1 1 1 0 1 1 0 1 1 0 0 1 0 0
400	1	1 0 1 0 1 0 1 1 1 0 1 1 0 0 0 0
400	4	1 1 1 1 1 0 1 0 0 0 0 0 0 0 0 0
400	1	1 1 1 0 0 1 0 0 1 1 0 1 1 0 0 0
400	4	1 1 1 1 1 1 1 1 0 0 1 1 0 0 0 0
400	4	1 0 1 1 1 1 0 1 1 0 1 1 0 0 0 0
400	8	1 1 1 0 0 0 1 1 1 1 1 0 0 0 0 0
400	1	0 0 1 1 0 0 0 0 0 0 0 0 0 0 0 0
400	2	1 1 0 1 1 0 1 0 0 1 1 0 0 0 0 0
400	2	1 1 1 1 1 1 1 1 1 1 1 1 0 0 0 0
400	3	1 1 1 0 1 1 1 0 1 1 1 1 0 0 0 0
400	1	1 1 1 0 0 1 1 1 0 1 1 0 0 0 0 0
400	5	0 1 1 0 0 0 1 1 0 1 1 0 0 0 1 0
400	1	1 1 1 0 1 1 0 1 1 1 0 0 0 0 0 0
400	1	1 1 1 1 1 0 0 0 1 1 1 1 0 0 0 1
400	3	1 1 1 1 0 0 0 1 0 0 0 0 0 0 0 0
400	4	1 0 1 0 1 1 0 1 1 0 1 1 0 0 0 0
400	1	1 1 1 1 1 0 1 1 0 1 1 0 0 0 0 1
400	1	0 1 1 1 1 0 0 0 1 1 0 1 0 0 0 0
400	2	1 1 1 1 1 0 1 1 0 0 1 0 0 1 0 0
400	2	1 1 1 1 0 0 1 1 0 1 1 0 0 0 1 0
400	1	0 0 1 1 1 0 0 0 1 0 1 1 0 0 0 0
400	2	1 1 1 1 1 1 0 1 1 1 1 0 0 0 0 0
400	1	1 1 1 1 1 1 1 1 1 1 1 0 0 0 0 1
400	1	1 1 1 1 1 1 1 1 0 0 0 0 0 0 0 0
400	2	1 1 1 1 1 1 0 0 0 0 0 1 0 0 1 0
400	3	1 1 1 1 1 1 1 0 1 0 1 1 0 1 0 0
400	1	1 1 1 1 0 0 0 0 0 1 0 0 0 0 0 1
