0	250	1 0 0 0 0 0 0 0 0 0 1 0 0 1 0 0
0	250	0 1 0 0 0 0 1 0 0 0 0 0 0 0 0 0
0	250	0 0 0 0 0 0 0 0 0 0 0 0 0 0 0 0
0	250	0 1 0 0 0 0 0 0 0 0 0 0 1 0 0 0
8	159	1 0 0 0 0 0 0 0 0 0 1 0 0 1 0 0
8	207	0 1 0 0 0 0 1 0 0 0 0 0 0 0 0 0
8	138	0 0 0 0 0 0 0 0 0 0 0 0 0 0 0 0
8	297	0 1 0 0 0 0 0 0 0 0 0 0 1 0 0 0
8	24	0 1 0 0 0 0 0 0 0 0 0 0 0 0 0 0
8	2	1 0 0 1 0 0 0 0 0 0 1 0 0 1 0 0
8	7	0 1 0 0 0 1 1 0 0 0 0 0 0 0 0 0
8	1	0 0 0 0 0 0 0 0 0 0 1 0 0 0 0 0
8	17	0 1 0 0 0 0 1 0 0 0 0 0 1 0 0 0
8	16	0 0 0 0 0 0 0 0 0 0 0 0 1 0 0 0
8	6	1 0 0 0 0 1 0 0 0 0 1 0 0 1 0 0
8	12	1 0 0 0 0 0 0 0 0 0 1 0 0 0 0 0
8	1	0 0 0 0 0 1 0 0 0 0 0 0 0 0 0 0
8	4	0 0 0 1 0 0 0 0 0 0 0 0 0 0 0 0
8	14	0 1 0 0 0 0 0 1 0 0 0 0 1 0 0 0
8	2	0 1 0 0 0 1 0 0 0 0 0 0 1 0 0 0
8	6	1 0 0 0 0 0 0 0 0 0 0 0 0 0 0 0
8	2	1 1 0 0 0 0 0 0 0 0 0 0 1 0 0 0
8	1	1 0 0 0 0 0 0 0 0 1 1 0 0 1 0 0
8	9	1 0 0 0 0 0 0 0 0 0 1 1 0 1 0 0
8	8	0 1 0 0 0 0 1 0 0 0 0 0 0 1 0 0
8	3	0 1 0 0 0 0 1 0 0 0 1 0 0 0 0 0
8	5	0 1 0 0 0 0 0 0 0 0 0 0 1 1 0 0
8	4	1 0 0 0 0 0 0 0 0 0 0 0 1 0 0 0
8	3	1 0 0 0 0 0 0 0 0 0 1 0 0 1 1 0
8	4	0 0 0 0 0 0 0 0 1 0 0 0 0 0 0 0
8	6	0 1 1 0 0 0 0 0 0 0 0 0 1 0 0 0
8	6	1 0 0 0 0 0 0 1 0 0 1 0 0 1 0 0
8	1	0 0 0 0 0 0 0 0 0 0 0 0 0 0 1 0
8	2	0 1 0 0 0 0 0 0 0 0 0 1 1 0 0 0
8	1	0 1 0 0 0 0 0 0 0 0 0 0 1 0 1 0
8	1	0 0 0 1 0 0 0 0 0 0 0 0 0 0 1 0
8	4	0 1 0 0 0 0 0 0 0 0 1 0 0 1 0 0
8	1	0 1 0 1 0 0 0 0 0 0 0 0 0 0 0 0
8	1	1 0 0 0 0 0 0 0 1 0 1 0 0 1 0 0
8	5	0 1 0 0 0 0 1 0 0 1 0 0 0 0 0 0
8	2	0 0 0 0 0 0 0 0 0 0 0 0 0 0 0 1
8	4	0 1 0 0 0 0 0 1 0 0 0 0 0 0 0 0
8	3	0 1 0 1 0 0 1 0 1 0 0 0 0 0 0 0
8	2	1 0 0 0 0 1 0 0 0 0 0 0 1 0 0 0
8	1	1 0 0 0 0 0 1 0 0 0 1 0 0 1 0 0
8	4	0 1 0 0 1 0 1 0 0 0 0 0 0 0 0 0
8	2	0 1 1 0 0 0 1 0 0 0 0 0 0 0 0 0
8	2	0 1 0 0 0 0 1 0 0 0 0 0 0 0 0 1
45	5	1 0 0 0 0 0 0 0 0 0 1 0 0 1 0 0
45	63	0 1 0 0 0 0 1 0 0 0 0 0 0 0 0 0
45	18	0 0 0 0 0 0 0 0 0 0 0 0 0 0 0 0
45	360	0 1 0 0 0 0 0 0 0 0 0 0 1 0 0 0
45	13	0 1 0 0 0 0 0 0 0 0 0 0 0 0 0 0
45	30	0 1 0 0 0 0 1 0 0 0 0 0 1 0 0 0
45	28	0 0 0 0 0 0 0 0 0 0 0 0 1 0 0 0
45	3	1 0 0 0 0 1 0 0 0 0 1 0 0 1 0 0
45	18	0 1 0 0 0 0 0 1 0 0 0 0 1 0 0 0
45	19	0 1 0 0 0 0 0 0 0 0 0 0 1 1 0 0
45	13	1 0 0 0 0 0 0 0 0 0 0 0 1 0 0 0
45	6	0 1 1 0 0 0 0 0 0 0 0 0 1 0 0 0
45	33	0 1 0 0 0 0 1 0 0 1 0 0 0 0 0 0
45	12	0 1 0 0 0 0 0 1 0 0 0 0 0 0 0 0
45	5	0 1 0 0 1 0 0 0 0 0 0 0 1 0 0 0
45	12	0 1 0 0 0 0 0 0 0 0 0 0 1 0 0 1
45	6	0 1 0 1 0 0 1 0 0 0 0 0 0 0 0 0
45	11	0 1 0 0 0 0 0 0 0 1 0 0 1 0 0 0
45	3	0 1 0 0 0 0 0 0 0 0 1 0 1 0 0 0
45	5	0 0 1 0 1 1 0 0 0 0 0 0 0 0 0 0
45	2	0 0 0 0 0 0 1 0 0 0 0 0 0 0 0 1
45	16	1 1 0 0 0 0 0 0 0 0 0 0 1 0 0 0
45	36	0 1 1 0 0 0 0 1 0 0 0 0 0 0 0 0
45	11	0 0 0 0 0 0 1 0 0 0 0 0 1 0 0 0
45	18	0 1 1 0 0 0 0 0 0 0 0 0 1 0 1 0
45	9	0 0 0 1 1 0 1 0 0 0 0 0 0 0 0 0
45	6	1 1 0 0 0 0 0 0 0 0 1 0 0 1 0 0
45	9	0 1 1 0 0 0 0 1 0 0 0 0 0 1 0 0
45	4	0 1 0 1 1 0 0 0 0 0 0 0 0 0 0 0
45	4	0 1 0 1 0 0 1 0 1 0 0 0 0 1 0 0
45	29	0 1 0 0 0 0 0 0 1 0 0 0 1 0 0 0
45	9	0 1 0 1 1 0 1 0 0 0 0 0 0 0 0 0
45	6	1 1 0 0 0 0 0 0 0 0 1 0 1 0 0 0
45	2	0 0 0 0 0 0 1 0 0 0 0 0 1 1 0 0
45	5	0 1 0 0 0 0 0 1 0 1 0 0 1 0 0 0
45	5	1 1 0 0 0 0 1 0 0 0 0 0 0 0 0 0
45	4	0 1 0 0 0 0 0 1 1 0 0 0 1 0 0 0
45	2	1 0 0 0 0 0 0 0 0 0 1 0 1 0 0 0
45	10	0 1 0 0 0 0 0 0 0 0 0 1 1 0 0 0
45	45	1 1 0 0 0 0 1 0 0 0 0 0 1 0 0 0
45	11	0 1 0 0 0 0 0 0 0 0 0 0 1 0 1 0
45	6	0 1 0 0 0 0 0 1 0 0 0 0 1 1 0 0
45	4	0 1 0 0 0 0 1 0 1 0 0 0 0 1 0 0
45	4	0 1 1 0 0 0 1 0 0 0 0 0 0 0 0 0
45	9	0 1 0 0 0 1 1 0 0 0 0 0 1 0 0 0
45	9	0 0 1 0 0 0 0 0 0 0 0 0 1 0 0 0
45	10	0 0 1 0 0 0 0 0 0 0 0 0 0 0 0 0
45	10	0 1 0 0 1 0 0 0 0 0 0 0 1 0 0 1
45	7	1 1 0 0 0 0 0 0 1 0 0 0 1 0 0 0
45	2	0 1 0 0 0 1 1 0 0 0 0 0 0 0 0 0
45	1	0 1 1 0 0 0 0 0 0 0 0 1 1 0 1 0
45	1	0 0 0 0 0 0 1 0 0 0 0 1 1 0 0 0
45	4	0 1 0 0 0 0 0 0 0 0 0 0 1 1 0 1
45	1	0 0 0 0 0 0 1 0 1 0 0 0 0 0 0 1
45	5	0 1 0 0 0 0 0 1 0 0 0 0 0 0 0 1
45	3	0 0 1 0 0 0 0 0 0 1 0 0 1 0 0 0
45	2	1 0 0 0 0 0 0 0 0 0 0 0 0 1 0 0
45	1	0 1 1 0 0 0 0 1 0 0 0 0 1 0 0 0
45	3	1 1 0 0 0 0 0 0 0 0 1 1 0 1 0 0
45	2	0 1 0 0 0 0 0 0 0 0 1 1 1 0 0 0
45	2	1 1 0 0 0 0 1 1 0 0 0 0 1 0 0 0
45	1	0 1 0 0 0 0 0 0 1 0 0 0 0 1 0 0
45	1	0 0 1 0 1 0 0 0 0 1 0 0 1 0 0 0
45	1	1 1 0 0 0 0 0 0 0 1 0 0 1 0 0 0
45	1	1 1 0 0 0 0 1 0 0 1 0 0 0 0 0 0
45	1	0 1 0 0 0 0 1 1 0 0 0 0 0 0 0 0
45	1	0 1 0 1 0 0 1 0 0 0 0 0 1 0 0 0
45	2	1 1 0 0 0 0 0 0 0 0 0 0 1 0 1 0
85	4	0 1 0 0 0 0 1 0 0 0 0 0 0 0 0 0
85	109	0 1 0 0 0 0 0 0 0 0 0 0 1 0 0 0
85	10	0 1 0 0 0 0 0 0 0 0 0 0 0 0 0 0
85	6	0 1 0 0 0 0 1 0 0 0 0 0 1 0 0 0
85	5	0 0 0 0 0 0 0 0 0 0 0 0 1 0 0 0
85	28	0 1 0 0 0 0 0 1 0 0 0 0 1 0 0 0
85	42	0 1 0 0 0 0 0 0 0 0 0 0 1 1 0 0
85	22	1 0 0 0 0 0 0 0 0 0 0 0 1 0 0 0
85	21	0 1 1 0 0 0 0 0 0 0 0 0 1 0 0 0
85	11	0 1 0 0 0 0 0 1 0 0 0 0 0 0 0 0
85	4	0 1 0 0 0 0 0 0 0 1 0 0 1 0 0 0
85	23	1 1 0 0 0 0 0 0 0 0 0 0 1 0 0 0
85	50	0 1 1 0 0 0 0 1 0 0 0 0 0 0 0 0
85	13	0 0 0 1 1 0 1 0 0 0 0 0 0 0 0 0
85	9	1 1 0 0 0 0 1 0 0 0 0 0 0 0 0 0
85	4	0 1 0 0 0 0 0 0 0 0 0 1 1 0 0 0
85	16	1 1 0 0 0 0 1 0 0 0 0 0 1 0 0 0
85	3	0 0 1 0 0 0 0 0 0 0 0 0 0 0 0 0
85	33	0 0 0 0 0 0 1 0 0 0 0 1 1 0 0 0
85	6	1 0 0 0 1 0 0 0 0 0 0 0 1 0 0 0
85	36	1 1 1 0 0 0 0 1 0 0 0 0 0 0 0 0
85	42	0 1 0 1 0 0 0 0 0 0 0 0 1 0 0 0
85	9	0 1 0 0 0 1 0 0 0 0 0 0 1 0 0 0
85	4	0 1 0 1 0 0 0 0 1 0 0 0 0 1 0 0
85	4	0 1 0 0 0 0 0 0 0 0 1 0 1 0 0 0
85	17	0 1 0 0 0 0 0 0 1 0 0 1 1 0 0 0
85	3	0 1 1 0 0 0 1 0 1 0 0 0 0 1 0 0
85	19	0 1 1 0 0 0 1 0 0 0 0 0 1 0 0 0
85	64	1 1 0 0 0 0 0 1 0 0 0 0 0 0 0 0
85	29	0 1 1 0 0 1 0 1 0 0 0 0 0 0 0 0
85	10	0 1 0 0 0 0 1 0 0 0 0 1 1 0 0 0
85	12	0 1 0 1 1 0 1 1 0 0 0 0 0 0 0 0
85	46	0 1 0 1 0 0 0 0 1 0 0 0 0 0 0 0
85	1	0 1 0 1 0 0 0 0 1 0 0 0 1 0 0 0
85	3	0 0 1 0 1 1 0 0 0 0 0 0 0 0 0 0
85	16	0 1 1 0 0 0 0 1 1 0 0 0 0 0 0 0
85	9	1 1 0 0 0 0 1 0 0 0 0 1 1 0 0 0
85	11	0 1 0 1 0 0 0 1 0 0 0 0 0 0 0 0
85	1	0 1 0 0 0 0 0 0 1 0 0 0 0 0 0 0
85	10	0 1 0 1 0 1 0 0 0 0 0 0 1 0 0 0
85	2	1 0 0 0 1 0 0 0 1 0 0 0 1 1 0 0
85	19	1 1 0 0 0 0 0 1 0 0 0 1 1 0 0 0
85	2	0 1 1 1 1 0 1 1 0 0 0 0 1 0 0 1
85	4	0 1 0 0 0 0 0 1 0 0 0 0 1 1 0 0
85	2	1 1 0 0 0 0 0 0 0 0 0 0 1 1 0 0
85	21	1 1 0 0 0 0 0 0 0 0 0 0 0 0 0 0
85	10	1 0 0 0 0 0 0 0 0 0 0 0 1 0 0 1
85	7	1 1 0 0 0 1 0 0 0 0 0 0 1 0 0 0
85	19	0 1 1 1 0 0 0 1 0 0 0 0 0 0 0 0
85	2	0 1 0 1 1 0 1 1 0 0 0 0 1 0 0 0
85	1	0 1 1 0 0 0 0 0 0 0 0 0 1 0 0 1
85	6	0 0 0 0 0 0 0 1 0 0 0 0 0 0 0 0
85	6	0 0 0 0 0 0 1 0 0 0 0 0 1 0 0 0
85	9	0 1 1 0 0 0 1 1 0 0 0 0 0 0 0 0
85	14	0 0 1 1 1 0 1 0 0 0 0 0 0 0 0 0
85	1	0 1 1 0 0 0 0 0 0 0 0 0 0 0 0 0
85	2	0 1 0 1 1 0 0 1 0 0 0 0 0 0 0 0
85	2	0 1 0 1 0 0 0 0 1 0 0 1 1 0 0 0
85	6	0 1 0 0 0 0 0 0 0 0 0 1 1 1 0 0
85	3	0 0 0 0 0 0 1 1 0 0 0 1 1 0 0 0
85	5	1 1 0 1 0 0 0 1 0 0 0 1 1 0 0 0
85	4	0 1 1 0 0 0 0 1 1 0 0 0 1 0 0 0
85	2	0 1 1 0 0 0 1 1 1 0 0 0 0 0 0 0
85	2	1 0 0 0 1 0 0 0 0 0 0 0 1 0 1 0
85	16	0 1 0 1 0 0 0 1 1 0 0 0 0 0 0 0
85	5	0 1 0 1 1 0 0 0 1 0 0 0 0 0 0 0
85	2	1 1 0 0 0 0 1 0 0 0 1 1 1 0 0 0
85	2	1 1 0 0 0 0 0 0 0 0 0 0 0 1 0 0
85	3	0 1 0 1 0 0 0 0 0 0 0 0 1 1 0 0
85	3	0 1 1 0 0 0 1 1 0 0 0 1 1 0 0 0
85	3	0 0 0 0 0 0 0 1 0 0 0 0 1 0 0 0
85	3	0 1 1 1 0 0 0 0 0 0 0 0 1 0 0 0
85	5	0 1 1 0 0 0 0 1 0 0 0 1 0 0 0 0
85	5	0 0 0 1 1 1 1 0 0 0 0 0 0 0 0 0
85	1	0 1 1 0 0 1 0 1 1 0 0 0 0 0 0 0
85	2	1 1 1 0 0 1 0 1 0 0 0 0 0 0 0 0
85	3	0 0 1 1 1 0 1 0 0 0 0 0 0 1 0 0
85	1	1 1 0 1 0 0 0 0 0 0 0 0 1 0 0 0
85	5	0 1 0 1 0 0 0 0 0 0 0 0 0 0 0 0
85	1	0 1 0 0 0 0 0 0 0 0 0 0 1 0 1 0
85	1	0 1 1 0 0 0 0 0 0 0 0 0 1 1 0 0
85	2	0 0 1 0 0 0 0 0 0 0 0 0 1 0 0 0
85	3	1 1 0 0 0 1 0 0 0 0 0 0 0 0 0 0
85	1	0 0 0 1 1 0 1 1 0 0 0 0 1 0 0 0
85	1	0 0 0 0 1 0 1 0 0 0 0 1 1 0 0 0
85	2	1 1 1 0 0 0 0 1 0 0 1 0 0 0 0 0
85	1	0 1 0 1 0 0 0 0 1 1 0 0 0 0 0 0
85	2	1 1 1 0 0 0 1 1 0 0 0 0 0 0 0 0
85	1	0 1 0 0 0 0 1 1 0 0 0 0 0 0 0 0
85	3	0 1 1 0 0 1 0 1 0 0 0 1 1 0 0 0
85	1	1 0 0 0 1 0 0 1 0 0 0 1 1 0 0 0
85	1	0 1 0 0 0 0 0 0 0 0 0 0 1 0 0 1
85	1	1 1 0 0 0 0 1 0 0 0 0 0 1 0 1 0
85	1	1 1 0 1 0 0 1 0 0 0 0 1 1 0 0 0
85	2	0 0 0 1 0 0 0 1 0 0 0 0 0 0 0 0
85	1	0 1 1 1 0 0 0 1 0 0 0 0 0 0 0 1
154	28	0 1 0 0 0 0 0 0 0 0 0 0 1 0 0 0
154	27	0 1 1 0 0 0 0 0 0 0 0 0 1 0 0 0
154	29	0 1 0 0 0 0 0 1 0 0 0 0 0 0 0 0
154	12	0 1 1 0 0 0 0 1 0 0 0 0 0 0 0 0
154	3	0 0 0 1 1 0 1 0 0 0 0 0 0 0 0 0
154	20	1 1 1 0 0 0 0 1 0 0 0 0 0 0 0 0
154	7	0 1 0 1 0 0 0 0 0 0 0 0 1 0 0 0
154	10	0 1 0 1 0 0 0 0 1 0 0 0 0 1 0 0
154	21	0 1 0 1 0 0 0 0 1 0 0 0 0 0 0 0
154	15	0 1 0 1 0 0 0 0 1 0 0 0 1 0 0 0
154	2	0 1 1 0 0 0 0 1 1 0 0 0 0 0 0 0
154	6	0 1 0 1 0 0 0 1 0 0 0 0 0 0 0 0
154	66	0 1 1 1 0 0 0 1 0 0 0 0 0 0 0 0
154	3	0 1 1 0 0 0 0 1 0 0 0 1 0 0 0 0
154	85	0 1 0 1 0 0 0 0 0 0 0 0 0 0 0 0
154	2	1 1 0 0 0 0 0 0 1 0 0 1 1 0 0 0
154	25	1 1 0 0 0 0 1 0 1 0 0 1 1 0 0 0
154	18	0 0 1 1 0 0 0 1 0 0 0 0 0 0 0 0
154	15	1 1 1 0 0 0 0 1 0 0 0 0 1 0 0 0
154	8	1 1 1 0 0 0 0 0 0 0 0 0 1 0 0 1
154	15	0 0 0 1 0 0 0 1 0 0 0 0 0 0 0 0
154	31	0 1 1 1 0 0 0 0 1 0 0 0 0 0 0 0
154	14	0 0 1 1 0 0 0 1 0 0 0 0 0 0 0 1
154	12	0 1 0 0 0 0 1 1 0 0 0 0 0 0 0 0
154	4	1 1 0 0 1 0 0 0 1 0 0 1 1 0 0 0
154	5	0 1 1 1 0 0 0 1 1 0 0 0 0 0 0 0
154	4	0 1 0 0 1 0 1 0 0 0 0 0 1 0 0 0
154	14	0 1 0 0 0 0 0 1 0 1 0 0 0 0 0 0
154	6	0 1 1 1 0 1 0 0 0 0 0 0 1 0 0 0
154	16	1 1 1 0 0 0 0 1 1 0 0 1 1 0 0 0
154	7	0 0 0 1 1 0 1 0 1 0 0 0 0 0 0 0
154	16	0 1 1 0 0 1 0 0 0 0 0 0 1 0 0 0
154	7	0 1 0 0 0 0 1 0 0 0 0 0 1 0 0 0
154	35	1 0 0 1 0 0 0 1 0 0 0 0 0 0 0 0
154	4	1 0 0 0 1 0 0 0 0 0 0 0 0 0 0 0
154	3	0 1 0 1 1 0 0 1 0 0 0 0 0 0 0 0
154	2	0 0 1 1 0 0 1 0 0 0 1 0 1 0 0 0
154	29	0 1 0 0 0 0 0 0 0 0 0 0 0 0 0 0
154	4	0 1 1 0 0 0 0 1 0 0 0 1 0 0 1 0
154	20	1 0 0 1 0 0 0 1 0 1 0 0 0 0 0 0
154	10	0 1 0 1 0 0 1 1 0 0 0 0 0 0 0 0
154	10	0 1 1 0 0 0 1 0 0 0 0 0 0 0 0 0
154	9	0 1 1 0 1 0 0 0 0 0 0 0 1 0 0 0
154	7	0 0 0 0 0 0 0 1 0 0 0 0 0 0 1 0
154	28	0 1 1 1 0 0 0 1 1 0 0 0 1 0 0 0
154	8	1 1 0 0 0 0 0 0 0 0 0 0 0 0 0 0
154	6	1 1 1 1 0 0 0 1 0 0 0 0 0 0 0 0
154	1	1 1 0 0 0 0 0 1 0 0 0 0 0 0 0 0
154	21	0 1 0 1 1 0 0 1 0 0 1 0 0 0 0 0
154	3	1 0 0 1 0 0 0 1 0 1 0 0 0 0 0 1
154	2	0 0 0 1 1 0 0 1 0 0 1 0 0 0 0 0
154	1	1 1 1 0 0 0 0 1 0 0 1 0 1 0 0 0
154	14	1 1 1 0 1 0 0 0 0 0 0 0 1 0 0 0
154	1	0 0 0 0 0 0 0 0 0 0 1 0 0 0 0 0
154	6	0 1 1 1 0 0 0 1 0 0 0 0 1 0 0 0
154	17	1 1 1 0 0 0 0 0 0 0 0 0 1 0 0 0
154	3	0 1 0 1 0 0 1 0 1 0 0 0 1 0 0 0
154	4	0 1 1 0 1 0 0 0 0 0 0 0 0 0 0 0
154	8	1 0 1 1 0 0 0 1 0 1 0 0 0 0 0 0
154	5	0 0 1 1 1 0 1 0 0 0 1 0 1 0 0 0
154	6	1 1 0 0 0 0 0 0 0 0 0 0 1 0 0 0
154	8	0 1 1 0 0 1 0 0 1 0 0 0 0 0 0 0
154	8	0 1 1 0 0 0 0 1 0 0 1 0 0 0 0 0
154	7	1 1 1 1 0 0 0 1 1 0 0 0 1 0 0 0
154	2	0 1 1 1 0 0 0 1 0 0 0 1 0 0 0 0
154	2	0 1 0 0 0 0 0 0 1 0 0 0 1 0 0 0
154	10	0 1 1 0 0 0 0 1 0 1 0 0 0 0 0 0
154	10	0 0 1 0 0 0 0 1 0 0 0 1 0 0 0 0
154	6	0 1 0 1 0 0 0 0 0 0 0 0 0 1 0 0
154	14	1 1 0 0 1 0 1 0 1 0 0 1 1 0 0 0
154	4	0 1 1 1 0 0 0 1 1 0 1 0 1 1 0 0
154	4	0 0 1 1 0 0 0 1 0 0 1 0 0 0 0 0
154	6	1 1 0 0 0 0 0 1 0 0 0 0 1 0 0 0
154	9	0 1 0 1 0 0 1 0 1 0 0 0 0 0 0 0
154	10	0 1 1 1 0 1 0 1 0 0 0 0 0 0 0 0
154	1	1 0 0 1 0 0 0 1 0 1 0 0 1 0 0 0
154	1	0 1 0 0 0 0 0 0 0 0 0 0 1 0 0 1
154	4	0 1 0 1 0 1 0 0 0 0 0 0 0 0 0 0
154	5	1 1 1 0 0 0 0 0 0 0 0 0 0 0 0 0
154	7	0 1 1 0 0 0 0 1 0 0 0 0 0 0 0 1
154	1	0 1 1 1 0 0 0 1 0 0 0 0 0 0 0 1
154	2	0 1 1 1 1 0 0 1 0 0 0 1 0 0 1 0
154	3	0 1 0 1 0 0 0 1 0 0 0 1 0 0 0 0
154	2	1 1 1 1 0 0 0 1 0 0 0 0 1 0 0 0
154	1	0 0 0 1 1 0 1 0 1 0 0 0 0 0 0 1
154	2	0 0 1 0 0 0 0 1 0 0 0 0 0 0 0 0
154	3	0 1 1 1 0 0 1 1 0 0 0 0 0 0 0 0
154	4	1 0 1 0 0 0 0 1 1 0 0 1 1 0 0 0
154	4	1 0 0 0 0 0 0 1 0 0 0 0 0 0 1 0
154	3	1 1 0 0 0 0 0 1 0 0 0 0 1 0 1 0
154	1	1 1 1 0 0 0 0 0 1 0 0 0 0 0 0 0
154	1	0 1 0 1 0 1 0 0 0 0 0 0 1 0 0 0
154	1	0 0 0 0 0 0 0 1 0 1 0 0 0 0 0 0
154	2	0 1 1 0 0 0 0 0 0 0 0 0 0 0 0 0
154	1	0 1 0 1 0 0 0 1 0 0 1 0 0 0 0 0
154	1	0 0 0 1 0 0 0 1 0 1 0 0 0 0 0 1
154	1	0 1 1 0 0 0 0 1 0 0 0 0 1 0 0 0
154	1	0 0 0 1 0 0 0 0 0 0 0 0 0 0 0 0
154	1	1 0 0 1 0 0 0 1 0 1 1 0 0 0 0 0
154	3	0 1 1 0 1 0 0 0 0 0 1 0 1 0 0 0
154	1	0 1 0 1 1 0 0 1 0 1 1 0 0 0 0 0
154	3	0 1 0 1 0 0 1 0 1 0 0 0 0 0 0 1
154	1	0 1 1 1 0 1 0 1 1 0 1 1 1 1 0 0
154	3	0 1 0 1 0 0 0 0 0 0 0 1 0 0 0 0
154	2	1 0 0 1 0 0 0 0 0 0 0 0 0 0 0 0
154	1	0 1 1 1 0 0 0 0 0 0 0 0 0 0 0 0
154	2	0 1 1 0 0 0 0 0 1 0 0 0 1 0 0 0
154	3	0 0 0 1 1 0 1 0 0 0 0 0 1 0 0 0
154	1	0 0 0 1 0 0 0 1 0 0 0 0 1 0 0 0
154	1	0 0 0 1 0 0 0 1 0 0 0 0 0 0 0 1
154	1	0 1 0 1 1 0 1 0 1 0 0 0 0 0 0 0
154	1	1 0 0 1 0 0 0 1 0 0 0 0 0 1 0 0
154	1	1 1 0 0 0 0 0 0 1 0 0 0 0 0 0 0
154	2	0 1 1 0 0 1 0 1 0 1 0 0 0 0 0 0
154	1	1 1 1 1 0 0 0 0 1 0 0 0 0 0 0 0
239	2	0 1 0 0 0 0 0 1 0 0 0 0 0 0 0 0
239	19	0 1 1 0 0 0 0 1 0 0 0 0 0 0 0 0
239	55	0 1 0 1 0 0 0 0 1 0 0 0 0 0 0 0
239	28	0 1 0 1 0 0 0 0 1 0 0 0 1 0 0 0
239	19	0 1 0 1 0 0 0 1 0 0 0 0 0 0 0 0
239	6	0 1 1 1 0 0 0 1 0 0 0 0 0 0 0 0
239	33	0 1 1 0 0 0 0 1 0 0 0 1 0 0 0 0
239	5	0 1 0 1 0 0 0 0 0 0 0 0 0 0 0 0
239	9	0 0 1 1 0 0 0 1 0 0 0 0 0 0 0 0
239	23	1 1 1 0 0 0 0 1 1 0 0 1 1 0 0 0
239	6	1 0 0 1 0 0 0 1 0 0 0 0 0 0 0 0
239	5	0 1 1 1 0 0 0 1 1 0 0 0 1 0 0 0
239	131	1 1 1 0 0 0 0 0 0 0 0 0 0 0 0 0
239	8	0 1 1 1 0 0 0 1 0 0 0 0 0 0 0 1
239	18	0 1 0 1 0 0 0 0 0 0 0 1 0 1 0 0
239	2	0 1 1 1 0 0 0 1 0 0 0 1 1 0 0 0
239	11	0 1 1 1 0 0 1 1 0 0 0 0 0 0 0 0
239	6	0 1 1 1 0 0 0 1 0 0 0 0 1 0 0 0
239	52	1 1 1 1 0 0 0 1 0 0 0 0 0 0 0 0
239	9	0 1 1 0 0 0 0 0 0 0 0 0 1 1 0 0
239	9	0 1 0 1 0 0 0 0 0 0 0 0 0 0 1 0
239	26	0 0 1 1 0 0 0 1 0 0 0 0 0 1 0 0
239	2	0 1 1 1 0 0 0 0 0 0 0 0 1 1 0 0
239	35	1 1 1 0 0 0 0 0 0 0 1 0 0 0 0 0
239	9	0 1 1 1 0 0 0 0 0 0 0 1 0 1 0 0
239	25	1 1 0 1 0 0 0 1 0 0 0 0 0 0 0 0
239	4	0 1 1 0 0 0 1 1 0 0 0 0 0 0 0 0
239	15	0 1 1 1 1 0 0 1 0 0 0 0 0 0 0 0
239	2	0 1 1 1 0 0 0 1 1 0 0 0 1 0 0 1
239	28	0 1 1 1 0 1 1 0 1 0 0 1 0 0 0 0
239	18	1 1 1 1 0 0 0 0 0 0 0 0 0 0 0 0
239	1	0 1 1 0 0 0 1 1 0 0 0 1 0 0 0 0
239	4	1 1 0 1 0 0 0 0 1 0 0 0 0 0 1 0
239	10	1 1 1 0 0 0 0 1 0 0 0 1 0 0 0 0
239	5	1 1 1 0 0 1 0 0 0 0 0 1 1 0 0 0
239	8	0 1 0 1 0 1 0 0 1 0 1 0 0 0 0 0
239	17	1 1 1 0 0 0 0 0 0 0 0 1 0 0 0 0
239	8	0 1 1 1 1 0 0 1 1 0 0 0 0 0 0 0
239	1	0 1 0 1 0 0 0 0 0 0 0 0 1 1 0 0
239	1	0 1 1 1 0 0 0 0 0 0 0 0 0 0 1 1
239	6	0 1 1 0 0 0 0 0 1 0 0 0 0 0 1 0
239	19	0 1 1 1 0 0 0 1 0 0 0 0 0 1 0 0
239	14	1 1 1 0 0 0 0 0 0 1 0 0 0 0 0 0
239	19	0 0 1 1 0 0 0 1 0 0 1 0 0 0 0 1
239	8	1 1 1 0 0 0 0 1 0 0 0 0 0 0 0 0
239	7	1 1 0 1 0 0 0 0 0 0 0 0 0 0 0 1
239	9	1 1 1 1 0 1 0 0 0 0 0 1 1 0 0 0
239	3	1 1 1 1 0 0 0 1 0 0 0 1 0 0 0 0
239	1	1 1 1 1 0 0 0 1 0 0 0 0 0 1 0 0
239	1	0 1 0 1 0 0 0 0 0 0 0 0 0 0 0 1
239	1	1 1 1 1 1 0 0 1 0 0 0 0 0 0 0 0
239	9	0 1 0 1 0 0 0 1 0 0 0 0 0 0 0 1
239	8	1 1 1 1 0 0 0 1 1 0 0 0 1 0 0 0
239	9	0 1 1 1 0 1 0 0 1 0 1 0 0 0 0 0
239	21	0 1 1 1 1 0 0 1 0 0 1 0 0 0 0 0
239	8	0 1 0 1 0 1 1 0 1 0 0 1 0 0 0 0
239	4	1 1 1 1 0 0 0 0 0 0 0 0 0 1 0 0
239	2	1 1 1 0 0 0 0 0 1 0 0 0 0 0 0 0
239	1	1 1 1 0 0 0 0 0 0 0 1 1 0 0 0 0
239	3	1 1 1 1 1 0 0 1 1 0 0 0 0 0 0 0
239	1	0 1 0 0 1 0 0 1 0 0 0 0 0 0 0 0
239	17	1 1 1 0 0 0 0 0 0 0 0 0 1 0 0 0
239	4	0 1 1 0 0 0 1 1 0 1 0 1 0 0 0 0
239	13	0 1 0 1 1 0 0 0 1 0 0 0 0 0 0 0
239	2	0 1 0 1 0 1 0 0 1 0 0 0 0 0 0 0
239	3	0 1 0 1 0 0 0 1 0 0 0 0 0 0 1 0
239	6	0 1 1 0 0 0 0 0 0 0 0 1 0 1 0 0
239	2	0 1 1 1 1 0 0 1 1 0 0 0 0 0 1 0
239	4	1 1 1 1 0 0 0 1 1 0 0 0 0 0 0 0
239	5	0 0 0 1 0 0 0 0 0 0 0 1 0 1 0 0
239	2	0 1 0 1 0 0 0 1 0 0 0 1 0 0 1 0
239	9	0 1 1 1 0 0 0 0 1 0 0 0 0 0 0 0
239	7	1 1 1 0 0 0 0 0 0 0 0 0 0 0 0 1
239	1	1 1 0 1 0 0 0 1 0 0 0 0 1 0 0 0
239	4	1 1 1 0 0 0 0 1 0 0 0 0 0 1 0 0
239	1	1 1 0 1 0 0 0 1 0 0 0 1 0 0 0 0
239	2	0 1 1 1 1 0 0 0 0 0 0 0 0 0 0 0
239	1	0 1 1 0 0 0 0 1 1 0 0 1 1 0 0 0
239	2	0 1 1 1 0 0 0 1 0 0 0 0 1 0 0 1
239	2	0 1 0 1 0 0 0 0 0 0 0 1 0 1 1 0
239	5	1 1 1 0 1 0 0 0 0 1 0 0 0 0 0 0
239	1	1 1 1 1 0 0 0 1 1 0 0 0 1 1 0 0
239	1	1 1 1 0 0 0 0 0 0 0 0 0 1 1 0 0
239	2	1 1 1 0 0 0 0 0 0 0 0 1 0 1 0 0
239	1	1 1 0 0 0 0 0 0 1 0 0 0 0 0 1 0
239	1	1 1 1 0 0 0 0 0 0 0 0 1 0 0 1 0
239	6	1 1 1 0 0 0 0 0 1 0 0 0 1 0 0 0
239	3	1 1 1 0 0 0 0 0 0 0 1 0 1 0 0 0
239	4	1 1 1 0 0 0 0 0 0 0 0 0 0 1 0 0
239	1	1 1 1 1 0 0 0 0 0 0 1 0 0 0 0 0
239	7	0 1 0 1 0 0 0 0 0 1 0 0 0 0 0 0
239	4	0 1 0 1 0 0 0 0 1 0 0 1 0 1 0 0
239	1	0 1 0 1 0 0 0 0 0 0 0 0 0 1 0 0
239	1	0 1 1 1 0 1 1 0 1 0 0 1 0 0 1 0
239	1	1 1 1 1 1 0 0 0 0 0 0 0 0 1 0 0
239	2	1 1 1 1 0 0 0 0 0 0 0 1 0 0 0 1
239	4	0 1 1 1 1 0 0 1 0 0 0 0 0 1 0 0
239	2	0 1 1 0 0 0 0 0 1 0 0 0 0 0 0 0
239	2	1 1 1 0 0 0 0 1 1 0 0 0 1 0 0 0
239	1	1 1 1 0 0 0 1 1 1 0 0 1 1 0 0 0
239	3	0 1 1 1 0 0 0 1 0 0 1 0 1 0 0 0
239	2	1 1 1 1 0 0 1 0 0 0 0 0 0 0 0 0
239	7	1 1 1 0 0 0 0 0 1 0 0 1 0 0 0 0
239	1	1 1 1 1 1 0 1 1 0 0 0 0 0 0 0 0
239	1	0 1 0 1 0 0 0 1 0 0 1 1 0 0 1 0
239	3	0 1 0 1 1 0 0 1 1 0 0 0 0 0 0 1
239	4	1 1 1 0 0 0 0 0 0 0 0 0 0 0 1 0
239	1	0 1 1 1 1 0 0 0 0 0 0 0 0 0 1 0
239	2	0 1 1 1 0 1 1 0 1 0 0 0 0 1 0 0
239	1	0 1 1 1 1 0 0 1 0 0 1 0 0 0 0 1
239	4	0 1 1 1 1 0 0 1 0 0 0 0 0 0 0 1
239	1	0 1 1 0 1 0 0 1 0 0 0 0 0 0 0 0
239	2	0 1 1 1 0 1 1 0 1 0 0 0 0 0 0 0
239	2	0 0 1 1 1 0 0 1 0 0 1 0 0 0 0 1
252	13	0 1 1 0 0 0 0 1 0 0 0 0 0 0 0 0
252	43	0 1 0 1 0 0 0 0 1 0 0 0 0 0 0 0
252	8	0 1 0 1 0 0 0 0 1 0 0 0 1 0 0 0
252	15	0 1 0 1 0 0 0 1 0 0 0 0 0 0 0 0
252	43	0 1 1 1 0 0 0 1 0 0 0 0 0 0 0 0
252	27	0 1 1 0 0 0 0 1 0 0 0 1 0 0 0 0
252	33	1 1 1 0 0 0 0 1 1 0 0 1 1 0 0 0
252	5	1 0 0 1 0 0 0 1 0 0 0 0 0 0 0 0
252	68	1 1 1 0 0 0 0 0 0 0 0 0 0 0 0 0
252	28	0 1 1 1 0 0 0 1 0 0 0 0 0 0 0 1
252	4	0 1 1 1 0 0 1 1 0 0 0 0 0 0 0 0
252	10	0 1 1 1 0 0 0 1 0 0 0 0 1 0 0 0
252	34	1 1 1 1 0 0 0 1 0 0 0 0 0 0 0 0
252	6	0 1 1 0 0 0 0 0 0 0 0 0 1 1 0 0
252	13	0 0 1 1 0 0 0 1 0 0 0 0 0 1 0 0
252	28	1 1 1 0 0 0 0 0 0 0 1 0 0 0 0 0
252	11	0 1 1 1 0 0 0 0 0 0 0 1 0 1 0 0
252	1	1 1 0 1 0 0 0 1 0 0 0 0 0 0 0 0
252	3	0 1 1 1 1 0 0 1 0 0 0 0 0 0 0 0
252	13	0 1 1 1 0 1 1 0 1 0 0 1 0 0 0 0
252	8	1 1 1 1 0 0 0 0 0 0 0 0 0 0 0 0
252	7	1 1 0 1 0 0 0 0 1 0 0 0 0 0 1 0
252	1	1 1 1 0 0 0 0 1 0 0 0 1 0 0 0 0
252	4	1 1 1 0 0 1 0 0 0 0 0 1 1 0 0 0
252	10	0 1 0 1 0 1 0 0 1 0 1 0 0 0 0 0
252	29	1 1 1 0 0 0 0 0 0 0 0 1 0 0 0 0
252	7	0 1 1 1 1 0 0 1 1 0 0 0 0 0 0 0
252	28	0 1 1 1 0 0 0 1 0 0 0 0 0 1 0 0
252	9	1 1 1 0 0 0 0 0 0 1 0 0 0 0 0 0
252	17	0 0 1 1 0 0 0 1 0 0 1 0 0 0 0 1
252	10	1 1 0 1 0 0 0 0 0 0 0 0 0 0 0 1
252	10	1 1 1 1 0 0 0 1 1 0 0 0 1 0 0 0
252	35	0 1 1 1 0 1 0 0 1 0 1 0 0 0 0 0
252	20	0 1 1 1 1 0 0 1 0 0 1 0 0 0 0 0
252	2	1 1 1 1 1 0 0 1 1 0 0 0 0 0 0 0
252	35	1 1 1 0 0 0 0 0 0 0 0 0 1 0 0 0
252	29	0 1 0 1 1 0 0 0 1 0 0 0 0 0 0 0
252	1	0 1 0 1 0 1 0 0 1 0 0 0 0 0 0 0
252	1	0 1 1 1 0 0 0 0 1 0 0 0 0 0 0 0
252	12	1 1 1 0 0 0 0 0 0 0 0 0 0 0 0 1
252	5	1 1 0 1 0 0 0 1 0 0 0 0 1 0 0 0
252	1	1 1 1 0 0 0 0 1 0 0 0 0 0 1 0 0
252	2	0 1 0 1 0 0 0 0 0 0 0 1 0 1 1 0
252	5	1 1 1 1 0 0 0 1 1 0 0 0 1 1 0 0
252	12	1 1 1 0 0 0 0 0 0 0 0 0 1 1 0 0
252	10	1 1 1 0 0 0 0 0 1 0 0 0 1 0 0 0
252	4	1 1 1 0 0 0 0 0 0 0 0 0 0 1 0 0
252	2	0 1 0 1 0 0 0 0 0 1 0 0 0 0 0 0
252	4	0 1 0 1 0 0 0 0 1 0 0 1 0 1 0 0
252	15	1 1 1 1 1 0 0 0 0 0 0 0 0 1 0 0
252	9	1 1 1 1 0 0 0 0 0 0 0 1 0 0 0 1
252	13	0 1 1 1 1 0 0 1 0 0 0 0 0 1 0 0
252	5	1 1 1 0 0 0 1 1 1 0 0 1 1 0 0 0
252	13	1 1 1 0 0 0 0 0 1 0 0 1 0 0 0 0
252	8	0 0 1 1 1 0 0 1 0 0 1 0 0 0 0 1
252	3	0 1 1 1 0 1 1 0 1 0 0 0 0 0 0 1
252	5	0 1 0 1 0 1 0 0 1 0 1 0 0 1 0 0
252	3	0 1 1 1 0 1 0 1 0 0 0 0 0 1 0 0
252	3	0 1 1 0 0 0 0 1 0 0 0 1 0 0 0 1
252	1	1 1 1 1 0 0 0 1 1 0 0 1 1 0 0 0
252	5	1 0 1 1 0 0 0 0 0 0 0 0 0 0 0 0
252	1	0 1 1 1 1 0 0 1 0 0 1 0 0 1 0 0
252	7	1 1 0 1 0 0 0 0 1 0 0 0 0 0 0 0
252	4	0 1 1 1 1 0 0 0 1 0 0 0 0 0 0 0
252	1	1 1 0 1 0 1 0 0 1 0 0 0 0 0 0 0
252	5	0 1 0 1 0 0 0 0 0 0 0 1 0 0 0 0
252	13	1 1 1 0 0 0 0 0 0 1 0 0 1 0 0 0
252	4	0 1 1 1 0 0 0 0 0 0 0 1 0 0 0 0
252	3	0 1 0 1 0 1 0 0 1 0 0 0 0 0 1 0
252	3	1 1 0 1 0 0 0 1 0 0 0 1 0 1 1 0
252	13	0 1 0 1 0 0 0 0 1 0 1 0 0 0 0 0
252	1	1 1 1 1 0 0 0 0 0 0 0 1 0 0 0 0
252	6	1 1 1 0 0 1 1 0 1 0 0 1 0 0 0 0
252	5	1 1 1 0 0 0 0 0 0 0 0 1 1 0 0 0
252	2	1 1 1 0 0 0 0 0 0 0 1 1 0 0 0 0
252	1	0 1 1 1 0 0 0 0 1 0 1 0 0 0 0 0
252	3	0 0 0 1 0 1 1 0 1 0 0 1 0 0 0 0
252	2	0 1 1 0 0 1 0 1 0 0 0 0 0 0 0 0
252	9	1 1 1 1 1 0 0 1 0 0 0 1 0 0 0 0
252	2	1 1 1 0 0 0 0 0 0 0 0 1 0 1 0 0
252	1	1 0 1 0 0 0 0 0 1 0 0 0 1 0 0 0
252	1	1 1 1 0 0 0 1 1 1 0 0 1 1 0 1 0
252	1	0 1 1 0 0 0 0 0 1 0 0 1 0 0 0 0
252	3	0 1 1 1 0 1 0 0 0 0 0 1 0 0 0 1
252	11	0 1 1 1 0 0 0 1 0 0 0 1 0 0 0 0
252	3	0 1 0 1 0 0 0 0 1 0 0 1 0 0 0 0
252	2	0 1 0 0 0 0 0 1 0 0 0 1 0 0 0 0
252	1	1 1 1 0 0 0 0 0 0 0 1 0 1 0 0 0
252	8	1 1 1 1 0 0 1 1 1 0 0 0 1 0 0 0
252	3	0 1 1 1 0 0 0 0 1 0 0 0 0 0 0 1
252	8	1 1 1 0 0 0 0 0 1 0 0 1 0 1 0 0
252	2	1 1 1 0 0 0 0 1 0 0 0 0 0 0 0 1
252	1	0 1 1 1 0 0 0 0 0 0 0 1 0 0 0 1
252	1	0 1 0 1 0 0 0 1 0 0 0 0 0 1 0 0
252	2	1 1 1 1 0 0 0 0 0 0 0 0 1 0 0 0
252	6	0 1 0 0 0 0 0 1 0 0 0 0 0 0 0 0
252	5	0 1 1 0 0 0 0 0 0 0 0 0 1 1 1 0
252	2	1 1 1 0 0 0 0 0 0 0 1 0 0 1 0 0
252	6	0 1 0 1 1 0 0 0 1 0 1 0 0 0 0 0
252	3	0 1 1 0 0 0 0 1 0 0 1 0 0 0 0 1
252	3	0 1 1 1 1 0 0 0 0 0 1 0 1 0 0 0
252	1	1 1 1 0 0 0 0 0 1 0 0 0 0 0 0 1
252	3	0 1 1 1 0 0 0 1 0 1 0 0 0 0 0 0
252	2	0 0 1 1 1 0 0 1 1 0 0 0 0 0 0 0
252	1	1 1 1 1 0 0 0 1 0 0 0 0 0 1 0 0
252	3	1 1 1 1 0 0 0 0 0 0 0 1 1 0 0 1
252	1	1 1 0 1 0 0 0 0 1 0 0 1 0 0 0 0
252	2	1 1 1 1 0 0 0 1 0 0 0 1 0 1 1 0
252	1	1 1 1 1 0 0 0 1 0 0 1 0 0 0 0 0
252	4	1 1 0 1 0 0 0 0 1 0 0 0 0 1 0 0
252	1	0 0 1 1 0 0 0 0 0 0 0 0 0 0 0 0
252	2	1 1 1 0 0 0 0 0 1 0 0 0 0 0 0 0
252	1	1 1 1 0 0 0 0 1 0 0 0 0 0 0 0 0
252	1	0 0 0 1 0 1 1 0 1 0 0 1 0 1 0 0
252	1	1 1 1 0 0 0 0 0 0 0 0 1 0 0 0 1
252	2	0 1 1 1 0 0 0 1 0 0 0 0 0 1 0 1
252	1	0 1 1 0 0 0 0 0 0 0 0 0 1 0 0 0
252	1	1 1 0 1 0 0 0 1 1 0 0 0 1 0 0 0
252	3	0 0 1 1 1 0 1 1 0 0 1 0 0 0 0 1
252	1	0 1 1 1 0 1 1 0 1 0 0 0 0 0 0 0
252	1	0 1 1 1 0 1 0 1 0 0 0 1 0 0 0 0
350	31	1 1 1 0 0 0 0 0 0 0 0 0 0 0 0 0
350	2	0 1 1 1 0 0 1 1 0 0 0 0 0 0 0 0
350	24	1 1 1 0 0 0 0 0 0 0 1 0 0 0 0 0
350	39	1 1 1 1 0 0 0 0 0 0 0 0 0 0 0 0
350	2	0 1 1 1 0 0 0 1 0 0 0 0 0 1 0 0
350	7	1 1 1 0 0 0 0 0 0 1 0 0 0 0 0 0
350	27	1 1 1 1 0 0 0 0 0 0 0 1 0 0 0 1
350	24	1 1 0 1 0 0 0 0 1 0 0 0 0 0 0 0
350	26	1 1 1 1 0 0 0 0 0 0 1 0 0 0 0 0
350	12	1 1 1 1 0 0 0 1 1 0 0 1 1 0 0 0
350	19	1 1 1 1 0 0 0 0 0 0 0 1 0 0 0 0
350	31	1 1 1 1 1 0 0 1 0 0 0 0 0 0 0 0
350	8	1 1 1 1 0 1 0 0 1 0 1 0 0 0 0 0
350	5	0 1 1 1 1 0 0 1 0 0 0 1 0 0 0 0
350	2	1 1 0 0 0 1 0 0 0 1 0 1 0 0 0 0
350	4	1 1 1 1 0 0 0 1 0 0 0 0 1 0 0 0
350	22	1 1 1 0 1 0 0 0 0 1 0 0 0 0 0 0
350	52	1 1 1 1 0 0 0 0 1 0 1 0 0 0 0 0
350	7	0 1 1 1 0 0 0 0 0 1 0 0 0 0 0 0
350	1	1 1 1 0 0 0 0 0 1 0 0 0 0 1 0 0
350	6	1 1 1 1 0 1 0 0 1 0 0 0 0 0 0 0
350	3	1 1 1 1 0 0 0 0 0 0 1 1 0 0 0 1
350	12	1 1 1 1 1 1 0 0 0 0 0 1 0 1 0 1
350	12	1 1 1 1 0 0 0 1 0 0 0 1 0 0 0 0
350	4	1 1 0 1 1 1 0 1 1 0 1 0 0 0 0 1
350	35	1 1 1 1 0 0 0 0 1 0 1 1 0 0 0 1
350	14	1 0 1 1 0 0 0 0 0 0 0 1 0 0 0 1
350	10	1 1 1 0 0 0 0 0 0 1 1 0 0 0 0 0
350	21	1 1 1 1 0 0 0 1 1 0 0 0 0 0 0 0
350	22	1 1 1 1 1 1 0 0 0 0 0 1 0 1 0 0
350	2	1 1 1 1 0 0 0 0 0 0 0 1 0 1 0 0
350	11	0 1 1 1 0 0 1 1 0 0 0 0 0 0 1 0
350	9	1 1 0 1 0 0 0 0 1 0 1 0 0 0 0 0
350	6	1 1 1 1 0 0 0 1 1 0 0 0 1 0 0 0
350	11	1 1 0 0 0 0 0 0 0 1 0 0 0 0 0 1
350	2	0 1 1 1 1 0 0 0 0 1 0 0 1 0 0 0
350	3	1 1 0 1 0 0 0 1 0 0 0 0 1 0 0 0
350	11	1 1 1 1 0 0 0 0 0 0 1 0 1 0 0 0
350	3	1 1 1 0 1 0 0 0 1 1 0 0 1 0 0 0
350	69	1 1 1 0 0 0 0 1 0 0 1 0 0 0 0 0
350	1	1 1 1 1 0 0 0 0 0 0 1 0 0 0 0 1
350	4	1 1 1 1 1 0 0 0 0 0 0 1 0 0 0 0
350	8	1 1 0 1 0 0 0 0 0 0 0 0 0 0 0 0
350	5	0 1 1 1 0 1 0 0 0 1 0 0 0 0 0 0
350	9	1 1 1 1 0 1 0 0 0 1 0 1 0 0 0 0
350	1	0 1 1 1 1 0 1 0 0 0 0 1 0 1 0 1
350	7	1 1 0 1 0 0 0 0 1 0 0 1 0 0 0 0
350	1	1 1 1 1 0 0 0 0 0 1 0 0 0 0 0 0
350	8	1 0 1 0 0 0 0 0 0 0 0 0 0 0 0 0
350	19	1 1 1 1 0 0 0 0 0 0 0 0 0 0 0 1
350	1	1 1 0 0 0 0 0 0 1 0 0 0 0 0 0 0
350	7	1 1 1 1 0 0 0 1 1 0 0 0 0 0 1 0
350	13	1 1 1 0 0 0 0 1 0 1 1 0 0 0 0 0
350	2	1 1 1 1 0 1 0 0 0 0 0 1 0 1 0 0
350	2	1 1 0 1 0 0 1 0 1 0 0 0 0 0 0 0
350	20	1 1 1 1 0 1 0 0 1 0 0 1 0 0 0 0
350	16	1 1 0 1 0 0 0 0 1 0 0 1 0 1 0 0
350	7	1 1 1 1 0 0 0 0 0 0 0 1 1 0 0 1
350	8	1 1 1 1 1 1 0 1 0 0 0 1 0 1 0 0
350	10	1 1 0 1 1 1 0 0 0 0 0 1 0 0 0 1
350	8	1 1 1 1 0 0 0 0 1 0 1 0 0 1 0 0
350	8	1 1 1 1 0 0 0 0 0 1 0 0 0 0 0 1
350	11	1 1 1 1 0 0 1 0 0 0 0 0 0 0 0 0
350	8	0 1 0 1 1 1 0 1 1 0 1 0 0 0 0 0
350	14	1 1 1 0 0 0 0 1 0 0 0 0 0 0 0 0
350	23	1 1 1 1 0 0 0 1 0 0 1 0 0 0 0 1
350	14	1 1 1 1 0 0 0 0 1 1 0 0 0 0 0 0
350	4	1 1 1 1 0 0 0 0 0 1 0 0 1 0 0 0
350	11	0 1 1 1 0 0 0 0 0 0 0 0 0 0 1 0
350	11	0 1 1 1 1 0 1 0 0 0 0 1 0 0 0 0
350	15	1 1 0 1 0 1 0 0 1 0 1 0 0 0 0 0
350	6	0 1 1 1 0 0 0 0 1 0 1 1 0 0 0 1
350	8	1 1 1 1 1 0 0 0 0 0 0 0 1 0 0 0
350	15	1 1 1 1 0 0 0 1 0 0 1 0 0 0 0 0
350	1	1 1 1 1 1 0 1 0 0 0 0 0 0 0 0 0
350	6	0 1 1 0 1 0 0 0 0 1 0 0 0 0 0 0
350	5	1 1 0 0 0 1 0 0 0 0 0 1 0 1 0 0
350	6	1 1 0 1 0 0 0 0 0 0 0 0 1 0 0 0
350	4	1 1 0 0 0 0 0 0 1 0 0 1 0 0 0 0
350	7	1 1 0 1 0 0 0 1 1 0 0 1 0 0 0 0
350	1	1 1 1 1 0 0 1 0 1 0 0 0 0 0 0 0
350	4	1 1 1 1 0 0 1 0 0 0 1 0 0 0 0 0
350	1	1 1 1 1 0 1 0 0 0 0 0 1 0 0 0 0
350	4	1 1 1 1 1 1 0 0 0 0 0 1 0 0 0 0
350	2	1 1 1 0 0 0 0 1 1 0 0 0 0 0 1 0
350	2	0 1 1 0 0 0 0 0 0 0 1 0 0 0 0 0
350	3	1 1 1 1 0 0 0 0 0 0 0 0 1 0 0 0
350	1	0 1 1 1 0 0 1 1 0 0 0 0 1 0 1 0
350	1	0 1 0 1 1 1 0 1 1 0 1 0 1 0 0 0
350	4	0 1 1 1 1 0 0 1 0 0 0 0 0 1 0 0
350	1	1 0 1 1 0 0 0 1 0 0 0 0 1 0 0 0
350	1	1 0 1 1 0 0 0 0 0 0 0 1 0 0 0 0
350	1	1 1 0 1 0 0 0 1 0 0 1 0 0 0 0 0
350	1	1 1 1 0 0 0 0 1 0 1 1 1 0 0 0 0
350	1	1 1 0 1 0 1 0 0 1 0 1 1 0 0 0 0
350	1	1 1 1 0 0 0 0 0 0 0 1 0 0 0 0 1
350	2	1 1 1 1 0 0 1 0 1 0 1 0 0 0 0 0
350	2	0 1 1 1 0 1 0 0 1 0 0 1 0 0 0 0
350	2	1 1 1 1 0 0 1 1 0 0 0 0 0 0 1 0
350	2	1 1 1 1 1 0 0 0 0 0 0 0 0 0 0 0
350	1	1 1 0 0 0 1 0 1 0 1 0 1 0 0 0 0
350	3	1 1 1 1 0 0 0 0 1 0 1 0 1 0 0 0
350	1	1 1 1 1 0 0 0 0 1 0 1 0 0 0 0 1
350	3	1 0 1 1 0 0 0 0 0 0 1 1 0 0 0 1
350	1	1 1 1 1 0 0 0 1 1 0 0 1 0 0 0 0
350	1	1 1 1 1 0 0 0 0 0 1 1 0 0 0 0 0
350	5	1 1 1 1 0 0 0 0 1 0 0 0 0 0 0 1
350	1	1 1 0 1 0 0 0 0 1 1 0 1 0 1 0 0
350	1	1 1 1 1 1 1 0 1 0 0 1 1 0 1 0 0
350	1	0 1 1 1 0 0 0 1 0 0 1 0 0 0 0 1
400	5	1 1 1 0 0 0 0 0 0 0 1 0 0 0 0 0
400	72	1 1 1 1 0 0 0 0 0 0 0 0 0 0 0 0
400	20	1 1 1 1 0 0 0 0 0 0 0 1 0 0 0 1
400	6	1 1 1 1 0 0 0 0 0 0 1 0 0 0 0 0
400	9	1 1 1 1 1 0 0 1 0 0 0 0 0 0 0 0
400	24	1 1 1 1 0 1 0 0 1 0 1 0 0 0 0 0
400	58	1 1 1 1 0 0 0 0 1 0 1 0 0 0 0 0
400	44	1 1 1 1 1 1 0 0 0 0 0 1 0 1 0 0
400	3	1 1 1 1 0 0 0 0 0 0 1 0 1 0 0 0
400	2	1 1 1 0 0 0 0 1 0 0 1 0 0 0 0 0
400	3	1 1 1 1 0 0 0 0 0 0 0 0 0 0 0 1
400	55	1 1 1 1 0 0 1 0 0 0 0 0 0 0 0 0
400	34	1 1 1 0 0 0 0 1 0 0 0 0 0 0 0 0
400	4	1 1 1 1 0 0 0 1 0 0 1 0 0 0 0 1
400	2	1 1 1 1 0 0 0 0 1 1 0 0 0 0 0 0
400	38	1 1 1 1 0 0 0 1 0 0 1 0 0 0 0 0
400	23	1 1 1 1 1 0 1 0 0 0 0 0 0 0 0 0
400	32	1 1 1 1 0 0 0 0 1 0 1 1 0 0 0 0
400	3	1 1 1 1 0 0 0 1 0 0 1 0 0 1 0 0
400	8	1 1 1 0 0 0 1 1 0 0 0 0 0 0 0 0
400	9	1 1 0 1 0 0 0 0 1 1 0 0 0 0 0 0
400	5	1 1 1 0 0 0 0 1 1 0 0 0 0 0 0 0
400	24	1 1 0 1 0 1 0 0 1 0 0 0 0 0 0 0
400	39	1 1 1 1 0 0 0 0 0 0 1 1 0 0 0 1
400	36	0 0 1 1 0 0 0 0 1 0 1 1 0 0 0 0
400	32	1 1 1 1 0 1 0 0 1 0 1 0 0 0 0 1
400	4	1 1 1 1 0 0 0 0 1 0 1 0 0 0 0 1
400	4	0 1 1 1 0 0 0 0 1 0 1 0 0 0 0 0
400	34	1 1 1 1 0 0 0 0 1 0 0 0 0 1 0 0
400	5	1 1 1 1 1 1 0 1 0 0 0 1 0 0 0 0
400	12	1 1 1 1 1 0 0 0 0 0 0 0 0 0 0 0
400	28	1 1 0 1 0 0 1 0 0 0 0 0 0 0 0 0
400	10	1 1 0 0 0 0 0 1 0 0 0 0 0 0 0 0
400	11	1 1 0 1 0 1 1 0 1 0 1 0 0 0 0 0
400	15	1 1 1 1 0 0 0 0 0 0 1 0 0 1 0 0
400	10	1 1 1 1 1 0 1 0 0 0 0 0 1 0 0 0
400	1	1 1 1 1 0 0 0 0 0 0 0 0 0 1 0 0
400	2	1 1 1 1 0 1 1 0 0 0 0 0 0 0 0 0
400	9	1 1 1 1 0 0 1 0 0 0 1 0 0 0 0 0
400	6	1 1 1 1 0 0 1 0 0 0 0 0 1 0 0 0
400	26	1 1 1 1 0 0 0 0 0 0 1 0 0 0 0 1
400	13	1 1 0 1 0 1 0 1 1 0 0 0 0 0 1 0
400	9	1 1 1 0 0 0 0 0 1 0 1 1 0 0 0 0
400	14	1 1 1 1 0 0 0 0 0 0 1 1 1 0 0 0
400	2	1 1 1 1 0 0 0 1 1 0 0 1 0 0 0 1
400	10	1 1 1 1 1 1 0 0 0 0 0 0 0 0 0 0
400	9	1 1 0 1 0 0 0 1 0 0 0 0 0 0 1 0
400	4	1 1 1 1 0 0 0 1 0 0 0 0 0 0 0 0
400	3	1 1 1 0 0 0 0 1 0 0 1 0 0 0 0 1
400	2	1 1 0 0 0 0 1 1 0 0 0 0 0 0 0 0
400	4	1 1 1 1 0 1 0 0 1 0 0 0 0 0 0 0
400	4	1 0 1 1 1 0 0 0 1 0 1 1 0 0 0 0
400	3	0 1 1 1 1 0 1 0 0 0 0 0 0 0 0 0
400	10	0 0 1 1 0 0 0 0 1 1 1 1 0 0 0 0
400	6	1 1 1 0 0 0 0 0 0 0 0 0 0 0 0 0
400	10	1 1 1 1 0 0 1 0 1 0 1 0 0 0 0 0
400	3	1 1 0 1 1 0 1 0 0 0 0 0 0 0 0 0
400	6	1 1 0 1 0 0 0 1 0 0 1 0 0 0 0 0
400	7	0 1 1 1 0 0 0 1 0 0 1 0 0 0 0 0
400	6	1 1 0 1 0 0 1 0 0 0 1 0 0 0 0 0
400	2	1 1 1 1 0 0 1 0 0 0 1 1 0 0 0 0
400	8	1 1 1 1 0 1 0 0 1 0 1 0 0 1 0 0
400	2	1 1 1 1 0 0 0 1 1 0 0 1 0 1 0 0
400	8	1 1 1 1 0 0 0 0 1 0 0 0 0 0 0 0
400	5	1 1 1 1 0 1 0 0 1 1 1 0 0 0 0 1
400	10	1 1 1 1 0 1 0 1 1 0 0 0 0 0 1 0
400	3	1 1 0 1 1 0 1 0 0 0 1 1 1 0 0 0
400	3	1 1 1 1 1 1 0 0 1 0 1 0 0 0 0 0
400	1	1 1 0 0 0 0 0 0 0 0 1 1 0 0 0 0
400	3	1 1 1 1 0 0 0 1 1 0 1 0 0 0 0 0
400	5	1 1 1 0 0 0 0 1 1 0 1 0 0 0 0 0
400	2	0 1 1 1 0 0 0 1 0 0 1 0 0 0 0 1
400	3	1 0 0 1 0 1 0 0 1 0 0 0 0 0 0 0
400	2	1 1 1 1 0 0 0 0 0 1 1 1 0 0 0 1
400	1	1 1 1 1 0 0 0 0 0 0 0 0 1 0 0 0
400	1	1 1 1 0 0 0 1 1 0 0 0 0 1 0 0 0
400	5	1 1 0 0 0 0 1 0 0 0 0 0 0 0 0 0
400	2	1 1 0 1 0 0 1 1 0 0 0 0 0 0 0 0
400	2	1 1 1 1 0 0 1 0 1 0 1 1 0 0 0 0
400	3	0 1 1 1 0 0 0 0 0 0 0 0 0 0 0 0
400	7	1 0 1 1 0 0 1 0 0 0 0 0 0 0 0 0
400	1	1 1 1 1 0 0 0 0 0 1 1 1 1 0 0 0
400	3	1 1 0 1 0 1 0 1 0 0 0 0 0 0 0 0
400	1	1 1 0 1 0 0 1 0 1 0 0 0 0 0 0 0
400	3	1 1 1 1 0 1 0 0 0 0 0 0 0 0 0 0
400	1	1 1 1 1 0 0 0 0 1 1 1 0 0 0 0 0
400	1	1 1 1 1 1 1 0 0 0 0 0 0 0 1 0 0
400	1	1 1 0 1 0 0 0 0 1 0 0 0 0 0 0 0
400	5	1 1 1 0 0 0 0 0 0 0 1 1 0 0 0 1
400	1	1 1 1 1 0 0 1 0 1 0 0 0 0 1 0 0
400	1	1 1 1 1 1 0 0 0 0 0 0 0 0 1 0 0
400	1	0 0 1 1 0 0 0 0 1 1 1 1 0 0 1 0
400	1	1 1 0 1 0 0 1 0 0 0 1 0 0 0 0 1
400	1	1 1 1 1 0 1 0 0 1 0 1 0 1 0 0 0
400	1	1 1 1 1 1 0 0 0 1 0 1 0 0 0 0 0
400	1	1 1 1 1 0 0 0 0 1 0 1 0 1 0 0 0
400	1	1 1 1 1 0 0 1 0 0 0 0 0 0 0 1 0
400	1	1 1 1 0 0 0 0 1 0 0 0 0 0 0 0 1
400	1	1 1 0 1 0 1 0 0 1 1 0 0 0 0 0 0
400	3	0 0 1 1 0 1 0 0 1 0 1 1 0 0 0 0
400	1	1 1 1 1 0 0 0 0 1 0 1 1 1 0 0 0
