0	22	0 1 1 0 0 0 0 1 0 0 0 0 0 0 0 0
0	33	0 0 1 0 1 1 0 1 0 0 0 1 1 1 1 0
0	18	1 1 1 0 0 0 0 0 0 0 1 0 1 0 0 0
0	27	1 0 0 0 0 0 1 0 0 1 0 0 0 0 0 0
10	19	0 1 1 0 0 0 0 1 0 0 0 0 0 0 0 0
10	8	0 0 1 0 1 1 0 1 0 0 0 1 1 1 1 0
10	9	1 1 1 0 0 0 0 0 0 0 1 0 1 0 0 0
10	41	1 0 0 0 0 0 1 0 0 1 0 0 0 0 0 0
10	1	0 1 1 0 0 0 0 1 0 1 0 0 0 0 0 0
10	1	1 0 0 0 0 0 0 1 0 0 0 0 0 0 0 0
10	1	0 0 1 0 1 1 0 1 0 1 0 1 1 1 1 0
10	2	1 1 1 0 0 0 0 1 0 0 0 0 0 0 0 0
10	2	0 0 1 1 1 1 0 1 0 0 0 1 1 1 1 0
10	1	1 1 1 0 0 0 0 0 0 1 1 0 1 0 0 0
10	3	1 0 0 0 0 0 1 0 0 1 0 0 1 0 0 0
10	2	0 1 1 0 0 0 0 0 0 0 1 0 1 0 0 0
10	1	1 1 1 0 1 0 0 0 0 0 1 0 1 0 0 0
10	2	0 0 1 0 1 1 0 1 0 0 0 0 0 0 0 0
10	3	0 0 1 0 0 0 0 1 0 0 0 0 0 0 0 0
10	1	1 1 0 0 0 0 0 1 0 0 0 0 0 0 0 0
10	1	0 1 1 0 0 0 0 1 0 0 0 1 0 0 0 0
10	1	1 0 1 0 0 0 0 0 0 0 1 0 1 0 0 0
10	1	1 0 1 0 0 0 1 0 0 1 0 0 0 0 0 0
20	20	0 1 1 0 0 0 0 1 0 0 0 0 0 0 0 0
20	4	0 0 1 0 1 1 0 1 0 0 0 1 1 1 1 0
20	6	1 1 1 0 0 0 0 0 0 0 1 0 1 0 0 0
20	34	1 0 0 0 0 0 1 0 0 1 0 0 0 0 0 0
20	2	1 1 1 0 0 0 0 0 0 1 0 0 0 0 0 0
20	4	1 0 0 0 0 0 0 1 0 0 0 0 0 0 0 0
20	2	0 0 1 0 1 1 0 1 0 1 0 1 1 1 1 0
20	1	0 1 1 0 0 0 0 1 0 0 1 0 0 0 0 0
20	3	0 0 1 1 1 1 0 1 0 0 0 1 1 1 1 0
20	1	1 1 1 0 0 0 0 0 0 1 1 0 1 0 0 0
20	2	1 0 0 0 0 0 1 0 0 1 0 0 1 0 0 0
20	2	1 0 0 0 0 1 0 1 0 0 0 1 1 1 1 0
20	2	1 1 1 0 0 0 0 0 0 0 1 1 1 0 0 0
20	1	0 0 1 0 1 1 0 1 0 0 0 0 0 0 0 0
20	1	0 0 1 0 0 0 0 1 0 0 0 0 0 0 0 0
20	2	0 1 1 0 0 0 0 1 0 0 0 1 0 0 0 0
20	1	0 0 1 0 1 1 0 1 0 1 0 1 1 0 0 0
20	1	0 0 0 0 0 0 1 0 0 1 0 0 0 0 0 0
20	2	1 0 0 0 0 0 1 0 0 1 0 1 1 1 1 0
20	1	1 1 0 0 0 0 1 0 0 1 0 0 0 0 0 0
20	1	1 1 1 0 0 1 0 1 0 0 0 0 0 0 0 0
20	2	0 0 0 0 0 0 1 0 0 1 0 0 1 0 0 0
20	1	1 0 0 0 0 0 1 0 0 1 1 0 0 0 0 0
20	1	1 0 0 0 1 1 1 1 0 0 0 1 1 1 1 0
20	1	1 0 0 0 0 0 1 1 0 0 0 0 0 0 0 0
20	1	0 0 1 0 1 1 1 0 0 1 0 0 0 0 0 0
20	1	1 1 1 0 0 0 0 0 0 0 1 0 1 0 1 0
30	12	0 1 1 0 0 0 0 1 0 0 0 0 0 0 0 0
30	2	0 0 1 0 1 1 0 1 0 0 0 1 1 1 1 0
30	6	1 1 1 0 0 0 0 0 0 0 1 0 1 0 0 0
30	22	1 0 0 0 0 0 1 0 0 1 0 0 0 0 0 0
30	2	1 1 1 0 0 0 0 0 0 1 0 0 0 0 0 0
30	5	1 0 0 0 0 0 0 1 0 0 0 0 0 0 0 0
30	1	0 0 1 0 1 1 0 1 0 1 0 1 1 1 1 0
30	3	0 1 1 0 0 0 0 1 0 0 1 0 0 0 0 0
30	2	0 0 1 1 1 1 0 1 0 0 0 1 1 1 1 0
30	3	1 1 1 0 0 0 0 0 0 1 1 0 1 0 0 0
30	7	1 0 0 0 0 0 1 0 0 1 0 0 1 0 0 0
30	2	0 1 1 0 0 0 1 0 0 1 0 0 0 0 0 0
30	3	1 1 1 0 0 0 0 0 0 0 1 1 1 0 0 0
30	1	1 1 0 0 0 0 0 1 0 0 0 0 0 0 0 0
30	1	1 0 1 0 0 0 1 0 0 1 0 0 0 0 0 0
30	1	0 0 0 0 0 0 1 0 0 1 0 0 0 0 0 0
30	1	0 1 1 0 0 0 0 0 0 0 0 0 0 0 0 0
30	1	1 1 1 0 1 0 0 1 0 0 0 0 0 0 0 0
30	2	0 0 1 0 1 1 0 1 0 0 0 0 1 0 0 0
30	2	0 1 1 0 1 0 0 1 0 0 0 0 0 0 0 0
30	3	0 0 0 0 0 0 1 0 0 1 0 0 1 0 0 0
30	1	1 1 1 0 0 1 1 0 0 1 0 0 0 0 0 0
30	3	1 0 0 0 1 1 1 1 0 0 0 1 1 1 1 0
30	1	0 1 1 0 0 0 1 1 0 1 0 1 1 1 1 0
30	1	1 0 0 0 0 0 1 0 0 1 0 0 1 0 1 0
30	1	0 1 1 0 0 0 0 1 0 1 0 0 0 0 0 0
30	2	1 0 0 0 0 0 0 0 0 1 0 1 0 0 0 0
30	1	1 0 0 0 0 0 0 1 0 0 0 0 1 0 0 0
30	1	1 0 0 0 0 0 1 0 0 1 1 0 0 0 0 0
30	1	1 0 0 0 1 0 1 0 0 1 0 0 1 0 0 0
30	2	1 1 1 0 0 0 0 0 0 0 1 0 0 0 0 1
30	1	1 0 1 0 0 0 1 0 0 0 0 0 0 1 0 0
30	1	1 1 1 1 1 1 0 1 0 0 0 1 1 1 1 0
30	1	0 1 1 0 0 0 1 1 0 1 0 1 1 1 0 0
30	1	1 0 0 0 0 0 1 0 0 1 0 0 0 0 1 0
40	3	0 1 1 0 0 0 0 1 0 0 0 0 0 0 0 0
40	4	1 1 1 0 0 0 0 0 0 0 1 0 1 0 0 0
40	27	1 0 0 0 0 0 1 0 0 1 0 0 0 0 0 0
40	4	1 0 0 0 0 0 0 1 0 0 0 0 0 0 0 0
40	6	1 0 0 0 0 0 0 0 0 1 0 0 0 0 0 0
40	1	0 1 1 0 0 0 0 1 0 0 1 0 0 0 0 0
40	3	1 1 1 0 0 0 0 0 0 1 1 0 1 0 0 0
40	6	1 0 0 0 0 0 1 0 0 1 0 0 1 0 0 0
40	3	0 1 1 0 0 0 1 0 0 1 0 0 0 0 0 0
40	1	1 1 0 0 0 0 0 1 0 0 0 0 0 0 0 0
40	1	0 0 0 0 0 0 1 0 0 1 0 0 0 0 0 0
40	3	0 1 1 0 0 0 0 0 0 0 0 0 0 0 0 0
40	4	1 1 0 0 0 0 1 0 0 1 0 0 0 0 0 0
40	4	0 0 1 0 1 1 0 1 0 0 0 0 1 0 0 0
40	3	1 1 1 0 0 1 0 1 0 0 0 0 0 0 0 0
40	2	0 1 1 0 1 0 0 1 0 0 0 0 0 0 0 0
40	4	1 1 1 0 0 1 1 0 0 1 0 0 0 0 0 0
40	2	1 0 0 0 1 1 1 1 0 0 0 1 1 1 1 0
40	1	1 0 0 0 0 0 1 0 0 1 0 0 1 0 1 0
40	1	1 1 1 0 0 0 0 1 0 0 0 0 0 0 0 0
40	1	0 1 1 0 0 0 0 1 0 1 0 0 0 0 0 0
40	1	1 1 1 0 1 0 0 0 0 0 1 0 1 0 0 0
40	1	1 0 0 0 0 1 0 1 0 1 0 0 0 0 0 0
40	1	1 0 0 0 0 0 0 1 0 0 0 0 1 0 0 0
40	1	1 1 1 0 0 0 0 0 0 0 1 0 0 0 0 1
40	1	0 1 1 0 0 0 0 1 0 0 1 0 0 0 1 0
40	1	1 0 0 1 0 0 1 0 0 1 0 0 1 0 0 0
40	2	1 1 1 0 0 0 0 0 0 1 0 0 0 0 0 0
40	1	0 1 1 0 0 0 0 1 1 1 0 0 0 0 1 0
40	3	1 1 1 0 0 0 1 0 0 1 0 0 0 0 0 0
40	1	1 0 0 0 1 0 1 0 0 1 1 0 1 0 0 0
40	1	0 1 1 0 0 0 1 0 0 1 0 0 0 1 0 0
40	1	0 1 1 0 0 0 0 0 0 0 1 0 0 0 0 1
40	1	0 1 1 0 1 0 0 1 0 1 0 0 1 0 0 0
50	2	0 1 1 0 0 0 0 1 0 0 0 0 0 0 0 0
50	2	1 1 1 0 0 0 0 0 0 0 1 0 1 0 0 0
50	21	1 0 0 0 0 0 1 0 0 1 0 0 0 0 0 0
50	4	1 0 0 0 0 0 0 1 0 0 0 0 0 0 0 0
50	2	0 1 1 0 0 0 0 1 0 0 1 0 0 0 0 0
50	1	1 1 1 0 0 0 0 0 0 1 1 0 1 0 0 0
50	7	1 0 0 0 0 0 1 0 0 1 0 0 1 0 0 0
50	2	0 1 1 0 0 0 1 0 0 1 0 0 0 0 0 0
50	2	0 0 0 0 0 0 1 0 0 1 0 0 0 0 0 0
50	2	0 1 1 0 0 0 0 0 0 0 0 0 0 0 0 0
50	8	1 1 0 0 0 0 1 0 0 1 0 0 0 0 0 0
50	3	0 1 1 0 1 0 0 1 0 0 0 0 0 0 0 0
50	2	1 1 1 0 0 1 1 0 0 1 0 0 0 0 0 0
50	6	0 1 1 0 0 0 0 1 0 1 0 0 0 0 0 0
50	2	1 1 1 0 1 0 0 0 0 0 1 0 1 0 0 0
50	1	0 1 1 0 0 0 0 1 0 0 1 0 0 0 1 0
50	1	1 0 0 1 0 0 1 0 0 1 0 0 1 0 0 0
50	2	1 1 1 0 0 0 0 1 0 0 1 0 0 0 1 0
50	3	1 1 1 0 0 0 1 0 0 1 0 0 0 0 0 0
50	1	1 1 1 0 1 0 0 1 0 0 0 0 1 0 0 0
50	1	0 0 1 1 1 1 0 1 0 0 0 1 1 0 0 0
50	1	0 1 1 0 0 0 0 0 1 0 0 0 0 0 0 0
50	1	0 1 1 0 0 0 0 0 0 1 0 0 0 0 0 0
50	2	1 0 1 0 0 1 1 0 0 1 0 0 0 0 1 0
50	2	1 0 0 0 0 0 1 0 0 1 0 0 1 1 0 0
50	2	1 0 0 0 1 1 0 1 0 0 0 1 1 1 1 0
50	2	1 0 0 0 0 1 0 1 0 0 0 0 0 0 0 0
50	1	0 1 1 0 0 0 0 1 0 1 1 0 0 0 1 0
50	2	1 0 1 0 0 1 1 0 0 1 0 0 0 0 0 0
50	1	0 1 1 0 0 0 0 1 0 1 0 1 0 0 0 0
50	3	0 1 1 0 0 0 1 0 0 1 0 0 1 0 0 0
50	2	0 1 1 0 1 0 0 1 0 0 0 0 0 0 1 0
50	1	0 1 1 0 1 0 0 1 0 0 0 0 0 1 0 0
50	1	1 0 0 0 0 0 1 0 0 0 0 0 0 0 1 0
50	1	0 1 1 0 0 0 0 0 0 0 0 0 1 0 0 0
50	1	0 1 1 1 1 0 0 1 0 0 1 0 1 0 0 0
50	1	0 1 1 0 1 0 0 1 0 0 1 0 0 0 0 0
50	1	1 0 0 0 1 0 0 1 0 0 0 1 0 0 0 0
60	1	0 1 1 0 0 0 0 1 0 0 0 0 0 0 0 0
60	1	1 1 1 0 0 0 0 0 0 0 1 0 1 0 0 0
60	36	1 0 0 0 0 0 1 0 0 1 0 0 0 0 0 0
60	1	0 1 1 0 0 0 0 1 0 0 1 0 0 0 0 0
60	8	1 0 0 0 0 0 1 0 0 1 0 0 1 0 0 0
60	4	0 1 1 0 0 0 1 0 0 1 0 0 0 0 0 0
60	4	0 1 1 0 1 0 0 1 0 0 0 0 0 0 0 0
60	5	1 1 1 0 0 1 1 0 0 1 0 0 0 0 0 0
60	1	1 1 1 0 0 0 0 1 0 0 0 0 0 0 0 0
60	2	0 1 1 0 0 0 0 1 0 1 0 0 0 0 0 0
60	1	0 1 1 0 0 0 0 1 0 0 1 0 0 0 1 0
60	1	1 0 0 0 1 0 1 0 0 1 0 0 0 0 0 0
60	2	1 1 1 0 0 0 1 0 0 1 0 0 0 0 0 0
60	1	0 1 1 0 0 0 0 0 0 1 0 0 0 0 0 0
60	1	0 1 1 0 1 0 0 1 0 0 0 1 0 0 0 0
60	2	1 0 1 0 0 1 1 0 0 1 0 0 0 0 1 0
60	1	1 0 0 0 1 1 0 1 0 0 0 1 1 1 1 0
60	1	1 0 1 0 0 1 1 0 0 1 0 0 0 0 0 0
60	1	0 1 1 1 1 0 0 1 0 0 0 0 0 0 0 0
60	2	0 1 1 0 0 0 0 1 0 1 0 1 0 0 0 0
60	2	0 1 1 0 0 0 1 0 0 1 0 0 1 0 0 0
60	1	1 1 0 0 0 0 0 0 0 1 0 0 0 0 0 0
60	1	1 1 1 0 0 1 1 0 0 1 1 0 0 0 0 0
60	1	1 0 0 0 0 0 1 0 0 1 0 1 1 0 0 0
60	3	1 0 0 0 0 0 1 0 0 1 1 0 1 0 0 0
60	2	0 1 1 0 0 0 0 0 1 0 0 1 0 0 1 0
60	2	1 0 0 0 0 0 1 0 1 1 0 0 0 0 0 0
60	3	1 0 0 0 0 0 1 1 0 1 0 0 0 0 0 0
60	1	0 0 0 0 0 0 1 0 0 1 0 0 0 0 0 0
60	2	1 1 0 0 1 0 1 0 0 1 0 0 0 0 0 0
60	1	0 1 1 0 0 0 0 1 0 1 0 0 0 0 1 0
60	1	1 0 1 0 0 1 1 0 0 1 1 0 0 0 0 0
60	1	1 1 0 0 0 0 1 0 0 1 1 0 0 0 1 0
60	1	1 0 0 0 0 0 1 1 0 1 1 0 0 0 0 0
60	1	0 1 1 0 1 0 0 1 0 0 0 0 1 0 0 0
60	1	1 0 0 0 0 0 0 1 0 1 1 0 1 0 0 0
70	2	0 1 1 0 0 0 0 1 0 0 0 0 0 0 0 0
70	21	1 0 0 0 0 0 1 0 0 1 0 0 0 0 0 0
70	1	0 1 1 0 0 0 0 1 0 0 1 0 0 0 0 0
70	13	1 0 0 0 0 0 1 0 0 1 0 0 1 0 0 0
70	5	0 1 1 0 0 0 1 0 0 1 0 0 0 0 0 0
70	1	1 1 0 0 0 0 0 1 0 0 0 0 0 0 0 0
70	2	0 1 1 0 0 0 0 0 0 0 0 0 0 0 0 0
70	1	0 1 1 0 1 0 0 1 0 0 0 0 0 0 0 0
70	4	1 1 1 0 0 1 1 0 0 1 0 0 0 0 0 0
70	1	1 1 1 0 0 0 0 1 0 0 0 0 0 0 0 0
70	2	0 1 1 0 0 0 0 1 0 1 0 0 0 0 0 0
70	3	1 0 0 0 0 0 1 0 0 1 1 0 0 0 0 0
70	1	1 0 0 0 1 0 1 0 0 1 0 0 0 0 0 0
70	1	1 1 1 0 0 0 0 1 0 0 1 0 0 0 1 0
70	5	1 1 1 0 0 0 1 0 0 1 0 0 0 0 0 0
70	1	0 1 1 0 1 0 0 1 0 0 0 1 0 0 0 0
70	5	1 0 1 0 0 1 1 0 0 1 0 0 0 0 1 0
70	3	1 0 1 0 0 1 1 0 0 1 0 0 0 0 0 0
70	2	0 1 1 0 0 0 0 1 0 1 0 1 0 0 0 0
70	1	1 0 0 0 0 0 0 1 0 0 1 0 0 0 0 0
70	3	1 0 0 0 0 0 1 0 1 1 0 0 0 0 0 0
70	1	1 1 0 0 0 0 1 0 1 1 1 0 0 0 0 0
70	1	1 0 0 0 0 0 1 1 0 1 0 0 0 0 0 0
70	2	1 1 1 0 0 0 0 1 0 0 1 1 0 0 1 0
70	1	1 0 0 0 0 0 1 1 0 1 1 0 0 0 0 0
70	1	1 1 1 0 0 1 1 0 1 1 0 0 0 0 0 0
70	3	1 0 0 0 0 1 1 0 0 1 0 0 0 0 1 0
70	1	1 0 0 0 0 0 1 0 0 1 1 0 0 0 1 0
70	1	1 0 0 0 1 0 1 0 0 1 0 0 1 0 0 0
70	1	1 1 0 1 0 0 0 0 0 1 0 0 0 0 0 0
70	1	1 0 0 0 0 0 0 0 0 1 1 0 1 0 0 0
70	1	1 1 1 1 0 1 1 0 0 1 0 0 0 0 0 0
70	1	0 0 0 0 0 0 1 0 0 1 0 0 1 0 0 0
70	1	1 0 1 0 0 1 1 0 1 1 0 0 0 0 0 0
70	1	0 0 0 0 0 1 1 0 0 1 0 0 0 0 0 0
70	2	1 1 1 0 0 1 1 0 0 1 0 0 1 0 0 0
70	1	1 1 1 0 0 1 1 0 0 1 0 0 0 0 0 1
70	2	0 1 1 0 0 0 0 1 1 1 0 0 0 1 0 0
80	15	1 0 0 0 0 0 1 0 0 1 0 0 0 0 0 0
80	13	1 0 0 0 0 0 1 0 0 1 0 0 1 0 0 0
80	1	0 1 1 0 0 0 1 0 0 1 0 0 0 0 0 0
80	3	1 1 0 0 0 0 0 1 0 0 0 0 0 0 0 0
80	1	0 1 1 0 1 0 0 1 0 0 0 0 0 0 0 0
80	1	1 1 1 0 0 1 1 0 0 1 0 0 0 0 0 0
80	1	1 1 1 0 0 0 0 1 0 0 0 0 0 0 0 0
80	6	0 1 1 0 0 0 0 1 0 1 0 0 0 0 0 0
80	2	1 0 0 0 0 0 1 0 0 1 1 0 0 0 0 0
80	2	0 1 1 0 0 0 0 1 0 0 1 0 0 0 1 0
80	8	1 1 1 0 0 0 1 0 0 1 0 0 0 0 0 0
80	2	1 0 1 0 0 1 1 0 0 1 0 0 0 0 0 0
80	3	0 1 1 0 0 0 0 1 0 1 0 1 0 0 0 0
80	2	1 1 0 0 0 0 0 0 0 1 0 0 0 0 0 0
80	4	1 1 1 0 0 1 1 0 0 1 1 0 0 0 0 0
80	3	1 0 0 0 0 1 1 0 0 1 0 0 0 0 0 0
80	1	1 0 0 0 0 0 1 1 0 1 0 0 0 0 0 0
80	3	1 1 1 0 0 0 1 0 1 1 0 0 0 0 0 0
80	6	1 1 1 0 0 1 1 0 1 1 0 0 0 0 0 0
80	2	1 0 0 0 0 1 1 0 0 1 0 0 0 0 1 0
80	2	1 0 0 0 0 0 1 0 0 1 1 0 0 0 1 0
80	2	0 1 1 0 1 0 0 1 0 1 0 0 1 0 0 0
80	1	0 1 1 0 0 1 1 0 0 1 0 0 0 0 0 0
80	1	1 1 1 1 0 1 1 0 0 1 0 0 0 0 0 0
80	2	1 0 0 0 0 0 1 0 0 1 0 0 0 0 1 0
80	2	1 0 1 0 0 0 1 0 0 1 0 0 0 0 0 0
80	1	0 1 1 0 1 0 0 1 0 1 0 1 0 0 0 0
80	1	0 1 1 0 1 0 0 1 0 0 0 0 0 1 0 0
80	2	0 1 1 0 0 0 0 0 0 1 0 1 0 0 0 0
80	1	0 1 1 0 0 0 1 0 0 1 0 1 0 0 0 0
80	3	1 1 0 0 0 0 1 0 0 0 0 0 0 0 0 0
80	1	0 1 1 0 0 0 1 0 1 1 0 0 0 0 0 0
80	1	1 1 1 0 0 0 1 1 0 1 0 0 0 0 0 0
80	1	1 1 1 0 0 0 1 0 0 1 1 0 0 0 0 1
90	1	0 1 1 0 0 0 0 1 0 0 0 0 0 0 0 0
90	14	1 0 0 0 0 0 1 0 0 1 0 0 0 0 0 0
90	12	1 0 0 0 0 0 1 0 0 1 0 0 1 0 0 0
90	1	1 1 0 0 0 0 0 1 0 0 0 0 0 0 0 0
90	2	1 1 0 0 0 0 1 0 0 1 0 0 0 0 0 0
90	2	1 1 1 0 0 1 1 0 0 1 0 0 0 0 0 0
90	2	1 0 0 0 0 0 1 0 0 1 1 0 0 0 0 0
90	1	1 0 0 0 1 0 1 0 0 1 0 0 0 0 0 0
90	3	1 1 1 0 0 0 1 0 0 1 0 0 0 0 0 0
90	1	1 0 1 0 0 1 1 0 0 1 0 0 0 0 1 0
90	5	0 1 1 0 0 0 0 1 0 1 0 1 0 0 0 0
90	3	1 1 0 0 0 0 0 0 0 1 0 0 0 0 0 0
90	5	1 1 1 0 0 1 1 0 0 1 1 0 0 0 0 0
90	4	1 0 0 0 0 1 1 0 0 1 0 0 0 0 0 0
90	1	1 0 0 0 0 0 1 1 0 1 0 0 0 0 0 0
90	6	1 1 1 0 0 0 1 0 1 1 0 0 0 0 0 0
90	1	1 1 1 0 0 1 1 0 1 1 0 0 0 0 0 0
90	2	1 0 0 0 0 1 1 0 0 1 0 0 0 0 1 0
90	1	0 1 1 0 1 0 0 1 0 1 0 0 1 0 0 0
90	1	0 1 1 0 0 1 1 0 0 1 0 0 0 0 0 0
90	1	1 1 1 0 0 0 0 1 0 1 0 0 0 0 0 0
90	7	1 0 0 0 0 0 1 0 0 1 0 0 0 0 1 0
90	1	0 0 0 0 0 0 0 0 0 1 1 0 0 0 0 0
90	2	0 1 1 0 0 0 0 0 0 1 0 1 0 0 0 0
90	1	0 1 1 0 0 0 1 0 0 1 0 1 0 0 0 0
90	1	1 1 0 0 0 0 1 0 0 1 0 0 1 0 0 0
90	1	1 0 1 0 0 0 1 1 0 1 0 0 0 0 0 0
90	1	0 1 1 0 0 0 0 0 0 1 0 1 0 1 0 0
90	6	1 1 1 0 1 0 1 0 1 1 0 0 0 0 0 0
90	1	1 0 0 1 0 1 1 0 0 1 0 0 0 0 0 0
90	3	1 1 1 0 0 0 1 0 0 1 0 1 0 0 0 0
90	1	0 1 1 0 0 0 1 0 0 1 1 0 0 0 0 0
90	1	1 0 0 0 0 1 1 0 1 1 0 0 0 0 1 0
90	1	1 1 1 0 0 0 0 1 0 1 0 1 0 0 0 0
90	1	0 1 1 0 0 1 1 0 0 1 0 0 0 0 1 0
90	1	1 1 1 0 0 0 1 0 1 1 0 1 0 0 0 0
90	1	0 1 1 1 0 0 1 0 0 1 0 1 0 0 0 0
90	1	0 1 1 0 0 0 1 0 0 1 1 0 0 0 0 1
100	6	1 0 0 0 0 0 1 0 0 1 0 0 0 0 0 0
100	4	1 0 0 0 0 0 1 0 0 1 0 0 1 0 0 0
100	1	0 1 1 0 0 0 1 0 0 1 0 0 0 0 0 0
100	2	1 1 0 0 0 0 0 1 0 0 0 0 0 0 0 0
100	8	1 1 0 0 0 0 1 0 0 1 0 0 0 0 0 0
100	4	1 1 1 0 0 1 1 0 0 1 0 0 0 0 0 0
100	1	0 1 1 0 0 0 0 1 0 1 0 0 0 0 0 0
100	5	1 1 1 0 0 0 1 0 0 1 0 0 0 0 0 0
100	1	1 0 1 0 0 1 1 0 0 1 0 0 0 0 1 0
100	1	1 0 1 0 0 1 1 0 0 1 0 0 0 0 0 0
100	1	0 1 1 0 0 0 0 1 0 1 0 1 0 0 0 0
100	2	1 1 0 0 0 0 0 0 0 1 0 0 0 0 0 0
100	5	1 1 1 0 0 1 1 0 0 1 1 0 0 0 0 0
100	3	1 0 0 0 0 1 1 0 0 1 0 0 0 0 0 0
100	5	1 1 1 0 0 1 1 0 0 1 0 0 0 0 1 0
100	7	1 1 1 0 0 0 1 0 1 1 0 0 0 0 0 0
100	1	1 1 1 0 0 1 1 0 1 1 0 0 0 0 0 0
100	1	1 0 0 0 0 1 1 0 0 1 0 0 0 0 1 0
100	4	1 0 0 0 0 0 1 0 0 1 0 0 0 0 1 0
100	1	0 1 1 0 1 0 0 1 0 1 0 1 0 0 0 0
100	3	0 1 1 0 0 0 1 0 0 1 0 1 0 0 0 0
100	4	1 1 0 0 0 0 1 0 0 1 0 0 1 0 0 0
100	2	0 0 0 0 0 0 1 0 0 1 0 0 1 0 0 0
100	5	1 1 1 0 1 0 1 0 1 1 0 0 0 0 0 0
100	1	1 0 0 1 0 1 1 0 0 1 0 0 0 0 0 0
100	2	1 1 0 0 0 0 0 0 0 1 0 0 1 0 0 0
100	2	0 1 1 0 0 1 0 1 0 0 1 0 0 0 1 0
100	2	1 0 0 0 0 0 0 0 0 1 0 0 0 0 0 0
100	2	0 1 1 0 0 0 1 0 0 1 1 0 0 0 0 0
100	1	0 1 1 0 0 1 1 0 0 1 0 0 0 0 1 0
100	1	0 1 1 0 0 1 1 0 0 1 1 0 0 0 0 0
100	1	0 1 1 0 0 0 0 1 0 1 0 1 0 1 0 0
100	2	1 1 1 0 0 1 1 0 0 1 1 1 0 0 0 0
100	1	0 1 1 0 1 0 0 1 0 1 0 1 0 0 1 0
100	1	0 1 1 1 0 0 0 1 0 0 0 0 0 0 0 0
100	1	1 1 0 0 0 0 0 0 0 1 0 0 0 0 0 1
100	1	1 0 1 0 0 0 1 0 1 1 0 0 0 0 0 0
100	1	1 1 1 0 0 0 0 0 0 1 0 0 0 0 0 0
100	1	1 0 0 0 0 0 1 0 0 1 0 0 1 0 0 1
100	1	1 0 1 0 1 0 1 0 1 1 0 0 0 0 0 0
100	1	1 1 0 1 0 0 0 0 0 1 0 0 1 0 0 0
100	1	1 0 1 0 0 0 0 1 0 1 0 0 0 0 0 0
110	6	1 0 0 0 0 0 1 0 0 1 0 0 0 0 0 0
110	3	1 0 0 0 0 0 1 0 0 1 0 0 1 0 0 0
110	6	1 1 0 0 0 0 1 0 0 1 0 0 0 0 0 0
110	14	1 1 1 0 0 1 1 0 0 1 0 0 0 0 0 0
110	3	1 0 0 0 1 0 1 0 0 1 0 0 0 0 0 0
110	5	1 1 1 0 0 0 1 0 0 1 0 0 0 0 0 0
110	2	0 1 1 0 0 0 0 1 0 1 0 1 0 0 0 0
110	1	1 1 0 0 0 0 0 0 0 1 0 0 0 0 0 0
110	7	1 1 1 0 0 1 1 0 0 1 1 0 0 0 0 0
110	1	1 1 1 0 0 1 1 0 0 1 0 0 0 0 1 0
110	3	1 1 1 0 0 0 1 0 1 1 0 0 0 0 0 0
110	3	1 1 1 0 0 0 0 1 0 1 0 0 0 0 0 0
110	1	1 0 0 0 0 0 1 0 0 1 0 0 0 0 1 0
110	1	0 1 1 0 1 0 0 1 0 1 0 1 0 0 0 0
110	1	1 1 1 0 0 0 1 0 0 1 0 0 1 0 0 0
110	1	1 1 0 0 0 0 1 0 0 1 0 0 1 0 0 0
110	5	1 1 1 0 1 0 1 0 1 1 0 0 0 0 0 0
110	3	1 0 0 1 0 1 1 0 0 1 0 0 0 0 0 0
110	1	1 1 0 0 0 0 0 0 0 1 0 0 1 0 0 0
110	1	1 0 0 0 0 0 0 0 0 1 0 0 0 0 0 0
110	1	0 1 1 0 0 0 1 0 0 1 1 0 0 0 0 0
110	1	1 1 0 0 0 0 1 1 0 1 0 0 0 0 0 0
110	1	0 1 1 0 1 0 0 1 0 1 0 1 0 0 1 0
110	3	0 1 0 0 0 0 1 0 0 1 0 0 0 0 0 0
110	2	1 1 0 0 0 1 1 0 0 1 0 0 0 0 0 0
110	1	0 1 1 0 1 0 0 1 0 0 0 1 0 0 0 0
110	3	0 1 1 1 0 0 0 1 0 0 0 0 0 0 0 0
110	1	1 1 1 0 0 0 1 1 1 1 0 0 0 0 0 0
110	3	1 1 1 0 0 0 0 0 0 1 0 0 0 0 0 0
110	1	1 1 1 0 0 0 1 0 0 1 0 0 0 0 1 0
110	2	0 1 1 0 0 1 0 0 0 1 0 0 0 0 0 0
110	1	1 1 0 0 0 1 1 0 1 1 0 0 0 0 0 0
110	1	1 1 1 0 1 0 1 0 0 1 1 0 0 0 0 0
110	2	1 1 1 0 0 1 1 0 0 1 0 1 0 0 0 0
110	2	0 1 1 0 0 0 1 1 0 1 0 0 0 0 0 0
110	1	0 1 1 0 1 0 0 1 0 1 1 1 0 0 1 0
110	1	1 0 0 0 1 0 0 1 0 1 1 1 0 0 1 0
110	1	1 1 1 0 1 0 0 1 0 1 0 1 0 0 1 0
110	1	1 0 0 0 0 0 1 1 0 1 0 0 0 0 0 0
110	1	1 1 1 0 0 1 1 0 0 1 0 0 1 0 0 0
110	1	0 1 1 0 1 0 0 1 0 0 0 0 0 0 0 0
110	1	0 1 1 0 0 0 0 1 1 1 0 1 0 0 0 0
120	15	1 0 0 0 0 0 1 0 0 1 0 0 0 0 0 0
120	2	1 1 0 0 0 0 1 0 0 1 0 0 0 0 0 0
120	7	1 1 1 0 0 1 1 0 0 1 0 0 0 0 0 0
120	1	1 0 0 0 1 0 1 0 0 1 0 0 0 0 0 0
120	7	1 1 1 0 0 0 1 0 0 1 0 0 0 0 0 0
120	1	1 0 1 0 0 1 1 0 0 1 0 0 0 0 1 0
120	1	1 1 0 0 0 0 0 0 0 1 0 0 0 0 0 0
120	7	1 1 1 0 0 1 1 0 0 1 1 0 0 0 0 0
120	4	1 1 1 0 0 0 1 0 1 1 0 0 0 0 0 0
120	4	0 1 1 0 0 1 1 0 0 1 0 0 0 0 0 0
120	3	1 1 1 1 0 1 1 0 0 1 0 0 0 0 0 0
120	2	0 1 1 0 1 0 0 1 0 1 0 1 0 0 0 0
120	3	1 1 1 0 0 0 1 0 0 1 0 0 1 0 0 0
120	2	1 1 1 0 1 0 1 0 1 1 0 0 0 0 0 0
120	2	1 1 0 0 0 0 0 0 0 1 0 0 1 0 0 0
120	1	1 0 0 0 0 0 0 0 0 1 0 0 0 0 0 0
120	1	1 1 1 1 1 1 1 0 0 0 0 0 0 0 0 0
120	1	0 1 1 1 0 0 0 1 0 0 0 0 0 0 0 0
120	2	1 1 1 0 0 0 1 1 1 1 0 0 0 0 0 0
120	1	0 1 1 0 1 0 0 1 1 1 0 1 0 0 0 0
120	2	1 1 1 0 0 0 1 0 1 1 0 0 0 1 0 0
120	3	1 1 1 1 1 1 0 0 0 0 0 0 0 0 0 0
120	1	1 1 0 0 0 1 1 0 1 1 0 0 0 0 0 0
120	1	1 1 1 0 0 1 1 0 0 1 0 1 0 0 0 0
120	2	1 1 0 1 0 1 1 0 0 1 0 0 0 0 0 0
120	2	1 0 1 0 0 0 1 0 0 1 0 0 0 0 0 0
120	2	0 1 1 0 1 0 0 1 0 0 0 0 0 0 0 0
120	2	1 1 1 0 0 0 0 1 0 1 0 0 0 1 0 0
120	2	1 1 1 0 1 1 1 0 0 1 0 0 0 0 0 0
120	1	1 1 0 0 0 0 1 0 1 1 0 0 0 0 0 0
120	2	0 1 1 1 1 1 0 0 0 0 0 0 0 0 0 0
120	1	0 1 1 0 0 0 0 0 1 1 0 0 0 0 0 0
120	2	0 1 1 0 1 0 0 0 1 1 0 0 0 0 0 0
120	1	1 1 1 0 1 0 1 0 0 1 0 0 0 0 0 0
120	2	1 0 1 0 1 0 1 0 1 1 0 0 0 0 0 0
120	1	1 1 1 0 0 0 0 1 1 1 0 0 0 0 0 0
120	2	1 1 1 0 0 0 0 0 0 1 0 0 1 0 0 0
120	1	1 1 0 1 0 1 1 0 0 1 0 1 0 0 0 0
120	2	0 1 0 1 0 1 1 0 0 1 0 1 0 0 0 0
120	1	0 0 0 0 0 1 1 0 0 1 0 0 0 0 0 0
130	4	1 0 0 0 0 0 1 0 0 1 0 0 0 0 0 0
130	1	1 1 0 0 0 0 1 0 0 1 0 0 0 0 0 0
130	13	1 1 1 0 0 1 1 0 0 1 0 0 0 0 0 0
130	4	1 1 1 0 0 0 1 0 0 1 0 0 0 0 0 0
130	1	0 1 1 0 0 0 0 1 0 1 0 1 0 0 0 0
130	3	1 1 1 0 0 1 1 0 0 1 1 0 0 0 0 0
130	1	1 0 0 0 0 1 1 0 0 1 0 0 0 0 0 0
130	3	1 1 1 0 0 0 1 0 1 1 0 0 0 0 0 0
130	3	0 1 1 0 0 1 1 0 0 1 0 0 0 0 0 0
130	3	1 1 1 1 0 1 1 0 0 1 0 0 0 0 0 0
130	8	1 1 1 0 0 0 0 1 0 1 0 0 0 0 0 0
130	7	1 1 1 0 0 0 1 0 0 1 0 0 1 0 0 0
130	1	1 1 1 0 1 0 1 0 1 1 0 0 0 0 0 0
130	1	1 0 0 0 0 0 0 0 0 1 0 0 0 0 0 0
130	1	1 1 1 1 1 1 1 0 0 0 0 0 0 0 0 0
130	2	1 1 1 0 0 0 1 1 1 1 0 0 0 0 0 0
130	1	1 1 1 0 1 0 1 0 1 1 0 1 0 0 0 0
130	3	1 1 1 0 0 0 1 0 1 1 0 0 0 1 0 0
130	4	1 1 1 1 1 1 0 0 0 0 0 0 0 0 0 0
130	1	1 1 0 0 0 1 1 0 1 1 0 0 0 0 0 0
130	1	1 1 0 1 0 1 1 0 0 1 0 0 0 0 0 0
130	2	1 1 1 0 0 0 0 1 0 1 0 1 0 0 0 0
130	4	1 1 1 0 1 1 1 0 0 1 0 0 0 0 0 0
130	1	0 1 1 0 1 0 0 0 1 1 0 1 0 0 0 0
130	4	1 1 1 0 0 0 0 0 1 1 0 0 0 0 0 0
130	1	1 1 1 0 0 1 1 0 0 1 1 0 1 0 0 0
130	1	1 1 1 0 0 0 0 1 1 1 0 0 0 0 0 0
130	1	1 1 1 0 1 0 0 0 1 1 0 0 0 0 0 0
130	2	1 1 1 0 0 1 1 0 0 1 0 0 0 1 0 0
130	1	0 1 1 0 0 1 1 0 0 1 1 0 0 0 0 0
130	1	0 0 0 0 0 1 1 0 0 1 0 0 0 0 0 0
130	3	1 1 1 0 1 0 0 1 0 1 0 0 0 0 0 0
130	1	1 1 1 0 0 1 1 1 0 1 0 0 0 0 0 0
130	2	1 0 0 0 0 0 1 0 0 1 1 0 0 0 0 0
130	1	1 1 1 0 0 0 1 0 0 1 1 0 1 0 0 0
130	1	1 1 1 1 1 0 0 0 0 1 0 0 0 0 0 0
130	3	0 1 1 0 0 1 1 0 0 1 0 0 0 0 1 0
130	2	1 1 1 1 0 1 1 0 1 1 0 0 0 0 0 0
130	1	1 0 1 0 0 0 1 0 0 1 0 0 0 0 0 0
130	1	0 1 1 1 0 1 1 0 0 1 0 0 0 0 0 0
130	1	0 1 1 1 0 1 1 0 0 1 0 0 0 0 1 0
140	1	1 1 0 0 0 0 1 0 0 1 0 0 0 0 0 0
140	8	1 1 1 0 0 1 1 0 0 1 0 0 0 0 0 0
140	3	1 1 1 0 0 0 1 0 0 1 0 0 0 0 0 0
140	2	1 1 0 0 0 0 0 0 0 1 0 0 0 0 0 0
140	3	1 1 1 0 0 1 1 0 0 1 1 0 0 0 0 0
140	1	1 0 0 0 0 1 1 0 0 1 0 0 0 0 0 0
140	4	1 1 1 0 0 0 1 0 1 1 0 0 0 0 0 0
140	3	0 1 1 0 0 1 1 0 0 1 0 0 0 0 0 0
140	10	1 1 1 1 0 1 1 0 0 1 0 0 0 0 0 0
140	7	1 1 1 0 0 0 0 1 0 1 0 0 0 0 0 0
140	5	0 1 1 0 1 0 0 1 0 1 0 1 0 0 0 0
140	4	1 1 1 0 0 0 1 0 0 1 0 0 1 0 0 0
140	1	1 0 0 0 0 0 0 0 0 1 0 0 0 0 0 0
140	3	1 1 1 1 1 1 1 0 0 0 0 0 0 0 0 0
140	1	1 1 1 0 1 0 1 0 1 1 0 1 0 0 0 0
140	1	1 1 1 0 0 0 1 0 1 1 0 0 0 1 0 0
140	2	1 1 1 1 1 1 0 0 0 0 0 0 0 0 0 0
140	1	0 1 1 0 1 0 0 1 0 1 0 0 0 0 0 0
140	1	1 1 1 0 0 1 1 0 0 1 0 1 0 0 0 0
140	5	1 1 1 0 1 1 1 0 0 1 0 0 0 0 0 0
140	4	1 1 1 0 0 0 0 0 1 1 0 0 0 0 0 0
140	1	1 1 1 0 0 1 1 0 0 1 0 0 0 1 0 0
140	1	1 1 1 0 0 0 1 0 0 1 0 1 0 0 0 0
140	1	1 1 1 0 0 1 1 1 0 1 0 0 0 0 0 0
140	1	1 0 0 0 0 0 1 0 0 1 1 0 0 0 0 0
140	2	1 1 1 1 1 1 0 0 0 0 0 0 0 0 1 0
140	2	1 1 1 1 0 1 1 0 1 1 0 0 0 0 0 0
140	1	1 0 1 0 0 0 0 0 1 1 0 0 0 0 0 0
140	2	0 1 1 0 0 0 1 0 0 1 0 0 1 0 0 0
140	1	0 1 1 0 1 1 1 0 0 1 0 0 0 0 0 0
140	1	0 1 1 0 0 1 1 0 0 1 0 0 1 0 0 0
140	1	1 1 1 0 0 0 1 1 0 1 0 0 0 0 0 0
140	1	0 1 1 1 0 1 1 0 0 1 0 0 0 0 0 0
140	2	1 1 0 0 0 0 1 0 0 1 0 0 1 0 0 0
140	2	1 1 1 1 0 0 1 0 1 1 0 0 0 0 0 0
140	1	1 1 1 0 1 0 0 0 1 1 0 0 0 0 0 0
140	4	1 1 0 0 0 0 1 0 0 1 0 1 0 0 0 0
140	1	0 1 0 0 0 0 1 0 0 1 0 0 0 0 0 0
140	1	1 1 1 1 0 0 1 0 0 1 0 0 1 0 0 0
140	1	1 0 1 0 1 1 1 0 0 1 0 0 0 0 0 0
140	1	1 0 1 0 0 0 1 0 0 1 0 0 0 0 0 0
140	1	1 0 0 0 0 0 1 1 1 1 0 0 0 0 0 0
140	1	1 0 1 0 0 0 1 0 0 1 1 0 1 0 0 0
150	1	1 0 0 0 0 0 1 0 0 1 0 0 0 0 0 0
150	11	1 1 1 0 0 1 1 0 0 1 0 0 0 0 0 0
150	5	1 1 1 0 0 0 1 0 0 1 0 0 0 0 0 0
150	4	1 1 0 0 0 0 0 0 0 1 0 0 0 0 0 0
150	11	1 1 1 0 0 1 1 0 0 1 1 0 0 0 0 0
150	3	1 0 0 0 0 1 1 0 0 1 0 0 0 0 0 0
150	1	1 1 1 0 0 0 1 0 1 1 0 0 0 0 0 0
150	10	1 1 1 1 0 1 1 0 0 1 0 0 0 0 0 0
150	4	1 1 1 0 0 0 0 1 0 1 0 0 0 0 0 0
150	3	0 1 1 0 1 0 0 1 0 1 0 1 0 0 0 0
150	3	1 1 1 1 1 1 1 0 0 0 0 0 0 0 0 0
150	1	1 1 1 0 1 0 1 0 1 1 0 1 0 0 0 0
150	1	1 1 1 0 0 0 1 0 1 1 0 0 0 1 0 0
150	2	1 1 1 1 1 1 0 0 0 0 0 0 0 0 0 0
150	1	1 1 1 0 1 1 1 0 0 1 0 0 0 0 0 0
150	3	1 1 1 0 0 0 0 0 1 1 0 0 0 0 0 0
150	2	1 1 1 0 0 0 0 1 1 1 0 0 0 0 0 0
150	1	1 1 1 0 0 1 1 1 0 1 0 0 0 0 0 0
150	1	1 0 0 0 0 0 0 0 1 1 0 0 0 0 0 0
150	2	1 1 1 0 0 0 1 0 0 1 1 0 1 0 0 0
150	1	0 1 1 0 0 1 1 0 0 1 0 0 0 0 1 0
150	2	1 1 1 1 0 1 1 0 1 1 0 0 0 0 0 0
150	1	0 1 1 0 1 1 1 0 0 1 0 0 0 0 0 0
150	1	1 1 1 0 0 0 1 1 0 1 0 0 0 0 0 0
150	3	1 1 1 0 0 0 1 0 0 1 1 0 0 0 0 0
150	2	1 1 1 1 0 0 1 0 1 1 0 0 0 0 0 0
150	1	1 1 1 0 0 1 0 0 0 1 0 1 0 0 0 0
150	2	1 1 1 0 1 0 0 0 1 1 0 0 0 0 0 0
150	2	1 0 1 0 1 1 1 0 0 1 0 0 0 0 0 0
150	2	1 0 1 0 0 0 1 0 0 1 0 0 0 0 0 0
150	1	1 1 1 0 1 0 1 0 0 1 0 0 0 0 1 0
150	1	1 0 1 0 0 0 1 0 0 1 1 0 1 0 0 0
150	1	1 1 1 1 1 1 1 1 0 1 0 0 0 0 0 0
150	2	0 1 1 0 0 0 0 1 0 1 0 0 0 0 0 0
150	1	1 1 1 0 0 1 1 0 0 1 0 0 0 0 1 0
150	1	0 1 1 0 1 0 0 1 0 0 0 1 0 0 0 0
150	1	0 1 1 0 0 0 0 1 0 1 0 0 1 0 0 0
150	1	1 1 1 0 0 0 0 0 0 1 0 0 0 0 0 0
150	1	1 1 1 1 0 1 0 0 0 0 0 0 0 0 0 0
150	2	1 1 1 0 0 0 1 0 0 1 1 0 0 0 1 0
150	1	0 1 1 0 0 1 1 0 0 1 0 0 0 0 0 1
160	8	1 1 1 0 0 1 1 0 0 1 0 0 0 0 0 0
160	2	1 1 1 0 0 0 1 0 0 1 0 0 0 0 0 0
160	2	1 1 0 0 0 0 0 0 0 1 0 0 0 0 0 0
160	7	1 1 1 0 0 1 1 0 0 1 1 0 0 0 0 0
160	2	1 0 0 0 0 1 1 0 0 1 0 0 0 0 0 0
160	2	1 1 1 0 0 0 1 0 1 1 0 0 0 0 0 0
160	1	0 1 1 0 0 1 1 0 0 1 0 0 0 0 0 0
160	10	1 1 1 1 0 1 1 0 0 1 0 0 0 0 0 0
160	1	1 1 1 0 0 0 0 1 0 1 0 0 0 0 0 0
160	4	0 1 1 0 1 0 0 1 0 1 0 1 0 0 0 0
160	2	1 0 0 0 0 0 0 0 0 1 0 0 0 0 0 0
160	1	1 1 1 0 1 0 1 0 1 1 0 1 0 0 0 0
160	1	1 1 1 1 1 1 0 0 0 0 0 0 0 0 0 0
160	1	0 1 1 0 1 0 0 1 0 1 0 0 0 0 0 0
160	1	1 1 1 0 0 1 1 0 0 1 0 1 0 0 0 0
160	3	1 0 0 0 0 0 1 0 1 1 0 0 0 0 0 0
160	3	0 1 1 0 0 1 1 0 0 1 0 0 0 0 1 0
160	2	1 1 1 1 0 1 1 0 1 1 0 0 0 0 0 0
160	2	1 1 1 0 0 0 1 1 0 1 0 0 0 0 0 0
160	1	1 1 0 0 0 0 1 0 0 1 0 0 1 0 0 0
160	3	1 1 1 0 0 0 1 0 0 1 1 0 0 0 0 0
160	2	1 1 1 1 0 0 1 0 1 1 0 0 0 0 0 0
160	1	1 1 1 1 0 1 1 0 0 1 0 0 0 0 1 0
160	1	1 0 1 0 1 1 1 0 0 1 0 0 0 0 0 0
160	2	1 0 1 0 0 0 1 0 0 1 0 0 0 0 0 0
160	1	1 1 1 1 0 0 0 0 0 1 0 1 0 0 0 0
160	5	1 0 1 0 0 0 1 0 0 1 1 0 1 0 0 0
160	1	0 1 0 0 0 0 1 0 0 1 0 0 0 0 1 0
160	2	1 1 1 1 1 1 1 0 0 1 0 1 0 0 0 0
160	1	1 1 1 0 0 1 1 1 0 0 0 0 0 0 0 0
160	1	0 1 1 0 1 0 0 1 0 0 0 1 0 0 0 0
160	1	0 1 1 0 1 0 1 0 0 1 0 0 0 0 0 0
160	2	1 1 1 1 0 1 1 0 0 1 0 0 0 1 0 0
160	1	1 1 1 0 0 1 1 0 0 1 1 0 0 1 0 0
160	2	1 1 1 0 1 0 0 0 1 1 0 0 1 0 0 0
160	1	0 1 1 0 1 0 0 1 0 1 0 1 0 1 0 0
160	1	1 1 1 1 0 1 0 0 1 1 0 0 0 0 0 0
160	4	1 1 1 1 0 1 1 0 0 0 0 0 0 0 0 0
160	1	1 1 1 0 0 0 1 0 1 1 1 0 0 0 0 0
160	1	1 1 1 1 0 0 1 0 0 1 0 0 1 0 0 0
160	1	1 1 1 0 0 0 1 1 0 1 0 1 0 0 1 0
160	1	1 1 1 1 0 1 1 0 0 1 0 0 1 0 0 0
160	1	1 1 1 0 0 1 0 0 0 0 0 0 0 0 0 0
160	1	1 1 1 1 0 1 1 0 0 1 0 1 0 0 1 0
160	1	1 1 1 1 0 1 0 0 0 0 0 0 0 0 1 0
160	1	1 1 1 0 0 1 0 0 0 0 0 0 0 0 1 0
160	1	1 1 1 0 0 0 0 0 1 1 0 0 1 0 0 0
160	2	1 1 1 0 0 0 0 0 0 1 0 0 0 0 0 0
160	1	1 1 1 1 1 1 1 0 0 0 1 0 0 0 0 0
170	1	1 0 0 0 0 0 1 0 0 1 0 0 0 0 0 0
170	5	1 1 1 0 0 1 1 0 0 1 0 0 0 0 0 0
170	3	1 1 1 0 0 0 1 0 0 1 0 0 0 0 0 0
170	3	1 1 0 0 0 0 0 0 0 1 0 0 0 0 0 0
170	5	1 1 1 0 0 1 1 0 0 1 1 0 0 0 0 0
170	1	1 0 0 0 0 1 1 0 0 1 0 0 0 0 0 0
170	3	1 1 1 0 0 0 1 0 1 1 0 0 0 0 0 0
170	9	0 1 1 0 0 1 1 0 0 1 0 0 0 0 0 0
170	1	1 1 1 1 0 1 1 0 0 1 0 0 0 0 0 0
170	1	1 1 1 0 0 0 1 0 0 1 0 0 1 0 0 0
170	4	1 1 1 1 1 1 1 0 0 0 0 0 0 0 0 0
170	2	1 1 1 0 1 0 1 0 1 1 0 1 0 0 0 0
170	3	1 1 1 1 1 1 0 0 0 0 0 0 0 0 0 0
170	4	0 1 1 0 1 0 0 1 0 1 0 0 0 0 0 0
170	1	1 1 1 0 0 1 1 0 0 1 0 1 0 0 0 0
170	1	1 1 1 0 1 1 1 0 0 1 0 0 0 0 0 0
170	3	1 1 1 0 0 0 0 1 1 1 0 0 0 0 0 0
170	2	1 0 0 0 0 0 1 0 1 1 0 0 0 0 0 0
170	1	1 1 1 0 0 0 1 0 0 1 1 0 1 0 0 0
170	1	0 1 1 0 0 1 1 0 0 1 0 0 0 0 1 0
170	1	1 1 1 1 0 1 1 0 1 1 0 0 0 0 0 0
170	2	1 1 1 0 0 0 1 1 0 1 0 0 0 0 0 0
170	5	1 1 1 0 0 0 1 0 0 1 1 0 0 0 0 0
170	2	1 1 1 1 0 0 1 0 1 1 0 0 0 0 0 0
170	1	1 1 1 1 0 1 1 0 0 1 0 0 0 0 1 0
170	1	1 0 1 1 0 1 1 0 0 1 0 0 0 0 0 0
170	4	1 0 1 0 0 0 1 0 0 1 0 0 0 0 0 0
170	1	1 1 1 1 1 1 1 1 0 1 0 0 0 0 0 0
170	2	1 1 1 0 0 1 1 1 0 0 0 0 0 0 0 0
170	1	1 1 1 1 0 1 1 0 0 1 0 0 0 1 0 0
170	2	0 1 1 0 0 1 1 0 0 1 0 0 0 0 0 1
170	1	0 1 1 0 1 0 0 1 0 1 0 1 0 1 0 0
170	7	1 1 1 1 0 1 1 0 0 0 0 0 0 0 0 0
170	1	1 1 1 1 0 0 1 0 0 1 0 0 1 0 0 0
170	1	0 1 1 0 1 0 0 1 0 1 1 0 0 0 0 0
170	1	1 1 1 0 0 0 0 0 0 1 0 0 0 0 0 0
170	1	1 1 1 0 0 0 1 0 1 1 0 0 0 0 0 1
170	1	1 1 1 1 0 0 1 0 1 1 0 0 0 1 0 0
170	1	1 1 1 1 0 0 1 0 0 1 0 0 0 0 0 0
170	2	1 1 1 1 1 0 1 0 1 1 0 0 0 0 0 0
170	1	1 1 1 0 0 0 1 1 0 1 1 0 0 0 0 0
170	1	1 1 1 0 0 1 1 0 1 1 0 1 0 0 0 0
170	1	1 1 1 0 0 0 1 0 0 0 0 0 0 0 0 0
170	1	1 1 1 1 1 1 1 0 0 0 0 0 0 0 0 1
170	1	0 0 1 0 0 0 1 0 0 1 1 0 1 0 0 0
170	1	0 1 0 0 0 0 0 0 0 1 0 0 0 0 0 0
170	1	1 1 1 0 0 0 0 0 0 1 1 0 0 0 1 0
170	1	1 1 0 0 0 0 0 0 1 1 0 0 0 0 0 0
180	8	1 1 1 0 0 1 1 0 0 1 0 0 0 0 0 0
180	4	1 1 1 0 0 0 1 0 0 1 0 0 0 0 0 0
180	2	1 1 1 0 0 0 1 0 1 1 0 0 0 0 0 0
180	4	0 1 1 0 0 1 1 0 0 1 0 0 0 0 0 0
180	5	1 1 1 1 0 1 1 0 0 1 0 0 0 0 0 0
180	1	1 1 1 0 0 0 1 0 0 1 0 0 1 0 0 0
180	6	1 1 1 1 1 1 1 0 0 0 0 0 0 0 0 0
180	1	1 1 1 0 1 1 1 0 0 1 0 0 0 0 0 0
180	4	1 1 1 0 0 0 0 1 1 1 0 0 0 0 0 0
180	1	1 0 0 0 0 0 1 0 1 1 0 0 0 0 0 0
180	2	1 1 1 0 0 0 1 1 0 1 0 0 0 0 0 0
180	6	1 1 1 0 0 0 1 0 0 1 1 0 0 0 0 0
180	1	1 1 1 1 0 0 1 0 1 1 0 0 0 0 0 0
180	2	1 1 1 0 0 1 0 0 0 1 0 1 0 0 0 0
180	1	1 1 1 1 0 1 1 0 0 1 0 0 0 0 1 0
180	2	1 0 1 1 0 1 1 0 0 1 0 0 0 0 0 0
180	4	1 1 1 1 1 1 1 1 0 1 0 0 0 0 0 0
180	1	1 1 1 0 0 0 1 0 0 1 1 0 0 0 1 0
180	3	1 1 1 1 0 1 1 0 0 1 0 0 0 1 0 0
180	3	0 1 1 0 1 0 0 1 0 1 0 1 0 1 0 0
180	1	1 1 1 1 0 1 0 0 1 1 0 0 0 0 0 0
180	6	1 1 1 1 0 1 1 0 0 0 0 0 0 0 0 0
180	1	0 1 1 0 1 0 0 1 0 1 1 0 0 0 0 0
180	1	1 1 1 0 0 0 0 0 0 1 0 0 0 0 0 0
180	4	1 1 1 1 0 0 1 0 1 1 0 0 0 1 0 0
180	3	1 1 1 1 0 0 1 0 0 1 0 0 0 0 0 0
180	2	1 1 1 0 0 1 1 0 1 1 0 1 0 0 0 0
180	1	1 1 1 0 0 1 1 0 0 1 1 0 0 1 0 0
180	1	1 1 0 0 0 0 1 0 0 1 1 0 0 0 0 0
180	2	1 1 1 1 1 1 0 0 0 0 0 1 0 0 0 1
180	1	1 1 0 0 0 0 0 0 1 1 0 0 0 0 0 0
180	2	0 1 1 0 1 0 0 1 1 1 1 0 0 0 0 0
180	1	1 1 1 0 0 1 1 1 0 0 0 0 0 0 0 1
180	1	1 1 1 1 1 1 0 0 0 0 1 0 0 0 0 0
180	2	0 1 1 1 0 1 1 0 1 0 0 0 0 0 0 0
180	2	1 1 0 1 1 1 1 0 0 0 0 0 0 0 0 0
180	1	1 1 1 0 0 1 1 0 0 1 0 0 0 0 1 0
180	1	1 1 0 1 0 0 1 0 1 1 0 0 0 0 0 0
180	1	1 1 1 1 1 1 1 1 0 1 0 0 1 0 0 0
180	1	1 1 1 1 0 1 1 0 0 0 0 0 0 0 0 1
180	1	0 1 1 0 0 0 0 1 0 1 1 0 0 0 0 0
180	1	1 1 1 1 1 1 0 0 0 0 0 1 0 0 0 0
180	1	1 1 1 0 0 1 0 1 0 1 0 1 0 0 0 0
180	1	1 1 1 1 0 1 1 0 0 0 0 0 0 1 1 0
190	9	1 1 1 0 0 1 1 0 0 1 0 0 0 0 0 0
190	4	1 1 1 0 0 0 1 0 0 1 0 0 0 0 0 0
190	2	1 1 0 0 0 0 0 0 0 1 0 0 0 0 0 0
190	1	0 1 1 0 0 1 1 0 0 1 0 0 0 0 0 0
190	5	1 1 1 1 0 1 1 0 0 1 0 0 0 0 0 0
190	3	1 1 1 1 1 1 1 0 0 0 0 0 0 0 0 0
190	2	1 1 1 1 1 1 0 0 0 0 0 0 0 0 0 0
190	3	0 1 1 0 1 0 0 1 0 1 0 0 0 0 0 0
190	3	1 1 1 0 1 1 1 0 0 1 0 0 0 0 0 0
190	1	1 1 1 0 0 0 0 0 1 1 0 0 0 0 0 0
190	1	1 1 1 0 0 0 1 1 0 1 0 0 0 0 0 0
190	1	1 1 1 0 0 0 1 0 0 1 1 0 0 0 0 0
190	9	1 1 1 1 0 0 1 0 1 1 0 0 0 0 0 0
190	2	1 1 1 0 0 1 0 0 0 1 0 1 0 0 0 0
190	1	1 1 1 1 0 1 1 0 0 1 0 0 0 0 1 0
190	2	1 1 1 1 0 1 1 0 0 1 0 0 0 1 0 0
190	1	0 1 1 0 0 1 1 0 0 1 0 0 0 0 0 1
190	2	1 1 1 1 0 1 0 0 1 1 0 0 0 0 0 0
190	10	1 1 1 1 0 1 1 0 0 0 0 0 0 0 0 0
190	1	1 1 1 1 0 0 1 0 0 1 0 0 1 0 0 0
190	2	1 1 1 0 0 0 0 0 0 1 0 0 0 0 0 0
190	2	1 1 1 1 0 0 1 0 1 1 0 0 0 1 0 0
190	3	1 1 1 1 0 0 1 0 0 1 0 0 0 0 0 0
190	1	1 1 1 0 0 1 1 0 1 1 0 1 0 0 0 0
190	1	1 1 1 1 0 1 0 0 0 0 0 0 0 0 0 0
190	1	1 1 1 0 1 1 1 0 0 1 1 0 0 0 0 0
190	1	1 1 1 1 1 1 0 0 0 0 0 1 0 0 0 1
190	3	1 1 1 0 0 1 1 0 0 1 0 0 0 1 0 0
190	1	1 1 1 1 0 0 0 1 0 1 0 1 0 0 0 0
190	1	1 1 1 1 1 1 0 0 0 0 1 0 0 0 0 0
190	2	0 1 1 1 0 1 1 0 1 0 0 0 0 0 0 0
190	1	1 1 0 1 1 1 1 0 0 0 0 0 0 0 0 0
190	1	0 1 1 0 0 0 1 0 0 1 0 0 0 0 1 0
190	1	1 1 1 0 0 1 1 0 0 1 0 0 0 0 1 0
190	1	1 1 1 1 1 1 0 0 0 0 0 0 1 0 0 0
190	2	1 1 1 1 0 1 1 0 0 0 0 0 0 1 1 0
190	2	1 1 1 1 0 0 0 0 0 0 1 0 0 0 0 0
190	1	1 1 1 0 1 0 1 1 0 1 0 0 0 0 0 0
190	2	1 1 1 0 0 1 1 0 0 1 0 0 0 0 0 1
190	1	1 1 1 1 1 0 1 0 1 1 0 0 0 1 0 0
190	1	1 1 1 0 1 1 0 0 0 1 1 0 0 0 0 0
190	3	1 0 0 1 0 1 1 0 0 0 0 0 0 0 0 0
190	1	0 1 1 0 0 1 1 0 0 1 0 0 0 1 0 0
190	2	1 1 1 1 0 1 1 1 0 1 0 0 0 0 0 0
200	15	1 1 1 0 0 1 1 0 0 1 0 0 0 0 0 0
200	1	1 1 1 1 0 1 1 0 0 1 0 0 0 0 0 0
200	4	1 1 1 1 1 1 1 0 0 0 0 0 0 0 0 0
200	5	1 1 1 0 0 1 1 0 0 1 0 1 0 0 0 0
200	2	1 1 1 0 0 0 0 1 1 1 0 0 0 0 0 0
200	1	1 1 1 0 0 0 1 1 0 1 0 0 0 0 0 0
200	2	1 1 1 0 0 0 1 0 0 1 1 0 0 0 0 0
200	7	1 1 1 1 0 0 1 0 1 1 0 0 0 0 0 0
200	1	1 1 1 0 0 1 0 0 0 1 0 1 0 0 0 0
200	1	1 0 1 1 0 1 1 0 0 1 0 0 0 0 0 0
200	1	1 1 1 1 1 1 1 1 0 1 0 0 0 0 0 0
200	8	1 1 1 1 0 1 1 0 0 0 0 0 0 0 0 0
200	1	1 1 1 1 0 0 1 0 0 1 0 0 0 0 0 0
200	1	1 1 1 0 0 1 1 0 1 1 0 1 0 0 0 0
200	4	1 1 1 1 0 1 0 0 0 0 0 0 0 0 0 0
200	1	1 1 1 0 1 1 1 0 0 1 1 0 0 0 0 0
200	1	1 1 1 0 0 1 1 0 0 1 0 0 0 1 0 0
200	1	0 1 1 1 0 1 1 0 1 0 0 0 0 0 0 0
200	5	1 1 1 0 0 1 1 0 0 1 0 0 0 0 1 0
200	1	1 1 1 1 1 1 1 0 0 1 0 0 0 0 0 0
200	1	1 1 1 0 0 1 0 0 0 0 1 0 0 0 0 0
200	1	1 1 1 1 1 0 1 1 0 1 0 0 0 0 0 0
200	1	1 1 1 1 0 1 1 0 0 0 0 0 0 0 0 1
200	2	1 1 1 1 0 1 1 0 0 1 0 1 0 0 0 0
200	2	1 1 1 1 0 0 1 0 1 0 0 0 0 0 0 0
200	2	1 1 1 1 0 1 1 1 0 1 0 0 0 0 0 0
200	1	1 1 1 0 0 0 0 0 0 0 1 0 0 1 0 0
200	2	1 1 1 1 1 1 1 1 0 0 0 0 0 0 0 0
200	1	0 0 1 1 1 0 1 1 0 1 0 0 0 0 0 0
200	4	1 1 1 1 0 1 1 0 1 1 0 0 0 0 0 0
200	1	1 0 1 0 0 0 1 1 0 1 0 0 0 0 0 0
200	4	1 1 1 1 0 1 1 0 0 0 0 0 0 1 0 0
200	1	1 1 1 1 0 0 1 0 1 1 0 0 0 0 1 0
200	1	1 1 0 0 0 1 1 1 0 1 0 0 0 1 0 0
200	1	0 1 1 0 0 0 0 1 1 1 0 0 0 0 0 0
200	1	1 1 1 1 0 1 1 0 1 0 1 0 0 0 0 0
200	5	1 1 1 1 1 1 1 0 0 0 1 0 0 0 0 0
200	1	1 1 1 0 0 0 1 0 1 0 0 0 0 0 0 0
200	1	1 1 1 1 0 0 1 0 0 0 0 0 0 0 0 0
200	1	1 1 1 0 1 1 1 0 0 0 0 0 0 0 0 0
200	1	1 1 1 1 0 0 1 0 1 1 0 1 0 0 0 0
200	1	1 1 1 1 0 1 0 0 0 0 0 0 0 1 0 0
200	1	0 1 0 0 0 0 0 0 1 1 0 0 0 0 0 0
210	5	1 1 1 0 0 1 1 0 0 1 0 0 0 0 0 0
210	6	1 1 1 1 0 1 1 0 0 1 0 0 0 0 0 0
210	11	1 1 1 1 1 1 1 0 0 0 0 0 0 0 0 0
210	2	0 1 1 0 1 0 0 1 0 1 0 0 0 0 0 0
210	7	1 1 1 1 0 0 1 0 1 1 0 0 0 0 0 0
210	1	1 1 1 0 0 1 0 0 0 1 0 1 0 0 0 0
210	5	1 1 1 1 0 1 1 0 0 0 0 0 0 0 0 0
210	1	1 1 1 0 0 1 1 0 1 1 0 1 0 0 0 0
210	2	1 1 1 0 0 1 1 0 0 1 1 0 0 1 0 0
210	7	1 1 1 1 0 1 0 0 0 0 0 0 0 0 0 0
210	1	1 1 1 0 1 1 1 0 0 1 1 0 0 0 0 0
210	1	0 1 1 1 0 1 1 0 1 0 0 0 0 0 0 0
210	6	1 1 1 0 0 1 1 0 0 1 0 0 0 0 1 0
210	3	1 1 1 1 1 1 1 0 0 1 0 0 0 0 0 0
210	1	1 1 1 0 0 1 0 0 0 0 1 0 0 0 0 0
210	2	1 1 1 0 0 1 1 0 0 1 0 0 0 0 0 1
210	1	1 1 1 1 0 1 1 1 0 1 0 0 0 0 0 0
210	1	0 1 1 1 0 0 1 0 1 0 0 0 0 0 0 0
210	1	0 0 1 1 1 0 1 1 0 1 0 0 0 0 0 0
210	1	1 0 1 0 0 0 1 1 0 1 0 0 0 0 0 0
210	1	1 1 1 0 0 1 1 0 0 0 0 0 0 0 0 0
210	2	1 1 0 0 0 1 1 1 0 1 0 0 0 1 0 0
210	6	1 1 1 1 0 0 1 0 0 0 0 0 0 0 0 1
210	2	1 1 1 1 0 1 1 1 0 0 0 0 0 0 0 0
210	3	1 1 1 1 1 1 0 0 0 0 0 0 0 0 0 0
210	2	1 1 1 1 1 0 1 0 1 1 0 0 0 0 0 0
210	1	1 1 1 1 0 1 0 0 0 0 0 0 0 1 0 0
210	1	1 1 1 1 0 0 1 0 1 0 0 1 0 0 0 0
210	1	1 1 1 0 0 1 1 0 0 0 0 1 0 0 0 0
210	2	1 1 1 0 0 1 1 1 0 1 0 0 0 0 0 0
210	2	1 1 1 0 0 1 0 0 1 1 0 1 0 0 0 0
210	2	1 0 1 1 0 0 1 0 0 1 0 0 0 0 0 0
210	3	1 1 1 1 0 1 1 0 0 0 0 0 0 0 1 0
210	1	0 1 1 0 1 0 1 1 0 1 0 0 0 0 0 0
210	1	1 1 1 1 0 1 1 1 0 0 0 0 0 0 0 1
210	1	1 1 1 1 1 0 1 0 1 1 0 0 0 1 0 0
210	1	1 0 1 0 0 0 1 1 0 1 0 0 1 0 0 0
210	1	1 1 1 0 0 1 1 0 0 1 0 0 0 1 0 0
210	1	1 1 0 0 0 0 0 0 1 1 0 0 0 0 0 0
210	1	1 1 1 0 0 1 0 0 0 1 0 1 0 0 0 1
220	12	1 1 1 0 0 1 1 0 0 1 0 0 0 0 0 0
220	7	1 1 1 1 0 1 1 0 0 1 0 0 0 0 0 0
220	7	1 1 1 1 1 1 1 0 0 0 0 0 0 0 0 0
220	1	0 1 1 0 1 0 0 1 0 1 0 0 0 0 0 0
220	1	1 1 1 0 0 1 1 0 0 1 0 1 0 0 0 0
220	3	1 1 1 1 0 0 1 0 1 1 0 0 0 0 0 0
220	3	1 1 1 1 0 1 0 0 1 1 0 0 0 0 0 0
220	10	1 1 1 1 0 1 1 0 0 0 0 0 0 0 0 0
220	1	1 1 1 0 0 1 1 0 1 1 0 1 0 0 0 0
220	3	1 1 1 0 0 1 1 0 0 1 1 0 0 1 0 0
220	1	1 1 1 1 0 1 0 0 0 0 0 0 0 0 0 0
220	1	1 1 1 0 1 1 1 0 0 1 1 0 0 0 0 0
220	1	0 1 1 0 1 0 0 0 0 1 0 1 0 1 0 0
220	6	1 1 1 0 0 1 1 0 0 1 0 0 0 0 1 0
220	3	1 1 1 1 1 1 1 0 0 1 0 0 0 0 0 0
220	2	1 1 1 1 0 0 1 0 1 0 0 0 0 0 0 0
220	2	0 1 1 1 0 0 1 0 1 0 0 0 0 0 0 0
220	2	1 1 1 1 0 1 1 0 1 1 0 0 0 0 0 0
220	3	1 0 1 0 0 0 1 1 0 1 0 0 0 0 0 0
220	1	1 1 0 0 0 1 1 1 0 1 0 0 0 1 0 0
220	1	1 1 1 1 1 1 1 0 0 0 1 0 0 0 0 0
220	1	1 1 1 1 0 1 1 1 0 0 0 0 0 0 0 0
220	4	1 1 1 1 0 1 0 0 0 0 1 0 0 0 0 0
220	1	1 1 1 1 1 1 0 0 0 0 0 0 0 0 0 0
220	3	1 1 1 1 0 0 1 0 1 0 0 1 0 0 0 0
220	1	1 0 1 1 0 0 1 0 0 1 0 0 0 0 0 0
220	2	1 1 1 1 0 0 1 0 0 1 0 1 0 0 0 0
220	1	1 1 1 1 0 1 1 1 0 0 0 0 0 0 0 1
220	1	1 1 1 1 1 0 1 0 1 1 0 0 0 1 0 0
220	1	1 1 1 0 0 1 1 1 0 0 0 0 0 0 0 0
220	1	1 0 1 0 0 0 1 1 0 1 0 0 1 0 0 0
220	2	1 1 1 0 0 1 1 0 0 1 0 0 0 1 0 0
220	1	1 1 1 1 1 1 1 0 0 0 0 0 0 0 0 1
220	1	1 1 0 0 0 1 1 0 0 1 0 0 0 0 0 0
220	1	1 1 1 0 0 1 1 1 0 1 0 0 1 0 0 0
220	2	1 1 1 1 1 0 1 0 1 0 0 1 0 0 0 0
220	1	0 1 1 0 1 0 0 0 0 1 1 0 0 0 0 0
220	1	1 1 1 1 0 1 1 0 0 1 0 0 1 0 0 0
220	1	1 1 1 1 0 1 1 0 0 0 1 0 0 0 0 0
220	1	1 1 1 0 0 0 1 0 0 1 1 1 0 0 0 0
220	1	1 1 0 0 0 1 1 0 0 1 1 0 0 1 0 0
220	1	1 0 0 1 0 0 1 0 0 1 0 0 0 0 0 0
230	3	1 1 1 0 0 1 1 0 0 1 0 0 0 0 0 0
230	8	1 1 1 1 0 1 1 0 0 1 0 0 0 0 0 0
230	2	1 1 1 1 1 1 1 0 0 0 0 0 0 0 0 0
230	8	1 1 1 1 1 1 1 1 0 1 0 0 0 0 0 0
230	1	1 1 1 1 0 1 0 0 1 1 0 0 0 0 0 0
230	4	1 1 1 1 0 1 1 0 0 0 0 0 0 0 0 0
230	2	1 1 1 0 0 1 1 0 0 1 1 0 0 1 0 0
230	1	1 1 1 0 0 1 1 0 0 1 0 0 0 0 1 0
230	9	1 1 1 1 1 1 1 0 0 1 0 0 0 0 0 0
230	5	1 1 1 0 0 1 0 0 0 0 1 0 0 0 0 0
230	3	1 1 1 1 0 0 1 0 1 0 0 0 0 0 0 0
230	5	1 1 1 1 0 1 1 1 0 1 0 0 0 0 0 0
230	1	1 1 1 1 1 1 1 1 0 0 0 0 0 0 0 0
230	3	1 0 1 0 0 0 1 1 0 1 0 0 0 0 0 0
230	4	1 1 0 0 0 1 1 1 0 1 0 0 0 1 0 0
230	1	1 1 1 1 0 0 1 0 0 0 0 0 0 0 0 1
230	2	1 1 1 1 0 1 0 0 0 0 1 0 0 0 0 0
230	2	1 1 1 1 0 0 1 0 1 0 0 1 0 0 0 0
230	1	1 1 1 1 1 0 1 0 1 1 0 0 0 1 0 0
230	2	1 1 1 0 0 1 1 0 0 1 0 0 0 1 0 0
230	3	1 1 0 0 0 1 1 0 0 1 0 0 0 0 0 0
230	1	1 1 1 1 1 0 1 0 1 0 0 1 0 0 0 0
230	1	1 0 1 1 0 0 1 0 0 1 1 0 0 0 0 0
230	1	1 0 0 1 0 0 1 0 0 1 0 0 0 0 0 0
230	1	1 0 1 1 1 0 1 0 0 1 0 0 0 0 0 0
230	1	1 1 1 1 0 1 1 0 0 1 0 0 0 0 1 0
230	2	1 1 1 0 0 1 0 0 1 1 0 1 0 0 0 0
230	1	0 0 1 0 1 0 1 1 0 1 0 0 0 0 0 0
230	1	1 1 1 1 0 1 0 0 0 0 0 0 1 0 0 0
230	3	1 0 1 1 0 0 1 0 0 1 0 0 1 0 0 0
230	1	1 1 1 1 1 0 1 1 1 1 0 0 0 1 0 1
230	2	1 1 1 0 1 1 1 1 0 1 1 0 0 0 0 0
230	1	1 1 1 0 0 1 1 0 0 1 1 0 0 0 1 0
230	1	1 1 1 0 0 1 1 0 0 0 0 0 0 0 0 0
230	1	1 1 1 0 1 1 0 0 0 0 0 0 0 0 0 0
230	1	1 1 1 1 1 1 1 1 1 0 0 0 0 0 0 0
230	2	1 1 1 1 0 1 1 0 1 1 0 0 0 0 1 0
230	1	1 1 1 1 0 0 0 0 0 1 0 1 0 0 0 0
230	1	1 1 1 1 1 1 1 0 0 0 0 1 0 0 0 1
230	1	1 1 0 1 0 1 1 0 0 1 0 0 0 0 0 0
230	1	1 1 1 0 1 1 1 0 0 1 1 0 0 0 1 0
230	1	1 1 1 1 0 1 0 1 0 0 0 0 0 0 0 0
230	2	1 1 1 1 0 0 1 0 0 1 0 0 0 0 0 1
230	2	1 1 1 0 1 1 1 1 0 1 1 0 0 1 0 0
240	1	1 1 1 0 0 1 1 0 0 1 0 0 0 0 0 0
240	14	1 1 1 1 0 1 1 0 0 1 0 0 0 0 0 0
240	4	1 1 1 1 1 1 1 0 0 0 0 0 0 0 0 0
240	3	1 1 1 1 1 1 1 1 0 1 0 0 0 0 0 0
240	3	1 1 1 1 0 1 1 0 0 0 0 0 0 0 0 0
240	1	1 1 1 1 0 1 0 0 0 0 0 0 0 0 0 0
240	1	1 1 1 0 1 1 1 0 0 1 1 0 0 0 0 0
240	9	1 1 1 1 1 1 1 0 0 1 0 0 0 0 0 0
240	5	1 1 1 0 0 1 0 0 0 0 1 0 0 0 0 0
240	6	1 1 1 1 0 1 1 1 0 1 0 0 0 0 0 0
240	5	1 1 1 1 1 1 1 1 0 0 0 0 0 0 0 0
240	1	1 0 1 0 0 0 1 1 0 1 0 0 0 0 0 0
240	5	1 1 1 1 0 1 0 0 0 0 1 0 0 0 0 0
240	2	1 1 1 1 0 0 1 0 1 0 0 1 0 0 0 0
240	5	1 0 1 1 0 0 1 0 0 1 0 0 0 0 0 0
240	1	1 1 1 1 1 1 1 0 0 0 0 0 0 0 0 1
240	1	1 1 0 0 0 1 1 0 0 1 0 0 0 0 0 0
240	1	1 1 1 1 1 1 1 0 0 1 0 0 0 1 0 0
240	1	1 1 1 1 1 0 1 0 1 0 0 1 0 0 0 0
240	1	1 1 1 1 0 0 1 0 0 1 0 0 0 0 0 0
240	3	1 0 1 1 0 0 1 0 0 1 0 0 1 0 0 0
240	1	1 1 0 0 0 1 1 0 0 1 0 1 0 1 0 0
240	4	1 1 1 0 0 1 1 0 0 1 1 0 0 0 1 0
240	2	1 1 1 1 0 1 1 0 1 1 0 0 0 0 1 0
240	2	1 1 1 0 0 1 1 1 0 1 0 0 0 0 0 0
240	1	1 1 0 1 0 1 1 0 0 1 0 0 0 0 0 0
240	1	1 1 1 0 1 1 1 0 0 1 1 0 0 0 1 0
240	2	1 1 1 1 0 0 1 0 1 1 0 1 0 0 0 0
240	1	1 1 1 1 0 1 1 1 1 1 0 0 0 0 1 0
240	2	0 1 1 1 1 1 1 0 0 0 0 0 0 0 0 0
240	1	0 1 1 1 0 1 1 0 0 1 0 0 0 0 0 0
240	1	1 1 1 0 1 1 0 0 0 1 1 0 0 0 0 0
240	2	1 1 1 1 1 0 1 0 0 1 0 0 0 0 0 0
240	1	1 1 1 1 0 1 0 0 0 1 0 0 0 0 0 0
240	2	1 1 1 1 0 1 1 0 0 0 0 1 0 0 0 0
240	1	1 1 1 1 0 0 1 0 1 0 0 0 1 0 0 0
240	1	1 1 1 1 0 0 0 0 1 0 0 1 0 0 0 0
240	1	1 0 1 1 0 0 1 0 0 0 0 0 0 0 0 0
240	1	1 1 1 1 0 1 1 1 1 1 0 0 0 0 0 1
250	4	1 1 1 0 0 1 1 0 0 1 0 0 0 0 0 0
250	22	1 1 1 1 0 1 1 0 0 1 0 0 0 0 0 0
250	2	1 1 1 1 0 1 1 0 0 0 0 0 0 0 0 0
250	2	1 1 1 0 1 1 1 0 0 1 1 0 0 0 0 0
250	1	1 1 1 1 1 1 1 0 0 1 0 0 0 0 0 0
250	1	1 1 1 0 0 1 0 0 0 0 1 0 0 0 0 0
250	1	1 1 1 1 0 0 1 0 1 0 0 0 0 0 0 0
250	6	1 1 1 1 0 1 1 1 0 1 0 0 0 0 0 0
250	2	1 1 1 1 1 1 1 1 0 0 0 0 0 0 0 0
250	3	1 1 1 1 0 1 0 0 0 0 1 0 0 0 0 0
250	3	1 1 1 1 1 1 0 0 0 0 0 0 0 0 0 0
250	3	1 1 1 1 0 0 1 0 1 0 0 1 0 0 0 0
250	2	1 1 1 1 0 0 1 0 0 1 0 1 0 0 0 0
250	2	1 1 1 1 1 1 1 0 0 0 0 0 0 0 0 1
250	2	1 1 1 1 1 1 1 0 0 1 0 0 0 1 0 0
250	2	1 0 1 1 0 0 1 0 0 1 0 0 1 0 0 0
250	2	1 1 1 0 0 1 1 0 0 0 0 0 0 0 0 0
250	2	1 1 1 1 0 1 1 0 1 1 0 0 0 0 1 0
250	1	1 1 0 1 0 1 1 0 0 1 0 0 0 0 0 0
250	1	1 1 1 0 1 1 1 0 0 1 1 0 0 0 1 0
250	1	1 1 1 1 0 0 1 0 0 1 0 0 0 0 0 1
250	1	1 1 0 1 1 1 1 0 0 1 0 0 0 0 0 0
250	4	1 1 1 1 1 1 1 0 0 1 0 0 1 0 0 0
250	1	1 1 1 0 0 1 1 0 1 1 0 0 0 0 0 0
250	5	1 1 1 1 0 1 1 0 0 1 0 0 0 0 1 0
250	1	1 1 1 1 0 0 1 0 1 0 0 1 1 0 0 0
250	2	1 1 1 0 0 1 1 0 0 0 1 0 0 0 0 0
250	2	1 0 1 0 0 1 1 0 0 0 0 0 0 0 0 0
250	1	1 0 1 1 0 1 1 0 0 1 0 0 0 0 0 0
250	1	1 1 1 1 0 1 1 1 0 1 0 0 1 0 0 0
250	1	1 1 1 0 0 1 1 1 0 1 0 0 0 0 0 1
250	4	1 1 1 0 0 1 0 0 0 1 0 0 0 0 0 0
250	1	1 1 1 1 0 1 1 0 0 1 0 1 0 0 0 0
250	3	1 1 1 0 0 1 0 0 0 1 0 0 0 0 1 0
250	1	1 1 1 1 0 1 1 1 0 1 0 0 0 1 0 0
250	1	1 1 1 0 0 1 0 0 0 0 1 0 0 1 0 0
250	2	1 1 0 0 0 1 1 0 0 1 0 0 0 1 0 0
250	1	1 1 1 1 0 1 1 1 0 0 1 0 0 0 0 0
250	1	1 1 1 1 0 0 1 0 1 0 0 0 0 0 1 0
250	1	1 1 1 0 0 1 1 0 0 1 0 0 1 0 0 0
250	1	1 1 1 0 1 1 1 0 0 1 0 0 0 0 0 0
260	4	1 1 1 0 0 1 1 0 0 1 0 0 0 0 0 0
260	9	1 1 1 1 0 1 1 0 0 1 0 0 0 0 0 0
260	3	1 1 1 1 1 1 1 1 0 1 0 0 0 0 0 0
260	3	1 1 1 1 0 1 1 0 0 0 0 0 0 0 0 0
260	3	1 1 1 1 0 1 0 0 0 0 0 0 0 0 0 0
260	4	1 1 1 0 1 1 1 0 0 1 1 0 0 0 0 0
260	4	1 1 1 1 1 1 1 0 0 1 0 0 0 0 0 0
260	3	1 1 1 1 0 0 1 0 1 0 0 0 0 0 0 0
260	7	1 1 1 1 0 1 1 1 0 1 0 0 0 0 0 0
260	3	1 1 1 1 1 1 1 1 0 0 0 0 0 0 0 0
260	7	1 1 1 1 0 1 0 0 0 0 1 0 0 0 0 0
260	1	1 1 1 1 0 0 1 0 1 0 0 1 0 0 0 0
260	1	1 0 1 1 0 0 1 0 0 1 0 0 0 0 0 0
260	2	1 1 1 1 0 0 1 0 0 1 0 1 0 0 0 0
260	1	1 1 1 1 1 1 1 0 0 0 0 0 0 0 0 1
260	3	1 1 1 1 1 1 1 0 0 1 0 0 0 1 0 0
260	2	1 0 1 1 0 0 1 0 0 1 1 0 0 0 0 0
260	1	1 0 1 1 0 0 1 0 0 1 0 0 1 0 0 0
260	2	1 1 1 1 0 1 1 0 1 1 0 0 0 0 1 0
260	4	1 1 1 0 0 1 1 1 0 1 0 0 0 0 0 0
260	3	1 1 1 0 1 1 1 0 0 1 1 0 0 0 1 0
260	2	1 1 1 1 0 0 1 0 1 1 0 1 0 0 0 0
260	1	1 1 1 1 0 0 1 0 1 1 0 1 1 0 0 0
260	5	1 1 1 1 1 1 1 0 0 1 0 0 1 0 0 0
260	1	1 1 1 1 0 1 0 0 0 0 1 0 0 0 0 1
260	1	1 1 1 1 0 1 1 0 0 1 0 0 0 0 1 0
260	2	1 0 1 0 0 1 1 0 0 0 0 0 0 0 0 0
260	1	1 1 1 0 0 1 0 0 0 1 0 0 0 0 0 0
260	1	1 1 1 1 0 1 1 1 0 1 0 0 0 1 0 0
260	1	1 1 1 1 0 0 1 0 1 0 1 0 0 0 0 0
260	1	1 1 1 1 0 0 1 0 0 1 0 0 0 0 0 0
260	2	1 1 1 1 0 1 1 0 0 1 1 0 0 0 0 0
260	1	1 1 1 1 1 1 1 1 0 1 0 0 1 0 0 0
260	2	1 1 1 1 0 1 0 0 1 0 1 0 0 0 0 1
260	1	1 1 1 1 0 1 0 0 0 0 0 0 0 0 1 0
260	1	1 1 1 1 0 1 1 0 1 1 0 1 0 0 1 0
260	1	1 1 1 1 1 1 0 0 0 1 0 0 0 0 0 0
260	1	1 0 1 1 0 0 1 0 1 0 0 0 0 0 0 0
260	2	0 0 1 1 0 1 1 0 0 1 0 0 0 0 0 0
260	1	1 0 1 0 0 1 1 0 0 1 0 0 1 0 0 0
260	1	1 1 1 1 0 1 0 1 0 1 0 0 0 0 0 0
260	1	1 1 0 1 0 1 0 0 0 0 0 0 1 0 0 0
270	5	1 1 1 0 0 1 1 0 0 1 0 0 0 0 0 0
270	13	1 1 1 1 0 1 1 0 0 1 0 0 0 0 0 0
270	2	1 1 1 1 1 1 1 1 0 1 0 0 0 0 0 0
270	2	1 1 1 1 0 1 1 0 0 0 0 0 0 0 0 0
270	3	1 1 1 0 1 1 1 0 0 1 1 0 0 0 0 0
270	1	1 1 1 1 1 1 1 0 0 1 0 0 0 0 0 0
270	1	1 1 1 0 0 1 0 0 0 0 1 0 0 0 0 0
270	1	1 1 1 1 0 0 1 0 1 0 0 0 0 0 0 0
270	4	1 1 1 1 0 1 1 1 0 1 0 0 0 0 0 0
270	2	1 1 1 1 1 1 1 1 0 0 0 0 0 0 0 0
270	1	1 1 1 1 0 1 0 0 0 0 1 0 0 0 0 0
270	1	1 1 1 1 0 0 1 0 0 1 0 1 0 0 0 0
270	2	1 1 1 1 1 1 1 0 0 1 0 0 0 1 0 0
270	3	1 1 1 0 0 1 1 1 0 1 0 0 0 0 0 0
270	3	1 1 1 0 1 1 1 0 0 1 1 0 0 0 1 0
270	5	1 1 1 1 0 0 1 0 0 1 0 0 0 0 0 1
270	4	1 1 1 1 1 1 1 0 0 1 0 0 1 0 0 0
270	1	1 1 1 1 0 1 1 0 0 1 0 0 0 0 1 0
270	3	1 1 1 1 0 0 1 0 1 0 0 1 1 0 0 0
270	1	1 1 1 1 1 1 1 1 0 0 0 0 0 0 1 0
270	1	1 1 1 1 0 1 1 0 0 1 0 0 0 0 0 1
270	1	1 1 1 1 0 0 1 0 0 1 0 0 0 0 0 0
270	1	1 1 1 1 0 1 1 0 0 1 1 0 0 0 0 0
270	1	1 1 1 1 1 1 1 1 0 1 0 0 1 0 0 0
270	1	1 1 1 1 0 1 1 0 0 0 0 0 1 0 0 0
270	2	1 1 1 0 0 1 0 0 0 0 1 0 0 0 1 0
270	1	1 1 1 1 0 1 0 0 0 0 1 0 0 1 0 0
270	5	1 1 1 1 0 1 0 0 1 0 1 0 0 0 0 1
270	1	1 1 0 1 1 1 1 0 0 1 0 0 0 0 0 1
270	1	1 0 1 1 0 0 1 0 0 0 0 0 0 0 0 0
270	2	1 1 1 1 0 1 0 0 0 0 0 0 0 0 1 0
270	1	0 0 1 1 0 1 1 0 0 1 0 0 0 0 0 0
270	1	1 1 1 1 0 1 1 0 1 0 0 0 0 0 0 0
270	1	1 1 0 1 1 1 1 0 0 0 0 0 0 0 0 1
270	1	1 1 1 1 1 1 0 0 0 0 1 0 0 0 0 0
270	1	1 1 1 1 1 1 1 1 1 1 0 1 1 0 0 0
270	2	1 1 1 0 0 1 0 0 0 1 0 0 0 0 0 0
270	2	1 1 1 1 1 1 0 0 0 0 0 0 0 0 0 0
270	1	1 1 1 1 0 1 0 0 0 0 1 0 0 0 1 0
270	1	1 0 1 1 0 1 1 1 0 1 0 0 0 0 0 0
270	1	1 1 1 1 1 1 1 1 0 1 1 0 0 0 0 0
270	1	1 1 1 1 0 0 1 0 1 0 1 1 1 0 0 0
270	3	1 0 1 1 0 0 1 1 0 0 0 0 1 0 0 0
270	1	0 1 1 1 0 1 1 0 0 1 0 0 0 0 0 0
270	1	1 1 1 1 0 0 1 0 1 0 0 1 0 0 0 0
270	1	1 1 1 0 0 1 1 1 0 1 0 0 0 1 0 0
270	1	1 1 1 1 0 1 1 0 0 1 0 0 1 0 0 0
270	1	1 1 1 1 1 1 1 0 0 1 0 0 1 0 1 0
270	2	1 0 1 0 0 1 1 1 0 1 0 0 0 0 0 0
270	1	1 1 1 1 0 0 1 0 1 0 0 1 1 0 1 0
270	1	1 1 1 1 0 0 1 0 1 0 0 1 1 0 0 1
280	2	1 1 1 0 0 1 1 0 0 1 0 0 0 0 0 0
280	9	1 1 1 1 0 1 1 0 0 1 0 0 0 0 0 0
280	1	1 1 1 1 0 1 1 0 0 0 0 0 0 0 0 0
280	3	1 1 1 1 0 1 0 0 0 0 0 0 0 0 0 0
280	2	1 1 1 0 1 1 1 0 0 1 1 0 0 0 0 0
280	3	1 1 1 1 1 1 1 0 0 1 0 0 0 0 0 0
280	3	1 1 1 1 0 0 1 0 1 0 0 0 0 0 0 0
280	2	1 1 1 1 0 1 1 1 0 1 0 0 0 0 0 0
280	1	1 1 1 1 1 1 1 1 0 0 0 0 0 0 0 0
280	2	1 1 1 1 0 0 1 0 0 1 0 1 0 0 0 0
280	1	1 1 1 0 0 1 1 1 0 1 0 0 0 0 0 0
280	2	1 1 1 0 1 1 1 0 0 1 1 0 0 0 1 0
280	2	1 1 1 1 0 1 1 0 0 1 0 0 0 0 1 0
280	1	1 1 1 1 0 0 1 0 1 0 0 1 1 0 0 0
280	3	1 1 1 1 0 1 1 1 1 0 0 0 0 0 0 0
280	2	1 1 1 1 0 1 1 0 0 1 0 0 0 0 0 1
280	5	1 1 1 1 0 0 1 0 0 1 0 0 0 0 0 0
280	2	1 1 1 1 0 1 1 0 0 1 1 0 0 0 0 0
280	1	1 1 1 0 0 1 0 0 0 0 1 0 0 0 1 0
280	5	1 1 1 1 0 1 0 0 1 0 1 0 0 0 0 1
280	1	1 0 1 1 0 0 1 0 0 0 0 0 0 0 0 0
280	3	1 1 1 1 0 1 1 1 0 1 0 0 0 0 1 0
280	1	1 1 0 1 1 1 1 0 0 0 0 0 0 0 0 1
280	2	1 0 1 1 0 0 1 1 0 1 0 0 1 0 0 0
280	2	1 1 1 1 1 1 1 1 1 1 0 1 1 0 0 0
280	8	1 1 1 0 0 1 0 0 0 1 0 0 0 0 0 0
280	1	1 1 0 0 0 1 1 0 0 1 0 0 0 0 1 0
280	2	1 0 1 1 0 0 1 1 0 1 0 0 0 0 0 0
280	1	1 1 1 1 1 1 1 1 0 1 1 0 0 0 0 0
280	1	1 1 1 1 0 0 1 0 1 0 1 1 1 0 0 0
280	2	1 0 1 1 0 1 1 1 0 1 0 1 0 0 0 0
280	1	1 1 1 1 0 1 1 0 0 1 0 0 1 0 0 0
280	1	1 1 1 1 1 0 1 0 0 1 0 0 0 0 0 0
280	1	1 1 1 1 0 1 1 0 1 1 0 0 0 0 0 0
280	1	1 0 1 0 0 1 1 1 0 1 0 0 0 0 0 0
280	1	0 1 1 1 0 1 0 0 0 0 0 0 0 0 0 0
280	1	1 1 1 1 0 1 0 1 0 0 1 0 0 0 0 0
280	1	1 1 1 1 0 0 0 0 0 1 0 1 0 0 0 0
280	1	1 1 1 0 0 1 1 1 0 1 0 0 0 1 0 0
280	1	1 1 1 1 1 1 1 1 0 1 0 0 0 1 0 0
280	1	1 1 0 0 0 1 1 0 1 1 0 0 0 0 1 0
280	1	1 1 1 1 0 0 0 0 1 0 0 0 0 0 0 0
280	3	1 0 1 1 0 1 1 1 1 1 0 0 0 0 0 0
280	2	1 1 1 1 0 1 0 0 1 0 1 1 0 0 0 1
280	1	1 1 1 1 0 1 1 1 1 0 0 0 0 0 1 0
280	1	1 1 1 1 1 0 1 1 0 1 0 0 1 0 0 0
280	1	1 0 1 1 0 0 1 1 0 0 0 1 1 0 0 0
280	1	0 1 1 1 0 0 1 0 0 1 0 0 0 0 1 0
280	1	0 1 1 1 0 1 1 1 1 0 0 0 0 0 0 0
280	1	1 1 1 1 0 1 0 0 0 1 0 0 0 0 0 0
280	1	1 1 1 0 1 1 1 0 1 1 1 0 0 0 1 0
280	1	1 1 1 1 1 0 0 0 0 1 0 0 0 0 0 0
290	5	1 1 1 0 0 1 1 0 0 1 0 0 0 0 0 0
290	9	1 1 1 1 0 1 1 0 0 1 0 0 0 0 0 0
290	1	1 1 1 1 0 1 1 0 0 0 0 0 0 0 0 0
290	3	1 1 1 1 0 1 0 0 0 0 0 0 0 0 0 0
290	1	1 1 1 0 1 1 1 0 0 1 1 0 0 0 0 0
290	8	1 1 1 1 1 1 1 0 0 1 0 0 0 0 0 0
290	4	1 1 1 1 0 0 1 0 1 0 0 0 0 0 0 0
290	1	1 1 1 1 1 1 1 1 0 0 0 0 0 0 0 0
290	1	1 1 1 1 0 1 0 0 0 0 1 0 0 0 0 0
290	2	1 1 1 0 0 1 1 1 0 1 0 0 0 0 0 0
290	1	1 1 1 0 1 1 1 0 0 1 1 0 0 0 1 0
290	3	1 1 1 1 0 1 1 0 0 1 0 0 0 0 1 0
290	2	1 1 1 1 0 1 1 1 1 0 0 0 0 0 0 0
290	2	1 1 1 1 0 0 1 0 0 1 0 0 0 0 0 0
290	4	1 1 1 1 0 1 1 0 0 1 1 0 0 0 0 0
290	2	1 1 1 0 0 1 0 0 0 0 1 0 0 0 1 0
290	1	1 1 1 1 0 1 0 0 1 0 1 0 0 0 0 1
290	1	0 0 1 1 0 1 1 0 0 1 0 0 0 0 0 0
290	1	1 0 1 1 0 0 1 1 0 1 0 0 1 0 0 0
290	9	1 1 1 0 0 1 0 0 0 1 0 0 0 0 0 0
290	1	1 0 1 1 0 1 1 1 0 1 0 0 0 0 0 0
290	4	1 1 1 1 1 1 1 1 0 1 1 0 0 0 0 0
290	2	1 0 1 1 0 1 1 1 0 1 0 1 0 0 0 0
290	3	1 1 1 1 0 1 1 0 0 1 0 0 1 0 0 0
290	3	1 1 1 1 0 1 1 0 1 1 0 0 0 0 0 0
290	1	0 1 1 1 0 1 0 0 0 0 0 0 0 0 0 0
290	4	1 1 1 1 0 0 0 0 0 1 0 1 0 0 0 0
290	3	1 1 1 1 1 1 0 0 0 1 0 0 0 0 0 0
290	4	1 1 0 0 0 1 1 0 1 1 0 0 0 0 1 0
290	1	1 0 1 1 0 1 1 1 1 1 0 0 0 0 0 0
290	1	1 1 1 1 0 1 1 0 0 1 0 0 1 0 1 0
290	1	1 1 1 1 0 1 1 0 0 1 1 0 0 0 1 0
290	1	1 1 1 0 1 1 1 0 0 1 0 0 0 0 0 0
290	1	1 0 1 1 0 0 1 1 0 0 0 1 1 0 0 0
290	1	1 1 1 0 0 1 0 0 0 0 0 0 0 1 0 0
290	1	1 0 1 1 0 1 1 0 1 0 0 0 0 0 0 0
290	1	1 1 0 1 0 1 1 0 1 1 0 0 0 0 0 0
290	2	1 1 1 1 0 1 1 1 1 1 0 0 0 0 0 0
290	1	1 1 1 1 1 1 1 1 0 0 0 0 1 0 0 0
290	2	1 1 1 0 0 1 1 0 0 1 1 0 0 0 0 0
290	1	1 1 1 1 0 1 1 1 1 0 0 0 0 0 0 1
300	6	1 1 1 0 0 1 1 0 0 1 0 0 0 0 0 0
300	3	1 1 1 1 0 1 1 0 0 1 0 0 0 0 0 0
300	2	1 1 1 1 0 1 1 0 0 0 0 0 0 0 0 0
300	8	1 1 1 1 0 1 0 0 0 0 0 0 0 0 0 0
300	6	1 1 1 1 1 1 1 0 0 1 0 0 0 0 0 0
300	1	1 1 1 0 0 1 0 0 0 0 1 0 0 0 0 0
300	7	1 1 1 1 0 0 1 0 1 0 0 0 0 0 0 0
300	1	1 1 1 0 0 1 1 1 0 1 0 0 0 0 0 0
300	3	1 1 1 0 1 1 1 0 0 1 1 0 0 0 1 0
300	1	1 1 1 1 0 1 1 0 0 1 0 0 0 0 1 0
300	2	1 1 1 1 0 1 1 1 1 0 0 0 0 0 0 0
300	1	1 1 1 1 0 0 1 0 0 1 0 0 0 0 0 0
300	8	1 1 1 1 0 1 1 0 0 1 1 0 0 0 0 0
300	1	0 0 1 1 0 1 1 0 0 1 0 0 0 0 0 0
300	6	1 1 1 0 0 1 0 0 0 1 0 0 0 0 0 0
300	1	1 0 1 1 0 1 1 1 0 1 0 0 0 0 0 0
300	3	1 1 1 1 1 1 1 1 0 1 1 0 0 0 0 0
300	2	1 0 1 1 0 1 1 1 0 1 0 1 0 0 0 0
300	1	1 1 1 1 0 1 1 0 0 1 0 0 1 0 0 0
300	2	1 1 1 1 0 1 1 0 1 1 0 0 0 0 0 0
300	1	1 1 0 0 0 1 1 0 1 1 0 0 0 0 1 0
300	1	1 0 1 1 0 1 1 1 1 1 0 0 0 0 0 0
300	1	1 1 1 0 1 1 1 0 0 1 0 0 0 0 0 0
300	2	1 1 1 1 0 1 0 1 0 0 0 0 0 0 0 0
300	2	1 1 1 0 0 1 0 0 0 0 0 0 0 1 0 0
300	2	1 1 1 1 1 1 1 0 0 1 1 0 0 0 0 0
300	4	1 1 1 1 0 1 1 1 1 1 0 0 0 0 0 0
300	1	1 1 1 1 0 1 0 0 1 0 0 0 0 0 0 0
300	1	1 1 1 1 0 0 1 0 0 1 0 0 0 0 0 1
300	2	1 0 1 1 0 0 1 1 0 0 0 0 0 0 0 0
300	2	1 1 1 1 1 0 1 0 0 0 0 0 0 0 0 0
300	1	1 1 1 1 0 0 0 0 0 1 0 0 0 0 0 0
300	1	1 1 1 1 0 1 1 1 1 0 0 0 0 1 0 0
300	4	1 1 1 1 1 0 1 0 0 1 0 0 0 1 0 0
300	1	1 0 1 1 0 1 1 1 0 1 0 0 0 0 1 0
300	1	1 1 0 1 0 1 1 0 0 1 0 0 0 0 0 0
300	1	1 1 1 0 0 1 0 0 0 0 0 0 0 1 1 0
300	1	1 1 1 1 1 1 1 0 0 0 0 0 0 0 0 0
300	2	1 1 1 0 0 1 1 0 0 1 0 0 0 0 0 1
300	1	1 1 0 1 1 1 1 0 1 1 0 0 0 0 0 0
300	1	1 0 1 1 1 1 1 0 0 1 0 0 0 0 0 0
300	1	0 1 1 1 1 1 1 0 0 1 0 0 0 0 0 0
300	1	1 1 1 1 1 1 1 0 0 1 0 0 0 1 0 0
310	2	1 1 1 0 0 1 1 0 0 1 0 0 0 0 0 0
310	11	1 1 1 1 0 1 1 0 0 1 0 0 0 0 0 0
310	2	1 1 1 1 0 1 1 0 0 0 0 0 0 0 0 0
310	3	1 1 1 1 0 1 0 0 0 0 0 0 0 0 0 0
310	3	1 1 1 1 1 1 1 0 0 1 0 0 0 0 0 0
310	1	1 1 1 1 0 0 1 0 1 0 0 0 0 0 0 0
310	2	1 1 1 1 0 1 0 0 0 0 1 0 0 0 0 0
310	1	1 1 1 0 0 1 1 1 0 1 0 0 0 0 0 0
310	7	1 1 1 1 0 1 1 0 0 1 0 0 0 0 1 0
310	3	1 1 1 1 0 1 1 1 1 0 0 0 0 0 0 0
310	1	1 1 1 1 0 1 1 0 0 1 0 0 0 0 0 1
310	2	1 1 1 1 0 0 1 0 0 1 0 0 0 0 0 0
310	5	1 1 1 1 0 1 1 0 0 1 1 0 0 0 0 0
310	2	1 1 1 0 0 1 0 0 0 1 0 0 0 0 0 0
310	2	1 1 1 1 1 1 1 1 0 1 1 0 0 0 0 0
310	1	1 1 1 1 1 0 1 0 0 1 0 0 0 0 0 0
310	1	1 1 1 1 0 1 1 0 1 1 0 0 0 0 0 0
310	1	1 1 1 1 0 0 0 0 0 1 0 1 0 0 0 0
310	1	1 1 1 1 1 1 0 0 0 1 0 0 0 0 0 0
310	2	1 1 0 0 0 1 1 0 1 1 0 0 0 0 1 0
310	1	1 0 1 1 0 1 1 1 1 1 0 0 0 0 0 0
310	1	1 1 1 0 1 1 1 0 0 1 0 0 0 0 0 0
310	1	1 1 1 0 0 1 0 0 0 0 0 0 0 1 0 0
310	2	1 1 1 1 1 1 1 0 0 1 1 0 0 0 0 0
310	4	1 1 1 0 1 1 1 1 0 1 0 0 0 0 0 0
310	1	1 1 1 1 0 0 1 0 0 1 0 0 0 0 0 1
310	5	1 0 1 1 0 0 1 1 0 0 0 0 0 0 0 0
310	5	1 1 1 1 1 0 1 0 0 0 0 0 0 0 0 0
310	3	1 1 1 1 1 1 0 0 0 0 0 0 0 0 0 0
310	2	1 1 1 1 1 0 1 0 0 1 0 0 0 1 0 0
310	1	1 1 1 1 0 0 1 0 0 0 0 0 0 0 0 0
310	1	1 1 1 0 0 1 1 0 0 1 0 0 0 0 0 1
310	2	1 1 1 1 1 1 0 1 0 1 1 0 0 0 0 0
310	1	1 1 1 1 0 1 0 0 0 1 0 0 0 0 0 0
310	1	1 1 0 1 0 1 1 1 1 0 0 0 0 0 0 0
310	1	1 1 1 0 1 0 0 0 0 0 0 0 0 0 0 0
310	2	1 0 1 1 0 1 0 0 0 1 0 0 0 0 0 0
310	3	1 0 1 1 0 0 1 0 1 0 0 0 0 0 0 0
310	1	1 1 1 0 0 1 1 0 0 1 0 1 0 0 0 0
310	2	0 1 1 1 0 1 1 0 0 1 1 0 0 0 0 0
310	1	1 1 1 1 0 0 1 0 1 1 0 0 0 0 0 1
310	1	1 1 1 1 0 1 0 1 1 0 0 0 0 0 0 0
310	1	0 1 1 0 0 1 0 0 0 1 0 0 0 0 0 0
310	1	1 1 1 1 0 1 1 1 0 1 0 0 0 0 0 0
310	1	0 1 1 1 0 1 1 0 1 1 0 0 0 0 0 0
310	1	1 1 1 1 1 1 1 1 0 1 0 0 0 0 0 0
310	1	1 1 1 1 1 0 1 0 1 1 0 0 0 0 0 0
320	3	1 1 1 0 0 1 1 0 0 1 0 0 0 0 0 0
320	7	1 1 1 1 0 1 1 0 0 1 0 0 0 0 0 0
320	1	1 1 1 1 0 1 1 0 0 0 0 0 0 0 0 0
320	4	1 1 1 1 0 1 0 0 0 0 0 0 0 0 0 0
320	3	1 1 1 1 1 1 1 0 0 1 0 0 0 0 0 0
320	3	1 1 1 1 0 1 1 1 1 0 0 0 0 0 0 0
320	4	1 1 1 1 0 1 1 0 0 1 0 0 0 0 0 1
320	1	1 1 1 1 0 0 1 0 0 1 0 0 0 0 0 0
320	10	1 1 1 1 0 1 1 0 0 1 1 0 0 0 0 0
320	3	1 1 1 0 0 1 0 0 0 1 0 0 0 0 0 0
320	2	1 1 1 1 1 1 1 1 0 1 1 0 0 0 0 0
320	2	1 0 1 1 0 1 1 1 0 1 0 1 0 0 0 0
320	3	1 1 1 1 0 1 1 0 1 1 0 0 0 0 0 0
320	1	1 1 1 1 1 1 0 0 0 1 0 0 0 0 0 0
320	10	1 1 1 1 0 1 0 1 0 0 0 0 0 0 0 0
320	2	1 1 1 0 0 1 0 0 0 0 0 0 0 1 0 0
320	4	1 1 1 1 1 1 1 0 0 1 1 0 0 0 0 0
320	2	1 1 1 0 1 1 1 1 0 1 0 0 0 0 0 0
320	3	1 1 1 1 0 0 1 0 0 1 0 0 0 0 0 1
320	1	1 0 1 1 0 0 1 1 0 0 0 0 0 0 0 0
320	1	1 1 1 1 0 1 0 0 0 0 0 0 0 1 0 0
320	1	1 1 1 1 1 1 0 0 0 0 0 0 0 0 0 0
320	1	1 1 1 0 1 1 1 0 0 1 0 0 1 0 0 0
320	1	1 1 1 0 0 1 1 0 0 1 0 0 0 0 0 1
320	1	1 1 1 1 1 1 0 1 0 1 1 0 0 0 0 0
320	2	1 0 1 1 0 1 0 0 0 1 0 0 0 0 0 0
320	2	1 0 1 1 0 0 1 0 1 0 0 0 0 0 0 0
320	2	1 1 1 0 0 1 1 0 0 1 0 1 0 0 0 0
320	1	1 1 1 1 0 0 1 0 1 1 0 0 0 0 0 1
320	1	1 1 1 1 0 1 0 0 0 0 0 1 0 1 0 0
320	1	1 1 1 1 0 0 1 0 0 1 0 0 0 0 1 1
320	1	0 1 1 1 0 1 1 0 1 1 0 0 0 0 0 0
320	1	1 0 1 1 1 1 1 0 0 1 0 0 0 0 0 0
320	1	1 0 1 1 0 0 1 0 0 1 0 0 0 0 0 1
320	2	1 1 1 1 1 1 0 0 0 0 0 0 0 0 0 1
320	1	1 1 1 0 0 1 0 0 0 1 0 0 1 0 0 0
320	1	1 1 1 1 0 1 1 1 1 1 0 0 0 0 0 0
320	1	1 1 1 1 1 0 1 0 0 0 1 0 0 0 0 0
320	1	1 1 1 1 1 1 0 0 0 0 0 0 0 1 0 0
320	2	1 1 1 1 1 1 0 0 0 1 1 0 0 0 0 0
320	1	1 1 1 1 0 1 1 0 0 0 0 0 0 0 1 0
320	2	1 1 1 1 1 1 1 1 0 1 0 0 0 0 0 0
320	1	1 1 0 0 0 1 1 0 1 1 0 0 1 0 1 0
320	1	1 1 1 1 0 1 1 0 0 0 0 0 0 1 0 0
320	1	0 1 1 1 0 1 0 0 1 1 0 0 0 0 0 0
330	1	1 1 1 0 0 1 1 0 0 1 0 0 0 0 0 0
330	6	1 1 1 1 0 1 1 0 0 1 0 0 0 0 0 0
330	5	1 1 1 1 0 1 1 0 0 0 0 0 0 0 0 0
330	7	1 1 1 1 0 1 0 0 0 0 0 0 0 0 0 0
330	1	1 1 1 1 0 1 1 1 1 0 0 0 0 0 0 0
330	3	1 1 1 1 0 1 1 0 0 1 0 0 0 0 0 1
330	7	1 1 1 1 0 1 1 0 0 1 1 0 0 0 0 0
330	5	1 1 1 1 1 1 1 1 0 1 1 0 0 0 0 0
330	3	1 0 1 1 0 1 1 1 0 1 0 1 0 0 0 0
330	4	1 1 1 1 0 1 1 0 1 1 0 0 0 0 0 0
330	9	1 1 1 1 1 1 0 0 0 1 0 0 0 0 0 0
330	11	1 1 1 1 0 1 0 1 0 0 0 0 0 0 0 0
330	2	1 1 1 0 1 1 1 1 0 1 0 0 0 0 0 0
330	2	1 1 1 1 0 0 1 0 0 1 0 0 0 0 0 1
330	1	1 1 1 1 0 1 0 0 0 0 0 0 0 1 0 0
330	1	1 1 1 1 1 1 0 0 0 0 0 0 0 0 0 0
330	1	1 1 1 1 0 1 0 0 0 1 0 0 0 0 0 0
330	4	1 0 1 1 0 1 0 0 0 1 0 0 0 0 0 0
330	3	1 0 1 1 0 0 1 0 1 0 0 0 0 0 0 0
330	2	1 1 1 1 0 1 0 0 0 0 0 1 0 1 0 0
330	2	1 1 1 1 0 0 1 0 0 1 0 0 0 0 1 1
330	1	1 1 1 1 0 1 1 1 0 0 0 0 0 0 0 0
330	1	1 1 1 1 1 1 1 1 0 1 1 0 0 1 0 0
330	3	0 1 1 0 1 1 1 1 0 1 0 0 0 0 0 0
330	1	1 0 1 0 0 1 0 0 0 1 0 0 0 0 0 0
330	4	1 1 1 1 0 1 1 0 0 1 1 0 0 0 0 1
330	1	1 1 1 1 1 1 0 1 0 0 0 0 0 0 0 0
330	1	1 1 1 1 0 1 1 0 0 0 0 1 0 1 0 0
330	1	1 1 0 1 0 1 0 1 0 0 0 0 0 0 0 0
330	1	1 1 1 1 0 1 0 0 0 0 0 0 0 0 0 1
330	2	1 1 1 1 0 1 1 0 0 1 1 0 0 0 1 0
330	1	1 0 1 1 1 1 1 1 0 1 0 0 0 0 0 0
330	2	1 0 1 1 0 1 1 0 0 1 0 0 0 0 0 0
330	1	1 1 1 1 1 1 0 0 1 1 0 0 0 0 0 0
340	13	1 1 1 1 0 1 1 0 0 1 0 0 0 0 0 0
340	1	1 1 1 1 0 1 1 0 0 0 0 0 0 0 0 0
340	5	1 1 1 1 0 1 0 0 0 0 0 0 0 0 0 0
340	1	1 1 1 1 0 1 1 1 1 0 0 0 0 0 0 0
340	3	1 1 1 1 0 1 1 0 0 1 0 0 0 0 0 1
340	4	1 1 1 1 0 0 1 0 0 1 0 0 0 0 0 0
340	14	1 1 1 1 0 1 1 0 0 1 1 0 0 0 0 0
340	1	1 1 1 1 1 1 1 1 0 1 1 0 0 0 0 0
340	1	1 0 1 1 0 1 1 1 0 1 0 1 0 0 0 0
340	1	1 1 1 1 0 1 1 0 1 1 0 0 0 0 0 0
340	13	1 1 1 1 1 1 0 0 0 1 0 0 0 0 0 0
340	4	1 1 1 1 0 1 0 1 0 0 0 0 0 0 0 0
340	1	1 1 1 0 0 1 0 0 0 0 0 0 0 1 0 0
340	1	1 1 1 1 1 1 1 0 0 1 1 0 0 0 0 0
340	1	1 1 1 1 0 0 1 0 0 1 0 0 0 0 0 1
340	4	1 1 1 1 0 1 0 0 0 0 0 0 0 1 0 0
340	2	1 0 1 1 0 0 1 0 1 0 0 0 0 0 0 0
340	1	1 1 1 0 0 1 1 0 0 1 0 1 0 0 0 0
340	3	1 1 1 1 0 1 0 0 0 0 0 1 0 1 0 0
340	1	0 1 1 0 1 1 1 1 0 1 0 0 0 0 0 0
340	1	1 1 1 0 0 1 0 0 0 1 0 0 1 0 0 0
340	1	1 1 1 1 0 1 1 1 1 1 0 0 0 0 0 0
340	2	1 1 1 1 0 1 1 0 0 0 0 1 0 1 0 0
340	1	1 1 1 1 0 1 1 0 0 1 0 1 0 0 0 0
340	1	1 1 1 1 0 1 0 0 0 0 0 0 0 0 0 1
340	2	1 1 1 1 0 1 1 0 0 1 1 0 0 0 1 0
340	2	1 1 1 1 0 1 0 0 0 0 0 1 0 0 0 0
340	2	0 1 1 1 0 1 1 0 0 1 1 0 0 0 0 0
340	1	1 1 1 0 0 1 1 0 0 0 0 1 0 0 0 0
340	1	1 0 1 1 0 1 1 0 0 1 1 0 0 0 1 0
340	1	1 1 1 1 0 1 1 0 0 1 0 0 0 0 1 0
340	1	1 1 1 1 1 1 1 0 0 1 0 0 0 0 1 1
340	1	1 0 1 1 1 1 0 0 0 1 0 0 0 0 0 0
340	1	1 1 1 0 0 1 1 0 0 1 0 1 1 0 0 0
340	1	0 1 1 1 0 1 1 0 0 1 0 0 0 1 0 0
340	1	1 1 1 0 0 1 1 1 0 1 0 0 0 0 0 0
340	1	1 1 1 1 0 1 1 0 0 1 1 1 0 0 0 0
340	1	0 1 1 1 0 1 0 0 0 0 0 0 0 0 0 0
340	1	0 0 1 1 1 1 1 0 0 1 0 0 0 0 0 0
340	1	1 1 1 1 0 1 0 0 0 0 0 0 1 0 0 0
340	1	1 1 1 1 0 1 1 1 0 1 1 0 1 0 0 0
350	5	1 1 1 1 0 1 1 0 0 1 0 0 0 0 0 0
350	11	1 1 1 1 0 1 0 0 0 0 0 0 0 0 0 0
350	1	1 1 1 1 0 1 1 0 0 1 0 0 0 0 0 1
350	4	1 1 1 1 0 0 1 0 0 1 0 0 0 0 0 0
350	16	1 1 1 1 0 1 1 0 0 1 1 0 0 0 0 0
350	2	1 1 1 1 1 1 1 1 0 1 1 0 0 0 0 0
350	8	1 1 1 1 0 1 1 0 1 1 0 0 0 0 0 0
350	4	1 1 1 1 1 1 0 0 0 1 0 0 0 0 0 0
350	1	1 1 1 0 0 1 0 0 0 0 0 0 0 1 0 0
350	2	1 1 1 1 1 1 1 0 0 1 1 0 0 0 0 0
350	1	1 1 1 1 1 1 0 0 0 0 0 0 0 0 0 0
350	2	1 0 1 1 0 0 1 0 1 0 0 0 0 0 0 0
350	1	1 1 1 0 0 1 1 0 0 1 0 1 0 0 0 0
350	4	1 1 1 1 0 1 0 0 0 0 0 1 0 1 0 0
350	2	1 1 1 1 0 1 1 1 0 1 0 0 0 0 0 0
350	1	1 0 1 1 1 1 1 0 0 1 0 0 0 0 0 0
350	1	1 1 0 1 0 1 0 1 0 0 0 0 0 0 0 0
350	2	1 1 1 1 0 1 1 0 0 1 0 1 0 0 0 0
350	3	1 1 1 1 0 1 1 0 0 1 1 0 0 0 1 0
350	2	1 1 1 1 0 1 0 0 0 0 0 1 0 0 0 0
350	8	0 1 1 1 0 1 1 0 0 1 1 0 0 0 0 0
350	1	1 1 1 0 0 1 1 0 0 0 0 1 0 0 0 0
350	1	1 1 1 1 0 1 1 0 0 1 0 0 0 0 1 1
350	1	1 1 1 0 0 1 1 0 0 1 0 1 1 0 0 0
350	1	1 1 1 1 1 1 0 0 0 0 0 1 0 0 0 0
350	1	1 1 1 1 0 0 1 0 0 1 0 0 1 0 0 0
350	1	1 1 1 1 0 1 0 0 0 0 0 0 1 0 0 0
350	1	1 0 1 1 0 1 1 0 0 1 1 0 0 0 0 0
350	2	1 1 1 1 0 1 1 0 0 0 0 0 0 1 0 0
350	1	1 1 1 1 1 0 0 0 0 1 0 0 0 0 0 0
350	1	1 1 1 1 0 0 1 0 0 1 0 1 0 0 0 0
350	2	1 1 1 1 0 1 1 0 1 1 1 0 0 0 0 0
350	1	1 1 1 1 1 1 0 0 0 0 0 1 0 0 1 0
350	1	1 0 1 1 0 0 1 0 0 1 0 0 0 0 0 0
350	1	1 1 1 1 0 0 0 0 0 1 0 0 0 0 0 1
350	1	1 1 1 1 0 1 0 0 0 0 1 0 0 0 0 0
350	1	1 1 1 0 0 1 1 0 0 1 1 0 0 0 0 0
350	1	0 1 1 1 0 1 1 1 0 1 1 0 0 0 0 0
360	5	1 1 1 1 0 1 1 0 0 1 0 0 0 0 0 0
360	2	1 1 1 1 0 1 1 0 0 0 0 0 0 0 0 0
360	6	1 1 1 1 0 1 0 0 0 0 0 0 0 0 0 0
360	14	1 1 1 1 0 0 1 0 0 1 0 0 0 0 0 0
360	5	1 1 1 1 0 1 1 0 0 1 1 0 0 0 0 0
360	1	1 1 1 1 1 1 1 1 0 1 1 0 0 0 0 0
360	5	1 1 1 1 0 1 1 0 1 1 0 0 0 0 0 0
360	3	1 1 1 1 1 1 0 0 0 1 0 0 0 0 0 0
360	1	1 1 1 1 0 1 0 1 0 0 0 0 0 0 0 0
360	1	1 1 1 0 0 1 0 0 0 0 0 0 0 1 0 0
360	1	1 1 1 1 1 1 1 0 0 1 1 0 0 0 0 0
360	2	1 1 1 1 0 0 1 0 0 1 0 0 0 0 0 1
360	1	1 1 1 1 1 1 0 0 0 0 0 0 0 0 0 0
360	1	1 1 1 1 0 1 0 0 0 1 0 0 0 0 0 0
360	2	1 0 1 1 0 0 1 0 1 0 0 0 0 0 0 0
360	4	1 1 1 0 0 1 1 0 0 1 0 1 0 0 0 0
360	4	1 1 1 1 0 1 0 0 0 0 0 1 0 1 0 0
360	2	1 1 1 1 0 1 1 1 0 1 0 0 0 0 0 0
360	1	1 0 1 1 1 1 1 0 0 1 0 0 0 0 0 0
360	1	1 1 1 1 0 1 1 1 0 0 0 0 0 0 0 0
360	4	1 1 0 1 0 1 0 1 0 0 0 0 0 0 0 0
360	2	1 1 1 1 0 1 1 0 0 1 0 1 0 0 0 0
360	1	1 1 1 1 0 1 0 0 0 0 0 0 0 0 0 1
360	3	1 1 1 1 0 1 1 0 0 1 1 0 0 0 1 0
360	2	1 1 1 1 0 1 0 0 0 0 0 1 0 0 0 0
360	4	0 1 1 1 0 1 1 0 0 1 1 0 0 0 0 0
360	2	1 1 1 1 0 1 1 0 0 0 0 1 0 0 0 0
360	1	0 0 1 0 1 1 1 1 0 1 0 0 0 0 0 0
360	1	0 1 1 0 1 1 1 1 0 1 0 0 0 0 1 0
360	1	1 1 1 1 0 1 1 0 0 1 1 0 1 0 0 0
360	1	1 1 1 1 1 1 0 0 0 0 0 1 0 0 0 0
360	1	1 1 1 1 0 1 1 0 0 0 0 0 0 1 0 0
360	1	0 1 1 0 1 1 1 1 0 1 0 0 0 0 1 1
360	1	1 0 1 1 0 1 1 0 0 1 0 0 0 0 0 0
360	2	1 1 1 1 1 1 0 0 0 1 0 0 0 0 1 0
360	2	0 1 1 1 0 1 1 1 0 1 1 0 0 0 0 0
360	1	1 0 1 1 1 1 0 0 0 0 0 1 0 0 1 0
360	1	1 1 1 1 0 1 0 0 0 1 0 1 0 0 0 0
360	1	0 1 1 0 0 1 0 0 0 0 0 0 1 0 0 0
360	1	1 1 1 1 0 1 1 0 1 1 0 0 0 1 0 0
360	1	1 1 1 0 0 1 1 0 0 1 0 0 0 0 0 0
360	1	1 0 1 1 0 1 0 0 0 0 0 1 0 1 0 0
360	1	1 1 1 1 0 0 1 0 0 1 1 1 0 0 0 0
360	1	1 1 1 0 1 1 1 1 0 1 0 0 0 0 1 0
360	1	0 0 1 1 0 1 1 0 0 1 1 0 1 1 0 0
370	6	1 1 1 1 0 1 1 0 0 1 0 0 0 0 0 0
370	2	1 1 1 1 0 1 1 0 0 0 0 0 0 0 0 0
370	1	1 1 1 1 0 1 0 0 0 0 0 0 0 0 0 0
370	7	1 1 1 1 0 0 1 0 0 1 0 0 0 0 0 0
370	2	1 1 1 1 0 1 1 0 0 1 1 0 0 0 0 0
370	2	1 1 1 1 0 1 1 0 1 1 0 0 0 0 0 0
370	2	1 1 1 1 1 1 0 0 0 1 0 0 0 0 0 0
370	3	1 1 1 1 0 1 0 1 0 0 0 0 0 0 0 0
370	3	1 1 1 0 0 1 0 0 0 0 0 0 0 1 0 0
370	3	1 1 1 1 1 1 0 0 0 0 0 0 0 0 0 0
370	2	1 1 1 1 0 1 0 0 0 1 0 0 0 0 0 0
370	3	1 0 1 1 0 0 1 0 1 0 0 0 0 0 0 0
370	2	1 1 1 0 0 1 1 0 0 1 0 1 0 0 0 0
370	1	1 1 1 1 0 1 0 0 0 0 0 1 0 1 0 0
370	9	1 1 1 1 0 1 1 1 0 1 0 0 0 0 0 0
370	1	1 1 1 1 0 1 1 1 0 0 0 0 0 0 0 0
370	4	1 1 0 1 0 1 0 1 0 0 0 0 0 0 0 0
370	3	1 1 1 1 0 1 0 0 0 0 0 0 0 0 0 1
370	1	1 1 1 1 0 1 1 0 0 0 0 1 0 0 0 0
370	3	0 0 1 0 1 1 1 1 0 1 0 0 0 0 0 0
370	2	0 1 1 0 1 1 1 1 0 1 0 0 0 0 1 0
370	1	1 0 1 1 0 1 1 0 0 1 1 0 0 0 0 0
370	1	0 1 1 1 0 1 0 1 0 0 0 0 0 0 0 0
370	1	1 1 1 1 0 0 0 0 0 1 0 0 0 0 0 1
370	3	1 1 1 1 1 1 0 0 0 1 0 0 0 0 1 0
370	2	1 1 1 1 0 1 1 0 1 1 0 1 0 0 0 0
370	1	0 1 1 1 0 1 1 0 1 1 1 0 0 0 0 0
370	1	1 1 1 1 0 1 0 0 0 1 0 1 0 0 0 0
370	2	1 1 1 1 0 0 1 0 1 0 0 0 0 0 0 0
370	1	1 1 1 1 1 1 1 0 0 1 0 0 0 0 0 0
370	2	1 1 0 1 0 1 1 0 0 1 0 0 0 0 0 0
370	1	1 1 1 1 0 0 1 0 0 1 0 0 0 1 0 0
370	5	0 1 1 1 1 1 0 0 0 1 0 0 0 0 0 0
370	1	1 1 0 1 0 1 1 0 0 1 0 1 0 0 0 0
370	2	0 0 1 1 0 1 1 0 0 1 1 0 1 1 0 0
370	2	1 1 0 1 1 1 0 0 0 1 0 0 0 0 1 0
370	3	0 1 1 1 0 1 1 0 0 0 0 0 0 0 0 0
370	1	1 1 1 1 0 1 1 0 1 0 0 1 0 0 0 0
370	1	1 1 1 1 0 0 1 0 0 1 0 0 1 0 0 0
370	1	0 1 1 1 1 1 0 0 1 0 0 0 0 0 0 0
370	1	1 1 1 1 1 1 0 0 0 1 0 0 1 0 0 0
370	1	1 1 0 1 0 1 1 1 0 1 0 0 0 0 0 0
370	1	1 0 1 1 0 0 1 0 0 1 0 0 0 0 0 0
370	2	1 1 1 1 0 0 1 0 0 0 0 0 0 0 0 0
370	1	1 1 1 0 0 1 1 0 0 1 1 0 0 1 1 0
380	6	1 1 1 1 0 1 1 0 0 1 0 0 0 0 0 0
380	2	1 1 1 1 0 1 1 0 0 0 0 0 0 0 0 0
380	6	1 1 1 1 0 1 0 0 0 0 0 0 0 0 0 0
380	2	1 1 1 1 0 0 1 0 0 1 0 0 0 0 0 0
380	2	1 1 1 1 1 1 1 1 0 1 1 0 0 0 0 0
380	1	1 1 1 1 0 1 1 0 1 1 0 0 0 0 0 0
380	2	1 1 1 1 1 1 0 0 0 1 0 0 0 0 0 0
380	4	1 1 1 1 0 1 0 1 0 0 0 0 0 0 0 0
380	1	1 1 1 0 0 1 0 0 0 0 0 0 0 1 0 0
380	4	1 1 1 1 1 1 1 0 0 1 1 0 0 0 0 0
380	2	1 1 1 1 1 1 0 0 0 0 0 0 0 0 0 0
380	3	1 0 1 1 0 0 1 0 1 0 0 0 0 0 0 0
380	4	1 1 1 0 0 1 1 0 0 1 0 1 0 0 0 0
380	6	1 1 1 1 0 1 0 0 0 0 0 1 0 1 0 0
380	5	1 1 1 1 0 1 1 1 0 1 0 0 0 0 0 0
380	3	1 1 1 1 0 1 1 1 0 0 0 0 0 0 0 0
380	3	1 1 0 1 0 1 0 1 0 0 0 0 0 0 0 0
380	1	1 1 1 1 0 1 0 0 0 0 0 1 0 0 0 0
380	2	0 1 1 1 0 1 1 0 0 1 1 0 0 0 0 0
380	1	1 1 1 1 0 1 1 0 0 0 0 1 0 0 0 0
380	1	0 0 1 0 1 1 1 1 0 1 0 0 0 0 0 0
380	1	1 0 1 1 0 1 1 0 0 1 1 0 0 0 0 0
380	2	1 1 1 0 0 1 1 0 0 1 1 0 0 0 0 0
380	2	1 1 1 1 1 1 0 0 0 1 0 0 0 0 1 0
380	2	1 1 1 0 0 1 1 0 0 1 1 0 0 0 1 0
380	2	1 1 1 1 0 1 1 0 1 1 0 1 0 0 0 0
380	3	1 1 1 1 1 1 1 0 0 1 0 0 0 0 0 0
380	1	1 1 0 1 0 1 1 0 0 1 0 0 0 0 0 0
380	2	1 1 0 1 0 1 1 0 0 1 0 1 0 0 0 0
380	1	1 1 1 1 0 1 1 0 0 1 0 0 0 0 0 1
380	2	1 1 1 0 0 1 1 1 0 1 1 0 0 0 0 0
380	2	0 1 1 1 0 1 1 0 0 0 0 0 0 0 0 0
380	4	0 1 1 1 0 1 1 0 1 1 1 0 0 0 0 1
380	1	1 1 1 1 0 1 1 1 0 1 1 0 0 0 0 0
380	2	1 1 1 1 1 1 1 0 1 1 0 0 0 0 0 0
380	2	1 1 1 0 0 1 0 0 1 0 0 0 0 0 0 0
380	1	1 1 0 1 0 1 0 1 0 1 0 0 0 0 0 0
380	2	1 1 1 1 0 0 0 1 0 0 0 0 0 0 0 0
380	1	1 1 1 1 0 0 1 0 1 1 0 0 0 0 0 0
380	3	0 1 1 1 0 1 1 0 0 0 0 0 1 0 0 0
380	1	1 0 1 1 0 1 1 0 1 1 0 0 0 0 0 0
380	1	1 1 1 1 0 0 1 0 1 1 0 1 0 0 0 0
380	1	1 1 1 1 0 1 1 0 0 1 0 0 1 0 0 0
390	6	1 1 1 1 0 1 1 0 0 1 0 0 0 0 0 0
390	4	1 1 1 1 0 1 1 0 0 0 0 0 0 0 0 0
390	11	1 1 1 1 0 1 0 0 0 0 0 0 0 0 0 0
390	4	1 1 1 1 0 0 1 0 0 1 0 0 0 0 0 0
390	1	1 1 1 1 0 1 1 0 0 1 1 0 0 0 0 0
390	1	1 1 1 1 1 1 1 1 0 1 1 0 0 0 0 0
390	1	1 1 1 1 0 1 1 0 1 1 0 0 0 0 0 0
390	4	1 1 1 1 1 1 0 0 0 1 0 0 0 0 0 0
390	2	1 1 1 1 0 1 0 1 0 0 0 0 0 0 0 0
390	3	1 1 1 1 1 1 1 0 0 1 1 0 0 0 0 0
390	2	1 0 1 1 0 0 1 0 1 0 0 0 0 0 0 0
390	5	1 1 1 1 0 1 0 0 0 0 0 1 0 1 0 0
390	1	1 1 1 1 0 1 1 1 0 1 0 0 0 0 0 0
390	1	1 1 1 1 0 1 1 1 0 0 0 0 0 0 0 0
390	1	1 1 0 1 0 1 0 1 0 0 0 0 0 0 0 0
390	7	1 1 1 1 0 1 0 0 0 0 0 1 0 0 0 0
390	1	0 0 1 0 1 1 1 1 0 1 0 0 0 0 0 0
390	3	1 0 1 1 0 1 1 0 0 1 1 0 0 0 0 0
390	2	1 1 1 1 1 1 0 0 0 1 0 0 0 0 1 0
390	1	1 1 1 1 0 1 1 0 1 1 0 1 0 0 0 0
390	4	1 1 1 1 0 1 1 1 0 1 0 1 0 0 0 0
390	2	1 1 1 1 0 1 0 0 0 1 0 1 0 0 0 0
390	2	1 1 1 1 0 0 1 0 1 0 0 0 0 0 0 0
390	6	1 1 1 1 1 1 1 0 0 1 0 0 0 0 0 0
390	1	1 1 0 1 0 1 1 0 0 1 0 0 0 0 0 0
390	1	1 1 1 1 0 1 1 0 0 1 0 0 0 0 1 0
390	1	1 1 1 1 0 1 1 0 0 1 0 0 0 0 0 1
390	4	1 1 1 0 0 1 1 1 0 1 1 0 0 0 0 0
390	1	0 1 1 1 0 1 1 0 0 0 0 0 0 0 0 0
390	1	1 1 1 1 0 1 1 0 1 0 0 1 0 0 0 0
390	2	1 1 1 1 0 1 1 1 0 1 1 0 0 0 0 0
390	1	1 0 1 1 0 0 1 0 0 1 0 0 0 0 0 0
390	2	0 0 1 0 0 1 1 1 0 1 0 0 0 0 0 0
390	1	1 1 0 1 0 1 0 1 0 1 0 0 0 0 0 0
390	1	1 1 1 1 0 0 1 0 0 0 0 0 0 0 0 0
390	1	1 1 1 1 0 0 1 0 1 1 0 0 0 0 0 0
390	2	1 1 0 1 1 1 0 0 0 1 0 0 0 0 0 0
390	1	1 1 1 1 0 1 1 0 0 1 0 0 1 0 0 1
390	1	1 1 1 1 0 0 0 0 0 1 0 1 0 0 0 0
390	1	1 1 1 1 0 1 0 0 0 1 1 0 0 0 0 0
390	1	1 0 1 0 0 0 1 1 0 1 0 0 0 0 0 0
390	1	1 1 0 1 0 1 0 1 0 0 0 0 0 0 0 1
390	1	1 1 1 1 0 1 0 0 0 0 1 1 0 1 0 0
400	2	1 1 1 1 0 1 1 0 0 1 0 0 0 0 0 0
400	3	1 1 1 1 0 1 1 0 0 0 0 0 0 0 0 0
400	6	1 1 1 1 0 1 0 0 0 0 0 0 0 0 0 0
400	4	1 1 1 1 1 1 1 1 0 1 1 0 0 0 0 0
400	4	1 1 1 1 1 1 0 0 0 1 0 0 0 0 0 0
400	6	1 1 1 1 0 1 0 1 0 0 0 0 0 0 0 0
400	5	1 1 1 1 1 1 1 0 0 1 1 0 0 0 0 0
400	2	1 1 1 1 1 1 0 0 0 0 0 0 0 0 0 0
400	8	1 1 1 1 0 1 0 0 0 0 0 1 0 1 0 0
400	1	1 1 0 1 0 1 0 1 0 0 0 0 0 0 0 0
400	6	1 1 1 1 0 1 0 0 0 0 0 1 0 0 0 0
400	1	0 1 1 1 0 1 1 0 0 1 1 0 0 0 0 0
400	5	0 0 1 0 1 1 1 1 0 1 0 0 0 0 0 0
400	1	1 0 1 1 0 1 1 0 0 1 1 0 0 0 0 0
400	2	1 1 1 1 1 1 0 0 0 1 0 0 0 0 1 0
400	5	1 1 1 1 0 1 1 0 1 1 0 1 0 0 0 0
400	1	1 1 1 1 0 1 1 1 0 1 0 1 0 0 0 0
400	3	1 1 1 1 0 0 1 0 1 0 0 0 0 0 0 0
400	4	1 1 1 1 1 1 1 0 0 1 0 0 0 0 0 0
400	3	1 1 1 0 0 1 1 1 0 1 1 0 0 0 0 0
400	6	1 1 1 1 0 1 1 1 0 1 1 0 0 0 0 0
400	1	1 1 1 1 0 0 0 0 0 1 0 1 0 0 0 0
400	1	0 1 1 1 0 1 0 0 0 0 0 1 0 0 0 0
400	1	1 1 1 1 1 1 0 0 0 0 1 0 0 0 0 0
400	1	1 1 1 1 0 0 0 0 0 0 0 0 0 0 0 0
400	1	1 1 1 1 0 1 0 0 0 0 1 1 0 0 0 0
400	1	1 1 1 1 0 1 0 0 0 0 1 1 0 1 0 0
400	1	1 1 1 1 1 1 0 1 0 1 1 0 0 0 0 0
400	1	1 1 1 1 0 1 0 0 0 0 0 1 0 1 1 0
400	1	1 1 1 1 0 1 0 1 0 1 0 1 0 0 0 0
400	1	1 0 0 1 0 1 0 1 0 0 0 0 0 0 0 0
400	2	1 1 1 1 1 1 1 0 0 1 0 0 1 0 0 0
400	1	0 1 1 1 0 1 1 0 0 1 0 0 0 0 1 0
400	1	1 1 1 1 1 1 1 0 1 1 0 0 0 0 0 0
400	1	1 1 1 1 0 1 1 0 0 1 1 0 0 0 0 0
400	1	1 1 1 1 0 0 1 0 0 1 1 0 0 0 0 0
400	1	1 1 1 1 0 1 0 0 0 0 0 0 0 1 0 0
400	1	1 1 1 1 0 1 0 0 1 0 0 1 0 1 0 0
400	1	1 1 1 1 0 1 1 0 1 1 0 0 1 0 0 0
400	2	0 1 1 1 1 1 0 0 0 0 1 0 0 0 0 0
400	1	1 1 1 1 0 1 1 1 0 1 0 0 0 1 0 0
