0	250	0 1 1 0 0 0 0 1 0 0 0 0 0 0 0 0
0	250	0 0 1 0 1 1 0 1 0 0 0 1 1 1 1 0
0	250	1 1 1 0 0 0 0 0 0 0 1 0 1 0 0 0
0	250	1 0 0 0 0 0 1 0 0 1 0 0 0 0 0 0
20	189	0 1 1 0 0 0 0 1 0 0 0 0 0 0 0 0
20	51	0 0 1 0 1 1 0 1 0 0 0 1 1 1 1 0
20	94	1 1 1 0 0 0 0 0 0 0 1 0 1 0 0 0
20	292	1 0 0 0 0 0 1 0 0 1 0 0 0 0 0 0
20	5	1 1 1 0 0 0 0 0 0 0 1 1 1 1 1 0
20	16	1 1 1 0 0 0 0 0 0 1 0 0 0 0 0 0
20	33	1 0 0 0 0 0 0 1 0 0 0 0 0 0 0 0
20	11	0 0 1 0 1 1 0 1 0 1 0 1 1 1 1 0
20	10	1 0 0 0 0 0 0 0 0 1 0 0 0 0 0 0
20	1	1 1 1 0 0 0 0 1 0 0 0 0 0 0 0 0
20	4	0 1 1 0 0 0 0 1 0 0 1 0 0 0 0 0
20	15	0 0 1 1 1 1 0 1 0 0 0 1 1 1 1 0
20	8	1 1 1 0 0 0 0 0 0 1 1 0 1 0 0 0
20	39	1 0 0 0 0 0 1 0 0 1 0 0 1 0 0 0
20	1	0 1 1 0 0 0 0 0 0 0 1 0 1 0 0 0
20	4	0 1 1 0 0 0 1 0 0 1 0 0 0 0 0 0
20	19	1 0 0 0 0 1 0 1 0 0 0 1 1 1 1 0
20	11	1 1 1 0 0 0 0 0 0 0 1 1 1 0 0 0
20	17	0 0 1 0 1 1 0 1 0 0 0 0 0 0 0 0
20	1	1 0 0 0 0 0 1 0 0 1 0 0 0 1 0 0
20	13	0 0 1 0 0 0 0 1 0 0 0 0 0 0 0 0
20	1	0 0 1 0 1 1 1 1 0 0 0 1 1 1 1 0
20	2	1 1 0 0 0 0 0 1 0 0 0 0 0 0 0 0
20	6	1 0 1 0 0 0 0 1 0 0 0 0 0 0 0 0
20	5	0 1 1 0 0 0 0 1 0 0 0 1 0 0 0 0
20	2	1 0 0 0 0 0 0 1 0 0 0 0 0 0 0 1
20	7	1 0 1 0 0 0 1 0 0 1 0 0 0 0 0 0
20	3	0 0 1 0 1 1 0 1 0 1 0 1 1 0 0 0
20	4	1 0 0 0 1 0 1 0 0 1 0 0 0 0 0 0
20	1	0 0 1 0 1 1 0 0 0 0 1 0 1 0 0 0
20	10	0 0 0 0 0 0 1 0 0 1 0 0 0 0 0 0
20	5	1 0 0 0 0 0 1 0 0 1 0 1 1 1 1 0
20	6	0 1 1 0 0 0 0 1 0 0 0 1 1 1 1 0
20	4	1 0 0 0 1 1 0 1 0 0 0 1 1 1 1 0
20	1	0 1 0 0 0 0 0 1 0 0 0 0 0 0 0 0
20	8	0 0 1 0 1 1 0 1 1 0 0 1 1 1 1 0
20	1	0 1 1 0 0 0 0 0 0 0 0 0 0 0 0 0
20	2	1 0 0 0 0 0 1 1 0 1 0 0 0 0 0 0
20	2	1 1 1 0 1 0 0 1 0 0 0 0 0 0 0 0
20	10	1 1 0 0 0 0 1 0 0 1 0 0 0 0 0 0
20	3	1 1 1 0 0 0 0 0 0 0 1 0 0 0 0 0
20	2	1 0 0 0 0 0 1 0 0 1 0 0 1 1 1 0
20	2	1 1 1 0 0 0 0 0 0 1 1 0 0 0 0 0
20	2	0 0 1 0 1 1 0 1 0 0 0 0 1 0 0 0
20	7	1 1 1 0 0 1 0 1 0 0 0 0 0 0 0 0
20	2	0 1 1 0 1 0 0 1 0 0 0 0 0 0 0 0
20	13	0 0 0 0 0 0 1 0 0 1 0 0 1 0 0 0
20	4	0 1 1 0 0 0 1 1 0 0 0 0 0 0 0 0
20	4	1 0 0 0 0 0 1 0 0 1 1 0 0 0 0 0
20	2	1 1 1 0 0 1 1 0 0 1 0 0 0 0 0 0
20	9	1 0 0 0 1 1 1 1 0 0 0 1 1 1 1 0
20	1	1 0 0 0 0 0 1 0 0 1 1 0 1 0 0 0
20	1	0 0 1 0 0 0 1 0 0 1 0 0 0 0 0 0
20	2	1 0 0 0 0 0 1 0 0 0 0 0 0 0 0 0
20	2	0 1 1 0 1 1 0 1 0 0 0 1 1 1 1 0
20	1	0 0 1 0 0 0 0 0 0 0 1 1 1 0 0 0
20	6	1 0 0 0 0 0 1 1 0 0 0 0 0 0 0 0
20	6	0 0 1 0 1 1 1 0 0 1 0 0 0 0 0 0
20	1	1 0 1 0 0 0 1 0 0 0 0 1 1 1 1 0
20	2	0 1 1 0 0 0 0 1 0 0 0 0 0 0 1 0
20	3	1 1 1 0 0 0 0 0 0 0 1 0 1 0 1 0
20	4	1 0 0 0 0 0 0 1 0 1 0 0 0 0 0 0
20	1	0 0 1 0 1 1 0 1 1 1 0 1 1 1 1 0
20	1	1 1 1 0 0 0 0 0 0 1 1 1 1 0 0 0
20	1	1 0 0 0 0 0 1 0 0 1 0 0 1 0 1 0
20	1	0 0 0 0 0 1 0 1 0 0 0 1 1 1 1 0
20	1	0 0 1 0 1 0 0 1 0 0 0 0 0 0 0 0
20	2	1 0 0 0 1 0 1 1 0 0 0 1 1 1 1 0
40	55	0 1 1 0 0 0 0 1 0 0 0 0 0 0 0 0
40	51	1 1 1 0 0 0 0 0 0 0 1 0 1 0 0 0
40	302	1 0 0 0 0 0 1 0 0 1 0 0 0 0 0 0
40	21	1 0 0 0 0 0 0 1 0 0 0 0 0 0 0 0
40	19	1 0 0 0 0 0 0 0 0 1 0 0 0 0 0 0
40	12	0 1 1 0 0 0 0 1 0 0 1 0 0 0 0 0
40	12	0 0 1 1 1 1 0 1 0 0 0 1 1 1 1 0
40	18	1 1 1 0 0 0 0 0 0 1 1 0 1 0 0 0
40	50	1 0 0 0 0 0 1 0 0 1 0 0 1 0 0 0
40	28	0 1 1 0 0 0 1 0 0 1 0 0 0 0 0 0
40	5	0 0 1 0 1 1 0 1 0 0 0 0 0 0 0 0
40	3	0 0 1 0 0 0 0 1 0 0 0 0 0 0 0 0
40	13	1 1 0 0 0 0 0 1 0 0 0 0 0 0 0 0
40	2	1 0 1 0 0 0 1 0 0 1 0 0 0 0 0 0
40	17	0 0 0 0 0 0 1 0 0 1 0 0 0 0 0 0
40	3	0 1 0 0 0 0 0 1 0 0 0 0 0 0 0 0
40	21	0 1 1 0 0 0 0 0 0 0 0 0 0 0 0 0
40	4	1 0 0 0 0 0 1 1 0 1 0 0 0 0 0 0
40	2	1 1 1 0 1 0 0 1 0 0 0 0 0 0 0 0
40	54	1 1 0 0 0 0 1 0 0 1 0 0 0 0 0 0
40	1	1 1 1 0 0 0 0 0 0 0 1 0 0 0 0 0
40	14	0 0 1 0 1 1 0 1 0 0 0 0 1 0 0 0
40	13	1 1 1 0 0 1 0 1 0 0 0 0 0 0 0 0
40	18	0 1 1 0 1 0 0 1 0 0 0 0 0 0 0 0
40	26	1 1 1 0 0 1 1 0 0 1 0 0 0 0 0 0
40	16	1 0 0 0 1 1 1 1 0 0 0 1 1 1 1 0
40	4	1 0 0 0 0 0 1 0 0 1 0 0 1 0 1 0
40	10	1 1 1 0 0 0 0 1 0 0 0 0 0 0 0 0
40	22	0 1 1 0 0 0 0 1 0 1 0 0 0 0 0 0
40	10	1 1 1 0 1 0 0 0 0 0 1 0 1 0 0 0
40	2	1 0 0 0 0 0 1 0 0 1 0 1 0 0 0 0
40	5	1 0 0 0 0 1 0 1 0 1 0 0 0 0 0 0
40	10	1 0 0 0 0 0 0 1 0 0 0 0 1 0 0 0
40	1	0 1 1 0 0 0 0 1 0 1 0 0 0 0 1 0
40	7	1 0 0 0 0 0 1 0 0 1 1 0 0 0 0 0
40	1	1 0 0 0 1 0 1 0 0 1 0 0 1 0 0 0
40	10	1 1 1 0 0 0 0 0 0 0 1 0 0 0 0 1
40	5	1 0 1 0 0 0 1 0 0 0 0 0 0 1 0 0
40	5	0 1 1 0 0 0 1 1 0 0 0 0 0 0 0 0
40	15	1 0 0 0 0 0 1 0 0 1 0 0 0 0 1 0
40	7	0 1 1 0 0 0 0 1 0 0 1 0 0 0 1 0
40	1	0 1 1 0 1 0 0 1 0 0 0 0 1 0 0 0
40	1	1 0 0 0 0 0 1 0 1 1 0 0 0 0 0 0
40	8	1 0 0 1 0 0 1 0 0 1 0 0 1 0 0 0
40	5	1 0 1 0 0 0 1 0 0 1 0 0 0 0 1 0
40	8	1 1 1 0 0 0 0 0 0 1 0 0 0 0 0 0
40	7	1 0 0 0 1 0 1 0 0 1 0 0 0 0 0 0
40	6	0 1 1 0 0 0 0 1 1 1 0 0 0 0 1 0
40	3	0 0 1 0 0 0 0 0 0 0 0 0 0 0 0 0
40	7	1 1 1 0 0 0 0 1 0 0 1 0 0 0 1 0
40	5	1 1 1 0 0 0 1 0 0 1 0 0 0 0 0 0
40	6	0 1 1 0 0 0 0 1 0 0 0 1 0 0 0 0
40	6	1 0 0 0 0 1 1 0 0 1 0 0 0 0 0 0
40	1	1 1 1 0 1 0 0 1 0 0 0 0 1 0 0 0
40	1	0 1 0 0 0 0 1 0 0 1 0 0 0 0 0 0
40	1	1 0 0 0 1 0 1 0 0 1 1 0 1 0 0 0
40	2	1 0 0 0 0 0 0 0 0 0 1 0 1 0 0 0
40	1	0 0 1 1 1 1 0 1 0 0 0 1 1 0 0 0
40	6	0 1 1 0 0 0 1 0 0 1 0 0 0 1 0 0
40	2	1 1 0 0 0 0 0 1 0 0 0 0 0 0 1 0
40	2	1 1 1 0 0 0 0 0 0 0 0 0 0 0 0 1
40	1	0 1 1 0 0 0 0 0 0 0 1 0 0 0 0 1
40	2	1 1 1 0 0 0 0 1 0 1 0 0 0 0 0 0
40	1	0 1 1 0 0 0 1 0 0 1 0 0 0 0 0 1
40	2	0 1 1 0 0 0 0 0 1 0 0 0 0 0 0 0
40	1	1 0 0 0 0 0 1 0 1 1 1 0 0 0 0 0
40	3	1 1 0 0 0 1 1 0 0 1 0 0 0 0 0 0
40	1	1 1 1 0 0 0 0 0 0 0 0 0 0 0 0 0
40	1	0 1 1 0 0 0 0 0 0 1 0 0 0 0 0 0
40	1	0 0 0 0 0 0 0 0 0 0 0 0 0 0 0 0
40	1	0 1 1 0 1 0 0 1 0 1 0 0 1 0 0 0
40	3	0 0 1 1 1 1 0 1 0 0 0 1 1 1 1 1
40	1	1 0 0 0 0 0 1 0 1 1 0 0 1 0 0 0
40	1	0 1 1 0 0 0 1 0 0 1 0 0 1 0 0 0
40	2	0 0 0 0 0 0 0 0 0 1 0 0 0 0 0 0
40	2	1 1 0 1 0 0 1 0 0 1 0 0 0 0 0 0
40	2	1 0 0 0 1 1 1 1 0 0 0 0 1 1 1 0
40	2	0 1 1 0 1 0 0 1 0 0 0 1 0 0 0 0
60	10	0 1 1 0 0 0 0 1 0 0 0 0 0 0 0 0
60	9	1 1 1 0 0 0 0 0 0 0 1 0 1 0 0 0
60	323	1 0 0 0 0 0 1 0 0 1 0 0 0 0 0 0
60	1	1 0 0 0 0 0 0 1 0 0 0 0 0 0 0 0
60	5	1 0 0 0 0 0 0 0 0 1 0 0 0 0 0 0
60	19	0 1 1 0 0 0 0 1 0 0 1 0 0 0 0 0
60	7	1 1 1 0 0 0 0 0 0 1 1 0 1 0 0 0
60	68	1 0 0 0 0 0 1 0 0 1 0 0 1 0 0 0
60	35	0 1 1 0 0 0 1 0 0 1 0 0 0 0 0 0
60	12	1 1 0 0 0 0 0 1 0 0 0 0 0 0 0 0
60	4	0 1 1 0 0 0 0 0 0 0 0 0 0 0 0 0
60	17	1 1 0 0 0 0 1 0 0 1 0 0 0 0 0 0
60	24	0 1 1 0 1 0 0 1 0 0 0 0 0 0 0 0
60	51	1 1 1 0 0 1 1 0 0 1 0 0 0 0 0 0
60	13	1 1 1 0 0 0 0 1 0 0 0 0 0 0 0 0
60	33	0 1 1 0 0 0 0 1 0 1 0 0 0 0 0 0
60	1	1 1 1 0 1 0 0 0 0 0 1 0 1 0 0 0
60	3	1 0 0 0 0 0 1 0 0 1 0 1 0 0 0 0
60	5	1 0 0 0 0 0 1 0 0 1 1 0 0 0 0 0
60	6	0 1 1 0 0 0 0 1 0 0 1 0 0 0 1 0
60	8	1 0 0 0 1 0 1 0 0 1 0 0 0 0 0 0
60	5	1 1 1 0 0 0 0 1 0 0 1 0 0 0 1 0
60	29	1 1 1 0 0 0 1 0 0 1 0 0 0 0 0 0
60	1	1 1 1 0 1 0 0 1 0 0 0 0 1 0 0 0
60	3	0 0 1 1 1 1 0 1 0 0 0 1 1 0 0 0
60	7	0 1 1 0 0 0 0 0 0 1 0 0 0 0 0 0
60	8	0 1 1 0 1 0 0 1 0 0 0 1 0 0 0 0
60	16	1 0 1 0 0 1 1 0 0 1 0 0 0 0 1 0
60	9	1 0 0 0 1 1 0 1 0 0 0 1 1 1 1 0
60	5	1 1 0 0 0 0 1 0 1 1 0 0 0 0 0 0
60	6	0 1 1 0 0 0 0 1 0 1 1 0 0 0 1 0
60	8	1 0 0 0 0 0 0 1 0 1 0 0 0 0 0 0
60	17	1 0 1 0 0 1 1 0 0 1 0 0 0 0 0 0
60	11	0 1 1 1 1 0 0 1 0 0 0 0 0 0 0 0
60	11	0 1 1 0 0 0 0 1 0 1 0 1 0 0 0 0
60	24	0 1 1 0 0 0 1 0 0 1 0 0 1 0 0 0
60	5	1 0 0 0 0 0 0 1 0 0 1 0 0 0 0 0
60	2	0 1 1 0 0 0 0 1 0 1 0 0 0 1 0 0
60	16	1 1 0 0 0 0 0 0 0 1 0 0 0 0 0 0
60	2	0 1 1 0 0 0 0 1 0 1 1 0 0 0 0 0
60	3	0 1 1 1 1 0 0 1 0 0 1 0 1 0 0 0
60	9	0 1 1 0 1 0 0 1 0 0 1 0 0 0 0 0
60	13	1 1 1 0 0 1 1 0 0 1 1 0 0 0 0 0
60	1	1 1 1 0 0 0 0 1 0 1 0 0 0 0 0 0
60	2	1 0 0 0 0 0 0 1 0 0 0 0 0 1 0 0
60	19	1 0 0 0 0 0 1 0 0 1 0 1 1 0 0 0
60	19	1 0 0 0 0 0 1 0 0 1 1 0 1 0 0 0
60	11	0 1 1 0 0 0 0 0 1 0 0 1 0 0 1 0
60	9	1 0 0 0 0 0 1 0 1 1 0 0 0 0 0 0
60	1	0 1 0 0 1 0 0 1 0 0 0 0 0 1 0 0
60	1	0 0 1 0 0 1 1 0 0 1 0 0 0 0 1 0
60	3	1 1 0 0 0 0 1 0 1 1 1 0 0 0 0 0
60	3	1 0 0 0 0 0 1 0 0 1 1 0 0 0 1 1
60	1	1 0 0 0 0 1 1 0 0 1 0 0 0 0 0 0
60	12	1 0 0 0 0 0 1 1 0 1 0 0 0 0 0 0
60	2	0 0 0 0 0 0 1 0 0 1 0 0 0 0 0 0
60	6	1 1 1 0 0 1 1 0 0 1 0 0 0 0 1 0
60	1	1 0 0 0 0 0 1 0 0 1 0 0 0 0 0 1
60	2	0 1 1 0 0 0 1 0 0 0 1 0 0 0 0 0
60	2	1 0 0 0 0 0 1 0 0 0 0 0 0 0 0 0
60	4	1 1 0 0 1 0 1 0 0 1 0 0 0 0 0 0
60	3	0 1 1 0 0 0 0 1 0 1 0 0 0 0 1 0
60	3	1 1 1 0 0 0 0 1 0 0 1 1 0 0 1 0
60	2	1 0 1 1 0 1 1 0 0 1 0 0 0 0 1 0
60	1	0 1 1 0 0 0 0 1 1 1 0 1 0 0 0 0
60	7	1 0 1 0 0 1 1 0 0 1 1 0 0 0 0 0
60	1	1 1 0 0 0 0 1 0 0 1 1 0 0 0 1 0
60	1	0 1 1 0 0 0 0 1 1 0 0 0 0 0 0 0
60	1	1 1 1 0 0 0 0 0 0 0 1 0 1 0 1 0
60	1	0 0 1 0 0 0 0 1 0 1 0 0 0 0 0 0
60	5	1 0 0 0 0 0 1 1 0 1 1 0 0 0 0 0
60	1	0 1 1 0 0 0 0 0 0 1 0 0 0 1 0 0
60	3	0 1 1 1 0 0 0 1 0 0 0 0 0 0 0 0
60	1	1 0 0 1 0 0 1 0 0 1 1 0 1 0 0 0
60	1	1 0 0 0 0 0 1 1 0 1 1 0 1 0 0 0
60	1	1 0 0 0 0 0 1 1 0 1 0 1 0 0 0 0
60	1	1 0 0 1 0 0 1 0 0 1 0 0 0 0 0 0
60	1	0 1 1 0 1 0 0 1 0 0 0 0 1 0 0 0
60	1	1 1 1 1 0 1 1 0 0 1 0 0 0 0 0 0
60	1	1 1 1 0 0 1 0 0 0 1 0 0 0 0 0 0
60	1	1 0 0 0 0 0 0 1 0 1 1 0 1 0 0 0
80	10	0 1 1 0 0 0 0 1 0 0 0 0 0 0 0 0
80	121	1 0 0 0 0 0 1 0 0 1 0 0 0 0 0 0
80	4	0 1 1 0 0 0 0 1 0 0 1 0 0 0 0 0
80	156	1 0 0 0 0 0 1 0 0 1 0 0 1 0 0 0
80	30	0 1 1 0 0 0 1 0 0 1 0 0 0 0 0 0
80	23	1 1 0 0 0 0 0 1 0 0 0 0 0 0 0 0
80	13	1 1 0 0 0 0 1 0 0 1 0 0 0 0 0 0
80	2	0 1 1 0 1 0 0 1 0 0 0 0 0 0 0 0
80	9	1 1 1 0 0 1 1 0 0 1 0 0 0 0 0 0
80	16	1 1 1 0 0 0 0 1 0 0 0 0 0 0 0 0
80	36	0 1 1 0 0 0 0 1 0 1 0 0 0 0 0 0
80	2	1 0 0 0 0 0 1 0 0 1 0 1 0 0 0 0
80	24	1 0 0 0 0 0 1 0 0 1 1 0 0 0 0 0
80	22	0 1 1 0 0 0 0 1 0 0 1 0 0 0 1 0
80	2	1 0 0 0 1 0 1 0 0 1 0 0 0 0 0 0
80	39	1 1 1 0 0 0 1 0 0 1 0 0 0 0 0 0
80	9	0 1 1 0 0 0 0 0 0 1 0 0 0 0 0 0
80	6	1 0 1 0 0 1 1 0 0 1 0 0 0 0 1 0
80	11	0 1 1 0 0 0 0 1 0 1 1 0 0 0 1 0
80	16	1 0 1 0 0 1 1 0 0 1 0 0 0 0 0 0
80	34	0 1 1 0 0 0 0 1 0 1 0 1 0 0 0 0
80	7	1 1 0 0 0 0 0 0 0 1 0 0 0 0 0 0
80	56	1 1 1 0 0 1 1 0 0 1 1 0 0 0 0 0
80	11	1 0 0 0 0 0 1 0 1 1 0 0 0 0 0 0
80	17	1 0 0 0 0 1 1 0 0 1 0 0 0 0 0 0
80	11	1 0 0 0 0 0 1 1 0 1 0 0 0 0 0 0
80	12	1 1 1 0 0 1 1 0 0 1 0 0 0 0 1 0
80	3	1 1 1 0 0 0 0 1 0 0 1 1 0 0 1 0
80	2	0 1 1 0 0 0 1 0 0 1 1 0 1 0 0 0
80	57	1 1 1 0 0 0 1 0 1 1 0 0 0 0 0 0
80	4	1 0 0 0 0 1 1 0 0 1 0 0 1 0 0 0
80	1	1 1 1 1 0 0 0 0 0 1 1 0 1 0 0 0
80	13	1 1 1 0 0 1 1 0 1 1 0 0 0 0 0 0
80	14	1 0 0 0 0 1 1 0 0 1 0 0 0 0 1 0
80	6	1 0 0 0 0 0 1 0 0 1 1 0 0 0 1 0
80	3	1 1 1 0 1 0 0 1 0 0 0 1 1 0 0 0
80	10	0 1 1 0 1 0 0 1 0 1 0 0 1 0 0 0
80	11	0 1 1 0 0 1 1 0 0 1 0 0 0 0 0 0
80	12	1 1 1 1 0 1 1 0 0 1 0 0 0 0 0 0
80	10	1 1 1 0 0 0 0 1 0 1 0 0 0 0 0 0
80	2	0 1 1 0 0 0 0 1 1 1 0 0 0 0 0 0
80	3	0 0 0 0 0 1 1 0 0 1 0 0 0 0 0 0
80	7	0 1 1 0 0 0 1 0 1 0 0 0 0 0 0 0
80	1	0 1 1 0 0 0 0 1 1 1 0 0 0 1 0 0
80	1	1 0 0 0 0 0 1 0 0 1 1 1 0 0 1 0
80	1	0 1 1 0 0 0 1 0 0 1 0 0 0 0 1 0
80	14	1 0 0 0 0 0 1 0 0 1 0 0 0 0 1 0
80	4	1 0 1 0 0 0 1 0 0 1 0 0 0 0 0 0
80	4	0 0 0 0 0 0 0 0 0 1 1 0 0 0 0 0
80	7	0 1 1 0 1 0 0 1 0 1 0 1 0 0 0 0
80	1	1 1 0 0 0 0 0 1 0 0 0 1 0 0 1 0
80	5	0 1 1 0 1 0 0 1 0 0 0 0 0 1 0 0
80	12	0 1 1 0 0 0 0 0 0 1 0 1 0 0 0 0
80	2	1 0 0 0 0 1 1 0 0 1 0 0 1 0 1 0
80	13	0 1 1 0 0 0 1 0 0 1 0 1 0 0 0 0
80	4	1 0 0 0 0 0 1 0 0 0 0 0 0 0 0 0
80	1	0 1 1 0 0 0 0 0 0 1 0 0 1 0 0 0
80	7	1 1 1 0 0 0 1 0 0 1 0 0 1 0 0 0
80	7	1 1 0 0 0 0 1 0 0 1 0 0 1 0 0 0
80	2	1 1 1 0 0 0 0 1 0 0 0 0 0 0 0 1
80	13	1 1 0 0 0 0 1 0 0 0 0 0 0 0 0 0
80	2	0 1 1 0 0 0 1 0 1 1 0 0 0 0 0 0
80	3	1 0 1 0 0 0 1 0 0 1 0 0 1 0 0 0
80	1	1 1 1 0 0 0 0 1 0 1 0 1 0 0 0 0
80	2	0 0 0 0 0 0 1 0 1 1 0 0 0 0 0 0
80	1	0 1 1 0 0 0 1 1 0 1 0 0 0 0 1 0
80	1	1 0 0 0 0 0 1 0 0 1 0 0 1 0 1 0
80	3	1 0 1 0 0 0 1 1 0 1 0 0 0 0 0 0
80	2	0 1 1 0 0 1 1 0 0 1 1 0 0 0 0 0
80	7	0 1 1 0 0 0 0 0 0 1 0 1 0 1 0 0
80	1	1 0 0 0 0 0 0 1 0 0 0 0 0 0 0 0
80	2	1 1 1 0 0 0 0 1 0 0 0 0 1 0 0 0
80	1	1 0 0 0 0 0 1 0 0 1 0 1 1 0 0 0
80	1	1 1 1 0 0 0 1 0 0 1 1 0 0 0 0 0
80	1	0 1 1 0 0 0 0 1 0 1 0 0 0 0 1 0
80	2	1 0 1 0 0 1 1 0 0 1 1 0 0 0 0 0
80	1	1 1 1 0 0 0 1 1 0 1 0 0 0 0 0 0
80	4	1 1 1 0 0 1 1 0 0 1 0 1 0 0 0 0
80	1	1 1 1 1 0 1 1 0 0 1 1 0 0 0 0 0
80	1	1 0 0 0 0 0 1 1 0 1 1 0 0 0 0 0
80	4	1 0 0 0 0 0 1 1 0 1 0 0 0 0 0 1
80	2	0 0 0 0 0 0 0 0 0 1 1 0 0 0 1 0
80	1	1 1 1 0 0 0 1 0 0 1 1 0 0 0 0 1
100	73	1 0 0 0 0 0 1 0 0 1 0 0 0 0 0 0
100	54	1 0 0 0 0 0 1 0 0 1 0 0 1 0 0 0
100	8	0 1 1 0 0 0 1 0 0 1 0 0 0 0 0 0
100	4	1 1 0 0 0 0 0 1 0 0 0 0 0 0 0 0
100	40	1 1 0 0 0 0 1 0 0 1 0 0 0 0 0 0
100	54	1 1 1 0 0 1 1 0 0 1 0 0 0 0 0 0
100	7	0 1 1 0 0 0 0 1 0 1 0 0 0 0 0 0
100	5	1 0 0 0 0 0 1 0 0 1 1 0 0 0 0 0
100	5	1 0 0 0 1 0 1 0 0 1 0 0 0 0 0 0
100	45	1 1 1 0 0 0 1 0 0 1 0 0 0 0 0 0
100	11	1 0 1 0 0 1 1 0 0 1 0 0 0 0 1 0
100	4	1 0 1 0 0 1 1 0 0 1 0 0 0 0 0 0
100	20	0 1 1 0 0 0 0 1 0 1 0 1 0 0 0 0
100	12	1 1 0 0 0 0 0 0 0 1 0 0 0 0 0 0
100	54	1 1 1 0 0 1 1 0 0 1 1 0 0 0 0 0
100	34	1 0 0 0 0 1 1 0 0 1 0 0 0 0 0 0
100	4	1 0 0 0 0 0 1 1 0 1 0 0 0 0 0 0
100	18	1 1 1 0 0 1 1 0 0 1 0 0 0 0 1 0
100	68	1 1 1 0 0 0 1 0 1 1 0 0 0 0 0 0
100	13	1 1 1 0 0 1 1 0 1 1 0 0 0 0 0 0
100	8	1 0 0 0 0 1 1 0 0 1 0 0 0 0 1 0
100	2	0 1 1 0 0 1 1 0 0 1 0 0 0 0 0 0
100	5	1 1 1 1 0 1 1 0 0 1 0 0 0 0 0 0
100	16	1 1 1 0 0 0 0 1 0 1 0 0 0 0 0 0
100	27	1 0 0 0 0 0 1 0 0 1 0 0 0 0 1 0
100	1	0 0 0 0 0 0 0 0 0 1 1 0 0 0 0 0
100	15	0 1 1 0 1 0 0 1 0 1 0 1 0 0 0 0
100	4	0 1 1 0 0 0 0 0 0 1 0 1 0 0 0 0
100	17	0 1 1 0 0 0 1 0 0 1 0 1 0 0 0 0
100	11	1 1 1 0 0 0 1 0 0 1 0 0 1 0 0 0
100	21	1 1 0 0 0 0 1 0 0 1 0 0 1 0 0 0
100	11	0 0 0 0 0 0 1 0 0 1 0 0 1 0 0 0
100	7	1 1 1 0 0 1 1 0 0 1 1 0 0 1 0 0
100	52	1 1 1 0 1 0 1 0 1 1 0 0 0 0 0 0
100	13	1 0 0 1 0 1 1 0 0 1 0 0 0 0 0 0
100	19	1 1 0 0 0 0 0 0 0 1 0 0 1 0 0 0
100	2	1 0 0 0 0 0 1 0 0 0 1 0 0 0 1 0
100	8	0 1 1 0 0 1 0 1 0 0 1 0 0 0 1 0
100	8	1 1 1 0 1 0 0 1 0 0 0 1 0 0 0 0
100	3	1 1 1 1 1 1 1 0 0 1 0 0 0 0 0 0
100	17	1 0 0 0 0 0 0 0 0 1 0 0 0 0 0 0
100	14	0 1 1 0 0 0 1 0 0 1 1 0 0 0 0 0
100	7	0 1 1 0 0 1 1 0 0 1 0 0 0 0 1 0
100	3	1 1 1 1 0 1 1 0 0 1 1 0 0 0 0 0
100	9	0 1 1 0 0 1 1 0 0 1 1 0 0 0 0 0
100	3	1 1 0 0 0 0 1 1 0 1 0 0 0 0 0 0
100	2	0 1 1 0 0 0 0 1 0 1 0 1 0 0 1 0
100	3	1 1 1 0 1 1 1 0 0 1 1 0 0 0 0 0
100	3	0 1 1 0 0 0 0 1 0 1 0 1 0 1 0 0
100	15	1 1 1 0 0 1 1 0 0 1 1 1 0 0 0 0
100	1	1 1 1 0 0 1 1 1 0 1 0 0 0 0 0 0
100	2	1 1 1 0 0 0 0 1 0 0 1 0 0 0 1 0
100	1	1 1 0 0 0 0 1 0 1 1 0 0 0 0 0 0
100	16	0 1 1 0 1 0 0 1 0 1 0 1 0 0 1 0
100	5	0 1 0 0 0 0 1 0 0 1 0 0 0 0 0 0
100	12	1 1 0 0 0 1 1 0 0 1 0 0 0 0 0 0
100	2	0 1 1 0 1 0 0 1 0 0 0 1 0 0 0 0
100	3	0 1 0 0 0 0 0 0 0 1 0 0 0 0 0 0
100	5	0 1 1 0 0 1 1 0 0 1 0 1 0 0 0 0
100	1	0 0 0 0 0 0 1 1 0 1 0 0 1 0 0 0
100	1	1 1 1 1 1 1 1 0 0 0 0 0 0 0 0 0
100	2	1 0 0 0 0 0 1 0 0 1 0 1 0 0 0 0
100	3	0 1 1 1 0 0 0 1 0 0 0 0 0 0 0 0
100	7	0 1 1 1 0 0 1 0 0 1 0 0 0 0 0 0
100	3	1 1 0 0 0 0 0 0 0 1 0 0 0 0 0 1
100	8	1 1 1 0 0 0 1 1 1 1 0 0 0 0 0 0
100	5	1 0 1 0 0 0 1 0 1 1 0 0 0 0 0 0
100	9	0 1 1 0 0 1 1 0 0 1 0 0 0 0 1 1
100	2	1 0 1 0 0 1 1 0 1 1 0 0 0 0 0 0
100	5	1 1 1 0 0 0 0 0 0 1 0 0 0 0 0 0
100	7	1 1 1 0 1 0 1 0 1 1 0 1 0 0 0 0
100	1	1 0 0 0 0 0 1 0 0 1 0 0 1 0 0 1
100	4	1 1 1 0 1 0 1 0 0 1 0 0 0 0 0 0
100	2	1 1 0 0 0 0 0 0 0 1 1 0 0 0 0 0
100	2	1 0 0 0 0 1 1 0 0 1 1 0 0 0 1 0
100	1	1 1 1 1 0 1 1 0 0 1 0 0 0 1 0 0
100	3	0 1 1 0 1 0 0 1 1 1 0 1 0 0 0 0
100	1	1 0 1 0 1 0 1 0 1 1 0 0 0 0 0 0
100	1	1 1 0 1 0 0 0 0 0 1 0 0 1 0 0 0
100	3	0 1 0 1 0 0 1 0 0 1 0 0 0 0 0 0
100	2	1 1 1 0 0 1 1 0 0 1 0 0 1 0 0 0
100	1	1 1 0 0 0 0 0 0 0 1 0 1 0 0 0 0
100	2	1 1 0 0 1 0 1 0 1 1 0 1 0 0 0 0
100	1	1 1 1 0 0 1 1 0 0 1 1 0 0 0 1 0
100	4	1 1 1 0 0 0 1 0 1 1 0 0 0 1 0 0
100	2	1 0 1 0 0 0 0 1 0 1 0 0 0 0 0 0
100	1	1 1 1 0 0 0 1 1 0 1 0 0 1 0 0 0
100	2	1 0 0 0 0 0 0 0 0 1 0 0 1 0 0 0
100	1	0 1 1 0 0 1 0 1 0 0 0 0 0 0 1 0
100	2	1 1 1 0 1 1 1 0 0 1 1 1 0 0 0 0
100	1	1 1 1 1 1 1 0 0 0 0 0 0 0 0 0 0
100	3	1 1 1 0 0 0 1 1 1 1 0 0 0 0 1 0
100	1	1 1 1 0 1 0 0 1 1 1 0 1 0 0 0 0
120	90	1 0 0 0 0 0 1 0 0 1 0 0 0 0 0 0
120	6	1 0 0 0 0 0 1 0 0 1 0 0 1 0 0 0
120	39	1 1 0 0 0 0 1 0 0 1 0 0 0 0 0 0
120	113	1 1 1 0 0 1 1 0 0 1 0 0 0 0 0 0
120	9	1 0 0 0 1 0 1 0 0 1 0 0 0 0 0 0
120	55	1 1 1 0 0 0 1 0 0 1 0 0 0 0 0 0
120	5	1 0 1 0 0 1 1 0 0 1 0 0 0 0 1 0
120	6	0 1 1 0 0 0 0 1 0 1 0 1 0 0 0 0
120	9	1 1 0 0 0 0 0 0 0 1 0 0 0 0 0 0
120	32	1 1 1 0 0 1 1 0 0 1 1 0 0 0 0 0
120	19	1 0 0 0 0 1 1 0 0 1 0 0 0 0 0 0
120	1	1 1 1 0 0 1 1 0 0 1 0 0 0 0 1 0
120	45	1 1 1 0 0 0 1 0 1 1 0 0 0 0 0 0
120	2	1 0 0 0 0 1 1 0 0 1 0 0 0 0 1 0
120	26	0 1 1 0 0 1 1 0 0 1 0 0 0 0 0 0
120	28	1 1 1 1 0 1 1 0 0 1 0 0 0 0 0 0
120	33	1 1 1 0 0 0 0 1 0 1 0 0 0 0 0 0
120	50	0 1 1 0 1 0 0 1 0 1 0 1 0 0 0 0
120	1	0 1 1 0 0 0 1 0 0 1 0 1 0 0 0 0
120	22	1 1 1 0 0 0 1 0 0 1 0 0 1 0 0 0
120	24	1 1 1 0 1 0 1 0 1 1 0 0 0 0 0 0
120	5	1 0 0 1 0 1 1 0 0 1 0 0 0 0 0 0
120	4	1 1 0 0 0 0 0 0 0 1 0 0 1 0 0 0
120	7	1 1 1 0 1 0 0 1 0 0 0 1 0 0 0 0
120	39	1 0 0 0 0 0 0 0 0 1 0 0 0 0 0 0
120	1	0 1 0 0 0 0 1 0 0 1 0 0 0 0 0 0
120	8	1 1 0 0 0 1 1 0 0 1 0 0 0 0 0 0
120	5	0 1 1 0 1 0 0 1 0 0 0 1 0 0 0 0
120	6	1 1 1 1 1 1 1 0 0 0 0 0 0 0 0 0
120	11	0 1 1 1 0 0 0 1 0 0 0 0 0 0 0 0
120	14	1 1 1 0 0 0 1 1 1 1 0 0 0 0 0 0
120	20	1 1 1 0 0 0 0 0 0 1 0 0 0 0 0 0
120	3	1 1 1 0 1 0 1 0 1 1 0 1 0 0 0 0
120	9	0 1 1 0 1 0 0 1 1 1 0 1 0 0 0 0
120	11	1 1 1 0 0 0 1 0 1 1 0 0 0 1 0 0
120	17	1 1 1 1 1 1 0 0 0 0 0 0 0 0 0 0
120	2	1 1 1 0 0 0 1 0 0 1 0 0 0 0 1 0
120	17	1 1 0 0 0 1 1 0 1 1 0 0 0 0 0 0
120	14	0 1 1 0 1 0 0 1 0 1 0 0 0 0 0 0
120	16	1 1 1 0 0 1 1 0 0 1 0 1 0 0 0 0
120	2	0 1 1 0 0 0 1 1 0 1 0 0 0 0 0 0
120	11	1 1 0 1 0 1 1 0 0 1 0 0 0 0 0 0
120	5	1 0 1 0 0 0 1 0 0 1 0 0 0 0 0 0
120	11	1 1 0 0 0 1 1 0 0 1 0 1 0 0 0 0
120	9	0 1 1 0 1 0 0 1 0 0 0 0 0 0 0 0
120	8	1 1 1 0 0 0 0 1 0 1 0 0 0 1 0 0
120	7	1 1 1 0 0 0 0 1 0 1 0 1 0 0 0 0
120	22	1 1 1 0 1 1 1 0 0 1 0 0 0 0 0 0
120	1	1 1 1 0 1 0 0 0 0 1 0 0 1 0 0 0
120	3	0 1 1 0 1 0 0 0 1 1 0 1 0 0 0 0
120	1	1 0 0 0 0 0 1 0 1 1 0 1 0 0 0 0
120	15	1 1 1 0 0 0 0 0 1 1 0 0 0 0 0 0
120	3	1 1 1 0 0 0 1 1 0 1 0 0 0 0 0 0
120	7	1 1 1 0 0 1 1 0 0 1 1 0 1 0 0 0
120	5	1 0 0 0 0 1 1 0 0 1 0 0 0 0 0 1
120	6	1 1 0 0 0 0 1 0 1 1 0 0 0 0 0 0
120	4	0 1 1 1 1 1 0 0 0 0 0 0 0 0 0 0
120	2	0 1 1 0 0 0 0 0 1 1 0 0 0 0 0 0
120	1	0 1 1 0 1 0 0 0 1 1 0 0 0 0 0 0
120	1	1 1 1 0 1 0 1 0 0 1 0 0 0 0 0 0
120	1	1 1 1 0 0 0 0 1 0 1 1 0 0 0 0 0
120	1	0 1 1 0 1 0 0 1 0 1 0 1 0 1 0 0
120	4	1 0 1 0 1 0 1 0 1 1 0 0 0 0 0 0
120	2	1 1 1 0 0 1 1 0 0 1 0 1 0 0 1 0
120	4	1 1 1 0 0 0 1 0 0 0 0 0 0 0 0 0
120	5	1 1 1 0 0 0 0 1 1 1 0 0 0 0 0 0
120	3	1 1 1 0 0 0 0 0 0 1 0 0 1 0 0 0
120	2	1 1 1 0 1 0 0 0 1 1 0 0 0 0 0 0
120	2	1 1 0 1 0 1 1 0 0 1 0 1 0 0 0 0
120	1	1 1 1 0 0 1 1 0 0 1 0 0 0 1 0 0
120	2	1 1 0 0 0 1 1 0 1 1 1 0 0 0 0 0
120	1	1 1 1 0 0 0 1 0 0 1 0 1 0 0 0 0
120	5	0 1 0 1 0 1 1 0 0 1 0 1 0 0 0 0
120	3	1 1 1 1 0 1 1 0 0 1 1 0 0 0 0 0
120	2	0 1 1 0 0 1 1 0 0 1 1 0 0 0 0 0
120	5	1 1 1 1 0 0 0 0 0 1 0 0 0 0 0 0
120	3	1 1 1 0 0 1 1 1 0 1 0 1 0 0 0 0
120	3	0 1 1 0 0 0 1 0 0 1 0 0 0 0 0 0
120	1	0 0 0 0 0 0 1 0 0 1 0 0 0 0 0 0
120	1	1 0 0 0 0 0 1 0 1 1 0 0 1 0 0 0
120	1	0 0 0 0 0 1 1 0 0 1 0 0 0 0 0 0
140	24	1 0 0 0 0 0 1 0 0 1 0 0 0 0 0 0
140	4	1 1 0 0 0 0 1 0 0 1 0 0 0 0 0 0
140	127	1 1 1 0 0 1 1 0 0 1 0 0 0 0 0 0
140	64	1 1 1 0 0 0 1 0 0 1 0 0 0 0 0 0
140	8	1 1 0 0 0 0 0 0 0 1 0 0 0 0 0 0
140	26	1 1 1 0 0 1 1 0 0 1 1 0 0 0 0 0
140	19	1 0 0 0 0 1 1 0 0 1 0 0 0 0 0 0
140	36	1 1 1 0 0 0 1 0 1 1 0 0 0 0 0 0
140	32	0 1 1 0 0 1 1 0 0 1 0 0 0 0 0 0
140	92	1 1 1 1 0 1 1 0 0 1 0 0 0 0 0 0
140	34	1 1 1 0 0 0 0 1 0 1 0 0 0 0 0 0
140	20	0 1 1 0 1 0 0 1 0 1 0 1 0 0 0 0
140	27	1 1 1 0 0 0 1 0 0 1 0 0 1 0 0 0
140	1	1 1 1 0 1 0 1 0 1 1 0 0 0 0 0 0
140	5	1 0 0 0 0 0 0 0 0 1 0 0 0 0 0 0
140	1	0 1 1 0 1 0 0 1 0 0 0 1 0 0 0 0
140	23	1 1 1 1 1 1 1 0 0 0 0 0 0 0 0 0
140	14	1 1 1 0 1 0 1 0 1 1 0 1 0 0 0 0
140	10	1 1 1 0 0 0 1 0 1 1 0 0 0 1 0 0
140	27	1 1 1 1 1 1 0 0 0 0 0 0 0 0 0 0
140	16	0 1 1 0 1 0 0 1 0 1 0 0 0 0 0 0
140	11	1 1 1 0 0 1 1 0 0 1 0 1 0 0 0 0
140	2	1 1 0 1 0 1 1 0 0 1 0 0 0 0 0 0
140	2	0 1 1 0 1 0 0 1 0 0 0 0 0 0 0 0
140	7	1 1 1 0 0 0 0 1 0 1 0 1 0 0 0 0
140	34	1 1 1 0 1 1 1 0 0 1 0 0 0 0 0 0
140	24	1 1 1 0 0 0 0 0 1 1 0 0 0 0 0 0
140	6	1 1 1 0 0 1 1 0 0 1 1 0 1 0 0 0
140	28	1 1 1 0 0 0 0 1 1 1 0 0 0 0 0 0
140	8	1 1 1 0 0 1 1 0 0 1 0 0 0 1 0 0
140	9	1 1 1 0 0 0 1 0 0 1 0 1 0 0 0 0
140	15	1 1 1 0 0 1 1 1 0 1 0 0 0 0 0 0
140	4	1 0 0 0 0 0 1 0 0 1 1 0 0 0 0 0
140	5	1 1 1 1 1 1 0 0 0 0 0 0 0 0 1 0
140	2	1 0 0 0 0 0 0 0 1 1 0 0 0 0 0 0
140	4	1 0 0 0 0 0 1 0 1 1 0 0 0 0 0 0
140	5	1 1 1 0 0 1 1 0 0 1 0 0 1 0 0 0
140	11	1 1 1 0 0 0 1 0 0 1 1 0 1 0 0 0
140	1	1 1 1 1 1 0 0 0 0 1 0 0 0 0 0 0
140	30	0 1 1 0 0 1 1 0 0 1 0 0 0 0 1 0
140	13	1 1 1 1 0 1 1 0 1 1 0 0 0 0 0 0
140	10	1 0 1 0 0 0 0 0 1 1 0 0 0 0 0 0
140	8	0 1 1 0 0 0 1 0 0 1 0 0 1 0 0 0
140	5	0 1 1 0 1 1 1 0 0 1 0 0 0 0 0 0
140	2	0 1 1 0 0 1 1 0 0 1 0 0 1 0 0 0
140	10	1 1 1 0 0 0 1 1 0 1 0 0 0 0 0 0
140	10	0 1 1 1 0 1 1 0 0 1 0 0 0 0 0 0
140	1	1 1 1 1 0 1 0 0 0 1 1 0 0 0 0 0
140	6	1 1 0 0 0 0 1 0 0 1 0 0 1 0 0 0
140	2	1 1 1 0 0 1 1 0 1 1 0 0 0 0 0 0
140	6	1 1 1 0 0 0 1 0 0 1 1 0 0 0 0 0
140	4	1 0 1 0 0 0 1 0 0 1 0 0 1 0 0 0
140	2	1 1 1 0 0 0 1 1 1 1 0 1 0 0 0 0
140	4	1 1 1 1 0 0 1 0 1 1 0 0 0 0 0 0
140	1	0 0 0 0 0 0 0 0 0 1 0 0 0 0 0 0
140	6	1 1 1 0 0 1 0 0 0 1 0 1 0 0 0 0
140	1	1 1 1 0 0 0 0 0 0 1 0 1 0 0 0 0
140	1	1 1 1 0 0 1 1 0 0 1 0 0 0 0 0 1
140	7	1 1 1 1 1 0 0 0 0 0 0 0 0 0 0 0
140	8	1 1 1 0 1 0 0 0 1 1 0 0 0 0 0 0
140	6	1 1 0 0 0 0 1 0 0 1 0 1 0 0 0 0
140	15	0 1 0 0 0 0 1 0 0 1 0 0 0 0 0 0
140	1	1 1 0 0 1 0 1 0 1 1 0 1 0 0 0 0
140	4	1 1 1 1 0 1 1 0 0 1 0 0 0 0 1 0
140	4	0 1 1 0 0 0 1 0 0 1 0 0 0 0 0 1
140	3	0 1 1 1 0 1 1 0 0 1 0 0 0 0 0 1
140	3	1 1 1 1 0 0 1 0 0 1 0 0 1 0 0 0
140	3	1 1 1 1 0 1 1 0 0 1 0 0 1 0 0 0
140	2	1 1 1 1 0 1 1 0 0 1 0 1 0 0 0 0
140	1	1 0 1 1 0 1 1 0 0 1 0 0 0 0 0 0
140	6	1 0 1 0 1 1 1 0 0 1 0 0 0 0 0 0
140	1	1 0 0 0 0 1 1 0 0 1 0 0 0 0 1 0
140	4	0 1 1 0 0 0 0 0 1 1 0 0 0 0 0 0
140	2	1 0 1 0 0 0 1 0 0 1 0 0 0 0 0 0
140	2	0 1 1 0 0 1 1 0 0 1 0 0 0 0 0 1
140	3	1 1 1 1 0 0 0 0 0 1 0 1 0 0 0 0
140	1	1 0 0 0 0 0 1 1 1 1 0 0 0 0 0 0
140	3	1 1 1 0 1 0 1 0 0 1 0 0 0 0 1 0
140	2	0 0 1 0 1 0 0 1 0 1 0 1 0 0 0 0
140	1	1 1 1 0 0 0 0 0 0 1 1 0 0 0 0 0
140	2	0 1 1 0 1 0 1 0 0 1 0 0 0 0 1 0
140	1	1 0 1 0 0 1 1 0 0 1 0 0 0 0 0 0
140	1	1 1 0 0 0 1 1 0 0 1 0 0 0 0 0 0
140	1	1 1 1 0 0 1 1 1 0 1 0 0 1 0 0 0
140	2	1 0 1 0 0 0 1 0 0 1 1 0 1 0 0 0
140	1	1 1 1 0 1 0 0 0 1 1 0 0 0 0 0 1
160	6	1 0 0 0 0 0 1 0 0 1 0 0 0 0 0 0
160	98	1 1 1 0 0 1 1 0 0 1 0 0 0 0 0 0
160	39	1 1 1 0 0 0 1 0 0 1 0 0 0 0 0 0
160	12	1 1 0 0 0 0 0 0 0 1 0 0 0 0 0 0
160	64	1 1 1 0 0 1 1 0 0 1 1 0 0 0 0 0
160	18	1 0 0 0 0 1 1 0 0 1 0 0 0 0 0 0
160	30	1 1 1 0 0 0 1 0 1 1 0 0 0 0 0 0
160	7	0 1 1 0 0 1 1 0 0 1 0 0 0 0 0 0
160	66	1 1 1 1 0 1 1 0 0 1 0 0 0 0 0 0
160	12	1 1 1 0 0 0 0 1 0 1 0 0 0 0 0 0
160	26	0 1 1 0 1 0 0 1 0 1 0 1 0 0 0 0
160	8	1 1 1 0 0 0 1 0 0 1 0 0 1 0 0 0
160	4	1 0 0 0 0 0 0 0 0 1 0 0 0 0 0 0
160	33	1 1 1 1 1 1 1 0 0 0 0 0 0 0 0 0
160	12	1 1 1 0 1 0 1 0 1 1 0 1 0 0 0 0
160	13	1 1 1 1 1 1 0 0 0 0 0 0 0 0 0 0
160	15	0 1 1 0 1 0 0 1 0 1 0 0 0 0 0 0
160	5	1 1 1 0 0 1 1 0 0 1 0 1 0 0 0 0
160	3	1 1 1 0 1 1 1 0 0 1 0 0 0 0 0 0
160	10	1 1 1 0 0 0 0 0 1 1 0 0 0 0 0 0
160	20	1 1 1 0 0 0 0 1 1 1 0 0 0 0 0 0
160	3	1 1 1 0 0 0 1 0 0 1 0 1 0 0 0 0
160	2	1 1 1 0 0 1 1 1 0 1 0 0 0 0 0 0
160	2	1 1 1 1 1 1 0 0 0 0 0 0 0 0 1 0
160	18	1 0 0 0 0 0 1 0 1 1 0 0 0 0 0 0
160	16	1 1 1 0 0 0 1 0 0 1 1 0 1 0 0 0
160	19	0 1 1 0 0 1 1 0 0 1 0 0 0 0 1 0
160	25	1 1 1 1 0 1 1 0 1 1 0 0 0 0 0 0
160	18	1 1 1 0 0 0 1 1 0 1 0 0 0 0 0 0
160	7	0 1 1 1 0 1 1 0 0 1 0 0 0 0 0 0
160	6	1 1 0 0 0 0 1 0 0 1 0 0 1 0 0 0
160	34	1 1 1 0 0 0 1 0 0 1 1 0 0 0 0 0
160	24	1 1 1 1 0 0 1 0 1 1 0 0 0 0 0 0
160	8	1 1 1 0 0 1 0 0 0 1 0 1 0 0 0 0
160	2	1 1 1 0 1 0 0 0 1 1 0 0 0 0 0 0
160	16	1 1 1 1 0 1 1 0 0 1 0 0 0 0 1 0
160	7	1 0 1 1 0 1 1 0 0 1 0 0 0 0 0 0
160	7	1 0 1 0 1 1 1 0 0 1 0 0 0 0 0 0
160	18	1 0 1 0 0 0 1 0 0 1 0 0 0 0 0 0
160	2	1 1 1 1 0 0 0 0 0 1 0 1 0 0 0 0
160	4	1 1 0 0 0 1 1 0 0 1 0 0 0 0 0 0
160	15	1 0 1 0 0 0 1 0 0 1 1 0 1 0 0 0
160	3	1 1 1 1 1 1 1 1 0 1 0 0 0 0 0 0
160	7	0 1 0 0 0 0 1 0 0 1 0 0 0 0 1 0
160	2	1 1 1 1 1 1 1 0 0 1 0 1 0 0 0 0
160	4	1 1 1 0 0 0 0 0 1 1 0 0 0 1 0 0
160	11	1 1 1 0 0 1 1 1 0 0 0 0 0 0 0 0
160	4	0 1 1 0 1 0 0 1 0 0 0 1 0 0 0 0
160	8	1 1 1 1 0 0 1 0 0 1 0 0 0 0 1 0
160	6	0 1 1 0 0 0 0 1 0 1 0 0 1 0 0 0
160	4	1 1 1 0 0 0 1 0 0 1 0 1 0 0 1 0
160	7	1 1 1 0 0 0 1 0 0 1 1 0 0 0 1 0
160	1	0 1 1 0 0 0 0 0 1 1 0 1 0 1 0 0
160	3	1 1 1 0 1 0 0 1 0 1 0 1 0 0 0 0
160	2	0 1 1 0 1 0 1 0 0 1 0 0 0 0 0 0
160	10	1 1 1 1 0 1 1 0 0 1 0 0 0 1 0 0
160	5	0 1 1 0 0 1 1 0 0 1 0 0 0 0 0 1
160	3	1 1 1 0 0 1 1 0 0 1 1 0 0 1 0 0
160	13	1 1 1 0 1 0 0 0 1 1 0 0 1 0 0 0
160	4	1 1 1 1 1 1 1 0 0 1 0 0 0 0 0 1
160	6	0 1 1 0 1 0 0 1 0 1 0 1 0 1 0 0
160	6	1 1 1 0 0 1 1 1 0 1 0 1 0 0 1 0
160	3	1 1 1 0 0 0 0 1 0 1 1 0 1 0 0 0
160	6	1 1 1 0 0 1 1 0 0 1 0 0 1 0 0 0
160	5	1 1 1 1 0 1 0 0 1 1 0 0 0 0 0 0
160	23	1 1 1 1 0 1 1 0 0 0 0 0 0 0 0 0
160	4	0 1 1 0 0 0 1 0 0 1 1 0 0 0 0 0
160	1	1 1 1 0 0 1 1 0 0 0 1 0 0 0 0 0
160	3	1 1 1 0 0 0 1 0 1 1 1 0 0 0 0 0
160	1	1 1 1 1 1 1 1 0 1 0 0 0 0 0 0 0
160	10	1 1 1 1 0 0 1 0 0 1 0 0 1 0 0 0
160	10	1 1 1 0 0 0 1 1 0 1 0 1 0 0 1 0
160	6	1 0 0 0 0 0 1 0 0 1 0 1 0 0 0 0
160	1	1 1 1 1 1 1 1 0 0 1 0 0 0 0 0 0
160	2	1 1 1 1 0 1 1 0 0 1 0 0 1 0 0 0
160	5	1 1 0 0 0 0 0 1 0 1 0 0 0 0 0 0
160	3	1 1 1 0 1 0 0 1 1 1 0 0 0 0 0 0
160	2	0 1 1 1 1 1 1 0 0 1 0 1 0 0 0 0
160	1	1 1 1 0 0 1 0 0 0 0 0 0 0 0 0 0
160	12	0 1 1 0 1 0 0 1 0 1 1 0 0 0 0 0
160	3	1 1 1 1 0 1 1 0 0 1 0 0 0 0 1 1
160	2	1 0 1 0 1 1 1 0 0 1 0 0 0 0 0 1
160	1	1 1 1 0 0 0 1 0 0 1 0 0 0 0 1 0
160	1	1 1 1 0 0 1 0 0 1 1 0 0 0 0 0 0
160	3	1 1 1 1 0 1 1 0 0 1 0 1 0 0 1 0
160	3	1 1 1 0 0 1 1 1 0 1 0 0 1 0 0 0
160	2	1 0 0 0 0 0 0 0 0 1 0 0 1 0 0 0
160	1	1 1 1 1 1 1 1 0 0 0 0 0 0 0 0 1
160	1	1 0 1 0 0 0 0 1 1 1 0 0 0 0 0 0
160	2	1 1 1 1 0 1 0 0 0 0 0 0 0 0 1 0
160	1	0 0 0 0 1 0 0 1 0 1 0 0 0 0 0 0
160	1	1 1 1 0 0 1 0 1 0 1 0 0 0 0 0 0
160	1	1 1 1 0 0 1 0 0 0 0 0 0 0 0 1 0
160	2	1 0 0 0 1 0 0 1 0 1 0 1 0 0 0 0
160	1	1 0 0 0 0 0 1 0 0 1 1 0 0 0 0 0
160	1	1 1 1 0 0 0 0 0 1 1 0 0 1 0 0 0
160	1	0 1 0 0 0 0 1 0 0 1 0 1 0 0 1 0
160	2	1 1 1 0 0 0 0 0 0 1 0 0 0 0 0 0
160	2	1 1 1 0 0 0 1 0 1 1 0 0 0 0 0 1
160	3	1 1 1 1 1 1 1 0 0 0 1 0 0 0 0 0
160	2	1 1 1 0 1 0 1 0 1 1 0 1 0 1 0 0
160	1	1 1 1 0 0 0 1 0 0 1 1 0 1 1 0 0
160	1	0 1 1 1 0 1 1 0 0 1 0 0 1 0 0 0
160	1	1 1 1 1 0 0 1 0 1 1 0 0 0 1 0 0
180	67	1 1 1 0 0 1 1 0 0 1 0 0 0 0 0 0
180	38	1 1 1 0 0 0 1 0 0 1 0 0 0 0 0 0
180	12	1 1 0 0 0 0 0 0 0 1 0 0 0 0 0 0
180	17	1 1 1 0 0 1 1 0 0 1 1 0 0 0 0 0
180	6	1 0 0 0 0 1 1 0 0 1 0 0 0 0 0 0
180	16	1 1 1 0 0 0 1 0 1 1 0 0 0 0 0 0
180	22	0 1 1 0 0 1 1 0 0 1 0 0 0 0 0 0
180	59	1 1 1 1 0 1 1 0 0 1 0 0 0 0 0 0
180	4	1 1 1 0 0 0 1 0 0 1 0 0 1 0 0 0
180	52	1 1 1 1 1 1 1 0 0 0 0 0 0 0 0 0
180	3	1 1 1 0 1 0 1 0 1 1 0 1 0 0 0 0
180	14	1 1 1 1 1 1 0 0 0 0 0 0 0 0 0 0
180	8	0 1 1 0 1 0 0 1 0 1 0 0 0 0 0 0
180	10	1 1 1 0 0 1 1 0 0 1 0 1 0 0 0 0
180	17	1 1 1 0 1 1 1 0 0 1 0 0 0 0 0 0
180	1	1 1 1 0 0 0 0 0 1 1 0 0 0 0 0 0
180	51	1 1 1 0 0 0 0 1 1 1 0 0 0 0 0 0
180	3	1 0 0 0 0 0 1 0 1 1 0 0 0 0 0 0
180	1	1 1 1 0 0 0 1 0 0 1 1 0 1 0 0 0
180	19	1 1 1 0 0 0 1 1 0 1 0 0 0 0 0 0
180	37	1 1 1 0 0 0 1 0 0 1 1 0 0 0 0 0
180	34	1 1 1 1 0 0 1 0 1 1 0 0 0 0 0 0
180	22	1 1 1 0 0 1 0 0 0 1 0 1 0 0 0 0
180	7	1 1 1 1 0 1 1 0 0 1 0 0 0 0 1 0
180	10	1 0 1 1 0 1 1 0 0 1 0 0 0 0 0 0
180	4	1 0 1 0 0 0 1 0 0 1 0 0 0 0 0 0
180	25	1 1 1 1 1 1 1 1 0 1 0 0 0 0 0 0
180	2	1 1 1 0 0 1 1 1 0 0 0 0 0 0 0 0
180	7	1 1 1 0 0 0 1 0 0 1 1 0 0 0 1 0
180	13	1 1 1 1 0 1 1 0 0 1 0 0 0 1 0 0
180	14	0 1 1 0 0 1 1 0 0 1 0 0 0 0 0 1
180	23	0 1 1 0 1 0 0 1 0 1 0 1 0 1 0 0
180	2	1 1 1 0 0 1 1 0 0 1 0 0 1 0 0 0
180	9	1 1 1 1 0 1 0 0 1 1 0 0 0 0 0 0
180	57	1 1 1 1 0 1 1 0 0 0 0 0 0 0 0 0
180	3	1 1 1 1 0 0 1 0 0 1 0 0 1 0 0 0
180	4	1 1 1 0 0 0 1 1 0 1 0 1 0 0 1 0
180	4	0 1 1 0 1 0 0 1 0 1 1 0 0 0 0 0
180	2	1 1 1 0 0 1 1 1 0 1 0 0 1 0 0 0
180	11	1 1 1 0 0 0 0 0 0 1 0 0 0 0 0 0
180	6	1 1 1 0 0 0 1 0 1 1 0 0 0 0 0 1
180	11	1 1 1 1 0 0 1 0 1 1 0 0 0 1 0 0
180	17	1 1 1 1 0 0 1 0 0 1 0 0 0 0 0 0
180	2	1 1 1 1 1 0 1 0 1 1 0 0 0 0 0 0
180	3	1 0 0 0 1 0 0 0 0 1 0 0 0 0 0 0
180	22	1 1 1 0 0 1 1 0 1 1 0 1 0 0 0 0
180	3	1 1 1 0 0 0 1 0 0 0 0 0 0 0 0 0
180	18	1 1 1 0 0 1 1 0 0 1 1 0 0 1 0 0
180	3	1 1 1 1 0 1 0 0 0 0 0 0 0 0 0 0
180	4	1 1 1 1 0 1 1 0 0 1 0 0 0 1 1 0
180	8	1 1 0 0 0 0 1 0 0 1 1 0 0 0 0 0
180	4	1 1 1 0 1 1 1 0 0 1 1 0 0 0 0 0
180	12	1 1 1 1 1 1 0 0 0 0 0 1 0 0 0 1
180	13	1 1 1 0 0 1 1 0 0 1 0 0 0 1 0 0
180	4	1 1 0 0 0 0 0 0 1 1 0 0 0 0 0 0
180	8	0 1 1 0 1 0 0 0 0 1 0 1 0 1 0 0
180	1	1 1 0 0 0 0 0 1 0 1 0 0 0 0 0 0
180	9	1 1 1 0 1 0 0 1 0 1 0 1 0 0 0 0
180	1	1 1 1 1 0 0 0 1 0 1 0 1 0 0 0 0
180	9	0 1 1 0 1 0 0 1 1 1 1 0 0 0 0 0
180	3	1 1 1 0 0 1 1 1 0 0 0 0 0 0 0 1
180	7	1 1 1 1 0 1 1 0 0 1 1 0 0 0 0 0
180	6	1 1 1 1 1 1 0 0 0 0 1 0 0 0 0 0
180	7	0 1 1 1 0 1 1 0 1 0 0 0 0 0 0 0
180	2	1 1 1 1 1 1 1 0 0 1 0 0 1 0 0 0
180	1	1 1 1 1 0 1 1 0 1 1 0 1 0 0 0 0
180	9	1 1 0 1 0 1 1 0 0 0 0 0 0 0 0 0
180	1	1 1 1 1 0 1 1 0 0 0 0 0 0 0 1 0
180	7	1 1 0 1 1 1 1 0 0 0 0 0 0 0 0 0
180	1	0 1 1 0 0 0 1 0 0 1 0 0 0 0 1 0
180	1	1 1 1 0 1 0 0 0 0 1 0 1 0 0 0 1
180	5	1 1 1 0 0 0 0 1 1 1 0 0 1 0 0 0
180	8	1 1 1 0 0 1 1 0 0 1 0 0 0 0 1 0
180	3	1 1 0 1 0 0 1 0 1 1 0 0 0 0 0 0
180	1	1 1 1 1 0 1 1 0 1 1 0 0 0 1 0 0
180	1	1 1 1 1 0 1 1 0 0 0 1 0 0 0 0 0
180	1	0 1 1 0 0 1 1 0 0 1 0 0 0 1 0 0
180	1	1 1 1 1 0 0 1 0 0 0 0 0 0 0 0 0
180	3	1 1 1 1 0 0 1 0 0 1 0 0 0 1 0 0
180	1	1 1 1 0 0 0 1 1 0 1 0 1 0 0 0 1
180	1	1 1 1 1 1 0 1 0 0 1 0 0 0 0 0 0
180	2	1 0 1 1 1 1 1 0 0 0 0 0 0 0 0 0
180	3	1 1 1 1 1 1 0 0 0 0 0 0 1 0 0 0
180	1	1 1 1 1 1 1 1 0 0 1 0 0 0 0 0 0
180	1	1 1 1 0 0 0 1 1 1 1 0 0 0 0 0 0
180	2	1 1 1 1 1 1 1 1 0 1 0 0 1 0 0 0
180	2	1 1 1 0 0 1 0 0 1 1 0 0 0 0 0 0
180	1	1 1 1 1 0 1 1 0 0 0 0 0 0 0 0 1
180	3	0 1 1 0 0 0 0 1 0 1 1 0 0 0 0 0
180	2	0 0 1 0 1 0 0 0 0 1 0 1 0 1 0 0
180	3	1 1 1 0 0 1 1 0 0 0 0 0 0 0 0 1
180	4	1 1 1 1 1 1 1 0 0 0 0 0 0 0 0 1
180	1	1 1 1 1 0 1 1 0 1 1 0 0 0 0 0 0
180	4	1 1 0 0 0 1 1 0 0 1 0 0 0 0 0 0
180	2	1 1 1 1 0 1 1 1 0 1 0 0 0 0 0 0
180	3	1 1 1 1 1 1 0 0 0 0 0 1 0 0 0 0
180	1	1 1 1 0 0 0 0 1 1 1 0 0 0 1 0 0
180	2	1 1 1 0 0 1 0 1 1 1 0 0 0 0 0 0
180	4	1 1 1 0 0 1 0 1 0 1 0 1 0 0 0 0
180	2	1 1 1 1 0 1 1 0 0 0 0 0 0 1 0 0
180	1	1 1 1 0 0 1 1 0 0 1 1 0 0 1 1 0
180	4	1 1 0 1 0 1 1 0 0 1 1 0 0 0 0 0
180	1	1 1 1 0 0 0 1 1 0 1 0 0 0 1 0 0
180	4	1 1 1 1 0 0 1 0 1 1 1 0 0 0 0 0
180	1	1 0 1 0 0 0 1 0 0 1 0 0 1 0 0 0
180	1	1 1 0 0 0 0 1 0 1 1 0 0 0 0 0 1
180	2	1 1 0 0 0 0 1 0 1 1 1 0 0 0 0 0
180	1	1 1 1 1 1 1 0 0 0 0 1 0 0 1 0 0
180	4	1 1 1 1 0 1 1 0 0 0 0 0 0 1 1 0
200	98	1 1 1 0 0 1 1 0 0 1 0 0 0 0 0 0
200	37	1 1 1 1 0 1 1 0 0 1 0 0 0 0 0 0
200	84	1 1 1 1 1 1 1 0 0 0 0 0 0 0 0 0
200	1	1 1 1 0 1 0 1 0 1 1 0 1 0 0 0 0
200	5	0 1 1 0 1 0 0 1 0 1 0 0 0 0 0 0
200	16	1 1 1 0 0 1 1 0 0 1 0 1 0 0 0 0
200	3	1 1 1 0 0 0 0 0 1 1 0 0 0 0 0 0
200	9	1 1 1 0 0 0 0 1 1 1 0 0 0 0 0 0
200	9	1 1 1 0 0 0 1 1 0 1 0 0 0 0 0 0
200	21	1 1 1 0 0 0 1 0 0 1 1 0 0 0 0 0
200	67	1 1 1 1 0 0 1 0 1 1 0 0 0 0 0 0
200	19	1 1 1 0 0 1 0 0 0 1 0 1 0 0 0 0
200	1	1 1 1 1 0 1 1 0 0 1 0 0 0 0 1 0
200	9	1 0 1 1 0 1 1 0 0 1 0 0 0 0 0 0
200	4	1 1 1 1 1 1 1 1 0 1 0 0 0 0 0 0
200	12	1 1 1 1 0 1 1 0 0 1 0 0 0 1 0 0
200	1	0 1 1 0 1 0 0 1 0 1 0 1 0 1 0 0
200	7	1 1 1 1 0 1 0 0 1 1 0 0 0 0 0 0
200	68	1 1 1 1 0 1 1 0 0 0 0 0 0 0 0 0
200	6	1 1 1 1 0 0 1 0 0 1 0 0 1 0 0 0
200	12	1 1 1 1 0 0 1 0 0 1 0 0 0 0 0 0
200	15	1 1 1 0 0 1 1 0 1 1 0 1 0 0 0 0
200	17	1 1 1 0 0 1 1 0 0 1 1 0 0 1 0 0
200	29	1 1 1 1 0 1 0 0 0 0 0 0 0 0 0 0
200	2	1 1 1 1 0 1 1 0 0 1 0 0 0 1 1 0
200	13	1 1 1 0 1 1 1 0 0 1 1 0 0 0 0 0
200	4	1 1 1 1 1 1 0 0 0 0 0 1 0 0 0 1
200	16	1 1 1 0 0 1 1 0 0 1 0 0 0 1 0 0
200	12	0 1 1 0 1 0 0 0 0 1 0 1 0 1 0 0
200	12	1 1 1 1 1 1 0 0 0 0 1 0 0 0 0 0
200	6	0 1 1 1 0 1 1 0 1 0 0 0 0 0 0 0
200	27	1 1 1 0 0 1 1 0 0 1 0 0 0 0 1 0
200	13	1 1 1 1 1 1 1 0 0 1 0 0 0 0 0 0
200	11	1 1 1 0 0 1 0 0 0 0 1 0 0 0 0 0
200	2	1 1 1 1 0 0 0 0 0 0 1 0 0 0 0 0
200	8	1 1 1 1 1 0 1 1 0 1 0 0 0 0 0 0
200	3	1 1 1 0 0 1 1 0 0 1 0 0 0 0 0 1
200	2	1 1 1 1 1 0 1 0 1 1 0 0 0 1 0 0
200	13	1 1 1 0 0 1 1 1 0 0 0 1 0 0 0 0
200	13	1 1 1 1 0 1 1 0 0 0 0 0 0 0 0 1
200	1	1 1 1 0 0 1 0 0 0 1 0 0 0 1 0 0
200	3	1 0 0 1 0 1 1 0 0 0 0 0 0 0 0 0
200	1	1 1 1 0 0 1 0 0 0 0 1 0 0 1 0 0
200	7	1 1 1 1 0 1 1 0 0 1 0 1 0 0 0 0
200	2	1 1 1 1 1 0 1 0 0 0 0 0 0 0 0 0
200	14	1 1 1 1 0 0 1 0 1 0 0 0 0 0 0 0
200	2	0 1 1 0 0 1 1 1 0 1 0 0 0 0 0 0
200	13	1 1 1 1 0 1 1 1 0 1 0 0 0 0 0 0
200	3	1 1 1 0 0 0 0 0 0 0 1 0 0 1 0 0
200	10	0 1 1 1 0 0 1 0 1 0 0 0 0 0 0 0
200	14	1 1 1 1 1 1 1 1 0 0 0 0 0 0 0 0
200	9	0 0 1 1 1 0 1 1 0 1 0 0 0 0 0 0
200	15	1 1 1 1 0 1 1 0 1 1 0 0 0 0 0 0
200	9	1 0 1 0 0 0 1 1 0 1 0 0 0 0 0 0
200	17	1 1 1 1 0 1 1 0 0 0 0 0 0 1 0 0
200	4	1 1 1 0 0 1 1 0 0 0 0 0 0 0 0 0
200	2	1 1 1 0 0 1 1 0 0 1 0 1 0 1 0 0
200	8	1 1 1 1 0 0 1 0 1 1 0 0 0 0 1 0
200	3	1 1 1 1 0 0 1 0 1 1 0 0 1 0 0 0
200	2	1 1 1 0 0 1 1 1 1 1 0 1 0 0 0 0
200	13	1 1 0 0 0 1 1 1 0 1 0 0 0 1 0 0
200	4	0 1 1 0 0 0 0 1 1 1 0 0 0 0 0 0
200	6	1 1 0 1 1 1 1 1 0 0 0 0 0 0 0 0
200	8	1 1 1 1 0 1 1 0 1 0 1 0 0 0 0 0
200	8	1 1 1 1 0 0 1 0 0 0 0 0 0 0 0 1
200	9	1 1 1 1 1 1 1 0 0 0 1 0 0 0 0 0
200	2	1 1 1 0 0 1 0 1 1 1 0 0 0 0 0 0
200	5	1 1 1 1 0 1 1 1 0 0 0 0 0 0 0 0
200	3	1 1 1 1 0 1 0 0 0 0 1 0 0 0 0 0
200	2	1 1 1 1 0 0 1 0 0 1 0 0 0 1 0 0
200	8	1 1 1 0 0 0 1 0 1 0 0 0 0 0 0 0
200	2	0 1 1 0 1 0 0 0 0 1 0 1 0 0 0 0
200	3	1 0 1 1 1 1 1 0 0 0 0 0 0 0 0 0
200	2	1 1 1 1 1 1 1 0 0 0 0 0 1 0 0 0
200	4	1 1 1 1 0 0 1 1 0 1 0 0 1 0 0 0
200	6	1 0 1 0 0 1 1 0 0 1 0 1 0 0 0 1
200	4	0 1 1 0 1 0 1 1 0 1 0 0 0 0 0 0
200	6	1 1 1 1 1 1 0 0 0 0 0 0 0 0 0 0
200	3	0 1 1 0 1 0 0 1 0 1 1 1 0 1 0 0
200	3	1 1 1 1 0 0 1 0 0 0 0 0 0 0 0 0
200	1	1 0 1 0 0 0 1 1 0 1 0 0 0 1 0 0
200	1	0 1 1 0 0 0 0 0 1 1 0 0 0 0 0 0
200	1	1 1 1 0 1 0 0 1 0 1 0 1 0 1 0 0
200	1	1 1 1 0 1 1 1 0 0 0 0 0 0 0 0 0
200	1	1 1 0 0 0 0 1 0 0 1 1 0 0 0 0 0
200	2	1 1 1 1 0 0 1 0 1 1 0 1 0 0 0 0
200	2	1 1 1 1 1 0 1 0 1 1 0 0 0 0 0 0
200	1	0 1 1 0 0 1 1 0 1 1 0 1 0 0 0 0
200	8	1 1 1 1 0 1 0 0 0 0 0 0 0 1 0 0
200	1	1 1 1 1 0 1 0 0 0 1 0 0 0 1 1 0
200	3	1 1 1 1 0 0 1 0 1 0 0 1 0 0 0 0
200	3	1 1 1 0 0 1 1 0 0 0 0 1 0 0 0 0
200	5	0 1 0 0 0 0 0 0 1 1 0 0 0 0 0 0
200	2	1 1 1 1 0 1 0 0 0 1 0 0 0 0 0 0
200	2	1 1 1 0 0 1 0 0 0 0 0 0 0 1 0 0
200	3	1 1 1 1 0 0 1 1 0 1 0 0 0 0 0 0
200	1	1 1 1 0 1 1 1 0 0 1 0 0 0 0 0 0
200	3	1 1 1 0 0 0 0 1 1 0 0 0 0 0 0 0
200	2	1 1 1 0 0 0 0 0 0 1 0 1 0 0 0 0
200	2	0 1 1 0 1 0 0 1 0 1 0 0 0 1 0 0
200	1	1 1 1 0 0 1 1 1 0 1 0 0 0 0 0 0
200	1	1 1 1 0 0 0 1 0 1 1 0 0 0 0 0 0
200	1	1 1 1 1 0 0 1 0 1 1 0 0 0 1 0 0
200	1	1 1 1 1 0 1 1 1 0 1 0 0 0 1 0 0
200	1	1 1 1 1 0 1 1 0 0 0 0 0 0 0 1 0
200	1	1 1 1 1 0 0 1 0 1 0 0 0 0 1 0 0
200	1	1 1 0 1 1 1 1 1 0 1 0 0 0 0 0 0
200	1	1 1 0 0 0 0 1 1 0 1 1 0 0 0 0 0
220	69	1 1 1 0 0 1 1 0 0 1 0 0 0 0 0 0
220	83	1 1 1 1 0 1 1 0 0 1 0 0 0 0 0 0
220	46	1 1 1 1 1 1 1 0 0 0 0 0 0 0 0 0
220	3	0 1 1 0 1 0 0 1 0 1 0 0 0 0 0 0
220	2	1 1 1 0 0 1 1 0 0 1 0 1 0 0 0 0
220	14	1 1 1 0 0 0 1 0 0 1 1 0 0 0 0 0
220	23	1 1 1 1 0 0 1 0 1 1 0 0 0 0 0 0
220	2	1 1 1 0 0 1 0 0 0 1 0 1 0 0 0 0
220	14	1 1 1 1 1 1 1 1 0 1 0 0 0 0 0 0
220	3	1 1 1 1 0 1 0 0 1 1 0 0 0 0 0 0
220	98	1 1 1 1 0 1 1 0 0 0 0 0 0 0 0 0
220	7	1 1 1 1 0 0 1 0 0 1 0 0 1 0 0 0
220	14	1 1 1 0 0 1 1 0 1 1 0 1 0 0 0 0
220	26	1 1 1 0 0 1 1 0 0 1 1 0 0 1 0 0
220	23	1 1 1 1 0 1 0 0 0 0 0 0 0 0 0 0
220	27	1 1 1 0 1 1 1 0 0 1 1 0 0 0 0 0
220	11	0 1 1 0 1 0 0 0 0 1 0 1 0 1 0 0
220	31	1 1 1 0 0 1 1 0 0 1 0 0 0 0 1 0
220	62	1 1 1 1 1 1 1 0 0 1 0 0 0 0 0 0
220	7	1 1 1 0 0 1 0 0 0 0 1 0 0 0 0 0
220	23	1 1 1 1 0 0 1 0 1 0 0 0 0 0 0 0
220	16	1 1 1 1 0 1 1 1 0 1 0 0 0 0 0 0
220	7	0 1 1 1 0 0 1 0 1 0 0 0 0 0 0 0
220	10	1 1 1 1 1 1 1 1 0 0 0 0 0 0 0 0
220	4	0 0 1 1 1 0 1 1 0 1 0 0 0 0 0 0
220	19	1 1 1 1 0 1 1 0 1 1 0 0 0 0 0 0
220	13	1 0 1 0 0 0 1 1 0 1 0 0 0 0 0 0
220	7	1 1 1 1 0 1 1 0 0 0 0 0 0 1 0 0
220	2	1 1 0 0 0 1 1 1 0 1 0 0 0 1 0 0
220	6	1 1 1 1 0 0 1 0 0 0 0 0 0 0 0 1
220	8	1 1 1 1 1 1 1 0 0 0 1 0 0 0 0 0
220	6	1 1 1 1 0 1 1 1 0 0 0 0 0 0 0 0
220	47	1 1 1 1 0 1 0 0 0 0 1 0 0 0 0 0
220	2	1 1 1 0 0 0 1 0 1 0 0 0 0 0 0 0
220	13	1 1 1 1 1 1 0 0 0 0 0 0 0 0 0 0
220	18	1 1 1 1 0 0 1 0 1 0 0 1 0 0 0 0
220	1	0 1 0 0 0 0 0 0 1 1 0 0 0 0 0 0
220	7	0 1 1 1 0 0 1 0 1 1 0 0 0 0 0 0
220	29	1 0 1 1 0 0 1 0 0 1 0 0 0 0 0 0
220	14	1 1 1 1 0 0 1 0 0 1 0 1 0 0 0 0
220	1	1 1 0 1 1 1 1 0 0 0 0 0 0 0 0 0
220	5	1 1 1 1 0 1 1 0 0 0 0 0 0 0 1 0
220	18	0 1 1 0 1 0 1 1 0 1 0 0 0 0 0 0
220	4	1 1 1 1 0 1 1 1 0 0 0 0 0 0 0 1
220	27	1 1 1 1 1 0 1 0 1 1 0 0 0 1 0 0
220	5	1 1 1 0 0 1 1 1 0 0 0 0 0 0 0 0
220	5	1 0 1 0 0 0 1 1 0 1 0 0 1 0 0 0
220	18	1 1 1 0 0 1 1 0 0 1 0 0 0 1 0 0
220	10	1 1 1 1 1 1 1 0 0 0 0 0 0 0 0 1
220	9	1 1 0 0 0 1 1 0 0 1 0 0 0 0 0 0
220	1	1 1 1 1 1 1 1 0 0 1 0 1 0 0 0 0
220	1	1 0 0 0 0 0 1 1 0 1 0 0 0 0 0 0
220	2	1 1 1 0 0 1 1 1 0 1 0 0 1 0 0 0
220	3	1 1 1 0 0 1 1 0 0 1 0 1 0 0 1 0
220	3	1 1 1 1 1 1 1 0 0 1 0 0 0 1 0 0
220	2	1 1 1 1 0 1 1 0 0 1 1 0 0 0 0 0
220	1	1 1 1 0 0 1 1 0 0 0 0 0 0 0 0 0
220	1	1 1 1 1 0 1 1 0 0 0 0 0 0 0 0 1
220	5	1 1 1 0 0 1 1 0 0 1 1 0 0 0 0 0
220	7	1 1 1 1 1 0 1 0 1 0 0 1 0 0 0 0
220	2	1 1 1 1 1 1 1 0 0 0 0 1 0 0 0 0
220	2	0 1 1 0 1 0 0 0 0 1 1 0 0 0 0 0
220	1	1 1 1 1 0 0 1 0 0 1 0 0 0 0 1 0
220	2	1 1 1 1 0 1 1 0 0 1 0 1 0 0 0 0
220	2	1 1 1 1 0 1 1 0 0 1 0 0 1 0 0 0
220	5	1 1 1 1 0 1 1 0 0 0 1 0 0 0 0 0
220	1	1 1 1 0 1 0 0 0 0 1 0 1 0 1 0 0
220	1	1 0 1 0 0 0 1 0 0 1 1 0 0 0 0 0
220	5	1 1 1 0 0 0 1 0 0 1 1 1 0 0 0 0
220	1	1 1 1 1 0 1 1 0 0 0 0 1 0 0 0 0
220	2	1 1 0 0 0 1 1 0 0 1 1 0 0 1 0 0
220	5	1 0 1 1 0 0 1 0 0 1 1 0 0 0 0 0
220	2	1 0 0 1 0 0 1 0 0 1 0 0 0 0 0 0
220	1	1 1 1 1 1 1 0 0 0 0 0 0 0 0 0 1
220	2	1 1 1 1 1 1 1 0 0 0 0 0 1 0 0 1
220	1	1 1 1 1 0 1 1 0 1 0 0 0 0 0 0 0
220	3	0 0 1 0 1 0 0 0 0 1 0 1 0 1 0 0
220	1	0 1 0 0 1 0 0 0 0 1 0 1 0 1 0 0
220	1	1 1 1 1 1 1 1 0 0 1 1 0 0 0 0 0
220	2	1 0 1 1 1 0 1 0 0 1 0 0 0 0 0 0
220	1	1 1 1 0 1 1 0 0 0 0 0 0 0 0 0 1
220	1	1 1 1 1 0 1 1 0 0 1 0 0 0 0 0 1
220	3	1 1 1 1 0 1 1 0 0 1 0 0 0 0 1 0
220	2	1 1 1 1 1 1 1 0 0 0 0 0 1 0 0 0
220	2	1 1 1 1 0 0 1 0 1 1 0 0 1 0 0 0
220	2	1 0 1 0 0 0 1 1 0 1 0 0 0 1 0 0
220	1	1 1 1 0 0 1 1 1 0 0 1 0 0 0 0 0
220	1	1 1 1 1 0 1 1 0 0 1 0 0 0 1 0 0
240	16	1 1 1 0 0 1 1 0 0 1 0 0 0 0 0 0
240	136	1 1 1 1 0 1 1 0 0 1 0 0 0 0 0 0
240	44	1 1 1 1 1 1 1 0 0 0 0 0 0 0 0 0
240	5	1 1 1 0 0 0 1 0 0 1 1 0 0 0 0 0
240	14	1 1 1 1 1 1 1 1 0 1 0 0 0 0 0 0
240	34	1 1 1 1 0 1 1 0 0 0 0 0 0 0 0 0
240	6	1 1 1 0 0 1 1 0 1 1 0 1 0 0 0 0
240	1	1 1 1 0 0 1 1 0 0 1 1 0 0 1 0 0
240	21	1 1 1 1 0 1 0 0 0 0 0 0 0 0 0 0
240	22	1 1 1 0 1 1 1 0 0 1 1 0 0 0 0 0
240	20	1 1 1 0 0 1 1 0 0 1 0 0 0 0 1 0
240	59	1 1 1 1 1 1 1 0 0 1 0 0 0 0 0 0
240	48	1 1 1 0 0 1 0 0 0 0 1 0 0 0 0 0
240	27	1 1 1 1 0 0 1 0 1 0 0 0 0 0 0 0
240	65	1 1 1 1 0 1 1 1 0 1 0 0 0 0 0 0
240	1	0 1 1 1 0 0 1 0 1 0 0 0 0 0 0 0
240	33	1 1 1 1 1 1 1 1 0 0 0 0 0 0 0 0
240	4	1 1 1 1 0 1 1 0 1 1 0 0 0 0 0 0
240	14	1 0 1 0 0 0 1 1 0 1 0 0 0 0 0 0
240	2	1 1 0 0 0 1 1 1 0 1 0 0 0 1 0 0
240	47	1 1 1 1 0 1 0 0 0 0 1 0 0 0 0 0
240	13	1 1 1 1 1 1 0 0 0 0 0 0 0 0 0 0
240	33	1 1 1 1 0 0 1 0 1 0 0 1 0 0 0 0
240	18	1 0 1 1 0 0 1 0 0 1 0 0 0 0 0 0
240	5	1 1 1 1 0 0 1 0 0 1 0 1 0 0 0 0
240	1	1 1 1 0 0 1 1 0 0 1 0 0 0 1 0 0
240	5	1 1 1 1 1 1 1 0 0 0 0 0 0 0 0 1
240	11	1 1 0 0 0 1 1 0 0 1 0 0 0 0 0 0
240	6	1 1 1 1 1 1 1 0 0 1 0 0 0 1 0 0
240	13	1 1 1 0 0 1 1 0 0 1 1 0 0 0 0 0
240	7	1 1 1 1 1 0 1 0 1 0 0 1 0 0 0 0
240	10	1 0 1 1 0 0 1 0 0 1 1 0 0 0 0 0
240	8	1 1 1 1 0 0 1 0 0 1 0 0 0 0 0 0
240	1	1 1 1 1 0 1 0 0 0 0 0 0 1 0 0 0
240	4	1 1 1 1 0 1 1 1 1 1 0 0 0 0 0 0
240	13	1 0 1 1 0 0 1 0 0 1 0 0 1 0 0 0
240	1	1 1 1 1 1 0 1 1 1 1 0 0 0 1 0 1
240	2	1 1 0 0 0 1 1 0 0 1 0 1 0 1 0 0
240	20	1 1 1 0 0 1 1 0 0 1 1 0 0 0 1 0
240	5	1 1 1 0 0 1 1 0 0 0 0 0 0 0 0 0
240	6	1 1 1 0 0 1 0 0 0 1 0 0 0 0 0 0
240	1	1 1 1 1 1 1 1 1 1 0 0 0 0 0 0 0
240	14	1 1 1 1 0 1 1 0 1 1 0 0 0 0 1 0
240	5	0 1 1 0 0 1 0 0 0 0 1 0 0 0 0 0
240	16	1 1 1 0 0 1 1 1 0 1 0 0 0 0 0 0
240	12	1 1 0 1 0 1 1 0 0 1 0 0 0 0 0 0
240	4	1 1 1 0 1 1 1 0 0 1 1 0 0 0 1 0
240	12	1 1 1 1 0 0 1 0 1 1 0 1 0 0 0 0
240	6	1 1 0 0 0 1 1 1 0 1 0 0 0 0 0 0
240	6	1 1 1 1 0 0 1 0 0 1 0 0 0 0 0 1
240	8	1 1 1 0 1 1 1 1 0 1 1 0 0 1 0 0
240	1	1 1 1 0 0 0 1 0 0 0 1 1 0 0 0 0
240	1	1 1 1 1 0 1 1 1 1 1 0 0 0 0 1 0
240	3	1 1 1 1 1 1 1 0 1 1 0 0 0 0 1 0
240	13	0 1 1 1 1 1 1 0 0 0 0 0 0 0 0 0
240	5	1 1 1 1 0 1 0 0 0 0 0 0 0 0 1 0
240	2	1 1 1 0 0 1 1 1 0 1 0 0 0 0 1 0
240	2	1 0 1 0 0 1 1 0 0 1 0 0 0 0 0 0
240	6	0 1 1 1 0 1 1 0 0 1 0 0 0 0 0 0
240	4	1 1 1 0 1 1 0 0 0 1 1 0 0 0 0 0
240	3	0 1 1 1 0 0 1 0 1 1 0 0 0 0 1 0
240	2	0 1 1 0 0 1 0 0 0 0 0 0 0 0 0 0
240	5	1 1 1 1 0 0 1 0 1 1 0 1 1 0 0 0
240	3	1 1 1 1 0 1 1 0 0 1 0 0 1 0 0 0
240	2	1 1 1 1 1 0 1 0 0 1 0 0 0 0 0 0
240	1	1 1 1 0 1 1 1 0 0 1 0 0 0 0 0 0
240	1	1 1 1 1 0 0 0 0 1 0 0 0 0 0 0 0
240	3	1 1 1 1 0 0 1 0 1 0 0 1 0 0 1 0
240	1	1 1 1 0 0 1 1 1 0 1 0 0 0 1 0 0
240	3	1 1 1 1 1 1 1 1 0 1 0 0 0 0 1 0
240	1	1 1 1 1 1 1 1 1 1 0 1 0 0 0 0 0
240	4	0 1 1 1 0 1 0 0 1 1 0 0 0 0 0 0
240	2	1 1 1 1 0 1 1 0 0 0 0 0 0 0 1 0
240	4	1 1 0 1 1 1 1 0 0 1 0 0 0 0 0 0
240	5	1 1 1 1 1 1 1 0 0 1 0 0 1 0 0 0
240	2	0 1 1 1 0 0 1 0 1 0 0 0 0 1 0 0
240	3	1 1 1 1 0 1 0 0 0 1 0 0 0 0 0 0
240	1	1 1 1 1 0 0 1 0 1 1 0 1 0 0 1 0
240	2	1 1 1 1 0 1 1 0 0 0 0 1 0 0 0 0
240	3	1 1 1 1 0 0 1 0 1 0 0 0 1 0 0 0
240	4	1 1 1 1 0 0 0 0 1 0 0 1 0 0 0 0
240	1	1 0 1 1 0 0 1 0 0 0 0 0 0 0 0 0
240	1	1 0 1 0 0 0 1 1 0 1 0 0 0 1 0 1
240	2	0 1 1 1 0 0 1 0 0 1 0 0 0 0 1 0
240	2	1 1 1 1 1 1 1 0 0 1 0 1 0 0 0 0
240	1	1 1 1 0 0 1 0 0 0 0 1 0 0 1 0 0
240	3	1 1 1 1 0 1 0 0 0 0 1 0 0 0 0 1
240	1	1 1 0 1 0 1 0 0 0 0 0 0 0 0 0 0
240	1	1 1 1 0 1 1 1 0 0 1 1 0 0 0 0 1
240	1	1 1 1 0 0 1 0 0 0 1 0 0 0 0 1 0
240	1	1 1 1 0 0 1 0 0 0 1 1 0 0 0 0 0
240	1	1 1 1 1 1 0 1 1 1 0 0 1 0 0 0 0
240	1	1 0 1 1 0 1 1 0 0 1 1 0 0 0 0 0
240	4	1 1 1 1 0 1 1 1 1 1 0 0 0 0 0 1
240	1	1 0 1 1 0 0 1 0 1 1 0 0 1 0 0 0
240	1	0 1 1 1 0 1 1 0 0 1 0 0 1 0 0 0
240	1	0 1 1 1 0 1 1 0 0 0 0 1 0 0 0 0
260	41	1 1 1 0 0 1 1 0 0 1 0 0 0 0 0 0
260	148	1 1 1 1 0 1 1 0 0 1 0 0 0 0 0 0
260	2	1 1 1 1 1 1 1 0 0 0 0 0 0 0 0 0
260	24	1 1 1 1 1 1 1 1 0 1 0 0 0 0 0 0
260	29	1 1 1 1 0 1 1 0 0 0 0 0 0 0 0 0
260	14	1 1 1 1 0 1 0 0 0 0 0 0 0 0 0 0
260	18	1 1 1 0 1 1 1 0 0 1 1 0 0 0 0 0
260	4	1 1 1 0 0 1 1 0 0 1 0 0 0 0 1 0
260	43	1 1 1 1 1 1 1 0 0 1 0 0 0 0 0 0
260	25	1 1 1 0 0 1 0 0 0 0 1 0 0 0 0 0
260	11	1 1 1 1 0 0 1 0 1 0 0 0 0 0 0 0
260	64	1 1 1 1 0 1 1 1 0 1 0 0 0 0 0 0
260	25	1 1 1 1 1 1 1 1 0 0 0 0 0 0 0 0
260	61	1 1 1 1 0 1 0 0 0 0 1 0 0 0 0 0
260	4	1 1 1 1 1 1 0 0 0 0 0 0 0 0 0 0
260	5	1 1 1 1 0 0 1 0 1 0 0 1 0 0 0 0
260	8	1 0 1 1 0 0 1 0 0 1 0 0 0 0 0 0
260	26	1 1 1 1 0 0 1 0 0 1 0 1 0 0 0 0
260	5	1 1 1 1 1 1 1 0 0 0 0 0 0 0 0 1
260	11	1 1 1 1 1 1 1 0 0 1 0 0 0 1 0 0
260	1	1 0 1 1 0 0 1 0 0 1 1 0 0 0 0 0
260	9	1 1 1 1 0 1 0 0 0 0 0 0 1 0 0 0
260	15	1 0 1 1 0 0 1 0 0 1 0 0 1 0 0 0
260	3	1 1 1 0 0 1 1 0 0 1 1 0 0 0 1 0
260	4	1 1 1 0 0 1 1 0 0 0 0 0 0 0 0 0
260	7	1 1 1 1 0 1 1 0 1 1 0 0 0 0 1 0
260	43	1 1 1 0 0 1 1 1 0 1 0 0 0 0 0 0
260	1	1 1 0 1 0 1 1 0 0 1 0 0 0 0 0 0
260	24	1 1 1 0 1 1 1 0 0 1 1 0 0 0 1 0
260	7	1 1 1 1 0 0 1 0 1 1 0 1 0 0 0 0
260	8	1 1 1 1 0 0 1 0 0 1 0 0 0 0 0 1
260	1	1 1 1 0 0 1 1 1 0 1 0 0 0 0 1 0
260	8	1 1 1 1 0 0 1 0 1 1 0 1 1 0 0 0
260	1	1 1 0 1 1 1 1 0 0 1 0 0 0 0 0 0
260	46	1 1 1 1 1 1 1 0 0 1 0 0 1 0 0 0
260	1	1 1 1 1 0 0 0 0 1 0 0 1 0 0 0 0
260	2	1 1 1 1 0 1 0 0 0 0 1 0 0 0 0 1
260	12	1 1 1 1 0 1 1 0 0 1 0 0 0 0 1 0
260	8	1 1 1 1 0 0 1 0 1 0 0 1 1 0 0 0
260	8	1 0 1 0 0 1 1 0 0 0 0 0 0 0 0 0
260	8	1 1 1 1 1 1 1 1 0 0 0 0 0 0 1 0
260	3	1 1 1 1 0 1 1 1 0 1 0 0 1 0 0 0
260	9	1 1 1 1 0 1 1 1 1 0 0 0 0 0 0 0
260	5	1 1 1 1 0 1 1 1 1 1 0 0 0 1 0 1
260	8	1 1 1 0 0 1 0 0 0 1 0 0 0 0 0 0
260	3	1 1 1 0 0 1 0 0 0 1 0 0 0 0 1 0
260	6	1 1 1 1 0 1 1 1 0 1 0 0 0 1 0 0
260	3	1 1 0 0 0 1 1 0 0 1 0 0 0 1 0 0
260	2	1 1 1 1 0 1 1 0 0 1 0 0 0 0 0 1
260	1	1 1 1 1 0 1 1 1 0 0 1 0 0 0 0 0
260	10	1 1 1 0 0 1 1 0 0 1 0 0 1 0 0 0
260	5	1 1 1 1 0 0 1 0 1 0 1 0 0 0 0 0
260	10	1 1 1 1 0 0 1 0 0 1 0 0 0 0 0 0
260	14	1 1 1 1 0 1 1 0 0 1 1 0 0 0 0 0
260	14	1 1 1 1 1 1 1 1 0 1 0 0 1 0 0 0
260	1	1 1 0 0 0 1 1 0 0 0 1 0 0 0 0 0
260	3	1 1 1 1 0 1 1 0 0 0 1 0 0 0 0 0
260	10	1 1 1 1 0 1 1 0 0 0 0 0 1 0 0 0
260	3	1 1 1 0 1 1 1 0 0 1 0 0 0 0 1 0
260	4	1 1 1 0 0 1 0 0 0 0 1 0 0 0 1 0
260	1	1 1 1 0 0 1 0 0 0 0 1 0 1 0 0 0
260	2	1 1 1 1 1 1 1 0 0 0 0 0 0 1 0 0
260	4	1 1 1 1 0 1 0 0 0 0 1 0 0 1 0 0
260	2	1 1 1 1 0 0 1 1 0 1 0 1 0 0 0 0
260	3	1 1 1 1 0 1 0 0 1 0 1 0 0 0 0 1
260	2	1 1 1 0 0 0 1 0 1 0 0 1 1 0 0 0
260	4	1 1 1 1 1 1 1 1 0 1 0 0 0 0 0 1
260	1	1 1 1 1 0 0 1 0 0 1 1 0 0 0 0 0
260	2	0 1 1 0 1 1 1 0 0 1 1 0 0 0 0 0
260	1	1 1 1 0 1 1 1 1 0 0 0 0 0 0 0 0
260	1	1 1 1 1 1 1 1 0 0 1 0 0 0 0 0 1
260	9	1 1 0 1 1 1 1 0 0 1 0 0 0 0 0 1
260	7	1 0 1 1 0 0 1 0 0 0 0 0 0 0 0 0
260	1	1 0 1 1 0 0 0 0 0 1 0 0 0 0 0 0
260	1	1 1 1 1 0 0 1 0 0 1 0 1 0 0 0 1
260	1	1 0 1 1 0 0 1 0 0 1 1 0 0 0 1 0
260	3	1 1 1 1 1 0 1 0 0 1 0 0 1 0 0 0
260	2	1 1 1 1 0 1 1 0 0 1 0 0 0 1 0 0
260	3	1 1 1 1 0 1 0 0 0 0 0 0 0 0 1 0
260	1	1 1 1 1 0 0 1 0 1 0 0 0 1 0 0 0
260	2	1 1 1 1 0 1 1 0 1 1 0 1 0 0 1 0
260	4	1 1 1 1 0 1 1 1 0 1 0 0 0 0 1 0
260	1	1 1 1 1 0 1 0 1 0 0 1 0 0 0 0 1
260	2	1 1 1 1 0 1 1 0 0 0 0 0 0 1 0 0
260	10	1 1 1 1 1 1 0 0 0 1 0 0 0 0 0 0
260	2	1 0 1 1 0 0 1 0 1 0 0 0 0 0 0 0
260	2	1 1 1 1 0 1 1 1 0 1 1 0 0 0 0 0
260	4	1 0 1 1 0 0 0 0 0 1 1 0 0 0 0 0
260	5	0 0 1 1 0 1 1 0 0 1 0 0 0 0 0 0
260	1	1 1 1 1 0 0 1 0 0 1 1 0 0 0 1 0
260	1	1 1 1 0 0 1 1 0 0 1 1 0 0 0 0 0
260	1	0 1 1 1 1 1 1 0 0 1 0 0 0 0 0 0
260	1	1 0 1 0 0 1 1 0 0 1 0 0 1 0 0 0
260	2	1 1 1 0 0 1 1 0 0 1 0 0 0 1 0 0
260	1	1 1 1 1 0 1 0 1 0 1 0 0 0 0 0 0
260	1	1 1 1 1 0 1 1 1 0 1 0 1 0 0 0 0
260	1	1 1 0 1 0 0 1 0 0 1 0 1 0 0 0 0
260	1	1 1 0 1 0 1 0 0 0 0 0 0 1 0 0 0
260	2	0 1 1 1 0 1 1 0 0 1 0 1 0 0 0 0
260	1	1 1 1 1 0 1 1 0 1 0 0 0 0 0 0 0
260	2	1 1 1 1 0 1 0 1 1 0 0 0 0 0 0 0
260	2	1 1 0 1 1 1 1 0 0 0 0 0 0 0 0 1
260	1	1 1 1 1 0 1 0 0 0 0 1 0 0 0 1 0
280	43	1 1 1 0 0 1 1 0 0 1 0 0 0 0 0 0
280	91	1 1 1 1 0 1 1 0 0 1 0 0 0 0 0 0
280	5	1 1 1 1 0 1 1 0 0 0 0 0 0 0 0 0
280	28	1 1 1 1 0 1 0 0 0 0 0 0 0 0 0 0
280	21	1 1 1 0 1 1 1 0 0 1 1 0 0 0 0 0
280	58	1 1 1 1 1 1 1 0 0 1 0 0 0 0 0 0
280	12	1 1 1 0 0 1 0 0 0 0 1 0 0 0 0 0
280	31	1 1 1 1 0 0 1 0 1 0 0 0 0 0 0 0
280	13	1 1 1 1 0 1 1 1 0 1 0 0 0 0 0 0
280	14	1 1 1 1 1 1 1 1 0 0 0 0 0 0 0 0
280	6	1 1 1 1 0 1 0 0 0 0 1 0 0 0 0 0
280	11	1 1 1 1 0 0 1 0 0 1 0 1 0 0 0 0
280	11	1 1 1 1 1 1 1 0 0 1 0 0 0 1 0 0
280	20	1 1 1 0 0 1 1 1 0 1 0 0 0 0 0 0
280	30	1 1 1 0 1 1 1 0 0 1 1 0 0 0 1 0
280	3	1 1 1 1 0 0 1 0 0 1 0 0 0 0 0 1
280	10	1 1 1 1 1 1 1 0 0 1 0 0 1 0 0 0
280	29	1 1 1 1 0 1 1 0 0 1 0 0 0 0 1 0
280	18	1 1 1 1 0 0 1 0 1 0 0 1 1 0 0 0
280	29	1 1 1 1 0 1 1 1 1 0 0 0 0 0 0 0
280	6	1 1 1 1 0 1 1 1 1 1 0 0 0 1 0 1
280	13	1 1 1 1 0 1 1 0 0 1 0 0 0 0 0 1
280	24	1 1 1 1 0 0 1 0 0 1 0 0 0 0 0 0
280	27	1 1 1 1 0 1 1 0 0 1 1 0 0 0 0 0
280	2	1 1 1 1 1 1 1 1 0 1 0 0 1 0 0 0
280	2	1 1 1 1 0 1 1 0 0 0 1 0 0 0 0 0
280	11	1 1 1 0 0 1 0 0 0 0 1 0 0 0 1 0
280	54	1 1 1 1 0 1 0 0 1 0 1 0 0 0 0 1
280	1	1 0 1 1 0 0 1 0 0 0 0 0 0 0 0 0
280	5	1 1 1 1 0 1 0 0 0 0 0 0 0 0 1 0
280	5	1 1 1 1 0 1 1 1 0 1 0 0 0 0 1 0
280	12	0 0 1 1 0 1 1 0 0 1 0 0 0 0 0 0
280	2	1 1 1 1 0 1 1 0 1 0 0 0 0 0 0 0
280	2	1 1 0 1 1 1 1 0 0 0 0 0 0 0 0 1
280	14	1 0 1 1 0 0 1 1 0 1 0 0 1 0 0 0
280	1	1 1 1 1 1 1 0 0 0 0 1 0 0 0 0 0
280	5	1 1 1 1 1 1 1 1 1 1 0 1 1 0 0 0
280	60	1 1 1 0 0 1 0 0 0 1 0 0 0 0 0 0
280	2	1 1 0 0 0 1 1 0 0 1 0 0 0 0 1 0
280	4	1 1 1 0 0 1 1 0 0 0 0 0 0 1 0 0
280	6	1 1 1 0 0 1 0 0 0 0 1 1 1 0 0 0
280	7	1 0 1 1 0 0 1 1 0 1 0 0 0 0 0 0
280	1	1 0 1 1 0 1 1 1 0 1 0 0 0 0 0 0
280	10	1 1 1 1 1 1 1 1 0 1 1 0 0 0 0 0
280	3	1 1 1 1 0 0 1 0 1 0 1 1 1 0 0 0
280	3	1 0 1 1 0 0 1 1 0 0 0 0 1 0 0 0
280	2	0 1 1 1 0 1 1 0 0 1 0 0 0 0 0 0
280	1	1 1 0 1 0 1 1 0 0 1 0 0 0 0 0 0
280	12	1 0 1 1 0 1 1 1 0 1 0 1 0 0 0 0
280	4	1 1 1 1 0 1 1 0 0 1 0 0 1 0 0 0
280	8	1 1 1 1 1 0 1 0 0 1 0 0 0 0 0 0
280	29	1 1 1 1 0 1 1 0 1 1 0 0 0 0 0 0
280	2	1 1 1 1 0 1 1 0 1 1 0 0 1 0 1 0
280	8	1 0 1 0 0 1 1 1 0 1 0 0 0 0 0 0
280	15	0 1 1 1 0 1 0 0 0 0 0 0 0 0 0 0
280	1	1 0 1 1 0 1 0 0 0 0 1 0 0 0 0 0
280	4	1 1 1 1 0 1 0 1 0 0 1 0 0 0 0 0
280	1	1 1 1 1 0 0 1 0 0 1 0 0 0 0 1 0
280	2	0 0 1 1 0 1 1 0 1 1 0 0 0 0 0 0
280	3	1 1 1 0 1 1 1 0 0 1 1 0 0 0 0 1
280	7	1 1 1 1 0 0 0 0 0 1 0 1 0 0 0 0
280	6	1 1 1 0 0 1 1 1 0 1 0 0 0 1 0 0
280	10	1 1 1 1 0 0 1 0 0 1 0 0 0 1 0 0
280	4	1 1 1 1 0 1 0 0 1 0 1 0 0 0 1 1
280	4	1 1 1 1 1 1 0 0 0 1 0 0 0 0 0 0
280	4	1 1 1 1 1 1 1 1 0 1 0 0 0 1 0 0
280	1	1 1 1 1 0 0 1 1 0 1 0 0 0 0 0 1
280	5	1 1 0 0 0 1 1 0 1 1 0 0 0 0 1 0
280	4	0 1 1 0 0 1 1 0 0 1 0 0 0 0 0 0
280	6	1 1 1 0 0 0 1 0 0 1 0 0 0 0 0 0
280	1	1 1 1 1 0 0 0 0 1 0 0 0 0 0 0 0
280	2	1 1 1 1 1 1 1 1 1 1 0 1 1 1 0 0
280	4	1 0 1 1 0 1 1 1 1 1 0 0 0 0 0 0
280	5	1 1 1 1 1 1 1 0 0 1 0 0 0 0 1 0
280	5	1 1 1 1 1 1 1 1 1 1 1 0 0 0 1 1
280	1	1 1 1 1 1 1 1 1 0 0 0 0 0 1 0 0
280	2	1 1 1 0 0 1 1 0 0 1 1 0 0 0 1 0
280	3	1 1 1 1 0 1 0 0 1 0 1 1 0 0 0 1
280	1	1 1 1 0 0 1 1 1 1 1 0 0 0 0 0 0
280	8	1 1 1 1 0 1 1 0 0 1 0 0 1 0 1 0
280	5	0 1 1 1 0 1 1 0 0 1 0 0 0 0 0 1
280	2	1 0 1 1 1 1 1 1 1 1 0 1 1 1 0 0
280	1	1 1 1 0 0 1 1 1 0 1 1 0 0 0 1 0
280	1	1 1 1 1 0 1 0 0 0 0 1 1 0 0 0 0
280	1	1 1 1 1 1 1 1 1 0 1 1 0 0 0 1 0
280	3	1 1 1 1 0 1 1 1 1 0 0 0 0 0 1 0
280	2	1 1 1 1 0 1 1 0 0 1 1 0 0 0 1 0
280	1	0 1 1 1 1 1 1 0 0 1 0 0 0 0 0 0
280	3	1 1 1 0 1 1 1 0 0 1 0 0 0 0 0 0
280	1	1 0 1 1 1 1 1 0 0 1 0 0 0 0 0 0
280	2	1 1 1 1 0 0 1 1 1 0 0 0 0 0 0 0
280	3	1 1 1 1 1 0 1 1 0 1 0 0 1 0 0 0
280	1	0 0 1 1 0 1 0 0 0 1 0 0 0 0 0 0
280	5	0 0 1 1 0 0 1 1 0 1 0 0 1 0 0 0
280	4	1 0 1 1 0 0 1 1 0 0 0 1 1 0 0 0
280	2	0 1 1 1 0 1 1 0 1 1 0 0 0 0 0 0
280	7	1 1 1 1 0 0 1 0 0 1 0 0 1 0 0 0
280	1	0 1 1 1 0 0 1 0 0 1 0 0 0 0 1 0
280	2	0 1 1 1 0 1 1 1 1 0 0 0 0 0 0 0
280	4	1 1 1 1 0 1 0 0 0 1 0 0 0 0 0 0
280	1	1 1 1 1 0 1 0 1 0 0 0 0 0 0 0 0
280	3	1 1 1 0 1 1 1 0 1 1 1 0 0 0 1 0
280	3	1 1 1 0 0 1 0 0 0 1 0 0 0 1 0 0
280	2	1 1 1 1 1 0 0 0 0 1 0 0 0 0 0 0
300	42	1 1 1 0 0 1 1 0 0 1 0 0 0 0 0 0
300	65	1 1 1 1 0 1 1 0 0 1 0 0 0 0 0 0
300	17	1 1 1 1 0 1 1 0 0 0 0 0 0 0 0 0
300	57	1 1 1 1 0 1 0 0 0 0 0 0 0 0 0 0
300	78	1 1 1 1 1 1 1 0 0 1 0 0 0 0 0 0
300	4	1 1 1 0 0 1 0 0 0 0 1 0 0 0 0 0
300	23	1 1 1 1 0 0 1 0 1 0 0 0 0 0 0 0
300	5	1 1 1 1 0 1 0 0 0 0 1 0 0 0 0 0
300	7	1 1 1 0 0 1 1 1 0 1 0 0 0 0 0 0
300	21	1 1 1 0 1 1 1 0 0 1 1 0 0 0 1 0
300	14	1 1 1 1 0 1 1 0 0 1 0 0 0 0 1 0
300	23	1 1 1 1 0 1 1 1 1 0 0 0 0 0 0 0
300	3	1 1 1 1 0 1 1 1 1 1 0 0 0 1 0 1
300	1	1 1 1 1 0 1 1 0 0 1 0 0 0 0 0 1
300	14	1 1 1 1 0 0 1 0 0 1 0 0 0 0 0 0
300	54	1 1 1 1 0 1 1 0 0 1 1 0 0 0 0 0
300	13	0 0 1 1 0 1 1 0 0 1 0 0 0 0 0 0
300	4	1 0 1 1 0 0 1 1 0 1 0 0 1 0 0 0
300	49	1 1 1 0 0 1 0 0 0 1 0 0 0 0 0 0
300	6	1 0 1 1 0 1 1 1 0 1 0 0 0 0 0 0
300	28	1 1 1 1 1 1 1 1 0 1 1 0 0 0 0 0
300	28	1 0 1 1 0 1 1 1 0 1 0 1 0 0 0 0
300	7	1 1 1 1 0 1 1 0 0 1 0 0 1 0 0 0
300	13	1 1 1 1 1 0 1 0 0 1 0 0 0 0 0 0
300	18	1 1 1 1 0 1 1 0 1 1 0 0 0 0 0 0
300	3	1 0 1 0 0 1 1 1 0 1 0 0 0 0 0 0
300	14	1 1 1 1 0 0 0 0 0 1 0 1 0 0 0 0
300	30	1 1 1 1 1 1 0 0 0 1 0 0 0 0 0 0
300	6	1 1 0 0 0 1 1 0 1 1 0 0 0 0 1 0
300	4	1 1 1 0 0 0 1 0 0 1 0 0 0 0 0 0
300	12	1 0 1 1 0 1 1 1 1 1 0 0 0 0 0 0
300	1	1 1 1 1 0 1 1 0 0 1 0 0 1 0 1 0
300	5	1 1 1 0 1 1 1 0 0 1 0 0 0 0 0 0
300	4	1 0 1 1 0 0 1 1 0 0 0 1 1 0 0 0
300	16	1 1 1 1 0 1 0 1 0 0 0 0 0 0 0 0
300	3	1 1 1 0 0 1 0 0 0 1 1 0 0 0 0 0
300	28	1 1 1 0 0 1 0 0 0 0 0 0 0 1 0 0
300	18	1 1 1 1 1 1 1 0 0 1 1 0 0 0 0 0
300	14	1 1 1 1 0 1 1 1 1 1 0 0 0 0 0 0
300	15	1 1 1 0 0 1 1 0 0 1 1 0 0 0 0 0
300	6	1 1 1 0 1 1 1 1 0 1 0 0 0 0 0 0
300	1	1 1 1 1 0 0 1 1 1 0 0 0 0 0 0 0
300	2	1 1 1 1 0 1 0 0 1 0 0 0 0 0 0 0
300	15	1 1 1 1 0 0 1 0 0 1 0 0 0 0 0 1
300	37	1 0 1 1 0 0 1 1 0 0 0 0 0 0 0 0
300	4	1 1 1 1 0 1 1 0 0 1 0 1 0 0 0 0
300	5	1 1 1 1 0 1 0 0 0 0 0 0 0 1 0 0
300	14	1 1 1 1 1 0 1 0 0 0 0 0 0 0 0 0
300	6	1 1 1 1 1 1 0 0 0 0 0 0 0 0 0 0
300	1	0 1 1 1 1 1 1 1 0 1 1 0 0 0 0 0
300	13	1 1 1 1 1 1 0 0 0 1 1 0 0 0 0 0
300	16	1 1 1 1 0 0 0 0 0 1 0 0 0 0 0 0
300	3	1 1 1 0 0 1 0 1 0 1 0 0 0 0 0 0
300	5	1 1 1 0 1 1 1 0 0 1 0 0 1 0 0 0
300	11	1 1 1 0 1 1 0 0 0 0 0 0 0 0 0 0
300	4	1 1 1 1 1 1 1 0 0 1 1 0 0 0 1 0
300	1	1 1 1 1 0 1 1 1 1 0 0 0 0 1 0 0
300	14	1 1 1 1 1 0 1 0 0 1 0 0 0 1 0 0
300	1	1 1 0 1 0 1 1 0 0 1 0 0 0 0 0 1
300	10	1 1 1 1 0 0 1 0 0 0 0 0 0 0 0 0
300	3	1 0 1 1 0 1 1 1 0 1 0 0 0 0 1 0
300	3	1 1 0 1 0 1 1 0 0 1 0 0 0 0 0 0
300	4	1 1 1 0 0 1 0 0 0 0 0 0 0 1 1 0
300	4	1 1 1 1 1 1 1 0 0 0 0 0 0 0 0 0
300	5	1 1 1 0 0 1 1 0 0 1 0 0 0 0 0 1
300	1	1 0 1 1 0 1 0 0 0 0 0 0 0 0 0 0
300	2	1 1 1 1 1 1 1 0 0 1 0 1 0 0 0 0
300	2	1 1 0 1 1 1 1 0 1 1 0 0 0 0 0 0
300	2	1 1 1 1 1 1 0 1 0 1 1 0 0 0 0 0
300	2	1 0 1 1 1 1 1 0 0 1 0 0 0 0 0 0
300	3	1 1 1 0 0 1 1 1 0 1 1 0 0 0 0 0
300	3	1 1 1 1 0 1 0 0 0 1 0 0 0 0 0 0
300	1	1 1 1 1 1 0 1 1 0 1 1 0 0 0 0 0
300	1	1 1 0 1 0 0 0 0 0 1 0 1 0 0 0 0
300	4	0 1 1 0 1 1 1 0 0 1 0 0 0 0 0 0
300	1	1 1 1 0 1 0 1 1 0 0 0 0 0 0 0 0
300	2	1 0 1 1 0 1 1 0 0 1 0 0 0 0 0 0
300	1	1 0 1 1 0 1 1 1 0 1 1 0 0 0 0 0
300	3	0 1 1 1 1 1 1 0 0 1 0 0 0 0 0 0
300	1	1 1 1 1 1 1 1 1 0 1 0 0 0 0 0 0
300	3	1 1 1 1 1 1 1 0 0 1 0 0 0 1 0 0
300	1	1 1 1 1 0 1 1 0 1 0 0 0 0 0 0 0
300	1	1 1 0 1 0 1 1 1 1 0 0 0 0 0 0 0
300	1	1 1 1 1 0 1 1 1 0 1 0 1 0 0 0 0
300	1	0 1 1 1 0 1 1 0 0 1 0 0 1 0 0 0
300	1	1 1 1 1 0 1 0 1 0 0 0 0 0 0 0 1
300	1	1 1 1 1 1 1 1 0 1 1 0 0 1 0 0 0
300	4	1 1 1 1 1 0 0 0 0 0 0 0 0 0 0 0
300	3	1 1 1 0 1 0 0 0 0 0 0 0 0 0 0 0
320	10	1 1 1 0 0 1 1 0 0 1 0 0 0 0 0 0
320	88	1 1 1 1 0 1 1 0 0 1 0 0 0 0 0 0
320	9	1 1 1 1 0 1 1 0 0 0 0 0 0 0 0 0
320	55	1 1 1 1 0 1 0 0 0 0 0 0 0 0 0 0
320	14	1 1 1 1 1 1 1 0 0 1 0 0 0 0 0 0
320	7	1 1 1 1 0 0 1 0 1 0 0 0 0 0 0 0
320	9	1 1 1 1 0 1 1 0 0 1 0 0 0 0 1 0
320	38	1 1 1 1 0 1 1 1 1 0 0 0 0 0 0 0
320	18	1 1 1 1 0 1 1 0 0 1 0 0 0 0 0 1
320	23	1 1 1 1 0 0 1 0 0 1 0 0 0 0 0 0
320	73	1 1 1 1 0 1 1 0 0 1 1 0 0 0 0 0
320	22	1 1 1 0 0 1 0 0 0 1 0 0 0 0 0 0
320	6	1 0 1 1 0 1 1 1 0 1 0 0 0 0 0 0
320	27	1 1 1 1 1 1 1 1 0 1 1 0 0 0 0 0
320	17	1 0 1 1 0 1 1 1 0 1 0 1 0 0 0 0
320	40	1 1 1 1 0 1 1 0 1 1 0 0 0 0 0 0
320	35	1 1 1 1 1 1 0 0 0 1 0 0 0 0 0 0
320	5	1 1 0 0 0 1 1 0 1 1 0 0 0 0 1 0
320	2	1 1 1 0 0 0 1 0 0 1 0 0 0 0 0 0
320	62	1 1 1 1 0 1 0 1 0 0 0 0 0 0 0 0
320	17	1 1 1 0 0 1 0 0 0 0 0 0 0 1 0 0
320	31	1 1 1 1 1 1 1 0 0 1 1 0 0 0 0 0
320	20	1 1 1 0 1 1 1 1 0 1 0 0 0 0 0 0
320	15	1 1 1 1 0 0 1 0 0 1 0 0 0 0 0 1
320	21	1 0 1 1 0 0 1 1 0 0 0 0 0 0 0 0
320	22	1 1 1 1 0 1 0 0 0 0 0 0 0 1 0 0
320	6	1 1 1 1 1 0 1 0 0 0 0 0 0 0 0 0
320	41	1 1 1 1 1 1 0 0 0 0 0 0 0 0 0 0
320	4	1 1 1 0 1 1 1 0 0 1 0 0 1 0 0 0
320	3	1 1 1 1 1 0 1 0 0 1 0 0 0 1 0 0
320	8	1 1 1 0 0 1 1 0 0 1 0 0 0 0 0 1
320	2	1 1 1 1 1 1 0 1 0 1 1 0 0 0 0 0
320	10	1 1 1 1 0 1 0 0 0 1 0 0 0 0 0 0
320	1	1 1 0 1 0 1 1 1 1 0 0 0 0 0 0 0
320	13	1 1 1 0 1 0 0 0 0 0 0 0 0 0 0 0
320	19	1 0 1 1 0 1 0 0 0 1 0 0 0 0 0 0
320	14	1 0 1 1 0 0 1 0 1 0 0 0 0 0 0 0
320	8	1 1 1 1 1 0 0 0 0 1 0 0 0 0 0 0
320	5	1 1 1 0 0 1 1 0 0 1 0 1 0 0 0 0
320	6	1 1 1 1 0 0 1 0 1 1 0 0 0 0 0 1
320	9	1 1 1 1 0 1 0 0 0 0 0 1 0 1 0 0
320	5	1 1 1 1 0 1 1 1 0 1 0 0 0 0 0 0
320	1	1 1 1 1 0 0 1 0 0 1 0 0 0 0 1 1
320	5	0 1 1 1 0 1 1 0 1 1 0 0 0 0 0 0
320	6	1 0 1 1 1 1 1 0 0 1 0 0 0 0 0 0
320	2	1 1 1 1 0 1 1 1 0 0 0 0 0 0 0 0
320	3	1 1 0 1 0 1 1 1 0 1 0 0 0 0 0 0
320	1	1 1 1 1 1 1 1 1 0 1 1 0 0 1 0 0
320	8	0 1 1 0 1 1 1 1 0 1 0 0 0 0 0 0
320	7	1 0 1 1 0 0 1 1 0 1 0 0 0 0 1 0
320	2	1 1 0 1 1 1 1 0 0 1 0 0 0 0 0 0
320	1	1 0 1 1 0 0 1 0 0 1 0 0 0 0 0 1
320	8	1 0 1 0 0 1 0 0 0 1 0 0 0 0 0 0
320	7	1 0 1 1 0 0 0 1 0 1 0 0 0 0 1 0
320	6	1 1 1 1 0 1 1 0 0 1 1 0 0 0 0 1
320	3	1 1 1 1 1 0 1 0 0 1 0 0 0 0 0 1
320	2	1 1 1 1 1 1 0 1 0 0 0 0 0 0 0 0
320	2	1 1 1 0 0 1 0 0 0 0 0 0 1 0 0 0
320	3	1 1 1 1 1 1 0 0 0 0 0 0 0 0 0 1
320	6	1 1 1 0 0 1 0 0 0 1 0 0 1 0 0 0
320	8	1 1 1 1 0 1 1 1 1 1 0 0 0 0 0 0
320	9	1 1 1 1 1 0 1 0 0 0 0 1 0 0 0 0
320	9	1 1 1 1 1 0 1 0 0 0 1 0 0 0 0 0
320	5	1 1 1 1 1 1 0 0 0 0 0 0 0 1 0 0
320	2	1 0 1 1 0 1 1 0 0 1 0 0 0 0 1 0
320	3	1 1 1 1 0 1 0 0 0 1 1 0 0 0 0 0
320	1	1 1 1 1 0 1 1 1 0 1 1 0 0 0 0 0
320	2	1 1 1 1 1 1 0 0 0 1 1 0 0 0 0 0
320	3	1 1 1 0 1 0 0 0 1 0 0 0 0 0 0 0
320	3	1 1 1 0 1 1 1 0 0 1 0 0 0 0 0 0
320	2	1 1 1 1 1 1 0 1 0 1 0 0 0 1 0 0
320	2	1 1 1 1 0 1 1 0 0 0 0 0 0 0 1 0
320	1	1 1 0 0 0 1 0 0 0 0 0 0 0 1 0 0
320	6	1 1 1 1 1 1 1 1 0 1 0 0 0 0 0 0
320	2	1 1 0 0 0 1 1 0 1 1 0 0 1 0 1 0
320	3	1 1 1 1 0 1 1 0 0 0 0 1 0 1 0 0
320	2	1 1 1 1 0 0 1 1 0 1 0 1 0 0 0 0
320	4	1 1 1 1 0 1 1 1 0 1 0 0 0 0 1 0
320	2	1 1 1 1 0 1 1 0 0 1 1 0 0 1 0 0
320	1	1 1 1 1 1 0 0 0 0 1 0 0 1 0 0 0
320	2	1 1 1 1 1 0 1 0 0 1 0 0 0 0 0 0
320	1	1 1 1 1 0 1 0 0 1 1 0 0 0 0 0 1
320	3	1 1 1 1 0 1 0 0 0 0 0 0 0 0 1 0
320	2	1 1 0 1 1 1 0 0 0 1 0 0 0 0 0 0
320	1	1 1 1 0 1 1 0 0 0 0 0 0 0 1 0 0
320	1	1 1 1 1 0 0 1 1 0 0 0 0 0 0 0 0
320	1	1 1 1 1 0 1 1 0 0 0 0 0 0 1 0 0
320	1	1 1 0 1 0 1 0 0 0 0 0 0 0 1 0 0
320	1	1 0 1 1 0 1 0 0 0 0 0 0 0 0 0 0
320	3	0 1 1 1 0 1 0 0 1 1 0 0 0 0 0 0
320	1	1 1 0 0 0 1 1 1 0 1 0 0 0 0 0 0
340	6	1 1 1 0 0 1 1 0 0 1 0 0 0 0 0 0
340	98	1 1 1 1 0 1 1 0 0 1 0 0 0 0 0 0
340	9	1 1 1 1 0 1 1 0 0 0 0 0 0 0 0 0
340	81	1 1 1 1 0 1 0 0 0 0 0 0 0 0 0 0
340	7	1 1 1 1 0 1 1 1 1 0 0 0 0 0 0 0
340	22	1 1 1 1 0 1 1 0 0 1 0 0 0 0 0 1
340	18	1 1 1 1 0 0 1 0 0 1 0 0 0 0 0 0
340	121	1 1 1 1 0 1 1 0 0 1 1 0 0 0 0 0
340	15	1 1 1 1 1 1 1 1 0 1 1 0 0 0 0 0
340	5	1 0 1 1 0 1 1 1 0 1 0 1 0 0 0 0
340	26	1 1 1 1 0 1 1 0 1 1 0 0 0 0 0 0
340	81	1 1 1 1 1 1 0 0 0 1 0 0 0 0 0 0
340	43	1 1 1 1 0 1 0 1 0 0 0 0 0 0 0 0
340	17	1 1 1 0 0 1 0 0 0 0 0 0 0 1 0 0
340	10	1 1 1 1 1 1 1 0 0 1 1 0 0 0 0 0
340	15	1 1 1 1 0 0 1 0 0 1 0 0 0 0 0 1
340	21	1 1 1 1 0 1 0 0 0 0 0 0 0 1 0 0
340	10	1 1 1 1 1 1 0 0 0 0 0 0 0 0 0 0
340	14	1 1 1 1 0 1 0 0 0 1 0 0 0 0 0 0
340	19	1 0 1 1 0 0 1 0 1 0 0 0 0 0 0 0
340	4	1 1 1 0 0 1 1 0 0 1 0 1 0 0 0 0
340	39	1 1 1 1 0 1 0 0 0 0 0 1 0 1 0 0
340	2	1 1 1 1 0 1 1 1 0 1 0 0 0 0 0 0
340	3	1 1 1 1 0 0 1 0 0 1 0 0 0 0 1 1
340	5	1 0 1 1 1 1 1 0 0 1 0 0 0 0 0 0
340	4	1 1 1 1 0 1 1 1 0 0 0 0 0 0 0 0
340	6	0 1 1 0 1 1 1 1 0 1 0 0 0 0 0 0
340	7	1 0 1 0 0 1 0 0 0 1 0 0 0 0 0 0
340	3	1 1 1 1 0 1 1 0 0 1 1 0 0 0 0 1
340	6	1 1 1 0 0 1 0 0 0 1 0 0 1 0 0 0
340	7	1 1 1 1 0 1 1 1 1 1 0 0 0 0 0 0
340	10	1 1 1 1 0 1 1 0 0 0 0 1 0 1 0 0
340	1	1 1 1 1 0 0 1 1 0 1 0 1 0 0 0 0
340	1	1 1 1 1 0 1 1 1 0 1 0 0 0 0 1 0
340	1	1 1 1 1 1 0 0 0 0 1 0 0 1 0 0 0
340	7	1 1 0 1 0 1 0 1 0 0 0 0 0 0 0 0
340	45	1 1 1 1 0 1 1 0 0 1 0 1 0 0 0 0
340	4	1 1 1 1 0 1 0 0 0 0 0 0 0 0 0 1
340	34	1 1 1 1 0 1 1 0 0 1 1 0 0 0 1 0
340	3	1 0 1 1 0 1 1 0 0 1 0 0 0 0 0 0
340	16	1 1 1 1 0 1 0 0 0 0 0 1 0 0 0 0
340	7	0 1 1 1 0 1 1 0 0 1 0 0 0 0 0 1
340	5	1 1 0 1 0 1 1 0 0 1 0 0 0 0 0 1
340	31	0 1 1 1 0 1 1 0 0 1 1 0 0 0 0 0
340	5	1 1 1 0 0 1 1 0 0 1 0 0 1 0 0 1
340	4	1 1 1 0 0 1 1 0 0 0 0 1 0 0 0 0
340	1	1 1 1 1 1 1 1 0 0 1 1 0 0 0 0 1
340	1	1 1 1 1 0 1 1 0 0 1 0 0 1 0 0 0
340	7	1 0 1 1 0 1 1 0 0 1 1 0 0 0 1 0
340	3	1 1 1 1 1 1 0 0 0 1 0 1 0 0 0 0
340	2	1 1 1 1 1 1 0 0 0 1 0 0 1 0 0 0
340	6	1 1 1 1 0 1 1 0 0 1 0 0 0 0 1 0
340	1	1 1 1 1 0 1 0 0 0 0 0 0 0 0 1 0
340	4	1 1 1 1 0 1 1 0 0 0 0 1 0 0 0 0
340	1	1 1 1 1 0 1 1 0 1 1 0 0 0 0 1 0
340	1	1 1 1 1 1 1 1 0 0 1 0 0 0 0 1 1
340	5	1 1 1 1 1 1 0 0 0 1 0 0 0 0 1 0
340	1	1 0 1 1 1 1 0 0 0 1 0 0 0 0 0 0
340	4	1 1 1 1 0 1 1 0 0 1 0 0 0 0 1 1
340	5	1 1 1 1 0 1 0 0 0 1 0 0 1 0 0 0
340	1	1 1 1 1 0 1 1 0 0 0 0 0 0 0 1 0
340	2	1 1 1 0 0 1 0 0 0 0 0 0 0 0 0 0
340	2	1 1 1 1 0 1 0 1 0 0 0 0 0 0 1 0
340	2	1 1 1 0 0 1 1 0 0 1 0 1 1 0 0 0
340	3	0 1 1 1 0 0 1 0 0 1 0 0 0 0 1 1
340	1	0 0 1 0 1 1 1 1 0 1 0 0 0 0 0 0
340	5	1 1 1 1 0 1 0 0 0 1 1 0 0 0 0 0
340	4	0 1 1 1 0 1 1 0 0 1 0 0 0 1 0 0
340	1	1 1 1 1 1 1 0 1 0 1 0 0 0 0 0 0
340	1	1 1 1 1 0 1 0 1 0 1 0 0 0 0 0 0
340	3	0 1 1 0 1 1 1 1 0 1 0 0 0 0 1 0
340	1	1 1 1 1 1 0 0 0 0 1 1 0 0 0 0 1
340	2	0 1 1 0 0 1 0 0 0 1 0 0 0 0 0 0
340	1	1 1 1 0 0 1 1 1 0 1 0 0 0 0 0 0
340	4	1 1 1 1 0 1 1 0 0 1 0 0 0 1 0 1
340	3	1 1 1 1 0 1 1 0 0 1 1 0 1 0 0 0
340	2	1 1 1 1 0 1 1 1 0 1 1 0 0 0 0 0
340	2	1 1 1 1 1 1 0 0 0 0 0 1 0 0 0 0
340	1	1 1 1 1 0 1 1 0 0 1 1 1 0 0 0 0
340	2	0 1 1 1 0 1 0 0 0 0 0 0 0 0 0 0
340	3	1 1 1 1 0 1 0 0 0 1 0 0 0 0 0 1
340	2	1 1 1 1 0 0 1 0 0 1 0 0 1 0 0 0
340	1	1 1 1 0 0 1 1 0 1 1 0 0 0 0 0 0
340	1	1 1 1 1 1 1 0 0 0 1 0 0 0 0 0 1
340	1	1 0 1 1 0 0 1 0 1 0 0 0 1 0 0 0
340	1	1 0 1 1 0 1 0 0 0 0 0 1 0 1 0 0
340	1	0 0 1 1 1 1 1 0 0 1 0 0 0 0 0 0
340	1	1 1 1 1 0 1 1 0 0 1 1 1 0 0 1 0
340	1	1 1 1 1 0 1 1 0 0 1 1 0 0 1 1 0
340	1	1 1 1 1 0 1 1 0 0 1 0 0 1 0 1 0
340	1	1 1 1 1 0 1 0 0 0 0 0 0 1 0 0 0
340	2	1 1 1 1 0 1 1 1 0 0 0 0 0 0 1 0
340	1	1 1 1 1 0 1 1 1 0 1 1 0 1 0 0 0
360	71	1 1 1 1 0 1 1 0 0 1 0 0 0 0 0 0
360	25	1 1 1 1 0 1 1 0 0 0 0 0 0 0 0 0
360	59	1 1 1 1 0 1 0 0 0 0 0 0 0 0 0 0
360	83	1 1 1 1 0 0 1 0 0 1 0 0 0 0 0 0
360	56	1 1 1 1 0 1 1 0 0 1 1 0 0 0 0 0
360	14	1 1 1 1 1 1 1 1 0 1 1 0 0 0 0 0
360	43	1 1 1 1 0 1 1 0 1 1 0 0 0 0 0 0
360	48	1 1 1 1 1 1 0 0 0 1 0 0 0 0 0 0
360	5	1 1 1 1 0 1 0 1 0 0 0 0 0 0 0 0
360	13	1 1 1 0 0 1 0 0 0 0 0 0 0 1 0 0
360	3	1 1 1 1 1 1 1 0 0 1 1 0 0 0 0 0
360	30	1 1 1 1 0 0 1 0 0 1 0 0 0 0 0 1
360	16	1 1 1 1 1 1 0 0 0 0 0 0 0 0 0 0
360	14	1 1 1 1 0 1 0 0 0 1 0 0 0 0 0 0
360	24	1 0 1 1 0 0 1 0 1 0 0 0 0 0 0 0
360	21	1 1 1 0 0 1 1 0 0 1 0 1 0 0 0 0
360	34	1 1 1 1 0 1 0 0 0 0 0 1 0 1 0 0
360	11	1 1 1 1 0 1 1 1 0 1 0 0 0 0 0 0
360	3	1 0 1 1 1 1 1 0 0 1 0 0 0 0 0 0
360	13	1 1 1 1 0 1 1 1 0 0 0 0 0 0 0 0
360	1	1 1 1 0 0 1 0 0 0 1 0 0 1 0 0 0
360	3	1 1 1 1 0 1 1 0 0 0 0 1 0 1 0 0
360	34	1 1 0 1 0 1 0 1 0 0 0 0 0 0 0 0
360	27	1 1 1 1 0 1 1 0 0 1 0 1 0 0 0 0
360	12	1 1 1 1 0 1 0 0 0 0 0 0 0 0 0 1
360	16	1 1 1 1 0 1 1 0 0 1 1 0 0 0 1 0
360	15	1 1 1 1 0 1 0 0 0 0 0 1 0 0 0 0
360	17	0 1 1 1 0 1 1 0 0 1 1 0 0 0 0 0
360	3	1 1 1 0 0 1 1 0 0 0 0 1 0 0 0 0
360	16	1 1 1 1 0 1 1 0 0 0 0 1 0 0 0 0
360	8	0 0 1 0 1 1 1 1 0 1 0 0 0 0 0 0
360	15	1 1 1 1 0 1 0 0 0 1 1 0 0 0 0 0
360	6	0 1 1 0 1 1 1 1 0 1 0 0 0 0 1 0
360	2	0 1 1 0 0 1 0 0 0 1 0 0 0 0 0 0
360	5	1 1 1 1 0 1 1 0 0 1 1 0 1 0 0 0
360	4	1 1 1 1 1 1 0 0 0 0 0 1 0 0 0 0
360	6	1 1 1 1 0 1 0 0 0 1 0 0 0 0 0 1
360	15	1 0 1 1 0 1 1 0 0 1 1 0 0 0 0 0
360	6	1 1 1 1 0 1 1 0 0 0 0 0 0 1 0 0
360	2	0 1 1 1 0 1 0 1 0 0 0 0 0 0 0 0
360	1	1 1 1 1 0 0 1 0 0 1 0 1 0 0 0 0
360	3	0 1 1 0 0 1 0 0 0 0 0 0 0 0 0 0
360	3	1 1 1 1 0 1 1 0 0 1 1 1 0 0 1 0
360	7	1 1 1 1 0 0 0 0 0 1 0 0 0 0 0 1
360	2	1 1 1 1 0 1 0 0 0 0 1 0 0 0 0 0
360	4	1 1 1 0 0 1 1 0 0 1 1 0 0 0 0 0
360	3	0 1 1 1 0 1 1 0 0 1 1 0 1 1 0 0
360	8	0 1 1 0 1 1 1 1 0 1 0 0 0 0 1 1
360	10	1 0 1 1 0 1 1 0 0 1 0 0 0 0 0 0
360	7	1 1 1 1 1 1 0 0 0 1 0 0 0 0 1 0
360	6	1 1 1 0 0 1 1 0 0 1 1 0 0 0 1 0
360	2	1 1 1 1 0 1 1 1 0 1 1 0 0 0 0 0
360	1	1 1 1 1 0 1 1 0 0 1 0 0 1 0 0 0
360	15	0 1 1 1 0 1 1 1 0 1 1 0 0 0 0 0
360	2	1 1 1 1 0 1 1 1 0 1 0 0 0 1 0 0
360	12	1 1 1 1 0 1 1 0 1 1 0 1 0 0 0 0
360	4	1 1 1 1 0 1 1 1 0 1 0 1 0 0 0 0
360	12	0 1 1 1 0 1 1 0 1 1 1 0 0 0 0 0
360	16	1 0 1 1 1 1 0 0 0 0 0 1 0 0 1 0
360	2	1 0 1 1 0 1 1 0 0 0 0 0 0 1 0 0
360	5	0 1 0 0 0 1 0 0 0 0 0 0 0 0 0 0
360	14	1 1 1 1 0 1 0 0 0 1 0 1 0 0 0 0
360	6	0 1 1 0 0 1 0 0 0 0 0 0 1 0 0 0
360	2	1 1 1 1 0 0 1 0 1 0 0 0 0 0 0 0
360	5	1 1 1 1 1 1 1 0 0 1 0 0 0 0 0 0
360	4	1 1 1 1 0 1 1 0 1 1 0 0 0 1 0 0
360	2	0 1 1 0 1 1 0 0 0 0 0 0 0 0 0 0
360	2	1 1 1 1 0 1 0 0 0 1 0 0 1 0 0 0
360	4	1 1 1 0 0 1 1 0 0 1 0 0 0 0 0 0
360	5	1 0 1 1 0 1 0 0 0 0 0 1 0 1 0 0
360	1	1 1 1 1 0 0 1 0 0 1 1 1 0 0 0 0
360	1	1 1 1 0 1 1 1 1 0 1 0 0 0 0 1 0
360	1	1 1 1 0 0 1 0 0 0 0 0 0 0 0 1 0
360	1	1 1 0 1 0 1 1 0 0 1 0 0 0 0 0 0
360	4	0 1 1 1 0 1 1 0 0 1 0 0 0 0 0 0
360	1	1 1 1 1 0 1 0 1 0 0 0 1 0 1 0 0
360	2	1 1 0 1 0 1 0 1 0 0 1 0 0 0 0 0
360	1	1 0 1 1 0 1 0 0 0 0 0 1 0 0 0 0
360	2	1 1 1 0 0 1 1 0 0 1 1 0 0 0 1 1
360	1	1 1 1 1 0 1 1 0 0 0 0 1 0 0 0 1
360	3	1 1 1 1 0 0 1 0 0 1 0 0 0 1 0 0
360	5	0 1 1 1 1 1 0 0 0 1 0 0 0 0 0 0
360	2	1 0 1 1 0 1 1 1 0 1 0 0 0 0 0 0
360	2	1 1 0 1 0 1 1 0 0 1 0 1 0 0 0 0
360	1	0 1 1 0 0 1 1 0 0 0 0 0 0 0 0 0
360	2	0 0 1 1 0 1 1 0 0 1 1 0 1 1 0 0
360	2	1 0 1 0 0 1 0 0 0 0 0 1 0 1 0 0
380	79	1 1 1 1 0 1 1 0 0 1 0 0 0 0 0 0
380	35	1 1 1 1 0 1 1 0 0 0 0 0 0 0 0 0
380	36	1 1 1 1 0 1 0 0 0 0 0 0 0 0 0 0
380	21	1 1 1 1 0 0 1 0 0 1 0 0 0 0 0 0
380	12	1 1 1 1 0 1 1 0 0 1 1 0 0 0 0 0
380	11	1 1 1 1 1 1 1 1 0 1 1 0 0 0 0 0
380	5	1 1 1 1 0 1 1 0 1 1 0 0 0 0 0 0
380	38	1 1 1 1 1 1 0 0 0 1 0 0 0 0 0 0
380	24	1 1 1 1 0 1 0 1 0 0 0 0 0 0 0 0
380	11	1 1 1 0 0 1 0 0 0 0 0 0 0 1 0 0
380	42	1 1 1 1 1 1 1 0 0 1 1 0 0 0 0 0
380	1	1 1 1 1 0 0 1 0 0 1 0 0 0 0 0 1
380	15	1 1 1 1 1 1 0 0 0 0 0 0 0 0 0 0
380	10	1 1 1 1 0 1 0 0 0 1 0 0 0 0 0 0
380	17	1 0 1 1 0 0 1 0 1 0 0 0 0 0 0 0
380	26	1 1 1 0 0 1 1 0 0 1 0 1 0 0 0 0
380	45	1 1 1 1 0 1 0 0 0 0 0 1 0 1 0 0
380	34	1 1 1 1 0 1 1 1 0 1 0 0 0 0 0 0
380	10	1 1 1 1 0 1 1 1 0 0 0 0 0 0 0 0
380	31	1 1 0 1 0 1 0 1 0 0 0 0 0 0 0 0
380	12	1 1 1 1 0 1 0 0 0 0 0 1 0 0 0 0
380	36	0 1 1 1 0 1 1 0 0 1 1 0 0 0 0 0
380	10	1 1 1 1 0 1 1 0 0 0 0 1 0 0 0 0
380	23	0 0 1 0 1 1 1 1 0 1 0 0 0 0 0 0
380	13	1 0 1 1 0 1 1 0 0 1 1 0 0 0 0 0
380	4	1 1 1 1 0 0 0 0 0 1 0 0 0 0 0 1
380	10	1 1 1 0 0 1 1 0 0 1 1 0 0 0 0 0
380	30	1 1 1 1 1 1 0 0 0 1 0 0 0 0 1 0
380	16	1 1 1 0 0 1 1 0 0 1 1 0 0 0 1 0
380	20	1 1 1 1 0 1 1 0 1 1 0 1 0 0 0 0
380	8	1 1 1 1 0 1 1 1 0 1 0 1 0 0 0 0
380	2	0 1 1 1 0 1 1 0 1 1 1 0 0 0 0 0
380	19	1 1 1 1 0 1 0 0 0 1 0 1 0 0 0 0
380	7	1 1 1 1 0 0 1 0 1 0 0 0 0 0 0 0
380	26	1 1 1 1 1 1 1 0 0 1 0 0 0 0 0 0
380	1	1 1 1 1 0 1 1 0 1 1 0 0 0 1 0 0
380	6	1 1 0 1 0 1 1 0 0 1 0 0 0 0 0 0
380	3	0 1 1 1 0 1 1 0 0 1 0 0 0 0 0 0
380	8	1 1 0 1 0 1 1 0 0 1 0 1 0 0 0 0
380	2	0 0 1 1 0 1 1 0 0 1 1 0 1 1 0 0
380	5	1 1 1 1 0 1 1 0 0 1 0 0 0 0 1 0
380	4	1 1 0 1 1 1 0 0 0 1 0 0 0 0 1 0
380	8	1 1 1 1 0 1 1 0 0 1 0 0 0 0 0 1
380	13	1 1 1 0 0 1 1 1 0 1 1 0 0 0 0 0
380	21	0 1 1 1 0 1 1 0 0 0 0 0 0 0 0 0
380	4	1 1 1 1 0 1 1 0 1 0 0 1 0 0 0 0
380	7	0 1 1 1 0 1 1 0 1 1 1 0 0 0 0 1
380	2	1 1 1 1 1 0 1 0 0 1 0 0 0 0 0 0
380	3	1 1 1 1 0 1 0 0 0 0 0 1 1 1 0 0
380	5	1 1 1 0 0 1 1 0 0 1 0 0 0 1 0 0
380	2	1 1 0 1 0 1 0 1 0 1 1 0 0 0 0 0
380	13	1 1 1 1 0 1 1 1 0 1 1 0 0 0 0 0
380	4	0 1 1 1 1 1 0 0 1 0 0 0 0 0 0 0
380	6	1 1 1 1 1 1 1 0 0 1 0 0 0 0 1 0
380	2	1 1 1 1 0 0 1 0 0 1 0 1 0 0 0 0
380	13	1 1 1 1 1 1 1 0 1 1 0 0 0 0 0 0
380	11	1 0 1 1 0 0 1 0 0 1 0 0 0 0 0 0
380	1	1 1 1 0 0 1 0 0 0 0 0 0 0 1 1 0
380	4	0 0 1 0 0 1 1 1 0 1 0 0 0 0 0 0
380	12	1 1 1 0 0 1 0 0 1 0 0 0 0 0 0 0
380	2	1 1 1 1 0 1 1 0 1 1 1 1 0 0 0 0
380	4	1 1 1 1 0 1 0 0 1 1 0 0 0 0 0 0
380	7	1 1 0 1 0 1 0 1 0 1 0 0 0 0 0 0
380	3	1 1 1 0 0 1 1 1 0 1 0 0 0 0 0 0
380	1	1 1 1 1 0 0 0 1 0 0 0 0 0 0 0 0
380	3	1 1 1 1 0 1 1 0 1 0 0 0 0 0 0 0
380	3	1 1 1 1 0 0 1 0 0 0 0 0 0 0 0 0
380	1	1 1 0 1 0 1 0 0 0 0 0 1 0 1 0 0
380	20	1 1 1 1 0 0 1 0 1 1 0 0 0 0 0 0
380	1	1 1 1 0 0 1 1 0 0 1 0 0 0 0 0 1
380	7	0 1 1 1 0 1 1 0 0 0 0 0 1 0 0 0
380	8	1 0 1 1 0 1 1 0 1 1 0 0 0 0 0 0
380	5	0 1 1 1 0 1 0 0 0 0 0 0 0 0 0 0
380	1	1 0 1 1 0 1 1 0 0 1 0 0 0 0 0 0
380	1	1 1 1 0 0 0 1 0 0 1 0 0 0 0 0 0
380	1	1 1 1 1 1 1 0 0 0 1 1 0 0 0 0 0
380	1	1 1 1 0 0 0 1 1 0 1 1 0 0 0 0 0
380	2	1 1 1 1 0 0 0 0 1 1 0 0 0 0 0 0
380	1	1 1 1 1 1 1 0 0 0 0 0 0 1 0 0 0
380	3	1 1 1 1 0 1 0 0 0 0 0 0 1 0 0 1
380	1	0 1 1 1 0 1 0 0 0 0 0 0 0 0 0 1
380	5	1 1 1 1 0 0 1 0 1 1 0 1 0 0 0 0
380	2	1 1 1 1 0 0 1 1 0 1 0 0 0 0 0 0
380	2	1 1 1 1 1 1 0 0 1 1 0 0 0 0 0 0
380	3	1 1 0 1 0 1 0 1 0 0 0 0 0 0 1 0
380	1	1 1 1 1 1 1 0 1 0 1 0 0 0 0 1 0
380	1	1 1 0 1 1 1 0 0 0 1 0 0 0 0 0 0
380	2	1 1 1 0 0 1 0 0 0 1 0 0 0 1 0 0
380	3	1 0 1 0 0 0 1 0 0 1 0 0 0 0 0 0
380	2	1 1 1 1 0 0 1 0 1 0 0 1 0 0 0 0
380	1	1 1 1 1 0 1 1 0 0 1 0 0 1 0 0 0
380	1	1 0 1 1 0 1 1 0 0 0 0 0 0 0 0 0
380	1	1 0 1 1 0 1 0 0 0 1 0 1 0 0 0 0
380	1	1 1 1 0 0 1 1 0 0 1 0 0 0 0 1 0
400	35	1 1 1 1 0 1 1 0 0 1 0 0 0 0 0 0
400	45	1 1 1 1 0 1 1 0 0 0 0 0 0 0 0 0
400	65	1 1 1 1 0 1 0 0 0 0 0 0 0 0 0 0
400	33	1 1 1 1 0 0 1 0 0 1 0 0 0 0 0 0
400	36	1 1 1 1 1 1 1 1 0 1 1 0 0 0 0 0
400	1	1 1 1 1 0 1 1 0 1 1 0 0 0 0 0 0
400	31	1 1 1 1 1 1 0 0 0 1 0 0 0 0 0 0
400	36	1 1 1 1 0 1 0 1 0 0 0 0 0 0 0 0
400	26	1 1 1 1 1 1 1 0 0 1 1 0 0 0 0 0
400	21	1 1 1 1 1 1 0 0 0 0 0 0 0 0 0 0
400	3	1 1 1 1 0 1 0 0 0 1 0 0 0 0 0 0
400	9	1 0 1 1 0 0 1 0 1 0 0 0 0 0 0 0
400	45	1 1 1 1 0 1 0 0 0 0 0 1 0 1 0 0
400	24	1 1 1 1 0 1 1 1 0 1 0 0 0 0 0 0
400	15	1 1 0 1 0 1 0 1 0 0 0 0 0 0 0 0
400	32	1 1 1 1 0 1 0 0 0 0 0 1 0 0 0 0
400	10	0 1 1 1 0 1 1 0 0 1 1 0 0 0 0 0
400	2	1 1 1 1 0 1 1 0 0 0 0 1 0 0 0 0
400	22	0 0 1 0 1 1 1 1 0 1 0 0 0 0 0 0
400	16	1 0 1 1 0 1 1 0 0 1 1 0 0 0 0 0
400	18	1 1 1 1 1 1 0 0 0 1 0 0 0 0 1 0
400	17	1 1 1 1 0 1 1 0 1 1 0 1 0 0 0 0
400	9	1 1 1 1 0 1 1 1 0 1 0 1 0 0 0 0
400	13	1 1 1 1 0 1 0 0 0 1 0 1 0 0 0 0
400	11	1 1 1 1 0 0 1 0 1 0 0 0 0 0 0 0
400	58	1 1 1 1 1 1 1 0 0 1 0 0 0 0 0 0
400	2	1 1 0 1 0 1 1 0 0 1 0 1 0 0 0 0
400	24	1 1 1 1 0 1 1 0 0 1 0 0 0 0 1 0
400	12	1 1 1 0 0 1 1 1 0 1 1 0 0 0 0 0
400	7	0 1 1 1 0 1 1 0 0 0 0 0 0 0 0 0
400	1	1 1 1 1 0 1 1 0 1 0 0 1 0 0 0 0
400	61	1 1 1 1 0 1 1 1 0 1 1 0 0 0 0 0
400	1	0 0 1 0 0 1 1 1 0 1 0 0 0 0 0 0
400	3	1 1 1 1 0 0 1 0 1 1 0 0 0 0 0 0
400	11	1 0 1 0 0 0 1 0 0 1 0 0 0 0 0 0
400	13	1 1 1 0 0 1 1 0 0 1 0 0 0 0 0 0
400	5	1 1 1 1 0 0 0 0 0 1 0 0 0 0 0 0
400	9	1 1 1 1 0 0 0 0 0 1 0 1 0 0 0 0
400	4	1 1 1 1 0 1 0 0 0 1 1 0 0 0 0 0
400	8	1 0 1 0 0 0 1 1 0 1 0 0 0 0 0 0
400	1	0 1 1 1 0 1 0 0 0 0 0 1 0 0 0 0
400	5	1 1 1 1 1 1 1 0 0 1 1 1 0 0 0 0
400	4	1 1 1 1 1 1 0 0 0 0 1 0 0 0 0 0
400	10	1 1 1 1 0 0 0 0 0 0 0 0 0 0 0 0
400	4	1 1 1 1 0 1 1 0 0 1 0 1 0 0 0 0
400	3	1 0 1 1 0 1 1 0 0 1 0 0 0 0 1 0
400	8	1 1 1 1 0 1 0 0 0 0 1 1 0 0 0 0
400	2	1 1 1 1 0 1 0 0 0 0 1 1 0 1 0 0
400	9	1 1 1 1 1 1 0 1 0 1 1 0 0 0 0 0
400	8	1 0 1 1 0 1 0 1 0 0 0 0 0 0 0 0
400	7	1 0 1 1 0 1 0 0 0 0 0 1 0 1 0 0
400	5	1 0 1 1 1 1 1 0 0 1 0 0 0 0 0 0
400	1	1 0 1 0 0 0 1 1 0 1 0 0 1 0 1 0
400	6	1 1 1 1 1 1 0 1 0 1 0 0 0 0 0 0
400	6	1 1 1 1 0 1 0 0 0 0 0 1 0 1 1 0
400	2	1 1 1 1 0 0 0 0 0 1 0 0 1 0 0 0
400	7	1 1 1 1 0 1 0 1 0 1 0 1 0 0 0 0
400	3	1 1 1 1 1 1 1 1 0 1 1 1 0 0 0 0
400	1	1 1 1 0 1 1 1 0 0 1 1 0 0 0 0 0
400	4	1 1 1 1 0 1 1 0 0 0 0 1 0 1 0 0
400	5	1 0 0 1 0 1 0 1 0 0 0 0 0 0 0 0
400	3	1 0 1 1 1 1 0 0 0 1 0 0 0 0 1 0
400	12	1 1 1 1 1 1 1 0 0 1 0 0 1 0 0 0
400	2	0 1 1 1 0 1 1 1 0 1 1 0 0 0 0 0
400	4	0 1 1 1 0 1 1 0 0 1 0 0 0 0 1 0
400	2	1 1 1 1 0 1 1 0 0 0 0 1 1 0 0 0
400	6	1 1 1 1 1 1 1 0 1 1 0 0 0 0 0 0
400	2	1 1 1 1 0 1 1 1 0 1 1 0 0 1 0 0
400	1	1 1 1 1 0 1 1 0 0 1 1 0 0 0 0 0
400	4	1 1 0 1 0 1 0 1 0 0 0 0 1 0 0 0
400	2	1 1 0 1 0 1 0 0 0 0 0 1 0 1 0 0
400	1	1 1 1 1 1 1 0 0 0 0 0 1 0 1 0 0
400	4	1 1 1 1 0 0 1 0 0 1 1 0 0 0 0 0
400	1	1 1 1 1 1 1 0 0 0 1 0 1 0 0 0 0
400	5	1 1 1 1 1 1 1 0 0 1 1 0 1 0 0 0
400	4	1 1 1 1 0 1 0 0 0 0 0 0 0 1 0 0
400	5	1 1 1 1 0 1 0 0 1 0 0 1 0 1 0 0
400	2	1 1 1 1 0 1 0 0 0 0 0 1 1 0 0 0
400	2	1 1 0 1 0 1 0 0 0 0 0 1 0 1 1 0
400	2	1 1 1 0 1 1 1 1 0 1 0 0 0 0 0 0
400	6	0 1 1 1 0 0 1 0 0 1 0 0 0 0 0 0
400	7	1 1 1 1 0 1 1 0 1 1 0 0 1 0 0 0
400	1	1 1 1 0 1 1 0 0 0 1 0 0 0 0 0 0
400	1	1 1 1 1 0 0 0 0 0 0 0 1 0 1 0 0
400	1	1 0 1 0 1 0 1 0 0 1 0 0 0 0 0 0
400	4	0 1 1 1 1 1 0 0 0 0 1 0 0 0 0 0
400	1	1 1 1 1 1 0 0 0 0 0 0 0 0 0 0 0
400	1	1 1 1 1 0 0 1 0 0 1 0 0 0 1 0 0
400	2	1 1 1 1 0 1 1 1 0 1 0 0 0 1 0 0
400	1	1 1 1 1 0 1 0 0 1 0 0 1 0 0 0 0
400	3	1 1 1 1 1 1 0 0 0 1 0 0 0 1 1 0
400	2	1 1 1 1 0 1 0 0 0 1 0 1 0 0 0 1
400	2	1 1 1 1 0 1 0 0 0 1 0 1 0 0 1 0
400	1	1 1 1 1 1 0 1 0 0 1 0 0 0 0 0 0
400	2	1 0 1 0 0 0 1 0 0 1 0 0 0 0 0 1
400	1	1 0 1 0 0 0 1 0 0 1 0 0 0 1 0 0
400	2	1 0 0 1 0 1 0 0 0 0 0 1 0 1 0 0
400	1	1 1 1 1 0 1 0 0 0 1 0 1 0 1 1 0
400	1	1 1 1 1 0 1 0 0 0 0 0 0 1 1 0 0
400	1	1 1 1 0 1 1 1 1 0 0 0 0 0 0 0 0
