0	250	0 0 1 1 0 0 0 0 0 0 1 0 0 0 0 0
0	250	1 1 0 0 1 0 1 1 0 1 0 0 0 0 0 0
0	250	0 0 0 0 0 1 0 0 1 0 0 1 1 0 0 1
0	250	0 0 0 0 0 1 0 0 0 0 0 0 0 0 0 0
8	158	0 0 1 1 0 0 0 0 0 0 1 0 0 0 0 0
8	341	1 1 0 0 1 0 1 1 0 1 0 0 0 0 0 0
8	164	0 0 0 0 0 1 0 0 1 0 0 1 1 0 0 1
8	205	0 0 0 0 0 1 0 0 0 0 0 0 0 0 0 0
8	13	0 0 1 1 0 0 0 0 0 0 1 0 0 0 0 1
8	3	1 1 0 0 1 1 1 1 0 1 0 0 0 0 0 0
8	9	1 1 0 0 1 0 1 1 0 0 0 0 0 0 0 0
8	1	0 0 0 0 0 1 0 0 0 0 0 0 0 1 0 0
8	12	0 0 0 0 0 1 0 0 1 0 0 0 0 0 0 0
8	6	0 0 1 1 0 0 0 1 0 0 1 0 0 0 0 0
8	2	0 0 0 0 0 1 0 1 1 0 0 1 1 0 0 1
8	1	1 0 0 0 1 0 1 1 0 1 0 0 0 0 0 0
8	6	1 1 0 0 1 0 1 1 0 1 0 0 0 0 1 0
8	11	1 0 0 0 0 1 0 0 0 0 0 0 0 0 0 0
8	1	0 0 1 1 0 1 0 0 1 0 0 1 1 0 0 1
8	4	0 0 1 1 0 0 0 0 0 0 0 0 0 0 0 0
8	1	0 0 1 1 0 0 0 0 0 0 1 0 0 0 1 0
8	2	1 1 0 0 0 0 1 1 0 1 0 0 0 0 0 0
8	3	0 0 0 0 0 1 0 0 1 0 0 1 1 1 0 1
8	2	0 0 0 0 0 1 0 0 1 0 0 1 0 0 0 1
8	2	0 0 0 0 0 1 0 1 0 0 0 0 0 0 0 0
8	6	1 1 0 1 1 0 1 1 0 1 0 0 0 0 0 0
8	2	0 0 0 0 0 1 0 0 1 1 0 1 1 0 0 1
8	2	0 0 1 1 0 0 0 0 0 1 0 0 0 0 0 0
8	6	0 1 0 0 1 0 1 1 0 1 0 0 0 0 0 0
8	1	0 0 0 0 0 0 0 0 0 0 0 0 0 0 0 0
8	3	1 1 0 0 0 1 0 0 1 0 0 1 1 0 0 1
8	4	0 0 1 1 0 1 0 0 0 0 1 0 0 0 0 0
8	1	1 0 1 1 0 0 0 0 0 0 1 0 0 0 0 0
8	2	1 1 0 0 1 0 1 1 1 1 0 0 0 0 0 0
8	4	0 0 0 0 0 1 0 0 1 0 0 1 1 0 0 0
8	2	0 1 0 0 0 1 0 0 1 0 0 1 1 0 0 1
8	1	0 0 1 1 0 0 1 1 0 1 0 0 0 0 0 0
8	2	1 1 0 0 1 1 0 0 0 0 0 0 0 0 0 0
8	3	1 1 0 0 1 0 1 1 0 1 0 0 1 0 0 1
8	3	1 1 0 0 0 1 0 1 1 0 0 1 1 0 0 1
8	2	1 1 0 0 1 0 1 1 0 1 0 0 0 0 0 1
8	1	0 0 0 0 0 1 0 0 1 0 0 1 0 0 0 0
8	2	1 1 0 0 1 0 1 0 0 1 0 0 0 0 0 0
8	1	0 0 0 0 0 0 0 0 1 0 0 1 1 0 0 1
8	2	1 0 0 0 0 1 0 0 1 0 0 1 1 0 0 1
8	1	0 0 0 1 0 1 0 0 0 0 0 0 0 0 0 0
8	2	0 0 1 1 0 1 0 0 1 0 0 1 0 0 0 1
45	169	1 1 0 0 1 0 1 1 0 1 0 0 0 0 0 0
45	4	0 0 0 0 0 1 0 0 1 0 0 1 1 0 0 1
45	51	0 0 0 0 0 1 0 0 0 0 0 0 0 0 0 0
45	16	0 0 1 1 0 0 0 0 0 0 1 0 0 0 0 1
45	13	1 1 0 0 1 0 1 1 0 0 0 0 0 0 0 0
45	3	0 0 0 0 0 1 0 0 1 0 0 0 0 0 0 0
45	18	0 0 0 0 0 1 0 1 0 0 0 0 0 0 0 0
45	37	1 1 0 1 1 0 1 1 0 1 0 0 0 0 0 0
45	12	0 1 0 0 1 0 1 1 0 1 0 0 0 0 0 0
45	109	1 1 0 0 1 1 0 0 0 0 0 0 0 0 0 0
45	38	1 1 0 0 1 0 1 1 0 1 0 0 0 0 0 1
45	75	1 1 0 0 1 0 1 0 0 1 0 0 0 0 0 0
45	4	0 0 0 0 1 0 1 1 0 1 0 0 0 0 0 0
45	10	1 1 0 0 1 0 1 1 0 1 1 0 0 0 0 0
45	13	1 1 0 0 1 0 1 1 0 0 1 0 0 0 0 0
45	10	0 0 0 0 0 1 0 0 0 0 0 1 1 0 0 1
45	24	1 1 0 0 0 0 1 1 0 1 0 0 0 0 0 0
45	1	0 0 1 1 0 0 0 0 0 0 0 0 0 0 0 1
45	13	1 1 0 1 1 0 1 1 0 1 0 0 0 0 0 1
45	21	1 1 0 0 1 1 0 0 0 0 1 0 0 0 0 0
45	24	1 1 0 0 1 1 0 0 0 0 0 0 0 0 0 1
45	10	1 1 0 0 1 1 0 0 0 0 0 0 1 0 0 0
45	10	1 1 0 0 1 0 1 1 0 1 0 0 0 0 1 0
45	12	0 1 0 0 0 0 1 1 0 1 0 0 0 0 0 0
45	13	0 0 0 0 0 1 0 0 0 0 0 1 1 0 0 0
45	26	1 1 0 0 1 1 0 1 0 1 0 0 0 0 0 0
45	4	1 1 0 0 1 0 1 1 0 1 0 0 1 0 0 0
45	12	0 1 1 1 0 0 0 1 0 0 1 1 0 0 0 0
45	4	0 0 1 1 0 0 0 0 0 1 1 0 0 0 0 1
45	5	1 0 0 0 0 0 1 1 0 1 0 0 0 0 0 0
45	8	1 1 0 0 1 0 1 1 1 1 0 0 0 0 0 0
45	2	0 1 0 0 0 1 0 0 0 0 0 0 0 0 0 0
45	5	1 0 0 0 1 1 0 0 0 0 0 0 0 0 0 0
45	5	1 1 0 0 1 0 1 1 0 1 0 0 0 1 0 0
45	11	0 0 0 0 0 1 0 0 1 0 0 0 0 0 0 1
45	2	0 0 1 1 1 0 1 0 0 1 0 0 0 0 0 0
45	4	0 0 0 0 0 1 0 0 0 0 0 0 0 0 1 0
45	1	1 1 0 0 0 1 0 0 0 1 0 0 0 0 0 0
45	3	1 1 0 0 1 0 1 0 0 0 1 0 0 0 0 1
45	3	0 0 0 0 0 0 0 0 0 0 0 0 0 0 0 0
45	12	1 1 0 1 1 0 1 1 0 0 0 0 0 0 0 0
45	4	1 1 0 0 1 1 0 1 0 0 0 0 0 0 0 0
45	1	1 1 0 0 1 0 1 1 0 1 0 1 1 0 0 0
45	20	1 1 0 0 1 0 1 1 0 1 0 1 0 0 0 0
45	2	1 1 0 0 1 1 0 0 0 0 0 0 0 1 0 1
45	6	0 1 0 0 0 1 1 1 0 1 0 0 0 0 0 0
45	1	1 1 1 0 1 0 1 1 0 1 0 0 0 0 0 0
45	1	1 1 0 0 1 0 0 1 0 1 0 0 0 0 0 0
45	23	1 1 0 1 1 1 0 0 0 0 0 0 0 0 0 0
45	4	1 1 0 1 0 0 0 0 0 0 1 0 1 0 0 0
45	1	1 0 0 0 0 1 0 0 0 0 0 0 0 0 0 0
45	4	0 0 0 0 0 1 0 1 1 0 0 0 0 0 0 0
45	5	1 1 0 1 1 0 1 1 0 1 0 0 0 0 1 0
45	2	1 1 0 0 0 1 0 1 0 0 0 1 1 0 0 1
45	6	0 0 1 0 1 0 1 1 0 1 0 0 0 0 0 0
45	4	0 0 0 0 0 1 0 1 1 0 0 1 1 0 0 1
45	4	0 0 1 1 0 0 0 0 0 0 1 0 0 1 0 1
45	5	0 0 0 0 0 1 0 1 0 0 0 0 0 1 0 0
45	2	1 1 0 0 0 0 1 1 0 1 0 0 0 0 0 1
45	3	1 1 0 0 1 1 0 0 0 1 0 0 0 0 0 0
45	7	0 1 0 0 1 0 1 0 0 0 0 0 0 0 0 0
45	2	1 1 0 0 1 0 1 1 0 0 1 1 0 0 0 0
45	2	0 1 0 0 1 0 1 1 0 1 0 0 0 0 0 1
45	1	0 0 1 1 1 0 1 1 0 1 0 0 0 0 0 1
45	2	1 1 0 1 0 1 0 1 1 0 0 1 1 0 0 0
45	1	0 0 1 1 0 0 0 0 0 0 1 1 0 0 0 1
45	2	1 1 0 0 1 1 0 1 0 0 1 0 0 0 0 0
45	3	1 1 1 0 1 1 0 0 0 0 0 0 0 0 0 0
45	1	0 0 0 0 0 1 0 1 0 1 0 0 0 0 0 1
45	1	1 1 0 0 1 0 1 1 0 0 0 1 1 0 0 1
45	1	0 0 1 1 0 0 0 0 0 0 0 0 0 0 0 0
45	11	1 1 0 1 1 0 0 1 0 1 0 0 0 0 0 0
45	7	1 1 0 1 1 0 1 0 0 1 0 0 0 0 0 0
45	1	1 1 0 0 1 0 1 0 0 1 0 0 0 1 0 0
45	5	1 0 0 0 0 1 0 0 0 0 1 0 0 0 0 0
45	1	0 0 0 0 0 0 1 1 0 1 0 0 0 0 0 1
45	1	1 0 1 1 0 0 0 0 0 0 0 0 0 0 0 1
45	4	0 1 0 0 1 1 0 0 0 0 0 0 0 0 0 0
45	2	1 1 0 0 1 1 0 0 0 0 1 0 0 0 0 1
45	4	0 0 1 1 0 0 0 0 0 1 1 0 0 1 0 1
45	3	1 0 0 1 1 0 1 1 0 1 0 0 0 0 0 1
45	2	0 0 1 0 0 1 0 1 0 0 0 0 0 0 0 0
45	1	1 1 0 1 1 0 1 1 0 1 1 0 0 0 0 0
45	1	1 0 0 0 1 0 1 1 0 1 0 0 0 0 0 1
45	5	1 1 0 0 1 1 1 0 0 1 0 0 0 0 0 0
45	1	1 1 0 0 1 0 1 0 0 1 0 0 0 0 0 1
45	4	1 1 0 0 1 0 1 0 0 0 0 0 0 0 0 0
45	2	1 1 0 0 0 0 1 1 0 1 0 0 0 1 0 0
45	1	1 0 0 0 0 0 1 0 0 0 0 1 1 0 0 1
45	1	0 0 0 0 0 1 0 0 0 1 0 0 0 0 0 0
45	1	0 0 0 0 0 1 0 0 0 0 0 1 0 0 0 0
45	1	1 1 0 1 1 1 1 1 0 1 0 0 0 0 0 0
45	1	1 0 0 0 1 0 1 1 0 0 1 0 0 0 0 0
45	2	1 0 0 0 0 0 1 1 0 1 0 0 0 0 1 0
85	28	1 1 0 0 1 0 1 1 0 1 0 0 0 0 0 0
85	14	0 0 0 0 0 1 0 0 0 0 0 0 0 0 0 0
85	7	0 0 1 1 0 0 0 0 0 0 1 0 0 0 0 1
85	53	1 1 0 0 1 0 1 1 0 0 0 0 0 0 0 0
85	14	0 0 0 0 0 1 0 1 0 0 0 0 0 0 0 0
85	61	1 1 0 1 1 0 1 1 0 1 0 0 0 0 0 0
85	2	0 1 0 0 1 0 1 1 0 1 0 0 0 0 0 0
85	94	1 1 0 0 1 1 0 0 0 0 0 0 0 0 0 0
85	96	1 1 0 0 1 0 1 0 0 1 0 0 0 0 0 0
85	5	1 1 0 0 1 0 1 1 0 1 1 0 0 0 0 0
85	10	1 1 0 1 1 0 1 1 0 1 0 0 0 0 0 1
85	15	1 1 0 0 1 1 0 0 0 0 0 0 0 0 0 1
85	15	1 1 0 0 1 1 0 1 0 1 0 0 0 0 0 0
85	2	0 0 0 0 0 1 0 0 1 0 0 0 0 0 0 1
85	24	1 1 0 1 1 0 1 1 0 0 0 0 0 0 0 0
85	39	1 1 0 0 1 0 1 1 0 1 0 1 0 0 0 0
85	37	1 1 0 1 1 1 0 0 0 0 0 0 0 0 0 0
85	23	1 1 0 0 1 1 0 0 0 1 0 0 0 0 0 0
85	25	0 1 0 0 1 0 1 0 0 0 0 0 0 0 0 0
85	69	1 1 0 1 1 0 1 0 0 1 0 0 0 0 0 0
85	26	1 1 0 0 1 1 1 0 0 1 0 0 0 0 0 0
85	19	1 1 1 0 1 1 1 0 0 1 0 0 0 0 0 0
85	4	1 1 0 0 0 0 1 1 0 1 0 0 0 0 0 1
85	13	1 1 1 0 1 0 1 0 0 1 0 0 0 0 0 0
85	11	0 1 0 0 1 0 1 0 0 1 0 0 0 0 0 0
85	6	0 1 0 0 0 1 0 0 1 0 0 0 0 0 0 1
85	20	1 1 0 0 0 0 1 1 0 1 0 1 0 0 0 0
85	9	1 1 0 0 1 0 0 1 0 1 0 0 0 0 0 0
85	12	1 1 0 0 1 0 1 1 0 1 0 0 0 1 0 0
85	1	1 1 0 0 1 1 0 0 0 0 0 0 1 0 1 1
85	4	0 0 1 1 1 0 1 1 0 1 0 0 0 0 0 0
85	19	0 1 0 0 1 0 1 1 0 1 0 1 0 0 0 0
85	2	1 1 1 0 1 1 0 0 0 0 0 0 0 0 0 1
85	3	0 1 0 1 1 0 1 1 0 1 0 0 0 0 0 0
85	13	1 1 0 0 1 0 1 0 1 1 0 0 0 0 0 0
85	1	0 1 0 0 1 1 1 1 0 1 0 0 0 0 0 0
85	7	1 1 0 0 1 1 0 0 0 0 1 0 0 1 0 1
85	9	1 1 0 0 1 1 0 0 0 0 0 0 0 1 0 1
85	5	1 1 0 1 1 1 1 0 0 1 0 0 0 0 0 0
85	1	1 1 0 1 1 1 1 1 0 1 0 0 0 0 0 1
85	3	0 1 0 0 1 0 1 0 0 0 0 0 0 0 1 0
85	5	1 1 0 0 1 1 1 0 0 0 0 0 0 0 0 0
85	4	1 1 0 0 1 1 1 0 0 0 0 0 0 0 1 0
85	1	1 1 0 1 1 0 1 1 0 1 0 0 0 0 1 0
85	8	1 1 0 0 1 1 0 0 1 0 0 0 0 0 0 0
85	27	1 1 1 0 1 0 0 0 0 1 0 0 0 0 0 0
85	7	0 1 0 0 1 0 1 0 0 1 0 1 0 0 0 0
85	3	1 1 0 1 1 0 1 1 0 0 0 0 0 0 1 0
85	8	1 1 0 0 1 0 1 1 0 1 0 0 0 0 1 0
85	8	1 1 0 0 1 0 1 1 0 0 0 0 0 0 1 0
85	7	1 1 0 0 0 0 1 1 0 0 0 0 0 0 0 0
85	1	1 1 0 0 1 0 1 1 0 1 0 0 0 0 0 1
85	5	1 1 0 1 1 1 1 0 0 0 0 0 0 0 1 0
85	3	1 1 0 0 0 1 1 1 0 1 1 1 0 0 0 0
85	18	1 1 1 0 1 0 1 1 0 1 0 1 0 0 0 0
85	6	0 0 1 1 0 0 0 0 0 0 1 0 0 0 0 0
85	6	1 1 0 0 1 0 0 0 0 0 0 0 0 0 0 0
85	2	1 0 0 0 1 0 1 0 0 1 0 0 0 0 0 0
85	4	1 1 1 0 1 0 1 1 0 1 0 0 0 0 0 0
85	1	0 0 0 0 1 0 1 1 0 1 0 1 0 0 0 0
85	2	1 1 0 1 1 0 1 0 0 1 0 1 0 0 0 0
85	2	0 0 0 0 1 0 1 1 0 0 0 0 0 0 0 0
85	2	1 1 0 0 1 0 1 1 0 1 0 0 1 0 0 0
85	5	1 1 0 0 0 1 1 1 0 1 0 1 0 0 0 0
85	4	0 0 1 1 1 0 1 1 1 1 0 0 0 0 0 0
85	4	1 1 0 0 1 1 0 0 0 0 0 0 0 1 0 0
85	1	1 1 0 0 0 1 0 1 0 1 0 0 0 0 0 0
85	2	1 1 0 1 1 1 1 0 0 1 1 0 0 0 0 0
85	3	1 1 0 1 1 0 1 1 1 1 0 0 0 0 0 0
85	3	1 1 1 0 1 1 0 0 0 0 0 0 0 0 0 0
85	3	1 1 0 1 1 1 1 0 0 0 0 0 0 0 0 1
85	1	0 0 0 0 0 1 1 1 0 0 0 0 0 0 0 0
85	2	1 1 0 0 1 1 0 0 0 0 1 0 0 0 0 0
85	4	1 1 0 0 1 0 1 0 0 1 0 0 0 0 0 1
85	1	1 1 0 0 1 0 1 1 0 1 0 1 0 1 0 0
85	1	1 1 0 1 1 1 0 0 0 0 0 0 0 0 1 0
85	1	1 1 0 1 1 1 1 1 0 0 0 0 0 0 1 0
85	1	1 1 0 0 0 1 0 1 0 0 1 0 0 0 0 1
85	1	1 1 0 1 1 0 1 1 0 1 0 1 0 0 0 0
85	1	0 1 0 0 1 1 0 0 0 0 0 0 0 0 0 0
85	1	1 1 0 0 1 0 1 0 0 0 0 0 0 0 0 0
85	1	1 0 0 0 1 1 0 0 0 1 0 0 0 0 0 0
85	1	0 1 0 0 1 1 1 0 0 1 0 0 0 0 0 0
85	1	1 1 0 0 1 0 1 1 0 1 1 0 0 1 0 0
85	3	0 1 0 0 1 0 1 1 0 1 0 1 0 0 1 0
85	1	0 1 0 0 1 0 1 1 0 0 0 0 0 0 1 0
85	3	1 1 1 0 1 1 0 0 0 1 0 0 0 0 0 0
154	3	1 1 0 0 1 0 1 1 0 0 0 0 0 0 0 0
154	46	1 1 0 1 1 0 1 1 0 1 0 0 0 0 0 0
154	64	1 1 0 0 1 0 1 0 0 1 0 0 0 0 0 0
154	1	1 1 0 1 1 1 0 0 0 0 0 0 0 0 0 0
154	150	1 1 0 1 1 0 1 0 0 1 0 0 0 0 0 0
154	21	1 1 0 0 1 1 1 0 0 1 0 0 0 0 0 0
154	42	1 1 1 0 1 0 1 0 0 1 0 0 0 0 0 0
154	10	1 1 0 0 0 0 1 1 0 1 0 1 0 0 0 0
154	14	1 1 0 0 0 0 1 1 0 0 0 0 0 0 0 0
154	4	1 1 0 0 1 0 0 0 0 0 0 0 0 0 0 0
154	8	1 1 0 0 1 1 0 0 0 0 1 0 0 0 0 0
154	1	1 1 1 0 1 0 0 0 0 0 0 0 0 0 0 0
154	51	1 1 1 1 1 0 1 0 0 1 0 0 0 0 0 0
154	22	1 1 0 0 1 0 0 0 0 1 0 0 0 0 0 0
154	23	1 0 0 0 1 1 0 0 0 1 0 0 0 0 0 0
154	24	1 1 1 1 1 0 1 1 0 1 0 0 0 0 0 0
154	13	1 1 1 1 1 0 1 1 0 1 0 0 0 0 0 1
154	28	1 1 0 1 1 1 1 0 0 0 0 0 0 0 0 0
154	1	1 1 0 0 0 1 1 1 0 1 0 0 0 0 0 1
154	22	1 1 1 0 1 0 1 1 0 0 0 0 0 0 0 0
154	2	1 1 0 1 1 0 1 1 0 0 0 0 0 0 0 1
154	2	1 1 0 0 1 1 0 0 0 0 0 0 0 1 0 0
154	5	1 1 1 1 1 0 1 0 0 1 0 0 1 0 0 0
154	43	1 1 0 0 0 0 1 1 0 1 0 0 0 0 0 0
154	2	1 0 1 0 1 0 0 0 0 0 0 0 0 0 0 0
154	11	1 1 0 0 1 1 0 0 0 0 0 0 0 0 0 1
154	7	1 1 1 0 1 1 1 1 0 0 0 0 0 0 0 0
154	3	1 1 0 0 1 1 1 0 0 1 1 0 0 0 0 0
154	1	1 1 0 0 1 1 1 0 0 0 0 0 0 0 0 1
154	2	0 1 1 0 1 0 0 0 0 0 0 0 0 0 0 0
154	3	1 1 0 0 1 0 1 1 1 0 0 0 0 1 0 0
154	10	1 1 0 1 1 1 1 1 0 1 0 0 0 0 0 0
154	71	1 1 0 1 0 0 1 0 0 1 0 0 0 0 0 0
154	7	1 1 0 0 1 1 1 0 0 0 0 1 0 0 1 0
154	17	1 1 0 1 1 1 0 1 0 0 0 0 0 0 0 0
154	6	1 1 1 0 1 0 0 0 0 0 1 0 0 0 0 0
154	12	1 1 0 0 1 0 1 1 0 1 0 0 0 0 0 0
154	16	1 1 0 1 0 1 0 0 0 0 0 0 0 0 1 0
154	3	1 1 0 0 1 0 1 0 0 1 0 0 0 0 0 1
154	6	1 1 1 0 1 0 1 1 0 1 0 0 0 0 0 0
154	12	1 1 1 1 1 0 1 1 0 1 0 0 0 0 1 0
154	22	1 1 1 1 1 1 1 0 0 0 0 0 0 0 0 0
154	2	1 1 0 0 1 1 1 0 0 0 1 0 0 0 0 0
154	9	1 1 0 0 1 0 1 0 0 1 0 0 0 1 0 0
154	1	0 0 0 0 1 1 0 1 0 0 0 0 0 0 0 0
154	1	1 1 0 0 1 0 1 0 0 0 0 0 0 0 0 0
154	1	1 1 0 1 1 0 1 1 1 1 0 0 1 1 0 0
154	8	1 1 1 1 1 0 0 1 0 0 0 0 0 0 0 1
154	2	1 1 1 1 1 0 1 0 1 1 0 0 0 0 0 0
154	13	0 1 0 1 0 0 1 0 0 1 0 0 0 0 0 0
154	1	0 1 0 1 0 1 1 0 0 0 0 0 0 0 0 0
154	1	1 1 0 0 1 0 1 0 0 1 0 0 0 0 1 1
154	5	1 1 0 0 1 1 1 1 0 0 1 0 0 0 0 0
154	5	1 1 0 1 1 1 1 0 0 1 1 0 0 0 0 0
154	7	1 1 0 1 0 1 0 1 0 0 0 0 0 0 1 0
154	2	1 1 1 1 1 1 1 0 0 1 0 0 0 0 0 0
154	8	0 1 0 1 0 1 1 0 0 1 0 0 0 0 0 0
154	2	1 1 0 0 1 0 1 1 1 1 0 0 0 0 0 0
154	2	1 1 0 0 1 1 1 0 0 1 1 0 0 0 0 1
154	2	1 1 0 0 1 1 1 0 0 0 0 0 0 0 0 0
154	3	1 1 0 0 1 1 1 0 0 0 0 1 0 0 0 0
154	2	1 1 1 0 1 0 1 0 0 1 0 0 0 0 0 1
154	9	1 1 1 0 1 0 0 0 0 1 0 0 0 0 0 0
154	1	1 1 0 1 1 1 1 0 0 1 0 0 0 0 0 0
154	1	1 1 1 0 1 0 1 1 0 1 0 1 0 0 0 0
154	7	1 1 0 0 0 0 1 0 0 0 0 0 0 0 0 0
154	2	1 1 0 1 1 0 1 0 0 0 0 0 0 0 0 0
154	1	1 1 0 0 1 0 0 0 0 1 0 0 0 0 0 1
154	1	0 0 0 0 1 1 0 0 0 1 0 0 0 0 0 0
154	2	1 1 0 1 0 0 1 0 0 0 0 0 0 0 0 0
154	7	1 1 0 0 1 0 1 0 0 1 0 0 0 1 1 0
154	1	1 1 1 1 1 0 0 1 0 0 0 0 0 0 0 0
154	3	0 1 0 1 0 1 1 0 1 0 0 0 0 0 0 0
154	2	1 1 0 1 1 0 1 1 0 1 0 1 0 0 0 0
154	2	1 1 0 1 1 0 1 0 0 1 0 0 0 0 0 1
154	9	1 1 0 0 1 1 0 0 0 0 1 1 0 0 0 0
154	2	1 1 1 1 0 0 1 0 0 1 0 0 0 0 0 0
154	3	0 1 0 1 1 1 1 0 0 0 0 0 0 0 0 0
154	1	1 1 1 0 1 1 1 1 0 0 0 0 0 0 0 1
154	3	1 1 0 1 0 0 1 0 0 1 0 1 0 0 0 0
154	6	1 1 0 0 1 1 1 0 0 0 0 1 0 0 1 1
154	2	1 1 1 1 1 0 1 1 0 1 0 0 0 1 1 0
154	2	1 1 0 0 1 0 0 1 0 1 0 0 0 0 0 0
154	2	1 1 0 0 1 0 0 0 0 0 0 0 0 0 1 1
154	5	1 1 1 0 1 0 0 0 0 0 1 0 0 0 1 1
154	1	1 1 0 0 1 1 1 0 0 1 0 0 0 0 0 1
154	2	1 1 0 0 1 0 1 0 0 1 0 0 0 0 1 0
154	7	1 1 0 1 1 0 0 0 0 1 0 0 0 0 0 0
154	1	1 1 0 1 1 0 1 0 0 1 1 0 0 0 0 0
154	1	1 1 0 0 0 1 1 1 0 1 0 1 0 0 0 0
154	1	1 1 0 1 0 1 1 0 0 1 0 0 0 0 0 0
154	3	1 1 0 0 1 0 1 1 0 1 0 1 0 0 0 0
154	2	1 1 1 1 0 1 1 0 0 0 0 0 0 0 0 0
154	1	0 1 0 1 1 1 1 0 1 0 0 0 0 0 0 0
154	3	1 1 1 1 1 0 0 1 0 1 0 0 0 0 0 0
154	1	1 1 0 1 1 0 1 0 0 1 0 0 1 0 0 0
154	2	1 0 0 0 0 0 1 1 0 1 0 1 0 0 0 0
154	1	1 1 0 0 1 0 0 0 0 1 0 0 1 0 0 0
154	1	1 1 0 0 1 1 0 1 0 0 0 0 0 1 0 0
154	2	1 1 0 0 1 1 1 1 0 1 1 0 0 0 0 0
154	1	1 1 0 1 0 0 1 0 1 1 0 0 0 0 0 0
154	2	1 1 0 1 1 0 0 1 0 0 0 0 0 0 0 0
154	4	1 1 1 1 1 1 1 0 0 0 0 1 0 0 0 0
154	2	1 1 0 0 1 0 0 0 0 0 0 0 0 0 0 1
239	24	1 1 0 1 1 0 1 1 0 1 0 0 0 0 0 0
239	17	1 1 0 0 1 0 1 0 0 1 0 0 0 0 0 0
239	32	1 1 0 1 1 0 1 0 0 1 0 0 0 0 0 0
239	35	1 1 1 0 1 0 1 0 0 1 0 0 0 0 0 0
239	114	1 1 1 1 1 0 1 0 0 1 0 0 0 0 0 0
239	141	1 1 1 1 1 0 1 1 0 1 0 0 0 0 0 0
239	13	1 1 1 0 1 1 1 1 0 0 0 0 0 0 0 0
239	3	1 1 0 1 0 0 1 0 0 1 0 0 0 0 0 0
239	20	1 1 1 1 1 0 0 1 0 0 0 0 0 0 0 1
239	4	1 1 0 1 0 1 1 0 0 1 0 0 0 0 0 0
239	22	1 1 1 1 0 0 1 0 0 1 0 0 1 0 0 0
239	19	1 1 0 1 1 0 1 0 0 1 0 1 0 0 0 0
239	55	1 1 1 1 1 0 1 0 0 1 0 1 0 0 0 0
239	9	1 1 1 1 0 1 1 1 0 1 0 0 0 0 0 0
239	2	1 1 1 1 1 0 0 0 0 0 1 0 0 0 0 0
239	61	1 1 1 1 1 1 1 1 0 0 0 0 0 0 0 0
239	18	1 1 1 0 1 0 1 0 0 0 0 0 0 0 0 0
239	1	1 1 1 0 1 1 0 1 0 0 0 0 0 0 0 0
239	1	1 1 1 0 1 0 1 0 0 1 0 0 1 0 0 0
239	10	1 1 0 0 1 1 1 0 0 0 0 0 0 0 0 0
239	16	1 1 1 0 1 0 0 0 0 1 0 0 0 0 0 0
239	64	1 1 1 1 1 0 1 1 0 1 1 0 0 0 0 0
239	11	1 1 1 1 1 0 0 0 0 1 0 0 0 0 0 0
239	14	1 0 0 1 1 0 1 0 0 1 0 1 0 0 0 0
239	17	1 1 1 1 0 0 1 1 0 0 0 0 1 0 0 0
239	4	1 1 1 0 1 0 1 1 0 1 0 0 0 0 0 0
239	12	1 1 1 1 1 0 1 1 1 1 0 0 0 0 0 0
239	3	1 1 1 1 1 0 1 0 0 0 0 0 0 0 0 0
239	2	1 1 1 1 1 0 1 1 0 1 0 0 0 1 0 0
239	2	1 1 0 0 0 0 1 0 0 1 0 0 0 0 0 0
239	15	1 1 1 1 0 1 1 1 0 1 0 0 0 1 0 0
239	1	0 1 1 0 1 1 0 1 0 0 0 0 0 0 0 0
239	28	1 1 0 1 0 0 1 1 0 1 0 0 0 0 0 0
239	3	1 1 1 1 0 0 1 1 0 1 1 0 0 0 0 1
239	3	1 1 1 1 1 0 1 0 0 1 0 0 1 0 0 0
239	30	1 1 1 1 1 0 1 1 0 0 0 0 0 0 0 0
239	16	1 1 1 1 1 1 1 1 0 1 0 0 0 0 0 0
239	23	1 1 1 0 1 1 1 1 0 0 1 0 0 0 0 0
239	5	1 0 0 1 1 0 1 0 0 1 0 0 0 0 0 0
239	4	1 1 0 1 1 0 0 1 0 1 0 0 0 0 0 1
239	4	1 1 0 1 1 0 1 0 0 1 0 0 0 1 0 0
239	2	1 1 0 1 1 1 1 1 0 1 0 1 0 0 1 1
239	6	1 1 0 1 1 0 1 1 0 1 1 0 0 0 0 0
239	2	1 1 1 1 1 0 1 0 0 1 0 0 0 1 0 0
239	10	1 1 1 1 1 1 1 1 0 0 0 1 0 0 0 0
239	7	1 1 1 0 0 0 1 0 0 1 0 0 0 0 0 0
239	9	0 1 1 1 1 1 0 1 0 0 0 0 0 0 0 0
239	3	1 1 0 1 1 0 1 0 0 1 0 0 0 0 1 0
239	6	1 1 1 0 1 1 1 0 0 1 0 0 0 0 0 0
239	4	0 1 1 1 1 0 1 1 0 1 0 0 0 0 0 0
239	2	1 1 1 1 1 0 1 0 0 1 0 1 0 0 1 0
239	2	1 1 1 1 0 0 0 1 0 1 0 0 0 0 0 1
239	1	1 0 0 1 0 0 1 0 0 1 0 1 0 0 0 0
239	12	1 0 0 0 0 0 1 0 0 1 0 0 0 0 0 0
239	4	1 1 1 1 1 1 1 1 0 1 0 0 0 1 0 0
239	4	1 1 1 0 1 0 0 1 0 0 0 0 0 0 0 0
239	7	1 1 1 1 1 0 1 1 0 0 0 0 0 0 0 1
239	3	1 1 1 1 0 1 1 1 0 0 0 1 0 0 0 0
239	1	1 1 1 1 1 0 1 0 0 1 0 0 0 0 0 1
239	1	1 1 0 1 0 0 1 1 0 1 1 0 0 0 0 0
239	5	1 1 1 0 0 0 1 0 1 1 0 0 0 0 0 0
239	2	1 1 1 1 0 0 1 0 0 1 0 0 0 0 0 0
239	1	1 0 1 1 1 0 1 1 0 1 0 0 0 0 0 0
239	2	1 1 1 1 0 0 0 1 0 0 0 0 0 0 0 1
239	3	1 1 1 0 1 0 1 0 0 0 1 0 0 0 0 0
239	2	1 0 1 1 1 0 1 1 0 1 1 0 0 0 0 0
239	2	1 1 0 0 1 0 1 1 0 1 0 0 0 0 1 0
239	3	1 1 1 0 1 0 1 1 0 0 0 0 0 0 0 0
239	1	1 1 1 1 1 0 0 1 0 0 0 0 0 0 0 0
239	2	1 1 1 1 1 0 1 0 0 1 0 0 1 0 0 1
239	1	1 0 0 1 1 0 1 1 1 1 0 0 0 0 0 0
239	1	1 1 1 1 1 0 0 1 0 1 0 0 0 0 0 0
239	3	1 1 1 1 1 0 1 0 1 1 0 1 0 0 0 0
239	1	1 1 0 1 0 1 1 0 0 1 0 1 0 0 0 0
239	1	1 1 0 0 0 0 1 0 0 1 0 0 1 0 0 0
239	1	1 0 1 0 1 0 1 0 0 1 0 0 0 0 0 0
239	1	1 1 0 1 0 0 1 0 0 1 0 0 0 1 0 0
239	1	1 1 1 1 1 0 1 1 0 0 1 0 0 0 0 0
239	1	1 1 0 0 1 1 1 1 0 0 1 0 0 0 0 0
239	1	1 1 1 1 1 0 1 0 1 1 0 0 0 0 0 1
239	1	1 1 1 1 1 0 0 0 0 0 0 0 0 0 0 0
252	18	1 1 0 1 1 0 1 1 0 1 0 0 0 0 0 0
252	23	1 1 0 1 1 0 1 0 0 1 0 0 0 0 0 0
252	4	1 1 1 0 1 0 1 0 0 1 0 0 0 0 0 0
252	46	1 1 1 1 1 0 1 0 0 1 0 0 0 0 0 0
252	146	1 1 1 1 1 0 1 1 0 1 0 0 0 0 0 0
252	10	1 1 1 0 1 1 1 1 0 0 0 0 0 0 0 0
252	8	1 1 1 1 1 0 0 1 0 0 0 0 0 0 0 1
252	7	1 1 0 1 0 1 1 0 0 1 0 0 0 0 0 0
252	28	1 1 1 1 0 0 1 0 0 1 0 0 1 0 0 0
252	4	1 1 0 1 1 0 1 0 0 1 0 1 0 0 0 0
252	61	1 1 1 1 1 0 1 0 0 1 0 1 0 0 0 0
252	4	1 1 1 1 0 1 1 1 0 1 0 0 0 0 0 0
252	49	1 1 1 1 1 1 1 1 0 0 0 0 0 0 0 0
252	29	1 1 1 0 1 0 1 0 0 0 0 0 0 0 0 0
252	13	1 1 1 0 1 0 0 0 0 1 0 0 0 0 0 0
252	111	1 1 1 1 1 0 1 1 0 1 1 0 0 0 0 0
252	6	1 0 0 1 1 0 1 0 0 1 0 1 0 0 0 0
252	14	1 1 1 1 0 0 1 1 0 0 0 0 1 0 0 0
252	9	1 1 1 0 1 0 1 1 0 1 0 0 0 0 0 0
252	3	1 1 1 1 1 0 1 1 1 1 0 0 0 0 0 0
252	24	1 1 1 1 1 0 1 1 0 1 0 0 0 1 0 0
252	1	1 1 0 0 0 0 1 0 0 1 0 0 0 0 0 0
252	9	1 1 1 1 0 1 1 1 0 1 0 0 0 1 0 0
252	5	1 1 0 1 0 0 1 1 0 1 0 0 0 0 0 0
252	3	1 1 1 1 1 0 1 0 0 1 0 0 1 0 0 0
252	43	1 1 1 1 1 0 1 1 0 0 0 0 0 0 0 0
252	2	1 1 1 0 1 1 1 1 0 0 1 0 0 0 0 0
252	8	1 1 0 1 1 0 1 1 0 1 1 0 0 0 0 0
252	18	1 1 1 1 1 1 1 1 0 0 0 1 0 0 0 0
252	7	1 1 0 1 1 0 1 0 0 1 0 0 0 0 1 0
252	1	0 1 1 1 1 0 1 1 0 1 0 0 0 0 0 0
252	6	1 0 0 0 0 0 1 0 0 1 0 0 0 0 0 0
252	37	1 1 1 1 1 0 1 1 0 0 0 0 0 0 0 1
252	18	1 1 1 1 0 0 1 0 0 1 0 0 0 0 0 0
252	19	1 0 1 1 1 0 1 1 0 1 1 0 0 0 0 0
252	5	1 1 0 0 1 0 1 1 0 1 0 0 0 0 1 0
252	1	1 1 1 0 1 0 1 1 0 0 0 0 0 0 0 0
252	5	1 1 1 1 1 0 0 1 0 0 0 0 0 0 0 0
252	6	1 1 1 1 1 0 1 1 0 0 1 0 0 0 0 0
252	18	1 1 1 1 0 0 1 0 0 0 0 0 1 0 0 0
252	12	1 1 1 1 1 1 1 1 1 0 0 0 0 0 0 0
252	3	1 0 1 1 1 0 1 0 0 1 0 0 0 0 0 0
252	2	1 0 0 1 1 0 1 0 0 1 1 1 0 0 0 0
252	1	1 1 1 1 1 0 1 0 0 1 0 0 0 0 0 1
252	9	1 1 1 1 1 0 1 1 0 0 0 0 0 0 1 0
252	2	1 1 1 1 0 0 1 1 0 1 0 0 0 0 0 0
252	1	1 1 0 1 1 0 1 1 0 1 0 0 0 0 0 1
252	4	1 1 0 1 1 0 1 0 1 1 0 0 0 0 0 0
252	4	1 1 1 1 1 0 0 1 0 1 0 0 0 0 0 0
252	4	1 1 1 1 1 0 1 1 0 1 0 0 1 0 0 0
252	1	1 1 1 1 1 0 0 1 0 0 0 0 0 0 1 0
252	2	0 1 1 1 1 0 1 0 0 1 0 0 0 0 0 1
252	5	1 1 1 1 1 1 1 1 0 0 0 0 0 0 0 1
252	15	1 1 0 1 1 0 1 1 0 0 0 0 0 0 0 0
252	8	1 1 0 1 1 0 1 1 0 1 0 0 1 0 0 0
252	10	1 1 1 1 1 0 1 1 1 1 0 0 0 0 0 1
252	3	1 1 1 1 1 0 1 0 0 0 0 0 0 0 0 1
252	1	1 1 1 1 1 0 1 1 0 1 0 1 0 0 0 0
252	2	1 1 1 0 1 0 1 0 0 0 0 0 0 0 0 1
252	7	1 1 1 1 0 0 1 1 0 0 1 0 1 0 0 0
252	1	1 0 1 1 1 0 1 1 0 0 0 0 0 0 0 0
252	2	1 1 1 1 1 0 0 1 0 1 0 1 0 0 0 0
252	1	1 1 1 1 1 0 1 1 0 1 0 0 0 0 1 0
252	1	1 1 1 0 1 1 1 1 0 0 0 0 1 0 0 0
252	1	1 1 1 1 1 1 1 1 0 0 0 0 0 1 0 0
252	13	1 1 1 1 1 0 1 1 1 1 1 0 0 0 0 0
252	1	1 0 0 1 0 0 1 1 0 1 0 0 0 0 0 0
252	13	1 1 1 1 0 0 1 1 0 1 1 0 0 0 0 0
252	3	1 1 0 1 0 0 1 0 0 0 0 0 1 0 0 0
252	2	1 1 0 1 1 0 1 0 0 0 0 0 0 0 0 1
252	1	1 0 1 1 1 0 1 1 0 1 0 0 0 0 0 0
252	4	1 1 1 1 1 0 0 1 1 1 0 0 0 0 0 0
252	2	1 1 1 1 1 1 1 0 0 0 0 1 0 0 0 0
252	2	1 1 1 1 1 1 1 1 0 1 0 0 0 0 0 0
252	6	1 1 1 1 1 0 0 1 0 1 0 0 0 1 0 0
252	1	1 1 1 1 1 1 1 1 0 0 1 0 0 0 0 0
252	4	1 0 0 1 1 0 1 0 1 1 0 1 0 0 0 0
252	1	1 1 1 0 1 0 1 1 0 0 0 0 0 0 0 1
252	1	1 0 1 0 1 1 1 1 0 0 0 0 0 0 0 0
252	3	1 1 1 1 0 0 0 1 0 0 0 0 0 0 0 1
252	1	0 1 1 1 1 0 0 1 0 0 0 0 0 0 0 1
252	3	1 1 1 1 1 0 1 0 0 1 1 1 0 0 0 0
252	1	1 1 1 1 1 0 1 1 0 1 1 0 1 0 0 0
252	2	1 1 1 1 1 0 1 1 0 1 1 0 0 0 1 0
252	4	0 1 1 1 0 1 1 1 0 1 0 0 0 1 0 0
252	1	1 0 1 0 0 0 1 1 0 1 0 0 0 0 0 0
350	83	1 1 1 1 1 0 1 0 0 1 0 0 0 0 0 0
350	25	1 1 1 1 1 0 1 1 0 1 0 0 0 0 0 0
350	104	1 1 1 1 1 0 1 1 0 1 1 0 0 0 0 0
350	47	1 1 1 1 1 0 1 1 0 0 0 0 0 0 0 0
350	24	1 1 1 1 0 0 1 0 0 1 0 0 0 0 0 0
350	139	1 1 1 1 1 0 1 0 0 1 1 0 0 0 0 0
350	25	1 1 1 1 1 0 1 1 0 1 1 0 0 0 0 1
350	1	1 1 1 0 1 0 1 1 0 1 1 0 0 0 0 0
350	30	1 1 1 1 1 0 1 1 0 1 0 1 0 0 0 0
350	37	1 1 1 1 1 0 1 1 1 1 1 0 0 0 0 0
350	52	1 1 1 1 1 0 0 1 0 1 1 0 0 0 0 0
350	4	1 1 1 1 1 0 1 0 0 1 0 0 1 0 0 0
350	3	1 1 1 1 1 0 1 1 1 1 0 0 0 0 0 0
350	1	1 1 1 1 0 0 0 1 0 1 1 0 0 0 0 1
350	16	1 1 1 1 1 1 1 0 0 1 1 0 0 0 1 0
350	5	1 1 1 1 1 0 0 1 0 0 0 0 0 0 0 0
350	12	1 1 1 1 1 0 0 1 0 1 1 0 1 0 0 0
350	1	0 1 1 1 1 0 1 1 0 0 0 0 0 0 0 0
350	11	1 1 1 1 1 0 1 1 0 0 0 1 0 0 0 0
350	2	1 1 1 1 1 0 1 0 0 0 0 0 0 0 0 0
350	8	1 1 1 1 1 1 1 1 0 1 1 0 0 0 0 0
350	1	1 1 1 1 1 0 0 1 0 1 1 0 1 0 1 0
350	5	0 1 1 1 1 0 1 1 0 1 0 0 0 0 0 0
350	32	1 1 1 1 1 0 0 0 0 1 0 1 0 0 0 0
350	5	0 1 1 1 1 0 0 1 0 0 0 0 0 0 0 0
350	8	1 1 1 1 1 0 1 0 0 1 1 0 0 0 1 0
350	4	1 1 0 1 1 0 1 0 0 1 0 1 0 0 0 0
350	15	1 1 1 1 1 0 1 0 1 1 1 0 0 0 0 0
350	5	1 1 1 1 1 0 1 1 0 1 0 1 0 1 0 0
350	11	1 1 1 1 0 0 1 1 0 0 0 1 0 0 0 0
350	2	1 1 1 1 1 0 1 1 1 1 1 0 0 0 1 0
350	15	1 1 1 1 0 0 1 0 0 1 1 0 0 0 0 0
350	17	1 1 1 1 0 0 1 1 0 0 0 1 0 0 0 1
350	48	1 1 1 1 1 0 1 0 0 1 0 0 0 0 1 0
350	13	1 1 1 1 1 1 1 0 0 1 1 0 0 0 0 0
350	5	1 1 1 1 0 0 1 1 0 0 0 0 0 0 0 0
350	8	1 1 1 1 0 0 1 1 1 1 0 0 0 0 0 0
350	14	1 1 1 1 1 0 1 1 0 1 1 1 0 0 0 0
350	2	1 1 0 1 1 1 1 0 0 1 0 1 0 0 0 0
350	3	1 1 1 1 1 0 0 1 1 1 1 0 0 0 0 0
350	1	1 1 1 1 0 0 0 1 0 1 0 0 1 0 0 0
350	8	0 1 0 1 1 0 1 0 0 1 0 1 0 0 0 0
350	6	1 1 1 0 1 0 0 1 0 1 1 0 0 0 0 0
350	7	1 1 1 1 1 0 0 0 0 1 0 1 0 0 1 0
350	7	1 1 1 1 1 0 1 0 0 1 1 0 1 0 0 0
350	9	1 1 1 1 1 0 0 0 0 1 0 0 0 0 0 0
350	7	1 1 1 1 1 0 0 1 0 1 1 0 0 0 1 0
350	2	1 1 1 1 1 0 1 1 0 1 0 1 0 0 0 1
350	10	1 1 1 1 0 0 1 0 0 1 0 0 0 1 0 0
350	20	1 1 1 1 1 0 1 1 0 1 0 0 0 1 0 0
350	7	1 1 1 1 1 0 1 0 0 1 0 0 0 0 1 1
350	1	1 1 1 1 0 1 1 1 1 1 0 0 0 0 0 0
350	1	1 1 1 1 1 1 1 0 0 1 1 0 0 0 0 1
350	3	0 1 0 1 1 0 1 1 0 0 0 0 0 0 0 0
350	1	1 1 0 1 0 0 0 1 0 1 1 0 0 0 0 1
350	8	1 1 1 0 0 0 0 1 0 1 0 0 1 0 0 0
350	10	1 1 1 1 1 0 0 1 0 1 1 0 0 0 0 1
350	1	1 1 1 1 0 0 0 0 0 1 0 1 0 0 0 0
350	2	1 1 1 1 1 0 0 1 0 0 0 0 0 1 0 0
350	1	1 1 1 1 1 0 0 1 0 1 1 0 0 0 1 1
350	5	1 1 1 1 1 0 0 1 0 1 0 0 1 0 1 0
350	1	1 0 1 1 0 0 1 1 1 1 0 0 0 0 0 0
350	3	1 1 0 1 1 0 1 0 0 1 0 1 0 0 0 1
350	10	1 0 1 1 1 0 1 1 1 1 1 0 0 0 0 0
350	2	1 1 1 1 1 0 1 0 0 1 1 0 1 0 1 0
350	2	1 1 1 1 1 0 1 0 0 1 0 1 0 1 0 0
350	3	1 1 1 1 1 0 0 1 0 0 1 0 0 0 0 0
350	1	1 1 0 1 0 0 1 1 0 0 0 1 0 0 0 0
350	2	1 1 1 1 0 0 0 0 0 1 1 0 0 0 0 0
350	1	1 1 1 1 0 0 1 1 0 0 1 1 0 0 0 1
350	2	1 1 1 1 1 0 1 0 0 1 0 0 0 0 0 1
350	1	1 1 1 1 1 0 0 1 0 1 0 0 0 0 0 0
350	1	0 1 1 1 1 0 1 1 0 1 1 0 0 0 0 1
350	1	1 1 1 1 1 0 1 0 0 1 0 1 0 0 0 1
350	2	1 1 1 1 1 0 1 1 0 1 1 0 1 0 0 0
350	3	1 1 1 1 1 0 1 1 0 0 0 0 0 1 0 0
350	1	0 1 1 1 0 0 1 0 0 1 0 0 0 0 0 0
350	2	1 1 0 1 1 0 1 0 0 1 1 0 0 0 0 0
350	1	1 1 1 1 0 0 1 0 0 0 0 1 0 0 0 1
350	1	1 1 1 1 1 0 0 0 0 0 0 0 0 0 0 0
400	50	1 1 1 1 1 0 1 0 0 1 0 0 0 0 0 0
400	3	1 1 1 1 1 0 1 1 0 1 0 0 0 0 0 0
400	102	1 1 1 1 1 0 1 1 0 1 1 0 0 0 0 0
400	71	1 1 1 1 1 0 1 1 0 0 0 0 0 0 0 0
400	22	1 1 1 1 0 0 1 0 0 1 0 0 0 0 0 0
400	87	1 1 1 1 1 0 1 0 0 1 1 0 0 0 0 0
400	8	1 1 1 1 1 0 1 1 0 1 0 1 0 0 0 0
400	38	1 1 1 1 1 0 1 1 1 1 1 0 0 0 0 0
400	38	1 1 1 1 1 0 0 1 0 1 1 0 0 0 0 0
400	31	1 1 1 1 1 0 1 1 1 1 0 0 0 0 0 0
400	6	1 1 1 1 1 1 1 0 0 1 1 0 0 0 1 0
400	15	1 1 1 1 1 1 1 1 0 1 1 0 0 0 0 0
400	25	1 1 1 1 1 0 0 0 0 1 0 1 0 0 0 0
400	6	1 1 1 1 1 0 1 0 1 1 1 0 0 0 0 0
400	3	1 1 1 1 0 0 1 1 0 0 0 1 0 0 0 0
400	12	1 1 1 1 0 0 1 0 0 1 1 0 0 0 0 0
400	18	1 1 1 1 1 0 1 0 0 1 0 0 0 0 1 0
400	17	1 1 1 1 1 1 1 0 0 1 1 0 0 0 0 0
400	7	1 1 1 1 0 0 1 1 0 0 0 0 0 0 0 0
400	9	1 1 1 0 1 0 0 1 0 1 1 0 0 0 0 0
400	52	1 1 1 1 1 0 0 0 0 1 0 0 0 0 0 0
400	7	1 1 1 1 1 0 1 1 1 1 0 1 0 0 0 0
400	9	1 1 1 1 1 0 1 0 0 1 0 1 0 0 0 0
400	2	1 1 1 1 0 0 1 1 0 1 0 1 0 0 0 0
400	32	1 1 1 1 1 0 1 0 0 1 1 1 0 0 0 0
400	12	1 1 1 1 1 0 1 0 0 0 0 1 0 0 0 0
400	6	1 1 1 1 1 1 1 0 0 1 1 0 1 0 0 0
400	28	1 1 1 1 1 1 1 0 0 1 0 0 0 0 0 0
400	4	1 1 1 1 1 0 1 0 0 0 0 0 0 0 0 0
400	22	1 0 1 1 1 0 1 0 0 1 1 0 0 0 0 0
400	12	1 1 1 1 0 0 1 0 0 0 1 0 0 0 0 0
400	1	1 1 1 1 1 0 1 0 1 0 0 1 0 0 0 0
400	10	1 1 1 1 1 0 1 0 0 1 1 0 0 1 0 0
400	14	1 1 1 1 0 0 0 0 0 1 1 0 0 0 0 0
400	8	1 1 0 1 1 0 1 0 0 1 1 0 0 0 0 0
400	5	0 1 1 1 1 0 1 0 0 1 0 0 0 0 0 0
400	1	1 1 1 1 1 0 0 1 0 1 1 0 0 1 0 0
400	20	1 1 1 1 1 0 0 1 1 1 0 0 0 0 0 0
400	3	0 1 1 1 1 0 0 0 0 1 0 0 0 0 0 0
400	1	1 1 1 1 1 0 1 0 0 1 0 0 0 1 0 0
400	2	1 0 1 1 1 0 1 0 0 1 0 0 0 0 1 0
400	15	0 1 1 1 0 0 0 0 0 0 0 0 0 0 0 0
400	3	1 1 1 1 1 0 1 1 0 1 0 1 0 0 1 0
400	16	1 1 1 1 1 0 1 1 1 1 1 0 0 0 1 0
400	1	1 1 1 1 1 0 1 1 1 1 0 0 0 0 1 0
400	3	1 1 1 1 1 0 0 1 0 0 1 0 0 0 0 0
400	16	1 1 1 1 0 0 1 0 0 1 1 0 1 0 0 0
400	10	1 0 1 1 1 0 1 1 1 1 0 1 0 0 0 0
400	6	1 1 1 1 1 0 1 0 0 0 1 0 0 0 0 0
400	2	1 1 0 1 1 1 1 1 0 1 1 0 0 0 0 0
400	2	0 1 0 1 1 0 1 1 0 1 1 0 0 0 0 0
400	2	1 1 1 0 1 0 1 1 0 1 1 0 0 0 0 0
400	10	1 1 1 1 1 0 1 0 0 0 0 0 0 0 1 0
400	3	1 1 1 1 1 0 0 1 1 1 0 0 0 0 1 0
400	3	1 1 1 1 1 1 1 0 0 0 0 1 0 0 0 0
400	2	1 1 1 1 1 0 1 0 0 1 0 0 0 0 0 1
400	6	1 1 1 1 1 0 1 0 1 0 1 0 0 0 0 0
400	6	1 0 1 1 1 0 1 1 0 1 1 0 0 0 0 0
400	5	1 1 0 1 1 1 1 0 0 1 1 0 0 0 0 0
400	1	1 1 1 1 0 1 1 1 0 1 0 1 0 0 0 0
400	5	1 1 1 1 1 0 0 0 0 1 1 1 0 0 0 0
400	1	1 1 1 1 0 0 1 1 0 0 1 0 0 0 0 0
400	9	1 0 1 1 0 0 1 0 0 1 1 0 1 0 0 0
400	4	1 1 1 1 1 0 0 0 0 0 0 0 0 0 0 0
400	2	0 1 1 1 1 0 1 1 1 1 0 0 0 0 0 0
400	4	0 1 1 1 0 0 1 0 0 1 1 0 0 0 0 0
400	9	1 1 1 1 0 0 1 1 0 1 1 0 0 0 0 0
400	9	1 1 1 1 1 0 1 0 0 1 0 0 1 0 0 0
400	3	1 1 1 1 1 0 1 0 0 1 1 0 0 0 1 0
400	2	1 1 1 1 1 1 0 1 1 1 0 0 0 0 0 0
400	2	1 1 1 1 1 0 1 1 0 0 0 1 0 0 0 0
400	4	0 1 1 1 1 0 1 1 0 1 1 0 0 0 0 0
400	2	1 1 1 1 1 0 1 0 0 1 1 1 0 0 0 1
400	5	1 1 1 1 0 0 1 1 0 1 0 0 0 0 0 0
400	1	1 1 1 1 1 0 1 1 0 1 1 0 0 0 1 0
400	2	1 1 1 1 1 1 0 0 0 1 0 0 0 0 0 0
400	2	1 1 0 1 1 0 0 1 1 1 0 0 0 0 0 0
400	2	1 0 1 1 1 0 1 1 1 1 1 0 0 0 1 0
400	1	1 0 1 1 1 0 1 1 1 0 0 1 0 0 0 0
