0	250	0 0 0 1 0 0 0 0 0 0 0 0 0 0 0 0
0	250	0 0 0 0 0 0 0 0 0 1 0 1 1 0 0 1
0	250	1 0 0 0 1 0 0 0 0 0 0 1 0 0 0 0
0	250	0 0 0 0 0 0 0 0 0 0 0 0 1 0 1 1
8	141	0 0 0 1 0 0 0 0 0 0 0 0 0 0 0 0
8	294	0 0 0 0 0 0 0 0 0 1 0 1 1 0 0 1
8	242	1 0 0 0 1 0 0 0 0 0 0 1 0 0 0 0
8	117	0 0 0 0 0 0 0 0 0 0 0 0 1 0 1 1
8	5	0 0 0 1 0 0 0 0 0 0 0 0 1 0 1 1
8	1	0 0 0 0 0 0 0 0 0 1 0 1 1 0 0 0
8	12	1 0 0 0 1 0 0 0 0 0 0 0 0 0 0 0
8	12	1 0 0 0 1 0 0 0 0 0 0 1 0 0 1 1
8	8	0 1 0 1 0 0 0 0 0 0 0 0 0 0 0 0
8	10	0 0 0 0 0 0 0 0 0 1 1 1 1 0 0 1
8	4	0 0 0 0 1 0 0 0 0 1 0 1 1 0 0 1
8	4	1 0 0 0 0 0 0 0 0 1 0 1 1 0 0 1
8	1	0 1 0 0 0 0 0 0 0 0 0 0 1 0 1 1
8	12	0 0 0 1 0 0 0 0 0 0 0 0 0 0 0 1
8	7	0 0 0 1 0 0 0 0 0 0 0 0 0 0 1 1
8	16	0 0 0 1 0 0 0 0 0 0 0 1 0 0 0 0
8	17	0 0 0 0 0 0 0 0 0 0 0 0 0 0 0 0
8	1	0 0 0 0 1 0 0 0 0 0 0 1 0 0 0 0
8	3	0 0 0 1 0 0 0 0 0 1 0 0 0 0 0 0
8	7	0 0 0 1 0 0 0 1 0 0 0 0 0 0 0 0
8	3	0 0 0 0 0 0 1 0 0 1 0 1 1 0 0 1
8	1	1 0 0 1 1 0 0 0 0 0 0 1 0 0 0 0
8	2	1 0 0 0 1 0 0 0 0 0 1 1 0 0 0 0
8	6	0 0 0 0 0 0 0 0 0 0 0 1 0 0 0 0
8	2	0 1 0 0 0 0 0 0 0 1 0 1 1 0 0 1
8	1	1 0 0 0 1 0 0 0 0 1 0 1 0 0 0 0
8	4	1 0 0 0 1 0 0 1 0 0 0 1 0 0 0 0
8	2	0 0 0 0 0 0 0 0 0 0 0 0 1 0 1 0
8	4	0 0 0 1 0 0 0 0 0 1 0 1 1 0 0 1
8	3	0 0 0 1 1 0 0 0 0 0 0 1 0 0 0 0
8	7	0 0 1 0 0 0 0 0 0 1 0 1 1 0 0 1
8	3	1 0 1 0 1 0 0 0 0 0 0 1 0 0 0 0
8	2	0 0 0 0 0 0 0 1 0 0 0 0 1 0 1 1
8	3	0 0 0 1 0 0 0 0 0 0 0 1 0 0 1 0
8	2	0 0 0 1 0 0 1 0 0 0 0 0 0 0 0 0
8	6	0 0 0 0 0 0 0 0 0 0 0 1 1 0 0 1
8	2	0 0 0 0 0 0 0 0 0 1 0 1 1 1 0 1
8	3	1 0 0 0 1 0 0 0 1 0 0 1 0 0 0 0
8	6	0 0 0 0 1 0 0 0 0 0 0 0 1 0 1 1
8	3	0 0 0 0 0 0 0 0 0 0 0 0 1 0 0 1
8	4	0 0 0 0 0 0 0 0 0 0 0 0 1 0 0 0
8	1	0 0 0 1 0 0 0 0 0 0 0 1 0 0 1 1
8	1	0 0 0 0 0 0 0 0 0 1 0 1 0 0 0 0
8	1	1 0 0 0 1 0 0 0 0 0 0 0 1 0 1 1
8	4	0 0 0 1 0 0 0 0 0 0 1 0 0 0 0 0
8	1	0 0 0 0 0 0 0 0 0 1 0 0 1 0 1 1
8	3	1 0 0 0 1 0 0 0 0 0 0 1 0 0 0 1
8	1	1 0 0 1 0 0 0 0 0 0 0 0 0 0 0 0
8	2	0 0 0 0 0 0 0 1 0 1 0 1 1 0 0 1
8	1	0 0 0 0 0 0 0 0 0 1 0 1 1 0 1 1
8	1	1 0 0 0 1 0 0 0 0 0 0 1 0 0 1 0
8	1	1 0 0 0 0 0 0 0 0 0 0 1 0 0 0 0
45	39	0 0 0 1 0 0 0 0 0 0 0 0 0 0 0 0
45	195	0 0 0 0 0 0 0 0 0 1 0 1 1 0 0 1
45	49	1 0 0 0 1 0 0 0 0 0 0 1 0 0 0 0
45	53	0 0 0 0 0 0 0 0 0 1 0 1 1 0 0 0
45	17	1 0 0 0 1 0 0 0 0 0 0 0 0 0 0 0
45	26	0 0 0 0 0 0 0 0 0 0 0 0 0 0 0 0
45	10	0 0 0 0 1 0 0 0 0 0 0 1 0 0 0 0
45	10	0 0 0 1 0 0 0 1 0 0 0 0 0 0 0 0
45	17	0 0 0 1 0 0 0 0 0 1 0 1 1 0 0 1
45	13	0 0 0 1 0 0 0 0 0 0 0 1 0 0 1 0
45	3	0 0 0 0 0 0 0 0 0 1 0 1 0 0 0 0
45	122	0 0 0 1 0 0 0 0 0 0 1 0 0 0 0 0
45	9	0 0 0 0 0 0 0 0 0 1 0 1 1 0 1 1
45	27	1 1 0 0 1 0 0 0 0 0 0 1 0 0 0 0
45	18	1 0 0 0 0 0 0 0 0 1 0 1 1 0 0 1
45	3	1 1 0 0 1 0 0 1 0 0 0 1 0 0 0 0
45	23	1 0 0 0 1 0 0 0 0 1 0 1 1 0 0 1
45	13	0 0 0 0 0 0 0 0 0 0 1 0 0 0 0 0
45	1	0 0 0 1 0 0 0 0 0 0 0 0 1 0 0 0
45	1	1 0 0 1 1 0 0 0 0 0 0 1 0 0 0 0
45	20	0 0 0 0 0 0 0 0 0 1 1 0 0 0 0 0
45	5	1 0 0 0 0 0 0 0 1 0 0 0 0 0 0 0
45	13	0 0 0 0 0 1 0 0 0 1 0 1 1 0 0 1
45	7	0 0 0 0 0 0 0 0 1 1 0 1 1 0 0 1
45	30	1 0 1 0 1 0 0 0 0 0 0 1 0 0 0 0
45	17	1 0 0 1 1 0 0 0 0 1 0 1 1 0 0 1
45	4	0 0 0 0 0 0 0 0 0 1 0 1 1 1 0 1
45	2	0 0 0 0 0 0 0 0 0 1 1 1 1 0 0 1
45	4	1 0 0 0 1 0 0 0 1 0 0 1 0 0 0 0
45	2	0 1 1 0 0 0 0 0 0 1 0 1 1 0 0 1
45	6	1 1 0 0 1 0 0 0 1 0 0 1 0 0 0 0
45	3	0 0 0 0 0 0 0 0 0 0 0 0 0 0 0 1
45	3	0 0 0 1 1 0 0 0 0 0 0 1 0 0 0 0
45	9	0 0 0 1 0 0 0 1 0 0 0 1 0 0 1 0
45	4	1 0 0 0 0 0 0 0 0 0 0 1 0 0 0 0
45	11	1 0 0 0 1 0 0 1 0 0 0 0 0 0 0 0
45	18	0 0 0 0 0 0 0 1 0 1 0 1 1 0 0 0
45	11	0 0 0 0 1 0 0 0 0 1 0 1 1 0 0 1
45	1	0 0 0 0 0 0 0 0 0 0 0 1 0 0 0 0
45	41	0 0 0 1 1 0 0 0 0 0 1 0 0 0 0 0
45	3	1 1 0 0 1 0 0 0 0 0 0 1 1 0 0 0
45	4	0 0 0 1 0 0 0 1 0 0 1 0 0 0 0 1
45	4	1 0 0 0 1 0 0 0 0 0 0 1 0 0 0 1
45	2	1 0 0 0 1 0 1 0 0 0 1 1 1 0 0 1
45	4	1 0 0 0 1 0 0 0 0 0 0 1 0 0 1 0
45	8	0 0 0 1 1 0 0 1 0 0 0 1 0 0 0 0
45	4	0 0 0 1 0 0 0 0 0 0 0 0 0 1 0 0
45	2	0 0 0 0 0 0 0 0 0 1 0 0 1 0 0 0
45	1	0 0 0 1 0 0 0 1 0 0 0 0 0 0 0 1
45	3	1 0 0 1 0 0 0 0 0 0 1 0 0 0 0 0
45	1	0 0 1 0 0 0 0 0 0 1 0 1 1 0 0 0
45	1	0 0 0 1 0 0 0 0 0 0 0 1 1 0 0 0
45	15	1 0 0 1 1 0 0 0 0 1 0 1 0 0 0 0
45	12	0 0 0 0 0 0 0 1 0 0 0 0 0 0 0 1
45	1	0 0 0 0 0 0 1 0 0 1 0 1 1 0 0 0
45	5	0 0 1 1 0 0 0 0 0 0 0 1 0 0 1 0
45	1	1 0 0 1 0 0 0 0 0 0 0 0 0 0 1 0
45	4	0 0 0 1 0 0 0 1 0 0 1 0 0 0 0 0
45	1	0 0 0 1 0 1 0 0 0 0 1 0 0 0 0 0
45	1	1 0 1 0 1 0 1 0 0 0 0 1 0 0 0 0
45	3	0 0 0 1 0 0 0 0 0 0 1 0 0 0 0 1
45	2	0 0 0 1 0 0 0 0 0 0 1 1 1 0 0 1
45	1	0 0 0 1 0 0 1 0 0 0 0 0 0 0 0 0
45	1	0 0 0 0 0 0 0 0 0 0 0 0 0 1 0 0
45	5	1 0 0 0 1 0 0 0 0 0 1 1 0 0 0 0
45	5	0 0 0 1 0 0 0 0 0 1 0 1 1 0 0 0
45	2	0 0 0 1 0 0 0 1 0 1 0 1 1 0 0 1
45	3	0 1 0 1 0 0 0 0 1 0 0 0 0 0 0 0
45	7	1 0 0 1 1 0 0 0 0 0 1 0 0 0 0 0
45	2	0 0 0 0 0 0 0 1 0 1 0 1 1 0 0 1
45	3	0 0 0 1 0 0 0 0 0 1 0 0 0 0 0 0
45	3	0 0 0 1 0 0 0 0 0 1 1 0 0 0 0 0
45	3	0 0 0 0 0 0 0 0 0 1 0 0 1 0 1 1
45	3	1 0 0 1 1 0 0 0 0 1 0 1 0 0 0 1
45	1	0 0 0 0 1 0 0 0 0 0 0 1 1 0 0 1
45	1	0 0 0 0 1 0 0 1 0 0 0 1 0 0 0 0
45	1	0 0 0 1 0 0 0 0 0 1 0 1 1 0 1 1
45	1	1 1 0 1 0 0 0 1 0 0 0 0 0 0 0 0
45	2	1 0 1 0 1 0 0 0 0 1 0 1 1 0 0 1
45	2	1 0 0 1 1 0 0 0 0 1 0 1 1 0 0 0
45	2	1 0 0 0 1 0 1 0 0 0 1 1 1 0 1 0
45	1	0 0 0 1 0 0 0 0 0 0 0 0 0 0 1 0
45	2	0 0 0 0 0 0 1 0 0 1 0 1 1 0 0 1
45	1	0 0 0 0 1 0 0 0 0 0 1 1 0 0 0 0
45	1	1 0 0 0 1 1 0 0 0 1 0 1 1 0 0 1
45	3	1 0 1 0 1 0 0 1 0 0 0 1 0 0 0 0
45	1	1 0 0 0 1 0 0 0 1 0 0 1 1 0 0 0
45	1	0 0 0 1 1 0 0 0 0 0 1 0 1 0 0 0
85	7	0 0 0 1 0 0 0 0 0 0 0 0 0 0 0 0
85	3	0 0 0 0 0 0 0 0 0 1 0 1 1 0 0 1
85	5	0 0 0 0 0 0 0 0 0 1 0 1 1 0 0 0
85	6	1 0 0 0 1 0 0 0 0 0 0 0 0 0 0 0
85	27	0 0 0 1 0 0 0 0 0 1 0 1 1 0 0 1
85	72	0 0 0 1 0 0 0 0 0 0 1 0 0 0 0 0
85	6	1 0 0 0 0 0 0 0 0 1 0 1 1 0 0 1
85	10	1 0 0 0 1 0 0 0 0 1 0 1 1 0 0 1
85	2	1 0 0 1 1 0 0 0 0 0 0 1 0 0 0 0
85	16	0 0 0 0 0 0 0 0 0 1 1 0 0 0 0 0
85	3	0 0 0 1 1 0 0 0 0 0 0 1 0 0 0 0
85	5	1 0 0 0 1 0 0 1 0 0 0 0 0 0 0 0
85	192	0 0 0 1 1 0 0 0 0 0 1 0 0 0 0 0
85	2	0 0 0 1 0 0 0 0 0 0 0 0 0 1 0 0
85	24	1 0 0 1 1 0 0 0 0 1 0 1 0 0 0 0
85	15	0 0 0 1 0 0 0 0 0 0 1 0 0 0 0 1
85	42	0 0 0 0 0 1 0 0 0 0 1 0 0 0 0 0
85	2	0 0 0 1 1 0 0 0 0 1 1 0 0 0 0 0
85	18	0 0 0 1 1 1 0 0 0 0 1 0 1 0 0 0
85	24	1 0 1 1 0 0 0 0 0 0 1 0 0 0 0 0
85	4	0 0 0 0 0 0 0 1 0 0 1 0 0 0 0 0
85	10	1 0 0 0 0 0 0 0 0 0 0 0 0 0 0 0
85	14	1 0 0 1 1 0 0 0 0 0 1 0 0 0 0 0
85	13	0 0 0 0 1 0 0 0 0 0 1 0 0 0 0 0
85	1	1 0 0 0 1 0 0 0 0 0 0 1 0 0 1 0
85	1	0 0 0 1 0 1 0 0 0 0 1 0 0 0 0 0
85	7	0 1 0 0 0 0 0 0 0 0 0 0 0 0 0 0
85	5	0 0 1 1 1 0 0 1 0 0 0 1 0 0 0 0
85	17	0 0 0 0 1 0 0 1 0 0 0 0 0 0 0 1
85	6	0 0 0 1 1 1 0 0 0 1 1 0 0 0 0 0
85	26	0 0 0 1 0 0 0 0 1 0 1 0 0 0 0 0
85	11	0 0 0 1 1 0 0 1 0 0 1 0 0 0 0 0
85	6	1 0 0 0 1 0 0 0 0 0 0 1 0 0 0 0
85	2	0 0 1 1 1 0 0 0 0 0 1 0 0 0 0 0
85	13	1 0 0 0 1 0 0 0 0 1 0 1 1 0 0 0
85	21	1 0 0 1 1 0 0 1 0 1 0 1 1 0 0 1
85	7	0 0 0 1 1 0 1 0 0 0 1 0 0 0 0 0
85	1	0 0 0 1 1 0 0 0 0 0 1 1 0 0 0 0
85	1	0 1 0 1 1 0 0 0 0 0 0 1 0 0 0 0
85	43	1 0 0 1 0 0 0 0 0 1 0 1 1 0 0 1
85	3	0 0 0 1 0 0 0 0 0 0 0 0 0 0 0 1
85	12	0 0 0 1 0 0 1 0 0 0 0 1 0 0 1 0
85	8	0 1 0 1 1 0 0 0 0 0 1 0 0 0 0 0
85	11	1 1 1 1 0 0 0 0 0 0 1 0 0 0 0 0
85	2	0 0 1 0 0 1 0 0 0 0 1 0 0 0 0 1
85	17	0 0 0 1 1 0 0 0 0 0 1 0 0 0 0 1
85	16	0 1 1 1 0 0 0 0 0 0 1 0 0 0 0 0
85	15	0 0 0 0 1 0 0 1 0 0 1 0 0 0 0 0
85	5	0 0 0 1 1 0 0 0 0 1 0 1 1 0 0 1
85	16	0 0 0 1 1 0 0 0 0 0 1 0 1 0 0 0
85	10	0 0 1 1 1 0 0 0 0 0 0 1 0 0 0 0
85	4	1 0 0 0 1 0 0 0 0 0 1 0 0 0 0 0
85	1	1 1 0 1 1 0 0 0 0 1 0 1 0 0 0 0
85	7	0 0 1 1 1 0 0 1 0 0 1 0 0 0 0 0
85	2	0 0 0 1 1 0 0 0 0 0 0 1 0 0 1 0
85	9	1 0 0 1 1 0 0 0 0 1 1 0 0 0 0 0
85	3	0 0 0 1 0 0 0 0 1 1 0 1 1 0 0 1
85	12	1 0 0 0 1 0 0 1 0 1 0 0 0 0 0 0
85	15	1 0 0 1 1 0 0 0 0 0 1 0 1 0 0 0
85	4	0 0 0 1 1 0 0 0 0 0 1 0 0 0 1 0
85	3	1 0 0 1 1 0 0 0 0 0 1 0 0 0 1 0
85	2	0 0 0 1 1 0 0 0 0 0 0 1 0 1 1 0
85	11	0 0 0 1 0 0 0 0 0 1 0 1 1 0 0 0
85	6	0 0 0 1 0 0 0 0 1 1 1 0 0 0 0 0
85	2	0 0 0 1 0 0 1 0 0 0 0 0 0 0 0 0
85	4	1 0 0 1 1 0 0 0 0 1 0 1 1 1 0 1
85	1	0 1 0 1 0 0 0 0 0 1 0 0 0 0 0 0
85	2	0 0 0 0 0 0 0 0 0 1 0 1 1 0 1 0
85	5	0 0 0 1 0 0 0 1 1 0 1 0 0 0 0 0
85	5	0 0 1 1 1 0 0 1 0 0 0 0 0 0 0 0
85	1	1 0 0 1 1 0 0 0 0 1 1 0 0 1 0 0
85	3	0 1 1 1 0 0 0 0 0 0 0 1 1 0 0 1
85	1	0 0 0 1 0 0 0 0 0 1 0 1 1 1 0 1
85	1	1 0 0 0 1 0 0 0 0 0 0 1 0 1 1 0
85	1	0 1 0 1 0 0 0 1 0 1 0 1 1 0 0 1
85	4	1 0 0 0 1 0 0 1 0 1 0 1 1 1 0 1
85	6	0 0 0 0 0 0 0 0 0 1 0 1 1 1 0 0
85	5	1 0 0 1 1 0 0 0 0 0 1 0 0 1 0 0
85	4	1 0 0 1 0 0 1 0 0 0 0 1 0 0 1 0
85	5	0 0 1 1 1 0 0 1 0 0 0 0 0 0 0 1
85	12	0 0 0 1 1 0 0 0 0 1 0 1 0 0 0 1
85	3	0 0 0 0 1 1 0 0 0 0 1 0 0 0 0 0
85	1	1 0 0 1 1 0 0 0 0 0 1 1 0 0 0 0
85	6	0 0 0 1 1 0 0 1 0 1 0 1 1 0 0 1
85	3	0 0 0 0 0 1 0 0 0 0 0 1 0 0 0 0
85	1	1 0 1 1 0 0 0 0 0 1 0 1 1 0 0 1
85	3	1 0 0 1 1 0 0 1 0 0 1 0 0 0 0 0
85	4	0 0 0 1 0 0 1 0 0 0 1 0 0 0 0 0
85	1	0 0 0 1 0 0 0 0 0 1 1 0 0 0 0 0
85	3	1 0 0 0 0 0 0 0 0 1 1 0 0 0 0 0
85	2	1 0 0 1 1 0 0 0 0 1 0 1 0 0 0 1
85	1	1 0 0 1 1 0 0 0 0 0 0 0 0 0 0 0
85	6	1 0 0 0 1 0 0 1 0 0 0 0 0 0 0 1
85	1	0 0 0 0 0 0 0 0 0 1 1 0 0 1 0 0
85	2	0 0 0 0 0 1 0 0 0 0 0 0 0 0 0 0
85	1	1 0 0 1 0 0 0 0 1 0 1 0 0 0 0 0
85	1	1 0 0 1 1 0 0 1 0 1 0 1 1 0 0 0
85	2	1 0 0 1 1 0 0 1 0 0 1 0 1 0 0 0
85	1	1 0 0 1 1 0 0 0 0 0 0 0 0 0 0 1
85	1	1 0 0 1 0 0 0 0 0 1 0 1 1 0 0 0
85	1	1 0 0 0 1 0 0 1 0 1 1 0 0 0 0 0
85	1	0 0 0 1 0 0 0 0 0 1 0 1 1 0 1 1
85	1	1 0 0 1 0 0 0 0 0 0 1 0 0 0 0 0
85	3	0 1 0 1 0 0 0 0 0 0 1 0 0 0 0 0
85	1	0 0 0 1 1 1 0 0 0 0 1 1 1 0 0 0
85	1	1 0 0 0 0 0 0 0 0 1 0 0 0 0 0 0
85	1	1 0 0 1 1 0 0 1 0 1 0 1 1 1 0 1
85	2	0 1 0 1 1 0 0 0 0 1 1 0 0 1 0 0
154	50	0 0 0 1 0 0 0 0 0 0 1 0 0 0 0 0
154	16	0 0 0 1 1 0 0 0 0 0 1 0 0 0 0 0
154	29	0 0 0 1 0 0 0 0 1 0 1 0 0 0 0 0
154	242	1 1 1 1 0 0 0 0 0 0 1 0 0 0 0 0
154	67	0 1 1 1 0 0 0 0 0 0 1 0 0 0 0 0
154	54	0 0 1 1 1 0 0 1 0 0 1 0 0 0 0 0
154	6	0 0 0 1 1 1 0 0 0 0 1 0 0 0 0 0
154	38	0 0 0 1 1 0 0 0 1 0 1 0 0 0 0 0
154	20	1 0 0 1 0 0 0 0 1 0 1 0 0 0 0 0
154	8	0 0 0 1 1 0 0 0 0 0 1 0 0 0 1 0
154	1	0 0 0 1 1 0 0 0 0 0 0 0 0 0 0 0
154	23	0 0 1 1 1 0 0 1 1 0 1 0 0 0 0 0
154	3	0 0 0 1 0 0 0 0 0 1 1 0 0 0 0 0
154	3	0 1 1 1 1 0 0 0 0 0 0 1 0 0 0 0
154	1	0 0 1 1 1 0 0 1 0 0 0 0 0 0 0 0
154	13	1 0 0 1 1 0 0 0 0 1 0 1 1 0 0 1
154	43	1 1 1 1 0 0 0 0 0 1 1 1 0 0 0 0
154	2	0 0 0 1 0 0 0 1 0 0 1 0 0 0 0 0
154	5	0 0 1 1 1 0 0 0 0 0 1 0 1 0 0 0
154	19	1 1 1 1 0 0 0 0 1 0 1 0 1 0 0 0
154	32	1 1 1 1 0 0 0 0 0 1 1 0 0 0 0 0
154	11	1 0 1 1 1 0 0 0 0 1 1 0 0 0 0 0
154	7	1 1 1 1 0 0 0 1 0 0 1 0 0 0 0 0
154	40	0 0 1 1 1 0 0 1 0 0 1 0 0 0 0 1
154	8	1 1 1 1 0 0 0 0 1 0 1 0 0 0 0 0
154	2	1 0 0 1 1 0 0 0 1 0 1 0 0 0 1 0
154	14	1 0 1 1 0 0 0 1 0 0 1 0 0 0 0 0
154	10	0 0 1 1 0 0 0 0 0 0 1 0 0 0 0 0
154	41	1 1 1 1 1 0 0 0 0 0 1 0 0 0 0 0
154	5	0 0 1 1 1 0 0 1 0 0 1 0 0 1 0 0
154	5	1 1 0 1 0 0 0 0 1 0 1 0 0 0 0 0
154	2	0 0 0 1 1 0 0 0 1 0 1 0 1 0 0 0
154	7	0 0 1 0 1 0 0 0 0 0 1 0 1 0 1 0
154	11	1 1 1 1 0 0 0 0 0 0 1 1 0 0 0 0
154	7	1 0 0 1 1 0 1 0 0 1 0 1 1 0 0 1
154	19	0 1 1 1 0 0 0 0 0 0 1 1 0 0 0 0
154	2	1 1 1 1 0 0 0 0 0 0 0 1 0 0 0 0
154	10	1 0 0 1 0 0 0 1 1 0 1 1 1 0 0 1
154	4	0 0 1 0 1 0 0 0 0 1 1 0 0 0 0 0
154	7	1 0 0 1 0 0 0 1 0 0 1 0 0 0 0 0
154	4	1 0 1 1 0 0 0 1 0 1 1 0 0 0 0 0
154	1	0 1 0 0 0 0 0 0 1 0 1 0 0 0 0 0
154	7	1 0 1 1 0 0 0 0 0 0 1 0 0 0 0 0
154	5	0 1 1 1 0 0 0 0 1 0 1 0 1 0 0 0
154	7	0 1 1 1 0 0 0 1 0 0 1 0 0 0 0 0
154	4	1 1 1 1 1 0 0 0 0 0 0 0 0 0 0 0
154	7	0 0 0 1 0 0 0 0 0 0 1 0 0 1 0 0
154	1	1 0 0 1 0 0 0 0 1 0 0 0 0 0 0 0
154	1	0 0 0 1 1 0 0 0 0 1 1 0 0 0 0 0
154	8	1 1 1 0 0 0 0 0 0 1 1 1 0 0 0 0
154	4	1 1 1 1 1 0 0 0 0 1 1 1 0 0 0 0
154	1	1 1 1 1 0 0 0 0 1 0 1 0 1 0 1 0
154	4	1 0 0 1 1 0 0 0 0 0 1 0 0 0 0 0
154	1	1 1 1 1 0 0 0 0 0 1 0 1 0 0 0 0
154	7	0 1 1 1 0 0 0 0 0 1 1 1 0 0 0 0
154	1	1 0 1 1 1 0 0 0 0 0 1 0 0 0 1 0
154	6	1 1 1 1 0 0 0 0 0 0 1 0 1 0 0 0
154	2	1 1 1 1 0 0 0 0 0 0 1 0 0 0 0 1
154	2	1 0 0 1 1 0 0 0 1 0 1 0 0 0 0 0
154	11	0 0 0 1 1 1 0 0 0 0 1 1 0 1 0 0
154	2	1 1 1 1 0 0 0 0 1 0 1 1 0 0 0 0
154	1	1 1 1 1 0 0 1 0 0 0 1 0 0 0 0 0
154	5	1 1 0 1 0 0 0 0 0 0 1 0 0 0 0 0
154	1	1 1 1 1 1 1 0 0 0 0 1 0 0 0 0 0
154	1	0 0 0 1 0 0 0 0 0 1 0 1 1 0 0 1
154	3	0 0 1 1 1 0 0 1 1 0 1 0 0 0 1 0
154	1	0 0 0 1 0 0 0 0 1 0 1 0 0 0 0 1
154	2	0 0 0 1 1 0 0 0 0 1 0 1 1 0 0 1
154	1	0 1 0 1 0 0 0 0 0 0 1 0 0 0 0 0
154	2	0 0 0 1 1 0 0 0 0 0 1 0 0 0 0 1
154	1	1 1 1 1 0 0 0 0 0 0 0 0 0 0 0 0
154	2	1 0 0 1 1 0 0 0 0 1 0 1 1 1 0 1
154	1	1 1 1 1 0 0 0 0 1 1 1 1 0 0 0 0
154	2	1 1 1 0 1 0 0 0 0 0 0 0 0 0 0 0
154	2	1 1 1 1 1 0 0 1 0 1 1 1 0 0 0 0
154	2	1 1 0 1 0 0 1 0 0 0 1 0 0 0 0 0
239	58	1 1 1 1 0 0 0 0 0 0 1 0 0 0 0 0
239	11	0 1 1 1 0 0 0 0 0 0 1 0 0 0 0 0
239	30	1 1 1 1 0 0 0 0 1 0 1 0 1 0 0 0
239	43	1 1 1 1 0 0 0 0 0 1 1 0 0 0 0 0
239	96	1 1 1 1 0 0 0 0 1 0 1 0 0 0 0 0
239	76	1 1 1 1 1 0 0 0 0 0 1 0 0 0 0 0
239	34	1 1 0 1 0 0 0 0 1 0 1 0 0 0 0 0
239	42	1 1 1 1 0 0 0 0 0 0 1 1 0 0 0 0
239	3	1 0 0 1 0 0 0 0 1 0 0 0 0 0 0 0
239	15	1 1 1 1 0 0 0 0 0 0 1 0 1 0 0 0
239	12	1 1 1 1 0 0 0 0 1 0 0 1 0 0 0 0
239	18	1 1 0 1 0 0 0 0 0 0 1 0 0 0 0 0
239	10	1 1 1 1 0 0 0 0 0 0 1 0 0 0 1 0
239	10	1 1 1 1 0 0 0 0 1 0 1 1 0 0 0 0
239	12	1 1 1 1 1 0 0 1 0 0 1 0 0 0 0 0
239	12	1 1 1 1 0 0 1 0 0 0 1 0 0 0 0 0
239	3	1 0 1 1 1 0 0 1 0 0 1 0 0 0 0 0
239	33	1 1 0 1 0 0 0 0 0 1 1 0 0 0 0 0
239	21	1 1 1 1 0 1 0 0 0 0 0 1 0 0 0 0
239	2	1 1 1 1 0 1 0 0 1 0 1 0 0 0 0 0
239	5	1 1 1 1 0 0 1 0 1 1 1 1 0 0 0 0
239	123	1 1 1 1 1 0 0 0 0 0 1 1 0 0 0 0
239	1	1 1 1 1 0 0 0 0 1 0 1 0 0 0 1 0
239	29	1 1 1 1 0 1 0 0 0 0 1 0 1 0 0 0
239	5	1 1 1 0 0 0 0 0 1 0 1 0 1 0 0 0
239	7	1 1 1 1 0 0 0 0 1 0 1 0 0 0 0 1
239	7	1 1 1 1 0 0 0 0 1 1 1 0 0 0 0 0
239	8	1 1 1 1 0 0 1 0 0 1 1 0 0 0 0 0
239	7	1 0 1 1 0 0 0 0 0 0 1 0 1 0 0 0
239	23	1 1 1 1 0 1 0 0 0 0 1 0 0 0 0 0
239	1	1 0 1 1 1 0 0 0 0 0 1 0 0 0 0 0
239	1	1 1 1 1 0 0 0 0 1 0 0 1 0 0 1 0
239	31	0 1 1 1 0 0 0 0 0 0 0 0 0 0 0 0
239	8	1 1 1 1 0 0 0 0 0 0 1 1 1 0 0 0
239	1	1 0 1 1 1 0 1 0 0 0 1 0 0 0 0 0
239	9	1 1 1 1 0 0 0 0 1 1 1 1 0 0 0 0
239	16	1 0 1 1 0 0 0 0 0 0 1 0 0 0 0 1
239	4	0 1 1 1 0 0 0 0 1 0 1 0 0 1 0 0
239	3	0 1 1 1 0 0 1 1 0 0 1 0 0 0 0 0
239	5	1 1 1 1 0 1 0 0 0 0 0 1 1 0 0 0
239	14	1 1 0 1 0 1 0 0 0 0 1 1 0 0 0 0
239	22	1 1 1 1 0 1 0 0 0 0 1 1 0 0 0 0
239	12	1 1 1 0 1 0 0 0 0 0 1 0 0 1 0 0
239	4	1 1 1 1 1 0 0 0 1 0 1 0 1 0 0 0
239	3	1 1 1 1 1 0 1 0 0 0 1 0 0 0 0 0
239	1	1 1 0 1 0 0 0 0 1 0 1 0 1 0 0 0
239	5	1 1 1 0 0 0 0 0 1 0 1 0 0 0 0 0
239	1	1 1 1 1 1 1 0 0 0 0 1 0 0 0 0 0
239	2	0 1 0 1 0 0 0 0 0 1 1 0 0 0 0 0
239	1	1 1 1 1 1 0 1 0 0 0 1 1 0 1 0 0
239	5	1 1 1 1 0 1 0 0 0 0 1 0 1 1 0 0
239	11	0 1 1 1 0 0 1 1 0 0 1 1 0 0 0 0
239	1	1 0 1 0 1 0 0 1 0 0 1 0 0 0 0 0
239	8	1 1 1 1 0 0 0 0 0 0 0 1 0 0 0 0
239	1	1 1 0 1 0 0 0 0 0 0 1 0 1 0 0 0
239	6	0 1 1 1 1 0 0 0 0 0 1 0 0 0 0 0
239	2	0 1 1 1 0 0 0 0 1 0 1 0 0 0 0 0
239	1	0 1 1 1 0 0 0 0 0 0 1 0 0 1 0 0
239	5	1 1 1 1 0 0 0 0 0 1 1 0 1 0 0 0
239	2	1 1 1 1 0 1 0 1 0 0 0 1 0 0 0 0
239	2	0 1 1 1 0 1 0 0 0 0 1 0 0 1 0 0
239	4	1 1 1 1 0 0 0 0 0 1 1 1 0 0 0 0
239	1	1 1 1 1 1 0 0 1 0 1 1 0 0 0 0 0
239	7	0 1 1 1 0 0 0 0 1 1 1 1 1 0 0 0
239	1	1 1 1 1 1 0 0 0 1 1 1 1 1 0 0 0
239	2	1 1 0 1 0 0 0 0 0 1 1 1 0 0 0 0
239	2	0 1 1 1 0 0 1 0 1 1 1 1 0 0 0 0
239	1	1 0 1 1 1 1 1 0 0 0 1 0 0 0 0 0
239	2	0 1 1 1 0 0 1 1 0 0 0 0 0 0 0 0
239	18	1 1 1 1 1 1 0 0 0 1 1 0 0 0 0 0
239	2	1 1 1 1 0 0 0 0 1 0 1 0 0 1 0 0
239	3	1 1 1 0 0 0 0 0 0 0 1 0 0 0 0 0
239	1	0 1 0 1 0 0 0 0 1 0 1 0 0 0 0 0
239	3	1 1 1 1 0 0 0 0 1 0 1 1 0 0 0 1
239	1	1 0 1 1 0 1 0 0 0 0 1 0 1 0 0 0
239	3	1 1 0 1 0 0 1 0 1 0 1 0 0 0 0 0
239	1	1 1 1 1 1 0 0 0 0 0 1 0 0 0 1 0
239	2	1 1 0 1 0 0 0 1 0 1 1 0 0 0 0 0
239	1	1 1 1 0 1 0 0 0 0 0 1 1 0 0 0 0
239	1	1 0 1 1 0 0 0 0 0 0 1 1 0 0 0 1
252	74	1 1 1 1 0 0 0 0 0 0 1 0 0 0 0 0
252	5	0 1 1 1 0 0 0 0 0 0 1 0 0 0 0 0
252	1	1 1 1 1 0 0 0 0 1 0 1 0 1 0 0 0
252	26	1 1 1 1 0 0 0 0 0 1 1 0 0 0 0 0
252	116	1 1 1 1 0 0 0 0 1 0 1 0 0 0 0 0
252	91	1 1 1 1 1 0 0 0 0 0 1 0 0 0 0 0
252	32	1 1 0 1 0 0 0 0 1 0 1 0 0 0 0 0
252	32	1 1 1 1 0 0 0 0 0 0 1 1 0 0 0 0
252	17	1 1 1 1 0 0 0 0 0 0 1 0 1 0 0 0
252	19	1 1 0 1 0 0 0 0 0 0 1 0 0 0 0 0
252	6	1 1 1 1 0 0 0 0 0 0 1 0 0 0 1 0
252	5	1 1 1 1 0 0 0 0 1 0 1 1 0 0 0 0
252	16	1 1 0 1 0 0 0 0 0 1 1 0 0 0 0 0
252	17	1 1 1 1 0 1 0 0 0 0 0 1 0 0 0 0
252	103	1 1 1 1 1 0 0 0 0 0 1 1 0 0 0 0
252	13	1 1 1 1 0 1 0 0 0 0 1 0 1 0 0 0
252	1	1 1 1 1 0 0 0 0 1 1 1 0 0 0 0 0
252	1	1 0 1 1 0 0 0 0 0 0 1 0 1 0 0 0
252	22	1 1 1 1 0 1 0 0 0 0 1 0 0 0 0 0
252	54	0 1 1 1 0 0 0 0 0 0 0 0 0 0 0 0
252	20	1 1 1 1 0 0 0 0 1 1 1 1 0 0 0 0
252	10	1 0 1 1 0 0 0 0 0 0 1 0 0 0 0 1
252	15	0 1 1 1 0 0 1 1 0 0 1 0 0 0 0 0
252	9	1 1 1 1 0 1 0 0 0 0 0 1 1 0 0 0
252	7	1 1 0 1 0 1 0 0 0 0 1 1 0 0 0 0
252	6	1 1 1 1 0 1 0 0 0 0 1 1 0 0 0 0
252	20	1 1 1 0 1 0 0 0 0 0 1 0 0 1 0 0
252	6	1 1 1 1 1 0 1 0 0 0 1 0 0 0 0 0
252	10	1 1 1 0 0 0 0 0 1 0 1 0 0 0 0 0
252	2	1 1 1 1 1 1 0 0 0 0 1 0 0 0 0 0
252	18	0 1 1 1 0 0 1 1 0 0 1 1 0 0 0 0
252	4	0 1 1 1 0 0 0 0 1 0 1 0 0 0 0 0
252	11	1 1 1 1 0 1 0 1 0 0 0 1 0 0 0 0
252	4	1 1 1 1 0 0 0 0 0 1 1 1 0 0 0 0
252	16	1 1 1 1 1 0 0 0 1 1 1 1 1 0 0 0
252	9	1 1 1 1 1 1 0 0 0 1 1 0 0 0 0 0
252	24	1 1 1 1 0 0 0 0 1 0 1 1 0 0 0 1
252	2	1 1 0 1 0 0 1 0 1 0 1 0 0 0 0 0
252	18	1 1 0 1 0 0 0 0 0 0 0 0 0 0 0 0
252	1	1 1 1 1 1 0 0 0 0 0 1 1 0 0 0 1
252	1	1 1 1 1 0 0 1 0 0 0 1 1 0 0 0 0
252	8	1 1 1 1 0 1 0 0 0 1 1 0 0 0 0 0
252	8	0 1 1 1 1 1 0 0 0 0 1 0 0 0 0 0
252	9	1 1 1 1 0 0 0 0 1 1 1 0 0 1 0 0
252	2	1 1 0 1 0 0 0 0 0 1 0 0 0 0 0 0
252	7	0 1 1 1 1 0 0 0 0 0 1 1 0 0 0 0
252	1	1 1 1 1 0 1 1 1 0 0 1 1 0 0 0 0
252	1	1 1 1 0 0 0 1 0 1 0 1 0 0 0 0 0
252	2	1 1 1 1 0 0 1 1 0 0 1 1 0 0 0 0
252	8	1 1 0 1 0 0 0 0 0 0 1 0 0 1 0 0
252	1	1 0 1 1 0 0 0 0 0 0 1 0 0 0 0 0
252	3	1 1 1 1 1 0 0 0 0 1 1 0 0 0 0 0
252	2	1 1 0 1 0 0 0 0 0 1 1 0 1 0 0 0
252	4	0 1 1 1 0 1 1 1 0 0 1 1 0 0 0 0
252	6	1 1 1 1 0 1 0 0 0 0 1 1 0 0 0 1
252	2	0 1 1 1 0 1 0 0 0 0 0 1 0 0 0 0
252	3	0 1 1 1 0 0 1 0 0 1 1 0 0 0 0 0
252	3	1 1 1 0 1 0 0 0 0 0 1 1 0 0 0 0
252	1	1 1 1 1 0 0 0 0 1 1 1 0 0 0 0 1
252	2	1 1 1 1 0 1 0 0 1 1 1 1 0 0 0 0
252	1	1 1 1 1 1 0 1 1 0 0 1 1 0 0 0 0
252	5	1 1 1 1 0 0 0 0 1 0 1 0 0 1 0 0
252	2	0 1 1 1 0 0 1 1 0 0 1 0 0 0 1 0
252	3	0 0 1 1 0 0 1 1 0 0 1 0 0 0 0 0
252	4	1 1 1 1 0 0 0 0 0 0 0 0 0 0 0 0
252	4	1 1 1 1 0 0 1 0 0 0 1 0 0 0 0 0
252	5	1 1 1 1 1 0 0 0 1 0 1 0 0 0 0 0
252	2	0 1 1 0 0 0 0 0 0 0 0 0 0 0 0 0
252	2	0 1 1 1 1 1 0 1 0 0 1 0 0 0 0 0
252	3	1 1 1 1 0 0 0 0 0 0 0 1 0 0 0 0
252	2	1 1 1 1 0 0 0 0 1 0 0 0 0 0 0 0
252	3	1 1 1 1 1 1 0 0 0 0 1 1 0 0 0 0
252	1	1 1 1 1 0 0 0 0 0 1 1 0 0 0 1 0
252	6	1 1 1 1 0 0 1 0 1 0 1 0 0 0 0 0
252	5	1 1 0 1 0 0 0 0 0 0 1 1 0 0 0 0
252	2	0 1 1 1 0 0 0 1 0 0 0 0 0 0 0 0
252	1	1 1 1 1 0 0 0 0 1 0 1 0 0 0 1 0
252	1	1 1 1 1 1 0 0 0 0 0 0 0 0 0 0 0
252	1	1 1 1 1 0 1 0 0 1 0 1 0 0 0 0 0
252	1	1 1 1 1 0 0 0 0 1 1 1 0 1 0 0 0
252	1	1 1 1 1 1 0 0 1 0 0 1 0 0 0 0 0
252	1	1 0 1 1 1 0 0 0 0 0 1 0 0 0 0 0
252	2	1 1 0 1 0 0 0 0 1 0 1 0 0 0 1 0
252	1	1 1 0 1 0 0 0 0 1 0 1 0 0 0 0 1
252	3	0 1 1 0 0 0 1 1 0 0 1 1 0 0 0 0
252	1	1 1 1 0 1 0 1 0 1 0 1 0 0 0 0 0
350	95	1 1 1 1 0 0 0 0 0 0 1 0 0 0 0 0
350	2	0 1 1 1 0 0 0 0 0 0 1 0 0 0 0 0
350	3	1 1 1 1 0 0 0 0 1 0 1 0 0 0 0 0
350	111	1 1 1 1 1 0 0 0 0 0 1 0 0 0 0 0
350	80	1 1 1 1 0 0 0 0 1 0 1 1 0 0 0 0
350	59	1 1 1 1 1 0 0 0 0 0 1 1 0 0 0 0
350	21	1 1 1 1 0 0 0 0 1 1 1 0 0 0 0 0
350	10	1 1 1 1 0 0 0 0 1 1 1 1 0 0 0 0
350	18	1 1 1 1 0 0 0 0 1 0 0 0 0 0 0 0
350	13	1 1 1 0 0 0 0 0 1 0 1 0 0 0 1 0
350	10	1 1 1 1 0 0 0 0 0 0 0 1 0 0 0 0
350	26	1 1 1 1 0 0 1 0 0 0 1 0 0 0 0 0
350	8	1 1 0 1 0 1 0 0 0 0 1 0 0 0 0 0
350	1	1 1 0 1 1 1 0 0 1 0 1 0 0 0 0 0
350	3	1 1 1 1 0 0 0 1 1 0 1 0 0 0 0 0
350	88	1 1 1 1 1 0 0 0 1 0 1 0 0 0 0 0
350	22	1 1 1 1 0 0 0 0 0 0 1 1 0 0 0 0
350	6	1 1 1 1 1 0 0 0 0 1 1 1 0 0 0 0
350	6	1 1 1 1 0 0 0 0 0 0 0 0 0 0 0 0
350	1	1 1 1 1 0 0 1 0 0 0 0 0 0 0 0 0
350	11	1 1 0 1 1 1 0 1 1 0 1 0 0 0 0 0
350	58	1 1 1 1 0 0 0 0 0 0 1 0 0 1 0 0
350	42	1 1 1 1 0 0 0 1 1 0 1 1 0 0 0 0
350	7	1 1 1 1 0 0 0 0 1 0 1 0 0 1 0 0
350	3	1 1 1 1 1 0 0 0 0 1 1 0 0 0 0 0
350	17	1 1 1 1 1 0 0 0 0 0 0 0 0 0 0 0
350	20	1 1 1 1 1 0 0 0 1 1 1 1 0 0 0 0
350	22	1 1 0 1 0 0 1 0 0 0 0 0 0 0 0 0
350	20	1 1 1 0 0 0 0 0 0 0 1 0 0 0 0 0
350	7	1 1 1 1 0 0 0 0 0 1 1 1 0 0 0 0
350	3	1 1 1 1 0 0 0 0 0 0 1 0 0 0 1 0
350	5	1 1 0 1 0 1 0 0 0 0 0 0 0 1 0 0
350	4	1 1 1 1 0 0 0 0 0 0 1 0 0 1 1 0
350	2	1 1 1 1 1 0 0 0 1 0 0 0 0 0 0 0
350	7	1 1 1 1 0 0 0 0 1 1 1 0 0 1 0 0
350	10	1 1 1 0 0 0 0 0 0 0 1 0 0 1 1 0
350	4	0 1 1 1 1 0 0 0 1 1 1 1 0 0 0 1
350	11	1 1 1 1 0 0 1 0 1 1 1 0 0 0 0 0
350	5	1 1 1 1 0 0 0 0 1 0 0 1 0 0 0 0
350	1	1 1 1 1 0 0 0 0 0 1 1 0 0 0 0 0
350	18	1 1 0 1 1 0 0 1 1 0 1 0 0 0 0 0
350	10	1 1 1 1 0 1 1 0 0 0 0 0 0 0 0 0
350	5	1 1 1 1 1 0 0 0 0 0 0 0 0 0 1 0
350	8	1 1 1 0 0 0 0 0 1 0 1 0 0 0 0 0
350	4	1 1 1 1 0 0 0 0 1 0 0 0 0 1 0 0
350	11	1 1 1 1 0 0 1 0 0 1 0 0 0 0 0 0
350	9	1 1 1 1 1 0 0 0 1 0 1 1 0 0 0 0
350	2	1 1 1 0 0 0 1 0 0 0 0 1 0 0 0 0
350	4	0 1 1 1 0 0 0 0 1 0 0 0 0 0 0 0
350	3	1 0 1 1 0 0 0 0 1 1 1 1 0 1 0 0
350	1	1 1 1 1 0 0 0 0 1 0 1 1 0 0 0 1
350	6	1 1 0 1 1 0 0 0 0 0 1 1 0 0 0 0
350	1	1 1 1 1 1 0 0 0 1 1 1 0 0 0 0 0
350	3	1 1 1 1 0 0 1 0 0 0 1 1 0 0 0 0
350	5	1 1 1 1 0 0 0 0 0 0 1 0 0 0 0 1
350	5	1 1 1 0 1 0 0 0 1 0 1 0 0 0 0 0
350	5	1 1 1 0 0 1 1 0 0 0 1 0 0 0 0 0
350	1	1 1 1 1 1 1 0 0 1 0 1 0 0 0 0 0
350	2	0 1 1 1 0 0 0 0 1 0 0 0 0 1 0 0
350	2	1 1 1 1 1 0 0 0 0 0 1 0 0 0 1 0
350	5	1 1 1 1 0 1 0 0 1 0 1 1 0 0 0 0
350	3	1 1 0 1 0 1 0 1 1 0 1 0 0 0 0 0
350	1	1 1 1 1 0 0 1 0 1 0 1 0 0 0 0 0
350	1	1 1 1 0 0 0 0 0 1 0 1 1 0 0 0 0
350	7	1 0 1 1 1 0 0 0 0 0 1 1 0 0 0 0
350	4	1 0 1 1 1 0 0 0 1 0 1 0 0 0 0 0
350	1	1 1 1 1 0 0 0 0 0 1 1 0 0 1 1 0
350	4	1 1 0 1 1 0 0 0 0 0 1 0 0 0 0 0
350	1	1 1 1 1 0 0 0 0 0 0 1 1 0 1 0 0
350	1	1 1 1 1 0 0 0 0 0 0 1 0 0 1 0 1
350	1	1 1 1 1 1 1 0 0 0 0 0 0 0 0 1 0
350	4	1 1 1 1 1 0 1 0 0 1 0 0 0 0 0 0
350	1	1 1 1 0 0 0 1 0 0 0 0 0 0 1 0 0
350	3	1 1 0 1 0 0 0 0 0 0 1 0 0 0 0 0
350	3	1 1 0 1 0 0 0 0 1 0 1 1 0 0 0 0
350	4	1 1 1 1 1 0 1 0 0 0 1 1 0 0 0 0
350	1	1 1 1 0 0 1 1 0 0 0 1 1 0 0 0 0
350	1	1 0 1 1 0 0 0 0 0 0 1 0 0 0 0 0
350	1	1 1 1 1 0 0 0 0 1 1 1 0 0 0 1 0
350	1	1 1 1 1 1 0 0 0 1 0 1 0 0 0 1 0
350	2	1 1 1 1 1 0 0 0 1 0 1 0 1 0 0 0
350	2	1 1 0 1 0 0 1 0 0 0 0 0 0 0 1 0
350	1	1 1 0 1 0 0 1 0 0 0 0 0 0 0 0 1
400	35	1 1 1 1 0 0 0 0 0 0 1 0 0 0 0 0
400	123	1 1 1 1 1 0 0 0 0 0 1 0 0 0 0 0
400	135	1 1 1 1 0 0 0 0 1 0 1 1 0 0 0 0
400	24	1 1 1 1 1 0 0 0 0 0 1 1 0 0 0 0
400	10	1 1 1 1 0 0 0 0 1 1 1 0 0 0 0 0
400	63	1 1 1 1 0 0 1 0 0 0 1 0 0 0 0 0
400	44	1 1 1 1 1 0 0 0 1 0 1 0 0 0 0 0
400	3	1 1 1 1 1 0 0 0 0 1 1 1 0 0 0 0
400	8	1 1 1 1 0 0 0 0 0 0 1 0 0 1 0 0
400	97	1 1 1 1 0 0 0 1 1 0 1 1 0 0 0 0
400	8	1 1 1 1 1 0 0 0 0 1 1 0 0 0 0 0
400	10	1 1 1 1 0 0 1 0 1 1 1 0 0 0 0 0
400	15	1 1 1 1 1 0 0 0 1 0 1 1 0 0 0 0
400	7	1 1 1 1 0 0 1 0 1 0 1 0 0 0 0 0
400	5	1 1 0 1 1 0 0 0 0 0 1 0 0 0 0 0
400	1	1 1 1 1 0 0 0 0 0 0 1 1 0 1 0 0
400	12	1 1 1 1 1 0 1 0 0 1 0 0 0 0 0 0
400	3	1 1 0 1 0 0 0 0 1 0 1 1 0 0 0 0
400	3	1 1 0 1 1 0 0 1 1 1 1 0 0 0 0 0
400	20	1 1 1 1 0 0 0 0 1 0 1 0 0 0 0 0
400	15	1 1 1 1 1 1 0 0 0 0 1 0 0 0 0 0
400	7	1 1 1 1 1 1 0 0 1 0 1 1 0 0 0 0
400	6	1 1 1 1 0 0 0 1 1 0 1 0 0 0 0 0
400	29	1 1 1 1 0 0 1 0 0 0 0 0 0 0 0 0
400	18	1 1 1 1 0 0 0 1 1 0 1 0 0 1 0 0
400	21	1 1 1 1 0 0 1 0 0 1 1 1 0 0 0 0
400	1	1 1 1 1 1 0 0 1 0 0 1 0 0 0 0 0
400	17	1 1 1 1 1 0 0 1 1 0 1 0 0 0 0 0
400	20	1 1 1 1 1 0 0 0 0 0 1 0 0 1 0 0
400	13	1 1 1 1 0 0 0 1 0 0 1 0 0 0 0 0
400	10	1 1 1 0 1 0 0 0 0 0 1 0 0 0 0 0
400	2	1 1 1 1 1 0 1 1 0 0 1 1 0 0 0 0
400	3	1 1 1 1 1 0 0 0 0 0 1 0 0 0 1 0
400	18	1 0 1 1 1 0 0 0 0 0 1 0 0 0 0 0
400	7	1 1 1 1 0 0 1 0 0 0 1 0 0 1 0 0
400	4	1 1 1 1 1 0 0 0 0 0 0 0 0 1 0 0
400	25	1 0 1 1 1 0 0 0 0 1 1 0 0 0 0 0
400	6	1 1 1 1 1 0 0 0 0 0 1 0 1 0 0 0
400	3	1 1 1 1 1 0 0 0 0 0 1 0 0 0 0 1
400	4	1 0 1 1 0 0 0 0 1 0 1 1 0 0 0 0
400	5	1 1 0 1 0 0 1 0 0 0 1 1 0 0 0 0
400	6	1 1 1 0 0 1 0 0 1 0 1 0 0 0 0 0
400	1	1 1 1 1 0 0 0 0 0 0 0 1 0 1 0 0
400	1	1 0 1 1 0 0 0 1 1 0 1 1 0 0 0 0
400	3	1 1 1 1 0 0 0 1 0 0 1 1 0 0 0 0
400	19	1 1 1 1 0 0 1 0 1 0 1 1 0 0 0 0
400	15	1 1 1 1 0 0 1 1 1 0 1 1 0 0 0 0
400	1	1 1 1 1 1 0 0 0 0 1 1 0 1 0 0 0
400	7	0 1 1 1 0 0 1 0 0 0 0 0 0 0 0 0
400	3	1 1 1 1 0 1 0 0 0 0 1 0 0 0 0 0
400	5	1 1 1 1 0 0 1 0 0 1 1 0 0 0 0 0
400	3	1 0 1 1 1 0 0 0 0 0 1 0 1 0 0 0
400	1	1 1 1 1 1 0 0 1 1 0 1 0 0 1 0 0
400	5	1 1 0 1 0 0 1 0 0 0 0 1 0 1 0 0
400	1	1 1 1 1 0 0 0 1 1 0 0 1 0 0 0 0
400	3	1 1 1 1 1 0 1 0 1 1 1 0 0 0 0 0
400	5	1 1 1 0 0 0 0 1 1 0 1 1 0 0 0 0
400	2	1 1 0 1 1 0 0 1 0 0 1 0 0 0 0 0
400	2	1 1 0 1 1 0 0 1 1 1 1 0 1 0 0 0
400	8	1 1 1 1 1 0 1 0 0 0 0 0 0 0 0 0
400	3	1 1 1 1 1 0 0 1 0 0 0 0 0 1 0 0
400	3	1 0 1 1 0 0 1 0 0 0 1 0 0 0 0 0
400	3	1 1 1 1 0 0 1 0 0 0 0 0 0 1 0 0
400	5	1 0 1 1 0 0 1 0 0 0 0 0 0 0 0 0
400	2	1 1 1 0 0 1 0 1 1 1 1 0 1 0 0 0
400	1	1 0 1 1 0 0 0 1 1 0 1 0 0 0 0 0
400	5	1 1 1 1 1 0 1 0 0 0 1 0 0 0 0 0
400	3	1 1 1 1 1 0 0 0 0 1 0 0 0 0 0 0
400	1	1 1 1 1 0 0 1 0 1 1 0 0 0 0 0 0
400	3	1 1 1 1 1 0 0 0 1 1 1 1 0 0 0 0
400	3	0 1 1 1 1 0 1 0 0 0 1 0 0 0 0 0
400	2	1 1 1 0 0 1 1 0 1 0 1 0 0 0 0 0
400	1	1 1 1 1 1 1 0 1 0 0 0 0 0 1 0 0
400	4	1 1 1 1 0 0 0 0 1 0 1 0 0 1 0 0
400	2	1 1 1 1 1 0 0 1 1 0 1 1 0 0 0 0
400	1	1 1 1 1 1 0 0 0 0 0 1 1 1 0 0 0
400	2	1 1 1 1 0 1 1 0 0 0 1 0 0 0 0 0
400	1	1 1 0 1 0 0 0 0 1 0 1 0 0 0 0 0
400	2	1 1 1 1 0 0 1 0 0 0 1 1 0 0 0 0
400	2	1 1 1 1 1 0 0 0 0 0 0 0 0 1 0 1
