0	250	0 0 0 0 0 1 1 0 1 0 0 0 0 0 0 1
0	250	0 0 0 1 0 1 0 1 1 1 0 0 0 0 1 1
0	250	0 0 0 0 0 0 0 0 1 0 0 1 0 0 0 0
0	250	0 0 1 0 0 0 0 0 1 0 0 0 0 1 0 0
8	221	0 0 0 0 0 1 1 0 1 0 0 0 0 0 0 1
8	185	0 0 0 1 0 1 0 1 1 1 0 0 0 0 1 1
8	271	0 0 0 0 0 0 0 0 1 0 0 1 0 0 0 0
8	177	0 0 1 0 0 0 0 0 1 0 0 0 0 1 0 0
8	19	0 0 0 1 0 1 0 1 1 1 0 0 0 1 0 0
8	3	0 0 0 1 0 1 0 1 1 1 0 0 0 0 0 1
8	1	0 0 0 1 0 1 0 0 1 1 0 0 0 0 1 1
8	7	0 1 0 0 0 0 0 0 1 0 0 1 0 0 0 0
8	3	0 0 0 0 0 0 0 0 1 0 0 1 0 0 1 0
8	6	0 1 1 0 0 0 0 0 1 0 0 0 0 1 0 0
8	6	0 0 0 0 0 1 1 0 1 0 0 0 0 0 0 0
8	2	0 0 0 0 0 0 0 0 1 0 0 1 0 0 0 1
8	6	0 0 0 0 0 0 0 0 1 0 0 0 0 0 0 1
8	6	0 0 1 0 0 0 0 1 1 1 0 0 0 0 1 1
8	5	0 0 0 0 0 1 1 0 1 0 0 1 0 0 0 1
8	5	0 0 0 0 0 1 0 1 1 1 0 0 0 0 1 1
8	1	0 0 0 0 0 0 0 0 0 0 0 1 0 0 0 0
8	1	0 0 0 0 0 1 0 0 1 0 0 1 0 0 0 0
8	4	0 0 0 1 0 1 0 0 1 0 0 0 0 1 0 0
8	14	1 0 0 1 0 1 0 1 1 1 0 0 0 0 1 1
8	3	0 0 1 0 0 0 0 0 1 0 0 1 0 0 0 0
8	4	0 0 1 0 0 0 0 0 1 0 0 0 0 0 0 0
8	2	0 0 0 0 0 1 1 1 1 1 0 0 0 0 1 1
8	5	0 0 0 0 0 1 1 0 1 0 0 1 0 0 0 0
8	4	0 1 0 0 0 1 1 0 1 0 0 0 0 0 0 1
8	3	0 0 0 0 0 0 0 0 1 0 0 1 1 0 0 0
8	4	0 0 1 0 0 0 0 0 1 0 0 0 0 1 1 0
8	4	0 0 1 1 0 0 0 1 1 1 0 0 0 0 1 1
8	3	0 0 0 1 1 1 0 1 1 1 0 0 0 0 1 1
8	1	0 0 0 0 1 0 0 0 1 0 0 1 0 0 0 0
8	2	0 0 1 0 0 0 0 0 1 0 0 0 1 1 0 0
8	2	0 0 1 0 0 0 0 0 1 0 0 0 0 1 0 1
8	2	0 0 1 0 0 0 1 0 1 0 0 0 0 0 0 1
8	4	0 0 1 0 0 0 0 0 1 0 0 0 0 0 0 1
8	1	0 0 0 0 0 1 1 0 1 0 0 0 0 1 0 1
8	1	0 0 0 0 0 1 1 0 1 0 1 0 0 0 0 1
8	1	0 0 0 0 0 0 0 0 1 0 0 0 0 0 0 0
8	1	0 0 0 1 0 0 0 0 1 1 0 0 0 0 1 1
8	1	0 0 0 1 0 1 0 1 1 1 0 0 0 0 1 0
8	1	0 0 1 1 0 1 0 1 1 1 0 0 0 0 1 1
8	1	0 1 0 0 0 1 0 1 1 1 0 0 0 0 1 1
8	2	0 0 0 0 0 1 1 1 1 0 0 0 0 0 0 1
8	3	0 0 0 1 0 1 0 1 1 1 0 0 0 1 1 1
8	1	0 0 0 1 0 1 0 1 0 1 0 0 0 0 1 1
8	1	0 0 0 0 0 0 1 0 1 0 0 1 0 0 0 0
45	49	0 0 0 0 0 1 1 0 1 0 0 0 0 0 0 1
45	2	0 0 0 1 0 1 0 1 1 1 0 0 0 0 1 1
45	226	0 0 0 0 0 0 0 0 1 0 0 1 0 0 0 0
45	133	0 0 1 0 0 0 0 0 1 0 0 0 0 1 0 0
45	39	0 0 0 0 0 1 1 0 1 0 0 0 0 0 0 0
45	10	0 0 0 0 0 0 0 0 1 0 0 1 0 0 0 1
45	5	0 0 0 0 0 0 0 0 1 0 0 0 0 0 0 1
45	16	0 0 1 0 0 0 0 0 1 0 0 0 0 1 1 0
45	6	0 0 1 0 0 0 0 0 1 0 0 0 0 1 0 1
45	24	0 0 0 0 0 0 0 0 1 0 0 0 0 0 0 0
45	2	0 0 0 0 0 0 0 0 1 1 0 1 0 0 0 0
45	18	0 0 1 1 0 0 0 0 1 0 0 0 0 1 0 0
45	3	0 0 0 1 0 0 0 0 1 0 0 1 0 0 0 0
45	11	0 0 0 0 0 0 0 0 1 0 0 0 0 1 0 0
45	43	1 0 0 1 0 1 0 1 1 0 0 1 0 0 0 0
45	2	0 0 0 1 0 1 0 1 1 0 0 0 0 0 1 1
45	1	0 0 0 1 0 1 0 1 1 1 0 0 0 1 0 1
45	3	0 0 0 0 0 0 0 0 1 0 0 1 0 1 0 0
45	3	0 0 1 0 0 0 0 0 1 0 0 1 0 0 0 1
45	6	0 0 1 0 0 1 0 0 1 0 0 0 0 1 0 0
45	12	0 0 1 0 0 1 1 0 1 0 0 1 0 0 0 0
45	21	0 0 0 1 0 1 0 1 1 1 0 0 0 0 0 1
45	6	0 0 0 0 0 0 0 0 1 0 1 0 0 0 0 0
45	30	0 0 1 0 0 0 0 0 1 0 0 1 0 0 0 0
45	16	0 0 0 1 0 1 0 1 1 1 0 0 0 0 0 0
45	13	0 0 1 0 0 0 0 0 1 0 0 1 0 1 0 0
45	14	1 0 1 0 0 0 0 0 1 0 0 0 0 1 0 0
45	1	0 0 1 0 1 0 0 0 1 0 0 0 1 1 0 0
45	13	0 1 0 0 0 0 0 0 1 0 0 1 0 0 0 0
45	3	0 0 0 0 0 1 0 0 1 0 0 1 0 0 0 0
45	8	0 0 0 0 0 0 1 0 1 0 0 1 0 0 0 1
45	8	0 0 0 0 1 0 0 0 1 0 0 1 0 0 0 1
45	28	0 0 1 0 0 0 0 0 1 1 0 0 0 0 1 1
45	1	0 0 0 0 0 0 0 1 1 0 0 1 0 0 0 0
45	3	0 0 0 0 0 0 0 0 1 0 0 0 0 1 0 1
45	2	0 0 0 1 0 0 0 1 1 1 0 0 0 0 1 1
45	11	0 0 0 0 0 0 0 0 1 0 0 1 0 0 1 0
45	9	0 0 1 1 0 1 0 0 1 0 0 0 0 1 0 0
45	7	0 0 1 1 0 0 0 0 1 0 0 1 0 0 0 0
45	7	0 0 0 0 0 1 0 1 1 1 0 0 0 0 0 0
45	6	0 1 1 0 0 0 0 0 1 0 0 0 0 1 0 0
45	20	0 0 1 0 0 0 0 0 1 0 1 0 0 1 0 0
45	5	0 0 0 1 0 1 0 0 1 1 0 0 0 1 1 1
45	7	1 0 0 0 0 0 1 0 1 0 0 1 0 0 0 1
45	1	0 0 1 0 0 1 1 0 1 0 0 1 0 1 0 0
45	11	0 0 1 0 0 1 0 0 1 1 1 0 0 1 0 0
45	8	0 0 1 0 0 0 0 0 1 0 0 0 0 0 0 0
45	8	0 0 1 1 0 0 0 0 0 0 0 0 0 1 0 0
45	1	1 0 1 0 0 0 0 0 1 0 0 1 0 0 0 0
45	5	0 0 0 0 0 1 1 0 1 1 0 0 0 0 0 1
45	8	0 0 0 0 0 0 0 0 1 1 0 1 0 0 1 0
45	7	0 0 1 1 0 1 1 0 1 0 0 1 0 1 0 0
45	3	0 0 0 0 1 1 1 0 1 0 0 0 0 0 0 1
45	9	1 0 0 0 0 1 1 0 1 0 0 0 0 0 0 1
45	4	1 0 0 0 0 1 1 0 1 0 0 1 0 0 0 1
45	16	0 0 1 0 0 1 0 1 1 1 0 0 0 0 0 0
45	5	0 0 0 0 0 1 0 1 1 1 0 0 0 0 0 1
45	4	0 0 0 0 0 1 1 1 1 0 0 0 0 0 0 0
45	3	0 0 0 0 0 0 0 0 1 0 0 1 0 1 1 0
45	6	0 0 0 0 0 1 0 1 1 0 0 1 0 0 0 0
45	4	0 1 1 0 0 0 0 0 1 0 0 1 0 0 0 0
45	3	0 0 0 0 0 0 0 0 1 0 1 1 0 0 0 0
45	4	0 0 0 0 0 0 0 0 1 0 0 0 1 1 0 0
45	3	0 0 0 0 0 1 0 0 1 1 0 0 0 0 0 1
45	2	0 0 1 0 0 0 0 0 1 0 0 0 0 0 1 1
45	3	0 0 0 0 0 0 0 1 1 0 0 0 0 0 0 1
45	2	0 1 0 0 0 1 1 0 1 0 0 0 0 0 0 1
45	4	1 0 0 1 0 1 0 1 1 0 0 0 0 0 0 0
45	2	0 0 1 0 0 1 0 0 1 0 0 1 0 0 0 1
45	1	0 0 0 1 0 1 0 0 1 0 0 0 0 1 1 1
45	1	1 0 0 0 0 1 1 0 1 0 0 1 0 0 0 0
45	2	0 0 0 0 0 1 1 0 1 0 0 1 0 1 0 0
45	1	0 1 1 0 0 0 0 0 1 0 0 1 0 0 0 1
45	2	0 0 0 0 0 1 0 1 0 1 0 0 0 0 0 0
45	1	0 0 0 0 0 0 1 0 1 0 0 0 0 0 0 1
45	1	1 0 0 1 0 0 0 0 1 0 0 0 0 1 0 1
45	2	1 0 0 1 0 1 0 1 1 0 0 1 0 0 0 1
45	1	0 1 0 0 0 0 0 1 1 1 0 0 0 0 0 1
45	1	1 0 0 1 0 1 0 0 1 0 0 0 0 0 0 0
45	1	0 0 0 0 0 1 1 0 1 0 0 0 0 1 0 1
45	2	0 0 0 0 0 0 1 0 1 0 0 1 0 0 0 0
45	2	0 0 1 0 0 0 0 0 1 0 0 1 0 1 0 1
45	1	0 0 1 0 0 0 0 0 0 0 0 1 0 0 0 0
45	1	0 1 1 0 0 0 0 0 1 0 0 0 0 1 1 0
45	1	0 0 1 0 0 1 0 1 1 1 0 0 0 0 0 1
85	74	0 0 0 0 0 0 0 0 1 0 0 1 0 0 0 0
85	29	0 0 1 0 0 0 0 0 1 0 0 0 0 1 0 0
85	17	0 0 0 0 0 1 1 0 1 0 0 0 0 0 0 0
85	16	0 0 1 0 0 0 0 0 1 0 0 0 0 1 0 1
85	29	0 0 0 0 0 0 0 0 1 0 0 0 0 0 0 0
85	67	1 0 0 1 0 1 0 1 1 0 0 1 0 0 0 0
85	63	0 0 1 0 0 0 0 0 1 0 0 1 0 0 0 0
85	3	0 0 1 0 0 0 0 0 1 0 0 1 0 1 0 0
85	9	0 0 0 0 0 1 0 0 1 0 0 1 0 0 0 0
85	65	0 0 1 1 0 1 0 0 1 0 0 0 0 1 0 0
85	66	0 0 1 1 0 0 0 0 1 0 0 1 0 0 0 0
85	14	1 0 0 0 0 0 1 0 1 0 0 1 0 0 0 1
85	3	0 0 0 0 0 1 1 0 1 1 0 0 0 0 0 1
85	36	0 0 1 0 0 1 0 1 1 1 0 0 0 0 0 0
85	6	0 0 0 0 0 0 0 0 1 0 0 1 0 1 1 0
85	10	0 0 0 0 0 0 1 0 1 0 0 0 0 0 0 1
85	1	0 0 1 0 0 0 0 0 1 0 0 1 0 1 0 1
85	13	0 0 0 0 0 1 1 0 1 0 0 0 0 1 0 0
85	12	0 0 0 0 0 0 0 0 1 0 0 1 1 0 0 0
85	36	1 0 0 1 1 1 0 1 1 0 0 1 0 0 0 0
85	25	1 1 0 1 0 1 0 1 1 0 0 1 0 0 0 0
85	9	0 0 0 1 0 1 0 1 1 0 0 1 0 0 0 0
85	9	0 0 0 0 0 0 0 0 1 0 0 1 0 1 0 0
85	7	0 0 1 0 0 0 1 0 1 0 0 1 0 1 0 0
85	11	1 0 0 1 0 1 0 1 1 1 0 0 0 0 0 1
85	11	0 0 0 1 0 1 0 1 1 1 0 0 0 0 1 0
85	5	0 0 0 0 0 1 0 0 1 1 1 1 0 0 0 0
85	3	0 1 0 1 0 1 0 1 1 0 0 1 0 0 0 0
85	16	0 0 0 0 0 0 1 0 1 0 0 1 0 0 0 0
85	13	0 0 0 0 0 0 0 1 1 0 0 1 0 0 0 0
85	1	0 0 0 1 0 0 1 0 1 0 0 0 0 0 0 1
85	4	0 0 1 0 0 1 0 1 1 0 0 1 0 0 0 0
85	30	0 0 0 1 0 0 0 0 1 0 0 1 0 0 0 0
85	5	0 0 1 0 0 0 0 0 1 1 0 1 0 1 0 1
85	5	0 0 1 0 0 0 0 0 1 1 0 0 0 0 0 1
85	4	0 0 1 0 0 0 0 1 1 0 0 1 0 0 0 0
85	9	0 0 1 0 0 0 0 0 1 0 0 0 0 0 0 0
85	3	0 0 1 0 0 0 1 0 1 0 0 1 0 0 0 0
85	5	0 0 0 0 0 0 1 0 1 0 0 0 0 0 0 0
85	9	1 0 0 1 0 1 0 0 1 0 0 1 0 0 0 0
85	1	0 0 0 1 1 1 0 1 1 0 0 1 0 0 0 0
85	3	0 0 0 0 0 0 1 0 1 0 0 1 0 0 0 1
85	16	1 0 0 0 0 0 0 0 1 0 0 1 0 0 0 0
85	12	0 0 1 0 0 1 0 0 1 1 0 0 0 0 0 0
85	9	0 0 0 0 0 0 0 1 1 0 0 0 0 0 0 0
85	31	1 0 0 0 0 0 1 0 1 0 0 1 0 0 0 0
85	5	0 0 0 0 0 0 0 0 1 0 1 0 0 0 0 0
85	5	0 0 1 0 0 0 0 0 1 1 0 0 0 0 0 0
85	4	0 1 0 0 0 0 0 0 1 0 0 1 0 0 0 1
85	8	0 0 0 0 1 1 0 1 1 0 0 1 1 0 0 0
85	2	0 0 1 0 0 1 0 1 1 0 0 0 0 0 0 0
85	1	0 1 0 1 0 1 0 1 1 1 0 0 0 0 0 0
85	29	0 0 1 1 0 1 0 1 1 1 0 0 0 0 0 0
85	3	1 0 0 0 0 0 0 0 1 0 0 0 0 1 1 0
85	5	0 0 0 0 1 1 1 0 1 1 0 1 0 0 0 0
85	1	0 0 1 1 0 1 0 1 1 1 0 0 0 0 1 0
85	3	0 0 0 0 0 0 0 0 1 1 0 0 0 0 0 1
85	5	0 0 0 1 0 0 0 0 1 1 0 0 0 0 1 1
85	6	0 0 1 0 0 1 0 0 1 0 0 0 0 0 0 0
85	6	0 0 0 0 0 0 0 0 1 1 0 0 0 0 0 0
85	1	0 0 0 1 0 0 1 0 1 0 0 1 0 0 0 1
85	7	0 0 0 0 1 1 1 1 1 0 0 1 1 0 0 0
85	8	0 0 1 1 0 1 0 0 0 0 0 0 0 1 0 0
85	1	0 0 1 1 0 0 0 0 1 0 0 0 0 0 0 0
85	1	0 0 0 1 0 1 0 0 1 0 0 1 0 0 0 0
85	6	0 0 0 1 0 1 0 1 1 0 0 1 0 1 1 0
85	1	1 0 0 1 0 1 0 1 1 0 0 0 0 0 0 1
85	10	0 0 0 0 0 1 0 1 1 1 0 0 0 0 0 0
85	3	0 0 0 1 0 1 0 1 1 0 0 0 0 0 1 0
85	1	0 0 0 1 0 1 0 1 1 1 0 1 0 1 1 0
85	6	1 0 0 1 0 1 0 1 1 0 0 0 0 0 0 0
85	1	0 0 1 1 0 0 0 0 1 0 0 0 0 0 0 1
85	2	1 1 0 1 0 1 0 1 1 0 0 0 0 1 0 0
85	2	0 0 1 1 0 1 0 0 0 0 0 0 0 1 0 1
85	1	0 0 0 0 0 0 0 0 1 0 0 1 0 0 1 0
85	3	0 1 1 0 0 1 0 1 1 1 0 0 0 0 0 0
85	1	0 1 0 1 0 0 0 0 1 0 0 1 0 1 0 0
85	1	1 0 0 0 0 0 0 1 1 0 0 1 0 0 0 0
85	4	0 0 0 0 1 1 0 1 1 0 0 1 1 1 0 0
85	2	0 0 0 0 0 1 0 0 1 0 1 1 0 0 0 0
85	2	0 0 1 1 0 1 0 0 1 0 0 0 0 0 0 0
85	2	0 1 0 0 1 0 0 0 1 0 0 1 0 1 0 0
85	3	0 0 0 0 0 0 0 1 0 0 0 1 0 0 0 0
85	1	0 0 1 0 0 1 0 1 1 0 0 1 0 0 1 0
85	1	0 0 0 1 0 1 0 0 1 1 0 0 0 0 1 1
85	3	0 1 1 0 0 1 0 0 1 0 0 0 0 0 0 0
85	1	0 0 1 1 0 1 0 1 1 0 0 0 0 0 0 0
85	1	0 0 1 1 0 1 1 1 1 0 0 1 1 0 0 0
85	1	0 0 0 0 0 1 0 1 1 1 0 0 0 0 1 0
85	2	0 0 0 1 0 0 0 1 1 0 0 1 0 0 0 0
85	2	0 0 0 1 0 0 0 0 1 0 0 1 0 0 0 1
85	2	0 0 1 0 0 0 0 0 1 0 0 0 1 1 0 1
85	2	1 0 0 0 0 1 0 1 1 0 0 1 0 0 0 0
85	1	1 0 0 0 0 1 0 0 1 0 0 1 0 0 0 0
85	1	0 1 0 0 0 0 0 0 1 0 0 1 1 0 0 0
85	1	1 0 0 1 1 1 0 0 1 0 0 1 0 0 0 0
85	1	0 0 0 0 0 0 1 1 1 0 0 1 0 0 0 1
85	1	1 0 0 0 1 0 0 0 1 0 0 1 0 0 0 0
85	2	1 0 0 1 1 1 0 1 1 0 0 1 0 0 0 1
154	240	1 0 0 1 0 1 0 1 1 0 0 1 0 0 0 0
154	56	0 0 1 0 0 0 0 0 1 0 0 1 0 0 0 0
154	41	0 0 1 1 0 0 0 0 1 0 0 1 0 0 0 0
154	22	1 0 0 1 1 1 0 1 1 0 0 1 0 0 0 0
154	54	1 1 0 1 0 1 0 1 1 0 0 1 0 0 0 0
154	18	1 0 0 1 0 1 0 0 1 0 0 1 0 0 0 0
154	25	0 0 1 1 0 1 0 1 1 1 0 0 0 0 0 0
154	62	1 0 1 1 0 1 0 1 1 0 0 1 0 0 0 0
154	37	0 1 1 0 0 0 1 0 1 0 0 1 0 0 0 0
154	30	0 0 1 1 0 1 0 1 1 1 0 0 0 0 1 0
154	1	0 0 0 1 0 0 1 0 1 0 0 1 0 0 0 0
154	1	0 0 1 1 0 0 0 0 1 0 0 1 0 1 0 0
154	3	0 0 1 1 0 1 0 1 1 0 0 1 0 0 0 0
154	50	1 0 0 1 0 1 0 1 1 0 0 0 0 1 0 0
154	15	1 0 0 1 0 0 0 0 1 0 0 1 0 0 0 0
154	32	0 0 1 1 0 0 0 0 1 0 0 1 0 1 1 0
154	14	1 0 0 1 1 1 0 1 1 0 0 1 0 1 0 0
154	17	1 0 0 1 0 1 0 1 1 0 0 1 0 1 0 0
154	14	1 0 0 1 0 1 0 1 1 0 0 1 0 0 1 0
154	3	0 0 1 1 0 1 0 1 1 0 0 1 0 0 1 0
154	17	0 0 0 0 0 1 0 1 1 0 0 1 0 0 0 0
154	5	1 1 0 1 0 1 1 1 1 0 0 1 0 0 0 0
154	13	1 1 0 1 0 1 0 0 1 0 0 1 0 0 0 0
154	7	0 0 1 1 0 1 0 1 0 0 0 0 0 0 0 0
154	4	1 0 0 0 0 1 0 1 1 0 0 1 0 0 0 0
154	1	1 0 1 1 0 1 0 1 1 0 0 1 0 0 1 0
154	20	0 1 1 0 0 0 1 1 1 0 0 1 0 0 0 0
154	24	0 0 1 1 0 1 0 1 0 1 0 0 0 0 1 0
154	5	0 0 0 0 0 1 0 1 1 0 0 1 0 0 1 0
154	1	0 0 1 1 0 1 0 1 1 1 1 0 0 0 0 0
154	2	1 0 0 1 0 1 0 0 1 0 0 1 0 0 0 1
154	7	0 1 1 0 0 0 1 0 1 1 0 1 0 0 0 0
154	1	1 0 0 1 1 1 0 1 1 0 0 0 0 1 0 0
154	12	0 0 0 1 0 0 1 0 1 0 1 1 0 0 0 0
154	3	1 0 1 1 0 1 0 1 1 1 0 0 0 0 0 0
154	1	1 0 0 1 0 1 0 1 0 0 0 1 0 0 0 0
154	6	1 0 0 1 0 1 0 1 0 0 0 0 0 1 0 0
154	7	1 0 1 1 0 1 0 1 1 1 0 1 0 0 0 0
154	23	1 0 1 1 1 1 0 1 1 1 0 0 0 0 0 0
154	4	1 1 0 1 0 1 0 1 1 0 0 1 0 0 0 1
154	1	1 0 1 1 0 1 0 1 1 1 0 0 0 0 1 0
154	5	1 0 0 1 0 1 0 1 1 0 0 1 0 0 1 1
154	16	1 0 0 1 0 0 1 0 1 1 0 1 0 0 0 0
154	3	0 0 0 1 0 1 0 0 1 0 0 1 0 0 0 0
154	4	1 0 0 1 0 1 0 0 1 0 0 0 0 0 0 0
154	5	0 1 1 0 0 0 1 0 1 0 0 1 0 0 0 1
154	2	0 0 1 1 0 1 0 1 1 1 0 1 0 0 1 0
154	1	0 0 0 0 0 1 1 1 1 0 0 1 0 0 1 0
154	1	1 0 0 1 0 1 0 1 1 0 1 0 0 1 0 1
154	3	0 0 1 0 0 0 0 0 1 0 0 0 0 0 0 1
154	1	0 0 1 1 0 1 0 0 1 1 0 0 0 0 1 0
154	1	0 0 1 1 0 0 0 1 1 0 1 1 0 0 0 0
154	5	1 0 0 1 0 0 0 0 1 0 0 1 0 1 1 0
154	4	0 0 1 0 1 1 0 1 1 0 0 1 0 1 0 0
154	1	0 0 1 0 0 0 0 0 0 0 0 1 0 0 0 0
154	2	0 1 1 0 0 0 0 0 1 0 0 1 0 0 0 0
154	1	0 0 0 0 0 1 0 1 1 0 0 1 0 1 0 0
154	2	1 0 1 1 1 1 0 0 1 1 0 0 0 0 0 0
154	4	1 0 0 1 0 1 0 1 1 1 0 1 0 0 0 0
154	4	0 0 1 0 0 0 0 0 1 0 0 1 0 0 1 0
154	2	1 0 0 1 0 1 0 1 1 1 0 0 0 1 0 0
154	8	0 0 1 1 0 0 0 0 1 0 0 0 0 1 1 0
154	3	0 0 0 1 0 1 0 1 1 0 0 0 0 0 0 1
154	1	1 0 0 1 0 1 0 0 1 0 0 0 0 0 1 0
154	2	1 0 0 1 0 0 0 1 1 0 0 1 0 0 0 0
154	3	1 0 0 1 1 1 0 1 1 0 0 0 0 0 0 0
154	1	1 0 1 1 0 1 0 1 1 0 0 0 0 0 0 0
154	2	1 0 0 1 0 1 0 1 1 0 1 0 0 1 0 0
154	1	0 0 1 1 0 1 0 1 0 0 0 0 1 0 0 0
154	3	0 0 1 1 0 0 0 0 1 0 0 0 0 0 0 0
154	4	1 1 0 1 0 0 0 0 1 0 0 1 0 0 0 0
154	2	1 0 1 1 0 1 0 1 1 0 0 1 1 0 0 0
154	2	1 0 1 1 0 0 0 1 1 0 0 1 0 0 0 0
154	1	0 0 1 1 0 0 0 0 0 0 0 1 0 1 0 0
154	1	0 0 1 1 0 0 0 0 1 0 1 1 0 1 1 0
239	89	1 0 0 1 0 1 0 1 1 0 0 1 0 0 0 0
239	68	1 1 0 1 0 1 0 1 1 0 0 1 0 0 0 0
239	82	1 0 1 1 0 1 0 1 1 0 0 1 0 0 0 0
239	10	1 0 1 1 0 1 0 1 1 1 0 1 0 0 0 0
239	5	1 0 1 1 0 1 0 1 1 0 0 1 1 0 0 0
239	72	1 0 1 1 0 0 0 1 1 0 0 1 0 0 0 0
239	40	1 0 0 1 0 1 0 1 1 0 0 0 0 0 0 0
239	71	1 0 1 1 0 1 0 0 1 0 0 1 0 0 0 0
239	24	1 1 0 1 0 1 0 1 1 0 1 1 0 0 0 0
239	21	0 0 0 1 0 1 0 1 1 0 0 0 0 0 0 0
239	5	1 0 0 1 0 1 1 1 1 0 1 1 0 0 0 0
239	8	0 0 1 1 0 0 0 1 0 0 0 0 0 0 0 0
239	15	1 1 0 1 0 1 0 0 1 0 0 0 0 0 0 0
239	61	1 0 1 1 0 1 0 1 1 0 1 1 0 0 0 0
239	3	1 0 1 1 0 1 0 1 1 1 0 1 0 0 1 0
239	6	1 0 1 1 1 0 0 1 1 1 0 0 0 0 0 0
239	4	1 0 1 1 0 1 0 0 1 0 0 1 0 0 0 1
239	9	1 0 0 1 0 1 0 1 1 0 0 1 1 0 0 0
239	1	0 0 1 1 0 1 0 1 1 0 0 1 0 0 0 0
239	5	1 0 1 1 0 1 0 0 1 0 0 1 0 0 1 0
239	8	1 0 0 1 0 1 0 1 1 0 1 1 0 0 0 0
239	15	0 0 1 1 0 0 0 1 0 0 0 0 1 0 0 0
239	26	1 1 0 1 1 1 0 1 0 0 0 1 0 0 0 0
239	34	1 1 0 1 0 1 0 1 1 0 0 0 0 0 0 0
239	43	0 0 1 1 0 1 0 1 1 0 0 1 0 0 1 0
239	6	1 0 0 1 0 1 0 0 0 0 0 1 0 0 0 0
239	7	1 0 0 1 0 1 0 1 1 0 0 1 0 0 0 1
239	1	1 0 1 0 0 1 0 0 1 0 0 1 0 0 0 0
239	21	1 0 1 1 0 1 0 1 1 1 0 0 0 0 0 0
239	5	1 0 0 1 1 1 0 1 1 0 0 1 0 0 0 0
239	4	1 0 0 1 0 1 0 1 1 1 0 1 0 0 0 0
239	17	1 0 0 1 0 1 0 1 0 0 0 1 1 0 0 0
239	1	1 0 1 1 0 1 0 1 0 1 1 1 0 0 0 0
239	10	1 0 1 1 0 0 1 1 1 0 1 1 0 0 0 0
239	4	1 0 0 1 0 1 0 1 1 1 0 0 1 0 0 0
239	9	0 0 0 1 0 1 0 1 1 1 0 1 1 0 0 0
239	2	1 1 1 1 0 1 0 0 1 0 0 1 0 0 0 0
239	2	1 0 1 1 1 0 0 0 1 1 0 0 0 0 0 0
239	1	1 1 0 1 0 1 0 1 1 0 0 1 0 0 1 0
239	13	1 0 1 1 0 1 0 1 1 0 0 0 0 0 0 0
239	3	1 1 0 0 0 1 0 1 1 0 1 1 0 0 0 0
239	6	1 1 0 1 0 1 0 1 1 1 0 0 0 0 0 0
239	4	1 0 1 1 0 0 0 1 1 0 0 1 0 0 0 1
239	4	0 0 1 1 0 0 0 1 1 0 0 1 0 0 0 0
239	1	1 0 0 1 1 1 0 1 1 0 0 1 0 0 1 0
239	10	1 1 1 1 0 1 0 1 1 1 0 1 0 0 1 0
239	9	1 0 0 1 0 1 1 1 1 0 0 1 0 0 0 1
239	5	1 0 1 1 0 0 0 0 1 0 0 1 0 0 0 0
239	5	1 0 1 1 0 1 0 0 1 0 1 1 0 0 0 0
239	1	1 0 0 1 1 1 0 0 1 0 0 0 0 0 0 0
239	4	1 1 0 1 0 1 0 1 1 0 1 1 0 1 0 0
239	18	1 0 1 1 0 1 1 1 1 1 0 0 0 0 0 0
239	3	0 0 0 1 0 1 0 1 1 0 0 1 0 0 0 0
239	4	1 1 0 0 0 1 0 0 1 0 0 0 0 0 0 0
239	2	1 0 1 1 0 0 0 1 1 0 0 0 0 0 0 0
239	3	1 1 0 1 0 1 0 1 1 0 1 0 0 0 1 0
239	3	1 0 0 1 0 1 0 1 1 0 0 1 0 1 0 0
239	5	1 1 0 1 0 1 1 1 1 0 0 1 0 0 0 0
239	1	1 0 0 1 0 1 0 1 1 0 0 0 0 1 0 0
239	5	1 0 0 1 1 1 0 1 1 0 0 0 0 0 0 1
239	4	1 0 1 1 0 1 0 1 1 0 1 1 0 1 0 0
239	4	1 0 0 1 0 1 0 0 1 1 0 0 0 0 0 0
239	3	1 0 1 1 0 1 1 1 1 1 0 0 0 1 0 0
239	5	1 1 0 1 1 1 0 1 1 0 0 1 0 0 1 0
239	3	1 1 0 1 1 1 0 1 1 0 0 1 0 0 0 0
239	5	1 0 0 1 0 1 1 1 0 0 0 1 1 0 0 0
239	4	1 1 0 1 0 1 0 1 1 0 0 0 0 0 0 1
239	8	1 0 1 1 0 0 0 1 1 0 0 0 0 0 0 1
239	1	1 0 1 1 0 1 0 1 1 0 1 0 0 0 0 0
239	3	0 0 0 1 0 1 0 1 1 0 0 1 1 0 0 0
239	1	0 0 1 1 0 1 0 1 1 0 0 1 1 0 0 0
239	5	1 1 0 1 0 1 0 1 1 0 1 1 0 0 1 0
239	4	1 0 0 1 0 1 1 1 1 0 0 1 0 0 0 0
239	3	1 0 0 1 0 1 0 1 0 0 0 0 0 0 0 0
239	2	1 0 0 1 0 1 0 1 1 0 0 1 0 0 1 0
239	1	1 0 0 1 0 1 1 1 1 0 0 0 0 0 0 0
239	5	1 1 0 1 0 0 0 1 1 0 0 0 0 0 0 0
239	1	1 0 1 1 0 1 0 1 1 1 0 0 1 0 0 0
239	3	1 0 1 1 0 1 1 1 1 0 0 1 0 0 0 0
239	1	0 1 0 1 0 1 0 1 1 0 1 1 0 0 0 0
239	1	0 0 1 1 0 1 0 1 1 1 0 0 0 0 0 0
239	2	1 0 1 1 0 1 0 0 0 0 0 1 0 0 0 0
239	1	1 0 1 1 0 1 0 0 1 0 0 1 0 1 0 0
239	1	1 1 0 1 1 1 0 1 1 0 0 0 0 0 0 0
239	3	0 0 1 1 0 1 1 1 1 0 0 1 0 0 1 0
239	2	1 0 1 1 0 0 1 1 1 1 0 0 0 0 0 0
252	51	1 0 0 1 0 1 0 1 1 0 0 1 0 0 0 0
252	86	1 1 0 1 0 1 0 1 1 0 0 1 0 0 0 0
252	81	1 0 1 1 0 1 0 1 1 0 0 1 0 0 0 0
252	3	1 0 1 1 0 1 0 1 1 0 0 1 1 0 0 0
252	81	1 0 1 1 0 0 0 1 1 0 0 1 0 0 0 0
252	15	1 0 0 1 0 1 0 1 1 0 0 0 0 0 0 0
252	79	1 0 1 1 0 1 0 0 1 0 0 1 0 0 0 0
252	24	1 1 0 1 0 1 0 1 1 0 1 1 0 0 0 0
252	7	0 0 0 1 0 1 0 1 1 0 0 0 0 0 0 0
252	1	1 0 0 1 0 1 1 1 1 0 1 1 0 0 0 0
252	17	0 0 1 1 0 0 0 1 0 0 0 0 0 0 0 0
252	12	1 1 0 1 0 1 0 0 1 0 0 0 0 0 0 0
252	112	1 0 1 1 0 1 0 1 1 0 1 1 0 0 0 0
252	1	1 0 1 1 0 1 0 0 1 0 0 1 0 0 0 1
252	6	1 0 1 1 0 1 0 0 1 0 0 1 0 0 1 0
252	23	1 0 0 1 0 1 0 1 1 0 1 1 0 0 0 0
252	1	0 0 1 1 0 0 0 1 0 0 0 0 1 0 0 0
252	23	1 1 0 1 1 1 0 1 0 0 0 1 0 0 0 0
252	12	1 1 0 1 0 1 0 1 1 0 0 0 0 0 0 0
252	19	0 0 1 1 0 1 0 1 1 0 0 1 0 0 1 0
252	1	1 0 0 1 0 1 0 1 1 0 0 1 0 0 0 1
252	2	1 0 1 0 0 1 0 0 1 0 0 1 0 0 0 0
252	19	1 0 1 1 0 1 0 1 1 1 0 0 0 0 0 0
252	15	1 0 0 1 0 1 0 1 0 0 0 1 1 0 0 0
252	2	0 0 0 1 0 1 0 1 1 1 0 1 1 0 0 0
252	5	1 0 1 1 0 1 0 1 1 0 0 0 0 0 0 0
252	7	0 0 1 1 0 0 0 1 1 0 0 1 0 0 0 0
252	36	1 1 1 1 0 1 0 1 1 1 0 1 0 0 1 0
252	1	1 0 1 1 0 0 0 0 1 0 0 1 0 0 0 0
252	2	1 0 1 1 0 1 0 0 1 0 1 1 0 0 0 0
252	9	1 1 0 1 0 1 0 1 1 0 1 1 0 1 0 0
252	19	1 0 1 1 0 1 1 1 1 1 0 0 0 0 0 0
252	7	1 1 0 0 0 1 0 0 1 0 0 0 0 0 0 0
252	2	1 1 0 1 0 1 0 1 1 0 1 0 0 0 1 0
252	4	1 1 0 1 0 1 1 1 1 0 0 1 0 0 0 0
252	5	1 0 0 1 1 1 0 1 1 0 0 0 0 0 0 1
252	3	1 0 1 1 0 1 0 1 1 0 1 1 0 1 0 0
252	7	1 1 0 1 1 1 0 1 1 0 0 1 0 0 0 0
252	8	1 0 1 1 0 1 1 1 1 0 0 1 0 0 0 0
252	3	0 0 1 1 0 1 0 1 1 1 0 0 0 0 0 0
252	2	1 0 1 1 0 1 0 1 1 0 0 1 0 1 0 0
252	4	1 1 0 1 0 1 1 1 1 0 1 1 0 0 0 0
252	4	1 1 0 1 0 1 0 1 0 0 0 1 0 0 0 0
252	3	1 0 1 1 0 1 0 0 1 0 1 0 0 0 0 0
252	20	1 0 1 1 0 0 1 1 1 0 0 1 0 0 0 0
252	7	1 0 0 1 0 0 0 1 1 0 0 0 0 0 0 0
252	5	1 1 1 1 0 1 1 1 1 1 0 0 0 0 0 0
252	10	1 1 1 1 0 0 0 1 1 0 0 1 0 0 0 0
252	2	0 0 0 0 0 1 0 1 1 0 0 0 0 0 0 0
252	12	1 0 1 1 0 1 0 1 1 0 1 0 0 0 1 0
252	6	1 0 1 1 0 1 0 0 1 0 0 1 1 0 0 0
252	3	1 1 0 1 0 1 0 1 0 0 1 1 0 1 0 0
252	1	1 0 0 1 0 1 0 1 1 0 1 1 0 1 0 0
252	10	1 1 0 1 1 1 0 1 1 0 1 1 0 0 0 0
252	3	1 1 1 1 0 1 0 0 1 0 0 1 0 0 1 0
252	1	1 0 0 1 0 0 0 1 1 0 1 1 0 0 0 0
252	1	1 0 0 1 0 1 0 1 0 0 0 1 0 0 0 0
252	2	1 0 1 1 0 1 0 0 1 0 0 1 0 1 0 0
252	6	0 0 0 1 0 1 0 1 1 0 1 0 0 0 0 0
252	3	1 0 0 1 0 1 0 1 1 0 0 0 0 0 0 1
252	11	1 0 1 1 0 0 0 1 1 1 0 0 0 0 0 1
252	1	1 1 0 1 0 0 1 1 1 0 1 1 0 0 0 0
252	1	1 1 0 1 0 1 0 0 1 0 0 1 0 0 0 0
252	6	1 0 1 0 0 0 0 1 1 0 0 1 0 0 0 0
252	1	1 0 0 1 0 0 0 1 1 0 0 1 0 0 0 0
252	4	1 0 0 1 0 1 0 1 1 0 0 0 0 0 1 0
252	4	1 1 0 0 0 1 0 1 1 0 0 0 0 0 0 0
252	3	1 0 0 1 0 1 1 1 1 0 0 1 0 0 0 0
252	5	1 0 1 1 1 1 0 1 1 0 1 1 0 0 0 0
252	5	1 1 1 1 1 1 0 1 0 0 0 1 0 0 0 0
252	1	1 0 1 1 1 1 1 1 1 0 0 1 0 0 0 0
252	2	1 1 1 1 0 1 1 1 0 1 0 0 0 0 0 0
252	1	1 1 0 1 0 1 0 1 0 0 0 1 1 0 0 0
252	1	0 1 0 1 0 1 0 1 1 0 0 1 0 0 0 0
252	3	1 0 1 1 1 1 0 1 0 0 0 1 0 0 0 0
252	2	0 0 1 1 0 1 0 1 0 0 0 0 0 0 0 0
252	1	1 1 1 1 0 1 0 1 1 1 0 1 1 0 0 0
252	4	1 0 0 1 0 1 0 0 1 0 0 1 0 0 1 0
252	1	1 1 0 1 0 1 0 1 1 0 0 1 0 0 0 1
252	2	1 0 0 1 0 1 1 1 0 0 1 1 0 0 0 0
252	4	1 0 0 1 0 0 1 1 1 0 1 1 0 0 0 0
252	1	1 1 0 1 1 1 0 1 0 0 1 1 0 0 0 0
252	1	1 1 1 1 0 1 0 0 1 1 0 1 0 0 1 0
252	2	0 0 1 1 0 0 0 0 1 0 0 1 0 0 0 0
252	1	1 0 1 1 0 0 0 1 0 0 0 0 0 0 0 0
252	2	1 1 0 0 0 1 0 0 1 0 0 1 0 0 0 0
252	3	1 1 1 1 0 1 0 1 1 1 0 1 1 0 0 1
252	1	1 1 0 1 0 0 0 1 1 0 1 1 0 0 0 0
252	2	1 0 0 1 0 1 0 1 1 0 1 0 0 0 0 0
252	2	1 1 0 1 1 1 1 1 0 0 0 1 0 0 0 0
252	1	1 1 1 1 0 1 0 1 1 1 0 1 0 0 0 0
252	2	1 0 0 1 0 1 1 1 1 1 0 0 0 0 0 0
252	2	1 1 1 0 0 0 0 1 1 0 0 1 0 0 0 0
252	1	1 0 0 1 1 0 0 1 0 0 0 1 1 0 0 0
350	142	1 0 1 1 0 1 0 1 1 0 0 1 0 0 0 0
350	19	1 0 1 1 0 0 0 1 1 0 0 1 0 0 0 0
350	33	1 0 1 1 0 1 0 0 1 0 0 1 0 0 0 0
350	37	1 0 1 1 0 1 0 1 1 0 1 1 0 0 0 0
350	98	1 1 1 1 0 1 0 1 1 1 0 1 0 0 1 0
350	19	1 1 1 1 0 1 1 1 1 1 0 0 0 0 0 0
350	34	1 1 0 1 0 1 0 0 1 0 0 1 0 0 0 0
350	1	1 1 1 1 0 1 0 1 1 0 0 1 0 0 0 0
350	4	1 1 1 1 0 1 1 0 1 1 0 1 0 0 1 0
350	3	1 0 1 1 1 1 0 1 1 0 0 1 0 0 0 0
350	12	1 0 0 1 0 1 1 1 1 1 0 1 0 0 0 0
350	12	1 0 1 1 0 0 1 1 1 1 0 1 0 0 0 0
350	19	1 1 1 1 1 1 0 1 1 1 0 1 0 0 0 0
350	10	0 0 1 1 0 0 1 1 1 0 0 1 0 0 0 0
350	10	1 0 1 1 0 1 0 1 1 0 1 0 0 0 0 0
350	95	1 1 1 1 1 1 0 1 1 1 1 1 0 0 0 0
350	29	0 0 1 1 0 1 0 1 0 0 0 1 0 0 0 0
350	3	1 0 1 1 0 0 0 0 1 0 0 1 0 0 0 0
350	3	1 1 1 1 0 1 0 1 0 1 0 1 0 0 1 0
350	8	1 0 1 1 0 1 0 0 1 1 0 0 1 0 0 0
350	13	1 0 1 1 0 1 1 1 1 1 0 0 0 0 0 0
350	6	0 0 1 1 1 0 0 1 0 0 0 1 0 0 0 0
350	25	1 1 1 1 1 1 0 0 1 1 0 1 0 0 0 0
350	33	1 0 1 1 0 1 0 1 1 1 0 1 0 0 1 0
350	5	1 0 1 1 0 1 0 1 1 0 0 0 0 0 0 0
350	18	1 0 1 1 0 1 0 0 1 0 0 0 0 0 0 0
350	8	1 0 0 1 0 1 0 1 1 0 0 1 0 0 0 1
350	32	1 1 0 1 0 1 0 0 1 1 0 1 0 0 0 0
350	8	1 1 1 0 0 1 0 1 1 0 0 1 0 0 0 0
350	4	1 1 1 1 0 1 0 0 1 1 0 0 0 0 1 0
350	12	0 0 1 1 0 1 0 1 1 0 0 1 0 0 0 0
350	26	1 0 0 1 0 1 0 1 0 0 0 1 0 0 0 0
350	3	1 0 1 1 0 0 0 1 1 0 0 1 0 0 1 0
350	8	0 0 1 1 0 0 1 0 1 0 0 1 0 0 0 0
350	9	1 1 1 1 0 1 0 1 0 1 0 1 0 0 0 0
350	12	1 0 0 1 0 0 1 1 1 1 0 1 0 0 0 0
350	2	1 1 1 1 1 1 0 0 1 0 0 1 0 0 0 0
350	1	1 1 1 1 0 0 0 1 1 1 0 1 0 0 1 0
350	6	1 0 1 1 0 0 1 1 1 0 0 1 0 1 0 0
350	7	1 1 1 0 0 1 0 1 1 1 0 1 0 0 1 0
350	13	1 1 0 1 0 1 0 1 1 0 0 1 0 0 0 0
350	1	1 1 1 1 0 1 1 1 0 1 0 0 0 0 0 0
350	3	1 1 1 1 1 1 0 1 1 1 1 0 0 0 0 0
350	7	1 1 0 1 1 1 0 1 1 1 1 1 0 0 0 0
350	2	1 1 1 1 0 1 1 1 1 1 0 1 0 0 1 0
350	2	1 0 1 1 0 1 0 1 1 1 0 1 0 0 0 0
350	2	1 1 1 1 0 1 0 1 0 1 0 0 0 0 0 0
350	4	1 0 1 1 0 0 1 1 1 1 0 1 0 1 0 0
350	10	1 1 1 1 0 1 0 0 1 0 0 1 0 0 1 0
350	2	1 0 1 1 1 1 0 1 1 1 1 1 0 0 0 0
350	5	1 1 1 1 1 1 0 1 1 1 0 1 0 0 1 0
350	19	1 0 1 1 0 1 0 1 1 0 0 1 0 0 1 0
350	2	1 0 1 1 0 1 1 1 1 0 0 1 0 0 0 0
350	8	1 1 1 1 1 0 0 1 1 1 0 1 0 0 0 0
350	4	1 0 1 1 1 1 0 1 1 1 0 1 0 0 0 0
350	3	0 0 1 1 0 1 0 1 0 0 0 1 0 0 1 0
350	14	1 0 1 1 0 1 0 0 1 0 0 0 1 0 0 0
350	2	1 1 0 1 0 1 0 0 1 1 0 0 1 0 0 0
350	5	1 0 0 1 0 0 1 1 1 1 1 1 0 0 0 0
350	4	1 1 1 1 0 1 0 1 1 1 1 1 0 0 1 0
350	6	1 1 1 1 0 1 0 1 1 0 0 1 0 0 1 0
350	8	1 0 1 1 1 1 0 0 1 1 0 1 0 0 0 0
350	1	1 1 0 1 0 0 0 0 1 0 0 1 0 0 1 0
350	4	1 0 1 1 0 1 0 1 1 0 0 1 1 0 0 0
350	3	1 1 1 1 0 1 0 1 1 1 0 0 0 0 0 0
350	1	1 1 0 1 0 1 0 1 1 1 0 1 0 0 0 0
350	1	1 0 1 1 1 1 0 1 1 0 0 1 0 0 1 0
350	3	1 1 1 1 1 1 0 1 1 0 0 1 0 0 1 0
350	7	1 1 1 0 0 1 1 1 1 1 0 1 0 0 0 0
350	2	1 1 1 1 0 1 0 1 1 0 1 1 0 0 0 0
350	8	1 1 1 1 0 0 0 0 1 0 0 1 0 0 0 0
350	1	1 0 1 1 0 1 0 0 1 1 0 0 0 0 0 0
350	5	1 1 0 1 0 1 0 1 1 0 0 1 0 0 1 0
350	1	1 1 0 1 0 1 0 1 1 0 0 1 1 0 1 0
350	1	1 0 1 1 0 1 0 1 1 0 1 1 0 0 1 0
350	4	1 0 0 1 0 1 0 1 1 0 1 1 0 0 0 0
350	1	1 1 1 1 1 1 0 1 1 1 1 1 0 0 1 0
350	2	1 1 1 1 0 1 1 1 0 1 0 1 0 0 0 0
400	30	1 0 1 1 0 1 0 1 1 0 0 1 0 0 0 0
400	4	1 0 1 1 0 1 0 0 1 0 0 1 0 0 0 0
400	20	1 0 1 1 0 1 0 1 1 0 1 1 0 0 0 0
400	6	1 1 1 1 0 1 0 1 1 1 0 1 0 0 1 0
400	20	1 1 0 1 0 1 0 0 1 0 0 1 0 0 0 0
400	19	1 1 1 1 0 1 0 1 1 0 0 1 0 0 0 0
400	27	1 1 1 1 1 1 0 1 1 1 0 1 0 0 0 0
400	68	1 1 1 1 1 1 0 1 1 1 1 1 0 0 0 0
400	84	1 1 1 1 1 1 0 0 1 1 0 1 0 0 0 0
400	11	0 0 1 1 0 1 0 1 1 0 0 1 0 0 0 0
400	2	1 1 0 1 0 1 0 1 1 0 0 1 0 0 0 0
400	8	1 1 0 1 1 1 0 1 1 1 1 1 0 0 0 0
400	4	1 1 0 1 0 1 0 0 1 1 0 0 1 0 0 0
400	4	1 1 1 1 0 1 0 1 1 0 0 1 0 0 1 0
400	23	1 0 1 1 0 1 1 1 1 1 0 1 0 0 0 0
400	5	1 0 1 1 0 1 1 1 1 1 0 1 0 0 1 0
400	106	1 1 1 1 0 1 1 1 0 1 0 1 0 0 0 0
400	2	1 1 1 1 0 0 1 1 1 1 0 1 0 0 0 0
400	55	1 0 1 1 1 1 0 1 1 1 1 1 0 0 0 0
400	14	1 1 0 1 0 1 0 0 1 1 0 0 1 0 1 0
400	7	1 0 1 1 0 1 0 1 0 0 0 1 0 0 0 0
400	17	1 0 1 1 0 1 0 1 1 0 1 0 0 0 0 0
400	9	1 1 1 1 1 1 0 1 1 0 1 1 0 0 0 0
400	13	1 1 1 1 1 1 1 1 0 1 0 1 0 0 0 0
400	1	1 1 1 1 1 1 0 1 1 1 1 1 0 0 0 1
400	10	0 0 1 1 0 1 0 1 1 0 0 1 0 0 1 0
400	4	1 1 1 1 0 0 0 1 1 1 0 1 0 0 1 0
400	6	1 1 1 1 1 1 0 1 1 1 1 1 1 0 0 0
400	20	1 0 1 1 1 1 0 1 1 0 0 1 0 0 0 0
400	22	0 1 1 1 0 1 1 1 0 1 0 1 0 0 0 0
400	6	1 0 1 1 0 1 0 0 1 1 0 0 1 0 0 0
400	4	0 0 1 1 0 1 0 1 0 0 0 1 0 0 1 0
400	26	1 1 1 1 1 1 0 1 1 0 0 1 0 0 0 0
400	1	1 0 1 0 0 1 1 0 1 0 0 1 0 0 0 0
400	12	1 1 0 1 0 1 0 0 1 0 0 1 0 1 0 0
400	2	1 1 1 1 1 1 0 1 1 1 0 1 1 0 0 0
400	11	1 0 0 1 0 1 0 1 1 0 0 1 0 0 0 0
400	6	1 1 1 1 1 1 1 1 1 0 0 0 0 0 0 0
400	12	1 1 1 1 0 1 0 0 1 0 0 1 0 0 0 0
400	7	1 0 1 0 0 1 1 1 1 1 0 1 0 0 0 0
400	8	1 1 1 0 0 1 1 1 1 0 0 1 0 0 0 0
400	5	1 1 1 1 0 1 0 1 1 1 0 1 0 0 0 0
400	10	1 1 1 1 1 1 0 1 1 1 1 1 0 0 1 0
400	15	1 1 1 1 0 1 0 1 1 1 1 1 0 0 0 0
400	8	1 1 1 1 0 1 1 1 1 0 0 1 0 0 0 0
400	8	1 1 1 1 1 0 0 1 1 1 1 1 0 0 0 0
400	1	0 0 0 1 0 1 1 1 1 0 0 1 0 0 0 0
400	1	1 0 1 1 0 1 0 1 1 1 0 1 0 0 0 0
400	6	1 1 1 1 0 0 1 1 1 1 1 0 0 0 0 0
400	1	1 0 1 1 1 0 0 1 1 1 1 1 0 0 0 0
400	4	1 1 1 1 0 1 1 0 1 1 1 1 0 0 0 0
400	13	1 0 1 1 0 1 1 1 0 0 0 1 0 0 1 0
400	2	1 0 1 1 0 1 0 1 0 0 0 1 0 0 1 0
400	1	1 1 1 1 1 1 0 1 1 1 1 1 0 1 0 0
400	32	1 0 1 0 0 1 0 1 1 0 0 1 0 0 0 0
400	17	1 1 0 1 1 1 0 0 1 0 0 1 0 0 0 0
400	4	0 1 1 1 0 1 0 1 1 0 1 1 0 0 0 0
400	9	1 1 1 1 0 1 0 0 1 1 0 1 0 0 0 0
400	5	1 1 1 1 0 1 1 1 0 0 0 1 0 0 0 0
400	7	1 1 1 0 1 1 0 1 1 1 1 1 0 0 0 0
400	2	1 1 1 1 0 1 0 1 1 0 0 1 0 0 0 1
400	3	1 1 0 1 1 1 1 1 1 1 1 1 0 0 0 0
400	2	1 0 1 1 0 1 0 1 1 0 1 1 1 0 0 0
400	5	1 1 1 1 0 1 0 0 1 1 0 0 1 0 0 0
400	3	1 1 1 1 0 1 1 1 1 1 1 1 0 0 0 0
400	8	1 1 0 1 0 1 1 1 0 1 0 1 0 0 0 0
400	4	1 1 1 1 1 1 1 1 0 1 0 1 0 0 1 0
400	2	1 1 1 1 1 1 0 1 1 0 0 1 0 1 0 0
400	2	1 0 1 1 0 1 0 1 1 1 1 1 0 0 0 0
400	4	1 0 1 1 0 1 0 1 1 1 0 1 0 0 1 0
400	3	1 1 0 1 0 1 0 0 0 1 0 0 1 0 1 0
400	5	1 0 0 1 0 1 0 0 1 1 0 0 1 0 0 0
400	1	0 1 1 1 0 1 0 1 1 0 1 0 0 0 0 0
400	6	1 1 1 1 1 1 0 0 1 1 0 1 0 0 0 1
400	4	0 0 1 1 1 1 0 1 1 0 0 1 0 0 1 0
400	1	1 0 0 1 1 0 0 1 1 1 1 1 0 0 0 0
400	4	1 1 1 1 1 1 0 0 1 0 0 1 0 0 0 0
400	5	1 1 1 1 0 1 1 1 1 1 0 1 0 0 0 0
400	2	1 1 1 1 1 1 1 0 0 1 0 1 0 0 0 0
400	17	1 1 1 0 0 1 1 1 0 0 0 1 0 0 0 0
400	7	1 1 1 0 0 1 1 1 0 1 0 1 0 0 0 0
400	1	1 0 1 1 1 1 0 0 1 1 0 0 1 0 0 0
400	6	1 1 1 1 1 1 0 1 1 1 0 1 0 0 1 0
400	1	1 1 1 1 0 1 1 0 1 0 0 1 0 0 0 0
400	2	1 1 1 1 0 1 1 0 1 1 0 1 0 0 0 0
400	1	1 1 1 1 0 1 1 1 1 1 0 0 1 0 0 0
400	2	0 1 1 1 0 1 1 1 0 1 0 0 0 0 0 0
400	2	0 1 0 1 0 1 0 0 1 0 0 1 0 1 0 0
400	1	1 1 1 1 0 1 1 1 1 1 1 1 0 0 0 1
400	3	1 0 1 1 0 1 1 1 1 1 1 1 0 0 0 0
400	2	1 1 1 1 1 1 0 1 1 1 1 1 0 1 0 1
400	4	1 1 0 1 0 1 0 0 1 0 0 1 0 0 1 0
400	1	1 1 0 1 0 1 0 1 1 0 0 1 1 0 0 0
400	1	1 0 1 0 0 1 1 1 0 0 0 1 0 0 0 0
400	2	1 1 1 1 1 1 0 1 0 0 0 1 0 0 1 0
400	2	1 1 1 0 0 1 0 1 1 0 0 1 0 0 0 0
400	2	1 1 1 1 1 1 0 1 0 1 0 1 0 0 0 0
400	1	1 0 1 1 0 1 1 1 0 1 0 1 0 0 0 0
400	1	1 1 1 1 1 0 0 0 1 1 0 1 0 0 0 0
400	1	1 1 1 1 0 1 1 1 0 1 0 0 0 0 0 0
400	1	1 1 1 1 0 1 1 1 0 1 0 1 0 0 0 1
400	2	1 0 1 1 1 1 0 1 1 1 1 1 1 0 0 0
400	3	1 0 0 1 0 1 0 1 0 0 0 1 0 0 0 0
400	1	1 1 1 1 1 1 0 1 0 0 0 1 0 0 0 0
400	2	1 1 1 1 1 1 0 0 1 1 0 0 0 0 0 1
