0	250	0 1 0 1 0 0 0 0 1 0 0 1 0 0 0 1
0	250	0 0 0 0 0 0 0 0 0 0 0 0 0 0 0 1
0	250	1 0 0 0 0 0 0 0 0 0 1 0 0 1 1 0
0	250	0 0 1 1 0 0 1 1 1 1 0 0 1 0 0 0
20	273	0 1 0 1 0 0 0 0 1 0 0 1 0 0 0 1
20	3	0 0 0 0 0 0 0 0 0 0 0 0 0 0 0 1
20	76	1 0 0 0 0 0 0 0 0 0 1 0 0 1 1 0
20	235	0 0 1 1 0 0 1 1 1 1 0 0 1 0 0 0
20	43	0 1 0 1 0 0 0 0 1 0 0 1 0 0 0 0
20	8	0 1 0 1 0 0 0 0 0 0 1 0 0 1 1 0
20	5	0 0 0 0 0 0 0 0 0 0 1 0 0 1 1 0
20	1	0 0 1 1 0 0 1 1 1 1 0 0 1 0 1 0
20	12	0 1 1 1 0 0 1 1 1 1 0 0 1 0 0 0
20	3	0 0 0 1 0 0 0 0 1 0 0 1 0 0 0 1
20	9	1 0 0 0 0 0 1 1 1 1 0 0 1 0 0 0
20	13	0 0 1 1 0 0 1 1 0 1 0 0 1 0 0 0
20	7	0 1 0 1 0 0 1 0 1 0 0 1 0 0 0 1
20	32	0 1 0 1 0 1 0 0 1 0 0 1 0 0 0 1
20	4	0 0 0 0 0 0 0 0 0 0 0 1 0 0 0 1
20	6	0 0 1 1 0 0 1 1 1 1 1 0 1 0 0 0
20	3	1 0 0 0 0 0 0 0 1 0 1 0 0 1 1 0
20	31	0 0 1 1 1 0 1 1 1 1 0 0 1 0 0 0
20	11	0 1 0 1 0 0 0 0 1 0 0 0 1 0 0 0
20	20	1 0 0 0 0 0 0 0 0 0 1 0 0 0 1 0
20	4	0 1 0 0 0 0 0 0 0 0 0 0 0 0 0 1
20	6	1 0 0 0 1 0 0 0 0 0 1 0 0 1 1 0
20	5	1 0 0 0 0 0 0 0 0 0 1 0 0 1 0 0
20	4	1 0 1 1 0 0 1 1 1 1 0 0 1 0 0 1
20	16	0 1 0 1 0 0 0 0 1 0 0 1 1 0 0 0
20	2	0 1 0 1 0 0 0 0 1 0 0 1 1 0 0 1
20	11	0 0 1 0 0 0 1 1 1 1 0 0 1 0 0 0
20	5	0 1 0 1 0 0 0 0 1 0 1 1 0 0 0 1
20	1	0 0 1 1 0 0 1 1 1 1 0 1 1 0 0 0
20	1	0 1 0 1 0 0 1 1 0 1 0 0 1 0 0 0
20	1	0 0 1 1 0 1 1 1 0 0 0 0 0 0 0 1
20	2	1 0 0 0 0 0 0 1 1 1 0 0 1 0 0 0
20	5	1 0 1 1 0 0 1 1 1 1 0 0 0 0 0 1
20	8	0 1 0 1 0 0 0 0 1 1 0 0 1 0 0 0
20	6	0 1 0 1 0 0 1 1 1 1 0 0 1 0 0 0
20	7	1 0 0 0 0 0 0 0 0 0 1 0 0 1 1 1
20	10	0 0 1 1 0 0 1 1 1 1 0 0 1 0 0 1
20	2	0 1 0 1 0 0 0 0 1 1 1 0 0 1 1 0
20	10	1 0 0 0 0 0 0 0 1 0 0 1 0 0 0 1
20	2	0 1 0 1 1 0 0 0 1 0 0 1 0 0 0 1
20	10	0 1 0 1 0 0 0 0 0 0 0 1 0 0 0 1
20	5	0 0 0 0 0 0 0 0 1 0 0 0 0 0 0 1
20	2	0 1 0 1 0 0 0 0 0 0 1 0 0 1 1 1
20	4	0 1 1 1 0 0 0 0 1 0 0 1 0 1 0 1
20	14	0 1 0 1 0 0 0 0 1 0 1 0 0 1 1 0
20	4	0 0 1 1 0 0 0 1 1 1 0 0 1 0 0 0
20	9	0 1 0 1 0 1 0 0 1 0 0 1 0 0 0 0
20	4	0 1 0 1 0 1 0 0 0 0 0 1 0 0 0 1
20	3	1 0 1 0 0 0 0 0 1 0 1 0 0 1 1 0
20	2	0 1 0 1 0 0 0 0 1 0 0 0 0 0 0 1
20	3	0 0 1 1 0 0 1 1 0 1 0 0 1 1 0 0
20	1	0 1 0 0 0 1 0 0 1 0 0 1 0 0 0 1
20	2	0 1 0 1 0 0 0 1 1 1 0 0 1 0 0 0
20	3	0 0 1 1 0 0 1 1 1 1 0 1 0 0 0 0
20	1	0 1 0 1 0 0 0 0 1 0 0 1 0 0 1 1
20	1	1 0 0 0 0 0 1 0 0 0 1 0 0 1 1 0
20	1	0 0 1 1 0 0 1 1 1 0 0 0 1 0 0 0
20	2	0 1 0 1 0 0 0 0 1 0 1 1 0 0 0 0
20	2	1 0 0 0 0 0 0 0 0 0 1 1 0 0 1 0
20	1	0 1 0 1 0 0 0 0 1 0 0 1 0 0 1 0
20	2	0 1 0 0 0 0 0 0 1 0 0 1 0 0 0 1
20	4	1 0 0 0 0 0 0 0 0 0 0 0 0 1 1 0
20	3	1 0 0 0 0 0 0 1 0 0 1 0 0 1 1 0
20	1	1 1 0 1 0 0 0 0 0 0 0 1 0 0 0 1
20	2	1 0 0 0 0 0 0 0 0 0 1 0 1 0 0 0
20	2	1 0 0 0 0 0 0 0 0 0 1 0 0 0 0 0
20	1	0 1 0 1 0 0 0 1 1 0 0 1 0 0 0 1
20	1	1 0 0 0 0 0 0 0 0 0 1 1 0 1 1 0
20	1	1 0 0 1 0 0 0 0 0 0 1 0 0 1 1 0
20	4	1 0 1 1 0 0 1 1 1 1 0 0 1 0 0 0
20	2	0 0 0 0 0 0 0 0 1 0 0 0 1 0 0 1
40	204	0 1 0 1 0 0 0 0 1 0 0 1 0 0 0 1
40	55	1 0 0 0 0 0 0 0 0 0 1 0 0 1 1 0
40	118	0 0 1 1 0 0 1 1 1 1 0 0 1 0 0 0
40	46	0 1 0 1 0 0 0 0 1 0 0 1 0 0 0 0
40	32	0 1 1 1 0 0 1 1 1 1 0 0 1 0 0 0
40	8	0 0 1 1 0 0 1 1 0 1 0 0 1 0 0 0
40	6	0 1 0 1 0 0 1 0 1 0 0 1 0 0 0 1
40	21	0 1 0 1 0 1 0 0 1 0 0 1 0 0 0 1
40	32	0 0 1 1 0 0 1 1 1 1 1 0 1 0 0 0
40	10	1 0 0 0 0 0 0 0 1 0 1 0 0 1 1 0
40	26	0 0 1 1 1 0 1 1 1 1 0 0 1 0 0 0
40	15	0 1 0 1 0 0 0 0 1 0 0 0 1 0 0 0
40	9	0 1 0 1 0 0 0 0 1 0 0 1 1 0 0 0
40	31	0 0 1 0 0 0 1 1 1 1 0 0 1 0 0 0
40	4	1 0 1 1 0 0 1 1 1 1 0 0 0 0 0 1
40	18	0 1 0 1 0 0 0 0 1 1 0 0 1 0 0 0
40	11	0 1 0 1 0 0 1 1 1 1 0 0 1 0 0 0
40	2	1 0 0 0 0 0 0 0 0 0 1 0 0 1 1 1
40	4	0 0 1 1 0 0 1 1 1 1 0 0 1 0 0 1
40	16	0 1 0 1 1 0 0 0 1 0 0 1 0 0 0 1
40	4	0 1 1 1 0 0 0 0 1 0 0 1 0 1 0 1
40	12	0 1 0 1 0 0 0 0 1 0 1 0 0 1 1 0
40	27	0 0 1 1 0 0 0 1 1 1 0 0 1 0 0 0
40	6	0 0 1 1 0 0 1 1 0 1 0 0 1 1 0 0
40	1	0 0 1 1 0 0 1 1 1 0 0 0 1 0 0 0
40	7	0 1 0 1 0 0 0 0 1 0 1 1 0 0 0 0
40	15	0 1 0 0 0 0 0 0 1 0 0 1 0 0 0 1
40	4	1 0 0 0 0 0 0 0 0 0 0 0 0 1 1 0
40	33	0 1 0 1 0 0 0 1 1 0 0 1 0 0 0 1
40	3	0 1 0 1 0 0 1 0 1 0 0 0 0 0 0 1
40	16	0 1 1 1 0 0 0 0 1 0 0 1 0 0 0 1
40	5	0 0 1 1 0 0 0 0 1 0 0 1 0 0 0 1
40	8	0 0 1 1 0 1 1 1 1 1 0 0 1 0 0 0
40	6	1 0 0 0 0 1 0 0 1 0 0 1 0 0 0 1
40	11	0 1 0 1 0 1 0 0 1 0 0 1 1 0 0 0
40	2	0 0 1 1 0 0 1 1 1 1 0 0 1 1 0 0
40	4	1 0 1 1 0 0 1 1 0 1 0 0 1 0 0 0
40	4	1 0 1 0 0 0 0 0 0 0 1 0 0 1 1 0
40	6	1 0 0 0 0 0 1 1 1 1 0 0 1 0 0 0
40	5	0 1 1 1 0 0 1 1 1 1 0 0 0 0 0 1
40	5	0 1 0 1 0 0 0 0 1 0 0 1 1 0 0 1
40	11	0 1 0 1 0 0 0 0 1 0 0 0 0 0 0 1
40	8	0 0 1 1 0 0 0 1 1 1 0 0 0 0 0 1
40	2	1 0 0 0 0 0 0 0 0 0 0 0 0 1 0 0
40	14	0 1 1 1 0 0 1 1 1 1 0 0 1 0 1 0
40	3	0 1 0 1 0 0 0 0 0 0 0 1 1 0 0 1
40	3	0 1 0 1 0 0 1 0 1 0 0 1 1 0 0 1
40	10	0 0 1 1 0 0 0 0 0 0 1 0 0 1 1 1
40	4	1 0 0 0 0 0 0 1 0 0 1 0 0 1 1 1
40	2	0 1 0 0 0 0 0 0 0 0 1 0 0 1 0 1
40	4	0 0 0 1 0 0 0 0 1 0 0 1 0 0 0 1
40	1	0 0 1 1 0 0 1 1 1 0 0 0 1 1 0 0
40	6	0 1 0 1 0 0 0 1 1 1 0 0 1 0 0 0
40	3	1 0 1 1 0 0 1 1 1 1 0 0 1 0 0 0
40	2	1 1 1 1 0 0 0 0 1 0 0 1 0 0 0 1
40	2	0 0 1 1 0 0 1 1 1 1 0 1 0 0 0 1
40	1	0 1 1 1 0 0 0 1 1 0 0 1 0 0 0 1
40	2	0 0 1 1 0 0 0 0 1 0 0 1 0 0 0 0
40	5	0 1 0 0 0 0 1 1 1 1 0 0 1 0 0 0
40	2	0 1 0 1 0 0 0 0 1 0 1 1 0 0 0 1
40	2	1 0 1 1 0 0 1 1 1 1 1 0 1 0 0 0
40	5	1 0 0 0 0 1 0 0 1 0 1 0 0 1 1 0
40	5	0 0 1 0 0 0 1 0 1 1 0 0 1 0 0 0
40	3	0 0 1 0 0 0 0 1 1 1 0 0 1 0 0 0
40	4	0 1 1 1 0 0 0 0 1 0 0 1 0 0 1 1
40	2	0 0 0 1 0 0 1 0 1 0 0 1 0 0 0 1
40	2	0 1 0 1 0 0 0 0 1 1 1 0 1 0 0 0
40	1	1 0 0 0 0 1 0 0 1 0 1 0 1 0 0 0
40	1	0 1 0 1 0 0 0 0 1 0 0 1 0 1 0 1
40	1	0 0 0 1 0 0 0 0 1 0 0 1 0 0 0 0
40	2	0 0 1 1 0 0 1 1 1 0 1 0 1 0 0 0
40	1	0 0 1 1 1 0 1 1 1 1 0 1 1 0 0 0
40	4	0 1 0 1 1 0 0 0 1 0 0 1 1 0 0 1
40	5	1 0 0 0 1 1 0 0 1 0 0 1 0 0 0 1
40	1	0 1 0 1 0 0 0 1 1 0 0 0 0 0 0 1
40	1	1 0 0 0 0 0 0 0 0 0 1 0 1 0 0 0
40	2	0 0 1 1 1 0 1 1 1 1 0 0 1 0 0 1
40	3	0 0 1 1 0 1 1 1 1 1 0 0 1 0 1 0
40	2	1 0 1 1 0 0 0 0 0 0 1 0 0 1 1 0
40	3	0 1 1 1 0 0 1 1 1 1 0 0 0 0 1 1
40	2	0 1 0 1 0 0 1 0 1 0 0 1 0 1 1 0
40	2	0 0 1 1 1 0 1 0 1 0 0 1 0 0 0 1
40	3	0 0 1 1 1 0 0 0 0 0 1 0 0 1 1 0
40	1	0 0 1 1 0 0 0 1 1 0 0 0 1 0 0 0
40	1	0 1 0 1 0 0 0 0 1 0 0 1 0 0 1 1
40	2	1 1 0 0 0 0 0 0 0 0 1 0 0 1 1 0
40	1	0 1 0 1 0 1 1 1 1 1 0 0 1 0 0 0
40	1	0 0 1 1 0 0 0 1 1 1 0 0 1 0 1 0
60	119	0 1 0 1 0 0 0 0 1 0 0 1 0 0 0 1
60	28	1 0 0 0 0 0 0 0 0 0 1 0 0 1 1 0
60	132	0 0 1 1 0 0 1 1 1 1 0 0 1 0 0 0
60	24	0 1 0 1 0 0 0 0 1 0 0 1 0 0 0 0
60	36	0 1 1 1 0 0 1 1 1 1 0 0 1 0 0 0
60	4	0 1 0 1 0 1 0 0 1 0 0 1 0 0 0 1
60	2	1 0 0 0 0 0 0 0 1 0 1 0 0 1 1 0
60	3	0 0 1 1 1 0 1 1 1 1 0 0 1 0 0 0
60	28	0 1 0 1 0 0 0 0 1 0 0 0 1 0 0 0
60	6	0 1 0 1 0 0 0 0 1 0 0 1 1 0 0 0
60	10	0 0 1 0 0 0 1 1 1 1 0 0 1 0 0 0
60	4	0 1 0 1 0 0 0 0 1 1 0 0 1 0 0 0
60	1	0 1 0 1 0 0 1 1 1 1 0 0 1 0 0 0
60	7	1 0 0 0 0 0 0 0 0 0 1 0 0 1 1 1
60	14	0 0 1 1 0 0 1 1 1 1 0 0 1 0 0 1
60	37	0 1 0 1 1 0 0 0 1 0 0 1 0 0 0 1
60	44	0 1 1 1 0 0 0 0 1 0 0 1 0 1 0 1
60	16	0 0 1 1 0 0 0 1 1 1 0 0 1 0 0 0
60	10	0 0 1 1 0 0 1 1 0 1 0 0 1 1 0 0
60	5	1 0 0 0 0 0 0 0 0 0 0 0 0 1 1 0
60	33	0 1 0 1 0 0 0 1 1 0 0 1 0 0 0 1
60	3	0 1 1 1 0 0 0 0 1 0 0 1 0 0 0 1
60	6	0 0 1 1 0 0 0 0 1 0 0 1 0 0 0 1
60	1	0 1 0 1 0 1 0 0 1 0 0 1 1 0 0 0
60	27	0 1 1 1 0 0 1 1 1 1 0 0 0 0 0 1
60	21	0 1 0 1 0 0 0 0 1 0 0 1 1 0 0 1
60	11	0 1 0 1 0 0 0 0 1 0 0 0 0 0 0 1
60	13	0 1 1 1 0 0 1 1 1 1 0 0 1 0 1 0
60	9	0 0 1 1 0 0 0 0 0 0 1 0 0 1 1 1
60	7	0 0 0 1 0 0 0 0 1 0 0 1 0 0 0 1
60	5	0 0 1 1 0 0 1 1 1 0 0 0 1 1 0 0
60	8	0 1 0 1 0 0 0 1 1 1 0 0 1 0 0 0
60	14	0 1 1 1 0 0 0 1 1 0 0 1 0 0 0 1
60	1	0 0 1 1 1 0 1 1 1 1 0 1 1 0 0 0
60	27	0 1 0 1 0 0 0 1 1 0 0 0 0 0 0 1
60	8	0 1 0 1 0 0 0 0 0 0 0 1 0 0 0 1
60	14	0 1 1 1 0 0 0 0 1 0 0 0 1 0 0 0
60	5	0 0 1 1 0 0 1 1 1 1 0 1 1 0 0 0
60	1	0 0 1 0 1 0 1 1 1 1 0 0 1 0 0 0
60	5	0 1 0 1 0 0 0 1 1 0 0 0 1 0 0 0
60	5	0 1 0 1 0 0 0 1 1 1 0 0 1 0 0 1
60	1	1 0 0 0 0 0 1 0 0 0 1 0 0 1 1 0
60	2	0 1 0 0 0 1 0 0 1 0 0 1 0 0 0 1
60	1	1 1 0 1 0 0 0 0 1 1 0 0 1 0 0 0
60	18	0 1 0 1 1 0 0 0 1 0 0 1 0 0 0 0
60	16	0 1 0 1 0 0 0 0 0 0 0 0 0 0 0 1
60	10	0 1 0 1 0 0 0 0 1 0 1 1 0 0 0 1
60	8	0 0 0 0 0 0 1 0 0 0 1 0 0 1 1 0
60	2	0 1 1 1 0 0 1 1 1 1 0 0 1 0 0 1
60	4	0 1 0 1 0 0 0 1 1 1 0 0 0 0 0 1
60	4	0 0 1 1 1 0 0 0 1 0 0 0 1 1 0 0
60	5	0 0 1 1 0 0 1 1 1 0 0 0 1 0 0 0
60	1	0 1 0 1 0 0 0 0 1 0 1 0 0 1 0 0
60	3	0 1 0 1 1 0 0 1 1 0 0 1 0 0 0 0
60	5	0 1 0 1 0 0 0 0 1 0 0 0 0 1 1 0
60	5	0 1 1 1 0 0 1 1 0 0 1 0 0 1 1 0
60	7	0 1 0 1 0 0 0 0 1 1 0 0 1 0 1 0
60	4	0 0 0 0 0 0 0 0 0 0 1 0 0 1 1 0
60	2	0 1 0 1 0 0 1 1 1 1 0 1 1 0 0 0
60	6	1 0 0 0 0 1 0 0 0 0 1 0 0 1 1 0
60	4	0 1 0 0 0 0 0 0 1 0 0 1 1 0 0 1
60	2	1 0 0 0 0 0 0 1 0 1 1 0 0 1 1 0
60	6	0 1 1 1 0 0 1 1 1 0 0 1 0 0 0 1
60	3	0 1 0 1 0 0 0 0 0 0 0 1 0 0 0 0
60	5	0 1 0 1 0 0 0 0 1 0 0 1 0 1 0 1
60	4	1 0 1 1 0 0 1 1 1 1 0 0 1 0 0 0
60	8	0 1 0 1 0 0 0 0 1 1 0 1 1 0 1 1
60	4	0 0 1 1 0 0 1 1 1 1 1 0 1 0 0 1
60	2	0 0 1 0 0 0 1 1 1 1 0 1 0 0 0 1
60	5	1 0 0 0 0 0 0 1 0 0 1 0 0 0 0 1
60	8	0 1 0 0 0 1 0 0 1 1 1 0 1 0 0 0
60	5	1 0 0 0 0 0 0 0 0 0 1 0 1 1 1 0
60	3	0 1 0 1 1 0 0 0 1 1 0 0 1 0 0 0
60	10	1 0 0 0 1 0 0 0 0 0 0 0 0 1 1 0
60	1	0 1 0 1 0 0 0 0 1 0 0 0 1 1 0 0
60	5	0 1 0 1 0 0 0 0 1 0 1 1 1 0 0 1
60	6	0 0 0 1 0 0 0 0 0 0 1 0 0 1 1 1
60	1	0 0 1 1 0 0 0 0 0 0 1 0 0 1 1 0
60	3	0 0 1 1 0 0 0 1 1 0 0 1 0 0 0 1
60	1	0 1 0 1 0 0 0 0 1 0 0 1 0 0 1 0
60	2	0 1 1 1 0 0 0 1 1 1 0 0 1 0 0 0
60	4	0 1 0 0 0 0 0 0 1 0 0 1 1 0 0 0
60	4	1 0 1 1 0 0 0 0 0 0 1 0 0 1 1 1
60	4	1 0 0 0 0 0 1 1 0 0 1 0 0 1 1 0
60	2	1 0 0 0 0 0 0 0 0 0 1 0 0 1 0 0
60	4	1 1 1 1 0 0 1 1 1 1 0 0 1 0 0 0
60	6	0 0 1 1 0 0 0 1 1 0 0 0 0 0 0 1
60	2	0 1 1 1 0 0 1 1 1 0 0 1 1 0 0 1
60	1	1 1 0 1 0 0 0 0 1 0 0 1 0 0 0 0
60	2	0 0 0 0 0 0 0 0 0 0 1 0 1 0 0 0
60	5	0 0 1 0 0 0 0 1 1 1 0 0 1 0 0 0
60	2	0 1 0 1 1 0 0 0 0 0 0 1 0 0 0 1
60	3	0 1 1 1 0 0 0 0 0 0 0 0 0 0 0 1
60	4	0 0 1 1 0 0 1 1 1 0 1 0 1 0 0 0
60	1	0 0 1 1 1 0 0 0 1 0 0 1 0 0 0 0
60	2	0 0 1 1 0 0 1 1 1 1 0 0 0 1 1 0
60	1	0 0 1 1 0 0 1 1 1 0 0 1 1 0 0 0
60	1	0 1 0 0 0 0 0 1 1 1 0 0 1 0 0 1
60	1	0 1 1 1 0 0 1 0 0 0 1 0 0 1 1 0
60	2	0 1 0 1 0 0 0 0 1 1 0 1 0 0 0 0
60	1	0 0 1 1 0 0 1 1 1 1 0 0 0 0 0 1
60	1	0 1 0 1 0 0 0 0 1 0 0 0 1 0 0 1
60	1	1 1 0 1 1 0 0 1 1 0 0 1 0 0 0 0
80	112	0 1 0 1 0 0 0 0 1 0 0 1 0 0 0 1
80	9	1 0 0 0 0 0 0 0 0 0 1 0 0 1 1 0
80	29	0 0 1 1 0 0 1 1 1 1 0 0 1 0 0 0
80	21	0 1 1 1 0 0 1 1 1 1 0 0 1 0 0 0
80	3	0 1 0 1 0 0 0 0 1 0 0 0 1 0 0 0
80	16	0 1 0 1 0 0 0 0 1 1 0 0 1 0 0 0
80	10	0 0 1 1 0 0 1 1 1 1 0 0 1 0 0 1
80	66	0 1 1 1 0 0 0 0 1 0 0 1 0 1 0 1
80	32	0 1 0 1 0 0 0 1 1 0 0 1 0 0 0 1
80	19	0 1 1 1 0 0 0 0 1 0 0 1 0 0 0 1
80	11	0 0 1 1 0 0 0 0 1 0 0 1 0 0 0 1
80	19	0 1 1 1 0 0 1 1 1 1 0 0 0 0 0 1
80	22	0 1 0 1 0 0 0 0 1 0 0 1 1 0 0 1
80	9	0 1 0 1 0 0 0 0 1 0 0 0 0 0 0 1
80	5	0 1 1 1 0 0 0 1 1 0 0 1 0 0 0 1
80	32	0 1 0 1 0 0 0 1 1 0 0 0 0 0 0 1
80	32	0 1 0 1 0 0 0 0 0 0 0 1 0 0 0 1
80	13	0 1 1 1 0 0 0 0 1 0 0 0 1 0 0 0
80	8	1 1 0 1 0 0 0 0 1 1 0 0 1 0 0 0
80	2	0 1 0 1 1 0 0 0 1 0 0 1 0 0 0 0
80	9	0 1 0 1 0 0 0 0 1 0 1 1 0 0 0 1
80	11	0 0 1 1 1 0 0 0 1 0 0 0 1 1 0 0
80	19	0 0 1 1 0 0 1 1 1 0 0 0 1 0 0 0
80	24	0 1 1 1 0 0 1 1 0 0 1 0 0 1 1 0
80	7	0 1 0 1 0 0 0 0 1 0 0 1 0 1 0 1
80	2	1 0 1 1 0 0 1 1 1 1 0 0 1 0 0 0
80	6	1 0 0 0 0 0 0 0 0 0 1 0 1 1 1 0
80	4	0 1 0 1 1 0 0 0 1 1 0 0 1 0 0 0
80	11	0 1 0 1 0 0 0 0 1 0 0 0 1 1 0 0
80	3	0 0 1 0 0 0 0 1 1 1 0 0 1 0 0 0
80	9	0 1 1 1 0 0 0 0 0 0 0 0 0 0 0 1
80	7	0 1 0 0 0 0 0 1 1 1 0 0 1 0 0 1
80	14	0 1 0 1 0 0 0 1 1 0 0 1 0 0 0 0
80	5	1 0 0 0 0 0 0 0 0 0 1 0 1 0 0 0
80	11	0 0 1 0 0 0 1 1 1 1 1 0 1 0 0 0
80	13	0 0 1 1 0 0 0 0 1 0 0 1 0 1 0 1
80	2	0 0 0 1 0 0 0 0 1 0 0 1 0 0 0 1
80	6	0 1 1 1 0 0 0 1 1 0 1 0 0 1 1 1
80	8	1 1 0 1 0 0 0 0 1 0 0 0 1 0 0 0
80	3	0 1 0 1 0 0 0 0 1 0 0 0 0 0 1 1
80	9	0 0 1 1 0 0 0 0 0 0 1 0 0 1 0 0
80	5	1 1 0 1 1 0 0 1 1 0 0 0 0 1 0 0
80	5	1 1 0 1 0 0 0 0 1 1 0 0 0 0 0 0
80	13	0 0 1 1 0 0 0 0 0 0 1 0 0 1 1 0
80	17	0 1 0 0 0 0 0 0 1 0 0 1 0 0 0 1
80	10	1 1 0 1 0 0 0 0 1 1 0 1 0 0 0 0
80	2	0 0 1 1 0 0 1 1 0 1 0 1 0 0 0 1
80	14	0 1 0 1 0 0 0 0 0 0 0 1 0 1 0 1
80	6	1 1 0 1 0 0 0 0 1 0 0 1 0 0 0 1
80	2	0 1 0 1 0 0 0 1 1 0 0 1 0 0 1 1
80	3	0 0 1 1 0 0 1 1 0 0 1 0 0 1 1 0
80	14	0 1 0 1 0 0 1 1 1 1 0 0 1 0 0 0
80	15	0 0 1 1 0 0 0 0 0 0 0 0 1 0 0 0
80	6	1 1 1 1 0 0 1 1 1 1 0 0 1 0 0 0
80	25	0 1 1 1 0 0 0 0 1 0 0 1 0 1 0 0
80	2	0 1 1 1 0 0 0 0 1 0 0 1 0 1 1 1
80	9	0 0 0 1 0 0 0 1 1 0 0 1 0 0 0 1
80	3	0 1 1 1 0 0 0 0 0 0 0 1 0 0 0 1
80	7	1 1 1 1 0 0 0 0 1 1 0 0 1 0 0 0
80	10	0 1 0 1 0 0 0 0 0 0 1 1 0 0 0 1
80	5	0 1 1 1 0 0 0 1 0 1 0 0 1 0 0 0
80	13	0 0 1 0 0 0 1 1 1 1 0 0 1 0 0 0
80	11	0 1 0 1 0 0 0 0 0 0 1 0 0 1 1 0
80	4	0 1 0 1 0 1 0 0 1 0 0 1 0 0 0 0
80	8	0 1 1 1 0 0 0 0 0 0 0 1 0 1 0 1
80	5	0 0 1 1 0 0 0 0 0 0 1 0 0 0 1 0
80	22	0 1 1 1 0 0 1 1 0 0 1 0 0 0 0 1
80	4	0 0 1 1 0 0 1 1 1 0 0 1 0 1 0 1
80	1	0 1 0 0 0 0 0 1 1 1 0 0 0 1 1 1
80	2	0 1 0 1 0 0 1 1 0 0 1 0 0 1 1 0
80	3	1 0 1 1 0 0 1 1 1 0 0 1 0 0 0 1
80	2	0 0 1 1 0 0 0 0 1 0 0 1 1 0 0 0
80	3	0 1 1 1 0 0 0 0 1 0 0 0 0 1 0 1
80	8	0 1 0 1 0 0 1 1 1 1 0 0 0 0 0 1
80	2	1 1 0 0 0 0 0 1 1 1 0 0 1 0 0 1
80	1	0 1 1 1 0 0 0 1 1 0 0 1 0 0 0 0
80	4	1 0 0 1 0 0 0 0 1 0 0 0 1 0 0 0
80	4	0 1 1 1 0 0 1 1 1 0 0 0 1 0 0 0
80	3	0 0 1 1 0 0 1 1 1 0 1 0 0 1 1 0
80	2	1 0 0 0 0 0 0 0 0 0 1 0 1 1 0 1
80	3	0 0 1 1 0 0 1 1 0 1 0 1 1 0 1 1
80	1	0 1 1 1 0 0 1 1 0 0 1 0 0 1 1 1
80	1	0 0 0 1 0 0 1 1 0 0 1 0 0 1 1 0
80	1	0 1 1 1 0 0 1 0 0 0 1 0 0 0 0 1
80	2	0 1 0 1 0 0 1 1 1 1 0 0 0 0 0 0
80	1	1 1 0 1 0 0 1 1 1 1 0 0 0 0 0 1
80	6	0 1 0 1 0 0 0 1 1 1 0 0 1 0 0 0
80	2	0 0 1 1 0 0 0 0 0 0 0 1 0 0 0 1
80	3	1 1 0 1 0 0 0 0 1 1 0 0 0 0 0 1
80	3	1 1 0 1 0 0 0 1 1 0 0 1 0 0 0 0
80	1	0 1 1 1 0 0 0 0 0 0 1 0 0 1 1 0
80	5	0 1 0 1 0 0 1 0 1 0 0 1 0 0 0 1
80	1	0 1 1 1 0 0 1 1 0 1 0 0 1 0 0 0
80	5	0 1 1 1 0 1 0 0 1 0 0 1 0 1 0 1
80	3	0 1 1 1 0 0 0 0 1 0 1 1 0 1 0 1
80	1	0 1 1 1 0 0 0 0 1 0 0 0 1 1 0 0
80	2	0 1 0 1 0 0 0 0 1 0 1 1 0 1 0 1
80	2	0 0 1 1 0 0 1 1 1 0 1 0 1 0 0 0
80	2	0 0 1 1 0 0 1 0 1 0 0 0 1 0 0 0
80	2	0 1 0 1 0 0 1 0 1 1 0 1 1 0 1 1
80	1	0 1 0 1 0 1 0 0 1 0 0 1 0 1 0 0
80	1	0 1 1 1 0 0 1 1 1 0 0 0 0 0 0 1
80	1	0 1 0 1 0 0 0 0 1 1 0 0 0 1 1 0
80	2	0 1 0 1 1 0 0 0 1 0 0 0 1 1 0 0
80	1	0 1 1 1 0 0 1 0 0 0 1 0 1 1 1 0
80	1	0 1 1 1 0 0 0 0 1 1 0 0 0 0 0 0
80	2	1 1 0 1 0 0 0 0 1 1 0 1 0 0 0 1
80	1	1 0 0 0 0 0 0 0 0 0 0 1 0 0 0 1
80	1	0 1 0 1 0 0 0 0 0 0 0 1 0 0 0 0
80	1	0 1 0 1 0 0 0 1 1 0 0 0 0 1 0 1
80	3	0 1 1 1 0 0 1 0 1 0 0 0 1 0 0 0
80	1	0 0 0 1 1 0 0 0 1 0 0 0 1 1 0 0
80	1	0 0 1 1 1 0 0 0 1 0 0 0 1 0 0 0
80	2	1 1 0 1 0 0 0 0 1 0 0 1 1 0 0 0
80	1	0 1 0 1 0 1 0 1 1 0 0 1 0 0 0 0
80	3	0 1 1 1 0 0 1 0 1 0 0 0 0 1 0 1
80	1	0 0 1 1 0 0 0 0 1 0 0 0 0 1 0 1
80	1	0 1 1 1 0 0 0 1 1 0 0 0 1 0 0 0
100	162	0 1 0 1 0 0 0 0 1 0 0 1 0 0 0 1
100	2	1 0 0 0 0 0 0 0 0 0 1 0 0 1 1 0
100	39	0 0 1 1 0 0 1 1 1 1 0 0 1 0 0 0
100	26	0 1 1 1 0 0 1 1 1 1 0 0 1 0 0 0
100	5	0 1 0 1 0 0 0 0 1 1 0 0 1 0 0 0
100	3	0 0 1 1 0 0 1 1 1 1 0 0 1 0 0 1
100	37	0 1 1 1 0 0 0 0 1 0 0 1 0 1 0 1
100	18	0 1 1 1 0 0 0 0 1 0 0 1 0 0 0 1
100	17	0 1 0 1 0 0 0 0 1 0 0 1 1 0 0 1
100	32	0 1 1 1 0 0 0 1 1 0 0 1 0 0 0 1
100	14	0 1 0 1 0 0 0 1 1 0 0 0 0 0 0 1
100	38	0 1 0 1 0 0 0 0 0 0 0 1 0 0 0 1
100	3	0 1 0 1 0 0 0 0 1 0 1 1 0 0 0 1
100	30	0 0 1 1 0 0 1 1 1 0 0 0 1 0 0 0
100	32	0 1 1 1 0 0 1 1 0 0 1 0 0 1 1 0
100	18	0 1 0 1 0 0 0 0 1 0 0 1 0 1 0 1
100	3	0 1 1 1 0 0 0 0 0 0 0 0 0 0 0 1
100	1	0 1 0 0 0 0 0 1 1 1 0 0 1 0 0 1
100	2	0 1 0 1 0 0 0 1 1 0 0 1 0 0 0 0
100	2	0 0 1 0 0 0 1 1 1 1 1 0 1 0 0 0
100	2	0 0 1 1 0 0 0 0 0 0 1 0 0 1 0 0
100	36	1 1 0 1 1 0 0 1 1 0 0 0 0 1 0 0
100	3	1 1 0 1 0 0 0 0 1 1 0 0 0 0 0 0
100	24	0 1 0 0 0 0 0 0 1 0 0 1 0 0 0 1
100	9	1 1 0 1 0 0 0 0 1 0 0 1 0 0 0 1
100	13	1 1 1 1 0 0 1 1 1 1 0 0 1 0 0 0
100	35	0 1 1 1 0 0 0 0 1 0 0 1 0 1 0 0
100	13	0 1 1 1 0 0 0 0 1 0 0 1 0 1 1 1
100	19	1 1 1 1 0 0 0 0 1 1 0 0 1 0 0 0
100	2	0 1 0 1 0 0 0 0 0 0 1 0 0 1 1 0
100	6	0 1 1 1 0 0 0 0 0 0 0 1 0 1 0 1
100	8	0 1 1 1 0 0 1 1 0 0 1 0 0 0 0 1
100	22	0 1 0 1 0 0 1 1 0 0 1 0 0 1 1 0
100	4	0 1 1 1 0 0 0 1 1 0 0 1 0 0 0 0
100	2	0 1 1 1 0 0 1 1 1 0 0 0 1 0 0 0
100	2	0 1 1 1 0 0 1 1 0 0 1 0 0 1 1 1
100	10	1 1 0 1 0 0 0 0 1 1 0 0 0 0 0 1
100	2	0 1 0 1 0 0 1 0 1 0 0 1 0 0 0 1
100	6	0 1 1 1 0 1 0 0 1 0 0 1 0 1 0 1
100	4	0 0 1 1 0 0 0 0 1 0 0 0 0 1 0 1
100	23	0 1 1 1 0 0 0 1 1 0 0 0 1 0 0 0
100	14	0 1 1 1 0 0 0 0 0 0 1 1 0 0 0 1
100	15	0 0 1 1 0 0 0 0 0 1 1 0 0 1 1 0
100	12	0 1 0 0 0 0 0 1 1 0 0 1 0 0 0 1
100	6	0 0 1 1 1 0 0 0 0 0 0 0 1 0 0 0
100	8	0 0 1 1 0 0 0 0 1 0 0 1 0 1 0 0
100	1	0 0 1 1 0 0 1 1 1 1 0 0 0 1 0 1
100	9	0 1 1 1 0 0 0 1 1 1 0 0 0 0 0 0
100	2	1 0 0 1 0 0 0 0 1 0 0 0 0 0 0 0
100	6	0 1 1 1 0 0 1 0 1 0 0 0 0 0 0 1
100	9	0 1 1 1 1 0 1 1 1 1 0 0 1 0 0 0
100	1	0 1 0 1 0 0 0 0 1 0 0 1 0 1 0 0
100	5	1 0 0 0 0 0 0 1 0 0 1 0 1 1 1 0
100	7	0 1 1 1 0 0 0 1 1 0 0 1 0 1 0 0
100	33	0 1 1 1 0 0 1 1 1 1 0 1 0 0 0 1
100	3	0 1 0 1 0 1 0 0 1 0 0 1 0 1 0 1
100	8	0 1 0 0 1 0 0 1 1 0 0 1 0 0 0 1
100	3	0 1 0 1 0 0 0 0 1 0 0 1 0 0 0 0
100	13	1 1 0 1 0 0 0 1 1 1 0 1 0 0 0 1
100	5	0 1 0 1 0 0 0 1 1 0 0 0 0 1 0 1
100	1	0 0 1 1 0 0 0 0 1 0 0 1 0 1 1 0
100	6	0 1 1 1 0 0 0 0 1 0 0 1 0 0 1 1
100	2	0 1 1 0 0 0 0 1 1 0 1 0 0 1 1 1
100	14	0 1 0 1 0 0 0 0 1 0 0 1 0 0 1 1
100	1	1 1 1 1 0 0 0 0 0 1 0 0 1 0 0 0
100	3	0 1 1 1 0 0 0 0 0 0 0 1 0 1 0 0
100	2	0 0 0 1 0 0 1 0 1 0 0 1 0 0 0 1
100	5	0 1 0 1 1 0 0 0 1 0 0 1 0 0 0 1
100	17	0 1 0 1 0 0 0 1 1 0 0 1 0 0 0 1
100	4	1 1 1 1 0 0 0 1 1 1 0 0 0 0 0 0
100	3	0 0 1 1 0 0 1 1 1 0 1 0 0 1 1 1
100	2	0 1 1 1 0 0 0 1 1 0 1 1 0 0 0 1
100	3	0 1 1 1 1 0 1 0 1 0 0 0 1 0 0 0
100	2	1 0 0 1 0 0 0 0 1 0 0 1 0 0 0 1
100	3	1 1 1 1 0 0 0 0 1 0 0 1 0 1 0 1
100	4	0 1 1 1 0 0 0 0 1 1 0 1 0 0 0 1
100	4	0 1 1 1 0 0 1 0 1 0 0 0 1 1 0 1
100	2	0 1 0 1 1 0 0 0 1 0 0 1 1 0 0 1
100	5	0 1 0 1 0 0 0 0 1 1 0 0 0 0 0 1
100	3	0 0 0 1 0 0 0 0 0 0 0 1 0 0 0 1
100	3	1 1 1 1 0 0 0 1 1 0 0 0 0 0 0 0
100	1	1 1 0 1 0 0 0 1 1 1 1 1 0 0 0 1
100	6	0 1 0 1 0 0 0 1 1 0 1 1 0 0 0 1
100	1	0 1 1 1 0 0 0 1 1 0 0 1 0 1 0 1
100	1	0 1 1 1 0 0 1 1 1 0 0 0 1 0 0 1
100	1	0 0 0 1 0 0 0 0 1 0 0 1 0 0 0 1
100	1	0 1 1 0 0 0 0 0 1 0 0 1 0 1 0 1
100	1	0 1 0 0 0 0 0 0 1 0 0 1 0 0 1 1
100	1	0 1 0 0 0 0 0 0 1 1 0 1 0 0 0 1
100	3	1 1 0 1 0 0 1 1 0 0 1 0 0 1 1 0
100	2	0 1 1 0 0 0 0 1 1 0 0 0 1 0 0 0
100	4	1 1 0 1 0 0 1 1 1 1 0 1 0 0 0 1
120	130	0 1 0 1 0 0 0 0 1 0 0 1 0 0 0 1
120	23	0 0 1 1 0 0 1 1 1 1 0 0 1 0 0 0
120	6	0 1 1 1 0 0 1 1 1 1 0 0 1 0 0 0
120	12	0 1 0 1 0 0 0 0 1 1 0 0 1 0 0 0
120	38	0 1 1 1 0 0 0 0 1 0 0 1 0 1 0 1
120	10	0 1 1 1 0 0 0 0 1 0 0 1 0 0 0 1
120	21	0 1 0 1 0 0 0 0 1 0 0 1 1 0 0 1
120	4	0 1 1 1 0 0 0 1 1 0 0 1 0 0 0 1
120	38	0 1 0 1 0 0 0 1 1 0 0 0 0 0 0 1
120	28	0 1 0 1 0 0 0 0 0 0 0 1 0 0 0 1
120	15	0 0 1 1 0 0 1 1 1 0 0 0 1 0 0 0
120	6	0 1 1 1 0 0 1 1 0 0 1 0 0 1 1 0
120	20	0 1 0 0 0 0 0 1 1 1 0 0 1 0 0 1
120	45	1 1 0 1 1 0 0 1 1 0 0 0 0 1 0 0
120	8	1 1 0 1 0 0 0 0 1 0 0 1 0 0 0 1
120	33	0 1 1 1 0 0 0 0 1 0 0 1 0 1 0 0
120	1	0 1 1 1 0 0 0 0 0 0 0 1 0 1 0 1
120	11	0 1 0 1 0 0 1 1 0 0 1 0 0 1 1 0
120	8	0 1 1 1 0 0 0 1 1 0 0 1 0 0 0 0
120	1	0 1 1 1 0 0 1 1 0 0 1 0 0 1 1 1
120	7	0 1 1 1 0 0 0 1 1 0 0 0 1 0 0 0
120	7	0 1 1 1 0 0 0 0 0 0 1 1 0 0 0 1
120	9	0 0 1 1 0 0 0 0 0 1 1 0 0 1 1 0
120	1	0 1 1 1 0 0 1 0 1 0 0 0 0 0 0 1
120	17	0 1 1 1 0 0 0 1 1 0 0 1 0 1 0 0
120	38	0 1 1 1 0 0 1 1 1 1 0 1 0 0 0 1
120	5	1 1 0 1 0 0 0 1 1 1 0 1 0 0 0 1
120	7	0 1 0 1 0 0 0 1 1 0 0 0 0 1 0 1
120	4	0 1 0 1 0 0 0 0 1 0 0 1 0 0 1 1
120	35	0 1 0 1 0 0 0 1 1 0 0 1 0 0 0 1
120	9	1 1 1 1 0 0 0 1 1 1 0 0 0 0 0 0
120	8	0 1 1 1 0 0 0 0 1 1 0 1 0 0 0 1
120	9	1 1 1 1 0 0 0 1 1 0 0 0 0 0 0 0
120	2	1 1 0 1 0 0 1 1 0 0 1 0 0 1 1 0
120	44	1 1 1 1 0 0 0 0 1 0 0 0 1 0 0 0
120	13	0 1 1 1 1 0 1 1 1 1 0 0 0 0 0 0
120	13	0 1 0 1 0 0 0 0 1 0 0 0 0 0 0 1
120	15	0 1 0 1 0 0 1 0 0 0 0 1 0 0 0 1
120	13	0 1 0 1 0 0 0 1 1 1 0 0 1 0 0 0
120	6	0 1 1 1 0 0 1 1 0 0 1 1 0 1 1 0
120	19	0 1 0 1 0 0 0 0 0 0 1 0 0 0 0 1
120	3	0 1 1 1 0 0 1 1 1 0 0 1 0 0 0 1
120	5	1 1 1 1 0 0 0 0 1 1 0 1 0 0 0 1
120	14	0 1 1 1 0 0 0 0 1 1 0 1 0 1 0 1
120	20	0 1 0 1 0 0 0 0 1 0 0 1 0 1 0 0
120	5	0 1 1 1 0 0 0 0 1 0 0 1 1 1 0 0
120	3	0 1 0 1 0 0 0 0 1 0 0 1 0 1 0 1
120	4	0 0 1 1 0 0 1 1 1 0 0 0 1 0 0 1
120	8	0 1 1 1 1 0 0 0 1 0 0 1 0 1 0 0
120	2	0 1 1 1 0 0 0 0 0 0 1 0 1 1 1 0
120	8	1 1 1 1 0 0 0 0 1 0 0 0 0 0 0 1
120	12	0 1 0 1 0 0 0 0 1 0 1 1 0 0 0 1
120	10	0 0 1 1 0 0 1 1 1 1 0 0 0 1 1 1
120	3	1 1 1 1 0 0 1 0 1 0 0 0 0 0 0 1
120	3	0 1 1 1 0 0 1 1 0 0 0 1 0 0 0 1
120	7	0 1 0 1 0 0 0 0 1 0 0 1 0 0 0 0
120	10	0 0 0 1 0 0 0 0 1 0 0 1 0 0 0 1
120	6	0 1 1 1 0 0 0 0 1 0 0 0 1 0 0 1
120	4	0 1 0 1 0 0 0 0 0 0 1 1 0 0 0 1
120	5	1 1 0 1 1 0 0 1 1 0 0 0 1 0 0 1
120	5	0 1 0 1 0 0 0 0 1 0 0 0 1 0 0 0
120	13	1 1 1 1 0 0 0 0 1 0 0 1 0 0 0 1
120	7	0 1 0 1 1 0 0 0 1 0 0 1 0 0 0 1
120	2	0 1 1 1 0 0 0 0 1 0 0 1 0 1 1 1
120	3	1 1 1 1 0 0 0 1 1 0 0 0 1 0 0 0
120	3	0 1 1 1 0 0 0 0 1 0 1 1 0 1 1 0
120	5	0 1 1 1 0 0 0 0 1 0 0 1 0 0 0 0
120	2	1 1 1 1 0 0 1 1 1 0 0 0 1 0 0 0
120	4	0 0 1 1 0 0 0 1 0 1 1 0 0 1 1 0
120	4	1 1 1 1 0 0 1 0 1 0 0 1 0 0 0 1
120	1	0 1 1 1 0 0 0 0 0 0 0 1 0 0 0 1
120	3	0 1 1 1 0 0 1 1 0 0 1 0 0 1 0 1
120	4	0 1 0 1 0 0 0 0 0 1 1 0 0 1 1 0
120	6	1 0 1 1 0 0 1 1 1 1 0 0 1 0 0 0
120	2	1 1 0 1 1 0 1 1 1 0 0 0 0 1 0 0
120	4	0 1 0 1 0 0 0 1 0 0 1 0 0 0 0 1
120	3	1 1 1 1 1 0 0 0 1 0 0 0 0 0 0 1
120	2	0 1 0 1 0 0 0 0 1 1 0 0 0 1 1 1
120	4	0 0 0 1 0 0 0 0 0 0 0 1 0 0 0 1
120	2	0 0 1 1 0 0 0 0 1 1 0 0 1 0 0 0
120	1	1 1 0 1 0 0 0 0 1 1 0 0 0 0 0 0
120	2	0 1 1 1 0 0 1 1 1 1 0 1 0 1 0 0
120	5	0 1 0 1 0 0 1 0 0 0 0 1 0 1 0 0
120	1	0 1 1 1 0 0 0 0 1 0 0 1 1 1 0 1
120	1	0 0 0 1 0 0 0 0 1 0 0 1 1 0 0 1
120	2	0 1 0 1 0 1 0 1 1 0 0 0 0 0 0 1
120	1	0 1 0 1 0 0 0 0 0 0 0 1 0 0 0 0
120	1	0 1 0 1 0 0 1 1 1 1 0 1 0 0 0 1
120	2	1 1 1 1 0 0 0 0 1 0 0 0 1 0 1 0
120	4	0 1 1 1 0 0 1 1 1 0 0 0 0 0 0 1
120	1	0 1 0 1 0 0 0 1 1 1 0 1 0 0 0 1
120	2	0 0 1 1 0 0 1 1 1 0 0 1 0 0 0 1
120	2	0 0 1 1 0 0 1 0 1 0 0 1 0 1 0 0
120	1	0 1 1 1 0 0 0 0 0 0 1 0 0 1 1 0
120	3	0 1 1 1 0 0 0 0 1 0 0 0 0 0 0 1
120	3	0 1 0 1 0 0 1 0 1 0 0 1 0 0 0 1
120	2	0 1 0 1 0 0 0 0 1 0 1 1 1 0 0 1
120	1	0 1 0 0 0 0 0 1 1 1 1 0 1 0 0 1
120	1	0 1 0 1 1 0 0 1 1 0 0 0 0 1 0 0
120	1	0 1 1 1 0 0 0 0 1 0 0 1 0 1 1 0
120	3	0 1 1 1 1 0 1 1 1 1 0 1 0 0 0 1
120	2	0 1 0 1 0 0 0 1 0 0 0 1 0 0 0 1
120	1	1 1 1 1 0 0 0 0 1 0 0 0 1 1 0 0
120	4	0 1 0 1 0 1 0 0 1 0 0 0 0 0 0 1
120	2	1 1 1 1 0 0 0 0 1 1 0 1 1 0 0 1
120	1	1 1 1 1 0 0 1 1 1 0 0 0 1 1 0 0
140	71	0 1 0 1 0 0 0 0 1 0 0 1 0 0 0 1
140	3	0 0 1 1 0 0 1 1 1 1 0 0 1 0 0 0
140	10	0 1 0 1 0 0 0 0 1 1 0 0 1 0 0 0
140	37	0 1 1 1 0 0 0 0 1 0 0 1 0 1 0 1
140	24	0 1 0 1 0 0 0 1 1 0 0 0 0 0 0 1
140	29	0 1 0 1 0 0 0 0 0 0 0 1 0 0 0 1
140	7	0 1 0 0 0 0 0 1 1 1 0 0 1 0 0 1
140	41	1 1 0 1 1 0 0 1 1 0 0 0 0 1 0 0
140	4	1 1 0 1 0 0 0 0 1 0 0 1 0 0 0 1
140	19	0 1 1 1 0 0 0 1 1 0 0 0 1 0 0 0
140	5	0 1 1 1 0 0 0 0 0 0 1 1 0 0 0 1
140	37	0 1 1 1 0 0 0 1 1 0 0 1 0 1 0 0
140	29	0 1 1 1 0 0 1 1 1 1 0 1 0 0 0 1
140	15	0 1 0 1 0 0 0 1 1 0 0 0 0 1 0 1
140	48	0 1 0 1 0 0 0 1 1 0 0 1 0 0 0 1
140	12	1 1 1 1 0 0 0 1 1 1 0 0 0 0 0 0
140	6	0 1 1 1 0 0 0 0 1 1 0 1 0 0 0 1
140	25	1 1 1 1 0 0 0 1 1 0 0 0 0 0 0 0
140	13	1 1 1 1 0 0 0 0 1 0 0 0 1 0 0 0
140	12	0 1 1 1 1 0 1 1 1 1 0 0 0 0 0 0
140	13	0 1 0 1 0 0 0 0 1 0 0 0 0 0 0 1
140	20	0 1 0 1 0 0 1 0 0 0 0 1 0 0 0 1
140	29	0 1 0 1 0 0 0 0 0 0 1 0 0 0 0 1
140	7	1 1 1 1 0 0 0 0 1 1 0 1 0 0 0 1
140	7	0 0 1 1 0 0 1 1 1 0 0 0 1 0 0 1
140	8	0 1 1 1 1 0 0 0 1 0 0 1 0 1 0 0
140	13	0 1 0 1 0 0 0 0 1 0 1 1 0 0 0 1
140	6	0 0 1 1 0 0 1 1 1 1 0 0 0 1 1 1
140	1	0 0 0 1 0 0 0 0 1 0 0 1 0 0 0 1
140	1	0 1 0 1 0 0 0 0 0 0 1 1 0 0 0 1
140	3	1 1 1 1 0 0 0 0 1 0 0 1 0 0 0 1
140	8	1 0 1 1 0 0 1 1 1 1 0 0 1 0 0 0
140	15	1 1 0 1 1 0 1 1 1 0 0 0 0 1 0 0
140	7	0 1 0 1 0 0 0 1 0 0 1 0 0 0 0 1
140	6	0 0 0 1 0 0 0 0 0 0 0 1 0 0 0 1
140	2	1 1 0 1 0 0 0 0 1 1 0 0 0 0 0 0
140	6	0 1 0 1 0 1 0 1 1 0 0 0 0 0 0 1
140	20	0 1 0 1 0 0 0 0 0 0 0 1 0 0 0 0
140	19	0 1 1 1 0 0 0 0 0 0 1 0 0 1 1 0
140	10	0 1 0 1 0 0 1 0 1 0 0 1 0 0 0 1
140	3	0 1 0 1 0 1 0 0 1 0 0 0 0 0 0 1
140	9	0 1 1 1 0 0 0 1 1 0 0 0 0 0 0 1
140	19	1 1 0 1 0 0 0 0 1 0 1 1 0 0 0 1
140	3	1 1 0 1 1 0 1 0 1 0 0 0 0 1 0 0
140	10	0 1 1 1 0 0 1 0 1 0 0 1 0 0 0 1
140	5	1 0 1 1 0 0 1 0 1 0 0 0 0 0 0 1
140	4	0 1 0 1 0 1 0 1 1 0 0 1 0 0 0 1
140	10	1 1 0 1 0 0 1 1 0 0 1 0 1 1 1 0
140	7	0 1 1 1 0 0 0 1 1 1 0 1 0 1 0 0
140	1	1 1 1 0 0 0 0 0 1 0 0 0 1 0 0 0
140	6	1 1 1 1 0 1 0 0 1 0 0 1 0 0 0 1
140	12	1 1 1 1 0 1 0 1 1 0 0 1 0 0 0 1
140	6	1 1 0 0 0 0 0 1 1 1 0 0 1 0 0 1
140	4	0 1 0 1 0 0 0 0 1 0 0 0 1 0 0 0
140	4	0 1 1 1 0 0 0 0 1 1 0 1 0 0 0 0
140	7	0 1 0 1 0 1 0 0 1 0 0 1 0 0 0 1
140	9	1 0 1 0 0 0 0 0 1 0 0 0 1 0 0 0
140	1	1 1 0 1 1 0 1 1 1 0 0 1 0 0 0 1
140	7	0 1 1 1 0 0 1 1 1 0 0 0 1 0 0 1
140	6	0 1 0 1 0 0 0 1 1 0 0 1 0 0 0 0
140	6	0 1 0 1 0 0 0 0 0 0 1 1 0 1 0 0
140	9	0 1 1 1 0 0 0 1 1 0 0 1 0 0 0 1
140	4	0 1 1 1 0 0 0 1 1 1 0 0 0 0 0 0
140	11	1 1 1 1 0 0 0 0 1 0 0 1 0 1 0 1
140	5	1 1 1 1 0 0 1 1 1 1 0 0 0 1 1 1
140	2	0 0 1 1 0 0 1 1 1 1 0 1 0 1 0 0
140	4	0 1 1 1 0 0 0 0 1 0 0 0 1 0 0 0
140	12	1 1 1 1 0 0 0 0 1 0 0 1 0 0 0 0
140	2	1 1 1 1 0 0 0 1 1 0 1 0 0 0 0 0
140	2	0 1 1 1 1 0 0 0 0 0 0 1 0 1 0 0
140	12	0 1 1 1 1 0 0 0 1 0 0 1 1 0 0 0
140	5	0 1 1 1 0 0 1 1 1 1 0 0 1 0 1 0
140	8	0 1 0 1 0 0 0 1 1 0 0 1 1 0 0 1
140	1	0 1 0 1 0 0 1 1 0 0 1 0 0 0 0 1
140	2	0 1 0 1 0 0 1 1 1 1 0 0 1 0 0 0
140	4	0 1 0 1 0 0 0 0 1 1 0 1 0 0 0 1
140	2	0 1 0 0 0 0 0 0 0 0 0 1 0 0 0 1
140	2	0 1 1 1 0 0 1 1 1 1 0 0 0 1 1 1
140	6	0 1 0 1 0 0 0 1 1 0 0 0 0 1 0 0
140	10	1 1 0 1 1 0 1 1 1 1 0 0 0 0 0 0
140	3	0 0 1 1 1 0 0 0 1 0 0 1 0 1 0 1
140	2	0 1 0 1 0 0 1 0 0 0 0 1 0 0 0 0
140	1	0 1 0 1 0 0 0 0 0 0 1 1 1 0 0 0
140	2	0 1 0 1 0 0 0 1 1 0 0 1 0 1 0 0
140	3	1 1 1 1 0 0 0 0 1 0 0 0 1 0 1 0
140	4	0 0 0 1 0 0 0 0 0 0 1 0 0 0 0 1
140	2	1 1 1 1 0 1 0 0 0 0 0 1 0 0 0 1
140	2	0 1 0 1 0 0 0 0 1 0 0 0 0 0 0 0
140	2	1 1 0 1 0 0 1 1 0 0 1 1 0 0 0 1
140	2	1 1 0 1 1 0 0 0 1 0 0 1 0 0 0 0
140	3	1 1 1 1 0 0 1 1 1 1 0 1 0 0 0 1
140	5	0 1 0 1 0 0 0 0 0 0 1 0 0 1 0 1
140	4	1 1 0 0 0 0 0 1 0 1 0 0 1 0 0 1
140	3	0 0 1 1 0 0 0 0 0 0 0 0 0 0 0 1
140	2	0 1 0 0 0 0 0 1 1 0 0 0 1 0 0 0
140	3	1 1 0 1 0 0 1 1 1 1 0 0 0 1 1 1
140	1	0 1 1 1 0 0 0 0 1 0 0 0 0 0 0 1
140	5	0 1 1 1 0 0 0 0 1 1 0 1 0 1 0 1
140	1	1 1 0 1 1 0 0 1 1 0 0 0 0 0 0 0
140	6	1 1 0 1 0 0 0 1 1 0 0 1 0 0 0 1
140	4	0 1 1 1 1 0 1 0 1 1 0 0 0 0 0 0
140	1	0 1 0 1 0 0 1 1 0 0 0 1 0 0 0 1
140	1	1 1 1 1 0 0 0 0 1 0 1 1 0 0 0 1
140	6	1 1 1 1 0 1 0 0 1 0 0 0 0 0 0 1
140	2	0 1 0 1 0 0 1 1 0 0 1 1 0 1 1 0
140	3	0 1 0 1 0 0 0 0 1 1 0 0 1 0 0 1
140	1	0 1 0 1 1 0 1 1 1 0 0 1 0 0 0 1
140	3	0 1 0 1 0 0 0 1 0 0 0 0 0 0 0 1
140	3	0 1 0 1 0 0 0 1 0 0 0 1 0 0 0 1
140	3	0 1 1 1 0 0 0 1 1 0 0 1 1 1 0 0
140	1	0 1 1 1 1 0 1 1 1 1 0 0 0 0 0 1
140	2	0 1 0 1 0 0 1 0 0 0 1 1 0 0 0 1
140	3	0 1 0 1 0 0 0 0 0 0 1 0 0 0 0 0
140	2	1 1 1 1 0 1 0 0 1 1 0 1 0 0 0 1
140	2	1 1 1 1 0 1 0 0 1 0 0 1 0 0 0 0
140	2	0 1 0 1 0 0 1 1 1 0 0 0 0 1 0 0
140	2	1 1 1 1 0 0 0 0 1 0 0 0 0 0 0 1
140	1	0 1 0 1 0 1 0 1 1 0 0 0 0 1 0 1
140	2	0 1 0 1 0 1 0 1 1 1 0 0 0 0 0 0
140	1	0 1 1 1 0 0 0 1 1 0 1 0 0 0 0 0
140	3	0 1 0 1 0 0 0 0 1 1 0 0 0 0 0 0
140	1	0 1 0 0 0 0 0 1 1 1 0 0 1 0 1 1
140	1	1 1 0 1 1 1 0 1 1 0 0 0 0 1 0 0
140	2	0 1 1 0 0 0 0 1 1 0 0 1 0 1 0 0
140	2	1 0 1 1 0 0 1 0 1 0 1 1 0 0 0 1
160	24	0 1 0 1 0 0 0 0 1 0 0 1 0 0 0 1
160	4	0 1 1 1 0 0 0 0 1 0 0 1 0 1 0 1
160	1	0 1 0 1 0 0 0 1 1 0 0 0 0 0 0 1
160	7	0 1 0 1 0 0 0 0 0 0 0 1 0 0 0 1
160	17	1 1 0 1 1 0 0 1 1 0 0 0 0 1 0 0
160	21	0 1 1 1 0 0 0 1 1 0 0 0 1 0 0 0
160	11	0 1 1 1 0 0 0 0 0 0 1 1 0 0 0 1
160	12	0 1 1 1 0 0 1 1 1 1 0 1 0 0 0 1
160	4	0 1 0 1 0 0 0 1 1 0 0 0 0 1 0 1
160	15	0 1 0 1 0 0 0 1 1 0 0 1 0 0 0 1
160	14	1 1 1 1 0 0 0 1 1 1 0 0 0 0 0 0
160	7	1 1 1 1 0 0 0 1 1 0 0 0 0 0 0 0
160	15	0 1 1 1 1 0 1 1 1 1 0 0 0 0 0 0
160	39	1 1 1 1 0 0 0 0 1 1 0 1 0 0 0 1
160	9	0 1 0 1 0 0 0 0 1 0 1 1 0 0 0 1
160	57	1 1 0 1 1 0 1 1 1 0 0 0 0 1 0 0
160	5	0 1 0 1 0 0 0 1 0 0 1 0 0 0 0 1
160	3	0 0 0 1 0 0 0 0 0 0 0 1 0 0 0 1
160	4	0 1 0 1 0 0 0 0 0 0 0 1 0 0 0 0
160	3	1 1 0 1 0 0 0 0 1 0 1 1 0 0 0 1
160	14	1 0 1 1 0 0 1 0 1 0 0 0 0 0 0 1
160	15	0 1 0 1 0 1 0 1 1 0 0 1 0 0 0 1
160	28	1 1 1 1 0 1 0 1 1 0 0 1 0 0 0 1
160	4	0 1 0 1 0 1 0 0 1 0 0 1 0 0 0 1
160	2	1 0 1 0 0 0 0 0 1 0 0 0 1 0 0 0
160	10	0 1 1 1 0 0 1 1 1 0 0 0 1 0 0 1
160	23	0 1 0 1 0 0 0 1 1 0 0 1 0 0 0 0
160	11	1 1 1 1 0 0 0 0 1 0 0 1 0 1 0 1
160	14	0 1 1 1 0 0 0 0 1 0 0 0 1 0 0 0
160	23	1 1 1 1 0 0 0 0 1 0 0 1 0 0 0 0
160	17	0 1 1 1 1 0 0 0 1 0 0 1 1 0 0 0
160	14	0 1 0 1 0 0 0 1 1 0 0 1 1 0 0 1
160	15	0 1 0 1 0 0 0 0 1 1 0 1 0 0 0 1
160	22	0 1 0 1 0 0 0 1 1 0 0 0 0 1 0 0
160	14	1 1 0 1 1 0 1 1 1 1 0 0 0 0 0 0
160	14	0 1 0 1 0 0 0 1 1 0 0 1 0 1 0 0
160	4	1 1 1 1 0 1 0 0 0 0 0 1 0 0 0 1
160	1	1 1 0 1 0 0 0 1 1 0 0 1 0 0 0 1
160	22	1 1 1 1 0 1 0 0 1 0 0 0 0 0 0 1
160	3	0 1 0 1 0 0 0 1 0 0 0 1 0 0 0 1
160	47	0 1 1 1 1 0 0 0 1 1 0 1 0 0 0 0
160	1	0 1 0 1 0 1 1 1 1 1 0 0 0 0 0 0
160	10	0 1 1 1 0 0 0 0 1 0 0 1 0 0 0 1
160	5	0 1 1 1 1 0 0 1 1 0 0 0 0 0 0 0
160	6	0 1 1 1 1 0 0 0 1 0 0 1 0 0 0 1
160	39	0 1 1 1 0 0 0 0 0 0 1 0 0 0 0 1
160	2	1 1 1 1 0 0 0 1 1 0 0 0 0 1 0 0
160	2	0 1 1 1 0 0 0 1 1 0 0 0 0 1 0 0
160	1	0 1 1 1 0 0 1 1 1 1 0 0 1 0 0 0
160	11	0 1 1 1 0 0 0 1 1 0 0 1 0 0 0 0
160	17	0 1 1 1 1 0 0 0 1 0 0 1 0 0 0 0
160	3	1 1 0 1 0 0 1 1 1 0 1 0 0 1 1 0
160	5	1 1 1 1 0 1 0 1 1 1 0 1 0 0 0 1
160	11	1 1 1 1 0 0 1 1 1 0 0 0 0 0 0 0
160	14	0 1 0 1 0 0 1 1 1 0 0 0 0 1 0 0
160	8	0 1 1 1 0 0 1 1 1 0 0 0 1 0 1 0
160	1	1 1 0 1 0 0 0 1 1 0 0 0 0 0 0 0
160	3	0 1 0 1 0 0 0 0 0 0 0 0 0 0 0 1
160	2	0 1 1 1 0 0 1 1 0 0 0 0 1 0 0 1
160	3	1 1 1 1 0 1 0 1 1 0 0 1 1 0 0 0
160	1	0 0 0 1 0 0 0 0 1 0 0 1 0 0 0 1
160	3	1 1 1 0 0 0 0 1 1 1 0 0 0 0 0 0
160	2	1 1 1 1 0 0 0 0 1 1 0 1 0 0 0 0
160	3	1 1 1 1 1 0 0 0 1 0 0 1 1 0 0 0
160	2	0 1 1 1 0 1 0 0 1 0 0 1 0 1 0 0
160	20	0 1 1 1 0 0 1 1 0 0 0 1 0 0 0 1
160	3	1 1 0 1 1 0 0 1 1 0 0 0 0 1 1 0
160	6	0 1 1 1 0 0 0 0 0 1 1 1 0 0 0 1
160	18	0 1 1 1 0 1 0 0 1 0 0 1 0 0 0 1
160	7	0 1 1 1 0 1 0 1 1 0 0 0 0 1 0 0
160	6	0 1 0 1 0 0 0 1 1 0 0 0 1 0 0 0
160	9	1 1 1 1 1 0 0 1 1 1 0 0 0 0 0 0
160	1	0 1 1 1 0 0 0 1 1 1 0 0 0 1 0 0
160	4	1 1 0 1 1 0 0 1 1 0 0 1 0 0 0 1
160	16	0 1 1 1 1 0 1 0 1 1 0 0 0 0 0 0
160	3	0 1 1 1 1 0 1 1 1 0 0 0 1 0 1 0
160	4	1 1 0 1 1 0 0 1 1 1 1 1 0 0 0 1
160	1	1 1 1 1 0 0 0 1 1 0 0 0 0 0 0 1
160	3	0 1 1 1 0 1 0 0 1 0 0 0 0 0 0 1
160	8	1 1 1 0 0 0 0 1 1 0 0 1 0 0 0 1
160	7	0 1 1 1 0 0 1 1 0 1 0 1 0 0 0 0
160	5	1 1 1 1 0 1 1 1 1 0 0 0 0 0 0 0
160	5	1 0 1 1 1 0 0 0 1 0 0 1 1 0 0 0
160	1	0 1 1 1 0 0 1 1 1 0 0 1 0 0 0 1
160	6	1 1 1 1 0 0 0 0 1 0 0 0 0 0 1 1
160	1	0 1 0 1 0 0 0 0 1 0 0 1 0 0 0 0
160	5	1 1 1 1 0 0 0 1 1 0 0 1 0 0 0 1
160	2	1 1 0 1 0 0 0 1 1 0 0 0 1 0 0 0
160	5	1 1 1 1 1 0 1 1 1 0 0 0 0 1 0 0
160	5	0 1 1 1 1 0 1 1 1 0 0 0 0 1 0 0
160	3	0 1 0 1 0 1 1 1 1 0 0 0 0 1 0 0
160	7	1 0 1 1 0 1 0 1 1 0 0 1 0 0 0 1
160	5	0 1 1 1 0 0 0 0 1 0 0 0 0 0 0 1
160	5	1 1 0 1 1 0 1 1 1 1 0 0 0 0 0 1
160	2	0 1 0 1 0 0 1 1 1 0 0 0 0 0 0 0
160	2	1 0 1 1 0 0 0 0 1 0 0 1 0 1 0 1
160	2	1 1 0 0 0 0 0 1 1 0 0 1 0 0 0 1
160	2	1 1 0 1 0 0 0 1 1 1 0 1 0 0 0 1
160	6	0 1 1 1 0 0 0 1 1 0 0 0 0 0 0 0
160	4	1 1 0 1 0 0 1 0 0 0 0 1 0 1 0 1
160	1	0 1 0 1 0 1 0 1 1 1 0 1 0 0 0 1
160	3	1 1 0 1 0 0 0 1 1 0 0 1 1 0 0 1
160	3	0 1 1 1 0 0 1 1 1 0 0 1 0 1 0 0
160	1	1 1 1 0 0 0 0 1 1 0 0 1 1 0 0 0
160	1	1 1 1 1 0 0 0 0 1 0 0 1 0 0 0 1
160	4	1 1 0 1 0 1 0 1 1 0 0 1 0 0 0 1
160	1	1 1 0 1 1 0 1 1 1 0 0 0 0 0 0 0
160	3	0 0 0 1 0 0 0 1 1 0 0 1 0 1 0 0
160	1	1 1 0 1 0 1 1 1 0 0 1 0 0 0 0 1
160	1	0 1 1 1 1 0 0 0 0 0 0 1 0 0 0 1
160	1	1 1 1 1 0 1 0 1 1 1 0 1 0 0 0 0
160	2	0 1 0 1 0 0 0 0 1 1 0 1 0 0 0 0
160	4	0 1 0 1 0 0 1 1 1 1 0 1 0 0 0 0
160	2	0 1 1 1 0 1 1 1 1 0 0 0 0 0 0 0
160	2	1 1 0 1 1 0 0 1 1 0 0 0 1 0 0 0
160	2	0 1 0 1 0 0 0 0 1 1 1 0 1 0 0 0
160	1	1 1 0 1 1 0 1 1 1 1 0 0 0 1 0 0
160	1	0 1 0 1 0 0 0 1 1 0 1 0 0 1 0 0
160	1	0 1 0 1 1 1 1 1 1 1 0 0 0 0 0 0
160	3	0 1 1 1 0 0 0 1 0 0 0 1 0 0 0 0
160	2	1 1 1 1 0 0 0 1 1 1 0 1 0 0 0 1
160	1	1 0 1 1 0 0 1 0 1 0 0 1 0 0 0 1
160	1	1 1 1 1 0 1 0 0 1 0 0 0 1 0 0 0
160	1	1 1 0 1 0 0 1 1 0 0 0 1 0 0 0 1
160	2	0 1 1 1 0 1 0 0 1 0 0 0 1 0 0 0
160	1	0 1 0 1 0 0 0 0 1 0 0 0 1 0 0 0
160	4	1 1 0 1 0 0 0 1 1 0 0 0 0 1 0 0
160	1	0 1 0 1 0 0 0 1 1 0 0 0 0 1 1 0
160	1	1 1 0 1 1 0 1 1 1 1 1 0 0 0 0 0
160	1	1 1 1 1 1 0 0 1 1 0 0 0 0 1 0 0
160	2	1 0 1 1 0 0 0 1 1 0 0 0 0 1 0 0
160	1	0 1 1 1 0 0 1 1 1 0 0 0 1 0 0 0
160	2	0 1 1 1 0 0 1 1 1 0 0 0 1 1 1 0
160	3	0 1 1 1 0 0 0 0 0 1 0 1 0 0 0 1
160	3	0 1 1 1 0 1 0 0 1 0 0 1 1 0 0 1
160	3	0 1 1 1 1 0 1 0 1 1 0 0 0 0 0 1
180	5	0 1 0 1 0 0 0 0 1 0 0 1 0 0 0 1
180	1	0 1 1 1 0 0 0 0 1 0 0 1 0 1 0 1
180	7	1 1 0 1 1 0 0 1 1 0 0 0 0 1 0 0
180	2	0 1 1 1 0 0 0 0 0 0 1 1 0 0 0 1
180	19	1 1 1 1 0 0 0 1 1 1 0 0 0 0 0 0
180	8	1 1 1 1 0 0 0 1 1 0 0 0 0 0 0 0
180	20	0 1 1 1 1 0 1 1 1 1 0 0 0 0 0 0
180	26	1 1 1 1 0 0 0 0 1 1 0 1 0 0 0 1
180	50	1 1 0 1 1 0 1 1 1 0 0 0 0 1 0 0
180	13	0 1 0 1 0 0 0 1 0 0 1 0 0 0 0 1
180	3	0 1 0 1 0 0 0 0 0 0 0 1 0 0 0 0
180	6	1 1 0 1 0 0 0 0 1 0 1 1 0 0 0 1
180	4	1 0 1 1 0 0 1 0 1 0 0 0 0 0 0 1
180	12	0 1 0 1 0 1 0 1 1 0 0 1 0 0 0 1
180	15	1 1 1 1 0 1 0 1 1 0 0 1 0 0 0 1
180	1	0 1 1 1 0 0 1 1 1 0 0 0 1 0 0 1
180	10	0 1 0 1 0 0 0 1 1 0 0 1 0 0 0 0
180	17	0 1 1 1 0 0 0 0 1 0 0 0 1 0 0 0
180	19	1 1 1 1 0 0 0 0 1 0 0 1 0 0 0 0
180	20	0 1 1 1 1 0 0 0 1 0 0 1 1 0 0 0
180	1	0 1 0 1 0 0 0 0 1 1 0 1 0 0 0 1
180	8	0 1 0 1 0 0 0 1 1 0 0 1 0 1 0 0
180	6	1 1 1 1 0 1 0 0 0 0 0 1 0 0 0 1
180	12	1 1 1 1 0 1 0 0 1 0 0 0 0 0 0 1
180	30	0 1 1 1 1 0 0 0 1 1 0 1 0 0 0 0
180	4	0 1 0 1 0 1 1 1 1 1 0 0 0 0 0 0
180	7	0 1 1 1 0 0 0 0 0 0 1 0 0 0 0 1
180	83	0 1 1 1 1 0 0 0 1 0 0 1 0 0 0 0
180	8	1 1 1 1 0 0 1 1 1 0 0 0 0 0 0 0
180	10	1 1 1 1 0 0 0 0 1 1 0 1 0 0 0 0
180	2	0 1 1 1 0 0 1 1 0 0 0 1 0 0 0 1
180	1	0 1 0 1 0 0 0 1 1 0 0 0 1 0 0 0
180	19	1 1 1 1 1 0 0 1 1 1 0 0 0 0 0 0
180	66	0 1 1 1 1 0 1 0 1 1 0 0 0 0 0 0
180	14	1 1 1 0 0 0 0 1 1 0 0 1 0 0 0 1
180	16	1 1 1 1 0 0 0 1 1 0 0 1 0 0 0 1
180	9	1 0 1 1 0 1 0 1 1 0 0 1 0 0 0 1
180	4	0 0 0 1 0 0 0 1 1 0 0 1 0 1 0 0
180	3	1 0 1 1 0 0 1 0 1 0 0 1 0 0 0 1
180	7	0 1 0 1 0 0 0 0 1 0 0 0 1 0 0 0
180	2	1 0 1 1 0 0 0 1 1 0 0 0 0 1 0 0
180	2	0 1 1 1 1 0 1 0 1 1 0 0 0 0 0 1
180	1	0 1 1 1 0 0 0 0 1 1 0 1 0 0 0 0
180	9	0 1 1 1 1 0 0 0 1 1 0 0 0 0 0 0
180	5	1 1 1 1 0 0 0 1 1 0 1 0 0 0 0 0
180	7	1 1 1 1 1 0 0 0 1 0 0 1 0 0 0 0
180	16	0 1 1 1 0 0 1 1 0 0 0 1 0 0 0 0
180	2	0 1 1 1 1 0 0 0 0 0 0 1 0 0 0 0
180	11	0 1 1 1 0 0 1 1 1 1 0 0 0 0 0 1
180	1	0 1 1 1 1 1 0 0 1 1 0 1 0 0 0 0
180	10	0 1 1 1 0 0 0 0 1 0 0 1 0 0 0 0
180	20	1 1 0 1 1 0 1 1 1 0 1 0 0 0 0 0
180	4	0 1 0 0 0 0 0 1 1 0 0 0 1 0 0 0
180	1	0 1 0 1 1 0 0 0 1 1 0 1 0 0 0 0
180	13	1 1 1 1 1 0 0 0 1 1 0 1 0 0 0 0
180	4	1 1 0 1 0 0 0 1 1 0 0 1 0 0 0 0
180	4	0 1 1 1 0 0 1 1 1 0 0 0 0 0 0 0
180	6	1 0 1 1 0 0 0 0 1 0 0 0 0 0 0 1
180	3	0 1 1 1 1 0 1 0 1 0 0 1 0 0 0 0
180	1	1 1 0 1 0 1 1 1 0 0 1 0 0 1 0 1
180	7	0 0 1 1 1 0 1 0 1 0 0 0 0 0 0 0
180	2	0 1 0 1 0 0 0 1 1 0 0 0 0 0 0 1
180	1	1 1 1 1 0 0 0 0 1 1 0 1 0 1 0 0
180	1	0 1 1 1 1 0 1 1 1 1 0 0 0 0 0 1
180	6	1 1 0 1 1 1 0 1 1 0 0 1 0 0 0 1
180	2	0 1 1 1 1 0 0 1 1 1 0 0 1 0 0 0
180	5	1 0 1 1 0 0 1 1 0 0 0 1 0 0 0 0
180	24	0 1 1 1 1 0 0 0 1 0 1 1 0 0 0 0
180	14	0 1 0 1 1 0 1 1 1 0 0 0 0 1 0 0
180	8	1 1 1 1 0 0 0 0 1 1 0 0 0 0 0 0
180	4	1 1 1 0 0 0 0 0 1 1 0 1 0 0 0 1
180	15	0 1 1 1 0 1 1 1 0 0 0 1 0 0 0 0
180	3	0 1 0 1 0 0 0 1 0 1 0 0 0 0 0 0
180	6	1 1 1 1 0 0 0 1 1 0 0 1 0 0 0 0
180	1	0 1 0 1 0 0 0 1 1 1 0 0 0 0 0 0
180	7	0 1 1 1 1 0 0 1 0 0 0 1 0 0 0 1
180	2	1 1 1 0 0 0 0 1 1 0 0 1 0 1 0 0
180	1	1 1 1 1 0 0 0 1 1 1 0 1 0 0 0 0
180	16	0 1 1 1 0 0 0 0 1 1 0 1 0 0 0 1
180	8	1 1 0 1 1 0 1 1 1 1 0 0 0 1 0 0
180	7	0 1 1 1 0 0 1 0 0 0 0 1 0 0 0 1
180	11	1 1 0 1 1 0 1 1 1 0 1 0 0 1 0 0
180	10	1 0 1 1 0 0 1 1 0 0 0 1 1 0 0 0
180	4	1 1 0 1 1 0 1 1 1 0 0 0 0 0 0 0
180	2	1 1 1 1 0 0 1 0 1 0 0 0 0 0 0 1
180	1	0 1 0 1 0 0 0 0 1 0 0 0 1 0 0 1
180	10	0 0 1 1 1 0 0 0 1 1 1 1 0 0 0 0
180	2	0 1 1 1 0 1 0 0 1 0 0 1 0 1 1 1
180	7	0 1 0 1 0 0 0 1 1 0 1 0 0 0 0 0
180	3	1 1 0 1 1 0 1 1 1 0 0 0 0 1 0 1
180	5	0 1 0 1 0 1 0 1 1 0 0 1 1 0 0 1
180	1	1 1 1 1 0 1 0 1 1 0 0 1 0 0 1 1
180	8	1 0 1 1 0 0 0 0 1 1 0 1 0 0 0 0
180	6	0 1 1 1 1 0 0 0 0 0 0 0 0 0 0 0
180	1	0 1 1 1 1 1 0 1 1 0 0 1 0 0 0 1
180	1	0 1 0 1 0 1 1 0 1 1 0 0 0 0 0 0
180	2	0 1 1 1 1 0 0 1 1 0 0 0 0 1 0 0
180	6	0 0 1 1 1 0 1 0 1 1 0 0 0 0 0 1
180	4	1 1 0 1 0 1 0 1 1 0 0 1 0 0 0 1
180	3	1 1 1 1 1 0 1 1 1 0 1 0 0 0 0 0
180	1	1 1 1 1 0 0 0 0 1 0 0 1 0 1 0 0
180	7	1 1 1 1 0 0 0 0 1 0 0 0 1 0 0 1
180	1	1 1 1 1 0 0 0 0 1 0 0 1 0 0 0 1
180	3	1 1 1 1 0 0 0 0 1 0 0 0 1 0 0 0
180	2	0 1 1 1 0 1 1 1 0 0 1 0 0 1 0 1
180	2	0 1 1 1 1 0 0 0 1 1 0 1 0 0 0 1
180	1	0 1 0 1 1 0 1 1 1 1 0 0 0 0 0 0
180	4	0 1 1 1 1 0 0 0 1 0 1 1 1 0 0 0
180	1	1 1 1 1 1 0 0 0 1 0 0 1 1 0 0 0
180	4	0 1 1 1 1 0 1 0 1 0 0 0 0 0 0 0
180	1	0 0 0 1 0 1 0 1 1 0 0 1 0 1 0 0
180	2	0 1 0 1 0 0 0 1 0 0 1 0 0 0 0 0
180	4	0 1 0 1 0 0 0 1 1 1 0 1 0 0 0 1
180	3	0 1 1 1 1 0 0 0 1 0 0 1 1 0 0 1
180	1	1 0 1 1 0 1 0 1 1 0 0 0 0 0 0 0
180	1	0 1 1 1 0 0 0 1 1 0 0 1 1 1 0 0
180	4	0 1 1 1 0 0 1 1 1 0 0 0 0 1 0 0
180	4	0 1 1 1 0 0 1 1 1 0 1 0 0 0 0 0
180	5	1 1 1 1 0 0 0 0 0 0 0 1 0 0 0 0
180	3	1 1 1 0 0 0 0 1 0 0 0 1 0 0 0 1
180	7	0 1 1 1 0 0 1 1 1 0 0 0 0 0 0 1
180	4	1 0 1 1 0 0 0 0 1 0 0 1 0 1 0 0
180	2	0 1 0 1 0 1 0 1 1 0 0 0 1 0 0 0
180	1	0 1 0 1 0 0 1 0 1 1 0 0 0 0 0 0
180	1	1 1 1 1 0 1 0 0 1 0 0 0 0 0 0 0
180	1	0 1 0 1 0 1 1 1 1 1 0 0 0 0 0 1
180	1	1 1 1 1 0 0 1 1 1 0 0 1 0 0 0 1
180	1	1 0 1 1 0 0 1 0 1 1 0 0 0 1 0 0
180	1	0 1 0 1 1 0 1 1 1 0 0 0 0 0 0 0
180	1	0 1 0 1 1 0 1 1 1 0 0 1 0 0 0 1
180	1	1 1 1 0 0 0 0 1 1 0 0 0 0 0 0 0
180	1	0 1 1 0 1 0 1 1 1 1 0 0 0 0 0 0
180	1	0 1 0 1 0 0 0 1 0 0 1 0 0 0 1 1
180	2	0 1 1 1 1 1 1 0 1 1 0 0 0 0 0 0
180	1	1 1 0 1 0 0 0 0 1 1 1 0 1 0 0 0
180	1	1 1 1 0 0 0 0 1 1 1 0 1 0 0 0 0
180	2	1 0 1 1 0 0 1 0 1 1 0 1 0 0 0 0
200	1	1 1 1 1 0 0 0 1 1 1 0 0 0 0 0 0
200	5	1 1 1 1 0 0 0 1 1 0 0 0 0 0 0 0
200	8	0 1 1 1 1 0 1 1 1 1 0 0 0 0 0 0
200	11	1 1 1 1 0 0 0 0 1 1 0 1 0 0 0 1
200	24	1 1 0 1 1 0 1 1 1 0 0 0 0 1 0 0
200	6	1 1 1 1 0 1 0 1 1 0 0 1 0 0 0 1
200	11	0 1 1 1 0 0 1 1 1 0 0 0 1 0 0 1
200	3	0 1 1 1 0 0 0 0 1 0 0 0 1 0 0 0
200	22	1 1 1 1 0 0 0 0 1 0 0 1 0 0 0 0
200	15	0 1 1 1 1 0 0 0 1 0 0 1 1 0 0 0
200	40	0 1 0 1 0 0 0 1 1 0 0 1 0 1 0 0
200	15	1 1 1 1 0 1 0 0 0 0 0 1 0 0 0 1
200	31	1 1 1 1 0 1 0 0 1 0 0 0 0 0 0 1
200	9	0 1 1 1 1 0 0 0 1 1 0 1 0 0 0 0
200	6	0 1 1 1 1 0 0 0 1 0 0 1 0 0 0 0
200	17	1 1 1 1 0 0 0 0 1 1 0 1 0 0 0 0
200	15	1 1 1 1 1 0 0 1 1 1 0 0 0 0 0 0
200	40	0 1 1 1 1 0 1 0 1 1 0 0 0 0 0 0
200	13	1 1 1 0 0 0 0 1 1 0 0 1 0 0 0 1
200	16	0 1 1 1 1 0 1 0 1 1 0 0 0 0 0 1
200	50	1 1 1 1 0 0 0 1 1 0 1 0 0 0 0 0
200	7	1 1 1 1 1 0 0 0 1 0 0 1 0 0 0 0
200	31	0 1 1 1 0 0 1 1 0 0 0 1 0 0 0 0
200	20	0 1 1 1 1 0 0 0 0 0 0 1 0 0 0 0
200	2	0 1 1 1 0 0 1 1 1 1 0 0 0 0 0 1
200	15	1 0 1 1 0 0 0 0 1 0 0 0 0 0 0 1
200	9	0 1 1 1 1 0 0 1 1 1 0 0 1 0 0 0
200	8	0 1 1 1 1 0 0 0 1 0 1 1 0 0 0 0
200	5	1 1 1 0 0 0 0 0 1 1 0 1 0 0 0 1
200	9	0 1 1 1 0 1 1 1 0 0 0 1 0 0 0 0
200	23	0 1 0 1 0 0 0 1 0 1 0 0 0 0 0 0
200	12	1 1 1 1 0 0 0 1 1 0 0 1 0 0 0 0
200	12	1 1 0 1 1 0 1 1 1 1 0 0 0 1 0 0
200	22	1 1 0 1 1 0 1 1 1 0 1 0 0 1 0 0
200	15	1 0 1 1 0 0 1 1 0 0 0 1 1 0 0 0
200	5	1 1 0 1 1 0 1 1 1 0 0 0 0 0 0 0
200	24	0 0 1 1 1 0 0 0 1 1 1 1 0 0 0 0
200	2	1 0 1 1 0 0 0 0 1 1 0 1 0 0 0 0
200	3	1 1 1 1 1 0 1 1 1 0 1 0 0 0 0 0
200	11	0 1 1 1 1 0 1 0 1 0 0 0 0 0 0 0
200	31	1 1 1 1 0 0 0 0 0 0 0 1 0 0 0 0
200	7	1 1 1 0 0 0 0 1 0 0 0 1 0 0 0 1
200	2	1 1 1 0 0 0 0 1 1 0 0 0 0 0 0 0
200	4	0 1 1 1 0 0 1 1 0 1 0 1 0 0 0 1
200	4	1 1 1 1 1 0 0 0 1 0 0 1 0 1 0 0
200	7	0 0 1 1 0 1 0 1 1 0 0 1 0 0 0 1
200	19	1 1 1 1 0 0 0 0 1 0 1 0 0 0 0 0
200	11	1 1 0 1 0 0 0 0 1 1 0 1 0 0 0 1
200	29	1 1 1 1 0 0 1 1 0 0 0 1 0 0 0 0
200	2	1 1 0 1 1 0 1 1 1 0 1 1 0 0 0 0
200	17	1 1 1 1 0 0 0 1 1 0 0 0 0 0 1 0
200	3	1 1 1 1 1 0 0 1 1 1 0 1 0 0 0 0
200	11	0 1 1 1 0 0 0 1 0 0 1 0 0 0 0 1
200	15	1 1 1 1 0 1 0 1 0 0 0 1 0 0 0 0
200	12	1 1 1 0 0 0 0 1 1 1 0 1 0 0 0 0
200	5	0 1 1 1 1 0 0 0 1 1 0 1 1 0 0 0
200	15	0 1 1 1 1 0 0 0 1 0 0 1 0 0 1 0
200	17	0 0 1 1 1 0 0 0 1 1 1 1 0 1 0 0
200	1	0 1 1 1 1 0 0 0 1 0 0 1 0 1 0 0
200	2	0 1 1 1 0 0 0 0 1 0 0 1 1 0 0 0
200	16	1 1 0 1 1 0 1 1 1 0 0 1 0 0 0 0
200	2	0 1 1 1 0 0 0 1 1 0 1 0 0 0 0 0
200	1	0 1 1 1 0 0 0 1 1 1 0 0 0 0 0 0
200	8	0 0 1 1 1 0 0 0 1 1 0 1 0 0 0 0
200	1	0 1 1 1 0 0 1 1 0 0 0 0 0 0 0 0
200	2	0 1 0 1 1 0 0 0 1 0 1 1 0 0 0 0
200	4	0 1 1 1 0 0 0 0 0 0 0 0 1 0 0 0
200	3	1 1 1 1 0 0 0 1 1 0 0 1 0 0 0 1
200	13	1 1 1 0 0 0 0 1 0 0 0 0 0 0 0 0
200	14	0 1 1 1 0 0 0 0 1 0 0 0 0 0 0 0
200	7	0 1 1 1 1 0 0 0 1 1 0 0 1 0 0 0
200	5	1 1 0 1 0 0 0 0 1 1 0 0 0 0 0 0
200	1	1 1 1 1 0 1 1 1 0 1 0 0 0 0 0 0
200	1	0 1 0 1 0 0 0 0 0 0 1 0 0 0 0 1
200	6	1 1 1 1 0 0 0 0 1 0 0 1 0 0 0 1
200	5	1 1 1 1 0 0 0 0 0 0 0 1 0 0 0 1
200	1	0 0 1 1 1 1 0 0 1 1 1 1 0 1 0 0
200	1	1 1 1 1 1 0 0 1 1 0 0 1 0 0 0 1
200	2	0 1 1 1 0 1 1 1 0 0 0 0 0 0 0 0
200	2	1 0 1 1 0 0 0 1 1 1 0 1 0 0 0 0
200	1	1 1 1 1 0 0 0 0 0 0 1 1 0 0 0 0
200	3	1 1 1 1 1 0 0 1 1 1 0 0 0 0 0 1
200	3	0 1 1 1 1 0 0 0 1 0 0 1 0 0 0 1
200	1	0 1 1 1 1 0 1 0 1 1 0 0 1 0 0 0
200	2	1 1 0 1 1 0 1 0 1 0 0 0 0 0 0 0
200	7	0 1 1 1 1 0 1 0 1 0 0 0 0 0 1 0
200	1	0 1 0 1 1 0 0 0 1 0 0 1 1 0 1 0
200	1	0 1 1 1 0 0 0 0 1 0 0 1 0 0 0 0
200	5	0 1 1 1 0 0 0 0 1 0 0 1 1 0 0 1
200	3	1 1 1 0 1 0 0 1 1 1 0 0 0 0 0 0
200	2	0 0 1 1 1 0 1 0 1 1 0 0 0 0 0 0
200	2	1 1 1 1 0 0 0 0 1 0 0 0 0 0 0 0
200	1	1 1 1 1 0 0 0 1 0 0 1 0 0 0 0 0
200	3	0 0 1 1 1 0 0 0 0 0 0 1 0 0 0 0
200	4	0 1 1 1 0 0 0 0 1 0 0 0 1 1 0 0
200	1	1 1 1 1 0 1 0 1 0 1 0 0 0 0 0 0
200	2	1 1 1 0 1 0 0 1 0 1 0 0 0 0 0 0
200	2	0 1 1 1 0 0 1 1 0 0 0 0 0 0 0 1
200	2	0 1 1 1 1 0 1 0 1 1 0 1 0 0 0 0
200	1	1 1 1 1 0 0 1 0 1 1 0 0 0 0 0 0
200	2	1 1 1 1 0 1 0 0 1 0 0 0 0 0 1 1
200	4	0 1 1 1 1 0 1 0 1 1 1 0 0 0 0 1
200	2	1 1 0 1 1 0 1 1 1 0 1 0 0 1 0 1
200	2	0 0 1 1 1 0 0 0 1 1 1 1 0 0 0 1
200	4	0 0 1 1 0 1 0 1 1 0 0 1 0 1 0 1
200	1	0 1 0 0 1 0 1 1 1 0 1 0 0 1 0 0
200	2	0 1 1 1 0 0 0 1 1 0 1 0 0 0 1 0
200	2	0 1 1 1 0 0 0 0 1 1 0 1 0 0 0 0
200	1	0 1 1 1 1 1 1 1 0 0 0 1 0 0 0 0
200	1	0 1 1 1 0 0 1 1 1 0 1 0 1 0 0 1
200	2	1 1 1 1 0 0 0 0 0 1 0 1 0 0 0 0
200	2	1 1 1 1 0 0 0 1 1 1 1 0 0 0 0 0
200	4	1 1 1 1 1 0 1 0 1 0 0 1 0 0 0 0
200	6	0 1 1 1 0 0 1 1 0 0 0 1 1 0 0 0
200	1	0 1 1 1 0 1 1 1 0 0 0 1 0 1 0 0
200	2	1 1 0 1 0 0 1 1 1 1 0 0 0 1 0 0
200	1	1 1 0 1 1 0 1 1 0 0 1 1 0 0 0 0
200	4	0 1 1 0 1 1 1 0 1 1 0 0 0 0 0 0
200	3	1 0 1 1 0 0 0 1 1 1 0 0 0 0 0 0
200	1	1 1 1 1 0 0 0 1 1 0 0 1 0 1 0 0
200	1	1 0 1 1 1 0 0 1 1 1 0 0 0 0 0 0
200	1	1 1 1 0 0 0 0 1 1 0 0 1 0 1 0 0
200	1	0 1 1 1 1 0 0 0 0 1 0 1 0 0 0 0
200	1	0 1 1 1 1 0 0 0 1 0 1 1 0 0 1 0
220	4	0 1 1 1 1 0 1 1 1 1 0 0 0 0 0 0
220	25	1 1 1 1 0 0 0 0 1 0 0 1 0 0 0 0
220	10	0 1 1 1 1 0 0 0 1 0 0 1 1 0 0 0
220	12	0 1 0 1 0 0 0 1 1 0 0 1 0 1 0 0
220	52	1 1 1 1 0 1 0 0 1 0 0 0 0 0 0 1
220	4	0 1 1 1 1 0 0 0 1 0 0 1 0 0 0 0
220	36	1 1 1 1 0 0 0 0 1 1 0 1 0 0 0 0
220	19	0 1 1 1 1 0 1 0 1 1 0 0 0 0 0 0
220	9	1 1 1 0 0 0 0 1 1 0 0 1 0 0 0 1
220	30	0 1 1 1 1 0 1 0 1 1 0 0 0 0 0 1
220	38	1 1 1 1 0 0 0 1 1 0 1 0 0 0 0 0
220	16	0 1 1 1 0 0 1 1 0 0 0 1 0 0 0 0
220	28	0 1 1 1 1 0 0 0 0 0 0 1 0 0 0 0
220	5	0 1 1 1 0 1 1 1 0 0 0 1 0 0 0 0
220	9	1 1 1 1 0 0 0 1 1 0 0 1 0 0 0 0
220	17	1 0 1 1 0 0 1 1 0 0 0 1 1 0 0 0
220	3	0 0 1 1 1 0 0 0 1 1 1 1 0 0 0 0
220	27	1 1 1 1 0 0 0 0 0 0 0 1 0 0 0 0
220	2	1 1 1 0 0 0 0 1 0 0 0 1 0 0 0 1
220	1	0 1 1 1 0 0 1 1 0 1 0 1 0 0 0 1
220	23	1 1 1 1 0 0 0 0 1 0 1 0 0 0 0 0
220	29	1 1 1 1 0 0 1 1 0 0 0 1 0 0 0 0
220	8	1 1 0 1 1 0 1 1 1 0 1 1 0 0 0 0
220	28	1 1 1 1 0 0 0 1 1 0 0 0 0 0 1 0
220	6	0 1 1 1 0 0 0 1 0 0 1 0 0 0 0 1
220	28	1 1 1 1 0 1 0 1 0 0 0 1 0 0 0 0
220	17	1 1 1 0 0 0 0 1 1 1 0 1 0 0 0 0
220	29	0 1 1 1 1 0 0 0 1 1 0 1 1 0 0 0
220	23	0 1 1 1 1 0 0 0 1 0 0 1 0 0 1 0
220	5	0 0 1 1 1 0 0 0 1 1 1 1 0 1 0 0
220	25	1 1 0 1 1 0 1 1 1 0 0 1 0 0 0 0
220	19	0 1 1 1 0 0 1 1 0 0 0 0 0 0 0 0
220	2	0 1 0 1 1 0 0 0 1 0 1 1 0 0 0 0
220	3	0 1 1 1 0 0 0 0 0 0 0 0 1 0 0 0
220	4	1 1 1 1 0 0 0 1 1 0 0 1 0 0 0 1
220	9	1 1 1 0 0 0 0 1 0 0 0 0 0 0 0 0
220	15	0 1 1 1 0 0 0 0 1 0 0 0 0 0 0 0
220	32	1 1 0 1 0 0 0 0 1 1 0 0 0 0 0 0
220	12	1 1 1 1 0 0 0 0 1 0 0 1 0 0 0 1
220	30	1 1 1 1 0 0 0 0 0 0 0 1 0 0 0 1
220	5	1 1 1 1 0 0 0 0 0 0 1 1 0 0 0 0
220	6	1 1 1 1 0 0 0 0 1 0 0 0 0 0 0 0
220	10	1 1 1 1 1 0 1 0 1 0 0 1 0 0 0 0
220	1	0 1 1 1 1 0 0 0 1 0 1 1 0 0 1 0
220	6	1 1 1 1 0 0 1 1 0 0 0 1 0 0 0 1
220	5	0 1 1 1 1 0 0 1 1 1 0 0 0 0 0 0
220	3	1 1 1 1 1 0 0 0 1 0 1 0 0 0 0 0
220	2	1 1 0 1 0 0 1 1 1 1 0 0 0 1 0 1
220	5	0 1 1 1 1 0 0 1 1 0 1 0 0 0 0 0
220	1	1 1 0 1 1 0 1 1 1 0 1 0 0 0 0 0
220	3	0 1 0 1 0 1 1 1 0 0 0 1 0 0 0 0
220	10	1 1 1 1 1 0 1 1 1 0 0 0 0 1 0 0
220	8	1 0 1 1 0 0 0 1 1 0 1 0 0 0 0 0
220	4	0 1 1 1 0 0 1 1 1 0 0 1 0 0 0 0
220	4	0 1 1 0 1 0 0 0 0 0 0 1 0 0 0 0
220	4	0 1 1 1 1 0 1 1 0 0 0 1 0 0 0 0
220	1	1 1 1 1 0 1 0 0 0 0 0 1 1 0 0 0
220	6	0 1 1 1 0 0 0 1 1 0 0 1 0 0 0 0
220	3	0 0 1 0 1 0 0 0 1 1 0 1 0 1 0 0
220	14	1 1 1 1 0 0 0 1 1 0 1 1 1 0 0 0
220	6	0 1 1 1 0 0 0 1 1 0 0 0 0 0 1 0
220	1	0 1 0 1 0 0 0 0 1 0 1 1 0 0 0 0
220	2	1 1 0 1 1 0 0 1 1 1 0 1 0 0 0 0
220	5	0 1 1 1 1 0 0 0 1 0 0 0 1 0 0 0
220	5	0 1 1 1 0 0 0 0 1 0 0 0 1 0 0 0
220	5	1 1 1 0 0 0 0 1 0 0 0 1 0 0 0 0
220	9	0 1 1 1 1 0 1 1 1 1 0 0 0 0 0 1
220	6	0 1 1 1 0 0 0 0 1 0 0 1 0 1 0 0
220	4	1 1 1 1 0 0 1 0 0 0 0 1 0 0 0 1
220	5	0 1 0 1 0 1 1 1 0 1 0 1 0 0 0 0
220	4	1 1 1 0 0 0 1 1 0 0 0 1 0 0 0 0
220	2	0 1 1 0 1 0 1 0 1 1 0 0 0 0 0 1
220	6	1 1 1 1 0 0 0 1 1 0 0 1 0 0 1 0
220	1	0 1 0 1 0 0 0 1 1 0 0 1 0 0 0 0
220	4	0 1 0 1 1 0 1 1 1 0 0 1 0 0 0 0
220	3	1 0 1 1 0 0 1 1 0 0 0 1 0 0 0 0
220	4	1 1 1 1 0 0 1 0 0 0 0 1 0 0 0 0
220	2	1 1 1 1 1 0 1 1 0 0 0 1 0 0 0 0
220	2	0 1 1 0 0 0 0 1 0 0 0 0 0 0 0 0
220	1	1 0 1 1 0 0 1 1 0 0 0 1 0 0 0 1
220	1	0 1 1 1 0 0 0 0 0 0 0 0 0 0 0 1
220	1	0 0 1 1 0 1 0 1 1 0 1 1 0 0 0 0
220	7	1 1 1 1 0 1 0 0 0 0 0 1 0 0 0 0
220	16	1 1 1 1 0 0 0 1 0 0 0 1 0 0 0 0
220	1	1 1 1 1 0 0 0 0 0 0 0 1 0 0 1 1
220	5	0 1 1 1 0 1 0 0 1 0 0 0 0 0 0 1
220	6	0 1 1 1 0 0 0 0 1 0 0 1 0 0 0 0
220	1	1 1 1 1 0 0 0 0 1 1 1 1 0 0 0 0
220	7	1 1 1 1 0 1 0 1 0 0 1 1 0 0 0 0
220	2	1 1 0 1 0 0 0 0 1 1 0 0 1 0 0 0
220	1	0 1 1 1 1 0 1 0 1 0 1 0 0 0 0 0
220	3	0 1 1 1 1 0 0 1 0 0 1 0 0 0 0 1
220	3	0 1 1 1 0 0 0 1 1 0 1 0 0 0 0 0
220	7	0 1 1 1 0 0 1 1 0 0 0 1 1 0 0 0
220	1	1 1 1 0 0 0 0 0 0 0 0 1 0 0 0 0
220	2	1 1 1 1 0 0 1 1 0 0 0 0 0 0 0 0
220	1	1 1 1 1 0 0 1 1 0 0 0 1 1 0 0 1
220	6	1 1 1 1 0 1 0 1 1 0 1 0 0 0 0 0
220	3	0 1 1 1 1 0 0 0 1 0 0 1 0 0 0 1
220	3	1 1 1 1 1 0 0 0 1 1 0 1 1 0 0 0
220	2	1 1 0 1 1 0 1 1 1 0 1 1 0 0 0 1
220	4	1 1 1 1 0 0 0 1 1 0 0 0 0 0 0 1
220	4	1 1 1 1 1 0 1 1 1 0 0 1 0 0 0 0
220	2	0 1 1 0 1 0 1 0 1 0 0 0 0 0 0 0
220	1	1 1 0 1 0 0 0 1 1 0 0 0 0 0 1 0
220	5	1 0 0 1 1 0 1 1 1 0 0 1 0 0 0 0
220	2	1 1 1 0 0 0 0 1 0 0 0 0 0 0 1 0
220	3	1 1 0 1 1 0 0 0 1 1 0 0 0 0 0 0
220	1	1 1 1 1 0 0 1 0 1 0 0 1 0 1 0 1
220	2	1 1 1 1 0 1 0 0 1 0 0 0 0 0 0 0
220	1	1 1 1 1 0 1 0 0 1 0 0 0 0 1 0 0
220	1	1 1 1 1 1 0 0 1 1 1 0 1 0 0 0 0
220	2	0 1 1 1 0 1 1 1 0 0 0 1 0 0 0 1
220	1	1 1 1 1 0 0 0 1 1 1 0 0 0 0 0 0
220	1	1 1 1 0 0 0 0 0 1 0 0 0 0 0 0 1
220	2	1 1 1 1 0 0 0 0 1 0 0 0 1 0 0 0
220	1	0 1 1 1 1 0 1 1 0 1 0 0 0 0 0 0
220	1	1 1 1 1 0 0 0 0 1 1 0 1 0 0 1 0
220	1	0 1 0 1 1 0 0 0 0 0 0 1 0 0 0 0
220	1	0 1 1 1 0 0 0 0 0 0 0 1 0 0 0 0
220	3	1 1 1 1 0 0 0 0 0 1 0 1 0 0 0 0
220	1	1 1 1 1 0 0 1 0 1 0 1 0 0 0 0 0
220	1	0 1 1 1 1 0 1 1 0 0 0 0 0 0 0 0
220	1	1 1 0 1 0 0 0 0 1 1 1 0 0 0 0 0
220	3	1 1 1 1 0 0 0 0 1 0 1 1 0 0 0 0
220	2	0 1 0 1 1 0 0 1 1 0 0 1 0 0 0 0
220	2	0 0 1 1 0 0 0 1 1 0 1 1 0 0 0 0
240	11	1 1 1 1 0 0 0 0 1 0 0 1 0 0 0 0
240	23	0 1 1 1 1 0 0 0 1 0 0 1 1 0 0 0
240	15	0 1 0 1 0 0 0 1 1 0 0 1 0 1 0 0
240	19	1 1 1 1 0 1 0 0 1 0 0 0 0 0 0 1
240	35	0 1 1 1 1 0 0 0 1 0 0 1 0 0 0 0
240	9	1 1 1 1 0 0 0 0 1 1 0 1 0 0 0 0
240	1	0 1 1 1 1 0 1 0 1 1 0 0 0 0 0 0
240	19	0 1 1 1 1 0 1 0 1 1 0 0 0 0 0 1
240	48	1 1 1 1 0 0 0 1 1 0 1 0 0 0 0 0
240	26	0 1 1 1 0 0 1 1 0 0 0 1 0 0 0 0
240	17	0 1 1 1 1 0 0 0 0 0 0 1 0 0 0 0
240	15	0 1 1 1 0 1 1 1 0 0 0 1 0 0 0 0
240	2	1 1 1 1 0 0 0 1 1 0 0 1 0 0 0 0
240	3	1 1 1 1 0 0 0 0 0 0 0 1 0 0 0 0
240	5	1 1 1 0 0 0 0 1 0 0 0 1 0 0 0 1
240	41	1 1 1 1 0 0 0 0 1 0 1 0 0 0 0 0
240	22	1 1 1 1 0 0 1 1 0 0 0 1 0 0 0 0
240	13	1 1 0 1 1 0 1 1 1 0 1 1 0 0 0 0
240	7	1 1 1 1 0 0 0 1 1 0 0 0 0 0 1 0
240	28	1 1 1 1 0 1 0 1 0 0 0 1 0 0 0 0
240	6	1 1 1 0 0 0 0 1 1 1 0 1 0 0 0 0
240	9	0 1 1 1 1 0 0 0 1 1 0 1 1 0 0 0
240	12	0 1 1 1 1 0 0 0 1 0 0 1 0 0 1 0
240	41	1 1 0 1 1 0 1 1 1 0 0 1 0 0 0 0
240	5	0 1 1 1 0 0 1 1 0 0 0 0 0 0 0 0
240	24	1 1 0 1 0 0 0 0 1 1 0 0 0 0 0 0
240	1	1 1 1 1 0 0 0 0 1 0 0 1 0 0 0 1
240	8	1 1 1 1 0 0 0 0 0 0 0 1 0 0 0 1
240	14	1 1 1 1 0 0 0 0 1 0 0 0 0 0 0 0
240	1	1 1 1 1 1 0 1 0 1 0 0 1 0 0 0 0
240	13	1 1 1 1 0 0 1 1 0 0 0 1 0 0 0 1
240	20	0 1 1 1 1 0 0 1 1 1 0 0 0 0 0 0
240	3	1 1 1 1 1 0 0 0 1 0 1 0 0 0 0 0
240	11	1 1 1 1 1 0 1 1 1 0 0 0 0 1 0 0
240	40	1 0 1 1 0 0 0 1 1 0 1 0 0 0 0 0
240	4	1 1 1 1 0 0 0 1 1 0 1 1 1 0 0 0
240	9	0 1 0 1 0 0 0 0 1 0 1 1 0 0 0 0
240	20	0 1 1 1 1 0 1 1 1 1 0 0 0 0 0 1
240	38	0 1 0 1 0 1 1 1 0 1 0 1 0 0 0 0
240	2	1 1 1 1 0 0 1 1 0 0 0 0 0 0 0 0
240	32	1 1 1 1 1 0 1 1 1 0 0 1 0 0 0 0
240	7	1 1 1 1 0 1 0 0 1 0 0 0 0 0 0 0
240	10	1 1 1 1 0 0 0 1 1 1 0 0 0 0 0 0
240	10	1 0 1 1 1 0 1 1 1 0 0 1 0 0 0 0
240	4	0 1 1 1 1 0 1 0 1 0 0 0 0 0 0 0
240	32	1 1 0 1 0 0 0 0 1 0 1 0 0 0 0 0
240	6	1 1 1 1 0 1 0 1 0 0 0 1 0 0 1 0
240	1	1 1 1 1 1 0 1 0 1 0 0 0 0 0 0 0
240	2	0 1 1 1 0 0 0 1 1 0 0 1 0 0 1 0
240	2	0 0 0 1 0 1 1 1 0 1 0 1 0 0 0 0
240	6	0 1 1 1 1 0 1 0 1 0 0 1 0 0 0 0
240	1	0 1 1 0 0 0 0 0 1 0 0 1 0 0 0 0
240	14	0 1 1 1 1 0 1 0 1 0 0 0 0 0 1 0
240	2	0 0 1 1 1 0 0 0 0 0 0 1 0 0 0 0
240	3	0 1 1 1 1 0 0 0 1 0 0 1 0 0 1 1
240	4	1 1 1 1 0 0 0 0 0 1 0 1 0 0 0 1
240	1	0 1 1 1 1 0 1 0 1 0 0 0 1 0 0 0
240	23	1 1 1 1 1 0 0 0 1 1 0 1 0 0 0 0
240	22	1 1 1 1 0 0 0 0 0 0 0 0 0 0 0 0
240	3	0 1 1 1 0 1 0 1 0 0 0 1 0 0 0 0
240	7	1 1 1 1 0 0 0 0 1 1 1 0 0 0 0 0
240	3	1 1 1 1 0 0 0 0 1 0 0 0 0 0 0 1
240	6	0 1 1 1 1 0 1 0 1 1 0 1 0 0 0 1
240	1	0 1 1 0 0 0 0 0 0 0 0 1 1 0 0 0
240	3	1 1 0 1 0 0 0 1 1 0 0 1 0 1 0 0
240	6	1 0 1 1 0 0 0 0 1 0 0 0 0 0 1 0
240	3	1 1 1 1 1 0 0 0 1 1 1 0 0 0 0 0
240	1	0 1 1 0 0 0 0 0 0 0 0 1 0 0 0 1
240	5	0 1 0 1 0 1 0 0 1 0 1 0 0 0 0 0
240	2	0 1 0 1 0 0 0 0 1 0 0 1 0 1 0 0
240	4	1 1 1 1 1 0 0 1 1 0 1 0 0 0 0 0
240	3	1 1 1 1 0 0 0 1 1 0 1 1 0 0 0 0
240	1	0 1 0 1 1 0 0 0 0 0 0 1 0 0 0 0
240	6	1 1 1 1 1 0 1 1 1 0 0 1 0 0 0 1
240	1	1 1 1 1 1 0 0 0 0 0 0 0 0 0 0 0
240	6	1 0 1 1 0 0 0 0 1 1 0 1 0 0 0 0
240	4	0 1 1 1 0 0 0 0 1 0 1 0 0 0 0 0
240	7	1 1 0 1 0 1 1 1 0 1 0 1 0 0 0 0
240	10	1 1 1 1 0 0 1 1 0 0 1 0 0 0 0 0
240	3	0 1 0 1 0 1 0 0 1 0 0 0 0 0 0 0
240	4	0 1 0 1 1 0 1 1 1 0 0 1 0 0 0 0
240	1	0 1 1 1 1 0 0 0 1 0 0 1 0 0 0 1
240	12	1 1 1 0 0 0 0 1 0 0 0 1 0 0 1 0
240	2	1 1 0 1 0 1 1 1 0 1 1 1 0 0 0 0
240	2	1 1 0 1 1 0 1 1 0 0 1 1 0 0 0 0
240	3	0 1 1 1 1 0 0 1 1 1 0 0 1 0 0 0
240	1	0 1 0 1 0 1 1 1 0 1 0 1 1 0 0 0
240	2	1 1 1 1 0 0 1 1 0 0 0 0 0 0 0 1
240	2	0 1 1 0 0 0 0 0 1 0 0 0 0 0 0 0
240	5	0 1 1 1 0 0 1 1 1 1 0 1 0 0 0 0
240	1	0 1 1 1 1 0 0 1 1 1 0 1 0 0 0 1
240	1	0 1 1 1 1 0 1 0 1 1 0 1 0 0 0 0
240	1	1 1 1 1 0 0 1 1 0 0 0 1 0 0 1 0
240	6	1 1 1 1 0 1 0 1 1 0 0 1 0 0 0 0
240	2	1 1 1 1 1 1 1 1 1 0 0 1 0 0 0 0
240	9	1 1 1 1 0 0 0 0 0 1 0 1 0 0 0 0
240	3	0 1 1 1 1 0 0 1 1 1 0 1 0 0 1 0
240	2	1 1 1 1 0 0 0 0 0 0 1 0 0 0 0 0
240	1	1 1 1 1 0 0 1 1 1 0 0 1 0 0 0 0
240	4	1 1 1 1 0 1 0 1 0 0 0 1 0 0 1 1
240	1	1 1 1 1 1 1 0 0 1 1 0 1 0 0 0 0
240	3	1 1 1 0 0 0 0 0 0 0 0 0 0 0 0 0
240	1	1 1 1 1 1 0 0 0 1 1 0 0 0 0 0 0
240	2	1 1 1 1 0 1 0 0 0 0 0 0 1 0 0 1
240	3	0 1 1 0 0 0 0 0 0 0 0 0 1 0 0 0
240	1	0 1 0 1 0 0 0 1 1 0 0 0 0 0 0 0
240	2	1 1 1 1 0 1 0 1 0 0 1 0 0 0 0 0
240	2	1 1 0 1 1 0 1 1 1 0 0 0 0 1 0 0
240	1	1 1 0 1 1 0 1 1 1 0 0 0 0 0 0 0
240	1	1 1 0 1 0 1 1 1 0 0 0 1 0 0 0 0
240	1	0 1 0 1 0 1 1 1 1 1 0 0 0 0 0 1
240	3	0 1 0 1 0 0 1 1 0 0 0 1 0 0 1 0
240	1	0 1 1 1 0 1 1 1 0 0 0 1 1 0 0 0
240	1	1 1 1 0 0 0 0 0 1 0 1 0 0 0 0 0
240	2	1 1 1 0 0 0 1 1 1 1 0 1 0 0 0 0
240	2	1 1 0 1 0 0 0 0 0 1 0 0 0 0 0 0
240	2	1 1 1 1 1 0 1 1 1 0 1 0 0 0 0 0
260	20	1 1 1 1 0 0 0 0 1 0 0 1 0 0 0 0
260	31	0 1 1 1 1 0 0 0 1 0 0 1 1 0 0 0
260	7	1 1 1 1 0 1 0 0 1 0 0 0 0 0 0 1
260	10	0 1 1 1 1 0 0 0 1 0 0 1 0 0 0 0
260	8	1 1 1 1 0 0 0 0 1 1 0 1 0 0 0 0
260	48	1 1 1 1 0 0 0 1 1 0 1 0 0 0 0 0
260	27	0 1 1 1 0 0 1 1 0 0 0 1 0 0 0 0
260	15	0 1 1 1 1 0 0 0 0 0 0 1 0 0 0 0
260	8	1 1 1 1 0 0 0 1 1 0 0 1 0 0 0 0
260	105	1 1 1 1 0 0 0 0 1 0 1 0 0 0 0 0
260	22	1 1 0 1 1 0 1 1 1 0 1 1 0 0 0 0
260	44	1 1 1 1 0 1 0 1 0 0 0 1 0 0 0 0
260	4	0 1 1 1 1 0 0 0 1 1 0 1 1 0 0 0
260	3	0 1 1 1 1 0 0 0 1 0 0 1 0 0 1 0
260	9	1 1 0 1 1 0 1 1 1 0 0 1 0 0 0 0
260	9	1 1 0 1 0 0 0 0 1 1 0 0 0 0 0 0
260	24	1 1 1 1 0 0 0 0 0 0 0 1 0 0 0 1
260	38	1 1 1 1 0 0 0 0 1 0 0 0 0 0 0 0
260	16	0 1 1 1 1 0 0 1 1 1 0 0 0 0 0 0
260	23	1 1 1 1 1 0 0 0 1 0 1 0 0 0 0 0
260	13	1 0 1 1 0 0 0 1 1 0 1 0 0 0 0 0
260	7	0 1 0 1 0 0 0 0 1 0 1 1 0 0 0 0
260	11	0 1 0 1 0 1 1 1 0 1 0 1 0 0 0 0
260	22	1 1 1 1 1 0 1 1 1 0 0 1 0 0 0 0
260	1	1 1 1 1 0 1 0 0 1 0 0 0 0 0 0 0
260	12	1 1 1 1 0 0 0 1 1 1 0 0 0 0 0 0
260	5	1 0 1 1 1 0 1 1 1 0 0 1 0 0 0 0
260	24	1 1 0 1 0 0 0 0 1 0 1 0 0 0 0 0
260	10	0 1 1 1 1 0 1 0 1 0 0 1 0 0 0 0
260	2	0 0 1 1 1 0 0 0 0 0 0 1 0 0 0 0
260	13	1 1 1 1 1 0 0 0 1 1 0 1 0 0 0 0
260	5	1 1 1 1 0 0 0 0 0 0 0 0 0 0 0 0
260	17	1 1 1 1 0 0 0 0 1 0 0 0 0 0 0 1
260	10	0 1 1 0 0 0 0 0 0 0 0 1 0 0 0 1
260	20	1 1 1 1 1 0 0 1 1 0 1 0 0 0 0 0
260	21	1 1 1 1 0 0 0 1 1 0 1 1 0 0 0 0
260	1	1 0 1 1 0 0 0 0 1 1 0 1 0 0 0 0
260	1	1 1 0 1 0 1 1 1 0 1 0 1 0 0 0 0
260	4	1 1 1 1 0 1 0 1 1 0 0 1 0 0 0 0
260	2	1 1 1 1 0 0 0 0 0 0 1 0 0 0 0 0
260	7	1 1 1 1 0 1 0 1 0 0 1 0 0 0 0 0
260	7	0 1 0 1 0 0 1 1 0 0 0 1 0 0 1 0
260	6	0 1 1 1 0 0 0 0 1 0 0 1 0 0 0 0
260	8	1 1 1 1 0 0 0 1 0 0 0 1 0 0 0 0
260	6	0 1 1 1 1 0 0 1 0 0 0 1 0 0 0 0
260	4	1 1 1 1 0 0 0 0 0 1 0 0 0 0 0 1
260	12	0 1 1 1 0 0 0 1 1 0 0 1 0 0 0 0
260	5	0 1 1 1 1 0 0 1 1 1 0 0 0 0 0 1
260	1	1 1 1 1 0 0 0 1 1 1 1 0 0 0 0 0
260	6	0 1 1 1 1 0 1 0 0 0 0 1 0 0 0 0
260	10	0 1 1 1 0 0 0 1 1 0 1 0 0 0 0 0
260	4	1 1 1 0 0 0 1 1 0 0 0 1 0 0 0 0
260	18	1 1 1 1 0 0 1 1 0 0 0 1 0 1 0 1
260	1	1 1 1 1 1 0 0 0 0 0 0 0 0 1 0 0
260	4	1 1 1 1 0 0 0 0 0 0 0 1 0 0 0 0
260	4	0 1 1 1 1 0 0 0 1 0 0 1 1 0 1 0
260	13	0 1 1 1 1 0 0 1 1 1 0 1 0 0 0 0
260	14	1 1 1 1 1 0 1 1 0 0 0 1 0 0 0 0
260	2	1 1 1 1 1 0 1 0 1 0 0 0 0 0 1 0
260	7	1 1 1 1 1 0 0 0 1 0 0 1 0 0 0 0
260	3	1 1 0 1 0 0 0 0 1 0 1 0 0 0 0 1
260	1	1 1 1 1 0 0 0 0 1 0 0 0 0 0 1 1
260	4	1 1 0 1 0 0 0 0 0 0 1 0 0 0 0 0
260	9	0 1 1 1 1 0 0 1 0 0 0 0 0 1 0 0
260	1	0 1 0 1 0 0 1 1 0 0 0 1 0 0 0 0
260	4	0 1 1 1 1 0 0 0 0 0 0 1 1 0 0 0
260	7	0 1 1 1 0 1 0 0 1 0 1 0 0 0 0 0
260	2	1 1 1 1 0 0 1 1 0 0 1 0 0 1 0 0
260	1	1 1 1 0 1 1 0 0 0 0 0 0 0 0 0 0
260	13	0 1 1 1 0 0 0 1 1 1 0 0 0 0 0 0
260	1	1 1 1 1 0 1 0 0 1 1 0 0 0 0 0 0
260	11	1 1 1 1 1 0 1 1 1 0 1 0 0 0 0 0
260	2	1 1 1 1 0 1 0 1 1 0 0 1 0 0 1 0
260	6	1 1 1 1 0 0 0 0 1 1 0 1 0 0 0 1
260	9	1 1 1 1 1 0 0 1 1 0 1 1 0 0 0 0
260	8	1 0 1 1 0 1 0 0 1 0 0 0 0 0 0 0
260	6	1 1 1 1 1 0 1 1 0 0 1 0 0 0 0 0
260	7	1 1 1 1 0 0 0 0 1 0 1 1 0 0 0 0
260	3	1 0 1 1 0 0 0 0 1 0 0 0 0 0 0 1
260	1	1 1 0 1 1 0 0 0 0 0 0 0 0 1 0 0
260	7	0 0 1 1 1 0 0 1 0 0 0 0 0 1 0 0
260	1	0 1 1 1 1 0 1 0 1 1 1 1 0 0 0 0
260	3	1 1 1 1 0 1 0 1 1 0 0 1 1 0 0 0
260	2	0 1 1 1 0 0 1 1 0 1 1 0 0 0 0 0
260	2	0 1 1 1 1 0 0 0 1 0 1 1 0 0 0 0
260	4	1 1 0 1 1 0 0 0 1 1 0 0 0 0 0 0
260	1	1 0 1 0 0 0 0 1 1 0 1 0 0 0 0 0
260	2	1 1 1 1 0 0 1 0 0 0 0 1 0 1 0 1
260	3	1 1 1 1 1 0 1 1 1 1 0 0 0 0 0 0
260	1	1 1 1 1 0 0 0 0 1 0 0 1 0 0 0 1
260	4	1 1 0 1 1 0 1 1 1 0 1 1 1 0 0 0
260	2	1 1 1 1 1 0 0 1 0 0 0 1 0 0 0 0
260	3	0 1 1 1 1 0 1 0 1 1 0 1 0 0 0 0
260	4	0 1 0 1 1 0 0 0 1 1 0 0 0 0 0 0
260	6	1 1 0 1 1 0 1 1 1 0 1 1 0 1 0 0
260	2	0 1 1 1 0 0 0 0 1 0 1 1 0 0 0 0
260	1	1 1 1 1 1 0 0 0 0 0 0 0 0 0 0 0
260	1	1 1 1 1 1 0 0 1 0 0 0 1 0 0 0 1
260	1	1 1 1 1 0 0 0 1 1 0 0 1 0 0 0 1
260	1	1 1 1 1 0 1 0 0 0 0 0 1 0 0 0 1
260	3	0 0 1 1 1 0 0 0 0 0 0 0 0 1 0 0
260	1	0 0 1 1 1 0 0 0 1 0 1 0 0 0 0 0
260	3	1 1 0 1 1 0 1 1 1 0 1 1 0 1 0 1
260	1	1 1 1 1 1 0 0 1 1 1 1 0 0 0 0 0
260	1	1 1 1 1 0 0 1 1 0 0 0 1 0 1 0 0
260	1	1 1 1 1 1 0 1 1 0 0 0 1 1 0 0 0
260	2	0 1 1 1 1 0 0 0 1 0 1 0 1 0 0 0
260	2	0 1 1 1 1 0 0 0 1 0 0 0 0 0 0 0
260	1	0 1 1 1 1 1 0 1 0 0 0 1 0 0 0 0
260	5	1 1 1 1 1 0 1 1 1 0 1 1 0 0 0 0
260	1	0 1 1 1 1 0 0 1 1 1 1 0 0 0 0 0
260	3	1 0 1 1 0 0 0 1 1 1 0 0 0 0 0 0
260	1	1 0 1 1 1 0 1 1 1 0 0 1 0 1 0 1
260	2	0 1 1 1 0 0 0 0 1 1 0 1 0 0 0 0
260	1	0 1 1 1 1 0 0 0 0 0 1 0 0 0 0 0
260	1	0 1 1 1 0 0 0 0 1 0 1 0 0 0 0 0
260	2	0 1 1 1 1 0 1 0 1 0 0 1 1 0 0 0
260	1	0 1 1 1 1 0 0 0 0 0 1 1 0 0 0 0
260	2	1 1 1 1 0 0 0 1 1 0 0 0 0 0 0 0
260	2	1 1 1 1 1 0 0 0 1 0 1 0 0 0 1 0
260	2	0 1 1 1 1 0 0 0 0 1 0 1 1 0 0 0
260	1	0 1 1 0 1 1 0 0 0 0 0 0 0 0 0 0
280	34	1 1 1 1 0 0 0 0 1 0 0 1 0 0 0 0
280	40	0 1 1 1 1 0 0 0 1 0 0 1 1 0 0 0
280	5	0 1 1 1 1 0 0 0 1 0 0 1 0 0 0 0
280	21	1 1 1 1 0 0 0 0 1 1 0 1 0 0 0 0
280	73	1 1 1 1 0 0 0 1 1 0 1 0 0 0 0 0
280	9	0 1 1 1 0 0 1 1 0 0 0 1 0 0 0 0
280	15	0 1 1 1 1 0 0 0 0 0 0 1 0 0 0 0
280	3	1 1 1 1 0 0 0 1 1 0 0 1 0 0 0 0
280	121	1 1 1 1 0 0 0 0 1 0 1 0 0 0 0 0
280	5	1 1 1 1 0 1 0 1 0 0 0 1 0 0 0 0
280	5	0 1 1 1 1 0 0 0 1 1 0 1 1 0 0 0
280	2	1 1 0 1 1 0 1 1 1 0 0 1 0 0 0 0
280	5	1 1 1 1 0 0 0 0 0 0 0 1 0 0 0 1
280	17	1 1 1 1 0 0 0 0 1 0 0 0 0 0 0 0
280	37	0 1 1 1 1 0 0 1 1 1 0 0 0 0 0 0
280	12	1 1 1 1 1 0 0 0 1 0 1 0 0 0 0 0
280	10	1 1 1 1 1 0 1 1 1 0 0 1 0 0 0 0
280	17	1 1 1 1 0 0 0 1 1 1 0 0 0 0 0 0
280	1	1 1 1 1 1 0 0 0 1 1 0 1 0 0 0 0
280	10	1 1 1 1 0 0 0 0 1 0 0 0 0 0 0 1
280	24	0 1 1 0 0 0 0 0 0 0 0 1 0 0 0 1
280	2	1 1 1 1 1 0 0 1 1 0 1 0 0 0 0 0
280	4	0 1 1 1 0 0 0 0 1 0 0 1 0 0 0 0
280	9	0 1 1 1 1 0 0 1 0 0 0 1 0 0 0 0
280	1	1 1 1 1 0 0 0 0 0 1 0 0 0 0 0 1
280	35	0 1 1 1 0 0 0 1 1 0 0 1 0 0 0 0
280	7	0 1 1 1 0 0 0 1 1 0 1 0 0 0 0 0
280	1	1 1 1 1 0 0 0 0 0 0 0 1 0 0 0 0
280	16	1 1 0 1 0 0 0 0 0 0 1 0 0 0 0 0
280	2	1 1 1 1 0 0 1 1 0 0 1 0 0 1 0 0
280	13	0 1 1 1 0 0 0 1 1 1 0 0 0 0 0 0
280	3	1 1 1 1 0 0 0 0 1 1 0 1 0 0 0 1
280	12	1 1 1 1 1 0 0 1 1 0 1 1 0 0 0 0
280	4	1 1 1 1 0 1 0 1 1 0 0 1 1 0 0 0
280	37	1 1 0 1 1 0 1 1 1 0 1 1 1 0 0 0
280	6	1 1 1 1 1 0 0 1 0 0 0 1 0 0 0 0
280	12	1 1 0 1 1 0 1 1 1 0 1 1 0 1 0 0
280	14	1 1 1 1 0 1 0 0 0 0 0 1 0 0 0 1
280	3	0 0 1 1 1 0 0 0 0 0 0 0 0 1 0 0
280	8	1 1 1 1 1 0 0 1 1 1 1 0 0 0 0 0
280	10	1 1 1 1 0 0 1 1 0 0 0 1 0 1 0 0
280	4	0 1 1 1 1 0 0 1 1 1 1 0 0 0 0 0
280	9	0 1 1 1 0 0 0 0 1 0 1 0 0 0 0 0
280	8	0 1 1 1 1 0 0 0 0 0 1 1 0 0 0 0
280	10	1 0 1 1 0 1 0 0 1 0 0 1 0 0 0 0
280	7	1 1 1 1 1 0 1 0 0 0 0 1 0 0 0 0
280	3	1 1 1 1 1 0 0 0 1 0 1 1 0 0 0 0
280	2	0 1 1 1 0 0 0 0 1 0 0 0 0 0 0 0
280	4	0 0 1 1 0 0 0 1 1 1 0 0 0 0 0 0
280	2	0 1 0 1 0 1 1 1 0 0 0 1 0 0 0 0
280	4	0 1 1 1 1 0 1 1 1 1 0 0 0 0 0 1
280	8	0 1 1 0 1 0 0 0 1 0 0 1 0 0 1 0
280	8	1 1 1 1 0 0 0 0 1 0 0 1 0 0 0 1
280	17	1 1 1 1 0 0 0 1 1 0 1 0 0 0 0 1
280	2	0 1 1 1 0 0 1 0 1 0 0 1 1 0 0 0
280	7	0 1 1 1 0 0 0 0 1 0 0 1 0 0 0 1
280	3	1 1 1 1 1 0 0 1 0 0 0 0 0 1 0 0
280	23	0 1 1 1 0 0 0 1 0 0 1 0 0 0 0 0
280	1	1 1 1 1 0 0 0 0 0 0 0 0 0 1 0 0
280	7	1 1 1 1 1 0 0 0 0 0 0 1 0 0 0 1
280	1	1 1 1 1 0 0 0 0 1 0 1 0 0 0 1 0
280	11	1 1 1 1 0 0 0 0 1 0 1 0 0 0 0 1
280	2	1 1 1 1 1 0 1 0 1 0 0 1 0 0 0 0
280	8	0 1 1 1 0 0 0 1 1 1 0 0 0 0 1 0
280	1	1 1 1 1 0 0 1 1 0 0 1 0 0 0 0 0
280	7	1 1 0 1 1 0 1 1 1 0 1 1 1 1 0 0
280	8	0 1 1 1 1 0 0 0 1 0 1 1 0 0 0 0
280	6	1 0 1 1 0 0 0 0 1 0 0 0 0 0 0 0
280	2	0 1 1 1 1 0 0 0 0 0 0 0 1 0 0 0
280	1	0 1 1 0 1 0 0 0 0 0 1 1 0 0 0 0
280	6	1 0 1 1 0 1 0 0 1 0 0 1 1 0 0 0
280	2	0 1 1 1 1 0 0 1 1 0 1 0 0 0 0 0
280	4	0 1 1 1 1 0 0 1 1 1 1 1 0 1 0 0
280	18	1 1 1 1 1 0 1 0 1 0 1 0 0 0 0 0
280	4	0 0 1 1 0 0 0 1 1 0 1 0 0 0 0 0
280	3	0 1 1 1 1 0 0 0 1 1 0 1 0 0 0 0
280	3	1 1 1 0 1 0 1 1 1 0 0 1 0 0 0 0
280	3	1 1 0 1 0 0 0 0 1 0 0 1 1 0 0 0
280	4	1 1 1 1 0 0 0 0 1 1 1 1 0 0 0 0
280	3	1 1 1 1 1 0 0 0 1 1 0 1 0 1 0 0
280	4	1 1 1 1 1 0 1 1 1 0 1 0 0 0 0 0
280	3	1 1 1 1 0 0 0 1 1 0 0 1 0 0 0 1
280	8	1 1 1 1 0 0 0 0 1 1 1 0 0 0 0 0
280	6	0 1 1 1 0 0 0 0 1 1 0 1 1 0 1 0
280	3	0 1 0 1 0 1 0 1 1 0 0 1 1 0 0 0
280	6	0 1 1 0 1 0 0 0 1 0 0 1 0 0 0 0
280	4	0 1 1 1 1 0 0 0 1 0 1 0 0 0 0 0
280	1	1 1 0 1 0 0 0 0 0 0 0 1 0 0 0 1
280	1	1 1 1 1 1 0 0 1 0 1 1 0 0 0 0 0
280	1	0 1 1 1 1 0 1 1 1 1 0 0 0 0 0 0
280	5	0 1 1 1 1 0 1 0 1 0 1 0 0 0 0 0
280	3	1 1 1 1 0 0 0 0 1 0 0 1 1 0 0 0
280	3	1 1 0 1 0 0 0 1 1 1 0 0 0 0 0 0
280	3	0 1 1 1 1 0 0 0 1 0 0 1 1 1 0 0
280	1	1 1 1 1 0 0 0 0 1 1 0 1 1 0 0 1
280	1	1 1 1 1 1 0 0 1 1 0 0 1 0 0 0 0
280	1	1 1 1 1 0 1 1 1 0 0 0 1 0 1 0 0
280	3	0 1 1 1 0 0 0 1 0 0 1 0 0 0 0 1
280	1	1 1 1 1 0 0 1 1 0 0 0 1 0 0 0 0
280	6	1 1 1 1 1 1 0 1 1 0 1 0 0 0 0 0
280	4	1 1 1 1 0 0 0 1 1 1 0 1 0 0 0 1
280	1	1 1 1 1 0 0 0 0 0 0 1 0 0 0 0 0
280	1	1 1 1 1 0 1 0 1 0 0 0 0 0 1 0 0
280	1	1 1 0 1 1 0 1 1 1 0 1 0 0 0 0 0
280	1	0 1 1 1 1 0 0 0 1 0 0 1 0 0 1 0
280	1	0 1 1 1 0 0 0 0 1 0 0 1 1 0 0 0
280	4	0 1 0 1 1 0 0 1 1 1 0 0 0 0 0 0
280	4	1 1 1 1 0 0 0 1 1 1 0 0 0 1 0 0
280	2	0 0 1 1 0 0 0 1 1 0 0 1 0 0 0 0
280	3	1 1 1 1 0 0 0 1 0 0 0 1 0 1 0 0
280	1	1 0 1 1 0 1 0 0 1 1 0 1 0 0 0 0
280	5	0 1 1 1 0 0 1 1 1 1 0 0 0 0 0 1
280	1	0 1 1 1 1 0 0 0 0 0 0 0 1 0 1 0
280	1	1 1 1 1 0 0 0 1 1 0 0 1 1 0 0 0
280	1	1 1 1 1 0 0 0 0 1 0 1 1 0 0 0 0
280	2	1 1 1 1 1 0 0 1 1 0 1 1 0 1 0 0
280	2	1 1 1 0 1 0 1 1 1 0 0 1 1 0 0 0
280	2	1 1 1 1 0 0 0 1 1 0 1 1 0 0 0 0
280	1	1 1 1 1 1 0 1 1 1 0 0 1 1 0 0 0
280	1	1 1 1 1 0 0 0 0 1 0 0 0 0 0 1 1
280	2	0 1 1 1 0 0 0 1 1 0 0 1 1 0 0 0
280	3	1 1 1 1 0 0 1 1 0 0 1 1 0 1 0 0
280	1	0 1 1 0 1 0 0 0 0 0 0 1 0 0 1 0
300	19	1 1 1 1 0 0 0 0 1 0 0 1 0 0 0 0
300	11	0 1 1 1 1 0 0 0 1 0 0 1 1 0 0 0
300	10	0 1 1 1 1 0 0 0 1 0 0 1 0 0 0 0
300	4	1 1 1 1 0 0 0 0 1 1 0 1 0 0 0 0
300	132	1 1 1 1 0 0 0 1 1 0 1 0 0 0 0 0
300	82	1 1 1 1 0 0 0 0 1 0 1 0 0 0 0 0
300	7	1 1 1 1 0 1 0 1 0 0 0 1 0 0 0 0
300	1	0 1 1 1 1 0 0 0 1 1 0 1 1 0 0 0
300	31	1 1 1 1 0 0 0 0 0 0 0 1 0 0 0 1
300	10	1 1 1 1 0 0 0 0 1 0 0 0 0 0 0 0
300	12	0 1 1 1 1 0 0 1 1 1 0 0 0 0 0 0
300	17	1 1 1 1 1 0 0 0 1 0 1 0 0 0 0 0
300	20	1 1 1 1 1 0 1 1 1 0 0 1 0 0 0 0
300	10	1 1 1 1 0 0 0 1 1 1 0 0 0 0 0 0
300	11	1 1 1 1 0 0 0 0 1 0 0 0 0 0 0 1
300	16	0 1 1 1 0 0 0 1 1 0 0 1 0 0 0 0
300	14	0 1 1 1 0 0 0 1 1 0 1 0 0 0 0 0
300	13	1 1 1 1 0 0 1 1 0 0 1 0 0 1 0 0
300	10	1 1 1 1 1 0 0 1 1 0 1 1 0 0 0 0
300	25	1 1 0 1 1 0 1 1 1 0 1 1 1 0 0 0
300	24	1 1 1 1 1 0 0 1 1 1 1 0 0 0 0 0
300	51	0 1 1 1 0 0 0 0 1 0 1 0 0 0 0 0
300	14	1 0 1 1 0 1 0 0 1 0 0 1 0 0 0 0
300	13	1 1 1 1 1 0 1 0 0 0 0 1 0 0 0 0
300	11	1 1 1 1 1 0 0 0 1 0 1 1 0 0 0 0
300	1	0 0 1 1 0 0 0 1 1 1 0 0 0 0 0 0
300	3	0 1 1 0 1 0 0 0 1 0 0 1 0 0 1 0
300	38	0 1 1 1 0 0 0 1 0 0 1 0 0 0 0 0
300	19	1 1 1 1 1 0 0 0 0 0 0 1 0 0 0 1
300	6	1 1 1 1 0 0 0 0 1 0 1 0 0 0 0 1
300	2	0 1 1 1 0 0 0 1 1 1 0 0 0 0 1 0
300	6	0 1 1 1 1 0 0 1 1 1 1 1 0 1 0 0
300	18	1 1 1 1 1 0 1 0 1 0 1 0 0 0 0 0
300	3	0 0 1 1 0 0 0 1 1 0 1 0 0 0 0 0
300	3	0 1 1 1 1 0 0 0 1 1 0 1 0 0 0 0
300	4	1 1 1 0 1 0 1 1 1 0 0 1 0 0 0 0
300	4	1 1 0 1 0 0 0 0 1 0 0 1 1 0 0 0
300	11	1 1 1 1 1 0 1 1 1 0 1 0 0 0 0 0
300	2	1 1 1 1 0 0 0 0 1 1 1 0 0 0 0 0
300	24	0 1 1 0 1 0 0 0 1 0 0 1 0 0 0 0
300	5	1 1 1 1 1 0 0 1 1 0 0 1 0 0 0 0
300	1	1 1 1 1 0 0 1 1 0 0 0 1 0 0 0 0
300	17	1 1 1 1 1 1 0 1 1 0 1 0 0 0 0 0
300	27	1 1 1 1 0 0 0 1 1 1 0 1 0 0 0 1
300	11	0 1 1 1 0 0 0 0 1 0 0 1 1 0 0 0
300	2	1 1 1 1 0 0 0 1 1 0 0 1 1 0 0 0
300	11	1 1 1 1 1 0 1 1 1 0 1 0 0 0 0 1
300	7	1 1 1 1 0 1 0 1 0 0 0 1 1 0 0 0
300	4	1 1 1 1 0 0 0 0 1 1 0 0 0 1 0 0
300	12	1 1 1 1 0 0 0 0 1 0 1 1 0 0 0 0
300	3	0 0 1 0 0 0 0 1 1 0 1 0 0 0 0 0
300	12	0 1 1 1 0 0 1 1 1 0 1 0 0 0 0 1
300	8	0 1 1 1 1 0 0 1 1 0 1 0 0 0 0 0
300	2	1 1 0 1 0 0 0 0 1 0 0 1 0 0 0 0
300	1	0 1 1 0 1 0 0 1 0 0 0 1 0 0 0 0
300	6	1 1 1 1 0 1 0 0 0 0 0 0 0 1 0 0
300	5	1 1 1 1 0 0 0 1 1 0 0 1 0 0 0 0
300	5	1 1 1 1 0 0 0 0 1 1 0 1 1 0 0 0
300	2	1 1 1 1 0 0 0 0 1 0 0 0 0 0 1 0
300	4	1 1 0 1 0 0 0 1 1 0 0 1 0 0 0 0
300	10	0 1 1 1 0 0 0 1 0 0 0 1 0 0 0 0
300	2	1 1 1 1 1 0 1 0 1 0 1 1 0 0 0 0
300	2	0 1 1 1 0 0 0 1 0 0 1 1 0 0 0 1
300	4	1 1 1 1 0 0 1 1 1 0 0 1 0 0 0 0
300	3	0 1 1 1 0 0 0 1 0 0 1 1 0 0 0 0
300	8	0 1 1 1 0 0 0 0 1 0 1 1 0 0 0 0
300	15	1 1 1 1 0 0 1 1 1 0 1 0 0 0 0 0
300	1	0 1 1 1 0 1 0 1 0 0 1 0 0 0 0 0
300	5	1 1 1 1 1 0 1 0 0 0 0 1 0 0 0 1
300	2	1 1 1 0 0 0 0 1 1 0 1 0 0 0 0 0
300	1	0 1 1 1 0 0 0 1 0 0 0 0 0 0 0 0
300	3	0 1 1 1 0 0 0 0 1 0 0 0 0 0 0 1
300	1	1 1 1 1 0 0 0 1 1 1 0 1 0 0 0 0
300	3	1 1 0 1 1 0 0 1 1 1 1 0 0 0 0 1
300	2	1 0 1 1 0 0 0 0 1 0 1 0 0 0 0 0
300	1	1 1 1 1 1 0 0 0 0 0 1 0 0 0 0 0
300	5	1 1 0 1 0 0 0 0 1 1 0 1 1 0 0 0
300	6	1 1 1 1 0 0 0 1 0 0 1 1 0 0 0 0
300	2	1 1 1 1 0 0 1 1 1 0 1 0 0 1 0 0
300	5	1 1 1 1 0 0 0 0 0 0 1 0 0 0 0 1
300	3	1 1 0 1 0 1 0 0 0 0 0 0 0 1 0 0
300	4	1 1 1 1 1 0 1 1 0 0 1 0 0 0 0 0
300	7	1 1 1 1 0 0 1 1 0 0 1 0 0 0 0 0
300	5	1 1 1 1 0 0 0 1 0 0 1 0 0 0 0 0
300	2	0 1 1 0 0 0 0 1 1 0 1 0 0 0 0 0
300	2	0 1 1 0 0 0 0 1 0 0 1 0 0 0 0 0
300	1	1 1 1 1 0 0 0 0 1 1 0 0 1 1 0 0
300	2	1 1 0 1 0 0 0 0 1 0 0 0 0 0 0 0
300	2	1 1 1 1 0 0 0 0 1 1 0 1 1 0 1 0
300	1	0 1 1 1 0 0 0 0 1 1 1 0 0 0 0 0
300	2	1 1 1 1 0 0 0 0 1 0 0 1 1 0 0 0
300	3	1 1 0 1 0 0 0 1 1 1 0 0 0 0 0 0
300	3	0 1 1 1 0 1 0 0 1 0 1 0 0 0 0 0
300	1	0 1 1 1 0 0 0 0 0 0 1 0 0 0 0 0
300	1	0 1 1 0 1 1 0 0 1 0 0 1 0 0 0 0
300	3	1 1 1 1 1 0 0 1 1 0 0 1 1 0 0 0
300	1	1 1 0 1 0 0 0 1 1 0 0 1 0 0 1 0
300	3	1 1 1 1 1 0 0 0 0 0 0 1 0 0 0 0
300	2	1 1 1 1 0 0 0 1 0 0 1 1 0 0 0 1
300	1	1 1 0 1 0 0 0 1 1 0 1 0 0 0 0 0
300	1	0 1 1 1 0 0 0 1 1 0 0 1 0 0 0 1
300	2	1 1 1 1 0 0 0 1 0 0 1 0 0 1 0 0
300	4	0 1 1 1 0 1 0 0 1 0 0 1 1 0 0 0
300	2	0 1 1 0 0 0 0 0 1 0 0 1 1 0 0 0
300	1	0 1 1 1 1 0 0 1 1 0 1 0 1 0 0 0
300	1	0 1 1 1 0 0 0 1 0 0 0 1 0 0 0 1
300	2	0 1 1 0 0 0 0 0 1 1 1 0 0 0 0 0
320	12	1 1 1 1 0 0 0 0 1 0 0 1 0 0 0 0
320	164	1 1 1 1 0 0 0 1 1 0 1 0 0 0 0 0
320	62	1 1 1 1 0 0 0 0 1 0 1 0 0 0 0 0
320	15	1 1 1 1 0 1 0 1 0 0 0 1 0 0 0 0
320	6	1 1 1 1 0 0 0 0 0 0 0 1 0 0 0 1
320	3	1 1 1 1 0 0 0 0 1 0 0 0 0 0 0 0
320	4	0 1 1 1 1 0 0 1 1 1 0 0 0 0 0 0
320	10	1 1 1 1 1 0 0 0 1 0 1 0 0 0 0 0
320	7	1 1 1 1 1 0 1 1 1 0 0 1 0 0 0 0
320	17	1 1 1 1 0 0 0 1 1 1 0 0 0 0 0 0
320	15	1 1 1 1 0 0 0 0 1 0 0 0 0 0 0 1
320	2	1 1 0 1 1 0 1 1 1 0 1 1 1 0 0 0
320	27	1 1 1 1 1 0 0 1 1 1 1 0 0 0 0 0
320	26	0 1 1 1 0 0 0 0 1 0 1 0 0 0 0 0
320	24	1 0 1 1 0 1 0 0 1 0 0 1 0 0 0 0
320	12	1 1 1 1 1 0 1 0 0 0 0 1 0 0 0 0
320	21	1 1 1 1 1 0 0 0 1 0 1 1 0 0 0 0
320	36	0 0 1 1 0 0 0 1 1 1 0 0 0 0 0 0
320	35	1 1 1 1 1 0 1 0 1 0 1 0 0 0 0 0
320	5	0 1 1 1 1 0 0 0 1 1 0 1 0 0 0 0
320	38	1 1 1 1 1 0 1 1 1 0 1 0 0 0 0 0
320	10	0 1 1 0 1 0 0 0 1 0 0 1 0 0 0 0
320	9	1 1 1 1 1 1 0 1 1 0 1 0 0 0 0 0
320	25	1 1 1 1 0 0 0 1 1 1 0 1 0 0 0 1
320	8	0 1 1 1 0 0 0 0 1 0 0 1 1 0 0 0
320	38	1 1 1 1 0 0 0 0 1 0 1 1 0 0 0 0
320	10	0 1 1 1 0 0 1 1 1 0 1 0 0 0 0 1
320	3	1 1 1 1 0 1 0 0 0 0 0 0 0 1 0 0
320	5	1 1 1 1 0 0 0 1 1 0 0 1 0 0 0 0
320	12	1 1 1 1 1 0 1 0 1 0 1 1 0 0 0 0
320	8	0 1 1 1 0 0 0 0 1 0 1 1 0 0 0 0
320	17	1 1 1 1 0 0 1 1 1 0 1 0 0 0 0 0
320	18	1 1 1 0 0 0 0 1 1 0 1 0 0 0 0 0
320	6	1 1 1 1 0 0 0 1 1 1 0 1 0 0 0 0
320	5	1 1 1 1 0 0 0 1 0 0 1 1 0 0 0 0
320	18	1 1 1 1 0 0 1 1 0 0 1 0 0 0 0 0
320	4	1 1 1 1 0 0 0 0 1 1 0 0 1 1 0 0
320	10	0 1 1 1 0 1 0 0 1 0 0 1 1 0 0 0
320	25	0 1 1 1 0 0 0 0 1 0 0 1 0 0 0 0
320	7	1 1 1 1 0 0 0 1 1 0 0 0 0 0 0 0
320	26	1 1 1 1 1 0 1 1 0 0 1 0 0 0 0 0
320	10	1 1 1 1 1 0 0 1 0 1 1 0 0 0 0 0
320	10	0 1 1 1 0 0 0 0 1 0 0 1 1 0 0 1
320	3	0 0 1 1 0 0 0 0 1 0 1 1 0 0 0 0
320	8	0 1 1 1 0 0 1 1 1 0 1 0 0 0 1 0
320	4	1 1 1 1 0 0 0 1 1 0 1 0 1 0 0 0
320	4	1 1 1 1 1 0 0 1 0 0 0 1 0 0 0 1
320	5	1 1 1 1 0 0 0 1 0 0 1 0 0 0 0 0
320	3	1 1 0 1 1 0 1 1 1 0 1 1 1 0 0 1
320	8	1 1 0 0 1 0 1 1 1 0 1 1 1 0 0 0
320	1	0 1 1 1 0 1 1 1 1 0 1 0 0 0 0 1
320	6	0 1 1 1 0 1 0 0 1 0 0 0 0 0 0 0
320	4	0 1 1 0 0 0 0 0 1 0 1 0 0 0 0 0
320	6	0 1 1 1 0 0 1 0 1 0 1 0 0 0 0 0
320	1	1 1 1 1 0 0 1 1 1 0 1 0 1 0 0 0
320	11	0 1 1 1 0 0 0 1 1 1 0 0 0 0 0 0
320	3	0 1 1 1 0 0 0 0 1 0 0 0 0 1 0 0
320	1	0 1 0 1 0 0 0 0 1 0 1 0 0 0 0 0
320	4	1 1 1 1 0 0 0 1 1 0 0 0 0 1 0 0
320	8	1 1 1 1 0 0 0 1 1 0 1 1 0 0 0 0
320	15	1 1 1 1 0 0 0 0 0 0 1 0 0 0 0 0
320	2	1 1 1 1 0 0 0 0 1 0 0 1 1 0 0 1
320	6	0 0 1 1 0 0 0 1 1 1 0 0 0 0 0 1
320	1	0 1 0 1 0 0 0 1 1 0 1 0 0 0 0 0
320	2	0 1 1 1 1 0 0 0 1 0 1 0 0 0 0 0
320	1	1 0 1 1 0 1 0 0 0 0 0 1 0 0 0 0
320	4	0 0 1 1 0 0 0 1 1 1 1 0 0 0 0 0
320	7	1 1 1 1 0 0 0 1 0 1 0 0 0 0 0 0
320	2	1 1 1 1 1 0 0 1 1 1 1 0 0 1 0 0
320	1	0 1 1 1 1 0 0 0 1 1 0 0 0 0 0 0
320	2	1 1 1 0 1 0 1 1 1 0 1 0 0 0 0 0
320	3	1 1 1 1 0 1 0 0 1 0 1 1 1 0 0 0
320	3	1 1 0 1 0 0 0 0 0 0 0 1 0 0 0 1
320	1	1 1 1 1 1 0 0 0 1 0 1 0 0 0 0 1
320	2	1 1 1 1 1 0 0 1 1 1 1 0 1 0 0 0
320	4	0 0 1 1 1 0 0 1 1 1 0 0 0 0 0 0
320	2	1 1 1 1 1 0 1 1 1 0 1 0 0 0 0 1
320	4	0 1 0 1 0 0 0 0 1 0 1 1 0 0 0 0
320	1	1 1 1 1 0 1 0 0 1 0 0 1 1 0 0 0
320	1	1 1 1 1 1 0 0 1 0 0 0 1 0 0 1 1
320	4	1 1 1 1 1 0 0 1 1 0 1 0 0 0 0 0
320	1	1 0 1 1 0 1 0 0 1 0 1 0 0 0 0 0
320	1	0 0 1 1 0 0 0 0 1 0 0 0 0 0 0 0
320	3	1 1 1 1 0 1 0 0 1 0 0 1 0 0 0 0
320	1	1 1 1 1 0 0 0 1 1 0 1 0 0 1 0 0
320	1	1 1 1 1 0 0 0 0 0 0 1 1 0 0 0 1
320	6	1 1 1 1 0 0 0 1 1 1 0 0 1 0 0 0
320	2	0 1 0 0 1 0 1 1 1 0 1 1 1 0 0 0
320	1	1 1 1 1 0 1 0 1 0 0 0 1 0 1 0 0
320	1	1 1 1 1 1 0 0 1 1 1 1 1 0 0 0 0
320	1	1 1 1 1 1 1 1 0 0 0 0 1 0 0 0 0
320	2	1 1 1 0 0 0 0 1 1 1 0 1 0 0 0 1
320	1	1 1 1 1 0 0 0 1 0 0 1 1 0 0 1 0
320	1	0 1 1 1 0 0 0 0 1 0 0 1 0 1 0 0
320	3	0 1 1 1 0 1 0 0 1 1 0 0 0 0 0 0
320	2	1 0 1 1 0 0 0 0 0 0 1 0 0 0 0 0
340	145	1 1 1 1 0 0 0 1 1 0 1 0 0 0 0 0
340	42	1 1 1 1 0 0 0 0 1 0 1 0 0 0 0 0
340	15	1 1 1 1 0 1 0 1 0 0 0 1 0 0 0 0
340	12	1 1 1 1 1 0 0 0 1 0 1 0 0 0 0 0
340	5	1 1 1 1 0 0 0 0 1 0 0 0 0 0 0 1
340	43	1 1 1 1 1 0 0 1 1 1 1 0 0 0 0 0
340	55	0 1 1 1 0 0 0 0 1 0 1 0 0 0 0 0
340	50	1 0 1 1 0 1 0 0 1 0 0 1 0 0 0 0
340	31	1 1 1 1 1 0 1 0 0 0 0 1 0 0 0 0
340	13	1 1 1 1 1 0 0 0 1 0 1 1 0 0 0 0
340	28	0 0 1 1 0 0 0 1 1 1 0 0 0 0 0 0
340	8	1 1 1 1 1 0 1 0 1 0 1 0 0 0 0 0
340	84	1 1 1 1 1 0 1 1 1 0 1 0 0 0 0 0
340	3	0 1 1 0 1 0 0 0 1 0 0 1 0 0 0 0
340	8	0 1 1 1 0 0 0 0 1 0 0 1 1 0 0 0
340	31	1 1 1 1 0 0 0 0 1 0 1 1 0 0 0 0
340	8	1 1 1 1 0 0 1 1 1 0 1 0 0 0 0 0
340	10	1 1 1 0 0 0 0 1 1 0 1 0 0 0 0 0
340	20	0 1 1 1 0 0 0 0 1 0 0 1 0 0 0 0
340	12	1 1 1 1 0 0 0 1 1 0 0 0 0 0 0 0
340	5	1 1 1 1 1 0 1 1 0 0 1 0 0 0 0 0
340	15	1 1 1 1 1 0 0 1 0 1 1 0 0 0 0 0
340	1	0 1 1 0 0 0 0 0 1 0 1 0 0 0 0 0
340	11	0 1 1 1 0 0 1 0 1 0 1 0 0 0 0 0
340	4	1 1 1 1 0 0 0 1 1 0 0 0 0 1 0 0
340	45	1 1 1 1 0 0 0 0 0 0 1 0 0 0 0 0
340	6	0 1 1 1 1 0 0 0 1 0 1 0 0 0 0 0
340	10	1 1 1 1 0 0 0 1 0 1 0 0 0 0 0 0
340	23	1 1 1 1 1 0 0 1 1 0 1 0 0 0 0 0
340	8	0 1 1 1 0 0 0 0 1 0 1 0 1 0 0 0
340	5	1 1 1 1 0 0 0 0 1 0 1 0 0 0 0 1
340	3	1 1 1 1 1 0 0 1 0 0 0 1 0 0 0 0
340	25	1 1 1 1 0 0 0 1 1 1 1 0 0 0 0 0
340	6	1 1 1 1 1 0 0 1 0 0 1 0 0 0 0 0
340	21	1 1 1 1 0 0 0 1 1 0 0 0 0 0 0 1
340	1	1 1 1 1 0 0 1 0 1 0 1 0 0 0 0 0
340	8	0 1 1 1 0 0 0 0 1 0 0 0 1 0 0 0
340	19	1 1 1 1 1 0 0 1 1 0 0 0 0 0 0 0
340	7	1 1 0 1 1 0 1 1 1 0 1 0 0 0 0 0
340	3	1 1 1 1 1 1 0 1 1 0 1 0 1 0 0 0
340	13	1 1 1 0 0 0 0 0 1 1 0 0 1 1 0 0
340	2	0 1 1 1 1 0 0 1 0 0 0 1 0 0 0 1
340	4	1 1 1 1 1 0 0 0 1 0 1 0 0 0 0 1
340	3	1 0 1 1 1 1 0 0 1 0 0 1 0 0 0 0
340	7	1 1 1 1 1 1 1 1 1 0 1 0 0 0 0 0
340	2	1 1 1 1 1 0 1 0 1 1 1 1 0 0 0 0
340	8	0 1 1 1 0 0 0 1 1 0 1 0 0 0 0 0
340	1	1 1 1 1 0 0 0 0 1 0 1 1 0 1 0 0
340	6	1 1 1 1 0 0 0 1 1 1 0 0 0 0 0 0
340	8	1 1 1 1 0 1 0 0 1 0 0 1 0 0 0 0
340	3	0 0 1 1 0 0 0 0 1 0 1 0 0 0 0 0
340	9	1 1 0 1 0 0 0 0 0 0 1 0 0 0 0 0
340	2	1 1 1 1 1 1 0 1 1 0 0 0 0 0 0 0
340	7	1 0 1 1 0 0 0 1 1 0 1 0 0 0 0 0
340	6	1 1 1 1 0 0 0 1 1 0 1 0 0 1 0 0
340	2	1 1 1 1 1 0 1 0 1 0 0 1 0 0 0 0
340	1	1 1 1 1 1 0 1 0 0 0 0 1 0 0 1 0
340	3	1 0 1 1 0 0 0 0 1 0 1 0 0 0 0 0
340	9	1 1 1 1 1 0 1 1 1 0 1 1 0 0 0 0
340	1	0 1 1 1 0 0 0 1 1 1 1 0 0 0 0 0
340	1	1 1 1 1 0 0 0 1 1 1 0 0 1 1 0 0
340	3	1 0 1 0 0 1 0 0 1 0 0 1 0 0 0 0
340	2	1 1 0 1 0 0 0 1 1 0 1 0 0 0 0 1
340	1	1 1 1 0 1 0 0 1 0 0 1 0 0 0 0 0
340	3	1 1 1 0 0 0 0 0 0 1 0 0 1 1 0 0
340	4	1 1 1 1 1 0 1 0 0 0 1 0 0 0 0 0
340	1	0 0 1 1 0 0 0 1 1 0 1 0 0 0 0 0
340	1	1 1 1 1 1 0 0 1 1 1 0 0 0 0 0 0
340	2	1 1 1 1 1 0 1 0 1 0 1 0 1 0 0 0
340	2	1 1 1 1 0 0 0 0 1 0 1 1 1 0 0 0
340	1	1 1 1 1 0 0 0 0 0 1 1 0 0 0 0 0
340	1	1 1 1 1 0 1 0 1 1 0 1 1 0 0 0 0
340	6	1 1 1 1 1 0 1 0 0 0 0 0 0 0 0 1
340	1	1 1 1 1 0 0 0 1 1 0 1 0 0 0 1 0
340	2	1 1 1 1 0 1 0 0 0 0 0 1 0 0 0 0
340	3	1 1 1 1 1 0 0 1 0 1 1 0 0 1 0 0
340	1	1 1 1 1 0 0 0 0 0 0 1 0 0 0 0 1
340	2	1 1 0 0 0 0 0 0 1 1 0 0 1 1 0 0
340	2	1 1 1 1 0 0 0 1 1 1 0 0 0 0 1 0
340	1	0 1 1 1 0 0 1 1 1 1 1 0 0 0 0 0
340	1	1 1 0 1 0 0 0 1 1 1 1 0 0 0 0 1
340	1	1 1 1 1 1 0 0 1 0 0 0 0 0 0 0 0
340	2	1 1 1 1 0 0 0 1 1 0 1 0 1 0 0 0
340	1	0 1 1 1 1 0 1 0 0 0 0 1 0 0 0 0
340	1	1 1 1 1 0 0 1 1 1 0 0 0 0 0 0 0
340	3	1 1 1 1 1 0 0 1 1 0 1 0 0 1 0 0
340	3	1 1 1 1 1 0 0 1 0 1 0 1 0 0 0 0
340	2	0 1 1 1 1 0 0 0 1 0 0 0 1 0 0 0
360	177	1 1 1 1 0 0 0 1 1 0 1 0 0 0 0 0
360	52	1 1 1 1 0 0 0 0 1 0 1 0 0 0 0 0
360	5	1 1 1 1 0 1 0 1 0 0 0 1 0 0 0 0
360	1	1 1 1 1 0 0 0 0 1 0 0 0 0 0 0 1
360	27	1 1 1 1 1 0 0 1 1 1 1 0 0 0 0 0
360	29	0 1 1 1 0 0 0 0 1 0 1 0 0 0 0 0
360	7	1 0 1 1 0 1 0 0 1 0 0 1 0 0 0 0
360	9	1 1 1 1 1 0 1 0 0 0 0 1 0 0 0 0
360	18	0 0 1 1 0 0 0 1 1 1 0 0 0 0 0 0
360	66	1 1 1 1 1 0 1 1 1 0 1 0 0 0 0 0
360	2	0 1 1 1 0 0 0 0 1 0 0 1 1 0 0 0
360	11	1 1 1 1 0 0 0 0 1 0 1 1 0 0 0 0
360	2	1 1 1 1 0 0 1 1 1 0 1 0 0 0 0 0
360	19	0 1 1 1 0 0 0 0 1 0 0 1 0 0 0 0
360	23	1 1 1 1 0 0 0 1 1 0 0 0 0 0 0 0
360	4	1 1 1 1 1 0 0 1 0 1 1 0 0 0 0 0
360	1	1 1 1 1 0 0 0 1 1 0 0 0 0 1 0 0
360	33	1 1 1 1 0 0 0 0 0 0 1 0 0 0 0 0
360	36	1 1 1 1 1 0 0 1 1 0 1 0 0 0 0 0
360	26	1 1 1 1 0 0 0 1 1 1 1 0 0 0 0 0
360	19	1 1 1 1 1 0 0 1 0 0 1 0 0 0 0 0
360	11	1 1 1 1 0 0 0 1 1 0 0 0 0 0 0 1
360	3	0 1 1 1 0 0 0 0 1 0 0 0 1 0 0 0
360	19	1 1 1 1 1 0 0 1 1 0 0 0 0 0 0 0
360	5	0 1 1 1 1 0 0 1 0 0 0 1 0 0 0 1
360	11	0 1 1 1 0 0 0 1 1 0 1 0 0 0 0 0
360	14	1 1 1 1 0 0 0 0 1 0 1 1 0 1 0 0
360	4	1 0 1 1 0 0 0 1 1 0 1 0 0 0 0 0
360	14	1 1 1 1 1 0 1 0 1 0 0 1 0 0 0 0
360	2	1 0 1 1 0 0 0 0 1 0 1 0 0 0 0 0
360	15	1 1 1 1 1 0 1 1 1 0 1 1 0 0 0 0
360	26	1 1 1 1 0 1 0 0 0 0 0 1 0 0 0 0
360	4	1 1 1 1 0 0 0 0 0 0 1 0 0 0 0 1
360	1	1 1 1 1 0 0 0 1 1 0 1 0 0 1 1 0
360	4	1 0 1 1 0 1 0 0 1 0 0 1 0 0 0 1
360	22	1 1 1 1 0 1 0 1 1 0 1 0 0 0 0 0
360	3	1 0 1 1 0 1 0 1 1 0 0 1 0 0 0 0
360	20	1 1 1 0 0 0 0 1 0 0 1 0 0 0 0 0
360	14	1 1 1 1 1 0 1 0 0 0 0 0 0 0 0 0
360	2	1 1 0 1 1 0 0 1 1 0 1 0 0 0 0 0
360	20	0 1 1 1 1 0 0 1 0 0 0 1 0 0 0 0
360	8	1 0 1 1 0 0 0 0 1 0 0 1 0 0 0 0
360	8	0 0 1 1 1 0 0 1 1 1 1 0 0 0 0 0
360	13	1 1 1 1 0 0 0 0 1 1 1 0 0 0 0 0
360	2	1 1 1 1 1 0 0 1 0 0 0 1 0 0 0 1
360	21	1 1 1 1 0 1 0 1 1 0 0 0 0 0 0 0
360	4	1 1 1 1 1 0 1 1 1 0 1 0 0 1 0 0
360	5	1 1 1 1 0 0 0 1 0 0 1 0 0 0 0 0
360	6	0 1 1 1 1 0 0 1 0 0 0 0 0 0 0 1
360	10	1 1 1 1 1 1 0 1 1 1 1 0 0 0 0 0
360	10	1 1 1 0 0 0 0 1 0 0 1 0 0 0 1 0
360	16	1 1 1 1 1 0 0 1 0 0 0 1 0 0 0 0
360	3	1 1 1 1 0 0 0 0 1 0 1 0 0 0 0 1
360	3	1 1 1 1 0 0 0 1 1 0 1 1 0 0 0 0
360	1	0 1 0 1 0 0 0 0 0 0 1 1 0 0 0 0
360	9	1 1 1 1 0 0 0 0 0 0 0 1 0 0 0 0
360	1	1 1 1 1 1 0 0 0 1 0 0 0 0 0 0 1
360	4	0 1 1 1 1 0 0 1 1 0 0 0 0 0 0 0
360	5	1 1 1 1 0 0 0 0 1 0 0 0 1 0 0 0
360	2	1 1 1 1 1 0 1 0 0 0 1 1 0 1 0 0
360	1	1 1 1 0 0 0 0 0 0 0 1 0 0 0 0 0
360	8	1 1 1 1 0 0 0 1 1 0 1 0 0 1 0 0
360	1	1 1 1 1 0 0 1 0 1 0 1 0 0 0 0 0
360	3	1 1 1 1 1 0 1 1 1 1 1 0 0 0 0 0
360	1	1 1 1 1 1 0 0 0 1 0 1 1 0 1 0 0
360	8	0 1 1 1 0 0 0 0 1 0 1 1 0 0 0 0
360	3	1 1 1 1 0 1 0 0 1 0 0 0 0 0 0 1
360	1	0 0 1 1 0 0 0 0 1 0 1 0 0 0 0 0
360	3	1 1 1 1 0 0 1 0 0 0 0 0 0 0 0 0
360	6	0 1 1 1 1 0 0 0 1 0 1 0 0 0 0 0
360	2	1 1 1 0 0 0 0 0 1 0 1 0 0 0 0 0
360	1	0 1 1 1 0 1 0 1 0 0 0 1 0 0 0 0
360	8	1 1 1 1 0 0 1 1 1 1 1 0 0 0 0 0
360	1	1 1 1 0 0 1 0 1 1 0 1 0 0 0 0 0
360	3	1 0 1 1 0 1 0 1 1 1 0 1 0 0 0 0
360	8	1 1 1 1 1 0 0 0 1 0 1 0 0 0 0 0
360	4	0 1 1 1 1 0 1 0 0 0 0 0 0 0 0 0
360	2	1 1 1 1 1 0 0 1 0 0 0 0 0 0 0 0
360	1	1 1 0 1 1 0 0 1 1 0 0 0 0 0 0 0
360	1	0 1 1 1 0 1 0 0 0 0 1 0 0 0 0 0
360	1	1 1 1 1 0 0 0 1 1 0 0 1 0 0 0 0
360	1	1 1 1 1 0 0 1 0 1 0 0 0 0 0 0 1
360	2	1 1 0 1 1 0 1 1 1 0 1 0 0 0 0 0
360	1	1 1 1 1 0 0 1 1 1 0 1 1 0 0 0 0
360	1	1 1 1 0 1 0 1 0 1 0 0 1 0 0 0 0
360	1	1 1 1 1 0 0 0 1 1 0 1 0 0 0 1 0
360	1	1 1 1 1 1 0 0 0 1 0 0 1 0 0 0 1
360	1	1 1 1 0 0 0 0 1 1 0 1 0 0 0 0 0
360	2	1 1 1 1 0 1 0 0 1 0 0 0 0 0 0 0
360	1	1 1 0 1 0 1 0 1 0 0 0 1 0 0 0 0
360	4	1 1 1 1 1 0 1 0 0 0 0 1 1 0 0 0
360	1	0 1 1 1 1 0 1 1 1 0 1 0 0 0 0 0
360	1	1 1 1 1 1 0 0 1 1 0 0 0 0 0 1 0
360	2	1 1 1 1 1 1 0 1 1 0 1 0 0 0 0 0
360	1	1 1 1 0 1 0 0 1 0 0 1 0 0 0 0 0
360	1	0 1 1 1 0 0 1 0 1 0 1 1 0 0 0 0
380	115	1 1 1 1 0 0 0 1 1 0 1 0 0 0 0 0
380	20	1 1 1 1 0 0 0 0 1 0 1 0 0 0 0 0
380	4	1 1 1 1 0 1 0 1 0 0 0 1 0 0 0 0
380	19	1 1 1 1 1 0 0 1 1 1 1 0 0 0 0 0
380	3	0 1 1 1 0 0 0 0 1 0 1 0 0 0 0 0
380	9	1 1 1 1 1 0 1 0 0 0 0 1 0 0 0 0
380	16	0 0 1 1 0 0 0 1 1 1 0 0 0 0 0 0
380	30	1 1 1 1 1 0 1 1 1 0 1 0 0 0 0 0
380	29	0 1 1 1 0 0 0 0 1 0 0 1 0 0 0 0
380	14	1 1 1 1 0 0 0 1 1 0 0 0 0 0 0 0
380	66	1 1 1 1 0 0 0 0 0 0 1 0 0 0 0 0
380	31	1 1 1 1 1 0 0 1 1 0 1 0 0 0 0 0
380	37	1 1 1 1 0 0 0 1 1 1 1 0 0 0 0 0
380	9	1 1 1 1 1 0 0 1 0 0 1 0 0 0 0 0
380	29	1 1 1 1 0 0 0 1 1 0 0 0 0 0 0 1
380	2	0 1 1 1 0 0 0 0 1 0 0 0 1 0 0 0
380	27	1 1 1 1 1 0 0 1 1 0 0 0 0 0 0 0
380	16	0 1 1 1 1 0 0 1 0 0 0 1 0 0 0 1
380	1	0 1 1 1 0 0 0 1 1 0 1 0 0 0 0 0
380	5	1 0 1 1 0 0 0 1 1 0 1 0 0 0 0 0
380	5	1 1 1 1 1 0 1 0 1 0 0 1 0 0 0 0
380	22	1 0 1 1 0 0 0 0 1 0 1 0 0 0 0 0
380	4	1 1 1 1 1 0 1 1 1 0 1 1 0 0 0 0
380	64	1 1 1 1 0 1 0 0 0 0 0 1 0 0 0 0
380	31	1 1 1 1 0 1 0 1 1 0 1 0 0 0 0 0
380	3	1 1 1 0 0 0 0 1 0 0 1 0 0 0 0 0
380	12	1 1 1 1 1 0 1 0 0 0 0 0 0 0 0 0
380	5	1 1 0 1 1 0 0 1 1 0 1 0 0 0 0 0
380	19	0 1 1 1 1 0 0 1 0 0 0 1 0 0 0 0
380	5	1 0 1 1 0 0 0 0 1 0 0 1 0 0 0 0
380	5	1 1 1 1 0 0 0 0 1 1 1 0 0 0 0 0
380	9	1 1 1 1 0 1 0 1 1 0 0 0 0 0 0 0
380	7	1 1 1 1 1 0 1 1 1 0 1 0 0 1 0 0
380	5	1 1 1 1 0 0 0 1 0 0 1 0 0 0 0 0
380	3	0 1 1 1 1 0 0 1 0 0 0 0 0 0 0 1
380	7	1 1 1 0 0 0 0 1 0 0 1 0 0 0 1 0
380	10	1 1 1 1 1 0 0 1 0 0 0 1 0 0 0 0
380	4	1 1 1 1 0 0 0 1 1 0 1 1 0 0 0 0
380	15	1 1 1 1 0 0 0 0 0 0 0 1 0 0 0 0
380	7	1 1 1 1 0 0 0 1 1 0 1 0 0 1 0 0
380	10	1 1 1 1 1 0 1 1 1 1 1 0 0 0 0 0
380	21	0 1 1 1 0 0 0 0 1 0 1 1 0 0 0 0
380	1	0 1 1 1 1 0 0 0 1 0 1 0 0 0 0 0
380	3	1 1 1 0 0 0 0 0 1 0 1 0 0 0 0 0
380	2	1 1 1 1 0 0 1 1 1 1 1 0 0 0 0 0
380	12	1 1 1 1 1 0 0 0 1 0 1 0 0 0 0 0
380	4	0 1 1 1 1 0 1 0 0 0 0 0 0 0 0 0
380	5	1 1 1 1 0 1 0 0 1 0 0 0 0 0 0 0
380	3	1 1 1 1 0 0 0 1 1 1 1 0 0 0 0 1
380	8	1 1 1 1 1 0 1 1 1 0 0 0 0 0 0 0
380	8	0 1 1 0 0 0 0 0 1 0 0 1 0 0 0 0
380	2	0 0 1 1 0 0 0 1 1 1 1 0 0 0 0 0
380	8	1 1 1 1 0 0 0 0 1 0 0 0 0 0 0 0
380	2	0 1 1 1 1 0 0 1 0 1 0 1 0 0 0 0
380	2	1 0 1 1 0 1 0 1 1 0 0 0 0 0 0 0
380	17	1 1 1 1 0 0 0 1 1 0 1 0 0 0 0 1
380	1	1 1 1 1 1 0 1 1 1 0 1 0 1 0 0 0
380	17	1 1 1 1 1 0 0 0 0 0 0 0 0 0 0 0
380	5	1 1 1 1 0 0 0 1 0 0 0 1 0 0 0 0
380	6	1 1 1 1 0 0 0 0 1 1 1 1 0 0 0 0
380	9	1 1 1 0 1 0 1 0 1 0 0 1 0 0 0 0
380	1	1 1 1 1 0 0 0 0 0 0 0 1 0 0 1 0
380	1	1 1 1 1 1 0 0 0 1 0 0 1 0 0 0 0
380	3	1 1 1 1 1 0 1 0 0 1 1 0 0 0 0 0
380	2	1 1 1 1 0 1 0 0 1 0 0 1 0 0 0 0
380	1	1 1 1 1 0 0 0 1 1 0 0 0 0 0 1 1
380	3	1 0 1 1 0 0 0 1 1 1 0 0 0 0 0 1
380	1	1 1 1 1 0 0 0 0 1 0 1 0 1 0 0 0
380	5	0 1 1 1 0 0 0 0 1 1 1 0 0 0 0 0
380	2	0 0 1 1 0 0 0 1 1 0 1 0 0 0 0 0
380	7	0 0 1 1 0 0 0 1 1 0 0 0 0 0 0 0
380	1	1 1 1 1 1 0 0 1 1 0 1 0 0 0 1 0
380	4	1 1 1 1 1 0 0 1 1 0 0 0 0 0 0 1
380	1	1 1 1 1 0 0 1 1 1 0 0 0 0 0 0 1
380	5	1 1 1 1 0 0 0 0 1 1 1 0 1 0 0 0
380	1	1 1 1 1 0 1 0 1 1 0 0 0 1 0 0 0
380	11	0 1 1 1 1 0 0 1 0 0 0 1 0 1 0 1
380	3	1 0 1 1 0 0 0 1 1 0 1 0 0 0 0 1
380	6	1 1 1 1 0 0 0 0 1 1 0 0 0 0 0 0
380	9	0 1 1 1 0 0 0 0 0 0 0 1 0 0 0 0
380	1	1 1 1 1 0 0 0 0 1 0 1 1 0 0 0 0
380	1	1 0 1 1 0 0 0 0 0 0 0 1 0 0 0 0
380	2	1 1 0 1 0 0 0 0 0 0 1 0 0 0 0 0
380	5	0 0 1 1 0 0 0 0 1 1 1 0 1 0 0 0
380	3	0 1 1 1 1 0 0 0 1 0 1 0 0 0 0 1
380	2	1 1 0 1 0 0 0 1 1 0 1 0 0 0 0 0
380	2	0 1 1 1 1 0 0 1 0 0 0 1 1 0 0 1
380	1	1 1 1 1 1 0 1 1 1 0 0 0 0 1 0 0
380	4	1 1 1 1 1 0 1 1 0 0 0 1 0 0 0 0
380	2	0 1 1 1 0 0 0 0 1 0 1 1 0 1 0 0
380	6	1 1 1 0 0 0 0 0 1 0 0 0 0 0 0 0
380	8	1 1 0 1 0 0 0 1 1 0 1 0 0 0 0 1
380	1	1 1 1 1 0 0 0 0 0 0 1 1 0 0 0 0
380	5	1 1 1 1 1 0 0 1 1 0 1 1 0 0 0 0
380	2	0 1 1 1 1 0 1 0 1 0 1 0 0 0 0 0
380	4	0 1 1 1 0 0 0 1 1 0 1 0 0 0 0 1
380	1	1 1 1 1 0 0 0 1 1 0 0 1 0 0 0 0
380	1	1 1 1 1 0 1 0 0 0 0 0 1 0 0 1 0
380	1	1 1 1 1 1 1 0 1 1 0 0 0 0 0 0 0
380	1	1 1 1 1 1 1 1 1 1 0 1 0 0 1 0 0
380	3	0 1 1 1 1 0 1 0 0 0 0 0 1 0 0 0
380	1	1 1 1 1 1 0 0 0 0 0 1 0 0 0 0 0
380	2	1 0 1 1 1 0 0 1 1 1 0 0 0 0 0 1
380	2	0 1 1 1 1 0 0 0 0 0 0 1 0 0 0 0
380	2	1 1 1 0 0 1 0 0 1 0 0 0 0 0 0 0
400	104	1 1 1 1 0 0 0 1 1 0 1 0 0 0 0 0
400	22	1 1 1 1 1 0 0 1 1 1 1 0 0 0 0 0
400	11	0 1 1 1 0 0 0 0 1 0 1 0 0 0 0 0
400	1	1 1 1 1 1 0 1 1 1 0 1 0 0 0 0 0
400	32	1 1 1 1 0 0 0 1 1 0 0 0 0 0 0 0
400	46	1 1 1 1 0 0 0 0 0 0 1 0 0 0 0 0
400	30	1 1 1 1 1 0 0 1 1 0 1 0 0 0 0 0
400	31	1 1 1 1 0 0 0 1 1 1 1 0 0 0 0 0
400	15	1 1 1 1 1 0 0 1 0 0 1 0 0 0 0 0
400	21	1 1 1 1 0 0 0 1 1 0 0 0 0 0 0 1
400	5	1 1 1 1 1 0 0 1 1 0 0 0 0 0 0 0
400	32	0 1 1 1 1 0 0 1 0 0 0 1 0 0 0 1
400	8	1 0 1 1 0 0 0 1 1 0 1 0 0 0 0 0
400	13	1 0 1 1 0 0 0 0 1 0 1 0 0 0 0 0
400	9	1 1 1 1 1 0 1 1 1 0 1 1 0 0 0 0
400	20	1 1 1 1 0 1 0 0 0 0 0 1 0 0 0 0
400	39	1 1 1 1 0 1 0 1 1 0 1 0 0 0 0 0
400	27	1 1 1 1 1 0 1 0 0 0 0 0 0 0 0 0
400	6	1 1 0 1 1 0 0 1 1 0 1 0 0 0 0 0
400	9	0 1 1 1 1 0 0 1 0 0 0 1 0 0 0 0
400	1	1 1 1 1 0 0 0 0 1 1 1 0 0 0 0 0
400	18	1 1 1 1 0 1 0 1 1 0 0 0 0 0 0 0
400	16	1 1 1 1 0 0 0 1 0 0 1 0 0 0 0 0
400	9	1 1 1 1 1 0 0 1 0 0 0 1 0 0 0 0
400	12	1 1 1 1 0 0 0 0 0 0 0 1 0 0 0 0
400	32	1 1 1 1 0 0 0 1 1 0 1 0 0 1 0 0
400	8	1 1 1 1 1 0 1 1 1 1 1 0 0 0 0 0
400	17	0 1 1 1 0 0 0 0 1 0 1 1 0 0 0 0
400	12	1 1 1 1 1 0 0 0 1 0 1 0 0 0 0 0
400	1	1 1 1 1 0 1 0 0 1 0 0 0 0 0 0 0
400	9	1 1 1 1 0 0 0 0 1 0 0 0 0 0 0 0
400	3	1 1 1 1 0 0 0 1 1 0 1 0 0 0 0 1
400	3	1 1 1 1 1 0 1 0 0 1 1 0 0 0 0 0
400	12	1 0 1 1 0 0 0 1 1 1 0 0 0 0 0 1
400	4	0 1 1 1 0 0 0 0 1 1 1 0 0 0 0 0
400	10	1 1 1 1 1 0 0 1 1 0 1 0 0 0 1 0
400	46	1 1 1 1 0 0 0 0 1 1 1 0 1 0 0 0
400	8	1 0 1 1 0 0 0 0 0 0 0 1 0 0 0 0
400	7	0 0 1 1 0 0 0 0 1 1 1 0 1 0 0 0
400	1	1 1 0 1 0 0 0 1 1 0 1 0 0 0 0 1
400	5	1 1 1 1 0 0 0 1 1 0 0 1 0 0 0 0
400	17	1 1 1 1 1 0 0 0 0 0 1 0 0 0 0 0
400	2	1 1 1 0 0 1 0 0 1 0 0 0 0 0 0 0
400	21	1 1 0 1 1 0 0 1 1 1 1 0 0 0 0 0
400	7	1 1 1 1 0 0 0 0 0 0 1 0 1 0 0 0
400	7	0 1 1 1 0 1 0 0 1 0 1 0 0 0 0 0
400	3	0 0 1 1 0 0 0 0 1 1 0 0 0 0 0 0
400	4	0 1 1 1 1 0 0 1 0 0 0 0 0 0 0 0
400	19	1 1 1 1 0 0 0 1 1 0 1 1 0 0 0 0
400	16	1 1 1 1 0 1 1 0 0 0 0 1 0 0 0 0
400	11	1 0 1 1 0 0 0 0 1 0 1 1 0 0 0 0
400	2	1 0 1 1 0 0 0 0 0 0 1 0 0 0 0 0
400	7	1 1 1 1 0 0 0 1 0 0 0 1 0 0 0 1
400	8	0 1 1 1 1 0 0 0 0 0 1 1 0 0 0 0
400	7	1 0 1 1 1 0 0 1 1 0 0 0 0 0 0 0
400	3	1 0 1 1 0 1 0 1 1 0 1 0 0 0 0 0
400	8	1 1 0 1 0 0 0 0 1 0 1 0 0 0 0 1
400	2	1 1 1 1 1 1 1 1 1 0 1 0 0 0 0 0
400	10	1 1 1 1 0 0 0 1 1 1 1 0 0 0 1 0
400	2	1 1 1 1 0 0 0 1 1 1 1 1 0 0 0 0
400	1	1 0 1 1 0 1 0 0 0 0 0 1 0 0 0 0
400	8	1 0 1 1 1 1 1 1 1 0 1 0 0 1 0 0
400	4	1 1 1 1 1 0 0 0 0 0 1 1 0 0 0 0
400	2	0 0 1 1 0 0 1 1 1 1 0 0 0 0 0 0
400	9	0 0 1 1 1 0 0 1 1 1 0 0 0 0 0 0
400	1	1 1 1 1 0 0 0 0 0 1 1 1 0 0 0 0
400	1	0 1 1 1 1 0 1 1 0 0 0 0 0 0 0 0
400	14	0 1 1 1 0 0 0 1 1 0 0 0 0 0 0 0
400	1	1 1 1 1 0 0 0 0 0 0 1 0 0 0 0 1
400	1	1 1 1 1 0 0 0 1 1 0 0 0 0 1 0 1
400	3	1 0 0 1 1 0 0 1 1 0 0 0 0 0 0 0
400	5	1 1 1 1 0 0 1 1 1 0 1 0 0 0 0 0
400	6	0 1 1 1 0 0 0 0 1 0 1 0 1 0 0 0
400	1	0 1 1 1 1 0 0 1 0 0 0 1 1 0 0 0
400	3	1 0 1 1 0 0 0 1 0 0 1 0 1 0 0 0
400	3	1 1 1 1 0 0 0 1 1 0 1 0 0 0 1 0
400	1	1 1 1 1 0 0 0 1 1 0 1 0 0 1 0 1
400	7	0 1 1 1 0 1 0 0 0 0 0 1 0 0 0 0
400	5	0 1 1 1 1 0 0 0 1 0 1 1 0 0 0 0
400	3	0 0 1 1 0 0 0 0 1 1 1 0 0 0 0 0
400	7	1 1 1 1 1 0 0 1 1 0 1 0 0 1 0 0
400	3	1 1 1 1 0 1 0 0 0 0 0 1 0 0 0 1
400	1	1 1 1 1 1 0 1 0 0 0 0 1 0 0 0 0
400	2	0 1 1 1 1 0 0 1 0 0 0 1 0 0 1 1
400	5	1 1 1 1 1 0 1 0 0 0 0 0 0 1 0 0
400	1	1 1 1 1 0 0 0 1 1 0 1 0 0 1 1 0
400	2	1 1 0 0 1 0 1 0 1 0 0 1 0 0 0 0
400	2	0 1 1 1 0 0 0 1 1 1 0 0 0 0 0 0
400	2	0 1 1 0 1 0 0 1 0 0 0 0 0 0 0 0
400	3	1 1 1 1 0 0 0 0 1 0 1 0 0 0 0 1
400	1	1 1 1 1 0 0 0 0 0 0 0 0 0 0 0 1
400	3	1 1 1 1 0 0 1 0 0 0 0 0 0 0 0 0
400	2	1 1 1 1 0 0 0 0 1 1 1 1 0 0 0 0
400	2	1 1 1 1 0 0 0 0 1 1 1 0 1 0 0 1
400	2	1 1 1 0 0 1 0 0 1 0 0 1 0 0 0 1
400	1	0 0 1 1 0 0 0 1 0 0 0 1 0 0 0 1
400	1	1 1 1 1 0 0 0 1 1 0 0 1 0 0 0 1
400	1	1 0 0 1 1 0 1 1 1 0 1 1 0 0 0 0
400	1	0 1 1 1 0 0 0 1 1 0 1 0 0 0 0 0
400	1	1 1 1 1 0 0 1 0 0 0 1 0 0 0 0 0
400	1	1 1 1 1 1 0 0 0 0 0 1 0 1 0 0 0
400	3	1 1 1 1 1 0 0 0 0 1 1 0 0 0 0 0
400	2	1 0 1 1 0 0 0 1 0 0 1 1 1 0 0 0
400	1	1 1 1 1 1 0 1 1 0 0 0 1 0 0 0 0
