0	250	0 0 0 0 0 0 0 0 0 1 0 0 0 1 0 0
0	250	0 0 0 0 1 0 0 0 0 0 0 0 0 1 0 1
0	250	1 0 1 0 0 0 0 0 0 0 0 0 0 0 0 0
0	250	0 0 0 0 0 0 0 0 0 0 0 0 1 0 0 1
8	270	0 0 0 0 0 0 0 0 0 1 0 0 0 1 0 0
8	223	0 0 0 0 1 0 0 0 0 0 0 0 0 1 0 1
8	204	1 0 1 0 0 0 0 0 0 0 0 0 0 0 0 0
8	110	0 0 0 0 0 0 0 0 0 0 0 0 1 0 0 1
8	8	0 0 0 0 0 0 0 0 0 1 0 0 0 1 0 1
8	6	0 0 0 0 1 0 0 0 0 0 0 0 1 0 0 1
8	10	0 0 0 0 0 0 0 0 0 1 0 1 0 1 0 0
8	10	0 0 0 1 0 0 0 0 0 1 0 0 0 1 0 0
8	1	0 0 1 0 0 0 0 0 0 1 0 0 0 1 0 0
8	3	0 0 0 0 1 0 0 0 0 0 0 0 0 1 1 1
8	5	0 0 0 0 0 0 0 0 0 0 0 0 0 1 0 1
8	5	0 0 0 0 1 0 0 0 0 0 0 0 0 0 0 0
8	4	0 0 0 0 1 0 0 0 0 1 0 0 0 1 0 0
8	11	1 0 1 0 0 0 0 0 0 0 0 0 0 1 0 1
8	12	0 1 0 0 0 0 0 0 0 1 0 0 0 1 0 0
8	12	0 0 0 1 1 0 0 0 0 0 0 0 0 1 0 1
8	5	0 0 0 0 1 0 0 0 0 0 0 1 0 1 0 1
8	8	1 0 1 0 0 0 0 0 0 0 0 0 0 0 0 1
8	7	1 0 1 0 0 0 0 0 0 0 0 1 0 0 0 0
8	1	0 0 0 0 0 0 0 0 0 1 0 0 1 1 0 0
8	1	1 0 1 0 0 0 0 0 0 0 1 0 0 0 0 0
8	1	0 0 0 0 0 0 0 1 0 0 0 0 1 0 0 1
8	1	0 0 0 0 0 0 0 0 0 1 0 0 0 0 0 0
8	2	1 0 0 0 0 0 0 0 0 1 0 0 0 1 0 0
8	3	0 1 0 0 1 0 0 0 0 0 0 0 0 1 0 1
8	7	1 1 1 0 0 0 0 0 0 0 0 0 0 0 0 0
8	7	0 0 0 0 0 0 0 0 1 0 0 0 1 0 0 1
8	6	0 0 0 0 0 0 0 0 0 0 0 0 1 1 0 1
8	2	0 0 0 0 0 0 0 0 0 1 1 0 0 1 0 0
8	5	0 0 0 0 1 0 0 0 0 0 0 0 1 1 0 1
8	5	1 0 1 0 0 0 0 0 0 1 0 0 0 0 0 0
8	4	0 0 1 0 0 0 0 0 0 0 0 0 0 0 0 0
8	1	0 0 0 0 1 0 0 0 0 0 0 0 0 1 0 0
8	2	1 0 1 0 0 0 0 0 0 0 0 0 0 0 1 0
8	1	1 0 1 1 0 0 0 0 0 0 0 0 0 0 0 0
8	6	0 0 0 0 0 0 0 0 0 0 0 0 1 0 1 1
8	4	1 1 1 0 0 0 0 0 0 0 0 1 0 0 0 0
8	4	1 0 1 0 1 0 0 0 0 0 0 0 0 1 0 1
8	2	0 0 0 0 0 0 0 1 0 1 0 0 0 1 0 0
8	2	0 0 0 0 0 1 0 0 0 1 0 0 0 1 0 0
8	4	0 0 0 0 1 0 1 0 0 0 0 0 0 1 0 1
8	2	1 0 0 0 0 0 0 0 0 0 0 0 1 0 0 1
8	2	0 0 0 0 0 0 1 0 0 1 0 0 0 1 0 0
8	1	0 0 1 0 1 0 0 0 0 0 0 0 0 1 0 1
8	3	0 0 0 1 0 0 0 0 0 0 0 0 1 0 0 1
8	2	0 0 0 0 0 0 0 0 0 1 0 1 0 1 0 1
8	2	1 0 1 0 0 0 0 0 1 0 1 0 0 0 0 0
8	3	1 0 1 0 0 0 0 0 0 1 0 0 0 0 1 0
45	191	0 0 0 0 0 0 0 0 0 1 0 0 0 1 0 0
45	39	0 0 0 0 1 0 0 0 0 0 0 0 0 1 0 1
45	125	1 0 1 0 0 0 0 0 0 0 0 0 0 0 0 0
45	37	0 0 0 1 0 0 0 0 0 1 0 0 0 1 0 0
45	4	0 0 0 0 0 0 0 0 0 0 0 0 0 1 0 1
45	7	0 0 0 0 1 0 0 0 0 1 0 0 0 1 0 0
45	36	1 0 1 0 0 0 0 0 0 0 0 0 0 1 0 1
45	15	0 0 0 1 1 0 0 0 0 0 0 0 0 1 0 1
45	5	0 0 0 1 0 0 0 0 0 0 0 0 1 0 0 1
45	8	0 0 0 0 0 0 0 0 0 0 0 0 0 0 0 0
45	8	1 0 1 0 0 0 0 1 0 0 0 0 0 0 0 0
45	9	1 0 1 0 0 0 0 0 0 0 0 1 0 1 0 0
45	24	0 0 0 0 0 0 0 0 0 0 0 0 0 1 0 0
45	17	1 0 1 0 1 0 0 0 0 0 0 0 0 0 0 0
45	15	0 0 0 0 0 0 0 0 0 1 0 0 0 0 0 0
45	19	1 0 1 0 0 0 0 0 0 1 0 0 0 1 0 0
45	2	1 0 1 0 0 0 0 0 0 0 1 0 0 0 0 0
45	19	1 1 1 0 0 0 0 0 0 0 0 0 0 1 0 0
45	5	1 0 1 0 0 0 0 0 0 0 0 1 0 1 0 1
45	53	0 0 0 0 1 0 0 0 0 0 0 0 0 1 0 0
45	25	1 0 1 1 0 0 0 0 0 0 0 0 0 0 0 0
45	6	1 0 1 0 0 0 0 1 0 0 0 0 0 1 0 0
45	3	0 0 0 0 1 0 0 0 0 0 1 0 0 1 0 1
45	4	0 0 0 0 0 0 1 0 1 1 0 0 0 1 0 0
45	2	0 0 0 0 0 1 0 0 0 1 0 0 0 1 0 0
45	48	1 0 0 0 0 0 0 0 0 0 0 0 0 0 0 0
45	12	0 0 0 0 0 0 1 0 0 1 0 0 0 1 0 0
45	11	1 0 1 0 1 0 0 0 0 0 0 0 0 1 0 0
45	8	1 0 0 0 0 0 0 0 0 0 1 0 0 0 0 0
45	15	1 0 1 0 0 0 0 0 0 0 0 0 0 1 0 0
45	4	0 0 0 1 0 0 0 0 0 1 0 0 0 1 1 0
45	40	0 0 0 1 0 0 0 1 0 1 0 0 0 1 0 0
45	5	0 0 0 0 0 0 0 0 0 0 0 1 0 1 0 0
45	13	1 0 0 0 0 0 0 0 0 1 0 0 0 1 0 0
45	11	1 0 1 0 0 0 0 0 0 0 0 1 0 0 0 0
45	5	0 0 0 0 0 1 0 0 0 1 1 0 0 1 0 0
45	2	1 0 1 0 0 0 0 0 1 0 0 0 0 0 0 0
45	2	0 0 0 0 0 0 0 0 0 1 1 0 0 1 0 1
45	2	1 1 1 0 0 0 0 0 0 0 0 1 0 1 0 0
45	9	0 0 0 1 0 0 0 0 0 0 0 0 0 1 0 0
45	4	0 0 0 0 1 0 0 0 1 0 0 0 0 1 0 0
45	2	1 0 1 0 0 0 0 0 0 0 0 0 0 0 1 0
45	1	0 0 0 0 0 0 0 0 0 0 0 0 0 0 1 0
45	4	0 0 1 0 0 0 0 0 0 1 0 0 0 1 0 1
45	3	0 0 1 0 1 0 0 0 0 0 0 0 0 0 1 0
45	1	0 0 0 1 0 0 0 0 0 0 0 0 0 0 0 0
45	5	1 0 1 0 1 0 0 0 1 0 0 0 0 0 0 0
45	13	1 1 1 0 0 0 0 0 0 0 0 1 0 1 0 1
45	4	1 0 1 1 0 0 0 1 0 0 0 0 0 0 0 0
45	4	0 1 0 0 0 0 0 0 0 0 0 0 0 1 0 0
45	3	0 0 0 0 1 0 0 0 0 0 0 0 0 0 0 0
45	3	1 0 1 0 1 0 0 0 0 0 1 0 0 0 0 0
45	5	1 0 1 0 0 0 0 0 0 0 1 0 0 0 1 0
45	1	1 0 1 0 0 0 0 0 1 0 0 1 0 1 0 1
45	6	0 0 1 0 0 0 0 0 0 0 0 0 0 1 0 0
45	2	0 0 0 0 0 0 0 0 0 1 1 0 0 1 0 0
45	4	1 0 1 0 0 0 0 0 0 1 0 0 0 1 1 0
45	1	1 1 1 0 0 0 0 0 0 0 0 1 0 0 0 0
45	6	0 0 0 0 0 0 0 1 0 1 0 0 0 1 0 0
45	2	1 0 1 0 0 0 0 1 0 1 0 0 0 1 0 0
45	4	1 0 1 0 1 0 0 0 0 1 0 0 0 1 0 0
45	4	0 0 0 0 0 0 1 0 1 1 0 0 0 0 0 0
45	2	0 1 1 1 0 0 0 0 0 0 0 0 0 0 0 0
45	2	0 0 0 0 0 0 0 0 0 1 0 1 0 1 0 0
45	6	0 0 0 0 0 1 0 0 0 0 0 0 0 0 1 0
45	13	1 1 0 0 0 0 0 0 0 0 0 1 0 1 0 1
45	3	1 0 1 1 0 0 0 0 0 1 0 0 0 1 0 0
45	2	0 0 0 1 0 0 0 0 1 1 0 0 0 1 0 0
45	2	0 0 0 1 0 0 0 1 0 1 0 0 0 0 0 0
45	5	0 0 0 1 0 0 0 0 0 1 1 0 0 1 0 0
45	2	0 0 0 0 1 1 0 0 0 0 1 0 0 1 0 1
45	2	0 0 0 0 0 1 1 0 0 1 1 0 0 1 0 0
45	3	1 0 1 0 0 0 0 0 0 0 0 0 0 0 0 1
45	1	0 0 1 0 0 0 0 0 0 0 1 0 0 0 0 0
45	2	1 0 1 0 0 0 0 0 0 1 0 0 0 0 0 0
45	2	1 0 1 0 0 0 0 0 0 0 1 0 0 1 0 1
45	1	1 0 1 1 0 0 0 0 0 0 0 0 1 0 0 0
45	1	0 0 0 0 1 0 1 0 1 1 0 0 0 1 0 0
45	1	0 1 0 0 0 1 0 0 0 1 0 0 0 1 0 0
45	2	1 0 1 0 0 0 0 0 1 0 0 1 0 0 0 0
45	1	0 0 0 1 0 0 0 0 0 0 1 0 0 0 0 0
85	7	0 0 0 0 0 0 0 0 0 1 0 0 0 1 0 0
85	26	0 0 0 0 1 0 0 0 0 0 0 0 0 1 0 1
85	40	0 0 0 1 0 0 0 0 0 1 0 0 0 1 0 0
85	5	1 0 1 0 0 0 0 0 0 0 0 0 0 1 0 1
85	19	0 0 0 1 1 0 0 0 0 0 0 0 0 1 0 1
85	28	0 0 0 0 0 0 0 0 0 0 0 0 0 1 0 0
85	2	1 0 1 0 1 0 0 0 0 0 0 0 0 0 0 0
85	16	1 0 1 0 0 0 0 0 0 1 0 0 0 1 0 0
85	26	0 0 0 0 1 0 0 0 0 0 0 0 0 1 0 0
85	119	1 0 1 1 0 0 0 0 0 0 0 0 0 0 0 0
85	64	0 0 0 1 0 0 0 1 0 1 0 0 0 1 0 0
85	25	1 0 0 0 0 0 0 0 0 1 0 0 0 1 0 0
85	13	0 0 0 1 0 0 0 0 0 0 0 0 0 1 0 0
85	3	0 0 0 0 1 0 0 0 1 0 0 0 0 1 0 0
85	44	1 0 1 1 0 0 0 1 0 0 0 0 0 0 0 0
85	19	1 0 1 0 0 0 0 0 0 1 0 0 0 1 0 1
85	17	0 0 0 1 0 0 0 0 0 1 0 0 1 1 0 0
85	4	1 0 1 0 0 0 0 0 1 0 0 0 0 1 0 0
85	2	0 0 0 0 1 1 0 0 0 0 0 0 0 0 1 0
85	4	1 0 0 0 0 0 0 0 1 0 0 0 0 0 0 0
85	38	1 0 1 1 0 0 0 0 0 0 0 0 0 0 1 0
85	39	0 0 0 0 0 1 0 0 0 0 0 1 0 1 0 0
85	1	1 1 1 0 0 0 0 1 1 0 0 0 0 1 0 0
85	7	0 0 0 1 1 0 0 1 0 1 0 0 0 1 0 1
85	4	1 0 1 0 1 0 0 0 0 0 1 0 0 1 0 1
85	1	0 0 0 0 1 0 0 0 0 1 0 0 0 1 0 0
85	68	1 0 1 1 0 0 0 0 0 0 0 0 0 1 0 0
85	5	0 0 1 1 1 0 0 0 0 0 0 0 0 0 0 0
85	8	0 0 1 0 0 0 0 0 0 0 0 0 0 0 0 0
85	2	1 0 0 0 0 0 0 0 0 0 0 0 0 1 0 0
85	4	1 1 1 0 0 0 1 0 0 1 0 0 0 1 0 0
85	19	0 0 0 1 0 0 0 0 1 0 0 0 0 0 0 0
85	1	1 0 1 1 0 0 0 0 0 1 0 0 1 1 0 0
85	22	0 0 0 1 0 0 1 0 0 1 0 0 0 1 0 0
85	6	1 0 0 1 0 0 0 0 0 0 0 0 0 0 0 0
85	3	0 0 0 1 0 0 1 0 0 0 0 0 0 1 0 0
85	31	0 0 0 1 0 0 1 0 0 1 0 0 1 1 0 0
85	2	1 0 1 1 0 0 0 1 0 1 0 0 0 0 0 0
85	12	1 1 1 0 0 0 0 1 0 1 0 0 0 1 1 0
85	1	0 0 0 1 0 0 0 0 0 1 0 1 1 1 0 0
85	8	0 0 0 1 0 0 0 0 0 0 0 0 0 0 0 0
85	5	1 0 1 0 0 0 1 0 0 1 0 0 0 1 0 0
85	5	0 1 0 0 0 0 0 0 0 0 0 0 1 1 0 0
85	6	1 0 0 0 0 0 0 0 0 0 0 0 1 1 0 0
85	7	1 0 1 0 0 0 0 0 0 1 0 0 1 1 0 0
85	6	0 0 0 1 1 0 0 0 0 0 0 0 0 0 0 0
85	10	1 0 0 1 0 0 0 1 0 0 0 0 0 0 0 0
85	2	1 0 1 0 1 0 0 0 0 0 1 0 1 1 0 1
85	7	0 0 0 1 1 0 0 1 0 1 0 1 0 1 0 1
85	8	1 0 0 1 0 0 1 0 0 1 0 0 1 1 0 0
85	15	1 0 1 1 0 0 0 0 0 0 0 1 1 0 0 0
85	2	0 0 0 1 0 0 0 0 0 1 0 0 0 1 0 1
85	10	1 0 1 0 0 1 0 0 0 0 0 0 0 1 0 1
85	2	0 0 1 1 1 0 0 0 0 0 0 0 0 0 0 1
85	6	1 0 1 1 0 0 0 0 0 1 0 0 0 1 0 0
85	1	0 0 1 1 0 0 0 0 0 0 0 0 0 0 1 0
85	6	0 0 1 1 1 0 0 1 0 0 0 0 0 0 0 0
85	1	1 0 1 1 0 0 0 1 0 1 0 0 0 1 0 0
85	5	1 0 1 1 0 0 0 1 0 0 0 0 0 1 0 0
85	5	1 0 1 1 0 0 0 0 0 0 0 1 1 0 0 1
85	8	1 0 0 1 0 1 0 0 0 0 0 0 0 0 0 0
85	7	0 0 0 1 1 0 0 0 0 0 0 0 0 1 0 0
85	6	0 0 0 1 0 0 0 1 0 0 0 0 0 0 0 0
85	1	0 0 0 1 0 0 1 0 0 1 0 1 0 1 0 0
85	3	0 0 0 1 0 0 0 0 0 0 0 0 0 1 0 1
85	5	1 0 1 0 0 1 0 0 0 0 0 1 0 1 0 1
85	3	1 0 0 0 0 0 0 0 0 1 0 1 0 1 0 1
85	3	1 0 1 1 0 0 0 1 0 0 0 0 0 0 0 1
85	1	1 1 1 0 0 0 1 0 0 0 0 0 0 1 0 0
85	4	0 0 0 1 0 0 0 0 0 1 0 1 0 1 0 0
85	3	1 0 1 1 0 0 0 0 0 0 0 0 0 1 0 1
85	2	1 0 1 0 0 0 0 0 0 0 0 0 0 0 0 0
85	4	1 0 1 1 1 0 0 0 0 0 0 0 0 0 0 0
85	2	0 0 0 1 0 0 0 0 0 1 0 0 1 0 0 0
85	2	0 1 1 0 0 0 0 1 0 1 0 0 0 1 1 0
85	4	1 0 1 1 0 0 0 1 0 0 0 0 0 1 0 1
85	4	0 0 0 1 0 0 0 0 0 0 0 1 0 1 0 0
85	1	0 0 0 1 1 0 0 1 0 1 1 1 0 1 0 1
85	1	1 0 1 1 0 0 0 0 0 0 0 0 0 0 0 1
85	2	1 0 1 1 0 1 0 1 0 0 0 0 0 0 0 0
85	4	1 1 1 0 0 0 0 0 0 1 0 0 0 1 0 1
85	1	1 1 1 1 0 0 0 0 0 0 0 0 0 1 0 0
85	1	0 0 0 1 0 0 0 0 0 0 0 0 0 0 0 1
85	9	0 0 0 1 1 0 0 1 0 1 0 0 0 0 0 0
85	3	0 0 0 0 0 0 0 0 0 0 0 0 0 0 0 0
85	5	1 0 1 1 0 0 1 0 0 1 0 0 0 1 0 0
85	5	1 0 1 1 0 0 1 0 0 1 0 0 1 1 0 0
85	2	0 0 0 0 0 0 0 1 0 0 0 0 0 1 0 0
85	1	0 0 1 1 0 0 0 0 0 0 0 0 0 0 0 0
85	4	0 0 0 1 0 0 0 1 1 1 0 0 0 1 0 0
85	2	1 1 0 0 0 0 0 0 0 1 0 0 0 1 0 0
85	2	1 0 0 1 0 0 0 0 0 1 0 0 0 1 0 0
85	1	0 0 1 1 1 1 0 0 0 0 0 0 0 0 0 0
85	3	0 0 0 0 0 0 0 0 0 0 0 1 0 1 0 0
85	1	1 0 1 1 0 1 0 0 0 0 0 0 0 1 0 1
85	2	0 0 0 1 0 0 1 0 0 1 0 0 0 0 0 1
85	2	0 0 1 1 1 0 0 0 0 0 0 0 0 1 0 1
85	4	0 0 1 1 0 0 0 0 0 0 0 1 0 1 0 0
85	1	0 0 0 0 1 0 0 0 0 0 1 0 0 1 0 1
85	1	1 0 1 1 0 0 0 1 0 0 0 1 0 0 0 0
85	2	0 0 0 0 0 1 0 0 0 0 0 1 1 1 0 0
85	1	0 1 0 1 0 0 1 0 0 1 0 0 1 1 0 0
85	2	0 0 0 1 1 0 0 0 0 0 1 0 0 1 0 0
85	1	0 0 0 1 0 0 1 0 0 1 0 1 1 1 0 0
154	208	1 0 1 1 0 0 0 0 0 0 0 0 0 0 0 0
154	9	1 0 1 1 0 0 0 1 0 0 0 0 0 0 0 0
154	3	1 0 1 0 0 0 0 0 0 1 0 0 0 1 0 1
154	15	1 0 1 1 0 0 0 0 0 0 0 0 0 1 0 0
154	4	0 0 0 1 0 0 0 0 0 0 0 0 0 0 0 0
154	8	0 0 0 1 0 0 0 1 0 0 0 0 0 0 0 0
154	28	1 0 1 1 1 0 0 0 0 0 0 0 0 0 0 0
154	15	1 0 1 1 0 0 0 0 0 0 0 1 0 0 0 0
154	41	1 1 1 1 0 0 0 0 0 0 0 0 0 0 0 0
154	22	1 0 1 1 0 0 0 0 1 0 0 0 0 0 1 0
154	17	1 1 1 1 0 0 0 1 0 0 0 0 0 0 0 0
154	4	1 0 1 1 1 0 0 1 0 0 0 0 0 0 0 0
154	47	0 0 1 1 0 0 0 0 0 0 0 0 0 0 0 0
154	121	1 1 1 1 0 0 0 0 0 0 0 0 0 0 1 0
154	2	1 0 1 1 0 0 0 0 0 0 0 0 0 1 0 1
154	23	1 0 1 1 0 0 0 0 0 0 0 0 1 0 0 0
154	7	1 0 0 1 0 1 0 1 0 0 0 0 0 0 0 0
154	18	1 0 1 1 0 0 1 0 0 0 0 0 0 0 0 0
154	5	1 0 1 1 0 0 0 1 0 1 0 0 0 1 0 1
154	7	1 1 0 1 0 0 0 0 0 1 0 0 0 1 0 0
154	38	1 0 1 1 0 0 0 0 0 0 0 0 0 0 1 0
154	26	1 0 1 1 0 0 0 0 0 1 0 0 1 1 0 0
154	8	1 0 1 1 0 1 0 0 1 0 0 0 0 0 0 0
154	13	1 0 0 1 1 0 0 1 0 0 0 1 0 0 0 0
154	9	0 0 1 1 1 1 0 0 0 0 0 0 0 0 0 0
154	24	1 0 0 1 0 1 0 0 0 1 0 0 0 0 0 0
154	32	1 0 1 1 0 0 0 0 0 0 0 0 0 0 0 1
154	27	1 0 1 1 1 0 0 0 0 0 0 0 0 0 0 1
154	10	1 1 0 1 0 0 0 1 0 0 0 0 0 0 0 0
154	6	1 1 1 1 0 0 1 0 0 0 0 0 0 0 0 0
154	19	0 0 1 1 0 0 0 1 0 0 0 0 0 0 0 0
154	3	1 1 1 1 0 0 0 0 1 0 0 0 0 0 0 0
154	12	0 0 1 1 0 0 1 0 0 0 0 0 0 0 0 0
154	8	0 0 0 1 0 1 0 0 1 0 0 0 0 0 0 0
154	4	1 0 1 1 0 0 0 0 0 1 0 0 0 0 0 0
154	1	1 1 1 1 1 0 0 0 0 0 0 0 0 0 1 0
154	8	0 0 0 1 1 0 0 0 0 1 0 0 0 1 1 0
154	4	1 0 1 1 0 0 0 0 0 0 0 0 1 1 0 0
154	5	1 0 1 1 0 1 0 0 1 0 0 0 1 0 0 0
154	7	0 0 1 1 0 0 0 0 0 0 0 0 1 0 0 0
154	4	1 1 1 1 0 0 0 0 0 0 0 0 0 0 1 1
154	13	1 0 1 1 1 0 0 1 0 0 0 1 0 0 0 0
154	18	1 1 1 1 0 1 0 0 0 0 0 0 0 0 1 0
154	4	1 1 1 1 0 0 0 1 0 0 0 0 0 0 0 1
154	7	1 0 0 1 1 0 0 0 0 0 0 0 0 0 0 0
154	5	1 0 1 0 1 0 0 0 0 0 0 0 0 0 0 0
154	1	1 1 1 1 0 0 0 0 0 0 0 0 0 0 0 1
154	1	1 1 1 1 0 0 0 1 0 1 0 0 0 0 0 0
154	4	1 1 1 1 0 0 0 1 0 1 0 0 1 1 0 0
154	5	1 0 1 1 0 0 0 0 1 0 0 0 0 0 0 0
154	5	1 0 0 1 0 1 0 1 0 0 0 0 0 1 0 0
154	12	1 0 1 1 0 0 1 0 1 0 0 0 0 0 0 0
154	1	1 0 1 0 0 0 0 0 0 1 0 0 0 0 0 0
154	3	0 0 0 1 0 1 1 0 1 0 0 0 0 0 0 0
154	1	1 1 1 1 0 0 0 1 0 0 0 0 0 0 1 0
154	5	1 1 1 1 1 0 0 0 0 0 0 0 0 0 1 1
154	1	1 1 1 1 0 0 0 0 0 0 0 1 0 0 0 0
154	2	1 1 1 1 0 1 0 0 0 0 0 0 0 0 0 0
154	3	0 0 1 1 0 0 0 0 1 0 0 0 0 0 0 0
154	1	0 0 1 1 0 1 0 0 0 0 0 0 0 0 0 0
154	1	0 0 0 1 0 0 0 1 0 0 0 0 0 0 1 0
154	2	1 0 1 1 0 0 1 0 0 1 0 0 1 1 0 0
154	1	0 0 1 1 1 0 0 0 0 0 0 0 0 0 0 0
154	1	1 1 1 1 1 0 0 0 0 0 0 0 0 0 0 0
154	5	1 0 0 1 0 0 0 0 0 0 0 0 0 0 0 0
154	2	1 1 1 1 0 0 0 0 0 0 0 0 0 1 1 0
154	1	1 0 1 1 0 0 0 0 1 1 0 0 1 1 0 0
154	3	0 0 1 1 0 0 0 1 0 0 0 1 0 0 0 0
154	2	1 0 1 1 0 0 0 0 0 1 0 0 0 1 1 0
154	1	0 0 0 1 0 0 0 1 0 1 0 0 1 1 0 0
154	1	1 0 1 0 1 0 0 0 0 0 0 0 0 0 1 0
154	1	1 0 1 1 1 0 0 0 1 0 0 0 0 0 0 0
154	2	1 0 1 1 1 0 0 0 0 0 0 1 0 0 0 0
154	1	1 0 1 1 0 0 0 0 1 0 0 0 1 0 1 0
154	1	1 1 1 1 1 0 0 1 0 0 0 0 0 0 0 0
154	3	1 1 1 1 0 0 1 0 0 0 0 0 0 0 1 0
154	1	1 0 1 0 0 0 0 0 0 0 0 0 1 0 0 0
154	2	1 0 1 1 0 1 0 1 0 1 0 0 0 1 0 1
154	2	1 1 1 1 1 0 1 0 0 0 0 0 0 0 1 0
154	1	1 1 1 1 0 0 0 1 0 0 0 1 0 0 1 0
154	2	1 1 1 1 1 0 0 0 0 0 0 0 1 0 1 1
239	62	1 0 1 1 0 0 0 0 0 0 0 0 0 0 0 0
239	40	1 0 1 1 0 0 0 1 0 0 0 0 0 0 0 0
239	14	1 0 1 1 1 0 0 0 0 0 0 0 0 0 0 0
239	54	1 1 1 1 0 0 0 0 0 0 0 0 0 0 0 0
239	70	1 1 1 1 0 0 0 1 0 0 0 0 0 0 0 0
239	26	1 1 1 1 0 0 0 0 0 0 0 0 0 0 1 0
239	3	1 0 1 1 0 1 0 0 1 0 0 0 0 0 0 0
239	5	1 0 0 1 0 1 0 0 0 1 0 0 0 0 0 0
239	6	0 0 1 1 0 0 0 1 0 0 0 0 0 0 0 0
239	29	1 1 1 1 0 0 0 0 1 0 0 0 0 0 0 0
239	16	1 1 1 1 0 1 0 0 0 0 0 0 0 0 0 0
239	14	1 1 1 1 0 0 0 0 0 0 0 1 0 0 0 0
239	49	1 0 1 1 0 1 0 0 0 0 0 0 0 0 1 0
239	30	0 1 1 1 0 0 0 1 0 0 0 0 0 0 0 0
239	4	1 1 1 0 0 0 0 0 0 0 0 0 0 0 0 0
239	21	1 1 1 1 0 0 1 0 0 0 0 0 0 0 0 1
239	6	0 1 1 1 0 0 0 0 0 0 0 1 0 0 0 0
239	3	1 1 1 1 0 0 0 0 0 1 0 0 0 1 0 0
239	33	1 0 1 1 0 1 0 0 0 1 0 0 0 0 0 0
239	18	1 1 1 1 0 1 0 0 0 0 0 0 0 0 0 1
239	22	1 0 1 1 0 0 0 0 0 0 1 0 0 0 0 0
239	13	1 1 1 1 0 0 0 0 0 0 0 0 0 0 0 1
239	3	1 0 0 1 1 0 0 1 0 0 0 1 0 0 0 1
239	8	1 1 0 1 0 0 1 0 0 0 0 0 1 0 0 0
239	4	1 0 1 1 0 1 0 0 1 0 0 0 1 0 0 0
239	2	0 1 1 1 0 0 0 1 0 1 0 0 0 0 0 0
239	18	1 0 1 1 0 0 1 0 0 0 0 0 0 0 0 1
239	16	1 1 1 1 1 1 0 0 0 0 0 0 0 0 0 0
239	5	1 0 1 1 0 0 1 1 0 0 0 0 0 0 1 0
239	4	1 1 1 1 1 1 0 0 0 0 0 0 0 0 1 0
239	11	0 1 1 1 0 0 0 0 0 0 0 0 0 0 0 0
239	15	1 1 1 1 0 0 0 0 0 1 0 0 0 1 1 0
239	17	0 1 1 1 0 0 0 1 0 0 0 1 0 0 0 0
239	9	1 0 1 1 0 1 0 0 0 0 0 0 0 0 0 0
239	5	1 0 1 1 1 0 0 0 0 0 0 0 0 0 0 1
239	10	1 1 0 1 0 0 0 0 0 0 0 0 0 0 1 0
239	3	0 0 1 1 0 0 1 0 0 1 0 0 0 0 0 0
239	5	1 1 1 1 0 0 1 1 0 0 0 0 0 0 0 0
239	3	1 0 1 1 0 0 1 0 0 0 1 0 0 0 0 0
239	13	1 1 1 1 0 0 0 0 0 1 1 0 0 1 1 0
239	6	1 1 1 1 1 0 0 0 0 0 0 0 0 0 1 0
239	11	1 0 1 1 0 0 1 1 0 0 0 0 0 0 1 1
239	11	1 0 0 1 1 0 0 1 0 1 0 0 0 0 0 0
239	7	1 1 1 0 1 0 0 0 0 0 0 0 0 1 0 0
239	19	1 1 1 1 0 0 0 1 0 0 0 0 0 0 1 0
239	12	1 1 1 1 0 0 0 0 0 0 1 0 0 0 0 0
239	5	1 0 1 1 0 1 0 1 0 1 1 0 0 0 0 0
239	1	1 1 1 1 0 1 0 0 1 0 0 0 0 0 0 0
239	5	1 1 1 1 0 0 0 0 0 1 0 0 0 0 0 0
239	11	1 1 1 1 0 0 0 0 1 0 0 0 1 0 0 0
239	1	1 1 1 1 1 0 0 0 0 0 0 1 0 0 0 0
239	2	1 1 1 1 0 0 1 1 0 0 0 0 0 0 0 1
239	10	0 1 1 1 0 0 0 1 0 0 0 0 0 0 0 1
239	2	1 1 1 0 0 0 0 0 0 0 0 0 0 1 0 0
239	1	1 0 1 1 1 0 0 0 0 0 0 0 0 0 1 0
239	8	1 1 1 1 1 1 0 0 1 0 0 0 1 0 0 0
239	2	1 0 0 1 0 0 0 0 0 0 1 0 0 0 0 0
239	23	1 0 1 1 0 1 1 0 0 0 1 0 0 0 0 0
239	2	1 1 1 1 0 0 0 0 0 1 1 0 0 0 0 0
239	11	1 0 1 1 0 0 1 0 0 0 0 0 0 0 0 0
239	4	0 1 1 1 1 0 0 1 0 0 0 0 0 0 0 0
239	5	1 1 1 1 0 0 0 1 0 0 0 1 0 0 0 0
239	3	1 1 1 1 0 0 0 1 0 1 0 0 0 0 0 1
239	5	1 1 1 1 1 0 0 0 1 0 0 0 0 0 0 0
239	3	1 1 1 0 0 0 0 0 0 0 0 0 1 0 0 0
239	4	1 1 1 1 1 1 1 0 0 0 0 0 0 0 0 0
239	2	1 1 0 1 0 0 0 0 0 1 0 0 0 1 1 0
239	13	1 1 0 1 0 0 1 0 0 0 0 0 0 0 0 1
239	6	1 0 1 1 1 0 1 0 0 0 0 0 0 0 0 0
239	1	1 0 1 1 0 1 1 0 0 0 0 0 0 0 1 0
239	5	1 1 0 1 0 0 0 1 0 0 0 0 0 0 0 0
239	4	1 1 1 1 1 0 0 0 0 1 0 0 0 1 0 0
239	4	0 0 1 0 0 0 0 1 0 0 1 0 0 0 0 0
239	6	1 1 0 1 0 0 0 0 0 0 0 1 0 0 0 0
239	1	1 1 1 0 0 0 0 0 0 1 0 0 0 1 1 0
239	3	1 1 1 1 0 1 0 0 0 0 0 1 0 0 1 0
239	1	1 0 0 1 0 0 1 1 0 0 0 0 0 0 1 1
239	2	1 1 0 1 0 0 0 0 0 0 0 0 0 0 0 0
239	8	1 1 1 1 0 0 1 0 0 0 0 0 1 0 0 0
239	2	1 1 1 1 1 0 0 0 0 0 0 0 0 0 0 0
239	4	1 0 1 1 0 0 0 1 0 0 1 0 0 0 0 0
239	5	1 0 0 1 0 0 1 0 0 0 0 0 1 0 0 0
239	9	1 1 0 1 0 1 1 0 0 0 0 0 1 0 0 0
239	3	1 0 1 1 1 1 0 0 1 0 0 0 0 0 0 0
239	4	1 1 1 1 0 1 0 0 0 0 0 0 0 1 0 1
239	1	1 1 1 1 1 0 1 0 0 0 0 0 1 0 0 0
239	1	1 0 1 1 0 1 0 0 0 0 0 0 0 0 0 1
239	2	1 1 1 1 0 0 0 1 0 1 0 0 0 0 0 0
239	3	1 1 1 1 0 0 1 0 0 0 0 0 1 0 0 1
239	2	1 1 1 1 1 0 0 0 0 0 0 0 1 0 1 0
239	2	1 0 0 1 1 1 0 1 0 1 0 0 0 0 0 0
239	1	1 1 1 1 0 1 0 0 0 0 0 0 1 0 0 0
239	2	0 1 1 1 0 0 1 0 0 0 1 0 0 0 0 0
239	3	1 0 1 1 0 1 0 0 0 0 0 0 1 0 0 0
239	3	1 1 1 1 0 0 1 0 0 0 0 0 0 0 0 0
239	4	1 1 1 1 0 0 0 1 0 0 1 0 0 0 0 0
239	2	1 1 1 1 0 0 1 0 0 0 0 0 0 1 0 1
239	1	1 1 1 1 0 0 1 0 1 0 0 0 0 0 0 1
239	2	1 0 1 0 0 0 1 0 0 0 0 0 0 0 0 1
239	1	1 1 1 0 0 0 0 1 0 0 0 0 0 0 1 0
239	5	0 0 1 1 0 0 1 1 0 0 1 0 0 0 0 0
239	1	1 1 1 1 1 0 0 0 1 0 0 0 1 0 0 0
239	2	0 1 1 1 0 0 0 0 0 0 0 1 0 0 0 1
239	3	1 0 1 1 0 1 0 0 0 1 0 0 0 1 0 0
239	2	1 1 1 1 0 1 0 0 0 0 0 1 0 0 0 1
239	1	1 1 0 1 0 0 0 0 0 0 0 0 0 0 1 1
239	1	1 1 1 1 1 0 1 0 0 0 0 0 0 0 1 0
239	4	1 0 1 1 0 1 0 1 0 1 1 0 0 1 0 0
239	2	1 1 1 1 0 0 1 1 0 0 0 0 0 0 1 1
239	1	0 1 1 0 0 0 0 1 0 0 0 0 0 0 0 1
239	1	1 1 0 1 1 1 1 0 0 0 0 0 1 0 0 0
239	1	1 0 1 0 0 0 1 0 0 0 0 1 0 0 0 1
252	88	1 0 1 1 0 0 0 0 0 0 0 0 0 0 0 0
252	27	1 0 1 1 0 0 0 1 0 0 0 0 0 0 0 0
252	19	1 0 1 1 1 0 0 0 0 0 0 0 0 0 0 0
252	62	1 1 1 1 0 0 0 0 0 0 0 0 0 0 0 0
252	89	1 1 1 1 0 0 0 1 0 0 0 0 0 0 0 0
252	12	1 1 1 1 0 0 0 0 0 0 0 0 0 0 1 0
252	6	1 1 1 1 0 0 0 0 1 0 0 0 0 0 0 0
252	3	1 1 1 1 0 1 0 0 0 0 0 0 0 0 0 0
252	53	1 1 1 1 0 0 0 0 0 0 0 1 0 0 0 0
252	44	1 0 1 1 0 1 0 0 0 0 0 0 0 0 1 0
252	34	0 1 1 1 0 0 0 1 0 0 0 0 0 0 0 0
252	34	1 1 1 1 0 0 1 0 0 0 0 0 0 0 0 1
252	7	1 0 1 1 0 0 0 0 0 0 1 0 0 0 0 0
252	6	1 1 1 1 0 0 0 0 0 0 0 0 0 0 0 1
252	3	1 0 1 1 0 1 0 0 1 0 0 0 1 0 0 0
252	10	1 0 1 1 0 0 1 0 0 0 0 0 0 0 0 1
252	14	1 1 1 1 1 1 0 0 0 0 0 0 0 0 0 0
252	5	0 1 1 1 0 0 0 0 0 0 0 0 0 0 0 0
252	36	0 1 1 1 0 0 0 1 0 0 0 1 0 0 0 0
252	7	1 1 0 1 0 0 0 0 0 0 0 0 0 0 1 0
252	1	1 1 1 1 0 0 1 1 0 0 0 0 0 0 0 0
252	12	1 1 1 1 0 0 0 0 0 1 1 0 0 1 1 0
252	10	1 0 1 1 0 0 1 1 0 0 0 0 0 0 1 1
252	2	1 0 0 1 1 0 0 1 0 1 0 0 0 0 0 0
252	5	1 1 1 0 1 0 0 0 0 0 0 0 0 1 0 0
252	11	1 1 1 1 0 0 0 1 0 0 0 0 0 0 1 0
252	25	1 1 1 1 0 0 0 0 0 0 1 0 0 0 0 0
252	12	1 0 1 1 0 1 0 1 0 1 1 0 0 0 0 0
252	8	1 1 1 1 0 0 0 0 1 0 0 0 1 0 0 0
252	2	1 1 1 1 0 0 1 1 0 0 0 0 0 0 0 1
252	12	0 1 1 1 0 0 0 1 0 0 0 0 0 0 0 1
252	7	1 0 1 1 0 1 1 0 0 0 1 0 0 0 0 0
252	18	1 1 1 1 0 0 0 0 0 1 1 0 0 0 0 0
252	5	1 0 1 1 0 0 1 0 0 0 0 0 0 0 0 0
252	8	1 1 1 1 0 0 0 1 0 1 0 0 0 0 0 1
252	3	1 1 1 1 1 0 0 0 1 0 0 0 0 0 0 0
252	7	1 1 1 0 0 0 0 0 0 0 0 0 1 0 0 0
252	3	1 1 1 1 1 1 1 0 0 0 0 0 0 0 0 0
252	3	1 1 0 1 0 0 1 0 0 0 0 0 0 0 0 1
252	1	1 0 1 1 1 0 1 0 0 0 0 0 0 0 0 0
252	5	1 1 0 1 0 0 0 1 0 0 0 0 0 0 0 0
252	3	1 1 0 1 0 0 0 0 0 0 0 1 0 0 0 0
252	5	1 1 1 1 0 1 0 0 0 0 0 1 0 0 1 0
252	5	1 1 0 1 0 0 0 0 0 0 0 0 0 0 0 0
252	37	1 1 1 1 0 0 1 0 0 0 0 0 1 0 0 0
252	7	1 0 1 1 0 0 0 1 0 0 1 0 0 0 0 0
252	13	1 1 0 1 0 1 1 0 0 0 0 0 1 0 0 0
252	18	1 0 1 1 1 1 0 0 1 0 0 0 0 0 0 0
252	9	1 1 1 1 1 0 1 0 0 0 0 0 1 0 0 0
252	1	1 1 1 1 0 0 0 1 0 1 0 0 0 0 0 0
252	11	1 1 1 1 0 0 1 0 0 0 0 0 1 0 0 1
252	8	1 1 1 1 0 0 1 0 0 0 0 0 0 0 0 0
252	3	1 1 1 1 0 0 1 0 0 0 0 0 0 1 0 1
252	2	1 1 1 1 0 0 1 1 0 0 0 0 0 0 1 1
252	10	1 0 1 1 0 0 0 0 0 0 0 0 1 0 0 0
252	8	0 0 1 1 1 0 0 0 0 0 0 0 0 0 0 0
252	1	1 1 1 1 0 1 0 0 0 0 1 0 0 0 0 1
252	1	0 1 1 1 0 0 0 1 0 0 0 0 0 0 1 0
252	2	1 0 0 1 0 0 1 0 0 0 0 0 0 0 0 0
252	4	1 1 1 1 0 1 0 0 0 1 0 0 0 0 0 0
252	2	1 0 1 1 0 0 0 1 1 0 0 0 0 0 0 0
252	8	1 1 1 1 0 0 0 1 0 0 0 0 0 0 0 1
252	3	1 1 1 1 0 0 0 1 1 0 0 0 0 0 0 0
252	4	1 0 1 1 0 0 0 1 0 1 1 0 0 0 0 0
252	5	0 1 1 1 0 1 0 0 0 0 0 1 0 0 1 0
252	8	1 1 0 1 0 0 1 0 0 0 0 0 0 0 1 1
252	7	1 0 0 1 0 0 0 1 1 0 0 0 0 0 0 0
252	7	1 1 1 1 0 0 0 0 0 0 0 1 0 0 1 0
252	2	1 0 1 1 0 0 0 1 0 0 0 0 0 0 1 0
252	1	1 0 0 1 1 0 0 1 0 0 0 1 0 0 1 0
252	2	1 1 0 1 0 0 1 0 0 0 0 0 1 0 0 1
252	1	1 1 1 0 0 1 0 0 0 0 0 1 0 0 1 0
252	5	1 1 1 1 1 0 1 0 0 0 0 0 1 1 0 0
252	2	1 1 1 1 0 1 0 0 0 0 0 0 0 0 1 0
252	1	1 0 1 1 0 1 1 0 0 0 0 0 0 0 0 1
252	9	1 1 1 1 0 0 0 0 0 0 0 0 1 0 0 0
252	5	0 1 1 1 0 0 0 1 1 0 0 0 0 0 0 0
252	3	0 1 1 1 0 0 0 1 0 0 0 1 0 0 1 0
252	1	1 0 1 1 0 1 0 0 0 0 0 1 0 0 0 0
252	1	0 1 1 1 1 0 0 1 0 0 0 0 0 0 1 0
252	2	1 0 1 1 0 0 1 1 0 0 0 0 0 0 0 1
252	3	1 1 1 1 0 0 0 1 1 0 0 0 0 0 0 1
252	3	1 0 0 1 0 0 0 1 1 0 0 0 0 1 0 0
252	6	1 0 1 1 0 0 0 0 0 0 0 0 0 0 1 0
252	3	1 0 1 1 0 0 1 1 0 0 0 0 0 0 0 0
252	5	1 0 1 1 0 1 0 0 0 0 0 0 0 0 0 0
252	2	0 1 1 1 0 0 1 0 0 0 0 0 1 0 0 0
252	1	1 1 1 1 0 0 0 1 0 0 0 0 0 0 1 1
252	7	1 0 1 1 0 0 0 0 0 0 0 1 0 0 0 0
252	3	1 1 1 1 0 0 0 1 0 0 0 1 0 0 0 0
252	4	1 1 1 1 0 0 1 0 0 0 0 0 0 0 1 0
252	2	1 0 1 0 0 1 0 0 1 0 0 0 1 0 0 0
252	2	1 0 1 1 1 1 0 0 0 0 0 0 0 0 0 0
252	2	1 0 0 1 1 0 0 1 0 1 0 0 1 0 0 0
252	1	1 0 1 1 0 0 0 0 0 0 0 0 0 0 0 1
252	1	1 0 1 1 1 0 0 0 0 0 0 0 0 0 0 1
252	2	1 1 1 1 1 0 0 0 0 0 0 0 0 0 0 0
252	1	0 1 1 1 0 0 0 1 0 0 0 1 1 0 0 0
252	1	0 1 1 1 0 0 0 1 0 0 0 1 0 0 1 1
252	2	1 1 1 1 0 1 0 0 0 0 0 1 0 0 0 0
252	1	0 1 1 1 0 0 0 1 0 0 0 0 1 0 0 0
252	2	0 1 1 1 0 0 1 1 0 0 0 0 0 0 0 1
350	22	1 0 1 1 0 0 0 0 0 0 0 0 0 0 0 0
350	42	1 0 1 1 0 0 0 1 0 0 0 0 0 0 0 0
350	1	1 0 1 1 1 0 0 0 0 0 0 0 0 0 0 0
350	15	1 1 1 1 0 0 0 0 0 0 0 0 0 0 0 0
350	60	1 1 1 1 0 0 0 1 0 0 0 0 0 0 0 0
350	135	1 1 1 1 0 0 0 0 0 0 0 1 0 0 0 0
350	109	1 1 1 1 0 0 0 0 0 0 1 0 0 0 0 0
350	36	1 1 1 1 0 0 1 0 0 0 0 0 0 0 0 0
350	12	1 1 1 1 0 0 0 1 0 0 0 0 0 0 0 1
350	16	1 0 1 1 1 1 0 1 0 0 0 0 0 0 0 0
350	3	1 0 1 1 0 0 0 0 0 0 0 0 0 0 0 1
350	8	1 1 1 1 0 1 0 1 0 0 0 0 0 0 0 0
350	2	1 1 1 1 0 1 0 1 0 0 0 0 1 0 0 0
350	30	1 0 1 1 0 0 0 0 0 0 0 1 0 0 0 0
350	3	1 1 1 1 0 0 0 1 0 1 0 1 0 0 0 0
350	29	1 1 1 1 0 0 0 1 1 0 0 0 0 0 0 0
350	38	1 1 1 1 1 1 0 0 1 0 0 0 0 0 0 0
350	14	1 1 1 1 0 0 0 0 0 0 0 0 0 1 0 1
350	26	1 1 1 1 0 0 1 0 0 0 0 0 1 0 0 0
350	9	1 1 1 1 1 0 0 0 1 0 0 0 0 0 0 0
350	7	1 0 1 1 0 0 1 0 0 0 1 0 0 0 0 0
350	3	1 0 1 1 1 0 0 0 0 0 1 1 0 0 0 0
350	5	1 1 1 1 0 0 0 0 0 0 0 0 0 1 0 0
350	6	1 1 1 1 0 0 0 1 1 0 0 0 0 0 0 1
350	24	1 0 1 1 0 0 0 1 0 0 0 1 0 0 0 0
350	21	1 1 1 1 0 0 0 1 0 0 1 0 0 0 0 0
350	16	1 1 1 1 1 0 0 1 1 0 0 0 0 0 0 0
350	1	1 1 1 1 0 0 0 1 1 1 0 0 0 0 0 0
350	1	1 0 0 1 1 0 0 0 0 0 1 1 0 0 0 0
350	25	1 1 1 1 0 0 1 0 1 0 0 0 0 0 0 0
350	18	1 1 1 1 0 1 0 1 0 0 1 0 0 0 0 0
350	19	1 0 1 1 1 1 0 0 0 0 0 0 0 0 0 0
350	8	1 1 1 1 1 0 0 1 0 0 0 0 0 0 0 0
350	3	1 1 1 1 0 0 1 0 0 0 0 0 0 0 1 0
350	1	0 0 0 1 1 0 1 0 0 0 0 0 0 0 0 0
350	9	1 1 1 1 0 0 0 0 0 0 1 0 0 0 1 0
350	3	1 1 1 0 0 0 0 0 0 0 0 0 0 1 0 1
350	33	1 1 1 1 0 0 0 0 1 0 0 0 0 0 0 0
350	13	1 1 1 1 0 0 0 1 0 1 0 0 0 0 0 0
350	15	1 0 1 1 0 0 0 0 0 0 1 0 0 0 0 0
350	2	1 0 1 1 1 1 0 0 0 1 0 0 0 0 0 0
350	5	1 0 1 1 1 0 0 1 1 1 0 0 0 0 0 0
350	1	1 1 1 1 0 0 0 0 0 0 1 1 0 0 0 0
350	3	1 0 1 1 0 0 0 1 0 0 0 0 0 0 1 0
350	6	1 0 1 1 0 1 0 0 0 0 0 0 0 0 0 0
350	6	1 1 1 1 0 1 0 0 1 0 0 0 0 0 0 0
350	9	1 1 1 1 0 0 0 0 0 0 0 1 0 0 0 1
350	10	1 1 1 1 0 0 1 0 0 0 0 1 1 0 0 0
350	3	1 1 1 1 1 0 0 0 0 0 1 1 0 0 0 0
350	11	1 0 1 1 0 0 0 1 0 0 1 0 0 0 0 0
350	12	1 1 1 1 0 0 1 0 0 0 0 0 0 1 0 1
350	4	1 1 1 0 0 0 0 1 1 1 0 0 0 0 0 0
350	1	1 1 1 1 0 0 0 0 0 0 0 0 1 0 0 0
350	5	1 1 1 1 0 0 1 0 0 0 1 0 0 0 0 0
350	7	1 0 1 0 0 0 0 0 0 0 0 1 0 0 0 0
350	2	0 0 1 1 0 0 1 0 0 0 1 1 0 0 0 0
350	1	1 0 1 1 0 0 0 1 1 0 0 0 0 0 0 0
350	8	1 1 1 1 0 0 1 0 1 0 1 0 0 0 0 0
350	5	1 1 1 1 0 0 0 0 0 0 1 0 1 0 0 0
350	2	1 0 1 1 0 0 0 0 0 0 1 0 1 0 0 0
350	1	1 1 1 1 0 0 0 1 0 0 0 0 1 0 0 0
350	11	1 0 1 1 0 0 1 0 0 0 0 0 1 0 0 0
350	1	1 0 1 1 0 0 1 0 1 0 1 0 0 1 0 0
350	2	0 1 1 1 0 0 0 1 0 0 0 0 0 0 0 0
350	7	1 1 1 1 0 0 1 0 1 0 0 0 0 0 0 1
350	1	1 1 1 1 0 0 1 0 0 0 0 0 0 0 0 1
350	1	1 1 1 1 0 0 0 1 1 0 0 0 0 1 0 0
350	1	1 1 1 1 0 1 0 1 0 0 0 0 0 0 0 1
350	2	1 0 1 0 0 0 1 0 0 0 0 0 1 0 0 0
350	4	1 1 1 1 0 0 1 1 0 0 0 0 1 0 0 0
350	4	1 1 1 1 0 0 0 0 0 0 0 1 0 1 0 0
350	1	0 1 1 1 0 0 0 0 0 0 0 1 0 0 0 0
350	4	1 1 1 1 1 0 1 0 0 0 0 0 0 0 0 0
350	2	1 0 1 1 0 0 0 0 0 1 0 1 0 0 0 0
350	1	1 1 1 1 0 0 0 0 0 0 0 1 0 1 0 1
350	1	1 0 1 0 0 0 0 1 0 0 1 0 0 0 0 0
350	2	1 1 1 1 0 0 1 0 0 0 0 1 0 0 0 0
350	3	1 1 1 1 0 0 0 0 0 1 1 0 0 0 0 0
350	1	1 1 1 1 1 0 1 0 1 0 0 0 0 0 0 0
350	1	1 1 1 1 1 0 0 0 1 0 0 0 0 1 0 0
350	2	1 0 1 1 0 0 1 0 0 0 1 0 0 1 0 0
350	2	1 1 1 1 1 0 0 1 1 0 0 0 0 1 0 0
350	1	1 1 1 1 0 0 1 0 0 0 1 0 0 0 0 1
400	9	1 0 1 1 0 0 0 1 0 0 0 0 0 0 0 0
400	57	1 1 1 1 0 0 0 0 0 0 0 0 0 0 0 0
400	22	1 1 1 1 0 0 0 1 0 0 0 0 0 0 0 0
400	39	1 1 1 1 0 0 0 0 0 0 0 1 0 0 0 0
400	129	1 1 1 1 0 0 0 0 0 0 1 0 0 0 0 0
400	15	1 1 1 1 0 0 1 0 0 0 0 0 0 0 0 0
400	19	1 0 1 1 1 1 0 1 0 0 0 0 0 0 0 0
400	19	1 1 1 1 0 1 0 1 0 0 0 0 0 0 0 0
400	1	1 1 1 1 1 1 0 0 1 0 0 0 0 0 0 0
400	25	1 0 1 1 0 0 0 1 0 0 0 1 0 0 0 0
400	27	1 1 1 1 0 0 0 1 0 0 1 0 0 0 0 0
400	8	1 1 1 1 0 0 0 1 1 1 0 0 0 0 0 0
400	34	1 1 1 1 0 0 1 0 1 0 0 0 0 0 0 0
400	1	1 1 1 1 0 0 0 0 1 0 0 0 0 0 0 0
400	12	1 0 1 1 0 0 0 0 0 0 1 0 0 0 0 0
400	14	1 1 1 1 0 0 1 0 0 0 0 1 1 0 0 0
400	57	1 0 1 1 0 0 0 1 0 0 1 0 0 0 0 0
400	112	1 1 1 1 0 0 1 0 0 0 1 0 0 0 0 0
400	21	1 1 1 1 0 0 1 0 0 0 0 1 0 0 0 0
400	64	1 1 1 1 0 0 1 1 1 0 0 0 0 0 0 0
400	5	1 0 1 1 1 1 0 1 0 0 0 0 1 0 0 0
400	16	1 0 1 1 0 0 0 0 0 0 0 1 0 1 0 0
400	16	1 1 1 1 0 0 0 0 0 1 0 0 0 0 0 0
400	20	1 1 1 1 0 0 0 0 0 1 1 0 0 0 0 0
400	11	1 1 1 1 0 0 0 1 1 0 0 0 0 1 0 1
400	23	0 0 1 1 0 0 0 0 0 0 1 0 0 0 0 0
400	9	1 1 1 1 0 0 0 0 0 0 0 1 0 1 0 0
400	4	1 0 1 1 0 0 0 1 1 0 1 0 0 0 0 0
400	22	1 1 1 1 0 1 0 0 0 0 1 0 0 0 0 0
400	7	1 1 1 1 0 0 1 0 1 0 1 0 0 0 0 0
400	4	1 1 1 1 0 0 0 0 1 0 0 0 0 1 0 1
400	5	1 0 1 1 0 0 1 0 0 0 1 0 0 0 0 0
400	16	1 0 1 1 1 1 0 1 0 0 1 0 0 0 0 0
400	4	1 1 1 1 0 0 0 0 0 0 0 1 1 0 0 0
400	14	1 0 1 1 0 0 0 1 0 0 0 0 1 0 0 0
400	2	1 1 1 1 0 0 0 0 0 1 0 1 0 0 0 0
400	11	1 0 1 1 0 0 0 0 0 0 1 1 0 0 0 0
400	1	1 1 1 1 1 0 0 1 0 0 1 0 0 0 0 0
400	7	1 1 0 1 0 0 0 0 1 0 0 0 0 0 0 0
400	6	1 1 1 1 0 0 1 1 0 0 0 1 0 0 0 0
400	2	1 1 1 1 0 0 1 1 0 0 0 0 0 0 0 0
400	1	1 0 1 0 1 1 0 1 0 0 0 0 0 0 0 0
400	4	1 1 1 1 0 0 0 0 0 0 1 1 0 0 0 0
400	8	1 1 1 1 0 1 0 1 0 0 0 0 0 0 0 1
400	15	1 1 1 1 0 0 0 0 0 0 0 0 0 0 0 1
400	4	0 1 0 1 0 0 1 1 1 0 0 0 0 0 0 0
400	2	1 1 1 1 0 0 0 1 1 0 0 0 0 1 0 0
400	14	1 1 1 1 0 0 0 0 0 0 0 0 1 0 0 0
400	1	1 0 1 1 1 1 0 0 0 0 0 0 0 0 0 0
400	9	1 0 1 0 1 1 0 1 0 0 1 0 0 0 0 0
400	1	1 0 1 1 0 0 0 0 0 0 0 0 0 0 0 0
400	1	1 1 0 1 0 0 0 1 0 0 0 0 0 0 0 0
400	1	1 1 1 1 1 1 0 0 1 0 1 0 0 0 0 0
400	1	1 0 1 1 0 0 0 0 1 0 0 0 0 0 0 0
400	4	0 0 1 1 0 0 0 0 1 0 0 0 0 0 0 0
400	5	1 1 0 1 0 0 0 0 0 0 0 0 0 0 0 0
400	3	1 0 1 1 0 0 0 1 0 0 1 0 0 1 0 0
400	2	0 1 0 0 0 0 1 1 1 0 0 0 0 0 0 0
400	5	1 0 1 1 0 0 0 1 0 0 0 1 1 0 0 0
400	1	1 1 1 1 0 0 0 0 0 0 1 0 0 1 0 0
400	1	1 1 0 1 0 0 0 0 0 0 1 0 0 0 0 0
400	2	1 0 1 1 0 0 0 1 0 0 1 0 0 0 0 1
400	2	1 0 1 1 0 0 0 1 0 0 1 0 0 0 1 0
400	1	0 1 1 1 1 1 0 1 0 0 0 0 0 0 0 1
400	2	1 1 1 1 0 0 0 1 0 0 0 0 0 0 0 1
400	2	0 1 0 1 1 0 1 1 1 0 0 0 0 0 0 0
400	2	1 0 1 1 0 0 0 1 0 0 1 0 1 0 0 1
400	1	1 1 1 0 0 0 0 0 0 0 1 0 0 0 0 0
400	3	1 1 1 1 0 1 0 1 0 0 0 1 0 0 0 0
400	5	1 1 1 1 0 1 0 1 1 0 0 0 0 0 0 0
400	1	1 1 1 1 1 0 1 0 1 0 0 0 0 0 0 0
400	1	1 1 1 1 0 0 1 0 0 0 1 0 1 0 0 0
400	1	0 0 1 1 0 0 0 0 0 0 0 1 0 1 0 0
400	1	1 1 1 1 0 0 0 0 0 1 0 0 0 0 1 0
400	1	1 1 1 1 0 1 0 1 0 0 1 0 0 0 0 0
400	1	1 1 1 1 0 1 0 0 0 1 1 0 0 0 0 0
400	1	0 1 0 1 1 0 1 1 1 0 1 0 0 0 0 0
