0	250	0 0 1 0 0 0 0 0 1 0 0 0 0 0 1 1
0	250	0 0 0 0 0 0 0 0 0 0 1 0 0 0 0 0
0	250	0 0 0 0 0 0 1 0 0 0 0 1 1 0 1 1
0	250	1 0 0 0 0 0 1 0 1 0 0 0 0 0 0 0
8	196	0 0 1 0 0 0 0 0 1 0 0 0 0 0 1 1
8	240	0 0 0 0 0 0 0 0 0 0 1 0 0 0 0 0
8	147	0 0 0 0 0 0 1 0 0 0 0 1 1 0 1 1
8	262	1 0 0 0 0 0 1 0 1 0 0 0 0 0 0 0
8	5	0 0 1 0 0 0 1 0 0 0 0 1 1 0 1 1
8	9	0 0 0 0 0 0 1 0 1 0 0 0 0 0 0 0
8	3	0 0 0 0 0 0 1 0 0 0 1 0 0 0 0 0
8	4	0 0 1 0 0 0 0 0 1 0 0 0 0 0 0 1
8	1	0 0 1 0 0 0 0 0 0 0 0 0 0 0 1 1
8	8	0 0 1 0 0 0 0 0 1 0 0 0 1 0 1 1
8	1	0 0 0 0 1 0 1 0 0 0 0 1 1 0 1 1
8	2	0 0 0 0 0 0 1 0 1 0 0 1 1 0 1 1
8	1	1 0 0 0 0 0 1 0 1 0 0 0 1 0 0 0
8	6	0 0 0 0 0 0 0 0 1 0 0 0 0 0 1 1
8	1	0 0 0 0 0 0 1 0 0 0 0 0 0 0 0 0
8	5	0 0 0 0 0 0 0 0 0 0 1 0 0 1 0 0
8	16	0 0 0 0 0 1 1 0 0 0 0 1 1 0 1 1
8	5	0 0 0 0 0 0 1 0 0 0 0 0 0 0 1 1
8	5	1 0 0 0 0 0 0 0 0 0 1 0 0 0 0 0
8	9	0 0 0 1 0 0 0 0 0 0 1 0 0 0 0 0
8	2	1 0 0 0 0 0 1 0 0 0 0 1 1 0 1 1
8	1	1 0 1 0 0 0 0 0 1 0 0 0 0 0 1 1
8	3	0 0 0 0 0 0 0 0 0 1 1 0 0 0 0 0
8	11	0 0 0 0 1 0 0 0 0 0 1 0 0 0 0 0
8	2	0 0 0 0 0 0 1 1 0 0 0 1 1 0 1 1
8	1	0 0 0 0 0 0 0 0 0 0 1 0 1 0 1 1
8	6	0 0 0 0 0 0 1 0 0 0 0 1 0 0 0 0
8	2	0 0 0 0 0 0 1 0 1 0 1 0 0 0 0 0
8	1	0 0 1 0 0 0 0 0 1 0 1 0 0 0 0 0
8	1	0 0 1 0 0 0 0 0 1 0 1 0 0 0 1 1
8	1	1 0 0 0 0 0 1 0 1 0 0 0 0 1 0 0
8	1	0 0 0 0 0 0 0 0 1 0 0 0 0 1 1 1
8	2	0 0 0 0 0 0 0 0 0 0 1 0 0 0 1 1
8	1	0 0 1 0 0 0 0 0 1 0 0 0 0 1 1 1
8	5	1 0 0 0 0 0 1 0 1 0 0 0 0 0 1 0
8	2	0 0 0 0 0 1 1 1 0 0 0 1 1 0 1 1
8	1	0 0 1 0 0 0 0 0 0 0 1 0 0 0 0 0
8	3	0 0 0 0 0 0 0 0 1 0 1 0 0 0 0 0
8	3	0 0 0 0 0 0 0 1 0 0 1 0 0 0 0 0
8	4	1 0 0 0 0 0 1 0 1 0 0 1 0 0 0 0
8	3	1 0 1 0 0 0 1 0 1 0 0 0 0 0 0 0
8	2	0 0 0 1 1 0 0 0 0 0 1 0 0 0 0 0
8	1	0 0 0 0 0 0 0 0 0 0 0 0 0 0 0 0
8	6	0 0 0 0 0 0 1 0 0 0 0 1 1 0 0 0
8	2	0 0 0 0 0 0 0 0 1 0 0 0 0 0 0 0
8	1	0 0 1 0 0 1 0 0 1 0 0 0 0 0 1 1
8	2	0 1 1 0 0 0 0 0 1 0 0 0 0 0 1 1
8	2	0 0 0 0 0 0 1 0 0 0 0 1 0 0 1 1
8	2	1 0 0 0 0 0 1 0 1 1 0 0 0 0 0 0
45	60	0 0 1 0 0 0 0 0 1 0 0 0 0 0 1 1
45	21	0 0 0 0 0 0 0 0 0 0 1 0 0 0 0 0
45	286	1 0 0 0 0 0 1 0 1 0 0 0 0 0 0 0
45	23	0 0 0 0 0 0 1 0 1 0 0 0 0 0 0 0
45	7	0 0 0 0 0 1 1 0 0 0 0 1 1 0 1 1
45	71	0 0 0 1 0 0 0 0 0 0 1 0 0 0 0 0
45	4	1 0 1 0 0 0 0 0 1 0 0 0 0 0 1 1
45	32	1 0 0 0 0 0 1 0 1 0 0 0 0 1 0 0
45	8	0 0 0 1 1 0 0 0 0 0 1 0 0 0 0 0
45	2	0 1 1 0 0 0 0 0 1 0 0 0 0 0 1 1
45	12	0 0 1 0 0 0 0 0 1 1 0 0 0 0 1 1
45	10	0 0 1 0 0 0 1 0 1 0 0 0 0 0 0 0
45	2	1 0 0 0 0 0 1 0 1 0 0 1 1 0 1 1
45	2	1 0 0 0 0 0 1 1 1 0 0 0 0 0 0 0
45	24	1 0 0 0 0 1 1 0 1 0 0 0 0 0 0 0
45	71	0 0 1 0 0 1 0 0 1 0 0 0 0 0 1 1
45	23	1 1 0 0 0 0 1 0 1 0 0 0 0 1 0 0
45	6	0 0 1 0 0 0 0 0 1 0 0 1 0 0 1 1
45	7	1 0 0 0 0 0 1 0 1 0 0 0 0 0 1 1
45	2	0 0 1 0 0 0 1 0 0 0 0 0 0 0 1 1
45	16	0 0 1 0 0 0 0 1 1 0 0 0 0 0 1 1
45	1	0 1 0 0 0 0 1 0 0 0 0 1 1 0 1 1
45	2	0 0 1 0 0 0 0 0 0 1 1 0 0 0 0 0
45	13	1 0 0 1 0 0 0 0 0 0 1 0 0 0 0 0
45	1	1 0 0 0 0 0 1 0 1 0 0 0 0 0 0 1
45	6	0 0 0 1 0 0 1 0 1 0 0 0 0 0 0 0
45	3	0 0 0 1 0 0 0 0 0 0 1 1 0 0 0 0
45	5	0 0 1 0 1 0 0 0 1 0 0 0 0 0 1 1
45	12	1 0 0 0 0 1 1 0 1 0 0 0 0 0 0 1
45	5	0 0 1 0 0 0 1 1 0 0 0 1 1 0 1 1
45	25	0 0 0 0 0 0 1 0 0 0 0 0 0 1 0 0
45	3	0 0 0 0 0 0 1 0 0 0 0 0 0 0 0 0
45	13	1 0 0 1 0 0 1 0 1 0 0 0 0 0 0 0
45	1	1 0 0 0 0 0 0 0 1 0 0 0 0 0 1 1
45	8	0 0 0 0 0 1 0 0 0 0 1 0 0 0 0 0
45	8	1 0 0 0 0 0 0 0 1 0 0 0 0 0 0 0
45	2	1 0 0 0 0 0 1 0 1 0 0 0 1 0 0 0
45	7	1 0 1 0 0 0 1 0 1 0 1 0 0 0 0 0
45	13	0 0 1 0 0 0 1 0 1 0 0 0 0 1 0 0
45	3	0 0 0 1 0 0 0 0 0 0 1 0 0 0 1 1
45	3	0 0 0 1 0 0 0 0 0 0 0 1 1 0 1 1
45	4	1 0 0 0 0 0 1 1 0 0 0 0 0 0 0 0
45	3	0 0 0 0 0 0 0 0 1 0 0 0 0 0 1 1
45	17	1 0 0 0 0 0 1 0 1 0 0 1 0 0 0 0
45	1	0 0 1 0 1 0 0 0 1 0 0 0 0 0 0 0
45	5	1 0 0 0 0 0 1 0 1 0 0 0 0 0 1 0
45	4	0 0 0 0 0 0 1 1 0 0 0 0 0 1 0 0
45	7	1 0 0 1 0 1 0 0 1 0 0 0 0 0 1 1
45	3	0 0 1 0 0 0 0 0 1 0 0 0 0 1 1 1
45	4	1 0 0 0 0 0 1 0 1 0 0 1 1 1 1 1
45	9	1 0 0 0 0 0 0 0 0 0 1 0 0 0 0 0
45	2	0 0 0 1 0 1 1 0 1 0 0 0 0 0 0 1
45	4	0 0 0 1 0 0 0 0 1 0 0 0 0 0 0 0
45	9	0 0 0 0 0 0 1 0 1 0 0 0 0 1 0 0
45	1	0 0 1 0 0 0 0 0 1 0 0 0 0 0 1 0
45	5	0 0 0 0 0 0 1 0 1 0 0 0 0 0 1 0
45	4	0 0 0 0 0 0 1 0 1 0 0 0 0 0 0 1
45	3	0 0 0 0 0 0 0 0 1 0 0 0 0 0 0 0
45	1	0 0 0 1 0 0 0 1 0 0 1 0 0 0 0 0
45	7	0 0 0 1 0 0 0 0 1 0 1 0 0 0 0 0
45	5	1 1 0 1 0 0 0 0 0 0 1 0 0 0 0 0
45	1	0 0 1 0 0 0 0 0 0 0 0 1 1 0 1 1
45	3	1 0 0 0 0 0 1 0 1 0 1 0 0 0 0 0
45	8	0 0 1 1 0 0 0 0 0 0 1 0 0 0 0 0
45	2	1 0 1 0 0 0 1 1 1 0 0 0 0 0 0 0
45	2	1 0 1 0 0 1 0 0 1 0 0 0 0 0 1 1
45	1	1 0 0 0 1 1 0 0 1 0 0 0 0 0 0 1
45	2	0 0 1 0 0 0 0 0 1 0 0 0 0 0 0 0
45	4	0 0 1 0 0 1 0 0 1 0 0 0 0 0 0 0
45	3	1 0 0 1 0 0 1 0 1 0 0 0 0 0 0 1
45	1	0 0 0 0 0 0 1 0 1 0 0 1 1 0 1 1
45	1	0 0 1 1 0 0 1 0 0 0 0 0 0 0 1 1
45	6	1 0 0 0 0 0 1 0 1 0 0 1 0 0 0 1
45	4	0 0 0 0 0 0 1 1 0 0 1 0 0 1 0 0
45	2	0 0 0 0 0 0 0 0 1 0 0 0 0 0 1 0
45	1	1 1 0 0 0 0 1 0 1 0 1 0 0 0 0 0
45	4	1 0 0 1 0 1 1 0 1 0 0 0 0 0 0 1
45	1	0 0 0 1 0 1 1 0 1 0 0 0 0 0 0 0
45	1	1 1 0 0 0 0 1 0 1 0 0 0 0 0 0 0
45	2	0 1 0 0 0 0 1 0 1 0 0 0 0 0 0 0
45	1	0 0 0 0 0 0 1 1 1 0 0 0 0 0 0 0
45	1	0 0 1 0 0 1 0 0 1 0 0 0 1 0 1 1
45	2	1 0 1 1 0 1 0 0 1 0 0 0 0 0 1 1
45	2	0 0 1 0 0 0 0 0 0 0 1 0 0 0 0 0
45	2	1 0 0 0 0 1 0 0 1 0 0 0 0 0 1 1
45	2	1 0 0 0 0 0 1 1 0 0 0 0 0 1 0 0
45	2	0 1 0 0 0 0 1 0 1 0 0 0 0 1 0 0
45	2	1 0 0 1 0 0 0 0 0 0 1 0 0 0 1 1
45	1	0 0 0 0 0 1 0 0 1 0 0 0 0 0 0 0
45	1	0 0 0 1 0 0 0 0 0 1 1 0 0 0 0 0
45	4	0 0 1 0 0 0 1 0 1 0 0 0 1 0 0 0
45	1	1 1 0 0 0 1 1 0 1 0 0 0 0 0 0 0
45	4	0 0 1 0 0 1 0 1 1 0 0 0 0 0 1 1
45	2	0 0 1 0 0 0 1 0 1 0 0 1 0 0 1 1
45	1	1 0 0 1 0 0 1 0 1 0 0 0 0 0 1 1
45	1	1 0 0 1 0 0 1 0 1 0 0 0 0 1 0 0
45	1	1 0 0 0 0 0 1 0 1 0 1 1 0 0 0 0
85	50	1 0 0 0 0 0 1 0 1 0 0 0 0 0 0 0
85	8	0 0 0 0 0 0 1 0 1 0 0 0 0 0 0 0
85	70	0 0 0 1 0 0 0 0 0 0 1 0 0 0 0 0
85	20	0 0 0 1 1 0 0 0 0 0 1 0 0 0 0 0
85	11	1 0 0 0 0 1 1 0 1 0 0 0 0 0 0 0
85	42	0 0 1 0 0 1 0 0 1 0 0 0 0 0 1 1
85	23	1 1 0 0 0 0 1 0 1 0 0 0 0 1 0 0
85	28	0 0 0 1 0 0 1 0 1 0 0 0 0 0 0 0
85	2	0 0 0 0 0 0 1 0 0 0 0 0 0 1 0 0
85	11	1 0 0 1 0 0 1 0 1 0 0 0 0 0 0 0
85	79	0 0 1 0 0 0 1 0 1 0 0 0 0 1 0 0
85	4	0 0 0 1 0 0 0 0 0 0 1 0 0 0 1 1
85	9	0 0 0 0 0 0 1 1 0 0 0 0 0 1 0 0
85	14	1 0 0 1 0 1 0 0 1 0 0 0 0 0 1 1
85	3	0 0 0 0 0 0 1 0 1 0 0 0 0 0 0 1
85	59	0 0 1 1 0 0 0 0 0 0 1 0 0 0 0 0
85	34	0 0 1 0 0 1 0 0 1 0 0 0 0 0 0 0
85	37	1 0 0 0 0 0 1 0 1 0 0 0 0 1 1 0
85	12	1 1 0 0 0 0 1 1 1 0 0 0 0 1 0 0
85	3	0 0 1 0 0 0 0 1 1 0 0 0 0 0 0 0
85	33	1 0 0 1 0 0 0 0 1 0 1 0 0 0 0 0
85	6	0 0 1 0 0 0 0 0 1 0 0 0 0 0 0 0
85	2	0 0 0 1 1 0 0 0 0 0 1 0 0 0 0 1
85	6	1 1 0 0 0 0 1 1 1 1 0 0 0 1 0 0
85	41	1 0 1 1 0 0 1 0 0 0 0 0 0 1 0 0
85	23	0 0 0 1 0 1 0 0 0 0 1 0 0 0 0 0
85	36	0 0 1 0 0 1 0 0 1 0 0 0 0 0 1 0
85	4	0 1 1 1 0 0 1 0 1 0 0 0 0 0 0 0
85	27	1 1 0 0 1 0 1 0 1 0 0 0 0 1 0 0
85	2	0 0 0 0 0 0 0 1 0 0 0 0 0 1 0 0
85	7	1 0 0 0 0 1 1 0 1 0 0 0 1 0 0 0
85	9	1 0 0 1 0 0 0 0 1 0 1 1 0 0 0 0
85	8	0 0 1 1 0 0 0 0 0 0 0 0 0 0 0 0
85	9	1 0 0 0 0 1 1 1 1 0 0 0 0 0 0 0
85	1	0 0 1 0 0 1 1 0 1 0 0 0 0 0 0 0
85	1	1 0 0 0 0 0 0 0 0 0 1 0 0 0 0 0
85	2	1 0 1 0 0 0 0 0 1 0 0 0 0 0 0 0
85	5	0 0 1 0 0 0 1 0 1 0 0 0 0 0 0 0
85	1	1 0 1 0 0 0 0 1 1 0 0 0 0 0 0 0
85	4	0 0 0 1 1 0 0 0 0 0 1 1 0 0 0 0
85	1	1 0 0 1 0 0 0 0 1 0 0 0 0 0 0 0
85	5	0 0 1 0 1 0 1 0 1 0 0 0 0 1 0 0
85	6	0 0 0 1 0 0 0 0 1 0 0 0 0 1 0 0
85	1	1 1 0 0 0 0 0 0 1 0 0 0 0 0 0 0
85	6	1 0 0 0 1 0 1 0 1 0 0 0 0 0 1 1
85	11	0 0 1 1 0 1 0 0 1 0 0 0 0 0 0 0
85	3	0 0 1 0 0 1 1 0 1 0 0 1 0 0 0 0
85	8	1 1 0 0 0 0 1 0 1 0 1 0 0 0 0 0
85	5	1 0 0 1 0 1 0 0 1 0 0 0 0 0 1 0
85	5	1 1 0 0 0 0 1 1 1 1 0 0 0 1 0 1
85	4	1 0 0 0 0 1 0 0 1 0 0 0 0 0 1 1
85	7	0 0 1 1 0 0 0 0 0 0 0 0 0 1 0 0
85	3	1 0 1 0 0 1 0 0 0 0 1 0 0 0 0 0
85	20	0 0 0 1 0 1 0 0 0 0 1 0 0 0 1 0
85	3	1 0 0 0 1 0 1 0 1 0 0 1 0 0 1 1
85	6	0 0 0 1 0 0 1 1 1 1 0 0 0 1 0 0
85	4	1 0 0 0 0 0 1 0 1 0 0 0 0 0 1 0
85	5	0 0 0 1 0 1 0 0 0 0 1 1 0 0 0 0
85	3	0 0 1 0 0 1 1 0 1 0 0 0 0 1 0 0
85	2	0 0 0 1 0 0 1 0 1 0 0 1 0 0 0 0
85	1	1 0 0 0 0 1 0 0 1 0 0 1 0 0 1 1
85	10	0 0 1 0 0 0 0 0 1 0 1 0 0 0 0 0
85	7	0 0 1 0 0 1 0 0 1 0 0 0 0 1 0 0
85	3	1 1 0 0 0 0 0 0 1 0 0 0 0 1 0 0
85	1	0 0 0 1 1 0 0 1 0 0 1 0 0 0 0 0
85	6	0 0 1 0 0 0 1 0 1 0 0 0 0 1 0 1
85	1	1 0 1 1 0 0 0 0 0 0 1 0 0 0 0 0
85	4	0 0 1 1 0 1 1 0 1 0 0 0 0 0 0 0
85	4	1 1 0 0 0 0 1 1 1 0 0 0 0 0 0 0
85	1	1 0 0 0 0 1 1 0 1 0 1 0 0 0 0 1
85	10	0 0 1 0 1 1 0 0 1 0 0 0 0 0 1 1
85	1	0 0 1 0 0 1 0 0 1 0 0 1 0 0 0 0
85	5	1 0 0 0 0 0 0 0 1 0 0 0 0 1 1 0
85	2	0 0 0 0 0 0 0 1 1 0 0 0 0 0 0 0
85	6	1 0 1 1 0 0 1 0 1 0 0 0 0 1 0 0
85	2	0 0 1 0 0 0 0 0 1 0 0 0 0 0 1 0
85	6	0 0 1 0 0 1 0 1 1 0 0 0 0 0 1 0
85	1	0 1 1 1 0 0 1 0 0 0 0 0 0 0 0 0
85	5	1 0 0 0 0 1 1 0 0 0 0 0 1 0 0 0
85	4	1 0 0 1 0 0 1 0 1 0 1 1 0 0 0 0
85	1	1 0 0 1 0 0 1 0 1 0 0 1 1 0 0 0
85	9	0 0 0 0 1 1 1 0 1 0 0 0 0 0 0 0
85	1	1 0 0 1 0 1 0 0 1 0 0 0 0 0 0 0
85	1	1 0 0 0 0 1 0 0 1 0 0 0 0 0 0 0
85	1	1 1 0 0 0 0 1 1 1 0 0 0 0 0 1 1
85	14	1 1 0 0 0 0 1 1 1 0 0 0 0 1 1 0
85	1	1 1 0 0 0 0 0 0 0 0 1 0 0 0 0 0
85	7	0 0 0 1 0 0 0 0 0 0 1 0 0 1 0 0
85	3	1 1 0 0 0 0 1 0 0 0 0 0 0 1 0 0
85	1	1 1 1 0 0 1 0 0 1 0 0 0 0 0 1 1
85	4	1 0 0 1 0 0 0 0 1 0 1 1 0 1 0 0
85	2	0 0 1 0 0 0 1 0 1 0 1 0 0 0 0 0
85	1	1 1 0 0 1 0 1 1 1 1 0 0 0 1 0 1
85	1	1 0 1 0 0 0 1 0 1 0 0 0 0 1 0 0
85	2	0 0 1 0 0 0 1 0 1 0 0 0 0 0 1 1
85	1	0 0 1 1 0 0 1 0 0 0 0 0 0 1 0 0
85	1	1 1 0 1 0 0 1 1 1 1 0 0 0 1 0 0
85	5	1 0 1 1 0 1 1 0 0 0 0 0 0 1 0 0
85	1	0 0 0 0 0 1 0 0 1 0 0 0 0 0 1 0
85	1	0 0 1 0 1 1 0 0 1 0 0 0 0 0 1 0
85	1	0 0 1 0 1 0 1 0 1 0 0 0 0 1 0 1
85	1	1 1 0 0 0 0 1 1 1 1 0 0 0 0 0 0
85	1	1 0 1 1 0 0 1 0 1 0 0 0 0 0 0 0
85	1	1 1 0 0 1 0 1 0 1 0 0 0 0 0 0 0
85	1	1 0 1 1 0 0 0 0 0 1 1 0 0 1 1 0
85	2	1 0 0 1 0 1 1 0 1 0 0 0 0 0 0 0
85	1	0 0 1 0 1 0 1 0 1 0 0 0 0 0 0 0
154	20	0 0 0 1 0 0 0 0 0 0 1 0 0 0 0 0
154	82	1 0 0 1 0 0 1 0 1 0 0 0 0 0 0 0
154	11	0 0 1 0 0 0 1 0 1 0 0 0 0 1 0 0
154	35	0 0 1 1 0 0 0 0 0 0 1 0 0 0 0 0
154	5	1 1 0 0 0 0 1 1 1 0 0 0 0 1 0 0
154	8	1 0 0 1 0 0 0 0 1 0 1 0 0 0 0 0
154	21	1 0 1 1 0 0 1 0 0 0 0 0 0 1 0 0
154	1	0 0 0 1 0 1 0 0 0 0 1 0 0 0 0 0
154	16	0 0 1 1 0 0 0 0 0 0 0 0 0 0 0 0
154	30	1 0 1 1 0 0 1 0 1 0 0 0 0 0 0 0
154	17	1 0 0 1 0 0 1 0 0 0 0 0 0 0 0 0
154	15	1 0 1 0 0 1 1 0 1 0 0 0 0 1 0 0
154	12	0 0 1 1 0 0 0 0 1 0 0 0 0 0 1 0
154	1	1 0 1 1 1 0 1 0 0 0 0 0 0 1 0 0
154	69	1 1 1 1 0 0 0 0 0 0 1 0 0 0 0 0
154	12	1 0 1 1 0 0 0 0 0 0 0 0 0 0 0 0
154	16	0 1 1 1 0 1 0 0 0 0 0 0 0 1 0 0
154	4	1 1 0 0 0 0 1 1 1 0 1 0 0 0 0 0
154	20	1 1 1 1 0 0 1 0 0 0 0 0 0 1 0 0
154	14	0 0 1 1 0 0 1 0 0 0 0 0 0 0 0 0
154	14	1 0 1 1 0 0 1 0 0 0 1 0 0 1 0 0
154	60	1 0 1 1 0 0 0 0 0 0 1 0 0 0 0 0
154	19	0 1 0 1 0 0 0 0 0 0 1 1 0 0 0 0
154	29	0 0 1 1 0 1 0 0 0 0 1 0 0 0 0 0
154	10	0 0 1 1 0 1 0 0 1 0 1 0 0 0 1 1
154	5	1 1 1 1 0 0 0 0 0 0 0 0 0 0 0 0
154	5	1 0 1 1 0 0 0 0 0 1 1 0 0 0 0 0
154	3	1 1 0 0 0 0 1 1 1 0 1 0 0 1 0 0
154	5	0 0 1 1 0 0 0 1 0 0 1 0 0 0 0 0
154	24	1 0 1 1 0 0 1 0 1 0 0 0 0 1 0 0
154	3	0 0 0 1 1 1 0 0 0 0 1 1 0 0 0 0
154	15	0 1 1 1 0 1 1 0 0 0 0 0 0 1 0 0
154	27	1 0 1 1 0 0 1 0 0 1 1 0 0 1 0 0
154	8	0 0 1 0 0 0 0 0 0 0 1 0 0 0 0 0
154	28	1 0 1 1 0 0 1 0 0 0 0 0 0 0 0 0
154	1	1 0 1 1 0 0 1 0 0 1 0 0 0 1 0 0
154	12	0 0 1 1 0 0 0 0 0 0 1 0 0 0 0 1
154	10	1 0 0 0 0 1 1 0 1 0 0 0 0 1 0 0
154	2	1 0 1 1 0 0 0 0 0 0 1 0 1 0 0 0
154	1	1 1 1 1 0 0 1 0 1 0 0 0 0 1 1 1
154	23	0 1 1 1 0 0 1 0 1 0 0 0 0 0 0 0
154	1	1 0 0 1 0 0 1 0 1 0 1 0 0 0 0 0
154	4	0 1 0 1 0 0 0 0 0 0 1 1 0 1 0 0
154	10	0 0 0 1 1 0 0 0 0 0 1 0 0 0 1 0
154	4	1 1 0 0 1 0 1 0 0 0 0 0 0 1 0 0
154	3	0 0 1 1 0 0 0 0 0 1 1 0 0 0 0 0
154	14	0 1 1 1 0 1 0 0 0 0 0 0 1 1 0 0
154	1	0 1 1 1 0 0 0 0 0 0 0 0 0 0 0 0
154	2	1 0 0 1 0 0 1 0 1 0 0 0 0 1 0 0
154	14	0 0 1 0 0 1 1 0 1 0 0 0 0 1 0 0
154	1	0 0 1 1 0 0 0 0 0 1 0 1 0 0 0 0
154	6	1 0 0 1 0 0 1 0 1 0 0 0 1 0 0 0
154	3	1 1 0 1 0 0 1 0 1 0 0 0 0 0 0 0
154	8	1 1 1 1 0 1 0 0 0 0 0 0 0 1 0 0
154	6	0 0 1 1 0 1 0 0 0 0 1 0 0 0 1 1
154	7	1 1 1 1 0 0 0 0 1 0 0 0 0 0 0 0
154	3	0 1 1 1 0 1 0 0 0 0 1 0 0 0 0 0
154	9	1 1 1 0 0 0 0 0 0 0 1 0 0 0 0 0
154	3	1 1 1 1 1 0 0 0 0 0 1 0 0 0 0 0
154	6	1 0 1 1 0 1 0 0 0 1 1 0 0 0 0 0
154	10	0 1 1 0 0 1 0 0 0 0 0 0 1 1 0 0
154	9	0 0 1 1 0 1 0 0 0 0 0 0 0 1 0 0
154	9	1 0 1 1 0 0 1 0 1 0 0 0 0 0 0 1
154	2	1 0 1 0 0 1 1 0 1 0 0 0 0 0 0 0
154	3	0 0 1 1 0 0 0 1 0 0 0 0 0 0 0 0
154	1	1 0 0 0 0 0 1 0 0 0 0 0 0 0 0 0
154	2	0 0 1 1 0 0 1 0 1 0 0 0 0 1 0 0
154	5	1 0 0 1 0 0 1 0 0 0 1 0 0 1 0 0
154	16	1 1 1 1 0 0 1 0 0 0 0 0 0 1 1 0
154	7	1 0 0 0 0 0 1 0 1 0 0 0 0 0 0 0
154	4	1 0 1 1 0 0 1 0 0 0 0 0 0 1 1 0
154	3	1 0 1 1 0 0 0 0 0 0 0 0 1 1 0 0
154	4	1 0 1 1 0 0 1 0 0 1 1 0 0 0 0 1
154	1	1 0 0 1 0 0 1 0 1 0 0 0 0 0 1 0
154	2	0 0 1 1 0 0 0 0 1 0 1 0 0 0 1 1
154	1	1 0 1 0 0 0 0 0 0 0 1 0 0 0 0 0
154	6	0 1 0 1 0 0 1 0 1 0 0 0 0 0 0 0
154	5	1 0 0 0 0 1 0 0 0 1 1 0 0 0 0 0
154	5	0 0 0 1 0 0 1 0 1 0 0 0 0 0 0 0
154	6	1 0 0 1 0 0 0 0 1 0 1 0 1 0 0 0
154	1	1 0 1 1 0 0 1 1 1 0 0 0 0 0 0 0
154	1	1 1 0 0 0 1 1 1 1 0 1 0 0 1 0 0
154	8	0 1 1 1 1 0 0 0 0 0 0 0 0 0 0 0
154	5	1 0 1 1 0 0 1 0 1 0 1 0 0 0 0 0
154	5	1 0 0 1 1 0 1 0 1 0 0 0 0 0 0 0
154	4	1 1 1 1 0 0 1 0 0 0 1 0 0 0 0 0
154	7	1 1 1 0 0 0 1 1 1 0 1 0 0 1 0 0
154	1	0 1 1 1 0 1 0 1 0 0 1 0 0 0 0 0
154	5	1 1 0 0 0 1 1 1 1 0 0 1 0 0 0 0
154	1	1 0 0 1 0 0 1 0 0 0 1 0 0 0 0 1
154	4	0 1 1 1 0 0 0 0 0 0 1 0 0 0 0 0
154	6	1 0 1 1 0 0 0 0 1 0 0 0 0 0 0 0
154	1	1 0 0 1 0 0 1 0 1 0 0 0 0 0 0 1
154	2	1 0 1 0 0 1 1 0 1 0 0 0 0 1 1 0
154	2	0 1 1 1 0 1 0 0 0 0 0 0 0 1 1 0
154	1	1 0 1 1 0 0 0 0 0 0 0 0 1 0 0 0
154	2	1 0 1 0 0 1 1 0 0 0 1 0 0 0 0 0
154	2	0 1 0 1 0 0 1 0 0 0 0 0 0 1 1 0
154	1	1 1 1 0 0 0 1 1 1 0 0 0 0 0 0 0
154	4	0 0 0 1 0 0 0 0 1 0 1 1 0 0 0 0
154	1	1 1 1 1 0 0 0 0 0 0 0 0 0 1 0 0
154	2	0 0 1 1 0 0 0 0 0 0 1 0 0 0 1 0
154	2	0 0 0 1 0 1 0 0 0 0 1 0 1 0 0 0
154	1	0 0 1 1 0 0 0 0 1 0 0 1 0 0 1 0
154	1	0 0 1 1 0 0 0 0 1 0 0 0 0 0 1 1
154	4	1 1 1 1 0 0 0 0 0 0 1 1 0 0 0 0
154	1	0 1 1 1 0 0 0 0 0 0 0 0 0 1 0 0
154	1	1 0 1 1 0 0 1 0 0 0 0 0 0 0 1 0
154	1	1 0 1 1 1 0 0 0 0 0 1 0 1 0 0 0
154	1	0 1 1 0 0 0 1 0 1 0 0 0 0 0 0 0
154	2	0 1 0 1 0 0 0 1 0 0 1 1 0 1 0 0
154	1	1 1 1 1 0 0 0 0 0 0 0 0 0 1 1 0
239	6	0 0 0 1 0 0 0 0 0 0 1 0 0 0 0 0
239	9	1 0 0 1 0 0 1 0 1 0 0 0 0 0 0 0
239	8	0 0 1 1 0 0 0 0 0 0 1 0 0 0 0 0
239	81	1 0 1 1 0 0 1 0 1 0 0 0 0 0 0 0
239	90	1 1 1 1 0 0 0 0 0 0 1 0 0 0 0 0
239	5	1 0 1 1 0 0 0 0 0 0 1 0 0 0 0 0
239	10	1 0 0 1 0 0 1 0 1 0 1 0 0 0 0 0
239	10	0 1 1 1 0 1 0 0 0 0 1 0 0 0 0 0
239	11	1 1 1 0 0 0 0 0 0 0 1 0 0 0 0 0
239	19	1 0 1 1 0 0 1 0 1 0 0 0 0 0 0 1
239	3	1 1 1 1 0 1 0 0 0 0 1 0 0 0 0 1
239	11	1 1 1 1 0 0 0 0 0 1 1 0 0 0 0 0
239	6	1 1 1 1 1 0 0 0 0 0 1 0 0 0 0 0
239	16	1 0 1 1 0 0 0 0 0 0 1 1 0 0 0 0
239	9	1 0 1 1 0 0 1 0 1 0 1 0 0 0 0 0
239	13	1 1 1 1 0 0 1 0 0 1 1 0 0 1 0 0
239	15	1 0 1 1 1 0 1 0 1 0 0 0 0 0 0 0
239	3	1 1 1 1 0 0 0 0 0 0 1 0 0 1 0 0
239	103	1 1 1 1 0 0 1 0 1 0 0 0 0 0 0 0
239	148	1 1 1 1 1 0 0 0 0 1 1 0 0 0 0 0
239	9	1 0 0 1 0 0 1 0 1 0 0 0 0 1 0 0
239	7	1 0 1 1 0 0 1 0 1 0 0 0 1 0 0 1
239	21	1 1 1 1 0 0 0 0 0 0 1 1 0 0 0 0
239	63	1 1 1 1 0 0 0 1 1 0 0 0 0 0 0 0
239	17	1 1 1 1 1 0 0 0 0 0 1 0 0 1 0 0
239	6	1 0 1 1 1 0 1 0 0 0 1 0 0 0 0 0
239	23	1 1 1 1 0 0 1 0 1 0 0 0 0 1 0 0
239	5	1 1 1 1 1 0 0 0 1 1 1 0 0 0 0 0
239	6	1 1 1 1 1 0 0 0 0 1 1 0 0 0 0 1
239	6	1 1 1 1 0 1 0 0 0 0 1 0 0 0 1 1
239	1	1 0 0 1 0 0 1 0 1 0 0 0 0 0 0 1
239	5	0 0 1 1 0 0 1 0 1 0 0 0 0 0 0 0
239	2	0 1 1 1 0 0 1 0 0 1 1 0 0 1 0 0
239	4	1 1 1 1 1 0 1 0 1 0 0 0 0 0 0 0
239	9	1 0 1 1 1 0 1 0 1 0 0 0 1 0 0 0
239	5	1 1 1 1 1 0 0 0 0 1 0 0 0 0 0 0
239	7	1 0 1 1 0 0 1 0 0 0 0 0 0 0 0 1
239	1	1 1 1 1 0 0 1 1 1 0 0 0 0 0 0 0
239	4	1 1 1 1 1 0 0 0 0 1 1 0 0 1 0 0
239	3	0 0 0 1 0 0 0 0 0 0 1 1 0 0 0 0
239	9	1 1 1 1 0 1 1 0 1 0 1 0 0 0 0 1
239	13	1 0 1 1 0 1 0 0 1 0 1 0 0 0 0 1
239	7	1 0 0 1 0 0 0 0 0 0 1 1 0 0 0 0
239	6	1 1 0 1 0 0 0 0 0 0 1 0 0 0 0 0
239	5	1 1 1 1 0 0 1 0 1 0 1 0 0 0 0 0
239	4	1 0 1 1 1 0 0 0 0 0 1 1 0 0 0 0
239	11	1 1 1 1 0 0 1 0 1 0 0 0 1 0 0 0
239	5	0 1 1 1 0 0 1 0 1 0 0 0 1 0 0 0
239	2	1 0 1 1 0 0 1 1 1 0 0 0 0 0 0 0
239	6	1 1 1 1 0 0 0 0 1 0 1 0 0 0 0 0
239	14	1 0 1 1 1 0 0 0 0 1 1 0 0 0 0 0
239	6	0 1 1 1 0 0 0 1 1 0 0 0 0 0 0 0
239	2	1 1 1 1 1 1 0 0 0 0 1 0 0 0 0 0
239	2	1 1 0 1 0 1 0 0 1 0 1 0 0 0 0 1
239	6	1 0 1 1 0 0 1 0 0 1 1 0 0 0 0 0
239	1	1 0 1 1 0 0 1 0 1 0 0 0 1 0 0 0
239	7	1 1 1 1 1 1 1 0 1 0 0 0 0 0 0 0
239	4	1 0 1 1 0 0 1 1 0 0 0 0 0 0 0 1
239	12	1 1 1 0 0 0 1 1 1 0 0 0 0 0 0 0
239	2	1 1 1 1 1 0 0 1 1 0 0 0 0 0 1 0
239	3	1 1 1 1 0 0 0 0 0 0 1 0 0 0 0 1
239	7	0 0 0 1 1 0 0 0 0 0 1 0 0 0 0 0
239	3	1 0 1 1 0 0 1 0 1 1 0 0 0 0 0 0
239	11	0 0 1 1 0 0 0 0 0 0 1 1 0 0 0 0
239	1	1 0 0 1 0 0 1 0 1 0 0 1 0 1 0 0
239	3	1 1 1 1 0 0 1 0 1 0 0 0 0 0 0 1
239	1	1 1 1 1 0 0 0 0 1 0 0 0 0 0 0 0
239	2	1 0 0 1 0 0 0 0 1 0 1 0 0 0 0 0
239	3	1 0 1 1 0 0 1 0 0 0 1 0 0 0 0 0
239	2	1 0 1 1 1 0 1 1 0 0 1 0 0 0 0 0
239	2	0 0 1 1 0 1 0 0 0 0 1 0 0 0 0 0
239	1	1 1 0 1 1 0 0 0 0 1 0 0 0 0 0 0
239	4	1 1 1 1 0 0 1 0 1 0 1 1 0 0 0 0
239	5	0 0 1 1 0 0 0 0 1 0 1 0 0 0 0 0
239	2	1 1 1 1 0 0 0 0 0 0 1 0 1 0 0 0
239	2	0 0 0 1 0 0 1 0 1 0 1 0 0 0 0 0
239	5	1 1 1 0 0 1 0 0 0 0 1 0 0 0 0 0
239	2	1 1 1 1 0 0 1 0 0 1 1 0 0 0 0 0
239	2	1 1 1 1 0 1 1 0 0 1 1 0 0 1 0 0
239	1	1 1 1 1 0 0 0 0 0 0 0 0 1 0 0 1
239	3	1 0 1 1 1 0 0 0 0 0 1 0 0 0 0 0
239	1	1 1 0 1 0 0 1 0 1 0 0 0 0 0 0 0
239	2	1 0 0 1 0 0 1 0 1 0 0 0 0 1 1 0
239	2	1 1 1 1 0 0 1 0 1 0 0 0 1 1 0 0
239	2	1 0 1 1 1 0 0 0 0 1 0 0 0 0 0 0
239	1	1 1 1 1 0 1 0 0 1 0 1 0 0 0 0 1
239	1	1 0 0 1 0 0 0 1 0 0 1 1 0 0 0 0
239	3	0 0 0 1 1 1 0 0 0 0 1 0 0 0 0 0
239	1	1 0 0 1 1 0 0 0 0 1 1 0 0 0 0 0
239	2	0 1 1 1 1 0 0 0 0 1 1 0 0 0 0 0
239	1	0 0 0 1 0 0 0 0 1 0 1 0 0 0 0 0
239	1	1 0 1 1 1 0 1 0 1 0 0 0 0 0 0 1
239	1	1 0 1 1 0 0 1 0 0 1 1 0 0 1 0 0
239	1	1 1 1 1 1 0 0 0 0 1 1 1 0 0 0 0
239	2	1 1 1 1 1 0 0 0 0 1 1 0 1 0 0 0
239	1	1 0 0 1 0 0 1 1 1 0 0 0 0 1 0 0
239	2	1 0 0 1 0 1 1 0 1 0 0 0 0 1 0 0
239	2	1 0 1 1 1 0 1 0 0 0 0 0 0 0 0 0
239	4	1 0 1 1 0 0 1 0 0 0 0 1 0 0 0 1
239	1	1 1 1 1 1 1 1 0 1 0 1 0 0 0 0 1
252	3	0 0 1 1 0 0 0 0 0 0 1 0 0 0 0 0
252	84	1 0 1 1 0 0 1 0 1 0 0 0 0 0 0 0
252	53	1 1 1 1 0 0 0 0 0 0 1 0 0 0 0 0
252	2	1 0 0 1 0 0 1 0 1 0 1 0 0 0 0 0
252	2	0 1 1 1 0 1 0 0 0 0 1 0 0 0 0 0
252	7	1 1 1 0 0 0 0 0 0 0 1 0 0 0 0 0
252	21	1 0 1 1 0 0 1 0 1 0 0 0 0 0 0 1
252	6	1 1 1 1 0 0 0 0 0 1 1 0 0 0 0 0
252	31	1 1 1 1 1 0 0 0 0 0 1 0 0 0 0 0
252	42	1 0 1 1 0 0 0 0 0 0 1 1 0 0 0 0
252	13	1 0 1 1 0 0 1 0 1 0 1 0 0 0 0 0
252	10	1 0 1 1 1 0 1 0 1 0 0 0 0 0 0 0
252	8	1 1 1 1 0 0 0 0 0 0 1 0 0 1 0 0
252	45	1 1 1 1 0 0 1 0 1 0 0 0 0 0 0 0
252	169	1 1 1 1 1 0 0 0 0 1 1 0 0 0 0 0
252	11	1 0 0 1 0 0 1 0 1 0 0 0 0 1 0 0
252	17	1 1 1 1 0 0 0 0 0 0 1 1 0 0 0 0
252	62	1 1 1 1 0 0 0 1 1 0 0 0 0 0 0 0
252	16	1 1 1 1 1 0 0 0 0 0 1 0 0 1 0 0
252	1	1 1 1 1 0 0 1 0 1 0 0 0 0 1 0 0
252	17	1 1 1 1 1 0 0 0 1 1 1 0 0 0 0 0
252	1	1 1 1 1 1 0 0 0 0 1 1 0 0 0 0 1
252	11	0 1 1 1 0 0 1 0 0 1 1 0 0 1 0 0
252	9	1 1 1 1 1 0 0 0 0 1 0 0 0 0 0 0
252	4	1 0 1 1 0 0 1 0 0 0 0 0 0 0 0 1
252	15	1 1 1 1 0 0 1 1 1 0 0 0 0 0 0 0
252	3	1 1 1 1 1 0 0 0 0 1 1 0 0 1 0 0
252	7	1 1 1 1 0 1 1 0 1 0 1 0 0 0 0 1
252	3	1 0 1 1 0 1 0 0 1 0 1 0 0 0 0 1
252	14	1 1 0 1 0 0 0 0 0 0 1 0 0 0 0 0
252	1	1 1 1 1 0 0 1 0 1 0 1 0 0 0 0 0
252	4	1 0 1 1 0 0 1 1 1 0 0 0 0 0 0 0
252	7	1 0 1 1 1 0 0 0 0 1 1 0 0 0 0 0
252	6	1 1 1 1 1 1 0 0 0 0 1 0 0 0 0 0
252	3	1 0 1 1 0 0 1 0 0 1 1 0 0 0 0 0
252	8	1 1 1 1 1 1 1 0 1 0 0 0 0 0 0 0
252	9	1 1 1 0 0 0 1 1 1 0 0 0 0 0 0 0
252	4	1 1 1 1 0 0 0 0 0 0 1 0 0 0 0 1
252	10	0 0 0 1 1 0 0 0 0 0 1 0 0 0 0 0
252	7	1 1 1 1 0 0 0 0 1 0 0 0 0 0 0 0
252	3	1 1 1 1 0 0 1 0 1 0 1 1 0 0 0 0
252	3	1 1 1 1 0 0 1 0 0 1 1 0 0 0 0 0
252	5	1 1 1 1 0 0 0 0 0 0 0 0 1 0 0 1
252	9	1 1 1 1 0 0 1 0 1 0 0 0 1 1 0 0
252	3	1 1 1 1 0 1 0 0 1 0 1 0 0 0 0 1
252	13	0 1 1 1 1 0 0 0 0 1 1 0 0 0 0 0
252	10	1 0 1 1 0 0 1 0 0 1 1 0 0 1 0 0
252	10	1 0 1 1 0 0 0 0 0 1 1 0 0 1 0 0
252	11	1 1 1 0 0 0 0 1 1 0 0 0 0 0 0 0
252	9	0 1 1 1 0 0 1 0 1 0 1 0 1 0 0 0
252	1	1 0 1 1 0 0 0 0 1 0 0 0 0 0 0 0
252	3	0 0 1 1 0 0 0 0 0 0 1 0 0 1 0 0
252	13	1 0 1 1 0 0 1 1 0 1 1 0 0 0 0 0
252	16	1 1 1 1 0 0 1 0 1 1 1 0 0 0 0 0
252	5	1 0 1 1 0 1 1 0 1 0 1 0 0 0 0 1
252	2	1 0 1 1 1 0 0 0 0 0 1 0 0 1 0 0
252	10	1 0 1 1 0 0 0 0 0 1 0 0 0 0 0 0
252	6	1 1 1 1 0 0 0 1 1 0 0 0 0 0 0 1
252	2	1 1 1 1 1 0 0 0 0 0 1 0 0 0 0 1
252	2	1 0 1 1 0 0 1 0 0 0 0 0 0 1 0 0
252	1	1 0 1 1 0 0 1 0 1 1 0 0 0 0 0 0
252	1	0 1 1 1 0 1 0 0 1 0 1 0 0 0 0 0
252	3	1 0 1 1 0 0 1 0 1 0 0 1 0 0 0 0
252	2	1 0 0 1 0 0 1 0 1 0 0 0 0 0 0 1
252	4	1 0 1 1 0 0 1 0 1 0 0 0 0 0 1 1
252	2	1 0 0 1 1 0 1 0 1 0 0 0 0 0 0 0
252	3	1 1 1 0 0 0 1 0 1 0 0 0 0 0 0 0
252	2	1 1 1 1 1 0 0 0 0 1 1 0 1 0 0 0
252	9	1 1 0 1 1 0 0 0 0 1 1 0 0 0 0 0
252	4	0 1 1 1 1 1 0 0 0 0 1 0 0 0 0 0
252	9	1 0 1 1 0 0 0 0 0 1 1 0 0 1 1 0
252	2	1 0 1 1 1 0 0 0 0 0 1 0 0 0 0 0
252	4	1 1 1 1 0 0 1 0 1 0 0 1 0 0 0 0
252	2	1 1 1 1 1 0 1 0 0 1 1 0 0 0 0 0
252	2	1 1 1 1 0 0 0 1 1 1 0 0 0 0 0 0
252	2	1 1 1 1 1 0 0 1 0 0 1 0 0 1 0 0
252	3	1 1 1 1 0 1 1 0 1 0 1 0 0 0 0 0
252	1	1 1 1 1 1 1 0 0 0 1 1 0 0 0 0 0
252	1	1 1 1 1 0 0 0 1 1 0 0 0 1 0 0 0
252	1	1 0 1 1 0 1 0 0 1 0 1 0 0 0 0 0
252	2	1 1 1 0 0 0 1 1 1 1 0 0 0 0 0 0
252	2	1 1 1 1 1 0 0 1 1 0 0 0 0 0 0 0
252	3	1 1 1 1 0 0 0 1 1 0 0 0 0 1 0 0
252	1	1 1 1 1 0 0 1 0 0 1 1 0 0 1 0 0
252	3	1 0 1 1 0 0 1 0 1 0 0 0 0 1 0 0
252	3	0 0 0 1 1 0 1 0 1 0 1 0 0 0 0 0
252	1	1 0 0 1 0 0 0 0 1 0 1 0 0 0 0 0
252	1	1 0 1 1 1 0 1 0 1 0 0 0 0 0 0 1
252	7	1 1 1 1 1 0 1 0 1 0 0 0 1 1 0 0
252	2	1 0 1 1 0 0 1 1 0 1 1 0 0 0 0 1
252	1	0 1 1 1 0 1 0 0 1 0 1 0 0 0 0 1
252	3	0 1 1 1 0 0 0 0 0 0 1 0 0 0 0 0
252	2	1 1 1 1 0 0 0 0 1 0 1 0 0 0 0 0
252	3	1 1 1 0 0 0 0 0 0 0 0 0 0 0 0 0
252	1	1 1 1 0 0 1 0 0 0 0 1 0 0 0 0 0
252	2	1 1 1 1 1 0 0 0 0 0 1 0 0 0 1 0
252	2	0 0 1 1 0 0 0 0 0 0 1 1 0 0 0 0
252	3	1 1 1 1 0 0 0 1 0 0 1 0 0 1 0 0
252	1	1 1 1 1 1 0 0 0 0 1 1 1 0 0 0 0
252	2	1 1 1 1 0 1 0 0 0 0 1 1 0 0 0 0
252	1	1 1 1 1 0 0 0 1 0 0 0 0 0 0 0 0
252	2	1 1 1 1 1 0 0 0 1 1 1 0 0 0 1 0
252	4	1 1 0 1 0 0 0 0 0 0 1 0 0 1 0 0
252	3	1 0 1 1 1 1 1 0 1 0 0 0 0 0 0 0
252	1	1 1 1 1 0 0 1 1 1 0 0 0 1 1 0 0
252	2	0 1 1 1 1 0 0 0 0 0 1 0 0 0 0 0
252	1	1 0 1 1 0 1 0 0 0 1 1 0 0 1 1 0
252	1	1 1 1 1 1 0 0 1 1 1 0 0 0 0 0 0
350	17	1 0 1 1 0 0 1 0 1 0 0 0 0 0 0 0
350	7	1 1 1 1 0 0 0 0 0 0 1 0 0 0 0 0
350	5	1 1 1 1 1 0 0 0 0 0 1 0 0 0 0 0
350	25	1 1 1 1 0 0 1 0 1 0 0 0 0 0 0 0
350	52	1 1 1 1 1 0 0 0 0 1 1 0 0 0 0 0
350	36	1 1 1 1 0 0 0 1 1 0 0 0 0 0 0 0
350	77	1 1 1 1 1 0 0 1 0 1 1 0 0 0 0 0
350	6	1 0 1 1 0 0 1 0 0 0 0 0 0 0 0 0
350	21	1 1 1 1 0 0 0 1 0 0 0 0 0 0 0 0
350	4	1 1 1 0 1 0 0 0 0 0 0 0 0 0 0 0
350	3	1 1 1 1 1 0 1 0 0 1 1 0 0 0 0 0
350	39	1 1 1 1 1 0 0 0 1 1 1 1 0 0 0 0
350	22	1 0 1 1 1 0 0 1 0 1 1 0 0 0 0 0
350	34	1 1 1 1 0 0 0 1 0 1 1 0 0 0 0 0
350	15	1 1 1 1 1 1 0 0 0 1 1 0 0 0 0 0
350	2	1 1 0 1 1 0 0 0 0 1 1 0 0 0 0 0
350	2	1 0 1 1 0 0 1 1 0 1 1 0 0 0 1 0
350	37	1 1 1 1 0 0 0 0 0 1 1 0 0 0 0 0
350	34	1 1 1 0 0 0 0 1 1 0 0 1 0 0 0 0
350	4	1 0 1 1 0 0 1 0 1 0 0 1 0 0 0 0
350	10	0 1 1 0 1 0 1 1 1 0 0 0 0 0 0 0
350	11	1 1 1 1 0 0 0 1 0 1 1 0 0 0 1 0
350	14	1 1 1 1 0 0 0 0 1 0 1 0 0 0 0 0
350	4	1 1 1 1 1 0 0 0 0 0 0 0 0 0 0 0
350	33	1 1 1 0 0 0 1 0 1 0 0 1 0 0 0 0
350	2	0 1 1 1 1 0 0 0 0 1 1 0 0 0 0 0
350	8	1 1 1 1 1 1 0 0 0 1 1 0 0 0 1 0
350	5	0 1 1 1 1 0 0 0 0 0 1 0 0 0 0 0
350	6	1 1 1 1 1 0 0 0 0 0 1 0 0 0 0 1
350	16	1 1 1 1 0 0 0 0 1 1 1 1 0 0 0 0
350	7	1 1 1 1 1 1 0 0 1 1 1 1 0 0 0 0
350	6	1 0 1 1 0 1 1 0 0 0 1 0 0 0 0 0
350	19	0 1 1 1 0 0 0 1 0 1 1 0 0 0 0 0
350	13	1 1 1 1 1 0 0 0 0 1 1 0 0 1 0 0
350	18	1 1 1 1 1 0 0 1 0 0 1 0 0 0 0 0
350	4	1 0 1 1 0 0 0 1 1 0 0 0 0 0 0 0
350	12	1 0 1 1 0 0 0 0 1 0 0 0 0 0 1 0
350	18	1 0 1 0 1 0 0 0 1 1 0 0 0 0 0 0
350	2	1 1 1 0 1 0 0 0 0 0 1 0 0 0 0 0
350	1	1 0 1 1 0 0 1 0 1 0 0 1 0 1 0 0
350	19	1 1 1 0 0 0 0 1 1 0 0 0 0 0 0 0
350	2	1 1 1 0 0 0 0 0 1 0 0 1 0 0 0 0
350	1	0 1 1 1 0 0 0 0 1 1 1 1 1 0 0 0
350	8	1 0 1 1 0 0 0 0 0 0 1 0 0 0 0 0
350	8	1 1 1 1 0 0 0 0 1 1 1 1 0 1 0 0
350	18	1 0 0 1 1 0 0 1 0 1 1 0 0 0 0 0
350	6	1 1 1 0 0 0 1 0 1 0 0 0 0 0 0 0
350	7	1 1 1 1 1 0 0 0 1 0 0 1 1 0 0 0
350	3	1 1 0 1 0 0 0 1 1 0 0 0 0 0 0 0
350	17	1 1 1 0 0 0 0 1 0 0 0 0 0 0 0 0
350	2	1 1 1 0 0 0 0 0 1 0 1 0 1 0 0 0
350	10	1 0 1 1 0 0 1 1 0 1 1 1 1 0 0 0
350	2	1 1 1 1 0 0 0 1 1 1 1 0 0 0 0 0
350	20	1 1 1 1 0 0 0 0 1 1 1 1 0 0 0 1
350	3	1 0 1 1 0 0 0 1 1 0 0 0 0 0 1 0
350	4	1 1 1 1 0 0 1 0 1 0 1 0 0 0 0 0
350	24	1 1 1 1 1 0 0 0 0 0 0 0 1 0 0 0
350	4	1 0 1 1 0 0 0 0 0 0 0 0 0 0 0 0
350	6	1 1 1 1 0 0 1 1 0 1 1 0 0 0 0 0
350	3	1 1 1 0 0 0 1 0 1 0 0 0 1 0 0 0
350	2	1 1 1 1 1 0 0 1 0 1 0 0 0 0 0 0
350	5	1 1 1 0 0 0 0 1 0 1 1 0 0 0 1 0
350	9	1 1 1 1 0 1 0 0 0 0 1 0 0 0 0 0
350	12	0 1 1 1 0 0 0 1 1 0 0 0 0 0 0 0
350	8	1 1 1 1 0 0 1 1 0 1 1 1 1 0 0 0
350	4	1 1 1 1 0 1 1 0 1 0 0 0 0 0 0 0
350	5	1 1 0 1 0 0 0 0 0 1 1 0 0 0 0 0
350	1	0 1 1 0 0 0 0 1 1 0 0 1 0 0 0 0
350	1	0 1 1 1 0 0 0 0 0 1 1 1 1 0 0 0
350	4	1 1 1 1 0 0 0 1 1 1 0 0 0 0 0 0
350	1	1 0 1 1 0 0 1 0 1 0 0 0 1 0 0 0
350	5	1 0 1 1 0 1 1 0 1 0 1 0 0 1 0 0
350	1	1 1 0 1 0 0 0 0 0 0 0 1 0 0 0 0
350	3	1 1 1 1 0 0 0 0 0 0 0 0 0 0 0 1
350	5	0 1 1 1 1 0 0 0 1 1 1 1 1 0 0 0
350	2	1 1 1 1 1 0 0 1 0 1 1 0 0 0 1 0
350	4	1 1 1 1 1 0 0 0 0 1 1 0 0 0 0 1
350	6	0 1 1 1 0 0 0 1 0 0 0 0 0 0 0 0
350	3	1 1 1 1 0 0 0 1 0 1 1 0 0 0 0 1
350	8	1 1 1 0 1 0 0 0 0 0 1 0 1 0 0 0
350	5	1 1 1 1 1 1 0 1 0 1 0 0 0 0 0 0
350	10	1 1 1 1 0 0 1 0 1 0 0 1 0 1 0 0
350	3	0 1 1 0 1 0 1 1 1 0 1 1 0 0 0 0
350	11	1 1 1 1 1 1 0 0 0 1 1 0 0 0 0 1
350	1	1 1 1 1 0 0 0 0 0 0 0 0 0 0 0 0
350	8	1 0 1 1 1 0 0 0 0 1 1 0 0 0 0 0
350	1	1 1 1 0 1 0 1 0 1 0 0 1 0 0 0 0
350	5	1 1 1 1 0 0 0 0 1 1 1 1 1 0 0 0
350	3	1 1 1 1 1 0 0 0 0 1 1 0 0 1 0 1
350	4	1 0 1 1 0 0 0 0 1 0 1 0 0 0 0 0
350	1	1 1 1 1 1 0 0 1 0 1 1 1 1 0 0 0
350	2	1 0 1 1 1 0 0 1 0 1 1 0 0 0 1 0
350	1	1 1 1 1 1 0 0 0 1 0 0 0 1 0 0 0
350	2	1 1 1 1 1 0 0 0 0 1 0 0 0 0 0 0
350	2	0 1 1 1 1 0 0 0 0 0 1 0 0 0 1 0
350	1	0 1 1 1 0 0 0 1 1 0 0 0 1 0 0 0
350	1	1 1 1 1 0 0 0 1 1 0 0 0 0 0 1 0
350	4	1 1 1 1 0 1 1 0 1 0 1 0 0 1 0 0
350	1	1 1 1 1 0 0 1 1 0 1 1 1 0 0 0 1
350	1	1 1 1 1 1 0 0 1 1 1 1 0 0 0 0 0
350	1	1 1 1 1 0 0 0 0 0 1 1 0 0 0 1 0
350	2	1 0 1 0 0 0 1 0 1 0 0 1 0 0 0 0
350	3	1 0 1 0 1 0 0 0 1 1 0 0 1 0 0 0
350	1	1 1 1 0 1 0 0 0 0 0 0 0 1 0 0 0
350	2	0 1 1 1 0 0 0 1 0 0 0 1 0 0 0 0
350	2	1 1 1 0 1 0 0 0 1 1 0 0 0 0 0 0
350	1	1 1 1 1 1 0 0 0 0 0 0 0 1 0 0 1
350	1	1 1 1 1 0 1 0 1 1 0 0 0 0 0 0 0
350	3	1 0 1 1 0 0 1 1 0 1 0 0 0 0 1 0
350	1	1 0 1 1 0 0 0 0 0 1 1 0 0 0 0 0
350	4	1 1 1 0 0 0 0 0 1 1 1 1 0 0 0 0
350	1	0 1 1 1 0 0 0 1 0 1 1 1 0 0 0 0
350	1	1 0 1 0 1 0 0 0 1 1 0 1 0 0 0 0
350	2	1 1 1 1 0 0 0 0 1 1 0 1 0 0 0 1
350	1	0 1 1 0 0 0 0 1 1 0 0 0 0 0 1 0
400	2	1 1 1 1 0 0 0 1 1 0 0 0 0 0 0 0
400	70	1 1 1 1 1 0 0 1 0 1 1 0 0 0 0 0
400	5	1 0 1 1 0 0 1 0 0 0 0 0 0 0 0 0
400	43	1 1 1 1 0 0 0 1 0 0 0 0 0 0 0 0
400	24	1 1 1 0 1 0 0 0 0 0 0 0 0 0 0 0
400	61	1 1 1 1 1 0 0 0 1 1 1 1 0 0 0 0
400	10	1 1 1 1 0 0 0 1 0 1 1 0 0 0 0 0
400	37	1 1 1 1 0 0 0 0 0 1 1 0 0 0 0 0
400	27	1 1 1 0 0 0 0 1 1 0 0 1 0 0 0 0
400	50	1 1 1 1 0 0 0 0 1 0 1 0 0 0 0 0
400	18	1 1 1 1 1 0 0 0 0 1 1 0 0 1 0 0
400	33	1 1 1 1 1 0 0 1 0 0 1 0 0 0 0 0
400	2	1 1 1 0 0 0 0 1 1 0 0 0 0 0 0 0
400	13	1 1 1 0 0 0 0 1 0 0 0 0 0 0 0 0
400	26	1 1 1 1 1 0 0 0 0 0 0 0 1 0 0 0
400	5	1 1 1 1 0 0 0 0 0 0 0 0 0 0 0 1
400	2	1 1 1 1 0 0 1 0 1 0 0 1 0 1 0 0
400	50	1 1 1 1 1 0 0 1 1 0 0 0 0 0 0 0
400	14	1 1 1 0 1 0 0 0 1 1 1 1 0 0 0 0
400	5	1 1 1 0 1 0 1 0 0 1 1 0 0 0 0 0
400	8	1 1 1 1 1 0 0 1 0 1 0 0 0 0 0 0
400	7	1 1 1 0 0 0 0 0 1 0 0 0 0 0 0 0
400	3	1 0 1 1 0 0 1 0 1 1 0 0 1 0 0 0
400	7	1 1 1 1 1 0 0 0 1 1 1 0 0 0 0 0
400	7	1 1 1 0 0 0 0 1 0 1 1 0 0 0 0 0
400	4	1 1 1 1 1 0 0 0 0 0 0 0 0 0 0 0
400	48	1 1 1 1 1 0 0 1 1 0 0 1 0 0 0 0
400	3	1 1 1 1 0 0 1 0 1 0 1 0 0 0 0 0
400	2	1 1 1 1 1 0 0 1 0 1 1 0 0 0 0 1
400	51	1 1 0 1 1 0 0 1 0 1 1 0 0 0 0 0
400	8	1 1 1 1 1 0 0 0 1 0 0 0 1 0 0 0
400	1	1 1 1 1 0 0 1 0 1 0 0 1 0 0 0 0
400	11	1 1 1 1 1 0 0 0 1 1 1 1 0 0 0 1
400	3	1 1 1 0 0 0 1 0 1 0 0 1 0 1 0 0
400	5	1 1 1 0 1 0 0 0 1 1 1 1 1 0 0 0
400	5	1 1 1 0 1 0 0 1 0 1 0 0 0 0 0 0
400	11	1 1 1 1 1 1 0 1 0 1 1 0 0 0 0 0
400	4	1 1 1 1 1 0 0 0 1 0 0 1 0 0 0 1
400	8	1 1 1 1 0 0 0 0 1 1 1 1 0 0 0 0
400	8	1 1 1 1 1 0 0 0 1 1 0 0 0 0 0 0
400	3	1 1 1 1 0 1 0 1 0 1 1 0 0 0 0 0
400	3	1 1 1 0 0 0 0 1 0 1 0 0 0 0 0 0
400	9	1 1 1 1 1 0 0 1 0 0 1 0 0 0 1 0
400	6	1 0 1 0 0 0 0 1 1 0 0 0 0 0 0 0
400	6	1 1 1 1 0 0 0 1 1 0 1 0 0 1 0 0
400	5	1 0 1 1 1 0 0 0 1 1 1 0 0 0 0 0
400	13	1 0 1 1 0 0 1 0 0 0 1 0 0 0 0 0
400	7	1 0 1 1 1 0 0 0 1 0 0 1 0 0 0 0
400	7	1 0 1 1 1 0 0 0 1 1 1 1 0 0 0 0
400	18	1 1 1 1 0 0 0 0 1 0 1 0 0 0 0 1
400	4	0 1 1 1 1 0 0 0 0 1 1 0 0 1 0 0
400	4	1 1 1 0 0 0 0 1 1 0 0 0 0 0 0 1
400	9	1 1 1 0 1 0 0 0 0 0 0 0 1 0 0 0
400	1	1 1 1 0 0 0 0 1 0 1 1 0 0 0 1 0
400	3	1 1 1 1 0 1 0 0 0 1 1 0 0 0 0 0
400	10	1 1 1 1 0 0 0 1 0 1 1 1 0 0 0 0
400	8	1 1 1 1 1 0 0 1 0 1 1 1 0 0 0 0
400	10	1 1 1 1 1 0 0 0 1 1 1 1 1 0 0 0
400	23	1 1 1 1 1 0 0 0 0 1 1 0 0 0 0 0
400	11	0 1 1 1 1 0 0 1 1 0 0 1 0 0 0 0
400	5	1 1 1 1 1 0 0 0 1 1 1 1 0 1 0 0
400	1	1 1 1 1 1 0 1 1 0 1 1 0 0 1 0 0
400	5	1 0 1 1 1 0 0 0 1 0 0 0 1 0 0 0
400	3	1 1 1 0 0 0 0 1 0 1 0 0 0 0 0 1
400	1	1 1 1 1 0 0 0 0 0 0 0 0 1 0 0 0
400	1	1 1 1 1 0 0 1 0 0 0 0 0 0 0 0 0
400	10	1 1 1 0 0 0 1 1 1 0 0 0 0 0 0 0
400	1	1 1 1 0 1 0 1 0 1 1 1 1 0 0 0 0
400	2	1 1 1 1 1 0 0 0 1 0 1 0 0 0 0 0
400	2	1 1 1 1 0 0 1 0 1 0 0 0 0 0 0 0
400	4	1 1 1 1 1 1 0 0 1 1 0 0 0 0 0 1
400	4	1 1 1 0 0 0 0 1 0 0 0 0 1 0 0 0
400	1	1 1 1 1 1 0 0 0 1 1 1 1 0 0 1 0
400	1	1 1 1 1 0 0 1 1 0 1 1 1 0 0 0 0
400	7	1 1 0 0 0 0 0 1 1 0 0 1 0 0 0 0
400	2	1 1 1 1 1 0 0 0 1 0 0 1 0 1 0 1
400	3	1 0 1 1 1 1 0 1 0 1 1 0 0 0 0 0
400	5	1 1 1 1 0 0 0 1 0 1 1 0 1 0 0 0
400	4	1 1 0 1 0 0 1 0 1 0 0 1 0 1 0 0
400	3	1 1 1 1 0 1 1 0 1 0 1 0 0 0 0 0
400	3	1 1 1 0 0 0 0 1 0 0 0 1 0 0 0 0
400	4	1 0 1 1 1 0 0 0 1 0 1 1 0 0 0 0
400	9	1 1 1 1 0 0 0 1 1 0 0 1 0 0 0 0
400	6	1 1 1 1 1 0 0 0 0 0 0 0 0 0 0 1
400	2	1 1 1 1 1 0 0 1 1 0 1 0 0 0 0 0
400	2	1 1 1 1 1 0 0 1 1 0 0 0 0 1 0 0
400	3	1 0 1 1 0 0 0 1 0 0 0 0 0 0 0 0
400	3	1 1 1 1 0 0 0 0 0 1 1 1 0 0 0 0
400	3	1 1 0 0 0 0 0 1 1 0 0 0 0 0 0 0
400	13	1 1 1 0 1 0 0 0 1 1 0 1 0 0 0 0
400	1	1 0 1 0 0 0 0 0 1 0 0 0 0 0 0 0
400	2	1 1 1 1 1 0 0 1 1 0 0 1 0 0 0 1
400	3	1 1 1 1 1 0 0 0 0 1 0 0 0 0 0 0
400	1	1 1 1 1 0 0 0 1 0 0 1 0 0 0 0 0
400	3	1 1 1 0 1 0 0 0 1 1 1 1 0 0 0 1
400	1	1 1 1 1 0 0 0 0 1 1 1 1 1 0 0 0
400	1	0 1 1 1 1 0 0 1 0 1 1 0 0 0 0 0
400	1	1 1 1 1 1 0 1 0 0 0 0 0 1 0 0 0
400	2	1 1 1 0 0 0 1 1 1 0 0 0 0 0 0 1
400	1	1 1 1 0 0 0 0 0 1 1 1 1 0 0 0 0
400	1	1 0 1 1 0 0 0 0 0 0 0 0 0 0 0 0
400	1	1 1 1 1 1 0 0 0 1 0 1 1 0 0 0 0
400	1	1 1 1 1 1 0 0 0 1 0 0 0 0 0 0 0
400	3	1 1 1 1 1 0 0 1 0 0 0 1 0 0 0 0
400	1	1 0 1 1 0 1 1 0 0 0 1 0 0 0 0 0
400	1	1 1 1 1 0 0 0 0 1 0 0 0 0 0 0 1
400	1	1 1 1 1 1 0 0 0 0 1 1 0 0 0 0 1
400	1	1 0 1 1 1 0 0 0 1 0 1 0 0 0 0 0
