0	250	0 0 0 1 0 0 0 0 1 0 0 0 0 0 0 0
0	250	1 0 1 0 0 0 0 0 0 0 0 0 0 0 0 0
0	250	1 0 0 0 0 0 0 1 1 1 1 1 0 0 0 0
0	250	0 0 0 0 0 1 0 0 0 0 0 0 0 0 0 1
20	171	0 0 0 1 0 0 0 0 1 0 0 0 0 0 0 0
20	286	1 0 1 0 0 0 0 0 0 0 0 0 0 0 0 0
20	42	1 0 0 0 0 0 0 1 1 1 1 1 0 0 0 0
20	72	0 0 0 0 0 1 0 0 0 0 0 0 0 0 0 1
20	29	0 0 0 1 0 0 0 0 1 0 0 1 0 0 0 0
20	37	1 0 1 0 0 1 0 0 0 0 0 0 0 0 0 0
20	11	1 0 1 0 0 0 1 0 0 0 0 0 0 0 0 0
20	14	0 0 0 0 0 0 0 1 1 1 1 1 0 0 0 0
20	1	0 0 0 0 0 1 0 0 0 1 1 1 0 0 0 0
20	8	0 0 1 0 0 1 0 0 0 0 0 0 0 0 0 1
20	3	0 0 0 0 0 0 0 0 0 0 0 0 0 0 0 0
20	7	0 0 1 1 0 0 0 0 1 0 0 0 0 0 0 0
20	22	1 0 1 0 0 0 0 0 0 1 0 0 0 0 0 0
20	8	1 0 1 0 0 0 0 0 0 0 0 0 0 1 0 0
20	1	0 0 0 0 0 1 1 0 0 0 0 0 0 0 0 1
20	47	1 0 1 0 0 0 0 0 1 0 0 0 0 0 0 0
20	16	1 0 0 1 0 0 0 0 1 0 0 0 0 0 0 0
20	5	0 0 0 1 0 0 0 0 0 0 0 0 0 0 0 1
20	16	1 0 1 0 0 0 0 0 0 0 0 0 0 0 0 1
20	2	0 0 0 0 0 1 0 0 0 0 1 0 0 0 0 1
20	4	1 0 0 0 0 0 0 1 1 1 0 0 0 0 0 1
20	11	0 0 0 1 1 0 0 0 1 0 0 0 0 0 0 0
20	17	1 0 0 0 0 0 0 1 1 1 1 1 1 0 0 0
20	3	0 0 0 1 0 0 0 0 1 1 1 1 0 0 0 0
20	12	0 0 0 1 0 0 0 0 0 0 0 0 0 0 0 0
20	4	1 0 0 0 0 1 0 1 1 1 1 1 0 0 0 0
20	3	0 0 0 0 0 0 0 0 0 0 0 0 0 0 0 1
20	3	0 0 0 0 0 1 0 0 0 0 0 0 0 0 1 1
20	13	0 0 1 0 0 0 0 0 0 0 0 0 0 0 0 0
20	1	1 0 1 0 0 0 0 0 0 0 0 0 1 0 0 0
20	1	1 1 1 0 0 0 0 0 0 0 0 0 0 0 0 0
20	13	0 0 0 1 0 1 0 0 0 1 0 0 0 0 0 1
20	12	0 0 0 0 0 1 0 0 0 0 0 0 0 0 0 0
20	6	0 0 0 0 0 1 0 0 0 0 0 1 0 0 0 1
20	5	1 0 0 0 0 0 0 0 1 0 0 0 0 0 0 0
20	6	1 0 0 0 0 0 0 1 1 1 1 0 0 0 0 0
20	3	0 0 0 0 0 1 0 0 0 1 0 0 1 0 0 1
20	10	0 0 0 1 0 0 1 0 1 0 0 0 0 0 0 0
20	3	1 1 0 0 0 0 0 1 1 1 1 1 1 0 0 0
20	4	1 0 0 0 0 1 0 0 0 0 0 0 0 0 0 0
20	2	0 0 0 1 0 0 0 0 1 0 1 0 1 0 0 0
20	5	1 0 1 1 0 0 0 0 1 0 0 0 0 0 0 0
20	2	1 0 0 0 0 0 0 0 0 0 0 0 0 0 0 0
20	5	1 0 1 0 0 1 0 0 0 0 0 0 0 0 1 0
20	1	0 0 0 0 0 1 0 0 1 1 1 1 0 0 0 0
20	1	1 0 1 0 0 0 0 0 1 0 0 0 0 0 1 0
20	9	0 0 0 0 0 0 0 0 1 0 0 0 0 0 0 0
20	3	1 1 0 0 0 0 0 1 1 1 1 1 0 0 0 0
20	2	0 0 1 0 0 0 0 1 1 1 1 1 0 0 0 0
20	3	1 0 1 0 0 0 1 0 0 0 0 0 1 0 0 0
20	1	0 0 0 0 0 1 0 0 1 1 1 1 1 0 0 0
20	1	1 1 0 0 0 1 0 1 1 1 1 1 0 0 0 0
20	4	0 0 0 0 0 1 0 1 1 1 1 1 0 0 0 0
20	5	1 0 1 0 0 0 0 0 0 0 0 1 0 0 0 0
20	7	1 0 1 1 0 0 0 0 0 0 0 0 0 0 0 0
20	3	1 0 0 0 0 0 0 1 1 1 1 1 0 0 0 1
20	4	1 0 1 0 0 0 0 0 1 0 1 0 0 0 0 0
20	1	0 0 0 1 0 0 0 0 0 0 0 1 0 0 0 0
20	3	0 0 1 0 0 1 0 0 1 0 0 0 0 0 0 1
20	2	0 0 0 1 0 0 1 0 0 0 0 0 0 0 0 0
20	1	1 0 1 0 0 1 0 0 0 0 1 0 0 0 0 1
20	1	1 0 1 0 0 0 0 1 1 1 1 1 1 0 0 0
20	2	1 0 1 0 1 0 0 0 0 0 0 0 0 1 0 0
40	103	0 0 0 1 0 0 0 0 1 0 0 0 0 0 0 0
40	263	1 0 1 0 0 0 0 0 0 0 0 0 0 0 0 0
40	23	1 0 0 0 0 0 0 1 1 1 1 1 0 0 0 0
40	10	0 0 0 0 0 1 0 0 0 0 0 0 0 0 0 1
40	5	0 0 0 1 0 0 0 0 1 0 0 1 0 0 0 0
40	32	1 0 1 0 0 1 0 0 0 0 0 0 0 0 0 0
40	68	1 0 1 0 0 0 1 0 0 0 0 0 0 0 0 0
40	10	0 0 0 0 0 0 0 1 1 1 1 1 0 0 0 0
40	5	0 0 1 1 0 0 0 0 1 0 0 0 0 0 0 0
40	55	1 0 1 0 0 0 0 0 1 0 0 0 0 0 0 0
40	10	1 0 0 1 0 0 0 0 1 0 0 0 0 0 0 0
40	16	1 0 1 0 0 0 0 0 0 0 0 0 0 0 0 1
40	2	1 0 0 0 0 0 0 1 1 1 0 0 0 0 0 1
40	29	0 0 0 1 1 0 0 0 1 0 0 0 0 0 0 0
40	23	0 0 0 1 0 0 0 0 0 0 0 0 0 0 0 0
40	8	0 0 1 0 0 0 0 0 0 0 0 0 0 0 0 0
40	29	0 0 0 1 0 0 1 0 1 0 0 0 0 0 0 0
40	15	1 0 0 0 0 0 0 0 0 0 0 0 0 0 0 0
40	13	1 0 1 0 0 0 1 0 0 0 0 0 1 0 0 0
40	14	0 0 0 0 0 1 0 1 1 1 1 1 0 0 0 0
40	6	0 0 0 1 0 0 1 0 0 0 0 0 0 0 0 0
40	1	1 0 1 0 0 0 0 0 1 0 0 1 0 0 0 0
40	17	1 0 1 0 0 0 0 0 0 0 0 0 1 0 0 0
40	7	1 0 1 0 0 1 0 0 0 1 0 0 0 0 0 0
40	23	1 0 1 0 0 0 1 0 0 0 0 0 0 0 0 1
40	2	1 0 1 0 0 0 0 0 0 0 0 1 0 1 0 0
40	17	1 0 0 1 0 0 0 0 1 0 0 1 0 0 0 0
40	9	0 0 0 0 0 0 0 0 0 0 0 0 0 0 0 0
40	6	1 0 1 0 0 0 0 0 0 0 1 1 0 0 0 0
40	14	1 1 0 0 0 1 0 1 1 1 1 1 0 0 0 1
40	8	1 0 1 0 0 1 0 0 0 0 0 0 0 0 0 1
40	3	1 0 1 0 0 0 0 0 1 0 0 0 0 0 0 1
40	3	0 0 0 1 0 0 0 0 1 0 0 0 0 1 0 0
40	16	1 0 1 0 0 0 0 1 0 0 0 0 1 0 0 0
40	5	0 0 0 0 0 1 1 0 0 0 0 0 0 0 0 1
40	8	1 0 0 0 0 0 0 0 1 0 0 0 0 0 0 0
40	6	0 0 0 1 0 0 0 0 0 0 0 1 1 0 0 0
40	2	1 0 1 0 0 1 0 0 1 0 0 0 0 0 0 1
40	9	1 0 1 0 0 0 0 0 0 0 0 0 0 0 1 0
40	2	0 0 0 0 0 0 0 1 0 1 1 1 0 0 0 0
40	4	0 0 0 0 0 1 0 0 0 0 1 0 0 0 0 1
40	8	0 0 0 1 0 0 0 1 1 0 0 0 0 0 0 0
40	6	1 0 1 0 0 0 0 1 1 1 1 1 0 0 0 0
40	8	1 0 1 1 0 0 1 0 0 0 0 0 1 0 0 0
40	5	1 1 0 0 0 1 0 0 1 1 1 1 0 0 0 1
40	3	1 0 0 1 0 0 1 0 1 0 0 0 0 0 0 0
40	13	1 0 1 0 1 0 1 0 0 0 0 0 0 0 0 0
40	4	1 0 1 0 0 0 1 1 0 0 0 0 1 0 0 0
40	1	1 0 1 0 0 1 0 0 1 0 0 1 0 0 0 0
40	3	0 1 0 1 0 0 0 0 1 0 0 0 0 0 0 0
40	3	1 0 0 0 0 0 0 0 1 1 1 1 0 0 0 0
40	6	1 0 1 0 0 1 0 0 0 0 0 1 0 0 0 0
40	2	0 0 0 1 0 0 0 0 0 0 0 0 0 1 0 0
40	2	1 0 1 0 0 0 0 0 1 0 1 1 0 0 0 0
40	1	0 0 0 0 0 0 0 1 1 0 0 0 0 0 0 0
40	1	0 0 0 1 0 1 0 0 1 0 0 0 0 0 0 0
40	1	1 0 1 0 0 0 1 0 0 0 0 0 0 1 0 0
40	2	1 0 1 0 0 0 0 1 1 0 0 0 0 0 0 0
40	3	1 0 1 0 0 0 0 1 0 0 1 0 1 0 0 0
40	3	1 0 1 0 0 0 1 1 0 0 0 0 0 0 0 0
40	2	0 0 0 1 1 0 0 0 1 0 0 1 0 0 0 0
40	1	0 0 0 0 0 1 0 0 0 0 0 0 0 1 0 0
40	1	0 0 0 1 1 0 0 1 1 0 0 0 0 0 0 0
40	2	0 0 0 1 0 0 1 0 1 0 0 0 0 0 0 1
40	3	1 1 0 0 0 1 0 1 1 1 1 1 0 0 1 1
40	1	1 0 1 1 0 0 0 0 0 0 0 0 0 0 1 0
40	3	1 0 0 0 0 0 0 0 1 0 0 1 0 0 0 0
40	3	1 0 0 0 0 0 1 0 0 0 0 0 0 0 0 0
40	1	1 0 1 0 1 0 0 0 1 0 0 0 0 0 0 0
40	1	1 0 1 0 0 0 0 0 1 0 1 0 0 0 0 0
40	1	0 0 0 1 1 0 0 0 1 0 1 0 0 0 0 0
40	3	1 1 1 0 0 0 0 0 1 0 0 1 0 0 1 0
40	2	0 0 1 0 0 1 0 0 1 0 0 0 0 0 0 1
60	53	0 0 0 1 0 0 0 0 1 0 0 0 0 0 0 0
60	110	1 0 1 0 0 0 0 0 0 0 0 0 0 0 0 0
60	3	1 0 0 0 0 0 0 1 1 1 1 1 0 0 0 0
60	12	0 0 0 0 0 1 0 0 0 0 0 0 0 0 0 1
60	12	1 0 1 0 0 1 0 0 0 0 0 0 0 0 0 0
60	203	1 0 1 0 0 0 1 0 0 0 0 0 0 0 0 0
60	11	1 0 1 0 0 0 0 0 1 0 0 0 0 0 0 0
60	13	1 0 1 0 0 0 0 0 0 0 0 0 0 0 0 1
60	4	0 0 0 1 0 0 0 0 0 0 0 0 0 0 0 0
60	45	0 0 0 1 0 0 1 0 1 0 0 0 0 0 0 0
60	3	1 0 0 0 0 0 0 0 0 0 0 0 0 0 0 0
60	15	1 0 1 0 0 0 1 0 0 0 0 0 1 0 0 0
60	2	0 0 0 1 0 0 1 0 0 0 0 0 0 0 0 0
60	14	1 0 1 0 0 0 0 0 0 0 0 0 1 0 0 0
60	3	1 0 1 0 0 1 0 0 0 1 0 0 0 0 0 0
60	122	1 0 1 0 0 0 1 0 0 0 0 0 0 0 0 1
60	16	1 0 0 1 0 0 0 0 1 0 0 1 0 0 0 0
60	14	1 1 0 0 0 1 0 1 1 1 1 1 0 0 0 1
60	29	1 0 1 0 0 1 0 0 0 0 0 0 0 0 0 1
60	1	0 0 0 1 0 0 0 0 1 0 0 0 0 1 0 0
60	4	1 0 1 0 0 0 0 1 0 0 0 0 1 0 0 0
60	13	1 0 1 0 0 0 0 0 0 0 0 0 0 0 1 0
60	3	1 0 1 0 0 0 0 1 1 1 1 1 0 0 0 0
60	7	1 0 1 1 0 0 1 0 0 0 0 0 1 0 0 0
60	59	1 0 1 0 1 0 1 0 0 0 0 0 0 0 0 0
60	2	1 0 1 0 0 0 0 1 1 0 0 0 0 0 0 0
60	16	1 0 1 0 0 0 1 1 0 0 0 0 0 0 0 0
60	2	0 0 0 1 0 0 1 0 1 0 0 0 0 0 0 1
60	9	1 1 0 0 0 1 0 1 1 1 1 1 0 0 1 1
60	1	1 0 0 0 0 0 0 0 1 0 0 1 0 0 0 0
60	6	1 0 0 0 0 0 1 0 0 0 0 0 0 0 0 0
60	6	1 0 1 0 1 0 0 0 1 0 0 0 0 0 0 0
60	11	0 0 0 0 0 1 0 0 0 0 0 0 0 0 0 0
60	5	1 0 1 0 0 0 1 0 0 0 1 0 0 0 0 0
60	11	0 0 0 1 0 0 1 0 1 1 0 0 0 0 0 0
60	5	1 0 1 0 0 0 0 1 0 0 0 0 0 0 0 0
60	2	0 0 1 0 0 0 1 0 0 0 0 0 0 0 0 0
60	3	1 0 1 0 0 0 0 0 0 0 0 1 0 0 0 0
60	1	0 0 1 1 0 0 0 0 1 0 0 0 0 0 0 0
60	5	1 0 0 1 0 0 0 0 1 0 0 1 0 1 0 0
60	6	1 1 0 0 0 1 0 0 0 0 0 0 0 0 0 0
60	1	0 0 0 1 0 1 1 0 1 0 0 0 0 0 1 0
60	2	1 0 1 0 0 0 0 0 0 0 1 0 0 0 0 0
60	2	0 0 0 1 0 1 0 0 0 0 0 0 0 0 0 1
60	1	1 0 1 0 0 0 0 0 1 0 0 0 1 0 0 0
60	1	1 0 1 0 0 1 1 0 0 0 0 0 0 0 0 0
60	9	1 0 1 0 0 0 1 0 1 0 0 0 0 0 0 0
60	12	1 0 1 0 0 0 1 0 0 0 0 1 0 0 0 1
60	1	1 0 1 0 1 1 0 0 0 0 0 0 0 0 0 1
60	9	1 0 1 0 1 0 1 0 1 0 0 0 0 0 0 0
60	11	1 0 1 0 0 0 0 0 0 0 0 0 0 1 1 0
60	1	1 0 1 0 1 0 1 0 0 0 0 0 0 1 0 0
60	4	1 0 1 0 0 0 0 1 0 0 1 1 0 0 0 1
60	10	1 0 1 0 0 0 0 1 0 0 0 0 0 1 0 1
60	1	1 0 0 1 0 0 0 0 0 0 0 0 0 0 0 1
60	6	1 0 1 0 0 0 1 0 0 0 1 0 0 0 0 1
60	4	1 0 1 0 0 0 0 1 1 0 0 1 0 0 0 0
60	3	1 0 1 1 0 0 0 0 1 0 1 0 0 0 0 0
60	5	1 0 1 0 0 0 1 0 1 0 0 0 0 0 1 1
60	5	0 0 0 1 0 0 0 0 1 1 0 0 0 0 0 0
60	1	1 0 0 0 0 1 0 1 1 1 1 1 0 0 0 0
60	2	0 0 1 0 0 0 1 0 0 0 0 0 1 0 0 0
60	2	0 0 1 0 0 0 1 0 0 0 0 0 0 0 0 1
60	1	0 0 0 1 0 0 1 0 1 0 0 1 0 0 1 1
60	2	1 0 1 0 0 0 1 0 0 0 0 0 0 1 0 0
60	1	1 0 1 0 1 0 1 0 0 0 0 1 0 0 0 0
60	2	0 0 0 1 0 0 0 0 1 1 0 0 0 0 1 0
60	8	1 0 1 0 0 0 0 0 0 0 0 0 0 1 0 0
60	2	1 0 0 1 0 0 0 0 1 0 0 0 0 0 0 0
60	3	1 0 0 0 0 0 1 1 0 0 0 0 0 0 0 0
60	2	1 1 1 0 0 0 0 0 0 0 0 0 0 0 1 0
60	5	1 0 1 1 0 0 1 0 0 0 0 0 1 1 0 0
60	2	1 0 1 0 0 0 1 1 0 0 0 0 1 0 0 0
60	2	1 0 0 0 0 1 0 0 1 0 0 1 0 0 0 0
60	1	1 1 1 0 0 0 1 0 0 0 1 0 0 0 0 0
60	2	0 0 1 0 1 0 1 0 0 0 0 0 0 0 0 0
60	3	1 0 1 1 0 0 1 0 0 0 0 0 0 0 0 0
60	2	0 0 0 0 0 0 0 0 1 0 0 0 0 0 0 0
60	1	0 0 0 0 0 1 0 0 0 0 0 0 0 0 1 1
60	3	1 0 1 0 1 1 1 0 0 0 0 0 0 0 0 0
60	3	1 0 0 0 1 0 1 0 0 0 0 0 0 0 0 0
80	30	1 0 1 0 0 0 0 0 0 0 0 0 0 0 0 0
80	5	1 0 1 0 0 1 0 0 0 0 0 0 0 0 0 0
80	147	1 0 1 0 0 0 1 0 0 0 0 0 0 0 0 0
80	3	0 0 0 1 0 0 0 0 0 0 0 0 0 0 0 0
80	81	0 0 0 1 0 0 1 0 1 0 0 0 0 0 0 0
80	55	1 0 1 0 0 0 1 0 0 0 0 0 1 0 0 0
80	51	1 0 1 0 0 0 1 0 0 0 0 0 0 0 0 1
80	4	1 0 0 1 0 0 0 0 1 0 0 1 0 0 0 0
80	1	1 1 0 0 0 1 0 1 1 1 1 1 0 0 0 1
80	10	1 0 1 0 0 1 0 0 0 0 0 0 0 0 0 1
80	6	1 0 1 0 0 0 0 0 0 0 0 0 0 0 1 0
80	14	1 0 1 0 0 0 0 1 1 1 1 1 0 0 0 0
80	5	1 0 1 1 0 0 1 0 0 0 0 0 1 0 0 0
80	66	1 0 1 0 1 0 1 0 0 0 0 0 0 0 0 0
80	1	1 0 1 0 0 0 0 1 1 0 0 0 0 0 0 0
80	19	1 0 1 0 0 0 1 1 0 0 0 0 0 0 0 0
80	5	1 1 0 0 0 1 0 1 1 1 1 1 0 0 1 1
80	31	1 0 0 0 0 0 1 0 0 0 0 0 0 0 0 0
80	4	1 0 1 0 0 0 1 0 0 0 1 0 0 0 0 0
80	3	0 0 1 0 0 0 1 0 0 0 0 0 0 0 0 0
80	7	1 0 1 0 0 0 0 0 0 0 0 1 0 0 0 0
80	14	1 0 1 0 0 0 1 0 1 0 0 0 0 0 0 0
80	3	1 0 1 0 0 0 1 0 0 0 0 1 0 0 0 1
80	37	1 0 1 0 1 0 1 0 1 0 0 0 0 0 0 0
80	10	1 0 1 0 0 0 0 0 0 0 0 0 0 1 1 0
80	4	1 0 1 0 0 0 0 1 0 0 0 0 0 1 0 1
80	3	0 0 0 1 0 0 0 0 1 1 0 0 0 0 1 0
80	13	1 0 1 0 0 0 1 1 0 0 0 0 1 0 0 0
80	23	1 1 1 0 0 0 1 0 0 0 1 0 0 0 0 0
80	13	1 0 1 1 0 0 1 0 0 0 0 0 0 0 0 0
80	50	1 0 0 0 1 0 1 0 0 0 0 0 0 0 0 0
80	13	1 0 1 0 0 0 0 0 1 0 0 0 0 1 1 0
80	10	1 0 1 0 0 1 0 0 0 0 0 0 0 1 0 0
80	5	0 0 0 1 0 0 1 0 0 0 0 0 0 0 0 1
80	30	1 0 0 1 0 0 1 0 1 0 0 1 0 0 1 1
80	28	1 1 1 0 0 0 1 0 0 0 0 0 0 0 0 0
80	2	0 0 0 0 1 0 1 0 0 0 0 0 0 0 0 0
80	1	1 0 0 1 0 0 1 0 1 0 0 0 0 0 0 0
80	8	1 0 1 0 0 1 1 0 0 0 0 0 0 0 0 0
80	2	1 0 1 1 0 0 0 0 0 0 0 0 0 1 1 0
80	15	0 0 1 0 0 0 1 0 1 0 0 0 0 0 0 0
80	5	1 0 1 0 0 1 0 0 0 0 0 1 0 0 0 0
80	2	1 0 1 0 0 0 0 0 1 0 0 0 1 0 0 0
80	10	1 0 1 0 0 1 1 0 1 0 0 0 0 0 0 0
80	4	1 0 1 0 1 0 1 0 1 0 0 0 1 0 0 0
80	4	1 0 1 0 0 0 0 0 1 0 0 0 0 1 1 1
80	5	1 0 1 0 0 1 0 0 0 0 0 0 1 1 0 0
80	25	1 0 1 0 1 0 1 0 1 0 0 0 0 0 0 1
80	8	1 0 1 1 0 0 1 0 0 0 1 0 0 0 0 0
80	9	0 0 0 0 0 0 1 0 1 0 0 0 0 0 0 0
80	7	1 0 1 0 1 1 1 0 0 0 0 0 0 0 0 0
80	9	0 0 0 1 0 0 1 0 0 0 0 0 0 0 0 0
80	1	0 0 1 0 0 1 0 0 0 0 0 0 0 0 0 1
80	4	1 0 1 0 0 0 0 1 0 0 0 0 0 1 0 0
80	3	0 0 0 1 1 0 1 0 1 0 0 0 0 0 0 0
80	6	1 0 1 0 1 0 1 0 1 0 0 0 0 0 1 0
80	3	1 0 1 0 0 0 1 0 0 0 1 1 0 0 1 1
80	1	1 0 1 0 0 1 0 1 0 0 0 0 0 0 0 0
80	1	1 0 1 0 0 0 1 0 0 0 0 0 0 1 0 0
80	11	0 0 0 1 0 1 1 0 1 0 0 0 0 0 0 0
80	1	0 0 0 0 0 0 1 0 0 0 0 0 0 0 0 0
80	1	1 0 0 0 0 0 1 0 0 0 0 0 1 0 0 0
80	8	0 1 0 1 0 0 1 0 1 0 0 0 0 0 0 0
80	3	1 1 1 0 1 0 1 0 1 0 0 0 0 0 0 0
80	3	1 0 0 0 1 0 1 0 0 0 0 0 0 0 0 1
80	1	1 0 0 1 0 0 1 0 0 0 0 1 0 0 1 1
80	2	0 1 0 0 0 0 1 0 1 0 0 0 0 0 0 0
80	1	1 0 1 0 0 0 0 1 0 0 0 0 1 1 0 0
80	1	1 0 1 0 0 0 1 0 0 1 0 0 1 0 0 0
80	2	1 1 0 0 0 1 0 1 1 1 1 1 0 1 0 1
80	1	1 0 1 0 1 0 1 0 0 1 0 0 0 0 0 0
80	1	0 0 1 0 0 0 0 0 0 0 0 1 0 0 0 0
80	1	1 0 1 1 0 0 1 0 0 0 0 1 0 0 0 0
80	5	0 1 0 0 0 0 1 0 1 0 0 0 0 0 0 1
80	4	1 0 0 0 0 0 1 0 1 0 0 0 0 0 0 0
80	3	1 0 0 1 0 1 0 0 0 0 0 0 0 0 0 1
80	1	1 1 1 0 0 1 0 0 0 0 0 0 0 0 0 0
80	3	0 0 0 1 0 0 1 0 1 1 0 0 0 0 0 0
80	5	1 0 0 0 0 0 1 0 0 1 0 0 0 0 0 0
80	2	1 1 1 0 0 0 0 0 0 0 0 0 0 1 1 0
80	1	1 0 1 0 0 1 0 0 0 1 0 1 0 0 0 0
100	11	1 0 1 0 0 0 0 0 0 0 0 0 0 0 0 0
100	5	1 0 1 0 0 1 0 0 0 0 0 0 0 0 0 0
100	126	1 0 1 0 0 0 1 0 0 0 0 0 0 0 0 0
100	36	0 0 0 1 0 0 1 0 1 0 0 0 0 0 0 0
100	51	1 0 1 0 0 0 1 0 0 0 0 0 1 0 0 0
100	15	1 0 1 0 0 0 1 0 0 0 0 0 0 0 0 1
100	1	1 0 1 0 0 1 0 0 0 0 0 0 0 0 0 1
100	142	1 0 1 0 1 0 1 0 0 0 0 0 0 0 0 0
100	20	1 0 1 0 0 0 1 1 0 0 0 0 0 0 0 0
100	4	1 1 0 0 0 1 0 1 1 1 1 1 0 0 1 1
100	21	1 0 0 0 0 0 1 0 0 0 0 0 0 0 0 0
100	2	1 0 1 0 0 0 1 0 0 0 1 0 0 0 0 0
100	11	1 0 1 0 0 0 1 0 1 0 0 0 0 0 0 0
100	48	1 0 1 0 1 0 1 0 1 0 0 0 0 0 0 0
100	12	1 0 1 0 0 0 0 0 0 0 0 0 0 1 1 0
100	16	1 0 1 0 0 0 1 1 0 0 0 0 1 0 0 0
100	36	1 1 1 0 0 0 1 0 0 0 1 0 0 0 0 0
100	2	1 0 1 1 0 0 1 0 0 0 0 0 0 0 0 0
100	19	1 0 0 0 1 0 1 0 0 0 0 0 0 0 0 0
100	10	1 0 1 0 0 1 0 0 0 0 0 0 0 1 0 0
100	7	0 0 0 1 0 0 1 0 0 0 0 0 0 0 0 1
100	14	1 0 0 1 0 0 1 0 1 0 0 1 0 0 1 1
100	1	1 1 1 0 0 0 1 0 0 0 0 0 0 0 0 0
100	1	0 0 0 0 1 0 1 0 0 0 0 0 0 0 0 0
100	34	1 0 1 0 0 1 1 0 0 0 0 0 0 0 0 0
100	3	0 0 1 0 0 0 1 0 1 0 0 0 0 0 0 0
100	7	1 0 1 0 0 0 0 0 1 0 0 0 1 0 0 0
100	26	1 0 1 0 1 0 1 0 1 0 0 0 1 0 0 0
100	8	1 0 1 0 1 0 1 0 1 0 0 0 0 0 0 1
100	10	0 0 0 1 0 0 1 0 0 0 0 0 0 0 0 0
100	11	1 0 1 0 0 0 0 1 0 0 0 0 0 1 0 0
100	4	0 0 0 1 0 1 1 0 1 0 0 0 0 0 0 0
100	15	0 1 0 1 0 0 1 0 1 0 0 0 0 0 0 0
100	1	1 0 0 0 0 0 1 0 0 1 0 0 0 0 0 0
100	9	1 0 1 0 0 0 1 0 0 0 0 0 0 1 1 0
100	16	1 1 1 0 0 0 1 0 0 0 0 0 0 1 0 0
100	5	1 0 1 0 0 0 1 0 0 0 0 1 0 0 0 0
100	7	1 0 0 1 0 0 1 0 1 1 0 0 0 0 0 0
100	13	1 0 1 0 0 0 1 0 1 1 0 0 0 0 0 0
100	8	1 1 1 1 0 0 1 0 0 0 1 0 0 0 0 0
100	6	1 1 1 0 0 0 1 0 0 0 0 0 1 0 0 0
100	11	1 0 0 1 1 0 1 0 0 0 0 0 0 0 0 0
100	17	1 1 0 0 1 0 1 0 0 0 0 0 0 0 0 0
100	3	1 0 1 0 1 0 1 0 0 0 0 0 0 0 0 1
100	4	1 0 1 0 0 0 0 0 0 0 0 0 1 0 0 0
100	3	0 0 0 1 0 0 1 0 0 0 0 0 1 0 0 0
100	11	1 0 1 0 1 0 1 1 1 0 0 0 0 0 0 0
100	5	1 0 1 0 0 0 0 0 0 0 0 0 0 0 1 0
100	6	0 0 1 0 1 0 1 0 0 0 0 0 0 0 0 0
100	14	1 0 1 0 0 0 1 1 0 0 0 0 0 0 0 1
100	1	1 0 1 0 1 0 1 0 1 0 0 0 1 1 0 0
100	2	1 1 1 0 0 0 1 0 0 1 0 0 0 1 0 0
100	8	0 0 0 0 0 0 1 0 1 0 0 1 0 0 0 0
100	28	1 1 0 1 0 0 1 0 1 0 0 0 0 0 0 0
100	6	1 0 1 0 1 0 1 1 0 0 0 0 0 0 0 0
100	3	1 0 1 0 1 0 1 0 0 0 0 0 1 0 0 0
100	9	1 1 1 1 0 0 1 1 0 0 0 0 0 0 0 0
100	5	1 0 1 0 0 0 1 0 1 0 0 0 0 0 0 1
100	4	1 1 1 0 0 0 1 0 0 0 0 1 0 1 0 0
100	7	1 0 1 0 1 0 1 0 0 0 0 0 0 0 1 0
100	2	1 0 1 0 1 0 0 0 0 0 0 0 0 0 0 0
100	1	1 0 1 0 1 1 1 0 0 0 0 0 0 0 0 1
100	3	1 0 1 0 1 0 1 0 1 1 0 0 1 1 0 0
100	1	0 0 0 1 1 0 1 0 0 1 0 0 0 1 0 0
100	1	0 1 0 1 0 0 1 0 0 0 0 0 0 0 0 0
100	2	0 1 0 1 0 1 1 0 0 0 0 0 0 0 0 0
100	3	1 0 0 0 0 0 1 1 0 0 0 0 1 0 0 0
100	3	1 1 1 0 0 0 1 0 1 0 1 0 0 0 0 0
100	2	1 0 1 0 0 0 0 1 0 0 0 0 1 1 0 0
100	4	1 0 0 1 0 0 1 0 1 0 0 0 0 0 0 0
100	1	1 0 1 0 1 0 1 0 0 0 1 0 0 0 0 0
100	2	1 1 0 1 0 0 1 0 1 0 0 0 0 0 0 1
100	6	1 0 1 0 0 1 1 0 0 0 0 0 0 0 0 1
100	1	1 0 1 0 1 0 1 0 0 0 1 0 0 0 0 1
100	1	1 0 1 0 0 0 1 1 1 0 0 0 0 0 0 0
100	1	1 0 1 0 0 0 0 0 1 0 0 0 0 0 0 0
100	2	0 1 0 1 0 0 1 0 1 0 0 0 0 0 0 1
100	1	1 0 0 1 0 0 1 0 0 0 0 0 0 0 0 0
100	2	1 0 1 0 0 1 1 0 0 0 0 0 1 1 0 0
100	1	1 1 1 0 0 1 1 0 0 0 0 0 0 0 0 0
100	1	1 0 1 0 0 0 1 0 0 0 0 0 0 0 1 0
100	3	0 0 0 1 0 0 1 0 1 0 0 0 0 0 0 1
100	2	1 0 0 0 0 0 1 0 0 0 0 0 1 0 0 0
100	2	1 0 1 0 0 0 1 1 0 0 0 0 0 1 0 0
100	1	1 0 1 1 1 0 1 0 1 0 0 0 0 0 0 0
100	2	1 0 1 1 0 1 0 0 0 0 0 0 0 1 0 0
100	1	1 0 1 0 0 1 0 0 0 0 0 1 0 1 0 0
100	2	1 0 1 0 1 0 1 0 1 0 0 0 1 0 1 0
100	1	1 0 1 0 0 0 0 0 0 0 0 1 0 0 0 0
100	1	1 0 0 0 1 0 1 1 1 0 0 0 0 0 0 0
100	3	1 1 0 1 1 0 1 0 1 0 0 0 0 0 0 1
120	10	1 0 1 0 0 0 0 0 0 0 0 0 0 0 0 0
120	122	1 0 1 0 0 0 1 0 0 0 0 0 0 0 0 0
120	30	0 0 0 1 0 0 1 0 1 0 0 0 0 0 0 0
120	6	1 0 1 0 0 0 1 0 0 0 0 0 1 0 0 0
120	80	1 0 1 0 1 0 1 0 0 0 0 0 0 0 0 0
120	10	1 0 1 0 0 0 1 1 0 0 0 0 0 0 0 0
120	8	1 0 0 0 0 0 1 0 0 0 0 0 0 0 0 0
120	39	1 0 1 0 1 0 1 0 1 0 0 0 0 0 0 0
120	32	1 1 1 0 0 0 1 0 0 0 1 0 0 0 0 0
120	10	1 0 0 0 1 0 1 0 0 0 0 0 0 0 0 0
120	1	1 0 1 0 0 1 0 0 0 0 0 0 0 1 0 0
120	24	1 0 1 0 0 1 1 0 0 0 0 0 0 0 0 0
120	17	1 0 1 0 1 0 1 0 1 0 0 0 1 0 0 0
120	23	0 0 0 1 0 0 1 0 0 0 0 0 0 0 0 0
120	7	1 0 1 0 0 0 0 1 0 0 0 0 0 1 0 0
120	11	0 0 0 1 0 1 1 0 1 0 0 0 0 0 0 0
120	33	0 1 0 1 0 0 1 0 1 0 0 0 0 0 0 0
120	4	1 1 1 0 0 0 1 0 0 0 0 0 0 1 0 0
120	9	1 0 1 0 0 0 1 0 0 0 0 1 0 0 0 0
120	14	1 0 0 1 0 0 1 0 1 1 0 0 0 0 0 0
120	5	1 0 1 0 0 0 1 0 1 1 0 0 0 0 0 0
120	30	1 1 0 0 1 0 1 0 0 0 0 0 0 0 0 0
120	1	1 0 1 0 0 0 0 0 0 0 0 0 1 0 0 0
120	16	0 0 1 0 1 0 1 0 0 0 0 0 0 0 0 0
120	51	1 1 0 1 0 0 1 0 1 0 0 0 0 0 0 0
120	8	1 0 1 0 0 0 1 0 1 0 0 0 0 0 0 1
120	24	1 1 1 0 0 0 1 0 0 0 0 1 0 1 0 0
120	6	1 0 1 0 1 0 1 0 0 0 0 0 0 0 1 0
120	4	1 1 0 1 1 0 1 0 1 0 0 0 0 0 0 1
120	8	1 0 1 0 0 0 1 0 1 0 0 0 1 0 0 0
120	6	1 0 1 0 0 1 1 0 0 0 0 0 0 1 0 0
120	1	1 0 1 0 0 1 1 1 0 0 0 0 0 0 0 0
120	6	1 1 1 0 1 0 1 0 0 0 0 0 0 1 0 0
120	7	1 0 1 1 1 0 1 0 0 0 0 0 0 0 0 1
120	11	0 0 1 0 0 0 1 0 0 0 0 0 0 0 0 0
120	38	1 0 1 0 0 0 1 0 0 0 0 0 0 1 0 0
120	18	1 0 0 1 1 0 1 0 1 0 0 0 0 0 0 0
120	14	1 1 1 1 0 0 1 1 1 0 0 0 0 0 0 0
120	16	1 0 1 1 1 0 1 0 0 0 0 0 0 0 0 0
120	4	1 1 0 1 0 1 1 0 1 0 0 0 0 0 0 0
120	7	1 0 1 0 0 0 0 0 0 1 0 0 0 0 0 0
120	12	0 1 1 0 0 0 1 0 0 0 1 0 0 0 0 0
120	6	0 0 1 1 0 0 1 0 1 0 0 0 0 0 0 0
120	10	1 0 1 0 0 0 1 0 0 0 1 0 0 0 0 0
120	1	0 0 1 0 0 0 1 0 0 0 0 0 1 0 0 0
120	4	1 0 1 0 1 0 0 0 0 0 0 0 0 0 0 0
120	6	1 0 1 0 0 0 0 0 0 0 0 0 0 1 0 0
120	9	1 0 1 0 1 1 1 0 0 0 0 0 0 0 0 0
120	13	1 1 0 1 0 0 1 0 0 0 0 0 0 0 0 0
120	1	1 0 1 0 1 0 1 0 0 0 1 0 0 0 0 0
120	4	0 0 0 1 0 0 1 0 1 0 0 1 0 0 0 0
120	6	1 1 0 1 1 0 1 0 1 0 0 0 0 0 0 0
120	3	1 1 1 0 0 0 0 0 0 0 1 0 0 0 0 0
120	12	1 1 1 0 0 0 1 0 0 1 0 0 0 0 0 0
120	7	1 0 0 1 0 0 1 0 0 0 0 0 0 0 0 0
120	1	1 0 1 0 1 0 1 0 0 0 0 0 0 1 0 0
120	10	0 0 0 1 1 1 1 0 1 0 0 0 0 0 0 0
120	1	1 0 1 0 0 1 1 1 0 0 0 0 0 0 0 1
120	14	1 0 1 1 0 0 1 0 1 0 0 0 1 0 0 0
120	6	1 0 1 1 1 0 1 0 0 0 0 0 1 0 0 1
120	3	1 1 0 1 0 0 1 0 1 0 0 0 1 0 0 0
120	8	1 1 1 0 1 0 1 0 0 0 0 0 0 0 0 0
120	1	0 1 1 0 0 0 1 0 0 0 1 0 0 1 0 0
120	1	1 0 1 1 1 0 1 0 1 0 0 0 1 0 0 0
120	3	1 1 0 0 1 0 1 0 1 0 1 0 0 0 0 0
120	1	1 0 0 0 0 0 1 0 1 0 0 0 1 0 0 0
120	2	1 0 1 1 0 0 1 0 1 0 0 0 0 0 0 0
120	6	0 0 0 1 0 0 1 0 0 0 0 0 0 0 0 1
120	2	1 0 0 1 0 0 1 0 1 0 0 0 0 0 0 0
120	1	1 0 0 0 0 0 1 0 0 0 0 0 0 1 0 0
120	2	1 0 0 0 1 0 1 0 0 0 0 0 0 1 0 0
120	7	1 1 0 1 0 0 1 0 1 1 0 0 0 1 0 0
120	2	1 1 1 0 0 0 1 0 1 1 1 0 0 0 0 0
120	4	1 0 0 1 1 0 1 0 1 0 0 0 0 1 0 0
120	6	1 0 0 0 1 0 1 0 0 0 0 0 0 0 0 1
120	2	0 1 0 1 0 0 1 0 0 0 0 0 0 0 0 0
120	2	1 0 1 0 0 0 0 1 1 0 0 0 0 1 0 0
120	6	1 0 1 1 0 0 0 1 0 0 0 0 0 1 0 0
120	1	0 1 0 0 1 0 1 0 0 0 0 0 0 0 0 0
120	6	1 0 1 1 0 1 1 1 0 0 0 0 0 0 0 0
120	4	1 0 1 1 1 0 1 0 0 0 1 0 0 0 1 0
120	3	1 0 1 0 0 0 1 0 0 0 0 0 0 0 1 0
120	2	1 0 1 0 0 1 1 0 1 0 0 0 0 0 0 0
120	2	1 0 0 1 0 0 1 0 1 1 1 0 0 0 0 0
120	2	1 1 0 1 0 0 1 0 1 0 1 0 0 0 0 0
120	2	1 0 0 0 1 1 1 0 0 0 0 0 0 0 0 0
120	2	0 0 0 1 0 1 1 0 1 0 0 1 0 0 0 0
120	2	0 0 0 1 0 0 1 0 1 1 0 0 0 0 0 0
120	2	1 0 0 1 0 0 1 0 1 1 0 0 0 0 0 1
120	2	1 0 1 0 1 1 0 0 0 0 0 0 0 0 0 0
120	1	1 0 1 0 0 0 1 0 0 1 0 0 0 0 0 0
120	1	1 0 0 0 1 0 1 0 0 1 0 0 0 0 0 1
120	2	0 1 0 0 0 0 1 0 0 0 0 0 0 0 0 0
120	2	1 1 0 1 0 0 1 0 1 1 1 0 0 0 0 0
120	2	0 0 0 1 0 1 1 0 0 0 0 0 0 0 0 0
120	1	0 1 1 0 0 0 1 0 0 0 0 0 0 0 0 0
120	2	0 0 0 1 0 0 1 0 1 0 1 0 0 0 0 0
120	1	1 1 1 0 1 0 1 0 0 0 0 0 0 1 1 0
120	2	1 1 1 1 1 0 1 0 0 0 0 0 0 0 0 0
140	95	1 0 1 0 0 0 1 0 0 0 0 0 0 0 0 0
140	7	0 0 0 1 0 0 1 0 1 0 0 0 0 0 0 0
140	117	1 0 1 0 1 0 1 0 0 0 0 0 0 0 0 0
140	2	1 0 1 0 0 0 1 1 0 0 0 0 0 0 0 0
140	8	1 0 1 0 1 0 1 0 1 0 0 0 0 0 0 0
140	43	1 1 1 0 0 0 1 0 0 0 1 0 0 0 0 0
140	28	1 0 0 0 1 0 1 0 0 0 0 0 0 0 0 0
140	7	1 0 1 0 0 1 1 0 0 0 0 0 0 0 0 0
140	4	1 0 1 0 1 0 1 0 1 0 0 0 1 0 0 0
140	7	0 0 0 1 0 0 1 0 0 0 0 0 0 0 0 0
140	17	0 1 0 1 0 0 1 0 1 0 0 0 0 0 0 0
140	3	1 1 1 0 0 0 1 0 0 0 0 0 0 1 0 0
140	5	1 0 1 0 0 0 1 0 0 0 0 1 0 0 0 0
140	19	1 0 0 1 0 0 1 0 1 1 0 0 0 0 0 0
140	10	1 1 0 0 1 0 1 0 0 0 0 0 0 0 0 0
140	8	0 0 1 0 1 0 1 0 0 0 0 0 0 0 0 0
140	41	1 1 0 1 0 0 1 0 1 0 0 0 0 0 0 0
140	12	1 1 1 0 1 0 1 0 0 0 0 0 0 1 0 0
140	4	0 0 1 0 0 0 1 0 0 0 0 0 0 0 0 0
140	21	1 0 1 0 0 0 1 0 0 0 0 0 0 1 0 0
140	5	1 1 1 1 0 0 1 1 1 0 0 0 0 0 0 0
140	45	1 0 1 1 1 0 1 0 0 0 0 0 0 0 0 0
140	3	1 1 0 1 0 1 1 0 1 0 0 0 0 0 0 0
140	1	1 0 1 0 0 0 0 0 0 1 0 0 0 0 0 0
140	4	0 1 1 0 0 0 1 0 0 0 1 0 0 0 0 0
140	8	1 0 1 0 1 1 1 0 0 0 0 0 0 0 0 0
140	21	1 1 0 1 0 0 1 0 0 0 0 0 0 0 0 0
140	7	1 1 1 0 0 0 1 0 0 1 0 0 0 0 0 0
140	10	1 0 0 1 0 0 1 0 0 0 0 0 0 0 0 0
140	29	1 0 1 0 1 0 1 0 0 0 0 0 0 1 0 0
140	2	0 0 0 1 1 1 1 0 1 0 0 0 0 0 0 0
140	21	1 0 1 1 0 0 1 0 1 0 0 0 1 0 0 0
140	10	1 0 1 1 1 0 1 0 0 0 0 0 1 0 0 1
140	3	1 1 0 1 0 0 1 0 1 0 0 0 1 0 0 0
140	56	1 1 1 0 1 0 1 0 0 0 0 0 0 0 0 0
140	8	0 1 1 0 0 0 1 0 0 0 1 0 0 1 0 0
140	24	1 0 1 1 0 0 1 0 1 0 0 0 0 0 0 0
140	12	1 0 0 1 0 0 1 0 1 0 0 0 0 0 0 0
140	5	0 1 0 1 0 0 1 0 0 0 0 0 0 0 0 0
140	19	1 1 0 1 0 0 1 0 1 0 1 0 0 0 0 0
140	5	0 0 0 1 0 0 1 0 1 0 1 0 0 0 0 0
140	1	1 1 1 0 1 0 1 0 1 0 0 0 1 0 0 0
140	1	0 0 0 0 1 0 1 0 0 0 0 0 0 0 0 0
140	17	1 1 0 1 0 0 1 0 1 1 0 0 0 0 0 1
140	1	0 1 1 1 0 0 0 1 0 0 0 0 0 1 0 0
140	1	1 1 1 0 0 0 1 0 0 1 0 1 0 0 0 0
140	17	1 1 1 0 1 0 1 0 0 0 1 0 0 0 0 0
140	1	1 1 1 1 0 0 1 0 1 1 1 0 0 0 1 0
140	17	1 0 0 0 1 0 1 0 1 0 0 0 1 0 0 0
140	18	0 1 1 1 0 0 1 0 1 0 0 0 0 0 0 0
140	3	1 1 1 0 1 1 1 0 0 0 0 0 0 0 0 0
140	7	1 0 1 1 1 1 0 0 1 0 0 0 0 0 0 0
140	16	1 1 1 0 0 0 1 0 0 0 0 1 0 0 0 0
140	6	1 1 1 1 1 0 1 0 1 0 0 0 0 1 0 0
140	2	1 1 1 0 1 0 1 0 1 0 1 0 0 0 0 0
140	2	1 0 1 1 1 0 1 0 0 0 1 0 1 0 0 1
140	14	1 1 0 1 1 0 1 0 0 0 0 0 0 0 0 0
140	21	1 0 1 0 0 0 1 0 0 0 0 0 1 0 0 0
140	11	1 1 1 0 1 1 1 0 1 0 0 0 0 0 0 0
140	4	1 0 0 0 0 0 1 0 0 0 0 0 0 0 0 0
140	3	1 1 1 0 1 0 1 1 0 0 0 0 0 0 0 0
140	2	1 0 1 0 0 0 1 0 1 0 0 0 0 0 0 0
140	4	0 0 0 1 1 0 1 0 0 0 0 0 0 0 0 0
140	2	1 1 0 1 0 0 1 0 0 1 0 0 0 0 0 1
140	1	1 1 1 1 0 0 0 1 0 0 0 0 0 1 0 0
140	3	1 0 1 0 0 0 1 0 0 0 0 0 0 0 0 1
140	2	1 1 0 1 1 0 1 0 1 0 0 0 0 1 0 0
140	4	1 0 1 0 0 0 1 0 1 0 0 0 1 0 0 0
140	5	0 0 1 0 1 0 1 0 1 0 0 0 0 0 0 0
140	5	1 1 1 1 0 0 1 1 1 0 1 0 0 0 0 0
140	2	1 0 1 1 1 0 0 0 0 0 0 0 0 0 0 0
140	2	0 0 1 1 1 0 1 0 0 0 0 0 0 1 0 0
140	10	1 1 1 0 0 0 1 0 0 1 1 0 0 0 0 0
140	1	0 0 0 0 0 0 1 0 0 0 0 0 0 0 0 0
140	2	1 0 1 0 0 0 1 0 0 0 0 0 0 1 1 0
140	3	1 1 0 1 0 0 0 0 0 0 0 0 0 0 0 0
140	5	1 0 1 1 0 0 1 0 1 0 0 1 0 0 0 0
140	1	1 0 0 0 0 0 1 0 1 0 0 0 0 0 0 0
140	1	1 0 1 0 1 0 1 0 1 0 0 0 0 0 0 1
140	2	1 0 1 0 0 0 1 0 0 0 1 0 0 0 0 0
140	3	0 0 1 0 1 0 1 0 0 0 1 0 0 0 0 0
140	1	1 0 0 0 1 0 1 0 0 1 0 0 0 0 0 0
140	2	1 0 0 0 1 0 1 0 1 0 0 0 0 0 0 0
140	3	1 0 1 1 1 0 1 0 1 0 0 0 0 0 0 0
140	2	1 1 1 0 0 1 1 0 0 0 0 1 0 0 0 0
140	4	1 1 1 1 0 0 1 1 1 0 1 0 0 1 0 0
140	1	1 0 0 1 0 1 1 0 1 0 0 0 0 0 0 0
140	1	1 0 0 0 1 0 1 0 0 0 1 0 0 0 0 0
140	1	1 0 1 0 0 0 1 0 0 0 0 0 0 0 1 0
140	1	1 1 0 1 0 0 1 0 1 0 0 0 0 0 0 1
140	1	1 1 1 1 0 1 1 0 1 0 0 0 0 0 0 0
140	1	1 1 1 1 1 0 1 0 0 0 0 0 0 0 0 0
140	1	1 1 1 0 1 0 0 0 0 0 0 0 0 0 0 0
140	2	1 1 0 1 1 0 1 0 0 0 0 0 1 0 0 0
160	26	1 0 1 0 0 0 1 0 0 0 0 0 0 0 0 0
160	9	0 0 0 1 0 0 1 0 1 0 0 0 0 0 0 0
160	59	1 0 1 0 1 0 1 0 0 0 0 0 0 0 0 0
160	4	1 0 1 0 0 0 1 1 0 0 0 0 0 0 0 0
160	31	1 1 1 0 0 0 1 0 0 0 1 0 0 0 0 0
160	29	1 0 0 0 1 0 1 0 0 0 0 0 0 0 0 0
160	7	1 0 1 0 0 1 1 0 0 0 0 0 0 0 0 0
160	15	0 0 0 1 0 0 1 0 0 0 0 0 0 0 0 0
160	25	0 1 0 1 0 0 1 0 1 0 0 0 0 0 0 0
160	4	1 0 0 1 0 0 1 0 1 1 0 0 0 0 0 0
160	28	1 1 0 1 0 0 1 0 1 0 0 0 0 0 0 0
160	4	1 0 1 0 0 0 1 0 0 0 0 0 0 1 0 0
160	75	1 0 1 1 1 0 1 0 0 0 0 0 0 0 0 0
160	5	1 1 0 1 0 1 1 0 1 0 0 0 0 0 0 0
160	8	1 0 1 0 0 0 0 0 0 1 0 0 0 0 0 0
160	4	1 0 1 0 1 1 1 0 0 0 0 0 0 0 0 0
160	35	1 1 0 1 0 0 1 0 0 0 0 0 0 0 0 0
160	8	1 0 1 0 1 0 1 0 0 0 0 0 0 1 0 0
160	17	1 0 1 1 0 0 1 0 1 0 0 0 1 0 0 0
160	6	1 1 0 1 0 0 1 0 1 0 0 0 1 0 0 0
160	40	1 1 1 0 1 0 1 0 0 0 0 0 0 0 0 0
160	30	1 0 1 1 0 0 1 0 1 0 0 0 0 0 0 0
160	29	1 1 0 1 0 0 1 0 1 0 1 0 0 0 0 0
160	7	0 0 0 1 0 0 1 0 1 0 1 0 0 0 0 0
160	16	1 1 0 1 0 0 1 0 1 1 0 0 0 0 0 1
160	14	1 1 1 0 1 0 1 0 0 0 1 0 0 0 0 0
160	10	1 0 0 0 1 0 1 0 1 0 0 0 1 0 0 0
160	2	0 1 1 1 0 0 1 0 1 0 0 0 0 0 0 0
160	4	1 0 1 1 1 1 0 0 1 0 0 0 0 0 0 0
160	14	1 1 1 0 0 0 1 0 0 0 0 1 0 0 0 0
160	30	1 1 0 1 1 0 1 0 0 0 0 0 0 0 0 0
160	27	1 0 1 0 0 0 1 0 0 0 0 0 1 0 0 0
160	105	1 1 1 0 1 1 1 0 1 0 0 0 0 0 0 0
160	11	1 1 1 0 1 0 1 1 0 0 0 0 0 0 0 0
160	12	1 0 1 0 0 0 1 0 1 0 0 0 1 0 0 0
160	1	1 0 1 1 1 0 0 0 0 0 0 0 0 0 0 0
160	4	1 0 0 0 1 0 1 0 1 0 0 0 0 0 0 0
160	8	1 1 1 1 0 0 1 1 1 0 1 0 0 1 0 0
160	6	1 1 1 1 1 0 1 0 0 0 0 0 0 0 0 0
160	14	1 0 1 0 0 0 0 0 0 0 0 0 0 0 0 0
160	6	0 0 0 0 0 0 1 0 0 0 0 0 0 0 0 0
160	10	1 1 0 0 1 0 1 0 0 1 0 0 0 0 0 0
160	7	0 0 1 0 0 0 1 0 0 0 0 0 0 1 0 0
160	18	1 1 1 0 0 0 1 0 0 0 0 0 0 0 0 0
160	24	1 0 1 1 0 0 1 0 0 0 0 0 0 0 0 0
160	4	0 1 1 0 0 0 0 1 0 0 0 0 0 1 0 0
160	4	1 0 1 1 1 0 1 0 0 0 1 0 0 0 0 0
160	7	1 1 1 0 1 0 1 0 1 0 0 0 1 0 0 0
160	8	1 0 1 0 0 1 1 0 0 0 0 0 0 0 1 0
160	5	1 1 1 0 1 1 0 0 1 0 0 0 0 0 0 0
160	1	1 1 0 1 0 1 0 1 1 0 0 0 0 1 0 0
160	8	0 0 0 1 0 0 1 0 1 0 1 1 0 0 0 0
160	6	1 1 0 1 1 0 1 0 0 0 0 1 0 0 0 0
160	3	1 1 0 1 0 0 1 0 1 0 0 0 0 1 0 0
160	3	1 0 1 1 1 1 0 0 1 0 0 0 0 0 0 1
160	3	1 1 0 1 0 0 1 0 0 0 0 0 0 1 0 0
160	4	1 0 1 0 0 0 1 0 0 1 0 0 0 0 0 0
160	1	1 0 1 1 1 0 1 0 0 0 0 0 0 0 0 1
160	1	1 1 1 0 1 1 1 0 0 0 0 0 0 0 0 0
160	1	1 1 1 0 1 0 1 0 0 0 0 0 0 0 0 1
160	4	0 0 0 0 0 0 1 0 1 0 1 0 0 0 0 0
160	2	1 0 0 0 1 0 1 0 0 0 1 0 0 0 0 0
160	2	0 1 0 1 0 0 1 0 1 0 1 0 0 0 0 0
160	5	1 0 0 1 1 0 1 0 0 0 0 0 0 0 0 0
160	2	0 0 1 1 1 0 1 0 0 0 0 0 0 0 0 0
160	2	1 0 0 0 1 0 1 0 0 0 0 0 0 1 0 0
160	1	0 0 0 1 0 0 1 0 0 0 1 0 0 1 0 0
160	4	0 1 0 1 0 0 1 0 0 0 0 0 0 0 0 0
160	1	1 1 0 1 1 1 1 0 0 0 0 0 0 0 0 0
160	5	1 1 1 0 1 1 1 0 1 0 1 0 0 0 0 0
160	2	1 0 1 0 1 0 1 0 0 0 0 1 0 0 0 0
160	2	0 0 1 0 1 0 1 0 0 0 0 0 0 1 0 0
160	3	1 0 1 0 0 0 1 0 1 0 0 0 1 0 0 1
160	6	1 0 0 1 0 0 1 0 0 0 0 0 0 0 0 0
160	8	0 1 0 1 0 0 1 0 1 0 0 1 0 0 0 0
160	3	1 0 1 1 1 1 0 0 1 0 0 0 0 0 1 0
160	4	1 0 1 0 0 0 1 0 1 0 0 0 0 0 0 0
160	2	0 0 1 0 0 0 1 1 0 0 0 0 0 1 0 0
160	3	1 0 1 0 0 0 1 0 0 0 0 1 0 0 0 0
160	2	1 0 1 1 1 0 1 0 1 0 0 0 0 0 0 0
160	1	1 1 0 0 1 0 1 0 0 0 0 0 0 0 0 0
160	2	1 1 0 1 0 0 1 0 1 0 1 0 1 0 0 0
160	1	1 1 0 1 1 0 1 0 0 0 0 1 0 0 1 0
160	2	1 0 0 1 0 0 1 1 1 0 1 0 0 1 0 0
160	1	1 1 0 0 0 1 1 0 0 0 0 0 0 0 0 0
160	2	0 0 0 1 0 1 1 0 1 0 0 0 0 0 0 0
160	2	0 0 0 1 0 0 1 0 0 0 0 0 0 0 0 1
160	3	1 1 0 1 0 0 0 0 1 0 0 0 0 0 0 0
160	1	1 0 1 1 1 1 1 0 0 0 0 0 0 0 0 0
160	3	1 0 1 0 0 0 0 0 0 1 0 1 0 0 0 0
160	2	1 0 1 1 0 0 0 0 1 0 0 0 0 0 0 0
160	2	0 0 1 1 0 0 1 0 1 0 0 0 0 0 0 0
160	1	1 1 1 0 1 0 0 0 0 0 1 0 0 0 0 0
160	3	1 1 0 1 1 0 1 0 0 0 0 0 0 0 1 0
160	1	1 0 1 0 0 0 1 0 0 0 0 0 1 0 1 0
160	2	1 1 0 0 1 1 1 0 1 0 0 0 0 0 0 0
160	1	1 1 0 1 0 0 1 0 1 0 0 0 0 1 1 0
180	28	1 0 1 0 0 0 1 0 0 0 0 0 0 0 0 0
180	20	1 0 1 0 1 0 1 0 0 0 0 0 0 0 0 0
180	23	1 1 1 0 0 0 1 0 0 0 1 0 0 0 0 0
180	10	1 0 0 0 1 0 1 0 0 0 0 0 0 0 0 0
180	11	0 0 0 1 0 0 1 0 0 0 0 0 0 0 0 0
180	1	0 1 0 1 0 0 1 0 1 0 0 0 0 0 0 0
180	58	1 1 0 1 0 0 1 0 1 0 0 0 0 0 0 0
180	73	1 0 1 1 1 0 1 0 0 0 0 0 0 0 0 0
180	58	1 1 0 1 0 0 1 0 0 0 0 0 0 0 0 0
180	4	1 0 1 0 1 0 1 0 0 0 0 0 0 1 0 0
180	3	1 1 0 1 0 0 1 0 1 0 0 0 1 0 0 0
180	1	1 1 1 0 1 0 1 0 0 0 0 0 0 0 0 0
180	57	1 0 1 1 0 0 1 0 1 0 0 0 0 0 0 0
180	43	1 1 0 1 0 0 1 0 1 0 1 0 0 0 0 0
180	16	0 0 0 1 0 0 1 0 1 0 1 0 0 0 0 0
180	8	1 1 0 1 0 0 1 0 1 1 0 0 0 0 0 1
180	1	1 1 1 0 1 0 1 0 0 0 1 0 0 0 0 0
180	3	1 0 1 1 1 1 0 0 1 0 0 0 0 0 0 0
180	24	1 1 1 0 0 0 1 0 0 0 0 1 0 0 0 0
180	61	1 1 1 0 1 1 1 0 1 0 0 0 0 0 0 0
180	5	1 1 1 0 1 0 1 1 0 0 0 0 0 0 0 0
180	8	1 0 1 0 0 0 1 0 1 0 0 0 1 0 0 0
180	2	1 1 1 1 0 0 1 1 1 0 1 0 0 1 0 0
180	10	1 1 0 0 1 0 1 0 0 1 0 0 0 0 0 0
180	11	1 1 1 0 0 0 1 0 0 0 0 0 0 0 0 0
180	51	1 0 1 1 0 0 1 0 0 0 0 0 0 0 0 0
180	7	1 0 1 0 0 1 1 0 0 0 0 0 0 0 1 0
180	1	1 1 1 0 1 0 1 0 0 0 0 0 0 0 0 1
180	8	1 0 0 1 1 0 1 0 0 0 0 0 0 0 0 0
180	3	0 1 0 1 0 0 1 0 0 0 0 0 0 0 0 0
180	21	1 1 1 0 1 1 1 0 1 0 1 0 0 0 0 0
180	17	1 0 0 1 0 0 1 0 0 0 0 0 0 0 0 0
180	24	0 1 0 1 0 0 1 0 1 0 0 1 0 0 0 0
180	9	1 0 1 1 1 0 1 0 0 1 0 0 0 0 0 0
180	14	1 0 1 0 1 1 0 0 1 0 0 0 0 0 0 0
180	13	1 1 1 1 0 0 1 0 0 0 1 0 0 0 0 0
180	19	1 0 1 1 1 0 1 0 1 0 0 0 0 0 0 0
180	14	1 1 1 0 0 0 1 0 1 0 0 1 0 0 0 0
180	2	1 1 1 0 0 0 0 0 0 0 1 0 0 0 0 0
180	5	1 1 0 0 1 0 1 0 1 0 0 0 0 0 0 0
180	18	0 1 0 1 0 0 1 0 1 0 0 0 0 0 1 0
180	11	0 1 0 1 1 0 1 0 0 0 0 0 0 0 0 0
180	5	1 1 1 0 0 1 1 0 0 0 0 0 1 0 0 0
180	6	1 0 1 0 1 0 1 0 0 0 1 0 0 0 0 0
180	2	1 0 1 1 0 0 1 0 0 0 0 0 0 0 1 0
180	13	1 1 0 1 0 0 1 0 0 0 0 0 0 0 1 0
180	3	1 1 0 0 0 0 1 0 0 0 0 0 0 0 0 0
180	1	1 1 1 0 0 1 1 0 1 0 0 0 0 0 0 0
180	11	1 0 1 0 1 1 0 0 1 0 0 0 0 0 0 1
180	11	1 0 1 0 0 0 1 0 0 0 1 0 0 0 0 0
180	22	1 1 0 1 0 0 1 1 0 0 0 0 0 0 0 0
180	1	0 0 0 1 0 0 1 0 0 0 0 1 0 0 0 0
180	10	1 1 1 0 1 0 1 0 0 0 1 0 1 0 0 0
180	5	1 0 1 0 0 0 1 1 0 0 0 0 0 0 0 0
180	6	1 0 1 1 1 0 1 0 0 0 1 0 0 0 0 1
180	5	1 0 1 0 0 0 1 0 0 0 0 0 0 0 0 1
180	17	1 1 1 0 1 1 0 0 1 0 0 0 0 0 0 0
180	3	1 1 0 1 0 0 1 0 0 0 0 0 0 0 0 1
180	3	1 0 1 1 0 1 1 0 1 0 0 0 0 0 0 0
180	2	1 0 1 0 1 0 1 0 0 0 0 0 0 0 0 1
180	4	0 1 0 1 0 0 1 0 1 0 0 0 1 0 0 0
180	3	1 1 1 0 0 0 1 0 0 0 0 1 1 0 0 0
180	1	1 1 1 0 0 1 1 0 0 0 0 0 0 0 0 0
180	2	1 0 0 0 0 0 1 0 0 0 0 0 0 0 0 0
180	1	1 1 0 0 1 0 1 1 0 1 0 0 0 0 0 0
180	9	1 0 1 0 0 0 1 1 1 0 0 0 0 0 0 0
180	5	0 1 0 1 0 1 1 0 1 0 0 0 0 0 0 0
180	2	1 0 1 0 1 1 1 0 0 0 0 0 0 0 0 0
180	2	0 0 0 0 0 0 1 0 1 0 1 0 0 0 0 0
180	2	1 1 1 0 1 1 1 0 1 1 0 0 0 0 0 0
180	5	1 1 1 0 0 1 1 0 1 0 1 0 0 0 0 0
180	1	1 1 0 1 0 0 1 0 0 0 1 0 0 0 0 0
180	2	1 0 1 0 1 0 1 0 0 1 0 0 0 0 0 0
180	2	1 1 0 0 1 0 1 0 0 1 0 0 0 0 0 1
180	2	0 1 0 1 1 0 1 0 1 0 0 1 0 0 0 0
180	1	1 1 1 0 1 1 0 0 0 0 0 0 0 0 0 0
180	4	1 0 0 1 0 1 1 0 1 0 1 0 0 0 0 0
180	1	1 0 1 0 0 0 1 1 1 0 0 0 0 1 0 0
180	3	1 1 0 1 0 0 1 0 1 0 0 0 0 0 1 0
180	3	1 0 1 1 0 0 1 1 0 0 0 0 0 0 0 0
180	2	0 0 1 1 1 0 1 0 0 0 0 0 0 0 0 0
180	1	1 1 0 1 0 0 1 0 0 0 0 0 1 0 0 0
180	2	1 1 1 0 0 0 1 0 0 1 0 1 0 0 0 0
180	2	0 0 1 1 1 0 1 0 1 0 0 0 0 0 0 0
180	1	1 0 1 1 0 0 1 0 1 0 0 0 0 0 1 0
180	1	1 1 1 0 0 0 1 0 0 0 1 0 0 1 0 0
180	2	1 0 0 0 1 0 1 0 0 0 0 1 0 0 0 0
180	2	1 0 1 1 0 0 1 0 1 0 0 1 0 0 0 0
180	1	1 1 1 0 0 0 1 0 0 0 0 1 0 0 0 1
180	2	1 0 1 1 0 1 1 0 0 0 0 0 0 0 0 0
180	2	1 1 1 0 0 0 1 0 1 0 0 1 1 0 0 0
180	1	1 1 1 0 0 0 0 0 0 0 0 0 0 0 0 0
180	2	1 0 1 0 0 0 1 0 0 0 1 0 1 0 0 0
180	2	1 0 1 0 0 0 1 0 1 0 0 0 0 0 0 0
180	1	1 1 1 0 0 0 1 0 1 0 0 0 0 0 0 0
180	1	1 1 1 0 0 0 1 0 1 0 0 0 1 0 0 0
180	3	1 0 0 1 0 0 1 0 1 0 0 0 0 0 1 0
180	2	1 1 1 0 0 0 1 0 0 0 1 0 0 0 1 0
180	1	1 1 1 0 1 0 0 0 0 0 0 0 0 0 0 0
180	1	1 1 0 1 1 0 1 0 1 0 1 0 0 0 0 0
180	2	0 1 0 1 0 0 1 0 1 1 0 0 0 0 0 1
180	2	0 0 1 1 0 0 1 0 0 0 0 0 0 0 0 0
180	2	1 1 1 0 0 1 0 0 0 0 0 0 1 0 0 0
180	2	1 1 0 1 0 0 1 1 0 0 1 0 0 0 0 0
180	2	1 1 0 0 1 1 1 1 0 1 0 0 0 0 0 0
180	1	1 1 0 0 1 0 1 0 0 1 0 0 0 0 1 1
200	14	1 0 1 0 0 0 1 0 0 0 0 0 0 0 0 0
200	12	1 0 1 0 1 0 1 0 0 0 0 0 0 0 0 0
200	11	1 1 1 0 0 0 1 0 0 0 1 0 0 0 0 0
200	31	1 1 0 1 0 0 1 0 1 0 0 0 0 0 0 0
200	40	1 0 1 1 1 0 1 0 0 0 0 0 0 0 0 0
200	42	1 1 0 1 0 0 1 0 0 0 0 0 0 0 0 0
200	40	1 0 1 1 0 0 1 0 1 0 0 0 0 0 0 0
200	10	1 1 0 1 0 0 1 0 1 0 1 0 0 0 0 0
200	15	0 0 0 1 0 0 1 0 1 0 1 0 0 0 0 0
200	12	1 1 1 0 1 1 1 0 1 0 0 0 0 0 0 0
200	8	1 1 1 0 1 0 1 1 0 0 0 0 0 0 0 0
200	2	1 0 1 0 0 0 1 0 1 0 0 0 1 0 0 0
200	2	1 1 1 0 0 0 1 0 0 0 0 0 0 0 0 0
200	56	1 0 1 1 0 0 1 0 0 0 0 0 0 0 0 0
200	56	1 1 1 0 1 1 1 0 1 0 1 0 0 0 0 0
200	36	0 1 0 1 0 0 1 0 1 0 0 1 0 0 0 0
200	10	1 0 1 0 1 1 0 0 1 0 0 0 0 0 0 0
200	21	1 1 1 1 0 0 1 0 0 0 1 0 0 0 0 0
200	17	1 0 1 1 1 0 1 0 1 0 0 0 0 0 0 0
200	18	1 1 1 0 0 0 1 0 1 0 0 1 0 0 0 0
200	13	0 1 0 1 0 0 1 0 1 0 0 0 0 0 1 0
200	16	1 0 1 0 1 0 1 0 0 0 1 0 0 0 0 0
200	13	1 0 1 1 0 0 1 0 0 0 0 0 0 0 1 0
200	29	1 1 0 1 0 0 1 0 0 0 0 0 0 0 1 0
200	20	1 0 1 0 1 1 0 0 1 0 0 0 0 0 0 1
200	33	1 0 1 0 0 0 1 0 0 0 1 0 0 0 0 0
200	23	1 1 0 1 0 0 1 1 0 0 0 0 0 0 0 0
200	22	1 0 1 0 0 0 1 1 0 0 0 0 0 0 0 0
200	30	1 1 1 0 1 1 0 0 1 0 0 0 0 0 0 0
200	3	1 0 0 0 0 0 1 0 0 0 0 0 0 0 0 0
200	3	1 0 1 0 0 0 1 1 1 0 0 0 0 0 0 0
200	1	1 0 0 1 0 1 1 0 1 0 1 0 0 0 0 0
200	4	1 1 0 1 0 0 1 0 1 0 0 0 0 0 1 0
200	7	0 0 1 1 1 0 1 0 0 0 0 0 0 0 0 0
200	8	1 1 1 0 0 0 1 0 0 1 0 1 0 0 0 0
200	3	1 0 1 1 0 1 1 0 0 0 0 0 0 0 0 0
200	2	1 0 0 1 0 0 1 0 1 0 0 0 0 0 1 0
200	10	1 1 1 0 0 0 1 1 0 0 0 0 0 0 0 0
200	15	1 0 0 1 0 1 1 0 0 0 1 0 0 0 0 0
200	7	1 0 1 0 1 0 1 0 0 1 1 0 0 0 0 0
200	1	1 0 1 1 1 0 1 0 0 0 1 0 1 0 0 0
200	11	1 1 0 1 0 0 1 0 1 0 1 1 0 0 0 0
200	8	0 0 1 1 0 0 1 0 0 1 0 0 0 0 0 0
200	8	1 1 0 1 0 0 1 0 0 0 0 0 1 0 0 0
200	9	1 1 0 1 0 0 1 0 0 0 0 0 0 1 0 0
200	4	0 1 0 1 1 0 1 0 1 0 0 0 0 0 0 0
200	10	0 1 0 0 0 0 1 0 0 0 0 0 0 0 0 0
200	3	1 1 0 1 1 0 1 0 0 0 0 0 0 0 0 0
200	5	1 1 0 1 0 0 1 0 1 0 1 0 0 0 0 1
200	3	1 0 1 1 1 1 0 0 1 0 0 0 0 0 0 0
200	1	0 1 0 1 0 0 1 0 0 0 1 0 0 0 0 0
200	9	0 1 0 1 0 0 1 0 1 0 1 0 0 0 0 0
200	5	1 0 1 1 0 0 1 0 1 0 0 0 0 0 1 0
200	1	1 1 1 0 0 0 1 0 1 0 1 0 0 0 0 0
200	18	1 1 1 0 1 1 1 1 1 0 1 0 0 0 0 0
200	5	1 0 1 1 0 0 1 0 0 0 1 0 0 0 0 0
200	14	1 0 1 1 0 0 1 0 1 0 0 0 0 1 0 0
200	1	1 0 1 0 0 0 1 0 1 0 0 1 0 0 0 0
200	17	0 0 1 1 0 0 1 0 1 0 1 0 0 0 0 0
200	2	1 0 1 0 1 0 1 0 0 0 1 1 0 0 0 0
200	2	1 0 1 0 1 1 0 0 1 0 1 0 1 0 0 0
200	2	1 1 1 0 0 0 1 0 1 0 0 0 0 0 0 0
200	11	1 1 1 1 0 0 1 0 1 0 0 0 0 0 0 0
200	3	1 1 0 1 0 0 1 0 0 0 1 0 0 0 1 0
200	15	1 1 1 0 0 0 1 0 0 0 1 0 0 0 1 0
200	3	1 1 1 0 0 1 1 0 1 0 0 0 0 0 0 0
200	3	1 0 1 0 1 0 1 0 0 0 0 0 0 0 1 0
200	7	1 0 1 1 0 0 1 0 1 0 0 1 0 0 0 0
200	16	0 1 0 1 0 0 0 0 1 0 0 0 0 0 1 0
200	2	1 1 1 1 1 0 1 0 0 1 1 0 0 0 0 0
200	2	1 0 0 1 0 0 1 1 0 0 0 0 0 0 0 0
200	4	1 1 0 1 0 0 1 0 1 0 1 1 0 0 0 1
200	12	1 1 1 1 0 0 1 0 0 0 0 0 0 0 0 0
200	8	0 1 0 1 0 0 1 0 0 0 0 0 0 0 1 0
200	6	1 0 1 1 0 0 1 0 0 0 1 0 1 0 0 0
200	8	1 1 1 0 0 0 1 0 0 0 0 0 0 0 1 0
200	5	1 1 1 0 1 1 1 0 0 0 1 0 0 0 0 0
200	2	1 0 1 0 1 0 1 0 0 0 0 1 0 0 0 0
200	1	1 1 1 0 0 0 1 0 0 1 0 0 0 0 0 0
200	2	0 1 0 1 1 0 1 0 1 0 0 0 0 0 1 0
200	1	1 1 0 1 0 0 0 0 1 0 0 0 0 0 1 0
200	2	1 0 1 1 0 1 1 0 0 0 1 0 0 0 0 0
200	3	1 0 1 1 1 0 1 0 1 0 1 0 0 0 0 0
200	1	1 0 1 0 0 0 1 1 0 0 0 1 0 0 0 0
200	3	1 0 1 1 1 0 1 0 0 0 1 0 0 0 0 0
200	2	1 0 1 0 1 0 1 1 0 0 0 0 0 0 0 0
200	1	1 0 0 1 0 1 1 0 1 0 1 0 1 0 0 0
200	1	0 1 0 1 0 1 1 0 0 0 0 0 0 0 1 0
200	1	1 0 0 1 0 0 1 0 1 0 0 1 0 0 0 0
200	1	0 1 0 1 0 0 1 0 1 0 1 1 0 0 0 0
200	1	0 0 1 1 0 0 1 0 1 0 0 0 0 0 0 0
200	1	1 1 0 1 0 0 0 0 1 0 0 0 0 0 0 0
200	2	1 0 1 0 1 1 0 0 1 0 0 0 0 0 1 0
200	2	1 0 0 0 0 0 1 0 0 0 1 0 0 0 0 0
200	1	0 0 1 1 0 0 1 0 1 0 0 0 0 1 0 0
200	2	1 1 0 1 1 0 1 1 1 0 0 0 0 0 0 0
200	1	1 0 1 1 0 0 1 0 1 0 1 0 0 0 0 0
200	1	0 1 0 1 0 0 1 0 1 0 0 0 0 0 0 0
200	2	1 1 1 0 0 0 1 1 0 0 1 0 0 0 0 0
200	1	1 0 1 1 0 0 0 0 1 0 0 0 0 0 0 0
200	2	1 1 1 0 1 1 1 0 1 0 1 0 1 0 0 0
200	1	1 1 0 0 1 1 1 0 1 0 1 0 0 0 0 0
200	2	1 1 0 1 0 1 1 0 0 0 0 0 1 0 0 0
200	1	0 0 1 1 0 0 1 0 1 0 1 0 0 0 0 1
220	7	1 0 1 0 1 0 1 0 0 0 0 0 0 0 0 0
220	9	1 1 1 0 0 0 1 0 0 0 1 0 0 0 0 0
220	7	1 1 0 1 0 0 1 0 1 0 0 0 0 0 0 0
220	53	1 0 1 1 1 0 1 0 0 0 0 0 0 0 0 0
220	57	1 1 0 1 0 0 1 0 0 0 0 0 0 0 0 0
220	14	1 0 1 1 0 0 1 0 1 0 0 0 0 0 0 0
220	3	0 0 0 1 0 0 1 0 1 0 1 0 0 0 0 0
220	5	1 1 1 0 1 1 1 0 1 0 0 0 0 0 0 0
220	15	1 1 1 0 1 0 1 1 0 0 0 0 0 0 0 0
220	27	1 0 1 1 0 0 1 0 0 0 0 0 0 0 0 0
220	50	1 1 1 0 1 1 1 0 1 0 1 0 0 0 0 0
220	5	0 1 0 1 0 0 1 0 1 0 0 1 0 0 0 0
220	34	1 0 1 0 1 1 0 0 1 0 0 0 0 0 0 0
220	10	1 1 1 1 0 0 1 0 0 0 1 0 0 0 0 0
220	8	1 0 1 0 1 0 1 0 0 0 1 0 0 0 0 0
220	17	1 0 1 1 0 0 1 0 0 0 0 0 0 0 1 0
220	5	1 1 0 1 0 0 1 0 0 0 0 0 0 0 1 0
220	16	1 0 1 0 0 0 1 0 0 0 1 0 0 0 0 0
220	14	1 1 0 1 0 0 1 1 0 0 0 0 0 0 0 0
220	36	1 1 1 0 1 1 0 0 1 0 0 0 0 0 0 0
220	15	1 0 1 0 0 0 1 1 1 0 0 0 0 0 0 0
220	5	0 0 1 1 1 0 1 0 0 0 0 0 0 0 0 0
220	2	1 1 1 0 0 0 1 0 0 1 0 1 0 0 0 0
220	37	1 0 0 1 0 1 1 0 0 0 1 0 0 0 0 0
220	8	1 1 0 1 0 0 1 0 1 0 1 1 0 0 0 0
220	51	1 1 0 1 0 0 1 0 0 0 0 0 0 1 0 0
220	14	0 1 0 0 0 0 1 0 0 0 0 0 0 0 0 0
220	17	0 1 0 1 0 0 1 0 1 0 1 0 0 0 0 0
220	9	1 0 1 1 0 0 1 0 1 0 0 0 0 0 1 0
220	30	1 1 1 0 1 1 1 1 1 0 1 0 0 0 0 0
220	13	1 0 1 1 0 0 1 0 1 0 0 0 0 1 0 0
220	9	0 0 1 1 0 0 1 0 1 0 1 0 0 0 0 0
220	10	1 1 1 1 0 0 1 0 1 0 0 0 0 0 0 0
220	17	1 1 1 0 0 0 1 0 0 0 1 0 0 0 1 0
220	11	0 1 0 1 0 0 0 0 1 0 0 0 0 0 1 0
220	4	1 1 0 1 0 0 1 0 1 0 1 1 0 0 0 1
220	35	1 1 1 1 0 0 1 0 0 0 0 0 0 0 0 0
220	16	0 1 0 1 0 0 1 0 0 0 0 0 0 0 1 0
220	10	1 0 1 1 0 0 1 0 0 0 1 0 1 0 0 0
220	5	1 1 1 0 0 0 1 0 0 0 0 0 0 0 1 0
220	12	1 0 1 1 1 0 1 0 0 0 1 0 0 0 0 0
220	4	1 1 0 1 0 0 1 0 0 0 1 0 0 0 0 0
220	7	1 1 1 0 1 1 0 0 1 0 0 0 1 0 0 0
220	2	0 1 1 0 1 1 1 0 1 0 1 0 1 0 0 0
220	12	1 0 1 0 0 1 1 0 0 0 1 0 0 0 0 0
220	28	1 1 1 1 1 1 0 0 1 0 0 0 0 0 0 0
220	1	1 0 1 1 0 0 1 1 0 0 0 0 0 0 0 0
220	9	0 0 1 1 1 0 1 0 0 0 0 0 0 0 1 0
220	4	1 1 0 1 1 0 1 0 0 1 1 0 0 0 0 0
220	2	1 1 0 0 1 1 0 0 1 0 0 0 1 0 0 0
220	1	1 1 1 0 1 1 0 1 1 0 1 0 0 0 0 0
220	1	1 1 1 0 1 0 1 0 1 0 1 0 0 0 0 0
220	2	1 0 0 0 0 0 1 0 0 0 0 0 0 0 1 0
220	6	1 1 1 0 1 1 1 1 1 0 1 0 0 0 1 0
220	37	1 1 1 0 1 0 1 0 0 0 0 0 0 0 0 0
220	1	0 1 1 1 0 0 1 0 0 0 0 0 0 0 0 0
220	6	1 0 1 1 0 0 1 0 1 1 1 0 0 0 0 0
220	5	1 1 0 1 0 0 1 0 1 0 0 0 0 1 0 0
220	2	1 0 1 1 1 0 1 0 0 1 1 0 0 0 0 0
220	6	1 1 1 0 1 0 1 0 0 0 0 0 0 0 1 0
220	10	1 1 1 1 0 0 1 0 1 0 0 1 0 0 1 0
220	2	1 1 0 1 0 0 1 0 1 0 1 0 0 0 0 0
220	2	1 1 1 0 1 1 1 0 0 0 0 0 0 0 1 0
220	13	1 1 1 0 1 1 0 0 1 0 0 0 0 1 0 0
220	9	0 1 0 1 0 0 1 0 1 0 0 1 0 0 1 0
220	3	1 0 0 1 0 0 1 0 0 0 0 0 0 0 0 0
220	6	1 1 1 0 1 1 0 0 1 0 0 0 0 0 1 0
220	4	1 1 0 0 0 0 1 0 0 0 0 0 0 0 0 0
220	3	1 0 1 0 1 0 1 0 0 0 1 0 0 1 0 0
220	2	1 1 0 1 0 0 1 1 0 0 0 0 0 1 0 0
220	1	1 0 0 1 0 1 0 0 0 0 1 0 0 0 0 0
220	6	1 1 1 0 1 1 1 0 1 0 1 1 0 0 0 1
220	2	1 0 1 1 0 0 1 1 0 0 1 0 0 0 0 0
220	1	1 0 1 1 1 0 1 0 0 0 0 0 0 0 1 0
220	10	1 1 1 0 0 0 1 0 0 0 0 0 0 0 0 0
220	1	1 0 1 1 0 0 1 0 0 0 1 1 0 0 0 0
220	4	1 0 1 1 1 0 0 0 0 0 0 0 0 0 0 0
220	5	1 1 1 0 1 1 1 1 1 1 1 0 0 0 0 0
220	1	1 1 0 1 1 1 1 0 0 1 1 0 0 0 0 0
220	2	1 1 1 0 1 0 1 0 0 0 0 0 1 0 0 0
220	2	1 1 0 0 1 1 0 1 1 0 1 0 0 0 0 0
220	4	1 1 1 0 1 1 0 1 1 0 0 0 0 0 0 0
220	4	1 1 1 0 0 0 1 0 0 1 0 1 0 1 0 0
220	5	1 1 1 0 0 1 1 0 0 1 0 1 0 0 0 0
220	4	1 0 1 1 0 0 1 0 1 0 1 0 0 0 1 0
220	2	1 1 0 0 0 0 1 0 0 1 0 0 0 0 0 0
220	2	0 1 0 1 0 0 0 0 1 0 0 1 0 0 0 0
220	2	1 0 1 1 1 0 1 0 1 0 0 0 0 0 1 0
220	3	1 1 1 1 1 1 0 0 1 0 0 0 0 1 0 0
220	7	1 1 1 1 1 0 1 0 0 1 1 0 0 0 0 0
220	1	1 0 0 1 0 1 1 0 0 0 0 0 0 1 0 0
220	2	1 0 1 0 1 1 1 0 1 0 0 0 0 0 0 0
220	1	1 0 1 0 1 1 1 0 0 0 1 0 0 0 0 0
220	1	0 0 1 1 0 0 1 0 1 0 0 0 0 0 1 0
220	1	1 0 1 1 0 0 1 1 1 1 1 0 0 0 0 0
220	3	1 1 1 1 1 1 0 1 1 0 0 0 0 0 0 0
220	2	1 1 1 0 1 0 1 0 0 0 0 0 0 1 0 0
220	2	1 0 1 0 1 1 0 0 1 0 1 0 0 0 0 0
220	3	1 1 1 0 1 0 0 0 1 0 0 0 0 0 0 0
220	1	1 0 1 0 0 0 1 0 0 0 1 0 0 0 1 0
220	1	0 1 0 1 0 0 1 0 1 0 0 0 0 0 1 0
220	2	0 0 1 1 1 1 1 0 0 0 0 0 0 0 1 0
240	1	1 1 1 0 0 0 1 0 0 0 1 0 0 0 0 0
240	1	1 1 0 1 0 0 1 0 1 0 0 0 0 0 0 0
240	58	1 0 1 1 1 0 1 0 0 0 0 0 0 0 0 0
240	39	1 1 0 1 0 0 1 0 0 0 0 0 0 0 0 0
240	5	0 0 0 1 0 0 1 0 1 0 1 0 0 0 0 0
240	9	1 1 1 0 1 0 1 1 0 0 0 0 0 0 0 0
240	67	1 0 1 1 0 0 1 0 0 0 0 0 0 0 0 0
240	25	1 1 1 0 1 1 1 0 1 0 1 0 0 0 0 0
240	14	0 1 0 1 0 0 1 0 1 0 0 1 0 0 0 0
240	27	1 0 1 0 1 1 0 0 1 0 0 0 0 0 0 0
240	33	1 1 1 1 0 0 1 0 0 0 1 0 0 0 0 0
240	9	1 0 1 0 1 0 1 0 0 0 1 0 0 0 0 0
240	7	1 0 1 1 0 0 1 0 0 0 0 0 0 0 1 0
240	1	1 0 1 0 0 0 1 0 0 0 1 0 0 0 0 0
240	9	1 1 0 1 0 0 1 1 0 0 0 0 0 0 0 0
240	36	1 1 1 0 1 1 0 0 1 0 0 0 0 0 0 0
240	18	1 0 1 0 0 0 1 1 1 0 0 0 0 0 0 0
240	29	0 0 1 1 1 0 1 0 0 0 0 0 0 0 0 0
240	31	1 1 0 1 0 0 1 0 0 0 0 0 0 1 0 0
240	7	0 1 0 0 0 0 1 0 0 0 0 0 0 0 0 0
240	10	0 1 0 1 0 0 1 0 1 0 1 0 0 0 0 0
240	17	1 1 1 0 1 1 1 1 1 0 1 0 0 0 0 0
240	19	1 0 1 1 0 0 1 0 1 0 0 0 0 1 0 0
240	9	0 0 1 1 0 0 1 0 1 0 1 0 0 0 0 0
240	12	1 1 1 0 0 0 1 0 0 0 1 0 0 0 1 0
240	17	1 1 1 1 0 0 1 0 0 0 0 0 0 0 0 0
240	20	1 0 1 1 0 0 1 0 0 0 1 0 1 0 0 0
240	4	1 0 1 1 1 0 1 0 0 0 1 0 0 0 0 0
240	13	0 1 1 0 1 1 1 0 1 0 1 0 1 0 0 0
240	37	1 1 1 1 1 1 0 0 1 0 0 0 0 0 0 0
240	4	0 0 1 1 1 0 1 0 0 0 0 0 0 0 1 0
240	1	1 1 0 1 1 0 1 0 0 1 1 0 0 0 0 0
240	19	1 1 1 0 1 0 1 0 1 0 1 0 0 0 0 0
240	9	1 1 1 0 1 0 1 0 0 0 0 0 0 0 0 0
240	12	1 1 0 1 0 0 1 0 1 0 1 0 0 0 0 0
240	6	1 1 1 0 1 1 0 0 1 0 0 0 0 1 0 0
240	3	1 0 1 1 1 0 1 0 0 0 0 0 0 0 1 0
240	4	1 1 1 0 0 0 1 0 0 0 0 0 0 0 0 0
240	2	1 0 1 1 1 0 0 0 0 0 0 0 0 0 0 0
240	9	1 1 1 1 1 1 0 0 1 0 0 0 0 1 0 0
240	30	1 1 1 1 1 0 1 0 0 1 1 0 0 0 0 0
240	4	1 1 1 0 1 0 0 0 1 0 0 0 0 0 0 0
240	2	0 1 0 0 0 0 1 0 0 0 0 0 0 0 1 0
240	27	1 1 1 0 1 0 1 1 1 0 0 0 0 0 0 0
240	9	1 0 1 1 0 0 1 0 0 0 1 0 0 0 0 0
240	3	1 1 1 0 1 1 0 0 1 0 0 1 0 0 0 0
240	10	1 1 0 1 0 1 1 0 0 0 0 0 0 1 0 0
240	3	0 1 0 1 0 0 1 0 1 0 0 0 0 0 1 0
240	8	1 0 1 1 1 0 1 1 0 0 1 0 0 0 0 0
240	18	1 1 1 0 1 1 1 0 1 0 0 0 0 0 1 0
240	1	1 0 1 0 1 1 0 1 1 0 0 0 0 0 0 0
240	6	1 1 1 0 1 1 1 0 0 0 0 0 1 0 1 0
240	7	1 0 1 1 1 0 1 0 0 1 0 0 0 0 0 0
240	2	0 1 0 1 0 0 1 0 1 0 0 1 1 0 0 0
240	3	1 0 0 1 0 0 1 0 0 0 0 0 0 0 0 0
240	4	1 1 1 0 0 1 1 0 1 0 1 0 0 0 0 0
240	7	0 1 0 1 0 0 1 0 1 0 0 0 0 0 0 0
240	3	1 1 0 0 1 0 1 1 0 0 0 0 0 0 0 0
240	4	0 1 0 1 0 1 1 0 1 0 0 1 0 0 0 0
240	5	1 0 1 0 0 0 0 1 1 0 0 0 0 0 0 0
240	14	1 0 1 0 1 1 0 0 1 0 0 0 0 1 0 0
240	38	1 0 1 1 0 0 1 0 0 1 1 0 0 0 0 0
240	21	0 1 1 0 0 0 1 0 0 0 0 0 0 0 0 0
240	4	1 1 0 1 1 0 1 1 1 0 1 0 0 0 0 0
240	7	1 1 1 0 1 1 1 0 1 0 1 1 0 0 0 0
240	2	1 1 1 1 1 0 0 0 1 0 0 0 0 0 0 0
240	4	1 1 1 0 0 0 1 0 0 0 1 1 0 0 0 1
240	6	1 0 1 0 1 1 0 0 0 0 0 0 0 1 0 0
240	3	1 0 1 1 1 0 1 0 0 0 0 0 0 0 0 1
240	7	1 1 1 0 1 0 1 1 1 0 1 0 0 0 0 0
240	1	0 1 1 1 0 0 1 0 1 0 1 0 0 0 0 0
240	4	1 0 1 0 1 1 1 0 1 0 1 0 0 0 0 0
240	2	1 1 1 0 1 0 1 0 0 0 0 0 1 0 0 0
240	1	0 0 1 1 1 0 0 0 0 0 0 0 0 0 0 0
240	2	1 1 1 0 0 0 1 0 0 0 0 0 0 0 1 0
240	2	1 0 1 1 0 0 1 0 0 1 0 0 0 0 0 0
240	3	1 1 1 0 1 1 1 0 1 0 1 0 0 0 1 0
240	3	1 1 1 1 1 0 0 0 0 0 0 0 0 0 0 0
240	2	1 0 1 1 0 0 1 0 0 0 0 0 1 0 0 0
240	1	1 0 1 0 1 0 0 0 0 0 1 0 0 0 0 0
240	4	1 0 1 1 1 1 0 0 1 0 0 0 0 0 0 0
240	4	0 1 1 0 1 1 1 0 1 0 0 0 1 0 1 0
240	3	1 1 1 0 1 1 0 0 1 0 1 0 0 0 0 0
240	3	1 0 0 1 1 0 1 0 0 0 1 0 0 0 0 0
240	4	1 0 1 1 1 1 0 1 1 0 0 0 0 0 0 0
240	5	1 1 1 1 1 0 1 1 1 0 0 0 0 0 0 0
240	2	1 0 1 1 1 0 1 0 0 1 0 0 0 0 1 0
240	3	1 1 1 0 1 1 1 0 1 0 1 0 1 0 0 0
240	2	0 1 0 1 0 0 1 0 1 0 0 1 0 0 0 1
240	3	1 1 1 1 0 0 1 1 0 0 1 0 0 0 0 0
240	1	1 1 1 1 0 1 1 0 0 0 1 0 0 0 0 0
240	5	1 1 0 0 0 0 1 0 1 0 0 0 0 0 1 0
240	1	1 0 1 1 0 0 1 0 0 0 1 1 1 0 0 0
240	2	1 1 1 0 1 0 1 0 1 0 0 0 0 0 0 0
240	1	1 1 0 1 1 0 1 0 1 0 1 0 0 0 0 0
240	4	1 1 1 1 0 0 1 0 0 1 1 1 0 0 0 0
240	1	1 1 0 1 0 0 1 0 0 0 0 0 1 0 0 0
240	1	0 0 1 1 0 0 1 0 1 0 0 0 0 1 0 0
240	4	1 1 0 1 0 0 1 0 0 0 1 0 0 0 0 0
240	1	1 1 1 1 1 0 1 0 0 0 0 0 0 0 0 0
240	2	1 0 1 0 0 0 1 0 0 0 0 0 0 0 0 0
240	2	0 0 0 1 0 0 1 0 1 0 1 0 0 0 1 0
240	2	0 0 1 1 1 0 1 0 0 0 1 0 0 0 0 0
240	2	1 1 1 0 1 0 1 0 1 0 1 0 1 0 0 0
240	2	1 0 1 1 0 0 1 0 0 0 0 1 1 0 0 0
260	28	1 0 1 1 1 0 1 0 0 0 0 0 0 0 0 0
260	7	1 1 0 1 0 0 1 0 0 0 0 0 0 0 0 0
260	10	1 1 1 0 1 0 1 1 0 0 0 0 0 0 0 0
260	32	1 0 1 1 0 0 1 0 0 0 0 0 0 0 0 0
260	12	1 1 1 0 1 1 1 0 1 0 1 0 0 0 0 0
260	7	1 0 1 0 1 1 0 0 1 0 0 0 0 0 0 0
260	54	1 1 1 1 0 0 1 0 0 0 1 0 0 0 0 0
260	9	1 0 1 1 0 0 1 0 0 0 0 0 0 0 1 0
260	10	1 0 1 0 0 0 1 0 0 0 1 0 0 0 0 0
260	9	1 1 0 1 0 0 1 1 0 0 0 0 0 0 0 0
260	13	1 1 1 0 1 1 0 0 1 0 0 0 0 0 0 0
260	12	1 0 1 0 0 0 1 1 1 0 0 0 0 0 0 0
260	37	0 0 1 1 1 0 1 0 0 0 0 0 0 0 0 0
260	13	0 1 0 1 0 0 1 0 1 0 1 0 0 0 0 0
260	30	1 1 1 0 1 1 1 1 1 0 1 0 0 0 0 0
260	23	1 0 1 1 0 0 1 0 1 0 0 0 0 1 0 0
260	28	1 1 1 1 0 0 1 0 0 0 0 0 0 0 0 0
260	1	1 0 1 1 0 0 1 0 0 0 1 0 1 0 0 0
260	13	0 1 1 0 1 1 1 0 1 0 1 0 1 0 0 0
260	54	1 1 1 1 1 1 0 0 1 0 0 0 0 0 0 0
260	35	1 1 1 0 1 0 1 0 1 0 1 0 0 0 0 0
260	22	1 1 0 1 0 0 1 0 1 0 1 0 0 0 0 0
260	1	1 1 1 0 1 1 0 0 1 0 0 0 0 1 0 0
260	47	1 1 1 0 0 0 1 0 0 0 0 0 0 0 0 0
260	3	1 1 1 1 1 1 0 0 1 0 0 0 0 1 0 0
260	86	1 1 1 1 1 0 1 0 0 1 1 0 0 0 0 0
260	5	0 1 0 0 0 0 1 0 0 0 0 0 0 0 1 0
260	25	1 1 1 0 1 0 1 1 1 0 0 0 0 0 0 0
260	40	1 1 1 0 1 1 0 0 1 0 0 1 0 0 0 0
260	13	1 1 1 0 1 1 1 0 1 0 0 0 0 0 1 0
260	6	1 1 1 0 1 1 1 0 0 0 0 0 1 0 1 0
260	1	0 1 0 1 0 1 1 0 1 0 0 1 0 0 0 0
260	7	1 0 1 1 0 0 1 0 0 1 1 0 0 0 0 0
260	1	0 1 1 0 0 0 1 0 0 0 0 0 0 0 0 0
260	12	1 1 1 0 1 0 1 1 1 0 1 0 0 0 0 0
260	14	1 1 1 0 1 1 0 0 1 0 1 0 0 0 0 0
260	15	1 1 1 1 1 0 1 1 1 0 0 0 0 0 0 0
260	2	1 1 1 1 0 0 1 1 0 0 1 0 0 0 0 0
260	9	1 1 0 1 0 0 1 0 0 0 1 0 0 0 0 0
260	7	1 0 1 0 0 1 0 0 1 0 0 0 0 0 0 0
260	5	1 1 1 1 0 0 0 1 0 0 1 0 0 0 0 0
260	21	1 0 1 1 0 0 1 0 1 0 0 0 0 0 0 0
260	5	1 1 1 0 1 1 1 1 1 0 1 1 0 0 0 0
260	16	1 1 1 0 0 0 1 0 0 0 0 0 0 0 1 0
260	5	1 1 0 1 1 0 0 0 1 0 0 0 0 0 0 0
260	3	1 1 1 1 0 0 1 0 0 1 1 0 0 0 0 0
260	8	0 1 1 0 0 0 1 0 0 0 0 0 1 0 0 0
260	7	1 0 1 1 1 0 1 0 1 0 0 0 0 0 0 0
260	1	1 1 1 0 0 0 1 0 0 0 0 0 0 0 0 1
260	6	1 1 1 0 0 1 1 0 0 0 0 0 0 0 0 0
260	16	1 1 1 0 1 0 0 1 1 0 0 0 0 0 0 0
260	26	1 1 1 1 1 0 1 1 1 0 0 0 1 0 0 0
260	12	1 1 1 1 1 1 0 0 0 0 0 0 0 0 0 0
260	1	1 1 0 1 1 0 1 0 0 1 1 0 0 0 0 0
260	3	1 0 1 0 0 0 1 0 0 0 0 0 0 0 1 0
260	5	1 0 1 1 1 0 1 0 0 1 1 0 0 0 0 0
260	2	1 1 1 0 1 1 1 0 0 0 0 0 0 0 0 0
260	2	1 1 1 1 0 0 1 0 0 0 0 0 1 0 0 0
260	2	1 1 1 0 1 1 1 1 1 0 0 0 1 0 0 0
260	1	1 0 1 0 0 0 1 1 1 1 0 0 0 0 0 0
260	1	1 0 1 0 1 0 1 0 1 0 1 0 0 0 0 0
260	2	1 1 1 1 1 1 0 0 1 0 0 0 0 1 0 1
260	1	1 1 1 1 1 0 1 1 0 1 1 0 0 0 0 0
260	3	1 0 1 1 1 0 1 0 0 1 0 0 0 0 1 0
260	3	1 0 1 1 1 0 1 1 1 0 0 0 1 0 0 0
260	4	0 1 1 0 1 1 0 0 1 0 0 0 0 0 0 0
260	3	1 0 1 1 0 0 1 0 1 0 1 0 0 0 0 0
260	2	0 0 1 1 1 0 1 0 0 0 1 0 0 0 0 0
260	3	1 1 1 0 1 0 1 0 1 1 1 0 0 0 0 0
260	1	1 0 1 1 0 0 0 1 0 0 1 0 0 0 0 0
260	1	1 1 1 0 0 1 1 0 1 0 0 0 0 0 1 0
260	5	0 0 1 1 0 0 1 0 0 0 0 0 0 0 0 0
260	2	1 1 0 1 1 0 1 0 0 0 0 0 0 1 0 0
260	3	1 1 1 1 1 0 1 0 0 1 0 0 0 0 0 0
260	4	1 0 1 0 1 1 0 0 1 0 0 1 0 0 0 0
260	1	1 1 1 0 1 1 1 0 0 0 1 0 1 0 0 0
260	2	0 0 1 0 0 0 1 1 1 1 0 0 0 0 0 0
260	5	1 0 1 0 1 1 0 0 1 0 1 0 0 0 0 0
260	1	0 1 0 1 1 0 1 0 1 0 0 1 0 0 0 0
260	2	1 1 1 1 1 1 0 0 1 0 0 0 1 0 0 0
260	2	1 1 1 0 0 0 1 0 0 0 1 0 0 0 0 0
260	4	1 1 1 1 1 0 1 0 0 1 1 0 0 0 1 0
260	3	1 1 0 1 0 0 1 0 1 0 1 0 0 1 0 0
260	11	1 1 0 0 1 1 0 0 1 0 0 1 0 0 0 0
260	4	1 1 1 0 1 0 1 1 1 0 0 0 1 0 0 0
260	1	1 1 1 0 1 0 1 1 0 0 1 0 0 0 0 0
260	1	1 1 1 1 0 0 1 0 1 0 0 0 0 1 0 1
260	1	1 1 1 0 1 0 1 0 1 0 0 0 0 0 0 0
260	1	1 0 1 0 0 0 1 0 0 0 0 0 0 0 0 0
260	1	0 0 1 0 1 1 0 0 1 0 0 0 0 0 0 0
260	2	1 1 1 1 0 0 1 0 1 0 0 0 0 1 0 0
260	1	0 1 0 1 1 1 1 0 1 0 0 1 0 0 0 0
260	2	1 1 1 1 1 0 0 1 1 0 0 0 0 0 0 0
260	1	1 1 1 1 1 0 1 1 1 0 0 0 0 0 0 1
260	1	1 1 1 1 1 0 1 1 0 0 0 0 0 0 0 0
260	1	1 1 1 0 1 1 1 0 0 0 1 0 0 0 0 0
260	1	1 1 1 1 1 1 0 0 1 0 0 1 0 0 0 0
260	1	1 1 0 1 0 0 1 1 1 0 0 0 0 0 0 0
260	1	1 1 1 1 1 0 1 0 1 0 0 1 0 0 0 0
260	5	1 0 1 1 1 0 1 1 1 0 0 0 0 0 0 1
260	1	1 1 1 1 1 1 0 0 1 0 0 0 1 0 1 0
260	2	0 0 1 1 1 0 1 0 0 0 0 0 0 1 0 0
260	1	1 1 1 1 0 0 1 0 0 0 0 0 0 0 0 1
260	1	1 1 1 1 1 0 1 0 0 1 1 1 0 0 0 0
260	1	0 1 0 0 1 0 1 0 0 0 0 0 0 0 1 0
280	12	1 0 1 1 1 0 1 0 0 0 0 0 0 0 0 0
280	23	1 1 0 1 0 0 1 0 0 0 0 0 0 0 0 0
280	6	1 1 1 0 1 0 1 1 0 0 0 0 0 0 0 0
280	7	1 0 1 1 0 0 1 0 0 0 0 0 0 0 0 0
280	10	1 1 1 0 1 1 1 0 1 0 1 0 0 0 0 0
280	5	1 0 1 0 1 1 0 0 1 0 0 0 0 0 0 0
280	40	1 1 1 1 0 0 1 0 0 0 1 0 0 0 0 0
280	1	1 0 1 0 0 0 1 0 0 0 1 0 0 0 0 0
280	13	1 1 0 1 0 0 1 1 0 0 0 0 0 0 0 0
280	7	1 1 1 0 1 1 0 0 1 0 0 0 0 0 0 0
280	28	1 0 1 0 0 0 1 1 1 0 0 0 0 0 0 0
280	3	0 0 1 1 1 0 1 0 0 0 0 0 0 0 0 0
280	12	1 1 1 0 1 1 1 1 1 0 1 0 0 0 0 0
280	6	1 0 1 1 0 0 1 0 1 0 0 0 0 1 0 0
280	9	1 1 1 1 0 0 1 0 0 0 0 0 0 0 0 0
280	7	0 1 1 0 1 1 1 0 1 0 1 0 1 0 0 0
280	58	1 1 1 1 1 1 0 0 1 0 0 0 0 0 0 0
280	9	1 1 1 0 1 0 1 0 1 0 1 0 0 0 0 0
280	12	1 1 0 1 0 0 1 0 1 0 1 0 0 0 0 0
280	62	1 1 1 0 0 0 1 0 0 0 0 0 0 0 0 0
280	53	1 1 1 1 1 0 1 0 0 1 1 0 0 0 0 0
280	22	1 1 1 0 1 0 1 1 1 0 0 0 0 0 0 0
280	14	1 1 1 0 1 1 0 0 1 0 0 1 0 0 0 0
280	25	1 1 1 0 1 0 1 1 1 0 1 0 0 0 0 0
280	7	1 1 1 0 1 1 0 0 1 0 1 0 0 0 0 0
280	2	1 1 1 1 1 0 1 1 1 0 0 0 0 0 0 0
280	31	1 0 1 1 0 0 1 0 1 0 0 0 0 0 0 0
280	4	1 1 1 0 1 0 0 1 1 0 0 0 0 0 0 0
280	24	1 1 1 1 1 1 0 0 0 0 0 0 0 0 0 0
280	1	1 1 1 1 0 0 1 0 0 0 0 0 1 0 0 0
280	17	1 0 1 1 1 0 1 1 1 0 0 0 1 0 0 0
280	1	1 0 1 1 0 0 0 1 0 0 1 0 0 0 0 0
280	12	1 1 1 0 0 1 1 0 1 0 0 0 0 0 1 0
280	4	0 0 1 1 0 0 1 0 0 0 0 0 0 0 0 0
280	37	1 1 1 0 0 0 1 0 0 0 1 0 0 0 0 0
280	7	0 0 1 1 1 0 1 0 0 0 0 0 0 1 0 0
280	2	1 1 1 1 1 1 0 0 1 0 0 0 0 0 1 0
280	9	1 0 1 1 1 0 1 0 0 0 0 0 0 0 1 0
280	25	1 1 1 0 1 0 1 0 0 1 1 0 0 0 0 0
280	14	1 0 1 1 1 0 1 1 1 0 0 0 0 0 0 0
280	18	1 1 1 0 0 0 1 0 0 0 0 1 0 0 0 0
280	3	1 1 1 1 1 0 0 0 0 1 1 0 0 0 0 0
280	44	1 0 1 0 0 1 0 0 1 0 1 0 0 0 0 0
280	9	1 1 1 1 1 1 1 0 0 0 1 0 0 0 0 0
280	9	1 1 1 0 1 1 1 0 0 0 1 0 0 0 0 0
280	4	1 1 1 0 0 1 1 0 1 0 1 0 0 0 0 0
280	6	1 1 1 0 1 0 1 1 0 0 0 0 0 1 0 0
280	7	1 1 0 0 1 1 1 1 1 0 1 0 0 0 0 0
280	5	1 1 0 1 0 0 1 0 1 0 1 0 0 0 0 1
280	2	1 1 0 1 1 1 0 0 1 0 0 1 0 0 0 0
280	8	1 1 1 0 1 0 1 0 1 0 0 0 0 0 0 0
280	9	1 1 1 0 0 0 1 0 0 0 0 0 0 1 0 0
280	9	1 1 0 1 0 0 1 1 1 0 1 0 0 0 0 0
280	4	1 1 1 0 1 0 0 1 0 0 0 0 0 0 0 0
280	2	1 0 1 1 1 0 1 0 0 0 0 1 0 0 0 0
280	26	1 0 1 1 1 0 1 0 1 0 0 0 0 0 0 0
280	8	1 1 1 0 1 1 0 0 1 0 0 1 1 0 0 0
280	4	0 0 1 1 0 0 1 1 0 0 0 0 0 0 0 0
280	1	1 0 1 1 1 1 1 0 0 0 0 0 0 0 0 0
280	4	1 1 1 0 1 1 0 0 1 0 0 0 0 0 1 0
280	6	1 1 1 1 1 1 1 1 1 0 1 0 0 0 0 0
280	1	1 0 1 0 1 0 1 0 1 0 1 0 0 0 0 0
280	3	1 1 1 0 1 0 0 1 0 0 0 0 0 0 1 0
280	2	1 0 1 1 0 0 0 0 1 0 0 1 0 0 0 0
280	21	0 1 1 1 1 0 0 0 0 1 1 0 0 0 0 0
280	4	1 1 1 0 0 1 1 0 0 1 0 0 0 0 0 0
280	9	1 0 1 0 1 0 1 1 1 0 0 0 0 0 0 1
280	5	1 1 1 1 0 0 1 0 0 0 1 1 0 1 0 0
280	1	1 0 1 1 0 0 1 0 0 0 1 0 0 0 0 0
280	1	1 1 1 1 1 1 0 0 1 0 0 0 0 0 0 1
280	6	1 1 0 1 1 0 1 0 0 1 1 0 0 0 0 0
280	3	1 1 0 1 1 1 1 0 1 0 0 1 0 0 0 0
280	1	1 1 1 1 1 0 1 0 0 0 0 0 0 0 1 0
280	9	1 1 1 1 1 0 1 0 0 1 1 0 1 0 0 0
280	2	1 1 1 1 1 0 1 0 0 1 1 0 0 0 1 0
280	4	1 0 0 1 0 0 1 0 1 0 0 0 0 0 0 0
280	6	1 1 1 1 1 1 0 0 0 0 1 0 0 0 0 0
280	5	1 1 1 0 1 1 0 1 1 0 0 1 1 0 0 0
280	6	1 0 1 1 1 0 1 0 1 0 0 1 0 0 0 0
280	10	1 1 0 1 0 0 1 1 0 1 0 0 0 0 0 0
280	5	1 1 1 1 1 0 0 0 1 0 0 0 0 0 0 0
280	1	1 1 1 0 1 1 1 0 1 0 1 0 0 0 1 0
280	4	1 1 1 1 1 1 0 1 0 0 0 0 0 0 0 0
280	6	1 1 1 1 0 0 0 0 0 0 1 1 0 1 0 0
280	3	1 1 0 1 1 0 0 0 0 1 1 0 0 0 0 0
280	1	1 0 1 0 1 0 1 0 0 0 0 0 0 0 0 0
280	1	1 1 1 1 0 0 1 0 0 0 1 0 0 1 0 0
280	4	0 0 1 1 1 0 1 0 0 0 0 0 1 0 0 0
280	1	1 1 1 0 0 0 1 0 0 1 1 0 0 0 0 0
280	4	0 1 1 0 1 1 1 0 0 0 1 0 1 0 0 0
280	3	0 1 1 0 0 1 1 0 1 0 1 0 1 0 0 0
280	1	0 0 1 1 1 0 1 0 0 0 0 1 0 1 0 0
280	1	1 1 1 0 1 0 1 0 0 1 1 0 0 0 1 0
280	2	1 0 1 0 0 1 0 0 1 0 1 0 0 0 0 1
280	1	1 1 0 1 1 1 0 0 1 0 0 1 0 0 1 0
280	2	1 1 1 1 1 1 0 0 0 1 0 0 0 0 0 0
280	2	1 1 1 0 0 0 1 0 1 0 1 0 0 0 0 0
280	2	1 1 1 1 1 1 0 1 0 0 0 0 0 1 0 0
280	1	1 1 1 1 1 0 1 0 0 1 0 0 0 0 0 0
280	4	1 0 1 0 1 0 1 1 1 0 1 0 0 0 0 0
280	2	1 1 1 0 1 0 1 0 0 1 0 1 0 0 0 0
280	2	1 0 1 1 1 0 0 0 0 1 1 0 0 0 0 0
280	1	0 1 0 1 0 0 1 0 0 0 0 0 0 0 0 0
280	2	1 0 1 0 0 0 0 0 0 0 1 0 0 0 0 0
280	3	1 0 1 0 0 0 1 1 1 0 1 0 0 0 0 0
280	2	1 1 0 1 1 1 0 0 1 0 0 0 0 0 0 0
280	1	1 1 1 1 1 0 1 1 1 0 1 0 0 0 0 0
280	1	1 1 1 0 0 0 1 0 0 0 1 0 0 0 1 0
280	2	1 0 1 1 1 1 1 1 1 0 0 0 0 0 0 0
280	1	1 1 0 0 1 1 1 0 0 0 1 0 0 0 0 0
280	2	1 0 1 1 1 1 1 0 1 0 0 0 0 0 0 0
280	1	1 1 1 0 1 1 0 0 1 0 1 0 0 0 1 0
280	3	1 1 1 0 1 1 0 0 1 0 0 0 0 0 1 1
300	21	1 0 1 1 1 0 1 0 0 0 0 0 0 0 0 0
300	8	1 1 0 1 0 0 1 0 0 0 0 0 0 0 0 0
300	9	1 1 1 0 1 0 1 1 0 0 0 0 0 0 0 0
300	86	1 1 1 1 0 0 1 0 0 0 1 0 0 0 0 0
300	2	1 1 1 0 1 1 0 0 1 0 0 0 0 0 0 0
300	18	1 0 1 0 0 0 1 1 1 0 0 0 0 0 0 0
300	5	0 0 1 1 1 0 1 0 0 0 0 0 0 0 0 0
300	2	1 1 1 0 1 1 1 1 1 0 1 0 0 0 0 0
300	2	1 1 1 1 0 0 1 0 0 0 0 0 0 0 0 0
300	6	1 1 1 1 1 1 0 0 1 0 0 0 0 0 0 0
300	1	1 1 1 0 1 0 1 0 1 0 1 0 0 0 0 0
300	21	1 1 0 1 0 0 1 0 1 0 1 0 0 0 0 0
300	87	1 1 1 0 0 0 1 0 0 0 0 0 0 0 0 0
300	54	1 1 1 1 1 0 1 0 0 1 1 0 0 0 0 0
300	3	1 1 1 0 1 0 1 1 1 0 0 0 0 0 0 0
300	4	1 1 1 0 1 1 0 0 1 0 0 1 0 0 0 0
300	1	1 1 1 0 1 0 1 1 1 0 1 0 0 0 0 0
300	1	1 1 1 0 1 1 0 0 1 0 1 0 0 0 0 0
300	1	1 1 1 1 1 0 1 1 1 0 0 0 0 0 0 0
300	25	1 0 1 1 0 0 1 0 1 0 0 0 0 0 0 0
300	42	1 1 1 1 1 1 0 0 0 0 0 0 0 0 0 0
300	9	1 0 1 1 1 0 1 0 0 0 0 0 0 0 1 0
300	6	1 1 1 0 1 0 1 0 0 1 1 0 0 0 0 0
300	24	1 1 1 0 0 0 1 0 0 0 0 1 0 0 0 0
300	1	1 1 1 1 1 0 0 0 0 1 1 0 0 0 0 0
300	35	1 0 1 0 0 1 0 0 1 0 1 0 0 0 0 0
300	11	1 1 1 1 1 1 1 0 0 0 1 0 0 0 0 0
300	29	1 1 1 0 1 1 1 0 0 0 1 0 0 0 0 0
300	11	1 1 0 0 1 1 1 1 1 0 1 0 0 0 0 0
300	3	1 1 0 1 0 0 1 0 1 0 1 0 0 0 0 1
300	4	1 1 1 0 1 0 1 0 1 0 0 0 0 0 0 0
300	15	1 1 0 1 0 0 1 1 1 0 1 0 0 0 0 0
300	28	1 0 1 1 1 0 1 0 1 0 0 0 0 0 0 0
300	5	1 1 1 1 1 1 1 1 1 0 1 0 0 0 0 0
300	4	0 1 1 1 1 0 0 0 0 1 1 0 0 0 0 0
300	9	1 1 1 1 1 0 1 0 0 0 0 0 0 0 1 0
300	7	1 1 1 1 1 0 1 0 0 1 1 0 1 0 0 0
300	2	1 1 1 1 1 0 0 0 1 0 0 0 0 0 0 0
300	9	1 1 1 1 1 1 0 1 0 0 0 0 0 0 0 0
300	1	0 0 1 1 1 0 1 0 0 0 0 0 1 0 0 0
300	49	1 1 1 1 1 0 1 0 0 1 0 0 0 0 0 0
300	5	1 1 1 0 1 0 1 0 0 1 0 1 0 0 0 0
300	7	1 0 1 1 1 1 1 1 1 0 0 0 0 0 0 0
300	9	1 1 1 1 1 1 1 0 0 1 1 0 0 0 0 0
300	32	1 0 1 1 1 0 1 0 0 1 1 0 0 0 0 0
300	13	1 0 1 1 1 0 1 1 1 0 1 0 0 0 0 0
300	4	0 1 1 1 1 0 1 1 1 0 1 0 0 0 0 0
300	2	1 0 1 1 1 0 1 1 1 1 0 0 1 0 0 0
300	6	1 1 1 1 0 1 1 0 1 0 0 0 0 0 1 0
300	2	1 1 1 1 0 0 0 0 0 1 1 1 0 1 0 0
300	5	1 1 1 1 0 0 1 0 0 1 1 0 1 0 0 0
300	3	1 1 1 0 1 0 1 1 1 0 0 0 1 0 0 0
300	2	1 1 1 0 1 0 1 0 0 0 0 0 0 0 1 0
300	1	1 1 0 1 0 1 0 0 1 0 0 0 0 0 0 0
300	6	1 1 1 1 0 0 1 0 0 0 0 1 1 0 0 0
300	20	1 0 1 0 0 0 1 1 1 0 1 0 0 0 0 0
300	3	1 1 1 0 1 1 1 0 1 0 0 1 1 0 0 0
300	25	1 1 0 1 0 0 1 0 1 0 1 1 0 0 0 0
300	14	1 1 1 1 0 0 0 0 0 0 0 1 0 1 0 0
300	7	1 1 1 0 1 1 1 0 0 1 0 1 0 0 0 0
300	4	1 1 0 1 0 0 1 1 1 0 0 0 0 0 0 0
300	6	1 1 1 1 1 0 1 0 0 1 1 1 0 0 0 0
300	1	1 1 1 0 1 0 1 0 0 1 0 0 1 0 0 0
300	3	1 1 1 0 0 0 1 1 1 0 0 0 1 0 0 0
300	3	0 1 1 0 1 0 1 1 0 0 0 0 0 0 0 0
300	4	1 1 1 1 1 0 0 0 1 0 0 1 0 0 0 0
300	8	1 1 1 1 1 0 1 0 0 0 1 0 0 0 0 0
300	19	1 1 1 1 1 1 0 0 1 0 0 1 1 0 0 0
300	2	1 0 1 1 0 0 1 0 0 0 0 0 0 0 0 0
300	7	1 0 1 1 0 0 1 1 1 0 0 0 0 0 0 0
300	3	1 1 0 1 0 0 1 1 1 0 1 1 0 0 0 0
300	7	1 1 1 1 0 1 0 1 0 0 0 0 0 0 0 0
300	1	1 1 0 1 1 0 0 0 0 1 1 0 0 0 0 0
300	3	1 1 1 1 0 0 0 0 0 0 1 0 0 0 0 0
300	2	1 0 1 1 0 0 1 0 1 0 0 0 0 1 0 0
300	3	1 1 1 0 0 0 1 0 0 1 1 0 0 0 0 0
300	11	1 0 1 0 0 0 1 0 0 0 0 0 0 0 0 0
300	5	1 1 1 1 1 0 1 0 0 0 0 0 0 0 0 0
300	3	1 1 0 1 0 0 1 0 0 0 0 0 0 0 0 1
300	2	1 1 0 0 0 0 1 0 0 0 0 0 0 0 0 0
300	3	1 0 1 1 0 0 1 0 1 0 1 0 0 0 0 0
300	3	1 1 0 0 1 1 1 0 0 0 0 0 0 0 0 0
300	5	0 0 1 1 1 0 1 0 0 0 0 1 0 0 0 0
300	3	1 0 0 0 1 1 1 1 1 0 1 0 0 0 0 0
300	2	1 1 1 1 0 0 1 0 0 0 1 1 0 1 0 0
300	1	0 1 1 1 1 0 1 0 0 1 0 0 0 0 0 0
300	1	1 1 1 0 1 1 1 1 0 1 0 1 0 0 0 0
300	7	1 1 1 1 0 0 1 1 1 0 0 0 0 0 0 0
300	6	1 1 1 0 0 0 1 1 1 0 0 0 0 0 0 0
300	2	1 1 0 1 0 0 1 1 1 0 0 0 0 0 1 0
300	2	1 1 1 0 0 0 1 1 0 0 0 0 0 0 0 0
300	2	1 1 1 1 1 1 1 1 1 0 0 0 0 0 0 0
300	6	1 1 1 1 0 1 0 0 0 0 1 0 0 0 1 0
300	1	1 1 1 1 0 0 1 0 1 0 0 0 0 0 0 0
300	2	1 1 1 1 0 1 1 0 1 0 0 1 1 0 0 0
300	1	1 1 1 1 0 0 1 1 1 0 1 0 0 0 0 0
300	1	1 1 1 1 0 0 1 0 1 0 1 0 0 0 0 0
300	2	1 0 1 1 0 0 1 0 0 1 1 0 0 0 0 0
300	2	1 1 1 0 0 0 1 0 0 1 0 0 0 0 0 0
300	1	1 1 1 1 1 0 1 0 0 1 1 0 0 1 0 0
300	3	1 0 1 1 1 0 1 1 1 0 0 0 0 0 0 0
300	2	1 0 1 1 1 0 1 0 0 1 1 0 0 1 0 0
300	1	1 0 1 1 1 0 1 0 0 0 1 0 0 0 0 0
300	3	1 1 0 1 0 0 1 0 1 0 0 0 0 0 0 0
300	2	1 1 1 0 0 0 0 0 0 0 0 0 0 0 0 0
300	1	1 1 1 1 1 0 1 1 0 1 1 0 0 0 0 0
300	2	1 1 1 0 0 1 0 0 1 0 1 0 0 0 0 0
300	1	1 1 1 0 0 1 1 0 0 0 1 0 0 0 0 0
300	2	1 1 1 1 1 0 1 1 0 1 0 0 0 0 0 0
300	1	1 0 1 1 1 1 1 1 0 0 0 0 0 0 0 0
300	3	1 1 1 1 0 1 1 0 1 0 0 0 0 0 0 0
300	1	0 1 1 0 1 0 1 1 0 0 0 0 0 0 0 1
300	1	1 1 1 1 0 1 0 1 0 0 0 0 1 0 0 0
320	29	1 0 1 1 1 0 1 0 0 0 0 0 0 0 0 0
320	3	1 1 0 1 0 0 1 0 0 0 0 0 0 0 0 0
320	102	1 1 1 1 0 0 1 0 0 0 1 0 0 0 0 0
320	7	1 0 1 0 0 0 1 1 1 0 0 0 0 0 0 0
320	38	1 1 0 1 0 0 1 0 1 0 1 0 0 0 0 0
320	29	1 1 1 0 0 0 1 0 0 0 0 0 0 0 0 0
320	14	1 1 1 1 1 0 1 0 0 1 1 0 0 0 0 0
320	1	1 1 1 0 1 0 1 1 1 0 0 0 0 0 0 0
320	15	1 0 1 1 0 0 1 0 1 0 0 0 0 0 0 0
320	9	1 1 1 1 1 1 0 0 0 0 0 0 0 0 0 0
320	54	1 1 1 0 0 0 1 0 0 0 0 1 0 0 0 0
320	10	1 0 1 0 0 1 0 0 1 0 1 0 0 0 0 0
320	10	1 1 1 1 1 1 1 0 0 0 1 0 0 0 0 0
320	34	1 1 1 0 1 1 1 0 0 0 1 0 0 0 0 0
320	30	1 1 1 0 1 0 1 0 1 0 0 0 0 0 0 0
320	46	1 0 1 1 1 0 1 0 1 0 0 0 0 0 0 0
320	13	1 1 1 1 1 1 1 1 1 0 1 0 0 0 0 0
320	6	1 1 1 1 1 0 0 0 1 0 0 0 0 0 0 0
320	8	1 1 1 1 1 1 0 1 0 0 0 0 0 0 0 0
320	22	1 1 1 1 1 0 1 0 0 1 0 0 0 0 0 0
320	1	1 1 1 0 1 0 1 0 0 1 0 1 0 0 0 0
320	17	1 0 1 1 1 0 1 0 0 1 1 0 0 0 0 0
320	4	1 1 1 0 1 0 1 1 1 0 0 0 1 0 0 0
320	8	1 1 0 1 0 1 0 0 1 0 0 0 0 0 0 0
320	22	1 1 1 1 0 0 1 0 0 0 0 1 1 0 0 0
320	18	1 1 1 0 1 1 1 0 1 0 0 1 1 0 0 0
320	35	1 1 0 1 0 0 1 0 1 0 1 1 0 0 0 0
320	5	1 1 1 1 0 0 0 0 0 0 0 1 0 1 0 0
320	1	1 1 1 1 1 0 0 0 1 0 0 1 0 0 0 0
320	24	1 1 1 1 1 1 0 0 1 0 0 1 1 0 0 0
320	38	1 0 1 1 0 0 1 0 0 0 0 0 0 0 0 0
320	10	1 0 1 1 0 0 1 1 1 0 0 0 0 0 0 0
320	9	1 1 1 1 0 1 0 1 0 0 0 0 0 0 0 0
320	1	1 1 1 1 0 0 0 0 0 0 1 0 0 0 0 0
320	6	1 1 1 1 1 0 1 0 0 0 0 0 0 0 0 0
320	3	1 1 0 1 0 0 1 0 0 0 0 0 0 0 0 1
320	9	1 1 1 1 0 0 1 0 0 0 1 1 0 1 0 0
320	3	1 1 1 0 0 0 1 1 0 0 0 0 0 0 0 0
320	14	1 1 1 1 1 1 1 1 1 0 0 0 0 0 0 0
320	6	1 1 1 1 0 1 1 0 1 0 0 1 1 0 0 0
320	5	1 1 0 1 0 0 1 0 1 0 0 0 0 0 0 0
320	24	1 0 1 0 1 0 1 0 1 0 0 0 0 0 0 0
320	2	1 0 1 1 1 0 1 0 0 1 1 1 0 0 0 0
320	3	1 0 1 1 1 0 1 0 0 0 0 0 1 0 1 0
320	1	1 0 1 0 0 1 0 0 1 0 1 0 1 0 0 0
320	3	1 1 0 1 0 0 1 0 0 0 0 1 0 0 0 0
320	26	1 1 1 1 1 1 1 0 0 0 0 0 0 0 0 0
320	2	1 0 1 0 0 1 0 0 1 0 1 0 0 0 0 1
320	1	1 1 1 1 1 0 0 0 0 1 1 0 0 0 0 0
320	3	1 1 1 1 1 1 0 0 0 1 1 0 0 0 0 0
320	8	0 1 1 0 0 0 1 0 0 0 0 0 0 0 0 0
320	9	0 1 1 1 1 0 1 1 0 1 0 0 0 0 0 0
320	9	1 0 0 0 0 0 1 0 0 0 0 0 0 0 0 0
320	8	1 1 0 1 0 0 0 0 1 0 1 0 0 0 0 0
320	6	1 1 0 1 0 0 1 0 0 0 1 0 0 0 0 0
320	1	1 1 1 0 0 0 1 0 1 0 0 1 0 0 0 0
320	2	0 1 1 1 1 0 1 0 0 1 1 0 0 0 0 0
320	14	1 1 1 1 1 0 1 1 1 0 1 0 0 0 0 0
320	7	1 1 1 0 0 0 1 0 1 0 0 0 0 0 0 0
320	8	1 0 1 1 1 0 1 0 1 0 0 1 0 0 0 0
320	8	1 1 1 1 0 1 1 1 0 0 0 0 0 0 0 0
320	2	1 1 1 1 1 1 1 1 0 1 0 0 0 0 0 0
320	2	1 1 0 0 0 1 0 0 1 0 0 0 0 0 0 0
320	3	1 1 0 0 1 0 0 0 0 1 0 1 0 0 0 0
320	4	1 1 1 1 0 0 1 0 0 0 0 0 0 0 0 0
320	31	1 1 1 1 1 0 1 0 1 1 1 0 0 0 0 0
320	4	1 1 1 0 1 0 1 0 0 0 1 0 0 0 0 0
320	1	1 0 1 1 1 0 1 0 0 1 1 0 1 0 0 0
320	5	1 1 1 1 0 0 0 0 0 0 0 1 0 0 0 0
320	4	1 0 1 1 1 0 1 0 0 0 0 0 0 1 0 0
320	3	1 1 1 1 1 1 0 0 1 0 1 0 0 0 0 0
320	2	1 0 1 1 0 0 1 0 0 0 1 0 0 0 0 0
320	3	1 1 1 1 0 0 1 0 0 0 1 0 0 1 0 0
320	6	1 0 1 0 0 0 0 1 1 0 0 0 0 0 0 0
320	1	0 1 1 0 1 0 1 1 0 1 0 0 0 0 0 0
320	4	1 1 1 0 1 0 1 0 0 0 1 1 0 0 0 0
320	2	1 1 0 1 0 1 0 0 1 1 0 0 0 0 0 0
320	1	1 1 1 1 1 0 1 0 1 0 0 0 0 0 0 0
320	1	1 1 1 1 0 1 1 0 0 0 0 0 0 0 0 0
320	7	1 1 1 0 1 1 1 0 0 0 1 0 1 0 0 0
320	1	1 0 1 1 1 0 1 0 0 0 0 1 0 0 0 0
320	1	1 1 1 0 0 0 1 1 0 0 0 1 0 0 0 0
320	1	1 1 1 0 0 0 0 1 0 0 0 0 0 0 0 0
320	4	1 1 1 0 1 0 1 0 1 0 0 1 0 0 0 0
320	2	1 0 1 1 0 0 1 0 0 0 1 1 0 0 0 0
320	3	1 1 1 1 1 1 0 0 1 0 0 1 1 0 1 0
320	2	1 1 1 1 0 0 1 0 0 0 1 1 0 0 0 0
320	4	1 0 1 1 0 0 1 0 0 0 0 1 0 0 0 0
320	1	1 0 1 1 0 0 1 0 1 0 1 0 0 0 0 0
320	6	1 0 1 1 1 0 1 0 0 0 0 1 1 0 0 0
320	1	1 1 1 1 1 1 1 0 0 0 1 0 0 1 0 0
320	2	1 1 0 0 0 0 1 0 1 0 1 1 0 0 0 0
320	1	1 0 1 1 0 0 1 0 1 1 1 0 0 0 0 0
320	2	1 1 0 0 1 0 0 0 1 0 1 1 0 0 0 0
320	2	1 1 0 1 0 0 1 0 1 1 1 0 0 0 0 0
320	2	1 0 1 1 1 0 1 0 0 1 1 0 0 1 0 0
320	1	1 1 1 1 0 0 1 0 1 0 1 1 0 0 0 0
320	1	1 1 1 1 0 1 1 1 0 0 0 0 0 0 1 0
320	1	1 0 1 1 1 0 1 0 0 1 0 0 0 0 0 0
320	1	1 1 0 1 0 0 0 1 0 0 0 0 0 0 0 0
320	1	1 1 1 0 0 0 1 1 0 0 1 0 0 0 0 0
320	2	1 0 1 1 1 0 1 0 0 0 1 0 0 0 0 0
320	1	1 0 1 1 1 0 1 0 1 0 0 0 1 0 0 0
320	3	1 0 1 1 1 1 1 1 1 0 1 0 0 0 0 0
320	1	1 1 1 1 0 1 0 1 1 0 0 0 0 0 0 0
320	2	1 1 0 1 0 0 0 0 1 0 1 0 0 1 0 0
320	1	1 1 1 1 1 0 1 1 1 1 1 0 0 0 0 0
340	11	1 0 1 1 1 0 1 0 0 0 0 0 0 0 0 0
340	39	1 1 1 1 0 0 1 0 0 0 1 0 0 0 0 0
340	8	1 0 1 0 0 0 1 1 1 0 0 0 0 0 0 0
340	13	1 1 0 1 0 0 1 0 1 0 1 0 0 0 0 0
340	7	1 1 1 0 0 0 1 0 0 0 0 0 0 0 0 0
340	59	1 1 1 1 1 0 1 0 0 1 1 0 0 0 0 0
340	7	1 0 1 1 0 0 1 0 1 0 0 0 0 0 0 0
340	57	1 1 1 0 0 0 1 0 0 0 0 1 0 0 0 0
340	34	1 0 1 0 0 1 0 0 1 0 1 0 0 0 0 0
340	11	1 1 1 1 1 1 1 0 0 0 1 0 0 0 0 0
340	57	1 1 1 0 1 1 1 0 0 0 1 0 0 0 0 0
340	18	1 1 1 0 1 0 1 0 1 0 0 0 0 0 0 0
340	27	1 1 1 1 1 1 1 1 1 0 1 0 0 0 0 0
340	14	1 1 1 1 1 0 0 0 1 0 0 0 0 0 0 0
340	3	1 1 1 1 1 0 1 0 0 1 0 0 0 0 0 0
340	4	1 1 1 1 0 0 1 0 0 0 0 1 1 0 0 0
340	19	1 1 0 1 0 0 1 0 1 0 1 1 0 0 0 0
340	11	1 0 1 1 0 0 1 0 0 0 0 0 0 0 0 0
340	7	1 0 1 1 0 0 1 1 1 0 0 0 0 0 0 0
340	20	1 1 1 1 1 0 1 0 0 0 0 0 0 0 0 0
340	8	1 1 0 1 0 0 1 0 0 0 0 0 0 0 0 1
340	21	1 1 1 1 1 1 1 1 1 0 0 0 0 0 0 0
340	9	1 1 1 1 0 1 1 0 1 0 0 1 1 0 0 0
340	9	1 0 1 0 1 0 1 0 1 0 0 0 0 0 0 0
340	86	1 1 1 1 1 1 1 0 0 0 0 0 0 0 0 0
340	3	0 1 1 0 0 0 1 0 0 0 0 0 0 0 0 0
340	5	0 1 1 1 1 0 1 1 0 1 0 0 0 0 0 0
340	18	1 1 0 1 0 0 0 0 1 0 1 0 0 0 0 0
340	12	0 1 1 1 1 0 1 0 0 1 1 0 0 0 0 0
340	4	1 1 1 1 1 0 1 1 1 0 1 0 0 0 0 0
340	4	1 1 1 0 0 0 1 0 1 0 0 0 0 0 0 0
340	28	1 0 1 1 1 0 1 0 1 0 0 1 0 0 0 0
340	4	1 1 1 1 0 1 1 1 0 0 0 0 0 0 0 0
340	6	1 1 1 1 0 0 1 0 0 0 0 0 0 0 0 0
340	29	1 1 1 1 1 0 1 0 1 1 1 0 0 0 0 0
340	22	1 1 1 1 0 0 0 0 0 0 0 1 0 0 0 0
340	3	1 1 1 1 0 0 1 0 0 0 1 0 0 1 0 0
340	14	1 1 1 0 1 0 1 0 1 0 0 1 0 0 0 0
340	7	1 0 1 1 0 0 1 0 0 0 0 1 0 0 0 0
340	9	1 1 0 0 1 0 0 0 1 0 1 1 0 0 0 0
340	1	1 0 1 1 1 0 1 0 1 0 0 0 0 0 1 0
340	5	1 1 1 1 0 0 1 0 1 0 0 0 0 0 0 0
340	3	1 1 1 1 1 0 1 0 1 1 0 1 1 0 1 0
340	5	1 1 1 0 1 0 1 1 1 0 0 0 0 0 0 0
340	7	1 1 1 1 0 1 1 0 0 0 0 0 0 0 0 0
340	2	1 1 0 1 1 1 1 0 0 0 1 0 0 1 0 0
340	5	1 1 1 1 1 1 1 0 1 0 0 0 0 0 0 0
340	3	1 1 0 1 1 0 1 0 0 1 1 0 0 0 0 0
340	7	1 0 1 1 0 0 1 0 0 0 1 0 0 0 0 0
340	5	1 1 1 0 0 0 1 0 0 0 1 0 0 0 0 0
340	4	1 1 0 1 0 1 1 0 0 0 1 0 0 0 0 0
340	13	1 1 1 0 0 1 1 0 0 0 0 1 0 0 0 0
340	1	1 0 1 1 0 1 1 0 0 0 0 0 0 0 0 0
340	7	0 0 1 1 0 0 1 1 1 0 0 0 0 0 0 0
340	4	1 1 1 0 0 0 1 0 1 0 0 1 0 0 0 0
340	3	1 1 1 1 1 0 1 0 0 1 1 0 0 0 1 0
340	3	1 1 0 1 1 0 1 0 1 1 1 0 0 0 0 0
340	6	1 1 1 0 1 0 1 1 1 0 0 1 0 0 0 0
340	15	1 1 1 0 0 0 1 0 0 0 0 1 0 1 0 0
340	2	1 1 1 1 1 1 1 0 0 0 0 0 1 0 0 0
340	10	1 1 1 1 0 0 1 0 1 0 1 0 0 1 0 0
340	10	1 1 1 0 0 0 1 0 0 0 0 1 0 0 1 0
340	2	1 1 1 0 1 0 1 1 0 0 1 0 0 0 0 0
340	2	1 1 1 0 1 0 1 0 1 0 1 1 0 0 0 0
340	10	0 0 1 1 0 1 1 0 0 0 0 0 0 0 0 0
340	7	1 1 1 0 1 1 1 0 0 0 1 0 0 0 0 1
340	2	1 0 0 1 0 0 1 0 0 0 1 0 0 0 0 0
340	1	1 1 1 1 0 0 1 0 0 0 0 1 0 1 0 0
340	1	1 0 1 0 0 0 0 0 1 0 0 0 0 0 0 0
340	8	1 1 1 0 0 0 0 0 0 0 0 1 0 0 0 0
340	3	1 1 1 1 0 1 1 1 1 0 1 0 0 0 0 0
340	7	0 1 1 1 1 1 1 0 0 0 0 0 0 0 0 0
340	3	1 1 1 1 1 0 1 0 1 0 0 0 0 0 0 0
340	1	1 1 1 1 0 1 1 0 0 0 1 0 0 0 0 0
340	3	1 0 1 1 0 0 1 1 1 0 0 1 1 0 0 0
340	12	1 1 1 1 0 0 1 0 0 0 1 0 1 0 0 0
340	4	1 1 1 1 1 0 1 0 0 0 1 0 0 0 0 0
340	4	1 1 1 1 1 1 1 0 0 0 1 0 1 0 0 0
340	1	1 1 1 1 1 1 1 1 1 1 0 0 0 0 0 0
340	2	1 0 1 0 0 0 1 0 0 0 0 1 0 0 0 0
340	5	1 0 1 0 0 0 0 0 0 0 0 0 0 0 0 0
340	2	1 0 1 1 1 1 1 0 0 1 0 0 1 0 0 0
340	4	1 0 1 1 1 0 1 0 0 1 1 0 0 0 0 0
340	2	1 1 0 1 0 0 0 0 1 0 1 1 0 0 0 0
340	10	1 1 1 1 0 0 1 0 0 0 0 0 1 0 0 0
340	2	1 1 0 1 0 0 0 0 0 0 0 0 0 0 0 1
340	1	1 1 1 1 1 0 1 1 1 0 0 0 0 0 0 0
340	3	1 1 1 1 0 0 0 0 1 0 0 1 0 0 0 0
340	2	1 1 1 0 0 1 1 0 0 0 0 1 0 0 0 1
340	2	1 1 1 0 1 0 1 0 0 0 0 1 0 1 0 0
340	1	1 1 1 1 0 0 1 0 1 0 1 0 0 0 0 0
340	2	1 1 1 1 1 1 1 1 1 0 1 1 0 1 0 0
340	3	0 1 1 0 0 0 1 0 0 0 1 1 0 0 0 0
340	1	1 1 0 1 0 0 0 0 1 0 0 0 0 0 0 0
340	2	1 1 1 1 1 1 1 0 0 1 1 0 0 0 0 0
340	2	1 0 1 0 1 1 1 0 0 0 1 0 0 0 0 0
340	2	1 1 1 0 1 1 1 1 0 0 1 0 0 0 0 0
340	1	1 0 1 1 1 0 1 1 1 0 0 0 0 0 0 0
340	5	1 1 1 1 0 1 1 0 1 0 1 1 1 0 0 0
340	2	1 1 1 0 0 0 1 0 0 0 0 1 0 1 1 0
340	3	1 1 1 0 0 0 1 1 1 0 0 0 0 0 0 0
340	2	1 0 1 1 1 1 1 0 1 0 0 1 1 0 0 0
340	5	1 1 1 1 1 1 1 0 0 0 0 1 0 0 0 0
340	1	1 0 1 1 0 0 1 0 1 1 1 0 0 0 0 0
340	1	1 0 1 1 1 1 1 0 0 1 0 0 0 0 0 0
340	3	1 0 0 1 0 0 1 0 0 0 0 0 0 0 0 1
340	1	1 1 1 0 0 0 1 0 0 0 0 0 1 0 0 0
340	1	1 0 1 0 0 1 0 0 1 0 0 0 0 0 0 0
340	1	1 0 1 1 0 0 1 0 1 0 0 1 0 0 0 0
340	1	1 1 1 1 0 0 1 1 0 0 1 0 0 0 0 0
340	1	1 1 1 0 0 0 1 0 0 0 0 1 1 0 0 0
340	3	1 1 1 0 1 1 1 0 0 0 0 0 0 0 0 0
340	1	1 1 0 1 0 0 1 0 1 0 1 1 0 0 0 1
340	1	1 1 1 1 1 1 1 1 1 0 0 0 0 0 0 1
360	14	1 0 1 1 1 0 1 0 0 0 0 0 0 0 0 0
360	4	1 0 1 0 0 0 1 1 1 0 0 0 0 0 0 0
360	6	1 1 0 1 0 0 1 0 1 0 1 0 0 0 0 0
360	29	1 1 1 1 1 0 1 0 0 1 1 0 0 0 0 0
360	33	1 1 1 0 0 0 1 0 0 0 0 1 0 0 0 0
360	57	1 0 1 0 0 1 0 0 1 0 1 0 0 0 0 0
360	10	1 1 1 1 1 1 1 0 0 0 1 0 0 0 0 0
360	19	1 1 1 0 1 1 1 0 0 0 1 0 0 0 0 0
360	12	1 1 1 0 1 0 1 0 1 0 0 0 0 0 0 0
360	22	1 1 1 1 1 1 1 1 1 0 1 0 0 0 0 0
360	11	1 1 1 1 1 0 0 0 1 0 0 0 0 0 0 0
360	5	1 1 1 1 1 0 1 0 0 1 0 0 0 0 0 0
360	20	1 0 1 1 0 0 1 1 1 0 0 0 0 0 0 0
360	39	1 1 1 1 1 0 1 0 0 0 0 0 0 0 0 0
360	11	1 1 0 1 0 0 1 0 0 0 0 0 0 0 0 1
360	18	1 1 1 1 1 1 1 0 0 0 0 0 0 0 0 0
360	7	1 1 0 1 0 0 0 0 1 0 1 0 0 0 0 0
360	3	0 1 1 1 1 0 1 0 0 1 1 0 0 0 0 0
360	68	1 1 1 1 1 0 1 1 1 0 1 0 0 0 0 0
360	6	1 1 1 0 0 0 1 0 1 0 0 0 0 0 0 0
360	4	1 0 1 1 1 0 1 0 1 0 0 1 0 0 0 0
360	31	1 1 1 1 0 0 1 0 0 0 0 0 0 0 0 0
360	16	1 1 1 1 1 0 1 0 1 1 1 0 0 0 0 0
360	4	1 1 1 1 0 0 0 0 0 0 0 1 0 0 0 0
360	3	1 1 1 0 1 0 1 0 1 0 0 1 0 0 0 0
360	2	1 0 1 1 0 0 1 0 0 0 0 1 0 0 0 0
360	14	1 1 1 1 0 0 1 0 1 0 0 0 0 0 0 0
360	44	1 1 1 1 1 1 1 0 1 0 0 0 0 0 0 0
360	18	1 1 0 1 1 0 1 0 0 1 1 0 0 0 0 0
360	1	1 0 1 1 0 0 1 0 0 0 1 0 0 0 0 0
360	9	1 1 0 1 0 1 1 0 0 0 1 0 0 0 0 0
360	4	1 0 1 1 0 1 1 0 0 0 0 0 0 0 0 0
360	6	0 0 1 1 0 0 1 1 1 0 0 0 0 0 0 0
360	12	1 1 1 1 1 0 1 0 0 1 1 0 0 0 1 0
360	5	1 1 1 1 1 1 1 0 0 0 0 0 1 0 0 0
360	5	1 1 1 1 0 0 1 0 1 0 1 0 0 1 0 0
360	11	1 1 1 0 0 0 1 0 0 0 0 1 0 0 1 0
360	9	1 1 1 0 1 0 1 1 0 0 1 0 0 0 0 0
360	15	0 1 1 1 1 1 1 0 0 0 0 0 0 0 0 0
360	16	1 1 1 1 1 0 1 0 1 0 0 0 0 0 0 0
360	1	1 1 1 1 1 0 1 0 0 0 1 0 0 0 0 0
360	16	1 1 1 1 0 0 0 0 1 0 0 1 0 0 0 0
360	1	0 1 1 0 0 0 1 0 0 0 1 1 0 0 0 0
360	4	1 0 1 0 1 1 1 0 0 0 1 0 0 0 0 0
360	15	1 1 1 0 1 1 1 1 0 0 1 0 0 0 0 0
360	18	1 1 1 0 0 0 1 1 1 0 0 0 0 0 0 0
360	2	1 1 1 1 1 1 1 0 0 0 0 1 0 0 0 0
360	29	1 1 1 1 0 1 1 0 1 0 0 1 0 0 0 0
360	7	1 1 1 1 1 0 1 0 0 1 1 1 0 0 0 0
360	1	1 0 1 1 1 1 1 0 0 0 1 0 0 0 0 0
360	4	1 1 1 0 1 0 1 0 0 0 0 0 1 0 0 0
360	8	1 1 1 1 0 1 1 1 1 0 0 0 0 0 0 0
360	10	1 1 1 1 1 1 1 1 1 1 1 0 0 0 0 0
360	3	1 1 0 1 0 0 1 0 1 0 1 1 1 0 0 0
360	1	1 1 1 1 1 0 0 0 0 0 0 0 0 0 0 0
360	8	0 0 1 1 0 1 1 0 0 1 0 0 0 0 0 0
360	25	1 1 1 1 0 0 1 0 0 0 0 1 0 0 0 0
360	11	1 1 1 1 1 0 1 1 0 1 1 0 0 0 0 0
360	5	1 1 1 1 0 1 1 0 1 0 0 0 1 0 0 0
360	4	1 1 1 1 0 0 0 0 0 0 1 1 0 0 0 0
360	3	1 1 1 1 1 1 1 0 1 0 1 0 0 0 0 0
360	2	1 1 1 1 0 0 1 0 1 0 0 1 0 0 0 0
360	6	1 1 1 1 1 0 1 0 1 0 0 1 0 0 0 0
360	8	1 1 1 0 0 0 1 0 0 0 0 0 0 0 0 0
360	5	1 0 1 0 1 0 1 0 0 0 0 0 0 0 0 0
360	1	1 1 1 1 1 1 1 0 0 1 0 0 1 0 0 0
360	2	1 1 1 0 1 0 1 1 1 0 1 0 0 0 0 0
360	6	1 1 1 1 0 0 1 0 1 0 1 0 0 0 0 0
360	8	1 1 1 0 0 0 1 0 1 0 1 0 0 1 0 0
360	2	0 1 1 1 0 1 1 0 0 1 0 0 0 0 0 0
360	4	1 1 1 0 0 0 1 0 0 1 0 1 0 0 0 0
360	13	1 1 1 1 1 1 1 0 0 0 0 0 0 0 0 1
360	3	1 1 1 1 1 0 1 1 1 0 1 0 1 0 0 0
360	2	1 1 1 0 1 0 0 0 1 0 1 1 0 0 0 0
360	5	1 1 0 1 1 0 1 1 1 0 1 0 0 0 0 0
360	10	1 1 1 1 1 1 0 0 1 0 0 1 0 0 0 0
360	5	1 1 1 0 1 0 1 1 0 0 1 1 0 0 0 0
360	1	1 0 1 0 0 0 1 0 1 0 0 0 0 0 0 0
360	2	0 0 1 1 0 0 1 1 1 0 0 0 0 0 0 1
360	3	1 1 1 1 1 0 1 0 1 1 0 0 0 0 0 0
360	16	1 1 1 0 1 0 1 0 0 1 1 0 0 0 0 0
360	8	1 1 1 1 1 1 1 0 1 0 0 1 0 0 0 0
360	1	1 1 0 1 0 0 0 0 0 0 1 0 0 0 0 0
360	7	1 1 1 1 1 0 1 1 0 1 0 0 0 0 0 0
360	3	1 0 1 0 0 0 1 0 0 0 0 1 0 0 0 0
360	1	0 1 1 1 1 1 1 0 0 0 0 1 0 0 0 0
360	1	0 1 1 0 0 0 1 0 0 0 0 1 0 0 0 0
360	3	1 0 1 0 0 1 0 0 1 0 0 1 0 0 0 0
360	2	1 0 1 0 0 1 0 0 0 0 0 0 0 0 0 0
360	2	1 1 1 1 0 0 0 0 0 0 1 0 0 0 0 0
360	1	1 0 1 0 1 1 1 0 0 0 0 1 0 0 0 0
360	3	1 1 1 0 1 0 1 0 0 0 0 0 0 0 0 0
360	5	1 1 1 0 1 0 1 1 1 0 1 0 0 0 0 1
360	1	0 1 1 0 0 0 1 0 0 0 1 0 0 0 0 0
360	2	1 1 1 1 0 0 1 0 0 0 1 1 0 0 0 0
360	3	1 0 1 0 0 1 0 0 1 0 1 0 0 0 0 1
360	1	1 1 1 1 1 1 1 1 0 0 1 0 0 0 0 0
360	2	1 1 1 0 0 1 1 0 1 0 0 1 0 0 0 0
360	2	1 1 1 1 0 1 1 1 1 1 1 0 0 0 0 0
360	13	1 1 1 1 1 0 0 0 0 1 0 0 0 0 0 0
360	3	1 0 1 1 0 0 1 1 1 0 0 1 0 0 0 0
360	1	1 1 1 1 1 0 1 1 1 0 0 0 0 0 0 0
360	1	1 1 1 0 0 1 0 0 1 0 1 0 0 0 0 0
360	4	1 1 1 0 0 0 1 0 0 0 0 1 0 1 0 0
360	1	1 1 0 0 0 0 1 0 0 0 0 1 0 0 0 0
360	4	1 1 0 1 1 0 1 0 0 0 0 0 0 0 0 0
360	1	1 1 0 1 0 0 1 0 0 0 0 0 0 0 1 1
360	1	1 1 1 0 1 1 1 1 0 0 1 0 1 0 0 0
360	2	1 1 1 1 0 1 1 0 0 1 0 0 1 0 0 0
360	4	1 1 0 1 1 1 1 0 1 0 0 1 0 0 0 0
360	1	1 1 1 1 1 1 1 1 0 1 0 0 0 0 0 0
360	2	1 1 0 1 0 0 1 0 0 0 0 0 0 0 1 0
360	3	1 1 1 1 0 0 1 1 1 0 1 0 0 0 0 0
360	1	1 0 1 0 0 1 0 0 1 0 1 0 1 0 0 0
360	1	1 1 1 0 1 1 1 0 0 0 1 1 0 0 0 0
360	2	1 0 1 1 0 0 1 1 1 0 1 0 0 0 0 0
360	1	1 1 1 1 1 0 1 1 1 1 1 0 0 0 0 0
360	1	1 1 1 1 0 0 0 0 1 0 1 1 0 0 0 0
360	1	1 1 1 0 1 1 1 1 0 0 1 0 0 0 1 0
360	1	1 1 1 1 1 0 0 0 1 0 1 1 0 0 0 0
380	16	1 0 1 1 1 0 1 0 0 0 0 0 0 0 0 0
380	40	1 1 1 1 1 0 1 0 0 1 1 0 0 0 0 0
380	35	1 1 1 0 0 0 1 0 0 0 0 1 0 0 0 0
380	6	1 0 1 0 0 1 0 0 1 0 1 0 0 0 0 0
380	7	1 1 1 0 1 1 1 0 0 0 1 0 0 0 0 0
380	29	1 1 1 1 1 1 1 1 1 0 1 0 0 0 0 0
380	3	1 1 1 1 1 0 0 0 1 0 0 0 0 0 0 0
380	15	1 0 1 1 0 0 1 1 1 0 0 0 0 0 0 0
380	27	1 1 1 1 1 0 1 0 0 0 0 0 0 0 0 0
380	17	1 1 0 1 0 0 1 0 0 0 0 0 0 0 0 1
380	7	1 1 1 1 1 1 1 0 0 0 0 0 0 0 0 0
380	4	1 1 0 1 0 0 0 0 1 0 1 0 0 0 0 0
380	31	1 1 1 1 1 0 1 1 1 0 1 0 0 0 0 0
380	9	1 1 1 0 0 0 1 0 1 0 0 0 0 0 0 0
380	78	1 1 1 1 0 0 1 0 0 0 0 0 0 0 0 0
380	28	1 1 1 1 0 0 1 0 1 0 0 0 0 0 0 0
380	10	1 1 1 1 1 1 1 0 1 0 0 0 0 0 0 0
380	10	1 1 0 1 1 0 1 0 0 1 1 0 0 0 0 0
380	8	1 1 0 1 0 1 1 0 0 0 1 0 0 0 0 0
380	6	0 0 1 1 0 0 1 1 1 0 0 0 0 0 0 0
380	29	1 1 1 1 0 0 1 0 1 0 1 0 0 1 0 0
380	28	1 1 1 0 1 0 1 1 0 0 1 0 0 0 0 0
380	23	0 1 1 1 1 1 1 0 0 0 0 0 0 0 0 0
380	42	1 1 1 1 1 0 1 0 1 0 0 0 0 0 0 0
380	8	1 1 1 1 0 0 0 0 1 0 0 1 0 0 0 0
380	18	1 1 1 0 0 0 1 1 1 0 0 0 0 0 0 0
380	3	1 1 1 1 0 1 1 0 1 0 0 1 0 0 0 0
380	23	1 1 1 1 0 1 1 1 1 0 0 0 0 0 0 0
380	1	1 1 1 1 1 1 1 1 1 1 1 0 0 0 0 0
380	13	0 0 1 1 0 1 1 0 0 1 0 0 0 0 0 0
380	8	1 1 1 1 0 0 1 0 0 0 0 1 0 0 0 0
380	16	1 1 1 0 0 0 1 0 0 0 0 0 0 0 0 0
380	1	1 1 1 1 0 0 1 0 1 0 1 0 0 0 0 0
380	2	1 1 1 0 0 0 1 0 0 1 0 1 0 0 0 0
380	3	1 1 0 1 1 0 1 1 1 0 1 0 0 0 0 0
380	8	1 1 1 0 1 0 1 0 0 1 1 0 0 0 0 0
380	8	1 1 1 1 1 1 1 0 1 0 0 1 0 0 0 0
380	17	0 1 1 1 1 1 1 0 0 0 0 1 0 0 0 0
380	8	1 1 1 0 1 0 1 0 0 0 0 0 0 0 0 0
380	6	1 1 1 1 0 0 1 0 0 0 1 1 0 0 0 0
380	7	1 1 1 0 0 1 1 0 1 0 0 1 0 0 0 0
380	4	1 1 1 1 1 0 1 1 1 0 0 0 0 0 0 0
380	3	1 1 1 0 0 1 0 0 1 0 1 0 0 0 0 0
380	6	1 1 1 1 0 1 1 0 0 1 0 0 1 0 0 0
380	1	1 0 1 0 0 1 0 0 1 0 0 0 0 0 0 0
380	15	1 1 1 1 0 0 1 1 0 0 0 0 0 0 0 0
380	4	1 1 1 1 1 1 1 1 1 0 1 0 0 0 0 1
380	7	1 1 1 0 1 1 1 0 0 0 0 0 0 0 0 0
380	9	1 1 0 1 1 0 1 0 1 0 1 0 0 0 0 0
380	4	1 1 1 0 1 0 1 0 0 0 1 0 1 0 0 0
380	25	1 1 1 0 1 1 1 1 1 1 1 0 0 0 0 0
380	5	1 1 1 1 1 0 1 0 1 1 1 0 0 0 1 0
380	5	0 1 1 1 1 1 1 0 0 1 0 0 0 0 0 0
380	2	1 1 1 0 1 0 1 0 0 1 0 1 0 0 0 0
380	6	1 1 1 1 1 1 1 0 0 0 0 1 0 0 0 0
380	3	1 0 1 0 0 1 1 0 1 1 1 0 0 0 0 0
380	11	1 1 1 0 1 1 1 0 1 0 0 1 0 0 0 0
380	11	1 1 1 1 1 0 1 0 1 0 1 0 0 0 0 0
380	3	0 1 1 1 1 1 1 0 0 0 0 0 1 0 0 0
380	15	1 1 1 0 1 1 0 0 1 0 1 0 0 0 0 0
380	6	1 1 0 1 0 0 1 1 1 0 0 0 0 0 0 0
380	2	1 1 1 1 1 0 1 1 0 0 1 0 0 0 0 0
380	4	1 1 1 1 0 0 0 0 0 1 0 0 0 0 0 0
380	10	1 1 1 1 0 0 1 0 0 0 1 0 0 0 0 0
380	7	1 1 1 1 1 1 1 0 0 0 1 0 1 0 0 0
380	2	0 1 1 1 1 0 1 0 0 1 0 0 0 0 0 0
380	13	1 1 1 0 1 0 1 0 1 0 0 0 0 0 0 0
380	14	1 1 1 0 0 1 1 0 1 0 1 0 0 0 0 0
380	4	1 0 1 0 0 1 0 1 0 0 0 0 0 0 0 0
380	1	1 1 1 1 0 1 1 1 1 0 0 0 0 1 0 0
380	3	1 1 1 1 0 1 1 1 0 0 0 0 0 0 0 0
380	9	1 1 1 0 0 0 1 0 0 1 0 1 0 0 1 0
380	11	1 1 1 0 1 1 1 0 0 1 1 0 0 0 0 0
380	4	0 1 1 0 1 1 1 1 1 1 1 0 0 0 0 0
380	3	0 0 1 1 0 0 1 1 1 0 0 0 0 1 0 0
380	4	1 1 1 1 0 0 1 0 0 0 0 0 0 0 0 1
380	11	1 1 1 0 1 0 1 1 1 0 0 0 0 0 0 0
380	7	1 1 1 1 0 1 0 0 1 0 1 0 0 0 0 0
380	1	1 1 1 1 1 0 1 0 0 1 1 0 0 1 0 0
380	5	1 1 1 1 1 0 1 0 0 1 1 1 0 0 0 0
380	1	1 1 1 0 0 0 1 0 0 0 1 1 0 0 0 0
380	1	0 0 1 1 1 1 0 0 0 0 1 0 0 0 0 0
380	4	1 0 1 0 0 1 0 0 1 0 1 1 0 0 0 0
380	2	0 1 1 1 1 1 1 0 0 0 0 0 0 0 1 0
380	1	1 1 1 1 1 1 1 0 1 0 1 0 0 0 0 1
380	1	1 0 1 0 0 0 1 0 0 1 0 1 0 0 1 0
380	1	1 1 0 1 0 1 1 0 0 0 1 0 1 0 0 0
380	3	0 1 1 1 0 0 1 0 1 0 1 0 0 1 0 0
380	5	1 1 0 1 0 1 1 1 1 0 0 0 0 0 0 0
380	3	1 1 1 1 1 1 1 1 1 1 0 0 1 0 0 0
380	1	1 1 1 1 1 0 1 1 0 1 1 0 0 0 0 0
380	6	1 1 0 0 1 0 1 1 0 0 1 0 0 0 0 0
380	1	1 1 1 0 0 0 1 0 0 0 0 0 1 0 0 0
380	2	1 1 1 1 1 1 0 0 1 0 0 1 0 0 0 0
380	8	0 1 1 1 1 1 1 0 0 0 0 1 1 0 0 0
380	2	1 1 1 1 1 1 1 0 0 1 1 0 0 0 0 0
380	2	1 1 1 0 0 0 1 0 0 0 1 0 1 0 0 0
380	2	1 0 0 1 0 0 1 0 0 0 0 0 0 0 0 1
380	1	0 1 1 1 1 1 1 0 0 0 1 0 0 0 0 0
380	2	1 1 1 1 1 1 1 0 1 0 1 0 0 0 0 0
380	1	1 1 1 1 1 0 1 0 0 0 0 1 0 0 0 0
380	1	1 1 1 0 0 0 1 0 1 0 0 0 0 0 1 0
380	2	0 1 1 1 0 0 1 0 0 0 0 0 0 0 0 0
380	1	1 1 1 0 0 1 1 0 1 0 1 0 0 0 0 1
380	2	1 1 1 0 0 1 1 0 1 0 0 0 0 0 0 0
380	3	1 1 1 0 0 1 1 1 0 0 0 0 0 0 0 0
380	1	1 1 1 0 0 1 1 0 0 1 1 0 0 0 0 0
380	2	1 1 1 0 1 1 1 0 0 1 0 0 0 0 0 0
380	1	1 1 1 1 0 0 0 0 0 0 1 0 0 0 0 0
380	2	1 1 1 0 0 1 0 0 0 0 0 0 0 0 0 0
380	1	1 0 1 0 0 1 0 0 1 1 1 0 0 0 0 0
380	1	1 1 1 1 0 0 0 0 0 0 0 0 0 0 0 0
380	3	0 1 1 1 1 1 1 0 0 0 0 0 0 0 0 1
380	2	1 1 1 0 0 0 0 1 1 0 0 0 0 0 0 0
380	4	1 1 1 1 0 0 1 1 0 0 0 0 0 1 0 0
380	1	1 1 1 0 1 1 0 0 1 0 1 0 0 1 0 0
380	1	1 1 1 1 0 1 0 0 1 0 1 1 0 0 0 0
380	2	0 0 1 1 1 1 0 0 0 0 1 0 1 0 0 0
380	2	1 0 1 0 0 0 1 0 0 0 0 1 0 0 1 0
400	26	1 1 1 1 1 0 1 0 0 1 1 0 0 0 0 0
400	19	1 1 1 0 0 0 1 0 0 0 0 1 0 0 0 0
400	39	1 1 1 1 1 1 1 1 1 0 1 0 0 0 0 0
400	19	1 1 1 1 1 0 0 0 1 0 0 0 0 0 0 0
400	18	1 1 1 1 1 0 1 0 0 0 0 0 0 0 0 0
400	1	1 1 0 1 0 0 1 0 0 0 0 0 0 0 0 1
400	9	1 1 1 1 1 1 1 0 0 0 0 0 0 0 0 0
400	41	1 1 1 1 1 0 1 1 1 0 1 0 0 0 0 0
400	27	1 1 1 0 0 0 1 0 1 0 0 0 0 0 0 0
400	63	1 1 1 1 0 0 1 0 0 0 0 0 0 0 0 0
400	3	1 1 1 1 0 0 1 0 1 0 0 0 0 0 0 0
400	22	1 1 0 1 1 0 1 0 0 1 1 0 0 0 0 0
400	35	1 1 1 1 0 0 1 0 1 0 1 0 0 1 0 0
400	7	0 1 1 1 1 1 1 0 0 0 0 0 0 0 0 0
400	38	1 1 1 1 1 0 1 0 1 0 0 0 0 0 0 0
400	16	1 1 1 0 0 0 1 1 1 0 0 0 0 0 0 0
400	52	1 1 1 1 0 1 1 1 1 0 0 0 0 0 0 0
400	11	1 1 1 1 0 0 1 0 0 0 0 1 0 0 0 0
400	9	1 1 1 0 0 0 1 0 0 0 0 0 0 0 0 0
400	2	0 1 1 1 1 1 1 0 0 0 0 1 0 0 0 0
400	55	1 1 1 1 0 0 1 1 0 0 0 0 0 0 0 0
400	22	1 1 1 0 1 1 1 1 1 1 1 0 0 0 0 0
400	6	1 1 1 1 1 0 1 0 1 1 1 0 0 0 1 0
400	7	0 1 1 1 1 1 1 0 0 1 0 0 0 0 0 0
400	8	1 0 1 0 0 1 1 0 1 1 1 0 0 0 0 0
400	24	1 1 1 0 1 1 1 0 1 0 0 1 0 0 0 0
400	13	1 1 1 1 0 0 1 0 0 0 1 0 0 0 0 0
400	14	1 1 1 0 0 1 1 0 1 0 1 0 0 0 0 0
400	41	1 1 1 0 1 1 1 0 0 1 1 0 0 0 0 0
400	13	0 1 1 1 0 0 1 0 1 0 1 0 0 1 0 0
400	33	1 1 0 1 0 1 1 1 1 0 0 0 0 0 0 0
400	5	1 1 1 1 1 1 1 1 1 1 0 0 1 0 0 0
400	6	1 1 0 0 1 0 1 1 0 0 1 0 0 0 0 0
400	8	0 1 1 1 1 1 1 0 0 0 0 1 1 0 0 0
400	38	1 1 1 0 0 0 0 1 1 0 0 0 0 0 0 0
400	3	1 1 1 1 1 1 1 0 0 0 1 0 0 0 0 0
400	4	1 1 1 1 0 0 1 0 0 1 1 0 0 0 0 0
400	2	1 0 0 1 0 1 1 0 0 0 1 0 0 0 0 0
400	7	1 1 0 0 0 0 1 0 0 0 0 0 0 0 0 1
400	12	0 1 1 1 1 0 1 0 0 0 0 0 0 0 0 0
400	3	1 1 1 0 1 1 1 0 0 0 0 1 0 0 0 0
400	12	1 0 1 0 0 0 1 1 1 0 0 0 0 0 0 0
400	1	1 1 1 1 0 1 0 0 1 0 1 1 0 0 0 0
400	2	0 0 1 0 1 1 1 1 1 1 1 0 0 0 1 0
400	4	1 0 1 1 0 1 1 1 1 0 0 0 0 0 0 0
400	17	1 1 1 0 1 1 1 1 0 1 1 0 0 0 0 0
400	5	1 0 1 1 0 0 1 0 0 0 0 1 0 0 0 0
400	19	1 1 1 1 1 0 1 1 0 0 1 0 0 0 0 0
400	11	1 1 1 0 0 0 1 1 0 0 0 0 0 0 0 0
400	1	1 0 1 0 1 1 1 1 1 1 1 0 0 0 0 0
400	4	1 1 1 0 0 1 1 0 1 0 1 0 0 0 0 1
400	11	1 1 1 1 0 0 0 0 1 0 1 0 0 0 0 0
400	2	1 1 1 1 0 1 1 0 1 1 1 0 0 0 0 0
400	2	1 1 1 0 0 0 1 0 0 0 0 1 1 0 0 0
400	12	0 1 1 1 1 0 1 0 0 0 1 0 0 0 0 0
400	5	1 1 1 1 1 0 1 0 0 0 1 0 0 0 1 0
400	3	1 1 1 1 1 0 1 0 1 1 1 0 0 0 0 0
400	12	1 1 0 1 1 1 1 1 1 0 1 0 0 0 0 0
400	7	1 0 1 1 0 0 1 1 0 0 0 0 0 0 0 0
400	3	1 1 1 1 0 0 1 1 1 0 0 0 0 0 0 0
400	3	1 1 0 1 0 0 1 0 1 0 1 0 0 1 0 0
400	5	1 1 1 1 1 0 1 0 1 0 0 0 1 0 0 0
400	1	1 0 1 0 0 1 1 0 1 1 0 1 0 0 0 0
400	3	1 0 1 0 0 0 0 0 1 0 1 0 0 0 0 0
400	1	1 1 1 1 0 0 0 0 1 0 0 0 0 0 0 0
400	1	1 1 1 1 0 0 1 0 0 0 0 0 1 0 0 0
400	5	0 1 0 1 1 0 1 0 0 1 1 0 0 0 0 0
400	3	1 1 1 1 0 0 1 0 1 0 0 0 0 1 0 0
400	3	1 1 1 1 0 1 1 1 1 0 1 0 0 0 0 0
400	1	0 1 1 1 1 1 1 0 0 0 1 1 1 0 0 0
400	2	0 0 1 0 1 1 1 0 1 1 1 0 0 0 1 0
400	1	1 1 1 1 1 1 1 0 1 0 1 0 0 0 0 0
400	7	1 1 1 1 1 0 1 0 1 0 0 0 0 1 0 0
400	5	1 1 1 0 1 0 1 1 1 0 0 0 0 0 0 0
400	1	1 1 1 0 1 1 1 0 0 1 1 0 0 1 0 0
400	3	1 1 1 0 1 1 1 1 0 1 1 0 0 1 0 0
400	1	1 1 1 1 1 0 0 0 0 1 1 0 0 0 0 0
400	1	1 1 1 1 1 0 1 0 0 0 0 1 0 0 0 0
400	2	1 1 1 0 1 1 1 0 0 0 0 0 0 0 0 0
400	3	1 1 1 1 1 1 1 0 0 1 0 1 0 0 0 0
400	1	1 0 1 0 1 0 1 1 1 0 0 1 0 0 0 0
400	1	1 1 1 1 1 0 1 0 0 0 1 0 0 1 0 0
400	2	1 1 0 1 0 0 1 0 0 0 0 0 0 1 0 0
400	1	1 1 1 1 0 1 1 1 1 0 0 1 0 0 0 0
400	1	1 1 0 1 0 1 1 0 1 0 1 0 0 1 0 0
400	1	1 1 1 1 1 0 1 0 0 0 0 0 0 1 0 0
400	2	1 1 1 0 1 0 1 0 1 0 0 0 0 0 0 0
400	4	1 1 0 0 1 1 1 0 0 1 1 0 0 0 0 0
400	1	0 0 1 1 0 0 1 0 1 0 1 0 0 1 0 0
400	2	1 0 1 0 0 0 0 1 1 0 0 0 0 0 0 0
400	1	1 1 1 0 1 1 1 0 0 1 0 0 0 0 0 0
400	3	1 1 1 1 1 0 1 1 0 0 0 0 0 0 0 0
400	1	1 0 1 1 0 1 1 1 1 0 0 0 0 1 0 0
400	3	1 1 1 0 1 0 1 0 0 1 1 0 0 0 0 0
400	2	1 0 1 0 0 1 1 0 1 1 1 0 0 0 0 1
400	1	1 1 1 0 1 1 1 0 1 0 0 0 0 0 0 0
400	3	1 1 1 1 1 0 1 0 0 0 1 0 0 0 0 0
400	1	1 1 0 1 0 1 1 0 1 0 0 0 0 0 0 0
400	1	1 1 0 1 0 1 1 1 1 0 1 0 0 0 0 0
400	1	1 1 1 1 0 0 1 1 1 0 0 0 0 1 0 0
400	1	1 1 1 1 0 0 1 0 0 0 0 0 1 1 0 0
