0	250	0 1 0 0 0 1 1 0 1 1 0 0 0 0 0 0
0	250	0 0 0 0 0 1 0 0 0 0 0 0 0 0 0 0
0	250	0 1 0 0 0 0 1 0 0 0 0 0 0 0 0 1
0	250	0 0 0 0 0 1 0 0 0 0 1 0 0 0 0 0
20	106	0 1 0 0 0 1 1 0 1 1 0 0 0 0 0 0
20	60	0 0 0 0 0 1 0 0 0 0 0 0 0 0 0 0
20	59	0 1 0 0 0 0 1 0 0 0 0 0 0 0 0 1
20	368	0 0 0 0 0 1 0 0 0 0 1 0 0 0 0 0
20	16	0 1 0 0 0 1 0 0 0 0 1 0 0 0 0 0
20	2	0 1 0 0 0 1 0 0 0 0 0 0 0 0 0 0
20	33	0 1 0 0 0 1 1 0 1 1 1 0 0 0 0 0
20	13	0 1 0 0 0 1 1 0 0 0 0 0 0 0 0 1
20	6	0 0 0 0 0 0 1 0 0 0 0 0 0 0 0 1
20	29	0 0 0 0 0 1 0 0 0 0 1 0 0 0 0 1
20	5	0 1 0 0 0 1 1 0 1 1 0 0 0 0 1 0
20	1	0 0 0 0 0 1 0 1 0 0 0 0 0 0 0 0
20	7	0 1 0 0 1 1 1 0 1 1 0 0 0 0 0 0
20	23	0 1 1 0 0 1 1 0 1 1 0 0 0 0 0 0
20	9	0 1 0 0 0 0 1 0 0 1 0 0 0 0 0 1
20	14	0 0 0 1 0 1 0 0 0 0 1 0 0 0 0 0
20	13	0 0 0 0 0 1 0 0 1 1 0 0 0 0 0 0
20	6	0 1 0 0 0 0 1 0 1 1 0 0 0 0 0 0
20	11	0 0 0 0 0 1 0 0 1 0 1 0 0 0 0 0
20	10	0 0 0 0 0 1 0 0 0 1 1 0 0 0 0 0
20	11	0 0 0 0 0 1 0 0 0 0 1 0 0 1 0 0
20	3	0 1 0 0 1 0 1 0 0 0 0 0 0 0 1 1
20	14	0 1 0 0 0 1 1 0 1 0 1 0 0 0 0 0
20	19	0 1 0 0 0 1 0 0 0 1 1 0 0 0 0 0
20	4	0 0 0 0 0 0 0 0 0 0 1 0 0 0 0 0
20	8	0 1 0 0 0 0 1 0 0 0 1 0 0 0 0 0
20	2	0 1 0 0 0 1 0 0 0 0 1 0 1 0 0 0
20	7	0 0 0 0 0 1 0 1 0 0 1 0 0 1 0 0
20	19	0 0 0 0 1 1 0 0 0 0 0 0 0 0 0 0
20	10	0 0 0 0 0 1 0 0 0 0 0 0 0 1 0 0
20	7	0 0 0 0 0 1 0 0 0 0 0 0 1 0 0 0
20	12	0 0 1 0 0 1 0 0 0 0 0 0 0 0 0 0
20	7	0 0 0 0 0 1 1 0 0 0 1 0 0 0 0 0
20	5	0 1 0 0 0 0 0 0 0 1 1 0 0 0 0 0
20	6	1 1 0 0 0 0 1 0 0 0 0 0 0 0 0 0
20	6	0 1 0 0 0 0 1 0 0 0 1 0 0 0 0 1
20	1	0 0 0 1 0 1 1 0 0 0 1 0 0 0 0 0
20	2	1 1 1 0 0 1 1 0 0 0 0 0 0 0 0 1
20	12	0 1 0 0 0 1 1 0 1 1 0 0 0 0 0 1
20	12	0 0 0 0 0 1 0 1 0 0 1 0 0 0 0 0
20	5	0 1 0 0 0 1 1 0 0 0 1 0 0 0 0 0
20	4	0 1 1 0 0 1 0 0 0 0 0 0 0 0 0 0
20	3	0 0 0 1 0 1 0 1 0 0 0 0 0 0 0 0
20	3	0 1 0 0 0 0 1 0 0 0 0 0 0 0 0 0
20	4	0 1 0 0 0 1 1 1 1 1 0 0 0 0 0 0
20	1	0 0 0 0 0 1 1 0 1 1 0 0 0 0 0 0
20	1	0 0 0 0 0 1 1 0 0 0 1 0 0 0 0 1
20	1	0 1 0 0 0 1 1 0 1 1 0 0 0 1 0 0
20	1	0 0 0 1 0 1 0 0 0 0 1 0 0 1 0 0
20	1	0 1 0 0 0 1 0 0 0 0 1 0 0 1 0 0
20	1	1 1 0 0 0 0 1 0 0 1 0 0 0 0 0 0
20	2	0 1 0 0 0 1 1 0 1 1 1 0 0 0 0 1
20	1	0 0 0 0 0 1 1 0 1 1 1 0 0 0 0 0
20	2	0 0 0 0 0 1 0 0 1 0 0 0 0 0 0 0
20	1	0 0 0 0 0 1 0 0 0 0 1 0 0 0 1 0
20	4	0 0 1 0 0 1 0 0 0 0 1 0 0 0 0 0
20	1	0 0 0 0 1 1 0 0 0 0 1 0 0 0 0 0
20	2	0 0 0 0 0 1 0 0 0 0 1 1 0 0 0 0
20	1	0 1 0 0 0 1 0 0 0 0 1 0 0 0 0 1
20	2	0 0 0 0 0 1 1 0 0 0 1 0 1 0 0 0
20	1	0 1 0 0 0 1 1 1 1 1 0 0 0 1 0 0
40	3	0 1 0 0 0 1 1 0 1 1 0 0 0 0 0 0
40	36	0 0 0 0 0 1 0 0 0 0 0 0 0 0 0 0
40	14	0 1 0 0 0 0 1 0 0 0 0 0 0 0 0 1
40	317	0 0 0 0 0 1 0 0 0 0 1 0 0 0 0 0
40	15	0 1 0 0 0 1 0 0 0 0 1 0 0 0 0 0
40	55	0 1 0 0 0 1 1 0 1 1 1 0 0 0 0 0
40	1	0 1 0 0 0 1 1 0 0 0 0 0 0 0 0 1
40	35	0 0 0 0 0 1 0 0 0 0 1 0 0 0 0 1
40	4	0 1 0 0 1 1 1 0 1 1 0 0 0 0 0 0
40	54	0 1 1 0 0 1 1 0 1 1 0 0 0 0 0 0
40	55	0 0 0 1 0 1 0 0 0 0 1 0 0 0 0 0
40	2	0 0 0 0 0 1 0 0 1 1 0 0 0 0 0 0
40	21	0 0 0 0 0 1 0 0 0 1 1 0 0 0 0 0
40	28	0 0 0 0 0 1 0 0 0 0 1 0 0 1 0 0
40	3	0 1 0 0 1 0 1 0 0 0 0 0 0 0 1 1
40	41	0 1 0 0 0 1 1 0 1 0 1 0 0 0 0 0
40	25	0 1 0 0 0 1 0 0 0 1 1 0 0 0 0 0
40	4	0 0 0 0 0 0 0 0 0 0 1 0 0 0 0 0
40	2	0 0 0 0 0 1 0 1 0 0 1 0 0 1 0 0
40	12	0 0 0 0 1 1 0 0 0 0 0 0 0 0 0 0
40	15	0 0 0 0 0 1 1 0 0 0 1 0 0 0 0 0
40	20	1 1 0 0 0 0 1 0 0 0 0 0 0 0 0 0
40	15	0 1 0 0 0 0 1 0 0 0 1 0 0 0 0 1
40	3	0 1 0 0 0 1 1 0 1 1 0 0 0 0 0 1
40	6	0 1 0 0 0 1 1 0 0 0 1 0 0 0 0 0
40	1	0 1 0 0 0 0 1 0 0 0 0 0 0 0 0 0
40	6	0 0 1 0 0 1 0 0 0 0 1 0 0 0 0 0
40	8	0 1 0 0 0 1 1 1 1 1 0 0 0 1 0 0
40	11	1 0 0 0 0 1 0 0 0 0 1 0 0 0 0 0
40	10	1 0 0 1 0 1 0 0 0 0 1 0 0 0 0 0
40	5	0 0 1 0 0 1 0 0 1 0 0 0 0 0 0 0
40	9	1 1 0 0 0 1 1 0 0 0 0 0 0 0 0 0
40	6	0 1 0 0 0 0 0 0 0 0 0 0 0 0 0 0
40	26	0 1 1 0 0 1 1 0 1 1 0 0 0 0 0 1
40	5	0 0 0 0 0 1 0 0 0 0 1 0 0 0 1 0
40	3	1 0 0 0 0 1 0 0 0 0 1 1 0 0 0 0
40	1	1 0 0 0 0 1 0 0 0 0 0 0 0 0 0 0
40	6	0 1 0 0 0 1 1 0 1 0 0 0 0 0 0 1
40	5	0 1 1 0 0 1 1 0 1 1 0 0 0 0 1 0
40	4	1 1 0 0 0 0 1 0 1 0 0 0 0 0 0 0
40	4	0 1 0 0 0 1 1 0 1 1 0 0 0 1 0 0
40	2	0 0 0 0 0 1 0 0 0 1 0 0 0 1 0 0
40	7	0 0 0 0 0 1 0 0 1 0 0 0 0 0 1 0
40	3	0 0 0 0 0 1 1 0 0 0 0 0 0 0 0 0
40	12	0 1 0 0 0 0 0 0 0 0 0 0 0 0 0 1
40	2	0 0 0 0 1 1 0 0 0 0 1 0 0 0 0 0
40	3	0 1 0 0 0 1 1 0 1 1 1 0 0 0 0 1
40	3	0 1 0 0 0 0 0 0 0 0 1 0 0 0 0 0
40	7	0 0 0 1 0 1 1 0 0 0 1 0 0 0 0 0
40	3	0 1 0 0 0 1 0 0 0 1 1 0 0 1 0 0
40	2	1 1 0 0 0 1 0 0 0 0 1 0 0 0 0 0
40	7	0 1 1 0 0 1 0 0 1 1 0 0 0 0 0 0
40	1	0 1 0 0 1 1 1 0 1 1 0 0 1 0 0 0
40	3	0 0 0 1 0 1 0 0 0 0 1 0 0 1 0 0
40	1	0 1 0 0 0 1 1 0 1 1 1 0 1 0 0 0
40	6	0 0 0 0 0 1 0 0 1 0 1 0 0 0 0 1
40	1	0 0 0 0 0 1 0 0 0 0 0 0 0 0 0 1
40	1	1 0 0 1 0 0 1 0 0 0 0 0 0 0 0 1
40	7	0 1 1 0 0 1 1 0 0 0 1 0 0 1 0 0
40	2	0 0 0 0 0 1 0 0 0 0 1 0 1 0 0 1
40	1	1 0 0 1 1 1 0 0 0 0 1 0 0 0 0 0
40	4	1 0 0 0 0 1 0 0 0 1 1 1 0 0 0 0
40	2	0 1 0 0 0 1 0 0 0 0 1 0 0 1 0 0
40	1	0 0 0 0 0 1 0 1 0 0 1 0 0 0 0 0
40	2	1 0 0 0 0 1 0 0 1 1 1 0 0 0 0 0
40	4	0 0 0 0 0 1 0 0 1 1 1 0 0 0 0 0
40	3	0 0 0 0 0 1 0 0 0 1 1 0 0 1 0 0
40	1	0 1 0 0 0 1 1 1 1 0 0 0 0 0 0 1
40	1	0 0 0 0 0 1 1 0 1 1 1 0 0 0 0 0
40	3	0 1 1 0 0 1 1 0 1 1 0 0 0 1 0 0
40	2	0 1 1 1 0 1 1 0 1 1 0 0 0 0 0 0
40	4	1 0 0 0 0 0 1 0 0 0 0 0 0 0 0 0
40	1	0 1 0 0 0 1 1 0 1 1 0 0 0 1 1 0
40	2	1 0 0 1 1 1 1 0 0 0 1 0 0 0 0 0
60	2	0 0 0 0 0 1 0 0 0 0 0 0 0 0 0 0
60	192	0 0 0 0 0 1 0 0 0 0 1 0 0 0 0 0
60	59	0 1 0 0 0 1 0 0 0 0 1 0 0 0 0 0
60	46	0 1 0 0 0 1 1 0 1 1 1 0 0 0 0 0
60	20	0 0 0 0 0 1 0 0 0 0 1 0 0 0 0 1
60	1	0 1 0 0 1 1 1 0 1 1 0 0 0 0 0 0
60	62	0 1 1 0 0 1 1 0 1 1 0 0 0 0 0 0
60	67	0 0 0 1 0 1 0 0 0 0 1 0 0 0 0 0
60	17	0 0 0 0 0 1 0 0 0 1 1 0 0 0 0 0
60	11	0 0 0 0 0 1 0 0 0 0 1 0 0 1 0 0
60	1	0 1 0 0 1 0 1 0 0 0 0 0 0 0 1 1
60	37	0 1 0 0 0 1 1 0 1 0 1 0 0 0 0 0
60	46	0 1 0 0 0 1 0 0 0 1 1 0 0 0 0 0
60	15	0 0 0 0 1 1 0 0 0 0 0 0 0 0 0 0
60	19	0 0 0 0 0 1 1 0 0 0 1 0 0 0 0 0
60	8	0 1 0 0 0 1 1 0 0 0 1 0 0 0 0 0
60	19	0 0 1 0 0 1 0 0 0 0 1 0 0 0 0 0
60	24	1 0 0 0 0 1 0 0 0 0 1 0 0 0 0 0
60	27	1 0 0 1 0 1 0 0 0 0 1 0 0 0 0 0
60	18	0 0 0 0 0 1 0 0 0 0 1 0 0 0 1 0
60	15	0 1 0 0 0 0 0 0 0 0 1 0 0 0 0 0
60	13	0 1 1 0 0 1 0 0 1 1 0 0 0 0 0 0
60	7	0 1 0 0 0 1 1 0 1 1 1 0 1 0 0 0
60	4	0 0 0 0 0 1 0 1 0 0 1 0 0 0 0 0
60	7	1 0 0 0 0 1 0 0 1 1 1 0 0 0 0 0
60	10	1 0 0 1 1 1 1 0 0 0 1 0 0 0 0 0
60	3	0 1 0 0 0 0 1 0 0 0 1 0 0 0 0 0
60	5	1 1 1 0 0 1 1 0 1 1 0 0 0 0 0 1
60	6	0 1 1 0 0 1 1 0 0 0 1 0 0 0 0 0
60	15	0 1 1 0 1 1 1 0 1 1 0 0 0 0 0 0
60	36	0 0 0 0 0 1 0 0 0 0 1 1 0 0 0 0
60	19	0 0 0 0 0 1 1 0 0 0 1 0 0 0 1 0
60	35	0 1 0 0 0 0 1 0 1 1 1 0 0 0 0 0
60	10	0 0 0 0 0 1 0 0 1 0 1 1 0 0 0 0
60	25	0 0 0 0 0 1 0 0 0 0 1 0 1 0 0 0
60	1	0 1 0 0 0 1 1 0 1 0 1 1 0 0 0 0
60	2	1 1 0 0 0 0 0 0 0 0 1 0 0 0 0 0
60	12	1 0 0 0 0 0 0 0 0 0 1 0 0 0 0 0
60	1	0 0 0 0 1 1 0 0 0 0 1 0 0 0 0 0
60	9	0 1 0 0 0 1 0 0 0 1 1 0 1 0 0 0
60	1	0 0 0 0 0 1 0 0 1 0 1 1 0 0 0 1
60	13	0 1 0 0 0 1 0 0 0 0 1 1 0 0 0 0
60	1	0 1 1 0 1 1 1 0 1 0 1 0 0 0 0 0
60	1	0 1 0 0 0 0 1 0 1 1 1 1 0 0 0 0
60	6	0 1 0 0 0 1 0 0 0 0 1 0 0 0 0 1
60	1	0 0 0 0 0 1 1 0 1 0 1 0 0 0 0 0
60	2	0 0 1 0 0 1 0 0 1 1 0 0 0 0 0 0
60	5	0 0 0 1 0 1 0 1 0 0 1 0 0 0 0 0
60	4	0 1 0 0 1 1 1 0 0 0 1 0 0 0 0 0
60	2	0 0 0 0 0 1 0 0 0 1 1 1 0 0 0 0
60	1	0 0 0 0 0 1 0 0 1 1 1 0 0 0 0 0
60	3	1 1 1 0 0 1 1 0 0 0 1 0 0 0 0 0
60	1	0 1 0 0 0 1 1 0 1 1 0 0 0 0 0 0
60	1	0 0 1 0 1 1 0 0 0 0 0 0 0 0 0 0
60	1	0 0 0 0 0 1 1 0 1 1 1 0 0 0 0 0
60	3	0 1 0 0 0 1 0 0 0 0 1 0 1 0 0 0
60	5	0 0 0 1 0 1 0 0 0 0 1 0 0 0 1 0
60	4	0 0 0 1 0 1 0 0 0 0 0 0 0 0 0 0
60	1	0 0 0 0 1 1 1 0 0 0 1 0 0 0 0 0
60	1	0 1 0 0 0 1 1 1 1 0 1 0 0 0 0 0
60	3	0 1 0 0 0 0 1 0 0 0 0 0 0 0 0 1
60	2	0 1 1 0 0 1 0 0 0 0 1 0 0 1 0 0
60	2	0 0 0 0 0 1 0 1 1 1 1 1 0 0 0 0
60	1	0 1 1 1 0 1 1 0 1 1 0 0 0 0 0 0
60	2	0 0 1 1 0 1 0 0 0 0 1 0 0 0 0 0
60	1	0 1 0 0 1 1 1 0 1 0 1 0 0 0 0 0
60	1	0 1 0 1 0 1 0 0 0 1 1 0 0 0 0 0
60	1	0 0 0 0 1 1 0 0 0 0 1 0 1 0 0 0
60	1	0 0 0 0 1 1 0 0 0 0 1 0 0 0 0 1
60	1	1 0 0 1 1 1 1 0 0 0 1 0 0 0 0 1
60	1	0 1 1 0 0 1 0 0 0 0 1 0 0 0 0 0
60	1	0 1 1 0 0 1 1 0 1 0 0 0 0 0 0 0
80	109	0 0 0 0 0 1 0 0 0 0 1 0 0 0 0 0
80	28	0 1 0 0 0 1 0 0 0 0 1 0 0 0 0 0
80	35	0 1 0 0 0 1 1 0 1 1 1 0 0 0 0 0
80	47	0 0 0 0 0 1 0 0 0 0 1 0 0 0 0 1
80	119	0 1 1 0 0 1 1 0 1 1 0 0 0 0 0 0
80	45	0 0 0 1 0 1 0 0 0 0 1 0 0 0 0 0
80	13	0 0 0 0 0 1 0 0 0 1 1 0 0 0 0 0
80	14	0 0 0 0 0 1 0 0 0 0 1 0 0 1 0 0
80	12	0 1 0 0 0 1 1 0 1 0 1 0 0 0 0 0
80	20	0 1 0 0 0 1 0 0 0 1 1 0 0 0 0 0
80	6	0 0 0 0 0 1 1 0 0 0 1 0 0 0 0 0
80	18	0 1 0 0 0 1 1 0 0 0 1 0 0 0 0 0
80	24	0 0 1 0 0 1 0 0 0 0 1 0 0 0 0 0
80	12	1 0 0 0 0 1 0 0 0 0 1 0 0 0 0 0
80	33	1 0 0 1 0 1 0 0 0 0 1 0 0 0 0 0
80	6	0 0 0 0 0 1 0 0 0 0 1 0 0 0 1 0
80	26	0 1 0 0 0 0 0 0 0 0 1 0 0 0 0 0
80	2	0 1 1 0 0 1 0 0 1 1 0 0 0 0 0 0
80	12	0 1 0 0 0 1 1 0 1 1 1 0 1 0 0 0
80	5	1 1 1 0 0 1 1 0 1 1 0 0 0 0 0 1
80	28	0 1 1 0 1 1 1 0 1 1 0 0 0 0 0 0
80	36	0 0 0 0 0 1 0 0 0 0 1 1 0 0 0 0
80	64	0 1 0 0 0 0 1 0 1 1 1 0 0 0 0 0
80	21	0 1 0 0 0 1 0 0 0 0 1 1 0 0 0 0
80	12	0 1 0 0 1 1 1 0 0 0 1 0 0 0 0 0
80	7	0 1 0 0 0 1 0 0 0 0 1 0 1 0 0 0
80	9	0 1 0 1 0 0 1 0 1 1 1 0 0 0 0 0
80	3	1 0 0 0 0 1 0 0 0 0 1 1 0 0 0 0
80	15	0 1 0 1 0 0 0 0 1 1 1 0 0 0 0 0
80	1	0 1 0 0 0 1 0 0 0 1 1 0 1 0 0 1
80	5	0 1 1 0 0 1 1 0 1 1 0 0 0 1 0 0
80	14	1 0 0 1 0 1 1 0 0 0 1 0 0 0 0 0
80	1	0 1 0 0 0 1 1 1 1 1 1 0 0 0 0 0
80	3	0 0 0 0 0 1 0 1 0 1 1 0 0 0 0 0
80	11	0 0 0 0 0 1 0 0 0 0 1 0 1 1 0 0
80	3	0 1 1 0 0 1 1 0 0 0 1 0 0 0 0 0
80	10	0 0 0 1 0 1 0 0 0 0 1 0 0 0 0 1
80	3	0 0 1 0 0 1 0 0 0 1 1 0 0 0 0 0
80	2	0 1 0 0 0 0 0 1 0 0 0 0 0 0 0 0
80	1	0 1 1 0 1 1 0 0 0 0 1 1 0 0 0 0
80	3	0 0 0 0 0 1 1 0 1 1 1 0 1 0 0 0
80	15	0 1 1 0 0 1 1 0 1 0 0 0 0 0 0 0
80	4	0 0 0 0 0 1 0 1 0 0 1 1 0 0 0 0
80	1	0 1 0 0 0 1 1 0 1 1 1 1 1 0 0 0
80	6	0 1 0 0 1 1 1 0 1 1 1 0 1 1 0 0
80	6	0 1 1 0 1 1 1 0 1 0 1 0 0 0 0 0
80	8	0 1 1 0 0 1 0 0 0 0 1 0 0 0 0 0
80	2	0 1 0 0 0 0 0 0 0 0 0 0 0 0 0 0
80	1	1 0 0 0 1 0 0 0 1 0 1 0 0 0 0 0
80	10	0 1 1 0 0 1 1 0 0 1 1 0 0 0 0 0
80	1	0 1 1 0 0 1 1 0 1 1 0 0 0 0 0 1
80	7	1 1 0 0 0 0 1 0 1 1 1 0 0 0 0 0
80	6	1 1 1 0 0 1 0 0 1 1 0 0 0 0 0 0
80	4	0 0 1 0 1 1 1 0 1 1 0 0 0 0 0 0
80	4	0 1 0 0 0 0 1 0 1 1 1 0 0 1 0 0
80	9	0 1 1 0 0 1 1 0 1 1 0 0 0 0 1 0
80	5	0 1 1 0 0 1 1 0 1 0 0 0 0 0 1 0
80	5	0 1 0 0 0 1 0 0 1 1 0 0 0 0 0 0
80	4	0 1 0 0 1 1 1 0 1 1 1 0 0 0 0 0
80	6	0 1 0 0 0 1 1 0 0 1 1 0 0 0 0 0
80	2	0 0 0 0 1 1 0 0 0 0 1 0 1 0 0 0
80	10	0 0 0 0 0 0 1 0 1 1 1 0 0 0 0 0
80	1	0 0 0 0 0 1 0 1 0 0 1 0 0 0 0 0
80	1	1 0 0 1 0 0 0 0 0 0 1 0 0 0 0 0
80	3	1 0 0 0 0 0 0 0 0 0 1 0 0 1 0 0
80	4	1 1 0 0 1 1 1 0 0 0 1 0 0 0 0 0
80	3	0 0 0 0 0 0 0 0 0 0 1 0 0 0 0 0
80	2	0 0 0 1 0 1 0 0 0 0 1 0 1 0 0 0
80	1	0 0 0 1 0 1 1 0 0 0 1 0 0 0 0 0
80	1	0 0 1 0 0 1 0 0 1 1 0 0 0 0 0 0
80	1	0 1 1 0 0 1 1 0 1 1 1 0 0 0 0 0
80	2	0 1 1 0 0 0 1 0 1 1 1 0 0 0 0 0
80	3	0 1 0 0 0 1 0 1 0 0 1 0 0 0 0 0
80	3	0 0 0 0 0 1 0 0 1 0 1 0 0 0 0 1
80	1	0 0 0 0 0 1 0 0 0 0 1 0 0 0 1 1
80	3	0 0 0 0 0 1 0 0 0 0 0 0 0 0 0 1
80	2	0 1 1 0 0 1 1 0 0 1 0 0 0 0 0 0
80	1	0 1 1 0 1 1 1 1 1 1 0 0 0 0 0 0
80	3	0 1 0 0 0 0 1 1 1 1 1 0 0 0 0 0
80	2	0 1 1 0 0 1 1 0 1 1 0 0 0 1 0 1
80	3	1 1 0 0 0 0 1 0 1 1 1 1 0 0 0 0
80	1	1 0 1 0 1 1 1 0 1 1 0 0 0 0 0 0
80	1	1 0 0 1 0 1 1 0 1 1 1 0 0 0 0 0
80	1	0 0 0 1 1 1 0 0 0 0 1 0 0 0 0 0
80	1	0 1 0 0 0 1 1 0 1 0 1 0 0 0 0 1
80	1	1 0 0 1 0 1 0 0 0 0 1 0 0 1 0 0
80	1	0 1 1 0 0 1 0 0 1 0 0 0 0 0 0 0
100	51	0 0 0 0 0 1 0 0 0 0 1 0 0 0 0 0
100	16	0 1 0 0 0 1 0 0 0 0 1 0 0 0 0 0
100	30	0 1 0 0 0 1 1 0 1 1 1 0 0 0 0 0
100	4	0 0 0 0 0 1 0 0 0 0 1 0 0 0 0 1
100	91	0 1 1 0 0 1 1 0 1 1 0 0 0 0 0 0
100	39	0 0 0 1 0 1 0 0 0 0 1 0 0 0 0 0
100	17	0 0 0 0 0 1 0 0 0 1 1 0 0 0 0 0
100	21	0 0 0 0 0 1 0 0 0 0 1 0 0 1 0 0
100	7	0 1 0 0 0 1 1 0 1 0 1 0 0 0 0 0
100	5	0 1 0 0 0 1 0 0 0 1 1 0 0 0 0 0
100	13	0 0 0 0 0 1 1 0 0 0 1 0 0 0 0 0
100	20	0 1 0 0 0 1 1 0 0 0 1 0 0 0 0 0
100	35	0 0 1 0 0 1 0 0 0 0 1 0 0 0 0 0
100	41	1 0 0 0 0 1 0 0 0 0 1 0 0 0 0 0
100	6	1 0 0 1 0 1 0 0 0 0 1 0 0 0 0 0
100	8	0 0 0 0 0 1 0 0 0 0 1 0 0 0 1 0
100	5	0 1 0 0 0 0 0 0 0 0 1 0 0 0 0 0
100	14	1 1 1 0 0 1 1 0 1 1 0 0 0 0 0 1
100	38	0 1 1 0 1 1 1 0 1 1 0 0 0 0 0 0
100	19	0 0 0 0 0 1 0 0 0 0 1 1 0 0 0 0
100	34	0 1 0 0 0 0 1 0 1 1 1 0 0 0 0 0
100	4	0 1 0 0 0 1 0 0 0 0 1 1 0 0 0 0
100	26	0 1 0 1 0 0 1 0 1 1 1 0 0 0 0 0
100	29	1 0 0 0 0 1 0 0 0 0 1 1 0 0 0 0
100	4	0 1 0 0 0 1 1 1 1 1 1 0 0 0 0 0
100	24	0 0 1 0 0 1 0 0 0 1 1 0 0 0 0 0
100	61	0 1 1 0 0 1 1 0 1 0 0 0 0 0 0 0
100	2	0 1 1 0 1 1 1 0 1 0 1 0 0 0 0 0
100	11	0 1 1 0 0 1 0 0 0 0 1 0 0 0 0 0
100	6	0 1 0 0 0 0 0 0 0 0 0 0 0 0 0 0
100	15	1 0 0 0 1 0 0 0 1 0 1 0 0 0 0 0
100	19	0 1 1 0 0 1 1 0 0 1 1 0 0 0 0 0
100	12	0 1 0 0 0 0 1 0 1 1 1 0 0 1 0 0
100	4	0 0 0 1 0 1 0 0 0 0 1 0 1 0 0 0
100	16	0 1 1 0 0 1 1 0 0 0 1 1 0 0 0 0
100	17	0 1 0 1 0 1 1 0 1 1 1 0 0 0 0 0
100	19	0 0 0 0 0 1 1 0 1 1 1 1 1 0 0 0
100	1	0 0 0 0 0 1 0 0 1 0 1 0 0 0 0 0
100	3	0 1 0 0 0 0 1 1 1 1 1 0 0 0 0 0
100	2	0 1 0 0 0 1 0 0 0 1 1 1 0 0 0 0
100	3	1 1 1 0 0 1 1 0 1 1 0 0 0 1 0 1
100	9	0 1 0 1 0 0 1 0 0 0 1 0 0 0 1 0
100	1	0 1 1 0 0 1 1 0 1 1 1 0 0 0 0 0
100	8	0 0 1 0 1 1 0 0 0 1 1 0 0 0 0 0
100	18	0 1 1 0 0 0 1 0 1 1 0 0 0 0 0 0
100	2	1 1 0 0 0 1 0 0 0 1 1 0 0 0 0 0
100	7	0 0 1 0 0 1 0 0 0 0 1 0 0 1 0 0
100	11	1 0 0 0 0 1 0 0 0 0 1 0 0 0 1 0
100	1	0 0 0 0 0 1 0 0 0 0 0 0 1 1 0 0
100	9	0 0 0 0 0 1 0 0 0 0 1 1 0 0 1 0
100	5	0 1 1 0 1 1 1 0 1 0 1 1 0 0 0 0
100	2	0 1 0 0 0 1 1 0 1 1 0 0 0 0 0 0
100	4	0 1 1 0 1 1 1 0 1 1 0 0 0 0 0 1
100	7	0 1 1 0 1 1 1 0 1 1 1 0 0 0 0 0
100	5	0 1 1 0 0 1 1 0 0 0 1 0 0 0 0 0
100	4	1 0 0 0 1 0 1 0 1 1 0 0 0 0 0 0
100	1	0 1 0 0 0 1 1 0 1 1 1 0 0 0 0 1
100	1	0 1 0 1 0 0 1 0 1 1 1 0 1 0 0 0
100	5	1 0 0 0 0 1 0 0 0 0 1 0 0 1 0 0
100	3	0 0 1 0 0 1 0 0 0 0 1 1 0 0 0 0
100	2	0 0 0 0 0 1 0 1 0 0 1 0 0 1 0 0
100	12	1 0 0 0 0 1 0 1 0 0 1 1 0 0 0 0
100	3	0 1 1 0 0 1 1 1 0 1 1 0 0 0 0 0
100	4	1 1 0 0 0 1 0 0 0 1 1 0 0 1 0 0
100	5	0 0 0 0 0 1 1 0 1 1 1 0 0 0 0 0
100	1	0 1 0 0 0 1 0 0 1 0 1 0 0 0 0 0
100	1	0 1 1 0 1 1 1 0 1 0 0 0 0 0 0 0
100	1	0 1 1 0 1 1 1 0 1 0 1 0 0 0 1 0
100	4	0 1 0 0 0 1 0 0 1 1 0 0 0 0 1 0
100	12	0 0 0 0 1 1 1 0 1 1 1 1 1 0 0 0
100	2	0 1 1 0 0 0 1 1 1 1 1 0 0 0 0 0
100	2	0 1 1 0 0 1 1 0 0 0 0 1 0 0 0 0
100	2	0 1 0 0 0 1 1 1 0 1 1 0 0 0 0 0
100	1	0 1 1 0 1 1 1 0 0 0 1 0 0 0 0 0
100	1	0 1 0 0 0 0 1 0 1 0 1 0 0 0 0 0
100	2	0 0 1 0 0 1 0 0 1 0 1 0 0 0 0 0
100	1	0 1 0 0 0 0 1 0 1 1 1 0 0 0 1 0
100	6	0 1 1 1 0 1 1 0 1 0 0 0 0 0 0 0
100	3	0 1 1 1 0 1 1 0 0 0 1 1 0 0 0 0
100	1	0 0 0 0 1 1 0 0 0 0 1 1 0 0 1 0
100	1	0 0 0 0 1 1 1 0 1 1 0 0 0 0 0 0
100	3	0 0 0 0 0 1 0 0 0 1 0 0 0 0 0 0
100	3	1 0 0 0 0 1 0 0 0 0 0 0 0 0 0 0
100	3	0 1 1 1 0 0 1 0 1 1 1 0 0 0 0 0
100	1	0 1 1 0 0 1 1 0 0 1 1 0 0 0 1 0
100	1	0 1 0 0 0 1 1 0 1 0 0 0 0 0 0 0
100	2	0 1 0 0 0 1 0 0 0 1 0 0 0 0 0 0
100	1	0 1 0 0 0 0 1 0 1 1 0 0 0 0 0 0
100	1	0 1 0 1 0 0 1 0 1 1 0 0 0 0 0 0
100	3	0 1 1 0 0 0 1 0 0 0 1 0 0 0 0 0
100	2	0 1 1 0 1 1 1 0 0 0 1 1 0 0 0 0
100	1	0 1 1 0 0 1 1 0 0 1 0 0 0 0 0 0
100	1	1 0 1 0 0 1 0 0 0 0 1 0 0 0 0 0
100	2	0 0 0 0 0 1 0 0 0 1 1 0 0 0 1 0
100	1	0 1 1 0 1 1 1 1 1 1 0 0 0 0 0 0
100	2	1 0 0 1 0 1 0 0 0 0 1 1 0 0 0 0
100	2	0 0 1 0 0 1 1 0 1 0 0 0 0 0 0 0
100	2	0 1 1 0 0 1 1 1 1 0 0 0 0 0 0 0
100	2	0 1 1 0 0 1 0 0 0 0 1 1 0 0 0 0
100	3	1 0 0 0 1 0 0 0 1 0 1 0 0 0 0 1
100	1	0 1 0 1 0 1 0 0 1 1 1 0 0 0 0 0
100	1	1 1 0 0 0 0 0 0 0 1 1 0 0 1 0 0
120	13	0 0 0 0 0 1 0 0 0 0 1 0 0 0 0 0
120	5	0 1 0 0 0 1 0 0 0 0 1 0 0 0 0 0
120	15	0 1 0 0 0 1 1 0 1 1 1 0 0 0 0 0
120	96	0 1 1 0 0 1 1 0 1 1 0 0 0 0 0 0
120	3	0 0 0 1 0 1 0 0 0 0 1 0 0 0 0 0
120	17	0 0 0 0 0 1 0 0 0 0 1 0 0 1 0 0
120	4	0 0 0 0 0 1 1 0 0 0 1 0 0 0 0 0
120	9	0 1 0 0 0 1 1 0 0 0 1 0 0 0 0 0
120	17	0 0 1 0 0 1 0 0 0 0 1 0 0 0 0 0
120	27	1 0 0 0 0 1 0 0 0 0 1 0 0 0 0 0
120	9	0 0 0 0 0 1 0 0 0 0 1 0 0 0 1 0
120	24	1 1 1 0 0 1 1 0 1 1 0 0 0 0 0 1
120	57	0 1 1 0 1 1 1 0 1 1 0 0 0 0 0 0
120	5	0 0 0 0 0 1 0 0 0 0 1 1 0 0 0 0
120	3	0 1 0 0 0 0 1 0 1 1 1 0 0 0 0 0
120	9	0 1 0 0 0 1 0 0 0 0 1 1 0 0 0 0
120	6	0 1 0 1 0 0 1 0 1 1 1 0 0 0 0 0
120	65	1 0 0 0 0 1 0 0 0 0 1 1 0 0 0 0
120	33	0 0 1 0 0 1 0 0 0 1 1 0 0 0 0 0
120	45	0 1 1 0 0 1 1 0 1 0 0 0 0 0 0 0
120	18	0 1 1 0 0 1 0 0 0 0 1 0 0 0 0 0
120	11	0 1 0 0 0 0 0 0 0 0 0 0 0 0 0 0
120	1	1 0 0 0 1 0 0 0 1 0 1 0 0 0 0 0
120	7	0 1 1 0 0 1 1 0 0 1 1 0 0 0 0 0
120	19	0 1 1 0 0 1 1 0 0 0 1 1 0 0 0 0
120	4	0 1 0 1 0 1 1 0 1 1 1 0 0 0 0 0
120	7	0 0 0 0 0 1 1 0 1 1 1 1 1 0 0 0
120	5	1 1 1 0 0 1 1 0 1 1 0 0 0 1 0 1
120	7	0 1 0 1 0 0 1 0 0 0 1 0 0 0 1 0
120	1	0 0 1 0 1 1 0 0 0 1 1 0 0 0 0 0
120	3	0 0 1 0 0 1 0 0 0 0 1 0 0 1 0 0
120	8	1 0 0 0 0 1 0 0 0 0 1 0 0 0 1 0
120	4	0 1 1 0 1 1 1 0 1 0 1 1 0 0 0 0
120	7	0 1 1 0 1 1 1 0 1 1 1 0 0 0 0 0
120	11	1 0 0 0 1 0 1 0 1 1 0 0 0 0 0 0
120	9	0 1 1 0 0 1 1 1 0 1 1 0 0 0 0 0
120	4	1 0 0 0 0 1 0 0 0 0 0 0 0 0 0 0
120	3	0 1 0 0 0 1 0 0 0 1 0 0 0 0 0 0
120	1	0 0 0 0 0 1 0 0 0 1 1 0 0 0 1 1
120	3	0 0 0 1 0 1 1 0 0 0 1 0 0 0 0 0
120	6	0 0 0 0 0 1 1 0 0 0 1 0 0 1 0 0
120	8	1 0 0 0 0 1 0 1 1 0 1 1 0 0 0 0
120	3	0 1 0 0 0 0 1 0 1 1 1 0 0 0 1 0
120	3	0 1 0 0 0 1 1 0 1 1 1 0 1 0 0 0
120	3	1 1 1 0 0 1 1 0 0 0 1 0 0 0 0 1
120	2	1 1 1 0 0 1 1 0 1 1 0 0 0 0 1 0
120	5	0 1 1 0 0 1 0 0 0 1 1 0 0 0 0 0
120	9	1 0 0 0 0 1 0 0 1 1 1 0 0 0 0 0
120	46	1 0 0 0 0 1 0 1 0 0 0 0 0 0 0 0
120	9	0 0 1 0 0 1 1 0 1 1 0 0 0 0 0 0
120	15	1 0 0 0 0 1 0 0 0 1 0 0 0 0 0 0
120	5	0 1 1 0 0 1 1 0 1 0 0 0 0 0 1 0
120	57	1 1 1 0 0 1 1 0 1 1 0 0 0 0 0 0
120	1	0 1 0 1 0 1 0 0 0 0 1 0 0 0 0 0
120	4	0 1 0 0 0 1 0 0 0 0 1 0 0 0 1 0
120	23	0 1 0 1 0 0 0 0 0 0 0 0 0 0 0 0
120	1	0 1 0 1 0 1 0 1 0 0 1 0 0 0 0 0
120	3	0 0 0 0 0 1 0 0 1 1 1 0 0 0 0 0
120	4	0 0 0 0 0 1 1 0 1 0 0 0 0 0 0 0
120	1	0 1 1 0 0 1 1 0 0 0 1 0 0 0 1 0
120	1	1 1 1 0 0 1 1 0 1 0 0 0 0 0 0 1
120	1	1 1 1 0 0 1 1 0 0 0 0 0 0 0 0 0
120	6	1 0 0 0 0 1 0 0 1 0 0 0 0 0 0 1
120	3	0 1 1 0 0 1 1 0 1 1 0 0 0 0 0 1
120	5	0 1 0 0 0 0 1 0 0 0 1 0 0 0 0 0
120	2	0 0 1 0 0 1 0 0 0 0 0 0 0 0 0 0
120	14	0 1 0 1 0 0 1 0 1 1 1 1 0 0 0 0
120	2	0 0 1 0 0 1 0 0 1 1 1 0 0 0 0 0
120	3	0 0 0 0 0 0 1 0 0 1 1 0 0 0 1 0
120	2	0 1 0 0 0 1 1 0 1 1 0 0 0 0 0 0
120	4	1 0 0 0 0 1 0 1 0 0 0 0 0 0 1 0
120	5	0 1 0 1 0 0 0 0 1 1 0 1 0 0 0 1
120	2	0 1 1 0 0 1 0 0 1 1 0 0 0 0 0 0
120	3	1 0 0 1 0 1 0 0 0 0 1 1 0 0 0 0
120	6	1 0 0 0 0 1 0 1 1 1 1 0 0 0 0 0
120	2	0 1 1 0 0 1 1 0 1 0 0 0 1 0 1 0
120	3	0 1 1 0 1 1 1 0 0 1 1 0 0 0 0 0
120	4	0 0 1 0 0 1 1 0 0 0 1 1 0 0 0 0
120	10	1 0 0 0 0 1 1 0 1 1 0 0 0 0 0 0
120	11	0 1 1 0 0 1 1 0 1 1 0 0 0 0 1 0
120	1	1 0 0 0 0 1 1 0 1 1 1 1 1 0 0 0
120	1	0 0 0 0 0 1 1 0 1 1 0 1 0 0 0 0
120	2	0 1 0 0 0 0 1 0 1 1 0 0 0 0 1 0
120	4	0 0 1 1 0 1 0 0 1 1 1 0 0 0 0 0
120	18	0 1 1 0 0 1 1 1 1 1 0 0 0 0 0 0
120	4	1 0 0 0 1 0 1 0 0 1 0 0 0 0 0 0
120	2	0 0 0 0 0 1 1 0 1 1 1 1 0 0 0 0
120	2	0 1 0 0 0 1 0 1 1 0 1 1 0 0 0 0
120	1	0 0 1 0 0 1 1 0 0 1 1 0 0 0 0 0
120	1	0 1 1 0 0 1 1 0 0 0 1 1 0 0 1 0
120	5	0 1 1 0 1 1 1 0 1 1 1 1 0 0 0 0
120	2	0 1 1 0 0 1 0 0 0 0 1 1 0 0 0 0
120	2	1 0 0 0 0 1 0 1 0 1 0 0 0 0 0 0
120	1	0 1 0 1 0 1 1 0 1 0 0 0 0 0 1 0
120	1	1 1 1 0 0 1 0 0 0 0 1 0 0 0 0 0
120	3	0 0 1 1 0 1 0 1 0 1 1 0 0 0 0 0
120	4	1 1 0 1 0 0 0 0 0 0 0 0 0 0 0 0
120	3	0 0 0 0 0 1 0 0 0 1 0 0 0 0 0 0
120	2	1 1 1 0 0 1 1 0 1 1 1 0 0 0 1 0
120	1	1 0 0 0 0 1 0 1 0 0 1 0 0 0 0 0
120	3	1 1 0 1 0 1 0 0 0 1 1 0 0 0 0 0
120	3	0 0 0 0 0 1 0 0 0 0 1 0 1 0 0 0
120	2	0 1 0 0 0 0 1 0 0 1 1 0 0 0 0 0
120	3	1 0 1 0 0 1 0 0 0 0 1 1 0 0 0 0
120	1	0 0 1 0 0 1 0 1 0 1 1 0 0 0 0 0
120	2	1 0 0 0 0 1 0 1 0 0 1 1 0 0 1 0
120	4	0 0 1 0 0 1 1 0 1 1 0 0 1 0 0 0
120	1	0 0 1 0 0 1 1 0 1 1 1 0 0 0 0 0
120	1	0 1 0 0 0 1 1 0 1 1 1 0 0 0 0 1
120	2	0 1 1 0 1 1 1 0 0 0 1 0 0 0 0 0
120	1	0 1 1 0 1 1 1 0 0 0 1 0 0 1 0 0
120	1	0 1 1 0 0 1 1 0 1 0 0 1 0 0 0 0
120	1	0 0 0 0 0 1 1 0 1 1 0 0 0 0 0 0
120	2	1 0 0 0 0 1 0 1 1 0 1 0 0 0 0 0
120	2	1 1 1 0 0 1 1 0 1 1 0 0 1 0 1 0
120	1	1 1 1 0 0 1 1 0 1 0 0 0 0 0 0 0
120	2	0 1 0 0 0 1 1 0 1 1 0 0 0 1 0 1
120	2	0 0 1 1 0 1 1 0 1 1 0 0 0 0 0 0
120	1	0 0 0 0 0 1 1 0 1 0 0 0 0 0 0 1
120	1	0 1 0 0 1 1 1 0 1 1 0 0 0 0 0 0
120	1	0 1 1 0 0 0 1 0 1 1 1 0 0 0 0 0
120	3	1 0 0 0 0 1 1 0 0 0 1 1 0 0 0 0
120	1	0 1 1 0 0 1 1 0 0 0 1 1 0 0 0 1
120	1	1 0 0 0 0 1 0 0 0 0 1 0 1 0 1 0
120	1	1 0 0 0 0 1 0 1 1 0 1 1 1 0 0 0
120	1	1 0 0 1 0 1 0 0 0 1 0 0 0 0 0 0
120	1	0 1 0 1 0 0 1 0 1 1 1 1 0 0 1 0
120	3	0 0 0 1 0 0 1 0 1 1 1 1 0 0 0 0
140	143	0 1 1 0 0 1 1 0 1 1 0 0 0 0 0 0
140	8	0 0 0 0 0 1 0 0 0 0 1 0 0 1 0 0
140	2	0 0 0 0 0 1 1 0 0 0 1 0 0 0 0 0
140	28	0 1 0 0 0 1 1 0 0 0 1 0 0 0 0 0
140	8	0 0 1 0 0 1 0 0 0 0 1 0 0 0 0 0
140	53	0 1 1 0 1 1 1 0 1 1 0 0 0 0 0 0
140	3	0 1 0 0 0 1 0 0 0 0 1 1 0 0 0 0
140	2	0 1 0 1 0 0 1 0 1 1 1 0 0 0 0 0
140	106	1 0 0 0 0 1 0 0 0 0 1 1 0 0 0 0
140	45	0 0 1 0 0 1 0 0 0 1 1 0 0 0 0 0
140	34	0 1 1 0 0 1 1 0 1 0 0 0 0 0 0 0
140	1	0 1 1 0 0 1 0 0 0 0 1 0 0 0 0 0
140	1	0 1 1 0 0 1 1 0 0 1 1 0 0 0 0 0
140	23	0 1 1 0 0 1 1 0 0 0 1 1 0 0 0 0
140	10	0 0 0 0 0 1 1 0 1 1 1 1 1 0 0 0
140	29	1 0 0 0 1 0 1 0 1 1 0 0 0 0 0 0
140	35	1 0 0 0 0 1 0 1 1 0 1 1 0 0 0 0
140	2	0 1 0 0 0 1 1 0 1 1 1 0 1 0 0 0
140	42	1 0 0 0 0 1 0 1 0 0 0 0 0 0 0 0
140	35	1 1 1 0 0 1 1 0 1 1 0 0 0 0 0 0
140	8	0 1 0 1 0 1 0 0 0 0 1 0 0 0 0 0
140	3	0 0 0 0 0 1 0 0 1 1 1 0 0 0 0 0
140	14	0 1 0 1 0 0 1 0 1 1 1 1 0 0 0 0
140	4	0 1 0 0 0 1 1 0 1 1 0 0 0 0 0 0
140	3	1 0 0 0 0 1 1 0 1 1 1 1 1 0 0 0
140	9	1 0 0 0 1 0 1 0 0 1 0 0 0 0 0 0
140	1	0 0 1 1 0 1 0 1 0 1 1 0 0 0 0 0
140	3	1 1 0 1 0 0 0 0 0 0 0 0 0 0 0 0
140	4	0 0 1 0 0 1 1 0 1 1 0 0 1 0 0 0
140	8	0 1 1 0 1 0 1 0 1 1 0 0 0 0 0 0
140	3	0 1 0 0 0 1 1 0 1 1 1 0 0 1 0 0
140	15	1 0 0 0 1 0 1 0 0 1 0 0 0 0 0 1
140	11	0 1 1 0 0 1 0 0 0 0 1 1 0 0 0 0
140	15	1 0 0 0 1 0 1 0 1 1 1 0 0 0 0 0
140	9	1 0 0 0 0 1 0 0 0 1 1 1 0 0 0 0
140	1	1 0 0 0 0 0 1 0 1 1 0 0 0 0 0 0
140	1	1 1 1 0 0 1 1 0 0 1 0 0 0 0 0 0
140	1	1 1 1 0 0 1 0 0 0 0 1 1 0 0 0 0
140	11	1 0 0 0 0 1 0 1 1 0 0 0 0 0 0 0
140	13	1 0 0 0 1 1 0 0 0 1 0 0 0 0 0 0
140	8	0 1 0 0 1 1 1 0 1 1 0 0 0 0 0 0
140	4	1 0 0 0 0 1 0 0 1 0 1 1 0 0 0 0
140	9	0 1 1 0 0 1 1 0 0 1 0 0 0 0 0 0
140	10	0 1 1 0 0 0 1 0 1 0 0 0 0 0 0 0
140	8	0 1 1 0 0 1 1 0 1 0 1 0 0 0 0 0
140	11	1 1 1 0 0 0 1 0 1 1 0 0 0 0 0 0
140	8	1 1 1 0 0 1 0 0 0 1 0 0 0 0 0 0
140	4	0 1 1 0 0 1 1 0 1 1 0 0 1 0 0 0
140	9	0 0 1 0 0 1 0 0 0 1 1 0 0 1 0 0
140	12	0 0 1 0 0 1 0 0 0 0 1 0 0 0 1 0
140	13	0 1 1 0 0 1 0 0 1 1 0 0 0 0 0 0
140	9	0 1 0 0 0 1 0 0 1 0 1 1 0 0 0 0
140	14	0 1 0 1 0 0 1 0 1 1 0 1 0 0 0 0
140	14	0 0 0 0 0 1 0 0 0 1 1 1 0 0 0 0
140	6	0 1 1 0 1 1 1 0 1 1 0 0 0 0 1 0
140	1	1 0 0 0 0 0 1 0 0 1 1 0 0 0 0 0
140	1	1 0 0 0 0 1 0 0 0 0 0 1 0 0 0 0
140	3	0 0 1 0 0 1 0 1 0 1 1 0 0 0 0 0
140	1	1 1 1 0 0 1 1 0 1 1 1 0 0 0 0 0
140	2	0 1 0 0 0 1 1 0 1 1 0 1 0 0 0 0
140	1	0 1 1 0 1 1 1 1 1 1 0 0 0 0 0 0
140	4	0 1 1 1 0 1 0 0 1 1 0 0 0 0 0 0
140	3	1 1 1 0 0 1 0 0 1 1 0 0 0 0 0 0
140	15	1 1 1 0 0 1 1 0 1 0 1 1 0 0 0 0
140	1	0 0 0 0 0 1 0 0 0 0 1 1 0 0 0 0
140	3	0 1 1 1 0 1 1 0 0 1 1 0 0 0 0 0
140	3	1 0 0 0 0 1 0 1 0 0 0 0 1 0 0 0
140	1	0 0 1 0 0 1 1 0 1 1 0 0 0 0 0 0
140	4	1 0 0 0 0 0 0 0 0 0 1 1 0 0 0 0
140	5	1 0 0 0 0 1 0 1 0 0 0 0 0 0 1 0
140	1	1 0 0 0 0 1 1 1 0 0 0 0 0 0 0 0
140	1	0 1 1 0 1 1 0 0 0 0 1 1 0 0 0 0
140	9	0 1 1 0 0 1 1 0 1 1 1 0 0 0 0 0
140	2	1 0 0 1 0 0 1 0 1 1 1 1 0 0 0 0
140	1	0 1 1 0 1 0 1 0 0 0 0 0 0 0 0 0
140	4	0 0 1 0 0 1 1 0 0 0 1 0 0 0 0 0
140	3	0 0 1 0 0 1 0 0 0 1 1 0 0 0 0 1
140	1	0 0 1 0 0 1 1 0 0 0 1 1 0 0 0 0
140	10	0 1 0 1 0 1 0 0 1 0 1 1 0 0 0 0
140	4	1 1 0 0 0 1 0 0 0 0 0 1 0 0 0 0
140	2	1 0 0 0 0 1 0 0 1 1 0 0 0 0 0 0
140	1	1 0 0 0 0 1 1 0 1 1 1 1 0 0 0 0
140	1	0 0 0 0 0 1 1 0 0 1 0 0 0 0 0 0
140	2	0 1 1 1 0 1 1 0 1 1 0 0 0 0 0 0
140	1	0 1 1 0 0 1 1 1 1 1 0 0 0 0 0 0
140	2	1 0 0 0 0 1 0 0 0 0 1 1 0 1 0 0
140	3	1 0 0 0 0 1 0 1 0 0 0 1 0 0 0 0
140	4	0 0 0 1 0 0 1 0 1 1 1 1 0 0 0 0
140	1	1 0 0 0 0 0 1 0 1 1 1 1 1 0 0 0
140	2	0 0 0 0 0 1 1 0 1 1 0 0 1 0 0 0
140	1	1 0 1 0 1 0 1 0 1 1 1 0 0 0 0 0
140	1	0 1 1 0 0 1 1 0 1 1 1 1 0 0 0 0
140	1	1 0 0 0 0 1 1 0 1 1 0 0 0 0 0 0
140	1	1 0 0 0 1 0 1 0 1 0 1 1 0 0 0 0
140	1	1 0 0 0 0 1 1 0 0 0 1 1 0 0 0 0
140	3	0 0 0 0 1 1 0 0 0 0 1 1 0 0 0 0
140	1	0 1 1 0 0 1 1 0 0 0 0 0 0 0 1 0
140	2	1 0 0 0 0 1 0 0 1 0 1 1 0 1 0 0
160	174	0 1 1 0 0 1 1 0 1 1 0 0 0 0 0 0
160	13	0 1 0 0 0 1 1 0 0 0 1 0 0 0 0 0
160	5	0 1 1 0 1 1 1 0 1 1 0 0 0 0 0 0
160	28	1 0 0 0 0 1 0 0 0 0 1 1 0 0 0 0
160	34	0 0 1 0 0 1 0 0 0 1 1 0 0 0 0 0
160	32	0 1 1 0 0 1 1 0 1 0 0 0 0 0 0 0
160	15	1 0 0 0 1 0 1 0 1 1 0 0 0 0 0 0
160	5	1 0 0 0 0 1 0 1 0 0 0 0 0 0 0 0
160	12	1 1 1 0 0 1 1 0 1 1 0 0 0 0 0 0
160	4	0 1 0 1 0 1 0 0 0 0 1 0 0 0 0 0
160	17	0 1 0 1 0 0 1 0 1 1 1 1 0 0 0 0
160	9	0 1 0 0 0 1 1 0 1 1 0 0 0 0 0 0
160	3	1 0 0 0 1 0 1 0 0 1 0 0 0 0 0 0
160	6	1 0 0 0 1 0 1 0 0 1 0 0 0 0 0 1
160	31	0 1 1 0 0 1 0 0 0 0 1 1 0 0 0 0
160	3	1 0 0 0 1 0 1 0 1 1 1 0 0 0 0 0
160	5	1 1 1 0 0 1 1 0 0 1 0 0 0 0 0 0
160	4	1 0 0 0 0 1 0 1 1 0 0 0 0 0 0 0
160	7	1 0 0 0 1 1 0 0 0 1 0 0 0 0 0 0
160	8	0 1 1 0 0 1 1 0 1 0 1 0 0 0 0 0
160	3	0 0 1 0 0 1 0 0 0 1 1 0 0 1 0 0
160	8	0 1 1 0 0 1 0 0 1 1 0 0 0 0 0 0
160	14	0 1 0 0 0 1 0 0 1 0 1 1 0 0 0 0
160	7	0 1 0 1 0 0 1 0 1 1 0 1 0 0 0 0
160	11	0 0 0 0 0 1 0 0 0 1 1 1 0 0 0 0
160	1	0 1 1 0 1 1 1 0 1 1 0 0 0 0 1 0
160	4	1 1 1 0 0 1 0 0 1 1 0 0 0 0 0 0
160	1	0 0 1 0 0 1 1 0 1 1 0 0 0 0 0 0
160	5	0 1 1 0 0 1 1 0 1 1 1 0 0 0 0 0
160	6	1 0 0 1 0 0 1 0 1 1 1 1 0 0 0 0
160	10	0 0 1 0 0 1 0 0 0 1 1 0 0 0 0 1
160	8	0 0 1 0 0 1 1 0 0 0 1 1 0 0 0 0
160	33	0 1 0 1 0 1 0 0 1 0 1 1 0 0 0 0
160	5	1 1 0 0 0 1 0 0 0 0 0 1 0 0 0 0
160	10	1 0 0 0 0 1 0 0 1 1 0 0 0 0 0 0
160	21	1 0 0 0 0 1 1 0 1 1 1 1 0 0 0 0
160	18	0 0 0 1 0 0 1 0 1 1 1 1 0 0 0 0
160	9	0 0 0 0 1 1 0 0 0 0 1 1 0 0 0 0
160	1	0 0 0 0 0 1 0 1 1 0 1 1 0 0 0 0
160	12	0 1 0 1 1 1 0 0 0 0 1 0 0 0 0 0
160	1	0 1 1 0 0 1 1 0 0 0 1 0 0 0 0 0
160	16	1 0 1 0 0 1 0 0 0 0 1 1 0 0 0 0
160	18	0 1 0 1 0 1 1 0 1 1 1 0 0 0 0 0
160	19	0 1 1 0 1 1 0 1 0 0 0 0 0 0 0 0
160	7	0 1 1 0 0 0 1 0 1 1 0 1 0 0 0 0
160	4	0 1 1 0 0 1 1 0 0 1 1 1 0 0 0 0
160	1	0 0 0 1 0 0 1 0 1 0 1 1 0 0 0 0
160	3	0 1 0 0 0 1 0 0 1 1 0 0 0 0 0 0
160	6	0 0 1 0 1 1 1 0 1 1 0 0 0 0 0 0
160	21	1 1 0 0 0 1 1 0 0 1 0 0 0 0 0 0
160	3	0 1 1 0 0 1 0 0 1 1 1 0 0 0 0 0
160	26	1 1 0 0 0 1 0 0 1 1 0 0 0 0 0 0
160	8	0 1 1 0 0 1 1 1 0 0 1 0 0 0 0 0
160	12	0 0 1 0 0 0 0 0 0 1 1 0 0 0 0 0
160	6	1 0 0 0 1 0 0 0 0 0 1 1 0 0 0 0
160	3	0 1 1 0 0 1 1 0 1 1 0 0 0 0 1 0
160	11	0 0 1 0 0 1 0 0 0 0 1 1 0 0 0 0
160	10	1 1 0 0 0 1 1 0 1 1 0 0 0 0 0 0
160	7	0 0 1 0 1 1 0 0 0 1 1 0 0 1 0 0
160	2	1 1 0 0 0 1 0 0 1 0 1 1 0 0 0 0
160	4	0 1 1 0 0 1 1 0 1 1 0 1 0 0 0 0
160	10	0 1 1 0 0 1 1 0 0 0 0 0 0 0 0 0
160	4	0 1 1 0 0 0 0 0 0 0 1 1 0 0 0 0
160	5	0 1 1 0 0 1 0 1 1 1 1 0 0 0 0 0
160	3	0 1 1 0 0 1 1 1 0 0 1 1 0 0 0 0
160	17	1 0 0 0 1 1 0 0 0 0 1 1 0 0 0 0
160	20	1 0 0 0 0 1 0 0 0 0 1 0 0 0 0 0
160	1	1 0 0 0 0 1 0 0 0 0 0 0 0 0 0 0
160	5	1 1 0 1 1 1 0 0 0 1 0 0 0 0 0 0
160	2	1 0 0 1 0 0 1 0 1 1 0 1 0 0 0 0
160	2	1 1 1 0 1 0 1 0 1 1 0 0 0 0 0 0
160	4	1 0 0 0 0 1 1 0 1 1 0 0 0 0 0 0
160	5	1 1 0 1 0 0 1 0 1 1 1 1 0 0 0 0
160	2	0 1 1 0 0 1 1 1 0 0 1 0 0 0 0 1
160	2	0 1 1 0 1 1 1 0 1 1 0 1 0 0 0 0
160	2	1 0 0 0 0 1 0 1 1 0 0 1 0 0 0 0
160	5	1 1 0 0 0 1 0 0 1 1 0 0 0 0 1 0
160	11	1 0 0 1 0 1 0 0 1 1 0 0 0 0 0 0
160	2	1 0 0 1 1 0 1 0 0 1 0 0 0 0 0 1
160	4	0 1 1 1 0 1 0 0 0 0 1 1 0 0 0 0
160	6	1 0 0 0 0 1 1 0 0 1 1 1 0 0 0 0
160	2	0 1 1 0 1 1 0 1 0 0 0 0 0 0 1 0
160	3	0 1 1 1 0 1 1 0 1 1 0 0 0 0 0 0
160	5	1 0 0 1 1 0 1 0 0 1 0 0 0 0 0 0
160	1	0 1 1 0 1 1 0 1 0 1 1 0 0 0 0 1
160	3	0 0 0 0 0 1 0 0 0 0 1 1 0 0 0 0
160	2	0 1 0 1 0 1 1 1 1 1 1 0 0 0 0 0
160	3	0 1 1 0 1 1 1 1 0 0 1 0 0 0 0 0
160	3	1 1 1 0 0 1 1 0 1 0 0 0 0 0 0 1
160	1	1 0 0 0 1 0 1 0 0 0 1 1 0 0 0 0
160	2	0 1 0 1 0 0 1 0 1 1 0 0 0 0 0 0
160	5	0 1 0 1 0 1 1 0 1 1 0 0 0 0 0 0
160	3	1 1 1 0 0 1 0 0 0 1 1 0 0 0 0 0
160	1	1 0 0 1 0 1 0 0 1 1 0 1 0 0 0 0
160	2	0 1 0 1 0 1 1 1 0 0 0 0 0 0 0 0
160	2	1 0 0 0 0 1 0 0 0 0 1 1 0 0 0 1
160	4	1 0 0 0 0 0 0 0 0 0 1 1 0 0 0 0
160	2	0 0 1 0 0 1 0 0 0 1 1 0 0 1 1 0
160	2	0 1 0 0 0 1 0 0 1 0 1 1 0 1 0 0
160	3	0 1 1 0 0 1 0 0 1 1 1 0 0 1 0 0
160	6	0 1 1 0 0 1 1 0 0 0 0 0 1 0 0 0
160	4	0 1 1 1 0 0 1 0 1 1 0 0 0 0 0 0
160	3	1 0 0 0 0 1 0 0 1 0 0 1 0 0 0 0
160	2	0 1 1 0 1 0 1 0 1 1 0 0 0 0 0 0
160	1	1 1 0 0 0 1 1 0 1 0 0 0 0 0 0 0
160	4	0 1 1 0 0 0 1 0 1 1 0 0 0 0 0 0
160	1	0 1 1 0 0 1 1 0 1 0 1 0 0 0 1 0
160	1	0 1 1 0 1 1 1 0 1 0 0 0 0 0 1 0
160	2	1 0 0 0 0 1 1 0 1 1 1 0 0 0 0 0
160	1	1 1 0 0 0 1 1 0 0 1 0 0 1 0 0 0
160	3	0 0 1 0 1 1 0 0 0 1 1 0 0 0 0 0
160	1	1 0 0 0 1 1 0 1 0 0 1 1 0 0 0 0
160	1	1 0 0 0 1 1 0 0 0 0 1 0 0 0 0 0
160	1	0 1 0 0 0 1 1 0 0 1 0 0 1 0 0 0
160	3	0 1 1 0 0 1 0 0 1 1 0 0 0 1 1 0
160	1	0 1 1 0 0 1 1 0 1 1 0 0 0 0 0 1
160	1	0 1 0 0 0 1 1 1 0 0 1 0 0 0 0 0
160	1	0 1 1 0 0 1 0 0 0 1 1 0 0 0 0 0
160	2	0 0 0 0 1 1 0 1 0 0 1 1 0 0 0 0
160	3	0 0 1 0 1 1 0 0 1 1 1 0 0 1 0 0
160	2	0 0 1 0 1 1 0 1 0 1 1 0 0 1 0 0
160	1	0 1 1 0 0 1 1 0 1 1 1 1 0 0 0 0
160	2	1 0 0 1 0 0 1 0 0 1 0 0 0 0 0 0
160	2	0 1 1 1 0 0 0 0 1 1 0 0 0 0 0 0
180	168	0 1 1 0 0 1 1 0 1 1 0 0 0 0 0 0
180	3	0 1 0 0 0 1 1 0 0 0 1 0 0 0 0 0
180	52	1 0 0 0 0 1 0 0 0 0 1 1 0 0 0 0
180	6	0 0 1 0 0 1 0 0 0 1 1 0 0 0 0 0
180	18	0 1 1 0 0 1 1 0 1 0 0 0 0 0 0 0
180	25	1 1 1 0 0 1 1 0 1 1 0 0 0 0 0 0
180	2	0 1 0 1 0 0 1 0 1 1 1 1 0 0 0 0
180	21	0 1 0 0 0 1 1 0 1 1 0 0 0 0 0 0
180	12	1 0 0 0 1 1 0 0 0 1 0 0 0 0 0 0
180	3	0 1 1 0 0 1 1 0 1 0 1 0 0 0 0 0
180	3	0 1 1 0 0 1 0 0 1 1 0 0 0 0 0 0
180	14	0 1 0 0 0 1 0 0 1 0 1 1 0 0 0 0
180	3	0 1 1 0 1 1 1 0 1 1 0 0 0 0 1 0
180	8	1 0 0 1 0 0 1 0 1 1 1 1 0 0 0 0
180	10	0 0 1 0 0 1 0 0 0 1 1 0 0 0 0 1
180	25	0 1 0 1 0 1 0 0 1 0 1 1 0 0 0 0
180	10	1 0 0 0 0 1 1 0 1 1 1 1 0 0 0 0
180	8	0 1 0 1 0 1 1 0 1 1 1 0 0 0 0 0
180	31	0 1 1 0 1 1 0 1 0 0 0 0 0 0 0 0
180	6	0 1 1 0 0 0 1 0 1 1 0 1 0 0 0 0
180	6	0 1 1 0 0 1 1 0 0 1 1 1 0 0 0 0
180	29	0 0 0 1 0 0 1 0 1 0 1 1 0 0 0 0
180	11	0 1 0 0 0 1 0 0 1 1 0 0 0 0 0 0
180	19	1 1 0 0 0 1 1 0 0 1 0 0 0 0 0 0
180	16	0 1 1 0 0 1 0 0 1 1 1 0 0 0 0 0
180	10	0 1 1 0 0 1 1 1 0 0 1 0 0 0 0 0
180	10	0 0 1 0 0 0 0 0 0 1 1 0 0 0 0 0
180	2	1 0 0 0 1 0 0 0 0 0 1 1 0 0 0 0
180	1	0 0 1 0 0 1 0 0 0 0 1 1 0 0 0 0
180	19	0 1 1 0 0 1 1 0 1 1 0 1 0 0 0 0
180	3	0 1 1 0 0 1 1 0 0 0 0 0 0 0 0 0
180	12	0 1 1 0 0 0 0 0 0 0 1 1 0 0 0 0
180	28	0 1 1 0 0 1 1 1 0 0 1 1 0 0 0 0
180	20	1 0 0 0 1 1 0 0 0 0 1 1 0 0 0 0
180	22	1 1 0 1 1 1 0 0 0 1 0 0 0 0 0 0
180	13	1 1 1 0 1 0 1 0 1 1 0 0 0 0 0 0
180	6	0 1 1 1 0 1 0 0 0 0 1 1 0 0 0 0
180	27	0 1 1 1 0 1 1 0 1 1 0 0 0 0 0 0
180	6	1 0 0 1 1 0 1 0 0 1 0 0 0 0 0 0
180	5	1 1 1 0 0 1 0 0 0 1 1 0 0 0 0 0
180	4	0 1 1 0 0 1 1 0 0 0 0 0 1 0 0 0
180	20	0 1 1 1 0 0 1 0 1 1 0 0 0 0 0 0
180	1	0 1 1 0 0 0 1 0 1 1 0 0 0 0 0 0
180	12	1 1 1 0 0 1 1 0 1 1 0 0 0 0 0 1
180	11	0 1 1 0 0 1 1 1 1 1 0 0 0 0 0 0
180	26	1 1 0 0 0 1 0 0 0 0 1 1 0 0 0 0
180	8	0 0 1 0 0 1 1 0 0 0 1 1 1 0 0 0
180	1	0 1 0 0 0 1 0 0 0 1 1 0 0 1 0 0
180	8	0 0 0 0 0 1 0 0 0 0 1 1 0 0 0 0
180	1	1 0 0 0 0 1 1 0 1 1 0 1 0 0 0 0
180	4	0 1 1 0 0 1 1 0 1 1 0 0 0 1 0 0
180	5	0 1 1 0 1 1 0 1 0 0 0 0 0 0 0 1
180	4	1 0 0 0 1 0 1 0 1 1 1 1 0 0 0 0
180	23	0 1 1 0 0 1 1 0 1 0 0 0 0 0 0 1
180	6	1 0 0 0 0 1 0 0 1 1 1 0 0 0 0 0
180	6	1 1 1 0 0 0 0 0 0 0 1 1 0 0 0 0
180	5	1 0 0 0 1 0 1 0 1 1 0 0 0 0 1 0
180	3	0 1 1 1 0 1 1 1 1 0 0 0 0 0 0 0
180	3	0 1 1 0 0 1 1 0 0 0 1 1 0 0 0 0
180	2	0 0 1 0 0 1 0 0 0 1 0 0 0 0 0 0
180	8	0 1 0 0 0 1 0 0 0 0 1 0 0 0 0 0
180	5	0 0 1 0 1 1 0 0 0 1 1 0 0 1 0 1
180	3	1 0 0 0 0 1 0 0 0 1 1 0 0 0 0 0
180	7	0 1 1 0 0 1 1 0 1 1 1 0 0 0 0 0
180	1	0 1 1 0 1 1 1 0 1 1 0 0 1 0 1 0
180	12	1 1 1 0 0 1 0 0 0 0 0 1 0 0 0 0
180	1	1 0 0 0 1 0 1 0 0 0 1 1 0 0 0 0
180	1	0 1 1 0 0 1 0 0 0 1 1 0 0 0 0 1
180	6	0 1 1 0 0 1 1 1 0 0 0 0 0 0 0 0
180	2	1 0 0 0 0 1 0 0 0 0 1 1 0 1 0 0
180	1	0 1 0 0 0 1 0 0 0 0 0 1 0 0 0 0
180	1	0 1 1 0 0 1 0 0 0 1 1 0 0 1 0 0
180	1	0 0 1 1 0 1 0 1 1 0 0 0 0 0 0 0
180	2	0 1 1 1 0 1 0 0 1 0 0 0 0 0 0 0
180	4	1 1 0 0 1 0 1 0 1 1 0 0 0 0 1 0
180	2	1 1 1 0 0 1 0 0 0 0 1 1 0 0 0 0
180	1	0 1 1 1 0 1 1 0 1 0 0 0 0 0 0 0
180	8	0 1 0 1 1 1 0 0 0 0 1 1 0 0 0 0
180	5	0 0 0 0 1 1 0 0 0 0 1 1 0 0 0 0
180	8	0 1 0 1 0 1 0 0 1 1 1 0 0 0 0 1
180	6	1 0 0 1 1 0 1 0 0 0 0 0 0 0 0 1
180	4	0 1 0 0 0 1 1 0 0 1 0 0 0 0 0 0
180	2	0 1 1 0 1 1 1 0 1 0 0 0 0 0 0 0
180	3	1 0 0 0 0 1 0 0 1 0 1 1 0 0 0 0
180	1	0 1 1 1 0 1 1 0 1 1 1 0 0 0 0 0
180	1	0 1 1 0 0 0 0 0 0 0 0 1 0 0 0 0
180	3	0 1 1 1 0 1 0 0 0 0 1 1 0 0 1 0
180	1	0 1 0 0 0 1 1 0 0 0 1 1 0 0 0 0
180	1	0 0 1 0 1 1 1 0 1 1 0 0 0 0 1 0
180	3	0 0 1 0 0 1 0 0 0 1 1 0 1 0 0 1
180	2	0 1 0 1 0 1 1 0 1 1 1 0 0 0 1 0
180	1	0 1 0 0 0 1 0 0 1 0 0 0 0 0 0 0
180	1	0 0 1 0 0 0 0 0 0 1 1 0 0 1 0 0
180	4	1 1 1 1 1 1 0 0 0 1 0 0 0 0 0 0
180	2	0 1 1 1 0 0 1 0 0 1 0 0 0 0 0 0
180	2	0 1 1 0 1 1 0 0 1 0 1 1 0 0 0 0
180	2	0 0 1 0 0 0 0 0 0 0 1 1 0 0 0 0
180	1	0 1 1 0 0 1 1 1 0 1 0 1 0 0 0 0
180	5	0 1 0 0 0 1 0 0 0 0 1 1 0 0 0 0
180	2	0 1 1 0 0 1 1 0 1 1 0 0 0 0 0 1
180	1	1 0 0 0 0 1 0 0 0 0 1 1 0 0 1 0
180	1	0 1 1 0 0 1 1 1 0 0 1 1 1 0 0 0
180	4	1 1 0 1 1 1 0 1 0 1 0 0 0 0 0 0
180	1	1 1 1 0 1 0 1 0 1 1 0 1 0 0 0 0
180	2	1 0 0 0 1 0 1 0 1 1 1 0 0 0 0 0
180	1	0 1 1 0 1 1 0 1 0 0 1 1 0 0 0 0
180	2	0 1 1 1 0 1 0 0 1 0 1 1 0 0 0 0
180	1	0 1 1 0 0 0 0 0 1 1 0 0 0 0 0 0
180	1	1 0 0 0 0 1 1 0 1 0 0 0 0 0 0 1
180	1	0 1 1 0 0 1 1 0 1 1 0 0 1 0 0 0
180	1	1 1 1 0 0 1 1 0 1 1 0 0 0 1 0 0
180	1	0 0 1 0 0 1 0 0 0 1 1 0 0 0 1 1
180	1	0 1 0 1 0 1 0 0 1 0 1 1 0 0 0 1
180	1	1 1 0 0 0 1 1 0 0 0 0 1 0 0 0 0
180	1	0 1 0 1 0 1 1 0 1 1 1 0 0 0 0 1
180	1	0 1 1 0 0 0 0 0 1 1 0 1 0 0 0 0
180	1	0 1 1 0 0 0 1 0 1 1 0 1 0 0 0 1
180	1	0 1 1 0 0 0 1 0 1 1 0 1 0 0 1 0
180	1	1 1 1 1 0 1 1 0 1 1 0 0 0 0 0 0
180	3	0 1 1 0 0 1 1 1 1 1 0 1 0 0 0 0
180	1	0 1 0 1 0 1 1 0 0 1 1 0 0 0 1 0
200	99	0 1 1 0 0 1 1 0 1 1 0 0 0 0 0 0
200	53	1 0 0 0 0 1 0 0 0 0 1 1 0 0 0 0
200	25	0 0 1 0 0 1 0 0 0 1 1 0 0 0 0 0
200	6	0 1 1 0 0 1 1 0 1 0 0 0 0 0 0 0
200	35	1 1 1 0 0 1 1 0 1 1 0 0 0 0 0 0
200	14	0 1 0 0 0 1 1 0 1 1 0 0 0 0 0 0
200	9	0 1 0 0 0 1 0 0 1 0 1 1 0 0 0 0
200	11	0 1 0 1 0 1 0 0 1 0 1 1 0 0 0 0
200	5	0 1 0 1 0 1 1 0 1 1 1 0 0 0 0 0
200	11	0 1 1 0 1 1 0 1 0 0 0 0 0 0 0 0
200	2	1 1 0 0 0 1 1 0 0 1 0 0 0 0 0 0
200	1	1 0 0 0 1 0 0 0 0 0 1 1 0 0 0 0
200	23	0 1 1 0 0 1 1 0 1 1 0 1 0 0 0 0
200	5	0 1 1 0 0 0 0 0 0 0 1 1 0 0 0 0
200	15	0 1 1 0 0 1 1 1 0 0 1 1 0 0 0 0
200	39	1 0 0 0 1 1 0 0 0 0 1 1 0 0 0 0
200	37	1 1 0 1 1 1 0 0 0 1 0 0 0 0 0 0
200	13	1 1 1 0 1 0 1 0 1 1 0 0 0 0 0 0
200	75	0 1 1 1 0 1 1 0 1 1 0 0 0 0 0 0
200	13	1 1 1 0 0 1 0 0 0 1 1 0 0 0 0 0
200	35	0 1 1 1 0 0 1 0 1 1 0 0 0 0 0 0
200	7	0 1 1 0 0 0 1 0 1 1 0 0 0 0 0 0
200	3	0 1 1 0 0 1 1 1 1 1 0 0 0 0 0 0
200	10	1 1 0 0 0 1 0 0 0 0 1 1 0 0 0 0
200	15	0 1 1 0 0 1 1 0 1 0 0 0 0 0 0 1
200	3	1 0 0 0 0 1 0 0 1 1 1 0 0 0 0 0
200	12	0 1 1 0 0 1 1 0 0 0 1 1 0 0 0 0
200	1	0 1 0 0 0 1 0 0 0 0 1 0 0 0 0 0
200	17	0 1 1 0 0 1 1 0 1 1 1 0 0 0 0 0
200	19	1 1 1 0 0 1 0 0 0 0 0 1 0 0 0 0
200	14	0 1 1 1 0 1 0 0 1 0 0 0 0 0 0 0
200	12	1 0 0 1 1 0 1 0 0 0 0 0 0 0 0 1
200	3	0 1 1 1 0 0 1 0 0 1 0 0 0 0 0 0
200	23	0 1 1 0 1 1 0 0 1 0 1 1 0 0 0 0
200	5	0 1 0 0 0 1 0 0 0 0 1 1 0 0 0 0
200	9	1 1 0 1 1 1 0 1 0 1 0 0 0 0 0 0
200	6	1 1 1 1 0 1 1 0 1 1 0 0 0 0 0 0
200	3	0 1 1 0 0 1 1 0 1 1 0 0 0 0 1 0
200	11	0 1 1 0 0 1 1 0 1 0 0 0 0 1 0 1
200	3	1 1 0 1 0 1 1 0 1 1 1 0 0 0 0 0
200	3	0 1 0 1 0 1 1 0 1 1 1 1 0 0 0 0
200	9	0 1 1 0 0 1 0 0 1 0 1 1 0 0 0 0
200	10	1 0 1 0 0 1 1 0 1 1 0 0 0 0 0 0
200	1	1 1 1 1 0 0 1 0 1 1 0 0 0 0 0 0
200	12	0 1 1 0 0 1 1 0 1 1 1 1 0 0 0 0
200	22	0 1 1 0 0 1 1 1 0 0 1 1 0 1 0 0
200	4	0 1 1 0 1 1 0 0 1 0 1 0 0 0 0 0
200	2	0 0 1 0 0 1 1 1 0 0 1 1 0 0 0 0
200	2	0 1 1 0 0 0 1 0 1 1 1 0 0 0 0 0
200	6	1 1 1 0 0 1 0 0 0 0 0 1 1 0 0 1
200	8	1 0 0 0 0 1 0 0 1 1 0 0 0 0 0 0
200	9	0 1 1 0 0 1 1 0 1 1 0 0 0 0 0 1
200	2	1 1 0 0 0 1 0 0 0 1 0 0 0 0 0 0
200	3	0 1 0 1 0 1 0 0 1 0 0 0 0 0 0 0
200	7	0 1 1 0 0 1 0 0 1 0 1 1 0 0 0 1
200	2	0 0 1 0 0 0 0 0 0 0 1 0 0 0 0 0
200	11	0 1 0 0 0 1 1 0 1 1 1 0 0 0 0 0
200	8	0 0 1 0 1 1 0 0 1 0 1 0 0 0 0 0
200	4	1 1 0 1 1 1 0 1 0 0 0 0 0 0 0 0
200	1	1 0 0 0 1 0 1 0 0 0 0 0 0 0 0 0
200	5	1 0 0 0 0 1 1 0 1 1 0 0 0 0 0 0
200	1	0 1 1 1 0 1 1 0 1 1 0 0 0 1 0 0
200	14	0 1 1 0 0 1 1 0 0 1 1 0 0 0 0 0
200	3	1 1 0 0 1 0 1 0 0 1 0 0 0 0 1 0
200	4	1 1 0 1 1 0 0 1 0 1 0 0 0 0 0 0
200	6	0 1 1 1 1 1 0 1 0 1 0 0 0 0 0 0
200	2	0 1 1 0 0 1 1 0 0 0 1 0 0 0 0 0
200	19	0 1 1 0 0 1 0 0 1 1 1 0 0 0 0 0
200	7	1 0 0 1 0 1 0 0 1 1 0 0 0 0 0 0
200	1	0 0 0 1 0 0 1 0 1 0 1 1 0 0 0 1
200	2	0 1 1 0 0 1 1 1 0 0 1 0 0 0 0 0
200	2	1 1 0 1 1 0 1 0 0 0 0 0 0 0 0 1
200	2	1 1 1 0 0 1 0 0 0 0 1 1 0 0 0 0
200	1	1 1 0 0 0 1 1 0 1 1 0 0 0 0 0 0
200	4	1 1 0 1 1 1 0 0 1 1 0 0 0 0 0 0
200	4	0 1 1 1 0 0 1 0 1 1 1 0 0 0 0 0
200	4	1 1 1 0 0 1 1 0 1 1 0 0 0 1 0 0
200	3	0 1 1 0 0 0 1 0 1 1 0 0 0 0 0 1
200	3	0 1 1 1 0 0 1 0 1 1 0 0 0 1 0 0
200	5	0 1 1 0 0 1 0 0 0 0 1 1 0 0 0 0
200	5	1 0 0 1 1 0 1 0 1 1 0 0 0 0 0 0
200	2	1 0 1 1 0 1 1 0 1 1 0 0 0 0 0 0
200	2	0 0 1 0 1 1 0 0 0 0 0 0 0 0 0 1
200	3	1 0 0 0 1 1 0 0 1 0 1 0 0 0 0 0
200	4	0 1 1 1 0 1 1 0 1 1 1 0 0 0 0 0
200	4	0 1 1 0 0 1 1 0 1 1 0 1 0 0 0 1
200	1	1 0 0 1 1 1 0 0 0 1 0 0 1 0 0 0
200	3	1 0 0 0 1 0 1 0 1 1 0 0 0 0 0 0
200	3	1 1 0 1 0 1 0 0 1 0 1 1 0 0 0 0
200	5	0 1 1 0 0 1 0 1 0 0 1 1 0 0 0 0
200	2	0 1 1 1 0 1 1 0 1 1 0 0 0 0 1 0
200	1	0 1 1 1 0 1 0 0 1 0 0 0 0 1 0 0
200	6	0 1 0 1 1 1 0 0 0 0 1 1 0 0 1 0
200	2	1 0 1 1 0 1 1 1 1 1 0 0 0 0 0 0
200	1	1 1 0 1 1 1 0 0 0 1 0 0 1 0 0 0
200	3	1 1 1 0 0 1 1 0 0 1 1 0 0 0 0 0
200	2	0 1 0 0 1 0 1 0 1 1 0 0 0 0 0 0
200	3	0 1 1 0 0 1 1 1 0 0 1 1 0 1 0 1
200	1	1 1 0 0 0 1 1 0 1 1 1 0 0 0 0 0
200	2	0 1 1 0 0 1 1 0 1 1 0 0 0 1 0 0
200	4	1 0 0 1 0 1 0 0 0 0 1 1 0 0 0 0
200	1	0 1 1 0 1 1 1 1 0 0 0 0 0 0 0 0
200	1	0 1 1 0 0 1 1 1 1 0 1 1 0 0 0 0
200	2	0 1 0 1 0 0 1 0 1 1 0 0 0 0 0 0
200	2	1 1 1 0 1 1 0 0 1 0 1 0 0 0 0 0
200	1	0 1 1 0 0 1 0 0 0 1 1 0 0 0 0 0
200	2	1 1 0 1 1 0 0 0 1 1 0 0 0 0 0 0
200	1	1 0 1 1 0 1 1 0 0 1 0 0 0 0 0 0
200	1	0 1 1 0 1 1 0 0 1 0 1 1 0 0 0 1
200	2	0 1 1 0 0 1 1 0 1 0 0 1 0 0 0 0
200	2	0 1 1 0 0 1 1 1 0 1 1 1 0 0 0 0
200	1	0 1 1 1 0 1 1 1 0 0 1 1 0 0 0 0
200	1	1 1 0 0 1 1 0 0 0 1 0 0 0 0 0 0
200	1	0 1 1 1 0 1 0 0 0 0 0 0 0 0 0 0
200	3	1 0 1 1 0 1 1 0 1 0 0 0 0 0 0 0
220	52	0 1 1 0 0 1 1 0 1 1 0 0 0 0 0 0
220	4	1 0 0 0 0 1 0 0 0 0 1 1 0 0 0 0
220	26	0 0 1 0 0 1 0 0 0 1 1 0 0 0 0 0
220	13	0 1 1 0 0 1 1 0 1 0 0 0 0 0 0 0
220	15	1 1 1 0 0 1 1 0 1 1 0 0 0 0 0 0
220	8	0 1 0 1 0 1 1 0 1 1 1 0 0 0 0 0
220	9	0 1 1 0 0 1 1 0 1 1 0 1 0 0 0 0
220	9	0 1 1 0 0 0 0 0 0 0 1 1 0 0 0 0
220	4	1 0 0 0 1 1 0 0 0 0 1 1 0 0 0 0
220	5	1 1 0 1 1 1 0 0 0 1 0 0 0 0 0 0
220	50	1 1 1 0 1 0 1 0 1 1 0 0 0 0 0 0
220	148	0 1 1 1 0 1 1 0 1 1 0 0 0 0 0 0
220	39	1 1 1 0 0 1 0 0 0 1 1 0 0 0 0 0
220	39	0 1 1 1 0 0 1 0 1 1 0 0 0 0 0 0
220	9	0 1 1 0 0 0 1 0 1 1 0 0 0 0 0 0
220	5	1 1 0 0 0 1 0 0 0 0 1 1 0 0 0 0
220	24	0 1 1 0 0 1 1 0 1 1 1 0 0 0 0 0
220	20	1 1 1 0 0 1 0 0 0 0 0 1 0 0 0 0
220	29	0 1 1 1 0 1 0 0 1 0 0 0 0 0 0 0
220	2	1 0 0 1 1 0 1 0 0 0 0 0 0 0 0 1
220	3	0 1 1 1 0 0 1 0 0 1 0 0 0 0 0 0
220	37	1 1 0 1 1 1 0 1 0 1 0 0 0 0 0 0
220	1	0 1 1 0 0 1 0 0 1 0 1 1 0 0 0 0
220	2	1 0 1 0 0 1 1 0 1 1 0 0 0 0 0 0
220	19	0 1 1 0 0 1 1 0 1 1 1 1 0 0 0 0
220	16	0 1 1 0 0 1 1 1 0 0 1 1 0 1 0 0
220	4	0 1 1 0 1 1 0 0 1 0 1 0 0 0 0 0
220	5	1 1 0 0 0 1 0 0 0 1 0 0 0 0 0 0
220	7	0 1 0 0 0 1 1 0 1 1 1 0 0 0 0 0
220	5	0 1 1 0 0 1 1 0 0 1 1 0 0 0 0 0
220	5	1 1 0 0 1 0 1 0 0 1 0 0 0 0 1 0
220	2	0 1 1 0 0 1 0 0 1 1 1 0 0 0 0 0
220	9	1 1 0 1 1 1 0 0 1 1 0 0 0 0 0 0
220	3	1 0 0 1 1 0 1 0 1 1 0 0 0 0 0 0
220	12	0 1 1 0 0 1 0 1 0 0 1 1 0 0 0 0
220	14	0 1 0 0 1 0 1 0 1 1 0 0 0 0 0 0
220	1	1 0 1 1 0 1 1 0 1 0 0 0 0 0 0 0
220	9	0 1 1 0 0 1 1 0 1 0 0 0 0 1 0 0
220	18	0 1 1 1 1 1 0 1 0 0 0 0 0 0 0 0
220	2	0 1 1 1 0 0 1 0 1 0 0 0 0 0 0 0
220	4	0 1 0 1 1 1 0 0 0 0 1 1 1 0 1 0
220	18	0 1 1 0 0 0 1 0 0 0 1 1 0 0 0 0
220	4	0 1 1 0 0 1 1 0 0 0 0 0 0 0 0 0
220	17	0 1 0 1 1 1 0 1 0 1 0 0 0 0 0 0
220	17	0 1 1 1 0 0 1 0 0 0 0 0 0 0 0 0
220	2	0 1 0 1 0 1 1 0 1 1 1 0 0 0 0 1
220	3	0 1 1 0 0 1 0 0 1 1 1 0 0 1 0 0
220	4	1 1 1 0 0 1 0 0 0 1 0 0 0 0 0 0
220	1	1 0 0 0 0 1 0 0 0 0 1 1 0 0 0 1
220	4	0 0 1 0 0 1 1 1 0 0 1 1 0 0 1 0
220	1	1 1 1 0 0 1 1 0 1 1 1 1 0 0 0 0
220	14	0 0 0 0 0 1 0 0 0 0 1 1 0 0 0 0
220	12	1 1 1 0 0 1 1 0 1 0 0 0 0 0 0 0
220	11	1 1 1 0 0 1 0 1 0 0 0 1 0 0 0 0
220	4	1 1 0 0 1 0 1 0 1 1 0 0 0 0 1 0
220	4	1 0 0 1 1 0 1 0 0 0 0 0 0 0 0 0
220	12	1 1 1 0 0 0 0 0 0 0 0 1 0 0 0 0
220	5	0 1 1 1 0 1 1 0 1 1 0 0 0 0 0 1
220	2	1 1 0 0 0 0 0 0 0 0 0 1 0 0 0 0
220	1	0 0 1 1 0 1 1 0 1 1 0 0 0 0 0 1
220	16	1 1 0 0 0 1 0 0 0 1 1 0 0 0 0 0
220	11	0 1 1 1 0 1 0 0 1 1 1 0 0 0 0 0
220	1	0 1 1 0 0 1 1 0 1 1 0 0 1 0 0 0
220	21	1 1 1 0 0 1 1 0 1 1 1 0 0 0 0 0
220	6	0 1 1 1 0 1 0 0 1 0 0 0 0 1 0 0
220	5	0 1 1 0 0 1 0 0 1 0 0 0 0 0 0 0
220	4	0 1 1 0 0 1 0 1 0 0 0 0 0 0 0 0
220	12	0 1 0 1 1 1 0 0 0 0 0 0 0 0 0 0
220	9	1 1 0 0 0 1 1 0 1 1 0 1 0 0 0 0
220	6	1 1 1 0 0 0 0 0 0 0 1 1 0 0 0 0
220	3	1 0 0 0 1 1 0 0 0 0 0 1 0 0 0 0
220	14	1 1 1 0 0 1 0 0 0 1 1 0 0 1 0 0
220	2	0 1 1 0 0 1 1 0 1 1 0 1 1 0 0 0
220	5	1 1 0 0 0 0 0 0 1 0 0 1 0 0 0 0
220	4	1 1 1 0 1 1 1 0 1 1 1 0 0 0 0 0
220	3	0 1 0 1 1 1 1 0 1 1 0 0 0 0 0 0
220	2	0 1 0 1 0 1 1 0 1 1 1 0 0 1 0 0
220	2	1 1 0 0 1 0 1 0 0 1 0 1 0 0 1 0
220	2	0 1 1 0 0 1 0 0 0 1 1 0 0 0 0 0
220	1	1 0 0 0 1 1 0 0 0 0 0 0 0 0 0 0
220	3	0 1 1 0 0 1 1 1 0 0 0 0 0 0 0 0
220	3	0 1 0 1 1 1 0 1 0 1 0 0 0 0 1 0
220	1	0 1 1 0 0 1 1 0 0 0 1 1 0 1 0 0
220	3	1 1 0 1 1 0 1 0 0 0 0 0 0 0 0 1
220	1	0 1 1 0 0 1 1 0 1 1 0 0 0 1 0 0
220	3	0 1 1 0 0 0 1 0 1 0 0 0 0 0 0 0
220	1	0 1 1 0 1 0 1 0 1 1 0 0 0 0 0 0
220	1	0 1 1 0 0 1 1 1 0 0 1 1 0 0 0 0
220	1	1 1 0 0 0 1 1 0 1 1 0 0 0 0 0 0
220	2	0 1 0 1 1 1 1 0 1 1 1 0 0 0 0 0
220	1	0 1 1 0 0 1 1 0 1 1 1 1 0 0 0 1
220	3	0 1 1 0 0 1 1 1 1 0 1 1 0 1 0 0
220	1	0 1 1 0 0 1 0 0 0 0 1 1 0 0 0 0
220	4	0 1 1 0 0 1 1 0 0 1 0 0 0 0 1 0
220	2	0 1 1 0 0 0 1 0 1 1 1 0 0 0 0 0
220	2	0 0 1 1 0 1 1 0 1 1 0 0 0 0 0 0
220	1	0 1 1 0 0 1 1 0 1 0 0 0 1 0 0 0
220	1	1 1 1 0 0 0 1 0 1 1 0 0 0 0 0 0
220	2	0 1 1 1 0 1 1 0 1 0 0 0 0 0 0 0
220	1	1 1 1 0 0 1 0 0 0 0 1 0 0 0 0 0
220	1	0 1 1 1 0 1 0 1 0 0 1 1 0 0 0 0
220	1	0 1 0 0 1 0 1 0 1 1 1 0 0 0 0 0
220	4	1 0 1 0 0 1 1 0 1 0 0 0 0 0 0 0
220	1	0 1 1 1 0 1 0 0 1 1 1 1 0 0 0 0
220	2	0 1 1 1 0 1 0 0 1 0 1 0 0 1 0 0
220	1	1 1 1 0 0 1 0 0 0 1 1 1 0 1 0 0
240	29	0 1 1 0 0 1 1 0 1 1 0 0 0 0 0 0
240	2	1 0 0 0 0 1 0 0 0 0 1 1 0 0 0 0
240	30	0 0 1 0 0 1 0 0 0 1 1 0 0 0 0 0
240	15	0 1 1 0 0 1 1 0 1 0 0 0 0 0 0 0
240	17	1 1 1 0 0 1 1 0 1 1 0 0 0 0 0 0
240	12	0 1 0 1 0 1 1 0 1 1 1 0 0 0 0 0
240	1	0 1 1 0 0 1 1 0 1 1 0 1 0 0 0 0
240	12	1 1 0 1 1 1 0 0 0 1 0 0 0 0 0 0
240	33	1 1 1 0 1 0 1 0 1 1 0 0 0 0 0 0
240	109	0 1 1 1 0 1 1 0 1 1 0 0 0 0 0 0
240	34	1 1 1 0 0 1 0 0 0 1 1 0 0 0 0 0
240	23	0 1 1 1 0 0 1 0 1 1 0 0 0 0 0 0
240	2	1 1 0 0 0 1 0 0 0 0 1 1 0 0 0 0
240	78	0 1 1 0 0 1 1 0 1 1 1 0 0 0 0 0
240	16	0 1 1 1 0 1 0 0 1 0 0 0 0 0 0 0
240	4	1 1 0 1 1 1 0 1 0 1 0 0 0 0 0 0
240	16	0 1 1 0 0 1 1 0 1 1 1 1 0 0 0 0
240	12	0 1 1 0 0 1 1 1 0 0 1 1 0 1 0 0
240	5	0 1 1 0 1 1 0 0 1 0 1 0 0 0 0 0
240	24	0 1 1 0 0 1 0 0 1 1 1 0 0 0 0 0
240	5	1 0 0 1 1 0 1 0 1 1 0 0 0 0 0 0
240	8	0 1 0 0 1 0 1 0 1 1 0 0 0 0 0 0
240	7	1 0 1 1 0 1 1 0 1 0 0 0 0 0 0 0
240	17	0 1 1 0 0 1 1 0 1 0 0 0 0 1 0 0
240	12	0 1 1 1 1 1 0 1 0 0 0 0 0 0 0 0
240	15	0 1 0 1 1 1 0 1 0 1 0 0 0 0 0 0
240	7	0 1 1 1 0 0 1 0 0 0 0 0 0 0 0 0
240	32	1 1 1 0 0 1 1 0 1 0 0 0 0 0 0 0
240	2	1 1 1 0 0 0 0 0 0 0 0 1 0 0 0 0
240	8	1 1 0 0 0 1 0 0 0 1 1 0 0 0 0 0
240	15	0 1 1 1 0 1 0 0 1 1 1 0 0 0 0 0
240	15	1 1 1 0 0 1 1 0 1 1 1 0 0 0 0 0
240	1	0 1 1 1 0 1 0 0 1 0 0 0 0 1 0 0
240	10	0 1 0 1 1 1 0 0 0 0 0 0 0 0 0 0
240	2	1 1 1 0 0 0 0 0 0 0 1 1 0 0 0 0
240	2	1 1 1 0 0 1 0 0 0 1 1 0 0 1 0 0
240	22	0 1 1 0 0 1 1 1 0 0 0 0 0 0 0 0
240	8	0 1 1 0 0 1 1 0 1 1 0 0 0 1 0 0
240	4	0 1 1 1 0 1 1 0 1 1 0 0 0 1 0 0
240	12	0 1 0 1 0 0 0 0 1 0 0 1 0 0 0 0
240	9	0 1 1 1 1 1 0 0 0 1 1 0 0 0 0 0
240	6	0 1 1 1 0 1 1 0 0 0 0 0 0 0 0 0
240	6	0 1 1 1 0 1 1 0 1 1 1 0 0 0 0 0
240	6	0 1 1 0 0 1 1 0 1 0 1 0 0 0 0 0
240	1	1 0 1 0 0 1 0 0 0 1 1 0 0 0 0 0
240	4	1 1 0 1 1 1 0 0 1 0 1 0 0 1 0 0
240	2	0 0 1 1 0 0 1 0 1 1 0 0 0 0 0 0
240	14	0 0 1 0 0 1 0 0 1 1 1 0 0 1 0 0
240	4	0 1 0 1 1 1 0 0 0 0 0 0 0 0 1 0
240	18	1 1 0 1 1 1 0 1 0 1 0 0 0 0 1 0
240	15	0 0 1 0 1 1 1 0 1 1 0 1 0 0 0 0
240	1	0 1 1 0 0 1 0 1 0 0 0 1 0 0 0 0
240	1	0 1 1 0 0 1 0 0 1 1 0 1 0 0 0 0
240	13	1 1 1 0 1 0 1 0 0 1 0 0 0 0 0 0
240	7	0 1 1 1 0 1 1 0 1 0 0 0 0 0 0 0
240	8	1 1 0 1 1 1 0 1 0 1 0 0 0 0 0 1
240	5	0 1 1 1 1 1 0 0 0 0 0 0 0 0 0 0
240	3	1 1 1 0 0 1 0 1 0 0 0 1 0 0 1 0
240	24	0 1 1 1 0 1 0 0 1 0 1 0 0 1 0 0
240	7	1 1 1 0 0 1 0 1 0 1 0 0 0 0 1 0
240	1	1 1 1 0 0 0 0 0 1 1 0 0 0 0 0 0
240	2	0 1 1 0 0 1 1 0 1 1 1 0 0 1 0 0
240	11	0 1 1 0 0 1 1 0 1 1 0 1 1 0 0 0
240	3	1 0 0 0 1 0 1 0 1 1 0 0 0 0 0 0
240	23	1 1 1 0 0 1 0 1 0 0 0 0 0 0 1 0
240	3	0 1 1 1 0 1 0 0 0 0 1 1 0 1 0 0
240	5	1 1 1 0 0 1 0 0 0 0 1 0 0 0 0 0
240	5	0 1 1 1 1 1 0 1 0 0 0 0 0 1 0 0
240	9	0 1 1 0 0 1 1 0 1 1 0 0 0 0 1 0
240	2	0 0 1 1 0 1 1 0 1 1 0 0 0 0 0 0
240	2	0 1 0 1 0 1 0 0 0 0 0 0 0 0 0 0
240	9	0 0 1 1 0 0 1 0 1 0 0 0 0 0 0 0
240	3	1 1 0 0 0 1 0 1 0 0 1 0 0 0 0 0
240	6	1 1 1 0 0 1 0 1 0 1 0 0 0 0 0 0
240	5	0 1 1 1 0 1 1 0 1 1 0 0 0 0 1 0
240	1	1 1 1 0 0 1 0 0 0 1 1 0 0 0 1 0
240	3	0 1 1 1 0 1 0 0 0 1 1 0 0 0 0 0
240	4	0 1 1 0 0 1 1 0 0 1 1 0 0 0 0 0
240	2	1 1 0 1 1 1 0 0 1 0 0 0 0 0 0 0
240	4	0 1 1 0 0 1 0 0 1 1 0 0 0 0 0 0
240	1	0 1 1 0 0 1 1 0 1 1 0 0 0 0 0 1
240	12	0 0 1 0 0 1 0 0 0 1 1 0 0 1 0 0
240	1	0 1 1 1 0 0 0 0 1 1 0 0 0 0 0 0
240	1	0 1 1 1 0 0 1 0 0 0 1 0 0 0 0 0
240	1	0 1 1 0 0 0 0 0 0 0 0 1 0 0 0 0
240	2	0 1 1 0 0 1 1 0 1 0 1 0 0 1 0 0
240	3	0 1 1 0 0 1 1 0 1 1 0 1 1 0 1 0
240	2	1 1 1 0 0 1 0 1 0 0 1 0 0 0 0 0
240	7	0 1 1 1 0 0 1 0 1 0 0 0 0 0 0 0
240	1	1 0 1 1 0 1 1 0 1 1 1 0 0 0 0 0
240	1	1 1 0 1 1 1 0 1 1 1 1 0 0 0 0 0
240	1	1 1 1 0 1 0 1 0 1 1 0 1 0 0 0 0
240	10	1 0 1 1 0 0 1 0 1 0 0 0 0 0 0 0
240	2	0 1 1 0 0 1 1 0 1 0 0 0 0 1 1 0
240	2	1 1 0 0 0 1 1 0 1 0 0 0 0 0 0 0
240	1	1 1 0 0 0 1 0 0 0 1 1 0 0 0 0 1
240	1	0 0 1 1 0 0 1 0 1 1 0 1 0 0 0 0
240	4	1 0 0 0 1 0 1 0 0 1 0 0 0 0 0 0
240	1	0 1 1 0 0 1 1 0 1 0 1 0 0 1 0 1
240	2	0 1 0 1 0 1 1 0 1 0 0 0 0 0 0 0
240	2	0 1 1 1 1 1 0 1 0 1 0 0 0 0 0 0
240	1	0 0 1 1 0 1 0 0 0 1 1 0 0 0 0 0
240	1	1 0 1 1 0 1 1 1 0 0 0 0 0 0 0 0
240	2	0 1 1 0 0 1 1 0 1 0 0 0 1 0 0 0
240	1	0 1 0 1 0 1 1 0 0 1 1 0 0 0 0 0
240	1	0 1 1 1 0 1 1 0 1 1 0 0 0 0 0 1
240	1	0 1 1 0 1 0 1 0 0 1 0 0 0 0 0 0
260	4	0 1 1 0 0 1 1 0 1 1 0 0 0 0 0 0
260	22	0 0 1 0 0 1 0 0 0 1 1 0 0 0 0 0
260	4	1 1 1 0 0 1 1 0 1 1 0 0 0 0 0 0
260	3	0 1 1 0 0 1 1 0 1 1 0 1 0 0 0 0
260	36	1 1 1 0 1 0 1 0 1 1 0 0 0 0 0 0
260	85	0 1 1 1 0 1 1 0 1 1 0 0 0 0 0 0
260	10	1 1 1 0 0 1 0 0 0 1 1 0 0 0 0 0
260	16	0 1 1 1 0 0 1 0 1 1 0 0 0 0 0 0
260	80	0 1 1 0 0 1 1 0 1 1 1 0 0 0 0 0
260	11	0 1 1 0 0 1 1 0 1 1 1 1 0 0 0 0
260	29	0 1 1 0 1 1 0 0 1 0 1 0 0 0 0 0
260	44	0 1 1 0 0 1 0 0 1 1 1 0 0 0 0 0
260	6	1 0 0 1 1 0 1 0 1 1 0 0 0 0 0 0
260	6	1 0 1 1 0 1 1 0 1 0 0 0 0 0 0 0
260	14	0 1 1 0 0 1 1 0 1 0 0 0 0 1 0 0
260	5	0 1 1 1 1 1 0 1 0 0 0 0 0 0 0 0
260	8	0 1 0 1 1 1 0 1 0 1 0 0 0 0 0 0
260	28	0 1 1 1 0 0 1 0 0 0 0 0 0 0 0 0
260	27	1 1 1 0 0 1 1 0 1 0 0 0 0 0 0 0
260	10	1 1 0 0 0 1 0 0 0 1 1 0 0 0 0 0
260	1	0 1 1 1 0 1 0 0 1 1 1 0 0 0 0 0
260	17	1 1 1 0 0 1 1 0 1 1 1 0 0 0 0 0
260	17	0 1 0 1 0 0 0 0 1 0 0 1 0 0 0 0
260	11	0 1 1 1 1 1 0 0 0 1 1 0 0 0 0 0
260	22	0 1 1 0 0 1 1 0 1 0 1 0 0 0 0 0
260	6	0 0 1 0 0 1 0 0 1 1 1 0 0 1 0 0
260	2	0 1 0 1 1 1 0 0 0 0 0 0 0 0 1 0
260	5	1 1 0 1 1 1 0 1 0 1 0 0 0 0 1 0
260	10	0 1 1 0 0 1 0 0 1 1 0 1 0 0 0 0
260	3	1 1 1 0 1 0 1 0 0 1 0 0 0 0 0 0
260	3	0 1 1 1 0 1 1 0 1 0 0 0 0 0 0 0
260	12	1 1 1 0 0 1 0 1 0 1 0 0 0 0 1 0
260	1	1 0 0 0 1 0 1 0 1 1 0 0 0 0 0 0
260	27	1 1 1 0 0 1 0 1 0 0 0 0 0 0 1 0
260	8	0 1 1 1 0 1 0 0 0 0 1 1 0 1 0 0
260	3	1 1 1 0 0 1 0 0 0 0 1 0 0 0 0 0
260	5	0 1 1 1 1 1 0 1 0 0 0 0 0 1 0 0
260	14	0 0 1 1 0 0 1 0 1 0 0 0 0 0 0 0
260	10	0 1 1 1 0 1 0 0 0 1 1 0 0 0 0 0
260	5	0 1 1 0 0 1 1 0 0 1 1 0 0 0 0 0
260	1	0 1 1 1 0 0 1 0 1 0 0 0 0 0 0 0
260	3	1 1 0 1 1 1 0 1 1 1 1 0 0 0 0 0
260	5	1 0 0 0 1 0 1 0 0 1 0 0 0 0 0 0
260	4	0 1 0 1 0 1 1 0 1 0 0 0 0 0 0 0
260	5	1 1 0 0 0 1 0 1 0 1 1 0 0 0 0 0
260	14	0 0 1 0 0 1 0 0 0 1 0 0 0 0 0 0
260	2	0 1 0 1 1 1 0 0 0 1 0 0 0 0 0 0
260	5	0 1 1 1 0 1 0 0 1 1 1 0 0 1 0 0
260	18	0 1 0 1 1 1 1 0 0 0 0 0 0 0 1 0
260	6	0 1 1 1 1 1 1 0 1 1 0 0 0 0 0 0
260	9	0 1 0 0 1 1 0 0 0 1 1 0 0 0 0 0
260	12	1 1 1 1 0 1 1 0 1 1 0 0 0 0 0 0
260	13	0 1 1 1 0 0 1 0 1 1 0 1 0 0 0 0
260	19	0 1 1 0 0 1 1 0 0 0 0 0 0 0 1 0
260	7	1 1 1 0 0 1 1 0 1 0 0 0 0 1 0 0
260	5	0 1 1 1 0 0 1 0 0 1 0 0 0 0 0 0
260	7	0 1 1 1 0 1 1 1 1 1 0 0 0 0 0 0
260	3	1 0 1 1 0 1 1 1 1 0 0 0 0 0 0 0
260	8	0 1 1 1 0 1 1 0 1 1 1 0 0 0 0 0
260	5	0 1 1 1 0 1 1 0 1 1 0 1 0 0 0 0
260	11	0 1 0 0 1 1 1 0 0 1 1 0 0 0 0 0
260	11	0 1 1 1 0 1 1 0 0 1 0 0 0 0 0 0
260	6	1 1 0 0 0 1 0 0 0 1 0 0 0 0 0 0
260	3	1 1 0 1 1 1 0 0 0 1 0 0 0 0 1 0
260	4	0 1 0 1 1 1 0 1 0 1 0 1 0 0 0 0
260	1	1 1 0 1 0 0 0 0 1 0 0 1 0 0 0 0
260	20	1 1 1 1 0 1 1 0 1 1 0 1 0 0 0 0
260	1	0 0 1 0 0 1 1 0 1 0 0 0 0 0 1 0
260	19	1 1 1 0 0 1 0 0 1 1 0 0 0 0 0 0
260	2	0 0 0 1 0 0 1 0 1 0 0 0 0 0 0 0
260	9	1 1 1 0 0 1 0 1 0 1 0 0 0 0 0 0
260	1	0 1 1 1 0 1 0 0 0 0 0 1 0 0 0 0
260	5	0 0 1 1 0 0 1 1 1 0 0 0 0 0 0 0
260	1	0 1 0 0 1 1 1 0 0 0 0 0 0 0 1 0
260	2	0 1 0 0 1 1 1 0 0 1 1 0 1 0 0 0
260	1	0 1 0 1 0 1 1 0 1 1 0 0 0 0 0 0
260	2	0 0 1 0 0 1 0 1 1 1 1 0 0 1 0 0
260	5	0 1 1 1 1 1 1 1 0 0 0 0 0 1 0 0
260	2	0 1 1 0 0 0 0 0 0 1 1 0 0 0 0 0
260	1	1 1 1 0 1 1 1 0 1 1 0 0 0 0 0 0
260	13	1 1 1 0 1 0 1 0 1 1 1 0 0 0 0 0
260	1	0 0 1 1 0 1 1 0 1 1 0 0 0 0 0 0
260	9	0 0 1 0 0 1 0 0 1 1 1 0 0 0 0 0
260	5	0 1 1 1 0 0 0 0 0 0 0 0 0 0 0 0
260	7	0 0 1 1 0 0 1 0 1 0 0 0 0 0 0 1
260	2	0 1 0 1 1 1 1 0 1 1 0 0 0 0 0 0
260	2	1 1 1 1 0 1 1 0 0 1 1 0 0 0 0 0
260	6	0 1 0 0 1 1 1 0 1 1 0 0 0 1 0 0
260	5	1 0 0 1 0 1 1 0 1 0 0 0 0 0 0 0
260	11	0 1 1 1 0 0 1 1 1 0 0 0 0 0 0 0
260	9	0 1 0 0 0 1 1 0 1 1 1 0 0 0 0 0
260	4	0 1 1 1 0 1 0 0 0 0 1 1 0 0 0 0
260	5	1 1 1 1 0 1 1 0 1 1 0 0 0 0 1 0
260	1	0 1 1 1 0 1 1 0 1 1 0 0 0 0 1 0
260	1	0 1 0 1 1 1 0 1 0 1 0 0 0 1 0 0
260	1	1 0 1 0 0 1 1 0 1 0 0 0 0 0 0 0
260	1	0 1 0 0 0 1 0 0 0 1 1 0 0 0 0 0
260	3	1 1 1 0 0 1 0 1 0 0 0 0 0 1 1 0
260	2	0 0 0 1 1 0 1 0 1 1 0 0 0 0 0 0
260	2	0 1 1 0 0 1 0 0 1 0 1 0 0 0 0 0
260	5	1 0 0 1 1 0 1 0 1 1 0 0 0 0 1 0
260	2	0 1 1 0 0 1 1 0 1 1 1 0 1 0 0 0
260	3	1 1 1 0 0 0 1 0 1 0 0 0 0 0 0 0
260	3	0 1 0 1 1 1 0 1 0 1 0 0 0 0 1 0
260	1	1 1 0 0 1 1 1 0 0 1 1 0 0 0 0 0
260	1	1 1 1 1 0 0 1 0 1 1 0 0 0 0 0 0
260	1	1 1 1 0 0 1 1 0 1 1 0 0 0 1 0 0
260	1	1 1 1 0 0 1 1 0 1 0 1 0 0 0 0 0
260	2	1 1 1 0 0 0 1 0 1 1 0 0 0 0 0 0
260	1	1 0 0 1 1 1 0 1 0 1 0 0 0 0 1 0
260	2	1 1 1 1 0 1 1 0 1 1 0 1 0 0 0 1
280	20	0 0 1 0 0 1 0 0 0 1 1 0 0 0 0 0
280	25	1 1 1 0 0 1 1 0 1 1 0 0 0 0 0 0
280	21	0 1 1 0 0 1 1 0 1 1 0 1 0 0 0 0
280	22	1 1 1 0 1 0 1 0 1 1 0 0 0 0 0 0
280	21	0 1 1 1 0 1 1 0 1 1 0 0 0 0 0 0
280	21	0 1 1 1 0 0 1 0 1 1 0 0 0 0 0 0
280	22	0 1 1 0 0 1 1 0 1 1 1 0 0 0 0 0
280	11	0 1 1 0 1 1 0 0 1 0 1 0 0 0 0 0
280	39	0 1 1 0 0 1 0 0 1 1 1 0 0 0 0 0
280	7	0 1 1 1 0 0 1 0 0 0 0 0 0 0 0 0
280	12	1 1 1 0 0 1 1 0 1 0 0 0 0 0 0 0
280	14	1 1 0 0 0 1 0 0 0 1 1 0 0 0 0 0
280	19	1 1 1 0 0 1 1 0 1 1 1 0 0 0 0 0
280	14	0 1 0 1 0 0 0 0 1 0 0 1 0 0 0 0
280	13	0 1 1 1 1 1 0 0 0 1 1 0 0 0 0 0
280	23	0 1 1 0 0 1 1 0 1 0 1 0 0 0 0 0
280	6	1 1 0 1 1 1 0 1 0 1 0 0 0 0 1 0
280	29	0 1 1 0 0 1 0 0 1 1 0 1 0 0 0 0
280	10	0 1 1 1 0 1 1 0 1 0 0 0 0 0 0 0
280	1	1 1 1 0 0 1 0 1 0 1 0 0 0 0 1 0
280	8	1 1 1 0 0 1 0 1 0 0 0 0 0 0 1 0
280	26	0 1 1 1 0 1 0 0 0 0 1 1 0 1 0 0
280	1	0 1 1 1 1 1 0 1 0 0 0 0 0 1 0 0
280	7	0 0 1 1 0 0 1 0 1 0 0 0 0 0 0 0
280	23	0 1 1 1 0 1 0 0 0 1 1 0 0 0 0 0
280	19	1 1 0 0 0 1 0 1 0 1 1 0 0 0 0 0
280	3	0 1 1 1 0 1 0 0 1 1 1 0 0 1 0 0
280	12	0 1 1 1 0 0 1 0 1 1 0 1 0 0 0 0
280	26	0 1 1 1 0 1 1 1 1 1 0 0 0 0 0 0
280	20	0 1 1 1 0 1 1 0 1 1 1 0 0 0 0 0
280	4	0 1 1 1 0 1 1 0 0 1 0 0 0 0 0 0
280	44	1 1 1 1 0 1 1 0 1 1 0 1 0 0 0 0
280	1	1 1 1 0 0 1 0 1 0 1 0 0 0 0 0 0
280	22	1 1 1 1 0 1 1 0 1 1 0 0 0 0 1 0
280	10	0 1 1 0 0 1 1 0 1 0 0 0 0 0 0 0
280	5	0 1 1 1 0 1 0 0 1 1 0 0 0 0 0 0
280	1	1 1 1 0 1 1 1 0 1 1 1 0 0 0 0 0
280	3	1 1 1 1 0 1 0 0 0 0 1 1 0 1 0 0
280	20	1 1 1 0 0 1 0 0 1 0 0 0 0 0 0 0
280	4	0 1 0 1 1 0 0 1 0 1 0 0 0 0 0 0
280	8	0 1 1 1 1 1 0 0 0 1 0 0 0 0 0 0
280	20	1 1 1 0 0 1 1 0 1 0 0 1 0 1 0 0
280	18	1 1 1 0 0 1 0 0 0 1 1 0 0 0 0 1
280	2	0 1 0 1 0 0 0 0 1 0 0 1 1 0 0 0
280	6	1 1 1 0 0 1 0 1 0 1 0 0 0 1 1 0
280	29	1 1 1 0 0 1 1 0 0 1 0 0 0 0 0 0
280	1	1 0 1 1 0 1 1 0 1 1 0 0 0 0 0 0
280	6	0 1 1 0 0 1 0 0 0 1 1 0 0 0 0 0
280	22	0 1 1 0 1 0 1 0 1 1 1 0 0 0 0 0
280	1	1 1 1 0 0 1 0 1 1 1 1 0 0 0 0 0
280	1	1 1 0 1 0 1 0 0 0 1 1 0 0 0 0 0
280	3	0 1 0 0 1 1 0 0 1 1 0 0 0 0 0 0
280	7	0 1 1 1 0 0 1 0 0 0 1 0 0 0 0 1
280	5	0 1 1 0 0 1 0 1 0 1 0 0 0 1 1 0
280	1	0 1 1 1 0 1 1 0 1 1 0 0 1 0 0 0
280	4	0 1 1 1 0 0 0 0 0 0 0 0 0 0 0 0
280	4	0 1 1 0 0 1 1 0 1 0 0 0 1 0 0 0
280	21	1 1 1 1 0 1 0 0 0 1 1 0 0 0 0 1
280	4	1 0 0 1 1 0 1 0 1 1 0 0 0 0 1 0
280	8	0 1 1 1 0 1 0 1 0 1 1 0 0 0 0 0
280	7	0 1 1 1 1 1 0 0 1 0 1 0 0 0 0 0
280	8	0 1 1 1 0 0 0 0 1 1 1 0 0 0 0 0
280	12	0 1 1 0 0 1 1 0 1 1 1 0 0 0 1 0
280	3	1 1 1 0 0 1 0 1 0 0 0 0 0 0 0 0
280	4	1 0 0 0 0 1 0 0 0 1 1 0 0 0 0 0
280	2	0 1 1 0 0 1 0 0 1 1 0 0 0 0 0 0
280	10	0 0 1 0 0 1 0 0 0 0 1 0 0 0 0 0
280	3	1 1 1 0 0 1 1 0 1 1 0 0 0 1 0 0
280	4	0 1 1 1 1 1 0 1 0 0 0 0 0 1 0 1
280	9	0 1 1 1 0 1 1 1 1 0 0 0 0 0 0 0
280	5	0 0 1 1 0 1 1 0 1 1 0 0 0 0 0 0
280	2	0 1 1 0 1 1 0 0 1 1 1 0 0 0 0 0
280	1	0 1 1 0 0 1 0 0 1 1 0 1 1 0 0 0
280	2	1 1 1 1 0 1 1 0 1 1 0 1 0 0 1 0
280	1	0 1 1 1 1 1 0 0 0 0 0 0 0 0 0 0
280	2	1 1 1 0 0 1 1 0 1 1 0 1 0 1 0 0
280	2	0 1 1 0 0 1 0 1 0 0 0 0 0 0 1 0
280	3	1 1 1 1 0 1 1 0 1 1 1 0 0 0 0 0
280	1	1 1 1 1 0 1 0 0 0 0 1 1 0 0 0 0
280	9	0 1 1 1 1 1 0 0 1 1 1 0 0 0 0 0
280	6	0 1 1 0 0 1 0 0 1 1 0 1 0 0 1 0
280	7	0 1 1 1 0 1 1 0 1 1 0 1 0 0 0 0
280	12	0 1 1 0 1 0 1 0 1 1 1 0 0 1 0 0
280	3	0 1 1 1 0 1 1 0 1 0 0 0 1 0 0 0
280	3	0 1 1 0 1 1 0 0 1 1 0 1 0 0 0 0
280	1	0 1 0 1 0 0 1 0 1 1 0 0 0 0 0 0
280	4	1 1 1 0 0 1 0 0 1 1 1 0 0 0 0 0
280	3	0 1 1 1 0 1 0 0 1 0 1 1 0 1 0 0
280	6	1 1 1 1 0 1 1 0 1 0 0 0 0 0 0 0
280	3	1 1 1 0 0 0 1 0 0 1 0 0 0 0 0 0
280	6	1 1 1 1 0 1 0 0 0 1 1 0 0 0 0 0
280	3	0 1 1 1 1 1 0 0 0 1 1 0 0 0 1 0
280	1	0 1 1 0 0 1 1 0 0 1 1 0 0 0 1 0
280	4	0 1 1 0 0 1 1 0 1 1 0 0 0 0 0 0
280	1	1 1 1 0 0 1 1 1 1 0 0 0 0 0 0 0
280	4	1 1 0 0 0 1 0 0 0 1 1 0 0 0 0 1
280	10	0 1 1 1 0 1 1 0 0 0 1 1 0 1 0 0
280	2	0 1 1 1 0 1 1 1 1 1 0 1 0 0 0 0
280	3	0 1 1 1 0 0 0 0 1 1 1 0 0 1 0 0
280	3	1 1 1 0 0 1 1 0 1 1 0 0 1 1 0 0
280	3	0 1 0 1 0 1 0 0 1 1 0 0 0 0 0 0
280	3	0 1 1 0 0 1 1 0 1 0 1 0 0 0 0 1
280	4	0 1 1 1 0 1 0 0 1 1 1 0 0 0 0 1
280	2	0 0 1 0 0 1 1 0 1 1 1 0 0 0 0 0
280	2	0 1 1 1 0 1 0 0 0 0 1 1 0 0 0 0
280	3	1 1 1 1 0 1 1 0 1 1 0 1 0 0 0 1
280	4	1 0 1 1 0 1 1 0 1 1 0 1 0 0 0 0
280	1	0 1 1 0 0 0 1 0 1 0 0 0 0 0 0 0
280	2	1 1 1 0 0 1 0 0 0 1 1 0 0 0 0 0
280	1	0 1 1 0 1 0 1 0 1 1 0 0 0 0 1 0
280	1	1 1 0 0 0 1 0 0 0 1 1 0 0 0 1 0
280	3	0 1 0 0 0 1 0 0 0 1 1 0 0 0 0 0
280	1	0 1 1 1 0 1 0 0 1 1 0 1 0 0 0 0
280	1	0 1 0 1 0 1 0 0 0 0 1 1 0 1 0 0
280	3	0 1 1 1 0 1 0 0 0 1 1 0 1 0 0 0
280	1	0 1 1 1 0 1 0 0 0 1 1 0 0 0 1 0
280	1	0 1 1 1 1 0 1 0 1 1 0 1 0 0 0 0
280	1	1 1 1 0 0 1 0 1 1 0 0 0 0 0 0 0
280	2	1 1 1 0 0 1 0 0 1 0 0 0 0 1 0 0
280	2	1 0 1 0 0 1 0 1 0 1 0 0 0 1 1 0
280	1	1 0 1 0 0 1 1 0 0 1 0 0 0 0 0 0
280	2	0 1 1 1 1 1 0 1 0 1 1 0 0 0 0 0
280	1	0 1 1 0 0 0 1 0 1 0 0 0 0 0 0 1
300	10	0 0 1 0 0 1 0 0 0 1 1 0 0 0 0 0
300	15	1 1 1 0 0 1 1 0 1 1 0 0 0 0 0 0
300	1	1 1 1 0 1 0 1 0 1 1 0 0 0 0 0 0
300	20	0 1 1 1 0 1 1 0 1 1 0 0 0 0 0 0
300	9	0 1 1 1 0 0 1 0 1 1 0 0 0 0 0 0
300	7	0 1 1 0 0 1 1 0 1 1 1 0 0 0 0 0
300	5	0 1 1 0 1 1 0 0 1 0 1 0 0 0 0 0
300	35	0 1 1 0 0 1 0 0 1 1 1 0 0 0 0 0
300	13	0 1 1 1 0 0 1 0 0 0 0 0 0 0 0 0
300	18	1 1 1 0 0 1 1 0 1 0 0 0 0 0 0 0
300	1	1 1 0 0 0 1 0 0 0 1 1 0 0 0 0 0
300	10	1 1 1 0 0 1 1 0 1 1 1 0 0 0 0 0
300	12	0 1 0 1 0 0 0 0 1 0 0 1 0 0 0 0
300	14	0 1 1 0 0 1 1 0 1 0 1 0 0 0 0 0
300	8	1 1 0 1 1 1 0 1 0 1 0 0 0 0 1 0
300	74	0 1 1 1 0 1 0 0 0 0 1 1 0 1 0 0
300	4	0 1 1 1 0 1 0 0 0 1 1 0 0 0 0 0
300	13	1 1 0 0 0 1 0 1 0 1 1 0 0 0 0 0
300	10	0 1 1 1 0 0 1 0 1 1 0 1 0 0 0 0
300	34	0 1 1 1 0 1 1 1 1 1 0 0 0 0 0 0
300	27	0 1 1 1 0 1 1 0 1 1 1 0 0 0 0 0
300	23	0 1 1 1 0 1 1 0 0 1 0 0 0 0 0 0
300	2	1 1 1 1 0 1 1 0 1 1 0 1 0 0 0 0
300	16	1 1 1 1 0 1 1 0 1 1 0 0 0 0 1 0
300	6	0 1 1 1 0 1 0 0 1 1 0 0 0 0 0 0
300	13	1 1 1 0 0 1 0 0 1 0 0 0 0 0 0 0
300	4	0 1 0 1 1 0 0 1 0 1 0 0 0 0 0 0
300	19	1 1 1 0 0 1 1 0 1 0 0 1 0 1 0 0
300	11	1 1 1 0 0 1 0 0 0 1 1 0 0 0 0 1
300	4	1 1 1 0 0 1 0 1 0 1 0 0 0 1 1 0
300	42	1 1 1 0 0 1 1 0 0 1 0 0 0 0 0 0
300	24	0 1 1 1 0 0 1 0 0 0 1 0 0 0 0 1
300	4	0 1 1 1 0 1 0 1 0 1 1 0 0 0 0 0
300	2	0 1 1 1 1 1 0 0 1 0 1 0 0 0 0 0
300	13	0 1 1 0 0 1 1 0 1 1 1 0 0 0 1 0
300	4	1 0 0 0 0 1 0 0 0 1 1 0 0 0 0 0
300	20	0 1 1 1 1 1 0 1 0 0 0 0 0 1 0 1
300	3	0 1 1 1 0 1 1 1 1 0 0 0 0 0 0 0
300	4	0 0 1 1 0 1 1 0 1 1 0 0 0 0 0 0
300	5	1 1 1 1 0 1 1 0 1 1 1 0 0 0 0 0
300	1	0 1 1 1 1 1 0 0 1 1 1 0 0 0 0 0
300	33	1 1 1 1 0 1 1 0 1 0 0 0 0 0 0 0
300	11	1 1 1 1 0 1 0 0 0 1 1 0 0 0 0 0
300	3	0 1 1 1 1 1 0 0 0 1 1 0 0 0 1 0
300	4	0 1 1 1 0 1 1 0 0 0 1 1 0 1 0 0
300	6	0 1 1 1 0 1 1 1 1 1 0 1 0 0 0 0
300	4	1 1 1 1 0 1 1 0 1 1 0 1 0 0 0 1
300	65	1 1 1 1 0 1 1 0 1 1 0 0 0 0 0 0
300	6	1 1 1 0 1 0 1 0 1 1 0 1 0 0 1 0
300	8	0 1 0 1 0 1 1 0 1 1 0 1 0 0 0 0
300	5	1 1 1 0 0 1 1 0 1 1 0 1 0 0 0 0
300	7	1 1 1 0 0 1 1 0 1 1 0 0 0 0 1 0
300	16	1 1 0 0 0 1 0 0 0 0 1 0 0 0 0 0
300	1	0 1 1 0 0 1 1 0 0 1 1 0 0 0 0 0
300	3	0 1 0 0 0 1 1 0 1 1 1 0 0 0 0 0
300	5	1 1 1 0 0 1 1 0 1 1 1 0 0 0 0 1
300	4	0 1 1 1 0 1 1 0 1 0 0 0 0 1 0 0
300	2	1 1 1 1 0 1 1 1 1 1 0 0 0 0 0 0
300	4	0 1 1 0 0 0 0 0 1 1 0 1 0 0 0 0
300	6	1 1 1 0 0 1 1 0 0 0 0 0 0 0 0 0
300	7	0 1 1 0 0 1 0 0 1 1 1 0 0 0 0 1
300	17	0 1 1 1 0 1 1 0 0 0 0 0 0 0 0 0
300	21	1 1 1 0 0 0 0 0 0 1 1 0 0 0 0 1
300	1	1 1 0 1 1 1 0 1 0 1 0 0 0 0 0 1
300	4	0 1 1 0 0 1 1 0 0 0 1 0 0 0 0 0
300	4	0 1 1 1 0 1 1 0 0 1 0 1 0 0 0 0
300	2	0 1 1 1 0 1 0 1 0 0 1 0 0 0 0 0
300	3	1 1 1 0 0 1 1 1 0 1 0 0 0 1 1 0
300	5	1 1 1 0 0 1 1 0 0 1 1 0 0 0 1 0
300	5	0 1 1 1 0 0 1 0 1 1 0 0 0 0 1 0
300	5	0 1 1 1 0 0 1 0 1 0 0 0 0 1 0 0
300	2	0 1 1 1 0 0 1 0 1 1 0 0 0 1 0 0
300	16	0 1 1 1 1 1 1 0 1 1 1 0 0 0 0 0
300	1	0 1 0 1 0 0 1 0 1 1 0 0 0 0 0 0
300	6	0 1 1 0 0 0 1 0 1 1 1 0 0 0 0 0
300	3	0 1 1 1 1 1 0 0 0 0 1 0 0 0 1 0
300	9	0 1 0 0 0 1 1 0 0 1 1 0 0 0 1 0
300	1	0 1 1 0 0 1 1 0 0 1 1 0 0 0 0 1
300	9	0 1 1 1 0 0 0 0 0 0 0 0 0 0 0 0
300	7	1 1 1 0 0 1 0 1 0 1 1 0 0 0 1 0
300	1	0 1 1 1 0 1 0 1 0 0 0 0 0 1 0 1
300	11	0 1 1 1 0 1 1 1 1 1 0 1 0 1 0 0
300	3	1 1 1 0 0 0 0 0 1 1 1 0 0 0 1 0
300	5	1 1 1 0 0 1 0 0 1 0 0 1 0 1 0 0
300	1	0 0 1 1 0 1 1 0 0 1 0 1 0 0 0 0
300	8	0 1 1 1 0 1 0 0 1 0 0 0 0 0 0 0
300	1	0 1 1 1 0 1 1 1 1 1 0 0 0 0 1 0
300	2	1 1 1 0 0 1 0 1 1 0 1 0 0 0 1 0
300	2	0 1 1 0 1 1 0 1 0 1 0 0 1 1 1 0
300	5	0 1 1 1 1 0 0 0 0 0 1 0 0 0 1 0
300	2	0 1 0 1 0 0 0 0 1 0 1 0 0 0 0 0
300	1	1 1 1 1 0 0 1 0 0 0 1 0 0 0 0 1
300	5	0 1 1 1 0 0 1 0 0 0 1 0 0 0 0 0
300	2	1 1 0 0 0 1 1 0 1 1 0 0 0 0 0 0
300	4	0 1 1 1 0 0 1 0 0 0 1 1 0 1 0 0
300	1	0 1 1 1 0 1 1 0 1 0 1 1 0 1 0 0
300	1	0 1 1 0 0 1 1 0 1 1 0 0 0 0 0 0
300	1	1 1 0 1 1 1 0 1 0 1 0 0 0 0 0 0
300	2	1 1 1 1 0 1 0 0 0 0 1 1 0 1 0 0
300	3	0 0 1 0 0 1 0 0 0 0 1 0 0 0 0 0
300	1	0 1 1 0 0 1 1 0 1 1 1 0 0 1 0 0
300	2	1 1 0 1 1 1 0 1 0 1 1 0 0 0 1 0
300	3	0 1 1 1 0 0 0 0 0 0 1 1 0 1 0 0
300	2	1 1 1 0 0 1 0 1 0 1 1 0 0 0 0 0
300	4	1 1 1 1 1 1 1 0 1 0 0 0 0 0 0 0
300	4	1 1 1 1 0 1 0 0 1 1 0 0 0 0 0 0
300	2	1 1 0 0 0 1 0 0 1 0 1 0 0 0 0 0
300	1	1 1 1 0 0 1 1 0 0 1 1 0 0 0 0 0
300	1	0 1 1 1 0 0 0 0 0 1 1 0 0 0 0 1
300	4	0 1 1 1 0 1 0 0 0 0 1 1 0 0 0 0
300	1	1 1 0 0 0 1 0 1 0 1 1 0 0 0 0 1
300	1	0 1 1 0 0 1 0 1 0 1 1 0 0 0 0 0
300	5	0 1 1 1 0 0 1 0 0 1 0 0 0 0 0 0
300	3	1 1 1 1 0 1 1 1 1 1 0 1 0 1 0 0
300	1	0 1 1 1 0 1 1 0 1 1 0 0 0 0 1 0
300	1	1 1 1 1 1 1 1 0 0 1 0 0 0 0 0 0
300	3	1 1 1 0 0 1 1 1 1 1 0 0 0 0 0 0
300	1	0 1 1 1 0 0 1 0 1 0 0 0 0 0 0 0
300	1	0 1 0 0 0 1 0 0 1 1 1 0 0 0 0 0
300	1	0 1 1 1 0 0 1 1 1 1 0 0 0 0 0 0
300	1	1 1 1 0 0 1 0 1 0 0 0 0 0 1 1 0
300	1	1 0 1 1 0 1 1 0 1 0 0 0 0 0 0 0
300	2	1 1 1 1 0 1 0 0 0 1 0 0 0 0 0 0
300	3	0 1 1 1 0 1 1 0 0 1 1 1 0 1 0 0
300	1	1 1 1 1 0 1 1 0 1 1 0 0 1 0 0 0
300	2	1 1 1 1 0 1 1 0 0 1 0 0 0 0 0 0
300	3	0 1 0 0 0 1 1 1 1 1 1 0 0 0 0 0
300	1	0 1 1 1 1 1 0 0 0 0 1 1 0 0 1 0
300	2	0 0 1 1 0 1 0 0 1 0 0 0 0 0 0 0
320	3	0 0 1 0 0 1 0 0 0 1 1 0 0 0 0 0
320	13	1 1 1 0 0 1 1 0 1 1 0 0 0 0 0 0
320	16	0 1 1 1 0 1 1 0 1 1 0 0 0 0 0 0
320	9	0 1 1 0 0 1 0 0 1 1 1 0 0 0 0 0
320	13	0 1 1 1 0 0 1 0 0 0 0 0 0 0 0 0
320	1	1 1 1 0 0 1 1 0 1 1 1 0 0 0 0 0
320	41	0 1 0 1 0 0 0 0 1 0 0 1 0 0 0 0
320	1	0 1 1 0 0 1 1 0 1 0 1 0 0 0 0 0
320	32	0 1 1 1 0 1 0 0 0 0 1 1 0 1 0 0
320	14	0 1 1 1 0 1 0 0 0 1 1 0 0 0 0 0
320	43	1 1 0 0 0 1 0 1 0 1 1 0 0 0 0 0
320	13	0 1 1 1 0 1 1 1 1 1 0 0 0 0 0 0
320	44	0 1 1 1 0 1 1 0 1 1 1 0 0 0 0 0
320	6	1 1 1 1 0 1 1 0 1 1 0 0 0 0 1 0
320	13	1 1 1 0 0 1 0 0 1 0 0 0 0 0 0 0
320	6	0 1 0 1 1 0 0 1 0 1 0 0 0 0 0 0
320	8	1 1 1 0 0 1 1 0 1 0 0 1 0 1 0 0
320	1	1 1 1 0 0 1 0 1 0 1 0 0 0 1 1 0
320	16	1 1 1 0 0 1 1 0 0 1 0 0 0 0 0 0
320	21	0 1 1 1 0 0 1 0 0 0 1 0 0 0 0 1
320	9	1 1 1 1 0 1 1 0 1 1 1 0 0 0 0 0
320	14	1 1 1 1 0 1 1 0 1 0 0 0 0 0 0 0
320	2	1 1 1 1 0 1 0 0 0 1 1 0 0 0 0 0
320	11	0 1 1 1 1 1 0 0 0 1 1 0 0 0 1 0
320	19	0 1 1 1 0 1 1 1 1 1 0 1 0 0 0 0
320	156	1 1 1 1 0 1 1 0 1 1 0 0 0 0 0 0
320	5	1 1 1 0 0 1 1 0 1 1 0 0 0 0 1 0
320	5	0 1 1 1 0 1 1 0 0 0 0 0 0 0 0 0
320	2	1 1 1 0 0 0 0 0 0 1 1 0 0 0 0 1
320	25	0 1 1 1 0 1 1 0 0 1 0 1 0 0 0 0
320	19	0 1 1 1 0 0 1 0 1 1 0 0 0 0 1 0
320	11	0 1 1 1 1 1 1 0 1 1 1 0 0 0 0 0
320	2	1 1 1 0 0 1 0 1 0 1 1 0 0 0 1 0
320	24	1 1 1 0 0 1 0 0 1 0 0 1 0 1 0 0
320	21	0 1 1 1 1 0 0 0 0 0 1 0 0 0 1 0
320	14	1 1 1 1 0 0 1 0 0 0 1 0 0 0 0 1
320	5	0 1 1 1 0 0 1 0 0 0 1 0 0 0 0 0
320	14	0 1 1 1 0 0 1 0 0 0 1 1 0 1 0 0
320	4	1 1 0 1 1 1 0 1 0 1 1 0 0 0 1 0
320	18	1 1 0 0 0 1 0 0 1 0 1 0 0 0 0 0
320	10	1 1 0 0 0 1 0 1 0 1 1 0 0 0 0 1
320	44	0 1 1 1 0 0 1 0 0 1 0 0 0 0 0 0
320	18	0 1 1 1 0 0 1 0 1 0 0 0 0 0 0 0
320	12	1 1 1 1 0 1 0 0 0 1 0 0 0 0 0 0
320	5	0 1 1 1 0 1 1 0 1 1 0 1 0 0 0 0
320	17	0 1 0 1 1 0 0 0 1 0 0 1 0 0 0 0
320	4	1 1 1 1 0 0 1 0 0 0 0 0 0 0 0 0
320	5	1 1 1 1 0 1 0 0 1 1 0 1 0 0 0 0
320	2	0 1 1 1 0 1 0 0 0 0 1 0 0 0 0 1
320	2	0 1 1 1 0 1 1 1 1 1 1 0 0 0 0 0
320	21	0 1 1 1 0 1 1 0 1 1 0 0 1 0 0 0
320	2	0 1 1 0 0 1 1 0 0 1 0 0 0 0 0 0
320	8	1 1 1 0 0 1 0 0 1 0 1 0 0 0 0 0
320	10	1 1 1 1 0 1 0 0 1 0 0 1 0 0 0 0
320	4	0 1 1 1 0 0 1 0 1 1 0 0 1 0 0 0
320	6	1 1 1 0 0 1 0 0 0 1 0 0 0 0 0 0
320	9	0 1 1 0 0 1 0 1 0 1 1 0 0 0 0 0
320	3	1 1 1 0 0 1 1 1 1 1 0 0 0 0 1 0
320	2	0 1 0 1 1 0 0 0 1 1 0 0 0 0 0 1
320	3	1 1 1 1 1 1 1 0 1 1 0 0 0 0 0 0
320	5	0 1 1 1 0 1 0 0 0 1 1 1 0 0 0 0
320	5	1 1 1 1 0 1 1 1 1 1 0 1 1 1 0 0
320	2	1 1 0 1 0 0 0 0 1 0 0 1 0 0 0 0
320	6	0 1 1 0 0 1 1 0 1 1 0 0 0 0 0 0
320	3	1 1 0 0 0 1 0 0 0 0 1 0 0 1 0 0
320	1	1 1 1 1 0 1 1 0 1 1 0 1 0 0 0 0
320	6	1 1 1 0 0 1 1 0 0 1 0 0 0 0 0 1
320	4	0 1 1 0 0 0 1 0 1 1 1 0 0 1 0 0
320	4	0 1 1 1 1 1 1 0 1 1 0 0 0 0 0 0
320	8	0 1 1 0 0 1 0 0 0 1 1 0 0 0 0 0
320	7	0 1 1 1 1 1 0 0 0 0 1 1 0 1 0 0
320	3	1 1 1 0 0 0 0 0 0 1 0 0 0 0 0 0
320	2	0 1 1 1 0 1 0 0 1 0 0 1 0 0 0 0
320	5	0 1 1 1 0 1 0 0 0 1 0 0 0 0 0 0
320	3	0 0 1 1 0 1 1 0 1 1 0 0 0 0 0 0
320	3	0 1 1 1 0 0 0 0 0 0 1 1 0 1 0 0
320	1	1 1 0 1 0 1 0 1 0 1 1 0 0 0 0 1
320	2	0 1 0 1 0 1 1 1 1 1 0 0 0 0 0 0
320	1	1 1 1 0 0 1 1 0 1 1 0 0 0 1 0 0
320	7	1 1 1 0 0 1 1 1 0 1 1 0 0 0 0 1
320	3	0 1 1 1 1 0 1 0 0 0 1 1 0 1 0 0
320	1	0 0 1 1 0 1 1 0 1 1 0 1 0 0 0 0
320	3	0 1 1 1 0 0 1 0 1 0 0 1 0 0 0 0
320	1	0 1 0 1 1 0 0 0 1 0 0 1 0 1 0 0
320	1	0 1 1 1 0 1 0 0 0 0 1 1 0 1 1 0
320	2	1 1 1 1 0 1 1 0 1 1 1 0 0 0 1 0
320	1	1 1 1 0 0 1 0 0 1 1 1 0 0 0 0 0
320	2	1 1 1 1 0 1 1 0 1 1 0 0 1 0 0 0
320	1	0 0 1 1 0 1 1 0 1 1 0 0 0 0 1 0
320	1	0 1 1 1 0 1 1 0 1 1 1 0 1 0 0 0
320	3	1 1 1 1 0 1 1 0 1 1 0 0 0 0 0 1
320	1	1 1 1 1 0 0 1 0 1 1 0 0 0 0 0 0
320	1	0 1 1 1 0 0 1 0 0 1 0 0 0 0 1 0
320	3	0 1 1 1 0 0 1 0 1 0 0 1 0 1 0 0
320	1	0 1 0 1 0 0 1 0 1 1 1 0 0 0 0 0
320	1	0 1 0 1 0 0 0 0 1 0 0 0 0 0 0 0
320	1	1 1 0 0 0 1 0 0 1 0 0 1 0 1 0 0
320	2	1 1 0 0 0 1 1 0 1 1 0 0 0 0 1 0
320	2	0 1 1 1 0 1 1 0 1 0 0 1 0 1 0 0
320	1	0 1 0 0 0 1 0 0 1 0 1 0 0 0 0 0
320	2	0 1 1 0 0 0 1 0 0 0 0 0 0 0 0 0
320	1	0 1 1 1 0 1 1 0 0 1 1 0 0 0 0 0
320	1	1 1 1 0 0 0 0 0 1 0 0 1 0 1 0 0
320	1	0 1 1 1 1 0 0 0 0 0 1 0 0 1 1 0
320	1	1 0 0 0 0 1 0 0 1 0 1 0 0 0 0 0
320	1	1 1 1 0 1 1 0 0 1 0 1 0 0 0 0 0
320	2	1 1 1 0 0 1 0 0 0 0 1 0 0 1 0 0
340	6	1 1 1 0 0 1 1 0 1 1 0 0 0 0 0 0
340	6	0 1 1 1 0 1 1 0 1 1 0 0 0 0 0 0
340	9	0 1 1 1 0 0 1 0 0 0 0 0 0 0 0 0
340	7	0 1 0 1 0 0 0 0 1 0 0 1 0 0 0 0
340	14	0 1 1 1 0 1 0 0 0 0 1 1 0 1 0 0
340	9	1 1 0 0 0 1 0 1 0 1 1 0 0 0 0 0
340	3	0 1 1 1 0 1 1 1 1 1 0 0 0 0 0 0
340	53	0 1 1 1 0 1 1 0 1 1 1 0 0 0 0 0
340	29	1 1 1 0 0 1 0 0 1 0 0 0 0 0 0 0
340	15	0 1 1 1 0 0 1 0 0 0 1 0 0 0 0 1
340	23	1 1 1 1 0 1 1 0 1 1 1 0 0 0 0 0
340	2	1 1 1 1 0 1 1 0 1 0 0 0 0 0 0 0
340	4	0 1 1 1 1 1 0 0 0 1 1 0 0 0 1 0
340	41	0 1 1 1 0 1 1 1 1 1 0 1 0 0 0 0
340	111	1 1 1 1 0 1 1 0 1 1 0 0 0 0 0 0
340	4	1 1 1 0 0 1 1 0 1 1 0 0 0 0 1 0
340	13	0 1 1 1 0 1 1 0 0 1 0 1 0 0 0 0
340	15	1 1 1 0 0 1 0 0 1 0 0 1 0 1 0 0
340	4	0 1 1 1 1 0 0 0 0 0 1 0 0 0 1 0
340	21	1 1 1 1 0 0 1 0 0 0 1 0 0 0 0 1
340	7	0 1 1 1 0 0 1 0 0 0 1 0 0 0 0 0
340	26	0 1 1 1 0 0 1 0 0 0 1 1 0 1 0 0
340	25	1 1 0 0 0 1 0 0 1 0 1 0 0 0 0 0
340	27	0 1 1 1 0 0 1 0 0 1 0 0 0 0 0 0
340	9	0 1 0 1 1 0 0 0 1 0 0 1 0 0 0 0
340	3	0 1 1 1 0 1 1 0 1 1 0 0 1 0 0 0
340	10	1 1 1 0 0 1 0 0 1 0 1 0 0 0 0 0
340	19	1 1 1 1 0 1 0 0 1 0 0 1 0 0 0 0
340	43	0 1 1 0 0 1 0 1 0 1 1 0 0 0 0 0
340	22	1 1 1 1 1 1 1 0 1 1 0 0 0 0 0 0
340	2	0 1 1 1 0 1 0 0 0 1 1 1 0 0 0 0
340	6	1 1 1 1 0 1 1 1 1 1 0 1 1 1 0 0
340	10	0 1 1 0 0 1 0 0 0 1 1 0 0 0 0 0
340	8	0 0 1 1 0 1 1 0 1 1 0 0 0 0 0 0
340	6	0 1 1 1 1 0 1 0 0 0 1 1 0 1 0 0
340	9	1 1 1 1 0 1 1 0 1 1 0 0 0 0 0 1
340	3	0 1 1 1 0 0 1 0 1 0 0 1 0 1 0 0
340	23	0 1 1 0 0 0 1 0 0 0 0 0 0 0 0 0
340	7	0 1 1 1 0 1 1 0 0 1 1 0 0 0 0 0
340	7	1 1 1 1 0 1 0 0 0 1 0 0 0 0 0 1
340	18	0 1 1 1 0 1 1 0 0 0 0 1 0 0 0 0
340	10	0 1 1 1 1 0 1 0 0 0 1 1 0 0 0 0
340	11	1 1 1 1 0 1 0 0 1 1 0 0 0 0 0 0
340	6	1 1 0 0 0 1 0 1 1 1 0 0 0 0 0 0
340	5	1 1 1 1 0 1 1 0 0 1 0 0 0 0 0 0
340	10	0 1 0 1 1 0 0 0 1 0 0 1 0 1 0 0
340	1	1 1 0 0 0 1 0 0 1 1 0 0 0 0 0 0
340	46	1 1 1 1 0 1 0 0 1 0 0 0 0 0 0 0
340	1	1 1 1 0 0 1 0 1 1 1 1 0 0 0 1 0
340	1	1 1 1 0 0 1 1 0 0 1 0 0 0 0 1 0
340	1	1 1 0 1 1 1 1 1 0 1 1 0 0 0 1 0
340	3	0 1 0 1 1 0 0 0 1 1 0 1 0 0 0 0
340	3	0 1 1 0 0 1 1 1 0 1 1 0 0 0 0 1
340	1	0 1 0 1 0 1 1 0 1 1 1 0 0 0 0 0
340	3	0 1 0 1 1 0 0 1 1 0 0 1 0 0 0 0
340	5	1 0 1 1 0 1 1 1 1 1 0 1 1 1 0 0
340	2	1 1 1 1 1 1 1 0 1 1 0 0 0 0 0 1
340	4	0 1 1 1 0 1 1 0 0 1 0 1 1 0 0 0
340	6	1 1 1 0 0 1 1 0 1 1 1 0 0 0 0 0
340	3	1 1 1 0 0 1 1 1 0 1 1 0 0 0 1 1
340	9	1 1 1 1 0 1 1 0 1 1 0 0 0 1 0 1
340	2	1 0 0 0 0 1 0 0 1 1 0 0 0 0 0 0
340	3	0 1 1 1 1 0 1 0 0 0 1 0 0 0 0 0
340	10	0 1 1 1 0 0 1 0 1 1 1 0 0 0 0 0
340	15	0 1 1 1 0 0 1 0 0 1 0 1 0 0 0 0
340	9	1 1 1 1 1 1 1 0 0 1 1 0 0 0 0 0
340	11	0 1 0 1 0 0 0 0 1 0 0 1 1 0 0 0
340	1	0 1 0 1 0 1 0 0 1 0 1 0 0 0 0 0
340	20	1 1 1 1 0 1 1 0 0 1 1 0 0 0 0 0
340	5	0 1 0 1 1 0 0 0 1 1 0 0 0 0 1 0
340	1	0 1 0 1 0 0 1 0 1 0 0 1 0 0 0 0
340	7	0 0 1 0 0 0 1 0 0 0 0 0 0 0 0 0
340	16	0 1 1 1 1 0 1 0 0 0 1 1 1 0 0 0
340	2	0 1 1 1 0 0 1 0 1 1 0 0 1 0 1 0
340	2	0 1 1 1 0 0 1 0 1 0 0 1 0 1 1 0
340	1	1 0 1 1 0 1 1 1 0 1 0 1 1 1 0 0
340	2	1 1 1 1 0 1 1 0 0 0 1 1 0 1 0 0
340	1	0 1 1 1 0 1 1 1 1 1 1 0 0 0 0 0
340	2	0 1 1 1 1 0 0 1 0 1 1 0 0 0 0 0
340	7	0 1 1 1 1 0 0 0 1 0 1 0 0 0 1 0
340	5	0 1 1 1 0 0 1 0 1 0 1 0 0 0 0 0
340	2	1 1 1 1 0 1 0 0 1 0 0 1 0 1 0 0
340	1	0 1 1 1 0 0 1 0 0 0 0 1 0 0 0 0
340	3	1 1 0 1 0 1 1 0 1 1 0 0 0 0 0 0
340	7	1 1 1 1 0 1 0 0 0 0 0 1 0 1 0 0
340	1	1 1 1 1 1 0 1 0 0 0 1 1 0 1 0 0
340	3	1 0 0 0 0 0 1 0 0 1 0 0 0 0 0 0
340	4	1 1 0 1 1 0 0 1 1 0 0 1 0 0 0 0
340	2	1 1 1 1 0 1 1 1 0 1 0 1 1 1 0 0
340	3	1 1 1 0 0 1 1 0 1 1 0 0 0 1 0 0
340	1	1 1 1 0 0 1 0 1 1 0 0 1 0 1 0 0
340	1	1 1 0 0 0 0 0 0 1 1 0 0 0 0 0 0
340	3	1 1 1 0 0 1 1 0 1 1 0 0 0 1 0 1
340	4	1 0 1 1 0 1 1 0 1 1 1 0 0 0 0 0
340	1	0 1 0 1 0 1 1 1 1 1 0 0 0 0 0 0
340	2	0 1 1 1 1 1 1 1 1 1 0 1 0 0 0 0
340	3	1 1 1 1 0 1 1 0 1 1 0 1 0 0 0 0
340	2	0 1 1 0 0 1 0 1 0 1 1 0 1 0 0 0
340	2	1 1 1 1 0 0 0 0 1 0 0 0 0 0 0 0
340	2	1 0 1 1 0 1 1 0 1 1 0 1 1 1 0 0
340	1	0 1 0 1 0 0 0 0 1 0 0 0 0 0 0 0
340	1	0 1 1 1 0 1 1 0 1 1 0 1 0 0 0 0
340	1	1 1 1 0 0 1 1 0 0 1 1 0 0 0 0 0
340	1	1 1 1 1 1 1 1 0 1 0 1 0 0 0 0 0
340	1	0 1 1 1 0 0 0 0 1 0 0 0 0 0 0 0
340	2	0 1 1 0 0 1 0 0 0 1 1 0 0 1 0 0
340	1	0 1 1 0 0 1 0 0 1 0 0 0 0 0 0 0
340	1	1 1 0 1 1 1 1 1 0 1 1 1 0 0 0 0
340	1	0 1 1 1 0 0 1 0 0 0 0 0 0 1 0 0
340	1	1 1 1 1 0 1 1 0 1 1 0 0 0 0 1 0
340	1	1 1 1 1 0 1 1 0 1 1 0 0 0 1 0 0
340	1	0 1 0 1 0 1 1 0 1 1 0 0 0 0 0 0
340	1	0 1 1 1 1 0 0 0 0 0 1 0 0 0 0 0
340	4	1 1 1 1 0 1 1 1 1 1 0 1 0 0 0 0
340	2	0 0 1 0 0 0 1 0 0 0 1 0 0 0 0 0
340	1	1 1 1 0 0 1 1 1 0 1 0 1 1 1 0 0
360	31	1 1 1 0 0 1 1 0 1 1 0 0 0 0 0 0
360	5	1 1 0 0 0 1 0 1 0 1 1 0 0 0 0 0
360	7	0 1 1 1 0 1 1 0 1 1 1 0 0 0 0 0
360	37	1 1 1 0 0 1 0 0 1 0 0 0 0 0 0 0
360	4	0 1 1 1 0 0 1 0 0 0 1 0 0 0 0 1
360	65	1 1 1 1 0 1 1 0 1 1 1 0 0 0 0 0
360	54	0 1 1 1 0 1 1 1 1 1 0 1 0 0 0 0
360	95	1 1 1 1 0 1 1 0 1 1 0 0 0 0 0 0
360	5	1 1 1 0 0 1 0 0 1 0 0 1 0 1 0 0
360	12	1 1 1 1 0 0 1 0 0 0 1 0 0 0 0 1
360	24	0 1 1 1 0 0 1 0 0 0 1 1 0 1 0 0
360	19	1 1 0 0 0 1 0 0 1 0 1 0 0 0 0 0
360	5	0 1 1 1 0 0 1 0 0 1 0 0 0 0 0 0
360	16	0 1 1 1 0 1 1 0 1 1 0 0 1 0 0 0
360	7	1 1 1 1 0 1 0 0 1 0 0 1 0 0 0 0
360	16	0 1 1 0 0 1 0 1 0 1 1 0 0 0 0 0
360	26	1 1 1 1 1 1 1 0 1 1 0 0 0 0 0 0
360	17	0 1 1 0 0 1 0 0 0 1 1 0 0 0 0 0
360	16	0 0 1 1 0 1 1 0 1 1 0 0 0 0 0 0
360	4	1 1 1 1 0 1 1 0 1 1 0 0 0 0 0 1
360	4	0 1 1 0 0 0 1 0 0 0 0 0 0 0 0 0
360	9	0 1 1 1 0 1 1 0 0 0 0 1 0 0 0 0
360	44	1 1 1 1 0 1 0 0 1 1 0 0 0 0 0 0
360	7	0 1 0 1 1 0 0 0 1 0 0 1 0 1 0 0
360	21	1 1 1 1 0 1 0 0 1 0 0 0 0 0 0 0
360	15	1 1 1 0 0 1 1 0 1 1 1 0 0 0 0 0
360	10	0 1 1 1 1 0 1 0 0 0 1 0 0 0 0 0
360	17	0 1 1 1 0 0 1 0 1 1 1 0 0 0 0 0
360	8	0 1 1 1 0 0 1 0 0 1 0 1 0 0 0 0
360	26	1 1 1 1 1 1 1 0 0 1 1 0 0 0 0 0
360	15	0 1 0 1 0 0 0 0 1 0 0 1 1 0 0 0
360	2	0 1 0 1 0 1 0 0 1 0 1 0 0 0 0 0
360	30	1 1 1 1 0 1 1 0 0 1 1 0 0 0 0 0
360	10	0 0 1 0 0 0 1 0 0 0 0 0 0 0 0 0
360	1	0 1 1 1 1 0 0 0 1 0 1 0 0 0 1 0
360	29	0 1 1 1 0 0 1 0 1 0 1 0 0 0 0 0
360	5	1 1 1 1 0 1 0 0 1 0 0 1 0 1 0 0
360	3	1 1 0 1 1 0 0 1 1 0 0 1 0 0 0 0
360	11	1 1 1 0 0 1 1 0 1 1 0 0 0 1 0 0
360	18	1 1 1 1 0 1 1 0 1 1 0 1 0 0 0 0
360	17	0 1 1 0 0 1 0 0 1 0 0 0 0 0 0 0
360	5	0 1 1 1 0 1 1 0 0 1 1 1 0 0 0 0
360	1	0 1 1 1 1 0 0 0 0 0 1 1 1 0 0 0
360	1	0 1 1 1 1 0 1 1 0 0 1 1 0 1 0 0
360	4	0 1 1 1 0 1 1 0 1 1 0 1 0 0 0 0
360	4	0 1 1 0 0 0 1 0 0 0 1 0 0 0 0 0
360	13	0 1 1 1 0 0 1 0 0 0 0 1 0 0 0 0
360	3	1 1 1 1 1 0 1 0 1 1 0 0 0 0 0 0
360	8	0 1 1 1 0 0 1 0 1 1 1 1 0 0 0 0
360	5	0 0 1 1 0 1 1 0 1 0 1 0 0 0 0 0
360	5	0 1 1 1 0 0 1 1 1 1 0 1 0 0 0 0
360	1	1 1 0 0 1 1 0 0 1 0 1 0 0 0 0 0
360	9	1 1 1 1 0 1 1 0 0 1 1 1 0 0 0 0
360	5	0 1 1 1 1 0 0 0 0 0 0 0 0 0 0 0
360	31	1 1 1 1 0 1 1 0 1 1 1 1 0 0 0 0
360	7	1 0 1 1 0 1 1 0 1 1 0 0 0 0 0 0
360	6	1 1 1 1 0 0 1 0 0 0 1 1 0 1 0 0
360	1	1 1 1 1 0 0 1 1 0 1 1 0 0 0 0 0
360	8	0 1 1 1 0 1 1 1 1 1 0 0 0 0 0 0
360	5	0 1 1 1 0 1 1 0 1 1 0 0 1 0 1 0
360	3	1 1 1 1 0 1 0 0 1 0 0 0 1 0 0 0
360	2	0 1 0 1 0 1 0 0 0 0 1 0 0 0 0 0
360	4	1 1 1 1 0 0 1 0 1 1 0 1 0 0 0 0
360	12	1 1 1 1 1 1 1 0 1 1 0 1 0 0 0 0
360	1	1 1 1 0 0 1 1 0 0 1 1 0 0 0 0 0
360	1	1 1 1 1 0 1 1 0 1 1 1 0 0 0 1 0
360	5	0 1 1 1 0 0 1 0 0 0 1 1 0 1 1 0
360	3	1 1 1 1 0 1 1 0 0 1 0 0 0 0 0 1
360	3	0 1 1 0 0 0 0 1 0 1 1 0 0 1 0 0
360	2	0 1 1 1 0 1 1 1 1 1 0 1 0 1 0 0
360	3	1 1 1 0 0 1 1 0 1 0 0 0 0 0 0 0
360	2	0 1 1 1 1 0 1 0 0 0 0 0 0 0 0 0
360	1	1 1 1 1 0 1 1 0 0 1 0 0 0 0 0 0
360	10	1 1 1 1 0 1 1 0 1 1 0 1 0 1 0 0
360	5	1 1 1 1 0 1 0 0 1 0 0 0 0 0 0 1
360	2	0 1 1 1 1 1 0 0 0 0 0 0 0 0 0 0
360	3	1 1 1 0 0 1 1 0 1 1 0 1 0 0 0 0
360	1	0 1 1 1 1 0 0 0 0 0 0 1 0 0 0 0
360	6	1 1 1 1 0 1 0 1 1 0 0 0 0 0 0 0
360	1	0 1 1 1 0 1 0 0 1 0 1 0 0 0 0 0
360	2	1 1 1 1 0 0 0 0 1 0 0 1 0 1 0 0
360	2	1 1 1 1 0 1 1 0 1 1 0 1 0 0 0 1
360	1	0 1 1 0 0 0 1 1 1 1 0 1 0 0 0 0
360	1	0 1 1 0 0 1 0 0 1 0 1 0 0 0 0 0
360	3	1 1 1 0 0 1 0 0 0 1 1 0 0 0 0 0
360	5	1 1 1 1 0 1 0 0 1 1 0 1 0 0 0 0
360	1	1 1 1 1 0 0 0 0 1 1 0 0 0 0 0 0
360	4	0 1 1 1 0 0 1 0 1 0 0 0 0 0 0 0
360	1	1 1 1 1 0 1 0 1 1 0 0 1 0 1 0 0
360	3	1 1 1 0 0 1 1 0 1 0 1 0 0 0 0 0
360	1	0 1 0 1 1 0 0 0 1 0 1 1 0 1 0 0
360	1	1 1 1 0 0 1 1 0 0 1 0 0 0 0 0 0
360	1	1 1 1 0 0 1 0 1 0 1 1 0 0 0 0 0
360	1	1 1 1 1 0 1 1 0 1 1 0 0 0 0 1 0
360	1	0 1 1 1 0 1 1 0 1 1 0 0 0 0 0 1
360	1	0 1 1 1 1 0 0 0 1 0 0 1 0 1 0 0
360	5	0 0 1 0 0 0 1 0 0 0 0 0 0 0 1 0
360	3	0 1 1 1 0 0 1 0 1 0 1 0 0 0 1 0
360	1	0 1 1 1 0 0 1 1 1 1 0 1 0 0 0 1
360	1	1 1 1 1 1 1 1 0 1 1 1 1 0 0 0 0
360	1	0 1 1 1 0 1 0 1 1 1 0 1 0 1 0 0
360	1	1 1 1 1 0 1 0 0 1 1 0 1 1 0 0 0
380	20	1 1 1 0 0 1 1 0 1 1 0 0 0 0 0 0
380	18	0 1 1 1 0 1 1 0 1 1 1 0 0 0 0 0
380	35	1 1 1 0 0 1 0 0 1 0 0 0 0 0 0 0
380	58	1 1 1 1 0 1 1 0 1 1 1 0 0 0 0 0
380	70	0 1 1 1 0 1 1 1 1 1 0 1 0 0 0 0
380	138	1 1 1 1 0 1 1 0 1 1 0 0 0 0 0 0
380	11	1 1 1 1 0 0 1 0 0 0 1 0 0 0 0 1
380	22	0 1 1 1 0 0 1 0 0 0 1 1 0 1 0 0
380	2	0 1 1 1 0 0 1 0 0 1 0 0 0 0 0 0
380	7	0 1 1 1 0 1 1 0 1 1 0 0 1 0 0 0
380	10	0 1 1 0 0 1 0 1 0 1 1 0 0 0 0 0
380	29	1 1 1 1 1 1 1 0 1 1 0 0 0 0 0 0
380	2	0 0 1 1 0 1 1 0 1 1 0 0 0 0 0 0
380	9	1 1 1 1 0 1 1 0 1 1 0 0 0 0 0 1
380	51	1 1 1 1 0 1 0 0 1 1 0 0 0 0 0 0
380	6	0 1 0 1 1 0 0 0 1 0 0 1 0 1 0 0
380	5	0 1 1 1 0 0 1 0 1 1 1 0 0 0 0 0
380	2	0 1 1 1 0 0 1 0 0 1 0 1 0 0 0 0
380	9	1 1 1 1 1 1 1 0 0 1 1 0 0 0 0 0
380	5	0 1 0 1 0 0 0 0 1 0 0 1 1 0 0 0
380	38	1 1 1 1 0 1 1 0 0 1 1 0 0 0 0 0
380	22	0 0 1 0 0 0 1 0 0 0 0 0 0 0 0 0
380	18	1 1 1 0 0 1 1 0 1 1 0 0 0 1 0 0
380	7	1 1 1 1 0 1 1 0 1 1 0 1 0 0 0 0
380	9	0 1 1 0 0 0 1 0 0 0 1 0 0 0 0 0
380	6	1 1 1 1 0 1 1 0 0 1 1 1 0 0 0 0
380	50	1 1 1 1 0 1 1 0 1 1 1 1 0 0 0 0
380	7	1 0 1 1 0 1 1 0 1 1 0 0 0 0 0 0
380	13	1 1 1 1 0 0 1 0 0 0 1 1 0 1 0 0
380	4	1 1 1 1 0 0 1 0 1 1 0 1 0 0 0 0
380	17	1 1 1 0 0 1 1 0 1 0 0 0 0 0 0 0
380	11	1 1 1 1 0 1 1 0 1 1 0 1 0 1 0 0
380	5	1 1 1 0 0 1 1 0 1 1 0 1 0 0 0 0
380	5	1 1 1 1 0 0 0 0 1 0 0 1 0 1 0 0
380	9	0 0 1 0 0 0 1 0 0 0 0 0 0 0 1 0
380	13	1 1 1 0 0 1 0 0 1 1 0 0 0 0 0 0
380	2	1 1 1 1 0 1 1 0 1 0 0 1 0 1 0 0
380	3	1 1 1 1 0 0 0 0 0 0 1 1 0 1 0 0
380	28	1 1 1 1 0 1 1 1 1 1 0 1 0 0 0 0
380	24	0 1 1 1 0 0 0 0 1 1 0 0 0 0 0 0
380	1	0 0 1 1 0 0 1 0 0 0 0 0 0 0 1 0
380	1	1 1 0 0 0 1 1 1 0 1 1 0 0 0 0 0
380	1	0 1 0 1 0 0 1 0 0 0 1 1 0 1 0 0
380	5	1 1 1 1 0 1 0 0 1 1 0 0 0 0 0 1
380	3	0 1 1 1 0 0 1 0 1 1 0 1 0 0 0 0
380	6	1 1 1 0 0 0 1 0 0 0 1 0 0 0 0 1
380	16	1 1 1 1 0 1 1 1 0 1 0 1 0 0 0 0
380	1	1 1 1 1 0 1 0 0 1 0 1 1 0 0 0 0
380	7	1 1 1 1 0 0 1 0 0 0 1 1 0 1 1 0
380	2	1 1 1 1 0 0 1 0 1 1 0 1 1 0 0 0
380	3	0 1 1 0 0 1 0 1 0 1 1 1 0 0 0 0
380	10	1 1 1 1 0 0 1 0 1 1 0 0 0 0 0 1
380	9	1 1 0 1 0 1 0 0 1 1 0 0 0 0 0 0
380	2	1 1 1 0 0 0 0 0 1 0 0 0 0 0 0 0
380	3	0 1 1 1 0 1 1 1 1 1 0 1 0 0 0 1
380	2	0 0 1 0 1 0 1 0 0 0 0 0 0 0 0 0
380	14	1 1 1 0 0 0 0 0 1 1 0 0 0 0 0 0
380	6	1 1 1 1 0 1 1 1 1 1 1 0 0 0 0 0
380	6	0 1 1 1 0 0 1 0 1 1 0 0 0 0 0 0
380	5	0 1 0 1 1 0 0 0 0 1 1 0 0 0 0 0
380	8	1 1 1 1 0 0 1 0 1 1 0 0 0 0 0 0
380	1	0 1 1 1 0 0 1 0 0 1 1 0 0 0 0 1
380	7	1 1 1 1 0 1 1 0 0 1 0 1 0 0 0 1
380	5	0 1 1 0 0 1 1 0 1 1 0 0 0 0 0 0
380	2	1 1 1 1 1 1 1 0 1 1 1 0 0 0 0 0
380	7	0 1 1 1 0 1 1 1 1 1 0 1 0 1 0 0
380	1	1 1 1 1 1 1 1 0 1 1 0 0 0 0 0 1
380	1	1 1 1 1 1 1 1 0 1 1 1 1 0 0 0 0
380	1	0 0 1 1 0 1 1 0 1 1 1 0 0 0 0 0
380	8	1 1 1 1 0 0 1 0 0 0 1 1 0 0 0 0
380	2	1 1 1 0 0 1 1 1 1 1 0 1 0 0 0 0
380	7	0 1 1 1 0 0 0 0 1 1 0 0 1 0 0 0
380	4	0 0 1 0 1 0 1 0 0 0 0 0 0 0 1 0
380	3	0 1 1 1 0 1 0 0 1 1 0 1 0 1 0 0
380	1	1 1 1 1 0 1 1 0 1 0 1 1 0 0 0 0
380	4	1 1 1 1 0 1 1 0 0 0 1 1 0 0 0 0
380	2	1 1 0 1 0 1 0 0 0 0 0 0 0 0 0 0
380	2	1 1 1 1 0 0 1 0 1 1 1 0 0 0 0 0
380	1	0 1 1 1 0 1 1 0 0 0 1 1 0 1 0 0
380	2	1 1 1 1 0 1 1 0 1 1 0 1 0 0 0 1
380	2	1 0 1 1 0 1 1 0 0 1 0 0 0 0 0 0
380	1	1 1 1 0 0 1 0 0 1 1 0 1 0 0 0 0
380	3	0 1 0 1 0 0 1 0 1 1 0 1 0 0 0 0
380	3	0 1 1 1 0 1 1 0 0 0 1 1 0 0 0 0
380	1	1 1 1 1 0 1 0 0 1 1 0 0 0 1 0 0
380	3	1 1 0 1 0 1 1 0 1 1 1 0 0 0 0 0
380	2	0 1 1 1 0 1 1 1 1 0 0 1 0 0 0 0
380	3	1 1 1 1 0 1 1 0 1 1 0 0 1 0 0 0
380	2	0 1 0 1 0 1 0 0 1 0 0 1 1 0 0 0
380	1	1 1 1 0 0 1 1 1 1 0 0 0 0 0 0 0
380	2	1 1 1 1 0 1 1 0 1 1 1 1 0 1 0 0
380	2	1 1 1 1 0 0 1 0 1 1 0 1 0 1 0 0
380	1	0 0 1 0 0 0 1 0 1 0 0 0 0 0 1 0
380	2	0 0 1 0 0 0 1 0 0 1 1 1 0 1 0 0
400	2	1 1 1 0 0 1 1 0 1 1 0 0 0 0 0 0
400	19	0 1 1 1 0 1 1 0 1 1 1 0 0 0 0 0
400	12	1 1 1 0 0 1 0 0 1 0 0 0 0 0 0 0
400	38	1 1 1 1 0 1 1 0 1 1 1 0 0 0 0 0
400	10	0 1 1 1 0 1 1 1 1 1 0 1 0 0 0 0
400	135	1 1 1 1 0 1 1 0 1 1 0 0 0 0 0 0
400	4	0 1 1 1 0 0 1 0 0 0 1 1 0 1 0 0
400	6	0 1 1 1 0 0 1 0 0 1 0 0 0 0 0 0
400	7	0 1 1 1 0 1 1 0 1 1 0 0 1 0 0 0
400	12	1 1 1 1 1 1 1 0 1 1 0 0 0 0 0 0
400	9	1 1 1 1 0 1 1 0 1 1 0 0 0 0 0 1
400	43	1 1 1 1 0 1 0 0 1 1 0 0 0 0 0 0
400	2	0 1 0 1 1 0 0 0 1 0 0 1 0 1 0 0
400	9	1 1 1 1 1 1 1 0 0 1 1 0 0 0 0 0
400	19	1 1 1 1 0 1 1 0 0 1 1 0 0 0 0 0
400	5	1 1 1 0 0 1 1 0 1 1 0 0 0 1 0 0
400	1	0 1 1 0 0 0 1 0 0 0 1 0 0 0 0 0
400	18	1 1 1 1 0 1 1 0 0 1 1 1 0 0 0 0
400	106	1 1 1 1 0 1 1 0 1 1 1 1 0 0 0 0
400	9	1 0 1 1 0 1 1 0 1 1 0 0 0 0 0 0
400	10	1 1 1 1 0 0 1 0 0 0 1 1 0 1 0 0
400	16	1 1 1 1 0 0 1 0 1 1 0 1 0 0 0 0
400	2	1 1 1 0 0 1 1 0 1 0 0 0 0 0 0 0
400	11	1 1 1 1 0 1 1 0 1 1 0 1 0 1 0 0
400	1	1 1 1 0 0 1 1 0 1 1 0 1 0 0 0 0
400	12	1 1 1 1 0 0 0 0 0 0 1 1 0 1 0 0
400	24	1 1 1 1 0 1 1 1 1 1 0 1 0 0 0 0
400	11	0 1 1 1 0 0 0 0 1 1 0 0 0 0 0 0
400	18	1 1 1 0 0 0 1 0 0 0 1 0 0 0 0 1
400	15	1 1 1 1 0 0 1 0 0 0 1 1 0 1 1 0
400	2	0 1 1 0 0 1 0 1 0 1 1 1 0 0 0 0
400	7	1 1 1 1 0 0 1 0 1 1 0 0 0 0 0 1
400	4	0 1 1 1 0 1 1 1 1 1 0 1 0 0 0 1
400	14	1 1 1 0 0 0 0 0 1 1 0 0 0 0 0 0
400	8	0 1 1 1 0 0 1 0 1 1 0 0 0 0 0 0
400	64	1 1 1 1 0 0 1 0 1 1 0 0 0 0 0 0
400	2	1 1 1 1 1 1 1 0 1 1 1 0 0 0 0 0
400	2	1 1 1 1 0 0 1 0 0 0 1 1 0 0 0 0
400	3	0 1 1 1 0 1 0 0 1 1 0 1 0 1 0 0
400	49	0 1 1 1 0 1 1 0 0 0 1 1 0 0 0 0
400	12	1 1 1 0 0 1 1 0 1 1 1 0 0 0 0 0
400	11	1 0 1 1 0 1 0 0 1 1 0 0 0 0 0 0
400	10	1 1 1 1 0 1 0 0 1 0 0 0 0 0 0 0
400	4	1 1 1 0 0 0 1 0 0 0 1 1 0 0 0 0
400	3	0 1 1 1 0 1 1 0 1 1 0 0 0 0 0 1
400	1	1 1 0 1 0 1 1 0 1 1 0 0 0 0 0 0
400	2	1 1 0 1 0 1 1 0 1 1 1 1 0 0 0 0
400	14	1 1 1 1 0 1 1 0 1 1 0 0 0 1 0 0
400	5	1 1 1 1 0 1 1 0 1 1 1 0 0 0 0 1
400	3	0 1 1 0 0 0 0 0 1 1 0 0 0 0 0 0
400	37	0 1 1 1 0 1 1 0 1 1 0 0 0 0 0 0
400	6	1 1 1 1 0 1 1 0 1 0 1 0 0 0 0 0
400	2	1 1 1 1 0 1 0 0 1 1 0 0 0 0 0 1
400	1	1 1 1 0 0 0 1 0 0 0 0 0 0 0 1 0
400	4	1 1 1 1 0 1 1 0 0 1 0 0 0 0 0 0
400	7	0 1 1 1 0 0 1 0 0 1 1 0 0 0 0 0
400	1	1 1 1 1 0 0 1 0 1 1 0 0 0 0 1 1
400	3	1 1 1 0 0 0 0 0 1 1 1 1 0 0 0 0
400	5	1 1 1 1 0 0 1 0 0 1 1 1 0 1 0 0
400	3	1 1 1 1 0 1 0 0 1 0 0 0 0 1 0 0
400	8	1 1 1 0 1 1 0 0 1 1 0 1 0 0 0 0
400	3	1 1 1 0 0 0 0 0 0 1 1 1 0 0 0 0
400	3	1 1 1 1 0 1 1 0 0 1 1 1 0 1 0 0
400	5	0 1 1 1 0 1 1 0 0 0 1 0 0 0 0 0
400	7	1 1 1 1 0 1 1 1 1 0 0 1 0 0 0 0
400	2	1 1 1 1 1 1 1 0 1 1 0 0 0 0 0 1
400	4	1 0 1 1 0 1 1 1 1 1 0 0 0 0 0 0
400	7	1 1 1 0 0 0 0 1 0 1 1 0 0 0 0 0
400	2	1 1 1 1 0 1 1 0 0 0 1 1 0 1 0 0
400	1	0 1 1 1 0 1 1 0 1 1 0 0 1 0 1 0
400	2	1 1 1 1 0 1 0 0 1 1 0 0 1 0 0 0
400	1	0 1 1 1 0 0 1 0 0 0 1 0 1 0 0 0
400	9	1 1 1 0 0 1 1 0 0 1 1 0 0 0 0 0
400	9	1 1 1 0 0 0 0 0 0 1 0 0 0 0 0 0
400	2	1 1 1 1 0 1 0 0 1 1 0 0 0 1 0 0
400	6	1 1 1 0 0 0 1 0 1 1 0 1 0 0 0 0
400	6	1 1 1 1 0 1 1 0 1 1 0 0 1 0 0 0
400	1	1 1 1 1 0 0 1 0 1 1 0 0 1 0 0 0
400	1	1 1 0 1 0 0 1 0 1 1 0 0 0 0 0 0
400	1	0 1 1 1 1 1 1 0 1 1 1 0 0 0 0 0
400	3	1 1 1 0 0 0 1 0 0 1 1 1 0 0 0 0
400	2	1 1 1 1 0 0 1 0 1 1 1 0 0 0 0 0
400	3	1 1 1 0 0 0 0 0 1 0 0 1 0 1 0 0
400	1	0 1 1 1 1 1 1 0 1 1 0 0 0 0 0 0
400	1	1 1 1 1 0 1 1 0 1 1 0 0 0 0 1 1
400	2	1 1 1 1 0 1 1 0 1 1 1 1 0 1 0 0
400	8	0 0 0 1 0 1 1 0 1 1 1 0 0 0 0 0
400	4	1 1 1 0 1 0 0 0 0 1 0 0 0 0 0 0
400	1	1 1 0 1 0 1 1 0 1 1 1 0 0 0 0 0
400	2	1 1 1 1 1 0 1 0 1 1 0 0 0 0 0 0
400	2	0 1 0 1 0 1 1 0 0 0 1 1 0 0 0 0
400	3	1 0 1 1 0 1 0 0 1 1 0 0 0 0 1 0
400	1	1 0 1 1 0 0 0 0 1 1 0 0 0 0 0 0
400	2	1 1 1 0 1 1 0 0 1 1 0 0 0 0 0 0
400	2	1 0 1 0 0 0 0 0 0 1 0 0 0 0 0 0
400	1	1 1 1 1 0 1 1 0 1 1 0 1 0 0 0 0
400	1	1 1 1 0 1 1 1 0 0 1 1 0 0 0 0 0
400	2	1 1 1 1 0 1 0 0 0 1 1 1 0 0 0 0
400	1	1 1 1 1 0 0 1 0 1 1 1 1 0 0 0 0
400	1	1 1 1 1 0 0 1 0 0 1 0 1 0 0 0 0
400	1	1 1 1 1 0 0 1 0 1 1 0 0 1 0 0 1
400	1	0 1 1 1 0 1 1 0 1 1 0 0 1 0 0 1
