0	250	0 1 0 0 0 0 0 0 0 0 0 0 0 0 1 1
0	250	1 0 0 0 0 0 0 0 0 0 0 0 0 0 1 0
0	250	0 0 0 0 0 1 0 0 0 0 0 0 0 0 0 0
0	250	1 0 0 0 0 1 0 0 0 0 0 1 0 1 0 0
8	170	0 1 0 0 0 0 0 0 0 0 0 0 0 0 1 1
8	203	1 0 0 0 0 0 0 0 0 0 0 0 0 0 1 0
8	243	0 0 0 0 0 1 0 0 0 0 0 0 0 0 0 0
8	210	1 0 0 0 0 1 0 0 0 0 0 1 0 1 0 0
8	12	0 1 0 0 0 1 0 0 0 0 0 0 0 0 0 0
8	3	1 0 0 0 0 0 0 0 0 0 0 0 0 0 1 1
8	5	0 0 0 0 0 1 0 0 0 0 0 1 0 1 0 0
8	7	0 1 0 0 0 0 0 0 0 0 0 0 1 0 1 1
8	2	0 1 0 0 0 0 0 0 1 0 0 0 0 0 1 1
8	4	0 1 0 0 0 0 0 0 0 0 0 0 0 1 1 1
8	10	1 0 0 1 0 0 0 0 0 0 0 0 0 0 1 0
8	9	0 0 0 0 0 1 0 0 0 1 0 0 0 0 0 0
8	4	1 0 0 1 0 1 0 0 0 0 0 1 0 1 0 0
8	18	1 0 0 0 0 0 0 0 0 0 0 0 0 0 0 0
8	1	1 0 0 0 0 1 0 0 0 0 0 0 0 0 1 1
8	3	1 0 0 0 0 0 0 1 0 0 0 0 0 0 1 0
8	4	0 0 0 0 0 1 0 0 0 0 0 0 0 0 1 0
8	2	0 1 0 0 0 1 0 0 0 0 0 1 0 1 0 0
8	4	0 0 0 0 0 0 0 0 0 0 0 0 0 0 1 0
8	22	0 0 0 0 0 1 0 0 0 0 1 0 0 0 0 0
8	10	0 1 0 0 0 0 0 0 0 0 0 0 0 0 1 0
8	4	0 1 0 0 0 0 0 0 0 0 1 0 0 0 1 1
8	2	0 0 0 0 0 1 0 0 0 0 0 1 0 0 0 0
8	2	0 0 0 0 0 1 0 1 0 0 0 0 0 0 0 0
8	1	0 0 0 0 0 0 0 0 0 0 0 1 0 1 0 0
8	3	0 1 0 0 0 0 0 0 1 0 0 0 1 0 1 1
8	2	1 0 0 0 0 0 0 0 0 0 0 1 0 1 0 0
8	2	1 0 0 0 0 1 0 0 0 0 0 0 0 0 1 0
8	4	1 0 1 0 0 0 0 0 0 0 0 0 0 0 1 0
8	2	0 0 0 0 0 1 1 0 0 0 0 0 0 0 0 0
8	1	1 0 0 0 0 1 0 0 0 0 0 0 0 1 0 0
8	1	0 1 0 0 0 0 0 0 0 0 0 0 0 1 1 0
8	6	1 0 0 0 0 0 0 0 0 0 0 0 0 1 0 0
8	1	0 0 0 0 0 1 0 0 0 0 0 0 0 0 1 1
8	2	1 0 0 0 0 1 1 0 0 0 0 1 0 1 0 0
8	1	1 0 0 0 0 1 0 1 0 0 0 1 0 1 0 0
8	3	1 1 0 0 0 1 0 0 0 0 0 1 0 1 0 0
8	4	0 1 0 1 0 0 0 0 1 0 0 0 0 0 1 1
8	4	1 0 0 1 0 0 0 0 0 1 0 0 0 0 1 0
8	3	1 0 0 0 0 1 1 0 0 0 0 0 0 0 0 0
8	1	1 0 0 0 0 0 0 0 0 0 1 0 0 0 1 0
8	1	1 0 1 0 0 0 0 0 0 0 0 0 0 0 1 1
8	2	0 1 0 0 0 0 0 0 1 0 0 0 0 1 1 1
8	1	0 0 1 0 0 1 0 0 0 0 0 0 0 0 1 0
8	1	0 0 0 0 0 1 0 1 0 0 0 0 0 0 1 0
45	25	0 1 0 0 0 0 0 0 0 0 0 0 0 0 1 1
45	11	1 0 0 0 0 0 0 0 0 0 0 0 0 0 1 0
45	32	0 0 0 0 0 1 0 0 0 0 0 0 0 0 0 0
45	87	1 0 0 0 0 1 0 0 0 0 0 1 0 1 0 0
45	30	1 0 0 1 0 0 0 0 0 0 0 0 0 0 1 0
45	17	1 0 0 1 0 1 0 0 0 0 0 1 0 1 0 0
45	22	1 0 0 0 0 0 0 0 0 0 0 0 0 0 0 0
45	2	1 0 0 0 0 0 0 1 0 0 0 0 0 0 1 0
45	8	0 0 0 0 0 0 0 0 0 0 0 0 0 0 1 0
45	7	0 1 0 0 0 0 0 0 0 0 0 0 0 0 1 0
45	42	1 0 0 0 0 1 0 1 0 0 0 1 0 1 0 0
45	1	1 0 0 1 0 0 0 0 0 1 0 0 0 0 1 0
45	30	1 0 0 0 0 1 0 0 0 0 0 0 0 0 0 0
45	184	0 1 0 1 0 1 0 0 0 0 0 1 0 1 0 0
45	23	1 0 1 0 0 1 0 0 0 0 0 1 0 1 0 0
45	11	1 0 0 1 0 1 0 0 0 0 1 1 0 1 0 0
45	17	1 0 0 0 0 0 0 1 1 0 0 0 0 0 1 0
45	2	1 0 0 0 0 1 0 0 0 0 0 1 0 1 1 0
45	3	1 0 0 0 0 1 0 0 0 0 0 1 0 0 1 0
45	10	1 0 0 0 0 1 0 1 0 0 0 0 0 0 0 1
45	11	0 1 0 0 0 0 0 0 0 0 0 0 0 0 0 0
45	18	0 0 0 1 0 1 0 0 0 0 0 0 0 0 0 0
45	7	1 0 0 0 0 0 1 0 0 0 0 0 0 0 1 0
45	11	0 1 0 0 0 0 0 1 1 0 0 0 0 0 1 0
45	25	0 0 0 0 0 1 0 0 0 0 0 0 0 0 1 0
45	6	0 1 0 0 0 1 0 0 0 0 0 0 0 0 0 0
45	2	0 1 0 0 0 0 0 0 0 0 0 0 1 0 1 0
45	12	0 1 0 1 0 0 0 0 0 0 0 0 0 0 1 1
45	1	1 0 0 0 1 0 0 0 0 0 0 0 0 0 1 0
45	16	1 0 0 1 0 0 0 0 0 1 0 1 0 1 0 0
45	15	0 1 0 1 0 1 0 0 0 0 0 1 0 0 0 0
45	7	0 1 0 1 0 1 0 0 0 0 0 0 0 0 0 0
45	5	1 0 0 0 0 1 0 0 0 1 0 1 0 0 0 0
45	5	1 0 1 0 0 1 0 0 0 0 0 0 0 0 1 0
45	15	1 0 1 0 0 0 0 0 0 0 0 0 0 0 0 0
45	1	1 0 0 1 0 0 0 0 0 1 0 0 0 1 0 0
45	12	1 0 0 0 0 1 0 1 0 0 0 0 0 0 0 0
45	3	0 1 0 0 0 0 0 1 1 0 0 0 0 0 0 0
45	7	0 0 0 0 0 1 0 1 0 0 0 0 0 0 0 1
45	6	0 1 0 0 0 1 0 0 1 0 0 0 0 1 0 1
45	6	0 0 0 1 0 1 0 0 0 0 0 1 0 1 0 0
45	43	1 0 0 0 0 1 0 1 0 0 0 0 1 0 0 1
45	12	1 0 0 1 0 1 0 0 0 0 1 1 1 1 0 0
45	5	1 0 0 0 0 0 0 1 1 0 0 0 1 0 1 0
45	20	0 1 0 1 0 1 0 0 0 0 0 1 0 1 1 0
45	3	0 1 0 0 0 1 0 0 0 0 0 1 0 1 0 0
45	3	1 0 0 1 0 0 0 0 0 1 0 0 0 0 0 0
45	4	1 0 0 0 0 1 0 0 0 1 0 1 0 1 0 0
45	2	0 1 0 1 0 1 0 0 0 0 0 1 0 1 0 1
45	16	0 1 0 0 0 0 0 0 0 0 0 0 0 1 0 0
45	7	0 1 0 1 0 1 0 0 0 0 0 0 0 0 1 0
45	4	1 0 0 0 0 0 0 0 0 0 0 1 0 1 0 0
45	9	0 0 0 1 0 0 0 0 0 0 0 0 0 0 1 0
45	11	1 0 1 0 0 1 0 0 0 0 0 0 0 0 0 0
45	1	0 1 0 0 0 0 0 1 0 0 0 0 0 0 0 1
45	3	0 1 0 1 0 1 0 1 0 0 0 1 0 1 0 0
45	2	1 0 0 1 0 0 0 1 0 1 0 1 0 1 0 0
45	1	1 0 0 0 1 0 0 0 0 0 1 1 1 1 0 0
45	1	1 0 0 0 0 1 0 0 0 0 0 1 1 1 0 0
45	5	1 0 0 0 0 1 0 1 0 0 0 1 0 0 0 0
45	10	1 1 0 1 0 1 0 0 0 0 0 1 0 1 0 0
45	4	0 1 0 0 0 0 1 1 1 0 0 0 0 0 0 0
45	5	1 0 0 1 0 0 0 0 0 0 0 1 0 1 0 0
45	8	0 1 0 0 0 0 0 0 0 0 0 1 0 1 0 0
45	1	1 0 0 0 0 1 0 0 0 0 0 0 1 0 0 0
45	5	1 0 1 0 0 1 0 1 0 0 0 0 0 0 0 1
45	3	0 1 0 0 0 0 0 1 0 0 0 0 0 0 1 0
45	5	0 1 0 0 0 1 0 1 1 0 0 1 0 1 0 0
45	4	1 0 0 0 0 1 0 0 0 0 0 0 0 1 0 0
45	2	1 0 0 1 0 0 0 0 1 0 0 0 0 0 1 0
45	7	0 1 0 1 0 1 0 0 0 1 0 1 0 1 0 0
45	1	0 0 0 0 0 1 0 0 0 0 0 1 0 0 1 0
45	4	0 1 1 1 0 1 0 0 0 0 0 1 0 0 0 0
45	3	1 0 0 1 0 1 1 0 0 0 1 1 1 1 0 0
45	1	0 1 0 0 0 1 0 0 0 0 0 0 0 0 1 0
45	1	0 0 0 0 0 1 0 0 1 0 0 0 0 1 0 0
45	2	1 0 0 1 0 0 0 0 1 1 0 0 0 0 0 0
45	3	1 0 0 1 0 1 0 0 0 0 1 0 0 0 1 0
45	2	1 1 0 0 0 0 0 0 0 0 0 0 0 0 1 1
45	1	0 1 0 0 0 0 0 0 0 0 0 0 1 0 1 1
45	2	0 1 0 0 0 0 0 0 0 0 0 1 0 0 1 0
45	1	1 0 0 0 0 1 0 1 0 0 0 1 0 0 1 0
45	3	0 1 0 0 0 1 0 1 0 0 0 1 0 1 0 1
45	3	1 1 0 1 0 1 0 0 0 0 0 0 0 1 0 0
45	2	0 1 0 1 0 1 0 0 0 0 0 1 0 0 1 0
45	2	1 0 1 0 0 1 0 0 0 0 0 1 0 0 0 0
45	1	1 0 0 0 0 0 0 1 1 0 0 0 0 0 0 0
45	1	1 0 0 0 0 1 1 0 0 0 0 1 0 1 0 0
45	1	0 1 0 1 0 0 0 0 0 0 0 1 0 0 1 1
45	1	0 1 0 1 0 0 0 1 0 0 0 0 0 0 1 1
45	1	1 0 0 0 1 1 0 1 0 0 0 0 1 0 0 1
45	1	0 1 0 0 0 0 0 0 0 0 0 0 0 1 1 0
45	2	1 0 0 0 0 1 0 1 0 0 0 1 0 1 1 0
85	5	1 0 0 0 0 1 0 0 0 0 0 1 0 1 0 0
85	7	1 0 0 1 0 0 0 0 0 0 0 0 0 0 1 0
85	19	1 0 0 1 0 1 0 0 0 0 0 1 0 1 0 0
85	12	1 0 0 0 0 1 0 1 0 0 0 1 0 1 0 0
85	117	0 1 0 1 0 1 0 0 0 0 0 1 0 1 0 0
85	43	1 0 0 1 0 1 0 0 0 0 1 1 0 1 0 0
85	15	1 0 0 0 0 0 0 1 1 0 0 0 0 0 1 0
85	18	0 0 0 1 0 1 0 0 0 0 0 0 0 0 0 0
85	19	1 0 0 1 0 0 0 0 0 1 0 1 0 1 0 0
85	120	0 1 0 1 0 1 0 0 0 0 0 1 0 0 0 0
85	62	0 1 0 1 0 1 0 0 0 0 0 0 0 0 0 0
85	12	1 0 1 0 0 0 0 0 0 0 0 0 0 0 0 0
85	59	1 0 0 0 0 1 0 1 0 0 0 0 0 0 0 0
85	12	0 0 0 1 0 1 0 0 0 0 0 1 0 1 0 0
85	19	1 0 0 0 0 1 0 1 0 0 0 0 1 0 0 1
85	27	0 1 0 1 0 1 0 0 0 0 0 1 0 1 1 0
85	7	0 1 1 1 0 1 0 0 0 0 0 1 0 0 0 0
85	1	0 1 0 0 0 1 0 0 0 0 0 1 0 1 0 0
85	3	1 0 0 0 0 1 1 1 0 0 0 1 0 1 0 0
85	3	1 1 0 1 0 1 0 0 1 0 0 1 0 0 1 0
85	34	0 1 0 1 0 1 0 0 0 1 0 1 0 1 0 0
85	30	0 1 0 1 0 1 0 0 1 0 0 1 0 1 0 0
85	3	1 0 0 0 0 1 0 1 0 0 0 0 1 0 0 0
85	7	1 0 0 1 0 1 0 0 0 0 1 1 0 1 1 0
85	20	0 1 0 0 0 1 0 1 0 0 0 1 0 1 0 0
85	9	0 1 0 1 1 1 0 0 0 0 0 1 0 1 0 0
85	22	1 0 0 0 0 1 0 1 0 0 0 1 0 0 0 0
85	5	1 0 0 0 0 1 0 0 0 0 1 1 0 1 0 0
85	25	0 1 0 1 0 1 0 0 0 0 1 1 0 0 0 0
85	2	0 1 0 0 0 1 0 0 1 0 0 0 0 1 0 0
85	11	0 1 0 1 1 1 0 0 0 0 0 1 0 0 0 1
85	5	1 0 0 1 1 0 0 0 0 1 0 0 0 1 0 0
85	1	1 0 0 1 0 0 0 0 1 0 0 1 0 0 1 0
85	19	1 0 0 1 0 1 0 0 0 0 0 0 0 0 0 0
85	13	1 0 0 1 0 1 0 0 0 0 1 0 0 0 0 0
85	6	0 0 0 0 0 1 0 1 0 0 0 0 0 0 0 0
85	3	1 0 0 1 0 0 1 0 0 0 0 1 1 1 0 0
85	30	1 1 0 1 0 1 0 0 0 0 0 1 0 0 0 0
85	3	0 1 0 1 0 1 0 0 0 0 1 1 0 1 1 0
85	5	1 1 0 1 0 1 0 0 0 0 0 0 0 0 1 0
85	8	1 0 0 0 0 1 0 1 0 0 1 0 0 0 0 0
85	2	0 0 0 1 1 1 0 0 0 0 0 0 0 0 0 0
85	1	1 0 0 0 0 1 0 0 1 0 0 1 0 0 1 0
85	5	1 0 0 0 0 1 0 0 0 1 0 1 0 1 0 0
85	5	0 1 1 1 0 1 0 0 0 0 0 1 0 1 0 0
85	12	0 1 0 1 0 1 0 0 0 0 0 1 0 1 0 1
85	10	1 1 0 1 0 1 0 0 0 0 0 1 0 0 0 1
85	8	0 1 0 1 0 1 0 0 0 0 1 0 0 0 0 0
85	8	0 1 0 1 0 1 0 0 0 0 0 0 0 0 1 0
85	8	0 1 0 1 0 1 0 0 0 1 0 1 0 1 0 1
85	17	1 0 1 0 0 1 0 1 0 0 1 0 0 0 0 0
85	6	1 0 0 0 0 1 0 1 1 0 0 0 0 0 0 0
85	1	1 0 0 1 0 0 0 0 0 0 0 1 0 1 0 0
85	4	0 1 0 1 0 1 0 0 0 1 0 0 0 1 0 0
85	3	1 0 0 1 0 1 0 0 0 0 1 1 0 0 0 0
85	7	1 0 1 1 0 1 0 0 0 0 0 0 0 0 0 0
85	1	0 1 0 1 0 1 0 1 0 0 0 1 0 1 0 0
85	5	0 1 0 1 1 1 0 0 0 0 0 1 0 0 0 0
85	1	0 1 0 0 0 1 0 1 0 0 0 0 0 1 0 0
85	1	1 0 0 0 1 0 0 1 1 0 0 0 0 0 1 0
85	4	1 0 0 0 0 0 0 1 0 0 0 0 0 0 0 0
85	2	1 0 0 0 0 1 0 1 1 0 0 0 1 0 0 1
85	1	1 0 0 1 0 0 0 0 0 0 0 0 0 0 0 0
85	3	0 1 0 1 0 1 0 1 1 0 0 0 0 0 1 0
85	4	0 1 0 1 0 1 0 0 1 0 0 1 0 0 1 0
85	4	0 1 0 1 0 1 0 0 0 0 0 1 0 0 0 1
85	1	0 1 0 1 0 1 0 1 0 0 0 0 0 0 0 0
85	4	1 0 0 1 0 1 0 0 0 0 0 1 0 0 0 0
85	1	0 1 0 1 0 1 1 0 0 0 0 1 0 1 1 0
85	1	0 1 1 1 0 1 0 0 0 0 0 0 0 0 0 0
85	3	1 0 0 1 0 0 1 0 0 0 0 1 1 1 0 1
85	4	1 1 0 1 0 1 0 0 1 0 0 1 0 1 0 0
85	1	0 0 0 0 0 1 0 1 0 0 0 0 1 0 0 1
85	2	1 0 0 1 0 1 0 0 1 0 0 1 0 1 0 0
85	3	1 1 0 1 0 1 0 0 0 0 0 1 0 1 0 0
85	1	0 1 0 1 0 1 0 0 0 1 0 1 0 0 0 0
85	2	0 1 0 1 1 1 0 0 0 0 1 1 0 0 0 0
85	3	0 1 0 1 0 1 0 0 0 1 0 0 0 0 1 0
85	2	1 1 0 1 1 1 0 0 0 0 0 1 0 1 0 0
85	3	1 1 0 0 0 1 0 0 1 0 0 0 0 1 0 0
85	1	1 1 0 1 0 1 0 1 0 0 0 1 0 0 0 0
85	2	1 0 1 0 0 1 0 1 1 0 1 0 0 0 0 0
85	2	1 0 0 1 0 1 0 1 1 0 0 1 0 1 0 0
154	95	0 1 0 1 0 1 0 0 0 0 0 1 0 0 0 0
154	24	0 1 0 1 0 1 0 0 0 0 0 0 0 0 0 0
154	44	0 1 1 1 0 1 0 0 0 0 0 1 0 0 0 0
154	8	0 1 0 1 0 1 0 0 0 0 1 1 0 0 0 0
154	1	1 0 0 1 0 1 0 0 0 0 0 0 0 0 0 0
154	11	1 1 0 1 0 1 0 0 0 0 0 1 0 0 0 0
154	7	1 1 0 1 0 1 0 0 0 0 0 1 0 0 0 1
154	45	0 1 0 1 0 1 0 0 0 0 1 0 0 0 0 0
154	9	1 0 0 1 0 1 0 0 0 0 1 1 0 0 0 0
154	8	1 0 1 1 0 1 0 0 0 0 0 0 0 0 0 0
154	16	1 1 0 1 0 1 0 0 1 0 0 1 0 1 0 0
154	5	0 1 0 1 1 0 0 0 0 0 0 1 0 0 0 0
154	40	0 1 0 1 1 1 0 1 0 0 0 1 0 0 0 0
154	70	0 1 0 1 0 1 0 0 0 1 0 1 0 0 0 0
154	39	1 0 0 1 0 1 0 0 0 0 0 1 0 0 0 0
154	9	1 1 0 1 0 1 0 0 0 0 0 0 0 0 0 0
154	6	0 1 0 0 0 1 0 0 0 0 0 1 0 0 0 0
154	41	1 1 0 1 0 1 0 1 0 0 0 1 0 0 0 0
154	4	0 1 0 1 0 1 1 0 0 0 1 0 0 0 0 0
154	4	0 1 0 1 0 0 0 0 0 0 0 0 0 0 0 0
154	52	0 1 0 1 0 0 0 0 0 0 0 1 0 0 0 0
154	5	0 1 1 0 0 1 0 0 0 0 0 1 0 0 0 0
154	3	1 1 0 0 0 1 0 0 0 0 0 1 0 0 0 0
154	33	0 1 1 1 0 1 0 0 0 0 1 1 0 0 0 0
154	9	0 1 0 1 1 1 1 0 0 0 0 1 0 0 0 0
154	16	0 1 0 0 1 1 0 0 0 0 0 1 0 0 0 0
154	11	1 1 0 0 0 1 0 0 0 0 0 0 0 0 0 0
154	10	0 1 0 1 0 1 0 0 1 0 0 0 0 1 0 0
154	29	0 1 1 1 0 1 0 1 0 0 1 1 0 0 0 0
154	3	1 0 0 1 0 0 0 0 0 0 0 0 0 0 0 0
154	2	1 1 0 1 0 0 0 1 0 0 0 1 0 0 0 0
154	18	0 1 0 1 0 1 0 0 0 1 0 0 0 0 1 0
154	12	0 1 0 1 0 1 1 0 0 0 1 1 0 0 0 0
154	2	0 0 1 1 0 1 0 0 0 0 0 1 0 0 0 0
154	7	0 1 0 1 0 1 0 0 1 0 0 0 1 1 0 0
154	10	1 1 0 1 0 1 1 0 0 0 1 0 0 0 0 0
154	18	0 1 0 1 0 1 1 0 0 0 0 1 0 0 0 0
154	3	0 1 0 1 1 1 0 1 0 0 0 0 0 0 0 0
154	2	0 1 0 1 0 1 0 0 1 0 0 0 0 0 0 0
154	7	0 1 0 1 0 1 0 0 0 0 1 0 0 1 0 0
154	9	1 1 0 1 0 1 0 0 0 0 0 1 0 1 0 0
154	21	1 1 0 1 0 1 0 0 0 1 0 1 0 0 0 0
154	5	0 1 0 1 0 1 1 0 0 1 1 0 0 0 0 0
154	6	1 0 1 1 0 1 0 0 0 0 0 1 0 0 0 0
154	2	0 1 0 0 0 1 0 0 0 0 0 0 0 0 0 0
154	7	0 1 1 0 1 1 0 1 0 0 0 0 0 0 0 0
154	4	1 1 1 1 0 1 0 0 0 0 0 1 0 0 0 0
154	9	0 1 0 1 0 1 0 0 0 0 0 1 0 0 1 0
154	20	1 1 0 1 0 1 0 0 1 0 0 1 1 1 0 0
154	3	1 0 0 1 0 1 1 0 0 0 0 1 0 0 0 0
154	3	0 1 0 1 1 0 0 1 0 0 0 0 0 0 0 0
154	12	1 1 0 1 0 1 0 0 1 0 0 0 0 0 0 0
154	2	1 0 0 1 1 1 0 0 0 0 1 1 0 0 0 0
154	5	0 1 1 1 0 1 1 0 0 0 1 1 0 0 0 0
154	1	0 1 1 1 0 1 0 0 0 1 1 1 0 0 0 0
154	6	0 1 0 1 1 1 0 0 0 1 0 0 0 0 0 0
154	8	0 1 0 1 0 1 0 0 1 0 0 1 0 1 0 0
154	1	1 1 0 1 0 1 0 0 0 0 0 1 0 1 0 1
154	7	1 1 0 1 0 1 0 0 0 0 0 1 1 0 0 0
154	2	0 1 1 0 0 1 0 1 0 0 1 1 0 0 0 0
154	12	1 1 0 1 0 1 0 1 0 0 0 1 0 0 0 1
154	3	0 1 0 1 0 1 0 0 1 0 0 1 1 1 0 0
154	4	1 0 0 1 0 1 0 0 0 0 1 1 0 0 0 1
154	3	0 1 0 0 1 0 0 0 0 0 1 0 0 0 0 1
154	6	1 0 0 1 0 0 0 0 0 0 0 0 0 1 0 0
154	4	0 1 1 1 1 1 1 1 0 0 0 1 0 0 0 0
154	13	0 1 0 1 0 1 0 0 0 0 0 1 0 0 0 1
154	1	1 0 0 1 0 1 0 0 0 0 0 0 0 0 0 1
154	15	0 1 1 1 1 1 0 1 0 0 0 0 0 0 0 0
154	4	1 0 1 0 0 1 0 1 0 0 1 0 0 0 0 0
154	4	0 1 0 1 0 1 0 0 0 0 1 1 0 1 0 0
154	3	0 1 0 1 0 0 0 0 0 0 1 0 0 0 0 0
154	1	0 1 1 1 0 1 0 0 0 0 1 0 0 0 0 0
154	1	0 1 0 1 0 1 0 0 0 1 0 1 0 0 1 0
154	1	1 1 1 1 0 0 0 1 0 0 0 1 0 0 0 0
154	5	0 1 1 1 0 0 0 1 0 0 0 1 0 0 0 0
154	3	1 0 1 1 0 1 0 0 0 0 1 1 0 0 0 0
154	1	1 0 0 1 0 1 0 0 0 0 0 1 0 0 0 1
154	3	0 1 0 1 1 1 0 0 0 1 0 1 0 0 0 0
154	3	0 1 0 1 0 1 0 1 0 0 0 1 0 0 0 0
154	1	1 1 0 1 0 0 0 0 0 1 0 1 0 0 0 0
154	5	0 1 0 1 0 1 0 0 1 0 0 1 0 0 0 0
154	2	0 1 0 1 0 1 0 0 0 0 0 1 0 0 1 1
154	2	1 0 1 1 0 1 0 0 1 0 0 1 0 1 0 0
154	3	0 1 0 0 0 1 0 0 0 0 1 0 0 0 0 0
154	2	0 0 0 1 0 1 0 0 0 0 1 1 0 0 0 0
154	1	0 1 0 1 1 1 0 0 0 0 0 1 0 0 0 0
154	1	0 0 0 1 0 1 0 0 0 1 0 1 0 0 0 0
154	4	0 1 0 1 0 0 0 0 0 0 1 1 0 0 0 0
154	1	1 1 0 1 0 1 0 0 0 0 0 1 1 1 0 0
154	1	1 0 0 1 0 1 0 0 0 1 0 1 0 0 0 1
154	1	0 1 1 1 0 0 0 1 0 0 0 0 0 0 0 0
154	2	1 1 0 1 0 1 1 0 0 0 0 1 0 0 0 0
154	1	0 0 0 1 0 1 0 0 0 0 0 1 0 0 0 0
154	1	0 1 0 1 0 1 0 1 0 0 1 0 0 0 0 0
154	1	0 0 0 1 1 1 0 1 0 0 0 1 0 0 0 0
154	2	0 1 0 1 1 1 0 1 0 1 0 1 0 0 0 0
154	2	0 1 0 1 0 0 0 0 0 1 0 1 0 0 0 0
154	4	0 1 1 1 1 1 0 0 0 0 1 1 0 0 0 0
154	2	0 0 1 1 0 1 0 1 0 0 1 1 0 0 0 0
239	14	0 1 0 1 0 1 0 0 0 0 0 1 0 0 0 0
239	147	1 1 0 1 0 1 0 0 0 0 0 1 0 0 0 0
239	5	1 0 0 1 0 1 0 0 0 0 0 1 0 0 0 0
239	16	0 1 1 1 0 1 0 1 0 0 1 1 0 0 0 0
239	5	1 1 0 1 0 1 0 0 1 0 0 0 0 0 0 0
239	3	0 1 0 1 1 1 0 1 1 0 0 0 0 0 0 0
239	5	0 1 0 1 0 1 0 1 0 0 0 1 0 0 0 0
239	28	0 1 1 1 1 1 0 1 0 0 1 1 0 0 0 0
239	78	1 1 1 1 0 1 0 0 0 0 0 1 0 0 0 0
239	31	1 1 0 1 0 1 0 0 1 0 0 1 0 0 0 0
239	9	0 1 0 1 0 1 1 0 0 0 1 0 0 0 0 0
239	14	1 1 0 1 0 1 0 1 0 0 1 1 0 0 0 0
239	25	1 1 0 0 0 1 0 0 0 0 0 1 0 0 0 0
239	76	1 1 1 1 0 1 1 0 0 0 0 1 0 0 0 0
239	18	0 1 1 1 0 1 0 0 1 0 1 1 0 0 0 0
239	27	1 1 1 1 0 1 0 1 0 0 0 1 0 0 0 0
239	1	1 1 1 1 0 1 0 0 1 1 0 1 0 0 0 0
239	2	0 1 1 1 1 1 0 0 0 1 1 1 0 0 0 0
239	24	0 1 1 0 0 1 0 1 0 0 1 1 0 0 0 0
239	6	0 1 1 1 0 1 0 1 0 1 1 1 0 0 0 0
239	34	1 1 1 1 0 1 0 0 0 0 0 1 1 0 0 0
239	77	1 1 1 1 1 1 0 0 0 0 0 1 0 0 0 0
239	1	1 1 1 0 0 1 0 0 0 0 0 1 0 0 0 0
239	37	0 1 1 1 0 1 0 1 0 0 0 1 0 0 0 0
239	4	0 1 1 1 0 1 0 0 1 0 0 1 0 0 0 0
239	5	1 1 1 1 0 1 0 0 1 0 0 1 0 0 0 0
239	12	0 0 0 1 0 1 0 0 0 0 0 1 0 0 0 0
239	11	1 1 1 1 0 1 0 0 0 1 0 1 0 0 0 0
239	15	1 1 1 1 0 1 0 0 0 0 0 0 0 0 0 0
239	18	0 1 1 0 1 1 0 1 0 0 1 1 0 0 0 0
239	12	1 1 1 1 0 1 1 1 0 0 0 1 0 0 0 0
239	1	0 1 0 0 1 1 0 1 1 0 0 0 0 0 0 0
239	3	1 0 0 1 0 1 0 0 0 1 0 1 0 0 0 0
239	4	0 1 0 1 1 1 0 1 0 0 1 1 0 0 0 0
239	8	0 1 0 1 0 1 1 1 0 0 0 1 0 0 0 1
239	5	1 1 1 1 0 1 0 1 0 0 1 1 0 0 0 0
239	2	0 1 0 1 1 1 0 0 0 0 0 1 0 0 0 0
239	25	1 1 0 1 0 1 1 0 0 0 0 1 0 0 0 0
239	2	1 1 0 1 0 1 0 0 1 0 0 1 0 0 0 1
239	8	1 1 0 1 1 1 0 1 0 0 1 1 0 0 0 0
239	3	1 1 1 1 0 1 0 0 0 0 1 1 0 0 0 0
239	13	1 1 1 1 0 1 1 0 0 1 0 1 0 0 0 0
239	9	1 1 1 1 0 1 1 1 0 0 0 0 0 0 0 0
239	7	0 1 0 1 0 1 0 0 0 0 0 1 0 0 0 1
239	1	1 1 1 1 0 0 0 0 0 0 1 1 0 0 0 0
239	3	1 1 1 1 1 1 0 1 0 0 1 1 0 0 0 0
239	11	1 1 0 1 0 0 0 1 0 1 0 1 0 0 1 0
239	1	1 1 1 1 0 1 1 1 0 1 0 1 0 0 0 0
239	4	1 1 1 0 1 1 0 1 0 0 1 1 0 0 0 0
239	1	1 1 1 1 0 1 0 0 1 0 0 0 0 0 0 0
239	1	0 1 0 1 0 1 0 1 1 0 0 1 0 0 0 0
239	10	1 1 0 1 0 1 0 1 0 0 0 1 0 0 0 0
239	2	1 1 0 1 0 1 0 0 0 0 0 1 0 1 0 0
239	1	0 1 1 0 0 1 1 1 0 0 0 1 0 0 0 0
239	6	0 1 1 1 1 0 0 1 0 0 1 1 0 0 0 0
239	8	1 1 0 1 0 0 0 0 1 0 0 1 0 0 0 0
239	13	1 1 1 1 0 1 0 1 0 1 1 1 0 0 0 0
239	12	1 1 1 0 1 1 0 0 0 0 0 1 0 0 0 0
239	3	1 1 1 1 1 1 0 0 0 0 0 1 0 0 1 0
239	1	1 1 1 1 0 1 0 1 0 1 0 1 0 0 0 0
239	3	1 1 0 1 0 1 0 0 1 0 1 1 0 0 0 0
239	2	0 1 1 1 1 1 0 0 1 0 0 1 0 0 0 0
239	3	0 1 0 1 0 1 1 0 0 0 0 1 0 0 0 0
239	4	1 1 0 1 0 0 0 1 0 0 0 1 0 0 0 0
239	4	0 0 1 1 0 1 0 1 0 0 1 1 0 0 0 0
239	8	0 1 1 1 1 1 0 1 0 0 0 1 0 0 0 0
239	3	1 1 1 1 0 1 0 0 0 0 0 1 0 0 0 1
239	1	1 0 1 1 0 1 0 0 0 0 0 1 0 0 0 0
239	6	0 1 1 1 0 1 0 1 0 0 0 1 0 0 1 0
239	3	0 1 1 1 0 1 0 1 1 0 0 1 0 0 0 0
239	1	1 1 0 1 0 0 0 1 0 1 0 1 0 0 0 0
239	1	1 1 0 1 0 1 0 0 0 0 0 1 1 0 0 0
239	3	0 0 1 0 0 1 0 1 0 0 1 1 0 0 0 0
239	2	1 0 1 1 1 1 0 0 0 0 0 1 0 0 0 0
239	5	1 1 1 0 0 1 0 0 0 0 0 1 1 0 0 0
239	3	1 1 0 1 0 1 1 1 0 0 0 1 0 0 0 1
239	3	1 1 0 1 0 1 0 0 0 0 0 1 0 0 0 1
239	1	0 1 1 1 0 1 0 0 0 0 0 1 0 0 0 1
239	1	0 1 1 1 1 1 0 0 0 0 0 1 0 0 0 0
239	1	0 1 1 0 0 1 0 1 0 0 0 1 0 0 0 0
239	1	1 1 1 1 1 1 1 0 0 0 0 1 0 0 0 0
239	1	1 1 1 1 1 1 0 0 0 0 0 1 0 1 0 0
239	2	0 1 1 0 1 1 0 1 1 0 1 1 0 0 0 0
239	1	0 1 1 1 0 1 0 1 0 0 1 0 0 0 0 0
239	4	1 1 0 0 0 1 0 1 0 0 0 1 0 0 0 0
239	1	1 1 0 1 0 1 0 0 0 0 1 1 0 0 0 0
239	2	0 1 1 1 1 1 0 1 1 0 1 1 0 0 0 0
239	1	1 1 1 1 0 1 1 0 0 0 0 1 0 0 1 0
239	1	0 1 0 0 1 1 0 1 1 0 0 0 1 0 0 0
252	25	0 1 0 1 0 1 0 0 0 0 0 1 0 0 0 0
252	138	1 1 0 1 0 1 0 0 0 0 0 1 0 0 0 0
252	22	1 0 0 1 0 1 0 0 0 0 0 1 0 0 0 0
252	6	0 1 1 1 0 1 0 1 0 0 1 1 0 0 0 0
252	28	0 1 0 1 0 1 0 1 0 0 0 1 0 0 0 0
252	75	1 1 1 1 0 1 0 0 0 0 0 1 0 0 0 0
252	23	1 1 0 1 0 1 0 0 1 0 0 1 0 0 0 0
252	11	1 1 0 1 0 1 0 1 0 0 1 1 0 0 0 0
252	4	1 1 0 0 0 1 0 0 0 0 0 1 0 0 0 0
252	33	1 1 1 1 0 1 1 0 0 0 0 1 0 0 0 0
252	44	0 1 1 1 0 1 0 0 1 0 1 1 0 0 0 0
252	3	1 1 1 1 0 1 0 1 0 0 0 1 0 0 0 0
252	1	0 1 1 0 0 1 0 1 0 0 1 1 0 0 0 0
252	22	1 1 1 1 0 1 0 0 0 0 0 1 1 0 0 0
252	87	1 1 1 1 1 1 0 0 0 0 0 1 0 0 0 0
252	18	0 1 1 1 0 1 0 1 0 0 0 1 0 0 0 0
252	2	0 1 1 1 0 1 0 0 1 0 0 1 0 0 0 0
252	2	1 1 1 1 0 1 0 0 1 0 0 1 0 0 0 0
252	16	0 0 0 1 0 1 0 0 0 0 0 1 0 0 0 0
252	34	1 1 1 1 0 1 0 0 0 1 0 1 0 0 0 0
252	50	1 1 1 1 0 1 0 0 0 0 0 0 0 0 0 0
252	57	1 1 1 1 0 1 1 1 0 0 0 1 0 0 0 0
252	15	0 1 0 1 1 1 0 1 0 0 1 1 0 0 0 0
252	29	1 1 1 1 0 1 0 1 0 0 1 1 0 0 0 0
252	7	1 1 1 1 0 1 1 0 0 1 0 1 0 0 0 0
252	8	1 1 1 1 1 1 0 1 0 0 1 1 0 0 0 0
252	8	1 1 1 0 1 1 0 1 0 0 1 1 0 0 0 0
252	3	1 1 0 1 0 1 0 1 0 0 0 1 0 0 0 0
252	2	0 1 1 1 1 0 0 1 0 0 1 1 0 0 0 0
252	31	1 1 0 1 0 0 0 0 1 0 0 1 0 0 0 0
252	11	1 1 1 1 0 1 0 1 0 1 1 1 0 0 0 0
252	21	1 1 1 0 1 1 0 0 0 0 0 1 0 0 0 0
252	44	0 1 1 1 1 1 0 1 0 0 0 1 0 0 0 0
252	2	1 1 1 1 1 1 0 1 0 0 0 1 0 0 0 0
252	10	1 0 0 1 0 1 0 0 0 0 0 1 0 0 1 0
252	5	1 1 1 1 0 1 0 0 0 0 0 1 0 1 0 0
252	4	0 1 1 1 0 1 0 1 0 1 0 1 0 0 0 0
252	3	0 1 1 1 0 1 0 0 0 0 0 1 0 0 0 0
252	10	1 1 1 1 1 1 0 0 0 0 1 1 0 0 0 0
252	2	1 1 0 1 1 1 0 0 0 0 0 1 0 0 0 0
252	2	1 1 1 1 1 0 0 0 0 0 0 1 0 0 0 0
252	3	0 1 1 1 0 1 0 1 0 0 0 1 0 0 1 1
252	4	1 1 1 1 0 1 0 0 1 0 1 1 0 0 0 0
252	1	1 1 0 1 0 0 0 1 0 1 0 1 0 0 0 0
252	2	1 1 1 1 0 1 1 0 0 0 0 1 0 1 0 0
252	5	1 1 1 1 1 0 0 1 0 0 1 1 0 0 0 0
252	5	1 1 0 1 0 1 0 0 0 1 0 1 0 0 0 0
252	8	0 1 0 1 0 1 0 1 0 0 1 1 0 0 0 0
252	3	1 1 1 1 0 1 1 1 0 0 1 1 0 0 0 0
252	2	1 1 0 1 0 1 0 0 0 0 0 1 1 0 0 0
252	5	1 1 1 1 0 1 0 0 0 1 0 0 0 0 0 0
252	1	0 1 1 1 0 1 0 1 0 0 0 1 1 0 0 0
252	1	1 1 1 1 0 1 1 0 0 0 0 0 0 0 0 0
252	4	1 1 1 1 0 1 0 0 0 0 0 0 0 0 1 0
252	1	1 1 0 0 0 1 0 0 0 0 0 1 0 1 0 0
252	1	1 1 0 1 0 1 0 0 0 0 1 1 0 0 0 0
252	1	1 1 1 1 0 1 0 0 0 0 0 1 0 0 0 1
252	1	0 1 1 1 0 1 0 0 1 1 1 1 0 0 0 0
252	2	1 1 1 1 1 1 1 0 0 0 0 1 0 0 0 0
252	5	1 1 1 1 1 1 0 0 0 0 0 0 0 0 0 0
252	3	0 1 1 1 0 1 1 0 0 0 0 0 0 0 0 0
252	1	0 1 0 1 0 1 0 0 0 0 0 1 1 0 0 0
252	1	1 1 0 1 0 1 0 0 0 0 0 1 0 0 0 1
252	3	1 1 0 1 0 1 0 0 1 0 0 1 0 1 0 0
252	1	0 1 1 1 0 1 1 0 1 0 1 1 0 0 0 0
252	1	0 1 1 1 1 1 0 0 0 0 0 1 0 0 0 0
252	3	0 1 1 1 0 1 0 0 0 0 0 0 0 0 0 0
252	1	1 1 1 1 0 1 0 0 1 0 0 0 0 0 0 0
252	1	1 1 1 1 0 1 0 1 0 0 1 1 0 0 0 1
252	2	1 1 0 1 0 1 1 1 0 0 0 1 0 0 0 0
252	1	0 1 0 1 0 1 0 0 0 0 0 1 0 0 1 0
252	1	1 1 0 1 0 1 1 0 0 0 0 1 0 0 0 0
252	1	1 0 1 1 0 1 1 0 0 0 0 1 0 0 0 0
252	1	0 1 1 1 0 1 0 0 1 0 1 1 0 1 0 0
252	2	0 1 1 1 0 1 0 0 1 0 1 1 0 0 1 0
252	1	0 1 1 1 0 1 0 0 1 0 1 1 1 0 0 0
252	1	1 0 1 1 0 1 0 0 0 1 0 1 0 0 0 0
252	2	1 1 1 1 0 1 0 0 0 0 0 0 1 0 0 0
350	86	1 1 0 1 0 1 0 0 0 0 0 1 0 0 0 0
350	56	1 1 1 1 0 1 0 0 0 0 0 1 0 0 0 0
350	43	1 1 0 1 0 1 0 0 1 0 0 1 0 0 0 0
350	12	1 1 1 1 0 1 1 0 0 0 0 1 0 0 0 0
350	3	1 1 1 1 1 1 0 0 0 0 0 1 0 0 0 0
350	1	1 1 1 1 0 1 0 0 0 1 0 1 0 0 0 0
350	18	1 1 1 1 0 1 0 0 0 0 0 0 0 0 0 0
350	12	1 1 1 1 0 1 1 0 0 1 0 1 0 0 0 0
350	9	1 1 0 1 0 0 0 0 1 0 0 1 0 0 0 0
350	3	1 1 1 0 1 1 0 0 0 0 0 1 0 0 0 0
350	3	1 1 0 1 1 1 0 0 0 0 0 1 0 0 0 0
350	72	1 1 1 1 1 1 1 0 0 0 0 1 0 0 0 0
350	6	1 1 0 1 0 1 0 1 0 1 1 1 0 0 0 0
350	1	1 1 1 0 1 1 0 0 0 1 0 1 0 0 0 0
350	3	0 1 1 1 0 1 0 0 0 0 0 1 0 1 0 0
350	44	1 1 1 1 0 0 1 0 0 0 0 1 0 0 0 0
350	23	1 1 1 1 0 0 0 0 0 0 0 1 0 0 0 0
350	56	1 1 0 1 0 1 1 0 0 0 0 1 0 0 0 0
350	6	1 1 1 1 0 1 0 1 0 0 0 0 0 0 0 0
350	16	1 1 1 1 1 0 1 0 0 0 0 1 0 0 0 0
350	2	1 1 1 0 1 1 0 0 0 0 0 1 0 1 0 0
350	33	1 1 0 1 0 1 0 0 1 1 0 1 0 0 0 0
350	12	0 1 1 1 0 1 0 0 0 0 1 0 0 0 0 0
350	19	1 1 1 1 0 0 0 0 1 0 0 1 0 0 0 0
350	13	1 1 1 0 0 1 0 0 0 1 0 0 0 0 0 0
350	34	1 1 1 1 1 0 0 0 1 0 0 1 0 0 0 0
350	8	1 1 1 1 0 1 0 0 0 0 1 1 0 0 0 0
350	24	1 1 1 1 1 1 0 0 0 1 0 0 0 0 0 0
350	3	1 1 1 0 1 1 1 1 0 1 0 0 0 0 1 0
350	13	1 1 1 1 1 1 1 0 1 0 0 1 0 0 0 1
350	16	1 1 0 1 1 0 0 0 1 0 0 1 0 0 0 0
350	3	1 1 0 1 0 0 0 0 1 0 0 1 0 1 0 0
350	49	1 1 1 1 0 1 0 0 0 0 0 1 0 0 0 1
350	9	1 1 1 1 0 1 1 0 0 0 0 1 0 1 0 0
350	12	1 1 1 0 0 1 1 0 0 0 0 1 1 0 0 0
350	1	1 1 0 0 0 0 0 1 0 1 0 1 0 0 0 0
350	15	1 1 1 1 0 1 0 1 1 0 0 1 0 0 0 0
350	1	1 1 1 1 1 0 0 0 0 0 0 1 0 0 0 0
350	3	1 1 0 1 0 1 0 0 0 0 0 0 0 0 0 0
350	2	1 1 1 1 0 1 0 0 0 0 0 1 0 1 0 0
350	3	1 1 1 1 0 1 1 0 0 0 0 0 0 0 0 0
350	15	1 1 1 0 0 1 0 0 0 1 1 1 0 0 0 0
350	3	1 1 1 1 0 0 0 1 1 0 0 0 0 0 0 0
350	3	1 1 0 1 1 1 0 0 1 1 0 1 0 0 0 0
350	3	1 1 1 0 0 1 1 0 0 0 0 1 0 0 0 0
350	9	1 1 0 1 0 1 0 0 0 0 0 1 0 0 0 1
350	10	1 1 1 1 1 1 0 0 0 1 0 1 0 0 0 0
350	13	0 1 1 1 0 1 1 0 1 0 0 1 0 0 0 0
350	17	1 1 1 1 0 1 1 0 1 0 0 1 0 1 0 0
350	3	1 1 0 1 0 1 0 0 1 0 0 0 0 0 0 0
350	2	1 1 0 1 0 1 1 0 1 0 0 1 0 0 0 0
350	9	1 1 1 1 1 0 1 0 0 0 0 1 0 0 1 0
350	2	1 1 1 1 1 1 0 0 1 1 0 0 0 0 0 0
350	7	1 1 1 1 1 1 0 0 0 0 0 1 0 0 0 1
350	3	1 1 0 0 0 1 0 0 0 0 0 1 0 0 0 0
350	4	1 1 1 1 0 0 0 1 0 0 0 1 0 0 0 0
350	14	1 1 0 1 0 1 0 0 1 0 1 1 0 0 0 0
350	1	1 1 1 1 1 1 1 0 0 0 0 1 0 0 0 1
350	4	1 1 1 1 0 0 0 0 0 1 0 1 0 0 0 0
350	7	0 1 1 1 0 1 0 0 0 0 1 0 1 0 0 0
350	6	1 1 0 1 0 1 1 0 1 0 0 1 0 0 0 1
350	6	1 1 0 0 0 1 0 0 1 0 1 1 0 0 0 0
350	7	1 1 1 1 1 1 1 0 0 0 0 1 0 0 1 0
350	8	1 1 1 0 1 1 0 0 0 1 0 1 1 0 0 0
350	4	1 1 1 0 0 0 1 0 0 0 0 1 0 0 1 0
350	4	1 1 0 0 0 1 0 0 1 0 0 1 0 0 0 0
350	10	1 1 1 1 1 1 1 0 0 1 0 1 0 0 0 0
350	2	1 1 1 1 1 0 0 0 1 0 0 1 0 0 1 0
350	4	1 1 1 1 1 1 1 0 0 0 0 1 1 0 0 0
350	4	1 1 1 1 1 1 1 0 0 0 0 1 0 1 0 0
350	1	0 1 1 1 0 1 0 1 1 0 0 1 0 0 0 0
350	1	1 0 1 0 0 1 0 0 0 1 0 0 0 0 0 0
350	6	1 1 1 0 0 1 1 0 0 0 1 1 1 0 0 0
350	5	1 1 0 0 0 1 0 0 0 0 0 1 0 1 0 0
350	5	1 1 0 1 0 0 0 0 1 0 0 0 0 0 1 0
350	1	1 1 1 1 0 1 1 0 1 0 0 1 0 0 0 0
350	1	1 1 1 1 0 1 1 1 0 0 0 0 0 0 0 0
350	3	1 1 1 0 1 1 1 1 0 0 0 0 1 0 1 0
350	1	1 1 1 1 0 0 0 1 0 1 0 0 0 0 0 0
350	1	1 1 1 0 1 1 1 0 0 0 0 1 0 0 0 0
350	2	1 1 0 1 0 0 0 0 0 0 0 1 0 1 0 0
350	2	1 0 1 1 0 1 0 0 0 0 0 1 0 0 0 1
350	5	1 1 1 1 1 1 0 0 1 1 0 1 0 0 0 0
350	3	1 0 1 1 0 0 0 1 0 1 0 0 0 0 0 0
350	5	1 1 1 1 0 1 0 0 0 1 0 0 0 0 0 0
350	2	1 1 0 1 0 1 1 0 1 0 0 1 0 0 1 0
350	1	1 1 0 0 0 0 0 1 0 0 0 1 0 0 0 0
350	2	1 1 1 1 0 1 1 0 1 1 0 1 0 0 0 0
350	2	1 1 1 1 0 0 1 0 0 0 0 0 0 0 0 0
350	1	1 1 0 1 1 1 0 0 0 0 0 1 0 0 0 1
350	1	1 1 1 0 0 1 1 0 0 0 0 0 0 0 0 0
350	1	1 1 0 1 0 1 0 0 1 0 0 1 0 0 0 1
350	1	1 1 0 1 0 1 1 0 0 0 0 1 0 0 1 0
350	2	1 1 1 1 1 0 1 0 0 0 0 1 0 0 0 1
350	2	0 1 0 1 0 1 0 0 1 1 0 1 0 0 0 0
350	3	1 0 1 1 0 1 1 0 0 0 0 0 0 0 0 0
350	3	1 1 1 1 1 1 0 1 0 1 0 1 0 0 0 0
350	3	1 1 1 0 0 1 1 0 0 0 1 1 1 0 1 0
350	1	1 1 0 0 1 1 0 0 0 0 0 1 0 1 0 0
350	1	1 1 1 1 0 1 1 0 1 1 0 1 0 0 1 0
400	6	1 1 0 1 0 1 0 0 0 0 0 1 0 0 0 0
400	78	1 1 1 1 0 1 0 0 0 0 0 1 0 0 0 0
400	6	1 1 0 1 0 1 0 0 1 0 0 1 0 0 0 0
400	16	1 1 1 1 1 1 0 0 0 0 0 1 0 0 0 0
400	7	1 1 1 1 0 1 0 0 0 1 0 1 0 0 0 0
400	23	1 1 1 1 1 1 1 0 0 0 0 1 0 0 0 0
400	31	1 1 0 1 0 1 0 1 0 1 1 1 0 0 0 0
400	66	1 1 1 1 0 0 1 0 0 0 0 1 0 0 0 0
400	45	1 1 0 1 0 1 1 0 0 0 0 1 0 0 0 0
400	5	1 1 0 1 0 1 0 0 1 1 0 1 0 0 0 0
400	37	1 1 1 0 0 1 0 0 0 1 0 0 0 0 0 0
400	23	1 1 1 1 1 0 0 0 1 0 0 1 0 0 0 0
400	3	1 1 1 1 1 1 1 0 1 0 0 1 0 0 0 1
400	1	1 1 1 1 1 0 0 0 0 0 0 1 0 0 0 0
400	15	1 1 1 1 0 1 0 0 0 0 0 1 0 1 0 0
400	22	1 1 1 0 0 1 0 0 0 1 1 1 0 0 0 0
400	23	1 1 0 1 1 1 0 0 1 1 0 1 0 0 0 0
400	4	1 1 1 1 0 0 0 1 0 0 0 1 0 0 0 0
400	2	1 1 0 0 0 1 0 0 1 0 1 1 0 0 0 0
400	6	1 1 1 1 1 1 0 0 1 1 0 1 0 0 0 0
400	6	1 1 0 1 0 1 0 0 0 1 1 1 0 0 0 0
400	25	1 1 1 1 0 1 0 0 0 1 1 1 0 0 0 0
400	25	1 1 0 1 0 1 1 0 0 1 1 1 0 0 0 0
400	33	1 1 1 1 1 1 1 0 0 0 0 1 0 0 0 1
400	36	1 1 1 1 0 0 1 1 0 0 0 1 0 0 0 0
400	15	1 1 1 1 0 1 1 0 0 0 0 1 0 0 0 0
400	4	1 1 1 1 1 1 0 0 0 1 0 0 0 1 0 0
400	37	1 1 1 1 1 1 1 0 0 0 0 1 1 0 0 0
400	23	1 1 1 1 1 1 0 1 0 1 1 1 0 0 0 0
400	2	1 1 1 1 1 1 1 1 0 0 0 1 0 0 0 0
400	6	1 1 1 1 0 0 1 0 1 0 1 1 0 0 0 0
400	8	1 1 0 1 0 1 0 0 1 1 0 1 0 0 1 0
400	12	1 1 1 1 1 0 0 0 0 0 0 1 0 0 1 0
400	34	1 1 1 1 1 1 0 0 0 0 0 0 0 0 0 0
400	11	1 1 1 1 1 1 1 0 0 1 1 1 0 0 0 0
400	6	1 1 0 1 1 1 0 0 1 1 0 1 0 0 0 1
400	1	1 1 1 1 0 0 1 0 1 0 0 0 0 0 0 0
400	25	1 1 1 1 0 1 0 0 0 0 0 1 0 0 0 1
400	1	0 1 1 0 0 1 0 0 0 1 1 1 0 0 0 0
400	1	1 1 1 1 1 0 0 0 1 1 1 1 0 0 0 0
400	12	1 1 1 1 1 1 0 0 0 1 0 0 0 1 1 0
400	26	1 1 0 1 1 1 0 0 0 1 0 0 0 0 0 0
400	3	1 1 0 1 1 1 0 0 0 0 0 1 0 0 0 0
400	2	1 1 1 1 0 1 1 0 0 0 0 1 0 0 0 1
400	13	1 1 1 1 1 1 0 0 0 1 0 1 0 0 0 0
400	2	0 1 0 1 0 1 0 0 1 1 0 1 0 0 0 0
400	3	1 1 1 0 0 0 1 1 0 0 0 1 0 0 0 0
400	8	1 1 1 1 1 1 1 0 0 0 0 1 0 0 1 0
400	2	1 1 1 0 0 0 0 0 0 0 0 1 0 0 1 0
400	3	1 1 1 1 0 0 1 0 0 0 1 1 0 0 0 0
400	7	1 1 1 0 1 1 1 1 0 0 0 1 0 0 0 0
400	4	1 1 1 0 0 1 0 0 0 0 0 1 0 0 0 0
400	4	1 1 1 1 1 1 0 0 0 1 0 0 0 0 1 0
400	20	0 1 0 1 0 1 1 0 0 1 1 1 0 0 0 0
400	19	1 1 0 1 0 1 1 1 0 0 0 1 0 0 0 0
400	7	1 1 1 1 1 0 1 0 0 0 0 1 0 0 0 0
400	7	1 1 0 0 0 1 1 0 0 0 0 1 0 0 0 0
400	8	1 1 1 0 1 1 1 0 0 0 0 1 0 0 0 1
400	3	1 1 1 0 1 1 0 0 0 1 0 0 0 1 0 0
400	7	1 1 1 1 1 0 0 0 0 1 1 1 0 0 0 0
400	2	1 1 1 1 1 1 0 1 0 1 0 1 0 0 0 0
400	2	0 1 1 1 0 0 1 0 0 0 0 1 0 0 0 0
400	3	1 1 1 1 0 0 1 0 0 0 0 1 0 0 1 0
400	1	1 0 0 1 0 1 1 1 0 0 0 1 0 0 0 0
400	7	1 1 1 1 0 0 1 0 0 0 0 1 0 1 0 0
400	3	1 1 1 1 1 1 1 0 1 0 0 1 0 0 1 0
400	14	1 1 1 1 0 0 0 0 0 1 1 0 0 0 0 0
400	7	1 1 0 1 0 0 0 0 1 0 1 1 0 0 0 0
400	8	0 1 1 0 0 1 0 0 0 1 1 0 0 0 0 0
400	13	1 1 0 1 0 0 1 0 0 0 0 1 0 0 0 0
400	1	1 1 0 1 0 1 0 0 0 1 1 1 0 0 1 0
400	1	1 1 1 1 0 1 0 0 1 0 0 1 0 0 0 1
400	1	1 1 1 0 1 1 0 0 1 1 1 1 0 0 0 0
400	1	1 1 1 1 0 1 0 0 0 1 0 0 0 0 0 0
400	1	1 1 1 0 0 0 1 1 0 1 1 1 0 0 0 0
400	2	1 0 1 1 1 1 1 0 0 0 0 1 0 0 0 0
400	1	1 1 0 1 1 1 0 0 1 1 0 1 0 1 0 0
400	1	1 1 1 1 1 0 0 0 0 0 0 0 0 0 1 0
400	1	1 1 1 1 0 1 0 0 0 0 0 1 1 0 0 0
400	3	1 1 1 0 0 1 0 0 0 1 1 1 0 1 0 0
400	3	1 1 1 0 0 1 1 0 0 0 0 1 0 0 0 0
400	3	1 1 1 1 1 1 0 1 0 0 1 1 0 0 0 0
400	1	1 1 1 1 1 1 1 1 1 0 0 1 0 0 0 0
400	1	1 1 0 1 0 1 1 0 0 0 1 1 0 0 0 1
400	2	1 1 1 1 1 0 0 1 0 1 1 1 0 0 0 0
400	1	1 1 1 1 0 1 0 0 0 0 1 1 0 0 0 0
400	1	1 1 0 1 0 1 1 1 0 0 0 1 0 1 1 0
400	5	1 1 1 1 0 0 1 0 0 1 1 1 0 0 0 0
400	2	1 1 0 1 0 1 0 1 1 1 0 1 0 0 0 0
400	2	1 1 1 1 0 1 0 0 0 1 1 1 0 1 0 0
400	1	1 1 1 1 0 0 1 1 1 0 0 1 0 0 0 0
400	1	1 1 1 1 0 1 1 0 0 1 0 1 0 1 0 0
400	2	1 1 1 1 1 1 0 0 0 1 0 0 0 0 0 0
400	1	0 1 0 1 0 1 0 1 0 1 1 1 0 0 0 0
400	2	1 1 0 1 0 0 0 0 0 0 0 1 0 0 0 0
400	2	1 1 1 1 0 0 1 0 0 1 0 1 0 0 0 0
400	1	1 1 1 1 0 0 1 1 0 0 0 1 1 0 0 0
400	3	1 1 1 1 0 0 1 1 0 0 0 1 0 1 0 0
400	1	1 1 0 1 1 1 1 0 1 1 0 1 0 0 0 1
400	2	1 1 0 1 1 1 0 0 0 1 0 0 0 1 1 0
