0	250	0 0 0 1 0 0 0 0 0 0 0 0 0 0 0 0
0	250	1 0 0 1 0 1 1 0 0 0 1 1 0 1 1 0
0	250	0 0 0 0 0 0 0 0 0 0 0 0 0 0 0 0
0	250	0 0 1 0 0 0 0 0 0 0 1 0 0 0 0 1
8	216	0 0 0 1 0 0 0 0 0 0 0 0 0 0 0 0
8	187	1 0 0 1 0 1 1 0 0 0 1 1 0 1 1 0
8	232	0 0 0 0 0 0 0 0 0 0 0 0 0 0 0 0
8	179	0 0 1 0 0 0 0 0 0 0 1 0 0 0 0 1
8	16	1 0 0 1 0 1 1 0 0 0 0 0 0 0 0 0
8	15	0 0 0 0 0 0 0 0 0 0 0 0 0 0 0 1
8	3	0 0 1 0 0 0 0 0 0 0 0 0 0 0 0 0
8	4	0 0 0 1 0 0 0 0 0 0 0 0 1 0 0 0
8	26	0 0 0 1 0 1 0 0 0 0 0 0 0 0 0 0
8	5	0 0 0 1 0 1 1 0 0 0 1 1 0 1 1 0
8	5	0 0 0 1 0 0 0 0 0 1 0 0 0 0 0 0
8	4	0 0 0 1 0 0 0 0 0 0 0 0 0 0 0 1
8	9	0 0 0 1 0 0 0 0 1 0 0 0 0 0 0 0
8	2	1 0 0 1 0 1 1 0 0 0 1 1 0 1 1 1
8	5	0 0 0 0 0 0 0 0 0 0 1 0 0 0 0 0
8	4	0 0 1 0 1 0 0 0 0 0 1 0 0 0 0 1
8	3	0 0 1 0 0 0 0 0 0 0 1 0 0 0 0 0
8	1	1 0 0 0 0 1 1 0 0 0 1 1 0 1 1 0
8	11	0 0 0 0 1 0 0 0 0 0 0 0 0 0 0 0
8	3	0 0 1 0 0 0 0 0 0 1 1 0 0 0 0 1
8	1	0 0 0 1 0 0 0 0 0 0 1 0 0 0 0 1
8	2	1 0 0 1 0 0 1 0 0 0 1 1 0 1 1 0
8	2	0 0 0 0 0 0 0 0 0 0 0 0 1 0 0 0
8	1	0 0 1 0 0 0 0 0 1 0 1 0 0 0 0 1
8	6	0 0 0 1 0 0 0 0 0 0 0 1 0 0 0 1
8	2	0 0 0 1 0 1 1 0 0 0 1 1 0 0 0 0
8	3	0 0 0 1 0 0 0 0 0 0 0 0 0 1 0 0
8	2	0 0 0 1 1 0 0 0 0 0 0 0 0 0 0 0
8	2	0 0 1 0 0 0 0 0 0 0 0 0 0 0 0 1
8	5	0 0 1 0 0 0 0 0 0 0 1 1 0 1 1 0
8	11	1 0 0 1 0 1 1 1 0 0 1 1 0 1 1 0
8	6	0 0 1 0 0 0 1 0 0 0 1 0 0 0 0 1
8	4	1 0 0 1 0 1 0 0 0 0 1 1 0 1 1 0
8	1	0 0 1 0 0 0 0 0 0 0 1 0 0 0 1 1
8	1	0 0 0 1 0 1 0 0 1 0 0 0 0 0 0 0
8	1	1 0 0 0 0 1 1 0 0 0 1 0 0 1 1 0
8	4	0 0 0 1 0 0 0 0 0 0 0 0 0 1 1 0
8	1	1 0 1 1 0 0 0 1 0 0 0 0 0 0 0 0
8	3	0 0 0 0 0 0 0 0 0 0 1 0 0 0 0 1
8	1	0 0 0 1 0 0 0 0 0 1 0 0 0 0 1 0
8	1	0 0 1 1 0 1 1 0 0 0 1 1 0 1 1 0
8	1	0 0 1 1 0 0 0 0 0 0 0 0 0 0 0 0
8	1	0 0 0 1 0 0 1 0 0 0 0 0 0 0 0 0
8	3	1 0 0 1 0 0 0 0 0 0 0 0 0 0 0 0
8	4	0 0 0 0 0 0 0 0 0 0 0 0 0 1 0 0
8	1	0 0 1 0 0 0 0 0 1 1 1 0 0 0 0 1
45	104	0 0 0 1 0 0 0 0 0 0 0 0 0 0 0 0
45	65	1 0 0 1 0 1 1 0 0 0 1 1 0 1 1 0
45	77	0 0 0 0 0 0 0 0 0 0 0 0 0 0 0 0
45	39	0 0 1 0 0 0 0 0 0 0 1 0 0 0 0 1
45	12	0 0 0 0 0 0 0 0 0 0 0 0 0 0 0 1
45	15	0 0 0 1 0 0 0 0 0 0 0 0 1 0 0 0
45	15	0 0 0 1 0 0 0 0 0 1 0 0 0 0 0 0
45	7	0 0 0 1 0 0 0 0 1 0 0 0 0 0 0 0
45	6	0 0 1 0 0 0 0 0 0 0 1 0 0 0 0 0
45	22	1 0 0 0 0 1 1 0 0 0 1 1 0 1 1 0
45	1	1 0 0 1 0 1 1 1 0 0 1 1 0 1 1 0
45	24	1 0 0 0 0 0 0 0 0 0 0 0 0 0 0 0
45	3	1 0 0 1 0 1 1 0 0 0 1 1 1 1 1 0
45	28	0 0 0 1 0 0 1 0 0 1 0 0 0 0 0 0
45	15	0 0 0 0 0 0 1 0 0 0 0 0 0 0 0 0
45	49	0 0 0 0 0 0 0 0 1 0 0 0 0 0 0 0
45	10	1 0 1 1 0 1 1 1 0 0 1 1 0 1 1 0
45	5	0 0 0 1 0 0 0 0 0 0 0 1 0 0 0 0
45	39	1 1 0 1 0 1 0 0 0 0 1 1 0 1 1 0
45	12	0 1 1 0 0 0 0 0 0 0 0 0 0 0 0 0
45	17	0 0 0 1 0 1 0 0 0 0 0 0 0 0 1 0
45	30	1 1 0 1 0 1 1 0 0 0 1 1 0 1 1 0
45	2	0 0 1 0 0 0 0 0 0 1 1 0 0 0 0 1
45	17	0 0 0 0 0 0 0 1 1 0 0 0 0 0 0 0
45	4	1 0 0 1 0 1 1 0 0 0 1 1 0 0 0 1
45	6	0 0 1 0 0 0 0 0 1 0 0 1 0 0 0 0
45	12	1 0 0 1 0 0 1 0 0 0 1 1 0 1 1 0
45	10	0 0 1 0 0 0 0 0 1 1 0 0 0 0 0 1
45	5	0 0 0 0 0 0 0 0 0 0 0 0 0 0 1 0
45	10	0 0 1 0 0 0 0 0 1 0 0 0 0 0 0 0
45	15	1 1 0 0 0 1 0 0 0 0 1 1 0 1 1 0
45	5	0 0 1 1 0 1 1 0 0 0 1 1 0 1 1 0
45	5	0 1 1 0 0 0 1 0 0 0 0 0 0 0 0 0
45	11	0 0 1 0 0 0 0 0 0 1 1 1 0 0 0 1
45	2	0 0 0 0 0 0 0 0 0 0 0 1 1 0 0 0
45	3	0 0 0 1 1 0 0 0 1 0 0 0 0 0 0 0
45	15	0 1 0 0 0 0 0 0 0 0 0 0 0 0 0 1
45	1	0 0 0 0 0 0 0 0 0 1 1 0 0 0 0 1
45	6	1 1 0 1 0 1 1 1 0 0 1 1 0 1 1 0
45	23	0 0 0 0 0 1 0 0 1 0 0 0 0 0 0 0
45	7	0 0 0 0 0 0 0 0 0 0 1 0 0 0 0 1
45	16	0 1 0 1 0 0 0 0 0 0 0 0 0 0 0 0
45	9	0 0 0 1 0 0 0 0 0 0 1 0 0 0 0 0
45	1	0 0 0 1 0 0 0 0 1 1 0 0 0 0 0 0
45	6	1 0 0 1 0 0 0 0 0 0 0 0 0 0 1 0
45	2	0 0 0 0 0 0 0 0 0 0 0 1 0 0 0 0
45	2	0 0 0 1 0 0 0 1 0 0 1 0 0 0 0 0
45	21	1 0 0 1 0 0 0 0 0 0 0 0 0 0 0 0
45	9	0 0 0 1 0 0 0 1 0 1 0 0 0 0 0 0
45	4	0 0 1 0 0 0 0 0 1 0 0 1 0 1 0 0
45	10	0 0 0 1 0 1 1 0 0 0 1 1 0 1 1 0
45	7	0 0 0 1 0 0 0 0 0 1 0 1 0 1 1 0
45	4	0 0 0 1 1 0 0 0 0 0 1 1 0 1 1 0
45	2	1 0 1 1 0 1 1 0 0 0 1 1 0 1 1 0
45	15	0 0 0 0 0 1 1 0 0 0 1 1 0 1 1 0
45	4	0 0 0 1 0 1 0 0 0 1 0 0 0 0 0 0
45	1	0 0 1 0 0 0 0 0 0 1 1 0 0 0 0 0
45	2	0 0 0 0 0 0 0 0 0 1 1 0 1 0 0 1
45	1	1 1 0 0 0 1 0 0 1 0 0 0 0 0 0 0
45	9	1 0 0 1 0 1 1 0 0 0 0 0 0 0 0 0
45	3	1 0 0 0 0 0 0 0 0 0 0 0 0 0 0 1
45	12	0 0 0 0 0 0 0 0 1 0 0 0 0 0 1 0
45	4	0 0 0 1 0 0 0 0 0 0 1 1 0 1 1 0
45	3	1 0 0 0 0 0 0 0 1 0 0 0 0 0 0 0
45	7	0 0 0 0 0 0 0 0 0 0 1 1 0 1 1 0
45	3	1 1 0 1 0 1 1 0 0 0 1 1 1 1 1 0
45	1	1 0 0 0 0 1 1 0 0 0 1 1 0 0 0 1
45	2	1 1 0 1 0 1 1 0 0 1 1 0 0 0 0 1
45	3	0 0 1 0 0 0 0 0 0 0 1 1 0 1 1 0
45	3	1 0 0 1 0 1 1 0 0 0 1 0 0 1 1 0
45	2	1 1 0 1 0 1 0 0 0 0 1 1 0 1 1 1
45	7	0 1 0 1 0 0 0 0 0 0 0 0 0 0 0 1
45	9	0 0 0 1 0 0 0 0 1 0 1 0 0 0 0 0
45	8	1 0 0 1 0 1 1 0 1 0 0 0 0 0 1 0
45	2	0 0 0 1 0 0 1 1 0 1 0 0 0 0 0 0
45	3	1 0 0 1 0 1 1 1 0 0 1 1 0 0 0 1
45	4	0 0 1 0 1 0 0 0 1 0 0 0 0 0 1 1
45	4	0 0 0 0 0 0 0 0 1 0 0 0 0 0 1 1
45	1	1 0 0 1 0 0 0 0 0 0 1 0 1 0 0 0
45	4	1 0 1 0 0 0 0 0 0 0 0 0 0 0 0 0
45	1	1 1 0 1 0 1 0 0 0 1 1 1 0 1 1 0
45	1	1 0 0 0 0 0 0 0 0 0 0 0 0 0 1 0
45	4	1 0 0 1 1 0 0 0 0 0 0 0 0 0 0 0
45	4	0 0 0 0 0 1 0 0 0 0 1 1 0 1 1 0
45	1	0 0 0 1 0 1 0 0 0 0 0 0 0 0 0 0
45	1	0 0 0 0 0 0 0 0 0 0 0 0 0 1 0 0
45	1	0 0 0 1 0 0 0 0 0 0 0 0 1 0 0 1
45	3	1 1 0 1 0 1 1 0 0 0 1 1 0 1 0 0
45	3	0 0 1 0 0 0 0 1 0 1 1 0 0 0 0 1
45	1	1 1 0 0 0 1 1 0 0 0 1 1 0 1 1 0
45	4	0 0 0 1 0 0 0 1 0 1 0 0 0 0 0 1
45	1	1 0 0 0 0 0 0 0 0 0 1 0 0 0 0 0
45	1	0 0 1 0 0 0 0 0 0 0 1 0 0 1 1 0
45	1	1 0 1 1 0 1 1 1 0 0 1 1 0 0 0 0
45	1	0 0 0 0 0 1 1 0 0 0 0 0 0 0 0 0
45	2	1 0 0 0 0 1 1 0 0 0 0 0 0 0 0 0
45	1	1 0 0 0 0 0 0 0 0 0 1 1 0 1 1 0
45	1	0 0 1 1 0 0 0 0 0 0 0 0 0 0 0 0
45	1	1 1 0 0 0 0 0 0 0 0 0 0 0 0 0 0
45	1	0 1 1 0 0 0 0 0 1 0 0 0 0 0 0 0
45	1	0 1 0 1 0 0 0 1 0 1 0 0 0 0 0 0
45	1	0 0 0 0 0 0 0 0 1 0 0 1 0 0 1 0
85	46	0 0 0 1 0 0 0 0 0 0 0 0 0 0 0 0
85	4	0 0 0 0 0 0 0 0 0 0 0 0 0 0 0 0
85	15	0 0 0 1 0 0 0 0 0 0 0 0 1 0 0 0
85	14	0 0 0 1 0 0 0 0 1 0 0 0 0 0 0 0
85	53	1 1 0 1 0 1 0 0 0 0 1 1 0 1 1 0
85	51	0 1 1 0 0 0 0 0 0 0 0 0 0 0 0 0
85	57	1 1 0 1 0 1 1 0 0 0 1 1 0 1 1 0
85	1	0 0 1 0 0 0 0 0 1 1 0 0 0 0 0 1
85	23	0 0 1 0 0 0 0 0 1 0 0 0 0 0 0 0
85	13	0 1 0 0 0 0 0 0 0 0 0 0 0 0 0 1
85	64	0 1 0 1 0 0 0 0 0 0 0 0 0 0 0 0
85	12	0 0 0 1 0 0 0 0 0 0 1 0 0 0 0 0
85	36	0 0 0 1 0 0 0 0 1 0 1 0 0 0 0 0
85	12	0 0 0 0 0 0 0 0 1 0 0 0 0 0 1 1
85	39	1 1 0 0 0 0 0 0 0 0 0 0 0 0 0 0
85	22	1 1 0 0 0 1 0 0 0 0 1 0 0 0 0 0
85	4	0 0 0 1 0 0 1 0 0 0 0 0 1 0 0 0
85	21	1 1 1 1 0 1 0 0 0 0 1 1 0 1 1 0
85	2	0 1 0 1 0 1 1 0 0 0 1 1 0 1 1 0
85	9	0 0 1 1 0 0 0 0 1 0 0 0 0 0 0 0
85	21	0 0 0 1 0 0 0 0 0 1 0 0 0 1 0 0
85	29	1 1 0 1 1 1 0 0 0 0 1 1 0 0 0 0
85	8	1 1 0 1 0 1 1 0 1 0 0 1 0 0 0 0
85	2	1 1 0 1 0 1 0 0 1 0 1 0 0 0 0 0
85	13	0 0 0 0 0 1 1 0 0 0 0 0 0 1 0 0
85	10	1 0 1 0 0 0 0 1 1 0 0 0 0 0 0 0
85	13	0 1 0 1 0 0 0 0 1 0 0 0 0 0 0 0
85	2	0 0 1 0 0 0 0 0 0 0 0 0 1 0 0 0
85	3	1 0 1 0 1 0 0 0 0 0 1 1 0 1 1 0
85	5	0 0 0 0 0 0 0 0 1 0 1 0 0 0 0 0
85	2	0 1 0 0 0 0 0 0 0 0 0 1 0 0 0 0
85	19	1 0 0 0 0 0 0 0 0 0 0 0 0 0 0 0
85	1	0 0 1 0 0 0 0 0 0 0 0 0 0 0 0 0
85	10	0 1 1 1 0 0 0 0 0 0 0 0 0 0 0 0
85	60	1 1 0 1 0 1 1 0 1 0 0 0 0 0 0 0
85	33	1 1 0 0 0 0 0 0 1 0 0 0 0 0 0 0
85	2	0 0 0 1 0 1 0 0 1 0 1 0 0 0 0 0
85	29	1 1 0 1 0 0 0 0 0 0 0 0 0 0 0 0
85	7	0 0 0 1 1 0 0 1 0 1 0 0 0 0 0 0
85	1	1 1 0 0 0 1 1 0 0 0 1 1 0 1 1 0
85	3	1 0 0 0 0 0 1 0 0 0 0 0 1 0 0 0
85	4	0 0 0 1 0 1 0 0 0 1 0 0 1 0 0 0
85	12	1 1 1 1 0 1 1 0 0 0 1 1 0 1 1 0
85	12	1 1 0 0 0 1 1 0 0 0 1 0 0 0 0 0
85	13	1 1 0 1 0 1 1 0 0 0 0 0 0 0 0 0
85	12	1 1 0 1 0 1 1 0 0 1 0 0 0 0 0 0
85	8	1 0 1 1 0 1 1 0 1 0 0 0 0 0 0 0
85	4	1 1 0 1 0 1 1 0 1 0 1 0 0 0 0 0
85	4	0 1 0 1 0 0 0 0 1 0 0 0 0 0 1 1
85	1	0 0 0 0 0 1 1 0 0 0 1 0 0 1 0 0
85	9	0 1 0 1 0 0 1 0 0 0 0 0 0 0 1 0
85	1	1 1 0 1 1 1 0 0 0 0 0 0 0 0 0 0
85	2	1 1 1 1 0 1 1 0 0 0 1 0 0 0 0 0
85	2	1 1 0 0 0 0 0 0 0 0 0 0 0 0 0 1
85	4	0 1 0 0 0 0 0 0 0 0 0 0 0 1 0 1
85	4	0 0 0 0 0 1 0 0 0 1 0 0 0 0 0 0
85	1	1 1 0 1 0 1 0 0 0 1 0 0 0 0 0 0
85	5	0 0 1 0 0 0 0 0 1 0 1 0 0 0 0 0
85	2	0 0 0 1 0 0 1 0 1 0 1 0 0 0 0 0
85	1	1 1 0 1 1 1 0 0 1 0 1 1 0 0 0 0
85	2	0 1 0 1 0 1 0 0 1 0 1 0 0 0 0 0
85	5	1 1 0 0 0 0 0 0 0 0 0 0 0 1 1 0
85	2	0 1 1 0 0 0 0 0 1 0 0 0 0 0 0 0
85	1	0 0 1 0 0 0 0 1 1 0 0 0 0 0 1 0
85	1	0 1 1 0 0 0 0 0 0 1 0 0 0 0 0 0
85	5	1 1 1 0 0 0 0 0 0 0 0 0 0 0 0 0
85	3	0 0 1 0 0 0 0 0 1 0 0 0 1 0 0 0
85	8	1 1 0 0 0 1 0 0 0 0 1 0 0 0 1 1
85	1	0 1 0 0 0 1 0 0 0 1 0 0 0 0 0 0
85	3	0 1 0 0 0 0 1 0 0 0 0 0 0 0 0 1
85	2	0 0 1 0 1 0 0 0 1 0 0 1 0 0 1 1
85	3	1 1 0 0 1 1 0 0 0 0 1 1 0 0 0 0
85	1	1 1 0 0 0 1 1 1 0 0 1 1 0 1 1 0
85	2	0 0 0 0 0 1 0 0 0 1 0 0 0 1 0 0
85	4	0 0 0 1 0 1 1 0 1 0 0 0 0 0 0 0
85	4	1 0 1 1 0 0 0 0 0 0 0 0 0 0 0 0
85	2	0 0 0 1 0 0 1 1 1 0 0 0 0 0 0 0
85	2	0 0 1 1 0 1 1 0 1 0 0 0 0 0 0 0
85	2	0 1 0 1 0 1 1 0 1 0 0 0 0 1 1 0
85	10	0 0 0 0 0 0 0 0 0 0 0 0 1 0 0 0
85	1	1 1 1 1 1 1 0 0 0 0 1 1 0 0 0 0
85	6	1 1 0 0 0 0 0 1 1 0 0 0 0 0 0 0
85	3	1 0 0 0 0 1 1 0 0 0 1 0 0 1 0 0
85	2	1 1 0 1 0 1 0 0 0 0 1 0 0 0 0 0
85	5	1 1 0 1 0 0 0 0 0 0 0 0 0 0 0 1
85	1	0 0 0 1 0 0 0 0 0 0 1 0 0 0 1 0
85	1	1 1 0 1 0 1 1 0 1 0 0 0 0 0 0 1
85	3	1 1 1 1 0 0 1 0 0 0 1 0 0 0 0 0
85	2	0 1 0 1 0 0 0 0 1 0 1 0 0 0 0 0
85	4	0 0 0 0 0 0 0 0 1 0 0 0 0 0 0 0
85	6	0 0 1 1 0 0 0 0 0 0 0 0 1 0 0 0
85	1	1 0 0 0 0 0 0 0 1 0 0 0 0 0 0 0
85	2	0 1 1 1 1 0 0 0 0 0 0 0 0 0 0 0
85	1	1 0 0 0 0 0 0 0 0 0 0 0 0 0 0 1
85	4	0 0 0 1 0 1 0 0 1 0 0 1 0 0 0 0
85	4	0 1 0 1 1 1 0 0 0 0 1 1 0 0 0 0
85	1	0 1 0 1 0 0 0 0 1 0 0 0 0 1 0 0
85	2	1 1 0 1 0 0 0 0 0 1 0 0 0 0 0 0
85	1	0 1 0 1 0 0 0 0 1 0 0 0 1 0 1 1
85	1	1 1 0 1 1 1 0 0 1 1 1 1 0 0 0 0
85	1	1 1 0 1 0 0 0 0 1 0 1 0 0 0 0 0
85	1	1 1 0 1 0 1 1 0 1 0 1 1 0 1 1 0
85	1	0 1 0 1 0 0 1 0 0 0 0 0 0 0 0 1
85	3	1 0 0 1 0 0 0 0 0 0 0 0 0 0 0 0
85	1	0 1 1 0 0 1 0 0 0 0 0 0 0 0 0 0
85	1	0 1 1 0 0 0 0 0 0 0 1 0 0 0 0 0
85	1	0 1 0 1 0 0 0 0 0 0 0 0 0 0 1 0
85	1	1 0 1 0 0 0 1 1 1 0 0 0 0 0 0 0
85	3	1 0 0 0 0 0 0 0 0 0 0 0 1 0 0 0
85	1	0 1 1 1 0 0 0 0 1 0 0 0 0 0 0 0
154	4	0 0 0 1 0 0 0 0 1 0 0 0 0 0 0 0
154	15	0 1 0 1 0 0 0 0 0 0 0 0 0 0 0 0
154	13	0 0 0 1 0 0 0 0 1 0 1 0 0 0 0 0
154	20	1 1 0 0 0 0 0 0 0 0 0 0 0 0 0 0
154	19	1 1 0 1 1 1 0 0 0 0 1 1 0 0 0 0
154	20	0 1 0 1 0 0 0 0 1 0 0 0 0 0 0 0
154	4	1 1 0 0 0 0 0 0 1 0 0 0 0 0 0 0
154	47	1 1 0 1 0 0 0 0 0 0 0 0 0 0 0 0
154	23	1 1 0 1 0 1 1 0 0 1 0 0 0 0 0 0
154	68	1 1 0 1 0 1 0 0 0 0 1 0 0 0 0 0
154	4	0 0 1 1 0 1 1 0 1 0 0 0 0 0 0 0
154	17	1 1 0 1 0 1 0 0 0 0 1 1 0 0 0 0
154	40	0 1 0 1 0 1 0 0 0 0 0 0 0 0 0 0
154	33	0 0 0 1 0 1 0 0 1 0 1 0 0 0 0 0
154	1	0 1 1 1 0 0 0 0 0 1 0 0 0 0 0 0
154	7	0 1 0 1 0 0 0 0 0 1 0 0 0 0 0 0
154	14	1 1 1 0 0 1 0 0 0 0 1 0 0 0 0 0
154	22	1 1 0 1 1 1 1 0 0 1 0 1 0 0 0 0
154	51	1 1 1 1 0 1 1 0 1 0 0 0 0 0 0 0
154	41	1 1 1 1 0 1 1 0 0 1 1 0 0 0 0 0
154	4	0 0 0 1 0 0 0 0 1 0 0 0 1 0 0 0
154	11	1 0 1 1 0 0 0 0 0 0 0 0 0 0 0 0
154	23	0 0 1 0 0 0 0 0 1 0 0 0 1 0 0 0
154	3	1 1 0 1 1 1 0 0 0 0 1 1 1 0 0 0
154	4	0 0 1 1 1 0 1 1 1 0 0 0 0 0 0 0
154	5	1 1 0 0 0 0 1 0 0 0 0 1 0 1 1 0
154	11	1 0 0 1 0 1 0 0 1 1 1 1 0 0 0 0
154	14	1 1 0 1 0 0 0 0 0 1 0 0 0 0 0 0
154	11	1 1 0 1 0 1 1 0 1 1 0 1 0 0 0 0
154	39	1 1 1 1 0 0 0 0 0 1 0 0 0 0 0 0
154	12	0 1 1 1 0 1 0 0 0 0 0 0 0 0 0 0
154	4	0 1 1 1 0 1 0 0 1 0 0 0 0 0 0 0
154	10	1 1 0 1 0 1 1 0 0 0 1 1 0 0 0 0
154	4	0 1 1 1 0 1 0 0 1 0 1 0 0 0 0 1
154	12	1 1 1 1 0 1 1 0 0 0 0 0 0 0 0 0
154	7	0 0 0 1 0 0 0 0 0 1 0 0 0 0 0 0
154	1	1 1 1 1 0 1 0 0 0 0 1 1 0 1 1 0
154	2	0 0 0 1 1 0 0 0 1 0 1 0 0 0 0 0
154	18	1 1 1 1 1 0 0 0 0 1 0 0 0 0 0 0
154	5	0 0 0 1 0 1 0 0 1 0 0 1 0 0 0 0
154	9	1 1 0 1 1 1 0 0 0 1 0 1 0 0 0 0
154	2	1 1 0 1 1 1 1 0 0 0 1 0 0 0 0 0
154	3	1 1 0 1 0 1 0 0 0 0 0 0 0 0 0 0
154	2	1 1 0 1 0 0 0 0 1 0 0 0 0 0 0 1
154	5	0 1 1 0 0 1 0 0 1 0 0 1 0 0 0 1
154	20	1 1 0 1 1 1 0 0 0 1 0 0 0 0 0 0
154	5	1 1 1 1 0 0 0 0 0 1 0 0 0 1 0 0
154	6	1 0 0 1 0 1 1 0 0 0 1 1 0 0 0 0
154	21	1 1 0 1 0 1 1 0 1 1 0 1 0 1 0 0
154	3	1 1 0 1 0 1 1 0 0 0 1 1 0 0 0 1
154	14	0 0 0 1 0 1 1 0 0 1 1 0 0 1 0 0
154	7	1 1 0 1 1 1 1 0 0 1 0 0 0 0 0 0
154	15	1 1 1 1 1 1 0 0 1 0 1 0 0 0 0 0
154	10	1 1 1 1 0 1 1 0 0 0 1 1 0 0 0 0
154	1	1 1 0 1 1 1 0 0 1 1 0 1 0 0 0 0
154	4	0 1 0 1 0 0 0 0 0 0 0 0 1 0 0 0
154	11	0 1 0 1 0 1 0 0 0 0 0 0 0 0 0 1
154	2	1 1 0 1 1 1 1 0 1 1 0 1 0 1 0 0
154	4	1 1 1 1 0 0 0 0 1 1 0 0 0 1 0 0
154	1	1 1 1 1 0 1 1 0 0 0 0 0 0 0 0 1
154	2	1 0 0 1 0 0 0 0 1 0 1 0 0 0 0 0
154	13	1 1 1 1 0 1 1 0 0 0 0 0 1 0 0 0
154	2	1 1 1 1 0 0 1 0 0 1 1 0 0 0 0 0
154	3	1 1 0 1 0 1 0 1 1 1 0 1 0 0 0 0
154	5	1 1 1 1 0 1 0 0 0 1 0 0 0 1 0 0
154	10	1 1 0 0 0 1 1 0 0 1 1 0 0 0 0 0
154	8	1 1 0 1 1 1 1 0 0 0 1 1 0 0 0 0
154	2	1 1 1 1 0 1 1 0 0 1 0 1 0 0 0 0
154	4	0 1 0 1 0 0 0 1 1 0 0 0 0 0 0 0
154	19	1 1 1 1 0 1 1 0 1 0 1 0 0 0 0 0
154	2	0 0 0 1 0 1 1 0 1 0 0 0 0 0 0 0
154	9	1 1 1 1 0 0 0 0 0 0 0 0 0 0 0 0
154	13	1 1 0 1 0 0 1 0 1 0 0 0 0 0 0 0
154	2	0 0 0 1 0 1 0 0 0 0 0 0 0 0 0 0
154	3	1 1 0 0 0 0 0 0 0 0 1 0 0 0 0 0
154	4	1 0 0 1 0 0 0 0 1 0 0 0 0 0 0 0
154	5	1 1 1 0 0 0 0 0 1 0 0 0 1 0 0 0
154	4	0 1 0 1 0 0 0 0 1 0 0 0 0 1 0 0
154	2	1 0 0 1 0 1 0 1 1 1 1 1 0 0 0 0
154	3	1 1 0 1 1 1 1 0 1 1 0 1 0 1 0 1
154	1	1 1 0 0 0 1 1 0 1 1 0 1 0 1 0 0
154	2	1 1 1 1 0 1 1 0 1 1 1 1 0 0 0 0
154	3	1 1 0 1 1 1 0 0 1 1 0 0 0 0 0 0
154	2	0 1 1 1 0 1 1 0 1 0 1 0 0 0 0 0
154	2	1 1 1 1 0 1 0 0 1 1 0 1 0 0 0 0
154	1	0 1 1 1 0 1 1 0 0 1 0 0 0 0 0 0
154	3	1 1 0 1 0 0 0 0 1 1 1 0 0 1 0 0
154	7	1 1 1 1 0 1 0 0 1 0 1 0 0 0 0 1
154	3	0 1 0 1 0 0 0 1 0 0 0 0 0 0 0 0
154	3	1 1 0 1 1 1 0 0 0 0 1 0 0 0 0 0
154	3	0 0 1 1 0 1 1 0 1 1 0 0 0 0 0 0
154	3	1 1 1 1 0 0 0 0 1 1 0 0 0 0 0 0
154	1	1 1 1 1 0 1 1 0 1 0 0 0 1 0 0 0
154	4	1 1 1 1 0 1 1 0 0 1 0 1 0 0 1 0
154	1	0 1 1 1 0 0 0 0 0 0 0 0 0 0 0 0
154	1	1 1 0 1 0 0 1 0 1 1 0 0 0 0 0 0
154	2	0 1 1 1 0 1 1 0 0 1 1 0 0 0 0 0
154	1	1 0 0 1 0 1 0 0 1 1 1 0 0 0 0 0
154	1	1 1 1 1 0 1 0 0 0 0 1 0 0 0 0 0
154	6	1 1 0 1 0 1 1 0 0 1 0 0 1 0 0 0
154	1	1 1 0 0 0 1 0 0 0 0 1 1 0 0 0 0
154	3	1 1 0 1 1 0 1 0 0 1 0 1 0 0 0 0
154	1	1 1 0 1 1 1 0 0 0 1 0 0 1 0 0 0
154	1	1 1 1 1 0 1 1 0 1 0 1 0 0 0 1 0
154	3	1 1 0 1 1 1 0 0 0 0 1 0 0 0 1 0
154	1	0 1 0 0 0 1 1 0 0 1 1 0 0 0 0 0
154	2	0 0 0 1 0 1 0 0 0 0 1 1 0 0 0 0
154	2	1 1 0 1 1 1 0 0 1 0 1 0 0 0 0 0
154	1	1 1 1 0 0 1 1 0 0 1 1 0 0 0 0 0
154	1	1 1 0 1 0 0 0 0 1 0 0 0 0 0 0 0
154	1	1 1 0 1 0 1 0 1 0 0 1 0 0 0 0 0
154	6	0 1 1 0 0 1 0 0 0 0 0 0 0 0 0 0
154	3	1 1 1 1 0 1 1 0 1 0 1 1 0 0 0 0
154	1	0 1 0 1 0 0 0 0 0 0 0 0 1 0 0 1
239	10	1 1 0 1 0 1 0 0 0 0 1 0 0 0 0 0
239	6	1 1 1 1 0 1 1 0 1 0 0 0 0 0 0 0
239	3	1 1 1 1 0 0 0 0 0 1 0 0 0 0 0 0
239	19	1 1 0 1 0 1 1 0 0 0 1 1 0 0 0 0
239	113	1 1 1 1 0 1 1 0 0 0 0 0 0 0 0 0
239	77	1 1 1 1 1 0 0 0 0 1 0 0 0 0 0 0
239	42	1 1 1 1 1 1 0 0 1 0 1 0 0 0 0 0
239	53	1 1 1 1 0 0 0 0 0 0 0 0 0 0 0 0
239	64	1 1 1 1 0 1 1 0 1 1 1 1 0 0 0 0
239	13	1 0 0 1 1 0 0 0 0 0 0 0 0 0 0 0
239	21	1 1 1 1 0 0 0 0 1 0 0 0 0 0 0 0
239	1	0 1 0 1 0 1 0 0 0 0 0 1 0 0 0 0
239	9	1 1 1 1 1 1 1 0 1 0 0 0 0 0 0 0
239	11	1 1 0 1 1 0 0 0 0 1 0 0 0 0 0 0
239	16	1 1 1 1 1 1 1 0 0 0 0 0 0 0 0 0
239	9	1 1 1 1 0 1 1 0 0 1 0 0 0 0 0 0
239	1	1 1 1 1 0 1 1 0 1 1 0 0 0 0 0 0
239	10	1 1 1 1 0 0 0 0 0 1 0 0 0 1 0 1
239	14	1 1 1 1 0 1 1 0 0 0 1 0 0 0 0 0
239	3	1 1 1 1 1 1 0 0 0 1 0 1 0 0 0 0
239	36	1 1 1 0 0 1 1 0 0 0 0 0 0 0 0 0
239	15	1 1 1 1 0 1 1 0 1 1 1 0 0 0 0 0
239	35	1 1 1 1 1 0 0 0 0 0 0 0 0 0 0 0
239	6	1 1 1 1 0 1 1 0 1 1 1 1 1 0 0 0
239	8	1 1 1 1 0 1 0 0 1 0 1 0 0 0 0 0
239	19	1 1 1 1 0 1 1 0 0 0 0 1 0 0 0 0
239	2	1 1 0 1 0 0 0 0 1 0 0 0 0 0 0 0
239	19	1 1 0 1 1 1 1 0 0 0 1 0 0 0 0 0
239	4	1 1 1 1 0 1 1 0 1 1 1 1 0 0 0 1
239	26	1 1 1 1 0 1 0 0 0 0 1 0 0 0 0 0
239	3	1 1 1 1 0 0 0 1 1 0 0 0 0 0 0 0
239	14	1 1 1 1 1 1 1 1 0 0 0 0 0 0 0 0
239	14	1 1 0 1 0 1 0 0 0 0 1 1 0 0 0 0
239	6	1 1 1 1 0 1 1 0 1 0 1 0 0 0 0 0
239	17	1 1 1 1 1 1 0 0 1 1 1 0 0 0 0 0
239	8	1 0 1 0 0 1 1 0 0 0 0 0 0 0 0 0
239	1	1 1 1 1 0 0 0 0 0 1 0 0 0 1 0 0
239	6	1 1 1 1 1 0 0 0 0 1 0 0 0 1 0 0
239	18	1 1 1 0 0 1 1 0 1 1 1 1 0 0 0 0
239	6	1 1 1 1 0 0 0 1 1 0 0 0 0 0 1 0
239	2	0 1 1 1 0 0 0 1 1 0 0 0 0 0 0 0
239	23	1 1 1 1 1 1 1 0 0 1 0 0 0 0 0 0
239	1	1 0 1 1 1 0 0 0 0 0 0 0 0 0 0 0
239	3	1 0 0 1 0 1 1 0 0 0 0 0 0 0 0 0
239	1	1 1 1 1 0 0 1 0 0 0 0 1 0 0 0 0
239	1	1 1 1 0 0 1 1 0 1 1 1 1 0 0 1 0
239	3	1 1 1 0 0 1 1 1 1 0 1 1 0 0 0 0
239	3	1 1 1 0 0 1 1 0 0 0 0 0 0 1 0 0
239	11	1 1 1 1 1 0 1 0 0 0 1 0 0 0 0 0
239	19	1 1 1 1 1 0 1 0 0 0 1 1 0 0 0 0
239	4	1 1 1 1 0 1 0 1 0 0 1 0 0 0 0 0
239	1	1 1 1 1 0 0 0 0 0 0 0 1 0 0 0 1
239	4	1 1 1 1 0 1 1 0 0 0 0 0 0 0 0 1
239	3	1 1 1 1 0 1 0 0 1 0 1 0 1 0 0 0
239	2	1 1 0 1 0 0 0 0 1 1 0 0 0 0 0 0
239	8	1 1 1 1 0 1 0 0 0 0 0 0 0 0 0 0
239	9	1 1 1 1 1 1 1 0 1 1 1 1 0 0 0 0
239	2	1 1 0 1 1 1 1 0 0 0 1 0 0 1 0 0
239	2	1 1 1 1 1 1 1 0 1 1 1 1 0 0 0 1
239	14	1 1 1 1 1 0 0 0 1 1 1 0 0 0 0 0
239	4	1 1 0 1 0 0 0 0 0 0 0 0 0 1 0 0
239	1	0 1 0 0 0 1 0 0 0 0 0 1 0 0 0 0
239	3	1 1 1 0 1 1 1 0 1 1 1 1 0 0 0 0
239	2	1 0 0 1 0 1 1 0 0 1 0 0 0 0 0 0
239	4	1 1 1 1 0 1 0 0 1 1 1 0 0 0 0 0
239	5	0 1 0 1 0 1 0 0 0 0 1 1 0 0 0 0
239	3	1 1 1 0 0 0 0 0 0 0 0 0 0 0 0 0
239	3	1 1 1 1 1 0 0 0 0 0 0 0 0 1 0 0
239	3	1 1 1 1 0 0 0 1 1 0 0 1 0 0 0 0
239	9	0 1 0 1 0 1 0 0 1 0 0 0 0 0 0 0
239	2	1 1 1 1 0 0 1 0 1 1 1 0 0 0 0 0
239	9	1 0 1 1 1 1 0 0 1 1 1 0 0 0 0 0
239	4	1 1 1 1 0 1 1 0 0 0 0 0 0 1 0 0
239	1	1 1 1 1 0 0 0 1 0 0 0 0 0 0 0 0
239	2	1 0 0 1 1 0 0 0 0 0 1 0 0 0 0 0
239	10	1 1 1 0 1 0 1 0 0 0 1 0 0 0 0 0
239	1	1 0 0 0 0 1 1 0 0 1 0 0 0 0 0 0
239	5	1 1 0 1 1 0 1 0 0 1 0 0 0 0 0 0
239	2	1 1 1 0 0 0 0 0 0 1 0 0 0 1 0 1
239	3	1 1 1 1 0 0 0 0 0 0 0 0 0 1 0 1
239	1	1 1 1 0 0 1 0 0 1 1 1 1 0 0 1 0
239	1	1 1 1 1 0 0 0 0 0 0 0 1 0 0 0 0
239	7	1 0 0 0 1 0 0 0 0 0 0 0 0 0 0 0
239	4	1 1 1 1 0 0 0 0 1 0 0 0 0 0 0 1
239	2	1 1 1 1 0 1 0 0 0 1 0 0 0 0 0 0
239	5	1 1 1 1 1 0 0 0 0 0 0 0 0 0 0 1
239	8	1 0 1 0 0 1 1 0 0 0 0 0 0 0 1 0
239	1	0 1 1 1 0 0 0 0 0 0 0 1 0 0 0 1
239	3	1 1 1 1 0 1 1 1 0 0 0 0 0 0 0 0
239	1	1 1 1 1 0 1 1 0 0 1 0 1 0 0 0 0
239	2	1 0 1 0 0 1 1 1 1 0 1 1 0 0 0 0
239	1	1 1 1 0 1 0 1 0 0 0 1 1 0 0 0 0
239	1	1 1 1 1 0 1 1 0 0 0 0 0 0 0 1 1
239	2	1 1 0 1 1 0 0 0 0 0 0 0 0 0 0 1
239	2	1 1 1 0 0 0 0 0 1 0 0 0 0 0 0 0
239	1	1 1 0 0 0 0 0 0 0 0 0 0 0 0 0 0
239	1	1 1 0 1 0 1 1 0 0 0 0 0 0 0 0 0
239	2	1 1 1 0 0 1 0 0 0 0 0 1 0 0 0 0
239	1	1 1 1 1 0 1 1 1 0 0 0 0 0 0 0 1
239	1	1 1 1 1 0 1 1 0 1 0 1 1 0 0 0 0
239	1	1 1 1 0 0 1 1 0 0 0 0 0 0 0 0 1
239	1	0 1 1 1 1 1 1 0 1 1 1 1 0 0 0 0
239	1	1 1 1 0 1 0 0 0 0 0 0 0 0 0 0 1
252	4	1 1 0 1 0 1 0 0 0 0 1 0 0 0 0 0
252	1	1 1 1 1 0 1 1 0 1 0 0 0 0 0 0 0
252	12	1 1 0 1 0 1 1 0 0 0 1 1 0 0 0 0
252	139	1 1 1 1 0 1 1 0 0 0 0 0 0 0 0 0
252	53	1 1 1 1 1 0 0 0 0 1 0 0 0 0 0 0
252	13	1 1 1 1 1 1 0 0 1 0 1 0 0 0 0 0
252	30	1 1 1 1 0 0 0 0 0 0 0 0 0 0 0 0
252	46	1 1 1 1 0 1 1 0 1 1 1 1 0 0 0 0
252	21	1 1 0 1 1 0 0 0 0 1 0 0 0 0 0 0
252	36	1 1 1 1 1 1 1 0 0 0 0 0 0 0 0 0
252	4	1 1 1 1 0 0 0 0 0 1 0 0 0 1 0 1
252	10	1 1 1 1 0 1 1 0 0 0 1 0 0 0 0 0
252	69	1 1 1 0 0 1 1 0 0 0 0 0 0 0 0 0
252	23	1 1 1 1 0 1 1 0 1 1 1 0 0 0 0 0
252	65	1 1 1 1 1 0 0 0 0 0 0 0 0 0 0 0
252	22	1 1 1 1 0 1 1 0 0 0 0 1 0 0 0 0
252	11	1 1 0 1 1 1 1 0 0 0 1 0 0 0 0 0
252	54	1 1 1 1 0 1 0 0 0 0 1 0 0 0 0 0
252	4	1 1 1 1 0 0 0 1 1 0 0 0 0 0 0 0
252	28	1 1 0 1 0 1 0 0 0 0 1 1 0 0 0 0
252	3	1 1 1 1 0 1 1 0 1 0 1 0 0 0 0 0
252	3	1 1 1 1 1 1 0 0 1 1 1 0 0 0 0 0
252	7	1 0 1 0 0 1 1 0 0 0 0 0 0 0 0 0
252	5	1 1 1 0 0 1 1 0 1 1 1 1 0 0 0 0
252	15	1 1 1 1 1 1 1 0 0 1 0 0 0 0 0 0
252	2	1 1 1 0 0 1 1 1 1 0 1 1 0 0 0 0
252	12	1 1 1 1 1 0 1 0 0 0 1 0 0 0 0 0
252	2	1 1 1 1 1 0 1 0 0 0 1 1 0 0 0 0
252	5	1 1 1 1 0 1 0 1 0 0 1 0 0 0 0 0
252	7	1 1 1 1 0 1 0 0 0 0 0 0 0 0 0 0
252	7	1 1 1 1 1 1 1 0 1 1 1 1 0 0 0 0
252	10	1 1 1 1 1 0 0 0 1 1 1 0 0 0 0 0
252	3	0 1 0 0 0 1 0 0 0 0 0 1 0 0 0 0
252	18	1 1 1 0 1 1 1 0 1 1 1 1 0 0 0 0
252	7	1 1 1 1 0 1 0 0 1 1 1 0 0 0 0 0
252	13	0 1 0 1 0 1 0 0 0 0 1 1 0 0 0 0
252	8	1 1 1 1 1 0 0 0 0 0 0 0 0 1 0 0
252	11	1 1 1 1 0 0 0 1 0 0 0 0 0 0 0 0
252	6	1 1 1 0 1 0 1 0 0 0 1 0 0 0 0 0
252	3	1 1 1 1 0 1 0 0 0 1 0 0 0 0 0 0
252	12	1 1 1 1 1 0 0 0 0 0 0 0 0 0 0 1
252	5	1 1 1 0 0 0 0 0 1 0 0 0 0 0 0 0
252	15	1 1 1 1 1 1 1 1 0 0 0 1 0 0 0 0
252	4	0 1 1 1 0 1 0 0 1 1 1 0 0 0 0 0
252	4	1 1 0 1 0 1 1 0 0 0 1 0 0 0 0 0
252	1	1 0 1 1 0 1 1 0 0 0 0 0 0 0 0 0
252	2	1 0 1 0 0 1 1 0 0 1 0 0 0 0 0 0
252	7	1 1 1 1 1 1 0 0 0 0 1 1 0 0 0 0
252	3	1 1 1 1 1 1 0 0 1 0 1 0 0 0 0 1
252	15	1 1 1 1 0 1 0 0 1 1 1 1 0 0 0 0
252	4	1 1 1 1 1 1 1 0 0 0 0 1 0 0 0 0
252	13	1 1 1 1 1 1 0 0 0 0 0 0 0 0 0 1
252	4	1 1 1 1 1 1 0 0 1 0 0 0 0 0 0 0
252	9	1 1 0 1 1 1 1 0 1 0 1 0 0 0 0 0
252	2	1 1 1 0 0 1 1 0 1 1 0 0 0 0 0 0
252	5	1 1 1 1 1 0 1 0 1 0 1 1 0 0 0 0
252	6	1 1 1 1 0 0 0 0 0 0 0 1 0 0 0 0
252	2	1 1 0 1 0 0 0 0 0 0 1 0 0 0 0 0
252	1	1 1 1 1 1 1 0 0 0 0 0 0 0 0 0 0
252	4	0 0 0 1 0 1 0 0 1 0 0 0 0 0 0 0
252	4	1 1 1 1 0 0 0 0 0 0 0 0 0 0 0 1
252	3	1 1 0 1 1 0 0 0 0 0 0 0 0 0 0 0
252	3	1 1 1 1 0 1 1 0 0 0 1 1 0 0 0 0
252	2	1 1 1 1 0 1 0 0 0 0 0 1 0 0 0 0
252	3	1 1 1 1 0 1 0 0 0 0 0 0 0 0 1 0
252	1	1 1 1 1 1 0 0 0 1 1 1 0 0 0 0 1
252	1	1 1 0 1 0 0 0 1 0 0 1 0 0 0 0 0
252	2	1 1 1 1 0 1 1 1 1 1 1 1 0 0 0 0
252	1	1 1 1 1 1 0 1 0 0 0 0 1 0 0 0 0
252	4	1 1 1 1 1 0 0 1 0 0 0 0 0 0 0 1
252	5	1 1 1 0 0 0 0 0 1 0 0 0 0 1 0 0
252	1	1 1 1 1 1 0 0 1 0 0 0 0 0 0 0 0
252	2	1 1 0 1 1 0 0 0 0 1 1 0 0 0 0 0
252	4	1 1 1 0 0 1 1 0 0 0 1 0 0 0 0 0
252	15	1 1 1 1 0 1 0 0 1 0 1 0 0 0 0 0
252	4	1 1 1 1 0 1 0 0 0 1 1 0 0 0 0 0
252	3	0 1 0 1 0 1 1 0 0 0 1 1 0 0 0 0
252	2	1 1 1 0 0 1 1 0 0 0 0 1 0 0 0 0
252	2	1 1 1 0 0 1 1 1 0 0 0 0 0 0 0 0
252	1	1 1 1 1 0 1 0 0 0 1 0 0 0 0 1 0
252	1	1 1 1 1 0 0 0 0 0 0 1 0 0 0 0 0
252	1	1 1 1 1 0 1 1 0 0 0 1 0 0 1 0 0
252	4	1 1 1 1 1 0 0 0 0 0 0 0 1 0 0 0
252	2	1 1 1 0 0 1 1 0 1 0 1 1 0 0 0 0
252	3	1 1 1 1 0 0 0 0 1 1 1 1 0 0 0 0
252	1	1 1 1 0 1 1 0 0 1 0 0 0 0 0 0 0
252	1	1 1 1 0 0 0 0 0 0 0 1 0 0 0 0 0
252	2	0 1 0 1 0 1 0 0 0 0 0 0 0 0 0 0
252	1	1 1 1 1 0 1 1 0 0 0 0 0 1 0 0 0
252	1	1 1 1 1 0 0 1 0 0 0 0 0 0 0 0 0
252	1	1 0 1 1 0 0 0 0 0 0 0 0 0 0 0 0
252	2	1 1 1 1 0 1 1 0 1 1 1 1 0 0 0 1
252	2	1 1 1 0 1 1 1 0 0 0 0 0 0 0 0 0
252	1	0 1 0 1 1 1 1 0 0 0 1 0 0 0 0 0
252	1	1 0 1 1 0 1 1 0 1 0 1 0 0 0 0 0
252	2	0 1 1 1 0 1 0 0 0 0 0 0 0 0 0 0
252	1	1 0 1 0 0 0 0 0 1 0 0 0 0 0 0 0
350	32	1 1 1 1 0 1 1 0 0 0 0 0 0 0 0 0
350	3	1 1 1 1 0 0 0 0 0 0 0 0 0 0 0 0
350	65	1 1 1 1 0 1 1 0 1 1 1 1 0 0 0 0
350	60	1 1 1 1 0 1 1 0 1 1 1 0 0 0 0 0
350	54	1 1 1 1 0 1 0 0 0 0 1 0 0 0 0 0
350	4	1 1 1 1 1 0 1 0 0 0 1 0 0 0 0 0
350	43	1 1 1 1 1 1 1 1 0 0 0 1 0 0 0 0
350	20	1 1 1 1 1 1 0 0 0 0 1 1 0 0 0 0
350	21	1 0 1 1 1 0 1 0 0 0 1 0 0 0 0 0
350	2	1 1 1 1 0 1 1 0 0 0 0 0 0 0 1 0
350	121	1 1 1 1 0 0 1 0 0 0 0 0 0 0 0 0
350	42	1 1 1 1 1 0 0 1 0 0 0 0 0 0 0 0
350	26	1 1 1 1 0 1 1 0 0 0 1 0 0 0 0 0
350	2	1 1 1 1 0 1 1 0 0 0 0 1 0 0 0 0
350	36	1 1 1 1 1 1 0 0 0 0 1 0 0 0 0 0
350	16	1 1 1 1 0 1 0 0 0 0 0 0 0 0 0 0
350	10	1 1 1 1 0 1 0 0 0 0 1 1 0 0 0 0
350	24	1 1 1 1 0 1 1 0 1 1 0 0 0 0 0 0
350	10	1 1 1 1 0 1 0 0 0 1 0 1 0 0 0 0
350	1	1 1 0 1 0 1 0 1 0 0 1 1 0 0 0 0
350	16	1 1 1 1 0 0 1 0 0 0 0 1 0 0 0 0
350	27	1 1 1 1 0 1 1 1 1 1 1 0 0 0 0 0
350	2	1 1 1 1 0 1 0 0 0 0 0 1 0 0 0 0
350	3	1 1 1 1 0 0 1 0 1 1 1 1 0 1 0 0
350	3	0 1 1 1 0 1 1 0 1 0 0 0 0 0 0 0
350	2	0 1 0 1 0 1 0 0 0 0 0 0 0 0 1 0
350	11	1 1 1 1 0 1 1 1 0 0 0 0 0 0 0 0
350	1	0 1 1 1 1 1 1 1 0 0 0 1 0 0 0 0
350	10	1 1 1 1 0 0 1 0 0 0 1 0 0 0 0 0
350	9	1 1 1 1 0 1 1 0 0 0 0 1 0 0 1 0
350	20	1 1 1 1 1 1 1 0 1 1 1 0 0 0 0 0
350	2	1 1 1 1 0 0 1 0 1 1 0 0 0 0 0 1
350	5	1 1 1 1 0 0 1 0 0 1 0 0 0 0 0 0
350	5	1 1 1 1 1 1 1 1 0 0 0 0 0 0 0 1
350	25	1 1 1 1 0 0 1 0 0 0 0 0 0 0 1 0
350	15	1 1 1 1 0 0 1 0 1 0 0 0 0 1 0 0
350	9	1 1 1 1 1 1 0 0 1 1 1 0 0 0 0 0
350	2	1 1 0 1 0 1 1 1 0 0 0 1 0 0 0 0
350	16	1 1 1 1 0 1 1 0 1 1 1 0 0 0 0 1
350	1	1 0 1 1 1 0 1 0 0 0 1 0 1 0 0 0
350	11	0 1 1 1 0 0 1 0 0 1 0 0 0 0 0 0
350	15	1 0 1 1 1 1 1 1 0 0 0 1 0 0 0 0
350	3	1 1 1 1 0 1 0 1 0 1 0 1 0 0 0 0
350	10	1 1 1 1 0 1 1 0 0 0 1 1 0 0 0 0
350	7	1 1 1 1 0 1 0 0 1 0 1 0 0 0 0 0
350	7	1 1 1 1 0 0 1 0 0 0 0 0 1 0 0 0
350	1	0 1 1 1 0 1 1 1 1 1 1 0 0 0 0 0
350	1	1 1 1 1 0 1 1 0 1 0 0 0 0 0 1 0
350	10	1 1 1 1 0 1 1 0 1 0 1 1 0 1 0 0
350	7	1 1 0 1 1 1 1 1 0 0 0 1 0 0 0 0
350	7	1 1 1 1 0 1 1 1 1 1 0 0 0 0 0 0
350	6	1 1 1 1 0 1 1 1 0 0 1 0 0 0 1 0
350	1	1 1 1 1 1 1 1 1 0 1 0 1 0 0 0 0
350	4	1 1 0 1 1 0 0 1 0 0 0 0 0 0 0 0
350	4	0 1 1 1 1 1 1 0 0 0 0 1 0 0 0 0
350	7	1 1 1 1 0 0 0 0 0 1 0 0 0 0 0 0
350	4	0 1 1 1 1 1 1 1 0 0 1 0 0 0 0 0
350	1	1 1 1 1 0 0 1 0 1 1 0 1 0 1 0 0
350	3	1 1 1 1 0 1 0 0 0 0 1 0 0 0 0 1
350	2	1 1 1 1 1 0 1 0 0 0 0 0 0 0 0 0
350	4	1 1 1 1 0 1 1 0 1 0 1 0 0 0 0 0
350	1	1 1 1 1 1 1 1 0 0 0 1 0 0 0 0 0
350	1	1 1 1 1 0 1 0 1 0 0 0 0 0 0 0 0
350	7	1 1 1 1 0 1 0 0 0 1 0 0 0 0 0 0
350	9	1 0 0 1 1 1 1 1 0 0 0 1 0 0 0 0
350	11	1 1 1 1 0 1 0 0 0 0 0 0 0 0 1 0
350	1	1 1 0 1 0 1 1 0 1 1 1 0 0 0 0 0
350	1	1 1 1 1 0 1 1 0 0 1 1 0 0 0 0 0
350	3	1 1 1 0 1 1 1 1 0 0 0 1 0 0 0 0
350	1	1 1 1 1 0 1 0 0 1 0 0 0 0 0 0 0
350	3	1 1 1 1 0 1 1 0 1 1 1 1 0 1 0 0
350	12	1 1 1 1 1 1 1 1 0 0 0 0 0 0 0 0
350	1	1 1 1 1 1 1 0 0 1 0 1 1 0 0 0 0
350	1	1 0 1 1 1 0 1 0 0 1 1 0 0 0 0 0
350	4	1 1 1 1 0 1 1 1 0 0 0 0 0 0 0 1
350	3	1 1 1 1 1 0 0 0 0 0 1 0 0 0 0 0
350	4	1 1 1 1 0 0 1 0 0 0 1 0 0 0 0 1
350	2	1 1 1 1 1 1 0 0 0 0 0 1 0 0 0 0
350	3	1 1 1 1 1 1 0 0 0 0 1 0 0 1 0 0
350	2	1 1 1 1 0 1 1 1 1 1 1 1 0 0 0 0
350	1	1 1 0 1 0 1 1 1 0 1 0 0 1 1 1 0
350	1	1 1 1 1 0 1 1 1 1 1 0 0 0 0 0 1
350	1	1 1 1 1 1 1 0 0 0 0 0 0 0 0 0 0
350	5	1 1 1 1 0 0 1 0 1 1 1 1 0 0 0 0
350	1	1 1 1 1 0 1 1 0 1 1 1 0 1 0 0 0
350	2	1 1 0 1 0 0 1 0 0 0 0 0 0 0 0 0
350	2	1 1 0 1 0 0 1 0 0 0 0 1 0 0 0 0
350	1	1 1 1 1 0 0 0 0 0 0 1 0 0 0 0 0
350	5	1 1 0 1 0 1 1 0 0 0 0 1 0 0 0 0
350	2	1 1 1 1 0 1 1 0 1 1 1 0 1 0 0 1
350	1	0 1 1 1 0 0 1 0 0 1 0 1 0 0 0 0
350	3	1 1 1 0 0 0 0 0 0 1 0 0 0 0 0 0
350	1	1 1 1 1 0 0 1 1 0 0 0 0 0 0 0 1
350	2	1 1 1 1 0 1 1 0 0 1 0 0 0 0 0 0
350	1	1 1 0 1 0 1 1 0 0 0 0 0 0 0 0 0
350	2	0 1 1 1 0 0 1 0 0 1 0 0 0 0 1 0
350	1	0 1 0 1 0 1 0 0 0 0 0 0 0 0 0 0
350	1	1 1 1 1 1 1 1 0 1 1 1 0 0 0 0 1
350	1	1 1 1 1 0 1 1 0 1 1 1 0 0 1 0 1
350	1	1 1 1 1 0 1 0 1 0 0 0 0 0 0 1 0
350	2	1 0 1 1 1 0 1 0 0 1 1 0 1 0 0 0
350	2	0 1 1 1 0 0 1 0 0 1 0 1 0 0 0 1
400	19	1 1 1 1 0 1 1 0 0 0 0 0 0 0 0 0
400	20	1 1 1 1 0 1 1 0 1 1 1 1 0 0 0 0
400	2	1 1 1 1 0 1 1 0 1 1 1 0 0 0 0 0
400	88	1 1 1 1 0 1 0 0 0 0 1 0 0 0 0 0
400	18	1 1 1 1 1 1 0 0 0 0 1 1 0 0 0 0
400	4	1 1 1 1 0 1 1 0 0 0 0 0 0 0 1 0
400	9	1 1 1 1 1 0 0 1 0 0 0 0 0 0 0 0
400	75	1 1 1 1 1 1 0 0 0 0 1 0 0 0 0 0
400	10	1 1 1 1 0 1 1 0 1 1 0 0 0 0 0 0
400	6	1 1 1 1 0 1 1 1 1 1 1 0 0 0 0 0
400	7	1 1 1 1 0 0 1 0 0 0 1 0 0 0 0 0
400	44	1 1 1 1 1 1 1 0 1 1 1 0 0 0 0 0
400	3	1 1 1 1 1 1 1 1 0 0 0 0 0 0 0 1
400	18	1 1 1 1 0 0 1 0 0 0 0 0 0 0 1 0
400	140	1 1 1 1 1 1 0 0 1 1 1 0 0 0 0 0
400	5	1 1 1 1 0 1 0 0 0 0 0 0 0 0 1 0
400	12	1 1 1 1 1 1 1 1 0 0 0 0 0 0 0 0
400	11	1 1 1 1 1 1 0 0 1 0 1 1 0 0 0 0
400	6	1 1 0 1 0 0 1 0 0 0 0 1 0 0 0 0
400	36	1 1 1 1 1 1 1 0 1 0 0 0 0 0 0 0
400	4	1 1 1 1 0 1 1 0 1 1 0 0 0 0 0 1
400	1	1 1 1 1 0 1 1 0 1 1 1 0 1 0 0 0
400	11	1 1 1 1 0 1 1 1 1 1 1 0 0 0 1 0
400	13	1 1 1 1 1 0 0 1 0 1 0 0 0 0 0 0
400	15	1 1 1 1 0 1 0 1 0 0 1 0 0 0 1 0
400	11	1 1 1 1 1 1 0 0 1 0 0 1 0 0 0 0
400	13	1 1 1 1 1 1 1 0 0 0 0 0 0 0 0 0
400	5	1 1 1 1 0 0 0 1 0 1 0 0 0 0 0 0
400	12	1 1 1 1 1 1 0 1 0 0 0 0 0 0 0 0
400	1	1 1 1 1 1 0 0 1 0 0 0 1 0 0 0 0
400	3	1 1 1 1 0 1 0 1 0 0 1 0 0 0 0 0
400	5	1 0 1 1 1 1 1 0 1 1 1 0 0 0 0 0
400	8	0 1 0 1 0 1 0 0 0 0 0 1 0 0 1 0
400	17	1 1 1 1 1 0 0 1 0 0 1 0 0 0 0 0
400	11	1 1 1 1 1 1 1 0 0 0 1 0 0 0 0 0
400	15	1 1 1 1 1 1 0 0 0 1 1 0 0 0 0 0
400	15	1 1 1 1 1 1 0 0 0 0 1 0 0 0 0 1
400	28	1 1 1 1 0 1 0 0 0 1 1 1 0 0 0 0
400	2	1 1 1 1 0 0 0 1 0 0 0 1 0 0 0 0
400	5	0 1 1 1 0 1 0 0 1 1 1 0 0 0 0 0
400	1	1 1 1 1 0 1 1 0 0 1 0 0 0 0 0 0
400	1	1 1 1 1 0 1 1 1 0 0 1 1 0 0 0 0
400	19	1 1 1 1 1 1 0 0 1 1 1 0 0 0 0 1
400	6	0 1 1 1 0 0 1 0 0 0 1 0 0 0 0 0
400	1	1 0 1 1 0 1 1 0 0 0 0 0 0 0 0 0
400	2	1 1 1 1 0 1 1 0 0 0 0 1 0 0 0 0
400	6	1 1 1 1 0 1 0 0 0 1 1 0 0 0 0 0
400	10	1 1 1 1 0 1 1 1 0 0 1 0 0 0 0 0
400	2	1 1 1 1 0 1 1 0 1 1 0 0 1 0 0 1
400	5	1 1 1 1 0 1 0 0 0 1 1 1 1 0 0 0
400	3	1 1 1 1 0 0 0 0 0 0 1 0 0 0 0 0
400	3	1 0 1 1 1 1 1 1 0 0 0 0 0 0 0 0
400	2	1 1 1 1 1 1 1 0 1 1 0 0 0 0 0 0
400	1	0 1 1 1 1 1 0 0 1 1 1 0 0 0 0 0
400	1	1 1 1 1 1 1 0 1 0 1 1 0 0 0 0 0
400	6	1 1 1 1 0 1 0 0 1 0 1 0 0 0 0 0
400	2	0 1 1 1 1 1 0 0 0 0 1 0 0 0 0 0
400	2	1 1 1 1 0 0 1 0 0 0 1 0 0 0 1 0
400	8	1 1 1 1 0 0 0 0 0 0 0 0 0 0 1 0
400	7	1 1 1 1 1 1 1 0 1 1 1 0 0 0 0 1
400	4	1 1 1 1 1 1 1 1 0 0 0 1 0 0 0 1
400	2	0 1 1 1 1 1 0 0 0 0 1 0 0 0 0 1
400	3	0 1 1 1 0 1 1 0 0 1 0 0 0 0 1 0
400	7	1 1 1 1 1 1 0 0 0 0 0 0 0 0 0 0
400	1	0 1 1 1 0 1 1 0 1 1 0 0 0 0 0 0
400	3	0 1 1 1 0 1 0 0 0 0 0 1 0 0 1 0
400	14	1 1 1 0 0 1 1 1 0 0 1 0 0 0 0 0
400	12	1 1 1 1 1 1 0 1 0 1 1 1 0 0 0 0
400	11	1 1 1 1 0 1 0 0 0 0 1 0 0 1 0 0
400	2	1 1 0 1 1 1 1 0 1 0 0 0 0 0 0 0
400	3	1 1 1 1 0 1 0 0 1 1 1 0 0 0 0 1
400	8	1 1 1 1 1 1 1 0 1 1 1 0 1 0 0 0
400	6	1 1 1 1 1 1 1 0 1 1 1 0 0 0 1 0
400	10	1 1 1 1 1 1 1 1 1 0 0 0 0 0 0 0
400	13	1 1 0 1 1 1 0 0 1 1 1 0 0 0 0 0
400	1	1 1 1 1 0 0 1 0 1 0 1 0 0 0 1 0
400	4	1 1 1 0 1 1 0 0 1 1 1 0 0 0 0 1
400	2	0 1 0 1 0 1 0 0 1 1 1 0 0 0 0 0
400	2	0 1 1 1 0 1 0 0 1 1 1 1 0 0 0 0
400	5	1 1 1 1 0 0 1 0 1 1 1 1 0 0 0 0
400	4	1 0 1 1 0 1 1 1 1 1 1 0 0 0 0 0
400	2	1 1 1 1 1 0 0 1 0 1 0 0 0 0 0 1
400	4	1 1 1 1 0 0 1 0 0 1 1 0 0 0 0 0
400	3	1 1 1 1 0 0 0 1 0 0 0 0 0 1 0 0
400	2	0 1 1 1 0 1 1 1 1 1 1 0 0 0 0 0
400	3	1 1 0 1 0 1 1 0 1 1 0 0 0 0 0 0
400	3	0 1 1 1 1 1 1 0 0 0 0 0 0 0 0 0
400	1	0 1 1 1 0 0 1 0 0 0 1 0 1 0 0 0
400	2	0 1 0 1 0 1 0 0 0 0 0 1 0 0 0 0
400	1	1 1 1 1 0 1 1 0 1 1 1 1 1 0 0 0
400	3	1 1 1 1 1 0 0 1 0 0 0 0 0 0 1 0
400	1	1 1 1 1 0 1 1 1 1 0 1 0 0 0 0 0
400	2	1 1 1 1 1 1 1 0 1 0 0 0 0 0 1 0
400	3	0 1 0 0 0 1 0 0 0 0 0 1 0 0 1 0
400	1	1 1 1 1 0 1 0 1 0 1 1 1 0 0 0 0
400	1	1 1 1 1 1 0 1 0 1 1 1 0 1 0 0 0
400	4	1 1 1 1 0 1 0 0 0 0 1 0 0 0 0 1
400	5	1 0 1 1 0 1 1 0 1 0 0 0 0 0 0 0
400	1	1 1 1 1 0 1 1 0 0 0 0 1 0 0 1 0
400	3	1 0 1 1 0 1 1 1 0 0 0 0 0 0 0 0
400	3	1 1 1 1 1 1 1 0 0 1 1 0 1 0 0 0
400	1	1 1 1 1 0 1 1 0 1 1 1 0 0 0 1 0
400	2	1 1 1 1 0 1 1 0 0 1 1 0 0 0 0 0
400	1	1 1 1 1 1 1 0 0 0 0 1 1 0 0 1 0
400	1	1 1 1 1 0 1 1 0 0 0 1 0 0 0 0 0
400	1	1 0 1 1 0 1 0 0 0 0 1 0 0 0 0 0
400	3	1 1 1 1 1 0 0 1 0 0 0 0 0 1 0 0
400	1	1 1 1 0 1 1 0 0 0 0 1 0 0 0 0 0
400	1	1 1 1 1 0 0 1 0 0 0 0 1 0 0 0 0
400	1	1 1 1 1 0 1 1 0 1 0 0 0 0 0 0 0
400	2	1 1 1 1 1 1 0 0 1 0 0 0 0 0 0 0
400	2	1 1 1 1 1 1 0 0 0 0 1 1 0 0 0 1
400	1	0 1 1 1 0 1 0 0 0 1 1 0 0 0 0 0
400	2	1 1 0 1 0 1 0 0 1 0 1 0 0 0 0 0
