0 1.000000 3 2 3 3 4 3 1 3 3 3 3 3 4 1 3 2 2 3 3 3 1 4 2 3 1 3 2 1 1 4 1 2 1 4 4 1 2 3 3 4 1 2 1 2 1 4 1 3 1 3 2 3 3 4 1 3 4 2 4 3 3 3 1 1 3 4 1 1 1 2 1 4 1 3 4 1 1 2 1 1 4 1 4 1 4 1 3 4 4 4 1 1 1 4 1 3
8 0.166667 3 2 3 3 4 3 1 3 3 3 3 3 4 1 3 2 2 3 3 3 3 4 2 3 1 3 2 1 1 4 1 2 1 4 4 1 2 3 3 4 1 2 1 2 1 4 1 3 1 3 2 3 3 4 1 3 4 2 4 3 3 3 1 1 3 4 1 1 1 2 1 4 1 3 4 1 1 2 1 1 4 1 4 1 4 1 3 4 4 4 1 1 1 4 1 3
8 0.166667 3 2 3 3 4 3 1 3 3 3 1 3 4 1 3 2 2 3 3 3 1 4 2 3 1 3 2 1 1 4 1 2 1 4 4 1 2 3 3 4 1 2 1 2 1 4 1 3 1 3 2 3 3 4 1 3 4 2 4 3 3 3 1 1 3 4 1 1 1 2 1 4 1 3 4 1 1 2 1 1 4 1 4 1 4 1 3 4 4 2 1 1 1 4 1 3
8 0.166667 3 2 3 3 4 3 1 3 3 3 3 3 4 1 3 2 2 3 3 3 1 4 2 3 1 3 2 1 1 4 1 2 1 4 4 1 2 3 3 4 1 2 1 2 1 4 1 3 1 3 2 3 3 4 1 3 4 2 4 3 3 3 1 1 3 4 1 1 1 2 1 4 1 3 4 1 1 2 1 1 4 1 4 1 4 1 3 4 4 2 1 1 1 4 1 3
8 0.166667 3 2 3 3 4 3 1 3 3 3 3 3 4 1 3 2 2 3 3 3 1 4 2 3 1 3 2 1 1 4 1 2 1 4 4 1 2 3 3 4 1 2 1 2 1 4 1 3 1 3 4 3 3 4 1 3 4 2 4 3 3 3 1 1 3 4 1 1 1 2 1 4 1 3 4 1 1 2 1 1 4 1 4 1 4 1 3 4 4 4 1 1 1 4 1 3
8 0.166667 3 2 3 3 4 3 1 3 3 3 3 3 4 1 3 2 2 3 3 3 1 4 2 3 1 3 2 1 1 4 1 2 1 4 4 1 2 3 3 4 1 2 1 2 1 4 1 3 1 3 2 3 3 4 1 3 4 2 4 3 3 3 1 1 3 4 1 1 1 2 1 4 1 3 4 1 1 2 1 1 2 1 4 1 4 1 3 4 4 4 1 1 1 4 1 3
8 0.166667 3 2 3 3 4 3 1 3 3 3 3 3 4 1 3 2 2 3 3 3 1 4 2 3 1 3 2 1 1 4 1 2 1 4 4 1 2 3 3 4 1 2 1 2 1 4 1 3 1 3 2 3 3 4 1 3 4 2 4 3 3 3 1 1 3 4 1 1 1 2 1 4 1 3 4 1 1 2 1 1 4 1 4 1 4 1 3 4 4 4 1 1 1 4 1 3
45 0.111111 3 2 3 3 4 3 1 3 3 3 3 3 4 1 3 2 2 1 3 3 1 4 2 3 1 3 2 1 1 4 1 2 1 4 4 1 2 3 3 4 3 2 1 2 1 4 1 3 1 3 2 3 3 4 1 3 4 2 4 3 3 3 1 1 3 4 1 1 1 2 1 4 1 3 4 1 1 2 1 1 4 1 4 1 4 1 3 4 4 4 1 1 1 4 1 3
45 0.111111 3 2 3 3 4 3 1 3 3 3 3 3 4 1 3 2 1 3 3 3 1 4 2 3 1 3 2 1 1 4 1 2 1 4 4 1 2 3 3 4 1 2 1 2 1 4 1 3 1 3 2 3 3 4 1 3 2 2 4 3 3 3 1 1 3 4 1 1 1 2 1 4 1 3 4 1 1 2 1 1 4 1 4 1 4 1 3 4 4 4 1 1 1 4 1 3
45 0.444444 3 2 3 3 4 3 1 3 3 3 3 3 4 1 3 2 2 3 3 3 1 4 2 3 1 3 2 1 1 4 1 2 1 4 4 1 2 3 3 4 1 2 1 2 1 4 1 3 1 3 2 3 3 4 1 3 4 2 4 3 3 3 1 1 3 4 1 1 1 2 1 4 1 3 4 1 1 2 1 1 4 1 4 1 4 1 3 4 4 4 1 1 1 4 1 3
45 0.111111 3 2 3 3 4 3 3 3 3 3 3 3 4 1 3 2 2 3 3 3 1 4 2 3 1 3 2 1 3 4 1 2 1 4 4 1 2 3 3 4 1 2 1 2 1 4 1 3 1 3 2 3 3 4 1 3 4 2 4 3 3 3 1 1 3 4 1 1 1 2 1 4 1 3 4 1 1 2 1 1 4 1 4 1 4 1 3 4 4 4 1 1 1 4 1 3
45 0.111111 3 2 3 3 4 3 1 3 3 3 3 3 4 1 3 2 2 3 3 3 1 4 2 3 1 3 2 1 1 4 1 2 1 4 4 1 2 3 3 4 1 2 1 2 1 4 3 3 1 3 2 3 3 4 1 3 4 2 4 3 3 3 1 1 3 4 1 1 1 2 1 4 1 3 4 1 1 2 1 1 4 1 4 1 4 1 3 4 4 4 1 1 1 4 1 3
45 0.111111 3 2 3 3 4 3 1 3 3 3 3 1 4 1 3 2 2 3 3 3 1 4 2 3 1 3 2 1 1 4 1 2 1 4 4 1 2 3 3 4 1 2 1 2 1 4 1 3 1 3 2 3 3 4 1 3 4 2 4 3 3 3 1 1 3 4 1 1 1 2 1 4 1 3 4 1 1 2 1 1 4 1 4 1 4 1 3 4 4 4 1 1 1 4 1 3
85 0.111111 3 2 3 3 4 3 1 3 3 3 3 3 4 1 3 2 2 1 3 3 1 4 2 3 1 3 2 1 1 4 1 2 1 4 4 1 2 3 3 4 1 2 1 2 1 4 1 3 1 1 2 3 3 4 1 3 4 2 4 3 3 3 1 1 3 4 1 1 1 2 1 4 1 3 4 1 1 2 1 1 4 1 4 3 4 1 3 4 4 4 1 1 1 4 1 3
85 0.111111 3 2 3 3 4 3 1 3 3 3 3 3 4 1 3 2 2 1 3 3 1 4 2 3 1 3 2 1 1 4 1 2 1 4 4 1 2 3 3 4 1 2 1 2 1 4 1 3 1 3 2 3 3 4 1 3 4 2 4 3 3 3 1 1 3 4 1 1 1 2 1 4 1 3 4 1 1 2 1 1 4 1 4 1 4 1 3 4 4 4 1 1 1 4 1 3
85 0.111111 3 2 3 3 4 3 1 3 3 3 3 3 4 1 3 2 2 1 3 3 1 4 2 3 1 3 2 3 1 4 1 2 1 4 4 1 2 3 3 4 1 2 1 2 1 4 1 3 1 3 2 3 3 4 1 3 4 2 4 3 3 3 1 1 3 4 1 1 1 2 1 4 1 3 4 1 1 2 1 1 4 1 4 1 4 1 1 4 4 4 1 1 1 4 1 1
85 0.111111 3 2 3 3 4 1 1 3 3 3 3 3 4 1 3 2 2 1 3 1 1 4 2 3 1 3 2 1 1 4 1 2 1 4 4 1 2 3 3 4 1 2 1 2 1 4 1 3 1 3 2 3 3 4 1 3 4 2 4 3 3 3 1 1 3 4 1 1 1 2 1 4 1 3 4 1 1 2 1 1 4 1 3 1 4 1 3 4 4 4 1 1 1 4 1 3
85 0.111111 3 2 3 3 4 3 1 3 3 3 3 3 4 1 3 2 2 3 3 3 1 4 2 3 1 3 2 1 1 4 1 2 1 4 4 1 2 3 1 4 1 2 1 2 1 4 1 3 1 3 2 3 3 4 1 3 4 2 4 3 3 3 1 1 3 4 1 1 1 2 1 4 1 3 4 1 1 2 1 1 4 1 4 1 4 1 3 4 4 4 1 1 1 4 1 3
85 0.111111 3 2 3 3 4 3 1 3 1 3 3 3 4 1 3 2 1 3 3 3 1 4 2 3 1 3 2 1 1 4 1 2 1 4 4 1 2 3 3 4 1 2 1 2 1 4 1 3 1 3 2 3 3 4 1 1 4 2 4 3 3 3 1 1 3 4 1 1 1 2 1 4 1 3 4 1 1 2 1 1 4 1 4 1 4 1 3 4 4 4 1 1 1 4 1 3
85 0.111111 3 2 3 3 4 3 1 3 3 3 3 3 4 1 3 2 2 1 3 3 1 4 2 3 1 3 2 1 1 4 1 2 1 4 4 1 2 3 3 4 1 2 1 2 1 4 1 3 1 1 2 3 3 4 1 3 4 2 4 3 3 3 1 1 3 4 1 1 1 2 1 4 1 3 4 1 1 2 1 1 4 1 4 1 4 1 3 4 4 4 1 1 1 4 1 3
85 0.111111 3 2 3 3 4 3 1 3 3 3 3 3 4 1 3 2 1 3 3 3 1 4 2 3 1 3 2 1 1 4 1 2 1 4 4 1 2 3 3 4 1 2 1 2 3 4 1 3 1 3 2 3 3 4 1 3 4 2 4 3 3 3 1 1 3 4 1 1 1 2 1 4 1 3 4 1 1 2 1 1 4 1 4 1 2 1 3 3 4 4 1 1 1 4 1 3
85 0.111111 3 2 3 3 4 3 1 3 3 3 3 3 4 1 3 2 2 1 3 3 1 4 2 3 3 3 2 1 1 4 1 2 1 4 4 1 2 3 3 4 1 2 1 2 1 4 1 3 1 3 2 3 3 4 1 3 4 2 4 3 3 3 1 1 3 4 1 1 1 2 1 4 1 3 4 1 1 2 1 1 4 1 4 1 4 1 3 4 4 4 1 1 1 4 1 3
154 0.142857 3 2 3 3 4 3 1 3 3 3 3 3 4 1 3 2 1 3 3 3 1 4 4 3 1 1 1 1 1 4 1 2 1 4 1 3 2 3 3 4 1 2 1 2 1 4 1 3 3 3 2 3 3 4 1 3 4 2 4 3 3 3 1 1 3 4 1 1 1 2 1 4 1 3 4 1 1 2 1 1 4 1 4 1 4 1 3 4 4 4 1 1 1 4 1 3
154 0.142857 3 2 3 1 4 3 1 3 3 3 3 3 4 1 3 2 2 1 3 3 1 4 2 3 1 3 2 1 1 4 1 2 1 4 4 1 2 0 3 4 1 2 1 2 1 4 1 3 1 3 2 3 1 4 1 3 4 2 4 3 3 3 1 1 3 4 1 1 1 2 1 4 1 3 4 1 1 2 1 1 4 1 4 1 4 1 3 4 4 4 1 1 1 4 1 3
154 0.142857 3 2 3 1 4 3 1 3 3 3 3 3 4 1 3 2 2 1 3 3 1 4 2 3 1 3 2 1 1 4 1 2 1 4 4 1 2 3 3 4 1 2 1 2 1 4 1 3 1 3 2 3 3 4 1 3 4 2 4 3 3 3 1 1 3 4 1 1 1 2 1 4 1 3 4 1 1 2 1 1 4 1 4 1 4 1 3 4 4 4 1 3 1 4 1 3
154 0.142857 3 2 3 3 4 3 1 3 3 3 3 3 4 1 3 2 1 3 3 3 1 4 4 3 1 3 2 1 1 4 1 2 1 4 1 1 2 3 3 4 1 2 1 2 1 4 1 3 1 3 2 3 3 4 1 3 4 2 4 3 3 3 1 1 3 4 1 1 1 2 1 4 1 3 4 1 1 2 1 1 4 1 4 1 4 1 3 4 4 4 1 1 1 4 1 3
154 0.142857 3 2 3 1 4 3 1 3 3 3 3 3 4 1 3 2 2 1 3 3 1 4 2 3 1 3 2 1 1 4 1 2 1 4 4 1 2 3 3 4 1 2 1 2 1 4 1 3 1 3 2 3 3 4 1 3 4 2 4 3 3 3 1 1 3 4 1 1 1 2 1 4 1 3 4 1 1 2 1 1 4 1 4 1 4 1 3 4 4 4 1 1 1 2 3 3
154 0.142857 3 2 3 3 4 1 1 3 3 3 3 3 4 1 3 2 2 1 3 3 1 4 2 3 1 3 2 1 1 4 1 2 1 4 4 1 2 3 3 4 1 2 1 2 1 4 1 3 1 3 2 3 3 4 1 3 4 2 4 3 3 3 1 1 3 4 1 1 1 2 1 4 1 3 4 1 1 2 1 1 4 1 4 1 4 1 3 4 4 4 1 1 1 4 1 3
154 0.142857 3 2 3 1 4 3 1 3 3 3 3 3 4 1 3 2 2 1 3 3 1 4 2 3 1 3 2 1 1 4 1 2 1 4 4 1 2 3 3 4 1 2 1 2 1 4 1 3 1 3 2 3 3 4 1 3 4 2 4 3 3 3 1 1 3 4 1 1 1 2 1 4 1 3 4 1 1 2 1 1 4 1 4 1 4 1 3 4 4 4 1 1 1 4 1 3
239 0.125000 3 2 3 3 4 3 1 3 3 3 3 3 4 1 3 2 1 3 3 3 1 4 2 3 1 3 2 1 1 4 1 2 1 4 4 1 2 3 3 4 3 2 1 2 1 4 1 3 1 3 2 3 3 4 1 3 4 2 4 3 3 3 1 1 3 4 1 1 1 2 1 4 1 3 4 1 1 2 1 1 4 1 4 1 4 1 3 4 4 4 1 1 1 4 1 3
239 0.125000 3 2 3 3 4 3 1 3 3 3 3 3 4 1 3 2 1 3 3 3 1 4 2 3 1 3 2 1 1 4 1 2 3 4 4 1 2 3 3 4 3 2 1 2 1 4 1 3 1 3 2 3 3 4 1 3 4 4 4 3 3 3 1 1 3 4 1 1 1 2 1 4 1 3 4 1 1 2 1 1 4 3 4 1 4 1 3 4 4 4 1 1 1 4 1 3
239 0.125000 3 2 3 3 4 3 1 3 3 3 3 3 4 1 3 2 1 3 1 3 1 4 2 3 1 3 2 1 1 4 3 2 1 4 4 1 2 3 3 4 1 2 1 2 1 4 1 3 1 3 2 3 3 4 1 3 4 2 4 3 3 3 1 1 3 4 1 1 1 2 1 4 1 3 4 1 1 2 1 1 4 1 4 1 4 1 3 4 2 4 1 1 1 4 1 3
239 0.125000 1 2 1 3 4 3 1 3 3 3 3 3 4 1 3 2 1 3 3 3 1 4 2 3 1 3 2 1 1 4 1 2 1 4 4 1 2 3 3 1 1 2 1 2 1 2 1 1 1 3 2 1 3 3 1 3 4 2 2 3 1 3 1 1 3 4 1 1 1 2 1 4 1 3 4 1 1 2 1 3 4 1 4 1 4 1 3 4 4 4 1 1 1 4 1 3
239 0.125000 3 2 3 1 4 3 1 3 3 3 3 3 4 1 3 2 1 3 3 3 1 4 4 3 1 3 2 1 1 4 1 2 1 3 1 1 2 3 3 4 1 2 3 2 1 4 1 3 1 3 2 3 3 4 1 3 4 2 4 3 3 3 1 1 3 4 1 1 1 2 1 4 1 3 4 1 1 2 1 1 4 1 4 1 4 3 3 4 4 4 1 1 1 4 1 3
239 0.125000 3 2 3 3 4 3 1 1 3 3 3 3 4 1 3 4 2 1 3 3 1 2 2 1 1 3 2 1 1 3 1 4 1 4 4 1 2 3 3 4 1 4 1 2 1 4 1 3 1 3 2 3 3 4 3 3 4 2 4 3 3 0 0 0 0 0 0 0 0 0 0 0 0 0 0 0 0 0 0 1 4 1 4 1 4 1 3 4 4 4 3 1 1 4 1 3
239 0.125000 3 2 3 1 4 3 1 3 3 3 3 3 4 1 3 2 1 3 3 3 1 4 4 3 1 3 2 1 1 4 1 2 1 3 1 1 2 3 3 4 1 2 3 2 1 4 1 3 1 3 2 3 3 4 1 3 4 2 4 3 3 3 1 1 3 4 1 1 1 2 1 4 1 3 4 1 1 2 1 1 4 1 4 1 4 3 3 4 4 4 1 1 3 4 1 3
239 0.125000 3 2 3 3 4 3 1 3 3 3 3 3 4 1 3 2 1 3 3 3 1 4 2 3 1 3 2 1 1 4 1 2 1 4 1 1 2 3 3 4 1 2 1 2 1 4 1 3 1 3 2 3 3 4 1 3 4 2 4 3 3 3 1 1 3 4 1 1 1 2 1 4 1 3 4 1 1 2 1 1 4 1 4 1 4 1 3 4 4 4 1 1 1 4 1 3
252 0.125000 1 2 1 3 4 3 1 3 3 3 3 3 4 1 3 2 1 3 3 3 1 4 2 3 1 3 2 1 1 4 1 2 1 4 4 1 2 3 3 1 1 2 1 2 1 2 1 1 1 3 2 1 3 3 1 3 4 2 2 3 1 3 1 1 3 4 1 1 1 2 1 4 1 3 4 1 1 2 1 3 4 1 4 1 4 1 3 4 4 4 1 1 1 4 1 3
252 0.125000 3 2 3 3 4 3 1 3 3 3 3 3 4 1 3 2 1 3 1 3 1 4 2 3 1 3 2 1 1 4 3 2 1 4 4 1 2 3 3 4 1 2 1 2 1 4 1 3 1 3 2 3 3 4 1 3 4 2 4 3 3 3 1 1 3 4 1 1 1 2 1 4 1 3 4 1 1 2 1 1 4 1 4 1 4 1 3 4 2 4 1 1 1 4 1 3
252 0.125000 3 2 3 3 4 3 1 1 3 3 3 3 4 1 3 4 2 1 3 3 1 2 2 1 1 3 2 1 1 3 1 4 1 4 4 1 2 3 3 4 1 4 1 2 1 4 1 3 1 3 2 3 3 4 3 3 4 2 4 3 3 0 0 0 0 0 0 0 0 0 0 0 0 0 0 0 0 0 0 1 4 1 4 1 4 1 3 4 4 4 3 1 1 4 1 3
252 0.125000 3 2 3 1 4 3 1 3 3 3 3 3 4 1 3 2 1 3 3 3 1 4 4 3 1 3 2 1 1 4 1 2 1 3 1 1 2 3 3 4 1 2 3 2 1 4 1 3 1 3 2 3 3 4 1 3 4 2 4 3 3 3 1 1 3 4 1 1 1 2 1 4 1 3 4 1 1 2 1 1 4 1 4 1 4 3 3 4 4 4 1 1 1 4 1 3
252 0.125000 3 2 3 3 4 3 1 3 3 3 3 3 4 1 3 2 1 3 3 3 1 4 2 3 1 3 2 1 1 4 1 2 3 4 4 1 2 3 3 4 3 2 1 2 1 4 1 3 1 3 2 3 3 4 1 3 4 4 4 3 3 3 1 1 3 4 1 1 1 2 1 4 1 3 4 1 1 2 1 1 4 3 4 1 4 1 3 4 4 4 1 1 1 4 1 3
252 0.125000 3 2 3 3 4 3 1 3 3 3 3 3 4 1 3 2 1 3 3 3 1 4 2 3 1 3 2 1 1 4 1 2 1 4 1 1 2 3 3 4 1 2 1 2 1 4 1 3 1 3 2 3 3 4 1 3 4 2 4 3 3 3 1 1 3 4 1 1 1 2 1 4 1 3 4 1 1 2 1 1 4 1 4 1 4 1 3 4 4 4 1 1 1 4 1 3
252 0.125000 3 2 3 3 4 3 1 3 3 3 3 3 4 1 3 2 1 3 3 3 1 4 2 3 1 3 2 1 1 4 1 2 1 4 4 1 2 3 3 4 3 2 1 2 1 4 1 3 1 3 2 3 3 4 1 3 4 2 4 3 3 3 1 1 3 4 1 1 1 2 1 4 1 3 4 1 1 2 1 1 4 1 4 1 4 1 3 4 4 4 1 1 1 4 1 3
252 0.125000 3 2 3 1 4 3 1 3 3 3 3 3 4 1 3 2 1 3 3 3 1 4 4 3 1 3 2 1 1 4 1 2 1 3 1 1 2 3 3 4 1 2 3 2 1 4 1 3 1 3 2 3 3 4 1 3 4 2 4 3 3 3 1 1 3 4 1 1 1 2 1 4 1 3 4 1 1 2 1 1 4 1 4 1 4 3 3 4 4 4 1 1 3 4 1 3
350 0.250000 3 4 3 3 2 3 1 3 3 3 3 3 3 1 1 2 1 3 3 3 1 4 4 3 1 3 2 1 1 4 1 2 1 4 1 1 2 3 3 4 1 2 1 2 1 4 1 3 1 3 2 3 3 4 1 3 4 2 4 3 3 3 1 1 3 4 1 1 1 2 1 4 1 3 4 1 1 2 1 1 4 1 4 1 4 1 3 4 4 4 1 1 1 4 1 3
350 0.250000 3 4 3 3 2 3 1 3 3 3 3 3 4 1 1 2 1 3 3 3 1 4 4 3 1 3 2 1 1 4 1 2 1 4 1 1 2 3 3 4 1 2 1 2 1 4 1 3 1 3 2 3 3 4 1 3 4 2 4 3 3 3 1 1 3 4 1 1 1 2 1 4 1 3 4 1 1 2 1 1 4 1 4 1 4 1 3 4 4 4 1 1 1 4 1 3
350 0.250000 3 2 3 1 2 3 1 3 3 1 3 3 4 4 3 2 1 3 3 3 1 4 2 3 1 3 2 1 1 4 1 2 1 4 1 1 4 3 3 4 1 2 1 4 1 4 1 3 1 3 2 3 3 4 1 3 4 2 4 1 3 3 1 1 3 4 1 1 1 2 1 4 1 3 4 1 1 2 1 1 4 1 4 1 4 1 3 4 4 4 1 1 1 4 1 3
350 0.250000 3 2 3 3 2 3 1 3 3 3 3 3 4 1 3 2 1 3 3 3 1 4 2 3 1 3 2 1 1 4 1 2 1 4 4 1 2 3 3 4 1 2 1 2 1 4 1 3 1 3 2 3 3 4 1 3 4 2 4 3 3 3 1 1 3 4 1 1 1 2 1 4 1 3 4 1 1 2 1 1 4 1 4 1 4 1 3 4 4 4 1 1 1 4 1 3
