0 0.083333 1 1 1 1 2 2 1 3 4 1 1 1 3 1 2 4 1 3 3 3 3 3 1 1 2 1 2 1 2 2 3 2 1 1 1 1 2 1 2 1 2 3 4 3 1 1 3 1 4 3 2 4 1 3 3 1 3 3 3 3 1 1 4 4 4 3 4 3 3 3 1 1 2 3 3 3 3 4 0 0 0 1 1 1 1 1 3 1 3 3 1 1 1 1 3 0 0 0 3 4 0 2 4 1 3 2 4 4 3 3 3 3 2 3 1 3 3 2 4 1 4 4 3 2 4 1 1 2 1 1 4 3 3 4 1 2 4 1 1 4 1 3 4 4 2 4 4 3 4 2 3 4 3 2 4 3 3 2 1 3 3 2 3 3 3 1 4 1 1 4 4 1 1 2 1 3 1 1 1 3 1 4 4 2 1 1 3 4 4 4 4 1 1 4 4 3 4 1 1 2 4 4 3 3 1 1 4 3 1 4 2 1 2 1 3 3 3 4 1 1 4 1 1 2 3 2 2 1 4 2 1 3 2 4 2 4 4 1 4 1 4 1 1 1 3 1 3 1 3 4 4 3 3 1 3 1 4 1 2 1 3 1 3 1 3 4 3 2 1 1 2 3 3 4 2 4 4 1 2 4 3 1 2 2 2 2 3 1 3 4 4 1 4 4 2 3 3 3 3 3 2 4 4 3 2 1 2 3 1 2 3 2 3 1 3 1 2 3 3 2 4 1 2 3 4 1 3 2 3 3 2 3 4 4 4 3 3 1 4 3 3 1 2 2 2 4 1 4 1 3 2 3 3 2 2 1 3 3 3 4 4 3 4 4 4 2 4
0 0.083333 1 1 1 1 2 2 1 3 4 1 1 1 3 1 2 4 1 3 3 3 3 3 1 1 2 1 2 1 2 2 3 2 1 1 1 1 2 1 2 1 2 3 4 3 1 1 3 1 4 3 2 4 1 3 3 1 3 3 3 3 1 1 4 4 4 3 4 3 3 3 1 1 2 3 3 3 3 4 0 0 0 1 1 1 1 1 3 1 3 3 1 1 1 1 3 0 0 0 3 4 3 2 4 1 3 2 4 4 3 3 3 3 2 3 1 3 3 2 4 1 4 4 3 2 4 1 1 2 1 1 4 3 3 4 1 2 4 1 1 4 1 3 4 4 2 4 4 3 4 2 3 4 3 2 4 3 3 2 1 3 3 2 3 3 3 1 4 1 1 4 4 1 1 2 1 3 1 1 1 3 1 4 4 2 1 1 3 4 4 4 4 1 1 4 4 3 4 1 1 2 4 4 3 3 1 1 4 3 1 4 2 1 2 1 3 3 3 4 1 1 4 1 1 2 3 2 2 1 4 2 1 3 2 4 2 4 4 1 4 1 4 1 1 1 3 1 3 1 3 4 4 3 3 1 3 1 4 3 2 1 3 1 3 1 3 4 3 2 1 1 2 3 3 4 2 4 4 1 2 4 3 1 2 2 2 2 3 1 3 4 4 1 4 4 2 3 3 3 3 3 2 4 4 3 2 1 2 3 1 2 3 2 3 1 3 1 2 3 3 2 4 1 2 3 4 1 3 2 3 3 4 3 4 4 4 3 3 1 4 3 3 1 2 2 2 4 1 4 1 3 2 3 3 2 2 1 3 3 3 4 4 3 4 4 4 2 4
0 0.083333 1 1 1 1 2 2 1 3 4 1 1 1 3 1 2 4 1 3 3 3 3 3 1 1 2 1 2 1 2 2 3 2 1 1 1 1 2 1 2 1 2 3 4 3 1 1 3 1 4 3 2 4 1 3 3 1 3 3 1 3 1 1 4 4 4 3 4 3 3 3 1 1 2 3 3 3 3 4 0 0 0 1 1 1 1 1 3 1 3 3 1 1 1 1 3 0 0 0 3 4 3 2 4 1 3 2 4 4 3 3 3 3 2 3 1 3 3 2 4 1 4 4 3 2 4 1 1 2 1 1 4 3 3 4 1 2 4 1 1 4 1 3 4 4 2 4 4 3 4 2 3 4 3 2 4 3 3 2 1 3 3 2 3 3 3 1 4 1 1 4 4 1 1 2 1 3 1 1 1 3 1 4 4 2 1 1 3 4 4 4 4 1 1 4 4 3 4 1 1 2 4 4 3 3 1 1 4 3 1 4 2 1 2 1 3 3 3 4 1 1 4 1 1 2 3 2 2 1 4 2 1 3 2 4 2 4 4 1 4 1 4 1 1 1 3 1 3 1 3 4 4 3 3 1 3 1 4 3 2 1 3 1 3 1 3 4 3 2 1 1 2 3 3 4 2 4 4 1 2 4 3 1 2 2 2 2 3 1 3 4 4 1 4 4 2 3 3 3 3 3 2 4 4 3 2 1 2 3 1 2 3 2 3 1 3 1 2 3 3 2 4 1 2 3 4 1 3 2 3 3 2 3 4 4 4 3 3 1 4 3 3 1 2 2 2 4 1 4 1 3 2 3 3 2 2 1 3 3 3 4 4 3 4 4 4 2 4
0 0.083333 1 1 1 1 2 2 1 3 4 1 1 1 3 1 2 4 1 3 3 3 3 3 1 1 2 1 2 1 2 2 3 2 1 1 1 1 2 1 2 1 2 3 4 3 1 1 3 1 4 3 2 2 1 3 3 1 3 3 3 3 1 1 4 4 4 3 4 3 3 3 1 1 2 3 3 3 3 4 0 0 0 1 1 1 1 1 1 3 1 3 1 1 1 1 3 0 0 0 3 4 3 2 4 1 3 2 4 4 3 3 3 3 2 3 1 3 3 2 4 1 4 4 3 2 4 1 1 2 1 1 4 3 3 4 1 2 4 1 1 4 1 3 4 4 2 4 4 3 4 2 3 4 3 2 4 3 3 2 1 3 3 2 3 3 3 1 4 1 1 4 4 1 1 2 1 3 1 1 1 3 1 4 4 2 1 1 3 4 4 4 4 1 1 4 4 3 4 1 1 2 4 4 3 3 1 1 4 3 1 4 2 1 2 1 3 3 3 4 1 1 4 1 1 2 3 2 2 1 4 2 1 3 2 4 2 4 4 1 4 1 4 1 1 1 3 1 3 1 3 4 4 3 3 1 3 1 4 3 2 1 3 1 3 1 3 4 3 2 1 1 2 3 3 4 2 4 4 1 2 4 3 1 2 2 2 2 3 1 3 4 4 1 4 4 2 3 3 3 3 3 2 4 4 3 2 1 2 3 1 2 3 2 3 1 3 1 2 3 3 2 4 1 2 3 4 1 3 2 3 3 2 3 4 4 4 3 3 1 4 3 3 1 2 2 2 4 1 4 1 3 2 3 3 2 2 1 3 3 3 4 4 3 4 4 4 2 4
0 0.083333 1 1 1 1 2 2 1 3 4 1 1 1 3 1 2 4 1 3 3 3 3 3 1 1 2 1 2 1 2 2 3 2 1 1 1 1 2 1 2 1 2 3 4 3 1 1 3 1 4 3 2 4 1 3 3 1 3 3 3 3 1 1 4 4 4 3 4 3 3 3 1 1 2 3 3 3 3 4 0 0 0 1 1 1 1 1 3 1 3 3 1 1 1 1 3 0 0 0 3 4 3 2 4 1 3 2 4 4 3 3 3 3 2 3 1 3 3 2 4 1 4 4 3 2 4 1 1 2 1 1 4 3 3 4 1 2 4 1 1 4 1 3 4 4 2 4 4 3 4 2 3 4 3 2 4 3 3 2 1 3 3 2 3 3 3 1 4 1 1 4 4 1 1 2 1 3 1 1 1 3 1 4 4 2 1 1 3 4 4 4 4 1 1 4 4 3 4 1 1 2 4 4 3 3 1 1 4 3 1 4 2 1 2 1 3 3 3 4 1 1 4 1 1 2 3 2 2 1 4 2 1 3 2 4 2 4 4 1 4 1 4 1 1 1 3 1 3 1 3 4 4 3 3 1 3 1 4 3 2 1 3 1 3 1 3 4 3 2 0 1 2 3 3 4 2 4 4 1 2 4 3 1 2 2 2 2 3 1 3 4 4 1 4 4 2 3 3 3 3 3 2 4 4 3 2 1 2 3 1 2 3 2 3 1 3 1 2 3 3 2 4 1 2 3 4 1 3 2 3 3 2 3 4 4 4 3 3 1 4 3 3 1 2 2 2 4 1 4 1 3 2 3 3 2 2 1 3 3 3 4 4 3 4 4 4 2 4
0 0.083333 1 1 1 1 2 2 1 3 4 1 1 1 3 1 2 4 1 3 3 3 3 3 1 1 2 1 2 1 2 2 3 2 1 1 1 1 2 1 2 1 2 3 4 3 1 1 3 1 4 3 2 4 1 3 3 1 3 3 3 3 1 1 4 4 4 3 4 3 3 3 1 1 2 3 3 3 3 4 0 0 0 1 1 1 1 1 1 3 1 3 1 1 1 1 3 0 0 0 3 4 3 2 4 1 3 2 4 4 3 3 3 3 2 3 1 3 3 2 4 1 4 4 3 2 4 1 1 2 1 1 4 3 3 4 1 2 4 1 1 4 1 3 4 4 2 4 4 3 4 2 3 4 3 2 4 3 3 2 1 3 3 2 3 3 3 1 4 1 1 4 4 1 1 2 1 3 1 1 1 3 1 4 4 2 1 1 3 4 4 4 4 1 1 4 4 3 4 1 1 2 4 4 3 3 1 1 4 3 1 4 2 1 2 1 3 3 3 4 1 1 4 1 1 2 3 2 2 1 4 2 1 3 2 4 2 4 4 1 4 1 4 1 1 1 3 1 3 1 3 4 4 3 3 1 3 1 4 3 2 1 3 1 3 1 3 4 3 2 1 1 2 3 3 4 2 4 4 1 2 4 3 1 2 2 2 2 3 1 3 4 4 1 4 4 2 3 3 3 3 3 2 4 4 3 2 1 2 3 1 2 3 2 3 1 3 1 2 3 3 2 4 1 2 3 4 1 3 2 3 3 2 3 4 4 4 3 3 1 4 3 3 1 2 2 2 4 1 4 1 3 2 3 3 2 2 1 3 3 3 4 4 3 4 4 4 2 4
0 0.083333 1 1 1 1 2 2 1 3 4 1 1 1 3 1 2 4 1 3 3 3 3 3 1 1 2 1 2 1 2 2 3 2 1 1 1 1 2 1 2 1 2 3 4 3 1 1 3 1 4 3 2 4 1 3 3 1 3 3 3 3 1 1 4 4 4 3 4 3 3 3 1 1 2 3 3 3 3 4 0 0 0 1 1 1 1 1 3 1 3 3 1 1 1 1 3 0 0 0 3 4 3 2 4 1 3 2 4 4 3 3 3 3 2 3 1 3 3 2 4 1 4 4 3 2 4 1 1 2 1 1 4 3 3 4 1 2 4 1 1 4 1 3 4 4 2 4 0 3 4 2 3 4 3 2 4 3 3 2 1 3 3 2 3 3 3 1 4 1 1 4 4 1 1 2 1 3 1 1 1 3 1 4 4 2 1 1 3 4 4 4 4 1 1 4 4 3 4 1 1 2 4 4 3 3 1 1 4 3 1 4 2 1 2 1 3 3 3 4 1 1 4 1 1 2 3 2 2 1 4 2 1 3 2 4 2 4 4 1 4 1 4 1 1 1 3 1 3 1 3 4 4 3 3 1 3 1 4 3 2 1 3 1 3 1 3 4 3 2 1 1 2 3 3 4 2 4 4 1 2 4 3 1 2 2 2 2 3 1 3 4 4 1 4 4 2 3 3 3 3 3 2 4 4 3 2 1 2 3 1 2 3 2 3 1 3 1 2 3 3 2 4 1 2 3 4 1 3 2 3 3 2 3 4 4 4 3 3 1 4 3 3 1 2 2 2 4 1 4 1 3 2 3 3 2 2 1 3 3 3 4 4 3 4 4 4 2 4
0 0.083333 1 1 1 1 2 2 1 3 4 1 1 1 3 1 2 4 1 3 3 3 3 3 1 1 2 1 2 1 2 2 3 2 1 1 1 1 2 1 2 1 2 3 4 3 1 1 3 1 4 3 2 4 1 3 3 1 3 3 3 3 1 1 4 4 4 3 4 3 3 3 1 1 2 3 3 3 3 4 0 0 0 1 1 1 1 1 3 1 3 3 1 1 1 1 3 0 0 0 3 4 3 2 4 1 3 2 4 4 3 3 3 3 2 3 1 3 3 2 4 1 4 4 3 2 4 1 1 2 1 1 4 3 3 4 1 2 4 1 1 4 1 3 4 4 2 4 4 3 4 2 3 4 3 2 4 3 3 2 1 3 3 2 3 3 3 1 4 1 1 4 4 1 1 2 1 3 1 1 1 3 1 4 4 2 1 1 3 4 4 4 4 1 1 4 4 3 4 1 1 2 4 4 3 3 1 1 4 3 1 4 2 1 2 1 3 3 3 4 1 1 4 1 1 2 3 2 2 1 4 2 1 3 2 4 2 4 4 1 4 1 4 1 1 1 3 1 3 1 3 4 4 3 3 1 3 1 4 3 2 1 3 1 3 1 3 4 3 2 1 1 2 3 3 4 2 4 4 1 2 4 3 1 2 2 2 2 3 1 3 4 4 1 4 4 2 3 3 3 3 3 2 4 4 3 2 1 2 3 1 2 3 2 3 1 3 1 2 3 3 2 4 1 2 3 4 1 3 2 3 3 2 3 4 4 4 3 3 1 4 3 3 1 2 2 2 4 1 4 1 3 2 3 3 2 2 1 3 3 3 4 4 3 4 4 4 2 4
0 0.083333 1 1 1 1 2 2 1 3 4 1 1 1 3 1 2 4 1 3 3 3 3 3 1 1 2 1 2 1 2 2 3 2 1 1 1 1 2 1 2 1 2 3 4 3 1 1 3 1 4 3 2 4 1 3 3 1 3 3 3 3 1 1 4 4 4 3 4 3 3 3 1 1 2 3 3 3 3 4 0 0 0 1 1 1 1 1 3 1 3 3 1 1 1 1 3 0 0 0 3 4 3 2 4 1 3 2 4 4 3 3 3 3 2 3 1 3 3 2 4 1 4 4 3 2 4 1 1 2 1 1 4 3 3 4 1 2 4 1 1 4 1 3 4 4 2 4 4 3 4 2 3 4 3 2 4 3 3 2 1 3 3 2 3 3 3 1 4 1 1 4 4 1 1 2 1 3 1 1 1 3 1 4 4 2 1 1 3 4 4 4 4 1 1 4 4 3 4 1 1 2 4 4 3 3 1 1 4 3 1 4 2 1 2 1 3 3 3 4 1 1 4 1 1 2 3 2 2 1 4 2 1 3 2 4 2 4 4 1 4 1 4 1 1 1 3 1 3 1 3 4 4 3 3 1 3 1 4 3 2 1 3 1 3 1 3 4 3 2 1 1 2 3 3 4 2 4 4 1 4 4 3 1 2 2 2 2 3 1 3 4 4 1 4 4 2 3 3 3 3 3 2 4 4 3 2 1 2 3 1 2 3 2 3 1 3 1 2 3 3 2 4 1 2 3 4 1 3 2 3 3 2 3 4 4 4 3 3 1 4 3 3 1 2 2 2 4 1 4 1 3 2 3 3 2 2 1 3 3 3 4 4 3 4 4 4 2 4
0 0.083333 1 1 1 1 2 2 1 3 4 1 1 1 3 1 2 4 1 3 3 3 3 3 1 1 2 1 2 1 2 2 3 2 1 1 1 1 2 1 2 1 2 3 4 3 1 1 3 1 4 3 2 4 1 3 3 1 3 3 3 3 1 1 4 4 4 3 4 3 3 3 1 1 2 3 3 3 3 4 0 0 0 1 1 1 1 1 3 1 3 3 1 1 1 1 3 0 0 0 3 4 3 2 4 1 3 2 1 4 3 3 3 3 2 3 1 3 3 2 4 1 4 4 3 2 4 1 1 2 1 1 4 3 3 4 1 2 4 1 1 4 1 3 4 4 2 4 4 3 4 2 3 4 3 2 4 3 3 2 1 3 3 2 3 3 3 1 4 1 1 4 4 1 1 2 1 3 1 1 1 3 1 4 4 2 1 1 3 4 4 4 4 1 1 4 4 3 4 1 1 2 4 4 3 3 1 1 4 3 1 4 2 1 2 1 3 3 3 4 1 1 4 1 1 2 3 2 2 1 4 2 1 3 2 4 2 4 4 1 4 1 4 1 1 1 3 1 3 1 3 4 4 3 3 1 3 1 4 3 2 1 3 1 3 1 3 4 3 2 1 1 2 3 3 4 2 4 4 1 2 4 3 1 2 2 2 2 3 1 3 4 4 1 4 4 2 3 3 3 3 3 2 4 4 3 2 1 2 3 1 2 3 2 3 1 3 1 2 3 3 2 4 1 2 3 4 1 3 2 3 3 2 3 4 4 4 3 3 1 4 3 3 1 2 2 2 4 1 4 1 3 2 3 3 2 2 1 3 3 3 4 4 3 4 4 4 2 4
0 0.083333 1 1 1 1 2 2 1 3 4 1 1 1 3 1 2 4 1 3 3 3 3 3 1 1 2 1 2 1 2 2 3 2 1 1 1 1 2 1 2 1 2 3 4 3 1 1 3 1 4 3 2 4 1 3 3 1 3 3 3 3 1 1 4 4 4 3 4 3 3 3 1 1 2 3 3 3 3 4 0 0 0 1 1 1 1 1 3 1 3 3 1 1 1 1 3 0 0 0 3 4 3 2 4 1 3 2 4 4 3 3 3 3 2 3 1 3 3 2 4 1 4 4 3 2 4 1 1 2 1 1 4 3 3 4 1 2 4 1 1 4 1 3 4 4 2 4 4 3 4 2 3 4 3 2 4 3 3 2 1 3 3 2 3 3 3 1 4 1 1 4 4 1 1 2 1 3 1 1 1 3 1 4 4 2 1 1 3 4 4 4 4 1 1 4 4 3 4 1 1 2 4 4 3 3 1 1 4 3 1 4 2 1 2 1 3 3 3 4 1 1 4 1 1 2 3 2 2 1 4 2 1 3 2 4 2 4 4 1 4 1 4 1 1 1 3 1 3 1 3 4 4 3 3 1 3 1 4 3 2 1 3 1 3 1 3 4 3 2 1 1 2 3 3 4 2 4 4 1 2 4 3 1 2 2 2 2 3 1 3 4 4 1 4 4 2 3 3 3 3 3 2 4 4 3 2 1 2 3 1 2 3 2 3 1 3 1 2 3 3 2 4 1 2 3 4 3 3 2 3 3 2 3 4 4 4 3 3 1 4 3 3 1 2 2 2 4 1 4 1 3 2 3 3 2 2 1 3 3 3 4 4 3 4 4 4 2 4
0 0.083333 1 1 1 1 2 2 1 3 4 1 1 1 3 1 2 4 1 3 3 3 3 3 1 1 2 1 2 1 2 2 3 2 1 1 1 1 2 1 2 1 2 3 4 3 1 1 3 1 4 3 2 4 1 3 3 1 3 3 3 3 1 1 4 4 4 3 4 3 3 3 1 1 2 3 3 3 3 4 0 0 0 1 1 1 1 1 3 1 3 3 1 1 1 1 3 0 0 0 3 4 3 2 4 1 3 2 4 4 3 3 3 3 2 3 1 3 3 2 4 1 4 4 3 2 4 1 1 2 1 1 4 3 3 4 1 2 4 1 1 4 1 3 4 4 2 4 4 3 4 2 3 4 3 2 4 3 3 2 1 3 3 2 1 3 3 1 4 1 1 4 4 1 1 2 1 3 1 1 1 3 1 4 4 2 1 1 3 4 4 4 4 1 1 4 4 3 4 1 1 2 4 4 3 3 1 1 4 3 1 4 2 1 2 1 3 3 3 4 1 1 4 1 1 2 3 2 2 1 4 2 1 3 2 4 2 4 4 1 4 1 4 1 1 1 3 1 3 1 3 4 4 3 3 1 3 1 4 3 2 1 3 1 3 1 3 4 3 2 1 1 2 3 1 4 2 4 4 1 2 4 3 1 2 2 2 2 3 1 3 4 4 1 4 4 2 3 3 3 3 3 2 4 4 3 2 1 2 3 1 2 3 2 3 1 3 1 2 3 3 2 4 1 2 3 4 1 3 2 3 3 2 3 4 4 4 3 3 1 4 3 3 1 2 2 2 4 1 4 1 3 2 3 3 2 2 1 3 3 3 4 4 3 4 4 4 2 4
13 0.428571 1 1 1 1 2 2 1 3 4 1 1 1 3 1 2 4 1 3 3 3 3 3 1 1 2 1 2 1 2 2 3 2 1 1 1 1 2 1 2 1 2 3 4 3 1 1 3 1 4 3 2 4 1 3 3 1 3 3 3 3 1 1 4 4 4 3 4 3 3 3 1 1 2 3 3 3 3 4 0 0 0 1 1 1 1 1 3 1 3 3 1 1 1 1 3 0 0 0 3 4 3 2 4 1 3 2 4 4 3 3 3 3 2 3 1 3 3 2 4 1 4 4 3 2 4 1 1 2 1 1 4 3 3 4 1 2 4 1 1 4 1 3 4 4 2 4 4 3 4 2 3 4 3 2 4 3 3 2 1 3 3 2 3 3 3 1 4 1 1 4 4 1 1 2 1 3 1 1 1 3 1 4 4 2 1 1 3 4 4 4 4 1 1 4 4 3 4 1 1 2 4 4 3 3 1 1 4 3 1 4 2 1 2 1 3 3 3 4 1 1 4 1 1 2 3 2 2 1 4 2 1 3 2 4 2 4 4 1 4 1 4 1 1 1 3 1 3 1 3 4 4 3 3 1 3 1 4 3 2 1 3 1 3 1 3 4 3 2 1 1 2 3 3 4 2 4 4 1 2 4 3 1 2 2 2 2 3 1 3 4 4 1 4 4 2 3 3 3 3 3 2 4 4 3 2 1 2 3 1 2 3 2 3 1 3 1 2 3 3 2 4 1 2 3 4 1 3 2 3 3 2 3 4 4 4 3 3 1 4 3 3 1 2 2 2 4 1 4 1 3 2 3 3 2 2 1 3 3 3 4 4 3 4 4 4 2 4
13 0.071429 1 1 1 1 2 2 1 3 4 2 1 1 3 1 2 4 1 3 3 3 3 3 1 1 2 1 2 1 2 2 3 2 1 1 1 1 2 1 2 1 2 3 4 3 1 1 3 1 4 3 2 4 1 3 3 1 3 3 3 3 1 1 4 4 4 3 4 3 3 3 1 1 2 3 3 3 3 4 0 0 0 1 1 1 1 1 3 1 3 3 1 1 1 1 3 0 0 0 3 4 3 2 4 1 3 2 4 4 3 3 3 3 2 3 1 3 3 2 4 1 4 4 3 2 4 1 1 2 1 1 4 3 3 4 1 2 4 1 1 4 1 3 4 4 2 4 4 3 4 2 3 4 3 2 4 3 3 2 1 3 3 2 3 3 3 1 4 1 1 4 4 1 1 2 1 3 1 1 1 3 1 4 4 2 1 1 3 4 4 4 4 1 1 4 4 3 4 1 1 2 4 4 3 3 1 1 4 3 1 4 2 1 2 1 3 3 3 4 1 1 4 1 1 2 3 2 2 1 4 2 1 3 2 4 4 4 4 1 4 1 4 1 1 1 3 1 3 1 3 4 4 3 3 1 3 1 4 3 2 1 3 1 3 1 3 4 3 2 1 1 2 3 3 4 2 4 4 1 2 4 3 1 2 2 2 2 3 1 3 4 4 1 4 4 2 3 3 3 3 3 2 4 4 3 2 1 2 3 1 2 3 2 3 1 3 1 2 3 3 2 4 1 2 3 4 1 3 2 3 3 2 3 4 4 4 3 3 1 4 3 3 1 2 2 2 4 1 4 1 3 2 3 3 2 2 1 3 3 3 4 4 3 4 4 4 2 4
13 0.071429 1 1 1 1 2 2 1 3 4 1 1 1 1 1 2 4 1 3 3 3 3 3 1 1 2 1 2 1 2 2 3 2 1 1 1 1 2 1 2 1 2 3 4 3 1 1 3 1 4 3 2 4 1 3 3 1 3 3 3 3 1 1 4 4 4 3 4 3 3 3 1 1 2 3 3 3 3 4 0 0 0 1 1 1 1 1 3 1 3 3 1 1 1 1 3 0 0 0 3 4 3 2 4 1 3 2 4 4 3 3 3 3 2 3 1 3 3 2 4 1 4 4 3 2 4 1 1 2 1 1 4 3 3 4 1 2 4 1 1 4 1 3 4 4 2 4 4 3 4 2 3 4 3 2 4 3 3 2 3 3 3 2 3 3 3 1 4 1 1 4 4 1 1 2 1 3 1 1 1 3 1 4 4 2 1 1 3 4 4 4 4 1 1 4 4 3 4 1 1 2 4 4 3 3 1 1 4 3 1 4 2 1 2 1 3 3 3 4 1 1 4 1 1 2 3 2 2 1 4 2 1 3 2 2 2 4 4 1 4 1 4 1 1 1 3 1 3 1 3 4 4 3 3 1 3 1 4 3 2 1 3 1 3 1 3 4 3 2 1 1 2 3 3 4 2 4 4 1 2 4 3 1 2 2 2 2 3 1 3 4 4 1 4 4 2 3 3 3 3 3 2 4 4 3 2 1 2 3 1 2 3 2 3 1 3 1 2 3 3 2 4 1 2 3 4 1 3 2 3 3 2 3 4 4 4 3 3 1 4 3 3 1 2 2 2 4 1 4 1 3 2 3 1 2 2 1 3 3 3 4 4 3 4 4 4 2 4
13 0.071429 1 1 1 1 2 2 1 3 4 1 1 1 1 1 2 4 1 3 3 3 3 3 1 1 2 1 2 1 2 2 3 2 1 1 1 1 2 1 2 1 2 3 4 3 1 1 3 1 4 3 2 4 1 3 3 1 3 3 3 3 1 1 4 4 4 3 4 3 3 3 1 1 2 3 3 3 3 4 0 0 0 1 1 1 1 1 3 1 3 3 1 1 1 1 3 0 0 0 3 4 3 2 4 1 3 2 4 4 3 3 3 3 2 3 1 3 3 2 4 1 4 4 3 2 4 1 1 2 1 1 4 3 3 4 1 2 4 1 1 4 1 3 4 4 2 4 4 3 4 2 3 4 3 2 4 3 3 2 1 3 3 2 3 3 3 1 4 1 1 4 4 1 1 2 1 3 1 1 1 3 1 4 4 2 1 1 3 4 4 4 4 1 1 4 4 3 4 1 1 2 4 4 3 3 1 1 4 3 1 4 2 1 2 1 3 3 3 4 1 1 4 1 1 2 3 2 2 1 4 2 1 3 2 4 2 4 4 1 4 1 4 1 1 1 3 1 3 1 3 4 4 3 3 1 3 1 4 3 2 1 3 1 3 1 3 4 3 2 1 1 2 3 3 4 2 4 4 1 2 4 3 1 2 2 2 2 3 1 3 4 4 1 4 4 2 3 3 3 3 3 2 4 4 3 2 1 2 3 1 2 3 2 3 1 3 1 2 3 3 2 4 1 2 3 4 1 3 2 3 3 2 3 4 4 4 3 3 1 4 3 3 1 2 2 2 4 1 4 1 3 2 3 3 2 2 1 3 3 3 4 4 3 4 4 4 2 4
13 0.071429 1 1 1 1 2 2 1 3 4 1 1 2 3 1 2 4 1 3 3 3 3 3 1 1 2 1 2 1 2 2 3 2 1 1 1 1 2 1 2 1 2 3 4 3 1 1 3 1 4 3 2 4 1 3 3 1 3 3 3 3 1 1 4 4 4 3 4 3 3 3 1 1 2 3 3 3 3 4 0 0 0 1 1 1 1 1 3 1 3 3 1 1 1 1 3 0 0 0 3 4 3 2 4 1 3 2 4 4 3 3 3 3 2 3 1 3 3 2 4 1 4 4 3 2 4 1 1 2 1 1 4 3 3 4 1 2 4 1 1 4 1 3 4 4 2 4 4 3 4 2 3 4 3 2 4 3 3 2 1 3 3 2 3 3 3 1 4 1 1 4 4 1 1 2 1 3 1 1 1 3 1 4 4 2 1 1 3 4 4 4 4 1 1 4 4 3 4 1 1 2 4 4 3 3 1 1 4 3 1 4 2 1 2 1 3 3 3 4 1 1 4 1 1 2 3 2 2 1 4 2 1 3 2 4 2 4 4 1 4 1 4 1 1 1 3 1 3 1 3 4 4 3 3 1 3 1 4 3 2 1 3 1 3 1 3 4 3 2 1 1 2 3 3 4 2 4 4 1 2 4 3 1 2 2 2 2 3 1 3 4 4 1 4 4 2 3 3 3 3 3 2 4 4 3 2 1 2 3 1 2 3 2 3 1 3 1 2 3 3 2 4 1 2 3 4 1 3 2 3 3 2 3 4 4 4 3 3 1 4 3 3 1 2 2 2 4 1 4 1 3 2 3 3 2 2 1 3 3 3 4 4 3 4 4 4 2 4
13 0.071429 1 1 1 1 2 2 1 3 4 1 1 1 3 1 2 4 1 3 3 3 3 3 1 1 2 1 2 1 2 2 3 2 1 1 1 1 2 1 2 1 2 3 4 3 1 1 3 1 4 3 2 4 1 3 3 1 3 3 3 3 1 1 4 4 4 3 4 3 3 3 1 1 2 3 3 3 3 4 0 0 0 1 1 1 1 1 3 1 3 3 1 1 1 1 3 0 0 0 3 4 3 2 4 1 3 2 4 4 3 3 3 3 2 3 3 3 3 2 4 1 4 4 3 2 4 1 1 2 1 1 4 3 3 4 1 2 4 1 1 4 1 3 4 4 2 4 4 3 4 2 3 4 3 2 4 3 3 2 1 3 3 2 3 3 3 1 4 1 1 4 4 1 1 2 1 3 1 1 1 3 1 4 4 2 1 1 3 4 4 4 4 1 1 4 4 3 4 1 1 2 4 4 3 3 1 1 4 3 1 4 2 1 2 1 3 3 3 4 1 1 4 1 1 2 3 2 2 1 4 2 1 3 2 4 2 4 4 1 4 1 4 1 1 1 3 1 3 1 3 4 4 3 3 1 3 1 4 3 2 1 3 1 3 1 3 4 3 2 1 1 2 3 3 4 2 4 4 1 2 4 3 1 2 2 2 2 3 1 3 4 4 1 4 4 2 3 3 3 3 3 2 4 4 3 2 1 2 3 1 2 3 2 3 1 3 1 2 3 3 2 4 1 2 3 4 1 3 2 3 3 2 3 4 4 4 3 4 1 4 3 3 1 2 2 2 4 1 4 1 3 2 3 3 2 2 1 3 3 3 4 4 3 4 4 4 2 4
13 0.071429 1 1 1 1 2 2 1 3 4 1 1 1 3 1 2 1 1 3 3 3 3 3 1 1 2 1 2 1 2 2 3 2 1 1 1 1 2 1 2 1 2 3 4 3 1 1 3 1 4 3 2 4 1 3 3 1 3 3 3 3 1 1 4 4 4 3 4 3 3 3 1 1 2 3 3 3 3 4 0 0 0 1 1 1 1 1 3 1 3 3 1 1 1 1 3 0 0 0 3 4 3 2 4 1 3 2 4 4 3 3 3 3 2 3 1 3 3 2 4 1 4 4 3 2 4 1 1 2 1 1 4 3 3 4 1 2 4 1 1 4 1 3 4 4 2 4 4 3 4 2 3 4 3 2 4 3 3 2 1 3 3 2 3 3 3 1 4 1 1 4 4 1 1 2 1 3 1 1 1 1 1 4 4 2 1 1 3 4 4 4 4 1 1 4 4 3 4 1 1 2 4 4 3 3 1 1 4 3 1 4 2 1 2 1 3 3 3 4 1 1 4 1 1 2 3 2 2 1 4 2 1 3 2 4 2 4 4 1 4 1 4 1 1 1 3 1 3 1 3 4 4 3 3 1 3 1 4 3 2 1 3 1 3 1 3 4 3 2 1 1 2 3 3 4 2 4 4 1 2 4 3 1 2 2 2 2 3 1 3 4 4 1 4 4 2 3 3 3 3 3 2 4 4 3 2 1 2 3 1 2 3 2 3 1 3 1 2 3 3 2 4 1 2 3 4 1 3 2 3 3 2 3 4 4 4 3 3 1 4 3 3 1 2 2 2 4 1 4 1 3 2 3 3 2 2 1 3 3 3 4 4 3 4 4 4 2 4
13 0.071429 1 1 1 1 2 2 1 3 4 1 1 1 3 1 2 4 1 3 3 3 3 3 1 1 2 1 2 1 2 2 3 2 1 1 1 1 2 1 2 1 2 3 4 3 1 1 3 1 4 3 2 4 1 3 3 1 3 3 3 3 1 1 4 4 4 3 4 3 3 3 1 1 2 3 3 3 3 2 0 0 0 1 1 1 1 1 3 1 3 3 1 1 1 1 3 0 0 0 3 4 3 2 4 1 3 2 4 4 3 3 3 3 2 3 1 3 3 2 4 1 4 4 3 2 4 1 1 2 1 1 4 3 3 4 1 2 4 1 1 4 1 3 4 4 2 4 4 3 4 2 3 4 3 2 4 3 3 2 1 1 3 2 3 3 3 1 4 1 1 4 4 1 1 2 1 3 1 1 1 3 1 4 4 2 1 1 3 4 4 4 4 1 1 4 4 3 4 1 1 2 4 4 3 3 1 1 4 3 1 4 2 1 2 1 3 3 3 4 1 1 4 1 1 2 3 2 2 1 4 2 1 3 2 4 2 4 4 1 4 1 4 1 1 1 3 1 3 1 3 4 4 3 3 1 3 1 4 3 2 1 3 1 3 1 3 4 3 2 1 1 2 3 3 4 2 4 4 1 2 4 3 1 2 2 2 2 3 1 3 4 3 1 4 4 2 3 3 3 3 3 2 3 4 3 2 1 2 3 1 2 3 2 3 1 3 1 2 3 3 2 4 1 2 3 4 1 3 2 3 3 2 3 4 4 4 3 3 1 4 3 3 1 2 2 2 4 1 4 1 3 2 3 3 2 2 1 3 3 3 4 4 3 4 4 4 2 4
13 0.071429 1 1 1 1 2 2 1 3 4 1 1 1 3 1 2 4 1 3 3 3 3 3 1 1 2 1 2 1 2 2 3 2 1 1 1 1 2 1 2 1 2 3 4 3 1 1 3 1 4 3 2 4 2 3 3 1 3 3 3 3 1 1 4 4 4 3 4 3 3 3 1 1 2 3 3 3 3 4 0 0 0 1 1 1 1 1 3 1 3 3 1 1 1 1 3 0 0 0 3 4 3 2 4 1 3 2 4 4 3 3 3 3 2 3 1 3 3 2 4 1 4 4 3 2 4 1 1 2 1 1 4 3 3 4 1 2 4 1 1 4 1 3 4 4 2 4 4 3 4 2 3 4 3 2 4 3 3 2 1 3 3 2 3 3 3 1 4 1 1 4 4 1 1 2 1 3 1 1 1 3 1 4 4 2 1 1 3 4 4 4 4 1 1 4 4 3 4 1 1 2 4 4 3 3 1 1 4 3 1 4 2 1 2 1 3 3 3 4 1 1 4 1 1 2 3 2 2 1 4 2 1 3 2 4 2 4 4 1 4 1 4 1 1 1 3 1 3 1 3 4 4 3 3 1 3 1 4 3 2 1 3 1 3 1 3 4 3 2 1 1 2 3 3 4 2 4 4 1 2 4 3 1 2 2 2 2 3 1 3 4 4 1 4 4 2 3 3 3 3 3 2 4 4 3 2 1 2 3 1 2 3 2 3 1 3 1 2 3 3 2 4 1 2 3 4 1 3 2 3 3 2 3 4 4 4 3 3 1 4 3 3 1 2 2 2 4 1 4 1 3 2 3 3 2 2 1 3 3 3 4 4 3 4 4 4 2 4
41 0.035714 1 1 1 3 2 2 1 3 4 1 1 1 3 3 2 4 1 3 3 3 3 3 3 1 2 1 2 1 2 2 3 2 1 1 1 1 2 1 2 1 4 3 4 3 1 1 3 1 4 3 1 4 1 3 3 1 3 1 3 3 1 1 4 4 4 3 4 3 3 3 1 1 2 3 3 3 3 4 0 0 0 1 1 1 1 1 3 1 3 3 1 1 1 1 3 0 0 0 3 4 3 2 4 1 3 2 4 4 3 3 3 3 2 3 1 3 3 2 4 1 4 4 3 2 4 1 1 2 1 1 4 3 3 4 1 2 4 1 1 4 1 3 4 4 2 4 4 3 4 2 3 4 3 2 4 3 3 2 1 3 3 2 3 3 3 1 4 1 1 4 4 1 1 2 1 3 1 1 1 3 1 4 4 2 1 1 3 4 4 4 4 1 1 4 4 3 4 1 1 2 4 4 3 3 1 1 4 3 1 4 2 1 2 1 3 3 3 4 1 1 4 1 1 2 3 2 2 1 4 2 1 3 2 4 2 4 4 1 4 1 4 1 1 1 3 1 3 1 3 4 4 3 1 1 3 1 4 3 2 1 3 1 3 1 3 4 3 2 1 1 2 3 3 4 2 4 4 1 2 4 3 1 4 2 2 2 3 1 3 4 4 1 4 4 2 3 3 3 3 3 2 4 4 3 2 1 2 3 1 2 3 2 3 1 3 1 2 3 3 2 4 1 2 3 4 1 3 2 3 3 2 3 4 4 4 3 3 1 4 3 3 1 2 2 2 4 1 4 1 3 2 3 3 2 2 3 3 3 3 4 4 3 4 4 4 2 4
41 0.035714 1 1 1 1 2 2 1 3 4 1 1 1 3 3 2 4 1 3 3 3 3 3 1 1 2 1 2 1 2 2 3 2 1 1 1 1 2 1 2 1 2 3 4 3 1 1 3 1 4 3 2 4 1 3 3 1 3 3 3 3 1 1 4 4 4 3 4 3 3 3 1 1 2 3 3 3 3 4 0 0 0 1 1 1 1 1 3 1 3 3 1 1 1 1 3 0 0 0 3 4 3 2 4 1 3 2 4 4 3 4 1 1 2 3 1 1 0 0 0 0 0 0 0 0 0 0 0 0 0 0 0 0 0 0 0 0 0 0 0 0 1 3 4 4 2 4 4 3 4 2 3 4 3 2 4 3 3 2 1 3 3 2 3 3 3 1 4 1 1 4 4 1 1 2 1 3 1 1 1 3 1 4 4 2 1 1 3 4 4 4 4 1 1 4 4 3 4 1 1 2 4 4 3 3 1 1 4 3 1 4 2 1 2 1 3 3 3 4 1 1 4 1 1 2 3 2 2 1 4 2 1 3 2 4 2 4 4 1 4 1 4 1 1 1 3 1 3 1 3 4 4 3 3 1 3 1 4 3 2 1 3 1 3 1 3 4 3 4 1 1 2 3 3 4 2 4 4 1 2 4 3 1 2 2 2 2 3 1 3 4 4 1 4 4 2 3 3 3 1 3 2 4 4 3 2 1 2 3 1 2 3 2 3 1 3 1 2 3 3 2 4 1 2 3 4 1 3 2 3 3 2 3 4 4 4 3 3 1 4 3 3 1 2 2 2 4 1 4 1 3 2 3 1 2 2 1 3 3 3 4 4 3 4 4 4 2 4
41 0.035714 1 1 1 1 2 2 1 3 4 1 1 1 1 1 2 4 1 3 3 3 3 3 1 1 2 1 2 1 2 2 3 2 1 1 1 1 2 1 2 1 2 3 4 3 1 1 3 1 4 3 2 4 1 3 3 1 3 3 3 3 1 1 4 4 4 3 4 3 3 3 1 1 2 3 1 3 3 4 0 0 0 1 1 1 1 1 3 1 3 3 1 1 1 1 3 0 0 0 3 4 3 2 4 3 3 2 4 4 3 3 3 3 2 3 1 3 3 2 4 1 4 4 3 2 4 1 1 2 1 1 4 3 3 4 1 2 4 1 1 4 1 3 4 4 2 4 4 3 4 2 3 4 3 2 4 3 3 2 1 3 3 2 3 3 3 1 4 1 1 4 4 1 1 2 1 3 1 1 1 3 1 4 4 2 1 1 3 4 4 4 4 1 1 4 4 3 4 1 1 2 4 4 3 3 1 1 4 3 1 4 2 1 2 1 3 3 3 4 1 1 4 1 1 2 3 2 2 1 4 2 1 3 2 4 2 4 4 1 4 1 4 1 1 1 3 1 3 1 3 4 4 3 3 1 3 1 4 3 2 1 3 1 3 1 3 4 3 2 1 1 2 3 3 4 2 4 4 1 2 4 3 1 2 2 2 2 3 1 3 4 4 1 4 4 2 3 3 3 3 3 2 4 4 3 2 1 2 3 1 2 3 2 3 1 3 1 2 3 3 2 4 1 2 3 4 1 3 2 3 3 2 3 4 4 4 3 3 1 4 3 3 1 2 2 2 4 1 4 1 3 2 3 3 2 2 3 3 3 3 4 4 3 4 4 4 2 4
41 0.035714 1 1 1 1 2 2 1 3 4 1 4 1 3 1 2 4 1 3 3 3 3 3 1 1 2 1 2 1 2 2 3 2 1 1 1 1 2 1 2 1 2 3 4 3 1 1 3 1 4 3 2 4 1 3 3 1 3 3 3 3 1 1 4 4 4 3 4 3 3 3 1 1 2 3 3 3 3 4 0 0 0 1 1 1 1 1 3 1 3 3 1 1 1 1 3 0 0 0 3 4 3 2 4 1 3 2 4 4 3 3 3 3 2 3 1 3 3 2 4 1 4 4 3 2 4 1 1 2 1 1 4 3 3 4 1 2 4 1 1 4 1 3 4 4 2 4 4 3 4 2 3 4 3 2 4 3 3 2 1 3 3 2 3 3 3 1 4 1 1 4 4 1 1 2 1 3 1 1 1 3 1 4 4 2 1 1 3 4 4 4 4 1 1 4 4 3 4 1 1 2 4 4 3 3 1 1 4 3 1 4 2 1 2 1 3 3 3 4 1 1 4 1 1 2 1 2 2 1 4 2 1 3 2 4 2 4 4 1 4 1 4 1 1 1 3 1 3 1 3 4 4 3 3 1 1 1 4 3 2 1 3 1 3 1 3 4 3 2 1 1 2 3 3 4 2 4 4 1 2 4 3 1 2 2 2 2 3 1 3 4 4 1 4 4 2 3 3 3 3 3 2 4 4 3 2 1 2 3 1 2 3 2 3 1 3 1 2 3 3 2 4 1 2 3 4 1 3 2 3 3 2 3 4 4 4 3 3 1 4 3 3 1 2 2 2 4 1 4 1 3 2 3 1 2 2 1 3 3 3 4 4 3 4 4 4 2 4
41 0.035714 1 1 1 1 2 2 1 3 4 1 4 1 3 1 2 4 1 3 3 3 3 3 1 1 2 1 2 1 2 2 3 2 1 1 1 1 2 1 2 1 2 3 4 3 1 1 3 1 4 3 2 4 1 3 3 1 3 3 3 3 1 1 4 4 4 3 4 3 3 3 1 1 2 3 3 3 3 4 0 0 0 1 1 1 1 1 3 1 3 3 1 1 1 1 3 0 0 0 3 4 3 2 4 1 3 2 4 4 3 3 3 3 2 3 1 3 3 2 4 1 4 4 3 2 4 1 1 2 1 1 4 3 3 4 1 2 4 1 1 4 1 3 4 4 2 4 4 3 4 2 3 4 3 2 4 3 3 2 1 3 3 2 3 3 3 1 4 1 1 4 4 1 1 2 1 3 1 1 1 3 1 4 4 2 1 1 3 4 4 4 4 1 1 4 4 3 4 1 1 2 4 4 3 3 1 1 4 3 1 4 2 1 2 1 3 3 1 4 1 1 4 1 1 2 3 2 2 1 4 2 1 3 2 4 2 4 4 1 4 1 4 1 1 1 3 1 3 1 3 4 4 3 3 1 3 1 4 3 2 1 3 1 3 1 3 4 3 2 1 1 2 3 3 4 2 4 4 1 2 4 3 1 2 2 2 2 3 1 3 4 4 1 4 4 2 1 3 3 3 3 2 4 4 3 2 1 2 3 1 2 3 2 3 1 3 1 2 3 3 2 4 1 2 3 4 1 3 2 3 3 2 3 4 4 4 3 3 1 4 3 3 1 2 2 2 4 1 4 1 3 2 3 3 2 2 3 3 3 3 4 4 3 4 4 4 2 4
41 0.035714 1 1 1 1 2 2 1 3 4 1 1 1 3 1 2 2 1 3 3 3 3 3 1 1 2 1 2 1 2 2 3 2 1 1 1 1 2 1 2 1 2 3 4 3 1 1 3 1 4 3 2 4 1 3 3 1 3 3 3 3 1 1 4 4 4 3 4 3 3 3 1 1 2 3 3 3 3 4 0 0 0 1 1 1 1 1 3 1 3 3 1 1 1 1 3 0 0 0 3 4 3 2 4 1 3 2 4 4 3 3 3 3 2 3 1 3 3 2 4 1 4 4 3 2 4 1 1 2 1 1 4 3 3 4 1 2 4 1 1 4 1 3 4 4 2 4 4 3 4 2 3 4 3 2 4 3 3 2 1 3 3 2 3 3 3 1 4 1 1 4 4 1 1 2 1 3 1 1 1 3 1 4 4 2 1 1 3 4 4 4 4 1 1 4 4 3 4 1 1 2 4 4 3 3 1 1 4 3 1 4 2 1 2 1 3 3 3 4 1 1 4 1 1 2 3 2 2 1 4 2 1 3 2 4 2 4 4 1 4 1 4 1 1 1 3 1 3 1 3 4 4 3 3 1 3 1 4 3 2 1 3 1 3 1 3 4 1 2 1 1 2 3 3 4 2 4 4 1 2 4 3 1 2 2 2 2 3 1 3 2 4 1 4 4 2 3 3 3 3 1 2 4 4 3 2 1 2 3 1 2 3 2 3 1 3 1 2 3 3 2 4 1 2 3 4 1 3 2 3 3 2 3 4 4 4 3 3 1 4 3 3 1 2 2 2 4 1 4 1 3 2 3 3 2 2 3 3 3 3 4 4 3 4 4 4 2 4
41 0.035714 1 1 1 1 2 2 1 3 4 1 1 1 1 1 2 4 1 3 3 3 3 3 1 1 2 1 2 1 2 2 3 2 1 1 1 1 2 1 2 1 2 3 4 3 1 1 3 1 4 3 2 4 1 3 3 1 3 3 3 3 1 1 4 4 4 3 4 3 3 3 1 1 2 3 3 3 3 4 0 0 0 1 1 1 1 1 3 1 3 3 1 1 1 1 3 0 0 0 3 4 3 2 4 1 3 2 4 4 3 3 3 3 2 3 1 3 3 2 4 1 4 4 3 2 4 1 1 2 1 1 4 3 3 4 1 2 4 1 1 4 1 3 4 4 2 4 4 3 4 2 3 4 3 2 4 3 3 2 1 3 3 2 3 3 3 1 4 1 1 4 4 1 1 2 1 3 1 1 1 3 1 4 4 2 1 1 3 4 4 4 4 1 1 4 4 3 4 1 1 2 4 4 3 3 1 1 4 3 1 4 2 1 2 1 3 3 3 4 1 1 4 1 1 2 3 2 2 1 4 2 1 3 2 4 2 4 4 1 4 1 4 1 1 1 3 1 3 1 3 4 4 3 1 1 3 1 4 3 2 1 3 1 3 1 3 4 3 2 1 1 2 3 3 4 2 4 4 1 2 4 3 1 2 2 2 1 3 1 3 4 4 1 4 4 2 3 3 3 3 3 2 4 4 3 2 1 2 3 1 2 3 2 3 1 3 1 2 3 3 2 4 1 2 3 4 1 3 2 3 3 2 3 4 4 4 3 3 1 4 3 3 1 2 2 2 4 1 4 1 3 2 3 3 2 2 3 3 3 3 4 4 3 4 4 4 2 4
41 0.035714 1 1 1 1 2 2 1 3 4 1 4 1 3 1 2 4 1 3 3 3 3 3 1 1 2 1 2 1 2 2 3 2 1 1 1 1 2 1 2 1 2 3 4 3 1 1 3 1 4 3 2 4 1 3 3 1 3 3 3 3 1 1 4 4 4 3 4 3 3 3 1 1 2 3 3 3 3 4 0 0 0 1 1 1 1 1 3 1 3 3 1 1 1 1 3 0 0 0 3 4 3 2 4 1 3 2 4 4 3 3 3 3 2 3 1 3 3 2 4 1 4 4 3 2 4 1 1 2 1 1 4 3 3 4 1 2 4 1 1 4 1 3 4 4 2 4 4 3 4 2 3 4 3 2 4 3 3 2 1 3 3 2 3 3 3 1 4 1 1 4 4 1 1 2 1 3 1 3 1 3 1 4 4 2 1 1 3 4 4 4 4 1 1 4 4 3 4 1 1 2 4 4 3 3 1 1 4 3 1 4 2 1 2 1 3 3 3 4 1 1 4 1 1 2 3 2 2 1 4 2 1 3 2 4 2 4 4 1 4 1 4 1 1 1 3 1 3 1 3 4 4 3 1 1 3 1 4 3 2 1 3 1 3 1 3 4 3 2 1 1 2 3 3 4 2 4 4 1 2 4 3 1 2 2 2 2 3 1 3 4 4 1 4 4 2 3 3 3 3 3 2 4 4 3 2 1 2 3 1 2 3 2 3 1 3 1 2 3 3 2 4 1 2 3 4 1 3 2 3 2 2 3 4 4 4 3 3 1 4 3 3 1 2 2 2 4 1 4 1 3 2 3 3 2 2 3 3 3 3 4 4 3 4 4 4 2 4
41 0.035714 1 1 1 1 2 2 1 3 4 1 2 1 3 1 2 4 1 3 3 3 3 3 1 1 2 1 2 1 2 2 3 2 1 1 1 1 2 1 2 1 2 3 4 3 1 1 3 1 4 3 2 4 1 3 3 1 3 3 3 3 1 1 4 4 4 3 4 3 3 3 1 1 2 3 3 3 3 4 0 0 0 1 1 1 1 1 3 1 3 3 1 1 1 1 3 0 0 0 3 4 3 2 4 1 3 2 4 3 3 4 1 1 2 3 1 1 0 0 0 0 0 0 0 0 0 0 0 0 0 0 0 0 0 0 0 0 0 0 0 0 1 3 4 4 2 4 4 3 4 2 3 4 3 2 4 3 3 2 1 3 3 2 3 3 3 1 4 1 1 4 4 1 1 2 1 3 1 1 1 3 1 4 4 2 1 1 3 4 4 4 4 1 1 4 4 3 4 1 1 2 4 4 3 3 1 1 4 3 1 4 2 1 2 1 3 3 3 4 1 1 4 1 1 2 3 2 2 1 4 2 1 3 2 4 2 4 4 1 4 1 4 1 1 1 3 1 3 1 3 4 4 3 3 1 3 1 4 3 2 1 3 1 3 1 3 4 3 2 1 1 2 3 3 4 4 4 4 3 2 4 3 1 2 2 2 2 3 1 3 4 4 1 4 4 2 3 3 3 3 3 2 4 4 3 2 1 2 3 1 2 3 2 3 1 3 1 2 3 3 2 4 1 2 3 4 1 3 2 3 3 2 3 4 4 4 3 3 1 2 3 3 1 2 2 2 4 1 4 1 3 2 3 4 1 2 1 3 3 3 4 4 3 4 4 4 2 4
41 0.035714 1 1 1 1 2 2 1 3 4 1 1 1 1 1 2 4 1 3 3 3 3 3 1 1 2 1 2 1 2 2 3 2 1 1 1 1 2 1 2 1 2 3 4 3 1 1 3 1 4 3 2 4 1 1 3 1 3 3 3 3 1 1 2 4 4 3 4 3 3 3 1 1 2 3 3 3 3 4 0 0 0 1 1 1 1 1 3 1 3 3 1 1 1 1 3 0 0 0 3 4 3 2 4 1 3 2 4 4 3 3 3 3 2 3 1 3 3 2 4 1 4 4 3 2 4 1 1 2 1 1 4 3 3 4 1 2 4 1 1 4 1 3 4 4 2 4 4 3 4 2 3 4 2 2 4 3 3 2 1 3 3 2 3 3 3 1 4 1 1 4 4 1 1 2 1 3 3 1 1 3 1 4 4 2 1 1 3 4 4 4 4 1 1 4 4 3 4 1 1 2 4 4 3 3 1 1 4 3 1 4 2 1 2 1 3 3 3 4 1 1 4 1 1 2 3 2 2 1 4 2 1 3 2 4 2 4 4 1 4 1 4 1 1 1 3 1 3 1 3 4 4 3 3 1 3 1 4 3 2 1 3 1 3 1 3 4 3 2 1 1 2 3 3 4 2 4 4 1 2 4 3 1 2 2 2 2 3 1 3 4 4 1 4 4 2 3 3 3 3 3 2 4 4 3 2 1 2 3 1 2 3 2 3 1 3 1 2 3 3 2 4 1 2 3 4 1 3 2 3 3 2 3 4 4 4 3 3 1 4 3 3 1 2 2 2 4 1 4 1 3 2 3 4 2 2 1 3 3 3 4 4 3 4 4 4 2 4
41 0.035714 1 1 1 1 2 2 1 3 4 1 1 1 3 1 1 4 1 3 3 3 3 3 1 1 2 1 2 1 2 2 3 2 1 1 1 1 2 1 2 1 2 3 4 3 1 1 3 1 4 3 2 4 1 3 3 1 1 3 3 3 1 1 4 4 4 3 4 3 3 3 1 1 2 3 3 3 3 4 0 0 0 1 1 1 1 1 3 1 3 3 1 1 1 1 3 0 0 0 3 4 3 2 4 1 3 2 4 4 3 3 3 3 2 3 1 3 3 2 4 1 4 4 3 2 4 1 1 2 1 1 4 3 3 4 1 2 4 1 1 4 1 3 4 4 2 4 4 3 4 2 3 4 3 2 4 3 3 2 1 3 3 2 3 3 3 1 4 1 1 4 4 1 1 2 1 3 1 1 1 3 1 4 4 2 1 1 3 4 4 4 4 1 1 4 4 3 4 1 1 2 4 4 3 3 1 1 4 3 1 4 2 1 2 1 3 3 3 4 1 1 4 1 1 2 3 2 2 1 4 2 1 3 2 4 2 4 4 1 4 1 4 1 1 1 3 1 3 1 3 4 4 3 3 1 3 1 4 3 2 1 3 1 3 1 3 4 3 2 1 1 2 3 3 4 2 4 4 1 2 4 3 1 2 2 2 2 3 1 3 4 4 1 4 4 2 3 3 3 3 3 2 4 4 3 2 1 2 3 1 2 3 2 3 1 3 1 2 3 3 2 4 1 2 3 1 1 3 2 3 3 2 3 4 4 4 3 3 1 4 3 3 1 2 2 2 4 1 4 1 3 2 3 1 2 2 1 3 3 3 4 4 3 4 4 4 2 4
41 0.035714 1 1 1 1 2 2 1 3 4 1 1 1 3 1 1 4 1 3 3 3 3 3 1 1 2 1 2 1 2 2 3 2 1 1 1 1 2 1 2 1 2 3 4 3 1 1 3 1 4 3 2 4 1 3 3 1 3 3 3 3 1 1 4 4 4 3 4 3 3 3 1 1 2 3 3 3 3 4 0 0 0 1 1 1 1 1 3 1 3 3 1 1 1 1 3 0 0 0 3 4 3 2 4 1 3 2 4 4 3 3 3 3 2 3 1 3 3 2 4 1 4 4 3 2 4 1 1 2 1 1 4 3 3 4 1 2 4 1 1 4 1 3 4 4 2 4 4 3 4 2 3 4 3 2 4 3 3 2 1 3 3 2 3 3 3 1 4 1 1 4 4 1 1 2 1 3 1 1 1 3 1 4 4 2 1 1 3 4 4 4 4 1 1 4 4 3 4 1 1 2 4 4 3 3 1 1 4 3 1 4 2 1 2 1 3 3 3 4 1 1 4 1 1 2 3 2 2 1 4 2 1 3 2 4 2 4 4 1 4 1 4 1 1 1 3 1 3 1 3 4 4 3 1 1 3 1 4 3 2 1 3 1 3 1 3 4 3 2 1 1 2 3 3 4 2 4 4 1 2 4 3 1 2 2 2 2 3 1 3 4 4 1 4 4 2 3 3 3 3 3 2 4 4 3 2 1 2 3 1 2 3 2 3 1 3 1 2 3 3 2 4 1 2 3 4 1 3 2 3 3 2 3 4 4 4 3 3 1 4 3 3 1 2 2 2 4 1 4 1 3 2 3 3 2 2 3 3 3 3 4 4 3 4 4 4 2 3
41 0.035714 1 1 1 1 2 2 1 3 4 1 4 1 3 1 2 4 1 3 3 3 3 3 1 1 2 1 2 1 2 2 3 2 1 1 1 1 2 1 2 1 2 3 4 3 1 1 3 1 4 3 2 4 1 3 3 1 3 3 3 3 1 1 4 4 4 3 4 3 3 3 1 1 2 3 3 3 3 4 0 0 0 1 1 1 1 1 3 1 3 3 1 1 1 1 3 0 0 0 3 4 3 2 4 1 3 2 4 4 3 3 3 3 2 3 1 3 3 2 4 1 4 4 3 2 4 1 1 2 1 1 4 3 3 4 1 2 4 1 1 4 1 3 4 4 2 4 4 3 4 2 3 4 3 2 4 3 3 2 1 3 3 2 3 3 3 1 4 1 1 4 4 1 1 2 1 3 1 1 1 3 1 4 4 2 1 1 3 4 4 4 4 1 1 4 4 3 4 2 4 3 3 0 0 0 1 1 4 3 1 4 2 1 2 1 3 3 3 4 1 1 4 1 1 2 3 2 2 1 4 2 1 3 2 4 2 4 4 1 4 1 4 1 1 1 3 1 3 1 3 4 4 3 1 1 3 1 4 3 2 1 3 1 3 1 3 4 3 2 1 1 2 3 3 4 2 4 4 1 2 4 3 1 2 2 2 2 3 1 3 4 4 1 4 4 2 3 3 3 3 3 2 4 4 3 2 1 2 3 1 2 3 2 3 1 3 1 2 3 3 2 4 1 2 3 4 1 3 2 3 3 2 3 4 4 4 3 3 1 4 3 3 1 2 2 2 4 1 4 1 3 2 3 3 2 2 3 3 3 3 4 4 3 4 4 4 1 4
41 0.035714 1 1 1 1 2 2 1 3 4 1 1 1 1 1 2 4 1 3 3 3 3 1 1 1 2 1 2 1 2 2 3 2 1 1 1 1 2 1 2 1 2 3 4 3 1 1 3 1 4 3 2 4 1 3 3 2 3 3 3 3 1 1 4 4 4 3 4 3 3 3 1 1 2 3 3 3 3 4 0 0 0 1 1 1 1 1 3 1 3 3 1 1 1 1 3 0 0 0 3 4 3 2 4 1 3 2 4 4 3 4 1 1 2 3 1 1 0 0 0 0 0 0 0 0 0 0 0 0 0 0 0 0 0 0 0 0 0 0 0 0 1 3 4 4 2 4 4 3 4 2 3 4 3 2 4 1 3 2 1 3 3 2 3 3 3 1 4 1 1 4 4 1 1 2 1 3 1 1 1 3 1 4 4 2 1 1 3 4 4 4 4 1 1 4 4 3 4 1 1 2 4 0 0 0 0 0 0 4 3 3 1 3 1 4 1 2 4 1 3 3 3 4 2 1 1 4 1 2 3 2 1 3 2 4 2 4 4 1 4 1 4 1 1 1 3 1 3 1 3 4 4 3 3 1 3 1 4 3 2 1 3 1 3 1 3 4 3 2 1 1 2 3 3 4 2 4 4 1 2 4 3 1 2 2 2 2 3 1 3 4 4 1 4 4 2 3 3 3 3 3 2 4 4 3 2 1 2 3 1 2 3 2 3 1 3 1 2 3 3 2 4 1 2 3 4 1 3 2 3 3 2 3 4 4 4 3 3 1 4 3 3 1 2 2 2 4 1 4 1 3 2 3 4 2 2 1 3 3 3 4 4 3 4 2 4 2 3
41 0.035714 1 1 1 1 2 2 1 3 4 1 1 1 3 3 2 4 1 3 3 3 3 3 1 1 2 1 2 1 2 2 3 2 1 1 1 1 2 1 2 1 2 3 4 3 1 1 3 1 4 3 2 4 1 3 3 1 3 3 3 3 1 1 4 4 4 3 4 3 3 3 1 1 2 3 3 3 3 4 0 0 0 1 1 1 1 1 3 1 3 3 1 1 1 1 3 0 0 0 3 4 3 2 4 1 3 2 4 4 3 3 3 3 2 3 1 1 0 0 0 0 0 0 0 0 0 0 0 0 0 0 0 0 0 0 0 0 0 0 0 0 1 3 4 4 2 4 4 3 4 2 3 4 3 2 4 3 3 2 1 3 3 2 3 3 3 1 4 1 0 4 4 1 1 2 1 3 1 1 1 3 1 4 4 2 1 1 3 4 4 4 4 1 1 4 4 3 4 1 1 2 4 4 3 3 1 1 4 3 1 4 2 1 2 1 3 3 3 4 1 1 4 1 1 2 3 2 2 1 4 2 1 3 2 4 2 4 4 1 4 1 4 1 1 1 3 1 3 1 3 4 4 3 3 1 3 1 4 3 2 1 3 1 3 1 3 4 3 2 1 1 2 3 3 4 2 4 4 1 2 4 3 1 2 2 2 2 3 1 3 4 4 1 4 4 2 3 3 3 3 3 2 4 4 3 2 1 2 3 1 2 3 2 3 1 3 1 2 3 3 2 4 1 2 3 4 1 3 2 3 3 2 3 4 4 4 3 3 1 4 3 3 1 2 2 2 4 1 4 1 3 2 3 3 2 2 3 3 3 3 4 4 3 4 4 4 2 4
41 0.035714 1 1 1 1 2 2 1 3 4 1 2 1 3 1 2 4 1 3 3 3 3 3 1 1 2 1 2 1 2 2 3 2 1 1 1 1 2 1 2 1 2 3 4 3 1 1 3 1 1 3 2 4 1 3 3 1 3 3 3 3 1 1 4 4 4 3 4 3 3 3 1 1 2 3 3 3 3 4 0 0 0 1 1 1 1 1 3 1 3 3 1 1 1 1 3 0 0 0 3 4 3 2 4 1 3 2 4 3 3 4 1 1 2 3 1 1 0 0 0 0 0 0 0 0 0 0 0 0 0 0 0 0 0 0 0 0 0 0 0 0 1 3 4 4 2 4 4 3 4 2 3 4 3 2 4 3 3 2 1 3 3 2 3 3 3 1 4 1 1 4 4 1 1 2 1 3 1 1 1 3 1 4 4 2 1 1 3 4 4 4 4 1 1 4 4 3 4 1 1 2 4 4 3 3 1 1 4 3 1 4 2 1 2 1 3 3 3 4 1 1 4 1 1 2 3 2 2 1 4 2 1 3 2 4 2 4 4 1 4 1 4 1 1 1 3 1 3 1 3 4 4 3 3 1 3 1 4 3 2 1 3 1 3 1 3 4 3 2 1 1 2 3 3 4 2 4 4 1 2 4 3 1 2 2 2 2 3 1 3 4 4 1 4 4 2 3 3 3 3 3 2 4 4 3 2 1 2 3 1 2 3 2 3 1 3 1 2 3 3 2 4 1 2 3 4 1 3 2 3 3 2 3 4 4 4 3 3 1 4 3 3 1 2 2 2 4 1 4 1 3 2 3 4 1 2 1 3 3 3 4 4 3 4 4 4 2 4
41 0.035714 1 1 1 1 2 2 1 3 4 1 1 1 3 1 2 2 1 3 3 3 3 3 1 1 2 1 2 1 2 2 3 2 1 1 1 1 2 1 2 1 2 3 4 3 1 1 3 1 4 3 2 4 1 3 3 1 3 3 3 3 1 1 4 4 4 3 4 3 3 3 1 1 2 3 3 3 3 4 0 0 0 1 1 1 1 1 3 1 3 3 1 1 1 1 3 0 0 0 3 4 3 2 4 1 3 2 4 4 3 3 3 3 2 3 1 3 3 2 4 1 4 4 3 2 4 1 1 2 1 1 4 3 3 4 1 2 4 1 1 4 1 3 4 4 2 4 4 3 4 2 3 4 3 2 4 3 3 2 1 3 3 2 3 3 3 1 4 1 1 4 4 1 1 4 1 3 1 1 1 3 1 4 4 2 1 1 3 4 4 4 4 1 1 4 4 3 4 1 1 2 4 4 3 3 1 1 4 3 1 4 2 1 2 1 3 3 3 4 1 1 4 1 1 2 3 2 2 1 4 2 1 3 2 4 2 4 4 1 4 1 4 1 1 1 3 1 3 1 3 4 4 3 3 1 3 1 4 3 2 1 3 1 3 1 3 4 3 2 1 1 2 3 3 4 2 4 4 1 2 4 3 1 2 2 2 2 3 1 3 4 4 1 4 4 2 3 3 3 3 3 2 4 4 3 2 1 2 3 1 2 3 2 3 1 3 1 2 3 3 2 4 1 2 3 4 1 3 2 3 3 2 3 4 4 4 3 3 1 4 3 3 1 2 2 2 4 1 4 1 3 2 3 3 2 2 3 3 3 3 4 4 3 4 4 4 2 4
41 0.035714 1 1 1 1 2 2 1 3 4 1 1 1 3 1 4 4 1 3 3 3 3 3 1 1 2 1 2 1 2 2 3 2 1 1 1 1 2 1 2 1 2 3 4 3 1 1 3 1 4 3 2 4 1 3 3 1 3 3 3 3 1 1 4 4 4 3 4 3 3 3 1 1 2 3 3 3 3 4 0 0 0 1 1 1 1 1 3 1 3 3 1 1 1 1 3 0 0 0 3 4 3 2 4 1 3 2 4 4 3 4 1 1 2 3 1 1 0 0 0 0 0 0 0 0 0 0 0 0 0 0 0 0 0 0 0 0 0 0 0 0 1 3 4 4 2 4 4 3 4 2 3 4 3 2 4 3 3 2 1 3 3 2 3 3 3 1 4 1 1 4 4 1 1 2 1 3 1 1 1 3 1 4 4 2 1 1 3 4 4 4 4 1 1 4 4 3 4 1 1 2 4 4 3 3 1 1 4 3 1 4 2 1 2 1 3 3 3 4 1 1 4 1 1 2 3 2 2 1 4 2 1 3 2 4 2 4 4 1 4 1 4 1 1 1 3 1 3 1 3 4 4 3 3 1 3 1 4 3 2 1 3 1 3 1 3 2 3 2 1 1 2 3 3 4 2 4 4 1 2 4 1 1 2 2 2 2 3 1 3 4 4 1 4 4 2 3 3 3 3 3 2 4 4 3 2 1 2 3 1 2 3 2 3 1 3 1 2 3 3 2 4 1 2 3 4 1 3 2 1 3 2 3 4 4 4 3 3 1 4 3 3 1 2 2 2 4 1 4 1 3 2 3 4 2 2 1 3 3 3 4 4 3 4 4 4 2 4
41 0.035714 1 1 1 1 2 2 1 3 4 1 1 1 3 1 2 2 1 3 3 3 3 3 1 1 2 1 2 1 2 2 3 2 1 1 1 1 2 1 2 1 2 3 4 3 1 1 3 1 4 3 2 4 1 3 3 1 3 3 3 3 1 1 4 4 4 3 4 3 3 3 1 1 2 3 3 3 3 4 0 0 0 1 1 1 1 1 3 1 3 3 1 1 1 1 3 0 0 0 3 4 3 2 4 1 3 2 4 4 3 3 3 3 2 3 1 3 3 2 4 1 4 4 3 2 4 1 1 2 1 1 4 3 3 4 1 2 4 1 1 4 1 3 4 4 2 4 4 3 4 2 3 4 3 2 4 3 3 2 1 3 3 2 3 3 3 1 4 1 1 4 4 1 1 2 1 3 1 1 1 3 1 4 4 2 1 1 3 4 4 4 4 1 1 4 4 3 4 1 1 2 4 4 3 3 1 1 4 3 1 4 2 1 2 1 3 3 3 4 1 1 4 1 1 2 3 2 2 1 4 2 1 3 2 4 2 4 4 1 4 1 4 1 1 1 3 1 3 1 3 4 4 3 3 1 3 1 4 3 2 1 3 1 3 1 3 4 3 2 1 1 2 3 3 4 2 4 4 1 2 4 3 1 2 2 2 2 3 1 3 4 4 1 4 4 2 3 3 3 3 3 2 4 4 3 2 1 2 3 1 2 3 2 3 1 3 1 2 3 3 2 4 1 2 3 4 1 3 2 3 3 2 3 4 4 4 3 3 1 4 3 3 1 2 2 2 4 1 4 1 3 2 3 1 2 2 1 3 3 3 4 4 3 4 4 4 2 4
41 0.035714 1 1 1 1 2 2 1 3 4 1 4 1 3 1 2 4 3 3 3 3 3 3 1 1 2 1 2 1 2 2 3 2 1 1 1 1 2 1 2 1 2 3 4 3 1 1 3 1 4 3 2 4 1 3 3 1 3 3 3 3 1 1 4 4 4 3 4 3 3 3 1 1 2 3 3 3 3 4 0 0 0 1 1 1 1 1 3 1 3 3 1 1 1 1 3 0 0 0 3 4 3 2 4 1 3 2 4 4 3 3 3 3 2 3 1 3 3 2 4 1 4 4 3 2 4 1 1 2 1 1 4 3 3 4 1 2 4 1 1 4 1 3 4 4 2 4 4 3 2 2 3 4 3 2 4 3 3 2 1 3 3 2 3 3 3 1 4 1 1 4 4 1 1 2 1 3 1 1 1 3 1 4 4 2 1 1 3 4 4 4 4 1 1 4 4 3 4 1 1 2 4 4 3 3 1 1 4 3 1 4 2 1 2 1 3 3 3 4 1 1 4 1 1 2 3 2 2 1 4 2 1 3 2 4 2 4 4 1 4 1 4 1 1 1 3 1 1 1 3 4 4 3 3 1 3 1 4 3 2 1 3 1 3 1 3 4 3 2 1 1 2 3 3 4 2 4 4 1 2 4 3 1 2 2 2 2 3 1 3 4 4 1 4 4 2 3 3 3 3 3 2 4 4 3 2 1 2 3 1 2 3 2 3 1 3 1 2 3 3 2 4 1 2 3 4 1 3 2 3 3 2 3 4 4 4 3 3 1 4 3 3 1 2 2 2 4 1 4 1 3 2 3 4 2 2 1 3 3 3 4 4 3 4 4 4 2 4
41 0.071429 1 1 1 1 2 2 1 3 4 1 4 1 3 1 2 4 1 3 3 3 3 3 1 1 2 1 2 1 2 2 3 2 1 1 1 1 2 1 2 1 2 3 4 3 1 1 3 1 4 3 2 4 1 3 3 1 3 3 3 3 1 1 4 4 4 3 4 3 3 3 1 1 2 3 3 3 3 4 0 0 0 1 1 1 1 1 3 1 3 3 1 1 1 1 3 0 0 0 3 4 3 2 4 1 3 2 4 4 3 3 3 3 2 3 1 3 3 2 4 1 4 4 3 2 4 1 1 2 1 1 4 3 3 4 1 2 4 1 1 4 1 3 4 4 2 4 4 3 4 2 3 4 3 2 4 3 3 2 1 3 3 2 3 3 3 1 4 1 1 4 4 1 1 2 1 3 1 1 1 3 1 4 4 2 1 1 3 4 4 4 4 1 1 4 4 3 4 1 1 2 4 4 3 3 1 1 4 3 1 4 2 1 2 1 3 3 3 4 1 1 4 1 1 2 3 2 2 1 4 2 1 3 2 4 2 4 4 1 4 1 4 1 1 1 3 1 3 1 3 4 4 3 1 1 3 1 4 3 2 1 3 1 3 1 3 4 3 2 1 1 2 3 3 4 2 4 4 1 2 4 3 1 2 2 2 2 3 1 3 4 4 1 4 4 2 3 3 3 3 3 2 4 4 3 2 1 2 3 1 2 3 2 3 1 3 1 2 3 3 2 4 1 2 3 4 1 3 2 3 3 2 3 4 4 4 3 3 1 4 3 3 1 2 2 2 4 1 4 1 3 2 3 3 2 2 3 3 3 3 4 4 3 4 4 4 2 4
41 0.035714 1 1 1 1 2 2 1 3 4 1 4 1 3 1 2 4 1 3 3 3 3 3 1 1 2 1 2 1 2 2 3 2 1 1 1 1 2 1 2 1 2 3 4 3 1 1 3 1 4 3 2 4 1 3 3 1 3 3 3 3 1 1 4 4 4 3 4 3 3 3 1 1 2 3 3 3 3 4 0 0 0 1 1 1 1 1 3 1 3 3 1 1 1 1 3 0 0 0 3 4 3 2 4 1 3 2 4 4 3 3 3 3 2 3 1 3 3 2 4 1 4 4 3 2 4 1 1 2 1 1 4 3 3 4 1 2 4 1 1 4 1 3 4 4 2 4 4 3 4 2 3 4 3 2 4 3 3 2 1 3 3 2 3 3 3 1 4 1 1 4 4 1 1 2 1 3 1 1 1 3 1 4 4 2 1 1 3 4 4 4 4 1 1 4 4 3 4 1 1 2 4 4 3 3 1 1 4 3 1 4 2 1 2 1 3 3 3 4 1 1 4 1 1 2 3 2 2 1 4 2 1 3 2 4 2 4 4 1 4 1 4 1 1 1 3 1 3 1 3 4 4 3 1 1 3 1 4 3 2 1 3 1 3 1 3 4 3 2 1 1 2 3 3 4 2 4 4 1 2 4 3 1 2 2 2 2 3 1 3 4 4 1 4 4 2 3 3 3 3 3 2 4 4 3 2 1 2 3 1 2 3 2 3 1 3 1 2 3 3 2 4 1 2 3 4 1 3 2 3 3 2 3 4 4 4 3 3 1 4 3 3 1 2 2 2 4 1 4 1 3 2 3 3 2 2 3 3 3 3 4 4 3 4 4 4 2 3
41 0.035714 1 1 1 1 2 2 1 3 4 1 4 1 3 1 2 4 1 3 3 3 3 3 1 1 2 1 2 1 2 2 3 2 1 1 1 1 2 1 2 1 2 3 4 3 1 1 3 1 4 3 2 4 1 3 3 1 3 3 3 3 1 1 4 4 4 3 4 3 3 3 1 1 2 3 3 3 3 4 0 0 0 1 1 1 1 1 3 1 3 3 1 1 1 1 3 0 0 0 3 4 3 2 4 1 3 2 4 4 3 3 3 3 2 3 1 3 3 2 4 1 4 4 3 2 4 1 1 2 1 1 4 3 3 4 1 2 4 1 1 4 1 3 4 4 2 4 4 3 4 2 3 4 3 2 4 3 3 2 1 3 3 2 3 3 3 1 4 1 1 4 4 1 1 2 1 3 1 1 1 3 1 4 4 2 3 1 3 4 4 4 4 1 1 4 4 3 4 1 1 2 4 4 3 3 1 1 4 3 1 4 2 1 2 1 3 3 3 4 1 1 4 1 1 2 3 2 2 1 4 2 1 3 2 4 2 4 4 1 4 1 4 1 1 1 3 1 3 1 3 4 4 3 3 1 3 1 4 3 2 1 3 1 3 1 3 4 3 2 1 1 2 3 3 4 2 4 4 1 2 4 3 1 2 2 2 2 3 1 3 4 4 1 4 4 2 3 3 3 3 3 2 4 4 3 2 1 2 3 1 2 3 2 3 1 3 1 2 3 3 2 4 1 2 3 4 1 3 2 3 3 2 3 4 4 4 3 3 1 4 3 3 1 2 2 2 4 1 4 1 3 2 3 4 2 2 1 3 3 3 4 4 3 4 4 4 2 4
41 0.035714 1 1 1 1 2 2 1 3 4 1 4 1 3 1 2 4 1 3 3 3 3 3 1 1 2 1 2 1 2 2 3 2 1 1 1 1 2 1 2 1 2 3 4 3 1 1 3 1 4 3 2 4 1 3 3 1 3 3 3 3 1 1 4 4 4 3 4 3 3 3 1 1 2 3 3 3 3 4 0 0 0 1 1 1 1 1 3 1 3 3 1 1 1 1 3 0 0 0 3 4 3 2 4 1 3 2 4 4 3 3 3 3 2 3 1 3 3 2 4 1 4 4 3 2 4 1 1 2 1 1 4 3 3 4 1 2 4 1 1 4 1 3 4 4 2 4 4 3 4 2 3 2 3 2 4 3 3 2 1 3 3 2 3 3 3 1 4 1 1 4 4 1 1 2 1 3 1 1 1 3 1 4 2 2 1 0 0 0 0 0 0 0 0 0 1 3 4 1 1 2 4 4 3 3 1 1 4 3 1 4 2 1 2 1 3 3 3 4 1 1 4 1 1 2 3 2 2 1 4 2 1 3 2 4 2 4 4 1 4 1 4 1 1 1 3 1 3 1 3 4 4 3 3 1 3 1 4 3 2 1 3 1 3 1 3 4 3 2 1 1 2 3 3 4 2 4 2 1 2 4 3 1 2 2 2 2 3 1 3 4 4 1 4 4 2 3 3 3 3 3 2 4 4 3 2 1 2 3 1 2 3 2 3 1 3 1 2 3 3 2 4 1 2 3 4 1 3 2 3 3 2 3 4 4 4 3 3 1 4 3 3 1 2 2 2 4 1 4 1 3 2 3 4 2 2 1 3 3 3 4 4 3 4 4 4 2 4
41 0.035714 1 1 1 1 2 2 1 3 4 1 4 1 3 1 2 4 1 3 3 3 3 3 1 1 2 1 2 1 2 2 3 2 1 1 1 1 2 1 2 1 2 3 4 3 1 1 3 1 4 3 2 4 1 3 3 1 3 3 3 3 1 1 4 4 4 3 4 3 3 3 1 1 2 3 3 3 3 4 0 0 0 1 1 1 1 1 3 1 3 3 1 1 1 1 3 0 0 0 3 4 3 2 4 1 3 2 4 4 3 3 3 3 2 3 1 3 3 2 4 1 4 4 3 2 4 1 1 2 1 1 4 3 3 4 1 2 4 1 1 4 1 3 4 4 2 4 4 3 4 2 3 4 3 2 4 3 3 2 1 3 3 2 3 3 3 1 4 1 1 4 4 1 1 2 1 3 1 1 1 3 1 4 4 2 1 1 3 4 4 4 4 1 1 4 4 3 4 1 1 2 4 4 3 3 1 1 4 3 1 4 2 1 2 1 3 3 3 4 1 1 4 1 1 2 3 2 2 1 4 2 1 3 2 4 2 4 4 1 4 1 4 1 1 1 1 1 3 1 3 4 4 3 3 1 3 1 4 3 2 1 3 1 3 1 3 4 3 2 1 1 1 3 3 4 2 4 4 1 2 4 3 1 2 2 2 2 3 1 3 4 4 1 4 4 2 3 3 3 3 3 2 4 4 3 2 1 2 3 1 2 3 2 3 1 3 1 2 3 3 2 4 1 2 3 4 1 3 2 3 3 2 3 4 4 4 3 3 1 4 3 3 1 2 2 2 4 1 4 1 3 2 3 3 2 2 3 3 3 3 4 4 3 4 4 4 2 4
41 0.035714 3 1 2 1 2 2 1 3 4 1 4 1 3 1 2 4 1 3 3 3 3 3 1 1 2 1 2 1 2 2 3 2 1 1 1 1 2 1 2 1 2 3 4 3 1 1 3 1 4 3 2 4 1 3 3 1 3 3 3 3 1 1 4 4 4 3 4 3 3 3 1 1 2 3 3 3 3 4 0 0 0 1 1 1 1 1 3 1 3 3 1 1 1 1 3 0 0 0 3 4 3 2 4 1 3 2 4 4 3 3 3 3 2 3 1 3 3 2 4 1 4 4 3 2 4 1 1 2 1 1 4 3 3 4 1 2 4 1 1 4 1 3 4 4 2 4 4 3 4 2 3 4 3 2 4 3 3 2 1 3 3 2 3 3 3 1 4 1 1 4 4 1 1 2 1 3 1 1 1 3 1 4 4 2 1 1 3 4 4 4 4 1 1 4 4 3 4 1 1 2 4 4 3 3 1 1 4 3 1 4 2 1 2 1 3 3 3 4 1 1 4 1 1 2 3 2 2 1 4 2 1 3 2 4 2 4 4 1 4 1 4 1 1 1 3 1 3 1 3 4 4 3 3 1 3 1 4 3 2 1 3 1 3 1 3 4 3 2 1 1 2 3 3 4 2 4 4 1 2 4 3 1 2 2 2 2 3 1 3 4 4 1 4 4 2 3 3 3 3 3 2 4 4 3 2 1 2 3 1 2 3 2 3 1 3 1 2 3 3 2 4 1 2 3 4 1 3 2 3 3 2 3 4 4 4 3 3 3 4 3 3 1 2 2 2 4 1 4 1 3 2 3 3 2 2 3 3 3 3 4 4 3 4 4 4 2 4
41 0.035714 1 1 1 1 2 2 1 3 4 1 4 1 3 1 2 4 1 3 3 3 3 3 1 1 2 1 2 1 2 2 3 2 1 1 1 1 2 1 2 1 2 3 4 3 1 1 3 1 4 3 2 4 1 3 3 1 3 3 3 3 1 1 4 4 4 3 4 3 3 3 1 1 2 3 3 3 3 4 0 0 0 1 1 1 1 1 3 1 3 3 1 1 1 1 3 0 0 0 3 4 3 2 4 1 3 2 4 4 3 3 3 3 2 3 1 3 3 2 4 1 4 4 3 2 4 1 1 2 1 1 4 3 3 4 1 2 4 1 1 4 1 3 4 4 2 4 4 3 4 2 3 4 3 2 4 3 3 2 1 3 3 2 3 3 3 1 4 1 1 4 4 1 1 2 1 3 1 1 1 3 1 4 4 2 1 1 3 4 4 4 4 1 1 4 4 3 4 1 1 2 4 4 3 3 1 1 4 3 1 4 2 1 2 1 3 3 3 4 1 1 4 1 1 2 3 2 2 1 4 2 1 3 2 4 2 4 4 1 4 1 4 1 1 1 3 1 3 1 3 4 4 3 1 1 3 1 4 3 2 1 3 1 3 1 3 4 3 2 1 1 2 3 3 4 2 4 4 1 2 4 3 1 2 2 2 2 3 1 3 4 4 1 4 4 2 3 3 3 3 3 2 4 4 3 2 1 2 3 1 2 3 2 3 1 3 1 2 3 3 2 4 1 2 3 4 1 3 2 3 3 2 3 4 4 4 3 3 3 4 3 3 1 2 2 2 4 1 4 1 3 2 3 3 2 2 3 3 3 3 4 4 3 4 4 4 2 4
69 0.043478 1 4 1 1 2 2 1 3 4 1 4 1 3 1 2 4 1 3 3 3 3 3 1 1 2 1 2 1 2 2 3 2 1 1 1 1 2 1 2 1 2 3 4 3 1 1 3 1 4 3 2 4 1 3 3 1 3 3 3 3 1 1 4 4 4 3 4 3 3 3 1 1 2 3 3 3 3 4 0 0 0 1 1 1 1 1 3 1 3 3 1 1 1 1 3 0 0 0 3 4 3 4 4 1 3 2 4 4 3 3 3 3 2 3 1 3 3 2 4 1 4 4 3 2 4 1 1 2 1 1 4 3 3 4 1 2 4 1 1 4 1 3 4 4 2 4 4 3 4 2 3 4 3 2 4 3 3 2 1 3 3 2 3 3 1 1 4 1 1 4 4 1 1 2 1 3 1 1 1 3 1 4 4 2 1 1 3 4 4 4 4 1 1 4 4 3 4 1 1 2 4 4 3 3 1 1 4 3 1 4 2 1 2 1 3 3 3 4 1 1 4 1 1 2 3 2 2 1 4 2 1 3 2 4 2 4 4 1 4 1 4 1 1 1 3 1 3 1 3 4 4 3 3 1 3 1 4 3 2 1 3 1 3 1 3 4 3 2 1 1 2 3 3 4 2 4 4 1 2 4 3 1 2 2 2 2 3 1 3 4 4 1 4 4 2 3 3 3 3 3 2 4 4 3 2 1 2 3 1 2 3 2 3 1 3 1 2 3 3 2 4 1 2 3 4 1 3 2 3 3 2 3 4 4 4 3 3 1 4 3 3 1 2 2 2 4 1 4 1 3 2 3 3 2 2 3 3 3 3 4 4 3 4 4 4 2 4
69 0.434783 1 4 1 1 2 2 1 3 4 1 4 1 3 1 2 4 1 3 3 3 3 3 1 1 2 1 2 1 2 2 3 2 1 1 1 1 2 1 2 1 2 3 4 3 1 1 3 1 4 3 2 4 1 3 3 1 3 3 3 3 1 1 4 4 4 3 4 3 3 3 1 1 2 3 3 3 3 4 0 0 0 1 1 1 1 1 3 1 3 3 1 1 1 1 3 0 0 0 3 4 3 2 4 1 3 2 4 4 3 3 3 3 2 3 1 3 3 2 4 1 4 4 3 2 4 1 1 2 1 1 4 3 3 4 1 2 4 1 1 4 1 3 4 4 2 4 4 3 4 2 3 4 3 2 4 3 3 2 1 3 3 2 3 3 1 1 4 1 1 4 4 1 1 2 1 3 1 1 1 3 1 4 4 2 1 1 3 4 4 4 4 1 1 4 4 3 4 1 1 2 4 4 3 3 1 1 4 3 1 4 2 1 2 1 3 3 3 4 1 1 4 1 1 2 3 2 2 1 4 2 1 3 2 4 2 4 4 1 4 1 4 1 1 1 3 1 3 1 3 4 4 3 3 1 3 1 4 3 2 1 3 1 3 1 3 4 3 2 1 1 2 3 3 4 2 4 4 1 2 4 3 1 2 2 2 2 3 1 3 4 4 1 4 4 2 3 3 3 3 3 2 4 4 3 2 1 2 3 1 2 3 2 3 1 3 1 2 3 3 2 4 1 2 3 4 1 3 2 3 3 2 3 4 4 4 3 3 1 4 3 3 1 2 2 2 4 1 4 1 3 2 3 3 2 2 3 3 3 3 4 4 3 4 4 4 2 4
69 0.043478 1 4 1 1 2 2 1 3 4 1 4 1 3 1 2 4 1 3 3 3 1 3 1 1 2 1 2 1 2 2 3 2 1 1 1 1 2 1 2 1 2 3 4 3 1 1 3 1 4 3 2 4 1 3 3 1 3 3 3 3 1 1 4 4 4 3 4 3 3 3 1 1 2 1 3 3 3 4 0 0 0 1 1 1 1 1 3 1 3 3 1 1 1 1 3 0 0 0 1 4 3 2 4 1 3 2 4 4 3 3 3 3 2 3 1 3 3 2 4 1 4 4 3 2 4 1 1 2 1 1 4 3 3 4 1 2 4 1 1 4 1 3 4 4 2 4 4 3 4 2 3 4 3 2 4 3 3 2 1 3 3 2 3 3 1 1 4 1 1 4 4 1 1 2 1 3 1 1 1 3 1 4 4 2 1 1 3 4 4 4 4 1 1 4 4 3 4 1 1 2 4 4 3 3 1 1 4 3 1 4 2 1 2 1 3 3 3 4 1 1 4 1 1 2 3 2 2 1 4 2 1 1 2 4 2 4 4 1 4 1 4 1 1 1 3 1 3 1 1 4 4 3 3 1 3 1 4 3 2 1 3 1 3 1 3 4 3 2 1 1 2 3 3 4 2 4 4 1 2 4 3 1 2 2 2 2 3 1 3 4 4 1 4 4 2 3 3 3 3 3 2 4 4 3 2 1 2 3 1 2 3 2 3 1 3 1 2 1 1 2 4 1 2 3 4 1 3 2 3 3 2 1 4 4 4 1 3 1 4 3 3 1 2 2 2 4 1 4 1 3 2 3 1 2 2 3 3 3 3 4 4 3 4 4 2 2 4
69 0.043478 1 4 1 1 2 2 1 3 4 1 4 1 3 1 2 4 1 3 3 3 3 3 1 1 2 1 4 1 2 2 3 2 1 1 1 1 2 1 2 1 2 3 4 3 1 1 3 1 4 3 2 4 1 3 3 1 3 3 3 3 1 1 4 4 4 3 4 3 3 3 1 1 2 3 3 3 3 4 0 0 0 1 1 1 1 1 3 1 3 3 1 1 1 1 3 0 0 0 3 4 3 2 4 1 3 2 4 4 3 3 3 3 2 3 1 3 3 2 4 1 4 4 3 2 4 1 1 2 1 1 4 3 3 4 1 2 4 1 1 4 1 3 4 4 2 4 4 3 4 2 3 4 3 2 4 3 3 2 1 3 3 2 3 3 1 1 4 1 1 4 4 1 1 2 1 3 1 1 1 3 1 4 4 2 1 1 3 4 4 4 4 1 1 4 4 3 4 1 1 2 4 4 3 3 1 1 4 3 1 4 2 1 2 1 3 3 3 4 1 1 4 1 1 2 3 2 2 1 4 2 1 3 2 4 2 4 4 1 4 1 4 1 1 1 3 1 3 1 3 4 4 3 3 1 3 1 4 3 2 1 3 1 3 1 3 4 3 2 1 1 2 3 3 4 2 4 4 1 2 4 3 1 2 2 2 2 3 1 3 4 4 1 4 4 2 3 3 3 3 3 2 4 4 3 2 1 2 1 1 2 3 2 3 1 3 1 2 3 3 2 4 1 2 3 4 1 3 2 3 3 2 3 4 4 4 3 3 1 4 3 3 1 2 2 2 4 1 4 1 3 2 3 3 2 2 3 3 3 3 4 4 1 4 4 4 2 4
69 0.043478 1 4 1 1 2 2 1 3 4 1 4 1 3 1 2 4 1 3 3 3 3 3 1 1 2 1 2 1 2 2 3 2 1 1 1 1 2 1 2 1 2 3 4 3 1 1 3 1 4 3 2 4 1 3 3 1 3 3 3 3 1 1 4 4 4 1 4 3 3 3 1 1 2 3 3 3 3 4 0 0 0 1 1 1 1 1 3 1 3 3 1 1 1 1 3 0 0 0 3 4 3 2 4 1 3 2 4 4 3 3 3 3 2 3 1 3 3 2 4 1 4 4 3 2 4 1 1 2 1 1 4 3 3 4 1 2 4 1 1 4 1 3 4 4 2 4 4 3 4 2 3 4 3 2 4 3 3 2 1 3 3 2 3 3 1 1 4 1 1 4 4 1 1 2 1 3 1 1 1 3 1 4 4 2 1 1 3 4 4 4 4 1 1 4 4 3 4 1 1 2 4 4 3 3 1 1 4 3 1 4 2 1 2 1 3 3 3 4 1 1 4 1 1 2 3 2 2 1 4 2 1 3 2 4 2 4 4 1 4 1 4 1 1 1 3 1 3 1 3 4 4 3 3 1 3 1 4 3 2 1 3 1 3 1 3 4 3 2 1 1 2 3 3 4 2 4 4 1 2 4 3 1 2 2 2 2 3 1 3 4 4 1 4 4 2 3 3 3 3 3 2 4 4 3 2 1 2 3 1 2 3 2 3 1 3 1 2 3 3 2 4 1 2 3 4 1 3 2 3 3 2 3 4 4 4 3 3 1 4 3 3 1 2 2 2 4 1 4 1 3 2 3 3 2 2 3 3 3 3 4 4 3 4 4 4 2 4
69 0.043478 1 4 1 1 2 2 1 3 4 1 4 1 3 1 2 4 1 3 3 3 3 3 1 1 2 1 2 1 2 2 3 2 1 1 1 1 2 1 2 1 2 3 4 3 1 1 3 1 4 3 2 4 1 3 3 1 3 3 3 3 1 1 4 4 4 3 4 3 3 3 1 1 2 3 3 3 3 4 0 0 0 1 1 1 1 1 3 1 3 3 1 1 1 1 3 0 0 0 3 4 3 2 4 1 3 2 4 4 3 3 3 3 2 3 1 3 3 2 4 1 4 4 3 2 4 1 1 2 1 1 4 3 3 4 1 2 4 1 1 4 1 3 4 4 2 4 4 3 4 2 3 4 3 2 4 3 3 2 1 3 3 2 3 3 1 1 4 1 1 4 4 1 1 2 1 3 1 1 1 3 1 4 4 2 1 1 3 4 4 4 4 1 1 4 4 3 4 1 1 2 4 4 3 3 1 1 4 3 1 4 2 1 2 1 3 3 3 4 1 1 4 1 1 2 3 2 2 1 4 2 1 3 2 4 2 4 4 1 4 1 4 1 1 1 3 1 3 1 3 4 4 3 3 1 3 1 4 3 2 1 3 1 3 1 3 4 3 2 1 1 2 3 3 4 2 4 4 1 2 4 3 1 2 2 2 2 3 1 3 4 4 1 4 4 2 3 3 3 3 3 2 4 4 3 2 1 2 3 1 2 3 2 3 1 3 1 2 3 3 2 4 1 2 3 4 1 3 2 3 3 2 3 4 4 4 3 3 1 4 3 3 1 2 2 2 4 1 4 1 3 2 3 3 2 2 3 3 3 3 4 4 3 2 4 4 2 4
69 0.043478 1 4 1 1 2 2 1 3 4 1 4 1 3 1 2 4 1 3 3 3 3 3 1 1 2 1 2 1 2 2 3 2 1 1 1 1 2 1 2 1 2 3 4 3 1 1 3 1 4 3 2 4 1 3 3 1 3 3 3 3 1 1 4 4 4 3 4 3 3 3 1 1 2 3 3 3 3 4 0 0 0 1 1 1 1 1 3 1 3 3 1 1 1 1 3 0 0 0 3 4 3 2 4 1 3 2 4 4 3 3 3 3 2 3 1 3 3 2 4 1 4 4 3 2 4 1 1 2 1 1 4 3 3 4 1 2 4 1 1 4 1 3 4 4 2 4 4 3 4 2 3 4 3 2 4 3 3 2 1 3 3 2 3 3 1 1 4 1 1 4 4 1 1 2 1 3 1 1 1 3 1 4 4 2 1 1 3 4 4 4 4 1 1 4 4 3 4 1 1 2 4 4 3 3 1 1 4 3 1 4 2 1 2 1 3 3 3 4 1 1 4 1 1 2 3 2 2 1 4 2 1 3 2 4 2 4 4 1 4 1 4 1 1 1 3 1 3 1 3 4 4 3 3 1 3 1 4 3 2 1 3 1 3 1 3 4 3 2 1 1 2 3 3 4 2 4 4 1 2 4 3 1 2 2 2 2 3 1 3 4 4 1 4 4 4 3 3 3 3 3 2 4 4 3 2 1 2 3 1 2 3 2 3 1 3 1 4 3 3 2 4 1 2 3 4 1 3 2 3 3 2 3 4 4 4 3 3 1 4 3 3 1 2 2 2 4 1 4 1 3 2 3 3 2 2 3 3 3 3 4 4 3 4 4 4 2 4
69 0.043478 1 4 1 1 2 2 1 3 4 1 4 1 3 1 2 4 1 3 3 3 3 3 1 1 2 1 2 1 2 2 3 2 1 1 1 1 2 1 2 1 2 3 4 3 1 1 3 1 4 3 2 4 1 3 3 1 3 3 3 3 1 1 4 4 4 3 4 3 3 3 1 1 2 3 3 3 3 4 0 0 0 1 1 1 1 1 3 1 3 3 1 1 1 1 3 0 0 0 3 4 3 2 4 1 3 2 4 4 3 3 3 3 2 3 1 3 3 2 4 1 4 4 3 2 4 1 1 2 1 1 4 3 3 4 1 2 4 1 1 4 1 3 4 4 2 4 4 3 4 2 3 4 3 2 4 3 3 2 1 3 3 2 3 3 1 1 4 1 1 4 4 1 1 2 1 3 1 1 1 3 1 4 4 2 1 1 3 4 4 4 4 1 1 4 4 3 4 1 1 2 4 4 3 3 1 1 4 3 1 4 2 1 2 1 3 3 3 4 1 1 4 1 1 2 3 2 2 1 4 2 1 3 2 4 2 4 4 1 4 1 4 1 1 1 3 1 3 1 3 4 4 3 3 1 3 1 4 3 2 1 3 1 3 1 3 4 3 2 1 1 2 3 3 4 2 4 4 1 2 4 3 1 2 2 2 2 3 1 3 4 4 1 4 4 2 3 3 3 3 3 2 4 4 3 2 1 2 3 1 2 3 2 3 1 3 1 2 3 3 2 4 1 2 3 4 1 3 2 3 3 2 3 4 4 4 3 3 1 4 3 3 1 2 2 2 4 1 4 1 3 2 3 3 2 2 3 3 3 3 4 3 3 4 4 4 2 4
69 0.043478 1 4 1 1 2 2 1 3 4 1 4 1 3 1 2 4 1 3 3 3 3 3 1 1 2 1 2 1 2 2 3 2 1 1 1 1 2 1 2 1 2 3 4 3 1 1 3 1 4 3 2 4 1 3 3 1 3 3 3 3 1 1 4 4 4 3 4 3 3 3 1 1 2 3 3 3 3 4 0 0 0 1 1 1 1 1 3 1 3 3 1 1 1 1 3 0 0 0 3 4 3 2 4 1 3 2 4 4 3 3 3 3 2 3 1 3 3 2 4 1 4 4 3 2 4 1 1 2 1 1 4 3 3 4 1 2 4 1 1 4 1 3 4 4 2 4 4 3 4 2 3 4 3 2 4 3 3 2 1 3 3 2 3 3 1 1 4 1 1 4 4 1 1 2 1 3 1 1 1 3 1 4 4 2 1 1 3 4 4 4 4 1 1 4 4 3 4 1 1 2 4 4 3 3 1 1 4 3 1 4 2 1 2 1 3 3 3 4 1 1 4 1 1 2 3 2 2 1 4 2 1 3 2 4 2 4 4 1 4 1 4 1 1 1 3 1 3 1 3 4 4 3 3 1 3 1 4 3 2 1 3 1 3 1 3 4 3 2 1 1 2 3 3 4 2 4 4 1 2 4 3 1 2 2 2 2 1 1 3 4 4 1 4 4 2 3 3 3 3 3 2 4 4 3 2 1 2 3 1 2 3 2 3 1 3 1 2 3 3 2 4 1 2 3 4 1 3 2 3 3 2 3 4 4 4 3 3 1 4 3 3 1 2 2 2 4 1 4 1 3 2 3 3 2 2 3 3 3 3 4 4 3 4 4 4 2 4
69 0.043478 1 4 1 1 2 2 1 3 4 1 4 1 3 1 2 4 1 3 3 3 3 3 1 1 2 1 2 1 4 2 3 2 1 1 1 1 2 1 2 1 2 3 4 3 1 1 3 1 4 3 2 4 1 3 3 1 3 3 3 3 1 1 4 4 4 3 4 3 3 3 1 1 2 3 3 3 3 4 0 0 0 1 1 1 1 1 3 1 3 3 1 1 1 1 3 0 0 0 3 4 3 2 4 1 3 2 4 4 3 3 3 3 2 3 1 3 3 2 4 1 4 4 3 2 4 1 1 2 1 1 4 3 3 4 1 2 4 1 1 4 1 3 4 4 2 4 4 3 4 2 3 4 3 2 4 3 3 2 1 3 3 2 3 3 1 1 4 1 1 4 4 1 1 2 1 3 1 1 1 3 1 4 4 2 1 1 3 4 4 4 4 1 1 4 4 3 4 1 1 2 4 4 3 3 1 1 4 3 1 4 2 1 2 1 3 3 3 4 1 1 4 1 1 2 3 2 2 1 4 2 1 3 2 4 2 4 4 1 4 1 4 1 1 1 3 1 3 1 3 4 4 3 3 1 3 1 4 3 2 1 1 1 3 1 3 4 3 2 1 1 2 3 3 4 2 4 4 1 2 4 3 1 2 2 2 2 3 1 3 4 4 1 4 4 2 3 3 3 3 3 2 4 4 3 2 1 2 3 1 2 3 2 3 1 3 1 2 3 3 2 4 1 2 3 4 1 3 2 3 3 2 3 4 4 4 3 3 1 4 3 3 1 2 2 2 4 1 4 1 3 2 3 3 2 2 3 3 3 3 4 4 3 4 4 4 2 4
69 0.043478 1 4 1 1 2 2 1 3 4 1 4 1 3 1 2 4 1 3 3 3 3 3 1 1 2 1 2 1 2 2 3 2 1 1 1 1 2 1 2 1 2 3 4 3 1 1 3 1 4 3 2 4 1 3 3 1 3 3 3 3 1 1 4 4 4 3 4 3 3 3 1 1 2 3 3 3 3 4 0 0 0 1 1 1 1 1 3 1 3 3 1 1 1 1 3 0 0 0 3 4 3 2 4 1 3 2 4 4 3 3 3 3 2 3 1 3 3 2 4 1 4 4 3 2 4 1 1 2 1 1 4 3 3 4 1 2 4 1 1 4 1 3 4 4 2 4 4 3 4 2 3 4 3 2 4 3 3 2 1 3 3 2 3 3 3 1 4 1 1 4 4 1 1 2 1 3 1 1 1 3 1 4 4 2 1 1 3 4 4 4 4 1 1 4 4 3 4 1 1 2 4 4 3 3 1 1 4 3 1 4 2 1 2 1 3 3 3 4 1 1 4 1 1 2 3 2 2 1 4 2 1 3 2 4 2 4 4 1 4 1 4 1 1 1 3 1 3 1 3 4 4 3 3 1 3 1 4 3 2 1 3 1 3 1 3 4 3 2 1 1 2 3 3 4 2 4 4 1 2 4 3 1 2 2 2 2 3 1 3 4 4 1 4 4 2 3 3 3 3 3 2 4 4 3 2 1 2 3 1 2 3 2 3 1 3 1 2 3 3 2 4 1 2 3 4 1 3 2 3 3 2 3 4 4 4 3 3 1 4 3 3 1 2 2 2 4 1 4 1 3 2 3 3 2 2 3 3 3 3 4 4 3 4 4 4 2 4
69 0.043478 1 4 1 1 2 2 1 3 4 1 4 1 3 1 2 4 1 3 3 3 3 3 1 1 2 1 2 1 2 2 3 2 1 1 1 1 2 1 2 1 2 3 4 3 1 1 3 1 4 3 2 4 1 3 3 1 3 3 3 3 1 1 4 4 4 3 4 3 3 3 1 1 2 3 3 3 3 4 0 0 0 1 1 1 1 1 3 1 3 3 1 1 1 1 3 0 0 0 3 4 3 2 4 1 3 2 4 4 3 3 3 3 2 3 1 3 3 2 4 1 4 4 3 2 4 1 1 2 1 1 4 3 3 4 1 2 4 1 1 4 1 3 4 4 2 4 4 3 4 2 3 4 3 2 4 3 3 2 1 3 3 2 3 3 1 1 4 1 1 4 4 1 1 2 1 3 1 1 1 3 1 4 4 2 1 1 3 4 4 4 4 1 1 4 4 3 4 1 1 2 4 4 3 3 1 1 4 3 1 4 2 1 2 1 3 3 3 4 1 1 4 1 1 2 3 2 2 1 4 2 1 3 4 4 2 4 4 1 4 1 4 1 1 1 3 1 3 1 3 4 4 3 3 1 3 1 4 3 2 1 3 1 3 1 3 4 3 2 1 1 2 3 3 4 2 4 4 1 2 4 3 1 2 2 2 2 3 1 3 4 4 1 4 4 2 3 3 3 3 3 2 4 4 3 2 1 2 3 1 2 3 2 3 1 3 1 2 3 3 2 4 1 2 3 4 1 3 2 3 3 2 3 4 4 4 3 3 1 4 3 3 1 2 2 2 4 1 4 1 3 2 3 3 2 2 3 3 3 3 4 4 3 4 4 4 2 4
69 0.043478 1 4 1 1 2 2 1 3 4 1 4 1 3 1 2 4 1 3 3 3 3 3 1 1 2 1 2 1 2 2 1 2 1 1 1 1 2 1 2 1 2 3 4 3 1 1 3 1 4 3 2 4 1 3 3 1 3 3 3 3 3 1 4 4 4 3 4 3 3 3 1 1 2 3 3 3 3 4 0 0 0 1 1 1 1 1 3 1 3 3 1 1 1 1 3 0 0 0 3 4 3 2 4 1 3 2 4 4 3 3 3 3 2 3 1 3 3 2 4 1 4 4 3 2 4 1 1 2 1 1 4 3 3 4 1 2 4 1 1 4 1 3 4 4 2 4 4 3 4 2 3 4 3 2 4 3 3 2 1 3 3 2 3 3 1 1 4 1 1 4 4 1 1 2 1 3 1 1 1 3 1 4 4 2 1 1 3 4 4 4 4 1 1 4 4 3 4 1 1 2 4 4 3 3 1 1 4 3 1 4 2 1 2 1 3 3 3 4 1 1 4 1 1 2 3 2 2 1 4 2 1 3 2 4 2 4 4 1 4 1 4 1 1 1 3 1 3 1 3 4 4 3 3 1 3 1 4 3 2 1 3 1 3 1 3 4 3 2 1 1 2 3 3 4 2 4 4 1 2 4 3 1 2 2 2 2 3 1 3 4 4 1 1 4 2 3 3 3 3 3 2 4 4 3 2 1 2 3 1 2 3 2 3 1 3 1 2 3 3 2 4 1 2 3 4 1 3 2 3 3 2 3 4 4 4 3 3 1 4 3 3 1 2 2 2 4 1 4 1 3 2 3 3 2 2 3 3 3 3 4 4 3 4 4 4 2 4
69 0.043478 1 1 1 1 2 2 1 3 4 1 1 1 3 3 2 4 1 3 3 3 3 3 1 1 2 1 2 1 2 2 3 2 1 1 1 1 2 1 2 1 2 3 4 3 1 1 3 1 4 3 2 4 1 3 3 1 3 3 3 3 1 1 4 4 4 3 4 3 3 3 1 1 2 3 3 3 3 4 0 0 0 1 1 1 1 1 3 1 3 3 1 1 1 1 3 0 0 0 3 4 3 2 4 1 3 2 4 4 3 3 3 3 2 3 1 3 3 2 4 1 4 4 3 2 4 1 1 2 1 1 4 3 3 4 1 2 4 1 1 4 1 3 4 4 2 4 4 3 4 2 3 4 3 2 4 3 3 2 1 3 3 2 3 3 3 1 4 1 1 4 4 1 1 2 1 3 1 1 1 3 1 4 4 2 1 1 3 4 4 4 4 1 1 4 4 3 4 1 1 2 4 4 3 3 1 1 4 3 1 4 2 1 2 1 3 3 3 4 1 1 4 1 1 2 3 2 2 1 4 2 1 3 2 4 2 4 4 1 4 1 4 1 1 1 3 1 3 1 3 4 4 3 3 1 3 1 4 3 2 1 3 1 3 1 3 4 3 2 1 1 2 3 3 4 2 4 4 1 2 4 3 3 2 2 2 2 3 1 3 4 4 1 4 4 2 3 3 3 3 3 2 4 4 3 2 1 2 3 1 2 3 2 3 1 3 1 2 3 3 2 4 1 2 3 4 1 3 2 3 3 2 3 4 4 4 3 3 1 4 3 3 1 2 2 2 4 1 4 1 3 2 3 3 2 2 3 3 3 3 4 4 3 4 4 4 2 4
174 0.040000 1 4 1 1 2 2 1 3 4 1 4 1 3 1 2 4 1 3 3 3 3 3 1 1 2 1 2 1 2 2 3 2 1 1 1 1 2 1 2 1 2 3 4 3 1 1 3 1 4 3 2 4 1 3 1 1 3 3 3 3 1 1 4 4 4 3 4 3 3 1 1 1 2 3 3 3 3 4 0 0 0 1 1 1 1 1 3 1 3 3 1 1 1 1 3 0 0 0 3 4 3 2 4 1 3 2 4 4 3 3 3 3 2 3 1 3 3 2 4 1 4 4 3 2 4 1 1 2 1 1 4 3 3 4 1 2 4 1 1 4 1 3 4 4 2 4 4 3 4 2 3 4 3 2 4 3 3 2 1 3 3 2 3 3 1 1 4 1 1 4 4 1 1 2 1 3 1 1 1 3 1 4 4 2 1 1 3 4 4 4 4 1 1 4 4 3 4 1 1 2 4 4 3 3 1 1 4 3 1 4 2 1 2 1 3 3 3 4 1 1 4 1 1 2 3 2 2 1 4 2 1 3 2 4 2 4 4 1 4 1 4 1 1 1 3 1 3 1 3 4 4 3 1 1 3 1 4 3 2 1 3 1 3 1 3 4 3 2 1 1 2 3 3 4 2 4 4 1 2 4 3 1 2 2 2 2 3 1 3 4 4 1 4 4 2 3 3 3 3 3 2 4 4 1 2 1 2 3 1 2 3 2 3 1 3 1 2 3 3 2 4 1 2 3 4 1 3 2 3 3 2 3 4 4 4 3 3 1 4 3 3 1 2 2 2 4 1 4 1 1 2 3 3 2 2 3 3 3 3 4 4 3 4 4 4 2 4
174 0.040000 1 4 1 1 2 2 1 3 4 1 4 1 3 1 2 4 1 3 3 3 3 3 1 1 2 1 2 1 2 2 3 2 1 2 1 1 2 1 4 1 2 3 4 3 1 1 3 1 4 3 2 4 1 3 3 1 3 3 3 3 1 1 4 4 4 3 4 3 3 3 1 1 2 3 3 3 3 4 0 0 0 1 1 1 1 1 3 1 3 3 1 1 1 1 3 0 0 0 3 4 3 2 4 1 3 2 4 4 3 3 3 3 2 3 1 3 3 2 4 1 4 4 3 2 4 1 1 2 1 1 4 3 3 4 1 2 4 1 1 4 1 3 4 4 2 4 4 3 4 2 3 4 3 2 4 3 3 2 1 3 3 2 3 3 3 1 4 1 1 4 4 1 1 2 1 3 1 1 1 3 1 4 4 2 1 1 3 4 4 4 4 1 1 4 4 3 4 1 1 2 4 4 3 3 1 1 4 3 1 4 2 1 2 1 3 3 3 4 1 1 4 1 1 2 3 2 2 1 4 2 1 3 2 4 2 4 4 1 4 1 4 1 1 1 3 1 3 1 3 2 4 1 3 1 3 1 4 3 2 1 3 1 3 1 3 4 3 2 1 1 2 3 3 3 2 4 4 1 2 4 3 1 2 2 2 2 3 1 3 4 4 1 4 4 2 3 3 3 3 3 2 4 4 1 2 1 2 3 1 2 3 2 3 1 1 1 2 3 3 2 4 1 2 3 4 1 3 2 3 3 2 3 4 4 4 3 3 1 4 3 1 1 2 2 2 4 1 4 3 3 2 3 3 2 2 3 3 3 3 4 4 3 4 4 4 2 4
174 0.040000 3 1 1 1 2 2 1 3 4 1 4 1 3 1 2 4 1 3 3 3 3 3 1 1 2 1 2 1 2 1 3 2 3 1 1 1 2 1 2 1 2 3 4 3 1 1 3 1 4 3 2 4 1 3 3 1 3 3 3 3 1 1 4 4 4 3 4 3 3 3 1 2 2 3 3 3 3 4 0 0 0 1 1 1 1 1 3 1 3 3 1 1 1 1 3 0 0 0 3 4 3 2 4 1 3 2 4 4 3 3 3 3 2 3 1 3 3 2 4 1 4 4 3 2 4 1 1 2 1 1 4 3 3 4 1 2 4 1 1 4 1 3 4 4 2 4 4 3 4 2 3 4 3 2 4 3 3 2 1 3 3 4 3 3 3 1 4 1 1 4 4 1 1 2 1 3 1 1 1 3 1 4 4 2 1 1 3 4 4 4 4 1 1 4 4 3 4 1 1 2 4 4 3 3 1 1 4 3 1 4 2 1 2 1 3 3 3 4 1 1 4 1 1 2 3 2 2 1 4 2 1 3 2 4 2 4 4 1 4 1 4 1 1 1 3 1 3 1 3 4 4 3 1 1 3 1 4 3 2 1 3 1 3 1 3 4 3 2 1 1 2 3 3 4 2 4 4 1 2 4 3 1 2 2 2 2 3 1 3 4 4 1 4 4 2 3 3 3 3 3 2 4 4 1 2 1 2 3 1 2 3 2 3 1 3 1 2 3 3 2 4 1 2 3 4 1 3 2 3 3 2 3 4 4 4 3 3 1 4 3 3 1 2 2 2 4 1 2 1 3 2 3 3 2 2 3 3 3 3 4 4 3 4 4 4 2 4
174 0.040000 1 4 1 1 2 2 1 3 4 1 4 1 3 1 2 4 1 3 3 3 3 3 1 1 2 1 2 1 2 2 3 2 3 1 1 1 2 1 2 1 4 3 2 3 1 1 1 1 4 3 2 4 1 3 3 1 3 3 3 3 1 1 4 4 4 3 4 3 3 3 1 1 2 3 3 3 3 4 0 0 0 1 1 1 1 1 3 1 3 3 1 1 1 1 3 0 0 0 3 4 3 2 4 1 3 2 4 4 3 3 3 3 2 3 1 3 3 2 4 1 4 4 3 2 4 1 1 2 1 1 4 3 3 4 1 2 4 1 1 4 1 3 4 4 2 4 4 3 4 2 3 4 3 2 4 3 3 2 1 3 3 2 3 3 1 1 4 1 1 4 4 1 1 2 1 3 1 1 1 3 1 4 4 2 1 1 3 4 4 4 4 1 1 4 4 3 4 1 1 2 4 4 3 3 1 1 4 3 1 4 2 1 2 1 3 3 3 4 1 1 4 1 1 2 3 2 2 1 4 2 1 3 2 4 2 4 4 1 4 1 4 1 1 1 3 1 3 1 3 4 4 3 1 1 3 1 4 3 2 1 3 1 3 1 3 4 3 2 1 1 2 3 3 4 2 4 4 1 2 4 3 1 2 2 2 2 3 1 3 4 4 1 4 4 2 3 3 3 3 3 2 4 4 1 2 1 2 3 1 2 3 2 3 1 3 1 2 3 3 2 4 1 2 3 4 1 3 2 3 3 2 3 4 4 4 3 3 1 4 3 3 1 2 2 2 4 1 4 1 1 2 3 3 2 2 3 3 3 3 4 4 3 4 4 4 2 4
174 0.040000 1 4 1 1 2 2 1 3 4 1 4 1 3 1 2 4 1 3 3 3 3 3 1 1 2 1 2 1 2 2 3 2 1 2 1 1 2 1 2 3 2 3 4 3 1 1 3 1 4 3 2 4 1 3 3 1 3 3 3 3 1 1 4 4 4 3 4 3 3 3 1 1 2 3 3 3 3 4 0 0 0 1 1 1 1 1 3 1 3 3 1 1 1 1 3 0 0 0 3 2 3 2 4 1 3 2 4 4 3 3 3 3 2 3 1 3 3 2 4 1 4 4 3 2 4 1 1 2 1 1 4 3 3 4 1 2 4 1 1 4 1 3 4 4 2 4 4 3 4 2 3 4 3 2 4 3 3 2 1 3 3 2 3 3 1 1 4 1 1 4 4 1 1 2 1 3 1 1 1 3 1 4 4 2 1 1 3 4 4 4 4 1 1 4 4 3 4 1 1 2 4 4 3 3 1 1 4 3 1 4 2 1 2 1 3 3 3 4 1 1 4 1 1 2 3 2 2 1 4 2 1 3 2 4 2 4 4 1 4 1 4 1 1 1 3 1 3 1 3 4 4 3 3 1 3 1 4 3 2 1 3 1 3 1 3 4 3 2 1 1 2 3 3 4 2 4 4 1 2 4 3 1 2 2 2 2 3 1 3 4 4 1 4 2 2 3 3 3 3 3 2 4 4 1 2 1 2 3 1 2 3 2 3 1 3 1 2 3 3 2 4 1 2 3 4 1 3 2 3 3 2 3 4 4 4 3 3 1 4 3 3 3 2 2 2 4 1 4 1 3 2 3 3 2 2 3 3 3 3 4 4 3 4 4 4 2 4
174 0.040000 1 4 1 1 2 2 1 3 4 1 4 1 3 1 2 4 1 3 3 3 3 3 1 1 2 1 2 1 2 2 3 1 1 1 1 1 2 1 2 1 2 3 4 3 1 1 3 1 4 3 2 4 1 3 3 1 3 3 3 3 1 1 4 4 4 3 4 3 3 3 1 1 2 3 3 3 3 4 0 0 0 1 1 1 1 1 3 1 3 3 1 1 1 1 3 0 0 0 3 4 3 2 4 1 3 2 4 4 3 3 3 3 2 3 1 3 3 2 4 1 4 4 3 2 4 1 1 2 1 1 4 3 3 4 1 2 4 1 1 4 1 3 4 4 2 4 4 3 4 2 3 4 3 2 4 3 3 2 1 3 3 2 3 3 1 1 4 1 1 4 4 1 1 2 1 1 1 1 1 3 1 4 4 2 1 1 3 4 4 4 4 1 1 4 4 3 4 1 1 2 4 4 3 3 1 1 4 3 1 4 2 1 2 1 3 3 3 4 1 1 4 1 1 2 3 2 2 1 4 2 1 3 2 4 2 4 4 1 4 1 4 1 1 1 3 1 3 1 3 4 4 3 1 1 3 1 4 3 2 1 3 1 3 1 3 4 3 2 1 1 2 3 3 4 2 4 4 1 2 4 3 1 2 2 2 2 3 1 3 4 4 1 4 4 2 3 3 3 3 3 2 4 4 3 2 4 2 3 1 2 3 2 3 1 3 1 2 3 3 2 4 1 2 3 4 1 3 2 3 3 2 3 4 4 4 3 3 1 4 1 3 1 2 2 2 4 1 4 3 3 2 3 3 2 2 3 3 3 3 4 4 3 4 4 4 2 4
174 0.040000 1 4 1 1 2 2 1 3 4 1 4 1 3 1 2 4 1 3 3 3 3 3 1 1 2 1 2 1 2 2 3 2 3 1 1 1 2 1 2 1 4 3 4 3 1 3 1 1 4 3 2 4 1 3 3 1 3 3 3 3 1 1 4 4 4 3 4 3 3 3 1 1 2 3 3 3 3 4 0 0 0 1 1 1 1 1 3 1 3 3 1 1 1 1 3 0 0 0 3 4 3 2 4 1 3 2 4 4 3 3 3 3 2 3 1 3 3 2 4 1 4 4 3 2 4 1 1 2 1 1 4 3 3 4 1 2 4 1 1 4 1 3 4 4 2 4 4 3 4 2 3 4 3 2 4 3 3 2 1 3 3 2 3 3 1 1 4 1 1 4 4 1 1 2 1 3 1 1 1 3 1 4 4 2 1 1 3 4 4 4 4 1 1 4 4 3 2 1 1 2 4 4 3 3 1 1 4 3 1 4 2 1 2 1 3 3 3 4 1 1 4 1 1 2 3 2 2 1 4 2 1 3 2 4 2 4 4 1 4 1 4 1 1 1 3 1 3 1 3 4 4 3 1 1 1 1 4 3 2 1 3 1 3 1 3 4 3 2 1 1 2 3 3 4 2 4 4 1 2 4 3 1 2 2 2 2 3 1 3 4 4 1 4 4 2 3 3 3 3 3 2 4 4 1 2 1 2 3 1 2 3 2 3 1 3 1 2 3 3 2 4 1 2 3 4 1 3 2 3 3 2 3 4 4 4 3 3 1 4 3 3 1 2 2 2 4 1 4 1 1 2 3 3 2 2 3 3 3 3 4 4 3 4 4 4 2 4
174 0.040000 1 4 1 1 2 2 1 3 4 1 4 1 3 1 2 4 1 3 3 3 3 3 1 1 2 1 2 1 2 2 3 2 3 1 1 1 2 1 2 1 2 3 4 3 1 1 3 1 4 3 2 4 1 3 3 1 3 3 3 3 1 2 4 4 4 3 4 3 3 3 1 1 2 3 3 3 3 4 1 1 3 3 3 3 1 1 1 1 3 0 0 0 0 0 0 0 0 0 3 4 3 2 4 1 3 2 4 4 3 3 3 3 2 3 1 3 3 2 4 1 4 4 3 2 4 1 1 2 1 1 4 3 3 4 1 4 4 1 1 4 1 3 4 4 2 4 4 3 4 2 3 4 3 2 4 3 3 2 1 3 3 2 3 3 1 1 4 1 1 4 4 1 1 2 1 3 1 1 1 3 1 4 4 2 1 1 3 4 4 4 4 1 1 4 4 1 4 1 1 2 4 4 3 3 1 1 4 3 1 4 2 1 2 1 3 3 3 4 1 1 4 1 1 2 3 2 2 1 4 2 1 3 2 4 2 4 4 1 4 1 4 1 1 1 3 1 3 1 3 4 4 3 3 1 3 1 4 3 4 1 3 1 3 1 3 4 3 2 1 1 2 3 3 4 2 4 4 1 2 4 3 1 2 2 2 2 3 1 3 4 4 1 4 4 2 3 3 3 3 3 2 4 4 1 2 1 2 3 1 2 3 2 3 1 3 1 2 3 3 2 4 1 2 3 4 1 1 2 3 3 2 3 4 4 4 3 3 1 4 3 3 1 2 2 2 4 1 4 1 1 2 3 4 1 2 3 3 3 3 4 4 3 4 4 4 2 4
174 0.040000 1 4 1 1 2 2 1 3 4 1 4 1 3 1 2 4 1 3 3 3 3 3 1 1 2 1 2 1 2 2 3 2 1 2 1 1 2 1 2 1 2 3 4 3 1 1 3 1 4 3 2 4 1 3 3 1 3 3 3 3 1 1 4 4 4 3 4 3 3 3 1 1 2 3 3 3 3 4 0 0 0 1 1 1 1 1 3 1 3 3 1 1 1 1 3 0 0 0 3 4 3 2 4 1 3 2 4 4 3 3 3 3 2 3 1 3 3 2 4 1 4 4 3 2 4 1 1 2 1 1 4 3 3 4 1 2 4 1 1 4 1 3 4 4 2 4 4 3 4 2 3 4 3 2 4 3 3 2 1 3 3 2 3 3 1 1 4 1 1 4 4 1 1 2 1 3 1 1 1 3 1 4 4 2 1 1 3 4 4 4 4 1 1 4 4 3 4 1 1 2 4 4 3 3 1 1 4 3 1 4 2 1 2 1 3 3 3 4 1 1 4 1 1 2 3 2 2 1 4 2 1 3 2 4 2 4 4 1 4 1 4 1 1 1 3 1 3 1 3 4 4 3 3 2 3 1 4 3 2 1 3 1 3 1 3 4 3 2 1 1 2 3 3 4 2 4 4 1 2 4 3 1 2 2 2 2 3 1 3 4 4 1 4 4 2 3 3 3 3 3 2 4 4 1 2 1 2 3 1 2 3 2 3 1 3 1 2 3 3 2 4 1 2 3 4 1 3 2 3 3 2 3 4 4 4 3 3 1 4 3 3 3 2 2 2 4 1 4 1 3 2 3 3 2 2 3 3 3 3 4 4 3 4 4 4 2 4
174 0.040000 1 4 1 1 2 2 1 3 4 1 4 1 3 1 2 4 1 3 3 3 3 3 1 1 2 1 2 3 2 2 3 2 1 2 1 1 2 1 2 1 2 3 4 3 1 1 3 1 4 3 2 4 1 3 3 1 3 3 3 3 1 1 4 2 4 3 4 3 3 1 1 1 2 3 3 3 3 4 0 0 0 1 1 1 1 1 3 1 3 3 1 1 1 1 3 0 0 0 3 4 3 2 4 1 3 2 4 4 3 3 3 3 2 3 1 3 3 2 4 1 4 4 3 2 4 1 1 2 1 1 4 3 3 4 1 2 4 1 1 4 1 3 4 4 2 4 4 3 4 2 3 4 3 2 4 3 3 2 1 3 3 2 3 3 1 1 4 1 1 4 4 1 1 2 1 3 1 1 1 3 1 4 4 2 1 1 3 4 4 4 4 1 1 4 4 3 4 1 1 2 4 4 3 3 1 1 4 3 1 4 2 1 2 1 3 3 3 4 1 1 4 1 1 2 3 2 2 1 4 2 1 3 2 4 2 4 4 1 4 1 4 1 1 1 3 1 3 1 3 4 4 3 3 1 3 1 4 3 2 1 3 1 3 1 3 4 3 2 1 1 2 3 3 4 2 4 4 1 2 4 3 1 2 2 2 2 3 1 3 4 4 1 4 4 2 3 3 3 3 3 2 4 4 1 2 1 2 3 1 2 3 2 3 1 3 1 2 3 3 2 4 1 2 1 4 1 3 2 3 3 2 3 4 4 4 3 3 1 4 3 3 1 2 2 2 4 1 2 1 3 2 3 3 2 2 3 3 3 3 4 4 3 4 4 4 2 4
174 0.040000 1 4 1 1 2 2 1 3 4 1 4 1 3 1 2 4 1 3 3 3 3 3 1 1 2 1 2 1 2 2 3 2 1 2 1 1 2 1 2 1 2 3 4 3 1 1 3 1 4 3 2 4 1 3 3 1 3 3 3 3 1 1 4 4 4 3 4 3 3 3 1 1 2 3 3 3 3 4 0 0 0 1 1 1 1 1 3 1 3 3 1 1 1 1 3 0 0 0 3 4 3 2 4 1 3 2 4 4 3 3 3 3 2 3 1 3 3 2 4 1 4 4 3 2 4 1 1 2 1 1 4 3 3 4 1 2 4 1 1 4 1 3 4 4 2 4 4 1 4 2 3 4 3 2 4 3 3 2 1 3 3 2 3 3 1 1 4 1 1 4 4 1 1 2 1 3 1 1 1 3 1 4 4 4 1 1 3 4 4 4 4 1 1 4 4 3 4 1 1 2 4 4 3 3 1 1 4 3 1 4 2 1 2 1 3 3 3 4 1 1 4 1 1 2 3 2 2 1 4 2 1 3 2 4 2 4 4 1 4 1 4 1 1 1 3 1 3 1 3 4 4 1 3 1 3 1 4 3 2 1 3 1 3 1 3 4 3 2 1 1 2 3 3 4 2 2 4 1 2 4 3 1 2 2 2 2 3 1 3 4 4 1 4 4 2 3 3 3 3 3 2 4 2 3 2 1 2 3 1 2 3 2 3 1 3 1 2 3 3 2 4 1 2 3 4 1 3 2 3 3 2 3 4 4 4 3 3 1 4 3 3 3 2 2 2 4 1 4 1 3 2 3 3 2 2 3 3 3 3 4 4 3 4 4 4 2 4
174 0.040000 1 4 1 1 2 2 1 3 4 1 4 1 3 1 2 4 1 3 3 3 3 3 1 1 2 1 2 1 2 2 3 2 1 1 1 1 2 2 2 1 2 3 4 3 1 1 3 1 4 3 2 4 1 3 3 1 3 3 3 3 1 1 4 4 4 3 4 3 3 3 1 1 2 3 3 3 1 4 0 0 0 1 1 1 1 1 3 1 3 3 1 1 1 1 3 0 0 0 3 4 3 2 4 1 3 2 4 4 3 3 3 3 2 3 1 3 3 2 4 1 4 4 3 2 4 1 1 2 1 1 4 3 3 4 1 2 4 1 1 4 1 3 4 4 2 4 4 3 4 2 3 4 3 2 4 3 3 2 1 3 3 2 3 3 1 1 4 1 1 4 4 1 1 2 1 3 1 1 1 3 1 4 4 2 1 1 3 4 4 4 4 1 1 4 4 3 4 1 1 2 4 4 3 3 1 1 4 3 1 4 2 1 2 1 3 3 3 4 1 1 4 1 1 2 3 2 2 1 4 2 1 3 2 4 2 4 4 1 4 1 4 1 1 1 3 1 3 1 3 4 4 3 3 1 3 3 4 3 2 1 3 1 3 1 3 4 3 2 1 1 2 3 3 4 2 4 4 1 2 4 3 1 2 2 2 2 3 1 3 4 4 1 4 4 2 3 3 1 3 3 2 4 4 1 2 1 2 3 1 2 3 2 3 1 3 1 2 3 3 2 4 1 2 3 4 1 3 2 3 3 2 3 4 4 4 3 3 1 4 3 3 1 2 2 2 4 1 4 1 3 2 3 3 2 2 3 3 3 3 4 4 3 4 4 4 2 4
174 0.040000 1 4 1 1 2 2 1 3 4 1 4 1 3 1 2 4 1 3 3 3 3 3 1 1 2 1 2 1 2 2 3 2 1 2 1 1 2 1 2 1 2 3 4 3 2 1 3 1 4 1 2 4 1 3 3 1 3 3 3 3 1 1 4 4 4 3 4 1 3 3 1 1 2 3 3 3 3 4 0 0 0 1 1 1 1 1 3 1 3 3 1 1 1 1 3 0 0 0 3 4 3 2 4 1 3 2 4 4 3 3 3 3 2 3 1 3 3 2 4 1 4 4 3 2 4 1 1 2 1 1 2 3 3 4 1 2 4 1 1 4 1 3 4 4 2 4 4 3 4 2 3 4 3 2 4 3 3 2 1 3 3 2 3 3 1 3 4 1 1 4 4 1 1 2 1 3 1 1 1 3 1 4 4 2 1 1 3 4 4 4 4 1 1 4 4 3 4 1 1 2 4 4 3 3 1 1 4 3 1 4 2 1 2 1 3 3 3 4 1 1 4 1 1 2 3 2 2 1 4 2 1 3 2 4 2 4 4 1 4 1 4 1 1 1 3 1 3 1 3 4 4 1 3 1 3 1 4 3 2 1 3 1 3 1 3 4 3 2 1 1 2 3 3 4 2 4 4 1 2 4 3 1 2 2 2 2 3 1 3 4 4 1 4 4 2 3 3 3 3 3 2 4 4 3 4 1 2 3 1 2 3 2 3 1 3 1 2 3 3 2 4 1 2 3 4 1 3 2 3 3 2 3 2 4 4 3 3 1 4 3 3 3 2 2 2 4 1 4 1 3 2 3 3 2 2 3 3 3 3 4 4 3 4 4 4 2 4
174 0.040000 1 4 1 1 2 2 1 3 4 1 4 1 3 1 2 4 1 3 3 3 3 3 1 1 2 1 2 1 2 2 3 2 1 2 1 1 2 1 2 1 2 3 4 3 1 1 3 1 4 3 2 4 1 3 3 1 3 3 3 3 1 1 4 4 4 3 4 3 3 3 1 1 2 3 3 3 3 4 0 0 0 1 1 1 1 1 3 1 3 3 1 1 1 1 3 0 0 0 3 4 3 2 4 1 3 2 4 4 3 3 3 3 2 3 1 3 3 2 4 1 4 4 3 2 4 1 1 2 1 1 4 3 3 4 1 2 4 1 1 4 1 3 4 4 2 4 4 3 4 2 3 4 3 2 4 3 3 2 1 3 3 2 3 3 1 1 4 1 1 4 4 1 1 2 1 3 1 1 3 3 1 4 4 2 1 1 3 4 4 4 4 1 1 4 4 3 4 1 1 2 4 4 3 3 1 1 4 3 1 4 2 1 2 1 3 3 3 4 1 1 4 1 1 2 3 2 2 1 4 2 1 3 2 4 2 4 4 1 4 1 4 1 1 1 3 1 3 1 3 4 4 3 3 1 3 1 4 3 2 1 3 1 3 1 3 4 3 2 1 1 2 3 3 4 2 4 4 1 2 4 3 1 2 2 2 2 3 1 3 4 4 1 4 4 2 3 3 3 3 3 2 4 4 3 2 1 2 3 1 2 3 2 3 1 3 1 2 3 3 2 4 1 2 3 4 1 3 2 3 3 2 3 4 4 4 3 3 1 4 3 3 1 2 2 2 4 1 4 1 3 2 3 3 2 2 3 3 3 3 4 4 3 4 4 4 2 4
174 0.040000 1 4 1 1 2 2 1 3 3 1 4 1 3 1 2 4 1 3 3 3 3 3 1 1 2 1 2 1 2 2 3 2 1 2 1 1 2 1 2 1 2 3 4 3 1 1 3 1 4 3 2 4 1 3 3 1 3 3 3 3 1 1 4 4 4 3 4 3 3 3 1 1 2 3 3 3 3 4 0 0 0 1 1 1 1 1 3 1 3 3 1 1 1 1 3 0 0 0 3 4 3 2 4 1 3 2 4 4 3 3 3 3 2 3 1 3 3 2 4 1 4 4 3 2 4 1 1 2 1 1 4 3 3 4 1 2 4 1 1 4 1 3 4 4 2 4 4 3 4 2 3 4 3 2 4 3 3 2 1 3 3 2 3 3 1 1 4 1 1 4 4 1 1 2 1 3 1 1 1 3 1 4 4 2 1 1 3 4 4 4 4 1 1 4 4 3 4 1 1 2 4 4 3 3 1 1 4 3 1 4 2 1 2 1 3 3 3 4 1 1 4 1 1 2 3 2 2 1 4 2 1 3 2 4 2 4 4 1 4 1 4 1 1 1 3 1 3 1 3 4 4 1 3 1 3 1 4 3 2 1 3 1 3 1 3 4 3 2 1 1 2 3 3 4 2 4 4 1 2 4 3 1 2 2 2 2 3 3 3 4 4 1 4 4 1 3 3 3 3 3 2 4 4 1 2 1 2 3 1 2 3 2 3 1 3 1 2 3 3 2 4 1 2 3 4 1 3 2 3 3 2 3 4 4 4 3 3 1 4 3 3 3 2 2 2 4 1 4 1 3 2 3 3 2 2 3 3 3 3 4 4 3 4 4 4 2 4
174 0.040000 1 4 1 1 2 2 1 3 4 1 4 1 3 1 2 4 1 3 3 3 3 3 1 1 2 1 2 1 2 2 3 2 3 1 1 1 2 1 2 1 2 3 4 3 1 1 3 1 4 3 2 4 1 3 3 1 3 3 3 3 1 1 4 4 4 3 4 3 3 3 1 1 2 3 3 3 3 4 0 0 0 1 1 1 1 1 3 1 3 3 1 1 1 1 3 0 0 0 3 4 3 2 4 1 3 2 4 4 3 3 3 3 2 3 1 3 3 2 4 1 4 4 3 2 4 1 1 2 1 1 4 3 3 4 1 2 4 1 1 4 1 3 4 4 2 4 4 3 4 2 3 4 3 2 4 3 3 2 1 3 3 2 3 3 3 1 4 1 1 4 4 1 1 2 1 3 1 1 1 3 1 4 4 2 1 1 3 4 4 4 4 1 1 4 4 3 4 1 1 2 4 4 3 3 1 1 4 3 1 4 2 1 2 1 3 3 3 4 1 1 4 1 1 2 3 2 2 1 4 2 1 3 2 4 2 4 4 1 4 1 4 1 1 1 3 1 3 1 3 4 4 3 1 1 3 1 4 3 2 1 3 1 3 1 3 4 3 2 1 1 2 3 3 4 2 4 4 1 2 4 3 1 2 2 2 2 3 1 3 4 4 1 4 4 2 3 3 3 3 3 2 4 4 1 2 1 2 3 1 2 3 2 3 1 3 1 2 3 3 2 4 1 2 3 4 1 3 2 3 3 2 3 4 4 4 3 3 1 4 3 3 1 2 2 2 4 1 4 3 3 2 3 3 2 2 3 3 3 3 4 4 3 4 4 4 2 4
174 0.040000 1 4 1 1 2 2 1 3 4 1 4 1 3 1 2 4 1 3 3 3 3 3 1 1 2 1 2 1 2 2 3 2 1 2 1 1 2 1 2 1 2 3 4 3 1 1 3 1 4 3 2 4 1 3 3 1 3 3 3 3 1 1 4 4 4 3 4 3 3 3 1 1 2 3 3 3 3 4 0 0 0 1 1 1 1 1 3 1 3 3 1 1 1 1 3 0 0 0 3 4 3 2 4 1 3 2 4 4 3 3 3 3 2 3 1 3 3 2 4 1 4 4 3 2 4 1 1 2 1 1 4 3 3 4 1 2 4 1 1 4 1 3 4 4 2 4 4 3 4 4 3 4 3 2 4 3 3 2 1 3 3 2 3 3 1 1 4 1 1 4 4 1 1 2 1 3 1 1 1 3 3 4 4 2 1 1 3 4 4 4 4 1 1 4 4 3 4 1 1 2 4 4 3 3 1 1 4 3 1 4 2 1 2 1 3 3 3 4 1 1 4 1 1 2 3 2 2 1 4 2 1 3 2 4 2 4 4 1 4 1 4 1 1 1 3 1 3 1 3 4 4 3 3 1 3 1 4 3 2 1 3 1 3 1 3 4 3 2 1 1 2 3 3 4 2 4 4 1 2 4 3 1 2 2 2 2 3 1 3 4 4 1 4 4 2 3 3 3 3 3 2 4 4 1 2 1 2 3 1 2 3 2 3 1 3 1 2 3 3 2 4 1 2 3 4 1 3 2 3 3 2 3 4 4 4 3 3 1 4 3 3 3 2 2 2 4 1 4 1 3 2 3 3 2 2 3 3 3 3 2 4 3 4 4 4 2 4
174 0.040000 1 4 1 1 2 2 3 3 4 1 4 1 3 1 2 4 1 3 3 3 3 3 1 1 2 1 2 1 2 2 3 2 1 2 1 1 2 1 2 1 2 3 4 3 1 1 3 1 4 3 2 4 1 3 3 1 3 3 3 3 1 1 4 4 4 3 4 3 3 3 1 1 2 3 3 3 3 4 0 0 0 1 1 1 1 1 3 1 3 3 1 1 1 1 3 0 0 0 3 4 3 2 4 1 3 2 4 4 3 3 3 3 2 3 1 3 3 2 4 1 4 4 3 2 4 1 1 2 1 1 4 3 3 4 1 2 4 1 1 4 1 3 4 4 2 4 4 3 4 2 3 4 3 2 4 3 3 2 1 3 3 2 3 3 1 1 2 1 1 4 4 1 1 2 1 3 1 1 1 3 1 4 4 2 1 1 3 4 4 4 4 1 1 4 4 3 4 1 1 2 4 4 3 3 1 1 4 3 1 4 2 1 2 1 3 3 3 4 1 1 4 1 1 2 3 2 2 1 4 2 1 3 2 4 2 4 4 1 4 1 4 1 1 1 3 1 3 1 3 4 4 1 3 1 3 1 4 3 2 1 3 1 3 1 3 4 3 2 1 1 2 3 3 4 2 4 4 1 2 4 3 1 2 2 2 2 3 1 3 4 4 1 4 4 2 3 3 3 3 3 2 4 4 1 2 1 2 3 1 2 3 2 3 1 3 1 2 3 3 2 4 1 2 3 4 1 3 2 3 3 2 3 4 4 4 3 3 1 4 3 3 3 2 2 2 4 1 4 1 3 2 3 3 2 2 3 3 3 3 4 4 3 4 4 4 2 4
174 0.040000 1 4 1 1 2 2 1 3 4 1 4 1 3 1 2 4 1 3 3 3 3 3 1 1 2 1 2 1 2 2 3 2 1 2 1 1 2 1 2 1 2 3 4 3 1 1 3 1 4 3 2 4 1 3 3 1 3 3 3 3 1 1 4 4 4 3 4 3 3 3 1 1 2 3 3 3 3 4 0 0 0 1 1 1 1 1 3 1 3 3 1 1 1 1 3 0 0 0 3 4 3 2 4 1 3 2 4 4 3 3 3 3 2 3 1 3 3 2 4 1 4 4 3 2 4 1 1 2 1 1 4 3 3 4 1 2 4 1 1 4 1 3 4 4 2 4 4 3 4 2 3 4 3 2 4 3 3 2 1 3 3 2 3 3 1 1 4 1 1 4 4 1 1 2 1 3 1 1 1 3 1 4 4 2 1 1 3 4 4 4 4 1 1 4 4 3 4 1 1 2 4 4 3 3 1 1 4 3 1 4 2 1 2 1 3 3 3 4 1 1 4 1 1 2 3 2 2 1 4 2 1 3 2 4 2 4 4 1 4 1 4 1 1 1 3 1 3 1 3 4 4 1 3 1 3 1 2 3 2 1 3 1 3 1 3 4 3 2 1 1 2 3 3 4 2 4 4 1 2 4 3 1 2 2 2 2 3 1 3 4 4 1 4 4 2 3 3 3 3 3 2 4 4 3 2 1 2 3 1 2 3 2 3 1 3 1 2 3 3 2 4 1 2 3 4 1 3 2 3 3 2 3 4 4 4 3 3 1 4 3 3 3 2 2 2 4 1 4 1 3 2 3 3 2 2 3 3 3 3 4 4 3 4 4 4 2 4
174 0.040000 1 4 1 1 2 2 1 3 4 1 4 1 3 1 2 4 1 3 3 3 3 3 1 1 2 1 2 1 2 2 3 2 1 2 1 1 2 1 2 1 2 3 4 3 1 1 3 1 4 3 2 4 1 3 3 1 3 3 3 3 1 1 4 4 4 3 4 3 1 3 1 1 2 3 3 3 3 4 0 0 0 1 1 1 1 1 3 1 3 3 1 1 1 1 3 0 0 0 3 4 3 2 4 1 3 2 4 4 3 3 3 3 2 3 1 3 3 2 4 1 4 4 3 2 4 1 1 2 1 1 4 3 3 4 1 2 4 1 1 4 1 3 4 4 2 4 4 3 4 2 3 4 3 2 4 3 3 2 1 3 3 2 3 3 3 1 4 1 1 4 4 1 1 2 1 3 1 1 1 3 1 4 4 2 1 1 3 4 4 4 4 1 1 4 4 3 4 1 1 2 4 4 3 3 1 1 4 3 1 4 2 1 2 1 3 3 3 4 1 1 4 1 1 2 3 2 2 1 4 2 1 3 2 4 2 4 4 1 4 1 4 1 1 1 3 1 3 1 3 4 4 3 1 1 3 1 4 3 2 1 3 1 3 1 3 4 3 2 1 1 2 3 3 4 2 4 4 1 2 4 3 1 2 2 4 2 3 1 3 4 4 1 4 4 2 3 3 3 3 3 2 4 4 1 2 1 2 3 1 2 3 2 3 1 3 1 2 3 3 2 4 1 2 3 4 1 3 2 3 3 2 3 4 4 4 3 3 1 4 3 3 3 2 2 2 4 1 4 1 3 2 3 3 2 2 3 3 3 3 4 4 3 4 4 4 2 4
174 0.040000 1 4 1 1 2 2 1 3 4 1 4 1 3 1 2 4 1 3 3 3 3 3 1 1 2 1 2 1 2 2 3 2 1 1 3 1 2 1 2 1 2 3 4 3 1 1 3 1 4 3 2 4 1 3 3 1 3 3 3 3 1 1 4 4 4 3 4 3 3 3 1 1 2 3 3 3 3 4 0 0 0 1 1 1 1 1 3 1 3 3 1 1 1 1 3 0 0 0 3 4 3 2 4 1 3 2 4 4 3 3 3 3 2 3 1 3 3 2 4 1 4 4 3 2 4 1 1 2 1 1 4 3 3 4 1 2 4 1 1 4 1 3 4 4 2 4 4 3 4 2 3 4 3 2 4 3 3 2 1 3 3 2 3 3 1 1 4 1 1 4 4 1 1 2 1 3 1 1 1 3 1 4 4 2 1 1 3 4 4 4 4 1 1 4 4 3 4 1 1 2 4 4 3 3 1 1 4 3 1 4 2 1 2 1 3 3 3 4 1 1 4 1 1 2 3 2 2 1 4 2 1 3 2 4 2 4 4 1 4 1 4 1 1 1 3 1 3 3 3 4 4 3 1 1 3 1 4 3 2 1 3 1 3 1 3 4 3 2 1 1 2 3 3 1 2 4 4 1 2 4 3 1 2 2 2 2 3 1 3 4 4 1 4 4 2 3 1 3 3 3 2 4 4 3 4 1 2 3 1 2 3 2 3 1 3 1 2 3 3 2 4 1 2 3 4 1 3 2 3 3 2 3 4 4 4 3 3 1 4 3 3 1 1 2 2 4 1 4 1 3 2 3 3 2 2 3 3 3 3 4 4 3 4 4 4 2 4
174 0.040000 1 4 1 1 2 2 1 3 4 1 4 1 3 1 2 4 1 3 3 3 3 3 1 1 2 1 2 1 2 2 3 2 1 1 1 1 1 1 2 1 2 3 4 3 1 1 3 1 4 3 2 4 1 3 3 1 3 3 3 1 1 1 4 4 4 3 4 3 3 3 1 1 2 3 3 3 3 4 0 0 0 1 1 1 1 1 3 1 3 3 1 1 1 1 3 0 0 0 3 4 3 2 4 1 3 2 4 4 3 3 3 3 2 3 1 3 3 2 4 1 4 4 3 2 4 1 1 2 1 1 4 3 3 4 1 2 4 1 1 4 1 3 4 4 2 4 4 3 4 2 3 4 3 2 4 3 3 2 1 3 3 2 3 3 1 1 4 1 1 4 4 1 1 2 1 3 1 1 1 3 1 4 4 2 1 1 3 4 4 4 4 1 1 4 4 3 4 1 1 2 4 4 3 3 1 1 4 3 1 4 2 1 2 1 3 3 3 4 1 1 4 1 1 2 3 2 2 1 4 2 1 3 2 4 2 4 4 1 4 1 4 1 1 1 3 1 3 1 3 4 4 3 1 1 3 1 4 3 2 1 3 1 3 1 3 4 3 2 1 1 2 3 3 1 2 4 4 1 2 4 3 1 2 2 2 2 3 1 3 4 4 1 4 4 2 3 3 3 3 3 2 4 4 1 2 1 2 3 1 2 3 2 3 1 3 1 2 3 3 2 4 1 2 3 4 1 3 2 3 3 2 3 4 4 4 3 3 1 4 3 3 1 2 2 2 3 1 4 1 3 2 3 3 2 2 3 3 3 3 4 4 3 4 4 4 2 4
174 0.040000 1 4 1 1 2 2 1 1 4 1 4 1 3 1 2 4 1 3 3 3 3 3 1 1 2 1 2 1 2 2 3 2 1 4 1 1 2 1 2 1 4 3 4 3 1 1 3 1 4 3 2 4 1 3 3 1 3 3 3 3 1 1 4 4 4 3 3 3 3 3 1 1 2 3 3 3 3 4 0 0 0 1 1 1 1 1 3 1 3 3 1 1 1 1 3 0 0 0 3 4 3 2 4 1 3 2 4 4 3 3 3 3 2 3 1 3 3 2 4 1 4 4 3 2 4 1 1 2 1 1 4 3 3 4 1 2 4 1 1 4 1 3 4 4 2 4 4 3 4 2 3 4 3 2 4 3 3 2 1 3 3 2 3 3 3 1 4 1 1 4 4 1 1 2 1 3 1 1 1 3 1 4 4 2 1 1 3 4 4 4 4 1 1 4 4 3 4 1 1 2 4 4 3 3 1 1 4 3 1 4 2 1 2 1 3 3 3 4 1 1 4 1 1 2 3 2 2 1 4 2 1 3 2 4 2 4 4 1 4 1 4 1 1 1 3 1 3 1 3 4 4 3 1 1 3 1 4 3 2 1 3 1 3 1 3 4 3 2 1 1 2 3 3 4 2 4 4 1 2 4 3 1 2 2 2 2 3 1 3 4 4 1 4 4 2 3 3 3 3 3 2 4 4 1 2 1 2 3 1 2 3 2 3 1 3 1 2 3 3 2 4 1 2 3 4 1 3 2 3 3 2 3 4 4 4 3 3 1 4 3 3 1 2 2 2 3 1 4 1 3 2 3 3 2 2 3 3 3 3 4 4 3 4 4 4 2 4
174 0.040000 1 4 1 1 2 2 1 3 4 1 4 1 3 1 2 4 1 3 3 3 3 3 1 4 2 1 4 1 2 2 3 2 1 1 1 1 2 1 2 1 2 3 4 3 1 1 3 1 4 3 2 4 1 3 3 1 3 3 3 3 1 1 4 4 4 3 4 3 3 3 1 1 2 3 3 3 3 4 1 1 1 1 1 0 0 0 0 0 0 3 1 3 3 1 1 1 3 3 3 4 3 2 4 1 3 2 4 4 3 3 3 3 2 3 1 3 3 2 4 1 4 4 3 2 4 1 1 2 1 1 4 3 3 4 1 2 4 1 1 4 1 3 4 4 2 4 4 3 4 2 3 4 3 2 4 3 3 2 1 3 3 2 3 3 1 1 4 1 1 1 4 1 1 2 1 3 1 1 1 3 1 4 4 2 1 1 3 4 4 4 4 1 1 4 4 3 4 1 1 2 4 4 3 3 1 1 4 3 1 4 2 1 2 1 3 3 3 4 1 1 4 1 1 2 3 2 2 1 4 2 1 3 2 4 2 4 4 1 4 1 4 1 1 1 3 1 3 1 3 4 4 3 3 1 3 1 4 3 2 1 3 1 3 1 3 4 3 2 1 1 2 1 3 4 2 4 4 1 2 4 3 1 2 2 2 2 3 1 3 4 4 1 4 4 2 3 3 3 3 3 2 4 4 1 2 1 2 3 1 2 3 4 1 1 3 1 2 3 3 2 4 1 2 3 4 1 3 2 3 3 2 3 4 4 4 3 3 1 4 3 3 1 2 2 2 4 1 4 1 3 4 3 3 2 2 3 3 3 3 4 4 3 4 4 4 2 4
174 0.040000 3 1 1 1 2 2 1 3 4 1 4 1 3 1 2 4 1 3 3 3 3 3 1 1 2 1 2 1 2 2 3 2 3 1 1 1 2 1 2 1 2 3 4 3 1 1 3 1 4 3 2 4 1 3 3 1 3 3 3 3 1 1 4 4 4 3 4 3 3 3 1 2 2 3 3 3 3 4 1 1 1 1 1 0 0 0 0 0 0 3 1 3 1 1 1 1 1 3 3 4 3 2 4 1 3 2 4 4 3 3 3 3 2 3 1 3 3 2 4 1 4 4 3 2 4 1 1 2 1 1 4 3 3 4 1 2 4 1 1 4 1 3 4 4 2 4 4 3 4 2 3 4 3 2 4 3 3 2 1 3 3 2 3 3 3 1 4 1 1 4 4 1 1 2 1 3 1 1 1 3 1 4 4 2 1 1 3 4 4 4 4 1 1 4 4 3 4 1 1 2 4 4 3 3 1 1 4 3 1 4 2 1 2 1 3 3 3 4 1 1 4 1 1 2 3 2 2 1 4 2 1 3 2 4 2 4 4 1 4 1 4 1 1 1 3 1 3 1 3 4 4 3 1 1 3 1 4 3 2 1 3 1 3 1 3 4 3 2 1 1 2 3 3 4 2 4 4 1 2 4 3 1 2 2 2 2 3 1 3 4 4 1 4 4 2 3 3 3 3 3 2 4 4 1 2 1 2 3 1 2 3 2 3 1 3 1 2 3 3 2 4 1 2 3 4 1 3 2 3 3 2 3 4 4 4 3 3 1 4 3 3 1 2 2 2 4 1 2 1 3 2 3 3 2 2 3 3 3 3 4 4 3 4 4 4 2 4
420 0.090909 3 1 1 1 2 2 1 3 4 1 4 1 3 1 2 4 1 3 3 3 3 3 1 1 2 1 2 1 2 2 3 2 1 1 1 3 2 1 2 1 2 3 4 1 1 1 1 1 4 3 2 4 1 3 3 1 3 3 3 3 1 1 4 4 4 3 3 3 3 3 3 1 2 3 3 3 3 4 1 1 1 3 1 0 0 0 0 0 0 3 1 3 3 1 1 1 1 3 3 4 3 2 2 1 3 2 4 4 1 4 1 1 4 3 1 1 0 0 0 0 0 0 0 0 0 0 0 0 0 0 0 0 0 0 0 0 0 0 0 0 1 3 4 3 2 3 4 3 4 2 3 4 3 1 4 3 1 2 1 3 1 2 3 3 3 1 4 1 1 4 4 2 1 2 1 3 1 1 1 3 1 4 4 2 1 1 3 4 4 4 4 1 1 4 4 3 4 2 4 3 3 0 0 0 1 1 4 3 1 4 2 1 2 1 3 3 3 4 1 1 4 1 1 2 3 2 4 1 4 2 1 3 2 4 2 4 4 1 4 1 4 1 1 1 1 1 3 3 3 4 4 3 1 1 3 1 4 3 2 1 3 1 1 1 3 4 3 2 1 1 2 3 3 1 2 4 4 1 2 4 3 1 2 2 2 2 3 1 3 4 4 1 4 4 2 3 3 3 3 3 2 4 4 3 4 1 2 3 1 2 3 2 3 2 3 1 2 3 3 2 4 1 4 3 4 1 3 2 3 3 2 3 4 4 1 3 3 3 4 3 3 3 2 2 2 4 1 4 1 3 2 1 4 2 2 3 3 3 3 4 4 3 4 4 4 2 3
420 0.090909 1 4 1 1 2 2 1 3 4 1 4 1 3 1 2 4 1 3 3 3 3 3 1 1 4 1 2 1 2 2 3 2 1 1 1 3 2 1 2 1 2 3 4 1 1 1 1 1 4 3 2 4 1 3 3 1 3 3 3 3 1 1 4 4 4 3 3 3 3 3 1 1 2 3 3 3 3 4 0 0 0 1 1 1 1 1 0 0 0 3 1 1 1 1 3 0 0 0 3 4 3 2 4 1 3 2 4 4 3 4 1 1 2 3 1 1 0 0 0 0 0 0 0 0 0 0 0 0 0 0 0 0 0 0 0 0 0 0 0 0 3 1 4 1 2 3 4 3 4 2 3 4 3 2 4 3 3 1 1 3 3 2 3 3 1 1 4 2 1 4 4 2 1 2 1 3 1 1 1 3 1 4 4 2 1 1 3 4 4 4 4 1 1 4 4 3 4 1 1 2 4 1 3 3 1 1 4 3 1 4 2 1 2 1 3 3 3 4 1 1 4 1 1 2 3 2 4 1 4 2 1 3 2 4 2 4 4 1 4 1 4 1 1 1 3 1 3 3 3 4 4 3 1 1 3 1 4 3 2 1 3 3 3 3 3 4 3 2 1 1 2 1 3 3 2 4 4 1 2 4 3 1 2 2 2 2 3 1 3 4 4 1 4 4 2 3 3 3 3 3 2 4 4 3 4 1 2 3 1 2 3 1 3 1 3 1 2 3 3 2 2 3 2 3 4 1 3 2 3 3 2 3 4 4 4 3 3 1 4 3 3 3 2 2 2 4 1 4 1 3 2 3 3 2 4 3 3 3 3 4 4 3 4 4 4 2 4
420 0.090909 1 4 1 1 4 2 1 3 4 1 4 1 3 1 2 4 1 3 3 3 3 3 1 1 2 3 2 1 2 2 3 2 1 1 1 3 2 1 2 1 2 3 4 3 1 1 3 2 4 3 2 4 1 3 3 1 3 3 3 3 1 1 4 4 4 3 3 3 3 3 1 1 2 3 3 3 3 4 1 1 1 3 1 0 0 0 0 0 0 3 1 3 3 1 1 1 1 3 3 4 3 2 4 1 3 2 4 4 3 3 3 3 2 3 1 3 3 2 4 1 1 2 1 1 4 0 0 0 0 0 0 3 3 4 1 2 4 1 1 4 1 3 4 3 2 3 4 3 4 2 3 4 3 2 4 3 1 2 1 3 3 2 3 3 1 1 4 1 1 1 4 1 1 2 1 3 1 1 1 3 1 4 4 2 1 1 3 4 4 4 4 1 1 4 4 3 4 2 4 3 3 0 0 0 1 1 4 3 1 4 2 1 2 1 3 3 3 4 1 1 4 1 1 2 3 2 4 1 4 2 1 3 2 4 2 4 4 1 4 1 4 1 1 1 1 1 3 3 3 4 4 3 1 1 3 1 4 3 2 1 3 1 3 3 3 4 3 2 1 1 2 3 3 1 2 4 4 1 2 4 3 1 2 2 2 2 3 1 3 4 4 1 4 4 2 3 3 3 3 3 2 4 4 3 4 1 2 3 1 2 3 1 3 1 3 1 2 3 3 2 4 3 2 3 4 1 3 2 3 3 2 3 4 4 1 3 3 3 4 3 3 1 2 2 4 4 4 4 1 3 2 3 4 2 2 3 3 1 3 4 4 3 4 4 4 2 4
420 0.090909 1 4 1 1 4 2 1 3 4 1 4 1 3 1 2 4 1 3 3 3 3 3 1 1 2 1 2 1 2 2 3 2 1 1 1 3 2 1 2 1 2 3 4 1 1 1 3 1 4 3 2 4 1 3 3 1 3 3 3 3 1 1 4 4 4 3 3 3 3 3 3 1 2 3 3 3 3 4 0 0 0 1 1 0 0 0 0 0 0 1 1 1 3 1 1 1 1 3 3 4 3 2 4 1 3 2 4 4 3 3 3 3 2 3 1 3 3 2 4 1 1 2 1 1 4 0 0 0 0 0 0 3 3 4 1 2 4 1 1 4 1 3 4 3 2 3 4 3 4 2 3 4 3 2 4 3 3 2 1 3 3 2 3 3 1 1 4 1 1 4 1 1 1 2 1 3 1 1 1 3 1 4 4 2 1 1 3 4 4 4 4 1 1 4 4 3 4 2 4 3 3 0 0 0 1 1 4 3 1 4 2 1 2 1 3 3 3 4 1 1 4 1 1 2 3 2 4 1 4 2 1 3 2 4 2 4 4 1 4 1 4 1 1 1 3 1 3 3 3 4 4 3 1 1 3 1 4 3 2 1 3 1 3 3 3 4 3 2 1 1 2 3 3 1 2 4 4 1 2 4 3 1 2 2 2 2 3 1 3 4 4 1 4 4 2 3 3 3 3 3 4 4 4 1 2 1 4 3 1 1 3 2 3 1 3 1 2 3 3 2 4 3 2 3 4 1 3 2 3 3 2 3 4 4 1 3 3 1 4 3 3 1 2 2 2 4 2 4 1 3 2 3 4 2 2 3 3 3 3 4 4 3 4 4 4 2 4
420 0.090909 1 4 1 1 2 2 1 3 4 1 4 1 3 1 2 4 1 3 3 3 3 3 1 1 2 1 2 1 2 2 3 2 1 1 1 3 2 1 2 1 2 3 4 1 1 1 3 1 4 3 2 4 1 3 3 1 3 3 3 3 1 1 4 4 4 3 4 3 3 3 1 1 2 3 3 3 3 4 1 1 2 1 1 0 0 0 0 0 0 3 1 3 3 1 1 1 1 3 3 4 3 2 4 1 1 2 4 4 3 4 4 1 2 3 1 1 0 0 0 0 0 0 0 0 0 0 0 0 0 0 0 0 0 0 0 0 0 0 0 0 1 3 4 3 2 3 4 3 4 2 1 4 3 2 4 3 3 2 1 3 3 2 3 1 1 1 4 1 1 4 1 1 1 2 1 3 1 1 1 3 1 4 4 2 1 1 3 4 4 4 4 1 1 4 4 3 4 1 1 2 4 1 3 3 1 1 4 3 1 4 2 1 2 1 3 3 3 4 1 1 4 1 1 2 3 2 4 1 4 2 1 3 2 4 2 4 4 1 4 1 4 1 1 1 1 1 3 3 3 4 4 3 1 1 3 1 4 3 2 1 3 1 3 1 3 4 3 2 1 1 2 3 3 1 2 4 4 1 2 4 3 1 2 2 2 2 3 1 3 4 4 1 4 4 2 3 3 3 3 3 2 4 4 3 4 1 2 3 1 2 3 1 3 1 3 1 2 3 3 2 4 3 2 3 4 1 3 2 3 3 2 3 4 4 1 3 3 1 4 3 3 1 2 4 2 4 4 4 1 3 2 3 3 2 2 3 3 3 3 4 4 3 4 4 4 2 4
420 0.090909 1 4 1 1 2 2 1 3 4 1 4 1 3 1 2 4 1 1 3 3 3 3 1 1 2 1 2 1 1 2 3 2 1 1 1 3 2 1 2 1 4 3 4 3 1 1 3 1 4 3 2 4 1 3 3 1 3 3 3 3 1 1 4 4 4 3 3 3 3 3 1 1 2 3 3 3 3 4 0 0 0 1 1 0 0 0 0 0 0 1 1 1 3 1 1 1 1 3 3 4 3 2 4 1 3 2 4 4 3 4 1 1 2 3 1 1 0 0 0 0 0 0 0 0 0 0 0 0 0 0 0 0 0 0 0 0 0 0 0 0 1 3 4 3 2 3 4 3 4 2 3 4 3 2 2 3 3 2 1 3 3 2 3 3 1 1 4 2 1 4 4 2 1 2 3 3 1 1 1 3 1 4 4 2 1 1 3 4 4 4 4 1 1 4 4 3 4 2 4 3 3 0 0 0 1 1 4 3 1 4 2 1 2 1 3 3 3 4 1 1 4 1 1 2 3 2 2 1 4 4 1 3 2 4 2 4 4 1 4 1 4 1 1 1 3 1 3 3 3 4 2 3 3 1 3 1 4 3 2 1 3 1 3 3 3 4 3 2 1 3 2 3 3 1 2 4 4 1 2 4 3 1 2 4 2 2 3 1 1 4 4 1 4 4 2 3 3 3 3 3 2 4 4 3 4 1 2 3 1 2 3 1 3 1 3 1 2 3 3 2 4 3 2 3 4 1 3 2 3 3 2 3 4 4 1 3 3 1 4 3 3 1 2 2 2 4 2 4 1 3 2 3 4 2 2 3 3 3 3 4 4 3 4 4 4 2 4
420 0.090909 1 4 1 1 4 2 1 3 4 1 4 1 3 1 2 4 1 3 3 3 3 3 1 1 2 1 2 1 2 2 3 2 1 1 1 3 2 1 2 1 2 3 4 1 1 1 3 1 4 3 2 4 1 3 3 1 3 3 3 3 1 1 4 4 4 3 3 3 3 3 1 1 2 3 3 3 3 4 0 0 0 3 1 1 1 1 3 1 3 3 1 1 1 1 3 0 0 0 3 4 3 2 4 1 1 2 4 4 3 4 1 1 2 3 1 1 0 0 0 0 0 0 0 0 0 0 0 0 0 0 0 0 0 0 0 0 0 0 0 0 1 3 4 3 2 3 4 3 4 2 3 4 3 2 4 3 3 2 1 3 3 2 3 3 1 1 4 1 1 4 1 1 1 2 1 3 1 1 1 3 1 4 4 2 1 1 3 4 4 4 4 1 1 4 4 3 4 1 1 2 4 3 3 3 1 1 4 3 1 4 2 1 2 1 3 3 3 4 1 1 4 1 1 2 3 2 4 1 4 2 1 3 2 4 2 4 4 1 4 1 4 1 1 1 1 1 3 3 3 4 4 3 1 1 3 1 4 3 2 1 3 1 3 1 3 4 3 2 1 1 2 3 3 1 2 4 4 1 2 4 3 1 2 2 2 2 3 1 3 4 2 2 4 4 2 3 3 3 3 3 2 4 4 1 2 1 2 3 1 2 1 2 3 1 1 1 2 3 3 2 4 3 2 3 4 1 3 2 3 3 2 3 4 4 1 3 3 1 4 3 3 3 2 2 2 4 1 4 1 3 2 3 3 2 2 3 3 3 1 4 4 3 4 4 4 2 4
420 0.090909 1 4 1 1 4 2 1 3 4 1 4 1 3 1 2 4 1 3 3 3 3 3 1 1 2 1 2 1 2 2 3 2 1 1 1 3 2 1 2 1 2 1 4 1 1 1 3 1 4 3 2 4 1 3 3 1 3 3 3 3 1 1 4 4 3 3 3 3 3 3 1 1 2 3 3 3 3 4 0 0 0 3 1 1 1 1 3 1 3 3 1 1 1 1 3 0 0 0 3 4 3 2 4 1 1 2 4 4 3 4 1 1 2 3 1 1 0 0 0 0 0 0 0 0 0 0 0 0 0 0 0 0 0 0 0 0 0 0 0 0 1 3 4 3 2 3 4 3 4 2 3 4 3 2 4 3 3 2 1 3 3 2 3 3 3 1 4 1 1 4 4 1 4 2 2 3 1 1 1 3 1 4 4 2 1 1 3 4 4 4 4 1 1 4 4 3 4 1 1 2 4 3 3 3 1 1 4 3 1 4 2 1 2 1 3 3 3 4 1 1 4 1 1 2 3 2 2 1 4 2 3 3 2 4 2 0 0 0 0 0 0 0 0 0 1 1 3 3 3 4 4 3 1 1 3 1 4 3 2 1 3 1 3 1 3 4 3 2 1 1 2 3 3 1 2 4 4 1 2 4 3 1 2 2 2 2 3 1 3 4 2 1 4 4 2 3 1 3 3 3 2 4 4 1 2 1 2 3 1 2 3 1 3 1 3 1 2 3 3 4 4 1 2 3 4 1 3 2 3 3 2 3 4 4 1 3 3 1 4 3 3 1 2 2 2 4 4 4 1 3 2 3 4 2 2 3 3 3 3 4 4 3 4 4 4 2 4
420 0.090909 1 4 1 1 4 2 1 3 4 1 4 1 3 1 2 4 1 3 3 3 3 3 1 1 2 1 2 1 2 2 3 2 1 1 1 3 2 1 2 1 2 3 4 3 1 1 3 1 4 3 2 4 1 3 3 1 3 3 3 3 1 1 4 4 4 3 4 3 3 3 1 1 4 3 3 1 3 4 0 0 0 3 1 1 1 1 3 1 3 3 1 1 1 1 3 0 0 0 3 4 3 2 4 1 1 4 4 4 3 4 1 1 2 3 1 1 0 0 0 0 0 0 0 0 0 0 0 0 0 0 0 0 0 0 0 0 0 0 0 0 1 3 4 1 4 3 4 3 4 2 3 4 3 2 4 3 3 2 1 3 3 2 3 1 1 1 4 1 1 4 1 1 1 2 1 3 1 1 1 3 1 2 4 2 1 1 3 4 4 4 4 1 1 4 4 3 4 1 1 2 4 1 3 4 1 1 4 3 1 4 2 1 2 1 3 3 3 2 1 1 4 1 1 2 1 2 2 1 4 2 1 3 2 4 2 4 4 1 4 1 4 1 1 1 1 1 3 3 3 4 4 3 1 1 3 1 4 3 2 3 3 1 3 3 1 4 3 2 1 1 2 3 3 1 2 4 4 1 2 1 3 1 2 2 2 2 3 1 3 4 4 1 4 4 2 3 1 3 3 3 2 4 4 1 2 1 2 3 1 2 3 1 3 1 3 1 2 3 3 4 4 1 2 3 4 1 3 2 3 3 2 3 4 3 1 3 3 1 4 3 3 1 2 2 2 4 4 4 1 3 2 3 4 2 2 3 3 3 3 4 4 3 4 4 4 2 4
420 0.090909 1 4 1 1 2 4 1 3 4 1 4 1 3 1 2 4 1 3 1 1 3 3 1 1 2 1 2 1 1 2 3 2 1 1 1 3 2 1 2 1 4 3 4 3 1 1 3 1 4 3 2 4 1 3 3 1 3 3 3 3 1 1 4 4 4 3 3 3 3 3 1 1 2 3 3 3 3 4 2 1 1 1 1 0 0 0 0 0 0 3 1 3 3 1 1 1 1 3 3 4 3 2 4 1 1 2 4 4 3 4 1 1 2 1 1 1 0 0 0 0 0 0 0 0 0 0 0 0 0 0 0 0 0 0 0 0 0 0 0 0 1 3 4 3 2 3 4 3 4 2 3 4 3 2 4 3 1 2 1 3 3 2 3 3 3 1 4 1 1 4 1 1 1 2 1 3 1 1 1 3 1 4 4 2 1 1 3 4 4 4 4 1 1 4 4 3 4 2 4 3 3 0 0 0 1 1 4 3 1 4 2 1 2 1 3 3 3 4 1 1 4 1 1 2 3 2 4 1 4 2 1 3 2 4 2 4 4 1 4 1 4 1 1 1 3 3 3 3 3 4 4 3 1 1 3 1 4 3 2 1 3 1 3 1 3 4 3 2 1 1 2 3 3 1 2 4 4 1 2 4 3 1 2 2 2 2 3 1 3 4 2 1 4 4 2 3 3 3 3 3 2 4 4 1 2 1 2 3 3 2 3 1 3 1 1 3 2 3 3 2 4 3 2 3 4 1 3 4 3 3 2 3 4 4 1 3 3 1 4 3 3 1 2 2 2 4 1 4 3 3 2 3 3 2 2 3 1 3 3 4 4 3 4 4 4 2 4
420 0.090909 1 4 1 1 4 2 1 3 4 1 4 1 3 1 2 4 1 3 3 3 3 3 1 1 2 1 2 1 2 2 3 2 1 1 1 3 2 1 2 1 2 3 4 1 1 1 3 1 4 3 2 4 1 3 3 1 3 3 3 3 1 1 4 4 4 3 3 3 3 3 3 1 2 3 3 3 3 4 1 1 1 3 1 0 0 0 0 0 0 3 1 3 3 1 1 1 1 3 3 4 3 2 4 1 1 2 4 4 3 4 1 1 2 3 1 1 0 0 0 0 0 0 0 0 0 0 0 0 0 0 0 0 0 0 0 0 0 0 0 0 1 3 2 3 2 3 4 3 4 2 3 4 3 2 4 3 3 2 1 3 3 2 3 3 3 1 4 1 1 4 1 1 1 2 1 3 1 1 1 3 1 4 4 2 1 1 3 4 4 4 4 1 1 4 4 3 4 2 4 3 3 0 0 0 1 1 4 3 1 4 2 1 2 1 3 3 3 4 1 1 4 1 1 2 3 2 4 1 4 2 1 3 2 4 2 4 4 1 4 1 4 1 1 1 1 1 3 3 3 4 4 3 1 1 3 1 4 3 2 1 3 1 1 1 3 4 3 2 1 1 2 3 3 1 2 4 4 1 2 4 3 1 2 2 2 2 3 1 3 4 4 1 4 4 2 3 3 3 3 3 2 4 4 3 4 1 2 3 1 2 3 2 3 2 3 1 2 3 3 2 4 1 4 3 4 1 3 2 3 3 2 3 4 4 1 3 3 3 4 3 3 3 2 2 2 4 1 4 1 3 2 1 4 2 2 3 3 3 3 4 4 3 4 4 4 2 4
