0 0.454545 1 1 1 2 4 3 1 4 4 4 1 2 2 3 2 1 4 1 4 1 2 2 3 3 3 3 2 1 2 4 3 1 2 4 4 2 4 2 2 3 4 1 3 2 4 1 4 3 3 1 4 2 2 3 3 4 3 1 3 1 3 1 3 1 2 4 2 1 4 1 3 1 4 4 2 3 1 1 1 1 4 4 2 3 1 2 1 4 4 1 3 1 1 1 1 2 2 2 3 3 4 3 2 3 4 3 3
0 0.030303 1 1 1 2 4 3 1 4 4 4 1 2 2 3 2 1 4 1 4 1 2 2 3 3 3 3 2 1 2 4 3 1 2 4 4 2 4 2 2 3 4 1 3 2 4 1 4 3 3 1 4 2 2 3 3 4 3 1 3 1 3 1 3 1 2 4 2 1 4 1 3 1 4 4 2 3 1 1 1 1 4 4 2 3 1 2 1 4 4 1 3 1 1 1 1 2 2 2 3 1 4 3 2 3 4 3 3
0 0.030303 1 1 1 2 4 3 1 4 4 4 1 2 2 3 2 1 4 1 4 1 2 2 3 3 3 3 2 1 2 4 3 1 2 4 4 2 4 2 2 3 4 1 3 2 4 1 4 3 3 1 4 2 2 3 3 4 3 1 3 1 3 1 3 1 2 4 2 1 4 1 3 1 1 4 2 3 1 1 1 1 4 4 2 3 1 2 1 4 4 1 3 1 1 1 1 2 2 2 3 3 4 3 2 3 4 3 3
0 0.030303 1 1 1 2 4 3 1 4 4 4 1 2 2 3 2 1 4 1 4 1 2 4 3 3 3 3 2 1 2 4 3 1 2 4 4 2 4 2 2 3 4 1 3 1 4 1 4 3 3 1 4 2 2 3 3 4 3 1 3 1 3 1 3 1 2 4 2 1 4 1 3 1 4 4 2 3 1 1 1 1 4 4 2 3 1 2 1 4 4 1 3 1 1 1 1 2 2 2 3 3 4 3 2 3 4 3 3
0 0.030303 1 1 1 2 4 3 1 4 4 4 1 2 2 3 2 1 4 1 4 1 2 2 3 3 3 3 4 1 2 4 3 1 2 4 4 2 4 2 2 3 4 1 3 2 4 1 4 3 3 1 4 2 2 3 3 4 3 1 3 1 3 1 3 1 2 4 2 1 4 1 3 1 4 4 2 3 1 1 1 1 4 4 2 3 1 2 1 4 4 1 3 1 1 1 1 2 2 2 3 3 4 3 2 3 4 3 3
0 0.030303 1 1 1 2 4 3 1 4 4 4 2 2 2 3 2 1 4 1 4 1 2 2 3 3 3 3 2 1 2 4 3 1 2 4 4 2 4 2 2 3 4 1 3 2 4 1 4 3 3 1 4 2 2 3 3 4 3 1 3 1 3 1 3 1 2 4 2 1 4 1 3 1 4 4 2 3 1 1 1 1 4 4 2 3 1 2 1 4 4 1 3 1 1 1 1 2 2 2 3 3 4 3 2 3 4 3 3
0 0.030303 1 1 1 2 4 3 1 4 4 4 1 2 2 3 2 1 4 1 4 1 2 2 3 3 3 3 2 1 2 4 3 1 2 4 4 2 4 2 2 3 4 1 3 2 4 1 4 3 3 1 4 2 2 3 3 4 3 1 3 1 3 1 3 1 2 4 2 1 4 1 3 1 4 4 2 3 1 1 1 1 4 4 2 3 1 2 1 4 4 1 3 1 1 1 1 2 2 2 3 3 4 3 2 4 4 3 3
0 0.030303 1 1 1 2 4 3 1 4 4 4 1 2 2 3 2 1 4 1 4 1 2 2 3 3 3 3 2 1 2 4 3 1 2 4 4 2 4 2 2 1 4 1 3 2 4 1 4 1 3 1 4 2 2 3 3 4 3 1 3 1 1 1 3 1 2 4 2 1 4 1 1 1 4 4 2 1 1 1 1 1 4 4 2 1 1 2 1 4 4 1 3 1 1 1 1 2 2 2 3 3 4 3 2 3 4 3 3
0 0.030303 1 1 1 2 4 3 1 4 4 4 1 2 2 3 2 1 4 1 4 1 2 2 3 3 3 3 2 1 2 4 3 1 2 4 4 2 4 2 2 3 4 1 3 2 4 1 4 3 3 1 4 2 2 3 3 4 3 1 3 1 3 1 3 1 2 4 2 1 2 1 3 1 4 4 2 3 1 1 1 1 4 4 2 3 1 2 1 4 4 1 3 1 1 1 1 2 2 2 3 3 4 3 2 3 4 3 3
0 0.030303 1 1 1 2 4 3 1 4 4 4 1 2 2 3 2 1 4 1 4 1 2 2 3 3 3 3 2 1 2 4 3 1 2 4 4 2 4 2 2 3 0 0 0 0 4 1 4 3 3 1 4 2 2 3 3 4 3 1 3 1 3 1 3 1 2 4 2 1 4 1 3 1 4 4 2 3 1 1 1 1 4 4 2 3 1 2 1 4 4 1 3 1 1 1 1 2 2 2 3 3 4 3 2 3 4 3 3
0 0.030303 1 1 1 2 4 3 1 4 4 4 1 2 2 3 2 1 4 1 4 1 2 2 3 3 3 3 2 1 2 4 3 1 2 4 4 2 4 2 2 3 4 1 3 2 4 1 4 3 3 1 4 2 2 3 3 4 3 1 3 1 3 1 3 1 2 4 2 1 4 3 3 1 4 4 2 3 1 1 1 1 4 4 2 3 1 2 1 4 4 1 3 1 1 1 1 2 2 2 3 3 4 3 2 3 4 3 3
0 0.030303 1 1 1 2 4 3 1 4 4 4 1 2 2 3 2 1 4 1 4 1 2 2 3 3 3 3 2 1 2 4 3 1 2 4 4 2 4 2 2 3 4 1 3 2 4 1 4 3 3 1 4 2 2 3 3 4 3 1 3 1 3 1 3 1 2 4 2 1 4 1 3 1 4 4 2 3 1 1 1 1 4 4 2 3 1 2 1 4 4 1 3 1 1 1 1 2 2 2 3 3 4 3 2 0 0 0 0
0 0.030303 1 1 1 2 4 3 1 4 4 4 1 2 2 3 2 1 4 1 4 1 2 2 3 3 3 3 2 3 2 4 3 1 2 4 4 2 4 2 2 3 4 1 3 2 4 1 4 3 1 1 4 2 2 3 3 4 3 1 3 1 3 1 3 1 2 4 2 1 4 1 3 1 4 4 2 3 1 1 1 1 4 4 2 3 1 2 1 4 4 1 3 1 1 1 1 2 2 2 3 3 4 3 2 3 4 3 3
0 0.030303 1 1 1 2 4 3 1 4 4 4 1 2 2 3 2 1 4 1 4 1 2 2 3 3 3 3 2 1 2 4 3 1 2 4 4 2 4 2 2 3 4 1 3 2 4 1 4 3 3 1 4 2 2 3 3 4 3 1 3 1 3 1 3 1 2 4 2 1 4 1 3 1 4 4 2 3 1 2 1 1 4 4 2 3 1 2 1 4 4 1 3 1 1 1 1 2 2 2 3 3 4 3 2 3 0 0 0
0 0.060606 1 1 1 2 4 3 1 4 4 4 1 2 2 3 2 1 4 1 4 1 2 2 3 3 3 3 2 1 2 4 3 1 2 4 4 2 4 2 2 3 4 1 3 2 4 1 4 3 3 1 4 2 2 3 3 4 3 1 3 1 3 1 3 1 2 4 2 1 4 1 3 1 4 4 2 3 1 1 1 1 4 4 2 3 1 2 1 4 4 1 3 1 1 1 1 2 2 2 3 3 4 3 2 3 0 0 0
0 0.030303 1 1 1 2 4 3 1 4 4 4 1 2 2 3 2 1 4 1 4 1 2 2 3 3 3 3 2 1 2 4 3 1 2 4 4 2 4 2 2 3 4 1 3 2 4 1 4 3 3 1 4 2 2 3 3 4 3 1 3 1 3 1 3 1 2 4 2 1 4 1 3 1 4 4 2 3 1 1 1 1 4 4 2 3 1 2 1 4 4 1 3 1 1 1 1 2 2 2 3 3 4 3 0 0 0 0 0
0 0.030303 1 1 1 2 4 3 3 4 4 4 1 2 2 3 2 1 4 1 4 1 2 2 3 3 3 3 2 1 2 3 1 0 2 4 4 2 4 2 2 3 4 1 3 2 4 1 4 3 3 1 4 2 2 3 3 4 3 1 3 1 3 1 3 1 2 4 2 1 4 1 3 1 4 4 2 3 1 1 1 1 4 4 2 3 1 2 1 4 4 1 3 1 1 1 1 2 2 2 3 3 4 3 2 3 4 3 3
0 0.030303 1 1 1 2 4 3 1 3 4 4 1 2 2 3 2 1 4 1 4 1 2 2 3 3 3 3 2 1 2 4 3 1 2 4 4 2 4 2 2 3 4 1 3 2 4 1 4 3 3 1 4 2 4 3 3 4 3 1 3 1 3 1 3 1 2 4 2 1 4 1 3 1 4 4 2 3 1 1 1 1 4 4 2 3 1 2 1 4 4 1 3 1 1 1 1 2 2 2 3 3 4 3 2 3 4 3 3
21 0.100000 1 1 1 2 4 3 1 4 4 4 1 2 2 3 2 1 4 1 4 1 2 2 3 3 3 3 2 1 2 4 3 1 2 4 4 2 4 2 2 3 4 1 3 2 4 1 4 3 3 1 4 2 2 3 3 4 3 1 3 1 3 1 3 1 2 3 2 1 4 1 3 1 4 4 2 3 1 1 1 1 4 4 2 3 1 2 1 4 4 1 1 1 1 1 1 2 2 2 3 3 4 3 2 3 4 3 3
21 0.100000 1 1 1 2 4 3 3 4 4 4 1 2 2 3 2 1 4 1 4 1 2 2 3 3 3 3 2 1 4 4 3 1 2 4 4 2 4 2 2 3 4 1 3 2 4 1 4 3 3 1 4 2 2 3 3 4 3 1 3 1 3 1 3 1 2 4 2 1 4 1 3 1 4 4 2 3 1 1 1 1 4 4 2 3 1 2 1 4 4 1 3 1 2 1 1 2 2 2 3 3 4 3 2 3 4 3 3
21 0.100000 1 1 1 2 4 3 1 4 4 4 1 2 2 3 2 1 4 1 4 1 2 2 1 3 3 3 2 1 2 4 3 1 2 4 4 2 4 2 2 3 4 1 3 2 4 1 4 3 3 1 4 2 2 3 3 4 3 1 3 1 3 1 3 1 2 4 2 1 4 1 3 1 4 4 2 3 1 1 1 1 4 4 2 3 1 2 1 2 4 1 3 1 1 1 1 2 2 2 3 3 4 3 2 3 4 3 3
21 0.100000 1 1 1 2 4 3 1 4 4 4 1 2 2 3 2 1 4 1 4 1 2 2 3 3 3 3 2 1 2 4 3 1 2 4 4 2 4 2 2 3 4 1 3 2 4 1 4 3 3 1 4 2 2 3 3 4 3 1 3 1 3 1 3 1 2 4 2 1 4 1 3 1 4 4 2 3 1 1 1 1 4 4 2 3 1 2 1 4 4 1 3 1 1 1 1 2 4 2 3 3 4 3 2 3 4 3 3
21 0.100000 1 1 1 2 4 3 1 4 4 4 1 2 2 3 2 1 4 1 4 1 2 2 3 3 3 3 2 1 2 4 3 1 2 4 4 2 4 2 2 3 4 1 3 2 4 1 4 3 3 1 4 2 2 3 3 4 3 1 3 1 3 1 3 1 2 4 2 1 4 1 3 1 4 4 2 3 1 1 1 1 4 4 2 3 1 2 1 4 4 1 3 3 1 1 1 2 2 2 3 3 4 3 2 3 4 3 3
21 0.100000 1 1 1 2 4 3 1 4 4 4 1 2 2 3 2 1 4 1 4 1 2 2 3 3 1 3 2 1 2 4 3 1 2 4 4 2 4 2 2 3 4 1 3 2 4 1 4 3 3 1 4 2 2 3 3 4 3 1 3 1 3 1 3 1 2 4 2 1 4 1 3 1 4 4 2 3 1 1 1 1 4 4 2 3 1 2 1 4 4 1 3 1 1 1 1 2 2 2 3 3 4 3 2 3 4 3 3
21 0.100000 1 1 1 2 4 3 1 4 4 1 1 2 2 3 2 1 4 1 4 1 2 2 3 3 3 3 2 1 2 4 3 1 2 4 4 2 4 2 2 3 4 1 3 2 4 2 4 3 3 1 4 2 2 3 3 4 3 1 3 1 3 1 3 1 2 4 2 1 4 1 3 1 4 4 2 3 1 1 1 1 4 4 2 3 1 2 1 4 4 1 3 3 1 1 1 1 2 2 3 3 4 3 2 3 4 3 3
21 0.100000 1 1 1 2 4 3 1 4 4 4 1 2 2 3 2 1 4 1 4 1 2 2 3 3 3 3 2 1 2 4 3 1 2 4 4 2 4 2 2 3 4 1 3 2 4 1 4 3 3 1 4 2 2 3 3 4 3 1 3 1 3 1 3 1 2 4 2 1 4 1 3 1 4 4 2 3 1 1 1 1 4 4 2 3 1 2 1 4 4 1 1 1 1 1 1 2 2 2 3 3 4 3 2 3 4 3 3
21 0.100000 1 1 1 2 4 3 1 4 4 4 1 4 2 3 2 1 4 1 4 1 2 2 3 3 3 3 2 1 2 4 3 1 2 4 4 2 4 2 2 3 4 1 3 2 4 1 4 3 3 1 4 2 2 3 3 4 3 1 3 1 3 1 3 1 2 3 2 1 4 1 3 1 4 4 2 3 1 1 1 1 4 4 2 3 1 2 1 4 4 1 1 1 1 1 1 2 2 2 3 3 4 3 2 3 4 3 3
21 0.100000 1 1 1 2 4 3 1 4 4 4 1 2 2 3 2 1 4 1 4 1 2 2 3 3 3 3 2 1 2 4 3 1 2 4 4 2 4 2 2 3 4 1 3 2 4 1 2 3 3 1 4 2 2 3 3 4 3 1 3 1 3 1 3 1 2 4 2 1 4 1 3 1 4 4 2 3 1 1 1 1 4 4 2 3 1 2 1 4 4 1 3 1 1 1 3 2 2 2 1 3 4 3 2 3 4 3 3
28 0.125000 1 1 1 2 4 3 1 4 4 4 1 2 2 3 2 1 4 1 4 1 2 2 3 3 3 3 2 1 2 4 3 1 2 4 4 2 4 2 2 3 4 1 3 2 4 1 4 3 3 1 4 2 2 3 3 4 3 1 3 1 3 1 3 1 2 4 2 1 4 1 3 1 4 4 2 3 1 1 1 1 4 4 2 3 1 2 1 4 4 1 3 3 1 1 1 2 2 4 3 3 4 3 2 3 4 3 3
28 0.125000 3 1 1 2 4 3 1 4 4 4 1 2 2 3 2 1 4 1 4 1 2 2 3 3 3 3 2 1 2 4 3 1 2 4 4 2 4 2 2 3 4 1 3 2 4 1 4 3 3 1 2 2 2 3 3 4 3 1 3 1 3 1 3 1 2 4 2 1 4 1 3 1 4 4 2 3 1 1 1 1 4 4 2 3 1 2 1 4 4 1 3 1 1 1 3 2 2 2 3 3 4 3 2 3 4 3 3
28 0.250000 1 1 1 2 4 3 1 4 4 4 1 2 2 3 2 1 4 1 4 1 2 2 3 1 3 1 2 1 2 4 3 1 2 4 4 2 1 2 3 3 4 1 3 2 4 1 4 3 3 1 4 2 2 3 3 4 3 4 3 1 3 1 3 1 2 4 2 1 4 1 3 1 4 4 2 3 1 1 1 1 4 4 2 3 1 2 1 4 4 1 1 1 1 1 1 2 2 2 3 3 4 3 2 3 4 3 3
28 0.250000 1 1 1 2 4 3 1 4 4 4 1 2 2 3 2 1 4 1 4 1 2 2 3 3 3 3 2 1 2 4 3 1 2 4 4 2 4 2 2 3 4 1 3 2 4 1 4 3 3 1 4 2 2 3 3 4 3 1 3 1 3 1 3 1 2 4 2 1 4 1 3 1 4 4 2 3 1 1 1 1 4 4 2 3 1 2 1 4 4 1 3 1 1 1 1 2 2 2 3 3 4 3 2 3 4 3 3
28 0.125000 1 1 1 2 4 3 1 4 4 4 1 2 2 3 2 1 4 1 4 1 2 2 3 3 3 3 2 1 2 4 3 1 2 4 4 2 4 2 2 3 4 1 3 2 4 1 4 3 3 1 4 2 2 3 3 4 3 1 3 1 3 1 3 1 2 4 2 1 4 1 3 1 4 4 2 3 1 1 1 1 4 4 2 3 1 2 1 4 4 1 3 1 1 3 1 2 2 2 3 3 4 1 2 3 4 3 3
28 0.125000 1 1 1 2 4 3 1 4 4 4 1 2 2 3 2 1 4 1 4 1 2 2 3 3 3 3 2 1 2 4 3 1 2 4 4 2 4 2 2 3 4 1 3 2 4 1 4 3 3 1 4 2 2 3 3 4 3 1 3 1 3 1 3 1 2 4 2 1 4 1 3 1 4 4 2 3 1 1 1 1 4 4 2 3 1 2 1 4 4 1 0 0 0 1 1 2 2 2 3 3 4 3 2 3 4 3 3
34 0.166667 1 1 1 2 4 3 1 4 4 4 1 2 4 3 2 1 4 1 4 1 2 2 3 3 3 3 2 1 2 4 3 1 2 4 4 2 4 2 2 3 4 1 3 2 4 1 4 3 3 1 4 2 2 3 3 4 3 1 3 1 3 1 3 1 2 4 2 1 4 1 3 1 4 4 2 3 1 1 1 1 4 4 2 3 1 1 1 4 4 1 3 1 1 3 1 2 2 2 3 3 4 3 2 3 4 3 3
34 0.166667 1 1 1 2 4 3 1 4 4 4 1 2 4 3 2 1 4 1 4 1 2 2 3 3 3 3 2 1 2 4 3 1 2 4 4 2 4 2 2 3 4 1 3 2 4 1 4 3 3 1 4 2 2 3 3 4 3 1 3 1 3 1 3 1 2 4 2 1 4 1 3 1 4 4 2 3 1 1 1 1 4 4 0 1 3 2 1 4 4 1 3 3 1 1 1 2 2 2 3 3 4 3 2 3 4 3 3
34 0.083333 1 1 1 2 4 3 1 4 4 4 1 2 2 3 2 1 4 1 4 1 2 2 3 3 3 3 2 1 2 4 3 1 2 4 4 2 4 2 2 3 4 1 3 2 4 1 4 3 3 1 4 2 2 3 3 4 3 1 3 1 1 1 3 1 2 4 2 1 4 1 3 1 4 4 2 3 1 1 1 1 4 4 2 3 1 4 1 4 4 1 3 3 1 1 1 2 2 2 3 3 4 3 2 3 4 3 3
34 0.166667 1 1 1 4 4 3 1 4 4 4 1 2 4 3 2 1 4 1 4 1 2 2 3 3 3 3 2 1 2 4 3 1 2 4 4 2 4 2 2 3 4 1 3 2 4 1 4 3 3 1 4 2 2 3 3 4 3 1 3 1 3 1 3 1 2 4 2 1 4 1 3 1 4 4 2 3 1 1 1 1 4 4 0 1 3 2 1 4 4 1 3 3 1 1 1 2 2 2 3 3 4 3 2 3 4 3 3
34 0.083333 1 1 1 2 4 3 1 4 4 4 1 2 2 3 2 1 4 1 4 1 2 2 3 3 3 3 2 1 2 4 3 1 4 4 4 2 4 2 2 3 4 1 3 2 4 1 4 3 3 1 4 2 2 3 3 4 3 1 3 1 3 1 3 1 2 4 2 1 4 1 3 1 4 4 2 3 1 1 1 1 4 4 0 1 3 2 1 4 4 1 1 1 1 1 1 2 2 2 3 3 4 3 2 3 4 3 3
34 0.083333 1 3 1 2 2 3 1 4 4 4 1 2 2 3 2 3 4 1 4 1 2 2 3 3 3 3 2 1 2 4 3 1 2 4 4 2 4 2 2 3 4 1 3 2 4 1 4 3 3 1 4 2 2 3 3 4 3 1 3 1 3 1 3 1 2 4 2 1 4 1 3 1 4 4 2 3 1 1 1 1 4 4 2 3 4 2 1 4 4 1 3 1 2 1 1 2 2 2 3 3 4 3 2 3 4 3 3
34 0.083333 1 1 1 2 4 3 1 4 4 4 1 2 4 3 2 1 4 1 4 1 2 2 3 3 3 3 2 1 2 4 3 1 2 4 4 2 4 2 2 3 3 1 3 2 4 1 4 3 3 1 4 2 2 3 3 4 3 1 3 1 3 1 3 1 2 4 2 3 4 1 3 1 4 4 2 3 1 1 1 1 4 4 0 3 1 2 1 4 4 1 3 1 1 3 1 2 2 2 3 3 4 3 2 3 4 3 3
34 0.083333 1 1 1 2 4 3 1 4 2 4 1 2 2 3 4 1 4 1 4 1 2 2 3 3 3 3 2 1 2 4 3 1 2 4 4 2 4 2 2 3 4 1 3 2 4 1 4 3 3 1 4 4 2 3 3 4 3 1 3 1 3 1 3 1 2 4 2 1 4 1 3 1 4 4 2 3 1 1 1 1 4 4 2 2 1 2 1 4 4 1 3 1 2 1 1 2 2 2 3 3 4 3 2 3 4 3 3
34 0.083333 1 1 1 2 4 1 1 4 4 4 1 2 2 3 2 1 4 1 4 1 2 2 3 3 3 3 2 1 2 4 3 1 2 4 4 2 4 2 2 3 4 1 3 2 4 1 4 3 3 1 4 2 2 3 3 4 3 1 3 1 3 1 3 1 2 3 2 1 4 1 3 1 4 4 2 3 1 1 1 1 4 4 2 3 1 2 1 4 2 1 1 1 1 1 1 2 2 2 3 3 4 3 2 3 4 3 3
63 0.083333 1 1 1 2 4 3 1 4 4 4 1 2 2 3 2 1 4 1 4 1 2 2 3 3 3 3 2 1 2 4 3 1 2 2 4 2 4 2 2 3 4 1 3 2 4 1 4 3 3 1 4 2 2 3 3 4 3 1 1 1 3 1 3 1 2 4 2 1 4 1 3 1 4 4 2 3 1 1 1 3 3 2 4 3 1 2 1 4 4 1 3 1 2 1 1 2 2 2 3 3 4 3 4 3 4 3 3
63 0.083333 1 1 1 2 4 3 1 4 4 4 1 2 4 3 2 1 4 1 4 1 2 2 3 3 3 3 2 1 2 4 3 1 2 4 4 2 4 2 2 3 4 1 3 2 4 1 4 3 3 1 4 2 2 3 3 4 3 1 3 1 3 1 3 1 2 4 2 1 4 1 3 1 4 4 2 3 1 1 1 1 4 4 0 1 3 2 1 4 4 1 3 3 1 1 1 2 2 2 3 3 4 3 2 3 4 3 3
63 0.083333 1 1 1 2 4 3 1 4 4 4 1 2 2 1 2 3 4 1 4 1 2 2 3 3 3 3 2 1 2 4 3 1 2 4 4 4 4 4 2 3 4 1 3 2 4 1 4 3 3 1 4 2 2 1 3 4 3 1 3 1 3 1 3 1 2 4 2 1 4 1 3 1 4 4 2 3 1 1 1 1 4 4 2 3 1 4 1 4 4 1 3 1 2 1 1 2 2 2 3 3 4 3 2 3 0 0 0
63 0.166667 1 1 1 2 4 3 1 4 4 4 1 2 4 3 2 1 4 1 4 1 2 2 3 3 3 3 2 1 2 4 3 1 2 4 4 2 4 2 2 3 4 1 3 2 4 1 4 3 3 1 4 2 2 3 3 4 1 1 3 1 3 1 3 1 2 4 2 1 4 1 3 1 4 4 2 3 1 1 1 1 4 4 0 1 3 2 1 4 4 1 3 3 1 1 1 2 2 2 3 3 4 3 2 3 4 3 3
63 0.083333 1 1 1 2 4 3 1 4 4 4 1 2 2 3 2 1 4 1 4 1 4 2 3 3 3 3 2 1 2 4 3 1 2 4 4 2 4 2 2 3 4 1 3 2 4 1 4 3 3 1 4 2 2 3 3 4 3 1 3 1 3 1 1 1 4 4 2 1 4 1 3 1 4 4 2 3 3 1 1 1 4 4 2 3 1 4 3 4 4 1 3 3 1 1 1 2 2 2 3 3 4 3 2 3 4 3 3
63 0.083333 1 1 1 2 4 3 1 4 4 4 1 2 2 3 2 1 4 1 4 1 2 2 3 3 3 3 2 1 2 4 3 1 2 4 4 2 4 2 2 3 4 1 3 2 4 1 4 3 3 1 4 2 2 3 3 4 1 1 3 1 3 1 3 1 2 4 2 1 4 1 3 1 4 4 2 3 1 1 1 1 4 4 2 3 1 2 1 4 4 1 3 1 4 1 1 2 2 2 3 3 4 3 2 3 4 3 3
63 0.083333 1 1 1 2 4 3 1 4 4 4 1 2 2 3 2 1 4 1 4 1 2 2 3 3 3 3 2 1 2 4 3 1 2 4 4 2 4 2 2 3 4 1 3 2 4 1 4 3 3 1 4 2 2 1 3 4 1 1 3 1 3 1 3 1 2 4 2 1 4 1 3 1 4 4 2 3 1 1 1 1 4 4 0 3 1 2 1 4 4 1 3 1 1 3 1 2 2 2 3 3 4 3 2 3 4 3 3
63 0.083333 1 1 1 2 4 3 1 4 4 4 1 2 2 3 2 1 4 1 4 1 4 2 3 3 3 3 2 1 2 4 3 1 2 4 4 2 4 2 2 3 4 1 3 2 4 1 4 3 3 1 4 2 2 3 3 4 3 1 1 1 3 1 3 1 2 4 2 1 4 1 3 1 4 4 2 3 1 1 1 1 4 4 2 3 1 2 1 4 4 1 3 3 1 1 1 2 2 2 3 3 4 3 2 3 4 3 3
63 0.083333 1 1 1 2 4 3 1 4 4 4 1 2 4 3 2 1 4 1 4 1 2 2 3 3 3 3 2 1 2 4 3 1 2 4 4 2 4 2 2 3 4 1 3 2 4 1 4 3 3 1 4 2 2 3 3 4 3 1 1 1 3 1 3 1 2 4 2 1 4 1 3 1 4 4 2 3 1 1 1 1 4 4 2 3 3 2 1 4 4 1 3 3 1 1 1 2 2 2 3 3 4 3 2 3 4 3 3
63 0.083333 1 1 2 2 4 3 1 4 4 4 1 2 2 3 2 1 4 1 4 1 2 2 3 3 3 3 2 1 2 4 3 1 2 4 4 2 4 2 2 3 4 1 3 2 4 1 4 3 3 1 4 2 2 3 3 4 3 1 1 1 3 1 3 1 2 4 2 1 4 1 3 1 4 4 2 3 1 1 1 1 4 4 2 3 1 4 1 4 4 1 3 1 2 1 1 2 2 2 3 3 4 3 2 3 4 3 3
63 0.083333 1 1 1 2 4 3 1 4 4 4 1 2 2 3 2 1 4 1 4 1 4 2 3 3 3 3 2 1 2 4 3 1 2 4 4 2 4 2 2 3 4 1 3 2 4 1 4 3 3 1 4 2 2 3 3 4 1 1 3 1 3 1 3 1 2 4 2 1 4 1 3 1 4 4 2 3 1 1 1 1 4 4 2 3 1 4 1 4 4 1 3 1 2 1 1 2 2 2 3 3 4 3 2 3 4 3 3
91 0.333333 1 1 1 2 4 3 1 4 4 4 1 2 2 3 2 1 4 1 3 2 4 2 3 3 3 3 2 1 2 4 3 1 2 4 4 2 4 2 2 3 4 1 3 2 4 1 4 3 3 1 4 2 2 3 3 4 1 3 3 1 3 1 3 1 2 4 2 1 4 1 3 1 4 4 2 3 1 1 2 1 4 4 2 1 1 2 1 4 4 1 3 1 2 1 1 2 2 2 3 3 4 3 2 3 4 3 3
91 0.333333 1 1 1 2 4 3 1 4 4 4 1 2 2 3 2 1 4 1 4 1 2 2 3 3 3 3 2 1 2 4 3 1 2 4 4 2 4 2 2 3 4 1 4 2 4 1 4 3 3 1 4 2 2 3 3 4 1 1 3 1 3 1 3 1 2 4 2 1 4 1 3 1 4 4 2 3 1 1 2 1 4 4 2 1 1 2 1 4 4 1 3 1 2 1 1 2 2 2 3 3 4 3 2 3 4 3 3
91 0.111111 1 1 1 2 4 3 1 4 4 4 1 2 2 3 2 1 4 1 4 1 2 2 3 3 3 3 2 1 2 4 3 1 2 4 4 2 4 2 2 3 4 1 3 2 4 1 4 3 3 1 4 2 2 3 3 4 3 1 1 1 3 1 3 1 2 4 2 1 4 1 3 1 4 4 2 3 1 1 1 1 4 4 2 3 2 2 1 4 4 1 3 1 1 3 1 2 2 2 3 3 4 3 2 3 4 3 3
91 0.111111 1 1 1 2 4 3 1 4 4 4 1 2 2 3 2 1 4 1 4 1 4 2 3 3 3 3 2 1 2 4 3 1 2 4 4 2 4 2 2 3 4 1 3 2 4 1 4 3 3 1 4 2 2 3 3 3 3 1 3 3 3 1 3 1 2 4 4 1 4 1 3 2 4 4 2 3 1 1 1 1 4 4 2 1 1 2 1 4 4 1 3 1 2 1 1 2 2 2 3 3 1 3 2 3 4 3 3
91 0.111111 1 1 1 2 4 3 1 4 4 4 1 2 2 3 2 1 4 1 4 1 2 2 3 3 3 3 2 1 2 4 3 1 2 4 4 2 4 2 2 3 4 1 3 2 4 1 4 3 3 1 4 2 2 3 3 4 1 1 3 1 3 1 3 1 2 4 2 1 4 1 3 1 4 4 2 3 1 1 1 1 4 4 2 3 1 4 1 4 4 1 3 3 1 1 3 2 2 2 3 3 4 3 2 3 4 3 3
175 0.083333 1 1 1 2 4 3 1 4 4 4 1 2 2 3 2 1 4 1 3 2 4 2 3 3 3 3 2 1 2 4 3 1 2 4 4 2 4 2 2 3 4 1 3 2 4 1 4 3 3 2 4 2 2 3 3 4 3 4 1 1 3 1 3 1 2 4 2 1 4 1 3 1 4 4 2 3 1 1 1 1 4 4 2 2 1 2 1 4 4 2 3 1 2 1 1 2 2 2 3 3 4 3 2 3 4 3 3
175 0.083333 1 1 1 2 4 3 1 4 4 4 1 2 2 3 2 1 4 1 3 2 4 2 3 3 3 3 2 1 2 4 3 1 2 4 4 2 4 2 2 3 4 3 3 2 4 1 4 3 3 1 4 2 2 3 3 4 1 1 1 1 3 1 3 1 2 4 2 1 4 1 3 1 4 4 2 3 1 1 1 1 4 4 2 3 1 4 1 4 4 1 3 3 1 1 3 2 2 2 3 3 4 3 2 3 4 3 3
175 0.166667 1 1 1 2 4 3 1 4 4 4 1 2 2 3 2 1 4 1 3 2 4 2 3 3 3 3 2 1 2 4 3 1 2 4 4 2 4 2 2 3 4 1 3 4 4 1 4 3 3 1 4 2 2 3 3 4 3 4 1 1 3 1 3 1 2 4 2 1 4 1 3 1 4 4 2 3 1 1 1 1 4 4 2 3 3 2 1 4 4 1 3 3 1 1 3 2 2 2 3 3 4 3 2 3 4 3 3
175 0.083333 1 1 1 2 4 3 1 4 4 4 1 2 2 3 2 1 4 1 3 2 4 2 3 3 3 3 2 1 2 4 3 1 2 4 4 2 4 2 2 3 4 1 3 4 4 1 4 3 3 1 4 2 2 3 3 4 3 1 1 1 3 1 3 1 2 4 2 1 4 1 3 1 4 4 2 3 1 1 1 1 4 4 2 3 3 4 1 4 4 1 3 3 1 1 3 2 2 2 3 3 4 3 2 3 4 3 3
175 0.083333 1 1 1 2 4 3 1 4 4 4 1 2 2 3 2 1 4 1 3 2 4 2 3 3 3 3 2 1 2 4 3 1 2 4 4 2 4 2 2 3 4 1 3 2 4 1 4 3 3 1 4 2 2 3 1 4 3 0 1 1 3 1 3 1 2 4 2 1 4 1 3 1 4 4 2 3 1 1 1 1 4 4 2 3 3 2 1 4 4 1 3 3 1 1 3 2 2 2 3 3 4 3 2 3 4 3 3
175 0.083333 1 1 1 2 4 3 1 4 4 4 1 2 2 3 2 1 4 1 3 2 4 2 3 3 3 3 2 1 2 4 3 1 2 4 4 2 4 2 2 3 4 1 3 4 4 1 4 3 3 1 4 2 2 1 3 4 3 1 1 1 1 1 3 1 2 4 2 1 4 1 3 1 4 4 2 3 1 1 1 1 4 4 2 3 3 2 1 4 4 1 3 3 1 1 3 2 2 2 3 3 4 3 2 3 4 3 3
175 0.083333 1 1 1 2 4 3 1 4 4 4 1 2 2 3 2 1 4 1 3 2 4 2 3 3 3 3 2 1 2 4 3 1 2 4 4 2 4 2 2 3 4 1 4 2 4 1 4 3 3 1 4 2 2 3 3 4 3 1 1 1 3 1 3 1 2 4 2 1 4 1 3 1 4 4 2 3 1 1 1 1 4 4 2 1 1 2 1 4 4 1 3 1 2 1 1 2 2 2 3 3 4 3 2 3 4 3 3
175 0.083333 1 1 1 2 4 3 1 4 4 4 1 2 2 3 2 1 4 1 3 2 4 2 3 3 3 3 2 1 2 4 3 1 2 4 4 2 4 2 2 3 4 1 4 0 4 1 4 3 3 2 4 2 2 1 3 4 3 1 1 1 3 1 3 1 2 4 2 1 4 1 3 1 4 4 2 3 1 1 1 1 4 4 2 3 3 2 1 4 4 1 3 3 1 1 3 2 2 2 3 3 4 3 2 3 4 3 3
175 0.083333 1 1 1 2 4 3 1 4 4 4 1 2 2 3 2 2 4 1 3 2 4 2 3 3 3 3 2 1 2 4 3 1 2 4 4 2 4 2 2 3 4 1 4 2 4 1 4 3 3 1 4 2 2 3 3 4 3 1 1 1 3 1 3 1 2 4 2 1 4 1 3 1 4 4 2 3 1 1 1 1 4 4 2 2 1 2 1 4 4 2 3 1 2 1 1 2 2 2 3 3 4 3 2 3 4 3 3
175 0.083333 1 1 1 2 4 3 1 4 4 4 1 2 2 3 2 1 4 1 3 2 4 2 3 3 3 3 2 1 2 4 3 1 2 4 4 2 4 2 2 3 4 3 3 2 4 1 4 3 3 1 4 2 2 3 3 4 3 4 1 1 3 1 3 1 2 4 2 1 4 1 3 1 4 4 2 3 1 1 1 1 4 4 2 2 1 2 1 4 4 1 3 1 4 1 1 2 2 2 3 3 4 3 2 3 4 3 3
175 0.083333 1 1 1 2 4 3 1 4 4 4 1 2 2 3 2 1 4 1 3 2 4 2 3 3 3 3 2 1 2 4 3 1 2 4 4 2 4 2 2 3 4 1 4 2 4 1 4 3 3 1 4 2 2 3 3 4 3 1 1 1 3 1 3 1 2 4 2 1 4 1 3 1 4 4 2 3 1 1 2 1 4 4 2 1 1 2 1 4 4 1 3 1 2 1 1 2 2 2 3 3 4 3 2 3 4 3 3
273 0.111111 1 1 1 2 4 3 1 4 4 4 1 2 2 3 2 1 4 1 3 2 4 2 3 3 3 3 2 1 2 4 3 1 2 4 0 2 4 2 2 3 4 1 4 0 4 2 4 3 3 2 4 2 2 1 3 4 3 1 1 1 3 1 3 1 2 4 2 1 4 1 3 1 4 4 2 3 1 1 1 1 4 4 2 3 3 2 1 4 4 1 3 3 1 1 3 2 2 2 3 3 4 3 2 3 4 3 3
273 0.111111 1 1 1 2 4 3 1 4 4 4 1 2 2 3 2 1 4 1 3 2 4 2 3 3 3 3 2 1 2 4 3 1 2 4 4 2 4 2 2 3 4 1 4 2 4 1 4 3 3 3 4 2 2 3 3 4 3 1 1 1 3 1 3 1 2 4 2 1 4 1 3 1 4 4 2 3 1 1 1 1 4 4 2 2 1 2 1 4 4 1 3 1 2 1 1 2 2 2 3 3 4 3 2 3 4 3 3
273 0.111111 1 1 1 2 4 3 1 4 4 4 1 2 2 3 2 1 0 1 3 2 4 2 3 3 3 3 2 1 2 4 3 1 2 4 4 2 4 2 2 3 4 1 3 0 2 1 4 3 3 3 4 2 2 3 1 4 3 4 1 1 3 3 3 2 2 4 2 1 4 1 3 1 4 4 2 3 1 1 1 1 4 4 2 3 3 2 1 4 4 2 3 1 2 1 3 2 2 2 3 3 4 3 2 3 4 3 3
273 0.111111 1 1 1 2 4 3 1 4 4 4 1 2 2 3 2 1 4 1 3 2 4 2 3 3 3 3 2 1 2 4 3 1 2 4 4 2 4 2 2 3 4 1 4 0 4 1 4 3 3 2 4 2 2 3 1 4 3 4 1 1 3 3 3 2 2 4 2 1 4 1 3 1 4 4 2 3 1 1 1 1 4 4 2 2 1 2 1 4 4 2 3 1 2 1 1 2 2 2 3 3 4 3 2 3 4 3 3
273 0.111111 1 1 1 2 4 3 1 4 4 4 1 2 2 3 2 1 4 1 3 2 4 2 3 3 3 3 2 1 2 4 3 1 2 4 4 2 4 2 2 3 4 1 4 2 4 1 4 3 3 2 4 2 2 3 3 4 3 4 1 1 3 1 3 1 2 4 2 1 4 1 3 1 4 4 2 3 1 1 1 1 4 4 2 2 1 2 1 4 4 2 3 1 2 1 1 2 2 2 3 3 4 3 2 3 4 3 3
273 0.111111 1 1 1 2 4 3 1 4 4 4 1 2 2 3 2 1 4 1 3 2 4 2 3 3 3 3 2 1 2 4 3 1 2 4 4 2 4 2 2 3 4 1 4 0 4 1 4 3 3 2 4 2 2 1 3 4 3 1 1 1 3 3 3 2 2 4 2 1 4 1 3 1 4 4 1 3 1 1 2 1 4 4 2 2 1 2 1 4 4 2 3 1 2 1 3 2 2 2 3 3 4 3 2 3 4 3 3
273 0.111111 1 1 1 2 4 3 1 4 4 4 1 2 2 3 2 1 4 1 3 2 4 2 3 3 3 3 2 1 2 4 3 1 2 4 4 2 4 2 2 3 4 1 4 0 4 1 4 3 3 2 4 2 2 3 3 4 3 4 1 1 3 1 3 1 2 4 2 1 4 1 3 1 4 4 2 3 1 1 1 1 4 4 2 2 1 2 1 4 4 2 3 1 2 1 1 2 2 2 3 3 4 3 2 3 4 3 3
273 0.111111 1 1 1 2 4 3 1 4 4 4 1 2 2 3 2 1 4 1 3 2 4 2 3 3 3 3 2 1 2 4 3 1 2 4 4 2 4 2 2 3 4 1 3 4 4 1 4 3 3 3 4 2 2 3 1 4 3 4 3 1 3 1 3 2 2 4 2 1 4 1 3 1 4 4 1 3 1 1 1 1 4 4 2 2 1 2 1 4 4 2 3 1 4 1 3 2 2 2 3 3 2 3 2 3 4 3 3
273 0.111111 1 1 1 2 4 3 3 4 4 4 1 2 2 3 2 1 4 1 3 2 4 2 3 3 3 3 2 1 2 4 3 1 2 4 4 2 4 2 2 3 4 1 4 0 4 1 4 3 3 0 4 2 2 1 3 4 3 1 1 1 3 1 3 1 2 4 2 1 4 1 3 1 4 4 2 3 1 1 1 1 4 4 2 3 3 2 1 4 4 1 3 1 2 1 3 2 2 2 3 3 4 3 2 3 4 3 3
333 0.111111 1 1 1 2 4 3 1 4 4 4 1 2 2 3 2 1 4 1 3 2 4 2 3 3 3 3 2 1 2 4 3 1 2 4 4 2 4 2 2 3 4 1 4 0 4 1 4 3 3 2 4 2 2 3 3 4 3 4 1 1 3 1 3 2 2 4 0 0 0 0 3 1 4 4 1 3 1 1 1 1 4 4 2 2 1 2 1 4 4 2 3 3 1 1 3 2 2 2 3 3 4 3 2 3 4 3 3
333 0.111111 1 1 1 2 4 3 1 4 4 4 1 2 2 3 2 1 4 1 3 2 4 2 3 3 3 3 2 1 2 4 3 1 2 4 4 2 4 2 2 3 4 1 4 0 4 1 4 3 3 0 4 2 2 1 3 4 3 1 1 1 3 1 3 1 2 4 2 1 4 1 3 1 4 4 2 3 1 1 1 1 4 4 2 2 1 2 1 4 4 2 3 1 2 1 1 2 2 2 3 3 4 3 2 3 4 3 3
333 0.111111 1 1 1 2 4 3 1 4 4 4 1 2 2 3 2 1 4 1 3 2 4 2 3 3 3 3 2 1 2 4 3 1 2 4 4 2 4 2 2 3 4 1 4 0 4 1 4 3 3 0 4 2 2 1 3 4 3 1 1 1 3 1 3 1 2 4 2 1 4 1 3 1 4 4 2 3 1 1 1 1 4 4 2 3 3 2 1 4 4 1 3 1 2 1 1 2 2 2 3 3 4 3 2 3 4 3 3
333 0.111111 1 1 1 2 4 3 1 4 4 4 1 2 2 3 2 1 4 1 3 2 4 2 3 3 3 3 2 1 2 4 3 1 2 4 4 2 4 2 2 3 4 1 4 0 4 1 4 3 3 0 4 2 4 3 3 4 3 4 1 1 3 1 3 1 2 4 2 1 4 1 3 1 4 4 1 3 1 1 1 1 4 4 2 2 1 2 1 4 4 2 3 3 1 1 3 2 2 2 3 3 4 3 2 3 4 3 3
333 0.111111 1 1 1 2 4 3 1 4 4 4 1 2 2 3 2 1 4 3 3 2 4 2 3 3 3 3 2 1 2 4 3 1 2 4 4 2 4 2 2 3 4 1 3 0 2 1 4 3 3 0 4 2 2 3 3 4 3 4 1 1 3 1 3 1 2 4 2 1 4 1 3 1 4 4 1 3 1 1 1 1 4 4 2 2 1 2 1 4 4 2 3 3 1 1 3 2 2 2 3 3 4 3 2 3 4 3 3
333 0.111111 1 1 1 2 4 3 1 4 4 4 1 2 2 3 2 1 4 1 3 2 4 2 3 3 3 3 2 1 2 4 3 1 2 4 4 2 4 2 2 3 4 1 4 0 4 1 4 3 3 2 4 2 2 1 3 4 3 1 1 1 3 1 3 1 2 4 2 1 4 1 3 1 4 4 2 3 1 1 1 1 4 4 2 2 1 2 1 4 4 2 3 1 2 1 1 2 2 2 3 3 4 3 2 3 4 3 3
333 0.111111 1 1 1 2 4 3 1 4 4 4 1 2 2 3 2 1 4 1 3 2 4 2 3 3 3 3 2 1 2 4 3 1 2 4 4 2 4 2 2 3 4 1 3 0 2 1 4 3 3 0 4 2 2 1 3 4 3 1 1 1 3 1 3 1 2 4 2 1 4 1 3 1 4 4 2 3 1 1 1 1 4 4 2 3 4 2 1 4 4 1 3 1 2 1 1 2 2 2 3 3 4 3 2 3 4 3 3
333 0.111111 1 1 1 2 4 3 1 4 4 4 1 2 2 3 2 1 4 1 3 2 4 2 3 3 3 3 2 1 2 4 3 1 2 4 4 2 4 2 2 3 4 1 3 0 2 1 4 3 3 0 4 2 2 1 3 4 3 1 1 1 3 1 3 2 2 4 2 1 4 1 3 1 4 2 2 3 1 1 1 1 4 4 2 2 1 2 1 4 4 2 3 1 2 1 1 2 2 2 3 3 4 3 2 3 4 3 3
333 0.111111 1 1 1 2 4 3 1 4 4 4 1 2 2 3 2 1 4 1 3 2 4 2 3 3 3 3 2 1 2 4 3 1 2 4 4 2 4 2 2 3 4 1 3 0 2 1 4 3 3 0 4 2 2 3 3 4 3 4 1 1 3 3 3 1 2 4 2 1 4 1 3 1 4 4 1 3 1 1 1 1 4 4 2 2 1 2 1 4 4 2 3 1 2 1 1 2 2 2 3 3 4 3 2 3 4 3 3
