0 0.111111 4 3 4 4 3 3 3 1 4 1 1 2 1 2 3 4 2 4 3 1 1 1 2 3 1 2 4 2 2 1 4 4 4 1 2 2 4 1 2 2 4 1 1 1 1 3 3 3 1 3 1 2 1 4 4 4 2 2 4 3 2 1 2 4 3 4 2 4 2 1 3 1 1 1 4 3 1 2 4 3 4 4 3 1 4 3 1 2 1 4 1 2 1 1 3 1 4 3 2 1 4 3 3 4 1 1 2 1 3 4 2 2 4 2 3 3 3 1 1 1 3 3 3 4 3 3 2 3 2 1 4 2 3 4 3 2 2 1 3 1 4 2 3 2 4 4 2 1 1 4 2 4 1 2 3 1 4 1 2 2 2 4 3 1 4 1 2 4 1 2 4 2 3 2 2 1 1 1 3 4 1 4 1 4 4 2 4 2 1 2 1 1 1 1 3 4 3 3 1 2 4 3 2 2 3 3 1 1 1 4 1 3 4 3 2 1 1 1 2 2 2 1 4 2 1 4 2 3 4 2 4 3 1 1 1 1 1 4 3 4 4 1 3 1 4 3 3 4 4 1 4 3 3 1 3 1 2 1 1 3 1 3 4 1 3 4 3 2 3 4 1 3 4 3 1 1 1 3 3 4 4 4 1 1 3 3 4 4 4 2 4 2 4 3 2 1 1 2 1 1 3 2 4 1 3 3 3 2 2 1 4 2 4 0 0
0 0.111111 4 3 4 4 3 3 3 1 4 1 1 2 1 2 3 4 2 4 3 1 1 1 2 3 1 2 4 2 2 1 4 4 4 1 2 2 4 1 2 2 4 3 1 1 1 3 3 3 1 3 1 2 1 4 4 4 2 4 4 3 2 1 2 4 3 4 2 4 2 1 3 1 1 1 4 3 1 2 4 3 4 4 3 1 4 3 1 2 1 4 1 2 1 1 3 1 4 3 2 1 4 3 3 4 1 1 2 1 3 4 2 2 4 2 3 3 3 1 1 1 3 3 3 4 3 3 2 3 2 1 4 2 3 4 3 2 2 1 3 1 4 2 3 2 4 4 2 1 1 4 2 4 1 2 3 1 4 1 2 2 2 4 3 1 4 1 2 4 1 2 4 2 3 2 2 1 1 1 3 4 1 4 1 4 4 2 4 2 1 2 1 1 1 1 3 4 3 1 1 2 4 3 2 2 3 3 1 1 1 4 1 3 4 3 2 1 1 1 2 2 2 1 4 2 1 4 2 3 4 2 4 3 1 1 1 1 1 4 3 4 4 1 3 1 4 1 3 4 4 1 4 3 3 1 3 1 2 1 1 3 1 3 4 1 1 4 3 2 3 4 1 3 4 3 1 1 1 3 3 4 4 4 1 1 3 3 4 4 4 2 4 2 4 3 2 1 1 2 1 1 3 2 4 1 3 3 3 2 2 1 4 2 4 1 0
0 0.111111 4 3 4 4 3 3 3 1 4 1 1 2 1 2 3 4 2 4 3 1 1 1 2 3 1 2 4 2 2 1 4 4 4 1 2 2 4 1 2 2 4 1 1 3 1 3 3 3 1 3 1 2 1 4 4 4 2 4 4 3 2 1 2 4 3 4 2 4 2 1 3 1 1 1 4 3 1 2 4 3 4 4 3 1 4 3 1 2 1 4 1 2 1 1 3 1 4 3 2 1 4 3 3 4 1 1 2 1 3 4 2 2 4 2 3 3 3 1 1 1 3 3 3 4 3 3 2 3 2 1 4 2 3 4 3 2 2 1 3 1 4 2 3 2 4 2 2 1 1 4 2 4 1 2 3 1 4 1 2 2 2 4 3 1 4 1 2 4 1 2 4 2 3 2 2 1 1 1 3 4 1 4 1 4 4 2 4 2 1 2 1 1 1 1 3 4 3 3 1 2 4 3 2 2 3 3 1 1 1 4 1 3 4 3 2 1 1 1 2 2 2 1 4 2 1 4 2 3 4 2 4 3 1 1 1 1 1 4 3 4 4 1 3 1 4 3 3 4 4 1 4 3 3 1 3 1 2 1 1 3 1 3 4 1 3 4 3 2 3 4 1 3 4 3 1 1 1 3 3 4 4 4 1 1 3 3 4 4 4 2 4 2 4 3 2 1 1 2 1 1 3 2 4 1 3 3 3 2 2 1 4 2 4 1 0
0 0.111111 4 3 4 4 3 3 3 1 4 1 1 2 1 2 3 4 2 4 3 1 1 1 2 3 1 2 4 2 2 1 4 4 4 1 2 2 4 1 2 2 4 1 3 1 1 3 3 3 1 3 1 2 1 4 4 4 2 4 4 3 2 1 2 4 3 4 2 4 2 1 3 1 1 1 4 3 1 2 4 3 4 4 3 1 4 3 1 2 1 4 1 2 1 1 3 1 4 3 2 1 4 3 3 4 1 1 2 1 3 4 2 2 4 2 3 3 3 1 1 1 3 3 3 4 3 3 2 3 2 1 4 2 3 4 3 2 2 1 3 1 4 2 3 2 4 4 2 1 1 4 2 4 1 2 3 1 4 1 2 2 2 4 3 1 4 1 2 4 1 2 4 2 3 2 2 1 1 1 3 4 1 4 1 4 4 2 4 2 1 2 1 1 1 1 3 4 3 3 1 2 4 3 2 2 3 3 1 1 1 4 1 3 4 3 2 1 1 1 2 2 2 1 4 2 1 4 2 3 4 2 4 3 1 1 1 1 1 4 3 4 4 1 3 1 4 3 3 4 4 1 4 3 3 1 3 1 2 1 1 3 1 3 4 1 3 4 3 2 3 4 1 3 4 3 1 1 1 3 3 4 4 4 1 1 3 3 4 4 4 2 4 2 4 3 2 1 1 4 1 1 3 2 4 1 3 3 1 2 2 1 4 2 4 1 0
0 0.111111 4 3 4 4 3 3 3 1 4 1 1 2 1 2 3 4 2 4 3 3 1 1 2 3 1 2 4 2 2 1 4 4 4 1 2 2 4 1 2 2 4 1 1 1 1 3 3 3 1 3 1 2 1 4 4 4 2 4 4 3 2 1 2 4 3 4 2 4 2 1 3 1 1 1 4 3 1 2 4 3 4 4 3 1 4 3 1 2 1 4 1 2 1 1 3 1 4 3 2 1 4 3 3 4 1 1 2 1 3 4 2 2 4 2 3 3 3 1 1 1 3 3 3 4 3 3 2 3 2 1 4 2 3 4 3 2 2 3 3 1 4 2 3 2 4 4 2 1 1 4 2 4 1 2 3 1 4 1 2 2 2 4 3 1 4 1 2 4 1 2 4 2 3 2 2 1 1 1 3 4 1 4 1 4 4 2 4 2 1 2 1 1 1 1 3 4 3 3 1 2 4 3 2 2 3 3 1 1 1 4 1 3 4 3 2 1 1 1 2 2 2 1 4 2 1 4 2 3 4 2 4 3 1 1 1 1 1 4 3 4 4 1 3 1 4 3 3 4 4 1 4 3 3 1 3 1 2 1 1 3 1 3 4 1 3 4 3 4 3 4 1 3 4 3 1 1 1 3 3 4 4 4 1 1 3 3 4 4 4 2 4 2 4 3 2 1 1 2 1 1 3 2 4 1 3 3 3 2 2 1 4 2 4 1 0
0 0.111111 4 3 4 4 3 3 3 1 4 1 1 2 1 2 3 4 2 4 3 1 1 1 2 3 1 2 4 2 2 1 4 4 4 1 2 2 4 1 2 2 4 1 1 1 1 3 3 3 1 3 1 2 1 4 4 4 2 4 4 3 2 1 2 4 3 4 2 4 2 1 3 1 1 1 4 3 1 2 4 3 4 4 3 1 4 3 1 2 1 4 1 2 1 1 3 1 4 3 2 1 4 3 3 4 1 1 2 1 3 4 2 2 4 2 3 3 3 1 1 1 3 3 3 4 3 3 2 3 2 1 4 2 3 4 3 2 2 1 3 1 4 2 3 2 4 4 2 1 1 4 2 4 1 2 3 1 4 1 2 2 2 4 3 1 4 1 2 4 1 2 4 2 3 2 2 1 1 1 3 4 1 4 1 4 4 2 4 2 1 2 1 1 1 1 3 4 3 3 1 2 4 3 2 2 3 3 1 1 1 4 1 3 4 3 2 1 1 1 2 2 2 1 4 2 2 4 2 3 4 2 4 3 1 1 1 1 1 4 3 4 4 1 3 1 4 3 3 4 4 1 4 3 3 1 3 1 2 1 1 3 1 3 4 1 3 4 3 2 3 4 1 3 4 3 1 1 1 3 3 4 4 4 1 1 3 3 4 4 4 2 4 2 4 3 2 1 1 2 1 1 3 2 4 1 3 3 3 2 2 1 4 2 4 1 3
0 0.111111 4 3 4 4 3 3 3 1 4 1 1 2 1 2 3 4 2 4 3 1 1 1 2 3 1 2 4 2 2 1 4 4 4 1 2 2 4 1 2 2 4 1 1 1 1 3 3 3 1 3 1 2 1 4 4 4 2 4 4 3 2 1 2 4 3 4 2 4 2 1 3 1 1 1 4 3 1 2 4 3 4 4 3 1 4 3 1 2 1 4 1 2 1 1 3 1 4 3 2 1 4 3 3 4 1 1 2 1 3 4 2 2 4 2 3 3 3 1 1 1 3 3 3 4 3 3 2 3 2 1 4 2 3 4 3 2 2 1 3 1 4 2 3 2 4 4 2 1 1 4 2 4 1 2 3 1 4 1 2 2 2 4 3 1 4 1 2 4 3 2 4 2 3 2 2 1 1 1 3 4 1 4 1 4 4 2 4 2 1 2 1 1 1 1 3 4 3 3 1 2 4 3 2 2 3 3 1 1 1 4 1 3 4 3 2 1 1 1 2 2 2 1 4 2 1 4 2 3 4 2 4 3 1 1 1 1 1 4 3 4 4 1 3 1 4 3 3 4 4 1 4 3 3 1 3 1 2 1 1 3 1 3 4 1 3 4 3 2 3 4 1 3 4 3 1 1 1 3 3 4 4 4 1 1 3 3 4 4 4 2 4 2 4 3 2 1 1 2 1 1 3 2 4 1 3 3 3 2 2 1 4 2 4 0 0
0 0.111111 4 3 4 4 3 3 3 1 4 1 1 2 1 2 3 4 2 4 3 1 1 1 2 3 1 2 4 2 2 1 4 4 4 1 2 2 4 1 2 2 4 1 1 1 1 3 3 3 1 3 1 2 1 4 4 4 2 4 4 3 2 1 2 4 3 4 2 4 2 1 3 1 1 1 4 3 1 2 4 3 4 4 3 1 4 3 1 2 1 4 1 2 1 1 3 1 4 3 2 1 4 3 3 4 1 1 2 1 3 4 2 2 4 2 3 3 3 1 1 1 3 3 3 4 3 3 2 3 2 1 4 2 3 4 3 2 2 1 3 1 4 2 3 2 4 4 2 1 1 4 2 4 1 2 3 1 4 1 2 2 2 4 3 1 4 1 2 4 1 2 4 2 3 2 2 1 1 1 3 4 1 4 1 4 4 2 4 2 1 2 1 1 1 1 3 4 3 3 1 2 4 3 2 2 3 3 1 1 1 4 1 3 4 3 2 1 1 1 2 2 2 1 4 2 1 4 2 3 4 2 4 3 1 1 1 1 1 4 3 4 4 1 3 1 4 3 3 4 4 1 4 3 3 1 3 1 2 1 1 3 1 3 4 1 3 4 3 2 3 4 1 3 4 3 1 1 1 3 3 4 4 4 1 1 3 3 4 4 4 2 4 2 4 3 2 1 1 2 1 1 3 2 4 1 3 3 3 0 0 0 0 0 0 0 0
0 0.111111 4 3 4 4 3 3 3 1 4 1 1 2 1 2 3 4 2 4 3 1 1 1 2 3 1 2 4 2 2 1 4 4 4 1 2 2 4 1 2 2 4 1 1 1 1 3 3 3 1 3 1 2 1 4 4 4 2 4 4 3 2 1 2 4 3 4 2 4 2 1 3 1 1 1 4 3 1 2 4 3 4 4 3 1 4 3 1 2 1 4 1 2 1 1 3 1 4 3 2 1 4 3 3 4 1 1 2 1 3 4 2 2 4 2 3 3 3 1 1 1 3 3 3 4 3 3 2 3 2 1 4 2 3 4 3 2 2 1 3 1 4 2 3 2 4 4 2 1 1 4 2 4 1 2 3 1 4 1 2 2 2 4 3 1 4 1 2 4 1 2 4 2 3 2 2 1 1 1 3 4 1 4 1 4 4 2 4 2 1 2 1 1 1 1 3 4 3 3 1 2 4 3 2 2 3 3 1 1 1 4 1 3 4 3 2 1 1 1 2 2 2 1 4 2 1 4 2 3 4 2 4 3 1 1 1 1 1 4 3 4 4 1 3 1 4 3 3 4 4 1 4 3 3 1 3 1 2 1 1 3 1 3 4 1 3 4 3 2 3 4 1 3 4 3 1 1 1 3 3 4 4 4 1 1 3 3 4 4 4 2 4 2 4 3 2 1 1 2 1 1 3 2 4 1 3 3 3 2 2 1 4 2 4 1 3
21 0.058824 4 3 4 4 3 3 3 1 4 1 1 2 1 2 3 4 2 4 3 1 1 1 2 3 1 2 4 2 2 1 4 4 4 1 2 2 4 1 2 2 4 1 3 1 1 3 3 3 1 3 1 2 1 4 4 4 2 4 4 3 2 1 2 4 3 4 2 4 2 1 3 1 1 1 4 3 1 2 4 3 4 4 3 1 4 3 1 2 1 4 1 2 1 1 3 1 4 3 2 1 4 3 3 4 1 1 2 1 3 4 2 2 4 2 3 3 3 1 1 1 3 3 3 4 3 3 2 3 2 1 4 2 3 4 3 2 2 1 3 1 4 2 3 2 4 4 2 1 1 4 2 4 1 2 3 1 4 1 2 2 2 4 3 1 4 1 2 4 1 2 4 2 3 2 2 1 1 1 3 4 1 4 1 4 4 2 4 2 1 2 1 1 1 1 3 4 3 3 1 2 4 3 2 2 3 3 1 1 1 4 1 3 4 3 2 1 1 1 2 2 2 1 4 2 1 4 2 3 4 2 4 3 1 1 1 1 1 4 3 4 4 1 3 1 4 1 3 4 4 1 4 3 3 1 3 1 2 1 1 3 1 3 4 1 3 4 3 2 3 4 1 3 4 3 1 1 1 3 3 4 4 4 1 1 3 3 4 4 4 2 4 2 4 3 2 1 1 2 1 1 3 2 4 1 3 3 3 2 2 1 4 2 4 1 3
21 0.058824 4 3 4 3 3 3 3 1 4 1 1 2 1 2 3 4 2 4 3 1 1 1 2 3 1 2 4 2 2 1 4 4 4 1 2 2 4 1 2 2 4 1 3 1 1 3 3 3 1 3 1 2 1 4 4 4 2 4 4 3 2 1 2 4 3 4 2 4 2 1 3 1 1 1 4 3 1 2 4 3 4 4 3 1 4 3 1 2 1 4 1 2 1 1 3 1 4 3 2 1 4 3 3 4 1 1 2 1 3 4 2 2 4 2 3 3 3 1 1 1 3 3 3 4 3 3 2 3 2 1 4 2 3 4 3 2 2 1 3 1 4 2 3 2 4 4 2 1 1 4 2 4 1 2 3 1 4 1 2 2 2 4 3 1 4 1 2 4 1 2 4 2 3 2 2 1 1 1 3 4 1 4 1 4 4 2 4 2 1 2 1 1 1 1 3 4 3 3 1 2 4 3 2 2 3 3 1 1 1 4 1 3 4 3 2 1 1 1 2 2 2 1 4 2 1 4 2 3 4 2 4 3 1 1 1 1 1 4 3 4 4 1 3 1 4 3 3 4 4 1 4 3 3 1 3 1 2 1 1 3 1 3 4 1 3 4 3 2 3 4 1 3 4 3 1 1 1 3 3 4 4 4 1 1 3 3 4 4 4 2 4 2 4 3 2 1 1 2 1 1 3 2 4 1 3 3 3 2 2 1 4 2 4 1 3
21 0.058824 4 3 4 4 3 3 3 1 4 1 1 2 1 2 3 4 2 4 3 1 1 1 2 3 1 2 4 2 2 1 4 4 4 1 2 2 4 1 2 2 4 1 1 1 1 3 3 3 1 3 1 2 1 4 4 4 2 4 4 3 2 3 2 4 3 4 2 4 2 1 3 1 1 1 4 3 1 2 4 3 4 4 3 1 4 3 1 2 1 4 1 2 1 1 3 1 4 3 2 1 4 3 3 4 1 1 2 1 3 4 2 2 4 2 3 3 3 1 1 1 3 3 3 4 3 3 2 3 2 1 4 2 3 4 3 2 2 1 3 1 4 2 3 2 4 4 2 1 1 4 2 4 1 2 3 1 4 1 2 2 2 4 3 1 4 1 2 4 1 2 4 2 3 2 2 1 1 1 3 4 1 4 1 4 4 2 4 2 1 2 1 1 1 1 3 4 3 3 1 2 4 3 2 2 3 3 1 1 1 4 1 3 4 3 2 1 1 1 2 2 2 1 4 2 1 4 2 3 4 0 0 0 0 0 0 0 0 0 3 4 4 1 3 1 4 3 3 4 4 1 4 3 3 1 3 1 2 1 1 3 1 3 4 1 3 4 3 2 3 4 1 3 4 3 1 1 1 3 3 4 4 4 1 1 3 3 4 4 4 2 4 2 4 3 2 1 1 2 1 1 3 2 4 1 3 3 3 2 2 1 4 2 4 1 3
21 0.058824 4 3 4 4 3 3 3 1 4 1 1 2 1 2 3 4 2 4 3 1 1 1 2 3 1 2 4 2 1 1 4 4 4 1 2 2 4 1 2 2 4 1 3 1 1 3 3 3 1 3 1 2 1 4 4 4 2 4 4 3 2 1 2 4 3 4 2 4 2 1 3 1 1 1 4 3 1 2 4 3 4 4 3 1 4 3 1 2 1 4 1 2 1 1 3 1 4 3 2 1 4 1 3 4 1 1 2 1 3 4 2 2 4 2 3 3 3 1 1 1 3 3 3 4 3 3 2 3 2 1 4 2 3 4 3 2 2 1 3 1 4 2 3 2 4 4 2 1 1 4 2 4 1 2 3 1 4 1 2 2 2 4 3 1 4 1 2 4 1 2 4 2 3 2 2 1 1 1 3 4 1 4 1 4 4 2 4 2 1 2 1 1 1 1 3 4 3 3 1 2 4 3 2 2 3 3 1 1 1 4 1 3 4 3 2 1 1 1 2 2 2 1 4 2 1 4 4 3 4 2 4 3 1 1 1 1 1 4 3 4 4 1 3 1 4 3 3 4 4 1 4 3 3 1 3 1 2 1 1 3 1 3 4 1 3 4 3 2 3 4 1 3 4 3 1 1 1 3 1 4 4 4 1 1 3 3 4 4 4 2 4 2 4 3 2 1 1 2 1 1 3 2 4 1 3 3 3 2 2 1 4 2 4 1 3
21 0.235294 4 3 4 4 3 3 3 1 4 1 1 2 1 2 3 4 2 4 3 1 1 1 2 3 1 2 4 2 2 1 4 4 4 1 2 2 4 1 2 2 4 1 3 1 1 3 3 3 1 3 1 2 1 4 4 4 2 4 4 3 2 1 2 4 3 4 2 4 2 1 3 1 1 1 4 3 1 2 4 3 4 4 3 1 4 3 1 2 1 4 1 2 1 1 3 1 4 3 2 1 4 3 3 4 1 1 2 1 3 4 2 2 4 2 3 3 3 1 1 1 3 3 3 4 3 3 2 3 2 1 4 2 3 4 3 2 2 1 3 1 4 2 3 2 4 4 2 1 1 4 2 4 1 2 3 1 4 1 2 2 2 4 3 1 4 1 2 4 1 2 4 2 3 2 2 1 1 1 3 4 1 4 1 4 4 2 4 2 1 2 1 1 1 1 3 4 3 3 1 2 4 3 2 2 3 3 1 1 1 4 1 3 4 3 2 1 1 1 2 2 2 1 4 2 1 4 2 3 4 2 4 3 1 1 1 1 1 4 3 4 4 1 3 1 4 3 3 4 4 1 4 3 3 1 3 1 2 1 1 3 1 3 4 1 3 4 3 2 3 4 1 3 4 3 1 1 1 3 3 4 4 4 1 1 3 3 4 4 4 2 4 2 4 3 2 1 1 2 1 1 3 2 4 1 3 3 3 2 2 1 4 2 4 1 3
21 0.058824 4 3 4 4 3 3 3 1 4 1 1 2 1 2 3 4 2 4 3 1 1 1 2 3 1 2 4 2 2 1 4 4 4 1 2 2 4 1 2 2 4 1 3 1 1 3 3 3 1 3 1 2 1 4 4 4 2 4 4 3 2 1 2 4 3 4 2 4 2 1 3 1 1 1 4 3 1 2 4 3 4 4 3 1 4 3 1 2 1 4 1 2 1 1 3 1 4 3 2 1 4 3 3 4 1 1 2 1 3 4 2 2 4 2 3 3 3 1 1 1 3 3 3 4 3 3 2 3 2 1 4 2 3 4 3 2 2 1 3 1 4 2 3 2 4 4 2 1 1 4 2 4 1 2 3 1 4 1 2 2 2 4 3 1 4 1 2 4 1 2 4 2 3 2 2 1 1 1 3 4 1 4 1 4 4 2 4 2 1 2 1 1 1 1 3 4 3 3 1 2 4 3 2 2 3 3 1 1 1 4 1 3 4 3 2 1 1 1 2 2 2 1 4 2 1 4 2 3 4 2 4 3 1 1 1 1 1 4 3 4 4 1 3 1 4 3 3 4 4 1 4 3 3 1 3 1 2 1 1 3 1 3 4 1 3 4 3 2 3 4 1 3 4 3 1 1 1 3 3 4 4 4 1 1 3 3 4 4 4 2 4 2 4 3 2 1 1 2 1 1 3 2 4 1 3 3 3 2 2 1 4 2 4 3 3
21 0.058824 4 3 4 4 3 3 3 1 4 1 1 2 1 2 3 4 2 4 3 1 1 1 2 3 1 2 4 2 2 1 4 4 4 1 2 2 4 1 2 2 4 1 3 1 1 3 3 3 1 3 1 2 1 4 4 4 2 4 4 3 2 1 2 4 3 4 2 4 2 1 3 1 1 1 4 3 1 2 4 3 4 4 3 1 4 3 1 2 1 4 1 2 1 1 3 1 4 3 2 1 4 3 3 4 1 1 2 1 3 4 2 2 4 2 3 3 1 1 1 1 3 3 3 4 3 3 2 3 2 1 4 2 3 4 3 2 2 1 3 1 4 2 3 2 4 4 2 1 1 4 2 4 1 2 3 1 4 1 2 2 2 4 3 1 4 1 2 4 1 2 4 2 3 2 2 1 1 1 3 4 1 4 1 4 4 2 4 2 1 2 1 1 1 1 3 4 3 3 1 2 4 3 2 2 3 3 1 1 1 4 1 3 4 3 2 1 1 1 2 2 2 1 4 2 1 4 2 3 4 2 4 3 1 1 1 1 1 4 3 4 4 1 3 1 4 3 1 4 4 1 4 3 3 1 3 1 2 1 1 3 1 3 4 1 3 4 3 2 1 4 1 3 4 3 1 1 1 3 3 4 4 4 1 1 3 3 4 4 4 2 4 2 4 3 2 1 1 2 1 1 3 2 4 1 3 1 3 2 2 1 4 2 4 1 3
21 0.058824 4 3 4 4 3 3 3 1 4 1 1 2 1 2 3 4 2 4 3 1 1 1 2 3 1 2 4 2 2 1 4 4 4 1 2 2 4 1 2 2 4 1 3 1 1 3 3 3 1 3 1 2 1 4 4 4 2 4 4 3 2 1 2 4 3 4 2 4 2 1 3 1 1 1 4 3 1 2 4 3 4 4 3 1 4 3 1 2 1 4 1 2 1 1 3 1 4 3 2 1 4 3 3 4 1 1 2 1 3 4 2 2 4 2 3 3 3 1 1 1 3 3 3 4 3 3 2 3 2 1 4 2 3 4 3 2 2 1 3 1 4 2 3 2 4 4 2 1 1 4 2 4 1 2 3 1 4 1 2 2 2 4 3 1 4 1 2 4 1 2 4 2 3 2 4 1 1 1 3 4 1 4 1 4 4 2 4 2 1 2 1 1 1 1 3 4 3 3 1 2 4 3 2 2 3 3 1 1 1 4 1 3 4 3 2 1 1 1 2 2 2 1 4 2 1 4 2 3 4 2 4 3 1 1 1 1 1 4 3 4 4 1 3 1 4 3 3 4 4 1 4 3 3 1 3 1 2 1 1 3 1 3 4 1 3 4 3 2 3 4 1 3 4 3 1 1 1 3 3 4 4 4 1 1 3 3 4 4 4 2 4 2 4 3 2 1 1 2 1 1 3 2 4 1 3 3 3 2 2 1 4 2 4 1 3
21 0.058824 4 3 4 4 3 3 3 1 4 1 1 2 1 2 3 4 2 4 3 1 1 1 2 3 1 2 4 2 2 1 4 4 4 1 2 2 4 1 2 2 4 1 3 1 1 3 3 3 1 3 1 2 1 4 4 4 2 4 4 3 2 1 2 4 3 4 2 4 2 1 3 1 1 1 4 3 1 2 4 3 4 4 3 1 4 3 1 2 1 4 1 2 1 1 3 1 4 3 2 1 4 3 3 4 1 1 2 1 3 4 2 2 4 2 3 3 3 1 1 1 3 3 3 4 3 3 2 3 2 1 4 1 3 4 3 2 2 1 3 1 4 2 3 2 1 4 2 1 1 4 2 4 1 2 3 1 4 1 2 2 2 2 0 0 0 0 0 0 0 0 0 0 0 0 0 0 0 0 0 0 0 0 0 0 0 0 4 2 1 2 1 1 1 1 3 4 3 3 1 2 4 3 2 2 3 3 1 1 1 4 1 3 4 3 2 1 1 1 2 2 2 1 4 2 1 4 2 3 4 2 4 3 1 1 1 1 1 4 3 4 4 1 3 1 4 3 3 4 4 1 4 3 3 1 3 1 2 1 1 3 1 3 4 1 3 4 3 2 3 4 1 3 4 3 1 1 1 3 3 4 4 4 1 1 3 3 4 4 4 2 4 2 4 3 2 1 1 2 1 1 3 2 4 1 3 3 3 2 2 1 4 2 4 1 3
21 0.058824 4 3 4 4 3 3 3 1 4 1 1 2 1 2 3 4 2 4 3 1 1 1 2 3 1 2 4 2 2 1 4 4 4 1 2 2 4 1 2 2 4 1 3 1 1 3 3 3 1 3 1 2 1 4 4 4 2 4 4 3 2 1 2 4 3 4 2 4 2 1 3 1 1 1 4 3 1 2 4 3 4 4 3 1 4 3 1 2 1 4 1 2 1 1 3 1 4 3 2 1 4 3 3 4 1 1 2 1 3 4 2 2 4 2 3 3 3 1 1 1 3 3 3 4 3 3 2 3 2 1 4 2 3 4 3 2 2 1 3 1 4 2 3 2 4 4 2 1 1 4 2 4 1 2 3 1 4 1 2 2 2 4 3 1 4 1 2 4 1 2 4 2 3 2 2 1 1 1 3 4 1 4 1 4 4 2 4 2 1 2 1 1 1 1 3 4 3 3 1 2 4 3 2 2 3 3 1 1 1 4 1 3 4 3 2 1 1 1 2 2 2 3 4 2 1 4 2 3 4 2 4 3 1 1 1 1 1 4 3 4 4 1 1 1 4 3 3 4 4 1 4 1 1 1 3 1 2 1 1 3 1 3 4 1 3 4 3 2 3 4 1 3 4 3 1 1 1 3 3 4 4 4 1 1 3 3 4 4 4 2 4 2 4 3 2 1 1 2 1 1 3 2 4 1 3 3 3 2 2 1 4 2 4 1 3
21 0.058824 4 3 4 4 3 3 3 1 4 1 1 2 1 2 3 4 2 4 3 1 1 1 2 3 1 2 4 2 2 1 4 4 4 1 2 2 4 1 2 2 4 1 1 1 1 3 3 3 1 3 1 2 1 4 4 4 2 4 4 3 2 3 2 4 3 4 2 4 2 1 3 1 1 1 4 3 1 2 4 3 4 4 3 1 4 3 1 4 1 4 1 2 1 1 3 1 4 3 2 1 4 3 3 4 1 1 2 1 3 4 2 2 4 2 3 3 3 1 1 1 3 3 3 4 3 3 2 3 2 1 4 2 3 4 3 2 2 1 3 1 4 2 3 2 4 4 2 1 1 4 2 4 1 2 3 1 4 1 2 2 2 4 3 1 4 1 2 4 1 2 4 2 3 2 2 1 1 1 3 4 1 4 1 4 4 2 4 2 1 2 1 1 1 1 3 4 3 3 1 2 4 3 2 2 3 3 1 1 1 4 1 3 4 3 2 1 1 1 2 2 2 1 4 2 1 4 2 3 4 2 4 3 1 1 1 1 1 4 3 4 4 1 3 1 4 3 3 4 4 1 4 3 3 1 3 1 2 1 1 3 1 3 4 1 3 4 3 2 3 4 1 3 4 3 1 1 1 3 3 4 4 4 1 1 3 3 4 4 4 2 4 2 4 3 2 1 1 2 1 1 3 2 4 1 3 3 3 2 2 1 4 2 4 1 3
21 0.058824 4 3 4 4 3 3 3 1 4 1 1 2 1 2 3 4 2 4 3 1 1 1 2 3 1 2 4 2 2 1 4 4 4 1 2 2 4 1 2 2 4 1 3 1 1 3 3 3 1 3 1 2 1 4 4 4 2 4 4 3 2 1 2 4 3 4 2 4 2 1 3 1 1 1 4 1 1 2 4 3 4 4 3 1 4 3 1 2 1 4 1 2 1 1 3 1 4 3 2 1 4 3 3 4 1 1 2 1 3 4 2 2 4 2 3 3 1 1 1 1 3 3 3 4 3 3 2 3 2 1 4 2 3 4 3 2 2 1 3 1 4 2 3 2 4 4 2 1 1 4 2 4 1 2 3 1 4 1 2 2 2 4 3 1 4 1 2 4 1 2 4 2 3 2 2 1 1 1 3 4 1 4 1 4 4 2 4 2 1 2 1 1 1 1 3 4 3 3 1 2 4 3 2 2 3 3 1 1 1 4 1 3 4 3 2 1 1 1 2 2 2 1 4 2 1 4 2 3 4 2 4 3 1 1 1 1 1 4 3 4 4 1 3 1 4 3 3 4 4 1 4 3 3 1 3 1 2 1 1 3 1 3 4 1 3 4 3 2 3 4 1 3 4 3 1 1 1 3 3 4 4 4 1 1 3 3 4 4 4 2 4 2 4 3 2 1 1 2 1 1 3 2 4 1 3 3 3 2 2 1 4 2 4 1 3
21 0.058824 4 3 4 4 3 3 3 1 4 1 1 2 1 2 3 4 2 4 3 1 1 1 2 3 1 2 4 2 2 1 4 4 4 1 2 2 1 1 2 2 4 1 3 1 1 3 3 3 1 3 1 2 1 4 4 4 2 4 4 3 2 1 2 4 3 4 2 4 2 1 3 1 1 1 4 3 1 2 4 3 4 4 3 1 4 3 1 2 1 4 1 2 1 1 3 1 4 3 2 1 4 3 3 4 1 1 2 1 3 4 2 2 4 2 3 3 3 1 1 1 3 3 3 4 3 3 2 3 2 1 4 2 3 2 3 2 2 1 3 1 4 2 3 2 4 4 2 1 1 4 2 4 1 2 3 1 4 1 2 2 2 4 3 1 4 1 2 4 1 2 2 2 3 2 2 1 1 1 3 4 1 4 1 4 4 2 4 2 1 2 1 1 1 1 3 4 3 3 1 2 4 3 2 2 3 3 1 1 1 4 1 3 4 3 2 1 1 1 2 2 2 1 4 2 1 4 2 3 4 2 4 3 1 1 1 1 1 4 3 4 4 1 3 1 4 3 3 4 4 1 4 3 3 1 3 1 1 1 1 3 1 3 4 1 3 4 3 2 3 4 1 3 4 3 1 1 1 3 3 4 4 4 1 1 3 3 4 4 4 2 4 2 4 3 2 1 1 2 1 1 3 2 4 1 3 3 3 2 2 1 4 2 4 1 3
21 0.058824 4 3 4 4 3 3 3 1 4 1 1 2 1 2 3 4 2 4 3 1 1 1 2 3 1 2 4 2 2 1 4 4 4 1 2 2 4 1 2 2 4 1 3 1 1 3 3 3 1 3 1 2 1 4 4 4 2 4 4 3 2 1 2 4 3 4 2 4 2 1 3 1 1 1 4 3 1 2 4 3 4 4 3 1 4 3 1 2 1 4 1 2 1 1 3 1 4 3 2 1 4 3 3 4 1 1 2 1 3 4 2 2 4 2 3 3 3 1 1 1 3 3 3 4 3 3 2 3 2 1 4 2 3 4 3 2 2 1 3 1 4 2 3 2 4 4 2 1 1 4 2 4 3 3 2 2 4 0 0 0 0 0 0 0 0 0 0 0 0 0 0 0 0 0 0 0 0 0 0 0 0 0 0 0 0 0 0 0 0 0 0 1 1 1 3 4 3 3 1 2 4 3 2 2 3 3 1 1 1 4 1 3 4 3 2 1 1 1 2 2 2 1 4 2 1 4 2 3 4 2 4 3 1 1 1 1 1 4 3 4 4 1 3 1 4 3 3 4 4 1 4 3 3 1 3 1 2 1 1 3 1 3 4 1 3 4 3 2 3 4 1 3 4 3 1 1 1 3 3 4 4 4 1 1 3 3 4 4 4 2 4 2 4 3 2 1 1 2 1 1 3 2 4 1 3 3 3 2 2 1 4 2 4 1 3
60 0.166667 4 3 4 4 3 3 3 1 4 1 1 2 1 2 3 4 2 4 3 1 1 1 2 3 1 2 4 2 2 1 4 4 4 1 2 2 4 1 2 2 4 1 3 1 1 3 3 3 1 3 1 2 1 4 4 4 2 4 4 3 2 1 2 4 3 4 2 4 2 1 3 1 1 1 4 3 1 2 4 3 4 4 3 1 4 3 1 2 1 4 1 2 1 1 3 1 4 3 2 1 4 3 3 4 1 1 2 1 3 4 2 1 4 2 3 3 3 1 1 1 3 3 3 4 3 3 2 3 2 1 4 2 3 4 3 2 2 1 3 1 4 2 3 2 4 4 2 1 1 4 2 4 1 2 3 1 4 1 2 2 2 4 3 1 4 1 2 4 1 2 4 2 3 2 2 1 1 1 3 4 1 4 1 4 4 2 4 2 1 2 1 1 1 1 3 4 3 3 1 2 4 3 2 2 3 3 1 1 1 4 1 3 4 3 2 1 1 1 2 2 2 1 4 2 1 4 2 3 4 2 4 3 1 1 1 1 1 4 3 4 4 1 3 1 4 3 3 4 4 1 4 3 3 1 3 1 2 1 1 3 1 3 4 1 3 4 3 2 3 4 1 3 4 3 1 1 1 3 3 4 4 4 1 1 3 3 4 4 4 2 4 2 4 3 2 1 1 2 1 1 3 2 4 1 3 3 3 2 2 1 4 2 4 1 3
60 0.166667 4 3 4 4 3 3 3 1 4 1 1 2 1 2 3 4 2 4 3 1 1 1 2 3 1 2 4 2 2 1 4 4 4 1 2 2 4 1 2 2 4 1 3 1 1 3 3 3 1 3 1 2 1 4 4 4 2 4 4 3 2 1 2 4 3 4 2 4 2 1 3 1 1 1 4 3 1 2 4 3 4 4 3 1 4 3 1 2 1 4 1 2 1 1 3 1 4 3 2 1 4 3 3 4 1 1 2 1 3 4 2 2 4 2 3 3 3 1 1 1 3 3 3 4 3 3 2 3 2 1 4 2 3 4 3 2 2 1 3 1 4 2 3 2 4 4 2 1 1 4 2 4 1 2 3 1 4 1 2 2 2 4 3 1 4 1 2 4 1 2 4 2 3 2 2 1 1 1 3 4 1 4 1 4 4 2 4 2 1 2 1 1 1 1 3 4 3 3 1 2 4 3 2 2 3 3 1 1 1 4 1 3 4 3 2 1 1 1 2 2 2 1 4 2 1 4 2 3 4 2 4 3 1 1 1 1 1 4 3 4 4 1 3 1 4 3 3 4 4 1 4 3 3 1 3 1 2 1 1 3 1 3 4 1 3 4 3 2 3 4 1 3 4 3 1 1 1 3 3 4 4 4 1 1 3 3 4 4 4 2 4 2 4 3 2 1 1 2 1 1 3 2 4 1 3 3 3 2 2 1 4 2 4 1 3
60 0.166667 4 3 4 4 3 3 3 1 4 1 1 2 1 2 3 4 2 4 3 1 1 1 2 3 1 2 4 2 2 1 4 4 4 1 2 4 4 1 2 2 4 3 1 1 1 3 3 3 1 3 1 2 1 4 4 4 2 4 4 3 2 1 2 4 3 4 2 4 2 1 3 1 1 1 4 3 1 2 4 3 4 4 3 1 4 3 1 2 1 4 1 2 1 1 1 1 4 3 2 1 4 3 3 4 1 1 2 1 3 4 2 2 4 2 3 3 1 3 3 3 1 2 3 2 1 3 2 3 2 1 4 2 3 4 3 2 2 1 3 1 4 2 3 2 2 4 2 3 1 4 2 4 1 2 3 1 4 1 2 2 2 4 3 1 4 1 2 4 1 2 4 2 3 2 2 1 1 1 3 4 1 4 1 4 4 2 4 2 1 2 1 1 1 1 3 4 3 3 1 2 4 3 2 2 3 3 1 1 1 4 1 3 4 3 2 1 1 1 2 4 2 1 4 2 1 4 2 3 4 2 4 3 1 1 1 1 1 4 3 4 4 1 3 1 4 3 3 4 4 1 4 3 3 1 3 1 2 1 1 3 1 3 4 1 3 4 3 2 3 4 1 3 4 3 1 1 1 3 3 4 4 4 1 1 3 3 4 4 4 2 4 2 4 3 2 1 1 2 1 1 3 2 4 1 3 3 3 2 2 1 4 2 4 1 3
60 0.166667 4 3 4 4 3 3 3 1 4 1 1 2 1 2 3 4 2 4 3 1 1 1 2 3 1 2 4 2 2 1 4 4 4 1 2 2 4 1 2 2 4 1 3 1 1 3 3 3 1 3 1 2 1 4 4 4 2 4 4 3 2 1 2 4 3 4 2 4 2 1 3 1 1 1 4 3 1 2 4 3 4 4 3 1 4 3 1 2 1 4 1 2 1 1 3 1 4 3 2 1 4 3 3 4 1 1 2 1 3 4 2 2 4 2 3 3 3 1 1 1 3 3 3 4 3 3 2 3 2 1 4 2 3 4 3 2 2 1 3 1 4 2 3 2 4 4 2 1 1 4 2 4 1 2 3 1 4 1 2 2 2 4 3 1 4 1 2 4 1 2 4 2 3 2 2 1 1 1 3 4 1 4 1 4 4 2 4 2 1 2 1 1 1 1 3 4 3 3 1 2 4 3 2 2 3 3 1 1 1 4 1 3 4 3 2 1 1 1 2 2 2 1 4 2 1 4 2 3 4 2 4 3 1 1 1 1 1 4 3 4 4 1 3 1 4 3 3 4 4 1 4 3 3 1 3 1 2 1 1 3 1 3 4 1 3 4 3 2 3 4 1 3 4 3 1 1 1 3 3 4 4 4 1 1 3 3 4 4 4 2 4 2 4 3 2 1 1 2 1 1 3 2 4 1 3 3 0 0 0 0 0 0 0 0 0
60 0.166667 4 3 4 4 3 3 3 1 4 1 1 2 1 2 3 4 2 4 3 1 1 1 2 3 1 2 4 2 2 1 4 4 4 1 2 2 4 1 2 2 4 1 3 1 1 3 3 3 1 3 1 2 1 4 4 4 2 4 4 3 2 1 2 4 3 4 2 4 2 1 3 1 1 1 4 3 1 2 4 3 4 4 3 1 4 3 1 2 1 4 1 2 1 1 3 1 4 3 2 1 4 3 3 4 1 1 2 1 3 4 2 2 4 2 3 3 3 1 1 1 3 3 3 4 3 3 2 3 2 1 4 2 3 4 3 2 2 1 3 1 4 2 3 2 4 4 2 1 1 4 2 4 1 2 3 1 4 1 2 2 2 4 3 1 4 1 2 4 1 2 4 2 3 2 2 1 1 1 3 4 1 4 1 4 4 2 4 2 1 2 1 1 1 1 3 4 3 3 1 2 4 3 2 2 3 3 1 1 1 4 1 3 4 3 2 1 1 1 2 2 2 1 4 2 1 4 2 3 4 2 4 3 1 1 1 1 1 4 3 4 4 1 3 1 4 3 3 4 4 1 4 3 3 1 3 1 2 1 1 3 1 3 4 1 3 4 3 2 3 4 1 3 4 3 1 1 1 3 3 4 4 4 1 1 3 3 4 4 4 2 4 2 4 3 2 1 1 2 1 1 3 2 4 1 3 3 3 0 0 0 0 0 0 0 0
60 0.166667 4 3 4 3 3 3 3 1 0 1 1 2 1 2 3 4 2 4 3 1 1 1 2 3 1 2 4 2 2 1 4 4 4 1 2 2 4 1 2 2 3 1 3 1 1 3 3 3 1 3 1 2 1 4 4 4 2 4 4 3 2 1 2 4 3 3 2 4 2 1 3 1 1 1 4 3 1 2 4 3 4 4 3 1 4 3 1 2 1 4 1 2 1 1 3 1 4 3 2 1 4 3 3 4 1 1 2 1 3 4 2 2 4 2 3 3 3 1 3 1 3 3 3 4 3 3 2 3 2 1 4 2 3 4 3 2 2 1 3 1 4 2 3 2 4 4 2 1 1 4 2 4 1 2 3 1 4 1 2 2 2 2 3 1 4 1 2 4 1 2 4 2 3 2 2 1 1 1 3 4 1 4 1 4 4 2 4 2 1 2 1 1 1 1 3 4 3 3 1 2 4 3 2 2 3 3 1 1 1 4 1 3 4 3 2 1 1 1 2 2 2 1 4 2 1 4 2 3 4 2 4 3 1 1 1 1 1 4 3 4 4 1 3 1 4 3 3 4 4 1 4 3 3 1 3 1 2 1 1 3 1 3 4 1 3 4 3 2 3 4 1 3 2 3 1 1 1 3 3 4 4 4 1 1 3 3 4 4 4 2 4 2 4 3 2 1 1 2 1 1 3 2 4 1 3 3 3 2 2 1 4 2 4 1 3
172 0.083333 4 3 4 4 3 3 3 1 4 1 1 2 1 2 3 4 2 4 3 1 1 1 2 3 1 2 4 2 2 1 4 4 4 1 2 2 4 1 2 2 3 1 3 1 1 3 3 3 1 3 1 2 1 4 4 4 2 4 4 3 2 1 2 4 3 4 2 4 2 1 3 2 1 2 4 3 3 1 4 0 0 0 0 0 0 3 1 2 1 4 1 2 1 1 3 1 4 3 2 1 4 3 3 4 1 1 2 0 0 0 0 0 0 0 0 0 0 0 0 0 0 0 0 0 0 0 0 3 2 1 4 2 3 4 3 2 2 1 3 1 4 2 3 2 4 4 2 1 2 4 2 4 1 2 3 1 4 1 2 2 2 4 3 1 4 1 2 4 1 2 4 2 3 2 0 3 2 4 1 4 1 1 1 1 3 3 1 4 4 2 1 1 1 1 3 4 3 3 1 2 2 3 2 2 0 0 0 0 0 0 1 3 4 3 2 1 1 1 2 2 2 1 4 4 1 4 2 3 4 2 4 3 1 1 1 1 1 4 3 4 2 1 3 1 4 3 3 4 4 1 4 3 3 1 3 1 2 1 1 3 1 3 4 1 3 4 3 2 3 4 1 3 4 3 1 1 1 3 3 4 4 4 1 1 3 3 4 4 4 2 4 2 4 3 2 1 1 2 1 1 3 2 4 1 3 3 3 2 2 1 4 2 4 1 0
172 0.083333 4 3 4 4 3 3 3 1 4 1 1 2 1 2 3 4 2 4 3 1 1 1 2 3 1 2 4 2 2 1 4 4 4 1 2 2 4 1 2 2 4 1 3 1 1 3 3 3 1 3 1 2 1 4 4 4 2 2 4 3 2 1 2 3 3 4 2 4 2 1 3 2 1 2 4 3 3 1 4 0 0 0 0 0 0 3 1 2 1 4 1 2 1 1 3 1 4 3 2 1 4 3 3 4 1 1 2 0 0 0 0 0 0 0 0 0 0 0 0 0 0 0 0 0 0 0 0 3 2 1 4 2 3 4 3 2 2 1 3 1 4 2 3 2 4 4 2 1 4 4 2 4 1 2 3 1 4 1 2 2 2 4 3 1 4 1 2 4 1 2 4 2 3 2 0 3 2 4 1 4 1 1 1 1 3 3 1 4 4 2 1 1 1 1 3 4 3 3 1 2 4 3 1 2 3 3 1 1 1 4 1 3 4 3 2 1 1 1 2 2 2 1 4 2 1 4 2 3 4 2 4 3 1 1 1 1 1 4 3 1 4 1 3 1 4 3 3 4 4 1 4 3 3 1 3 1 2 1 1 3 1 3 4 1 3 4 3 2 3 4 1 3 4 3 1 1 1 3 1 1 4 4 1 1 3 3 4 4 4 2 4 2 4 3 2 1 1 2 1 1 3 2 4 1 3 3 3 2 2 1 4 2 4 1 0
172 0.083333 4 3 4 4 3 3 3 1 2 3 1 2 1 2 3 4 2 4 3 1 1 1 2 3 1 2 4 2 2 1 4 4 4 1 2 2 1 1 2 2 4 1 3 1 1 3 3 3 1 3 1 2 1 4 4 4 2 4 4 3 2 1 2 4 3 4 2 2 2 1 3 1 1 2 4 3 1 2 4 3 4 4 3 1 4 3 1 2 1 4 1 2 1 1 1 1 4 3 2 1 4 3 3 4 1 1 2 1 3 4 0 0 0 0 0 0 0 0 2 3 3 3 3 4 3 3 2 3 2 1 4 2 3 4 3 2 2 1 3 1 4 2 3 2 4 4 2 1 1 4 1 4 4 2 3 1 4 1 2 2 2 4 3 1 4 1 2 4 1 2 4 2 3 2 2 1 1 1 3 4 1 4 1 4 4 2 4 2 1 2 1 1 1 1 3 4 3 3 1 2 4 3 2 2 3 3 1 0 0 0 0 0 0 1 2 1 1 1 2 2 2 1 4 2 1 4 2 3 4 2 4 3 1 1 1 1 1 4 3 4 2 1 3 1 4 3 3 4 4 1 4 3 3 1 3 1 2 1 1 3 1 3 4 1 3 4 3 2 3 4 1 3 4 3 1 1 1 3 1 4 4 3 1 1 3 3 4 4 4 2 4 2 4 3 2 1 1 2 1 1 1 2 4 1 3 3 3 2 2 1 4 2 4 1 0
172 0.083333 4 3 4 4 3 3 3 1 4 1 1 2 1 2 3 4 2 4 3 1 1 1 2 3 1 2 4 2 2 1 4 4 4 1 2 2 1 1 2 2 4 1 3 1 1 3 3 3 1 3 1 2 1 4 4 2 2 4 4 3 2 1 2 4 3 4 2 4 2 1 1 1 3 2 4 1 3 4 4 0 0 0 3 1 4 3 1 2 1 4 1 2 1 1 3 1 4 3 2 1 4 3 3 4 1 1 2 1 3 4 0 0 0 0 0 0 0 0 2 3 3 3 3 4 3 3 2 1 2 1 4 2 3 4 3 2 2 1 3 1 4 2 3 2 4 4 2 1 1 4 1 4 1 2 3 1 4 1 2 2 2 4 3 1 4 1 2 4 3 2 4 2 3 2 0 3 2 4 1 4 1 1 1 1 3 3 1 4 4 2 1 1 1 1 3 4 3 3 1 2 4 3 2 2 3 3 1 1 1 4 1 3 4 3 2 1 1 1 2 2 2 1 4 2 1 4 2 3 4 2 4 3 1 1 1 1 1 4 3 4 2 1 3 1 4 3 3 4 4 1 4 3 3 1 3 1 2 1 1 3 1 3 4 1 3 4 3 2 3 4 1 3 4 3 1 1 1 3 1 4 4 4 1 1 3 3 4 4 4 2 4 2 4 3 2 3 1 2 1 1 3 2 4 1 3 3 3 2 2 1 4 2 4 1 0
172 0.083333 4 3 4 4 3 3 3 1 4 1 1 2 1 2 3 4 2 4 3 1 1 1 4 3 1 2 4 2 2 1 4 2 2 1 2 2 4 1 2 2 3 1 3 1 1 1 3 3 1 3 1 2 1 4 4 4 2 4 4 3 2 1 2 4 3 4 2 4 2 1 1 1 1 1 4 3 1 2 4 3 4 4 1 1 4 1 1 2 1 4 1 2 1 1 1 1 4 3 2 1 4 3 3 4 1 1 2 0 0 0 0 0 0 0 0 0 0 0 0 0 0 0 0 0 0 0 0 3 2 1 4 2 3 4 3 2 2 1 3 1 4 2 3 2 4 4 2 1 2 4 2 4 1 2 3 1 4 1 2 2 2 2 3 1 4 1 2 4 1 2 4 2 3 2 0 3 2 4 1 4 1 1 1 1 3 3 1 4 4 2 1 1 1 1 3 4 3 3 1 2 4 3 2 2 3 3 1 1 1 4 1 3 4 3 2 1 1 1 2 2 2 1 4 2 1 4 2 3 4 2 4 3 1 1 1 1 1 4 3 4 2 1 3 1 4 3 3 4 4 1 4 3 3 1 3 1 2 1 1 3 1 3 4 1 3 4 3 2 3 4 1 3 4 3 1 1 1 3 3 4 4 4 1 1 3 3 4 4 4 2 4 2 2 3 2 1 3 2 1 1 3 2 4 1 3 3 3 2 2 1 4 2 4 1 0
172 0.083333 4 3 4 4 3 3 3 1 4 1 1 2 1 2 3 4 2 4 3 1 1 1 2 3 1 2 4 2 2 1 2 4 4 1 2 2 4 1 2 2 3 1 3 1 1 3 3 3 1 3 1 2 1 4 4 4 2 4 4 3 2 1 2 4 3 4 2 4 2 1 3 1 1 1 3 3 1 2 4 3 4 4 3 1 4 3 1 2 1 4 1 2 1 1 1 1 4 3 2 1 4 3 3 4 1 1 2 1 3 4 2 4 4 2 3 3 3 1 1 1 3 3 1 4 3 3 2 1 2 1 4 2 3 4 3 2 2 1 3 1 4 2 3 2 4 4 2 1 2 4 2 4 1 2 3 1 4 1 2 2 2 4 3 2 4 1 2 4 1 2 4 2 0 0 0 0 0 0 3 2 2 2 4 2 1 1 2 1 3 3 4 3 1 1 3 4 3 3 1 2 4 3 2 2 3 3 1 1 1 4 1 3 4 3 2 1 1 1 2 2 2 1 4 2 1 4 2 3 4 2 4 3 1 1 1 1 1 4 3 4 2 1 3 1 4 3 3 4 4 1 4 3 3 1 3 3 2 1 1 3 1 3 4 1 3 4 3 2 3 4 1 3 4 3 1 1 1 3 3 4 4 4 1 1 3 3 4 4 4 2 4 2 4 3 2 1 1 2 1 1 3 2 4 1 3 3 3 2 2 1 4 2 4 1 0
172 0.083333 4 3 4 4 3 3 3 1 4 1 1 2 1 2 3 4 2 4 3 1 1 1 2 3 1 2 4 2 2 1 4 2 2 1 2 2 4 1 2 2 3 1 3 1 1 3 3 3 1 3 1 2 1 4 4 4 2 4 4 3 2 1 2 4 3 4 2 4 2 1 3 1 1 1 4 3 1 2 4 3 4 4 1 1 4 1 1 2 1 4 1 2 1 1 1 1 4 3 2 1 4 3 3 4 1 1 2 0 0 0 0 0 0 0 0 0 0 0 0 0 0 0 0 0 0 0 0 3 2 1 4 2 3 4 3 2 2 1 3 1 4 2 3 2 4 4 2 1 2 4 2 4 1 2 3 1 4 1 2 2 2 4 3 2 4 1 2 4 1 2 4 2 0 0 0 0 0 0 3 2 2 2 4 2 1 1 2 1 3 3 4 3 1 1 3 4 3 3 1 2 4 3 2 2 3 3 1 1 1 4 1 3 4 3 2 1 1 1 2 2 2 1 4 2 1 4 2 3 4 2 4 3 1 1 1 1 1 4 3 4 2 1 3 1 4 3 3 4 4 1 4 3 3 1 3 1 2 1 1 3 1 3 4 1 3 4 3 2 3 4 1 3 4 3 1 1 1 3 3 4 4 4 1 1 3 3 4 4 4 2 4 2 4 3 2 1 1 2 1 1 3 2 4 1 3 3 3 2 2 1 4 2 4 1 0
172 0.083333 4 3 4 4 3 3 3 1 4 1 1 2 1 2 3 4 2 4 3 1 1 1 2 3 1 2 4 2 2 1 4 4 4 1 2 2 4 1 2 1 4 1 3 1 1 3 3 3 1 3 1 2 1 4 4 4 2 4 4 3 2 1 2 4 3 4 2 4 2 1 3 1 1 1 4 3 1 1 4 3 4 4 3 1 4 3 1 2 1 4 1 2 1 1 3 1 4 3 2 1 4 3 3 4 1 1 2 1 3 4 1 2 4 2 4 3 3 1 1 1 3 3 3 4 3 1 2 3 2 1 4 2 3 4 3 2 2 1 3 1 4 2 3 2 4 4 2 1 2 4 2 4 1 2 3 1 4 1 2 2 2 4 3 1 4 1 2 4 1 2 4 2 3 2 0 3 2 4 1 4 1 1 1 1 3 3 1 4 4 2 1 1 1 1 3 4 3 3 1 2 4 3 2 2 0 0 0 0 0 0 1 3 4 3 2 1 1 1 2 2 2 1 4 4 1 4 2 3 4 2 4 3 1 1 1 1 1 4 3 4 2 1 3 1 4 3 3 4 4 1 4 3 3 1 3 1 2 1 1 3 1 3 4 1 3 4 3 2 3 4 1 3 4 3 1 1 1 3 3 4 4 4 1 3 3 3 4 4 4 2 4 2 4 3 2 1 1 2 1 1 3 2 4 1 3 3 3 2 2 1 4 2 4 1 0
172 0.083333 4 3 4 4 3 3 3 1 4 1 1 2 1 2 3 4 2 4 3 1 1 1 2 3 1 2 4 2 2 1 4 2 2 1 2 2 4 1 2 2 3 1 3 1 1 3 3 3 1 3 1 2 1 4 4 4 2 4 2 3 2 1 2 4 3 4 2 4 2 1 3 1 1 1 4 3 1 2 4 3 4 4 1 1 4 1 1 2 1 4 1 2 1 1 1 1 4 3 2 1 4 3 3 4 1 1 2 1 3 4 2 4 4 2 3 3 3 1 1 1 3 3 3 4 1 1 2 3 2 1 2 2 3 4 3 4 2 1 3 1 4 2 3 2 4 4 2 1 2 4 2 4 1 2 3 1 4 1 2 2 2 4 3 2 4 1 2 4 1 2 4 2 3 2 0 3 2 4 1 4 1 1 1 1 3 3 1 4 4 2 1 1 1 1 3 4 3 3 1 2 4 3 2 2 3 3 1 1 1 4 1 3 4 3 2 1 1 1 2 2 2 1 4 4 1 2 2 3 4 2 4 3 1 1 1 1 1 4 3 4 2 1 3 1 4 3 3 4 4 1 4 3 3 1 3 1 2 1 1 3 1 3 4 1 3 4 3 2 3 4 1 3 4 3 1 1 1 1 1 4 4 4 1 1 3 3 4 4 4 2 4 2 4 3 2 1 1 2 1 1 3 2 4 1 3 3 3 2 2 1 4 2 4 1 0
172 0.083333 4 3 4 4 3 3 3 1 4 1 0 0 1 2 3 4 2 3 3 1 1 1 2 3 1 2 4 2 2 1 4 2 2 1 2 2 4 1 2 2 3 1 3 1 1 3 3 3 1 3 1 2 1 4 4 4 2 4 4 3 2 1 2 4 3 4 2 4 2 1 3 1 1 1 4 3 1 2 4 3 4 4 1 1 4 1 1 2 1 4 1 2 1 1 1 1 4 3 2 1 4 3 3 4 1 1 2 0 0 0 0 0 0 0 0 0 0 0 0 0 0 0 0 0 0 0 0 3 2 1 4 2 3 4 3 2 4 1 3 1 4 2 1 2 4 4 2 1 2 4 2 4 1 2 1 1 4 1 2 2 2 4 3 2 2 1 2 4 1 2 4 2 3 2 0 3 4 4 1 4 1 1 1 1 3 3 1 4 4 2 1 1 1 1 3 4 3 3 1 2 4 3 2 2 3 3 1 1 1 4 1 3 4 3 2 1 1 1 2 2 2 1 4 4 1 4 2 3 4 2 4 3 1 1 1 1 1 4 3 4 2 1 3 1 4 3 3 4 4 1 4 3 3 1 3 3 2 0 0 0 0 0 4 1 3 4 3 2 3 4 1 3 4 3 1 1 1 3 3 4 4 4 1 1 1 3 4 4 4 2 4 2 4 3 2 1 1 2 1 1 3 2 4 1 3 3 3 2 2 1 4 2 4 1 0
172 0.083333 4 3 4 4 3 3 3 4 4 1 1 2 1 2 3 4 2 4 3 1 1 1 2 3 1 2 4 2 2 1 4 2 2 1 2 2 4 1 2 2 3 1 3 1 1 3 3 3 1 3 1 2 1 4 4 4 2 4 4 3 2 1 2 4 3 4 2 4 2 1 3 1 1 1 4 3 1 2 4 3 4 4 1 1 4 1 1 2 1 4 1 2 1 1 1 1 4 3 2 1 4 3 3 4 1 1 2 0 0 0 0 0 0 0 0 0 0 0 0 0 0 0 0 0 0 0 0 3 2 1 4 2 3 4 3 2 2 1 3 1 4 2 3 2 4 4 2 1 2 4 2 4 1 2 3 1 4 1 2 4 2 4 3 1 4 1 2 4 1 2 4 2 3 2 0 3 2 4 1 4 1 1 1 1 3 3 1 4 4 2 1 1 1 1 3 0 0 3 1 2 4 3 2 4 3 3 1 1 1 4 1 3 4 3 4 1 1 1 2 2 2 1 4 2 1 4 2 3 4 2 4 3 1 1 1 1 1 4 3 4 2 1 3 1 4 3 3 4 4 1 4 3 3 1 3 1 2 1 1 3 1 3 4 1 3 4 3 2 3 4 1 3 4 3 1 1 1 3 3 4 4 4 1 1 3 3 4 4 4 2 4 2 4 3 2 1 1 2 1 1 3 2 4 1 3 3 3 2 2 1 4 2 4 1 0
172 0.083333 4 3 4 4 3 3 3 1 4 1 1 2 1 2 3 4 2 4 3 1 1 1 2 3 1 2 4 2 2 2 4 4 4 1 2 2 4 1 2 2 3 1 3 1 1 3 3 3 1 3 1 2 1 4 4 4 2 4 4 3 2 1 2 4 1 4 2 4 2 1 3 1 1 1 4 3 1 1 4 3 4 4 3 1 4 3 1 2 1 4 1 2 1 1 3 1 4 3 2 1 4 3 3 4 1 1 2 1 3 4 2 4 4 2 3 3 3 1 1 1 3 3 1 4 3 3 2 1 2 1 4 2 3 4 3 2 2 1 3 1 4 2 3 2 4 4 2 1 2 4 2 4 1 2 3 1 4 1 2 2 2 4 3 2 4 1 2 4 1 2 4 2 3 2 0 3 2 4 1 4 1 1 1 1 3 3 1 4 4 2 1 1 1 3 3 4 3 3 1 2 4 3 2 2 3 3 1 1 1 4 1 3 4 3 2 1 1 1 2 2 2 1 4 2 1 4 2 3 4 2 4 3 1 1 1 1 1 4 3 4 2 1 3 1 4 3 3 4 4 1 4 3 3 1 3 1 2 1 1 3 1 3 4 1 3 4 3 2 3 4 4 3 4 3 1 1 1 3 3 4 4 4 1 1 3 3 4 4 4 2 4 2 4 1 2 1 1 2 1 1 3 2 4 1 3 3 3 2 2 1 4 2 4 1 0
424 0.041667 4 3 4 4 3 1 3 1 4 1 1 2 1 2 3 4 2 4 3 1 1 1 2 3 1 2 4 2 2 1 4 2 2 4 2 2 4 1 2 2 3 2 3 1 1 3 3 3 1 3 1 2 1 2 4 4 2 4 4 3 2 1 2 4 3 4 1 4 2 1 1 1 3 2 4 1 0 0 0 0 0 0 0 0 0 4 3 2 1 4 1 2 1 1 1 1 4 1 2 1 4 3 3 4 3 1 2 1 3 4 2 4 4 2 3 3 3 1 1 1 3 3 1 4 3 3 2 1 2 1 4 2 3 4 3 2 2 1 3 1 4 2 3 2 4 4 1 1 2 2 1 4 1 1 3 1 4 1 2 2 2 4 3 1 4 1 2 4 1 2 4 2 3 2 0 3 2 3 1 4 1 1 1 1 3 3 1 4 4 2 1 1 1 1 3 4 3 3 1 2 2 3 2 2 0 0 0 0 0 0 1 3 4 3 2 1 1 1 2 2 2 1 4 4 1 4 2 3 4 4 4 3 1 1 1 1 1 4 3 4 2 1 3 3 4 3 3 4 4 1 2 3 3 1 3 1 2 1 1 3 1 3 3 1 3 4 3 2 3 4 1 3 4 3 1 1 1 3 3 4 4 4 1 3 3 2 4 4 4 4 4 4 4 3 2 1 3 2 3 1 3 2 4 1 3 3 3 2 2 1 4 2 4 1 3
424 0.041667 4 3 4 4 3 3 3 1 4 1 1 2 1 2 3 4 2 4 3 1 1 1 2 3 1 2 4 2 2 1 4 2 4 1 2 2 1 1 2 2 4 1 3 1 1 3 3 3 1 3 3 2 1 4 4 4 2 4 4 3 2 1 4 3 3 4 1 4 2 1 1 1 3 2 4 1 3 4 4 0 0 0 0 0 0 1 4 2 1 4 1 2 1 3 3 1 4 3 2 1 4 3 3 4 1 1 2 0 0 0 0 0 0 0 0 0 0 0 0 0 0 0 0 0 0 0 0 1 2 1 4 2 3 4 3 2 2 1 3 3 4 4 3 2 4 4 1 1 1 2 1 4 1 2 3 1 4 1 2 2 2 4 3 1 4 1 2 4 1 2 4 2 0 0 0 0 0 0 0 0 1 1 1 1 3 3 1 4 4 2 1 1 1 1 3 4 3 3 1 2 4 3 2 2 3 3 1 1 1 4 1 3 4 3 2 1 1 1 1 2 2 1 4 2 1 4 2 3 4 1 4 3 1 1 1 1 1 4 3 1 4 1 3 1 4 3 3 4 4 1 4 3 3 1 3 1 2 1 1 3 1 3 4 1 3 4 3 2 3 4 1 3 4 3 1 1 1 3 3 4 4 4 1 1 3 3 4 4 4 2 4 2 4 3 2 1 3 2 1 1 3 2 4 1 3 3 3 2 2 1 4 2 4 1 3
424 0.041667 4 3 4 4 3 1 3 1 4 1 1 2 1 2 3 4 2 4 3 1 1 1 2 1 1 2 4 2 2 1 4 2 2 1 2 2 4 1 2 2 3 2 3 1 1 3 3 3 1 3 1 2 1 2 4 4 2 2 4 3 4 1 2 4 3 4 1 4 2 1 1 1 3 2 4 1 1 4 4 0 0 0 3 1 4 3 1 2 1 4 1 2 3 1 1 1 4 3 2 1 4 3 3 4 1 1 2 1 3 4 1 2 4 2 4 3 3 1 1 1 3 3 3 4 3 1 2 1 2 1 4 2 3 4 1 2 2 1 3 1 4 2 3 2 4 4 1 1 2 2 1 4 1 1 3 1 4 1 2 2 2 4 3 1 4 1 2 4 1 2 4 2 3 2 0 3 2 3 1 4 1 1 1 1 3 3 1 4 4 2 1 1 1 1 3 4 3 3 1 2 2 3 2 2 0 0 0 0 0 0 1 3 4 3 2 1 1 1 2 2 2 1 4 2 1 4 2 3 4 2 4 3 1 3 1 1 1 4 3 4 2 1 3 1 4 3 3 4 4 3 2 3 3 1 3 1 2 1 1 3 1 3 4 1 3 4 3 2 3 4 1 3 4 3 1 1 1 3 3 4 4 4 1 3 3 3 4 4 4 2 4 2 4 3 2 1 3 2 1 1 3 2 1 1 3 3 3 2 2 1 4 2 4 1 3
424 0.041667 4 3 4 4 3 3 1 1 2 1 1 2 1 2 3 4 2 4 3 1 1 1 2 3 1 2 4 2 2 1 4 2 2 1 2 2 4 1 2 2 3 2 3 1 1 3 3 3 1 3 1 2 1 4 4 4 2 4 4 3 2 1 2 4 3 4 1 4 2 1 1 1 3 2 4 1 3 4 4 0 0 0 1 1 4 1 1 2 1 4 1 2 1 1 1 1 4 3 1 1 4 3 3 4 1 1 2 1 3 4 4 2 4 2 3 3 3 1 1 1 3 1 3 4 3 3 2 1 2 1 4 2 3 4 1 2 2 1 3 1 4 2 3 2 4 4 1 1 1 2 1 4 1 2 3 3 4 3 2 2 1 4 3 1 4 1 2 4 1 2 4 2 0 0 0 0 0 0 0 0 1 1 1 1 3 3 1 4 4 2 1 1 1 1 3 4 3 3 1 2 4 3 2 2 3 3 1 1 1 4 1 3 4 3 2 1 1 1 2 2 2 1 4 2 1 4 2 3 4 2 4 3 1 1 1 1 1 4 3 4 2 1 3 1 4 3 3 2 4 1 4 3 3 1 3 1 2 1 1 3 1 3 4 1 3 4 3 2 3 2 1 3 4 3 1 1 1 3 3 4 4 4 1 1 3 3 4 4 4 2 4 2 4 3 2 1 3 2 1 1 3 2 4 1 3 3 3 2 2 1 4 2 4 1 3
424 0.041667 4 3 4 4 3 3 3 1 3 1 1 2 1 2 3 4 2 4 3 1 1 1 2 3 1 2 4 2 2 1 4 2 2 1 2 2 4 1 2 2 3 2 3 1 1 3 3 3 1 3 3 2 1 4 4 4 2 4 4 3 2 1 2 3 3 4 1 4 2 1 4 1 1 1 4 3 1 2 4 3 4 4 3 1 4 3 1 2 1 4 1 2 1 1 1 1 4 3 2 3 4 3 3 4 1 1 2 1 3 4 1 2 4 2 4 3 3 1 1 1 3 3 3 4 3 1 2 1 2 1 4 2 3 4 1 2 2 1 3 1 4 2 3 2 4 4 1 1 2 4 1 4 1 2 3 1 4 1 2 2 2 4 3 1 4 1 2 4 1 2 4 2 0 0 0 0 0 0 0 0 1 1 1 1 3 3 1 4 4 2 1 1 1 1 3 4 3 3 1 2 4 3 2 2 3 3 1 1 1 4 1 3 4 3 2 1 1 1 1 2 2 1 4 2 1 4 2 3 4 2 4 3 1 1 1 1 1 4 3 4 2 1 3 1 4 3 3 4 4 1 2 3 3 1 3 1 2 1 1 3 1 3 4 1 3 4 3 2 3 4 1 3 4 3 1 1 1 3 1 4 4 4 1 1 3 3 4 4 4 2 4 2 4 3 2 1 1 2 1 1 3 2 4 1 3 3 3 2 2 1 4 2 4 1 3
424 0.041667 4 3 4 4 3 1 3 1 4 1 1 2 2 2 3 4 1 4 3 1 0 0 2 3 1 4 4 2 2 1 4 4 4 1 2 2 4 1 4 2 3 1 3 1 1 3 3 3 1 3 1 2 1 3 4 4 2 4 4 3 2 1 2 3 3 4 1 4 2 1 4 1 1 1 4 3 1 2 4 3 4 4 3 1 4 1 1 2 1 4 1 2 1 1 1 1 4 3 1 1 4 3 3 4 1 1 2 1 3 4 4 2 4 2 3 3 3 1 1 1 3 1 3 4 3 1 2 1 2 1 4 2 3 4 3 2 2 1 3 3 4 4 3 2 4 4 1 1 1 2 1 4 1 4 3 1 4 1 2 2 2 4 3 1 4 1 2 4 3 2 4 2 0 0 0 0 0 0 0 0 1 1 1 1 3 3 1 4 4 2 1 1 1 1 3 4 3 3 1 2 4 3 2 2 3 3 1 1 1 4 1 3 4 3 2 1 3 1 2 2 4 1 4 2 1 4 2 3 4 4 4 3 1 1 1 1 1 4 3 4 2 1 3 1 2 3 3 4 4 1 2 3 3 1 3 1 2 1 1 3 1 3 4 1 3 4 3 2 3 4 1 3 4 3 1 1 1 3 3 4 4 4 1 1 3 3 4 4 4 2 4 2 4 3 2 1 1 2 1 1 3 2 4 1 3 3 3 2 2 1 4 2 4 1 3
424 0.041667 4 3 4 4 3 3 3 1 4 1 1 2 1 2 3 4 2 4 3 1 1 1 2 3 1 2 4 2 2 1 4 2 4 1 2 2 1 1 2 2 3 2 3 1 1 3 3 3 1 3 3 2 1 4 4 4 2 4 4 3 2 1 2 3 3 4 1 4 2 1 1 1 3 2 4 1 3 4 4 0 0 0 0 0 0 1 4 2 1 4 1 2 1 3 3 1 4 3 2 1 4 3 3 4 1 1 2 0 0 0 0 0 0 0 0 0 0 0 0 0 0 0 0 0 0 0 0 3 2 1 4 2 3 4 3 2 2 1 3 3 4 4 3 2 4 4 1 1 1 2 1 4 1 2 3 1 4 3 2 2 2 4 3 1 4 1 2 4 3 2 4 2 0 0 0 0 0 0 0 0 1 1 1 1 3 3 1 4 4 2 1 1 1 1 3 4 3 3 1 2 4 3 2 2 3 3 1 1 1 4 1 3 4 3 2 1 1 1 1 2 2 1 4 2 1 4 2 3 4 2 4 3 1 3 1 1 1 4 3 4 2 1 3 1 4 3 3 0 4 1 4 3 3 3 3 1 2 1 1 3 1 3 4 1 3 4 3 2 3 4 1 3 4 3 1 1 1 3 1 4 4 4 1 1 3 3 4 4 4 2 4 2 4 3 2 1 3 2 1 1 3 2 4 1 3 3 3 2 2 1 4 2 4 1 3
424 0.083333 4 3 4 4 3 3 3 1 4 1 1 2 1 2 3 4 2 4 3 1 1 1 2 3 1 2 4 2 2 1 4 2 2 1 2 2 4 1 2 2 3 2 3 1 1 3 3 3 1 3 3 2 1 4 4 4 2 4 4 3 2 1 2 3 3 4 1 4 2 1 4 1 1 1 4 3 1 2 4 3 4 4 3 1 4 3 1 2 1 4 1 2 1 1 1 1 4 3 2 3 4 3 3 4 1 1 2 1 3 4 1 2 4 2 4 3 3 1 1 1 3 3 3 4 3 1 2 1 2 1 4 2 3 4 1 2 2 1 3 1 4 2 3 2 4 4 1 1 2 4 1 4 1 2 3 1 4 1 2 2 2 4 3 1 4 1 2 4 1 2 4 2 0 0 0 0 0 0 0 0 1 1 1 1 3 3 1 4 4 2 1 1 1 1 3 4 3 3 1 2 4 3 2 2 3 3 1 1 1 4 1 3 4 3 2 1 1 1 1 2 2 1 4 2 1 4 2 3 4 2 4 3 1 1 1 1 1 4 3 4 2 1 3 1 4 3 3 4 4 1 4 3 3 1 3 1 2 1 1 3 1 3 4 1 3 4 3 2 3 4 1 3 4 3 1 1 1 3 1 4 4 4 1 1 3 3 4 4 4 2 4 2 4 3 2 1 1 2 1 1 3 2 4 1 3 3 3 2 2 1 4 2 4 1 3
424 0.041667 4 3 4 4 3 3 3 1 2 1 1 2 1 2 3 4 2 4 3 1 1 1 2 3 1 2 4 2 2 1 4 2 2 1 2 2 4 1 2 2 3 1 3 1 1 3 3 1 1 3 1 2 1 2 4 4 2 4 4 3 2 1 2 4 3 4 1 4 2 1 1 1 3 2 4 1 3 4 4 0 0 0 1 1 4 1 1 2 1 4 1 2 1 1 1 1 4 3 1 1 4 3 3 4 1 1 2 1 3 4 1 2 4 2 4 3 3 1 1 1 3 3 3 4 3 1 2 1 2 1 4 2 3 4 1 2 2 1 3 1 4 2 3 2 4 4 1 1 2 2 1 4 1 1 3 1 4 1 2 2 2 4 3 1 4 1 2 4 1 2 4 2 3 2 0 3 2 4 1 4 1 1 1 1 3 3 1 4 4 2 1 1 1 1 3 4 3 3 1 2 4 3 2 4 3 3 1 1 1 4 1 3 4 3 2 1 1 1 2 2 2 1 4 2 1 4 2 3 4 2 4 3 1 1 1 1 1 4 3 4 2 1 3 1 4 3 3 4 4 1 2 3 3 1 3 1 2 1 1 3 1 3 4 1 3 4 3 2 3 4 1 3 4 3 1 1 1 3 3 4 4 4 1 3 3 3 4 4 4 2 4 2 4 3 2 1 3 2 1 1 1 2 4 1 3 3 3 2 2 1 4 2 4 1 3
424 0.041667 4 3 4 4 3 1 3 1 4 1 1 2 1 2 3 4 2 4 3 1 1 1 2 3 1 2 4 2 2 1 4 2 2 1 2 2 4 1 2 2 3 1 3 1 1 3 3 3 1 3 1 2 1 4 4 4 2 4 4 3 2 1 2 3 3 4 1 4 2 1 4 1 1 1 4 3 1 2 4 0 0 0 0 0 0 4 3 2 1 4 1 2 1 3 3 1 4 3 2 1 3 3 3 4 1 1 2 1 3 4 1 2 4 2 4 3 3 1 1 1 3 3 3 4 3 1 2 1 2 1 4 2 3 4 1 2 2 1 3 1 4 2 3 2 4 4 1 1 1 2 1 4 1 2 3 1 4 3 2 2 2 4 3 1 4 1 2 4 3 2 4 2 3 2 0 3 2 4 1 4 1 1 1 1 3 3 1 4 4 2 1 1 1 1 3 4 3 3 1 2 4 3 2 2 3 3 1 1 1 4 1 3 4 3 2 1 1 1 2 2 2 1 4 2 1 4 2 3 4 1 4 3 1 1 1 1 1 4 3 1 4 1 3 1 4 3 3 4 4 1 4 3 3 1 3 1 2 1 1 3 1 3 4 1 3 4 3 2 3 4 1 3 4 3 1 1 1 3 3 4 4 4 1 3 3 2 4 4 4 2 4 4 4 3 2 1 3 2 1 1 3 2 4 1 3 3 3 2 2 1 4 2 4 1 3
424 0.041667 4 3 4 4 3 1 3 1 4 1 1 2 1 2 3 4 2 4 3 1 1 1 2 3 1 2 4 2 2 1 4 2 2 1 2 2 4 1 2 2 3 2 3 1 1 3 3 3 1 3 1 2 1 4 4 4 2 4 4 3 2 1 2 4 3 4 2 4 2 1 3 3 1 1 4 3 1 2 4 3 4 4 1 1 4 1 1 2 1 4 1 2 3 1 1 2 4 3 2 1 4 3 3 4 1 1 2 1 3 4 1 2 4 2 4 3 3 1 1 1 3 3 3 4 3 1 2 1 2 1 4 2 3 4 1 2 2 1 3 1 4 2 3 2 4 4 1 1 4 2 1 4 1 2 3 1 4 1 2 2 2 4 3 2 4 1 2 4 1 2 4 2 0 0 0 0 0 0 0 0 1 1 1 1 3 3 1 4 4 2 1 1 1 1 3 4 3 3 1 2 4 3 2 2 3 3 1 1 1 4 1 3 4 3 2 1 1 1 1 2 2 1 4 4 1 4 2 3 4 2 4 3 1 1 1 1 1 4 3 4 2 1 3 1 4 3 3 4 4 1 4 3 3 1 3 1 2 1 1 3 1 3 4 1 3 4 3 2 3 4 1 3 4 3 1 1 1 3 3 4 3 4 1 1 3 3 4 4 4 2 4 2 4 3 2 1 1 2 1 1 3 2 4 1 3 3 3 2 2 1 4 2 4 1 3
424 0.041667 4 3 4 4 3 3 3 1 4 1 1 2 1 2 3 4 2 4 3 1 1 1 2 3 1 2 4 2 2 1 4 2 2 1 2 2 1 1 2 2 3 2 3 1 1 3 3 3 1 3 1 2 1 4 4 4 2 4 4 3 2 1 2 3 3 4 1 4 2 1 1 1 3 2 4 1 3 4 4 0 0 0 0 0 0 1 4 2 1 4 1 2 1 3 3 1 4 3 2 1 4 3 3 4 1 1 2 0 0 0 0 0 0 0 0 0 0 0 0 0 0 0 0 0 0 0 0 3 2 1 4 2 3 4 3 2 2 1 3 3 4 4 3 2 4 4 1 1 1 2 1 4 1 2 3 1 4 3 2 2 2 4 3 1 4 1 2 4 1 2 4 2 0 0 0 0 0 0 0 0 1 1 1 1 3 3 1 4 4 2 1 1 1 1 3 4 3 3 1 2 4 3 2 2 3 3 1 1 1 4 1 3 4 3 2 1 1 1 2 2 2 1 4 2 1 4 2 3 4 1 4 3 1 1 1 1 1 4 3 1 4 1 3 1 4 3 3 4 4 1 4 3 3 3 3 1 2 1 1 3 1 3 4 1 3 4 3 2 3 4 1 3 4 3 1 1 1 3 1 4 4 4 3 1 3 3 4 4 4 2 4 2 4 3 2 1 3 2 1 1 3 2 4 1 3 3 3 2 2 1 4 2 4 1 3
424 0.041667 4 3 4 4 3 1 3 1 4 1 1 2 1 2 3 4 2 4 3 1 1 1 2 1 1 2 4 2 2 1 4 2 2 1 2 2 4 1 2 2 3 2 3 1 1 3 3 3 1 3 1 2 1 3 4 4 2 4 4 3 2 1 2 4 3 4 1 4 2 1 1 1 3 2 4 1 0 0 0 0 0 0 0 0 0 4 3 2 1 4 1 2 1 1 1 1 4 1 2 1 4 3 3 4 3 1 2 1 3 4 2 4 4 2 3 3 3 1 1 1 3 3 1 4 3 3 2 1 2 1 4 2 3 4 3 2 2 1 3 1 4 2 3 2 4 4 1 1 2 2 1 4 1 2 3 1 4 1 2 2 2 2 3 1 4 1 2 4 1 2 4 2 0 0 0 0 0 0 0 0 1 1 1 1 3 3 1 4 4 2 1 1 1 1 3 4 3 3 1 2 4 3 2 2 3 3 1 1 1 4 1 1 4 1 2 1 1 2 2 2 2 1 4 4 1 4 2 3 4 4 4 3 1 1 1 1 1 4 3 4 2 1 3 3 4 3 3 4 4 1 2 3 3 1 3 1 2 1 1 3 1 3 4 1 3 4 3 2 3 4 1 3 4 3 1 1 1 3 3 4 3 4 1 1 3 3 4 4 4 2 4 2 4 3 2 1 3 2 1 2 3 2 4 1 3 3 3 2 2 1 4 2 4 1 3
424 0.041667 4 3 4 4 3 3 3 1 4 1 1 2 1 2 3 4 2 4 3 1 1 1 2 3 1 2 4 2 2 1 4 2 0 1 2 2 1 1 2 2 3 1 3 1 1 3 3 3 1 3 1 2 1 4 4 4 2 4 4 3 2 1 4 4 3 4 1 4 2 1 1 1 3 2 4 1 3 4 4 0 0 0 1 1 4 1 1 2 1 4 3 2 1 1 1 1 4 3 2 1 4 3 3 4 1 1 2 1 3 4 3 2 4 2 3 3 3 1 3 1 3 3 3 4 1 1 2 3 2 1 4 2 3 4 3 2 2 1 3 1 4 2 3 2 4 4 1 1 2 4 1 4 1 1 3 1 4 1 2 2 2 4 3 1 4 1 4 4 1 2 4 2 0 0 0 0 0 0 1 1 3 2 3 2 4 1 1 4 4 2 1 1 1 3 3 4 3 3 1 2 4 3 1 2 3 3 1 1 1 4 1 3 4 3 2 1 1 1 2 2 2 1 4 2 1 4 2 3 4 2 4 3 1 1 1 1 1 4 3 4 2 1 3 3 4 3 3 4 4 1 2 3 3 1 3 1 2 1 1 3 1 3 4 1 3 4 3 2 3 4 1 3 4 3 1 1 1 3 3 4 4 4 1 1 3 3 4 4 4 2 4 2 4 3 2 1 3 2 1 1 3 2 4 1 3 3 3 2 2 4 4 2 4 1 3
424 0.041667 4 3 4 4 3 1 3 1 4 1 1 2 1 2 3 4 2 4 3 1 1 1 2 1 1 2 4 2 2 1 4 2 2 1 2 2 4 1 2 2 3 2 3 1 1 3 3 3 1 3 1 2 1 2 4 4 2 4 4 3 2 1 2 4 3 4 1 4 2 1 1 1 3 2 4 1 0 0 0 0 0 0 0 0 0 4 3 2 1 4 1 2 1 1 1 1 4 1 2 1 4 3 3 4 3 1 2 1 3 4 2 4 4 2 3 3 3 1 1 1 3 3 1 4 3 3 2 1 2 1 4 2 3 4 3 2 2 1 3 1 4 2 3 2 4 4 1 1 2 2 1 4 1 1 3 1 4 1 2 2 2 4 3 2 4 1 2 4 1 2 4 2 3 2 0 3 2 3 1 4 1 1 1 1 3 3 1 4 4 2 1 1 1 1 3 4 3 3 1 2 4 3 2 2 3 3 1 1 1 1 1 1 4 1 2 1 1 1 1 2 2 1 4 4 1 4 2 3 4 2 4 3 1 1 1 1 1 4 3 4 2 1 3 1 4 3 3 4 4 1 2 3 3 1 3 1 2 1 1 3 1 3 4 1 3 4 3 2 3 4 1 3 4 3 1 1 1 3 3 4 3 4 1 1 3 3 4 4 4 2 4 2 4 3 2 1 3 2 1 2 3 2 4 1 3 3 3 2 2 1 4 2 4 1 3
424 0.041667 4 3 4 4 3 3 3 1 3 1 1 2 1 2 3 4 2 4 3 1 1 1 2 3 1 2 4 2 2 1 4 2 4 1 2 2 4 1 2 2 3 2 3 1 1 3 3 3 1 3 3 2 1 4 4 4 2 4 4 3 2 1 2 3 3 4 1 4 2 1 4 1 1 1 4 3 1 2 4 3 4 4 3 1 4 3 1 2 1 4 1 2 1 1 1 1 4 3 2 3 4 3 3 4 1 1 2 1 3 4 1 2 4 2 4 3 3 1 1 1 3 3 3 4 3 1 2 1 2 1 4 2 3 4 1 2 2 1 3 1 4 2 3 2 4 4 1 1 2 4 1 4 1 2 3 1 4 1 2 2 2 4 3 1 4 1 2 4 1 2 4 2 0 0 0 0 0 0 0 0 1 1 1 1 3 3 1 4 4 2 1 1 1 1 3 4 3 3 1 2 4 3 2 2 3 3 1 1 1 4 1 3 4 3 2 1 1 1 1 2 2 1 4 2 1 4 2 3 4 2 4 3 1 1 1 1 1 4 3 4 2 1 3 1 4 3 3 4 4 1 4 3 3 1 3 1 2 1 1 3 1 3 4 1 3 4 3 2 3 4 1 3 4 3 1 1 1 3 3 4 4 4 1 1 3 3 4 4 4 2 4 2 4 3 2 1 3 2 1 1 3 2 4 1 3 3 3 2 2 1 4 2 4 1 3
424 0.041667 4 3 4 4 3 1 3 1 4 1 1 2 1 2 3 4 2 4 3 1 1 1 2 1 1 2 4 4 2 1 4 2 2 1 2 2 4 1 2 2 3 1 3 1 1 3 3 1 1 3 1 2 1 3 4 4 2 4 4 3 2 1 2 4 3 4 1 4 2 1 4 1 1 1 4 3 1 2 4 0 0 0 0 0 0 4 3 2 1 4 1 2 1 3 3 1 4 3 2 1 4 3 3 4 1 1 2 1 3 4 2 4 4 2 3 3 3 1 3 1 3 3 3 4 3 3 2 1 2 1 4 2 3 4 3 2 2 1 1 1 1 2 3 2 4 4 1 1 2 2 1 4 1 2 3 1 4 3 2 2 2 4 3 2 4 1 2 4 1 2 4 2 3 2 0 1 2 4 1 4 1 1 1 1 3 3 1 4 4 2 1 1 1 1 3 4 3 3 1 2 4 3 2 2 3 3 1 1 1 4 1 1 4 1 2 1 1 1 2 2 2 1 4 4 1 4 2 3 4 2 4 3 1 1 1 1 1 4 3 4 2 1 3 1 4 3 3 4 3 1 2 3 3 1 3 3 2 1 1 3 1 3 4 1 3 4 1 2 3 4 1 3 4 3 1 1 1 3 3 4 3 4 1 1 3 3 4 4 2 2 4 2 4 3 2 1 3 2 1 1 3 2 4 1 3 3 3 2 2 1 4 2 4 1 3
424 0.041667 4 3 4 4 3 3 3 1 2 1 1 2 1 2 3 4 2 4 3 1 1 1 2 3 1 2 4 2 2 1 4 2 4 1 2 2 4 3 2 2 3 2 3 1 1 3 3 3 1 3 3 2 1 4 4 4 2 4 4 3 2 1 2 3 3 4 1 4 2 1 4 1 1 1 4 3 1 2 4 0 0 0 0 0 0 4 3 2 2 4 1 2 1 3 3 1 4 3 1 1 4 3 3 4 1 1 2 0 0 0 0 0 0 0 0 0 0 0 0 0 0 0 0 0 0 0 0 3 2 1 4 2 3 4 3 2 2 1 3 1 4 2 3 4 4 4 1 1 1 2 1 4 1 2 3 1 4 3 2 2 2 4 3 1 4 1 2 4 1 2 4 2 0 0 0 0 0 0 0 0 1 1 1 1 3 3 1 4 4 2 1 1 1 1 3 4 3 3 3 2 4 3 1 2 3 3 1 1 1 4 1 3 4 3 2 1 1 1 2 2 2 1 4 2 1 4 2 3 4 2 4 3 1 1 1 1 1 4 1 4 2 1 3 1 4 3 3 4 4 1 2 3 3 1 3 1 2 1 1 3 1 3 4 1 3 3 3 2 3 4 1 3 4 3 1 1 1 3 3 4 4 4 1 1 3 3 4 4 4 2 4 2 4 3 2 1 3 2 1 1 3 2 4 3 3 3 3 2 2 1 4 2 4 1 3
424 0.041667 4 3 4 4 3 3 3 1 4 1 1 2 1 2 3 4 2 4 3 1 1 1 2 3 1 2 4 2 2 1 4 2 4 1 2 2 1 1 4 2 3 2 3 1 1 3 3 3 1 3 1 2 1 4 4 4 2 4 4 3 2 1 4 3 3 4 1 4 2 1 4 1 1 1 4 3 1 2 4 0 0 0 0 0 0 4 3 2 1 4 1 2 1 1 1 1 4 3 1 1 4 3 3 4 1 1 2 1 3 4 1 2 4 2 4 3 3 1 1 1 3 3 3 4 3 1 2 1 2 1 4 2 3 4 1 0 0 1 3 1 4 2 3 2 4 4 1 1 4 2 1 4 1 2 3 1 4 1 2 2 2 4 3 1 4 1 2 4 1 2 4 2 0 0 0 0 0 0 0 0 1 1 1 1 3 3 1 4 4 2 1 1 1 1 3 4 3 3 1 2 4 3 2 2 3 3 1 1 1 4 1 3 4 3 2 1 1 1 1 2 2 1 4 2 1 4 2 3 4 2 4 3 1 1 1 1 1 4 3 4 2 1 3 1 4 3 3 2 4 1 4 3 3 1 3 1 2 1 1 3 1 3 4 1 3 4 3 2 3 4 1 3 4 3 1 1 1 3 3 4 4 4 1 1 3 3 4 4 4 2 4 2 4 3 2 1 3 2 1 1 3 2 4 1 3 3 3 2 2 1 4 2 4 1 3
424 0.041667 4 3 4 4 3 3 3 1 4 1 1 2 1 2 3 4 2 4 3 1 1 1 2 3 1 2 4 2 2 1 4 2 2 1 2 2 4 1 2 2 3 1 3 1 1 3 3 3 1 3 1 2 1 2 4 4 2 4 4 3 2 1 4 4 3 4 1 4 2 1 3 4 1 1 4 3 1 2 4 3 4 4 1 1 4 1 1 2 1 4 1 2 1 1 1 1 4 3 1 1 4 3 3 4 3 1 2 1 3 4 2 4 4 2 3 3 3 1 1 1 3 3 1 4 3 3 2 1 2 1 4 2 3 4 3 2 2 1 3 1 4 2 3 2 4 4 1 1 2 2 1 4 1 1 3 1 4 1 2 2 2 4 3 1 4 1 2 4 1 2 4 2 3 2 0 0 0 4 1 4 1 1 1 1 3 3 1 4 4 2 1 1 1 1 3 4 3 3 1 2 2 3 2 2 0 0 0 0 0 0 1 3 4 3 2 1 1 1 1 2 2 1 4 4 1 4 2 3 4 2 4 3 1 1 1 1 1 4 3 4 2 1 3 1 4 3 3 4 4 1 2 3 3 1 3 3 2 1 1 3 1 3 4 1 3 4 3 2 3 4 1 3 4 3 1 1 1 3 1 3 3 4 1 1 3 3 4 4 4 2 4 2 4 3 2 1 3 2 1 1 3 2 4 1 3 3 3 2 2 1 4 2 4 1 3
424 0.041667 4 3 4 4 3 3 3 1 2 1 1 2 1 2 3 4 2 4 3 1 1 1 2 3 1 2 4 2 2 1 4 2 4 1 2 2 4 1 2 2 3 1 3 1 1 3 3 3 1 3 3 2 1 4 4 4 2 4 4 3 2 1 2 3 3 4 1 4 2 1 4 1 1 1 4 3 1 2 4 3 4 4 3 1 4 1 1 2 1 4 1 2 1 1 1 1 4 3 1 1 4 3 3 4 1 1 2 1 3 4 4 2 4 2 3 3 3 1 1 1 3 1 3 4 3 1 2 1 2 1 4 2 3 4 3 2 2 1 3 1 4 2 3 2 4 4 1 1 1 2 1 4 1 2 3 1 4 1 2 2 2 4 3 1 4 1 2 4 1 2 4 2 0 0 0 0 0 0 0 0 1 1 1 1 3 3 1 4 4 2 1 1 1 1 3 4 3 3 1 2 4 3 2 2 3 3 1 1 1 4 1 3 4 3 2 1 1 1 1 2 2 1 4 2 1 4 2 3 4 2 4 3 1 1 1 1 1 4 3 4 2 1 3 1 4 3 3 4 4 1 4 3 3 1 3 1 2 1 1 3 1 3 4 1 3 4 3 2 3 4 1 3 4 3 1 1 1 3 3 4 4 4 1 1 3 3 4 4 4 2 4 2 4 3 2 1 1 2 1 1 3 2 4 1 3 3 3 2 2 1 4 2 4 1 3
424 0.041667 4 1 4 4 3 3 3 1 4 1 1 2 1 2 3 4 2 4 3 1 1 1 2 3 1 2 4 2 2 1 4 2 4 1 2 2 4 1 2 2 3 1 3 1 1 3 3 3 1 3 3 2 1 4 4 4 4 4 4 3 2 1 2 4 3 4 1 4 2 1 1 1 3 2 4 1 3 4 4 0 0 0 3 1 4 4 1 2 1 4 1 2 1 1 3 1 4 3 2 1 4 3 3 2 1 3 4 4 2 4 2 3 3 0 0 0 3 1 1 1 3 1 1 4 3 3 2 1 2 1 4 2 3 4 3 2 2 1 3 1 4 2 3 2 4 4 1 1 1 2 1 4 1 2 3 1 4 1 2 2 2 4 3 1 4 1 2 4 1 2 4 2 0 0 0 0 0 0 0 0 1 1 1 1 3 3 1 4 4 2 1 1 1 1 3 4 3 3 1 2 4 3 2 2 3 3 1 1 1 4 1 3 4 3 2 1 1 1 1 2 2 1 4 2 1 4 2 3 3 2 4 3 1 1 1 1 1 4 3 4 2 1 3 1 4 3 3 4 4 1 2 3 3 3 3 1 2 1 1 3 1 3 4 1 3 4 3 2 3 4 1 3 4 3 1 1 1 3 3 4 4 4 1 3 3 3 4 4 4 2 4 2 4 3 2 1 1 2 1 1 3 2 4 1 3 3 3 2 2 1 4 2 4 1 3
424 0.041667 4 3 4 4 1 1 3 1 4 1 1 2 1 2 3 2 2 4 3 1 1 1 2 1 1 2 4 2 2 1 4 2 2 1 2 2 1 1 2 2 3 2 3 1 1 3 3 3 1 3 1 1 3 4 4 4 2 4 4 3 2 1 2 4 3 4 1 4 2 1 1 1 3 2 4 1 3 4 4 0 0 0 1 1 4 1 1 2 1 4 1 2 1 1 1 1 4 3 1 1 4 3 3 4 1 1 2 1 3 4 2 4 4 2 3 3 3 1 3 1 3 3 3 4 3 1 2 1 2 1 4 2 3 4 3 2 2 1 3 1 4 2 3 2 4 4 1 1 2 2 1 4 1 1 3 1 4 1 2 2 2 4 3 1 4 1 2 4 1 2 4 2 3 2 0 3 2 4 3 4 1 1 1 1 3 3 1 4 4 2 1 1 1 1 3 4 3 3 1 2 2 3 2 2 0 0 0 0 0 0 1 3 4 3 2 1 1 2 2 2 2 1 4 4 1 4 2 3 4 2 4 3 1 1 1 1 1 4 3 4 2 1 3 1 4 3 3 4 4 1 2 3 3 1 3 1 2 1 1 3 1 3 4 1 3 4 3 2 3 4 1 3 4 3 1 1 1 3 3 4 3 4 1 3 3 3 4 4 4 2 4 2 4 3 2 1 3 2 1 1 3 2 4 1 3 3 3 2 2 1 4 2 4 1 3
676 0.040000 4 3 4 4 3 3 3 1 4 1 1 2 1 2 3 4 2 4 3 1 1 1 2 3 1 2 4 2 2 1 4 2 4 1 1 2 4 1 2 2 3 2 3 1 1 3 3 3 1 3 3 2 1 4 4 4 2 4 4 3 2 1 2 3 3 4 1 4 4 1 1 1 3 2 4 1 3 4 4 0 0 0 0 0 0 1 4 2 1 4 1 2 1 3 3 1 4 3 4 1 3 3 3 4 1 1 2 1 3 2 0 0 0 0 0 0 0 0 0 0 0 4 2 4 1 3 4 1 1 1 4 2 3 4 3 2 2 1 3 3 4 4 3 2 4 4 3 1 1 2 1 4 1 2 3 1 4 1 2 2 1 4 3 1 4 1 2 4 1 4 4 2 0 0 0 0 0 0 0 0 1 1 1 1 3 3 1 4 4 2 1 1 1 1 3 4 3 3 3 2 4 1 2 2 3 3 1 1 1 4 1 3 4 3 2 1 1 2 2 2 2 1 4 2 1 4 2 3 4 2 4 3 1 3 2 1 1 4 3 1 4 1 3 1 4 3 3 4 4 1 4 3 3 3 3 1 2 1 1 3 1 3 4 1 3 4 3 2 3 4 1 1 4 3 1 1 1 3 3 4 4 4 1 1 3 3 4 4 4 2 4 2 4 3 2 1 1 2 1 1 3 2 4 1 3 3 3 2 2 1 4 2 4 1 3
676 0.040000 4 3 4 4 3 3 3 1 4 1 1 2 1 2 3 4 2 4 3 1 1 1 2 3 1 2 4 2 2 1 4 2 4 1 1 2 1 1 2 2 3 2 3 1 1 3 3 3 1 3 3 2 1 4 4 4 2 4 4 3 2 1 2 3 3 4 1 4 2 1 1 1 3 2 4 1 3 4 4 0 0 0 0 0 0 1 4 2 1 4 1 1 1 1 1 1 4 3 1 1 4 3 3 4 1 1 2 1 3 4 0 0 0 0 0 0 0 0 4 2 4 2 3 3 3 1 1 1 3 3 2 1 2 4 3 2 2 1 3 1 4 2 3 2 4 4 1 1 1 2 1 1 1 2 3 1 4 3 2 2 2 4 3 1 4 1 2 4 3 2 4 2 0 0 0 0 0 0 0 0 1 1 1 1 3 3 1 4 4 2 1 1 1 1 3 4 3 3 1 1 4 3 2 2 3 3 1 1 1 4 1 3 4 3 2 1 1 2 2 2 2 1 4 2 1 4 2 3 4 2 4 3 1 1 2 1 1 4 3 3 2 1 3 3 4 3 3 4 4 1 2 3 3 3 3 1 2 1 1 3 1 3 2 1 3 4 3 2 3 4 1 1 4 3 1 1 1 3 3 4 4 4 1 1 3 3 4 4 2 2 4 2 4 3 2 1 1 2 1 1 3 2 4 1 3 3 3 2 2 1 4 2 4 1 3
676 0.040000 4 3 4 4 3 3 3 1 2 1 1 2 1 2 4 4 2 4 3 1 1 1 2 3 1 2 4 2 2 1 4 2 2 1 2 2 4 1 2 2 3 2 3 1 1 3 3 3 1 3 3 2 1 4 4 4 2 4 4 3 2 1 2 3 3 4 1 4 2 1 1 1 3 2 4 1 3 4 4 0 0 0 0 0 0 1 4 2 1 2 3 2 1 3 3 1 4 3 1 1 3 3 3 4 1 1 2 0 0 0 0 0 0 0 0 0 0 0 0 0 0 0 0 0 0 0 0 3 2 1 4 2 3 4 3 2 2 1 3 1 4 2 3 2 4 4 1 1 4 2 1 4 1 2 3 1 4 1 2 2 2 4 3 1 4 1 2 4 1 4 4 2 0 0 0 0 0 0 0 0 1 1 1 1 3 3 1 4 4 2 1 1 1 1 3 4 3 3 1 2 4 3 2 2 3 3 1 1 1 4 1 3 4 3 2 1 1 2 2 2 2 1 4 4 1 4 2 3 4 1 4 3 1 3 1 1 1 4 3 4 2 1 3 3 4 3 3 4 4 1 2 3 3 3 3 1 2 1 1 3 1 3 4 1 3 4 3 2 3 4 1 3 4 3 1 1 1 3 3 4 4 4 1 1 3 2 4 4 4 4 4 2 4 3 2 1 1 2 1 1 3 2 4 1 3 3 3 2 2 1 4 2 4 1 3
676 0.040000 4 3 4 4 3 3 3 1 4 1 1 2 1 2 1 4 2 4 3 1 1 1 2 3 1 2 4 2 2 1 4 2 2 1 2 2 4 1 2 2 3 2 3 1 1 3 3 3 1 3 3 2 1 4 4 4 2 4 4 3 2 1 2 3 3 4 1 4 2 1 1 1 3 2 4 1 3 4 4 0 0 0 0 0 0 1 4 2 1 4 1 2 1 1 1 1 4 3 1 1 4 3 3 4 1 1 2 1 3 4 0 0 0 0 0 0 0 0 4 2 4 3 3 3 3 1 1 1 3 3 2 1 2 4 3 2 2 1 3 1 4 2 3 2 4 4 3 1 1 2 1 4 1 2 3 1 4 1 2 2 2 4 3 1 4 1 2 4 1 4 4 2 0 0 0 0 0 0 0 0 1 1 1 1 3 3 1 4 4 2 1 1 1 1 3 4 3 3 1 2 4 3 2 2 3 3 1 1 1 4 1 3 4 3 2 1 1 2 2 2 2 1 4 2 1 4 2 3 4 2 4 3 3 3 2 1 1 4 3 1 4 1 3 3 4 3 3 4 4 1 4 3 3 3 3 1 2 1 1 3 1 3 4 1 3 4 3 2 3 4 1 3 4 3 1 1 1 3 3 4 4 4 1 1 3 2 4 4 4 2 4 2 4 3 2 1 1 2 1 1 3 2 4 1 3 3 3 2 2 1 4 2 4 1 3
676 0.040000 4 3 4 4 3 3 3 1 4 1 1 2 1 2 3 4 2 4 3 1 1 1 2 3 1 2 4 2 2 1 4 2 2 1 2 2 4 1 2 2 3 2 3 1 3 3 3 3 1 3 3 2 1 4 4 4 2 4 4 3 2 1 2 3 3 4 1 4 4 1 1 1 3 2 4 1 3 4 4 0 0 0 0 0 0 1 4 2 1 4 1 2 1 3 3 1 4 3 4 1 3 3 3 4 1 1 2 0 0 0 0 0 0 0 0 0 0 0 0 0 0 0 0 0 0 0 0 3 2 1 4 2 3 4 3 2 2 1 3 1 4 2 3 2 4 4 3 1 1 2 1 4 1 2 3 1 4 1 2 2 1 4 3 1 4 1 2 4 1 4 4 2 0 0 0 0 0 0 0 0 1 1 1 1 3 3 1 4 4 2 1 1 1 1 3 4 3 3 1 1 4 3 2 2 3 3 1 1 1 4 1 3 4 3 2 1 1 2 2 2 2 1 4 2 1 4 2 3 4 2 4 3 1 1 2 1 1 4 3 1 4 1 3 1 4 3 3 4 4 1 2 3 3 3 3 1 2 1 1 3 1 3 4 3 3 4 3 2 3 4 1 3 4 3 1 1 1 3 3 4 4 4 1 1 3 3 4 4 2 2 4 2 4 3 2 1 1 2 1 1 3 2 4 1 3 3 3 2 2 1 4 2 4 1 3
676 0.040000 4 3 4 4 3 3 3 1 2 1 1 2 1 2 4 4 2 4 3 1 1 1 2 3 1 2 4 2 2 1 4 2 2 1 2 2 4 1 2 2 3 2 3 1 1 3 3 3 1 3 3 2 1 4 4 4 2 4 4 3 2 1 2 3 3 4 1 4 2 1 1 1 3 2 4 1 3 4 4 0 0 0 0 0 0 1 4 2 1 2 3 2 1 3 3 1 4 3 1 1 3 3 3 4 1 1 2 0 0 0 0 0 0 0 0 0 0 0 0 0 0 0 0 0 0 0 0 3 2 1 4 2 3 4 3 2 2 1 3 1 4 2 3 2 4 4 1 1 4 2 1 4 1 2 3 1 4 1 2 2 2 4 3 1 4 1 2 4 1 4 4 2 0 0 0 0 0 0 0 0 1 1 1 1 3 3 1 4 4 2 1 1 1 1 3 4 3 3 1 2 4 3 2 2 3 3 1 1 1 4 1 3 4 3 2 1 1 2 2 2 2 1 4 4 1 4 2 3 4 1 4 3 1 3 1 1 1 4 3 4 2 1 3 3 4 3 3 4 4 1 2 3 3 3 3 1 2 1 1 3 1 3 4 1 3 4 3 2 3 4 1 3 4 3 2 1 1 3 3 4 4 4 1 1 3 2 4 4 4 4 4 2 4 3 2 1 1 2 1 1 3 2 4 1 3 3 3 2 2 1 4 2 4 1 3
676 0.040000 4 3 4 4 3 3 3 1 4 1 1 2 1 2 3 4 2 4 3 1 1 1 2 3 1 2 4 2 2 1 4 2 2 1 2 2 4 1 2 2 3 2 3 1 1 3 3 3 1 3 3 2 1 4 4 4 2 4 4 3 2 1 2 3 3 4 1 4 2 1 1 1 3 2 4 1 3 4 4 0 0 0 0 0 0 1 4 2 1 4 1 2 1 1 1 1 4 3 1 1 4 3 3 4 1 1 2 1 3 4 0 0 0 0 0 0 0 0 4 2 4 2 1 3 3 1 1 1 3 3 2 1 2 4 3 2 2 1 3 1 4 2 3 2 4 4 1 1 1 2 1 1 1 2 3 1 4 3 2 2 2 4 3 1 4 1 2 4 1 2 4 2 0 0 0 0 0 0 0 0 1 1 1 1 3 3 1 4 4 2 1 1 3 1 3 4 3 3 1 1 4 3 2 2 3 3 1 1 1 4 1 3 4 3 2 1 1 1 1 2 2 1 4 2 1 4 2 3 4 4 4 3 1 3 1 1 1 4 3 1 4 1 3 1 4 3 3 4 4 1 4 3 3 3 3 1 2 1 1 3 1 3 4 3 3 4 3 2 3 4 1 3 4 3 1 1 1 3 3 4 4 4 1 1 3 3 4 4 4 2 4 2 4 3 2 1 1 2 1 1 3 2 4 1 3 3 3 2 2 1 4 2 4 1 3
676 0.040000 4 3 4 4 3 3 3 1 4 1 1 2 1 2 3 4 2 4 3 1 1 1 2 3 1 2 4 4 2 1 4 2 2 1 2 2 4 1 2 2 3 2 3 1 3 3 3 3 1 3 3 2 1 4 4 4 2 4 4 3 2 1 2 3 3 4 1 4 4 1 1 1 3 2 4 1 3 4 4 0 0 0 0 0 0 1 4 2 1 4 1 2 1 3 3 1 4 3 4 1 3 3 3 4 1 1 2 0 0 0 0 0 0 0 0 0 0 0 0 0 0 0 0 0 0 0 0 3 2 1 4 2 3 4 3 2 2 1 3 3 4 4 3 2 4 4 1 1 2 2 1 1 1 4 3 1 4 3 2 2 2 4 1 1 4 1 2 4 1 4 4 2 0 0 0 0 0 0 0 0 1 1 1 1 3 3 1 4 4 2 1 1 1 1 3 4 3 3 1 1 4 3 2 2 3 3 1 1 1 4 1 3 4 3 2 1 1 2 2 2 2 1 2 2 1 4 2 3 4 2 4 3 1 3 1 1 1 4 3 3 2 1 3 1 4 3 3 4 4 1 2 3 3 1 1 1 2 1 1 3 1 3 4 1 3 4 3 2 3 4 1 3 4 3 1 1 1 3 1 4 4 4 3 1 3 3 4 4 4 2 4 2 4 3 2 1 1 2 1 1 3 4 4 1 3 3 3 2 2 1 4 2 4 1 3
676 0.040000 4 3 4 4 3 1 3 1 3 1 1 2 1 4 3 4 2 4 3 1 1 1 2 3 1 2 4 4 2 1 4 2 2 1 2 2 1 1 2 2 3 1 3 1 1 3 3 3 1 3 1 2 1 4 4 4 2 4 4 3 2 1 4 4 3 4 1 4 2 1 4 1 1 1 4 3 1 2 4 0 0 0 0 0 0 4 3 2 1 4 3 2 1 1 1 1 4 3 2 1 4 3 3 4 1 1 2 1 3 4 1 2 4 2 3 3 3 1 3 1 3 3 3 4 1 1 2 3 2 1 4 2 3 4 3 2 2 1 3 1 4 2 3 2 4 4 1 1 2 2 1 4 1 2 3 3 4 1 2 2 2 4 3 1 4 1 2 4 1 4 4 2 3 2 0 3 2 4 1 4 1 1 1 1 1 3 1 4 4 2 1 1 1 1 3 4 3 3 1 2 2 3 2 2 0 0 0 0 0 0 1 3 4 3 2 1 3 2 2 2 2 1 4 2 1 4 2 3 4 4 4 3 1 3 1 1 1 4 3 4 2 1 3 1 4 3 3 4 4 1 2 3 3 1 3 1 2 1 1 3 1 3 4 1 3 4 3 2 3 4 1 3 4 3 1 1 1 3 3 4 3 4 1 3 3 2 4 4 4 2 4 4 4 3 2 1 3 2 1 1 3 2 4 1 3 3 3 2 2 4 4 2 4 1 3
676 0.040000 4 3 4 4 3 3 3 1 4 1 1 2 1 2 3 4 2 4 3 1 1 1 2 3 1 2 4 2 2 1 4 2 2 1 2 2 4 1 2 2 3 2 3 1 1 3 3 3 1 3 3 2 1 4 4 4 2 4 4 3 2 1 2 3 3 4 1 4 2 1 1 1 3 2 4 1 3 4 4 0 0 0 0 0 0 1 4 2 1 4 1 2 1 1 1 1 4 3 1 1 4 3 3 4 1 1 2 1 3 4 0 0 0 0 0 0 0 0 4 2 4 2 1 3 3 1 1 1 3 3 2 1 2 4 1 2 2 1 3 1 4 2 3 2 4 4 1 1 2 2 1 4 1 1 3 1 2 1 4 2 2 4 3 1 4 2 2 4 1 2 4 2 0 0 0 0 0 0 3 4 1 4 1 4 4 2 4 2 1 2 1 1 1 1 3 4 3 3 1 2 4 3 2 2 3 3 1 1 1 4 1 3 4 3 2 1 1 2 2 2 2 1 4 2 1 4 2 3 4 1 4 3 1 3 1 1 1 4 3 4 2 2 3 3 4 3 3 4 4 1 2 3 3 1 1 1 2 1 1 3 1 3 4 1 3 4 3 2 3 4 1 1 4 3 1 1 1 3 3 4 4 4 1 1 3 2 4 4 4 2 4 2 4 3 2 1 1 2 1 1 3 2 4 1 3 3 3 2 2 1 4 2 4 1 3
676 0.040000 4 3 4 4 3 1 3 1 4 1 1 2 1 2 3 4 2 4 3 1 1 1 2 1 1 2 4 2 2 3 4 2 2 1 2 2 1 1 2 2 3 1 3 1 1 3 3 3 1 3 1 2 1 3 4 4 2 4 4 3 2 1 2 4 3 4 1 4 2 1 1 1 3 2 4 1 0 0 0 0 0 0 0 0 0 4 3 2 1 4 3 2 1 1 1 1 4 3 2 1 4 3 3 4 1 1 2 1 3 4 1 2 4 2 3 3 3 1 3 1 3 3 3 4 1 1 2 3 2 1 4 2 3 4 3 2 2 1 3 1 4 2 3 2 4 4 1 1 4 2 1 4 1 2 3 1 4 1 2 2 2 4 3 1 4 1 2 4 1 2 4 2 0 0 0 0 0 0 0 0 1 1 1 1 3 3 1 4 4 2 1 1 1 1 3 4 3 3 1 2 2 3 2 2 0 0 0 0 0 0 1 3 4 3 2 1 1 3 1 2 2 1 4 4 1 4 2 3 4 2 4 3 1 1 1 1 1 4 3 4 2 1 3 1 4 3 3 4 4 1 2 3 3 1 3 1 2 1 1 3 1 3 4 1 3 4 3 2 3 4 1 3 4 3 1 3 1 3 3 4 3 4 1 3 3 3 4 4 4 2 4 2 4 3 2 1 3 2 1 2 3 2 4 1 3 3 3 2 2 1 4 2 4 1 3
676 0.040000 4 3 4 4 3 1 3 1 4 1 1 2 1 2 4 4 2 4 3 1 1 1 2 3 1 2 4 2 2 1 4 2 4 1 1 2 4 1 2 2 3 2 3 1 1 3 3 3 1 3 3 2 1 4 4 4 2 4 4 3 2 1 2 3 3 4 1 4 2 1 1 1 3 2 4 1 3 4 4 0 0 0 0 0 0 1 4 2 1 2 3 2 1 3 3 1 4 3 1 1 3 3 3 4 1 1 2 0 0 0 0 0 0 0 0 0 0 0 0 0 0 0 0 0 0 0 0 3 2 1 4 2 3 4 3 2 2 1 3 1 4 2 3 2 4 4 1 1 4 2 1 4 1 2 3 1 4 1 2 2 2 4 3 1 4 1 2 4 1 4 4 2 0 0 0 0 0 0 0 0 1 1 1 1 3 3 1 4 4 2 1 1 1 1 3 4 3 3 1 2 4 3 2 2 3 3 1 1 1 4 1 3 4 3 2 1 1 2 2 2 2 1 4 2 1 4 2 3 4 1 4 3 1 3 1 1 1 4 3 4 2 1 3 3 4 3 3 4 4 1 2 3 3 3 3 1 2 1 1 3 1 3 4 1 3 4 3 2 3 4 1 3 4 3 2 1 1 3 3 4 4 4 1 1 3 2 4 4 4 2 4 2 4 3 2 1 3 2 1 1 3 2 4 1 3 3 3 2 2 1 4 2 4 1 3
676 0.040000 4 3 2 4 3 1 3 1 4 1 1 2 1 2 3 4 2 4 1 1 1 1 2 1 1 2 4 2 2 1 4 2 4 1 1 2 4 1 2 2 3 1 3 1 1 3 1 3 1 1 3 2 1 3 4 4 2 4 4 3 4 1 2 3 3 4 1 4 2 1 4 1 1 1 4 3 1 2 4 0 0 0 0 0 0 4 3 2 1 4 3 2 1 1 1 1 4 3 1 1 4 3 1 4 1 1 2 1 3 4 1 2 4 2 4 3 3 1 1 1 3 3 3 4 3 1 2 1 1 1 4 2 3 4 3 2 2 1 3 1 4 2 3 2 4 4 1 1 2 2 1 1 1 4 3 1 4 3 2 2 2 4 3 1 4 1 2 4 1 4 4 2 0 0 0 0 0 0 3 4 1 4 1 4 4 2 4 2 1 2 1 1 1 1 3 4 3 3 1 2 4 1 2 2 3 3 1 1 1 4 1 3 4 3 2 3 1 2 2 2 2 1 4 4 1 4 2 1 4 1 4 3 1 3 1 1 1 4 3 1 4 1 3 3 4 3 3 2 2 1 2 3 3 1 3 1 2 1 1 3 1 3 4 1 3 4 3 2 3 4 1 3 4 3 1 3 3 3 3 4 4 4 1 3 1 2 2 4 4 2 4 2 4 3 2 1 1 2 1 1 3 2 4 1 3 3 3 2 2 1 4 2 4 1 3
676 0.040000 4 3 4 4 3 3 3 1 2 1 1 2 1 2 3 4 2 4 3 1 1 1 2 3 1 2 4 4 2 1 4 2 2 1 2 2 4 1 2 2 3 1 3 1 1 3 3 1 1 3 1 2 1 4 4 4 2 4 4 3 2 1 4 3 3 4 1 4 2 1 4 1 1 1 4 3 1 2 4 0 0 0 0 0 0 4 3 2 1 4 3 2 1 1 1 1 4 3 1 1 4 3 3 4 1 1 2 1 3 4 1 2 4 2 3 3 3 1 2 1 3 3 1 4 3 3 2 1 2 1 4 2 3 4 3 2 2 1 3 3 4 4 3 2 4 4 1 1 4 2 1 4 1 2 3 1 4 1 2 2 2 4 3 1 4 1 2 4 1 4 4 2 0 0 0 0 0 0 0 0 1 1 1 1 3 3 1 4 4 2 1 1 1 1 3 4 3 3 1 2 4 3 2 2 3 3 1 1 1 4 1 3 4 3 2 1 1 2 2 2 2 1 4 4 1 4 2 3 4 4 4 3 1 1 1 1 1 4 3 4 2 1 3 3 4 3 3 4 4 1 2 3 3 1 3 1 2 1 1 3 1 3 4 1 3 4 3 2 3 4 1 3 4 1 1 1 1 3 1 1 1 4 1 1 3 3 4 4 4 2 4 2 4 3 2 1 1 2 1 1 3 2 4 1 3 3 3 2 2 4 4 2 4 1 3
676 0.040000 4 3 4 4 3 3 3 1 4 1 1 2 1 2 3 4 2 4 3 1 1 1 2 3 1 2 4 2 2 1 4 2 2 1 2 2 4 1 2 2 3 2 3 1 1 3 3 1 1 3 3 2 1 4 4 4 2 4 4 3 2 1 2 3 3 4 1 4 4 1 1 1 3 2 4 1 3 4 4 0 0 0 0 0 0 1 4 2 1 4 1 2 1 1 1 1 4 3 1 1 4 3 3 4 1 1 2 1 3 4 0 0 0 0 0 0 0 0 4 2 4 2 3 3 3 1 1 1 3 3 2 1 2 4 3 2 2 1 3 3 4 4 3 2 4 4 1 1 2 2 1 4 1 2 3 1 4 1 2 2 2 4 3 1 4 1 2 4 1 2 4 2 0 0 0 0 0 0 0 0 1 1 1 1 3 3 1 4 4 2 1 1 3 1 3 4 3 3 1 1 4 3 2 2 3 3 1 1 1 4 1 3 4 3 2 1 1 2 2 2 2 1 4 2 1 4 2 3 4 2 4 3 3 3 2 1 1 4 3 1 4 1 3 3 4 3 3 4 4 1 2 3 3 3 3 1 2 1 1 3 1 3 4 1 3 4 3 2 3 4 1 1 4 3 1 1 1 3 3 4 4 4 1 1 3 3 4 4 4 2 4 2 4 3 2 1 1 2 1 1 3 2 4 1 3 3 3 2 2 1 4 2 4 1 3
676 0.040000 4 3 4 4 3 3 3 1 3 1 1 2 1 2 3 4 2 4 3 1 1 1 2 3 1 2 4 2 2 1 4 2 4 1 2 2 4 1 2 2 3 2 3 1 1 3 3 3 1 3 3 2 1 4 4 4 2 4 4 3 2 1 2 3 3 4 1 4 4 3 1 1 3 2 4 1 3 4 4 0 0 0 0 0 0 1 4 2 1 4 1 2 1 3 3 1 4 3 4 1 3 3 3 4 1 1 2 0 0 0 0 0 0 0 0 0 0 0 0 0 0 0 0 0 0 0 0 3 2 1 4 1 3 4 3 2 2 1 3 3 4 4 3 2 4 4 1 1 4 2 1 1 1 2 3 1 4 3 2 2 2 4 3 1 4 1 2 4 1 4 4 2 0 0 0 0 0 0 0 0 1 1 1 1 3 3 1 4 4 2 1 1 1 1 3 4 3 3 1 1 4 3 2 2 3 3 1 1 1 4 1 3 4 3 2 1 1 2 2 2 2 1 4 2 1 4 2 3 4 1 4 3 1 3 1 1 1 4 3 4 2 1 3 3 4 3 3 2 4 1 4 3 3 3 3 1 2 1 1 3 1 3 4 1 3 4 3 2 3 4 1 1 4 3 1 1 1 3 3 4 4 4 1 1 3 3 4 4 4 2 4 4 4 3 2 1 1 2 1 1 3 2 4 1 3 3 3 2 2 1 4 2 4 1 3
676 0.040000 4 3 4 4 3 3 3 1 4 1 1 2 1 2 3 4 2 4 3 1 1 1 2 3 1 2 4 2 2 1 4 2 2 1 2 2 4 1 2 2 3 2 3 1 1 3 3 3 1 3 3 2 1 4 4 4 2 4 4 3 2 1 2 3 3 4 1 4 4 3 1 1 3 2 4 1 3 4 4 0 0 0 0 0 0 1 4 2 1 4 1 2 1 3 3 1 4 3 4 1 3 3 3 4 1 1 2 0 0 0 0 0 0 0 0 0 0 0 0 0 0 0 0 0 0 0 0 3 2 1 4 2 3 4 3 2 2 1 3 1 4 2 3 2 4 4 3 1 1 2 1 4 1 2 3 1 4 1 2 2 1 4 3 1 4 1 2 4 1 4 4 2 0 0 0 0 0 0 0 0 1 1 1 1 3 3 1 4 4 2 1 1 1 1 3 4 3 3 1 1 4 3 2 2 3 3 1 1 1 4 1 3 4 3 2 1 1 2 2 2 2 1 4 2 1 4 2 3 4 2 4 3 1 1 2 1 1 4 3 1 4 1 3 1 4 3 3 2 4 1 2 3 3 3 3 1 2 1 1 3 1 3 4 3 3 4 3 2 3 4 1 3 4 3 1 1 1 3 3 4 4 4 1 1 3 3 4 4 4 2 4 4 4 3 2 1 3 2 1 1 3 2 4 1 3 3 3 2 2 1 4 2 4 1 3
676 0.040000 4 3 4 4 3 1 3 1 4 1 1 2 1 2 3 4 2 4 3 1 1 1 2 1 1 2 4 2 2 1 4 2 2 1 2 2 4 1 2 2 3 2 3 1 1 3 3 3 1 3 1 2 1 3 4 4 2 4 4 3 2 1 2 4 3 4 1 4 2 1 1 1 3 2 4 1 0 0 0 0 0 0 0 0 0 4 3 2 1 4 2 2 1 1 1 1 1 3 2 1 4 3 3 4 1 1 2 1 3 4 1 2 4 2 4 3 3 1 3 1 3 3 3 4 3 1 2 1 2 1 4 2 3 4 3 2 2 1 3 1 4 2 3 2 4 4 1 1 4 2 1 3 1 2 3 1 4 1 2 2 2 4 3 2 4 2 2 4 1 2 4 2 0 0 0 0 0 0 3 4 1 4 1 4 4 2 4 2 1 2 1 1 1 1 3 4 3 3 1 2 4 1 2 2 3 3 1 1 1 4 1 1 4 1 2 1 1 2 2 2 2 1 4 2 1 4 2 3 4 2 4 3 1 4 1 1 1 4 3 4 2 1 3 1 4 3 3 4 4 1 2 3 3 1 3 1 2 1 1 3 1 3 4 1 3 4 3 2 3 4 1 3 4 3 1 3 1 3 3 4 4 4 1 3 3 2 4 1 4 2 1 2 4 3 2 1 1 2 1 2 3 2 4 1 3 3 3 2 2 1 4 2 4 1 3
676 0.040000 2 3 4 4 3 1 3 1 4 1 1 2 1 2 3 4 2 4 3 1 1 1 2 3 1 2 4 2 2 1 4 2 2 1 2 2 4 1 2 2 3 1 3 1 1 3 3 3 1 3 1 2 1 3 4 4 2 4 4 3 2 1 2 4 3 4 1 4 2 1 4 1 1 1 4 3 1 2 4 0 0 0 0 0 0 4 3 2 1 4 1 2 1 1 1 1 2 3 1 1 4 3 3 4 1 1 2 1 3 4 1 2 4 2 4 3 3 1 3 1 3 3 3 4 3 1 2 1 2 1 4 2 3 4 3 2 2 1 3 3 4 4 3 2 4 4 1 1 4 2 1 3 1 2 3 1 4 1 2 2 2 4 3 2 4 2 2 4 1 3 4 2 0 0 0 0 0 0 1 1 3 2 3 1 3 3 1 4 4 2 1 1 1 1 3 4 3 3 1 2 4 1 2 2 3 3 1 1 1 4 1 1 4 1 2 1 1 2 2 2 2 1 4 4 1 4 2 3 4 1 4 3 1 1 2 1 1 4 3 4 4 1 3 1 4 3 3 4 4 1 2 3 3 3 3 1 2 1 1 3 1 3 3 1 3 4 3 2 3 4 1 3 4 1 1 1 1 3 1 1 1 4 1 1 3 3 4 4 4 2 4 2 4 3 2 1 3 2 1 1 3 2 4 1 3 3 3 2 2 1 4 2 4 1 3
676 0.040000 4 3 4 4 3 3 3 1 4 1 1 2 1 2 3 4 2 4 3 1 1 1 2 3 1 2 4 4 2 1 4 2 4 1 2 2 4 1 2 1 4 2 3 1 3 3 3 3 1 3 3 2 1 4 4 4 2 4 4 3 2 1 2 3 3 4 1 4 2 1 1 1 3 2 4 1 0 0 0 0 0 0 0 0 0 4 3 2 1 4 1 2 1 3 1 1 4 3 1 1 4 3 3 4 1 1 2 1 3 4 1 2 4 2 4 3 3 1 1 1 3 3 3 2 4 1 2 1 2 1 4 2 3 4 3 2 2 1 3 3 4 4 3 2 4 4 1 1 4 2 1 4 1 2 3 1 4 3 2 2 2 4 3 1 4 1 4 4 1 4 4 2 1 2 0 3 2 4 1 4 1 2 1 1 3 3 1 4 4 2 1 1 1 1 3 4 3 3 1 2 4 3 2 2 3 3 1 1 1 4 1 3 4 3 2 1 1 2 2 2 2 1 4 2 1 4 2 3 4 2 2 3 1 3 1 1 1 4 3 3 2 1 3 1 4 3 3 4 4 1 4 3 3 3 3 1 2 1 1 3 1 3 4 3 3 4 3 2 3 4 1 3 4 3 1 1 1 3 1 1 4 4 1 1 3 3 4 4 4 2 4 2 4 3 4 1 1 2 1 2 3 2 4 1 3 3 3 2 2 1 4 2 4 1 3
676 0.040000 4 3 4 4 3 3 3 1 4 1 1 2 1 2 3 4 2 4 3 1 1 1 2 3 1 2 4 2 2 1 4 2 2 1 2 2 4 1 2 2 3 2 3 1 1 3 3 1 3 3 3 2 1 4 3 4 2 4 4 1 2 1 2 3 3 4 1 4 2 1 4 1 1 1 4 3 1 2 4 0 0 0 0 0 0 4 3 2 1 4 1 2 1 3 3 1 4 3 4 1 3 3 3 4 1 1 2 1 3 2 0 0 0 0 0 0 0 0 0 0 0 4 2 4 1 3 4 1 1 1 4 2 3 4 3 2 2 1 3 3 4 4 3 2 4 4 3 1 1 2 1 4 1 2 3 1 4 1 2 2 2 4 3 1 4 1 2 2 1 2 4 4 0 0 0 0 0 0 0 0 1 1 1 1 3 3 1 4 4 2 1 1 1 1 1 4 3 3 1 1 4 3 2 2 3 3 1 1 1 4 1 3 4 3 2 1 1 2 2 2 2 1 4 2 1 4 2 3 4 1 4 1 1 1 1 1 1 4 3 4 2 1 3 3 4 3 3 2 4 1 4 3 3 3 3 1 2 1 1 3 1 3 4 1 3 4 3 2 3 4 1 3 4 3 1 1 1 3 3 4 4 4 1 1 3 2 4 4 4 2 4 2 4 3 2 1 1 2 1 1 3 2 4 1 3 3 3 2 2 1 4 2 4 1 3
676 0.040000 4 3 4 4 3 3 3 1 3 1 1 2 1 2 3 4 2 4 3 1 1 1 2 3 1 2 4 2 2 1 4 2 4 1 1 2 1 1 2 2 3 1 3 1 3 3 1 1 1 3 1 2 1 3 4 4 2 4 4 3 2 1 2 4 3 4 1 4 2 1 4 1 1 1 4 3 1 2 4 0 0 0 0 0 0 4 3 2 1 4 3 2 1 1 1 1 4 3 2 1 4 3 3 4 1 1 2 1 3 4 1 2 4 2 3 3 3 1 3 1 3 3 3 4 1 1 2 3 2 1 4 2 3 4 3 2 2 1 3 1 4 2 3 2 4 4 1 1 4 2 1 4 1 2 3 1 4 1 2 2 2 4 3 2 4 1 2 4 1 4 4 2 0 0 0 0 0 0 0 0 1 1 1 1 3 3 1 4 4 2 1 1 1 1 3 4 3 3 1 2 4 1 2 2 3 3 1 1 1 4 1 1 4 1 2 1 1 2 2 2 2 1 4 4 1 4 2 3 4 2 4 3 1 3 1 1 1 4 3 4 2 1 3 1 4 3 3 4 4 1 2 3 3 1 3 1 2 1 1 3 1 3 4 1 3 4 3 2 3 4 1 3 4 3 1 3 1 3 3 4 3 4 1 3 3 2 4 4 4 2 4 2 4 3 2 1 3 2 3 1 3 2 4 1 3 3 3 2 2 4 4 2 4 1 3
676 0.040000 3 3 4 4 3 1 3 1 3 1 1 2 1 4 3 4 2 4 3 1 1 1 2 1 3 2 3 2 2 1 4 2 2 1 2 2 1 1 2 2 3 2 3 1 1 3 3 3 1 3 1 2 1 3 4 4 2 4 4 3 2 1 2 4 3 4 1 4 2 1 1 1 3 2 4 1 0 0 0 0 0 0 0 0 0 4 3 2 1 4 2 2 1 1 1 1 1 3 2 1 4 3 3 4 1 1 2 1 3 4 1 2 4 2 4 3 3 1 3 1 3 3 3 4 3 1 2 1 2 1 4 2 3 4 3 2 2 1 3 1 4 2 3 2 4 4 1 1 4 2 1 3 1 2 3 1 4 1 2 2 2 4 3 2 4 2 2 4 1 2 4 2 0 0 0 0 0 0 3 4 1 4 1 4 4 2 4 2 1 2 1 1 1 1 3 4 3 3 1 2 4 1 2 2 3 3 1 1 1 4 1 1 4 1 2 1 1 2 2 2 2 1 4 2 1 4 2 3 4 2 4 3 1 4 1 1 1 4 3 4 2 1 3 1 4 3 3 4 4 1 2 3 3 1 3 1 2 1 1 3 1 3 4 1 3 4 3 2 3 4 1 3 4 3 1 3 1 3 1 4 3 4 1 1 3 3 4 4 4 2 4 2 4 3 2 1 3 2 1 1 3 2 4 1 1 3 3 2 2 1 4 2 4 1 3
676 0.040000 4 3 4 4 3 1 3 1 4 1 1 2 1 2 3 4 2 4 3 1 1 1 2 1 1 2 4 2 2 1 4 4 4 1 2 2 1 1 2 2 3 2 3 1 1 3 3 1 1 3 3 2 1 4 4 4 2 4 4 3 4 1 2 4 3 4 1 4 2 1 1 1 3 2 4 1 0 0 0 0 0 0 0 0 0 4 3 2 2 4 1 2 3 1 1 2 1 3 2 1 4 3 3 4 1 1 2 1 3 4 1 2 4 2 4 3 3 1 1 1 3 3 1 4 3 1 2 1 2 1 4 2 3 4 3 2 2 1 3 1 4 2 3 2 4 4 1 1 4 2 1 4 1 2 3 1 4 3 2 2 2 4 3 2 4 2 2 4 1 4 4 2 3 2 0 3 2 4 1 4 1 1 1 1 3 3 1 4 4 2 1 1 1 1 3 4 3 3 1 2 4 3 2 2 3 3 1 1 1 4 1 1 4 1 2 1 1 2 2 2 2 1 4 2 1 4 2 3 4 4 4 3 1 3 1 1 1 4 3 4 2 1 3 3 4 3 3 4 4 1 2 3 3 1 3 1 2 1 1 3 1 3 4 1 3 4 3 2 3 4 1 3 4 3 1 3 1 3 3 4 3 4 1 3 3 2 4 4 4 2 4 2 4 3 2 1 3 2 1 1 1 2 4 1 3 3 3 2 2 4 4 2 4 1 3
676 0.040000 4 3 4 4 3 3 3 1 3 1 1 2 1 2 3 4 2 4 3 1 1 1 2 1 1 2 4 2 2 1 4 2 2 1 2 2 4 1 2 2 3 2 3 1 1 3 3 1 1 3 3 2 1 3 4 4 2 4 4 3 2 1 4 4 3 4 1 4 2 1 4 1 1 1 4 3 1 2 4 0 0 0 0 0 0 4 3 2 1 4 3 2 1 1 1 1 4 3 1 1 4 3 3 4 1 1 2 1 3 4 1 2 4 2 3 3 3 1 1 1 3 3 3 4 3 1 2 1 2 1 4 2 3 4 3 2 2 1 3 1 4 2 3 2 4 4 1 1 2 2 1 1 1 4 3 1 4 3 2 2 2 4 3 1 4 2 2 4 1 2 4 2 0 0 0 0 0 0 3 4 1 4 1 4 4 2 4 2 1 2 1 1 1 1 3 4 3 3 1 2 4 3 2 2 3 3 1 1 1 4 1 3 4 3 2 1 1 2 2 2 2 1 4 4 1 4 2 3 4 4 4 3 1 3 1 1 1 4 3 4 2 1 3 3 4 3 3 4 4 1 2 3 3 1 3 1 2 1 1 3 1 3 4 1 3 4 3 2 3 4 1 3 4 3 1 1 1 3 3 4 4 4 1 3 3 2 4 1 4 2 1 2 4 3 2 1 3 2 1 1 3 2 4 1 3 3 3 2 2 1 4 2 4 1 3
