0 0.545455 3 1 3 3 4 3 2 2 2 1 3 2 1 1 3 1 1 2 1 4 1 2 2 3 2 1 3 2 3 3 2 1 4 1 3 4 4 3 2 4 4 3 4 4 2 4 3 3 1 2 4 4 4 3 3 1 1 3 1 3 1 4 2 4 3 1 4 3 3 3 2 2 4 4 1 1 2 2 4 4 2 3 4 2 3 1 3 1 2 3 3 3 1 1 1 4 1 3 1 2 1 2 3 4 1 1 3 3 1 3 3 2 1 2 2 1 3 4 3 1 3 2 1 1 2 2 4 1 3 2 4 4 1 3 1 1 3 3 4 3 3 4 3 1 4 4 2 2 3 4 3 3 1 4 4 2 1 1 1 2 1 1 2 3 1 2 3 2 4 3 3 1 3 3 2 4 1 2 3 3 2 3 3 4 1 2 1 4 2 4 3 1 2 3 1 1 1 4 3 1 3 2 3 1 4 3 1 2 1 3 3 4 2 3 4 1 3 4 1 4 2 1 1 2 3 1 4 3 3 1 1 1 4 1 4 3 4 3 1 4 4 3 4 1 3 2 4 3 1 1 3 1 1 1 4 4 1 4 4 1 3 3 3 1 4 4
0 0.090909 3 1 3 3 4 3 2 2 2 1 3 2 1 1 3 1 1 2 1 4 1 2 2 3 2 1 3 2 3 3 2 1 4 1 3 4 4 3 2 4 4 3 4 4 2 4 3 3 1 2 4 4 4 3 3 1 1 3 1 3 1 4 2 4 3 1 4 3 3 3 2 2 4 4 1 1 2 2 4 4 2 3 4 2 3 1 3 1 2 3 3 3 1 1 1 4 1 3 1 2 1 2 3 4 1 1 3 3 1 3 3 2 1 2 2 1 3 4 3 1 3 2 1 1 2 2 4 1 3 2 4 4 1 3 1 1 3 3 4 3 3 4 3 1 4 4 2 2 3 4 3 3 1 4 4 2 1 1 1 2 1 1 2 1 1 2 3 2 4 3 3 1 3 3 2 4 1 2 3 3 2 3 3 4 1 2 1 4 2 4 3 1 2 3 1 1 1 4 3 1 3 2 3 1 4 3 1 2 1 3 3 4 2 3 4 1 3 4 1 4 2 1 1 2 3 1 4 3 3 1 1 1 4 1 4 3 4 3 1 4 4 3 4 1 3 2 4 3 1 1 3 1 1 1 4 4 1 4 4 1 3 3 3 1 4 4
0 0.090909 3 1 3 3 4 3 2 2 2 1 3 2 1 1 3 1 1 2 1 4 1 2 2 4 2 1 3 2 3 3 2 1 4 1 3 4 4 3 2 4 4 3 4 4 2 4 3 3 1 2 4 4 4 3 3 1 1 3 1 3 1 4 2 4 3 1 4 3 3 3 4 2 4 4 1 1 2 2 4 4 2 3 4 2 3 1 3 1 2 3 3 3 1 1 1 4 1 3 1 2 1 2 3 4 1 1 3 3 1 3 3 2 1 2 2 1 3 4 3 1 3 2 1 1 2 2 4 1 3 2 4 4 1 3 1 1 3 3 4 3 3 4 3 1 4 4 2 2 3 4 3 3 1 4 4 2 1 1 1 2 1 1 2 3 1 2 3 2 4 3 3 1 3 3 2 4 1 2 3 3 2 3 3 4 1 2 1 4 2 4 3 1 2 3 1 1 1 4 3 1 3 2 3 1 4 3 1 2 1 3 3 4 2 3 4 1 3 4 1 4 2 1 1 2 3 1 4 3 3 1 1 1 4 1 4 3 4 3 1 4 4 3 4 1 3 2 4 3 1 1 3 1 1 1 4 4 1 4 4 1 3 3 3 1 4 4
0 0.090909 3 1 3 3 4 3 2 2 2 1 3 2 1 1 3 1 1 2 1 4 1 2 2 3 2 1 3 2 3 3 2 1 4 2 3 4 4 3 2 4 4 3 4 4 2 4 3 3 1 2 4 4 4 3 3 1 1 3 1 3 1 4 2 4 3 1 4 3 3 3 2 2 4 4 1 1 2 2 4 4 2 3 4 2 3 1 3 1 2 3 3 3 1 1 1 4 1 3 1 2 1 2 3 4 1 1 3 3 1 3 3 2 1 2 2 1 3 4 3 1 3 2 1 1 2 2 4 1 3 2 4 4 1 3 1 1 3 3 4 3 3 4 3 1 4 4 2 2 3 4 3 3 1 4 4 2 1 1 1 2 1 1 2 3 1 2 3 2 4 3 3 1 3 3 2 4 1 2 3 3 4 3 3 4 1 2 1 4 2 4 3 1 2 3 1 1 1 4 3 1 3 2 3 1 4 3 1 2 1 3 3 4 2 3 4 1 3 4 1 4 2 1 1 2 3 1 4 3 3 1 1 1 4 1 4 3 4 3 1 4 4 3 4 1 3 2 4 3 1 1 3 1 1 1 4 4 1 4 4 1 3 3 3 1 4 4
0 0.090909 3 1 3 1 4 3 2 2 2 1 3 2 1 1 3 1 1 2 1 4 1 2 2 3 2 1 3 2 3 3 2 1 4 1 3 4 4 3 2 4 4 3 4 4 2 4 3 3 1 2 4 4 4 3 3 1 1 3 1 3 1 4 2 4 3 1 4 3 3 3 2 2 4 4 1 1 2 2 4 4 2 3 4 2 3 1 3 1 2 3 3 3 1 1 1 4 1 3 1 2 1 2 3 4 1 1 3 3 1 3 3 2 1 2 2 1 3 4 3 1 3 2 1 1 2 2 4 1 3 2 4 4 1 3 1 1 3 3 4 3 3 4 3 1 4 4 2 2 3 4 3 3 1 4 4 2 1 1 1 2 1 1 2 3 1 2 3 2 4 3 3 1 3 3 2 4 1 2 3 3 2 3 3 4 1 2 1 4 2 4 3 1 2 3 1 1 1 4 3 1 3 2 3 1 4 3 1 2 1 3 3 4 2 3 4 1 3 4 1 4 2 1 1 2 3 1 4 3 3 1 1 1 4 1 4 3 4 3 1 4 4 3 4 1 3 2 4 3 1 1 3 1 1 1 4 4 1 4 4 1 3 3 3 1 4 4
0 0.090909 3 1 3 3 4 3 2 2 2 1 3 2 1 1 3 1 3 2 1 4 1 2 2 3 2 1 3 2 3 3 2 1 4 1 3 4 4 3 2 4 4 3 4 4 2 4 3 3 1 2 4 4 4 3 3 1 1 3 1 3 1 4 2 4 3 1 4 3 3 3 2 2 4 4 1 1 2 2 4 4 2 3 4 2 3 1 3 1 2 3 3 3 1 1 1 4 1 3 1 2 1 2 3 4 1 1 3 3 1 3 3 2 1 2 2 1 3 4 3 1 3 2 1 1 2 2 4 1 3 2 4 4 1 3 1 1 3 3 4 3 3 4 3 1 4 4 2 2 3 4 3 3 1 4 4 2 1 1 1 2 1 1 2 3 1 2 3 2 4 3 3 1 3 3 2 4 1 2 3 3 2 3 3 4 1 4 1 4 2 4 3 1 2 3 1 1 1 4 3 1 3 2 3 1 4 3 1 2 1 3 3 4 2 3 4 1 3 4 1 4 2 1 1 2 3 1 4 3 3 1 1 1 4 1 4 3 4 3 1 4 4 3 4 1 3 2 4 3 1 1 1 1 1 1 4 4 1 4 4 1 3 3 3 1 4 4
21 0.055556 3 1 3 3 4 3 2 2 2 1 3 2 1 1 3 1 1 2 1 4 1 2 2 3 2 1 3 2 3 1 2 1 4 1 3 4 4 3 2 4 4 3 4 4 2 4 3 3 1 2 4 4 4 3 3 1 1 3 1 3 1 4 2 4 3 1 4 3 3 3 2 2 4 4 1 1 2 2 4 4 2 3 4 2 3 1 3 1 2 3 3 3 1 1 1 4 1 3 1 2 1 2 3 4 1 1 3 3 1 3 3 2 1 2 2 1 3 4 3 1 3 2 1 1 2 2 4 1 3 2 4 4 1 3 1 1 3 3 4 3 3 4 3 1 4 4 2 2 3 4 3 3 1 4 4 2 1 1 1 2 1 1 2 3 1 2 3 2 4 3 3 1 3 3 2 4 1 2 3 3 2 3 3 4 1 2 1 4 2 4 3 1 2 3 1 1 2 4 3 1 3 2 3 1 4 3 1 2 1 3 3 4 2 3 4 1 3 4 1 4 2 1 1 2 3 1 4 3 3 1 1 1 4 1 4 3 4 3 1 4 4 3 4 1 3 2 4 3 1 1 3 1 1 1 4 4 1 4 4 1 3 3 3 1 4 4
21 0.055556 3 1 3 3 4 3 2 2 2 1 3 2 1 1 3 1 1 2 1 4 1 2 2 3 2 1 3 2 3 1 2 1 4 1 3 4 4 3 2 4 4 3 4 4 2 4 3 3 1 2 4 4 4 3 3 1 1 3 1 3 1 4 2 4 3 1 4 3 3 3 2 2 4 4 1 1 2 2 4 4 2 3 4 2 3 1 3 1 2 3 3 3 1 1 1 4 1 3 1 2 1 2 3 4 1 1 3 3 1 3 3 2 1 2 2 1 3 4 3 1 3 2 1 1 2 2 4 1 3 2 4 4 1 3 1 1 3 3 4 3 3 4 3 1 4 4 2 2 3 4 3 3 1 4 4 2 1 1 1 2 1 1 2 3 1 2 3 2 4 3 3 1 3 3 2 4 1 2 3 3 2 3 3 4 1 2 1 4 2 4 3 1 2 3 1 1 1 4 3 1 3 2 3 1 4 3 1 2 1 3 3 4 2 3 4 1 3 4 1 4 2 1 1 2 3 1 4 3 3 1 1 1 4 1 4 3 4 3 1 4 4 3 4 1 3 2 4 3 1 1 3 1 1 1 4 4 1 4 4 1 3 3 3 1 4 4
21 0.055556 3 1 3 3 4 3 2 2 2 1 3 2 1 1 3 1 1 2 1 4 1 2 2 3 2 1 3 2 3 1 2 1 4 1 3 4 4 3 2 4 4 3 4 4 2 4 3 3 1 2 4 4 4 3 3 1 1 3 1 3 1 4 2 4 3 1 4 3 3 3 2 2 4 4 1 1 2 2 4 4 2 3 4 2 3 1 3 1 2 3 3 3 1 1 3 4 1 3 1 2 1 2 3 4 1 1 3 3 1 3 3 2 1 2 2 1 3 4 1 1 3 2 1 1 2 2 4 1 3 2 4 4 1 3 1 1 3 3 4 3 3 4 3 1 4 4 2 2 3 4 3 3 1 4 4 2 1 1 1 2 1 1 2 3 1 2 3 2 4 3 3 1 3 3 2 4 1 2 3 3 2 3 3 4 1 2 1 4 2 4 3 1 2 3 1 1 1 4 3 1 3 2 3 1 4 3 1 2 1 3 3 4 2 3 4 1 3 4 1 4 2 1 1 2 3 1 4 3 3 1 1 1 4 1 4 3 4 3 1 4 4 3 4 1 3 2 4 3 1 1 3 1 1 1 4 4 1 4 4 1 3 3 3 1 4 4
21 0.055556 3 1 3 3 4 3 2 2 2 1 3 2 1 1 3 1 1 2 1 4 1 2 2 3 2 1 3 2 3 3 1 1 4 1 3 4 4 3 2 4 4 3 4 4 2 4 3 3 1 2 4 4 4 3 3 1 1 3 1 3 1 4 2 4 3 1 4 3 3 3 2 2 4 4 1 1 2 2 4 4 2 3 4 2 3 1 3 1 2 3 3 3 1 1 1 4 1 3 1 2 1 2 3 4 1 1 3 3 3 3 3 2 1 2 2 1 3 4 3 1 3 2 1 1 2 2 4 1 3 2 4 4 1 3 1 1 3 3 4 3 3 4 3 1 4 4 2 2 3 4 3 3 1 4 4 2 1 1 1 2 1 1 2 3 1 2 3 2 4 3 3 1 3 3 2 4 1 2 3 3 2 3 3 4 1 2 1 4 2 4 3 1 2 3 1 1 1 4 3 1 3 2 3 1 4 3 1 2 1 3 3 4 2 3 4 1 3 4 1 4 2 1 1 2 3 1 4 3 3 1 1 1 4 1 4 3 4 3 1 4 4 3 4 1 3 2 4 3 1 1 3 1 1 1 4 4 1 4 4 1 3 3 3 1 4 4
21 0.055556 3 1 3 3 4 3 2 2 2 1 3 2 1 1 3 1 1 2 1 4 1 2 2 3 2 1 3 2 3 3 1 1 4 1 3 4 4 3 2 4 4 3 4 4 2 4 3 3 1 2 4 4 4 3 3 1 1 3 1 3 1 4 2 4 3 1 4 3 3 3 2 2 4 4 1 1 2 2 4 4 2 3 4 2 3 1 3 1 2 3 3 3 1 1 1 4 1 3 1 2 1 2 3 4 1 1 3 3 1 3 3 2 1 2 2 1 3 4 3 1 3 2 1 1 2 2 4 1 3 2 4 4 1 3 1 1 3 3 4 3 3 4 3 1 4 4 2 2 3 4 3 3 1 4 4 2 1 1 1 2 1 1 2 3 1 2 3 2 4 3 3 1 3 3 2 4 1 2 3 3 2 3 3 4 1 2 1 4 2 4 3 1 2 3 1 1 1 4 3 1 3 2 3 1 4 3 1 2 1 3 3 4 2 3 4 1 3 4 1 4 2 1 1 2 3 1 4 3 3 1 1 1 4 1 4 3 4 3 1 4 4 3 4 3 3 2 4 3 1 1 3 1 1 1 4 4 1 4 4 1 3 3 3 1 4 4
21 0.055556 3 1 3 3 4 3 2 2 2 1 3 2 1 1 3 1 1 2 1 4 1 2 2 3 2 1 3 2 3 3 1 1 4 1 3 4 4 3 2 4 4 3 4 4 2 4 3 3 1 2 4 4 4 3 3 1 1 3 1 3 1 4 2 4 3 1 4 3 3 3 2 2 4 4 1 1 2 2 4 4 2 3 4 2 3 1 3 1 2 1 3 3 1 1 1 4 1 3 1 4 1 2 3 4 1 1 3 3 1 3 3 2 1 2 2 1 3 4 3 1 3 2 1 1 2 2 4 1 3 2 4 4 1 3 1 1 3 3 4 3 3 4 3 1 4 4 2 2 3 4 3 3 1 4 4 2 1 1 1 2 1 1 2 3 1 2 3 2 4 3 3 1 3 3 2 4 1 2 3 3 2 3 3 4 1 2 1 4 2 4 3 2 2 3 1 1 1 4 1 1 3 2 3 1 4 3 1 2 1 3 3 4 2 3 4 1 3 4 1 4 2 1 1 2 3 1 4 3 3 1 1 1 4 1 4 3 4 3 1 4 4 3 4 1 3 2 4 3 1 1 3 1 1 1 4 4 1 4 4 1 3 3 3 1 4 4
21 0.055556 3 1 3 3 4 3 2 2 2 1 3 2 1 1 3 1 1 2 1 4 1 2 2 3 2 1 3 2 3 3 2 1 4 1 3 4 4 3 2 4 4 3 4 4 2 4 3 3 3 2 4 4 4 3 3 1 1 3 1 3 1 4 2 4 3 1 4 3 3 3 2 2 4 4 1 1 2 2 4 4 2 3 4 2 3 1 3 1 2 3 3 3 1 1 1 4 1 3 1 2 1 2 3 4 1 1 3 3 1 3 3 2 1 2 4 1 3 4 3 1 3 2 1 1 2 2 4 1 3 2 4 4 1 3 1 1 1 3 4 3 3 4 3 1 4 4 2 2 3 4 3 3 1 4 4 2 1 1 1 2 1 1 2 3 1 2 3 2 4 3 3 1 3 3 2 4 1 2 3 3 2 3 3 4 1 2 1 4 2 4 3 1 2 3 3 1 1 4 3 1 3 2 3 1 4 3 1 2 1 3 3 4 2 3 4 1 3 4 1 4 2 1 1 2 3 1 4 3 3 1 1 1 4 1 4 3 4 3 1 4 4 3 4 1 3 2 4 3 1 1 3 1 1 1 4 4 1 4 4 1 3 3 3 1 4 4
21 0.055556 3 1 3 3 4 3 2 2 2 1 3 2 1 1 3 1 1 2 1 4 1 2 2 3 2 1 3 2 3 3 1 1 4 1 3 4 4 3 2 4 4 3 4 4 2 4 3 3 1 2 4 4 4 3 3 1 1 3 1 3 1 2 2 4 3 1 4 3 3 3 2 2 4 4 1 1 2 2 4 4 2 3 4 2 3 1 3 1 2 3 3 3 1 1 1 4 1 3 1 2 1 2 3 4 1 1 3 3 1 3 3 2 1 2 2 1 3 4 3 1 3 2 1 1 2 2 4 1 3 2 4 4 1 3 1 1 3 3 4 3 3 4 3 1 4 4 2 2 3 4 3 3 1 4 4 2 1 1 1 2 1 1 2 3 1 2 3 2 4 3 3 1 3 3 2 4 1 2 3 3 2 3 3 4 1 2 1 4 2 4 3 1 2 3 1 1 1 4 3 1 3 2 3 1 4 3 1 2 1 3 3 4 2 3 4 1 3 4 1 4 2 1 1 2 3 1 4 3 3 1 1 1 4 1 4 3 4 3 1 4 4 3 4 1 3 2 4 3 1 1 3 1 1 1 4 4 1 4 4 1 3 3 3 1 4 4
21 0.055556 3 1 3 3 4 3 2 2 2 1 3 2 1 1 3 1 1 2 1 4 1 2 2 3 2 1 3 2 3 3 1 1 4 1 3 4 4 3 2 4 4 3 4 4 2 4 3 3 1 2 4 4 4 3 3 1 1 3 1 3 1 4 2 4 3 1 4 3 3 3 2 2 4 4 1 1 2 2 4 4 2 3 4 2 3 1 3 1 2 3 3 3 1 1 1 4 1 3 1 2 1 2 3 4 1 1 3 3 1 3 3 2 1 2 2 1 3 4 3 1 3 2 1 1 2 2 4 1 3 2 4 4 1 3 1 1 3 3 4 3 3 4 3 1 4 4 2 2 3 4 3 3 1 4 4 2 1 1 1 2 1 1 2 3 1 2 3 2 4 3 3 1 3 3 2 4 1 4 3 3 2 3 3 4 1 2 1 4 2 4 3 1 2 3 1 1 1 4 3 1 3 2 3 1 4 3 1 2 1 3 3 4 2 3 4 1 3 4 1 4 2 1 1 2 3 1 4 3 3 1 1 1 4 1 4 3 4 3 1 4 4 3 4 1 3 2 4 3 1 1 3 1 1 1 4 4 1 4 4 1 3 3 3 1 4 4
21 0.222222 3 1 3 3 4 3 2 2 2 1 3 2 1 1 3 1 1 2 1 4 1 2 2 3 2 1 3 2 3 3 1 1 4 1 3 4 4 3 2 4 4 3 4 4 2 4 3 3 1 2 4 4 4 3 3 1 1 3 1 3 1 4 2 4 3 1 4 3 3 3 2 2 4 4 1 1 2 2 4 4 2 3 4 2 3 1 3 1 2 3 3 3 1 1 1 4 1 3 1 2 1 2 3 4 1 1 3 3 1 3 3 2 1 2 2 1 3 4 3 1 3 2 1 1 2 2 4 1 3 2 4 4 1 3 1 1 3 3 4 3 3 4 3 1 4 4 2 2 3 4 3 3 1 4 4 2 1 1 1 2 1 1 2 3 1 2 3 2 4 3 3 1 3 3 2 4 1 2 3 3 2 3 3 4 1 2 1 4 2 4 3 1 2 3 1 1 1 4 3 1 3 2 3 1 4 3 1 2 1 3 3 4 2 3 4 1 3 4 1 4 2 1 1 2 3 1 4 3 3 1 1 1 4 1 4 3 4 3 1 4 4 3 4 1 3 2 4 3 1 1 3 1 1 1 4 4 1 4 4 1 3 3 3 1 4 4
21 0.055556 3 4 3 3 4 3 2 2 2 1 3 2 1 1 3 1 1 2 1 4 1 2 2 3 2 1 3 2 3 1 2 1 4 1 3 4 4 3 2 4 4 3 4 4 2 4 3 3 1 2 4 4 4 3 3 1 1 3 1 3 1 4 2 4 3 1 4 3 3 3 2 2 4 4 1 1 2 2 4 4 2 3 4 2 3 1 3 1 2 3 3 3 1 1 1 4 1 3 1 2 1 2 3 4 1 1 3 3 1 3 3 2 1 2 2 1 3 4 3 1 3 2 1 1 2 2 4 1 3 2 4 4 1 3 1 1 3 3 4 3 3 4 3 1 4 4 2 2 3 4 3 3 1 4 4 2 1 1 1 2 1 1 2 3 1 2 3 2 4 3 3 1 3 3 2 4 1 2 3 3 2 3 3 4 1 2 1 4 2 4 3 1 2 3 1 1 1 4 3 1 3 2 3 1 4 3 1 2 1 3 3 4 2 3 4 1 3 4 1 4 2 1 1 2 3 1 4 3 3 1 1 1 4 1 4 3 4 3 1 4 4 3 4 1 3 2 4 3 1 1 3 1 1 1 4 4 1 4 4 1 3 3 3 1 4 4
21 0.055556 3 1 3 3 4 3 2 2 2 1 3 2 1 1 3 1 1 2 1 4 1 2 2 3 2 1 3 2 3 1 2 1 4 1 3 4 4 3 2 4 4 3 4 4 2 4 3 3 1 2 4 4 4 3 3 1 1 3 1 3 1 4 2 4 3 1 4 3 3 3 2 2 4 4 1 1 2 2 4 4 2 3 4 2 3 1 3 1 2 3 3 3 1 1 1 4 1 3 1 2 1 2 3 4 1 1 3 3 1 3 3 2 1 2 2 1 3 4 3 1 3 2 1 1 2 2 4 1 3 2 4 4 1 3 1 1 3 3 4 3 3 4 3 1 4 4 2 2 3 4 3 3 1 4 4 2 1 1 1 2 1 1 2 3 1 2 3 2 4 1 3 1 3 3 2 4 1 2 3 3 2 3 3 4 1 2 1 4 2 4 3 1 2 3 1 1 1 4 3 1 3 2 3 1 4 3 1 4 1 3 3 4 2 3 4 1 3 4 1 4 2 1 1 2 3 1 4 3 3 1 1 1 4 1 4 3 4 3 1 4 4 3 4 1 3 2 4 3 1 1 3 1 1 1 4 4 1 4 4 1 3 3 3 1 4 4
21 0.111111 3 1 3 3 4 3 2 2 2 1 3 2 1 1 3 1 1 2 1 4 1 2 2 3 2 1 3 2 3 3 2 1 4 1 3 4 4 3 2 4 4 3 4 4 2 4 3 3 1 2 4 4 4 3 3 1 1 3 1 3 1 4 2 4 3 1 4 3 3 3 2 2 4 4 1 1 2 2 4 4 2 3 4 2 3 1 3 1 2 3 3 3 1 1 1 4 1 3 1 2 1 2 3 4 1 1 3 3 1 3 3 2 1 2 2 1 3 4 3 1 3 2 1 1 2 2 4 1 3 2 4 4 1 3 1 1 3 3 4 3 3 4 3 1 4 4 2 2 3 4 3 3 1 4 4 2 1 1 1 2 1 1 2 3 1 2 3 2 4 3 3 1 3 3 2 4 1 2 3 3 2 3 3 4 1 2 1 4 2 4 3 1 2 3 1 1 1 4 3 1 3 2 3 1 4 3 1 2 1 3 3 4 2 3 4 1 3 4 1 4 2 1 1 2 3 1 4 3 3 1 1 1 4 1 4 3 4 3 1 4 4 3 4 1 3 2 4 3 1 1 3 1 1 1 4 4 1 4 4 1 3 3 3 1 4 4
21 0.055556 3 1 3 3 4 3 2 2 2 1 3 2 1 1 3 1 1 2 1 4 1 2 2 3 2 1 3 2 3 3 1 1 4 1 3 4 4 3 2 4 4 3 4 4 2 4 3 3 1 2 4 4 4 3 3 1 1 3 1 3 1 4 2 4 3 1 4 3 3 3 2 2 4 4 1 1 2 2 4 4 2 3 4 2 3 1 3 1 2 3 3 3 1 1 1 4 1 3 1 4 1 2 3 4 1 1 3 3 1 3 0 2 1 2 2 1 3 4 3 1 3 2 1 1 2 2 4 1 3 2 4 4 1 3 1 1 3 3 4 3 3 4 3 1 4 4 2 2 3 4 3 3 1 4 4 2 1 1 1 2 1 1 2 3 1 2 3 2 4 3 3 1 3 3 2 4 1 2 3 3 2 3 3 4 1 2 1 4 2 4 3 2 2 3 1 1 1 4 3 1 3 2 3 1 4 3 1 2 1 3 3 4 2 3 4 1 3 4 1 4 2 1 1 2 3 1 4 3 3 1 1 1 4 1 4 3 4 3 1 4 4 3 4 1 3 2 4 3 1 1 3 1 1 1 4 4 1 4 4 1 3 3 3 1 4 4
60 0.142857 3 1 3 3 4 3 2 2 2 1 3 2 1 1 3 1 1 2 1 4 1 2 2 3 2 1 3 2 3 3 1 1 4 1 3 4 4 3 2 4 4 3 4 4 2 4 3 3 1 2 4 4 4 3 3 1 1 3 1 3 1 4 2 4 3 1 4 3 3 3 2 2 4 4 1 1 2 2 4 4 2 3 4 2 3 1 3 1 2 3 3 3 1 1 1 4 1 3 1 2 1 2 3 4 1 1 3 3 1 3 3 2 1 2 2 1 3 4 3 1 3 2 1 1 2 2 4 1 3 2 4 4 1 3 1 1 3 3 4 3 3 4 3 1 4 4 2 2 3 4 3 3 1 4 4 2 1 1 1 2 1 1 2 3 1 2 3 2 4 3 3 1 3 3 2 4 1 2 3 3 2 3 3 4 1 2 1 4 2 4 3 1 2 3 1 1 1 4 3 1 3 2 3 1 4 3 1 2 1 3 3 4 2 3 4 1 3 4 1 4 2 1 1 2 3 1 4 3 3 1 1 1 4 1 4 3 4 3 1 4 4 3 4 1 3 2 4 3 1 1 3 1 1 1 4 4 1 4 4 0 0 0 0 0 0 0
60 0.142857 3 1 3 3 4 3 2 2 2 1 3 2 1 1 3 1 1 2 1 4 1 2 2 3 2 1 3 2 3 3 1 1 4 1 3 4 4 3 2 4 4 3 4 4 2 4 3 3 1 2 4 4 4 3 3 1 1 3 1 3 1 4 2 4 3 1 4 3 3 3 2 2 4 4 1 3 2 2 4 4 2 3 4 2 3 1 3 1 2 3 3 3 1 1 1 4 1 3 1 2 1 2 3 4 1 1 3 3 1 3 3 2 1 2 2 1 3 4 3 1 3 2 1 1 2 2 4 1 3 2 4 4 1 3 1 1 3 3 4 3 3 4 3 1 4 4 2 2 3 4 3 3 1 4 4 2 1 1 1 2 1 1 2 3 1 2 3 2 4 3 3 1 3 3 2 4 1 2 3 3 2 3 3 4 1 2 1 4 2 4 3 1 2 3 1 1 1 4 3 1 3 2 3 1 4 3 1 2 1 3 3 4 2 3 4 1 3 4 1 4 2 1 1 2 3 1 4 3 3 1 1 1 4 1 4 3 4 3 1 4 4 3 4 1 3 2 4 3 1 1 3 1 1 1 4 4 1 0 0 0 0 0 0 0 0 0
60 0.142857 3 1 3 3 4 3 2 2 2 1 3 2 1 1 3 1 1 2 1 4 1 2 2 3 2 1 3 2 3 1 2 1 4 1 3 4 4 3 2 4 4 3 4 4 2 4 3 3 1 2 4 4 4 3 3 1 1 3 1 3 1 4 2 4 3 1 4 3 3 3 2 2 4 4 1 1 2 2 4 4 2 3 4 2 3 1 3 1 2 3 3 3 1 1 1 4 1 3 1 2 1 2 3 4 1 1 3 3 1 3 3 2 1 2 2 1 3 4 3 1 3 2 1 1 2 2 4 1 3 2 4 4 1 3 1 1 3 3 4 3 3 4 3 1 4 4 2 2 3 4 3 3 1 4 4 2 1 1 1 2 1 1 2 3 1 2 3 2 4 3 3 1 3 3 2 4 1 2 3 3 2 3 3 4 1 2 1 4 2 4 3 1 2 3 1 1 1 4 3 1 3 2 3 1 4 3 1 2 1 3 3 4 2 3 4 1 3 4 1 4 2 1 1 2 3 1 4 3 3 1 1 1 4 1 4 3 4 3 1 4 4 3 4 1 3 2 4 3 1 1 3 1 1 1 4 0 0 0 0 0 0 0 0 0 0 0
60 0.142857 3 1 3 3 4 3 4 2 2 1 3 2 1 1 3 1 1 2 1 4 1 2 2 3 2 1 3 2 3 3 1 1 4 1 3 4 4 3 2 4 4 3 4 4 2 4 3 3 1 2 4 4 4 3 3 1 1 3 1 3 1 4 2 4 3 1 4 3 3 3 2 2 4 4 1 1 2 2 4 4 2 3 4 2 3 1 3 1 2 3 3 3 1 1 1 4 1 3 1 2 1 2 3 4 1 1 3 3 1 3 3 2 1 2 2 1 3 4 3 1 3 2 1 1 2 2 4 1 3 2 4 4 1 3 1 1 3 3 4 3 3 4 3 1 4 4 2 2 3 4 3 3 1 4 4 2 1 1 1 2 1 1 2 3 1 2 3 2 4 3 3 1 3 3 2 4 1 2 3 3 2 3 3 4 1 2 1 4 2 4 3 1 2 3 1 1 1 4 3 1 3 2 3 1 4 3 1 2 1 3 3 4 2 3 4 1 3 4 1 4 2 1 1 2 3 1 4 3 3 1 1 1 4 1 4 3 4 3 1 4 4 3 4 1 3 2 4 3 1 1 3 1 1 1 4 4 1 4 0 0 0 0 0 0 0 0
60 0.142857 3 1 3 3 4 3 2 2 2 1 3 2 1 1 3 1 1 2 1 4 1 2 2 3 2 1 3 2 3 1 2 1 4 1 3 4 4 3 2 4 4 3 4 4 2 4 3 3 1 2 4 4 4 3 3 1 1 3 1 3 1 4 2 4 3 1 4 3 3 3 2 2 4 4 1 1 2 2 4 4 2 3 4 2 3 1 3 1 2 3 3 3 1 1 1 4 1 3 1 2 1 2 3 4 1 1 3 3 1 3 3 2 1 2 2 1 3 4 3 1 3 2 1 1 2 2 4 1 3 2 4 4 1 3 1 1 3 3 4 3 3 4 3 1 4 4 2 2 3 4 3 3 1 4 4 2 1 1 1 2 1 1 2 3 1 2 3 2 4 3 3 1 3 3 2 4 1 2 3 3 2 3 3 4 1 2 1 4 2 4 3 1 2 3 1 1 1 4 3 1 3 2 3 1 4 3 1 2 1 3 3 4 2 3 4 1 3 4 1 4 2 1 1 2 3 1 4 3 3 1 1 1 4 1 4 3 4 3 1 4 4 3 4 1 3 2 4 3 1 1 3 1 1 1 4 4 1 4 4 0 0 0 0 0 0 0
60 0.142857 3 1 3 3 4 3 2 2 2 1 3 2 1 1 3 1 1 2 1 4 1 2 2 3 2 1 3 2 3 3 1 1 4 1 3 4 4 3 2 4 4 3 4 4 2 4 3 3 1 2 4 4 4 3 3 1 1 3 1 3 1 4 2 4 3 1 4 3 3 3 2 2 4 4 1 1 2 2 4 4 2 3 4 2 3 1 3 1 2 3 3 3 1 1 1 4 1 3 1 2 1 2 3 4 1 1 3 3 1 3 3 2 1 2 2 1 3 4 3 1 3 2 1 1 2 2 4 1 3 2 4 4 1 3 1 1 3 3 4 3 3 4 3 1 4 4 2 2 3 4 3 3 1 4 4 2 1 1 1 2 1 1 2 3 1 2 3 2 4 3 3 1 3 3 2 4 1 2 3 3 2 3 3 4 1 2 1 4 2 4 3 1 2 3 1 1 1 4 3 1 3 2 3 1 4 3 1 2 1 3 3 4 2 3 4 1 3 4 1 4 2 1 1 2 3 1 4 3 3 1 1 1 4 1 4 3 4 3 1 4 4 3 4 1 3 2 4 3 1 1 3 3 1 1 4 4 1 4 4 0 0 0 0 0 0 0
60 0.142857 3 1 3 3 4 3 2 2 2 1 3 2 1 1 3 1 1 2 1 4 1 2 2 3 2 1 3 2 3 3 1 1 4 1 3 4 4 3 2 4 4 3 4 4 2 4 3 3 1 2 4 4 4 3 3 1 1 3 1 3 1 4 2 4 3 1 4 3 3 3 2 2 4 4 1 1 2 2 4 4 2 3 4 2 3 1 3 1 2 1 3 3 1 1 1 4 1 3 1 2 1 2 3 4 1 1 3 3 1 3 3 2 1 4 2 1 3 4 3 1 3 2 1 1 2 2 4 1 3 2 4 4 1 3 1 1 3 3 4 3 3 4 3 1 4 4 2 2 3 4 3 3 1 4 4 2 1 1 1 2 1 1 2 3 1 2 3 2 4 3 3 1 3 3 2 4 1 4 3 3 2 3 3 4 1 2 1 4 2 4 3 1 2 3 1 1 1 4 3 1 3 2 3 1 4 3 1 2 1 3 3 4 2 3 4 1 3 4 1 4 2 1 1 2 3 1 4 3 3 1 1 1 4 1 4 3 4 3 1 4 4 3 4 1 3 2 4 3 1 1 3 1 0 0 0 0 0 0 0 0 0 0 0 0 0 0
172 0.083333 3 1 3 3 4 3 2 2 2 1 3 2 1 1 3 1 1 2 1 4 1 2 2 3 2 1 3 2 3 3 1 1 4 1 3 4 4 3 2 4 4 3 4 4 2 4 3 3 1 2 4 4 4 3 3 1 1 3 1 3 1 4 2 4 3 1 4 3 3 3 2 2 4 4 1 1 2 2 4 4 2 3 4 2 3 1 3 1 2 3 3 3 1 1 1 4 1 3 1 2 1 2 3 4 1 1 3 3 1 3 3 2 1 2 2 1 3 4 3 1 3 2 1 1 2 2 4 1 3 2 4 4 1 3 1 1 3 3 4 3 3 4 3 1 4 3 2 2 3 4 3 3 1 4 4 2 1 1 1 2 1 1 2 3 1 2 3 2 4 3 3 1 3 3 2 4 1 2 3 3 2 3 3 4 1 2 1 4 2 4 3 1 2 3 1 1 1 4 3 1 3 2 3 1 4 3 1 2 1 3 3 4 2 3 4 1 3 4 1 4 2 1 1 2 3 1 4 3 3 1 1 1 4 1 4 1 4 1 1 4 4 3 4 1 3 2 4 1 1 1 3 1 1 1 4 4 1 4 4 1 3 3 3 1 4 4
172 0.083333 3 1 3 3 4 3 2 2 2 1 3 2 1 1 3 1 1 2 1 4 1 2 2 3 2 1 3 2 3 3 1 1 4 1 3 4 4 3 2 4 4 3 4 4 2 4 3 3 1 2 4 4 4 3 3 1 1 3 1 1 1 4 2 4 3 1 4 3 3 3 2 2 4 4 1 1 2 2 4 4 2 3 4 2 3 1 3 1 2 3 3 3 1 1 1 4 1 3 1 2 1 4 3 4 1 1 3 3 1 3 3 2 1 2 2 1 3 4 3 1 3 2 1 1 2 2 4 1 3 2 4 4 1 3 1 1 3 3 4 3 3 4 3 1 4 4 2 2 3 4 3 3 1 4 4 2 1 1 1 2 1 1 2 3 1 2 3 2 4 3 3 1 3 3 2 4 1 4 3 3 2 3 3 4 1 2 1 4 2 4 3 1 2 3 1 1 1 4 3 1 3 2 3 1 4 3 1 2 1 3 3 4 2 3 4 1 3 1 1 4 2 1 1 2 3 1 4 3 3 1 1 1 4 1 4 3 4 3 1 4 4 3 4 1 3 2 4 3 1 1 3 1 1 1 4 4 1 4 4 1 3 3 3 1 4 4
172 0.083333 3 1 3 3 4 3 2 2 2 1 3 1 1 1 3 1 1 2 1 4 1 2 2 3 2 1 3 2 3 3 1 1 4 1 3 4 4 3 2 4 4 3 4 4 2 4 3 3 1 2 4 4 4 3 3 1 1 3 1 3 1 4 2 4 3 1 4 3 3 3 2 2 4 4 1 1 2 2 4 4 2 3 4 2 3 1 3 1 2 3 3 3 1 1 1 4 1 3 1 2 1 2 3 4 1 1 3 3 1 3 3 2 1 2 2 1 3 4 3 1 3 2 1 1 2 2 4 1 3 2 4 4 1 3 1 1 3 3 4 3 3 4 3 1 4 4 2 2 3 4 3 3 1 4 4 2 1 1 1 2 1 1 2 3 1 2 3 2 4 3 3 1 3 3 2 4 1 2 3 3 2 3 3 4 1 2 1 4 2 4 3 1 2 3 1 1 1 4 3 1 3 2 3 1 4 3 1 2 1 3 3 4 2 3 4 1 3 4 1 4 2 1 1 2 3 1 4 3 3 1 1 1 4 1 4 3 4 3 1 4 4 3 4 1 3 2 4 3 1 1 3 1 1 1 4 4 1 4 4 1 3 3 3 1 4 4
172 0.083333 3 1 3 3 4 3 2 2 2 1 3 2 1 1 3 1 1 2 1 4 1 2 2 3 2 1 3 2 3 3 1 1 4 1 3 4 4 3 2 4 4 3 4 4 2 4 3 3 1 2 4 4 4 3 3 1 1 3 1 3 1 4 2 4 3 1 4 3 3 3 2 2 4 4 1 1 2 2 4 4 2 3 4 2 3 1 3 1 2 3 3 3 1 1 1 4 1 3 1 2 1 2 3 4 1 1 3 3 1 3 3 2 1 2 2 1 3 4 3 1 3 2 1 1 2 2 4 1 3 2 4 4 1 3 1 1 3 3 4 3 3 4 3 1 4 4 2 2 3 4 3 3 1 4 4 2 1 1 1 2 1 1 2 3 1 2 3 2 4 3 3 1 3 3 2 4 1 2 3 3 2 3 3 4 1 2 1 4 2 4 3 1 2 3 1 1 1 4 3 1 3 2 3 1 4 3 1 2 1 3 3 4 2 3 4 1 3 4 1 4 2 1 1 2 3 1 4 3 3 1 1 1 4 1 4 3 4 3 1 4 4 3 4 1 3 2 4 3 1 1 3 1 1 1 4 4 1 4 4 1 3 3 3 1 4 4
172 0.083333 3 1 3 3 4 3 2 2 2 1 3 2 1 1 3 1 1 2 1 4 1 2 2 3 2 1 3 2 3 3 1 1 4 1 3 4 4 3 2 4 4 3 4 4 2 4 3 3 1 2 4 4 4 3 3 1 1 3 1 3 1 4 2 4 3 1 2 3 3 3 2 2 4 4 1 1 2 2 4 4 2 3 4 2 3 1 3 3 2 3 3 3 1 1 1 2 1 3 1 2 1 2 3 4 1 1 3 3 1 3 3 2 1 2 2 1 3 4 3 1 3 2 1 1 2 2 4 1 3 2 4 4 1 3 1 1 3 3 4 3 3 4 3 1 4 4 2 2 3 4 3 3 1 4 4 2 1 1 1 2 1 1 2 3 1 2 3 2 4 3 3 1 3 3 2 4 1 2 3 3 2 3 3 4 1 2 1 4 2 4 3 1 2 3 1 1 1 4 3 1 3 2 3 1 4 3 1 2 1 3 3 4 2 3 4 1 3 4 1 4 2 1 1 2 3 1 4 3 3 1 1 1 4 1 4 3 4 3 1 4 4 3 4 1 3 2 4 3 1 1 3 1 1 1 4 4 1 4 4 1 3 3 3 1 4 4
172 0.083333 4 1 3 3 4 3 2 2 2 1 3 2 1 1 3 1 1 2 1 4 1 2 2 3 2 1 3 2 3 1 2 1 4 1 3 4 4 3 2 4 4 3 4 4 2 4 3 3 1 2 4 4 4 3 3 1 1 3 1 3 1 4 2 4 3 1 4 3 3 1 2 2 4 4 1 1 2 2 4 4 2 3 4 2 3 1 3 1 2 3 3 3 1 1 1 4 1 3 1 2 1 2 3 4 1 1 3 3 1 3 3 2 1 2 2 1 3 4 3 1 3 2 1 1 2 2 4 1 3 2 4 4 1 3 1 1 3 3 4 3 3 4 3 1 4 4 2 2 3 4 3 3 1 4 4 2 1 1 1 2 1 1 2 3 1 2 3 2 4 3 3 1 3 3 2 4 1 2 3 3 2 3 3 4 1 2 1 4 2 2 3 1 2 3 1 1 1 4 3 1 3 2 3 1 4 3 1 2 1 3 3 4 2 3 4 1 3 4 1 4 2 1 1 2 3 1 4 3 3 1 1 1 4 1 4 3 4 3 1 4 4 3 4 1 3 2 4 3 1 1 3 1 1 1 4 4 1 4 4 1 3 3 3 1 4 4
172 0.083333 3 1 3 3 4 3 2 2 2 1 3 2 1 1 3 1 1 2 1 4 1 2 2 3 2 1 3 2 3 3 1 1 4 1 3 4 4 3 2 4 4 3 4 4 2 4 3 3 1 2 4 4 4 3 3 1 1 3 1 3 1 4 2 4 3 1 4 3 3 3 2 2 4 4 1 1 2 2 4 4 2 3 4 2 3 1 3 1 2 3 3 3 1 1 1 4 1 3 1 2 1 2 3 4 1 1 3 3 1 3 3 2 1 2 2 3 3 4 3 1 3 2 2 1 2 2 4 1 3 2 4 4 1 3 1 1 3 3 4 3 3 4 3 1 4 4 2 2 3 4 3 3 1 4 4 2 1 1 1 2 1 1 2 3 1 2 3 2 4 3 3 1 3 3 2 4 1 2 3 1 2 3 3 4 1 2 1 4 2 4 1 1 2 1 1 1 1 4 3 1 3 2 3 1 4 3 1 2 1 3 3 4 2 3 4 1 3 4 1 4 2 1 1 2 3 1 4 3 3 1 1 1 4 1 4 3 4 3 1 4 4 3 4 1 3 2 4 3 1 1 3 1 1 1 4 4 1 4 4 1 3 3 3 1 4 4
172 0.083333 3 1 3 3 4 3 2 2 2 1 3 2 1 1 3 1 1 2 1 4 1 2 2 3 1 1 3 2 3 3 1 1 4 1 3 4 4 3 2 4 4 3 4 4 2 4 3 3 1 2 4 4 4 3 3 1 1 3 1 3 1 4 2 4 3 1 4 3 3 3 2 2 4 4 1 1 2 2 4 4 2 3 4 2 3 1 3 1 2 3 3 3 1 1 1 4 1 3 1 2 1 2 3 4 1 1 3 3 1 3 3 2 1 2 2 1 3 4 3 1 3 2 1 1 4 2 4 1 3 2 4 4 1 3 1 1 3 3 4 3 3 4 3 1 4 4 2 2 3 4 3 3 1 4 4 2 1 1 1 2 1 1 2 3 1 2 3 2 4 3 3 1 3 3 2 4 1 2 3 3 2 3 3 4 1 2 1 4 2 4 3 1 2 3 1 1 1 4 3 1 3 2 3 1 4 3 1 2 1 3 3 4 2 1 4 1 3 4 1 4 2 1 1 2 3 1 4 3 3 1 1 1 4 1 4 3 4 3 1 4 4 3 4 1 3 2 4 3 1 1 3 1 1 1 4 4 1 4 4 1 3 3 3 1 4 4
172 0.083333 3 1 3 3 4 1 2 2 2 1 3 2 1 1 3 1 1 2 1 4 1 2 2 3 2 1 3 2 3 3 1 2 4 1 3 4 2 3 2 4 4 3 4 4 2 4 3 3 1 2 4 4 4 3 3 1 1 3 1 3 1 4 2 4 3 1 4 3 3 3 2 2 4 4 1 1 2 2 4 4 2 3 4 2 3 1 3 1 2 3 3 3 1 1 1 4 1 3 1 2 1 2 3 4 1 1 3 3 1 3 3 2 1 2 2 1 3 4 3 1 3 2 1 1 2 2 4 1 3 2 4 4 1 3 1 1 3 3 4 3 3 4 3 1 4 4 2 2 3 4 3 3 1 4 4 2 1 1 1 4 1 1 2 3 1 2 3 2 4 3 3 1 3 3 2 4 1 2 3 3 2 3 3 4 1 2 1 4 2 4 3 1 2 3 1 1 1 4 3 1 3 2 3 1 4 3 1 2 1 3 3 4 1 3 4 1 3 4 1 4 2 1 1 4 3 1 4 3 3 1 1 1 4 1 4 3 4 3 1 4 4 3 4 1 3 2 4 3 1 1 3 1 1 1 4 4 1 4 4 1 3 3 3 1 4 4
172 0.166667 3 1 3 3 4 3 2 2 2 1 3 2 1 1 3 1 1 2 1 4 1 2 2 3 2 1 3 2 3 1 2 1 4 1 3 4 4 3 2 4 4 3 4 4 2 4 3 3 1 2 4 4 4 3 3 1 1 3 1 3 1 4 2 4 3 1 4 3 3 3 2 2 4 4 1 1 2 4 4 4 2 3 4 2 3 1 3 1 2 3 3 3 1 1 1 4 1 3 1 4 1 2 3 4 1 1 3 3 1 3 3 2 1 2 2 1 3 4 3 1 3 2 1 1 2 2 4 1 3 2 4 4 1 3 1 1 3 3 4 3 3 4 3 1 4 4 2 2 3 4 3 3 1 4 2 2 1 1 1 2 1 1 2 3 1 2 3 2 4 3 3 1 3 3 2 4 1 2 3 3 2 3 3 4 1 2 1 4 2 4 3 1 2 3 1 1 1 4 3 1 3 2 3 1 4 3 1 2 1 3 3 4 2 3 4 1 3 4 1 4 2 1 1 2 3 1 4 3 3 1 1 1 4 1 4 3 4 3 1 4 4 3 4 1 3 2 4 3 1 1 3 1 1 1 4 4 1 4 4 1 3 3 3 1 4 4
172 0.083333 3 1 3 3 4 3 2 2 2 1 3 2 1 1 3 1 1 2 1 4 1 2 2 3 2 1 3 2 3 3 1 1 4 1 3 4 4 3 2 4 4 3 4 4 2 4 3 3 1 2 4 4 4 3 3 1 1 3 1 3 1 4 2 4 3 1 4 3 3 3 2 2 4 4 1 1 2 2 4 4 2 3 4 2 3 1 3 1 2 3 3 3 1 1 1 4 1 3 1 2 1 2 3 4 1 1 3 3 1 3 3 2 1 2 2 1 3 4 3 1 3 2 1 1 2 2 4 1 3 2 4 4 1 3 1 1 3 3 4 3 3 4 3 1 4 4 2 2 3 2 3 3 1 4 4 2 1 1 1 2 1 1 2 3 1 2 3 2 4 3 3 1 3 3 2 4 1 2 3 3 2 3 3 4 1 2 1 4 2 4 3 1 2 3 1 1 1 4 3 1 3 2 3 1 4 3 1 2 1 3 3 4 2 3 4 1 3 4 1 4 2 1 1 2 3 1 4 3 3 3 1 1 4 1 4 3 4 3 1 4 4 3 4 1 3 2 4 3 1 1 3 1 1 1 4 4 1 4 4 1 3 3 3 1 4 4
424 0.047619 3 1 3 3 4 3 2 2 2 1 3 2 1 1 3 1 1 2 1 4 1 2 2 3 2 1 3 2 3 3 1 1 4 1 3 4 4 3 2 4 4 3 4 4 2 4 3 3 1 2 4 4 4 3 3 1 1 3 1 3 1 4 2 4 3 1 4 3 3 3 2 2 4 4 1 1 2 2 4 4 2 3 3 2 3 1 3 1 2 3 3 1 1 1 1 4 1 3 1 2 1 2 3 4 1 1 3 3 1 3 3 2 1 2 2 1 3 4 3 1 3 2 1 1 2 2 4 1 3 2 4 4 1 3 1 1 3 3 4 3 3 4 3 1 4 4 2 2 3 4 3 3 1 3 4 4 1 1 1 2 1 1 2 3 1 2 3 2 4 3 3 1 3 3 2 4 1 4 3 3 2 3 3 2 1 2 1 4 2 4 3 1 2 3 1 1 1 4 3 1 3 2 3 1 4 3 1 2 1 3 1 4 2 3 2 1 3 4 1 4 2 1 1 2 3 1 4 3 3 1 1 1 4 1 4 3 4 3 1 4 4 3 4 1 3 2 4 3 1 1 3 1 1 1 4 4 1 4 4 1 3 3 3 1 4 4
424 0.047619 3 1 3 3 4 3 2 2 2 1 3 2 3 1 3 1 1 2 3 4 1 2 2 3 2 1 3 2 3 3 1 1 4 1 3 4 4 3 2 4 4 3 4 4 2 4 3 1 1 2 4 4 4 1 3 1 1 3 1 3 1 4 2 4 3 1 4 3 3 3 2 2 4 4 1 1 2 2 4 4 2 3 4 2 3 1 3 1 2 3 1 3 2 1 1 4 1 3 1 2 1 2 3 4 1 1 3 3 1 3 3 2 1 2 2 1 3 4 3 1 3 2 1 1 2 2 4 1 3 2 4 4 1 3 1 1 3 3 4 3 3 4 3 1 4 4 2 2 3 4 3 3 1 4 4 2 3 1 1 2 1 1 2 3 1 2 3 2 1 3 3 1 3 3 2 4 1 2 3 3 2 3 3 4 1 2 1 4 2 4 3 1 2 3 1 1 1 4 3 1 3 2 1 1 4 3 1 2 1 3 3 4 1 3 4 1 3 4 1 4 2 1 1 2 1 1 4 3 3 1 1 1 4 1 4 3 4 3 1 4 4 3 4 1 3 2 4 3 1 1 3 1 1 1 4 4 1 4 4 1 3 3 3 1 4 4
424 0.047619 3 1 3 3 4 3 2 2 2 1 3 2 1 1 3 1 1 2 1 4 1 2 2 3 2 1 3 2 3 3 1 1 4 1 3 4 4 3 2 4 4 3 4 4 2 4 3 3 1 2 4 4 4 3 3 1 1 3 1 3 1 4 2 4 3 1 4 3 3 3 2 2 4 4 1 1 2 2 4 4 2 3 4 2 3 1 3 1 2 3 3 3 1 1 1 4 1 3 1 2 1 2 3 4 1 1 3 3 1 3 3 2 1 2 2 1 3 4 3 1 3 2 1 1 2 2 4 1 3 2 4 4 1 3 1 1 3 3 2 3 3 4 3 1 4 4 2 2 3 4 3 3 2 4 4 2 1 1 1 2 1 1 2 3 1 2 3 2 4 3 3 1 3 1 2 4 1 4 3 3 2 3 3 4 1 2 3 4 2 4 3 1 2 3 1 1 1 4 3 1 3 2 3 1 4 3 1 2 1 3 3 4 1 3 4 1 3 4 1 4 2 1 1 2 3 1 4 3 3 1 1 1 4 1 4 3 4 3 1 4 4 3 4 1 3 2 4 3 1 1 3 1 1 1 4 4 1 4 4 1 3 3 3 1 4 4
424 0.047619 3 1 3 3 4 3 2 2 2 1 3 2 1 1 3 1 1 2 1 4 1 2 2 3 2 3 3 2 3 3 1 1 4 1 3 4 4 3 2 4 4 3 3 4 2 4 3 3 1 2 4 4 4 3 3 1 1 3 1 3 1 4 2 4 3 1 4 3 3 3 2 2 4 4 1 1 2 2 4 4 2 3 4 2 3 1 3 1 2 3 3 3 1 1 1 2 1 3 1 2 1 2 3 4 1 1 3 3 3 3 3 4 1 2 2 1 3 4 3 1 3 2 1 1 2 2 4 1 3 2 4 4 1 3 1 1 3 3 4 3 3 4 3 1 4 4 2 2 3 4 3 1 1 3 4 2 1 1 1 2 1 1 2 3 3 2 3 2 4 3 3 1 3 3 2 4 1 4 3 3 2 3 3 4 1 2 1 4 2 4 3 1 2 3 1 1 1 4 3 4 3 2 3 1 4 3 1 2 1 3 3 4 1 3 4 1 3 4 3 4 2 1 1 2 3 1 4 3 3 1 1 3 4 1 4 3 4 3 1 4 4 3 4 1 3 4 4 3 1 1 3 1 1 1 4 4 1 4 4 1 3 3 3 1 4 4
424 0.047619 3 1 3 3 4 3 2 2 2 1 3 2 1 1 3 1 1 2 3 4 1 2 2 3 2 1 3 2 3 3 1 1 4 1 3 4 4 3 2 4 4 3 3 4 2 4 3 3 1 2 4 4 4 3 3 1 1 3 1 3 1 4 2 4 3 1 4 3 3 3 2 2 4 4 1 1 2 2 4 4 4 3 4 2 3 1 3 1 2 3 3 3 1 1 1 4 1 3 1 2 1 2 1 4 1 1 1 3 1 3 3 2 1 2 2 1 3 4 3 1 3 2 1 1 2 2 4 1 3 2 4 4 1 3 1 1 3 3 4 3 3 4 3 1 4 4 2 2 3 4 3 3 1 4 4 2 3 1 1 2 1 1 2 3 1 2 3 2 4 3 3 1 3 3 2 4 1 2 3 3 2 3 3 4 1 2 1 4 2 4 3 1 2 3 1 1 1 4 3 1 3 2 3 1 4 3 1 2 1 3 3 4 2 3 4 1 3 4 1 4 2 1 1 2 3 1 4 3 3 1 1 1 4 1 4 3 4 3 1 4 4 3 4 1 3 2 4 3 1 1 3 1 1 1 4 4 1 4 4 1 3 3 3 1 4 4
424 0.047619 3 1 3 3 4 3 2 2 2 1 3 2 1 1 3 1 1 2 1 4 1 2 2 3 2 1 3 2 3 3 1 1 4 1 3 2 4 3 2 4 4 3 3 4 2 4 1 3 1 2 4 4 4 3 3 1 1 3 1 3 1 4 2 4 3 1 4 3 3 3 2 2 4 4 1 1 2 2 4 4 2 3 4 2 3 1 3 1 2 3 3 3 1 1 1 4 1 3 1 2 1 2 3 4 1 1 3 3 1 3 3 4 1 2 2 1 3 4 3 1 3 2 1 1 2 2 4 1 3 2 4 4 1 3 1 1 3 3 4 3 3 4 3 1 4 4 2 2 3 4 3 3 1 4 4 2 3 1 1 2 1 1 2 3 1 2 3 2 4 3 3 1 3 3 2 4 1 2 3 3 2 3 3 4 1 2 1 4 2 4 3 1 2 3 1 1 1 4 3 1 3 2 3 1 4 3 1 2 1 3 3 4 1 3 4 1 3 4 1 4 2 1 1 2 3 1 4 3 3 1 1 1 4 1 4 3 4 3 1 4 2 3 4 1 3 2 4 3 1 1 3 1 1 1 4 4 1 4 4 1 3 3 3 1 4 4
424 0.047619 3 1 3 3 4 3 2 2 2 1 3 2 1 1 3 1 1 2 3 4 1 2 2 3 2 1 3 2 3 3 1 1 4 1 3 4 4 3 2 4 4 3 4 4 2 4 3 3 1 2 4 4 4 3 1 1 1 3 1 3 1 4 4 4 3 1 4 3 3 3 2 2 4 4 1 1 2 2 4 4 2 3 4 2 3 1 3 1 2 3 3 3 1 1 1 4 1 3 1 2 1 2 3 4 1 3 3 3 1 3 3 2 1 2 2 1 3 4 3 1 3 2 1 1 2 2 4 1 3 2 4 4 1 3 1 1 3 3 4 3 3 4 3 1 4 4 2 2 3 4 3 3 1 4 4 2 3 1 1 2 1 1 2 3 1 2 3 2 4 3 3 1 3 3 2 4 1 2 3 3 2 3 3 4 1 2 1 4 2 4 3 1 4 3 1 1 1 4 3 4 3 2 3 1 4 3 1 2 1 3 3 4 1 3 4 1 3 4 1 4 2 1 1 2 3 1 4 3 3 1 1 1 4 1 4 3 4 3 1 4 4 3 4 1 3 2 4 3 1 1 3 1 1 1 4 4 1 4 4 1 3 3 3 1 4 4
424 0.047619 3 1 3 3 4 3 2 2 2 1 3 2 1 1 3 1 1 2 1 4 1 2 2 3 2 1 3 2 3 3 1 1 4 1 3 4 4 1 2 4 4 3 3 2 2 4 3 3 1 2 4 4 4 3 3 1 1 3 1 3 1 4 2 4 3 1 4 3 3 3 2 2 4 4 1 1 2 2 4 4 2 3 4 2 3 1 3 1 2 3 3 3 1 1 1 4 1 3 1 2 1 2 3 4 1 1 3 3 1 3 3 2 1 2 2 1 3 4 3 1 1 2 1 1 2 2 4 1 3 0 0 0 0 0 0 0 3 3 4 3 3 4 3 1 4 4 2 2 3 4 3 3 1 4 4 2 3 1 1 2 1 1 4 3 1 2 3 2 4 3 3 1 3 3 2 4 1 4 3 3 2 3 3 4 1 2 1 4 2 4 3 1 2 3 1 1 1 4 3 1 3 2 3 1 4 3 1 2 1 3 3 4 2 3 4 1 3 4 1 4 2 1 1 2 3 1 4 3 3 1 1 1 4 1 4 3 4 3 1 4 4 3 4 1 3 2 4 3 1 1 3 1 1 1 4 4 1 4 4 1 3 3 3 1 4 4
424 0.047619 3 1 3 3 2 3 2 2 2 1 3 2 1 1 3 1 1 1 1 4 1 2 2 3 2 1 3 2 3 3 1 1 2 1 3 4 4 3 2 4 4 3 1 4 2 4 3 3 1 2 4 4 4 3 3 1 1 3 1 3 1 4 2 4 3 2 4 3 3 3 2 2 4 4 1 1 2 2 4 4 2 3 4 2 3 1 3 1 2 3 3 3 1 1 1 4 1 3 1 2 1 2 3 4 1 1 3 3 1 3 3 2 1 2 2 1 3 4 3 1 3 4 1 1 2 2 4 1 3 2 4 4 1 3 1 1 3 3 4 3 3 4 3 1 4 4 2 2 3 4 3 3 2 4 4 2 1 1 1 2 1 1 2 3 1 2 3 2 4 3 3 1 3 3 2 4 1 4 3 3 2 3 3 4 1 2 1 4 2 4 3 1 2 3 3 1 1 4 3 1 3 2 3 1 4 3 1 2 1 3 3 4 2 3 4 1 3 4 1 4 2 1 1 2 3 1 4 3 3 1 1 1 4 1 4 3 4 3 1 4 2 3 4 1 3 2 4 3 1 1 3 1 1 1 4 4 1 4 4 1 3 3 3 1 4 4
424 0.047619 3 1 1 3 4 3 2 2 2 1 3 2 1 1 3 1 1 2 1 4 1 2 2 3 2 1 3 2 3 3 1 1 4 1 3 4 4 3 2 4 4 3 3 4 2 4 3 3 1 2 4 4 4 3 3 1 1 3 1 3 1 4 2 4 3 1 4 3 1 3 2 2 4 4 1 1 2 2 4 4 2 3 4 2 3 1 1 1 2 3 3 3 1 1 1 4 1 1 1 2 1 2 3 4 1 1 3 1 1 1 3 2 1 2 2 1 3 4 3 1 3 2 1 1 2 2 4 1 3 2 4 4 1 3 1 1 3 3 4 1 3 4 3 1 4 4 2 2 3 4 3 3 1 4 4 2 3 1 1 2 1 1 4 3 1 2 3 2 4 3 3 1 3 3 2 4 1 2 3 3 2 3 3 4 1 2 1 4 2 4 3 1 2 3 1 1 1 4 3 1 3 2 3 1 4 3 1 2 1 3 3 4 1 3 4 1 3 4 1 4 2 1 1 2 3 3 4 1 3 1 1 1 4 1 4 3 4 3 1 4 4 3 4 1 3 2 4 3 3 1 3 1 1 1 4 4 1 4 4 1 3 3 3 1 4 4
424 0.047619 3 1 3 3 4 3 2 2 2 1 3 2 1 1 3 1 1 2 1 4 1 2 2 3 2 1 3 2 3 3 1 1 4 1 3 4 4 3 2 4 4 3 1 4 2 4 3 3 1 2 2 4 4 3 3 1 1 3 1 3 1 4 2 4 3 1 4 3 3 3 2 2 4 4 1 1 2 2 4 4 2 3 4 2 3 1 3 1 2 3 3 3 1 1 1 4 1 3 1 2 1 2 3 2 1 1 3 3 1 3 3 2 1 2 2 1 3 4 3 1 3 2 1 1 2 2 4 1 3 2 4 4 1 3 1 1 3 3 4 3 3 4 3 1 4 4 2 2 3 4 1 3 1 4 4 2 3 1 1 2 1 1 2 3 1 2 3 2 4 3 3 1 3 3 2 4 1 2 3 3 2 3 3 4 1 2 1 4 2 4 3 1 2 3 1 1 1 4 3 1 3 2 3 1 4 3 1 2 1 3 3 4 2 3 4 1 3 4 1 4 2 1 3 2 3 1 4 3 3 1 1 1 4 1 4 3 4 3 1 4 4 3 4 1 3 2 4 3 1 1 3 1 1 1 4 4 1 4 4 1 3 3 3 1 4 4
424 0.047619 3 1 3 3 4 3 2 2 2 1 3 2 1 1 3 1 1 2 1 4 1 2 2 3 2 1 3 2 3 1 2 1 4 1 3 4 4 3 2 4 4 3 4 4 2 4 3 3 1 2 4 4 4 3 3 1 1 3 1 3 1 4 2 4 3 1 4 3 3 3 2 2 4 3 1 1 2 2 4 4 2 3 4 2 3 1 3 1 2 3 3 3 1 1 1 4 1 3 1 2 1 2 3 4 3 1 3 3 1 3 3 2 1 2 2 1 3 4 3 1 3 2 1 1 2 2 4 3 3 2 4 4 1 3 1 1 3 3 4 3 3 4 3 1 4 4 2 2 3 4 3 3 2 4 4 4 1 1 1 2 1 1 2 3 1 2 3 2 4 3 3 1 1 3 2 4 1 2 1 3 2 3 3 4 1 2 1 4 2 4 3 1 2 3 1 1 1 4 3 1 3 2 3 1 4 3 1 2 1 3 3 4 1 3 4 1 3 4 1 4 2 1 1 2 3 1 4 3 3 1 1 1 4 1 4 3 4 3 1 4 4 3 4 1 3 2 1 3 1 1 3 1 1 1 4 4 1 4 4 1 3 3 3 1 4 4
424 0.047619 3 1 3 3 4 3 2 2 2 1 3 2 1 1 3 1 1 2 1 4 1 2 2 3 2 1 3 2 3 3 1 1 4 1 3 4 4 3 2 4 4 3 4 4 2 4 3 3 1 2 4 4 4 3 3 1 1 3 1 3 1 4 2 4 3 1 4 3 3 3 2 2 4 4 1 1 2 2 4 4 2 3 4 2 3 1 3 1 2 3 3 3 1 1 1 2 1 3 1 4 1 2 3 4 1 1 3 3 1 3 3 2 1 2 2 1 3 4 3 1 3 2 1 1 2 2 4 1 3 2 4 4 1 3 1 1 3 3 4 3 3 4 3 1 4 4 2 2 3 4 3 3 1 4 4 2 3 1 1 2 1 1 2 3 1 2 3 2 4 3 3 1 3 3 2 4 1 2 3 3 2 3 3 4 1 2 1 4 2 4 3 1 2 3 1 1 1 4 3 1 3 2 3 1 4 3 1 2 1 3 3 4 1 3 4 1 3 4 1 4 2 1 1 2 3 1 4 3 3 1 1 1 4 1 4 3 4 3 1 4 4 3 4 1 3 2 4 3 1 1 3 1 1 1 4 4 1 4 4 1 3 3 3 1 4 4
424 0.047619 3 1 3 3 4 3 2 2 2 1 3 2 1 1 3 1 1 2 1 4 1 4 2 3 2 1 3 2 3 3 1 1 4 1 3 4 4 3 2 4 4 3 3 4 2 4 3 3 1 2 4 4 4 3 3 1 1 3 1 3 1 4 2 4 3 1 4 3 3 3 2 2 4 4 1 1 2 2 4 4 2 3 4 2 3 1 3 1 2 3 3 3 1 1 1 4 1 3 1 2 1 2 3 4 1 1 3 3 1 3 3 2 1 2 2 1 3 4 3 1 3 2 1 1 2 2 4 1 3 2 4 4 1 3 1 1 3 3 4 3 3 4 3 1 4 4 2 2 3 4 3 3 1 4 4 2 1 1 1 2 1 1 2 3 1 2 3 2 4 3 3 1 3 3 2 4 1 2 3 3 2 3 3 4 1 2 1 4 2 4 3 1 2 3 1 1 1 4 3 1 3 2 3 1 4 3 1 2 1 3 3 4 2 3 4 1 3 4 1 4 2 1 1 2 3 1 4 3 3 1 1 1 4 1 4 3 4 3 1 4 4 3 4 1 3 2 4 3 1 1 3 1 1 1 4 4 1 4 4 1 3 3 3 1 4 4
424 0.047619 3 1 3 3 4 3 2 2 2 1 3 2 1 1 3 1 1 2 1 4 1 2 2 3 2 1 3 2 3 3 1 1 4 1 3 4 4 3 2 4 4 3 1 4 2 4 3 3 1 2 4 4 4 3 3 1 1 3 1 3 1 4 2 4 3 1 4 3 3 3 2 2 4 4 1 1 2 2 4 4 2 3 4 2 3 1 3 1 2 3 3 3 1 1 1 4 1 3 1 2 1 2 3 4 1 1 3 3 1 3 3 2 1 2 2 1 3 4 3 1 3 2 1 1 2 2 4 1 3 2 4 4 1 3 1 1 3 3 4 3 3 4 3 1 4 4 4 2 3 4 3 3 1 4 4 2 3 1 1 2 3 1 2 3 1 2 3 2 4 3 3 1 3 1 2 4 1 2 3 3 2 3 3 4 1 2 1 4 2 4 3 1 2 3 1 1 1 4 3 1 3 2 3 1 4 3 1 2 1 3 3 4 2 3 4 1 3 4 1 4 2 1 1 2 3 1 4 3 3 1 1 1 4 1 4 3 4 3 1 4 4 3 4 1 3 2 4 3 1 1 3 1 1 1 4 4 1 4 4 1 3 3 3 1 4 4
424 0.047619 3 1 3 3 4 3 2 2 2 1 3 2 1 1 3 1 1 2 1 4 1 2 2 3 2 1 3 2 3 3 1 1 4 1 3 4 4 3 2 4 4 3 3 4 2 4 3 3 1 2 4 4 4 3 3 1 1 3 1 3 1 4 2 4 3 1 4 3 3 3 2 2 4 4 1 1 2 2 4 4 2 3 4 2 3 1 3 1 2 3 3 3 1 1 1 4 1 3 1 2 1 2 3 4 1 1 3 3 1 3 3 2 1 2 2 1 3 4 3 1 3 2 1 1 2 2 4 1 3 2 4 4 1 3 1 1 3 3 4 3 3 4 3 1 4 4 2 2 3 4 3 3 1 4 4 2 3 1 1 2 1 1 2 3 1 2 3 2 4 3 3 1 3 3 2 4 1 2 3 3 2 3 3 4 1 2 1 4 2 4 3 1 2 3 1 1 1 4 3 1 3 4 3 1 4 3 1 2 1 3 3 4 2 3 4 1 3 4 1 4 2 1 1 2 3 1 4 3 3 1 1 1 4 1 4 3 4 3 1 4 4 3 4 1 3 2 4 3 1 1 3 1 1 1 4 4 1 4 4 1 3 3 3 1 4 4
424 0.047619 3 1 3 3 4 3 2 2 2 1 3 2 1 1 3 1 1 2 1 3 1 2 2 3 2 1 3 2 3 3 1 1 4 1 3 4 4 1 2 4 4 3 3 4 2 4 3 3 1 2 4 4 4 3 3 1 1 3 1 3 3 4 2 4 1 1 4 3 3 3 2 2 4 4 1 1 2 2 4 4 2 3 4 2 3 1 3 1 2 3 3 3 1 1 1 4 1 3 1 2 1 2 3 4 1 1 3 3 1 3 3 2 1 2 2 1 3 4 3 1 3 2 1 1 2 4 4 1 3 2 4 4 1 3 1 1 3 3 4 3 3 4 3 1 4 4 2 2 3 4 3 3 1 4 4 2 3 1 1 2 1 1 2 3 1 2 3 2 4 3 1 1 3 3 2 4 1 2 3 3 2 3 3 4 1 2 1 4 2 4 3 1 2 3 1 1 1 4 3 1 3 2 3 1 4 3 1 2 1 3 3 4 1 3 4 1 3 4 1 4 4 1 1 2 3 1 4 3 1 1 1 1 4 1 4 3 4 3 1 4 4 3 4 1 3 2 4 3 1 1 3 1 1 1 4 4 1 4 4 1 3 3 3 1 4 4
424 0.047619 3 1 3 3 4 3 2 2 2 1 3 2 1 1 3 1 1 2 1 4 1 2 2 3 2 1 3 2 3 1 2 1 4 1 3 4 4 3 2 4 4 3 4 4 2 4 3 3 1 2 4 4 4 3 3 1 1 3 1 3 1 4 2 4 3 1 4 3 3 3 2 2 4 4 1 1 2 2 4 4 2 3 4 2 3 1 3 1 2 3 3 3 1 1 1 4 1 3 1 2 1 2 3 4 1 1 3 3 1 3 3 2 1 2 2 1 3 4 3 1 3 2 1 1 2 2 4 1 3 2 4 4 1 3 1 1 3 3 4 3 1 4 3 1 4 4 2 2 3 4 3 3 2 4 4 2 1 1 1 2 1 1 4 3 1 2 3 2 4 3 3 1 3 3 2 4 3 2 3 3 2 3 3 4 1 2 1 4 2 4 3 1 2 3 1 1 1 4 3 1 3 2 3 1 4 3 1 2 1 3 3 4 2 3 4 1 3 4 1 4 2 1 1 2 3 1 4 3 3 1 1 1 4 1 4 3 4 3 1 4 4 3 4 1 3 2 4 3 1 1 3 1 1 1 4 4 1 4 4 1 3 3 3 1 4 4
424 0.047619 3 1 3 3 4 3 2 2 2 1 3 2 1 1 3 1 1 2 1 4 1 2 2 3 2 1 3 4 3 3 1 1 4 1 3 4 4 3 2 2 4 3 3 4 2 4 3 3 1 2 4 4 4 3 3 1 1 1 1 3 1 4 2 4 3 1 4 3 3 3 2 2 4 4 1 1 2 2 4 4 2 3 4 2 3 1 3 1 2 3 3 3 1 1 1 4 3 3 1 2 1 2 3 4 1 1 3 3 1 3 3 2 1 2 2 1 3 4 3 1 3 2 1 1 2 2 4 1 3 2 4 4 1 3 1 1 3 3 4 3 3 4 3 1 4 4 2 2 3 4 3 3 1 4 4 2 1 1 1 2 1 1 2 3 1 2 3 2 4 3 3 1 3 3 2 4 1 2 3 3 2 3 3 4 1 2 1 4 2 4 3 1 2 3 1 1 1 4 3 1 3 2 3 1 4 3 1 2 1 3 3 4 1 3 4 1 3 4 1 4 2 1 1 2 3 1 4 3 3 1 1 1 4 1 2 3 4 3 1 4 4 3 4 1 3 2 4 3 1 1 3 1 1 1 4 4 1 4 4 1 3 3 3 1 4 4
424 0.047619 3 1 3 3 4 3 2 2 2 1 3 2 1 1 3 1 1 2 1 4 1 2 2 3 2 1 3 2 3 3 1 1 4 1 3 4 4 3 2 4 4 3 4 4 2 4 3 3 1 1 4 4 4 3 3 1 1 3 3 3 1 4 2 4 3 1 4 3 3 3 2 2 4 4 1 1 2 2 4 4 2 3 4 4 3 1 3 1 2 3 3 3 1 1 1 4 1 3 1 2 1 2 3 4 3 1 3 3 1 3 3 2 1 2 2 1 3 4 3 1 3 2 1 1 2 2 4 1 3 2 4 4 1 3 1 1 3 3 4 3 3 4 3 1 4 4 2 2 3 4 3 3 1 4 4 2 3 3 1 2 1 1 2 3 1 2 3 2 4 3 3 1 3 3 2 4 1 2 3 3 2 3 3 4 1 2 1 4 2 4 3 1 2 3 1 1 1 4 3 1 3 2 3 1 4 3 1 2 1 3 3 4 2 3 4 1 3 4 1 4 2 1 1 4 3 1 4 3 3 1 1 1 4 1 4 3 4 3 1 4 4 3 4 1 3 2 4 3 1 1 3 1 1 1 4 4 1 4 4 1 3 3 3 1 4 4
424 0.047619 3 1 3 3 4 3 2 2 2 1 3 2 1 1 3 1 1 2 1 4 1 2 2 3 2 1 3 2 3 3 1 1 4 1 3 4 4 3 2 4 4 3 3 4 2 4 3 3 1 2 4 4 4 3 3 3 3 3 3 3 1 4 2 4 3 1 4 3 3 3 2 2 4 4 1 1 2 2 4 4 2 3 4 2 3 1 3 1 2 3 3 3 1 1 1 4 1 3 1 2 1 2 3 4 1 1 3 3 1 3 3 2 1 2 2 1 3 4 3 1 3 2 1 1 2 2 4 1 3 4 4 4 1 3 1 1 3 1 4 3 3 4 3 1 4 4 2 2 3 4 3 3 1 4 4 2 3 1 1 2 1 1 2 3 1 4 3 2 4 3 3 1 3 3 2 1 1 2 3 3 2 1 3 4 1 2 1 4 2 4 3 1 2 3 1 1 1 4 3 1 3 2 3 1 4 3 1 2 1 1 3 4 2 3 4 1 3 4 1 4 2 1 1 2 3 1 4 3 3 1 1 1 2 1 4 3 4 3 1 4 4 1 4 1 3 2 4 3 1 1 3 1 1 1 4 4 1 4 4 1 3 3 3 1 4 4
676 0.062500 3 1 3 3 4 3 2 2 2 1 3 2 1 1 3 1 1 2 1 4 1 2 2 3 2 1 3 2 3 3 1 1 4 1 3 4 2 3 2 4 4 3 3 4 2 4 3 3 1 2 4 2 4 3 3 1 1 3 1 3 1 4 2 4 3 1 4 3 3 3 2 2 4 4 1 1 2 2 4 4 2 3 4 2 3 1 3 1 2 3 3 1 1 1 1 4 1 3 3 2 1 2 3 4 1 1 3 3 1 3 3 2 1 2 2 1 3 4 3 1 3 2 1 1 2 2 4 1 3 2 4 4 1 3 1 1 3 3 4 3 3 4 3 1 4 4 2 2 3 4 3 3 1 4 4 2 3 1 1 2 1 1 4 3 1 2 1 4 4 3 3 1 3 3 2 4 1 2 3 3 2 3 3 4 1 2 1 4 2 4 3 1 2 3 1 1 1 4 3 1 3 2 3 1 4 3 1 2 1 3 3 4 1 3 4 1 3 4 1 4 2 1 1 2 3 1 4 3 3 1 1 1 4 1 4 3 2 3 1 4 4 3 4 3 3 2 4 3 1 1 3 1 1 1 4 4 1 4 4 1 3 3 3 1 4 4
676 0.062500 3 1 3 3 4 3 2 2 2 1 3 2 1 1 3 1 1 2 1 4 3 2 2 3 2 1 3 2 3 3 1 1 4 1 3 4 2 3 2 4 4 3 3 4 2 4 3 3 1 2 4 4 4 3 3 1 1 3 3 3 1 4 2 4 3 1 4 3 3 3 2 2 4 4 1 1 2 2 2 4 2 3 4 2 3 1 3 1 2 3 3 3 1 1 1 4 1 3 1 2 4 2 3 4 1 1 3 3 1 3 3 2 1 2 2 1 3 4 3 1 3 2 1 1 2 2 2 1 3 2 4 4 1 3 1 1 3 3 4 3 3 4 3 1 4 4 2 2 3 4 3 3 1 4 4 2 3 1 1 2 1 1 2 3 1 2 3 2 4 3 3 1 3 3 2 4 1 4 3 3 2 3 3 4 1 2 1 4 2 4 3 1 2 3 1 1 1 4 3 1 3 2 3 1 4 3 1 2 1 3 3 4 1 3 4 1 3 4 1 4 2 1 1 2 3 1 4 3 3 1 1 1 4 1 4 3 4 3 1 4 4 3 4 3 3 2 4 3 1 3 3 1 1 1 4 4 1 4 4 1 3 3 3 1 4 4
676 0.062500 3 1 3 3 4 3 2 2 2 1 3 2 1 1 3 1 1 2 1 4 1 2 2 1 2 1 3 2 3 3 1 1 4 1 3 4 4 3 2 4 4 3 1 4 4 4 3 3 1 2 4 4 4 3 1 1 1 3 1 3 1 4 4 4 3 2 4 3 3 3 2 2 4 4 1 1 2 2 4 4 2 3 4 2 3 1 3 1 1 3 3 3 1 1 1 4 1 3 1 2 1 2 1 4 1 1 1 3 1 3 3 2 3 2 2 1 3 4 3 1 3 2 1 1 2 2 4 1 3 2 4 4 1 3 1 1 3 3 4 3 3 4 3 1 4 4 2 2 3 4 3 3 2 4 4 2 1 1 1 2 1 2 2 3 3 2 3 2 4 3 3 1 3 3 2 4 1 4 3 3 2 3 3 4 2 2 1 4 1 4 3 1 2 3 1 1 1 4 3 1 3 2 3 1 4 3 1 2 1 3 3 4 1 3 4 1 3 4 1 4 2 3 1 2 3 1 4 3 3 1 1 1 4 1 4 3 4 3 1 4 4 3 4 3 3 2 4 3 1 1 3 1 1 1 4 4 1 4 4 1 3 3 3 1 4 4
676 0.062500 3 1 3 3 4 3 2 2 2 1 1 2 1 1 1 1 1 2 1 4 1 2 2 3 2 1 3 2 3 3 1 1 4 1 3 4 4 1 2 4 4 3 3 4 2 4 3 3 1 2 4 4 1 3 3 1 1 3 1 3 1 4 2 4 3 1 4 3 3 3 2 2 4 4 1 1 1 2 4 4 2 3 4 2 3 1 3 1 2 3 3 3 1 1 1 4 1 3 1 2 1 2 3 4 1 1 3 3 1 3 3 2 1 2 2 1 3 4 3 1 3 2 1 1 2 2 4 1 3 2 4 4 1 3 1 1 3 3 4 3 3 4 3 1 4 4 2 2 3 4 3 3 1 3 4 2 1 1 1 2 1 1 2 3 1 2 3 2 4 3 3 1 3 1 2 4 1 4 3 3 2 3 3 4 1 2 3 4 2 4 3 1 2 3 1 1 1 4 3 1 3 2 3 1 4 3 1 2 1 1 3 4 2 3 4 3 3 4 1 2 2 1 1 2 3 1 4 3 3 1 1 1 4 1 4 3 4 3 1 4 4 3 4 1 1 2 4 3 1 1 3 1 1 1 4 4 1 4 4 1 3 3 3 1 4 4
676 0.062500 3 1 3 3 4 3 2 2 2 1 3 2 1 1 3 1 1 2 1 4 1 2 2 3 2 1 3 4 3 3 1 1 4 1 3 4 4 3 4 4 4 1 3 4 2 4 3 3 1 2 4 4 4 3 3 1 1 3 1 3 1 4 2 4 3 1 4 3 3 3 2 2 4 4 1 1 2 2 4 4 2 3 4 2 3 1 3 1 2 3 3 3 1 1 1 4 1 3 1 2 1 2 3 4 1 1 3 3 1 3 3 2 1 2 2 1 3 4 3 3 3 2 1 1 2 2 4 1 3 2 4 4 1 3 1 1 3 3 4 3 3 4 1 4 4 4 2 2 3 4 3 3 1 4 4 2 3 1 1 2 1 1 2 3 1 2 3 2 4 3 3 1 3 3 2 4 1 4 3 3 2 3 1 4 2 2 1 4 2 4 3 1 2 3 1 1 1 4 3 1 3 2 3 1 4 3 1 2 1 3 3 4 1 3 4 1 3 4 1 4 2 1 1 2 3 1 4 3 3 1 1 1 4 1 4 3 4 3 1 4 4 3 4 3 3 2 4 3 1 1 3 1 1 1 4 4 1 4 4 1 3 3 3 1 4 4
676 0.062500 3 1 3 3 4 3 2 2 2 1 3 2 1 2 3 1 1 2 1 4 1 2 4 3 2 1 1 2 3 1 2 1 4 1 1 4 4 3 2 4 4 3 4 4 2 4 3 3 1 2 4 4 1 3 3 1 1 3 1 3 1 4 2 4 3 1 4 3 3 3 2 2 4 4 1 1 2 2 4 4 2 3 4 2 3 1 3 1 2 3 3 3 1 4 1 4 1 3 1 2 1 2 3 4 1 1 3 3 1 3 3 2 1 2 2 1 3 2 3 1 3 2 1 1 2 2 4 1 3 2 4 4 1 3 1 1 3 3 4 3 3 4 3 1 4 4 2 2 3 4 3 3 1 3 4 4 1 1 1 2 1 1 2 3 1 2 3 2 4 3 3 1 3 3 2 4 1 2 3 3 2 3 3 4 1 2 1 4 2 4 3 1 2 3 1 1 1 4 3 1 1 2 3 1 4 3 1 2 1 3 3 4 1 3 4 1 3 4 3 4 2 1 1 2 3 1 4 3 3 1 1 1 4 1 4 3 4 3 1 2 4 3 2 3 3 2 4 3 1 1 3 1 1 1 4 4 1 4 4 1 3 3 3 1 4 4
676 0.062500 3 1 3 3 4 3 2 2 4 1 3 2 1 1 3 1 1 2 1 4 1 2 2 3 2 1 3 2 3 3 1 1 4 1 3 4 4 3 2 4 4 3 1 4 2 4 3 3 1 2 4 4 4 3 1 1 1 3 1 3 1 4 4 2 3 2 4 3 3 3 2 2 2 4 1 1 2 2 4 4 2 3 4 2 1 1 3 1 2 3 3 3 1 1 1 4 1 3 1 2 1 2 3 4 1 1 3 3 1 3 3 2 1 2 2 1 3 4 3 3 3 2 1 1 2 2 4 1 3 2 4 4 1 3 1 1 3 3 4 3 3 2 3 1 4 4 2 2 3 4 3 3 2 4 4 2 1 1 1 2 1 1 2 3 1 2 3 2 4 3 3 1 3 3 2 4 1 2 3 3 2 3 3 4 1 2 1 4 2 4 3 1 2 3 1 1 1 4 3 1 3 2 3 1 4 3 1 2 1 3 3 4 1 3 4 1 3 4 1 4 2 3 1 2 3 1 4 3 3 1 1 1 4 1 4 3 4 3 1 4 4 3 4 3 3 2 4 3 1 1 3 1 1 1 4 4 1 4 4 1 3 3 3 1 4 4
676 0.062500 3 1 3 3 2 3 2 2 2 1 3 2 1 1 3 1 1 2 1 4 1 2 2 3 2 1 3 2 3 3 1 1 4 1 3 4 4 3 2 4 4 3 3 4 2 4 3 3 1 2 4 4 4 3 1 1 1 3 1 3 1 4 2 4 3 1 4 3 3 3 2 2 4 4 3 1 2 2 4 4 2 3 4 2 3 1 3 1 2 3 3 3 1 1 1 4 1 3 1 2 1 2 3 4 1 1 3 3 1 3 3 2 3 2 2 1 3 4 3 1 3 2 1 1 2 2 4 1 3 2 4 4 1 3 1 1 3 3 4 3 3 4 3 1 4 4 2 2 3 4 3 3 1 4 4 2 3 1 1 2 1 1 2 3 1 2 3 2 4 3 3 1 3 3 2 4 1 2 3 3 2 3 3 4 1 2 1 4 2 4 3 1 2 3 1 1 1 4 3 1 3 2 3 1 4 3 1 2 1 3 3 4 1 3 4 1 3 4 1 4 2 1 1 2 3 1 4 3 3 1 1 1 4 4 4 3 4 3 1 4 4 3 4 3 3 2 4 3 1 1 3 1 1 1 4 4 1 4 4 1 3 3 3 1 4 4
676 0.062500 3 1 3 3 2 3 2 2 2 1 3 2 1 1 3 1 1 2 1 4 1 2 2 3 2 1 3 2 3 3 1 1 4 1 3 4 4 3 2 4 4 3 3 4 2 4 3 3 1 2 4 4 4 3 1 1 1 3 1 3 1 4 2 4 3 1 4 3 3 3 2 2 4 4 1 1 2 2 4 4 2 3 4 2 3 1 3 1 2 3 3 3 1 1 1 4 1 3 1 2 1 2 3 4 1 1 3 3 1 3 3 2 3 2 2 1 1 4 3 1 3 2 1 1 2 2 4 1 3 2 4 4 1 3 1 1 3 3 4 3 3 4 3 1 4 4 2 2 3 4 3 3 1 4 4 2 3 1 1 2 1 1 2 3 1 2 3 2 4 3 3 1 3 3 2 4 1 2 3 3 2 3 3 4 1 2 1 4 2 4 3 1 2 3 1 1 1 4 3 1 3 2 3 1 4 3 1 2 1 3 3 4 1 3 4 1 3 4 1 4 2 1 1 2 3 1 4 3 3 1 1 1 4 4 4 3 4 3 1 4 4 3 4 3 3 2 4 3 1 1 3 1 1 1 4 4 1 4 4 1 3 3 3 1 4 4
676 0.062500 3 1 3 3 4 3 2 2 2 1 3 2 1 2 3 1 1 2 1 4 1 2 2 3 2 1 1 2 3 1 2 1 4 1 3 4 4 3 2 4 4 3 3 4 2 4 3 3 1 2 4 4 4 3 3 1 1 3 1 3 1 4 2 4 3 1 4 3 3 3 2 2 4 4 1 1 2 2 4 1 2 3 4 2 3 1 3 1 2 3 3 3 1 1 1 4 1 3 1 2 1 2 3 4 1 1 3 3 1 3 3 2 1 2 2 1 3 4 3 1 3 2 1 1 2 2 4 1 3 2 4 4 1 3 1 1 3 3 4 3 3 4 3 1 4 4 2 2 3 4 3 3 1 4 4 2 3 1 1 2 1 1 2 3 1 2 3 2 4 3 3 1 3 3 2 4 1 2 3 3 2 3 3 4 1 2 1 4 2 4 3 1 2 1 1 3 1 4 3 1 3 2 3 1 4 3 1 2 1 3 3 4 1 3 4 1 3 4 1 4 2 1 1 2 3 1 3 3 3 1 1 1 4 1 4 3 4 3 1 4 4 3 4 3 3 2 4 3 1 1 3 1 1 1 4 4 1 4 4 1 3 3 3 1 4 4
676 0.062500 3 1 3 3 4 3 2 2 2 4 3 2 1 1 3 3 1 2 1 4 1 2 2 3 2 1 3 2 3 3 1 1 4 1 3 4 4 3 2 4 4 3 1 4 2 4 3 3 1 2 4 4 1 3 3 1 1 3 1 3 1 4 2 4 3 1 4 3 3 3 2 2 4 4 1 1 2 2 4 4 2 3 4 2 3 1 3 1 2 3 3 3 1 1 1 4 1 3 1 2 1 2 3 4 1 1 3 3 1 3 3 2 1 2 2 1 3 4 3 1 3 2 1 1 2 2 4 1 3 2 4 4 1 3 1 1 3 3 4 3 3 4 3 1 4 4 2 4 3 4 3 3 2 4 4 2 3 1 3 2 1 1 2 3 1 2 3 2 4 3 3 1 3 3 4 4 1 2 3 3 2 3 3 4 1 2 1 2 4 2 3 1 2 3 1 1 1 4 3 1 3 2 3 1 4 3 1 2 1 3 3 4 1 3 4 1 3 4 1 4 2 1 1 2 1 1 4 3 3 1 3 1 4 1 4 3 4 3 1 4 4 3 4 3 3 2 4 3 1 1 3 1 1 1 4 4 1 4 4 1 3 3 3 1 4 4
676 0.062500 3 1 3 3 4 3 2 2 2 1 3 2 1 1 3 1 1 2 3 4 1 2 2 3 2 1 3 2 3 3 1 1 4 1 3 4 4 3 2 4 2 3 3 4 2 4 3 3 1 2 4 4 1 3 3 1 1 3 1 3 1 4 2 4 3 1 4 1 3 3 2 1 4 4 1 1 2 2 4 4 2 3 4 2 3 1 3 1 2 3 3 3 1 1 1 4 1 3 1 2 1 2 3 4 1 1 3 3 1 3 3 2 1 2 2 1 3 4 3 1 3 2 1 1 2 2 4 1 1 2 4 4 1 3 1 1 3 3 4 3 3 4 3 1 4 4 2 2 3 4 3 3 2 4 4 2 3 1 1 2 1 1 2 3 1 2 3 2 4 3 3 1 3 1 2 4 1 4 3 3 2 3 3 4 1 2 1 4 2 4 3 1 2 3 1 3 1 2 3 3 3 2 3 1 4 3 3 4 1 3 3 4 1 3 4 1 3 4 1 4 2 1 1 2 3 1 4 3 3 1 1 1 4 1 4 3 4 3 1 4 4 3 4 3 3 2 4 3 1 1 3 1 1 1 4 4 1 4 4 1 3 3 3 1 4 4
676 0.062500 3 1 3 3 4 3 2 2 2 1 3 2 1 1 3 1 1 2 1 4 1 2 2 3 2 1 3 2 3 3 1 1 4 1 3 4 4 3 2 4 4 3 3 4 2 4 3 3 1 2 4 4 1 3 3 1 1 3 1 3 1 4 2 4 3 2 4 3 3 3 2 2 4 4 1 1 2 2 4 4 2 3 4 2 3 1 3 1 2 3 3 3 1 1 1 4 1 3 1 2 1 2 3 4 1 1 3 3 1 3 3 2 1 2 2 1 3 4 3 1 3 2 1 3 2 2 4 1 3 2 4 4 1 3 1 1 3 3 4 3 3 4 3 1 2 4 2 2 1 4 3 3 1 3 4 2 1 1 1 2 1 1 2 3 1 2 3 2 4 3 3 3 3 3 2 4 1 4 3 3 2 3 3 4 1 2 1 4 2 4 3 1 2 3 1 1 1 4 3 1 3 2 3 2 4 3 1 2 1 3 4 2 1 3 4 1 1 4 1 4 2 1 1 2 3 1 4 3 3 1 1 1 4 1 4 3 4 3 1 4 4 3 4 3 3 2 4 3 1 1 3 1 1 1 4 4 1 4 4 1 3 3 3 1 4 4
676 0.062500 3 1 3 3 2 3 2 2 2 1 3 2 1 1 3 1 1 2 1 4 1 2 2 3 2 1 3 2 3 3 1 1 4 1 3 4 4 3 2 4 4 3 1 4 2 4 3 3 1 2 4 4 4 3 3 1 1 3 1 3 1 4 2 4 3 1 4 3 3 3 2 2 4 4 1 1 2 2 4 4 2 3 4 2 3 1 3 1 2 3 3 3 1 1 1 4 1 3 1 2 1 2 3 4 1 1 3 3 1 3 3 2 1 2 2 1 3 4 3 1 3 2 1 1 2 2 4 1 3 2 4 4 1 3 1 1 3 3 4 3 3 4 3 1 4 4 2 2 3 4 3 3 2 4 4 2 1 1 1 2 1 1 2 3 1 2 3 2 4 3 3 1 3 3 2 4 1 2 3 3 2 3 3 4 1 2 1 4 2 4 3 1 2 3 1 1 1 4 3 1 3 2 3 1 4 3 1 2 1 3 3 4 1 3 4 1 3 4 1 4 2 1 1 2 3 1 4 3 3 1 1 1 4 1 4 3 4 3 3 4 4 3 4 3 3 2 4 3 1 1 3 1 1 1 4 4 1 4 4 1 3 3 3 1 4 4
676 0.062500 3 1 3 3 4 3 2 4 2 1 3 2 1 1 3 1 1 2 1 4 1 2 2 3 2 1 3 2 3 3 1 1 4 1 3 4 4 3 2 4 4 3 1 4 2 4 3 3 1 2 4 4 4 3 3 1 1 3 1 3 1 4 2 4 3 1 4 3 3 3 2 2 4 4 1 1 2 2 4 4 2 1 4 2 3 1 3 1 2 3 3 3 1 1 1 4 1 3 1 2 1 2 3 4 1 1 3 3 1 3 3 2 1 2 2 1 3 4 3 1 3 2 1 1 2 2 4 1 3 2 4 4 1 3 1 1 3 3 4 3 3 4 3 1 4 4 2 2 3 4 3 3 2 4 4 2 3 1 1 2 1 1 2 3 1 2 3 2 4 3 3 1 3 3 2 4 1 2 3 3 2 3 3 4 1 2 1 4 2 4 3 1 2 3 1 1 1 4 3 1 3 2 3 1 1 3 1 2 3 3 3 4 1 3 4 1 3 4 1 4 2 1 1 2 3 1 4 3 3 1 1 1 4 1 4 3 4 3 1 4 4 3 4 3 3 2 4 3 1 1 3 1 1 1 4 4 1 4 4 1 3 3 3 1 4 4
676 0.062500 3 1 3 3 4 3 2 2 2 1 3 2 1 1 3 1 1 2 1 4 3 2 2 3 2 1 3 2 1 3 1 1 4 1 3 4 4 3 2 4 4 3 1 4 2 2 3 3 1 2 4 4 4 3 3 1 1 3 3 3 1 4 2 4 3 1 4 3 3 3 2 2 4 4 1 1 2 2 4 4 2 3 4 2 3 3 3 1 2 3 3 3 1 1 1 4 1 3 1 2 1 2 3 4 1 1 3 3 1 3 3 2 3 2 2 1 3 4 3 1 3 2 1 1 2 2 4 1 3 2 4 4 1 3 1 1 3 3 4 3 3 4 3 1 4 4 2 2 3 4 3 3 1 4 4 2 3 1 1 2 1 1 2 3 1 2 3 2 4 3 3 1 3 3 2 4 1 4 3 3 2 3 3 4 1 2 1 4 2 4 3 1 2 3 1 1 1 4 3 1 3 2 3 1 4 1 1 2 1 3 3 4 1 3 4 1 3 4 1 4 2 1 1 2 3 1 4 3 3 1 1 1 4 1 4 3 4 3 1 4 4 3 4 3 3 2 4 3 1 1 3 1 1 1 4 4 1 4 4 1 3 3 3 1 4 4
