0 0.062500 3 2 3 2 2 4 1 1 3 3 1 3 1 4 1 1 3 3 3 1 2 2 1 1 4 3 3 2 4 1 1 1 2 1 3 1 3 2 3 1 1 3 1 1 3 4 2 1 2 1 2 2 4 3 4 2 1 1 2 1 4 1 1 4 4 3 3 1 1 3 1 1 1 4 1 4 3 4 4 3 1 2 4 2 1 3 2 4 4 3 3 2 4 3 2 1 2 4 2 4 1 1 1 4 4 1 3 1 3 4 4 1 4 4 1 1 3 4 3 1 2 1 1 1 1 1 1 3 4 3 4 2 1 2 2 4 2 4 3 1 1 1 1 3 1 3 3 3 4 3 3 3 1 4 3 1 3 3 1 4 3 4 4 3 4 4 1 4 3 4 1 2 3 3 1 3 3 4 3 1 1 3 3 3 3 2 1 3 4 1 3 4 1 1 4 1 2 1 1 3 1 4 1 1 4 1 3 4 3 1 2 1 4 1 1 1 3 3 4 1 3 4 1 2 2 2 1 3 3 1 3 3 1 1 1 3 4 1 1 1 1 1 4 2 1 4 4 1 3 3 3 1 2 4
0 0.250000 3 2 3 2 2 4 1 1 3 3 1 3 1 4 1 1 3 3 3 1 2 2 1 1 4 3 3 2 4 1 1 1 2 1 3 1 3 2 3 1 1 3 1 1 3 4 2 1 2 1 2 2 4 3 4 2 1 1 2 1 4 1 1 4 4 3 3 1 1 3 1 1 1 4 1 4 3 4 4 3 1 2 4 2 1 3 2 4 4 3 3 2 4 3 2 1 2 4 2 4 1 1 1 4 4 1 3 1 3 4 4 1 1 4 1 1 3 4 3 1 2 1 1 1 1 1 1 3 4 3 3 2 1 2 2 4 2 4 3 1 1 1 1 3 1 3 3 3 4 3 3 3 1 4 3 1 4 3 1 4 3 4 4 3 4 4 1 4 3 4 1 2 3 3 1 3 3 4 3 1 1 3 3 3 3 2 1 3 4 1 3 4 1 1 4 1 2 1 1 3 1 4 1 1 4 1 3 4 3 1 2 1 4 1 1 1 3 3 4 1 3 4 1 2 2 2 1 3 3 1 3 3 1 1 1 3 4 1 1 1 1 1 4 2 1 4 4 1 3 3 3 1 2 4
0 0.062500 3 2 3 2 2 4 1 1 3 3 1 3 1 4 1 1 4 3 3 1 2 2 1 1 4 3 3 2 4 1 1 1 2 1 3 1 3 2 3 1 1 3 1 1 3 4 2 1 2 1 2 2 4 3 4 2 1 1 2 1 4 1 1 4 4 3 3 1 1 3 1 1 1 4 1 4 3 4 4 3 1 2 4 2 1 3 2 4 4 3 3 2 4 3 2 1 2 4 2 4 1 1 1 4 4 1 3 1 3 4 4 1 1 4 1 1 3 4 3 1 2 1 1 1 1 1 1 3 4 3 3 2 1 2 2 4 2 4 3 1 1 1 1 3 1 3 3 3 4 3 3 3 1 4 3 1 4 3 1 4 3 4 4 3 4 3 1 4 3 4 1 2 3 3 1 3 3 4 3 1 1 3 3 3 3 2 1 3 4 1 3 4 1 1 4 1 2 1 1 3 1 4 1 1 4 1 3 4 3 1 2 1 4 1 1 1 3 3 4 1 3 4 1 2 2 2 1 3 3 1 3 3 1 1 1 3 4 1 1 1 1 1 4 2 1 4 4 1 3 3 3 1 2 4
0 0.062500 3 2 3 2 2 4 1 1 3 3 1 3 1 4 1 1 3 3 3 1 2 2 1 1 4 3 3 2 4 1 1 1 2 1 3 1 3 2 3 1 1 3 1 1 3 4 2 1 2 1 2 2 4 3 4 2 1 1 2 1 4 1 1 4 4 3 3 1 1 3 1 1 1 4 1 4 3 4 4 3 1 2 4 2 1 3 2 4 4 3 3 2 4 3 2 1 2 4 2 4 1 1 1 4 4 1 3 1 3 4 4 1 1 4 1 1 3 4 3 0 1 2 1 1 1 1 1 3 4 3 3 2 1 2 2 4 2 4 3 1 1 1 1 3 1 3 3 3 4 3 3 3 1 4 3 1 4 3 1 4 3 4 4 3 4 4 1 4 3 4 1 2 3 3 1 3 3 4 3 1 1 3 3 3 3 2 1 3 4 1 3 4 1 1 4 1 2 1 1 3 1 4 1 1 4 1 3 4 3 1 2 1 4 1 1 1 3 3 4 1 3 4 1 2 2 2 1 3 3 1 3 3 1 1 1 3 4 1 1 1 1 1 4 2 1 4 4 1 3 3 3 1 2 4
0 0.062500 3 2 3 2 2 4 1 1 3 3 1 3 1 4 1 1 3 3 3 1 2 2 1 1 4 3 3 2 4 1 1 1 2 1 3 1 3 2 3 1 1 3 1 1 3 4 2 1 2 1 2 2 4 3 4 2 1 1 2 1 4 1 1 4 4 3 3 1 1 3 1 1 1 4 1 4 3 4 4 3 1 2 4 2 1 3 2 4 4 3 3 2 4 3 2 1 2 4 2 4 1 1 1 4 4 1 3 1 3 4 4 1 1 4 1 1 3 4 3 1 2 1 1 1 1 1 1 3 4 3 3 2 1 2 2 4 2 4 3 1 1 1 1 3 1 3 3 3 4 3 3 3 1 4 3 1 4 3 1 4 3 4 4 3 4 4 1 4 3 2 1 2 3 3 1 3 3 4 3 1 1 3 3 3 3 2 1 3 4 1 3 4 1 1 4 1 2 1 1 3 1 4 1 1 4 1 3 4 3 1 2 1 4 1 1 1 3 3 4 1 3 4 1 2 2 2 1 3 3 1 3 3 1 1 1 3 4 1 1 1 1 1 4 2 1 4 4 1 3 3 3 1 2 4
0 0.062500 3 2 3 2 2 4 1 1 3 3 1 3 1 4 1 1 3 3 3 1 2 2 1 1 4 3 3 2 4 1 1 1 2 1 3 1 3 2 3 1 1 3 1 1 3 4 2 1 2 1 2 2 4 3 4 2 1 1 2 1 4 1 1 4 4 3 3 1 1 3 1 1 1 4 1 4 3 4 4 3 1 2 4 2 1 3 2 4 4 3 3 2 4 3 2 1 2 4 2 4 1 1 1 4 4 1 3 1 3 4 4 1 1 4 1 1 3 4 3 1 2 1 1 1 1 1 1 3 4 1 3 2 1 2 2 4 2 4 3 1 1 1 1 3 1 3 3 3 4 3 3 3 1 4 3 1 4 3 1 4 3 4 4 3 4 4 1 4 3 4 1 2 3 3 1 3 3 4 3 1 1 3 3 3 3 2 1 3 4 1 3 4 1 1 4 1 2 1 1 3 1 4 1 1 4 1 3 4 3 1 2 1 4 1 1 1 3 3 4 1 3 4 1 2 2 2 1 3 3 1 3 3 1 1 1 3 4 1 1 1 1 1 4 2 1 4 4 1 3 3 3 1 2 4
0 0.062500 3 2 3 2 2 4 1 1 3 3 1 3 1 4 1 1 3 3 3 1 2 2 1 1 4 3 3 2 4 1 1 1 2 1 3 1 3 2 3 1 1 3 1 1 3 4 2 1 2 1 2 2 4 3 4 2 1 1 2 1 4 1 1 4 4 3 3 1 1 3 1 1 1 4 1 4 3 4 4 3 1 2 4 2 1 3 2 4 4 3 3 2 4 3 2 1 2 4 2 4 1 1 1 4 4 1 3 1 3 4 4 1 1 2 1 1 3 4 3 1 2 1 1 1 1 1 1 3 4 3 3 2 1 2 2 4 2 4 3 1 1 1 1 3 1 3 3 3 4 3 3 3 1 4 3 1 4 3 1 4 3 4 4 3 4 4 1 4 3 4 1 2 3 3 1 3 3 4 3 1 1 3 3 3 3 2 1 3 4 1 3 4 1 1 4 1 2 1 1 3 1 4 1 1 4 1 3 4 3 1 2 1 4 1 1 1 3 3 4 1 3 4 1 2 2 2 1 3 3 1 3 3 1 1 1 3 4 1 1 1 1 1 4 2 1 4 4 1 3 3 3 1 2 4
0 0.062500 3 2 3 2 2 4 1 1 3 3 1 3 1 4 1 1 3 3 3 1 2 2 3 1 4 3 3 2 4 1 1 1 2 1 3 1 3 2 3 1 1 3 1 1 3 4 2 1 2 1 2 2 4 3 4 2 1 1 2 1 4 1 1 4 4 3 3 1 1 3 1 1 1 4 1 4 3 4 4 3 1 2 4 2 1 3 2 4 4 3 3 2 4 3 2 1 2 4 2 4 1 1 1 4 4 1 3 1 3 4 4 1 1 4 1 1 3 4 3 1 2 1 1 1 1 1 1 3 4 3 3 2 1 2 2 4 2 4 3 1 1 1 1 3 1 3 3 3 4 3 3 3 1 4 3 1 4 3 1 4 3 4 4 1 4 4 1 4 3 4 1 2 3 3 1 3 3 4 3 1 1 3 3 3 3 2 1 3 4 1 3 4 1 1 4 1 2 1 1 3 1 4 1 1 4 1 3 4 3 1 2 1 4 1 1 1 3 3 4 1 3 4 1 2 2 2 1 3 3 1 3 3 1 1 1 3 4 1 1 1 1 1 4 2 1 4 4 1 3 3 3 1 2 4
0 0.062500 3 2 3 2 2 4 1 1 3 3 1 3 1 4 1 1 3 3 3 1 2 2 1 1 4 3 3 2 4 1 1 1 2 1 3 1 3 2 3 1 1 3 1 1 3 4 2 1 2 1 2 2 4 3 4 2 1 1 2 1 4 1 1 4 4 3 3 1 1 3 1 1 1 4 1 4 3 4 4 3 1 2 4 2 1 3 2 4 4 3 3 2 4 3 2 1 2 4 2 4 1 1 1 4 4 1 3 1 1 4 4 1 1 4 1 1 3 4 3 1 2 1 1 1 1 1 1 3 4 3 3 2 1 2 2 4 2 4 3 1 1 1 1 3 1 3 3 3 4 3 3 3 1 4 3 1 4 3 1 4 3 4 4 3 4 4 1 4 3 4 1 2 3 3 1 3 3 4 3 1 1 3 3 3 3 2 1 3 4 1 3 4 1 1 4 1 2 1 1 3 1 4 1 1 4 1 3 4 3 1 2 1 4 1 1 1 3 3 4 1 3 4 1 2 2 2 1 3 3 1 3 3 1 1 1 3 4 1 1 1 1 1 4 2 1 4 4 1 3 3 3 1 2 4
0 0.062500 3 2 3 2 2 4 1 1 3 3 3 3 1 4 1 1 3 3 3 1 2 2 1 1 4 3 3 2 4 1 1 1 2 1 3 1 3 2 3 1 1 3 1 1 3 4 2 1 2 1 2 2 4 3 4 2 1 1 2 1 4 1 1 4 4 3 3 1 1 3 1 1 1 4 1 4 3 4 4 3 1 2 4 2 1 3 2 4 4 3 3 2 4 3 2 1 2 4 2 4 1 1 1 4 4 1 3 1 3 4 4 1 1 4 1 1 3 4 3 1 2 1 1 1 1 1 1 3 4 3 3 2 1 2 2 4 2 4 3 1 1 1 1 3 1 3 3 3 4 1 3 3 1 4 3 1 4 3 1 4 3 4 4 3 4 4 1 4 3 4 1 2 3 3 1 3 3 4 3 1 1 3 3 3 3 2 1 3 4 1 3 4 1 1 4 1 2 1 1 3 1 4 1 1 4 1 3 4 3 1 2 1 4 1 1 1 3 3 4 1 3 4 1 2 2 2 1 3 3 1 3 3 1 1 1 3 4 1 1 1 1 1 4 2 1 4 4 1 3 3 3 1 2 4
0 0.062500 3 2 3 2 2 4 1 1 3 3 1 3 1 4 1 1 3 3 3 1 2 2 1 1 4 3 3 2 4 1 1 1 2 1 3 1 3 2 3 1 1 3 1 1 3 4 2 1 2 1 2 2 4 3 4 2 1 1 2 1 4 1 1 4 4 3 3 1 1 3 1 1 1 4 1 4 3 4 4 3 1 2 4 2 1 3 2 4 4 3 3 2 4 3 2 1 2 4 2 4 1 1 1 4 4 1 1 1 3 4 4 1 1 4 1 1 3 4 3 1 2 1 1 1 1 1 1 3 4 3 3 2 1 2 2 4 2 4 3 1 1 1 1 3 1 3 3 3 4 3 3 3 1 4 3 1 4 3 1 4 3 4 4 3 4 4 1 4 3 4 1 2 3 3 1 3 3 4 3 1 1 3 3 3 3 2 1 3 4 1 3 4 1 1 4 1 2 1 1 3 1 4 1 1 4 1 3 4 3 1 2 1 4 1 1 1 3 3 4 1 3 4 1 2 2 2 1 3 3 1 3 3 1 1 1 3 4 1 1 1 1 1 4 2 1 4 4 1 3 3 3 1 2 4
0 0.062500 3 2 3 2 2 4 1 1 3 3 1 3 1 4 1 4 3 3 3 1 2 2 1 1 4 3 3 2 4 1 1 1 2 1 3 1 3 2 3 1 1 3 1 1 3 4 2 1 2 1 2 2 4 3 4 2 1 1 2 1 4 1 1 4 4 3 3 1 1 3 1 1 1 4 1 4 3 4 4 3 1 2 4 2 1 3 2 4 4 3 3 2 4 3 2 1 2 4 2 4 1 1 1 4 4 1 3 1 3 4 4 1 1 4 1 1 3 4 3 1 2 1 1 1 1 1 1 3 4 3 3 2 1 2 2 4 2 4 3 1 1 1 1 3 1 3 3 3 4 3 3 3 1 4 3 1 4 3 1 4 3 4 4 3 4 4 1 4 3 4 1 2 3 3 1 3 3 4 3 1 1 3 3 3 3 2 1 3 4 1 3 4 1 1 4 1 2 1 1 3 1 4 1 1 4 1 3 4 3 1 2 1 4 1 1 1 3 3 4 1 3 4 1 2 2 2 1 3 3 1 3 3 1 1 1 3 4 1 1 1 1 1 4 2 1 4 4 1 3 3 3 1 2 4
0 0.062500 3 2 3 2 2 4 1 1 3 3 1 3 1 4 1 1 3 3 3 1 2 2 1 1 4 3 3 2 4 3 1 1 2 1 3 1 3 2 3 1 1 3 1 1 3 4 2 1 2 1 2 2 4 3 4 2 1 1 2 1 4 1 1 4 4 3 3 1 1 3 1 1 1 4 1 4 3 4 4 3 1 2 4 2 1 3 2 4 4 3 3 2 4 3 2 1 2 4 2 4 1 1 1 4 4 1 3 1 3 4 4 1 1 4 1 1 3 4 3 1 2 1 1 1 1 1 1 3 4 3 3 2 1 2 2 4 2 4 3 1 1 1 1 3 1 3 3 3 4 3 3 3 1 4 3 1 4 3 1 4 3 4 4 3 4 4 1 4 3 4 1 2 3 3 1 3 3 4 3 1 1 3 3 3 3 2 1 3 4 1 3 4 1 1 4 1 2 1 1 3 1 4 1 1 4 1 3 4 3 1 2 1 4 1 1 1 3 3 4 1 3 4 1 2 2 2 1 3 3 1 3 3 1 1 1 3 4 1 1 1 1 1 4 2 1 4 4 1 3 3 3 1 2 4
21 0.083333 3 2 3 2 2 4 1 1 3 3 1 3 1 4 1 1 3 3 3 1 2 2 1 1 4 3 3 2 4 1 1 1 2 1 3 1 3 2 3 1 1 3 1 1 3 4 2 1 2 1 2 2 4 3 4 2 1 1 2 1 4 1 1 4 4 3 3 1 1 3 1 1 1 4 1 4 3 4 4 3 1 2 4 2 1 3 2 4 4 3 3 2 4 3 2 1 2 4 2 4 1 1 1 4 4 1 3 1 3 4 4 1 1 4 1 1 3 4 3 1 2 1 1 1 1 1 1 3 4 3 3 2 1 2 2 2 2 4 3 1 1 1 1 3 1 3 3 3 4 3 3 3 1 4 3 1 4 3 1 4 3 4 4 3 4 4 1 4 3 4 1 2 3 3 1 3 3 4 3 1 1 3 3 3 3 2 1 3 4 1 3 4 1 1 4 1 2 1 1 3 1 4 1 1 4 1 3 4 3 1 2 1 4 1 1 1 3 3 4 1 3 4 1 2 2 2 1 3 3 1 3 3 1 1 1 3 4 1 1 1 1 1 4 2 1 4 4 1 3 3 3 1 2 4
21 0.583333 3 2 3 2 2 4 1 1 3 3 1 3 1 4 1 1 3 3 3 1 2 2 1 1 4 3 3 2 4 1 1 1 2 1 3 1 3 2 3 1 1 3 1 1 3 4 2 1 2 1 2 2 4 3 4 2 1 1 2 1 4 1 1 4 4 3 3 1 1 3 1 1 1 4 1 4 3 4 4 3 1 2 4 2 1 3 2 4 4 3 3 2 4 3 2 1 2 4 2 4 1 1 1 4 4 1 3 1 3 4 4 1 1 4 1 1 3 4 3 1 2 1 1 1 1 1 1 3 4 3 3 2 1 2 2 4 2 4 3 1 1 1 1 3 1 3 3 3 4 3 3 3 1 4 3 1 4 3 1 4 3 4 4 3 4 4 1 4 3 4 1 2 3 3 1 3 3 4 3 1 1 3 3 3 3 2 1 3 4 1 3 4 1 1 4 1 2 1 1 3 1 4 1 1 4 1 3 4 3 1 2 1 4 1 1 1 3 3 4 1 3 4 1 2 2 2 1 3 3 1 3 3 1 1 1 3 4 1 1 1 1 1 4 2 1 4 4 1 3 3 3 1 2 4
21 0.083333 3 2 3 2 2 4 1 1 3 3 1 3 1 4 1 1 3 3 3 1 2 2 1 1 4 3 3 2 4 1 1 1 2 1 3 1 3 2 3 1 1 3 1 1 3 4 2 1 2 1 2 2 4 3 4 2 1 1 2 1 4 1 1 4 4 3 3 1 1 3 1 1 1 4 1 4 3 4 4 3 1 2 4 2 1 3 2 4 4 3 3 2 4 3 2 1 2 4 2 4 1 1 1 4 4 1 3 1 3 4 4 1 1 4 1 1 3 4 3 1 2 1 1 1 1 1 1 3 4 3 3 2 1 2 2 4 2 4 3 1 1 1 1 3 1 3 3 3 4 3 3 3 1 4 3 1 4 3 1 4 3 4 4 3 4 4 2 4 3 4 1 2 3 3 1 3 3 4 3 1 1 3 3 3 3 2 1 3 4 1 3 4 1 1 4 1 2 1 1 3 1 4 1 1 4 1 3 4 3 1 2 1 4 1 1 1 3 3 4 1 3 4 1 2 2 2 1 3 3 1 3 3 1 1 1 3 4 1 1 1 1 1 4 2 1 4 4 1 3 3 3 1 2 4
21 0.083333 3 2 3 2 2 4 1 1 3 3 1 3 1 4 1 1 3 3 3 1 2 2 1 1 4 3 3 4 4 1 1 1 2 1 3 1 3 4 3 1 1 3 1 1 3 4 2 1 2 1 2 2 4 3 4 2 1 1 2 1 4 1 1 4 4 3 3 1 1 3 1 1 1 4 1 4 3 4 4 3 1 2 4 2 1 3 2 4 4 3 3 2 4 3 2 1 2 4 2 4 1 1 1 4 4 1 3 1 3 4 4 1 1 4 1 1 3 4 3 1 2 1 1 1 1 1 1 3 4 3 3 2 1 2 2 4 2 4 3 1 1 1 1 3 1 3 3 3 4 3 3 3 1 4 3 1 4 3 1 4 3 4 4 3 4 4 1 4 3 4 1 2 3 3 1 3 3 4 3 1 1 3 3 3 3 2 1 3 4 1 3 4 1 1 4 1 2 1 1 3 1 4 1 1 4 1 3 4 3 1 2 1 4 1 1 1 3 3 4 1 3 4 1 2 2 2 1 3 3 1 3 3 1 1 1 3 4 1 1 1 1 1 4 2 1 4 4 1 3 3 3 1 2 4
21 0.083333 3 2 3 2 2 4 1 1 3 3 1 3 1 4 3 1 3 3 3 1 2 2 1 1 4 3 3 2 4 1 1 1 2 1 3 1 3 2 3 1 1 3 1 1 3 4 2 1 2 1 2 2 4 3 4 2 1 1 2 1 4 1 1 4 4 3 3 1 1 3 1 1 1 4 1 4 3 4 4 3 1 2 4 2 1 3 2 4 4 3 3 2 4 3 2 1 2 4 2 4 1 1 1 4 4 1 3 1 3 4 4 1 1 4 1 1 3 4 3 1 2 1 1 1 1 1 1 3 4 3 3 2 1 2 2 4 2 4 3 1 1 1 1 3 1 3 3 3 4 3 3 3 1 4 3 1 4 3 1 4 3 4 4 3 4 4 1 4 3 4 1 2 3 3 1 3 3 4 3 1 1 3 3 3 3 2 1 3 4 1 3 4 1 1 4 1 2 1 1 3 1 4 1 1 4 1 3 4 3 1 2 1 4 1 1 1 3 3 4 1 3 4 1 2 2 2 1 3 3 1 3 3 1 1 1 3 4 1 1 1 1 1 4 2 1 4 4 1 3 3 3 1 2 4
21 0.083333 3 2 3 2 2 4 1 1 3 3 1 3 1 4 1 1 3 3 3 1 2 2 1 1 4 3 3 2 4 1 1 1 2 1 3 1 3 2 3 1 1 3 1 1 3 4 2 1 2 1 2 2 4 3 4 2 1 1 2 1 4 1 1 4 4 3 3 1 1 3 1 1 1 4 1 4 3 4 4 3 1 2 4 2 1 3 2 4 4 3 3 2 4 3 2 1 2 4 2 4 1 1 1 4 4 1 3 1 3 4 4 1 1 4 1 1 3 4 3 1 2 1 1 1 1 1 1 3 4 3 3 2 1 2 2 4 2 4 3 1 1 1 1 3 2 3 3 3 4 3 3 3 1 4 3 1 4 3 1 4 3 4 4 3 4 4 1 4 3 4 1 2 3 3 1 3 3 4 3 1 1 3 3 3 3 2 1 3 4 1 3 4 1 1 4 1 2 1 1 3 1 4 1 1 4 1 3 4 3 1 2 1 4 1 1 1 3 3 4 1 3 4 1 2 2 2 1 3 3 1 3 3 1 1 1 3 4 1 1 1 1 1 4 2 1 4 4 1 3 3 3 1 2 4
77 0.250000 3 2 3 2 2 4 1 1 3 3 1 3 1 4 1 1 3 3 3 1 2 2 1 1 4 3 3 2 4 1 3 1 2 1 3 1 3 2 3 1 1 3 1 1 3 4 2 1 2 1 2 2 4 3 4 2 1 1 2 1 4 1 1 4 4 3 3 1 1 3 1 1 1 4 1 4 3 4 4 3 1 2 4 2 1 3 2 4 4 3 3 2 4 3 2 1 2 4 2 4 1 1 1 4 4 1 3 1 3 4 4 1 1 4 1 1 3 4 3 1 2 1 1 1 1 1 1 3 4 3 3 1 1 2 2 4 2 4 3 1 1 1 1 3 1 3 3 3 4 3 3 3 1 4 3 1 4 3 1 4 3 4 4 3 4 4 1 2 3 4 1 2 3 3 1 3 3 4 3 1 1 3 3 3 3 2 1 3 4 1 3 4 1 1 4 1 2 1 1 3 1 4 1 1 4 1 3 4 3 1 2 1 4 1 1 1 3 3 4 1 3 4 1 2 2 2 1 3 3 1 3 3 1 1 1 3 4 1 1 1 1 1 4 2 1 4 4 1 3 0 0 0 0 0
77 0.250000 3 1 3 2 2 4 1 1 3 3 1 3 1 4 1 1 3 3 3 1 2 2 1 1 4 3 3 2 4 1 1 2 2 1 3 1 3 2 3 1 1 3 1 1 3 4 2 1 2 1 2 2 4 3 4 2 1 1 2 1 4 1 1 4 4 3 3 1 1 3 1 1 1 4 1 4 3 4 4 3 1 2 4 2 1 3 2 4 4 3 3 2 4 3 2 1 2 4 2 4 1 1 1 4 4 1 3 1 3 4 4 1 1 4 1 1 3 4 3 1 2 1 1 1 1 1 1 3 4 3 3 2 1 2 2 4 2 4 3 1 1 3 1 3 1 3 3 3 4 3 3 3 1 4 3 1 4 3 1 4 3 4 4 3 4 4 1 4 3 4 1 2 3 3 1 3 3 4 3 1 1 3 3 3 3 2 1 3 4 1 3 4 0 0 0 0 0 0 0 0 0 0 0 0 0 0 0 0 0 0 0 0 0 0 0 0 0 0 0 0 0 0 0 0 0 0 0 0 0 0 0 0 0 0 0 0 0 0 0 0 0 0 0 0 0 0 0 0 0 0 0 0 0 0
77 0.250000 3 2 3 2 2 4 1 1 3 3 1 3 1 4 1 1 3 3 3 1 2 2 1 1 4 3 3 2 4 1 3 1 2 1 3 1 3 2 3 1 1 3 1 1 3 4 2 1 2 1 2 2 4 3 4 2 1 1 2 1 4 1 1 4 4 3 3 1 1 3 1 1 1 4 1 4 3 4 4 3 1 2 4 2 1 3 2 4 4 3 3 2 4 3 2 1 2 4 2 4 1 1 1 4 4 1 3 1 3 4 4 1 1 4 1 1 3 4 3 1 2 1 1 1 1 1 1 3 4 3 3 1 1 2 2 4 2 4 3 1 1 1 1 3 1 3 1 3 4 3 3 3 1 4 3 1 4 3 1 4 1 2 4 3 2 4 1 4 1 4 1 2 3 3 1 3 3 4 3 1 1 3 3 3 3 2 1 3 4 1 3 4 1 1 4 1 2 1 1 3 1 4 1 1 4 1 3 4 3 1 2 1 4 1 1 1 0 0 0 0 0 0 0 0 0 0 0 0 0 0 0 0 0 0 0 0 0 0 0 0 0 0 0 0 0 0 0 0 0 0 0 0 0 0
77 0.250000 3 2 3 2 2 4 1 1 3 3 1 3 1 4 1 1 3 3 3 1 2 2 1 1 4 3 3 2 4 1 3 1 2 1 3 1 3 2 3 1 1 3 1 1 3 4 2 1 2 1 2 2 4 3 4 2 1 1 2 1 4 1 1 4 4 3 3 1 1 3 1 1 1 4 1 4 3 4 4 3 1 2 4 2 1 3 2 4 4 3 3 2 4 3 2 1 2 4 2 4 1 1 1 4 4 1 3 1 3 4 4 3 1 4 1 1 3 4 3 1 2 1 1 1 1 1 1 3 4 3 3 1 1 2 2 4 2 4 3 1 1 1 1 3 1 3 3 3 4 3 3 3 1 4 3 1 4 3 1 4 3 4 4 3 4 4 1 2 3 4 1 2 3 3 0 0 0 0 0 0 0 0 0 0 0 0 0 0 0 0 0 0 0 0 0 0 0 0 0 0 0 0 0 0 0 0 0 0 0 0 0 0 0 0 0 0 0 0 0 0 0 0 0 0 0 0 0 0 0 0 0 0 0 0 0 0 0 0 0 0 0 0 0 0 0 0 0 0 0 0 0 0 0 0
179 0.125000 3 2 3 2 2 4 1 1 1 3 1 3 1 4 1 1 3 3 3 1 2 2 1 1 4 3 3 2 4 1 1 1 2 3 3 1 3 2 3 1 3 3 3 1 3 4 2 1 2 1 2 2 4 3 4 2 1 1 2 1 4 1 1 4 4 3 3 1 1 3 1 1 1 4 1 4 3 4 4 3 1 2 4 2 1 3 2 4 4 3 3 2 4 3 2 1 2 4 2 4 1 1 1 4 4 1 3 1 3 4 4 1 1 4 1 1 3 4 3 1 2 1 1 1 1 1 1 3 4 3 3 2 1 2 2 4 2 4 3 1 1 1 1 3 1 3 3 3 4 3 3 3 1 4 3 1 4 3 1 4 3 4 4 3 4 4 1 4 3 4 1 2 3 3 1 3 3 4 3 1 1 3 3 3 3 2 1 3 4 1 3 4 1 1 4 1 2 1 1 3 1 4 1 1 4 1 3 4 3 1 2 1 4 1 1 1 3 3 4 1 3 4 1 2 2 2 1 3 3 1 3 3 1 1 1 3 4 1 1 1 1 1 4 2 1 4 4 1 3 3 3 1 2 4
179 0.125000 3 2 3 2 2 4 1 1 1 3 1 3 1 4 1 1 3 3 3 1 2 2 1 1 4 3 3 2 4 1 1 1 2 3 3 1 3 2 3 1 3 3 1 1 3 4 2 1 2 1 2 2 4 3 4 2 1 1 2 1 4 1 1 4 4 3 3 1 1 3 1 1 1 4 1 4 3 4 4 3 1 2 4 2 1 3 2 4 4 3 3 2 4 3 2 1 2 4 2 4 1 1 1 4 4 1 3 1 3 4 4 1 1 4 1 1 3 4 3 1 2 1 1 1 1 1 1 3 4 3 3 2 1 2 2 4 2 4 3 1 1 1 1 3 1 3 3 3 4 3 3 3 1 4 3 1 4 3 1 4 3 4 4 3 4 4 1 4 3 4 1 2 3 3 1 3 3 4 3 1 1 3 3 3 3 2 1 3 4 1 3 4 1 1 4 1 2 1 1 3 1 4 1 1 4 1 3 4 3 1 2 1 4 1 1 1 3 3 4 1 3 4 1 2 2 2 1 3 3 1 3 3 1 1 1 3 4 1 1 1 1 1 4 2 1 4 4 1 3 3 3 1 2 4
179 0.125000 3 2 3 2 2 4 1 1 1 3 1 3 1 4 1 1 3 3 3 1 2 4 1 1 4 3 3 2 1 1 1 1 2 3 3 1 3 2 3 1 1 3 1 3 3 4 2 1 2 1 2 2 4 3 4 2 1 1 2 1 4 1 1 4 4 3 3 1 1 3 1 1 1 4 1 4 3 4 4 3 1 2 4 2 1 3 2 4 4 3 3 2 4 3 2 1 2 4 2 4 1 1 1 4 4 1 3 1 3 4 4 1 1 4 1 1 3 4 3 1 2 1 1 3 3 1 3 3 4 3 3 2 1 2 2 4 4 4 3 1 1 1 1 3 1 3 3 3 4 3 3 3 1 4 3 1 4 3 1 4 3 4 4 3 4 4 1 4 3 4 1 2 3 3 1 3 3 4 3 1 1 3 3 3 3 2 1 3 4 1 3 4 1 1 4 1 2 1 1 3 1 4 1 1 4 1 3 4 3 1 2 1 4 1 1 1 3 3 4 1 3 4 1 2 2 2 1 3 3 1 3 3 1 1 1 3 4 1 1 1 1 1 4 2 1 4 4 1 3 3 3 1 2 4
179 0.125000 3 2 3 2 2 4 1 2 3 3 1 3 1 4 1 1 3 3 3 1 2 2 1 1 4 3 3 2 4 1 1 1 2 3 3 1 3 2 3 1 1 3 3 1 3 4 2 1 2 1 2 2 4 3 4 2 1 1 2 1 4 1 1 4 4 3 3 1 1 3 1 1 1 4 1 4 3 4 4 3 1 2 4 2 1 3 2 4 4 3 3 2 4 3 2 1 2 4 2 4 1 1 1 4 4 1 3 1 3 4 4 1 1 4 1 1 3 4 3 1 2 1 1 1 1 1 1 3 4 3 3 2 1 2 2 4 2 4 3 1 3 1 1 3 1 3 3 3 4 3 3 3 1 4 3 1 4 3 1 4 3 4 4 3 4 4 1 4 3 4 1 2 3 3 1 3 3 4 3 1 1 3 3 3 3 2 1 3 4 1 3 4 1 1 4 1 2 1 1 3 1 4 1 1 4 1 3 4 3 1 2 1 4 1 1 1 3 3 4 1 3 4 1 2 2 2 1 3 3 1 3 3 1 1 1 3 4 1 1 1 1 1 4 2 1 4 4 1 3 3 3 1 2 4
179 0.250000 3 2 3 2 2 4 1 1 1 3 1 3 1 4 1 1 3 3 3 1 2 2 1 1 4 3 3 2 4 1 1 1 2 3 3 1 3 2 3 1 1 3 1 3 3 4 2 1 2 1 2 2 4 3 4 2 1 1 2 1 4 1 1 4 4 3 3 1 1 3 1 1 1 4 1 4 3 4 4 3 1 2 4 2 1 3 2 4 4 3 3 2 4 3 2 1 2 4 2 4 1 1 1 4 4 1 3 1 3 4 4 1 1 4 1 1 3 4 3 1 2 1 1 3 3 1 3 3 4 3 3 2 1 2 2 4 4 4 3 1 1 1 1 3 1 3 3 3 4 3 3 3 1 4 3 1 4 3 1 4 3 4 4 3 4 4 1 4 3 4 1 2 3 3 1 3 3 4 3 1 1 3 3 3 3 2 1 3 4 1 3 4 1 1 4 1 2 1 1 3 1 4 1 1 4 1 3 4 3 1 2 1 4 1 1 1 3 3 4 1 3 4 1 2 2 2 1 3 3 1 3 3 1 1 1 3 4 1 1 1 1 1 4 2 1 4 4 1 3 3 3 1 2 4
179 0.125000 3 2 3 2 2 4 1 1 1 3 1 3 1 4 1 1 3 3 3 1 2 2 1 3 4 3 3 2 4 1 1 1 2 3 3 1 3 2 3 1 1 3 1 3 3 4 2 1 2 1 2 2 4 3 4 2 1 1 2 1 4 1 1 4 4 3 3 1 1 3 1 1 1 4 1 4 3 4 4 3 1 2 4 2 1 3 2 4 4 3 3 2 4 3 2 1 2 4 2 4 1 1 1 4 4 1 3 1 3 4 4 1 1 4 1 1 3 4 3 1 2 1 1 3 3 1 3 3 4 3 3 2 1 2 2 4 4 4 3 1 1 1 1 3 1 3 3 3 4 3 3 3 1 4 3 1 4 3 1 4 3 4 4 3 4 4 1 4 3 4 1 2 3 3 1 3 3 4 3 1 1 3 3 3 3 2 1 3 4 1 3 4 1 1 4 1 2 1 1 3 1 4 1 1 4 1 3 4 3 1 2 1 4 1 1 1 3 3 4 1 3 4 1 2 2 2 1 3 3 1 3 3 1 1 1 3 4 1 1 1 1 1 4 2 1 4 4 1 3 3 3 1 2 4
179 0.125000 3 2 3 4 2 4 1 1 1 3 1 3 1 4 1 1 3 3 3 1 4 2 1 1 4 3 3 2 4 1 1 1 2 3 3 1 3 2 3 2 1 3 1 1 3 4 2 1 2 1 2 2 4 3 4 2 1 1 2 1 4 1 1 4 4 3 3 1 1 3 1 1 1 4 1 4 3 4 4 3 1 2 4 2 1 3 2 4 4 3 3 2 4 3 2 1 2 4 2 4 1 1 1 4 4 1 3 1 3 4 4 1 1 4 1 1 3 4 3 1 2 1 1 1 1 1 1 3 4 3 3 2 1 2 2 4 2 4 3 1 1 1 1 3 1 3 3 3 4 3 3 3 1 4 3 1 4 3 1 4 3 4 4 3 4 4 1 4 3 4 3 2 3 3 1 3 3 4 3 1 1 3 3 3 3 2 1 3 4 1 3 4 1 1 4 1 2 1 1 3 1 4 1 1 4 1 3 4 3 1 2 1 4 1 1 1 3 3 4 1 3 4 1 2 2 2 1 3 3 1 3 3 1 1 1 3 4 1 1 1 1 1 4 2 1 4 4 1 3 3 3 1 2 4
438 0.050000 1 2 3 2 2 4 3 1 1 3 1 3 1 4 1 1 3 3 3 3 2 2 1 1 4 3 3 2 4 1 1 1 2 3 3 1 3 2 3 1 1 1 2 1 3 4 2 1 2 1 2 2 4 3 4 2 1 1 2 1 4 1 1 4 4 3 3 1 1 3 1 1 1 4 1 4 3 4 4 3 1 2 4 2 1 3 2 4 4 3 3 2 4 3 2 1 2 4 2 4 1 1 1 4 4 1 3 1 3 4 4 1 1 4 1 1 3 3 3 1 2 1 1 1 1 1 1 3 4 3 3 2 1 2 2 4 2 4 3 1 1 1 1 3 1 3 3 3 3 3 3 3 1 4 3 1 4 3 3 4 3 4 4 3 4 4 1 4 3 4 1 2 3 3 1 3 3 4 3 1 1 3 3 3 3 2 1 3 4 1 3 4 1 2 4 1 2 1 1 3 1 4 1 1 4 1 3 4 3 1 2 1 4 1 1 1 3 3 4 1 3 4 1 2 2 2 1 3 3 1 3 3 1 1 1 3 4 1 1 1 1 1 4 2 1 4 4 1 3 3 3 1 2 4
438 0.050000 3 2 3 2 2 4 3 1 1 3 1 3 1 4 1 1 3 3 3 1 2 2 1 1 4 3 3 2 4 1 1 1 2 3 3 1 3 2 3 1 1 1 2 1 3 4 2 1 2 1 2 2 4 3 4 2 1 1 2 1 4 1 1 4 4 3 3 1 1 3 1 1 1 4 1 4 3 4 4 3 1 2 4 2 1 3 2 4 4 3 3 2 4 3 2 1 2 4 2 4 1 1 1 4 4 1 3 1 3 4 4 1 1 4 3 2 3 4 3 1 2 1 1 1 1 1 1 3 4 3 3 2 1 2 2 4 2 4 3 1 1 1 1 3 1 3 3 3 4 3 3 3 1 3 3 1 4 3 3 2 3 4 4 3 4 4 1 4 1 4 1 4 3 3 1 3 3 4 3 1 1 3 3 3 3 2 1 3 4 1 3 4 1 1 4 1 2 1 1 3 1 4 1 1 4 1 3 4 3 1 2 1 4 1 1 1 3 3 4 1 3 4 1 2 2 2 1 3 3 1 3 3 1 1 1 3 4 1 1 1 1 1 4 2 1 4 4 1 3 3 3 1 2 4
438 0.050000 3 2 3 2 2 4 3 1 1 3 1 3 1 4 1 1 3 3 3 1 2 2 1 1 4 3 3 2 4 1 1 1 2 3 3 1 3 2 3 1 1 1 2 1 1 4 2 1 2 1 2 2 4 3 4 2 1 1 2 1 4 1 1 4 4 3 3 1 1 3 1 1 1 4 1 4 3 4 4 3 1 2 4 2 1 3 2 4 4 3 3 2 4 3 2 1 2 4 2 4 1 1 1 4 4 1 3 1 3 4 4 1 1 4 1 2 3 4 3 1 2 1 1 1 1 1 1 3 4 3 3 2 1 2 2 4 2 4 3 1 1 1 1 3 1 3 3 3 4 3 3 3 1 4 3 1 4 3 3 2 3 4 4 3 4 4 1 4 1 4 1 2 3 3 1 3 3 4 3 1 1 3 3 3 3 2 1 3 4 1 3 4 1 1 4 1 2 1 1 3 1 4 1 1 4 1 3 4 3 1 2 1 4 1 1 1 3 3 4 1 3 4 1 2 2 2 1 3 3 1 3 3 1 1 1 3 4 1 1 1 1 1 4 2 1 4 4 1 3 3 3 1 2 4
438 0.050000 1 2 3 2 2 4 3 1 1 1 1 3 1 1 1 1 3 1 3 1 2 2 1 1 2 3 3 2 4 1 1 1 2 3 3 1 1 2 3 1 1 1 2 1 3 4 1 1 2 1 2 2 4 3 4 2 1 1 2 1 4 1 1 4 4 3 3 1 1 3 1 1 1 4 1 4 3 4 4 3 1 2 4 2 1 3 2 4 4 3 3 2 4 3 2 1 2 4 2 4 1 1 1 4 4 1 3 1 3 4 4 1 1 4 1 1 3 4 3 1 2 1 1 1 1 1 1 3 4 3 3 1 1 2 2 4 2 4 3 1 1 1 3 3 1 3 3 3 4 3 3 1 1 4 3 1 4 3 3 4 3 4 4 3 4 4 1 4 3 4 1 2 3 3 1 3 3 4 3 1 1 3 3 3 3 2 1 3 4 1 3 4 1 1 4 1 2 1 1 3 1 4 1 1 4 1 3 4 3 1 2 1 4 1 1 1 3 3 4 1 3 4 1 2 2 2 1 3 3 1 3 3 1 1 1 3 4 1 1 1 1 1 4 2 1 4 4 1 3 3 3 1 2 4
438 0.050000 3 2 3 2 4 4 3 1 1 3 1 3 1 4 1 1 3 3 3 1 2 2 1 1 4 1 3 2 4 1 1 1 2 3 3 1 3 2 3 1 1 1 2 1 3 4 2 0 0 0 0 0 0 0 0 0 0 0 0 0 0 0 0 0 0 0 0 0 0 0 0 0 0 0 0 0 0 0 0 0 0 0 0 0 0 0 0 0 0 0 0 0 0 0 0 0 0 0 0 0 0 0 0 0 1 3 3 1 3 4 4 1 1 4 1 1 3 4 3 1 2 1 1 1 1 3 1 1 4 3 3 1 1 2 2 4 2 4 3 1 1 1 1 3 1 3 3 3 4 3 3 3 1 4 3 1 4 3 3 2 3 4 4 3 4 4 1 4 1 4 1 2 3 3 1 3 3 4 3 1 1 3 3 3 3 2 1 3 4 1 3 4 1 1 4 1 2 1 1 3 1 4 1 1 4 1 3 4 3 1 2 1 4 1 1 1 3 3 4 1 3 4 1 2 2 2 1 3 3 1 3 3 1 1 1 3 4 1 1 1 1 1 4 2 1 4 4 1 3 3 3 1 2 4
438 0.050000 3 2 3 2 2 2 3 1 1 1 1 3 1 4 1 1 3 3 3 1 2 2 1 1 4 3 3 2 4 1 1 1 2 3 1 1 3 2 3 1 1 1 2 1 3 4 2 1 2 1 2 2 4 3 4 2 1 1 2 1 4 1 1 4 4 3 3 1 1 3 1 1 1 4 1 4 3 4 4 3 1 2 4 2 1 3 2 4 4 3 3 2 4 3 2 1 2 4 2 4 1 1 1 4 4 1 3 1 3 4 4 1 1 4 1 1 3 4 3 1 2 1 1 1 1 1 1 3 4 3 3 2 1 2 2 4 2 2 1 1 1 1 1 3 1 3 3 3 4 3 3 3 1 4 3 1 4 3 3 2 3 4 4 3 4 4 1 4 3 4 1 2 3 3 1 3 3 4 3 1 1 3 3 3 3 2 1 3 4 1 3 4 1 1 4 1 2 1 1 3 1 4 1 1 4 1 3 4 3 1 2 1 4 1 1 1 3 3 4 1 3 4 1 2 2 2 1 3 3 1 3 3 1 1 1 3 4 1 1 1 1 1 4 2 1 4 4 1 3 3 3 1 2 4
438 0.050000 3 2 3 2 2 4 3 1 1 3 1 3 1 4 1 1 3 3 3 1 2 2 1 1 4 3 3 2 4 1 1 1 2 3 3 1 3 2 3 1 1 1 2 1 3 4 2 1 2 1 2 2 4 3 4 2 1 1 2 1 4 1 1 4 4 3 3 1 1 3 1 1 1 4 1 4 3 4 4 3 1 2 4 2 1 3 2 4 4 3 3 2 4 3 2 1 2 4 2 4 1 1 1 4 4 1 3 1 3 4 4 1 1 4 1 2 3 4 3 1 2 1 1 1 1 1 1 3 4 3 3 2 1 2 2 4 2 4 3 1 1 1 1 3 1 3 3 3 4 3 3 3 1 4 3 1 4 3 3 2 3 4 4 3 4 4 1 4 1 4 1 2 3 3 1 3 3 4 3 1 1 3 3 3 3 2 1 3 4 1 3 4 1 1 4 1 2 1 1 3 1 4 1 1 4 1 3 4 3 1 2 1 4 1 1 1 3 3 4 1 3 4 1 2 2 2 1 3 3 1 3 3 1 1 1 3 4 1 1 1 1 1 4 2 1 4 4 1 3 3 3 1 2 4
438 0.050000 3 2 3 2 2 4 3 1 1 3 1 1 3 4 1 1 3 3 3 1 2 2 1 1 4 3 3 2 4 1 1 1 2 3 3 1 3 2 3 1 1 1 2 1 3 4 2 1 2 1 2 2 4 3 4 2 1 1 2 1 4 1 1 4 4 3 3 1 1 3 1 1 1 4 1 4 3 4 4 3 1 2 4 2 1 3 2 4 4 3 3 2 4 3 2 1 2 4 2 4 1 1 1 4 4 1 3 1 3 4 4 1 1 4 1 1 3 4 3 1 2 1 1 1 1 1 1 3 4 3 3 2 1 2 2 4 2 4 3 1 1 1 1 3 1 3 3 3 4 3 3 3 1 4 3 1 4 3 3 2 3 4 2 3 4 4 1 4 1 4 1 2 1 1 1 3 3 4 3 1 1 3 3 3 3 2 1 3 4 1 3 4 1 1 4 1 2 1 1 1 1 4 1 1 4 1 3 4 3 1 2 1 4 1 1 1 3 3 4 1 3 4 1 2 2 2 1 3 3 1 3 3 1 1 1 3 4 1 1 1 1 1 4 2 1 0 0 0 0 0 0 0 0 0
438 0.050000 3 2 3 2 2 4 3 1 1 3 1 3 1 4 1 1 3 3 3 1 2 2 1 1 4 3 3 2 4 1 1 1 2 3 3 1 3 2 3 1 1 1 2 1 3 4 2 1 2 1 2 2 4 3 4 2 1 1 2 1 4 1 1 4 4 3 3 1 1 3 1 1 1 4 1 4 3 4 4 3 1 2 4 2 1 3 2 4 4 3 3 2 4 3 2 1 2 4 2 4 1 1 1 4 4 1 3 1 3 4 4 1 1 4 1 2 3 4 3 1 2 1 1 1 1 1 1 3 2 3 3 2 1 2 2 4 2 4 3 3 1 1 1 3 1 3 3 3 4 3 3 3 1 4 3 1 4 3 3 2 3 4 4 3 4 4 1 4 1 4 1 2 3 3 1 3 3 4 3 1 1 3 3 3 3 2 1 3 4 1 3 4 1 1 4 1 2 1 1 3 1 4 1 1 4 1 3 4 3 1 2 1 4 1 1 1 3 3 4 1 3 4 1 2 2 2 1 3 3 1 3 3 1 1 1 3 4 1 1 1 1 1 4 2 1 4 4 1 3 3 3 1 2 4
438 0.050000 3 2 1 2 4 4 1 1 1 3 1 3 1 4 1 1 3 3 3 1 2 2 1 1 4 3 1 2 4 1 1 1 2 3 3 1 3 2 3 1 1 1 2 1 3 4 2 1 2 1 2 2 4 3 4 2 1 1 2 1 4 1 1 4 4 3 3 1 1 3 1 1 1 4 1 4 3 4 4 3 1 2 4 2 1 3 2 4 4 3 3 2 4 3 2 1 2 4 2 4 1 1 1 4 4 1 3 1 3 4 4 1 1 4 1 1 3 4 1 1 2 1 1 1 1 1 1 3 4 3 3 2 1 2 2 4 2 4 3 1 3 1 1 3 1 3 3 3 4 3 3 3 1 4 3 1 4 3 3 2 3 4 4 3 4 4 1 4 3 4 1 2 3 3 1 3 3 4 3 1 1 3 3 3 3 2 1 3 4 1 3 4 1 1 4 1 2 1 1 3 1 4 1 1 4 1 3 4 3 1 2 1 4 1 1 1 3 3 4 1 3 4 1 2 2 2 1 3 3 1 3 3 1 1 1 3 4 1 1 1 1 1 4 2 1 4 4 1 3 3 3 1 2 4
438 0.050000 3 2 3 2 2 4 3 1 1 3 1 3 1 4 1 1 3 3 3 1 2 2 1 1 4 3 3 2 4 1 1 1 2 3 3 1 3 2 3 1 1 1 2 1 3 4 2 1 2 1 2 2 4 3 4 2 1 1 2 1 4 1 1 4 4 3 3 1 1 3 1 1 1 4 1 4 3 4 4 3 1 2 4 2 1 3 2 4 4 3 3 2 4 3 2 1 2 4 2 4 1 1 1 4 4 1 3 1 3 4 4 1 1 4 1 1 3 4 3 1 1 1 1 1 1 3 1 3 4 3 3 1 1 2 4 4 2 4 3 1 1 1 3 3 1 3 3 3 4 3 3 3 1 4 3 1 4 3 3 2 3 4 4 3 4 4 1 4 1 4 1 2 3 3 1 3 3 4 3 1 1 3 3 3 3 2 1 3 4 1 3 4 1 1 4 1 2 1 1 3 1 4 1 1 4 1 3 4 3 1 2 1 4 1 1 1 3 3 4 1 3 4 1 2 2 2 1 3 3 1 3 3 1 1 1 3 4 1 1 1 1 1 4 2 1 4 4 1 3 3 3 1 2 4
438 0.050000 3 2 3 2 2 4 3 1 1 3 1 3 1 4 1 1 3 3 3 1 2 2 1 1 4 3 3 2 4 1 1 1 2 3 3 1 3 2 1 1 1 1 2 1 3 4 2 1 2 1 2 2 4 3 4 2 1 1 2 1 4 1 1 4 4 3 3 1 1 3 1 1 1 4 1 4 3 4 4 3 1 2 4 2 1 3 2 4 4 3 3 2 4 3 2 1 2 4 2 4 1 1 1 4 4 1 3 1 3 4 4 1 1 4 1 2 3 4 3 1 2 1 1 1 1 1 1 3 4 3 3 2 1 2 2 4 2 4 3 3 1 1 1 1 1 1 3 3 4 3 3 3 1 4 3 1 4 3 3 2 3 4 4 3 4 4 1 4 1 4 1 2 3 3 1 3 3 4 3 1 1 3 3 3 3 2 1 3 4 1 3 4 1 1 4 1 2 1 1 3 1 4 1 1 4 1 3 4 3 1 2 1 4 1 1 1 3 3 4 1 3 4 1 2 2 2 1 3 3 1 3 3 1 1 1 3 4 1 1 1 1 1 4 2 1 4 4 1 3 3 3 1 2 4
438 0.050000 3 2 3 2 4 4 3 1 1 3 1 3 1 4 1 1 3 3 1 1 2 2 1 1 4 3 3 2 4 1 1 1 2 3 3 1 3 2 3 1 1 1 2 1 3 4 2 1 2 1 2 2 4 3 4 2 1 1 2 1 4 1 1 4 4 3 3 1 1 3 1 1 1 4 1 4 3 4 4 3 1 2 4 2 1 3 2 4 4 3 3 2 4 3 2 1 2 4 2 4 1 1 1 4 4 1 3 3 3 2 4 1 1 4 1 1 3 4 3 1 2 1 3 1 1 3 1 3 4 3 3 1 1 2 2 4 2 4 3 1 1 1 3 3 1 3 3 3 4 3 3 3 1 4 3 1 4 3 3 2 3 4 4 3 4 4 1 4 1 4 1 2 3 3 1 3 3 4 3 1 1 3 3 3 3 2 1 3 4 1 3 4 1 1 4 1 2 1 1 3 1 4 1 1 4 1 3 4 3 1 2 1 4 1 1 1 3 3 4 1 3 4 1 2 2 2 1 3 3 1 3 3 1 1 1 3 4 1 1 1 1 1 4 2 1 4 4 1 3 3 3 1 2 4
438 0.050000 3 2 3 2 2 4 3 1 1 3 1 3 1 4 1 1 3 3 3 1 2 2 1 1 4 3 3 2 4 1 1 1 2 3 3 1 3 2 3 1 1 1 2 1 3 4 2 1 2 1 2 2 4 3 4 2 1 1 2 1 4 1 1 4 4 3 3 1 1 3 1 1 1 4 1 4 3 4 4 3 1 2 4 2 1 3 2 4 4 3 3 2 4 3 2 1 2 4 2 4 1 1 1 4 4 1 3 1 3 4 2 1 1 4 1 1 3 4 3 1 2 1 1 1 1 1 1 3 4 3 3 2 1 4 2 4 2 4 3 1 1 1 1 3 1 3 3 3 4 3 3 3 1 4 1 1 4 3 3 2 3 4 4 3 4 4 1 4 3 4 1 2 3 3 1 3 3 4 3 1 1 3 3 3 3 2 1 3 4 1 3 4 1 1 4 1 2 1 1 3 1 4 1 1 4 1 3 4 3 1 2 1 4 1 1 1 3 3 4 1 3 4 1 2 2 2 1 3 3 1 3 3 1 1 1 3 4 1 1 1 1 1 4 2 1 4 4 1 3 3 3 1 2 4
438 0.050000 3 2 3 2 2 4 3 1 1 3 1 3 1 4 1 1 3 3 3 1 2 2 1 1 4 3 3 2 4 1 1 1 2 3 3 1 3 2 3 1 1 1 2 1 3 4 2 1 2 1 2 2 4 3 4 2 1 1 2 1 4 1 1 4 4 3 3 1 1 3 1 1 1 4 1 4 3 4 4 3 1 2 4 2 1 3 2 4 4 3 3 2 4 3 2 1 2 4 2 4 1 1 1 4 4 1 3 1 3 4 4 1 1 4 1 1 3 4 3 1 1 1 1 1 1 3 1 3 4 3 3 1 2 2 2 4 2 4 3 1 1 1 3 3 1 3 3 1 4 3 3 3 1 4 3 1 4 3 3 2 3 4 4 3 4 4 1 4 1 4 1 2 3 3 1 3 3 4 3 1 1 3 3 3 3 2 1 3 4 1 3 4 1 1 4 1 2 1 1 3 1 4 1 1 4 1 3 4 3 1 2 1 4 1 1 1 3 3 4 1 3 4 1 2 2 2 1 3 3 1 3 3 1 1 1 3 4 1 1 1 1 1 4 2 1 4 4 1 3 3 3 1 2 4
438 0.050000 3 2 3 2 2 4 3 1 1 3 1 3 1 4 1 1 3 3 3 1 2 2 1 1 4 3 3 2 4 1 1 1 2 3 3 1 3 2 3 1 1 1 2 1 3 4 2 1 2 1 2 2 4 3 4 2 1 1 2 1 4 1 1 4 4 3 3 1 1 3 1 1 1 4 1 4 3 4 4 3 1 2 4 2 1 3 2 4 4 3 3 2 4 3 2 1 2 4 2 4 1 1 1 4 4 1 3 1 3 4 4 1 1 4 1 1 1 4 3 1 2 1 1 1 1 1 1 3 4 3 3 2 1 2 2 4 2 4 3 1 3 1 1 3 1 3 3 3 4 3 3 3 1 4 3 1 4 3 3 2 3 4 4 3 4 4 1 4 3 4 1 2 3 3 1 3 3 4 3 1 1 3 3 3 3 2 1 3 4 1 3 4 1 1 4 1 2 1 1 3 1 4 1 1 4 1 3 4 3 1 2 1 4 1 1 1 3 3 4 1 3 4 1 2 2 2 1 3 3 1 3 3 1 1 1 3 4 1 1 1 1 1 4 2 1 4 4 1 3 3 3 1 2 4
438 0.050000 3 2 3 2 2 4 3 1 1 3 1 3 1 4 1 1 3 3 3 1 2 4 1 1 4 3 3 2 4 1 1 1 4 3 3 1 3 2 3 1 1 1 2 1 3 2 2 1 2 1 2 2 4 3 4 2 1 1 2 1 4 1 1 4 4 3 3 1 1 3 3 1 1 4 1 4 3 4 4 3 1 2 4 2 1 3 2 4 4 3 3 2 4 3 2 1 2 4 2 4 1 1 1 4 4 1 3 1 3 4 4 1 1 4 1 1 3 4 3 1 2 1 1 1 1 1 1 3 4 3 3 2 1 2 2 4 2 4 3 1 1 1 1 3 1 3 3 3 4 3 3 3 1 4 3 3 4 3 3 2 3 4 4 3 4 4 1 4 1 4 1 2 3 3 1 3 3 4 3 1 1 3 3 3 3 2 1 3 4 1 3 4 1 1 4 1 2 1 1 3 1 4 1 1 4 1 3 4 3 1 2 1 4 1 1 1 3 3 4 1 3 4 1 2 2 2 1 3 3 1 3 3 1 1 1 3 4 1 1 1 1 1 4 2 1 4 4 1 3 3 3 1 2 4
438 0.050000 3 2 3 2 4 4 3 1 1 3 1 3 1 4 1 1 3 3 3 1 2 2 1 1 4 3 3 2 4 1 1 1 2 3 3 1 3 2 3 1 1 1 2 1 3 4 2 1 2 1 2 2 4 3 4 2 1 1 2 1 4 1 1 4 4 3 3 1 1 3 1 1 1 4 1 4 3 4 4 3 1 2 4 2 1 3 2 4 4 3 3 2 4 3 2 1 2 4 2 4 1 1 1 4 4 1 3 3 3 2 4 1 1 4 1 1 3 4 3 1 2 1 1 1 1 3 1 3 4 3 3 1 1 2 2 4 2 4 3 1 1 1 3 3 1 3 3 3 4 3 3 3 1 4 3 1 4 3 3 2 3 4 4 3 4 4 1 4 1 4 1 2 3 3 1 3 3 4 3 1 1 3 3 3 3 2 1 3 4 1 3 4 1 1 4 1 2 1 1 3 1 4 1 1 4 1 3 4 3 1 2 1 4 1 1 1 3 3 4 1 3 4 1 2 2 2 1 3 3 1 3 3 1 1 1 3 4 1 1 1 1 1 4 2 1 4 4 1 3 3 3 1 2 4
438 0.050000 3 2 3 2 2 4 3 1 1 3 1 3 1 4 1 1 3 3 3 1 2 2 1 1 4 3 1 2 4 1 1 1 2 3 3 0 3 2 3 1 1 1 2 1 3 4 2 1 2 1 2 2 4 3 4 2 1 1 2 1 4 1 1 4 4 3 3 1 1 3 1 1 1 4 1 4 3 4 4 3 1 2 4 2 1 3 2 4 4 3 3 2 4 3 2 1 2 4 2 4 1 1 1 4 4 1 3 1 3 4 4 1 1 4 1 1 3 4 3 3 1 1 1 1 1 3 1 3 4 3 3 2 1 2 2 4 2 4 3 1 1 1 3 3 1 3 3 3 4 3 1 3 3 4 3 1 4 4 1 2 3 4 4 3 4 4 1 4 1 4 1 2 3 3 1 3 3 4 3 1 1 3 3 3 3 2 1 3 4 1 3 4 1 1 4 1 2 1 1 3 1 4 1 1 4 1 3 4 3 1 2 1 4 1 1 1 3 3 4 1 3 4 1 2 2 2 1 3 3 1 3 3 1 1 1 3 4 1 1 1 1 1 4 2 1 4 4 1 3 3 3 1 2 4
438 0.050000 3 2 3 2 2 4 3 1 1 3 1 3 1 4 1 1 3 3 3 1 2 2 1 1 4 3 3 2 4 1 1 1 2 3 3 1 3 2 3 1 1 1 2 1 3 4 2 1 2 1 2 2 4 3 4 2 1 1 2 1 4 1 1 4 4 3 3 1 1 3 1 1 1 4 1 4 3 4 4 3 1 2 4 2 1 3 2 4 4 3 3 2 4 3 2 1 2 4 2 4 1 1 1 4 4 1 3 1 3 4 4 1 1 4 1 1 3 4 3 1 2 1 1 1 1 1 1 3 4 3 3 2 1 2 2 4 2 4 3 1 3 1 1 3 1 3 3 3 4 3 3 3 1 4 3 1 4 4 1 2 3 4 4 3 4 4 1 4 1 4 1 2 3 3 1 3 3 4 3 1 1 3 3 3 3 2 1 3 4 1 3 4 1 1 4 1 2 1 1 3 1 4 1 1 4 1 3 4 3 1 2 1 4 1 1 1 3 3 4 1 3 4 1 2 2 2 1 3 3 1 3 3 1 1 1 3 4 1 1 1 1 1 4 2 1 4 4 1 3 3 3 1 2 4
