0 0.428571 3 3 4 3 2 2 1 4 3 1 1 3 3 1 4 2 4 3 1 4 3 2 3 4 3 1 1 3 4 2 1 1 2 3 3 4 3 1 1 1 3 2 2 3 1 1 4 4 1 4 1 1 3 3 4 1 2 3 4 1 3 3 3 4 1 1 4 3 4 4 1 2 2 1 3 4 1 1 4 1 3 4 3 1 4 1 1 1 3 1 1 2 3 1 3 1 1 1 1 3 3 1 2 2 4 1 1 1 2 1 1 2 3 1 4 3 1 1 2 4 1 1 2 4 4 2 4 1 4 4 3 2 1 1 4 1 2 1 4 2 1 1 1 1 2 4 3 4 1 1 4 3 3 4 1 2 2 1 4 1 3 4 4 3 1 4 3 3 4 1 2 4 1 2 2 2 4 3 3 4 4 1 1 4 1 3 4 1 2 2 1 4 1 4 4 4 1 1 4 3 1 4 1 2 2 1 4 3 4 2 4 1 1 4 3 3 1 2 3 4 2 4 2 3 4 2 1 1 1 1 3 1 3 4 3 3 1 1 2 4 1 3 1 3 3 3 3 1 3 4 2 4 1 1 1 4 1 1 1 2 4 4 2 1 2 2 1 3 1 3 1 2 2 2 2 3 1 4 4 2 3 3 3 1 3 3 4 1 4 1 3 1 1 3 2 1 2 2 1 1 2 1 3 2 1 3 1 3 1 3 1 1 1 1 1 2 4 1 4 1 3 3 3 1 3 3 1 1 4 4 3 4 4 4 1 3 2 2 1 4 1 4 1 4 4 3 1 1 2 1 3 1 1 3 4 0 3 3 1 2 4 4 4 2 2 1 2 4 3 3 3 3 2 3 4 4 2 2 1 3 3 1 3 3 4 3 4 3 3 4 2 4 3 3 3 2 3 3 3 1 2 3 3 3 3 1 3 4 3 3 4 2 1 1 2 2 2 4 2 1 3 1 4 3 2 4 3 2 1 4 1 4 1 1 3 2 1 3 2 4 3 2 4 4 4 4 2 3 2 2 4 3 4 1 2 4 3 3 3 4 2 4 2 4 2 4 1 3 3 4 1 3 1 2 2 1 3 1 4 2 4 3 1 3 2 2 4 3 3 3 1 3 2 4 2 4 2 4 3 3 2 4 1 4 2 4 1 3
0 0.071429 3 3 4 3 2 2 1 4 3 1 1 3 3 1 4 2 4 3 1 4 3 2 3 4 3 1 1 3 4 2 1 1 2 3 3 4 3 1 1 1 3 2 2 3 1 1 2 4 1 4 1 1 3 3 4 1 2 3 4 1 3 3 3 4 1 1 4 3 4 4 1 2 2 1 3 4 1 1 4 1 3 4 3 1 4 1 1 1 3 1 1 2 3 1 3 1 1 1 1 3 3 1 2 2 4 1 1 1 2 1 1 2 3 1 4 3 1 1 2 4 1 1 2 4 4 2 4 1 4 4 3 2 1 1 4 1 2 1 4 2 1 1 1 1 2 4 3 4 1 1 4 3 3 4 1 2 2 1 4 1 3 4 4 3 1 4 3 3 4 1 2 4 1 2 2 2 4 3 3 4 4 1 1 4 1 3 4 1 2 2 1 4 1 4 4 4 1 1 4 3 1 4 1 2 2 1 4 3 4 2 4 1 1 4 3 3 1 2 3 4 2 4 2 3 4 2 1 1 1 1 3 1 3 4 3 3 1 1 2 4 1 3 1 3 3 3 3 1 3 4 2 4 1 1 1 4 1 1 1 2 4 4 2 1 2 2 1 3 1 3 1 2 2 2 2 3 1 4 4 2 3 3 3 1 3 3 4 1 4 1 3 1 1 3 2 1 2 2 1 1 2 1 3 2 1 3 1 3 1 3 1 1 1 1 1 2 4 1 4 1 3 3 3 1 3 3 1 1 4 4 3 4 4 4 1 3 2 2 1 4 1 4 1 4 4 3 1 1 2 1 3 1 1 3 4 0 3 3 1 2 4 4 4 2 2 1 2 4 3 3 3 3 2 3 4 4 2 2 1 3 3 1 3 3 4 3 4 3 3 4 2 4 3 3 3 2 3 3 3 1 2 3 3 3 3 1 3 4 3 3 4 2 1 1 2 2 2 4 2 1 3 1 4 3 2 4 3 2 1 4 1 4 1 1 3 2 1 3 2 4 3 2 4 4 4 4 2 3 2 2 4 3 4 1 2 4 3 3 3 4 2 4 2 4 2 4 1 3 3 4 1 3 1 2 2 1 3 1 4 2 4 3 1 3 2 2 4 3 3 3 1 3 2 4 2 4 2 4 3 3 2 4 1 4 2 4 1 3
0 0.071429 3 3 4 3 2 2 1 4 2 1 1 3 3 1 4 2 4 3 1 4 3 2 3 4 3 1 1 3 4 2 1 1 2 3 3 4 3 1 1 1 3 2 2 3 1 1 4 4 1 4 1 1 3 3 4 1 2 3 4 1 3 3 3 4 1 1 4 3 4 4 1 2 2 1 3 4 1 1 4 1 3 4 3 1 4 1 1 1 3 1 1 2 3 1 3 1 1 1 1 3 3 1 2 2 4 1 1 1 2 1 1 2 3 1 4 3 1 1 2 4 1 1 2 4 4 2 4 1 4 4 3 2 1 1 4 1 2 1 4 2 1 1 1 1 2 4 3 4 1 1 4 3 3 4 1 2 2 1 4 1 3 4 4 3 1 4 3 3 4 1 2 4 1 2 2 2 4 3 3 4 4 1 1 4 1 3 4 1 2 2 1 4 1 4 4 4 1 1 4 3 1 4 1 2 2 1 4 3 4 2 4 1 1 4 3 3 1 2 3 4 2 4 2 3 4 2 1 1 1 1 3 1 3 4 3 3 1 1 2 4 1 3 1 3 3 3 3 1 3 4 2 4 1 1 1 4 1 1 1 2 4 4 2 1 2 2 1 3 1 3 1 2 2 2 2 3 1 4 4 2 3 3 3 1 3 3 4 1 4 1 3 1 1 3 2 1 2 2 1 1 2 1 3 2 1 3 1 3 1 3 1 1 1 1 1 2 4 1 4 1 3 3 3 1 3 3 1 1 4 4 3 4 4 4 1 3 2 2 1 4 1 4 1 4 4 3 1 1 2 1 3 1 1 3 4 0 3 3 1 2 4 4 4 2 2 1 2 4 3 3 3 3 2 3 4 4 2 2 1 3 3 1 3 3 4 3 4 3 3 4 2 4 3 3 3 2 3 3 3 1 2 3 3 3 3 1 3 4 3 3 4 2 1 1 2 2 2 4 2 1 3 1 4 3 2 4 3 2 1 4 1 4 1 1 3 2 1 3 2 4 3 2 4 4 4 4 2 3 2 2 4 3 4 1 2 4 3 3 3 4 2 4 2 4 2 4 1 3 3 4 1 3 1 2 2 1 3 1 4 2 4 3 1 3 2 2 4 3 3 3 1 3 2 4 2 4 2 4 3 3 2 4 1 4 2 4 1 3
0 0.071429 3 3 4 3 2 2 1 4 3 1 1 3 3 1 4 2 4 3 1 4 3 2 3 4 3 1 1 3 4 2 1 1 2 3 3 4 3 1 1 1 4 2 2 3 1 1 4 4 1 4 1 1 3 3 4 1 2 3 4 1 3 3 3 4 1 1 4 3 4 4 1 2 2 1 3 4 1 1 4 1 3 4 3 1 4 1 1 1 3 1 1 2 3 1 3 1 1 1 1 3 3 1 2 2 4 1 1 1 2 1 1 2 3 1 4 3 1 1 2 4 1 1 2 4 4 2 4 1 4 4 3 2 1 1 4 1 2 1 4 2 1 1 1 1 2 4 3 4 1 1 4 3 3 4 1 2 2 1 4 1 3 4 4 3 1 4 3 3 4 1 2 4 1 2 2 2 4 3 3 4 4 1 1 4 1 3 4 1 2 2 1 4 1 4 4 4 1 1 4 3 1 4 1 2 2 1 4 3 4 2 4 1 1 4 3 3 1 2 3 4 2 4 2 3 4 2 1 1 1 1 3 1 3 4 3 3 1 1 2 4 1 3 1 3 3 3 3 1 3 4 2 4 1 1 1 4 1 1 1 2 4 4 2 1 2 2 1 3 1 3 1 2 2 2 2 3 1 4 4 2 3 3 3 1 3 3 4 1 4 1 3 1 1 3 2 1 2 2 1 1 2 1 3 2 1 3 1 3 1 3 1 1 1 1 1 2 4 1 4 1 3 3 3 1 3 3 1 1 4 4 3 4 4 4 1 3 2 2 1 4 1 4 1 4 4 3 1 1 2 1 3 1 1 3 4 0 3 3 1 2 4 4 4 2 2 1 2 4 3 3 3 3 2 3 4 4 2 2 1 3 3 1 3 3 4 3 4 3 3 4 2 4 3 3 3 2 3 3 3 1 2 3 3 3 3 1 3 4 3 3 4 2 1 1 2 2 2 4 2 1 3 1 4 3 2 4 3 2 1 4 1 4 1 1 3 2 1 3 2 4 3 2 4 4 4 4 2 3 2 2 4 3 4 1 2 4 3 3 3 4 2 4 2 4 2 4 1 3 3 4 1 3 1 2 2 1 3 1 4 2 4 3 1 3 2 2 4 3 3 3 1 3 2 4 2 4 2 4 3 3 2 4 1 4 2 4 1 3
0 0.071429 3 3 4 3 2 2 1 4 3 1 1 3 3 1 4 2 4 3 1 4 3 2 3 4 3 1 1 3 4 2 1 1 2 3 3 4 3 1 1 1 3 2 2 3 1 1 4 4 1 4 1 1 3 3 4 1 2 3 4 1 3 3 3 4 1 1 4 3 4 4 1 2 2 1 3 4 1 1 4 1 3 4 3 1 4 1 1 1 3 1 1 2 3 1 3 1 1 1 1 3 3 1 2 2 4 1 1 1 2 1 1 2 3 1 4 3 1 1 2 4 1 1 2 4 4 2 4 1 4 4 3 2 1 1 4 1 2 1 4 2 1 1 1 1 2 4 3 4 1 1 4 3 3 4 1 2 2 1 4 1 3 4 4 3 1 4 3 3 4 1 2 4 1 2 2 2 4 3 3 4 4 1 1 4 1 3 4 1 2 2 1 4 1 4 4 4 1 1 4 3 1 4 1 2 2 1 4 3 4 2 4 1 1 4 3 3 1 2 3 4 2 4 2 3 4 2 1 1 1 1 3 1 3 4 3 3 1 1 2 4 1 3 1 3 3 3 3 1 3 4 2 4 1 1 1 4 1 1 1 2 4 4 2 1 2 2 1 3 1 3 1 2 2 2 2 3 1 4 4 2 3 3 3 1 1 3 4 1 4 1 3 1 1 3 2 1 2 2 1 1 2 1 3 2 1 3 1 3 1 3 1 1 1 1 1 2 4 1 4 1 3 3 3 1 3 3 1 1 4 4 3 4 4 4 1 3 2 2 1 4 1 4 1 4 4 3 1 1 2 1 3 1 1 3 4 0 3 3 1 2 4 4 4 2 2 1 2 4 3 3 3 3 2 3 4 4 2 2 1 3 3 1 3 3 4 3 4 3 3 4 2 4 3 3 3 2 3 3 3 1 2 3 3 3 3 1 3 4 3 3 4 2 1 1 2 2 2 4 2 1 3 1 4 3 2 4 3 2 1 4 1 4 1 1 3 2 1 3 2 4 3 2 4 4 4 4 2 3 2 2 4 3 4 1 2 4 3 3 3 4 2 4 2 4 2 4 1 3 3 4 1 3 1 2 2 1 3 1 4 2 4 3 1 3 2 2 4 3 3 3 1 3 2 4 2 4 2 4 3 3 2 4 1 4 2 4 1 3
0 0.071429 3 3 4 3 2 2 1 4 3 1 1 3 3 1 4 2 4 3 1 4 3 2 3 4 3 1 1 3 4 2 1 1 2 3 3 4 3 1 1 1 3 2 2 3 1 1 4 4 1 4 1 1 3 3 4 1 2 3 4 1 3 3 3 4 1 1 4 3 4 4 1 2 2 1 3 4 1 1 4 1 3 4 3 1 4 1 1 1 3 1 1 2 3 1 3 1 1 1 1 3 3 1 2 2 4 1 1 1 2 1 1 2 3 1 4 3 1 1 2 4 1 1 2 4 4 2 4 1 4 4 3 2 1 1 4 1 2 1 4 2 1 1 1 1 2 4 3 4 1 1 4 3 3 4 1 2 2 1 4 1 3 4 4 3 1 4 3 3 4 1 2 4 1 2 2 2 4 3 3 4 4 1 1 4 1 3 4 1 2 2 1 4 1 4 4 4 1 1 4 3 1 4 1 2 2 1 4 3 4 2 4 1 1 4 3 3 1 2 3 4 2 4 2 3 4 2 1 1 1 1 3 1 3 4 3 3 1 1 2 4 1 3 1 3 3 3 3 1 3 4 2 4 1 1 1 4 1 1 1 2 4 4 2 1 2 2 1 3 1 3 1 2 2 2 4 3 1 4 4 2 3 3 3 1 3 3 4 1 4 1 3 1 1 3 2 1 2 2 1 1 2 1 3 2 1 3 1 3 1 3 1 1 1 1 1 2 4 1 4 1 3 3 3 1 3 3 1 1 4 4 3 4 4 4 1 3 2 2 1 4 1 4 1 4 4 3 1 1 2 1 3 1 1 3 2 0 3 3 1 2 4 4 4 2 2 1 2 4 3 3 3 3 2 3 4 4 2 2 1 3 3 1 3 3 4 3 4 3 3 4 2 4 3 3 3 2 3 3 3 1 2 3 3 3 3 1 3 4 3 3 4 2 1 1 2 2 2 4 2 1 3 1 4 3 2 4 3 2 1 4 1 4 1 1 3 2 1 3 2 4 3 2 4 4 4 4 2 3 2 2 4 3 4 1 2 4 3 3 3 4 2 4 2 4 2 4 1 3 3 4 1 3 1 2 2 1 3 1 4 2 4 3 1 3 2 2 4 3 3 3 1 3 2 4 2 4 2 4 3 3 2 4 1 4 2 4 1 3
0 0.071429 1 3 4 3 2 2 1 4 3 1 1 3 3 1 4 2 4 3 1 4 3 2 3 4 3 1 1 3 4 2 1 1 2 3 3 4 3 1 1 1 3 2 2 3 1 1 4 4 1 4 1 3 3 3 4 1 2 3 4 1 3 3 3 4 1 1 4 3 4 4 1 2 2 1 3 4 1 1 4 1 3 4 3 1 4 1 1 1 3 1 1 2 3 1 3 1 1 1 1 3 3 1 2 2 4 1 1 1 2 1 1 2 3 1 4 3 1 1 2 4 1 1 2 4 4 2 4 1 4 4 3 2 1 1 4 1 2 1 4 2 1 1 1 1 2 4 3 4 1 1 4 3 3 4 1 2 2 1 4 1 3 4 4 3 1 4 3 3 4 1 2 4 1 2 2 2 4 3 3 4 4 1 1 4 1 3 4 1 2 2 1 4 1 4 4 4 1 1 4 3 1 4 1 2 2 1 4 3 4 2 4 1 1 4 3 3 1 2 3 4 2 4 2 3 4 2 1 1 1 1 3 1 3 4 3 3 1 1 2 4 1 3 1 3 3 3 3 1 3 4 2 4 1 1 1 4 1 1 1 2 4 4 2 1 2 2 1 3 1 3 1 2 2 2 2 3 1 4 4 2 3 3 3 1 3 3 4 1 4 1 3 1 1 3 2 1 2 2 1 1 2 1 3 2 1 3 1 3 1 3 1 1 1 1 1 2 4 1 4 1 3 3 3 1 3 3 1 1 4 4 3 4 4 4 1 3 2 2 1 4 1 4 1 4 4 3 1 1 2 1 3 1 1 3 4 0 3 3 1 2 4 4 4 2 2 1 2 4 3 3 3 3 2 3 4 4 2 2 1 3 3 1 3 3 4 3 4 3 3 4 2 4 3 3 3 2 3 3 3 1 2 3 3 3 3 1 3 4 3 3 4 2 1 1 2 2 2 4 2 1 3 1 4 3 2 4 3 2 1 4 1 4 1 1 3 2 1 3 2 4 3 2 4 4 4 4 2 3 2 2 4 3 4 1 2 4 3 3 3 4 2 4 2 4 2 4 1 3 3 4 1 3 1 2 2 1 3 1 4 2 4 3 1 3 2 2 4 3 3 3 1 3 2 4 2 4 2 4 3 3 2 4 1 4 2 4 1 3
0 0.071429 3 3 4 3 2 2 1 4 3 1 1 3 3 1 4 2 4 3 1 4 3 2 3 4 3 1 1 3 4 2 1 1 2 3 3 4 3 1 1 1 3 2 2 3 1 1 4 4 1 4 1 1 3 3 4 1 2 3 4 1 3 3 3 4 1 1 4 3 4 4 1 2 2 1 3 4 1 1 4 1 3 4 3 1 4 1 1 1 3 1 1 2 3 1 3 1 1 1 1 3 3 1 2 2 4 1 1 1 2 1 1 2 3 1 4 3 1 1 2 4 1 1 2 4 4 2 4 1 4 4 3 2 1 1 4 1 2 1 4 2 1 1 1 1 2 4 3 4 1 1 4 3 3 4 1 2 2 1 4 1 3 4 4 3 1 4 3 3 4 1 2 4 1 2 2 2 4 3 3 4 4 1 1 4 1 3 4 1 2 2 1 4 1 4 4 4 1 1 4 3 1 4 1 2 2 1 4 3 4 2 4 1 1 4 3 3 1 2 3 4 2 4 2 3 4 2 1 1 1 1 3 1 3 4 3 3 1 1 2 4 1 3 1 3 3 3 3 1 3 4 2 4 1 1 1 4 1 1 1 2 4 4 2 1 2 4 1 3 1 3 1 2 2 2 2 3 1 4 4 2 3 3 3 1 3 3 4 1 4 1 3 1 1 3 2 1 2 2 1 1 2 1 3 2 1 3 1 3 1 3 1 1 1 1 1 2 4 1 4 1 3 3 3 1 3 3 1 1 4 4 3 4 4 4 1 3 2 2 1 4 1 4 1 4 4 3 1 1 2 1 3 1 1 3 4 0 3 3 1 2 4 4 4 2 2 1 2 4 3 3 3 3 2 3 4 4 2 2 1 3 3 1 3 3 4 3 4 3 3 4 2 4 3 3 3 2 3 3 3 1 2 3 3 3 3 1 3 4 3 3 4 2 1 1 2 2 2 4 2 1 3 1 4 3 2 4 3 2 1 4 1 4 1 1 3 2 1 3 2 4 3 2 4 4 4 4 2 3 2 2 4 3 4 1 2 4 3 3 3 4 2 4 2 4 2 4 1 3 3 4 1 3 1 2 2 1 3 1 4 2 4 3 1 3 2 2 4 3 3 3 1 3 2 4 2 4 2 4 3 3 2 4 1 4 2 4 1 3
0 0.071429 3 3 4 3 2 2 1 4 3 1 1 3 3 1 4 2 4 3 1 2 3 2 3 4 3 1 1 3 4 2 1 1 2 3 3 4 3 1 1 1 3 2 2 3 1 1 4 4 1 4 1 1 3 3 4 1 2 3 4 1 3 3 3 4 1 1 4 3 4 4 1 2 2 1 3 4 1 1 4 1 3 4 3 1 4 1 1 1 3 1 1 2 3 1 3 1 1 1 1 3 3 1 2 2 4 1 1 1 2 1 1 2 3 1 4 3 1 1 2 4 1 1 2 4 4 2 4 1 4 4 3 2 1 1 4 1 2 1 4 2 1 1 1 1 2 4 3 4 1 1 4 3 3 4 1 2 2 1 4 1 3 4 4 3 1 4 3 3 4 1 2 4 1 2 2 2 4 3 3 4 4 1 1 4 1 3 4 1 2 2 1 4 1 4 4 4 1 1 4 3 1 4 1 2 2 1 4 3 4 2 4 1 1 4 3 3 1 2 3 4 2 4 2 3 4 2 1 1 1 1 3 1 3 4 3 3 1 1 2 4 1 3 1 3 3 3 3 1 3 4 2 4 1 1 1 2 1 0 0 2 4 4 2 1 2 2 1 3 1 3 1 2 2 2 2 3 1 4 4 2 3 3 3 1 3 3 4 1 4 1 3 1 1 3 2 1 2 2 1 1 2 1 3 2 1 3 1 3 1 3 1 1 1 1 1 2 4 1 4 1 3 3 3 1 3 3 1 1 4 4 3 4 4 4 1 3 2 2 1 4 1 4 1 4 4 3 1 1 2 1 3 1 1 3 4 0 3 3 1 2 4 4 4 2 2 1 2 4 3 3 3 3 2 3 4 4 2 2 1 3 3 1 3 3 4 3 4 3 3 4 2 4 3 3 3 2 3 3 3 1 2 3 3 3 3 1 3 4 3 3 4 2 1 1 2 2 2 4 2 1 3 1 4 3 2 4 3 2 1 4 1 4 1 1 3 2 1 3 2 4 3 2 4 4 4 4 2 3 2 2 4 3 4 1 2 4 3 3 3 4 2 4 2 4 2 4 1 3 3 4 1 3 1 2 2 1 3 1 4 2 4 3 1 3 2 2 4 3 3 3 1 3 2 4 2 4 2 4 3 3 2 4 1 4 2 4 1 3
21 0.176471 3 3 4 3 2 2 1 4 3 1 1 3 3 1 4 2 4 3 1 4 3 2 3 4 3 1 1 3 4 2 1 1 2 3 3 4 3 1 1 1 3 2 2 3 1 1 4 4 1 4 1 1 3 3 4 1 2 3 4 1 3 3 3 4 1 1 4 3 4 4 1 2 2 1 3 4 1 1 4 1 3 4 3 1 4 1 1 1 3 1 1 2 3 1 3 1 1 1 1 3 3 3 2 2 4 1 1 1 2 1 1 2 3 1 4 3 1 1 2 4 1 1 2 4 4 2 4 1 4 4 3 2 1 1 4 1 2 1 4 2 1 1 1 1 2 4 3 4 1 1 4 3 3 4 1 2 2 1 4 1 3 4 4 3 1 4 3 3 4 1 2 4 1 2 2 2 4 3 3 4 4 1 1 4 1 3 4 1 2 2 1 4 1 4 4 4 1 1 4 3 1 4 1 2 2 1 4 3 4 2 4 1 1 4 3 3 1 2 3 4 2 4 2 3 4 2 1 1 1 1 3 1 3 4 3 3 1 1 2 4 1 3 1 3 3 3 3 1 3 4 2 4 1 1 1 4 1 1 1 2 4 4 2 1 2 2 1 3 1 3 1 2 2 2 2 3 1 4 4 2 3 3 3 1 3 3 4 1 4 1 3 1 1 3 2 1 2 2 1 1 2 1 3 2 1 3 1 3 1 3 1 1 1 1 1 2 4 1 4 1 3 3 3 1 3 3 1 1 4 4 3 4 4 4 1 3 2 2 1 4 1 4 1 4 4 3 1 1 2 1 3 1 1 3 4 0 3 3 1 2 4 4 4 2 2 1 2 4 3 3 3 3 2 3 4 4 2 2 1 3 3 1 3 3 4 3 4 3 3 4 2 4 3 3 3 2 3 3 3 1 2 3 3 3 3 1 3 4 3 3 4 2 1 1 2 2 2 4 2 1 3 1 4 3 2 4 3 2 1 4 1 4 1 1 3 2 1 3 2 4 3 2 4 4 4 4 2 3 2 2 4 3 4 1 2 4 3 3 3 4 2 4 2 4 2 4 1 3 3 4 1 3 1 2 2 1 3 1 4 2 4 3 1 3 2 2 4 3 3 3 1 3 2 4 2 4 2 4 3 3 2 4 1 4 2 4 1 3
21 0.058824 3 3 4 3 2 2 1 4 3 1 1 3 3 1 4 2 4 3 1 4 3 2 3 4 3 1 1 3 4 2 1 1 2 3 3 4 3 1 1 1 3 2 2 3 1 1 4 4 1 4 1 1 3 1 4 1 2 3 4 1 3 3 3 4 1 1 4 3 4 4 1 2 2 1 3 4 1 1 4 1 3 2 3 1 4 1 1 1 3 1 1 2 3 1 3 1 1 1 1 3 3 3 2 2 4 1 1 1 2 1 1 2 3 1 4 3 1 1 2 4 1 1 2 4 4 2 4 1 4 4 3 2 1 1 4 1 2 1 4 2 1 1 1 1 2 4 3 4 1 1 4 3 3 4 1 2 2 1 4 1 3 4 4 3 1 4 3 3 4 1 2 4 1 2 2 2 4 3 3 4 4 1 1 4 1 3 4 1 2 2 1 4 1 4 4 4 1 1 4 3 1 4 1 2 2 1 4 3 4 2 4 1 1 4 3 3 1 2 1 4 2 4 2 3 4 2 1 1 1 1 3 1 1 4 3 3 1 1 2 4 1 1 1 1 3 3 3 1 3 4 2 4 1 1 1 4 1 1 1 2 4 4 2 1 2 2 1 3 1 3 1 2 2 2 2 3 1 4 4 2 3 3 3 1 3 3 4 1 4 1 3 1 1 3 2 1 2 2 1 1 2 1 3 2 1 3 1 3 1 3 1 1 1 1 1 2 4 1 4 1 3 3 3 1 3 3 1 1 4 4 3 4 4 4 1 3 2 2 1 4 1 4 1 4 4 3 1 1 2 1 3 1 1 3 4 0 3 3 1 2 4 4 4 2 2 1 2 4 3 3 3 3 2 3 4 4 2 2 1 3 3 1 3 3 4 3 4 3 3 4 2 4 3 3 3 2 3 3 3 1 2 3 3 3 3 1 3 4 3 3 4 2 1 1 2 2 2 4 2 1 3 1 4 3 2 4 3 2 1 4 1 4 1 1 3 2 1 3 2 4 3 2 4 4 4 4 2 3 2 2 4 3 4 1 2 4 3 3 3 4 2 4 2 4 2 4 1 3 3 4 1 3 1 2 2 1 3 1 4 2 4 3 1 3 2 2 4 3 3 3 1 3 2 4 2 4 2 4 3 3 2 4 1 4 2 4 1 3
21 0.058824 3 3 4 3 2 2 1 4 3 1 1 3 3 1 4 2 4 3 1 4 3 2 3 4 3 1 1 3 4 2 1 1 2 3 3 4 3 1 1 1 3 2 2 3 1 1 4 4 1 4 1 1 3 3 4 1 2 3 4 1 3 3 3 4 1 1 4 3 4 4 1 2 2 1 3 4 1 1 4 1 3 4 3 1 4 1 1 1 3 1 1 2 3 1 3 1 1 1 1 3 3 3 2 2 3 1 1 1 2 1 1 2 3 1 4 3 1 1 2 4 1 1 2 4 4 2 4 1 4 4 3 2 1 1 4 1 2 1 4 2 1 1 1 1 2 4 3 4 1 1 4 3 3 4 1 2 2 1 4 1 3 4 4 3 1 4 3 3 4 1 2 4 1 2 2 2 4 3 3 4 4 1 1 4 1 3 4 1 2 2 1 4 1 4 4 4 1 1 4 3 1 4 1 2 2 1 4 3 4 2 4 1 1 4 3 3 1 2 3 4 2 2 2 3 4 2 1 1 1 1 3 1 3 4 3 3 1 1 2 4 1 3 1 3 3 3 3 1 3 4 2 4 1 1 1 4 1 1 1 2 4 4 4 1 2 2 3 3 1 3 1 2 2 2 2 3 1 4 4 2 3 3 3 1 3 3 4 1 4 1 3 1 1 3 2 1 2 2 1 1 2 1 3 2 1 3 1 3 1 3 1 1 1 1 1 2 4 1 4 1 3 3 3 1 3 3 1 1 4 4 3 4 4 4 1 3 2 2 1 4 1 4 1 4 4 3 1 1 2 1 3 1 1 3 4 0 3 3 1 2 4 4 4 2 2 1 2 4 3 3 3 3 2 3 4 4 2 2 1 3 3 1 3 3 4 3 4 3 3 4 2 4 3 3 3 2 3 3 3 1 2 3 3 3 3 1 3 4 3 3 4 2 1 1 2 2 2 4 2 1 3 1 4 3 2 4 3 2 1 4 1 4 1 1 3 2 1 3 2 4 3 2 4 4 4 4 2 3 2 2 4 3 4 1 2 4 3 3 3 4 2 4 2 4 2 4 1 3 3 4 1 3 1 2 2 1 3 1 4 2 4 3 1 3 2 2 4 3 3 3 1 3 2 4 2 4 2 4 3 3 2 4 1 4 2 4 1 3
21 0.058824 3 3 4 3 2 2 1 4 3 1 1 3 3 1 4 2 4 3 1 4 3 2 3 4 3 1 1 3 4 2 1 1 2 3 3 4 3 1 1 1 3 2 2 3 1 1 4 4 1 4 1 1 3 3 4 3 2 3 4 1 3 3 3 4 1 1 4 3 4 4 1 2 2 1 3 4 1 1 4 1 3 4 3 1 4 1 1 1 3 1 1 2 3 1 3 1 1 1 1 3 3 3 2 2 4 1 1 1 2 1 1 2 3 1 4 3 1 1 2 4 1 1 2 4 4 2 4 1 4 4 3 2 1 1 4 1 2 1 4 2 1 1 1 1 2 4 3 4 1 1 4 3 3 4 1 2 2 1 4 1 3 4 4 3 1 4 3 3 4 1 2 4 1 2 2 2 4 3 3 4 4 1 1 4 1 3 4 1 2 2 1 4 1 4 4 4 1 1 4 3 1 4 1 2 2 1 4 3 4 2 4 1 1 4 3 3 1 2 3 4 2 4 2 3 4 2 1 1 1 1 3 1 3 4 3 3 1 1 2 4 1 3 1 3 3 3 3 1 3 4 2 4 1 1 1 4 1 1 1 2 4 4 2 1 2 2 3 3 1 3 1 2 2 2 2 3 1 4 4 2 3 3 3 1 3 3 4 3 4 1 3 1 1 3 2 1 2 2 1 1 2 1 3 2 1 3 1 3 1 3 1 1 1 1 1 2 4 1 4 1 3 3 3 1 3 3 1 1 4 4 3 4 4 4 1 3 2 2 1 4 1 4 1 4 4 3 1 1 2 1 3 1 1 3 4 0 3 3 1 2 4 4 4 2 2 1 2 4 3 3 3 3 2 3 4 4 2 2 1 3 3 1 3 3 4 3 4 3 3 4 2 4 3 3 3 2 3 3 3 1 2 3 3 3 3 1 3 4 3 3 4 2 1 1 2 2 2 4 2 1 3 1 4 3 2 4 3 2 1 4 1 4 1 1 3 2 1 3 2 4 3 2 4 4 4 4 2 3 2 2 4 3 4 1 2 4 3 3 3 4 2 4 2 4 2 4 1 3 3 4 1 3 1 2 2 1 3 1 4 2 4 3 1 3 2 2 4 3 3 3 1 3 2 4 2 4 2 4 3 3 2 4 1 4 2 4 1 3
21 0.058824 3 3 4 3 2 2 1 4 3 1 1 3 3 1 4 2 4 3 1 4 3 2 3 4 3 1 1 3 4 2 1 1 2 3 3 4 3 1 1 1 3 2 2 3 1 1 4 4 1 4 1 1 3 3 4 1 2 3 4 1 3 3 3 4 1 1 4 3 4 4 1 2 2 1 3 4 1 1 4 1 3 4 3 1 4 1 1 1 3 1 1 2 3 1 3 1 4 1 1 3 3 3 2 2 4 1 1 1 2 1 1 2 3 1 4 3 1 1 2 4 1 1 2 4 4 2 4 1 4 4 3 2 1 1 4 1 2 1 4 2 1 1 1 1 2 4 3 4 1 1 4 3 3 4 1 2 2 1 4 1 3 4 4 3 1 4 3 3 4 1 2 4 1 2 2 2 4 3 3 4 4 1 1 4 1 3 4 1 2 2 1 4 1 4 4 4 1 1 4 3 1 4 1 2 2 1 4 3 4 2 4 1 1 4 3 3 1 2 3 4 2 4 2 3 4 2 1 1 1 1 3 1 3 4 3 3 1 1 2 4 1 3 1 3 3 3 3 1 3 4 2 4 1 1 1 4 1 1 1 2 4 4 2 1 2 2 3 3 1 3 1 2 2 2 2 3 1 4 4 2 3 3 3 1 3 3 4 1 4 1 3 1 1 3 2 1 2 2 1 1 2 1 3 2 1 3 1 3 1 3 1 1 1 1 1 2 4 1 4 1 3 3 3 1 3 3 1 1 4 4 3 4 4 4 1 3 2 2 1 4 1 4 1 4 4 3 1 1 2 1 3 1 1 3 4 0 3 3 1 2 4 4 4 2 2 1 2 4 3 3 3 3 2 3 4 4 2 2 1 3 3 1 3 3 4 3 4 3 3 4 2 4 3 3 3 2 3 3 3 1 2 3 3 3 3 1 3 4 3 3 4 2 1 1 2 2 2 4 2 1 3 1 4 3 2 4 3 2 1 4 1 4 1 1 3 2 1 3 2 4 3 2 4 4 4 4 2 3 2 2 4 3 4 1 2 4 3 3 3 4 2 4 2 4 2 4 1 3 3 4 1 3 1 2 2 1 3 1 4 2 4 3 1 3 2 2 4 3 3 3 1 3 2 4 2 4 2 4 3 3 2 4 1 4 2 4 1 3
21 0.058824 3 3 4 3 2 2 1 4 3 1 1 3 3 1 4 2 4 3 1 4 3 2 3 4 3 1 1 3 4 2 1 1 2 3 3 4 3 1 1 1 3 2 2 3 1 1 4 4 1 4 1 1 3 3 4 1 2 3 4 1 3 3 3 4 1 1 4 3 4 4 1 2 2 1 3 4 1 1 4 1 3 4 3 1 4 1 1 1 3 1 1 2 3 1 3 1 1 1 1 3 3 3 2 2 4 1 1 1 2 1 1 2 3 1 4 3 1 1 2 4 1 1 2 4 4 2 4 1 4 4 3 2 1 1 4 1 2 1 4 2 1 1 1 1 2 4 3 4 1 1 4 3 3 4 1 2 2 1 4 1 3 4 4 3 1 4 3 3 4 1 2 4 1 2 2 2 4 3 3 4 4 1 1 4 1 3 4 1 2 2 1 4 1 4 4 4 1 1 4 3 1 4 1 2 2 1 4 3 4 2 4 1 1 4 3 3 1 2 3 4 2 4 2 3 4 2 1 1 1 1 2 1 3 4 3 3 1 1 2 4 1 3 1 3 3 3 3 1 3 4 2 4 1 1 1 4 1 1 1 2 4 4 2 1 2 2 1 3 1 3 3 2 2 2 2 3 1 4 4 2 3 3 3 1 3 3 4 1 4 1 3 1 1 3 2 1 2 2 1 1 2 1 3 2 1 3 1 3 1 3 1 1 1 1 1 2 4 1 4 1 3 3 3 1 3 3 1 1 4 4 3 4 4 4 1 3 2 2 1 4 1 4 1 4 4 3 1 1 2 1 3 1 1 3 4 0 3 3 1 2 4 4 4 2 2 1 2 4 3 3 3 3 2 3 4 4 2 2 1 3 3 1 3 3 4 3 4 3 3 4 2 4 3 3 3 2 3 3 3 1 2 3 3 3 3 1 3 4 3 3 4 2 1 1 2 2 2 4 2 1 3 1 4 3 2 4 3 2 1 4 1 4 1 1 3 2 1 3 2 4 3 2 4 4 4 4 2 3 2 2 4 3 4 1 2 4 3 3 3 4 2 4 2 4 2 4 1 3 3 4 1 3 1 2 2 1 3 1 4 2 4 3 1 3 2 2 4 3 3 3 1 3 2 4 2 4 2 4 3 3 2 4 1 4 2 4 1 3
21 0.058824 3 3 4 3 2 2 1 4 3 1 1 3 3 1 4 2 4 3 1 4 3 2 3 4 3 1 1 3 4 2 1 1 2 3 3 4 3 1 1 1 3 2 2 3 1 1 4 4 1 4 1 1 3 3 4 1 2 1 4 1 3 3 3 4 1 1 4 3 4 4 1 2 2 1 3 4 1 1 4 1 3 4 3 1 4 1 1 1 3 1 1 2 3 1 3 1 1 1 1 3 3 3 2 2 4 1 1 1 2 1 1 2 3 1 4 3 1 1 2 4 1 1 2 4 4 2 4 1 4 4 3 2 1 1 4 1 2 1 4 2 1 1 1 1 2 4 3 4 1 1 4 3 3 4 1 2 2 1 4 1 3 4 4 3 1 4 3 3 4 1 2 4 1 2 2 2 4 3 3 4 4 1 1 4 1 3 4 1 2 2 1 4 1 4 4 4 1 1 4 3 1 4 1 2 2 1 4 3 4 2 4 1 1 4 3 3 1 2 3 4 2 4 2 3 4 2 1 1 1 1 3 1 3 4 3 3 1 1 2 4 1 3 1 3 3 3 3 1 3 4 2 4 3 1 1 4 1 1 1 2 4 4 2 1 2 2 3 3 1 3 1 2 2 2 2 3 1 4 4 2 3 3 3 1 3 3 4 1 4 1 3 1 1 3 2 1 2 2 1 1 2 1 3 2 1 3 1 3 1 3 1 1 1 1 1 2 4 1 4 1 3 3 3 1 3 3 1 1 4 4 3 4 4 4 1 3 2 2 1 4 1 4 1 4 4 3 1 1 2 1 3 1 1 3 4 0 3 3 1 2 4 4 4 2 2 1 2 4 3 3 3 3 2 3 4 4 2 2 1 3 3 1 3 3 4 3 4 3 3 4 2 4 3 3 3 2 3 3 3 1 2 3 3 3 3 1 3 4 3 3 4 2 1 1 2 2 2 4 2 1 3 1 4 3 2 4 3 2 1 4 1 4 1 1 3 2 1 3 2 4 3 2 4 4 4 4 2 3 2 2 4 3 4 1 2 4 3 3 3 4 2 4 2 4 2 4 1 3 3 4 1 3 1 2 2 1 3 1 4 2 4 3 1 3 2 2 4 3 3 3 1 3 2 4 2 4 2 4 3 3 2 4 1 4 2 4 1 3
21 0.058824 3 3 4 3 2 4 1 4 3 1 1 3 3 1 4 2 4 3 1 4 3 2 3 4 3 1 1 3 4 2 1 1 2 3 3 4 3 1 1 1 3 2 2 3 1 1 4 4 1 4 1 1 3 3 4 1 2 3 4 1 3 3 3 4 1 1 4 3 4 4 1 2 2 1 3 4 1 1 4 1 3 4 3 1 4 1 1 1 3 1 1 2 3 1 3 1 1 1 1 3 3 3 2 2 4 1 1 1 2 1 1 2 3 1 4 3 1 1 2 4 1 1 2 4 4 2 4 1 4 4 3 2 1 1 4 1 2 1 4 2 1 1 1 1 2 4 3 4 1 1 4 3 3 4 1 2 2 1 4 1 3 4 4 3 1 4 3 3 4 1 2 4 1 2 2 2 4 3 3 4 4 1 1 4 1 3 4 1 2 2 1 4 1 4 4 4 1 1 4 3 1 4 1 2 2 1 4 3 4 2 4 1 1 4 3 3 1 2 3 4 2 4 2 3 4 2 1 1 1 1 3 1 3 4 3 3 1 1 2 4 1 3 1 3 3 3 3 1 3 4 2 4 1 1 1 4 1 1 1 2 4 4 2 1 2 2 1 3 1 3 1 2 2 2 2 3 1 4 4 2 3 3 3 1 3 3 4 1 4 1 3 1 1 3 2 1 2 2 1 1 2 1 3 2 1 3 1 3 1 3 1 1 1 1 1 2 4 1 3 1 3 3 3 1 3 3 1 1 4 4 3 4 4 4 1 3 2 2 1 4 1 4 1 4 4 3 1 1 2 1 3 1 1 3 4 0 3 3 1 2 4 4 4 2 2 1 2 4 3 3 3 3 2 3 4 4 2 2 1 3 3 1 3 3 4 3 4 3 3 4 2 4 3 3 3 2 3 3 3 1 2 3 3 3 3 1 3 4 3 3 4 2 1 1 2 2 2 4 2 1 3 1 4 3 2 4 3 2 1 4 1 4 1 1 3 2 1 3 2 4 3 2 4 4 4 4 2 3 2 2 4 3 4 1 2 4 3 3 3 4 2 4 2 4 2 4 1 3 3 4 1 3 1 2 2 1 3 1 4 2 4 3 1 3 2 2 4 3 3 3 1 3 2 4 2 4 2 4 3 3 2 4 1 4 2 4 1 3
21 0.058824 3 3 4 3 2 2 1 4 3 1 1 3 3 1 4 2 4 3 1 4 3 2 3 4 3 1 1 3 4 2 1 1 2 3 3 4 3 1 1 1 3 2 2 3 1 1 4 4 1 4 1 1 3 3 4 1 2 3 4 1 3 3 3 4 1 1 4 3 4 4 1 2 2 1 3 4 1 1 4 1 3 4 3 1 4 1 1 1 3 1 1 2 3 1 3 1 1 1 1 1 3 3 2 2 3 1 1 1 2 1 1 2 3 1 4 3 1 1 2 4 1 1 2 4 4 2 4 1 4 4 3 2 1 1 4 1 2 1 4 2 1 1 1 1 2 4 3 4 1 1 4 3 3 4 1 2 2 1 4 1 3 4 4 3 1 4 3 3 4 1 2 4 1 2 2 2 4 3 3 4 4 1 1 4 1 3 4 1 2 2 1 4 1 4 4 4 1 1 4 3 1 4 1 2 2 1 4 3 4 2 4 1 1 4 3 3 1 2 3 4 2 4 2 3 4 2 1 1 1 1 3 1 3 4 3 3 1 1 2 4 1 3 1 3 3 3 3 1 3 4 2 4 1 1 1 4 1 1 1 2 4 4 2 1 2 2 3 3 1 3 1 2 2 2 2 3 1 4 4 2 3 3 3 1 3 3 4 1 4 1 3 1 1 3 2 1 2 2 1 1 2 1 3 2 1 3 1 3 1 3 1 1 1 1 1 2 4 1 4 1 3 3 3 1 3 3 1 1 4 4 3 4 4 4 1 3 2 2 1 4 1 4 1 4 4 3 1 1 2 1 3 1 1 3 4 0 3 3 1 2 4 4 4 2 2 1 2 4 3 3 3 3 2 3 4 4 2 2 1 3 3 1 3 3 4 3 4 3 3 4 2 4 3 3 3 2 3 3 3 1 2 3 3 3 3 1 3 4 3 3 4 2 1 1 2 2 2 4 2 1 3 1 4 3 2 4 3 2 1 4 1 4 1 1 3 2 1 3 2 4 3 2 4 4 4 4 2 3 2 2 4 3 4 1 2 4 3 3 3 4 2 4 2 4 2 4 1 3 3 4 1 3 1 2 2 1 3 1 4 2 4 3 1 3 2 2 4 3 3 3 1 3 2 4 2 4 2 4 3 3 2 4 1 4 2 4 1 3
21 0.058824 3 3 4 3 2 2 1 4 3 1 1 3 3 1 4 2 4 3 1 4 3 2 3 4 3 1 1 3 4 2 0 1 2 3 3 4 3 1 1 1 3 2 2 3 1 1 4 4 1 4 1 1 3 3 4 1 2 3 4 1 3 3 3 4 1 1 4 3 4 4 1 2 2 1 3 4 1 1 4 1 3 4 3 1 4 1 1 1 3 1 1 2 3 1 3 1 1 1 1 3 3 3 2 2 4 1 1 1 2 1 1 2 3 1 4 3 1 1 2 4 1 1 2 4 4 2 4 1 4 4 3 2 1 1 4 1 2 1 4 2 1 1 1 1 2 4 3 4 1 1 4 3 3 4 1 2 2 1 4 1 3 4 4 3 1 4 3 3 4 1 2 4 1 2 2 2 4 3 3 4 4 1 1 4 1 3 4 1 2 2 1 4 1 4 4 4 1 1 4 3 1 4 1 2 2 1 4 3 4 2 4 1 1 4 3 3 1 2 3 4 2 4 2 3 4 2 1 1 1 1 3 1 3 4 3 3 1 1 2 4 1 3 1 3 3 3 3 1 3 4 2 4 1 1 1 4 1 1 1 2 4 4 2 1 2 2 3 3 1 3 1 2 2 2 2 3 1 4 4 2 3 3 3 1 1 3 4 1 4 1 3 1 1 3 2 1 2 2 1 1 2 1 3 2 1 3 1 3 1 3 1 1 1 1 1 2 4 1 4 1 3 3 3 1 3 3 1 1 4 4 3 4 4 4 1 3 2 2 1 4 1 4 1 4 4 3 1 1 2 1 3 1 1 3 4 0 3 3 1 2 4 4 4 2 2 1 2 4 3 3 3 3 2 3 4 4 2 2 1 3 3 1 3 3 4 3 4 3 3 4 2 4 3 3 3 2 3 3 3 1 2 3 3 3 3 1 3 4 3 3 4 2 1 1 2 2 2 4 2 1 3 1 4 3 2 4 3 2 1 4 1 4 1 1 3 2 1 3 2 4 3 2 4 4 4 4 2 3 2 2 4 3 4 1 2 4 3 3 3 4 2 4 2 4 2 4 1 3 3 4 1 3 1 2 2 1 3 1 4 2 4 3 1 3 2 2 4 3 3 3 1 3 2 4 2 4 2 4 3 3 2 4 1 4 2 4 1 3
21 0.058824 3 3 4 3 2 2 1 4 3 1 1 3 3 1 4 2 4 3 1 4 3 2 3 4 3 1 1 3 4 2 1 1 2 3 3 4 3 1 1 1 3 2 2 3 1 1 4 4 1 4 1 1 3 3 4 1 2 3 4 1 3 3 3 4 1 1 4 3 4 4 1 2 2 1 3 4 1 1 4 1 3 4 3 1 4 1 1 1 3 1 1 2 3 1 3 1 1 1 1 3 3 3 2 2 4 1 1 1 2 1 1 2 3 1 4 3 1 1 2 4 1 1 2 4 4 2 4 1 4 4 3 2 1 1 4 1 2 1 4 2 1 1 1 1 2 4 3 4 1 1 4 3 3 4 1 2 2 1 4 1 3 4 4 3 1 4 3 3 4 1 2 4 1 2 2 2 4 3 3 4 4 1 1 4 1 3 4 1 2 2 1 4 1 4 4 4 1 1 4 3 1 4 1 2 2 1 4 3 4 2 4 1 1 4 3 3 1 2 3 4 2 4 2 3 4 2 1 1 1 1 3 1 3 4 3 3 1 1 2 4 1 3 1 3 3 3 3 1 3 4 2 4 1 1 1 4 1 1 1 2 4 4 2 1 2 2 1 3 1 3 1 2 2 2 2 3 1 4 4 2 3 3 3 1 1 3 4 1 4 1 3 1 1 3 2 1 2 2 1 1 2 1 3 2 1 3 1 3 1 3 1 1 1 1 1 2 4 1 4 1 3 3 3 1 3 3 1 1 4 4 3 4 4 4 1 3 2 2 1 4 1 4 1 4 4 3 1 1 2 1 1 1 1 3 4 0 3 3 1 2 4 4 4 2 2 1 2 4 3 3 3 3 2 3 4 4 2 2 1 3 3 1 3 3 4 3 4 3 3 4 2 4 3 3 3 2 3 3 3 1 2 3 3 3 3 1 3 4 3 3 4 2 1 1 2 2 2 4 2 1 3 1 4 3 2 4 3 2 1 4 1 4 1 1 3 2 1 3 2 4 3 2 4 4 4 4 2 3 2 2 4 3 4 1 2 4 3 3 3 4 2 4 2 4 2 4 1 3 3 4 1 3 1 2 2 1 3 1 4 2 4 3 1 3 2 2 4 3 3 3 1 3 2 4 2 4 2 4 3 3 2 4 1 4 2 4 1 3
21 0.058824 3 3 4 3 2 2 1 4 3 1 1 3 1 1 4 2 4 3 1 4 3 2 3 4 3 1 1 3 4 2 1 1 2 3 3 4 3 1 1 1 3 2 2 3 1 1 4 4 1 4 1 1 3 3 4 1 2 3 4 1 3 3 3 4 1 1 4 3 4 4 1 2 2 1 3 4 1 1 4 1 3 4 3 1 4 1 1 1 3 1 1 2 3 1 3 1 1 1 1 3 3 1 2 2 4 1 1 1 2 1 1 2 3 1 4 3 1 1 2 4 1 1 4 4 4 2 4 1 4 4 3 2 1 1 4 1 2 1 4 2 1 1 1 1 2 4 3 4 1 1 4 3 3 4 1 2 2 1 4 1 3 4 4 3 1 4 3 3 4 1 2 4 1 2 2 2 4 3 3 4 4 1 1 4 1 3 4 1 2 2 1 4 1 4 4 4 1 1 4 3 1 4 1 2 2 1 4 3 4 2 4 1 1 4 3 3 1 2 3 4 2 4 2 3 4 2 1 1 1 3 3 1 3 4 3 3 1 1 2 4 1 3 1 3 3 3 3 1 3 4 2 4 1 1 1 4 1 1 1 2 4 4 2 1 2 2 1 3 1 3 1 2 2 2 2 3 1 4 4 2 3 3 3 1 3 3 4 1 4 1 3 1 1 3 2 1 2 2 1 1 2 1 3 2 1 3 1 3 1 3 1 1 1 1 1 2 4 1 4 1 3 3 3 1 3 3 1 1 4 4 3 4 4 4 1 3 2 2 1 4 1 4 1 2 4 3 1 1 2 1 3 1 1 3 4 0 3 3 1 2 4 4 4 2 2 1 2 4 3 3 3 3 2 3 4 4 2 2 1 3 3 1 3 3 4 3 4 3 3 4 2 4 3 3 3 2 3 3 3 1 2 3 3 3 3 1 3 4 3 3 4 2 1 1 2 2 2 4 2 1 3 1 4 3 2 4 3 2 1 4 1 4 1 1 3 2 1 3 2 4 3 2 4 4 4 4 2 3 2 2 4 3 4 1 2 4 3 3 3 4 2 4 2 4 2 4 1 3 3 4 1 3 1 2 2 1 3 1 4 2 4 3 1 3 2 2 4 3 3 3 1 3 2 4 2 4 2 4 3 3 2 4 1 4 2 4 1 3
21 0.058824 3 3 4 3 2 2 1 4 3 1 1 3 3 1 4 2 4 3 1 4 3 2 3 4 3 1 1 3 4 2 1 1 2 3 3 4 3 1 1 1 3 2 2 3 1 1 4 4 1 4 1 1 3 3 4 1 2 3 4 1 3 3 3 4 1 1 4 3 4 4 1 2 2 1 3 4 1 1 4 1 3 4 3 1 4 1 1 1 3 1 1 2 3 1 3 1 1 1 1 3 3 3 2 2 4 1 1 1 2 1 1 2 3 1 4 3 1 1 2 4 1 1 2 4 4 2 4 1 4 4 3 2 1 1 4 1 2 1 4 2 1 1 1 1 2 4 3 4 1 1 4 3 3 4 1 2 2 1 4 1 3 4 4 3 1 4 3 3 4 1 2 4 1 2 2 2 4 3 3 4 4 1 1 4 1 3 4 1 2 2 1 4 1 4 4 4 1 1 4 3 1 4 1 2 2 1 4 3 4 2 4 1 1 4 3 3 1 2 3 4 2 4 2 3 4 2 1 1 1 1 3 1 3 4 3 3 1 1 2 4 1 3 1 3 3 3 3 1 3 4 2 4 1 1 1 4 1 1 1 2 4 4 2 1 2 2 3 3 1 3 1 2 2 2 2 3 1 4 4 2 3 3 3 1 3 3 4 1 4 1 3 1 1 3 2 1 2 2 1 1 2 1 3 2 1 3 1 3 1 3 1 1 1 1 1 2 4 1 4 1 3 3 3 1 3 3 1 1 4 4 3 4 4 4 1 3 2 2 1 4 1 4 1 4 4 3 1 1 2 1 3 1 1 3 4 3 0 0 0 0 0 0 0 0 0 0 0 0 0 0 0 0 0 0 0 0 0 0 0 0 0 0 0 0 0 0 0 0 0 0 0 0 0 0 0 0 0 0 0 0 0 0 0 0 0 0 0 0 0 0 0 0 0 0 0 0 0 0 0 0 0 0 0 0 0 0 0 0 0 0 0 0 0 0 0 0 0 0 0 0 0 0 0 0 0 0 0 0 0 0 0 0 0 0 0 0 0 0 0 0 0 0 0 0 0 0 0 0 0 0 0 0 0 0 0 0 0 0 0 0 0 0 0 0 0 0 0 0 0 0 0 0 0 0 0 0 0 0 0 0 0 0 0 0 0 0 0 0
21 0.058824 3 3 4 3 2 2 1 4 3 1 1 3 3 1 4 2 4 3 1 4 3 2 3 4 3 1 1 3 4 2 1 1 2 3 3 4 3 1 1 1 3 2 2 3 1 1 4 4 1 4 1 1 3 3 4 1 2 3 4 1 3 3 3 4 1 1 4 3 4 4 1 2 2 1 3 4 1 1 4 1 3 4 3 1 4 1 1 1 3 1 1 2 3 1 3 1 1 1 1 3 3 1 2 2 4 1 1 1 2 1 1 2 3 1 4 3 1 1 2 4 1 1 2 4 4 2 4 1 4 4 3 2 1 1 4 1 2 1 4 2 1 1 1 1 2 4 3 4 1 1 4 3 3 4 1 2 2 1 4 1 3 4 4 3 1 4 3 3 4 1 2 4 1 2 2 2 4 3 3 4 4 1 1 4 1 3 4 1 2 2 1 4 1 4 4 4 1 1 4 3 1 4 1 2 2 1 4 3 4 2 4 1 1 4 3 3 1 2 3 4 2 4 2 3 4 2 1 1 1 1 3 1 3 4 3 3 1 1 2 4 1 3 1 3 3 3 3 1 3 4 2 4 1 1 1 4 1 1 1 2 4 4 2 1 2 2 3 3 1 3 1 2 2 2 2 3 1 4 4 2 3 3 3 1 3 3 4 1 4 1 3 1 1 3 2 1 2 2 1 1 2 1 3 2 1 3 1 3 1 3 1 1 1 1 1 2 4 1 4 1 3 3 3 1 3 3 1 1 4 4 3 4 4 4 1 3 2 2 1 4 1 4 1 4 4 3 1 1 2 1 3 1 1 3 4 3 0 0 0 0 0 0 0 0 0 0 0 0 0 0 0 0 0 0 0 0 0 0 0 0 0 0 0 0 0 0 0 0 0 0 0 0 0 0 0 0 0 0 0 0 0 0 0 0 0 0 0 0 0 0 0 0 0 0 0 0 0 0 0 0 0 0 0 0 0 0 0 0 0 0 0 0 0 0 0 0 0 0 0 0 0 0 0 0 0 0 0 0 0 0 0 0 0 0 0 0 0 0 0 0 0 0 0 0 0 0 0 0 0 0 0 0 0 0 0 0 0 0 0 0 0 0 0 0 0 0 0 0 0 0 0 0 0 0 0 0 0 0 0 0 0 0 0 0 0 0 0 0
21 0.058824 3 3 4 3 2 2 1 4 3 1 1 3 3 1 4 2 4 3 1 4 3 2 3 4 3 1 1 3 4 2 1 1 2 3 3 4 3 1 1 1 3 2 2 3 1 1 4 4 1 4 1 1 3 3 4 1 2 3 4 1 3 3 3 4 1 1 4 3 4 4 1 2 2 1 3 4 1 1 4 1 3 4 3 1 4 1 1 1 3 1 1 2 3 1 3 1 1 1 1 3 3 1 2 2 4 1 1 1 2 1 1 2 3 1 4 3 1 1 2 4 1 1 2 4 4 2 4 1 4 4 3 2 1 1 4 1 2 1 4 2 1 1 1 1 2 4 3 4 1 1 4 3 3 4 1 2 2 1 4 1 3 4 4 3 1 4 3 3 4 1 2 4 1 2 2 2 4 3 3 4 4 1 1 4 1 3 4 1 2 2 1 4 1 4 4 4 1 1 4 3 1 4 1 2 2 1 4 3 4 2 4 1 1 4 3 3 1 2 3 4 2 4 2 3 4 2 1 1 1 1 3 1 3 4 3 3 1 1 2 4 1 3 1 3 3 3 3 1 3 4 2 4 1 1 1 4 1 1 1 2 4 4 2 1 2 2 1 3 1 3 1 2 2 2 2 3 1 4 4 2 3 3 3 1 3 3 4 1 4 1 3 1 1 3 2 1 2 2 1 1 2 1 3 2 1 3 1 3 1 3 1 1 1 1 1 2 4 1 4 1 3 3 3 1 3 3 1 1 4 4 3 4 4 4 1 3 4 2 1 4 1 4 1 4 4 3 1 1 2 1 3 1 1 3 4 0 3 3 1 2 4 4 4 2 2 1 2 4 3 3 3 3 2 3 4 4 2 2 1 3 3 1 3 3 4 3 4 3 3 4 2 4 3 3 3 2 3 3 3 1 2 3 3 3 3 1 3 4 3 3 4 2 1 1 2 2 2 4 2 1 3 1 4 3 2 4 3 2 1 4 1 4 1 1 3 2 1 3 2 4 3 2 4 4 4 4 2 3 2 2 4 3 4 1 2 4 3 3 3 4 2 4 2 4 2 4 1 3 3 4 1 3 1 2 2 1 3 1 4 2 4 3 1 3 2 2 4 3 3 3 1 3 2 4 2 4 2 4 3 3 2 4 1 4 2 4 1 3
77 0.142857 3 3 4 3 2 2 1 4 3 1 1 3 3 1 4 2 4 3 1 4 3 2 3 4 3 1 1 3 4 2 1 1 2 3 3 4 3 1 1 1 3 2 2 3 1 3 4 4 1 4 1 1 3 3 4 1 2 3 4 1 3 3 3 4 1 1 4 3 4 4 1 2 2 1 3 4 1 1 4 1 3 4 3 1 4 1 1 1 1 1 1 2 3 1 3 1 1 1 1 3 3 1 2 2 4 1 1 1 2 1 1 2 3 1 4 3 1 1 2 4 1 1 2 4 4 2 4 1 4 4 3 2 1 1 4 1 2 1 4 2 1 1 1 1 2 4 3 4 1 1 4 3 3 4 1 2 2 1 4 1 3 4 4 3 1 4 3 3 4 1 2 4 1 2 2 2 4 3 3 4 4 1 1 4 1 3 4 1 2 2 1 4 1 4 4 4 1 1 4 3 1 4 1 2 2 1 4 3 4 2 4 1 1 4 3 3 1 2 3 4 2 4 2 3 4 2 1 1 1 1 3 1 3 4 3 3 1 1 2 4 1 3 1 3 3 3 3 1 3 4 2 4 1 1 1 4 1 1 1 2 4 4 2 1 2 2 3 3 1 3 1 2 2 2 2 3 1 4 4 2 3 3 1 1 3 3 4 1 4 1 1 3 1 0 0 0 0 0 0 0 0 0 0 0 0 0 0 0 0 0 0 0 0 0 0 0 0 1 4 1 1 3 3 1 1 3 1 1 4 4 1 4 4 4 3 3 2 2 1 4 1 4 1 4 4 3 3 1 2 1 3 1 1 3 4 0 3 3 1 2 4 4 4 2 2 1 2 4 3 3 3 3 2 3 4 4 2 2 1 3 3 1 3 3 4 3 4 3 3 4 2 4 3 3 3 2 3 3 3 1 2 3 3 3 3 1 3 4 3 3 4 2 1 1 2 2 2 4 2 1 3 1 4 3 2 4 3 2 1 4 1 4 1 1 3 2 1 3 2 4 3 2 4 4 4 4 2 3 2 2 4 3 4 1 2 4 3 3 3 4 2 4 2 4 2 4 1 3 3 4 1 3 1 2 2 1 3 1 4 2 4 3 1 3 2 2 4 3 3 3 1 3 2 4 2 4 2 4 3 3 2 4 1 4 2 4 1 3
77 0.142857 3 3 4 3 2 2 1 4 3 1 1 1 3 1 4 2 4 3 1 4 3 2 1 4 3 1 1 3 4 2 1 1 2 3 3 4 3 1 1 1 3 2 2 3 1 1 4 4 1 4 1 1 3 3 4 1 2 3 4 1 3 3 3 4 1 1 4 3 4 4 1 2 2 1 3 4 1 1 4 1 3 4 3 1 4 1 1 1 3 3 1 2 3 1 3 1 1 1 1 3 3 1 2 2 4 1 1 1 2 1 1 1 3 1 4 3 1 1 2 4 1 1 2 4 4 2 4 1 4 4 3 2 1 1 4 1 2 1 4 2 1 1 1 1 2 4 3 4 1 1 4 3 3 4 1 2 2 1 4 1 3 4 4 1 1 4 3 3 4 1 2 4 1 2 2 2 4 3 3 4 4 1 1 4 1 3 4 1 2 2 1 4 1 4 4 4 1 1 4 3 1 4 1 2 2 1 4 3 4 2 4 1 1 4 3 3 1 2 3 4 2 4 2 3 4 2 1 1 1 1 3 1 3 4 3 3 1 1 2 4 1 3 1 3 3 3 3 1 3 4 2 4 1 1 1 4 1 1 1 2 4 4 2 1 2 2 3 3 1 3 1 2 2 2 2 3 1 4 4 2 3 3 3 1 3 3 4 1 4 1 3 1 3 3 2 1 2 2 1 1 2 1 3 2 1 3 1 3 1 3 1 1 1 1 1 2 4 1 4 1 3 3 3 1 3 3 1 1 4 4 3 4 4 4 1 3 2 1 1 4 1 4 1 4 4 3 1 1 2 1 1 1 1 3 4 0 3 3 1 2 4 4 4 2 2 1 2 4 3 3 3 3 2 3 4 4 2 2 1 3 3 1 3 3 4 3 4 3 3 4 2 4 3 3 3 2 3 3 3 1 2 3 3 3 3 1 3 4 3 3 4 2 1 1 2 2 2 4 2 1 3 1 4 3 2 4 3 2 1 4 1 4 1 1 3 2 1 3 2 4 3 2 4 4 4 4 2 3 2 2 4 3 4 1 2 4 3 3 3 4 2 4 2 4 2 4 1 3 3 4 1 3 1 2 2 1 3 1 4 2 4 3 1 3 2 2 4 3 3 3 1 3 2 4 2 4 2 4 3 3 2 4 1 4 2 4 1 3
77 0.142857 3 3 3 3 2 2 1 4 3 1 1 3 3 1 4 2 4 3 1 4 3 2 3 4 3 1 1 3 4 2 1 1 2 3 3 4 3 1 1 1 3 2 2 3 1 1 4 4 1 4 1 1 3 3 4 1 2 3 4 1 3 1 3 4 1 1 4 3 4 4 1 2 2 1 3 4 1 1 4 1 3 4 3 3 4 1 2 1 3 1 1 2 3 1 3 1 1 1 1 3 3 3 2 2 4 1 1 1 2 1 1 2 3 1 4 3 1 1 2 4 1 1 2 4 4 2 4 1 4 4 3 2 1 1 4 1 2 1 4 2 1 1 1 1 2 4 3 4 1 1 4 3 3 4 1 2 2 1 4 1 3 4 4 3 1 4 3 3 4 1 2 4 1 2 2 2 4 3 3 4 4 1 1 4 1 3 4 1 2 2 1 4 1 4 4 4 1 1 4 3 1 4 1 2 2 1 4 3 4 2 4 1 1 4 3 3 1 2 3 4 2 4 2 3 4 2 1 1 1 1 3 1 3 4 3 3 1 1 2 4 1 3 1 3 3 3 3 1 3 4 2 4 1 1 1 4 1 1 3 2 4 4 2 1 2 2 3 3 1 3 1 2 4 2 2 3 1 4 4 2 3 3 3 1 3 3 4 1 4 3 1 1 1 3 2 1 2 2 1 1 2 1 3 2 1 3 1 3 1 3 1 1 1 1 1 2 4 1 4 1 1 3 3 1 3 3 1 1 4 4 3 4 4 4 1 3 2 1 1 4 1 4 1 4 4 3 1 1 2 1 3 2 1 3 4 0 3 3 1 2 4 4 4 2 2 1 2 4 3 3 3 3 2 3 4 4 2 2 1 3 3 1 3 3 4 3 4 3 3 4 2 4 3 3 3 2 3 3 3 1 2 3 3 3 3 1 3 4 3 3 4 2 1 1 2 2 2 4 2 1 3 1 4 3 2 4 3 2 1 4 1 4 1 1 3 2 1 3 2 4 3 2 4 4 4 4 2 3 2 2 4 3 4 1 2 4 3 3 3 4 2 4 2 4 2 4 1 3 3 4 1 3 1 2 2 1 3 1 4 2 4 3 1 3 2 2 4 3 3 3 1 3 2 4 2 4 2 4 3 3 2 4 1 4 2 4 1 3
77 0.142857 3 3 4 3 2 2 1 4 3 1 1 3 3 1 4 2 4 3 1 4 3 2 3 4 3 1 1 3 1 2 1 1 2 3 3 4 3 1 1 1 3 2 2 3 1 1 4 4 1 4 1 1 3 3 4 1 2 3 4 1 3 1 3 4 1 1 4 3 4 4 1 2 2 1 3 4 1 1 4 1 3 4 3 1 4 4 1 1 3 1 1 2 3 1 3 1 1 1 1 3 3 3 2 2 4 1 1 1 2 1 1 2 3 1 4 3 1 1 2 4 1 1 2 4 4 2 4 1 4 4 3 2 1 1 4 1 2 1 4 2 1 1 1 1 2 4 3 4 1 1 4 3 3 4 1 2 2 1 4 1 3 4 4 3 1 4 3 3 4 1 2 4 1 2 2 2 4 3 3 4 4 1 1 4 1 3 4 1 2 2 1 4 1 4 4 4 1 1 4 3 1 4 1 2 2 1 4 3 4 2 4 1 1 4 3 3 1 2 3 4 2 4 2 3 4 2 1 1 1 1 3 1 3 4 3 3 1 1 2 4 1 3 1 3 3 3 3 1 3 4 2 4 1 1 1 4 1 1 1 2 4 4 2 1 2 2 3 3 1 3 1 2 2 2 2 3 1 4 4 2 3 3 3 1 3 3 4 1 4 1 1 4 1 3 2 1 2 2 1 1 2 1 3 2 1 3 1 3 1 3 1 1 1 1 1 2 4 1 4 1 3 3 3 1 3 3 1 1 4 4 3 4 4 4 1 3 2 1 1 4 1 4 1 4 4 1 1 1 2 1 3 1 1 3 4 0 3 3 1 2 4 4 4 2 2 1 2 4 3 3 3 3 2 3 4 4 2 2 1 3 3 1 3 3 4 3 4 3 3 4 2 4 3 3 3 2 3 3 3 1 2 3 3 3 3 1 3 4 3 3 4 2 1 1 2 2 2 4 2 1 3 1 4 3 2 4 3 2 1 4 1 4 1 1 3 2 1 3 2 4 3 2 4 4 4 4 2 3 2 2 4 3 4 1 2 4 3 3 3 4 2 4 2 4 2 4 1 3 3 4 1 3 1 2 2 1 3 1 4 2 4 3 1 3 2 2 4 3 3 3 1 3 2 4 2 4 2 4 3 3 2 4 1 4 2 4 1 3
77 0.142857 3 3 4 3 2 2 1 4 3 1 1 3 3 1 4 2 4 3 1 4 3 2 3 4 3 1 1 3 4 2 1 1 2 3 3 4 3 1 1 1 3 2 2 3 1 1 4 4 1 4 1 1 3 3 4 1 2 3 4 1 3 3 3 4 1 1 4 3 4 4 1 2 2 1 3 4 1 1 4 1 3 4 3 1 4 1 1 1 3 1 1 2 3 1 3 1 1 1 1 3 3 3 2 2 4 1 1 1 2 1 1 2 3 1 4 3 1 1 2 4 1 1 2 4 4 2 4 1 4 4 3 2 1 1 4 1 2 1 4 2 1 1 1 1 2 4 3 4 1 1 4 3 3 4 1 2 2 1 4 1 3 4 4 3 1 4 3 3 4 1 2 4 1 2 2 2 4 3 3 4 4 1 1 4 1 3 4 1 2 2 1 4 1 4 4 4 1 1 4 3 1 4 1 2 2 1 4 3 4 2 4 1 1 4 3 3 1 2 3 4 2 4 2 3 4 2 1 1 1 1 3 1 3 4 3 3 1 1 2 4 1 3 1 3 3 3 3 1 3 4 2 4 1 1 1 4 1 1 1 2 4 4 2 1 2 2 3 3 1 3 1 2 2 2 2 3 1 4 4 2 3 3 3 1 3 3 4 1 4 1 3 1 1 3 2 1 2 2 1 1 2 1 3 2 1 3 1 3 1 3 1 1 1 1 1 2 4 1 4 1 3 3 3 1 3 3 1 1 4 4 3 4 4 4 1 3 2 2 1 4 1 4 1 4 4 3 1 1 2 1 3 1 1 3 4 0 3 3 1 2 4 4 4 2 2 1 2 4 3 3 3 3 2 3 4 4 2 2 1 3 3 1 3 3 4 3 4 3 3 4 2 4 3 3 3 2 3 3 3 1 2 3 3 3 3 1 3 4 3 3 4 2 1 1 2 2 2 4 2 1 3 1 4 3 2 4 3 2 1 4 1 4 1 1 3 2 1 3 2 4 3 2 4 4 4 4 2 3 2 2 4 3 4 1 2 4 3 3 3 4 2 4 2 4 2 4 1 3 3 4 1 3 1 2 2 1 3 1 4 2 4 3 1 3 2 2 4 3 3 3 1 3 2 4 2 4 2 4 3 3 2 4 1 4 2 4 1 3
77 0.142857 3 3 4 3 2 2 1 4 3 1 1 3 3 1 4 2 4 3 1 4 3 2 3 4 3 1 1 3 4 2 1 1 2 3 3 4 3 1 1 1 3 2 2 3 1 1 4 4 1 4 1 1 3 3 4 1 2 3 4 1 3 3 3 4 1 1 4 3 4 4 1 2 2 1 3 4 1 1 4 1 3 4 3 1 4 1 2 1 3 1 1 2 3 1 3 1 1 1 1 3 3 3 2 2 4 1 1 1 2 1 1 2 3 1 4 3 1 1 2 4 1 1 2 4 4 2 4 1 4 4 3 2 1 1 4 1 2 1 4 2 1 1 1 1 2 4 3 4 1 1 4 3 3 4 1 2 2 1 4 1 3 4 4 3 1 4 3 3 4 1 2 4 1 2 2 2 4 3 3 4 4 1 1 4 1 3 4 1 2 2 1 4 1 4 4 4 1 1 4 3 1 4 1 2 2 1 4 3 4 2 4 1 1 4 3 3 1 2 3 4 2 4 2 3 4 2 1 1 1 1 3 1 3 4 3 3 1 1 2 4 1 3 1 3 3 3 3 1 3 4 2 4 1 1 1 4 1 1 1 1 3 4 2 1 2 2 3 3 1 3 1 2 2 2 2 3 1 4 4 2 3 3 3 1 3 3 4 1 4 1 1 1 1 3 2 4 2 2 1 1 2 1 3 2 1 3 1 3 1 3 1 1 1 1 1 2 4 4 4 1 3 3 3 1 3 3 1 1 4 4 3 4 4 4 1 3 2 2 1 4 1 4 1 4 4 3 1 1 2 3 3 1 1 3 4 0 3 3 1 2 4 4 4 2 2 1 2 4 3 3 3 3 2 3 4 4 2 2 1 3 3 1 3 3 4 3 4 3 3 4 2 4 3 3 3 2 3 3 3 1 2 3 3 3 3 1 3 4 3 3 4 2 1 1 2 2 2 4 2 1 3 1 4 3 2 4 3 2 1 4 1 4 1 1 3 2 1 3 2 4 3 2 4 4 4 4 2 3 2 2 4 3 4 1 2 4 3 3 3 4 2 4 2 4 2 4 1 3 3 4 1 3 1 2 2 1 3 1 4 2 4 3 1 3 2 2 4 3 3 3 1 3 2 4 2 4 2 4 3 3 2 4 1 4 2 4 1 3
77 0.142857 3 3 4 3 2 2 1 4 3 1 1 3 3 1 4 2 4 3 1 4 3 2 3 4 3 3 1 3 4 2 1 1 2 3 3 4 3 1 1 1 3 2 2 3 1 1 4 4 1 4 1 1 3 3 4 1 2 3 4 1 3 1 3 4 1 1 4 3 4 4 1 2 2 1 3 4 1 1 4 1 3 4 3 1 4 1 2 1 3 1 1 2 3 1 3 1 1 1 1 3 3 3 2 2 4 1 1 1 2 1 1 2 3 1 4 3 1 1 2 4 1 1 2 4 4 2 4 1 4 4 3 2 1 1 4 1 2 1 4 2 1 1 1 1 2 4 3 4 1 1 4 3 3 4 1 2 2 1 4 1 3 4 4 3 1 4 3 3 4 1 2 4 1 2 2 2 4 3 3 4 4 1 1 4 1 3 4 1 2 2 1 4 1 4 4 4 1 1 4 3 1 4 1 2 2 1 4 3 4 2 4 1 1 4 3 3 1 2 3 4 2 4 2 3 4 2 1 1 1 1 3 1 3 4 3 3 1 1 2 4 1 3 1 3 3 3 3 1 3 4 2 4 1 1 1 4 1 1 1 2 4 4 2 1 2 2 3 3 1 3 1 2 2 2 2 3 1 4 4 2 3 3 3 1 3 3 4 1 4 1 3 1 1 0 0 0 0 0 0 0 0 0 0 0 0 0 0 0 0 0 0 0 0 0 0 0 0 1 4 1 3 3 3 1 3 3 1 1 4 4 3 4 4 4 1 3 2 1 1 4 1 4 1 4 4 3 3 1 2 1 3 1 1 3 4 0 3 3 1 2 4 4 4 2 2 1 2 4 3 3 3 3 2 3 4 4 2 2 1 3 3 1 3 3 4 3 4 3 3 4 2 4 3 3 3 2 3 3 3 1 2 3 3 3 3 1 3 4 3 3 4 2 1 1 2 2 2 4 2 1 3 1 4 3 2 4 3 2 1 4 1 4 1 1 3 2 1 3 2 4 3 2 4 4 4 4 2 3 2 2 4 3 4 1 2 4 3 3 3 4 2 4 2 4 2 4 1 3 3 4 1 3 1 2 2 1 3 1 4 2 4 3 1 3 2 2 4 3 3 3 1 3 2 4 2 4 2 4 3 3 2 4 1 4 2 4 1 3
179 0.111111 3 3 4 3 2 2 1 4 3 1 1 3 3 1 4 2 4 3 1 4 3 2 3 3 3 1 1 3 4 2 1 1 2 1 3 4 3 1 1 1 3 2 2 3 2 1 4 4 1 4 1 1 3 3 4 1 2 3 4 1 3 3 3 4 1 1 4 3 4 4 1 2 2 1 3 4 1 1 4 1 3 4 3 1 4 1 1 1 3 1 1 3 3 1 3 2 1 1 1 3 3 1 2 2 4 1 1 1 2 1 1 2 1 1 4 3 1 1 2 4 1 1 2 4 4 2 4 1 4 4 3 2 1 1 4 1 2 1 4 2 1 1 1 1 2 4 3 4 1 1 4 3 3 4 1 2 2 1 4 1 3 4 4 3 1 4 3 3 4 1 2 4 1 2 2 2 4 3 3 4 4 1 1 4 1 3 4 1 2 2 1 4 1 4 4 4 1 1 4 3 1 4 1 2 2 1 4 3 4 2 4 1 1 4 3 3 1 4 3 4 2 4 2 3 4 2 1 1 3 1 3 1 3 4 3 3 1 1 2 4 1 3 1 3 3 3 3 1 3 4 2 4 1 1 1 4 1 1 1 2 4 4 2 1 2 2 3 3 1 3 1 2 2 2 2 3 1 4 4 4 3 3 3 1 3 3 4 1 4 1 1 1 1 3 2 1 2 2 1 1 2 1 3 2 1 0 0 0 1 1 1 1 1 1 1 2 4 1 4 1 3 3 3 1 3 3 1 3 4 4 3 4 4 4 1 3 2 1 1 4 1 4 1 4 4 3 1 1 1 1 3 1 1 3 4 0 3 3 1 2 4 4 4 2 2 1 2 4 3 3 3 3 2 3 4 4 2 2 1 3 3 1 3 3 4 3 4 3 3 4 2 4 3 3 3 2 3 3 3 1 2 3 3 3 3 1 3 4 3 3 4 2 1 1 2 2 2 4 2 1 3 1 4 3 2 4 3 2 1 4 1 4 1 1 3 2 1 3 2 4 3 2 4 4 4 4 2 3 2 2 4 3 4 1 2 4 3 3 3 4 2 4 2 4 2 4 1 3 3 4 1 3 1 2 2 1 3 1 4 2 4 3 1 3 2 2 4 3 3 3 1 3 2 4 2 4 2 4 3 3 2 4 1 4 2 4 1 3
179 0.111111 3 3 4 3 2 2 1 0 3 1 1 3 3 1 4 2 4 3 1 4 3 2 3 3 3 1 1 3 4 2 1 1 2 1 3 4 3 1 1 1 1 2 2 3 1 1 4 4 1 4 1 1 3 3 4 1 2 3 4 1 3 3 3 4 1 1 4 3 4 4 1 2 2 1 3 4 1 1 4 1 3 4 3 1 4 1 1 1 3 1 1 3 3 1 3 2 1 1 1 3 3 1 2 2 4 1 1 1 2 1 1 2 1 1 4 3 1 1 2 4 1 1 2 4 4 2 4 1 4 4 3 2 1 1 4 1 2 1 4 2 1 1 1 1 2 4 3 4 1 1 4 3 3 4 1 2 2 1 4 1 3 4 4 3 1 4 3 3 4 1 2 4 1 2 2 2 4 3 3 4 4 1 1 4 1 3 4 1 2 2 1 4 1 4 4 4 1 1 4 3 1 4 1 2 2 1 4 3 4 2 4 1 1 4 3 3 1 4 3 4 2 4 2 3 4 2 1 1 3 1 3 1 3 4 3 3 1 1 2 4 1 3 1 3 3 3 3 1 3 4 2 4 1 1 1 4 1 1 1 2 4 4 2 1 2 2 3 3 1 3 1 2 2 2 2 3 1 4 4 4 3 3 3 1 3 3 4 1 4 1 1 1 1 3 2 1 2 2 1 1 2 1 3 2 1 3 1 3 1 1 1 1 1 1 1 2 4 1 4 1 3 3 3 1 3 3 1 3 4 4 3 4 4 4 1 3 2 1 1 4 1 4 1 4 4 3 1 1 1 1 3 1 1 3 4 0 3 3 1 2 4 4 4 2 2 1 2 4 3 3 3 3 2 3 4 4 2 2 1 3 3 1 3 3 4 3 4 3 3 4 2 4 3 3 3 2 3 3 3 1 2 3 3 3 3 1 3 4 3 3 4 2 1 1 2 2 2 4 2 1 3 1 4 3 2 4 3 2 1 4 1 4 1 1 3 2 1 3 2 4 3 2 4 4 4 4 2 3 2 2 4 3 4 1 2 4 3 3 3 4 2 4 2 4 2 4 1 3 3 4 1 3 1 2 2 1 3 1 4 2 4 3 1 3 2 2 4 3 3 3 1 3 2 4 2 4 2 4 3 3 2 4 1 4 2 4 1 3
179 0.222222 3 3 4 3 2 2 1 4 3 1 1 3 3 1 4 2 4 3 1 4 3 2 3 3 3 1 1 3 4 2 1 1 2 1 3 4 3 1 1 1 3 2 2 3 1 1 4 4 1 4 1 1 3 3 4 1 2 3 4 1 3 3 3 4 1 1 4 3 4 4 1 2 2 1 3 4 1 1 4 1 3 4 3 1 4 1 1 1 3 1 1 3 3 1 3 2 1 1 1 3 3 1 2 2 4 1 1 1 2 1 1 2 1 1 4 3 1 1 2 4 1 1 2 4 4 2 4 1 4 4 3 2 1 1 4 1 2 1 4 2 1 1 1 1 2 4 3 4 1 1 4 3 3 4 1 2 2 1 4 1 3 4 4 3 1 4 3 3 4 1 2 4 1 2 2 2 4 3 3 4 4 1 1 4 1 3 4 1 2 2 1 4 1 4 4 4 1 1 4 3 1 4 1 2 2 1 4 3 4 2 4 1 1 4 3 3 1 4 3 4 2 4 2 3 4 2 1 1 3 1 3 1 3 4 3 3 1 1 2 4 1 3 1 3 3 3 3 1 3 4 2 4 1 1 1 4 1 1 1 2 4 4 2 1 2 2 3 3 1 3 1 2 2 2 2 3 1 4 4 4 3 3 3 1 3 3 4 1 4 1 1 1 1 3 2 1 2 2 1 1 2 1 3 2 1 3 1 3 1 1 1 1 1 1 1 2 4 1 4 1 3 3 3 1 3 3 1 3 4 4 3 4 4 4 1 3 2 1 1 4 1 4 1 4 4 3 1 1 1 1 3 1 1 3 4 0 3 3 1 2 4 4 4 2 2 1 2 4 3 3 3 3 2 3 4 4 2 2 1 3 3 1 3 3 4 3 4 3 3 4 2 4 3 3 3 2 3 3 3 1 2 3 3 3 3 1 3 4 3 3 4 2 1 1 2 2 2 4 2 1 3 1 4 3 2 4 3 2 1 4 1 4 1 1 3 2 1 3 2 4 3 2 4 4 4 4 2 3 2 2 4 3 4 1 2 4 3 3 3 4 2 4 2 4 2 4 1 3 3 4 1 3 1 2 2 1 3 1 4 2 4 3 1 3 2 2 4 3 3 3 1 3 2 4 2 4 2 4 3 3 2 4 1 4 2 4 1 3
179 0.111111 3 3 4 3 2 2 1 4 3 1 1 3 3 1 4 2 4 3 3 4 3 2 3 3 3 1 1 3 4 2 1 1 2 3 1 4 3 1 1 1 3 2 2 3 1 1 4 4 1 4 1 1 3 3 4 1 2 3 4 1 3 3 3 4 1 1 4 3 4 4 1 4 2 1 3 4 1 1 4 1 3 4 3 1 4 1 1 1 3 1 1 3 3 1 3 2 1 1 1 3 3 1 2 2 4 1 1 1 2 1 1 2 1 1 4 3 1 1 2 4 1 1 2 4 4 2 4 1 4 4 3 2 1 1 4 1 2 1 4 2 1 1 1 1 2 4 3 4 1 1 4 3 3 4 1 2 2 1 4 1 3 4 4 3 1 4 3 3 4 1 2 4 1 2 2 2 4 3 3 4 4 1 1 4 1 3 4 1 2 2 1 4 1 4 4 4 1 1 4 3 1 4 1 2 2 1 4 3 4 2 4 1 1 4 3 3 1 4 3 4 2 4 2 3 4 2 1 1 3 1 3 1 3 4 3 3 1 1 2 4 1 3 1 3 3 3 3 1 3 4 2 4 1 1 1 4 1 1 1 2 4 4 2 1 2 2 3 3 1 3 1 2 2 2 2 3 1 4 4 4 3 3 3 1 3 3 4 1 4 1 1 1 1 3 2 1 2 2 1 1 2 1 3 2 1 3 1 3 1 1 1 1 1 1 1 2 4 1 4 1 3 3 3 1 3 3 1 3 4 4 3 4 4 4 1 3 2 1 1 4 1 4 1 4 4 3 1 1 1 1 3 1 1 3 4 0 3 3 1 2 4 4 4 2 2 1 2 4 3 3 3 3 2 3 4 4 2 2 1 3 3 1 3 3 4 3 4 3 3 4 2 4 3 3 3 2 3 3 3 1 2 3 3 3 3 1 3 4 3 3 4 2 1 1 2 2 2 4 2 1 3 1 4 3 2 4 3 2 1 4 1 4 1 1 3 2 1 3 2 4 3 2 4 4 4 4 2 3 2 2 4 3 4 1 2 4 3 3 3 4 2 4 2 4 2 4 1 3 3 4 1 3 1 2 2 1 3 1 4 2 4 3 1 3 2 2 4 3 3 3 1 3 2 4 2 4 2 4 3 3 2 4 1 4 2 4 1 3
179 0.111111 3 3 4 1 2 2 1 4 3 1 1 3 3 1 4 2 4 3 1 4 1 2 1 4 3 1 1 3 4 2 1 1 2 3 1 4 3 1 1 1 3 2 2 3 1 1 4 4 1 4 1 1 3 3 4 1 2 3 4 1 3 3 3 4 1 1 4 3 4 4 1 2 2 1 3 4 1 1 4 1 3 4 3 1 4 1 1 1 3 3 1 2 3 1 3 1 1 1 1 3 3 1 2 2 4 1 1 1 2 1 1 2 1 1 4 3 1 1 2 4 1 1 2 4 4 2 4 1 4 4 3 2 1 1 4 1 2 1 4 2 1 1 1 1 2 4 3 4 1 1 4 3 3 4 1 2 2 1 4 1 3 4 4 1 1 4 3 3 4 1 2 4 1 2 2 2 4 3 3 4 4 1 1 4 1 3 4 1 2 2 1 4 1 4 4 4 1 1 4 3 1 4 1 2 2 1 4 3 4 2 4 1 1 4 3 3 1 2 3 4 2 4 4 3 4 2 1 2 1 1 3 3 3 2 3 3 1 1 2 4 1 3 1 3 3 1 3 1 3 4 2 4 1 1 1 4 1 1 1 2 4 4 2 1 2 2 3 3 1 3 1 2 2 2 2 3 1 4 4 2 3 3 3 1 3 3 4 1 4 1 1 1 1 3 2 1 2 2 1 1 2 1 3 2 1 3 1 3 1 3 1 1 1 1 1 2 4 1 4 1 3 3 3 1 1 3 1 1 4 4 3 4 4 4 1 4 2 2 1 4 1 4 1 4 4 3 3 1 2 1 3 1 1 3 4 0 3 3 1 2 4 4 4 2 2 1 2 4 3 3 3 3 2 3 4 4 2 2 1 3 3 1 3 3 4 3 4 3 3 4 2 4 3 3 3 2 3 3 3 1 2 3 3 3 3 1 3 4 3 3 4 2 1 1 2 2 2 4 2 1 3 1 4 3 2 4 3 2 1 4 1 4 1 1 3 2 1 3 2 4 3 2 4 4 4 4 2 3 2 2 4 3 4 1 2 4 3 3 3 4 2 4 2 4 2 4 1 3 3 4 1 3 1 2 2 1 3 1 4 2 4 3 1 3 2 2 4 3 3 3 1 3 2 4 2 4 2 4 3 3 2 4 1 4 2 4 1 3
179 0.111111 3 3 4 3 2 2 1 4 3 1 1 3 3 1 4 2 4 3 1 4 3 2 3 4 3 1 1 1 4 2 1 1 2 3 3 4 3 1 1 1 3 2 2 3 1 1 4 4 1 4 1 1 3 3 4 1 2 3 4 1 3 3 3 4 1 1 4 3 4 4 1 2 2 1 3 4 1 1 4 1 3 4 3 1 4 1 1 1 3 3 1 2 3 1 3 1 1 1 3 3 3 1 2 2 4 1 1 1 2 1 1 2 1 1 4 3 1 1 2 4 1 1 2 4 4 2 4 1 4 4 3 2 1 1 4 1 2 1 4 2 1 1 1 1 2 4 3 4 1 1 4 3 3 4 1 2 2 1 4 1 3 4 4 3 1 4 3 3 4 1 2 4 1 2 2 2 4 3 3 4 4 1 1 4 1 3 4 1 2 2 1 4 1 4 4 4 1 1 4 3 1 4 1 2 2 1 4 3 4 2 4 1 1 4 3 3 1 4 3 4 2 4 4 3 4 2 1 1 1 1 3 1 3 4 3 3 1 1 2 4 1 3 1 3 3 3 3 1 3 4 2 4 1 1 1 4 3 1 1 2 4 4 2 1 2 2 3 3 1 3 1 2 2 2 2 3 1 4 4 4 3 3 3 1 3 3 4 1 4 1 1 1 1 3 2 1 2 2 1 1 2 1 3 2 1 3 1 3 1 3 1 1 1 1 1 2 4 1 4 1 3 3 3 1 3 3 1 3 4 4 3 4 4 4 1 3 2 1 1 4 1 4 1 4 4 3 1 1 1 1 3 1 1 3 4 0 3 3 1 2 4 4 4 2 2 1 2 4 3 3 3 3 2 3 4 4 2 2 1 3 3 1 3 3 4 3 4 3 3 4 2 4 3 3 3 2 3 3 3 1 2 3 3 3 3 1 3 4 3 3 4 2 1 1 2 2 2 4 2 1 3 1 4 3 2 4 3 2 1 4 1 4 1 1 3 2 1 3 2 4 3 2 4 4 4 4 2 3 2 2 4 3 4 1 2 4 3 3 3 4 2 4 2 4 2 4 1 3 3 4 1 3 1 2 2 1 3 1 4 2 4 3 1 3 2 2 4 3 3 3 1 3 2 4 2 4 2 4 3 3 2 4 1 4 2 4 1 3
179 0.111111 3 3 4 3 2 2 1 4 3 1 1 3 3 1 4 2 4 3 1 4 3 2 3 4 3 1 1 3 4 2 1 1 2 3 3 4 3 1 1 1 3 2 2 3 1 1 4 4 1 4 1 1 3 3 4 1 2 3 4 1 3 3 3 4 1 1 4 3 4 4 1 2 2 1 3 4 1 1 4 1 3 4 3 1 4 1 1 1 3 1 2 2 3 1 3 1 1 1 1 3 3 3 2 4 4 1 1 1 2 1 1 2 3 1 4 3 1 1 2 4 1 1 2 4 4 2 4 1 4 4 3 2 1 1 4 1 2 1 4 2 1 1 1 1 2 4 3 4 1 1 4 3 3 4 1 2 2 1 4 1 3 4 4 3 1 4 3 3 4 1 2 4 1 2 2 2 4 3 3 4 4 1 1 4 1 3 4 1 2 2 1 4 1 4 4 4 1 1 4 3 1 4 1 2 2 1 4 3 4 2 4 1 1 4 3 3 1 2 3 4 2 4 2 3 4 2 1 1 1 1 3 1 3 4 3 3 1 1 2 4 1 3 1 3 3 3 3 1 3 4 2 4 1 1 1 4 1 1 1 2 4 4 2 1 2 2 3 3 1 3 1 2 2 2 2 3 1 4 4 2 3 3 3 1 3 3 4 1 4 1 1 1 1 3 2 1 2 2 1 1 2 1 3 2 1 3 1 3 1 3 1 1 1 1 1 2 4 1 4 1 3 3 3 1 3 3 1 1 4 4 3 4 4 4 1 3 2 2 1 3 1 2 1 4 4 3 1 2 2 1 3 1 1 3 4 0 3 3 1 2 4 4 4 2 2 1 2 4 3 3 3 3 2 3 4 4 2 2 1 3 3 1 3 3 4 3 4 3 3 4 2 4 3 3 3 2 3 3 3 1 2 3 3 3 3 1 3 4 3 3 4 2 1 1 2 2 2 4 2 1 3 1 4 3 2 4 3 2 1 4 1 4 1 1 3 2 1 3 2 4 3 2 4 4 4 4 2 3 2 2 4 3 4 1 2 4 3 3 3 4 2 4 2 4 2 4 1 3 3 4 1 3 1 2 2 1 3 1 4 2 4 3 1 3 2 2 4 3 3 3 1 3 2 4 2 4 2 4 3 3 2 4 1 4 2 4 1 3
179 0.111111 3 3 4 3 2 2 1 4 3 1 1 3 3 1 4 2 4 3 1 4 3 2 3 4 1 1 1 3 4 2 1 1 2 3 3 4 3 1 1 1 3 2 2 3 1 1 4 4 1 4 1 1 3 3 4 1 2 3 4 1 3 3 3 4 0 0 0 0 0 0 0 0 0 0 0 0 0 0 0 0 0 0 3 4 4 1 1 1 3 1 4 2 3 1 3 1 1 1 1 3 3 1 2 2 4 1 1 1 2 1 1 2 3 1 4 3 1 3 2 4 1 1 2 0 0 0 0 0 0 0 0 0 0 0 0 0 0 0 0 0 0 0 0 0 0 0 0 1 0 0 0 0 0 0 0 0 0 0 0 0 0 0 0 0 0 0 0 0 0 0 0 0 0 0 0 0 0 0 0 0 0 0 0 0 0 0 0 0 0 0 0 0 0 0 0 0 0 0 0 0 0 0 0 0 0 0 0 0 0 0 0 0 0 0 0 0 0 2 3 4 2 4 4 3 4 2 1 1 1 1 3 1 3 4 3 3 1 1 4 4 1 3 1 3 3 3 3 1 3 4 2 4 1 1 1 4 1 1 1 2 4 4 2 1 2 2 3 3 1 3 1 2 2 2 2 1 1 4 4 2 3 3 3 1 3 3 4 1 4 1 1 1 1 3 2 1 2 2 1 1 2 1 3 2 1 3 1 3 1 3 1 1 1 1 1 2 4 1 4 1 3 3 3 1 3 3 1 1 4 4 3 4 4 4 1 4 2 2 1 4 1 4 1 4 4 3 3 1 2 1 3 1 1 3 4 0 3 3 1 2 4 4 4 2 2 1 2 4 3 3 3 3 2 3 4 4 2 2 1 3 3 1 3 3 4 3 4 3 3 4 2 4 3 3 3 2 3 3 3 1 2 3 3 3 3 1 3 4 3 3 4 2 1 1 2 2 2 4 2 1 3 1 4 3 2 4 3 2 1 4 1 4 1 1 3 2 1 3 2 4 3 2 4 4 4 4 2 3 2 2 4 3 4 1 2 4 3 3 3 4 2 4 2 4 2 4 1 3 3 4 1 3 1 2 2 1 3 1 4 2 4 3 1 3 2 2 4 3 3 3 1 3 2 4 2 4 2 4 3 3 2 4 1 4 2 4 1 3
438 0.045455 3 3 4 1 2 2 1 4 3 1 1 3 3 2 4 2 4 3 1 4 3 2 3 4 3 1 1 3 4 2 1 1 2 3 1 4 4 1 1 1 3 2 2 3 1 3 4 3 1 2 3 1 3 3 4 3 2 3 4 1 1 3 3 4 1 1 4 3 4 4 1 2 2 1 3 4 1 1 4 1 3 4 3 1 4 1 1 1 3 1 2 2 1 1 3 1 1 1 1 3 3 1 2 2 4 1 1 1 2 1 1 2 3 1 4 1 1 1 2 4 1 1 2 4 4 2 4 1 4 4 3 2 1 1 4 1 2 1 4 2 1 1 1 1 2 4 3 4 1 1 4 3 3 4 1 2 2 1 4 1 3 4 4 1 1 4 3 3 4 1 2 4 1 4 2 2 4 3 3 4 4 1 1 4 1 3 4 1 2 2 1 4 1 4 4 4 1 1 4 3 1 4 1 2 2 1 4 3 4 2 4 1 1 4 3 3 1 2 3 4 2 4 2 1 4 2 1 1 1 1 3 1 3 4 3 4 1 1 2 4 1 3 1 3 1 3 3 1 3 4 2 4 1 1 3 4 1 1 1 2 4 4 2 1 2 2 3 3 1 3 1 2 2 2 2 3 1 3 4 4 3 3 3 1 3 3 4 1 4 1 3 1 1 0 0 0 0 0 0 0 0 0 0 0 0 0 0 0 0 0 0 0 0 0 0 0 0 1 4 1 3 4 1 1 1 3 1 1 4 4 1 4 2 4 1 4 2 2 1 4 1 2 1 4 4 3 2 1 2 1 3 1 1 3 4 0 3 3 1 2 4 4 4 2 2 1 2 4 3 3 3 3 2 3 4 4 2 2 1 3 3 1 3 3 4 3 4 3 3 4 2 4 3 3 3 2 3 3 3 1 2 3 3 3 3 1 3 4 3 3 4 2 1 1 2 2 2 4 2 1 3 1 4 3 2 4 3 2 1 4 1 4 1 1 3 2 1 3 2 4 3 2 4 4 4 4 2 3 2 2 4 3 4 1 2 4 3 3 3 4 2 4 2 4 2 4 1 3 3 4 1 3 1 2 2 1 3 1 4 2 4 3 1 3 2 2 4 3 3 3 1 3 2 4 2 4 2 4 3 3 2 4 1 4 2 4 1 3
438 0.045455 3 3 4 3 4 2 1 4 3 1 1 3 3 2 4 2 4 3 1 4 3 2 1 4 3 1 1 3 4 2 1 1 2 3 1 1 3 1 1 1 3 2 2 3 1 3 4 4 1 2 3 1 3 3 4 3 2 3 4 3 3 3 3 4 1 1 4 3 4 4 1 2 2 1 3 4 1 1 4 1 3 4 3 1 4 1 1 1 3 1 2 2 1 1 3 1 1 1 1 3 3 1 2 2 4 1 1 1 2 1 1 2 3 1 4 1 1 1 2 4 1 1 2 4 4 2 4 1 4 4 3 2 1 1 4 1 2 1 4 2 1 1 3 1 2 4 3 4 1 1 4 3 3 4 1 2 2 1 4 1 3 4 4 1 1 4 3 3 4 1 2 4 1 2 2 2 4 3 3 4 4 1 1 4 1 3 4 1 2 2 1 4 1 4 4 4 1 1 4 3 1 4 1 2 2 1 4 3 4 2 4 1 1 4 3 3 1 2 3 4 2 4 2 1 4 2 1 1 1 1 3 1 3 4 3 3 1 1 2 4 1 3 1 3 1 3 3 1 3 3 2 2 1 1 3 4 1 1 1 2 4 4 2 1 2 2 3 3 1 1 1 2 2 2 2 3 1 4 4 2 3 3 3 1 3 3 2 1 4 1 1 1 1 3 2 1 2 2 1 1 2 1 3 2 1 3 1 3 1 3 1 1 1 1 1 2 4 1 4 1 3 4 1 1 1 3 1 3 4 4 1 4 2 4 1 4 2 2 1 4 1 2 1 4 4 3 2 1 2 1 3 1 1 3 4 0 3 3 1 2 4 4 4 2 2 1 2 4 3 3 3 3 2 3 4 4 2 2 1 3 3 1 3 3 4 3 4 3 3 4 2 4 3 3 3 2 3 3 3 1 2 3 3 3 3 1 3 4 3 3 4 2 1 1 2 2 2 4 2 1 3 1 4 3 2 4 3 2 1 4 1 4 1 1 3 2 1 3 2 4 3 2 4 4 4 4 2 3 2 2 4 3 4 1 2 4 3 3 3 4 2 4 2 4 2 4 1 3 3 4 1 3 1 2 2 1 3 1 4 2 4 3 1 3 2 2 4 3 3 3 1 3 2 4 2 4 2 4 3 3 2 4 1 4 2 4 1 3
438 0.045455 3 1 4 3 2 2 1 4 3 1 1 3 3 2 4 1 4 1 1 4 3 2 3 4 3 1 1 3 4 2 1 1 2 3 1 4 3 1 1 2 3 2 2 3 1 3 4 4 1 2 3 1 3 3 4 3 2 3 4 1 1 3 3 2 1 1 4 3 4 4 1 2 2 1 3 4 1 1 4 1 3 4 3 1 4 1 1 1 3 1 2 2 1 1 3 1 1 1 1 3 3 1 2 2 4 1 1 1 2 3 1 2 3 1 4 3 1 1 2 4 1 1 2 4 4 2 4 1 4 4 3 2 1 1 4 1 2 1 4 2 1 1 1 1 2 4 3 4 1 1 4 3 3 4 1 2 2 1 4 1 3 4 4 1 1 4 3 3 4 1 2 4 1 2 2 2 4 3 3 4 4 1 1 4 1 3 4 1 2 2 1 4 1 4 4 4 1 1 4 3 1 4 1 2 2 1 4 3 4 2 4 1 1 4 3 3 1 2 3 4 2 4 2 1 4 2 1 1 1 1 3 1 3 4 3 3 1 1 2 4 1 3 1 3 1 3 1 1 3 4 2 4 1 1 1 4 1 1 1 2 4 4 2 2 0 2 3 3 1 3 1 2 2 2 2 3 1 4 4 2 3 3 3 1 3 3 4 1 4 1 1 1 1 3 2 1 2 2 1 1 2 1 3 2 1 3 1 3 1 3 1 1 1 1 1 2 4 1 4 1 3 3 3 2 3 3 1 1 4 4 1 4 2 4 1 4 2 2 1 4 1 2 1 4 4 3 2 1 2 1 3 1 3 3 4 0 3 3 1 2 4 4 4 2 2 1 2 4 3 3 3 3 2 3 4 4 2 2 1 3 3 1 3 3 4 3 4 3 3 4 2 4 3 3 3 2 3 3 3 1 2 3 3 3 3 1 3 4 3 3 4 2 1 1 2 2 2 4 2 1 3 1 4 3 2 4 3 2 1 4 1 4 1 1 3 2 1 3 2 4 3 2 4 4 4 4 2 3 2 2 4 3 4 1 2 4 3 3 3 4 2 4 2 4 2 4 1 3 3 4 1 3 1 2 2 1 3 1 4 2 4 3 1 3 2 2 4 3 3 3 1 3 2 4 2 4 2 4 3 3 2 4 1 4 2 4 1 3
438 0.045455 3 3 4 3 2 2 1 4 3 1 1 3 3 2 4 2 4 3 1 4 3 4 3 4 3 1 1 3 4 2 1 1 2 3 1 4 3 1 1 2 3 2 2 1 1 3 4 4 1 4 1 1 3 3 4 3 2 3 4 1 3 1 3 4 0 0 0 0 0 0 0 0 0 0 0 0 0 0 0 0 0 0 3 1 4 1 1 2 3 1 1 2 1 1 3 1 1 3 1 3 3 1 2 2 4 1 1 1 2 1 2 2 3 1 4 1 1 1 2 4 2 1 2 4 4 2 4 1 4 4 3 2 1 1 4 1 2 1 4 2 1 1 1 1 2 4 3 4 1 1 4 3 3 4 1 2 2 1 4 1 3 4 4 1 1 4 3 3 4 1 2 4 1 4 2 2 4 3 3 4 4 1 1 4 1 3 4 1 2 2 1 4 1 4 4 4 1 1 4 3 1 4 1 2 2 1 4 3 4 2 4 1 1 4 3 3 1 2 3 4 2 4 2 1 4 2 1 1 1 1 3 1 3 4 3 3 1 1 2 4 1 3 1 3 1 3 3 1 3 4 2 4 1 4 1 4 1 1 1 2 4 4 2 1 2 2 3 3 1 3 1 2 4 2 2 3 1 4 4 2 3 3 3 1 3 3 4 1 4 1 3 1 1 0 0 0 0 0 0 0 0 0 0 0 0 0 0 0 0 0 0 0 0 0 0 0 0 1 4 1 3 3 3 2 3 3 2 3 4 2 1 4 2 3 1 4 2 2 1 4 2 4 1 4 4 3 2 1 2 1 3 1 1 3 4 0 3 3 1 2 4 4 4 2 2 1 2 4 3 3 3 3 2 3 4 4 2 2 1 3 3 1 3 3 4 3 4 3 3 4 2 4 3 3 3 2 3 3 3 1 2 3 3 3 3 1 3 4 3 3 4 2 1 1 2 2 2 4 2 1 3 1 4 3 2 4 3 2 1 4 1 4 1 1 3 2 1 3 2 4 3 2 4 4 4 4 2 3 2 2 4 3 4 1 2 4 3 3 3 4 2 4 2 4 2 4 1 3 3 4 1 3 1 2 2 1 3 1 4 2 4 3 1 3 2 2 4 3 3 3 1 3 2 4 2 4 2 4 3 3 2 4 1 4 2 4 1 3
438 0.045455 3 3 4 3 2 2 1 4 3 1 1 3 3 2 4 2 4 3 1 4 3 4 3 4 3 1 1 3 4 2 1 1 2 3 1 4 3 1 1 2 3 2 2 3 1 3 4 4 1 4 1 1 3 3 4 3 2 3 4 1 3 1 3 4 0 0 0 0 0 0 0 0 0 0 0 0 0 0 0 0 0 0 3 1 4 1 1 2 3 1 1 2 1 1 3 1 1 3 1 3 3 1 2 2 4 1 1 1 2 1 2 2 3 1 4 1 1 1 2 4 1 1 2 4 4 2 4 1 4 4 3 2 1 1 4 1 2 1 4 2 1 1 1 1 2 4 3 4 1 1 4 3 3 4 1 2 2 1 4 1 3 4 4 1 1 4 3 3 4 1 2 4 1 4 2 2 4 3 3 4 4 1 1 4 1 3 4 1 2 2 1 4 1 4 4 4 1 1 4 3 1 4 1 2 2 1 4 3 4 2 4 1 1 4 3 3 1 2 3 4 2 4 2 1 4 2 1 1 1 1 3 1 3 4 3 3 1 1 2 4 1 3 1 3 1 3 3 1 3 4 2 4 1 4 1 4 1 1 1 2 4 4 2 1 2 2 3 3 1 3 1 2 4 2 2 3 1 4 4 2 3 3 3 1 3 3 4 1 4 1 3 1 1 0 0 0 0 0 0 0 0 0 0 0 0 0 0 0 0 0 0 0 0 0 0 0 0 1 4 1 3 3 3 2 3 3 2 3 4 2 1 4 2 3 1 4 2 2 1 4 1 4 1 4 4 3 2 1 2 1 3 1 1 3 4 0 3 3 1 2 4 4 4 2 2 1 2 4 3 3 3 3 2 3 4 4 2 2 1 3 3 1 3 3 4 3 4 3 3 4 2 4 3 3 3 2 3 3 3 1 2 3 3 3 3 1 3 4 3 3 4 2 1 1 2 2 2 4 2 1 3 1 4 3 2 4 3 2 1 4 1 4 1 1 3 2 1 3 2 4 3 2 4 4 4 4 2 3 2 2 4 3 4 1 2 4 3 3 3 4 2 4 2 4 2 4 1 3 3 4 1 3 1 2 2 1 3 1 4 2 4 3 1 3 2 2 4 3 3 3 1 3 2 4 2 4 2 4 3 3 2 4 1 4 2 4 1 3
438 0.045455 3 3 4 3 2 2 1 4 3 1 1 3 3 2 4 2 4 3 1 4 3 2 3 4 3 1 1 3 4 2 1 1 2 3 1 4 3 1 1 2 3 2 4 3 1 3 4 4 1 4 1 1 3 3 4 3 2 3 4 1 3 1 3 4 0 0 0 0 0 0 0 0 0 0 0 0 0 0 0 0 0 0 3 1 4 1 1 2 3 1 1 2 1 1 3 1 1 3 1 3 3 1 2 2 4 1 1 1 2 1 2 2 3 1 4 1 1 1 2 4 1 1 2 4 4 2 4 1 4 4 3 2 1 1 4 1 2 1 4 2 1 1 1 1 2 4 3 4 1 1 4 3 3 4 1 2 2 1 4 1 3 4 4 1 1 4 3 3 4 1 2 4 1 4 2 2 4 3 3 4 4 1 1 4 1 3 4 1 2 2 1 4 1 4 4 4 1 1 4 3 1 4 1 2 2 1 4 3 4 2 4 1 1 4 3 3 1 2 3 4 2 4 2 1 4 2 1 1 1 1 3 1 3 4 3 3 1 1 2 4 1 3 1 3 1 3 3 1 3 4 2 4 1 4 1 4 1 1 1 2 4 4 2 1 2 2 3 3 1 3 1 2 4 2 2 3 1 4 4 2 3 3 3 1 3 3 4 1 4 1 3 1 1 0 0 0 0 0 0 0 0 0 0 0 0 0 0 0 0 0 0 0 0 0 0 0 0 1 4 1 3 3 3 2 3 3 2 3 4 2 1 4 2 3 1 4 2 2 1 4 1 4 1 4 4 3 2 1 2 1 3 1 1 3 4 0 3 3 1 2 4 4 4 2 2 1 2 4 3 3 3 3 2 3 4 4 2 2 1 3 3 1 3 3 4 3 4 3 3 4 2 4 3 3 3 2 3 3 3 1 2 3 3 3 3 1 3 4 3 3 4 2 1 1 2 2 2 4 2 1 3 1 4 3 2 4 3 2 1 4 1 4 1 1 3 2 1 3 2 4 3 2 4 4 4 4 2 3 2 2 4 3 4 1 2 4 3 3 3 4 2 4 2 4 2 4 1 3 3 4 1 3 1 2 2 1 3 1 4 2 4 3 1 3 2 2 4 3 3 3 1 3 2 4 2 4 2 4 3 3 2 4 1 4 2 4 1 3
438 0.045455 3 3 4 1 2 2 1 4 3 1 1 3 3 2 4 2 4 3 1 4 3 2 1 4 3 1 1 3 4 2 1 1 2 3 1 4 3 1 2 1 3 2 2 3 1 3 4 4 1 2 1 1 3 3 4 3 2 3 4 1 1 3 1 4 1 1 4 3 4 4 1 2 2 3 3 4 1 1 4 1 3 4 3 1 4 1 1 1 3 1 2 2 1 1 3 1 1 1 1 3 3 1 2 2 4 1 1 1 2 1 1 2 3 3 4 1 0 1 2 4 1 1 2 4 4 2 4 1 4 4 3 2 1 1 4 1 2 1 4 2 1 1 3 1 2 4 3 4 1 1 4 3 3 4 1 2 2 1 4 1 3 4 4 1 1 4 3 3 4 1 2 4 1 2 2 2 4 3 3 4 4 1 1 4 1 3 4 1 2 2 1 4 1 4 4 4 1 1 4 3 1 4 1 2 2 1 4 3 4 2 4 1 1 4 3 3 1 2 3 4 2 4 2 3 1 2 3 1 1 1 3 1 3 4 3 4 1 1 2 4 1 3 1 3 1 3 3 1 3 3 2 2 1 1 3 4 1 1 1 2 4 4 2 1 2 2 3 3 1 3 1 2 2 2 2 1 1 4 4 2 3 3 3 1 3 3 4 1 4 1 1 1 1 0 0 0 0 0 0 0 0 0 0 0 0 0 0 0 1 3 1 1 1 1 1 2 4 1 4 1 3 3 3 3 1 3 1 3 4 4 1 4 2 4 1 4 2 2 1 4 1 4 1 4 2 3 3 1 2 1 3 1 1 1 4 0 3 3 1 2 4 4 4 2 2 1 2 4 3 3 3 3 2 3 4 4 2 2 1 3 3 1 3 3 4 3 4 3 3 4 2 4 3 3 3 2 3 3 3 1 2 3 3 3 3 1 3 4 3 3 4 2 1 1 2 2 2 4 2 1 3 1 4 3 2 4 3 2 1 4 1 4 1 1 3 2 1 3 2 4 3 2 4 4 4 4 4 3 2 2 4 3 4 1 2 4 3 3 3 4 2 4 2 4 2 4 1 3 3 4 1 3 1 2 2 1 3 1 4 2 4 3 1 3 2 2 4 3 3 3 1 3 2 4 2 4 2 4 3 3 2 4 1 4 2 4 1 3
438 0.045455 3 3 4 1 2 2 1 4 3 1 1 3 3 2 4 2 4 3 1 4 3 2 3 4 3 1 1 3 4 2 1 1 2 3 1 4 4 1 1 1 3 2 2 1 1 3 4 4 1 2 3 1 3 3 4 3 2 3 4 1 1 3 3 4 1 1 4 3 4 4 1 2 2 1 3 4 1 1 4 1 3 4 3 1 4 1 1 1 3 1 2 2 1 1 3 1 1 1 1 3 3 1 2 2 4 1 3 1 2 1 1 2 3 1 4 1 1 1 2 4 1 1 2 4 4 2 4 1 4 4 3 2 1 1 4 1 2 1 4 2 1 1 1 1 2 4 3 4 1 1 4 3 3 4 1 2 2 1 4 1 3 4 4 1 1 4 3 3 4 1 2 4 1 4 2 2 4 3 3 4 4 1 1 4 1 3 4 1 2 2 1 4 1 4 4 4 1 1 4 3 1 4 1 2 2 1 4 3 4 2 4 1 1 4 3 3 1 2 3 4 2 4 2 1 4 2 1 1 1 1 3 1 3 4 1 3 1 1 2 1 1 3 1 3 1 3 1 1 3 4 2 4 1 1 3 4 1 1 1 2 4 4 2 1 2 2 3 3 1 3 1 2 2 2 2 3 1 3 4 4 3 3 3 2 3 3 4 1 4 1 3 1 1 0 0 0 0 0 0 0 0 0 0 0 0 0 0 0 0 0 0 0 0 0 0 0 0 1 4 3 3 4 1 1 1 3 1 1 4 4 1 4 2 4 1 4 2 2 1 4 1 2 1 4 4 3 2 1 2 1 3 1 1 3 4 0 3 3 1 2 4 4 4 2 2 1 2 4 3 3 3 3 2 3 4 4 2 2 1 3 3 1 3 3 4 3 4 3 3 4 2 4 3 3 3 2 3 3 3 1 2 3 3 3 3 1 3 4 3 3 4 2 1 1 2 2 2 4 2 1 3 1 4 3 2 4 3 2 1 4 1 4 1 1 3 2 1 3 2 4 3 2 4 4 4 4 2 3 2 2 4 3 4 1 2 4 3 3 3 4 2 4 2 4 2 4 1 3 3 4 1 3 1 2 2 1 3 1 4 2 4 3 1 3 2 2 4 3 3 3 1 3 2 4 2 4 2 4 3 3 2 4 1 4 2 4 1 3
438 0.045455 3 3 4 1 2 2 1 4 3 3 3 3 3 2 4 2 4 3 1 4 3 2 1 4 3 1 1 3 4 2 1 1 2 3 1 4 4 1 1 1 3 2 2 3 1 3 4 4 2 2 3 1 3 3 4 3 2 3 4 1 1 3 3 4 1 1 4 3 4 4 1 2 2 1 3 4 1 1 4 1 3 4 3 1 4 1 1 1 3 1 2 2 1 1 3 1 1 1 1 3 3 1 2 2 4 1 1 1 2 1 1 2 3 1 3 3 1 1 2 4 1 1 2 4 4 2 4 1 4 4 3 2 1 1 4 1 2 1 4 2 1 1 3 1 2 4 3 4 1 1 4 3 3 4 1 2 2 1 4 1 3 4 4 1 1 4 3 3 4 1 2 4 1 2 2 2 4 3 3 4 4 1 1 4 1 3 4 1 2 2 1 4 1 4 4 4 1 1 4 3 1 4 1 2 2 1 4 3 4 2 4 1 1 4 3 3 1 2 3 4 2 4 4 1 4 2 1 1 1 1 3 1 3 4 3 3 1 1 2 4 1 3 3 3 1 3 3 1 3 3 2 4 1 1 3 4 1 1 1 2 4 4 2 1 2 2 3 3 1 3 1 2 2 2 2 3 1 4 4 2 3 3 3 1 3 3 4 1 4 1 1 1 1 3 2 1 2 2 1 1 2 1 3 2 1 3 1 3 1 3 1 1 1 1 1 2 4 1 4 1 3 3 3 1 1 1 1 1 4 4 1 4 2 4 1 4 2 2 1 4 1 2 1 4 4 3 2 1 2 1 3 1 1 3 4 0 3 3 1 2 4 4 4 2 2 1 2 4 3 3 3 3 2 3 4 4 2 2 1 3 3 1 3 3 4 3 4 3 3 4 2 4 3 3 3 2 3 3 3 1 2 3 3 3 3 1 3 4 3 3 4 2 1 1 2 2 2 4 2 1 3 1 4 3 2 4 3 2 1 4 1 4 1 1 3 2 1 3 2 4 3 2 4 4 4 4 2 3 2 2 4 3 4 1 2 4 3 3 3 4 2 4 2 4 2 4 1 3 3 4 1 3 1 2 2 1 3 1 4 2 4 3 1 3 2 2 4 3 3 3 1 3 2 4 2 4 2 4 3 3 2 4 1 4 2 4 1 3
438 0.045455 3 3 4 3 4 2 1 4 3 1 1 3 3 2 4 2 4 3 1 4 3 2 1 4 3 1 1 3 4 2 1 3 2 3 1 1 3 1 1 1 3 4 2 3 1 3 4 4 1 2 3 1 3 3 4 3 2 3 4 1 3 3 3 4 1 1 4 3 4 4 1 2 2 1 3 4 1 1 4 1 3 4 3 1 4 1 1 1 3 1 2 2 1 1 1 1 1 1 1 3 3 1 2 2 4 1 1 1 2 1 1 2 3 1 4 1 1 1 2 4 1 1 2 4 4 2 4 1 4 4 3 2 1 1 4 1 2 1 4 2 1 1 3 1 2 4 3 4 1 1 4 3 3 4 1 2 2 1 4 1 3 4 4 1 1 4 3 3 4 1 2 4 1 2 2 0 0 0 0 0 0 0 0 0 0 0 0 2 4 3 3 4 4 1 1 4 1 3 4 1 2 2 1 4 1 4 4 4 1 1 4 3 1 4 3 3 1 2 3 4 2 4 2 1 4 2 1 1 1 1 3 1 3 4 3 3 1 1 2 4 1 3 1 3 1 3 3 1 3 3 2 2 1 1 3 4 1 1 1 2 4 4 2 1 2 2 3 3 1 1 1 2 2 2 2 3 1 4 4 2 3 3 3 1 3 3 4 1 4 1 1 1 1 3 2 1 2 2 1 1 2 1 3 2 1 3 1 3 1 3 1 1 1 1 1 2 4 1 4 1 3 3 3 1 1 3 1 3 3 4 1 4 2 4 1 4 2 2 1 4 1 2 1 4 4 3 2 1 2 1 3 1 1 3 4 0 3 3 1 2 4 4 4 2 2 1 2 4 3 3 3 3 2 3 4 4 2 2 1 3 3 1 3 3 4 3 4 3 3 4 2 4 3 3 3 2 3 3 3 1 2 3 3 3 3 1 3 4 3 3 4 2 1 1 2 2 2 4 2 1 3 1 4 3 2 4 3 2 1 4 1 4 1 1 3 2 1 3 2 4 3 2 4 4 4 4 2 3 2 2 4 3 4 1 2 4 3 3 3 4 2 4 2 4 2 4 1 3 3 4 1 3 1 2 2 1 3 1 4 2 4 3 1 3 2 2 4 3 3 3 1 3 2 4 2 4 2 4 3 3 2 4 1 4 2 4 1 3
438 0.045455 3 3 4 1 2 2 1 4 3 1 1 3 3 2 4 2 4 3 1 4 3 2 3 4 3 1 1 3 4 2 1 1 2 3 1 4 4 1 1 1 3 2 2 3 1 3 4 4 1 4 1 1 3 3 4 3 4 3 4 1 3 1 3 4 1 1 4 3 4 4 1 1 2 1 3 4 1 1 4 1 3 4 3 1 4 1 1 2 3 1 1 2 3 2 3 1 1 1 1 3 3 1 2 2 4 3 1 1 2 1 1 2 3 1 4 1 1 1 2 4 1 1 2 4 4 2 4 1 4 4 3 2 1 1 4 1 2 1 4 2 1 1 1 1 2 4 3 4 1 1 4 3 3 4 1 2 2 1 4 1 3 4 4 1 1 4 3 3 4 1 2 4 1 4 2 2 4 3 3 4 4 1 1 4 1 3 4 1 2 2 1 4 1 4 4 4 1 1 4 3 1 4 1 2 2 1 4 3 4 2 4 1 1 4 3 3 1 2 3 4 2 4 2 1 4 2 1 1 1 1 3 1 3 4 3 4 1 1 2 4 1 3 1 3 1 3 3 1 3 4 2 4 1 1 1 4 1 1 1 2 4 4 2 1 2 2 3 3 1 3 1 2 2 2 2 3 1 3 4 4 3 1 3 1 3 3 4 1 4 1 3 1 1 0 0 0 0 0 0 0 0 0 0 0 0 0 0 0 0 0 0 0 0 0 0 0 0 1 4 1 3 4 1 1 1 3 1 1 4 4 1 4 2 4 1 4 2 2 1 4 1 2 1 4 4 3 2 1 2 1 3 1 1 3 4 0 3 3 1 2 4 4 4 2 2 1 2 4 3 3 3 3 2 3 4 4 2 2 1 3 3 1 3 3 4 3 4 3 3 4 2 4 3 3 3 2 3 3 3 1 2 3 3 3 3 1 3 4 3 3 4 2 1 1 0 2 2 4 2 1 3 1 4 3 2 4 3 2 1 4 1 4 1 1 3 2 1 3 2 4 3 2 4 4 4 4 2 3 2 2 4 3 4 1 2 4 3 3 3 4 2 4 2 4 2 4 1 3 3 4 1 3 1 2 2 1 3 1 4 2 4 3 1 3 2 2 4 3 3 3 1 3 2 4 2 4 2 4 3 3 2 4 1 4 2 4 1 3
438 0.045455 3 3 4 1 2 2 1 4 3 1 1 3 3 2 4 2 4 3 1 4 3 2 1 4 3 1 1 3 4 2 1 1 2 3 1 4 3 1 1 4 3 2 2 3 1 3 4 4 1 2 3 1 3 3 4 3 2 3 4 1 1 3 3 4 1 1 4 3 4 4 1 2 2 1 3 4 1 1 4 1 3 4 3 1 4 1 1 1 3 1 2 2 1 1 3 1 1 1 1 3 3 1 2 2 4 1 1 1 2 1 1 2 3 1 4 1 1 1 2 4 1 1 2 4 4 2 4 1 4 4 3 2 1 1 4 1 2 1 4 2 1 1 3 1 2 4 3 4 1 1 4 3 3 4 1 2 2 1 4 1 3 4 4 1 1 4 3 3 4 1 2 4 1 2 2 2 4 3 3 4 4 1 1 4 1 3 4 1 2 2 1 4 1 4 4 4 1 1 4 3 1 4 1 2 2 1 4 3 4 2 4 1 1 4 3 3 1 2 3 2 2 4 2 3 1 2 3 1 1 1 3 1 3 4 3 3 1 3 2 4 1 3 1 3 1 3 3 1 3 3 2 4 1 1 3 4 1 1 1 2 4 4 2 1 2 2 3 3 1 3 1 2 2 2 2 3 1 4 3 2 3 3 3 1 3 3 4 1 3 1 1 1 1 3 2 1 2 2 1 1 2 1 3 2 1 3 1 3 1 3 1 1 1 1 1 2 4 1 4 1 3 4 1 1 1 3 1 3 4 4 1 4 2 4 1 4 2 2 1 4 1 4 1 4 4 3 3 1 2 1 3 1 1 3 4 0 3 3 1 2 4 4 4 2 2 1 2 4 3 3 3 3 2 3 4 4 2 2 1 3 3 1 3 3 4 3 4 3 3 4 2 4 3 3 3 2 3 3 3 1 2 3 3 3 3 1 3 4 3 3 4 2 1 1 2 2 2 4 2 1 3 1 4 3 2 4 3 2 1 4 1 4 1 1 3 2 1 3 2 4 3 2 4 4 4 4 2 3 2 2 4 3 4 1 2 4 3 3 3 4 2 4 2 4 2 4 1 3 3 4 1 3 1 2 2 1 3 1 4 2 4 3 1 3 2 2 4 3 3 3 1 3 2 4 2 4 2 4 3 3 2 4 1 4 2 4 1 3
438 0.045455 3 1 4 3 2 2 1 4 3 1 1 3 3 2 2 2 4 3 1 4 3 2 1 4 3 1 1 3 4 2 1 1 2 3 1 4 3 3 1 1 3 2 2 3 1 3 4 4 1 2 3 1 3 3 4 3 2 3 2 1 3 3 3 4 0 0 0 0 0 0 0 0 0 0 0 0 0 0 0 0 0 0 1 4 4 1 1 1 3 1 4 2 1 1 3 1 1 1 1 3 3 1 2 2 4 1 1 1 2 1 1 2 3 1 4 1 1 1 2 4 1 3 2 4 4 2 4 1 4 4 3 2 1 1 4 1 2 1 4 2 1 1 3 1 2 4 3 4 1 1 4 3 3 4 1 2 2 1 4 1 3 4 4 1 1 4 3 3 4 1 2 4 1 2 2 2 4 3 0 0 0 0 0 0 0 0 0 3 4 4 1 1 4 1 3 4 1 2 2 1 4 1 4 4 4 1 1 4 3 2 4 1 1 4 3 3 1 2 3 4 2 4 2 1 4 2 1 1 1 1 3 1 3 4 3 4 1 1 2 4 1 3 1 3 1 3 3 1 3 4 2 4 1 1 3 4 1 1 1 2 4 4 2 1 2 2 3 3 3 3 1 4 4 4 2 3 1 4 4 2 3 3 3 1 3 3 4 1 4 1 3 1 1 0 0 0 0 0 0 0 0 0 0 0 0 0 0 0 0 0 0 0 0 0 0 0 0 1 4 1 3 4 1 1 1 3 1 1 4 4 1 4 2 4 1 4 2 2 1 4 1 4 1 4 4 3 2 1 2 1 3 1 1 3 4 0 3 3 1 2 4 4 4 2 2 1 2 4 3 3 3 3 2 3 4 4 2 2 1 3 3 1 3 3 4 3 4 3 3 4 2 4 3 3 3 2 3 3 3 1 2 3 3 3 3 1 3 4 3 3 4 2 1 1 2 2 2 4 2 1 3 1 4 3 2 4 3 2 1 4 1 4 1 1 3 2 1 3 2 4 3 2 4 4 4 4 2 3 2 2 4 3 4 1 2 4 3 3 3 4 2 4 2 4 2 4 1 3 3 4 1 3 1 2 2 1 3 1 4 2 4 3 1 3 2 2 4 3 3 3 1 3 2 4 2 4 2 4 3 3 2 4 1 4 2 4 1 3
438 0.045455 3 3 4 1 2 2 1 4 3 1 1 3 3 2 4 2 4 3 1 4 3 2 3 4 3 1 3 3 4 2 1 1 2 3 1 4 1 1 1 1 3 2 4 3 1 3 4 4 1 4 1 1 3 3 4 3 2 3 4 1 3 1 3 4 1 1 4 3 4 4 1 2 2 1 3 4 1 1 4 1 3 4 3 1 4 1 1 2 3 1 1 2 1 1 3 1 1 1 1 3 3 1 2 2 4 1 1 3 2 1 1 2 3 1 4 1 1 1 2 4 1 1 2 4 4 2 4 1 4 4 3 2 1 1 4 1 2 1 4 2 1 1 1 1 2 4 3 4 1 1 4 3 3 4 1 2 2 1 4 1 3 4 4 1 1 4 3 3 4 1 2 4 1 4 2 2 4 3 3 4 4 1 1 4 1 3 4 1 2 2 1 4 1 4 4 4 1 1 4 3 1 4 1 2 2 1 4 3 4 2 4 1 1 4 3 3 1 2 3 4 2 4 2 1 4 2 1 1 1 1 3 1 3 4 3 3 1 1 2 4 1 3 1 3 3 3 3 1 3 4 2 4 1 1 1 4 1 1 1 2 4 4 2 1 2 2 3 3 3 3 1 2 2 4 2 3 3 4 4 2 3 3 3 1 3 1 4 1 4 1 3 1 1 0 0 0 0 0 0 0 0 0 0 0 0 0 0 0 0 0 0 0 0 0 0 0 0 1 4 1 3 4 1 1 1 3 1 1 4 4 1 4 2 4 1 4 2 2 3 4 1 4 2 4 4 3 2 1 2 1 3 1 1 3 4 0 3 3 1 2 4 4 4 2 2 1 2 4 3 3 3 3 2 3 4 4 2 2 1 3 3 1 3 3 4 3 4 3 3 4 2 4 3 3 3 2 3 3 3 1 2 3 3 3 3 1 3 4 3 3 4 2 1 1 2 2 2 4 2 1 3 1 4 3 2 4 3 2 1 4 1 4 1 1 3 2 1 3 2 4 3 2 4 4 4 4 2 3 2 2 4 3 4 1 2 4 3 3 3 4 2 4 2 4 2 4 1 3 3 4 1 3 1 2 2 1 3 1 4 2 4 3 1 3 2 2 4 3 3 3 1 3 2 4 2 4 2 4 3 3 2 4 1 4 2 4 1 3
438 0.045455 3 3 4 1 2 2 1 4 3 1 1 3 3 2 4 2 4 3 1 4 3 2 1 4 3 1 1 3 4 2 1 1 2 3 1 1 3 1 1 1 3 2 2 3 1 3 4 4 1 2 1 1 3 3 4 3 2 3 4 1 1 3 3 4 1 1 4 3 4 4 1 2 2 1 3 4 1 1 4 1 3 4 3 1 4 1 1 1 3 1 2 2 1 1 3 1 1 1 1 3 3 1 2 2 4 1 1 1 2 1 1 2 3 1 4 1 1 1 2 4 1 1 2 4 4 2 4 1 4 4 3 2 1 1 4 1 2 1 1 2 1 1 1 1 2 4 3 4 1 1 4 3 3 4 1 2 2 1 4 1 3 4 4 3 1 4 3 3 4 1 2 4 1 2 2 2 4 3 3 4 4 1 1 4 1 3 4 1 2 2 1 4 1 4 4 4 1 1 4 3 1 4 1 2 2 1 4 3 4 2 4 1 1 4 3 3 1 2 3 4 2 4 2 1 4 2 1 1 1 1 3 1 3 4 3 4 1 1 2 4 1 3 1 3 1 3 3 1 3 3 4 4 1 1 3 4 1 1 1 2 4 3 2 1 2 2 3 3 1 3 1 2 2 2 2 3 1 4 4 2 3 3 3 1 3 3 4 1 4 1 1 1 1 3 2 1 2 2 1 1 2 1 3 2 1 3 1 3 1 3 1 1 1 1 1 2 4 1 4 1 3 3 3 1 1 3 1 3 4 4 1 4 2 4 1 4 2 2 1 4 1 4 1 4 4 3 2 1 2 1 3 1 1 3 4 0 3 3 1 2 4 4 4 2 2 1 2 4 3 3 3 3 2 3 4 4 2 2 1 3 3 1 3 3 4 3 4 3 3 4 2 4 3 3 3 2 3 3 3 1 2 3 3 3 3 1 3 4 3 3 4 2 1 1 2 2 2 4 2 1 3 1 4 3 2 4 3 2 1 4 1 4 1 1 3 2 1 3 2 4 3 2 4 4 4 4 2 3 2 2 4 3 4 1 2 4 3 3 3 4 2 4 2 4 2 4 1 3 3 4 1 3 1 2 2 1 3 1 4 2 4 3 1 3 2 2 4 3 3 3 1 3 2 4 2 4 2 4 3 3 2 4 1 4 2 4 1 3
438 0.045455 3 3 4 3 2 2 1 4 3 1 1 3 3 2 4 2 4 3 1 4 3 2 3 4 3 1 1 3 4 2 1 1 2 3 1 4 4 1 1 1 3 2 2 3 1 3 4 4 1 2 1 1 3 3 2 1 2 3 4 1 1 3 3 4 1 1 4 3 4 4 1 2 2 1 3 4 1 1 4 1 3 4 3 1 4 1 1 1 3 1 2 2 1 1 3 1 1 1 1 3 3 1 2 2 4 1 1 1 2 1 1 2 3 1 4 1 1 1 2 4 1 3 2 4 4 2 4 1 4 4 3 2 1 1 4 1 2 1 4 2 1 1 1 2 2 4 3 4 1 1 4 3 3 4 1 2 2 1 4 1 3 4 4 1 1 4 3 3 4 1 2 4 1 4 2 2 4 3 3 4 4 1 1 4 1 3 4 1 2 2 1 4 1 4 4 4 1 1 3 3 1 4 1 2 2 1 4 3 4 2 4 1 1 4 3 3 1 2 3 4 2 4 2 1 4 4 1 1 1 1 3 1 3 4 3 3 1 1 2 4 1 3 1 3 1 3 3 3 1 4 2 4 1 1 1 4 1 1 1 2 4 4 2 1 2 2 3 3 3 3 1 4 4 2 2 3 1 3 4 4 3 3 3 1 3 3 4 1 4 1 3 1 1 0 0 0 0 0 0 0 0 0 0 0 0 0 0 0 0 0 0 0 0 0 0 0 0 1 4 1 3 4 1 1 1 3 1 1 4 4 1 4 2 4 1 4 2 2 1 4 1 4 1 4 4 3 2 1 2 1 3 1 1 3 4 0 3 3 1 2 4 4 4 2 2 1 2 4 3 3 3 3 2 3 4 4 2 2 1 3 3 1 3 3 4 3 4 3 3 4 2 4 3 3 3 2 3 3 3 1 2 3 3 3 3 1 3 4 3 3 4 2 1 1 2 2 2 4 2 1 3 1 4 3 2 4 3 2 1 4 1 4 1 1 3 2 1 3 2 4 3 2 4 4 4 4 2 3 2 2 4 3 4 1 2 4 3 3 3 4 2 4 2 4 2 4 1 3 3 4 1 3 1 2 2 1 3 1 4 2 4 3 1 3 2 2 4 3 3 3 1 3 2 4 2 4 2 4 3 3 2 4 1 4 2 4 1 3
438 0.045455 3 3 4 1 2 2 1 4 3 1 1 3 3 2 4 2 3 3 1 4 3 2 3 4 3 1 1 3 4 2 1 1 2 3 1 4 4 1 1 1 3 2 2 3 1 3 4 3 1 2 3 1 3 3 4 3 2 3 4 1 1 3 3 4 1 1 4 3 4 4 1 2 2 1 3 4 1 1 4 1 3 4 3 1 4 1 1 1 3 1 2 2 1 1 3 1 1 1 1 3 3 1 2 2 4 1 1 1 2 1 1 2 3 1 4 1 1 1 2 4 1 1 2 4 4 2 4 1 4 4 3 2 1 1 4 1 2 1 4 2 1 1 1 1 2 4 3 4 1 1 4 3 3 4 1 2 2 1 4 1 3 4 4 1 1 4 3 3 4 1 2 4 1 4 2 2 4 3 3 4 4 1 1 4 1 3 4 1 2 2 1 4 1 4 4 4 1 1 4 3 1 4 1 2 2 1 4 3 4 2 4 1 1 4 3 3 1 2 3 4 2 4 2 1 4 2 1 1 1 1 3 1 3 4 3 4 1 1 2 4 1 3 1 3 1 3 3 1 3 4 2 4 1 1 3 4 1 1 1 2 4 4 2 1 2 2 3 3 1 3 1 2 2 2 2 3 1 4 4 2 3 3 3 1 3 3 4 1 4 1 3 1 1 0 0 0 0 0 0 0 0 0 0 0 0 0 0 0 0 0 0 0 0 0 0 0 0 1 4 1 3 4 1 1 1 3 1 1 4 4 3 4 4 2 1 4 2 2 1 4 1 2 1 4 4 3 2 1 2 1 3 1 1 3 4 0 3 3 1 2 4 4 4 2 2 1 2 4 3 3 3 3 2 3 4 4 2 2 1 3 3 1 3 3 4 3 4 3 3 4 2 4 3 3 3 2 3 3 3 1 2 3 3 3 3 1 3 4 3 3 4 2 1 1 2 2 2 4 2 1 3 1 4 3 2 4 3 2 1 4 1 4 1 1 3 2 1 3 2 4 3 2 4 4 4 4 2 3 2 2 4 3 4 1 2 4 3 3 3 4 2 4 2 4 2 4 1 3 3 4 1 3 1 2 2 1 3 1 4 2 4 3 1 3 2 2 4 3 3 3 1 3 2 4 2 4 2 4 3 3 2 4 1 4 2 4 1 3
438 0.045455 3 3 4 1 2 2 1 4 3 1 1 3 3 2 4 2 4 3 1 4 3 2 3 4 3 1 1 3 4 2 1 1 2 3 1 4 4 1 1 1 3 2 2 3 1 3 4 4 1 2 3 1 3 3 4 3 2 3 4 1 1 3 3 4 1 1 4 3 4 4 1 2 2 1 3 4 1 1 4 1 3 4 3 1 4 1 1 1 3 1 2 2 1 1 3 1 1 1 1 3 3 1 2 2 4 1 1 1 2 1 1 2 3 1 4 1 1 1 4 4 1 1 2 4 4 2 4 1 4 4 3 2 1 1 4 1 2 1 4 2 1 1 1 1 2 4 3 4 1 1 4 3 3 4 1 2 2 1 4 1 3 4 4 1 1 4 3 3 4 1 2 4 1 4 2 2 4 3 3 4 4 1 1 4 1 3 4 1 2 2 1 4 1 4 4 4 1 1 4 3 1 4 1 2 2 1 4 3 4 2 4 1 1 4 3 3 1 2 3 4 2 4 2 1 4 2 1 1 1 1 3 1 3 4 3 4 1 1 2 4 1 3 1 3 1 3 3 1 3 4 2 4 1 1 3 4 1 1 1 2 4 4 2 1 2 2 3 3 1 3 1 2 2 2 2 3 1 3 4 4 3 3 3 1 3 3 4 1 4 1 3 1 1 0 0 0 0 0 0 0 0 0 0 0 0 0 0 0 0 0 0 0 0 0 0 0 0 1 4 1 3 4 1 1 1 3 1 1 4 4 1 4 2 4 1 4 2 2 1 4 1 2 1 4 4 3 2 1 2 1 3 1 1 3 4 0 3 3 1 2 4 4 4 2 2 1 2 4 3 3 3 3 2 3 4 4 2 2 1 3 3 1 3 3 4 3 4 3 3 4 2 4 3 3 3 2 3 3 3 1 2 3 3 3 3 1 3 4 3 3 4 2 1 1 2 2 2 4 2 1 3 1 4 3 2 4 3 2 1 4 1 4 1 1 3 2 1 3 2 4 3 2 4 4 4 4 2 3 2 2 4 3 4 1 2 4 3 3 3 4 2 4 2 4 2 4 1 3 3 4 1 3 1 2 2 1 3 1 4 2 4 3 1 3 2 2 4 3 3 3 1 3 2 4 2 4 2 4 3 3 2 4 1 4 2 4 1 3
438 0.045455 3 3 4 3 2 2 1 4 3 1 1 3 3 2 4 2 4 3 1 4 3 2 1 4 3 1 1 3 4 2 1 1 2 3 1 4 3 1 2 1 3 2 2 3 1 3 4 4 1 2 3 1 1 3 4 3 2 3 4 1 1 3 3 4 1 1 4 3 4 4 1 2 2 3 3 4 1 1 4 1 3 4 3 1 4 1 1 1 3 1 2 2 1 1 3 1 1 1 1 3 3 1 2 2 4 1 1 1 2 1 1 2 3 1 4 1 1 1 2 2 1 1 2 4 4 2 4 1 4 4 3 2 1 1 4 1 2 1 4 2 1 1 1 1 2 4 3 4 1 1 4 3 3 4 1 2 2 1 4 1 3 4 4 3 1 4 3 3 4 1 2 4 1 2 2 2 4 3 3 4 4 1 1 4 1 3 4 1 2 2 1 4 1 4 4 4 1 1 4 3 1 4 1 2 2 1 4 3 4 2 4 1 1 4 3 3 1 2 3 4 4 4 2 3 1 2 3 1 1 1 3 1 3 4 3 4 1 1 2 4 1 3 3 3 1 3 3 1 3 3 2 4 1 1 3 4 1 1 1 2 4 4 2 1 2 2 3 3 1 3 1 2 2 2 2 3 1 4 4 2 1 3 3 1 3 3 4 1 3 1 1 1 1 3 2 1 2 2 1 1 2 1 3 2 1 3 1 3 1 3 1 1 1 1 1 2 4 1 4 1 3 3 3 1 1 3 1 3 4 4 1 4 2 4 1 4 2 2 1 4 1 4 1 4 4 3 2 1 2 1 3 1 1 3 4 0 3 3 1 2 4 4 4 2 2 1 2 4 3 3 3 3 2 3 4 4 2 2 1 3 3 1 3 3 4 3 4 3 3 4 2 4 3 3 3 2 3 3 3 1 2 3 3 3 3 1 3 4 3 3 4 2 1 1 2 2 2 4 2 1 3 1 4 3 2 4 3 2 1 4 1 4 1 1 3 2 1 3 2 4 3 2 4 4 4 4 2 3 2 2 4 3 4 4 2 4 3 3 3 4 2 4 2 4 2 4 1 3 3 4 1 3 1 2 2 1 3 1 4 2 4 3 1 3 2 2 4 3 3 3 1 3 2 4 2 4 2 4 3 3 2 4 1 4 2 4 1 3
438 0.045455 3 3 4 1 2 2 1 4 3 1 1 3 3 2 4 2 4 3 1 4 3 2 1 4 3 1 1 3 4 1 1 1 4 3 1 4 4 1 1 1 3 2 2 3 1 3 4 4 1 2 3 1 3 3 4 3 2 3 4 1 3 3 3 4 1 1 4 3 4 4 1 2 2 1 3 4 1 1 4 1 3 4 3 1 2 1 1 1 3 1 2 2 1 1 3 1 1 1 1 3 3 1 2 2 4 1 1 1 2 3 1 2 3 1 4 3 1 1 2 4 1 1 2 4 4 2 4 1 4 4 3 2 1 1 4 1 2 1 4 2 1 1 1 1 2 4 3 4 1 1 4 3 3 4 1 2 2 1 4 1 3 4 4 1 1 4 3 3 4 1 2 4 1 4 2 2 4 3 3 4 4 1 1 4 1 3 4 1 2 2 1 4 1 4 4 4 1 1 4 3 1 4 1 2 2 1 4 3 4 2 4 1 1 4 3 3 1 2 3 4 2 4 2 1 4 4 1 1 1 1 3 1 3 4 3 4 1 1 2 4 1 3 1 3 1 3 3 1 3 4 4 4 1 1 3 4 1 1 1 2 4 4 2 1 2 2 3 3 3 3 1 4 4 4 2 3 1 4 4 2 3 3 3 1 3 3 4 1 4 1 3 1 1 0 0 0 0 0 0 0 0 0 0 0 0 0 0 0 0 0 0 0 0 0 0 0 0 1 4 1 3 4 1 1 1 3 1 1 4 4 1 4 2 4 1 4 2 2 1 4 1 4 1 4 4 3 2 1 2 1 3 1 1 3 4 0 3 3 1 2 4 4 4 2 2 1 2 4 3 3 3 3 2 3 4 4 2 2 1 3 3 1 3 3 4 3 4 3 3 4 2 4 3 3 3 2 3 3 3 1 2 3 3 3 3 1 3 4 3 3 4 2 1 1 2 2 2 4 2 1 3 1 4 3 2 4 3 2 1 4 1 4 1 1 3 2 1 3 2 4 3 2 4 4 4 4 2 3 2 2 4 3 4 1 2 4 3 3 3 4 2 4 2 4 2 4 1 3 3 4 1 3 1 2 2 1 3 1 4 2 4 3 1 3 2 2 4 3 3 3 1 3 2 4 2 4 2 4 3 3 2 4 1 4 2 4 1 3
438 0.045455 3 3 4 3 2 2 1 4 3 1 1 3 3 2 4 2 4 3 1 4 3 2 3 4 3 1 1 3 4 2 1 1 2 3 1 4 3 1 1 4 3 2 2 3 1 3 4 4 1 2 1 1 3 3 4 3 2 3 4 1 3 3 3 4 1 1 4 3 4 4 1 2 2 1 3 4 1 1 4 1 3 4 3 1 4 1 1 1 3 1 2 2 1 1 1 1 1 1 1 3 3 1 4 2 4 1 1 1 4 1 1 2 3 1 4 1 1 1 2 4 1 1 2 4 4 2 4 1 4 4 3 2 1 1 4 1 2 1 4 2 1 1 3 1 2 4 3 4 1 1 4 3 3 4 1 2 2 1 4 1 3 4 4 1 1 4 3 3 4 1 2 4 1 2 2 2 4 3 0 0 0 0 0 0 0 0 0 3 4 4 1 1 4 1 3 4 1 2 2 1 4 1 4 4 4 1 1 4 3 2 4 1 1 4 3 3 1 2 3 4 2 4 2 1 4 2 1 1 1 1 3 1 3 4 3 4 2 1 2 4 3 3 1 3 1 3 3 1 3 3 2 2 1 1 3 4 1 1 1 2 4 4 2 1 2 2 3 1 1 3 1 2 2 2 2 3 1 4 4 2 3 3 3 1 3 3 4 1 3 1 1 1 1 3 2 1 2 2 1 1 2 1 3 2 1 3 1 3 1 3 1 1 1 1 1 2 4 1 4 1 3 4 1 1 1 3 1 3 4 4 1 4 2 4 1 4 2 2 1 4 1 2 1 4 4 3 2 1 2 1 3 1 1 3 4 0 3 3 1 2 4 4 4 2 2 1 2 4 3 3 3 3 2 3 4 4 2 2 1 3 3 1 3 3 4 3 4 3 3 4 2 4 3 3 3 2 3 3 3 1 2 3 3 3 3 1 3 4 3 3 4 2 1 1 2 2 2 4 2 1 3 1 4 3 2 4 3 2 1 4 1 4 1 1 3 2 1 3 2 4 3 2 4 4 4 4 2 3 2 2 4 3 4 1 2 4 3 3 3 4 2 4 2 4 2 4 1 3 3 4 1 3 1 2 2 1 3 1 4 2 4 3 1 3 2 2 4 3 3 3 1 3 2 4 2 4 2 4 3 3 2 4 1 4 2 4 1 3
438 0.045455 3 3 4 1 2 2 3 4 3 1 1 3 3 2 4 2 4 3 1 4 3 2 3 4 3 1 1 3 4 2 1 1 2 3 1 4 4 1 1 1 3 2 2 3 1 3 4 4 1 2 3 1 3 3 4 3 2 3 4 1 1 3 3 4 1 1 4 3 4 4 1 2 2 1 3 4 1 1 4 1 3 4 3 1 4 1 1 1 3 1 2 2 1 1 3 1 1 1 1 3 1 1 2 2 4 1 1 1 2 1 1 2 3 1 4 1 1 1 2 4 1 1 2 4 4 2 4 1 4 4 3 2 1 1 4 1 2 1 4 2 1 1 1 1 2 4 3 4 1 1 4 3 3 4 1 2 2 1 4 1 3 4 4 1 1 4 3 3 4 1 2 4 1 4 2 2 4 3 3 4 4 1 1 4 1 3 4 1 2 2 1 4 1 4 4 4 1 1 4 3 1 4 1 2 2 1 4 3 4 2 4 1 1 4 3 3 1 2 3 4 2 4 2 1 4 2 1 1 1 1 3 1 3 4 3 4 1 1 2 4 1 3 1 3 1 3 3 1 3 4 2 4 1 1 3 4 1 1 1 2 4 4 2 1 2 2 3 3 1 3 1 2 2 2 2 3 1 3 4 4 3 3 3 1 3 3 4 1 4 1 3 1 1 0 0 0 0 0 0 0 0 0 0 0 0 0 0 0 0 0 0 0 0 0 0 0 0 1 4 1 3 4 1 1 1 3 1 1 4 4 1 2 2 4 1 4 2 2 1 4 1 2 1 4 4 3 2 1 2 1 3 1 1 3 4 0 3 3 1 2 4 4 4 2 2 1 2 4 3 3 3 3 2 3 4 4 2 2 1 3 3 1 3 3 4 3 4 3 3 4 2 4 3 3 3 2 3 3 3 1 2 3 3 3 3 1 3 4 3 3 4 2 1 1 2 2 2 4 2 1 3 1 4 3 2 4 3 2 1 4 1 4 1 1 3 2 1 3 2 4 3 2 4 4 4 4 2 3 2 2 4 3 4 1 2 4 3 3 3 4 2 4 2 4 2 4 1 3 3 4 1 3 1 2 2 1 3 1 4 2 4 3 1 3 2 2 4 3 3 3 1 3 2 4 2 4 2 4 3 3 2 4 1 4 2 4 1 3
