0 1.000000 1 4 3 3 1 1 1 1 2 1 3 1 4 3 3 2 1 3 3 4 3 2 4 3 1 4 4 3 4 3 4 3 3 2 1 3 3 4 1 3 1 2 2 4 1 4 2 3 3 1 1 1 3 3 4 2 3 2 3 4 4 2 4 1 3 4 3 2 3 1 3 3 1 3 2 3 1 1 2 2 4 3 3 1 2 2 2 1 4 3 3 2 3 2 1 2 3 4 3 1 2 3 4 2 3 3 1 4 3 3 4 1 1 3 1 2 1 1 4 3 3 2 1 4 4 3 2 4 2 1 4 1 1 4 3 2 4 0 0 0 0 0 0 0 0 0 0 0 0 1 3 4 1 1 4 2 1 1 1 3 4 3 1 3 1 2 4 1 2 1 2 3 4 4 4 1 2 1 3 1 1 4 4 2 2 1 1 4 4 3 1 3 2 1 1 4 4 1 1 2 4 1 1 1 1 3 2 2 2 1 1 4 3 3 2 3 3 1 4 1 1 4 1 3 4 2 1 4 1 2 4 3 3 2 2 2 1 3 3 4 1 4 3 2 2 1 3 4 2 1 1 3 3 1 2 3 1 4 3 3 1 1 2 1 4 1 1 2 1 4 3 4 1 1 1 4 2 1 1 1 2 1 4 2 1 2 1 3 3 1 2 4 1 2 4 1 4 4 3 3 4 1 2 3 4 3 1 4 3 3 1 3 3 4 1 4 2 1 2 1 1 1 4 1 1 2 1 1 2 1 2 1 3 1 3 1 2 1 4 4 2 1 3 1 2 2 4 3 3 1 3 3 1 3 3 1 3 1 4 1 4 3 1 3 3 3 1 2 1 1 4 4 3 3 1 3 1 1 3 2 3 1 1 4 4 1 4 1 4 1 1 1 4 1 4 1 1 1 3 4 3 3 4 1 3 1 3 3 3 1 3 4 1 3 3 2 4 1 1 3 1 1 4 2 3 2 1 3 1 1 4 2 2 3 1 3 3 3 2 2 3 1 4 1 3 1 3 3 3 1 1 4 1 1 3 1 1 1 1 2 4 4 2 1 2 3 3 3 1 3 2 1 1 2 1 4 2 2 3 4 2 4 4 3 3
14 0.027027 1 4 3 3 1 1 1 1 2 1 3 1 4 3 3 2 1 3 3 4 3 2 4 3 1 4 4 3 4 3 4 3 3 2 1 3 3 4 1 3 1 2 2 4 1 4 2 3 3 1 1 1 3 3 4 2 3 2 3 4 3 2 4 1 3 4 3 2 3 1 3 3 1 3 2 3 1 1 2 2 4 3 3 1 2 2 2 1 4 4 3 2 3 2 1 2 3 4 3 1 2 3 4 2 3 3 1 4 3 3 4 1 1 3 1 2 1 3 4 3 3 2 1 4 4 3 2 4 2 1 4 1 1 4 3 2 4 0 0 0 0 0 0 0 0 0 0 0 0 1 3 4 1 1 4 2 1 1 1 3 4 3 1 3 1 2 4 1 2 1 2 3 4 4 4 1 2 1 3 1 1 4 4 2 2 1 1 4 4 3 1 3 2 1 1 4 4 1 1 2 4 1 1 1 1 3 2 2 2 1 1 4 3 3 2 3 3 1 4 1 1 4 1 3 4 2 1 4 1 2 4 3 3 2 2 2 1 3 3 4 1 4 3 2 2 1 3 4 2 1 1 3 3 1 2 3 1 4 3 3 1 1 2 1 4 1 1 2 1 4 3 4 1 1 1 4 2 1 1 1 2 1 4 2 1 2 1 3 3 1 2 4 1 2 4 1 4 4 3 3 4 1 2 3 4 3 1 4 3 3 1 3 3 4 1 4 2 1 2 1 1 1 4 1 1 2 1 1 2 1 2 1 3 1 3 1 2 1 4 4 2 1 3 1 2 2 4 3 3 1 3 3 1 3 3 1 3 1 4 1 4 3 1 3 3 3 1 2 1 1 4 4 3 3 1 3 1 1 3 2 3 1 1 4 4 1 4 1 4 1 1 1 4 1 4 1 1 1 3 4 3 3 4 1 3 1 3 3 3 1 3 4 1 3 3 2 4 1 1 3 1 1 4 2 3 2 1 3 1 1 4 2 2 3 1 3 3 3 2 2 3 1 4 1 3 1 3 3 3 1 1 4 1 1 3 1 1 1 1 2 4 4 2 1 2 3 3 3 1 3 2 1 1 2 1 4 2 2 3 4 2 4 4 3 3
14 0.216216 1 4 3 3 1 1 1 1 2 1 3 1 4 3 3 2 1 3 3 4 3 2 4 3 1 4 4 3 4 3 4 3 3 2 1 3 3 4 1 3 1 2 2 4 1 4 2 3 3 1 1 1 3 3 4 2 3 2 3 4 4 2 4 1 3 4 3 2 3 1 3 3 1 3 2 3 1 1 2 2 4 3 3 1 2 2 2 1 3 4 3 2 3 2 1 2 3 4 3 1 2 3 4 2 3 3 1 4 3 3 4 1 1 3 1 2 1 1 4 3 3 2 1 4 4 3 2 4 2 1 4 1 1 4 3 2 4 0 0 0 0 0 0 0 0 0 0 0 0 1 3 4 1 1 4 2 1 1 1 3 4 3 1 3 1 2 4 1 2 1 2 3 4 4 4 1 2 1 3 1 1 4 4 2 2 1 1 4 4 3 1 3 2 1 1 4 4 1 1 2 4 1 1 1 1 3 2 2 2 1 1 4 3 3 2 3 3 1 4 1 1 4 1 3 4 2 1 4 1 2 4 3 3 2 2 2 1 3 3 4 1 4 3 2 2 1 3 4 2 1 1 3 3 1 2 3 1 4 3 3 1 1 2 1 4 1 1 2 1 4 3 4 1 1 1 4 2 1 1 1 2 1 4 2 1 2 1 3 3 1 2 4 1 2 4 1 4 4 3 3 4 1 2 3 4 3 1 4 3 3 1 3 3 4 1 4 2 1 2 1 1 1 4 1 1 2 1 1 2 1 2 1 3 1 3 1 2 1 4 4 2 1 3 1 2 2 4 3 3 1 3 3 1 3 3 1 3 1 4 1 4 3 1 3 3 3 1 2 1 1 4 4 3 3 1 3 1 1 3 2 3 1 1 4 4 1 4 1 4 1 1 1 4 1 4 1 1 1 3 4 3 3 4 1 3 1 3 3 3 1 3 4 1 3 3 2 4 1 1 3 1 1 4 2 3 2 1 3 1 1 4 2 2 3 1 3 3 3 2 2 3 1 4 1 3 1 3 3 3 1 1 4 1 1 3 1 1 1 1 2 4 4 2 1 2 3 3 3 1 3 2 1 1 2 1 4 2 2 3 4 2 4 4 3 3
14 0.027027 1 4 3 3 1 1 1 1 2 1 3 1 4 3 3 2 1 3 3 4 3 2 4 3 1 4 4 3 4 3 4 3 3 2 1 3 3 4 1 3 1 2 2 4 1 4 2 3 3 1 1 1 3 3 4 2 3 2 3 4 4 2 4 1 3 4 3 2 3 1 3 3 1 3 2 3 1 1 2 2 4 3 3 1 2 2 2 1 4 3 3 2 3 2 1 2 3 4 3 1 2 3 4 2 3 3 1 4 3 3 4 1 1 3 1 2 1 1 4 3 3 2 1 4 4 3 2 4 2 1 4 1 1 4 3 2 4 0 0 0 0 0 0 0 0 0 0 0 0 1 3 4 1 1 4 2 1 1 1 3 4 3 1 3 1 2 4 1 2 1 2 3 4 4 4 1 2 1 3 1 1 4 4 2 2 1 1 4 4 3 1 3 2 1 1 4 4 1 1 2 4 1 1 1 1 3 2 2 2 1 1 4 3 3 2 3 3 1 4 1 1 4 1 3 4 2 1 4 1 2 4 3 3 2 2 2 1 3 3 4 1 4 3 2 2 1 3 4 2 1 1 3 3 1 2 3 1 4 3 3 1 1 2 1 4 1 1 2 1 4 3 4 1 1 1 4 2 1 1 1 2 1 4 2 1 2 1 3 3 1 2 4 1 2 4 1 4 4 3 3 4 1 2 3 4 3 1 4 3 3 1 3 3 4 1 4 2 1 2 1 1 1 4 1 1 2 1 1 2 1 2 1 3 1 3 1 2 1 4 4 2 1 3 1 2 2 4 3 3 1 3 3 1 3 3 1 3 1 4 1 4 3 1 3 3 3 1 2 1 1 4 4 3 3 1 3 1 1 3 2 3 1 1 4 4 1 4 1 4 1 1 1 4 1 4 1 1 1 3 4 3 3 4 1 3 1 3 3 3 1 3 4 1 3 3 2 4 1 1 3 1 1 4 2 3 2 1 3 1 1 4 2 2 3 1 3 3 3 2 2 3 1 4 1 3 1 3 3 1 1 1 4 1 1 3 1 1 1 1 2 4 4 2 1 2 3 3 3 1 3 2 1 1 2 1 4 2 2 3 4 2 4 4 3 3
14 0.027027 1 4 3 3 1 1 1 1 2 1 3 1 4 3 3 2 1 3 3 4 3 2 4 3 1 4 4 3 4 3 4 3 3 2 1 3 3 4 1 3 1 2 2 4 1 4 2 3 3 1 1 1 3 3 4 2 3 2 3 4 4 2 4 1 3 4 4 2 3 1 3 3 1 3 2 3 1 1 2 2 4 3 3 1 2 2 2 1 4 3 3 2 3 2 1 2 3 4 3 1 2 3 4 2 3 3 1 4 3 3 4 1 1 3 1 2 1 1 4 3 3 2 1 4 4 3 2 4 2 1 4 1 1 4 3 2 4 0 0 0 0 0 0 0 0 0 0 0 0 1 3 4 1 1 4 2 1 1 1 3 4 3 1 3 1 2 4 1 2 1 2 3 4 4 4 1 2 1 3 1 1 4 4 2 2 1 1 4 4 3 1 3 2 1 1 4 4 1 1 2 4 1 1 1 1 3 2 2 2 1 1 4 3 3 2 3 3 1 4 1 1 4 1 3 4 2 1 4 1 2 4 3 3 2 2 2 1 3 3 4 1 4 3 2 2 1 3 4 2 1 1 3 3 1 2 3 1 4 3 3 1 1 2 1 4 1 1 2 1 4 3 4 1 1 1 4 2 1 1 1 2 1 4 2 1 2 1 3 3 1 2 4 1 2 4 1 4 4 3 3 4 1 2 3 4 3 1 4 3 3 1 3 3 4 1 4 2 1 2 1 1 1 4 1 1 2 1 1 2 1 2 1 3 1 3 1 2 1 4 4 2 1 3 1 2 2 4 3 3 1 3 3 1 3 3 1 3 1 4 1 4 3 1 3 3 3 1 2 1 1 4 4 3 3 1 3 1 1 3 2 3 1 1 4 4 1 4 1 4 1 1 1 4 1 4 1 1 1 3 4 3 3 4 1 3 1 3 3 3 1 3 4 1 3 3 2 4 1 1 3 1 1 4 2 3 2 1 3 1 1 4 2 2 3 1 3 3 3 2 2 3 1 4 1 3 1 3 3 3 1 1 4 1 1 3 1 1 1 1 2 4 4 2 1 2 3 3 3 1 3 2 1 1 2 1 4 2 2 3 4 2 4 4 3 3
14 0.027027 1 4 3 3 1 1 1 1 2 1 3 1 4 3 3 2 1 3 3 4 3 2 4 3 1 4 4 3 4 3 4 3 3 2 1 3 3 4 1 3 1 2 2 4 1 4 2 3 3 1 1 1 3 3 4 2 3 2 3 4 4 2 4 1 3 4 3 2 3 1 3 3 1 3 2 3 1 1 2 2 4 3 3 1 2 2 2 1 4 4 3 2 3 2 1 2 3 4 3 1 2 3 4 2 3 3 1 4 3 3 4 1 1 3 1 2 1 1 4 3 3 2 1 4 4 3 2 4 2 1 4 1 1 4 3 2 4 0 0 0 0 0 0 0 0 0 0 0 0 1 3 4 1 1 4 2 1 1 1 3 4 3 1 3 1 2 4 1 2 1 2 3 4 4 4 1 2 1 3 1 1 4 4 2 2 1 1 4 4 3 1 3 2 1 1 4 4 1 1 2 4 1 1 1 1 3 2 2 2 1 1 4 3 3 2 3 3 1 4 1 1 4 1 3 4 2 1 4 1 2 4 3 3 2 2 2 1 3 3 4 1 4 3 2 2 1 3 4 2 1 1 3 3 1 2 3 1 4 3 3 1 1 2 1 4 1 1 2 1 4 3 4 1 1 1 4 2 1 1 1 2 1 4 2 1 2 1 3 3 1 2 4 1 2 4 1 4 4 3 3 4 1 2 3 4 3 1 4 3 3 1 3 3 4 1 4 2 1 2 1 1 1 4 1 1 2 1 1 2 1 2 1 3 1 3 1 2 1 4 4 2 1 3 1 2 2 4 3 3 1 3 3 1 3 3 1 3 1 4 1 4 3 1 3 3 3 1 2 1 1 4 4 3 3 1 3 1 1 3 2 3 1 1 4 4 1 4 1 4 1 1 1 4 1 4 1 1 1 3 4 3 3 4 1 3 1 3 3 3 1 3 4 1 3 3 2 4 1 1 3 1 1 4 2 3 2 1 3 1 1 4 2 2 3 1 3 3 3 2 2 3 4 4 1 3 1 3 3 3 1 1 4 1 1 3 1 1 1 1 2 4 4 2 1 2 3 3 3 1 3 2 1 1 2 1 4 2 2 4 4 2 4 4 3 3
14 0.027027 1 4 3 3 1 1 1 1 2 1 3 1 4 3 3 2 1 3 3 4 3 2 4 3 1 4 4 3 4 3 4 3 3 2 1 3 3 4 1 3 1 2 2 4 1 4 2 3 3 1 1 1 3 3 4 2 3 2 3 4 4 2 4 1 3 4 3 2 3 1 3 3 1 3 2 3 1 1 2 2 4 3 3 1 2 2 2 1 3 4 3 2 3 2 1 2 3 4 3 1 2 3 4 2 3 3 1 4 3 1 4 1 1 3 1 2 1 1 4 3 3 2 1 4 4 3 2 4 2 1 4 1 1 4 3 2 4 0 0 0 0 0 0 0 0 0 0 0 0 1 3 4 1 1 4 2 1 1 1 3 4 3 1 3 1 2 4 1 2 1 2 3 4 4 4 1 2 1 3 1 1 4 4 2 2 1 1 4 4 3 1 3 2 1 1 4 4 1 1 2 4 1 1 1 1 3 2 2 2 1 1 4 3 3 2 3 3 1 4 1 1 4 1 3 4 2 1 4 1 2 4 3 3 2 2 2 1 3 3 4 1 4 3 2 2 1 3 4 2 1 1 3 3 1 2 3 1 4 3 3 1 1 2 1 4 1 1 2 1 4 3 4 1 1 1 4 2 1 1 1 2 1 4 2 1 2 1 3 3 1 2 4 1 2 4 1 4 4 3 3 4 1 2 3 4 3 1 4 3 3 1 3 3 4 1 4 2 1 2 1 1 1 4 1 1 2 1 1 2 1 2 1 3 1 3 1 2 1 4 4 2 1 3 1 2 2 4 3 3 1 3 3 1 3 3 1 3 1 4 1 4 3 1 3 3 3 1 2 1 1 4 4 3 3 1 3 1 1 3 2 3 1 1 4 4 1 4 1 4 1 1 1 4 1 4 1 1 1 3 4 3 3 4 1 3 1 3 3 3 1 3 4 1 3 3 2 4 1 1 3 1 1 4 2 3 2 1 3 1 1 4 2 2 3 1 3 3 3 2 2 3 1 4 1 3 1 3 3 3 1 1 4 1 1 3 1 1 1 1 2 4 4 2 1 2 3 3 3 1 3 2 1 1 2 1 4 2 2 3 4 2 4 4 3 3
14 0.027027 1 4 3 3 1 1 1 1 2 1 3 1 4 3 3 2 1 3 3 4 3 2 4 3 1 4 4 3 4 3 4 3 3 2 1 3 3 4 1 3 1 2 2 4 1 4 2 3 3 1 1 1 3 3 4 2 3 2 3 4 4 2 4 1 3 4 3 2 3 1 3 3 1 3 2 3 1 1 2 2 4 3 3 1 2 2 2 1 4 4 3 2 3 2 1 2 3 4 3 1 2 3 4 2 3 3 1 4 3 3 4 1 1 3 1 2 1 1 4 3 3 2 1 4 4 3 2 4 2 1 4 1 1 4 3 2 4 0 0 0 0 0 0 0 0 0 0 0 0 1 3 4 1 1 4 2 1 1 1 3 4 3 1 3 1 2 4 1 2 1 2 3 4 4 4 1 2 1 3 1 1 4 4 2 2 1 1 4 4 3 1 3 2 1 1 4 4 1 1 2 4 1 1 1 1 3 2 2 2 1 1 4 3 3 2 3 3 1 4 1 1 4 1 3 4 2 1 4 1 2 4 3 3 2 2 2 1 3 3 4 1 4 3 2 2 1 3 4 2 1 1 3 3 1 2 3 1 4 3 3 1 1 2 1 4 1 1 2 1 4 3 4 1 1 1 4 2 1 1 1 2 1 4 2 1 2 1 3 3 1 2 4 1 2 4 1 4 4 3 3 4 1 2 3 4 3 1 4 3 3 1 3 3 4 1 4 2 1 2 1 1 1 4 1 1 2 1 1 2 1 2 1 3 1 3 1 2 1 4 4 2 1 3 1 2 2 4 3 3 1 3 3 1 3 3 1 3 1 4 1 4 3 1 3 3 3 1 2 1 1 4 4 3 3 1 3 1 1 3 2 3 1 1 4 4 1 4 1 4 1 1 1 4 1 4 1 1 1 3 4 3 3 4 1 3 1 3 3 3 1 3 4 1 3 3 2 4 1 1 3 1 1 4 2 3 2 1 3 1 1 4 2 2 3 1 3 3 3 2 2 3 1 4 1 3 1 3 3 3 1 1 4 1 1 3 1 1 1 1 2 4 4 2 1 2 3 3 3 1 3 2 1 1 2 1 4 2 2 3 4 2 4 4 3 3
14 0.405405 1 4 3 3 1 1 1 1 2 1 3 1 4 3 3 2 1 3 3 4 3 2 4 3 1 4 4 3 4 3 4 3 3 2 1 3 3 4 1 3 1 2 2 4 1 4 2 3 3 1 1 1 3 3 4 2 3 2 3 4 4 2 4 1 3 4 3 2 3 1 3 3 1 3 2 3 1 1 2 2 4 3 3 1 2 2 2 1 4 3 3 2 3 2 1 2 3 4 3 1 2 3 4 2 3 3 1 4 3 3 4 1 1 3 1 2 1 1 4 3 3 2 1 4 4 3 2 4 2 1 4 1 1 4 3 2 4 0 0 0 0 0 0 0 0 0 0 0 0 1 3 4 1 1 4 2 1 1 1 3 4 3 1 3 1 2 4 1 2 1 2 3 4 4 4 1 2 1 3 1 1 4 4 2 2 1 1 4 4 3 1 3 2 1 1 4 4 1 1 2 4 1 1 1 1 3 2 2 2 1 1 4 3 3 2 3 3 1 4 1 1 4 1 3 4 2 1 4 1 2 4 3 3 2 2 2 1 3 3 4 1 4 3 2 2 1 3 4 2 1 1 3 3 1 2 3 1 4 3 3 1 1 2 1 4 1 1 2 1 4 3 4 1 1 1 4 2 1 1 1 2 1 4 2 1 2 1 3 3 1 2 4 1 2 4 1 4 4 3 3 4 1 2 3 4 3 1 4 3 3 1 3 3 4 1 4 2 1 2 1 1 1 4 1 1 2 1 1 2 1 2 1 3 1 3 1 2 1 4 4 2 1 3 1 2 2 4 3 3 1 3 3 1 3 3 1 3 1 4 1 4 3 1 3 3 3 1 2 1 1 4 4 3 3 1 3 1 1 3 2 3 1 1 4 4 1 4 1 4 1 1 1 4 1 4 1 1 1 3 4 3 3 4 1 3 1 3 3 3 1 3 4 1 3 3 2 4 1 1 3 1 1 4 2 3 2 1 3 1 1 4 2 2 3 1 3 3 3 2 2 3 1 4 1 3 1 3 3 3 1 1 4 1 1 3 1 1 1 1 2 4 4 2 1 2 3 3 3 1 3 2 1 1 2 1 4 2 2 3 4 2 4 4 3 3
14 0.027027 1 4 3 3 1 1 1 1 2 1 3 1 4 3 3 2 1 3 3 4 3 2 4 3 1 4 4 3 4 3 4 3 3 2 1 3 3 4 1 3 1 2 2 4 1 4 2 3 3 1 1 1 3 3 4 2 3 2 3 4 4 2 4 1 3 4 3 2 3 1 3 3 1 3 2 3 1 1 2 2 4 3 3 1 2 2 2 1 4 3 3 2 3 2 1 2 3 4 3 1 2 3 4 2 3 3 1 4 3 3 4 1 1 3 1 2 1 1 4 3 3 2 1 4 4 3 2 4 2 1 4 1 1 4 3 2 4 0 0 0 0 0 0 0 0 0 0 0 0 1 3 4 1 1 4 2 1 1 1 3 4 3 1 3 1 2 4 1 2 1 2 3 4 4 4 1 2 1 3 1 1 4 4 2 2 1 1 4 4 3 1 3 2 1 1 4 4 1 1 2 4 1 1 1 1 3 2 2 2 1 1 4 3 3 2 3 3 1 4 1 1 4 1 3 4 2 1 4 1 2 4 3 3 2 2 2 1 3 3 4 1 4 3 2 2 1 3 4 2 1 1 3 3 1 2 3 1 4 3 3 0 0 0 0 0 0 0 0 0 0 0 0 0 0 0 0 0 0 0 0 0 0 0 0 0 0 0 0 0 0 0 0 0 0 0 0 0 0 0 0 0 0 0 0 0 0 0 0 0 0 0 0 0 0 0 0 0 0 0 0 0 0 0 0 0 0 0 0 0 0 0 0 0 0 0 0 0 0 0 0 0 0 0 0 0 0 0 0 0 0 0 0 0 0 0 0 0 0 0 0 0 0 0 0 0 0 0 0 0 0 0 0 0 0 0 0 0 0 0 0 0 0 0 0 0 0 0 0 0 0 0 0 0 0 0 0 0 0 0 0 0 0 0 0 0 0 3 3 3 1 3 4 1 3 3 2 4 1 1 3 1 1 4 2 3 2 1 3 1 1 4 2 2 3 1 3 3 3 2 2 3 1 4 1 3 1 3 3 3 1 1 4 1 1 3 1 1 1 1 2 4 4 2 1 2 3 3 3 1 3 2 1 1 2 1 4 2 2 3 4 2 4 4 3 3
14 0.027027 1 4 3 3 1 1 1 1 2 1 3 1 4 3 3 2 1 3 3 4 3 2 4 3 1 4 4 3 4 3 4 3 3 2 1 3 3 4 1 3 1 2 2 4 1 4 2 3 3 1 1 1 3 3 4 2 3 2 3 4 4 2 4 1 3 4 3 2 3 1 3 3 1 3 2 3 1 1 2 2 4 3 3 1 2 2 2 1 4 3 3 2 3 2 1 2 3 4 3 1 2 3 4 2 3 3 1 4 3 3 4 1 1 3 1 2 1 1 4 3 3 2 1 4 4 3 2 4 2 1 4 1 1 4 3 2 4 0 0 0 0 0 0 0 0 0 0 0 0 1 3 4 1 1 4 2 1 1 1 3 4 3 1 3 1 2 4 1 2 1 2 3 4 4 4 1 2 1 3 1 1 4 4 0 0 0 0 0 0 3 1 3 2 1 1 4 4 1 1 2 4 1 1 1 1 3 2 2 2 1 1 4 3 3 2 3 3 1 4 1 1 4 1 3 4 2 1 4 1 2 4 3 3 2 2 2 1 3 3 4 1 4 3 2 2 1 3 4 2 1 1 3 3 1 2 3 1 4 3 3 1 1 4 1 4 1 1 2 1 4 3 4 1 1 1 4 2 1 1 1 2 1 4 2 1 2 1 3 3 1 2 4 1 2 4 1 4 4 3 3 4 1 2 3 4 3 1 4 3 3 1 3 3 4 1 4 2 1 2 1 1 1 4 1 1 2 1 1 2 1 2 1 3 1 3 1 2 1 4 4 2 1 3 1 2 2 4 3 3 1 3 3 1 3 3 1 3 1 4 1 4 3 1 3 3 3 1 2 1 1 4 4 3 3 1 3 1 1 3 2 3 1 1 4 4 1 4 1 4 1 1 1 4 1 4 1 1 1 3 4 3 3 4 1 3 1 3 3 3 1 3 4 1 3 3 2 4 1 1 3 1 1 4 2 3 2 1 3 1 1 4 2 2 3 1 3 3 3 2 2 3 1 4 1 3 1 3 3 3 1 1 4 1 1 3 1 1 1 1 2 4 4 2 1 2 3 3 3 1 3 2 1 1 2 1 4 2 2 3 4 2 4 4 3 3
14 0.027027 1 4 3 3 1 1 1 1 2 1 3 1 4 3 3 2 1 3 3 4 3 2 4 3 1 4 4 3 4 3 4 3 3 2 1 3 3 4 1 3 1 2 2 4 1 4 2 3 3 1 1 1 3 3 4 2 3 2 3 4 4 2 4 1 3 4 3 2 3 1 3 3 1 3 2 3 1 1 2 2 4 3 3 1 2 2 2 1 4 3 3 2 3 2 1 2 3 4 3 1 2 3 4 2 3 3 1 4 3 3 4 1 1 3 1 2 1 1 4 3 3 2 1 4 4 3 2 4 2 1 4 1 1 4 3 2 4 0 0 0 0 0 0 0 0 0 0 0 0 1 3 4 1 1 4 2 1 1 1 3 4 3 1 3 1 2 4 1 2 1 2 3 4 4 4 1 2 1 3 1 1 4 4 2 2 1 1 4 4 3 1 3 2 1 1 4 4 1 1 2 4 1 1 1 1 3 2 2 2 1 1 4 3 3 2 3 3 1 4 4 3 3 2 2 2 3 3 0 0 0 0 0 0 0 0 0 0 0 0 4 1 4 3 2 2 1 3 4 2 1 1 3 3 1 2 3 1 4 3 3 1 1 2 1 4 1 1 2 1 4 3 4 1 1 1 4 2 1 1 1 2 1 4 2 1 2 1 3 3 1 2 4 1 2 4 1 4 4 3 3 4 1 2 3 4 3 1 4 3 3 1 3 3 4 1 4 2 1 2 1 1 1 4 1 1 2 1 1 2 1 2 1 3 1 3 1 2 1 4 4 2 1 3 1 2 2 4 3 3 1 3 3 1 3 3 1 3 1 4 1 4 3 1 3 3 3 1 2 1 1 4 4 3 3 1 3 1 1 3 2 3 1 1 4 4 1 4 1 4 1 1 1 4 1 4 1 1 1 3 4 3 3 4 1 3 1 3 3 3 1 3 4 1 3 3 2 4 1 1 3 1 1 4 2 3 2 1 3 1 1 4 2 2 3 1 3 3 3 2 2 3 1 4 1 3 1 3 3 3 1 1 4 1 1 3 1 1 1 1 2 4 4 2 1 2 3 3 3 1 3 2 1 1 2 1 4 2 2 3 4 2 4 4 3 3
14 0.027027 1 4 3 3 1 1 1 1 2 1 3 1 4 3 3 2 1 3 3 4 3 2 4 3 1 4 4 3 4 3 4 3 3 2 1 3 3 4 1 3 1 2 2 4 1 4 2 3 3 1 1 1 3 3 4 2 3 2 3 4 4 2 4 1 3 4 3 2 3 1 3 3 1 3 2 3 1 1 2 2 4 3 3 1 2 2 2 1 3 4 3 2 3 2 1 2 3 4 3 1 2 3 4 2 3 3 1 4 3 3 4 1 1 3 1 2 1 1 4 3 3 2 1 4 4 3 2 4 2 1 4 1 1 4 3 1 4 0 0 0 0 0 0 0 0 0 0 0 0 3 3 4 1 1 4 2 1 1 1 3 4 3 1 3 1 2 4 1 2 1 2 3 4 4 4 1 2 1 3 1 1 4 4 2 2 1 1 4 4 3 1 3 2 1 1 4 4 1 1 2 4 1 1 1 1 3 2 2 2 1 1 4 3 3 2 3 3 1 4 1 1 4 1 3 4 2 1 4 1 2 4 3 3 2 2 2 1 3 3 4 1 4 3 2 2 1 3 4 2 1 1 3 3 1 2 3 1 4 3 3 1 1 2 1 4 1 1 2 1 4 3 4 1 1 1 4 2 1 1 1 2 1 4 2 1 2 1 3 3 1 2 4 1 2 4 1 4 4 3 3 4 1 2 3 4 3 1 4 3 3 1 3 3 4 1 4 2 1 2 1 1 1 4 1 1 2 1 1 2 1 2 1 3 1 3 1 2 1 4 4 2 1 3 1 2 2 4 3 3 1 3 3 1 3 3 1 3 1 4 1 4 3 1 3 3 3 1 2 1 1 4 4 3 3 1 3 1 1 3 2 3 1 1 4 4 1 4 1 4 1 1 1 4 1 4 1 1 1 3 4 3 3 4 1 3 1 3 3 3 1 3 4 1 3 3 2 4 1 1 3 1 1 4 2 3 2 1 3 1 1 4 2 2 3 1 3 3 3 2 2 3 1 4 1 3 1 3 3 3 1 1 4 1 1 3 1 1 1 1 2 4 4 2 1 2 3 3 3 1 3 2 1 1 2 1 4 2 2 3 4 2 4 4 3 3
14 0.027027 1 4 3 3 1 1 1 1 2 1 3 1 4 3 3 2 1 3 3 4 3 2 4 3 1 4 4 3 4 3 4 3 3 2 1 3 3 4 1 3 1 2 2 4 1 4 2 3 3 1 1 1 3 3 4 2 3 2 3 4 4 2 4 1 3 4 3 2 3 1 3 3 1 3 2 3 1 1 2 2 4 3 3 1 2 2 2 1 4 3 3 2 3 2 1 2 3 4 3 1 2 3 4 2 3 3 1 4 3 3 4 1 1 3 1 2 1 1 4 3 3 2 1 4 4 3 2 4 2 1 4 1 1 4 3 2 4 0 0 0 0 0 0 0 0 0 0 0 0 1 3 4 1 1 4 2 1 1 1 3 4 3 1 3 1 2 4 1 2 1 2 3 4 4 4 1 2 1 3 1 1 4 4 2 2 1 1 4 4 3 1 3 2 1 1 4 4 1 1 2 4 1 1 1 1 3 2 2 2 1 1 4 3 3 2 3 3 1 4 1 1 4 1 3 4 2 1 4 1 2 4 3 3 2 2 2 1 3 3 4 1 4 3 2 2 1 3 4 2 1 1 3 3 1 2 3 1 4 3 3 1 1 2 1 4 1 1 2 1 4 3 4 1 1 1 4 2 1 1 1 2 1 4 2 1 2 1 3 3 1 2 4 1 2 4 1 4 4 3 3 4 1 2 3 4 3 1 4 3 3 1 3 3 4 1 4 2 1 2 1 1 1 4 1 1 2 1 1 2 1 2 1 3 1 3 1 2 1 4 4 2 1 3 1 2 2 4 3 3 1 3 3 1 3 3 1 3 1 4 1 4 3 1 3 3 3 1 2 1 1 4 4 3 3 1 3 1 1 3 2 3 1 1 4 4 1 4 1 4 1 1 1 4 1 4 1 1 1 3 4 3 3 4 1 3 1 3 3 3 1 3 4 1 3 3 2 4 1 1 3 1 1 4 2 3 2 1 3 1 1 4 2 2 3 1 3 3 3 2 4 3 1 4 1 3 1 3 3 3 1 1 4 1 1 3 1 1 1 1 2 4 4 2 1 2 3 3 3 1 3 2 1 1 2 1 4 2 2 3 4 2 4 4 3 3
14 0.027027 1 4 3 3 1 1 1 1 2 1 3 1 4 3 3 2 1 3 3 4 3 2 4 3 1 4 4 3 4 3 4 3 3 2 1 3 3 4 1 3 1 2 2 4 1 4 2 3 3 1 1 1 3 3 4 2 3 2 3 4 4 2 4 1 3 4 3 2 3 1 3 3 1 3 2 3 1 1 2 2 4 3 3 1 2 2 2 1 4 3 3 2 3 2 1 2 3 4 3 1 2 3 4 2 3 3 1 4 3 3 4 1 1 3 1 2 1 1 4 3 3 2 1 4 4 3 2 4 2 1 4 1 1 4 3 2 4 0 0 0 0 0 0 0 0 0 0 0 0 1 3 4 1 1 4 2 1 1 1 3 4 3 1 3 1 2 4 1 2 1 2 3 4 4 4 1 2 1 3 1 1 4 4 2 2 1 1 4 4 3 1 3 2 1 2 4 4 1 1 2 4 1 1 1 1 3 2 2 2 1 1 4 3 3 2 3 3 1 4 1 1 4 1 3 4 2 1 4 1 2 4 3 3 2 2 2 1 3 3 4 1 4 3 2 2 1 3 4 2 1 1 3 3 1 2 3 1 4 3 3 1 1 4 1 4 1 1 2 1 4 3 4 1 1 1 4 2 1 1 1 2 1 4 2 1 2 1 3 3 1 2 4 1 2 4 1 4 4 3 3 4 1 2 3 4 3 1 4 3 3 1 3 3 4 1 4 2 1 2 1 1 1 4 1 1 2 1 1 2 1 2 1 3 1 3 1 2 1 4 4 2 1 3 1 2 2 4 3 3 1 3 3 1 3 3 1 3 1 4 1 4 3 1 3 3 3 1 2 1 1 4 4 3 3 1 3 1 1 3 2 3 1 1 4 4 1 4 1 4 1 1 1 4 1 4 1 1 1 3 4 3 3 4 1 3 1 3 3 3 1 3 4 1 3 3 2 4 1 1 3 1 1 4 2 3 2 1 3 1 1 4 2 2 3 1 3 3 3 2 2 3 1 4 1 3 1 3 3 3 1 1 4 1 1 3 1 1 1 1 2 4 4 2 1 2 3 3 3 1 3 2 1 1 2 1 4 2 2 3 4 2 4 4 3 3
14 0.027027 1 4 3 3 1 1 1 1 2 1 3 1 4 3 3 2 1 3 3 4 3 2 4 3 1 4 4 3 4 3 4 3 3 2 1 3 3 4 1 3 1 2 2 4 1 4 2 3 3 1 1 1 3 3 4 2 3 2 3 4 4 2 4 1 3 4 3 2 3 1 3 3 1 3 2 3 1 1 2 2 4 3 3 1 2 2 2 1 3 4 3 2 3 2 1 2 3 4 3 1 2 3 4 2 3 3 1 4 3 3 4 1 1 3 1 2 1 1 4 3 4 2 1 4 4 3 2 4 2 1 4 1 1 4 3 2 4 0 0 0 0 0 0 0 0 0 0 0 0 1 3 4 1 1 4 2 1 1 1 3 4 3 1 3 1 2 4 1 2 1 2 3 4 4 4 1 2 1 3 1 1 4 4 2 2 1 1 4 4 3 1 3 2 1 1 4 4 1 1 2 4 1 1 1 1 3 2 2 2 1 1 4 3 3 2 3 3 1 4 1 1 4 1 3 4 2 1 4 1 2 4 3 3 2 2 2 1 3 3 4 1 4 3 2 2 1 3 4 2 1 1 3 3 1 2 3 1 4 3 3 1 1 2 1 4 1 1 2 1 4 3 4 1 1 1 4 2 1 1 1 2 1 4 2 1 2 1 3 3 1 2 4 1 2 4 1 4 4 3 3 4 1 2 3 4 3 1 4 3 3 1 3 3 4 1 4 2 1 2 1 1 1 4 1 1 2 1 1 2 1 2 1 3 1 3 1 2 1 4 4 2 1 3 1 2 2 4 3 3 1 3 3 1 3 3 1 3 1 4 1 4 3 1 3 3 3 1 2 1 1 4 4 3 3 1 3 1 1 3 2 3 1 1 4 4 1 4 1 4 1 1 1 4 1 4 1 1 1 3 4 3 3 4 1 3 1 3 3 3 1 3 4 1 3 3 2 4 1 1 3 1 1 4 2 3 2 1 3 1 1 4 2 2 3 1 3 3 3 2 2 3 1 4 1 3 1 3 3 3 1 1 4 1 1 3 1 1 1 1 2 4 4 2 1 2 3 3 3 1 3 2 1 1 2 1 4 2 2 3 4 2 4 4 3 3
14 0.027027 1 4 3 3 1 1 1 1 2 1 3 1 4 3 3 2 1 3 3 4 3 2 4 3 1 4 4 3 4 3 4 3 3 2 1 3 3 4 1 3 1 2 2 4 1 4 2 3 3 1 1 1 3 3 4 2 3 2 3 4 4 2 4 1 3 4 3 2 3 1 3 3 1 3 2 3 1 1 2 2 4 3 3 1 2 2 2 1 3 4 3 2 3 2 1 2 3 4 3 1 2 3 4 2 3 3 1 4 3 3 4 1 1 3 1 2 1 1 4 3 3 2 1 4 4 3 2 4 2 1 4 1 1 4 3 2 4 0 0 0 0 0 0 0 0 0 0 0 0 1 3 4 1 1 4 2 1 1 1 3 4 3 1 3 1 2 4 1 2 1 2 3 4 4 4 1 2 1 3 1 1 4 4 2 2 1 1 4 4 3 1 3 2 1 1 4 4 1 1 2 4 1 1 1 1 3 2 2 2 1 1 4 3 3 2 3 3 1 4 1 1 4 1 3 4 2 1 4 1 2 4 3 3 2 2 2 1 3 3 4 1 4 3 2 2 1 3 4 2 1 1 3 3 1 2 3 1 4 3 3 1 1 2 1 4 1 1 2 1 4 3 4 1 1 1 4 2 1 1 1 2 1 4 2 1 2 1 3 3 1 2 4 1 2 4 1 4 4 3 3 4 1 2 3 4 3 1 4 3 3 1 3 3 4 1 4 2 1 2 1 1 1 4 1 1 2 1 1 2 1 2 1 3 1 3 1 2 1 4 4 2 1 3 1 2 2 4 3 3 1 3 3 1 3 3 1 3 1 4 1 4 3 1 3 3 3 1 2 1 1 4 4 3 3 1 3 1 1 3 2 3 1 1 4 4 1 4 1 4 1 1 1 4 1 4 1 1 1 3 4 3 3 4 1 3 1 3 3 3 1 3 4 3 3 3 4 4 1 1 3 1 1 4 2 3 2 1 3 1 1 4 2 2 3 1 3 3 3 2 2 3 1 4 1 3 1 3 3 3 1 1 4 1 1 3 1 1 1 1 2 4 4 2 1 2 3 3 3 1 3 2 1 1 2 1 4 2 2 3 4 2 4 4 3 3
28 0.100000 1 4 3 3 1 1 1 1 2 1 3 1 4 3 3 2 1 3 3 4 3 2 4 3 1 4 4 3 4 3 4 3 3 2 1 3 3 4 1 3 1 2 2 4 1 4 2 3 3 1 1 1 3 3 4 2 3 2 3 4 4 2 4 1 3 4 3 2 3 1 4 3 1 3 2 3 1 1 2 2 4 3 3 1 2 2 2 1 4 3 3 2 3 2 1 2 3 4 3 1 2 3 4 2 3 3 1 4 3 3 4 1 1 3 1 2 1 1 4 3 3 2 1 4 4 3 2 4 2 1 4 1 1 4 3 2 4 0 0 0 0 0 0 0 0 0 0 0 0 1 3 4 1 1 4 2 1 1 1 3 4 3 1 3 1 2 4 1 2 1 2 3 4 4 4 1 2 1 3 1 1 4 4 2 2 1 1 4 4 3 1 3 2 1 1 4 4 1 1 2 4 1 1 1 1 3 2 2 2 1 1 4 3 3 2 3 3 1 4 1 1 4 1 3 4 2 1 4 1 2 4 3 3 2 2 2 1 3 3 4 1 4 3 2 2 1 3 4 2 1 1 3 3 1 2 3 1 4 3 3 1 1 2 1 4 1 1 2 1 4 3 4 1 1 1 4 2 1 1 1 2 1 4 2 1 2 1 3 3 1 2 4 1 2 4 1 4 4 3 3 4 1 2 3 4 3 1 4 3 3 1 3 3 4 1 4 2 1 2 1 1 1 4 1 1 2 1 1 2 1 2 1 3 1 3 1 2 1 4 4 2 1 3 1 2 2 4 3 3 1 3 3 1 3 3 1 3 1 4 1 4 3 1 3 3 3 1 2 1 1 4 4 3 3 1 3 1 1 3 2 3 1 1 4 4 1 4 1 4 1 1 1 4 1 4 1 1 1 1 4 3 3 4 1 3 1 3 3 3 1 3 4 1 3 3 2 4 1 1 3 1 1 4 2 3 2 1 3 1 1 4 2 2 3 1 3 3 3 2 2 3 1 4 1 3 1 3 1 3 1 1 4 1 1 3 1 1 1 1 2 4 4 2 1 2 3 3 3 1 3 2 1 1 2 1 4 2 2 3 4 2 4 4 3 3
28 0.400000 1 4 3 3 1 1 1 1 2 1 3 1 4 3 3 2 1 3 3 4 3 2 4 3 1 4 4 3 4 3 4 3 3 2 1 3 3 4 1 3 1 2 2 4 1 4 2 3 3 1 1 1 3 3 4 2 3 2 3 4 4 2 4 1 3 4 3 2 3 1 3 3 1 3 2 3 1 1 2 2 4 3 3 1 2 2 2 1 3 4 3 2 3 2 1 2 3 4 3 1 2 3 4 2 3 3 1 4 3 3 4 1 1 3 1 2 1 1 4 3 3 2 1 4 4 3 2 4 2 1 4 1 1 4 3 2 4 0 0 0 0 0 0 0 0 0 0 0 0 1 3 4 1 1 4 2 1 1 1 3 4 3 1 3 1 2 4 1 2 1 2 3 4 4 4 1 2 1 3 1 1 4 4 2 2 1 1 4 4 3 1 3 2 1 1 4 4 1 1 2 4 1 1 1 1 3 2 2 2 1 1 4 3 3 2 3 3 1 4 1 1 4 1 3 4 2 1 4 1 2 4 3 3 2 2 2 1 3 3 4 1 4 3 2 2 1 3 4 2 1 1 3 3 1 2 3 1 4 3 3 1 1 2 1 4 1 1 2 1 4 3 4 1 1 1 4 2 1 1 1 2 1 4 2 1 2 1 3 3 1 2 4 1 2 4 1 4 4 3 3 4 1 2 3 4 3 1 4 3 3 1 3 3 4 1 4 2 1 2 1 1 1 4 1 1 2 1 1 2 1 2 1 3 1 3 1 2 1 4 4 2 1 3 1 2 2 4 3 3 1 3 3 1 3 3 1 3 1 4 1 4 3 1 3 3 3 1 2 1 1 4 4 3 3 1 3 1 1 3 2 3 1 1 4 4 1 4 1 4 1 1 1 4 1 4 1 1 1 3 4 3 3 4 1 3 1 3 3 3 1 3 4 1 3 3 2 4 1 1 3 1 1 4 2 3 2 1 3 1 1 4 2 2 3 1 3 3 3 2 2 3 1 4 1 3 1 3 3 3 1 1 4 1 1 3 1 1 1 1 2 4 4 2 1 2 3 3 3 1 3 2 1 1 2 1 4 2 2 3 4 2 4 4 3 3
28 0.100000 1 4 3 3 1 1 1 1 2 1 3 1 4 3 3 2 1 3 3 4 3 2 4 3 1 4 4 3 4 3 4 3 3 2 1 3 3 4 1 3 1 2 2 4 1 4 2 3 3 1 1 1 3 3 4 2 3 2 3 4 4 2 4 1 3 4 3 2 3 1 3 3 1 3 2 3 1 1 2 2 4 3 3 1 2 2 2 1 3 4 3 2 3 2 1 2 3 4 3 1 2 3 4 2 3 3 1 4 3 3 4 1 1 3 1 2 1 1 4 3 3 2 1 4 4 3 2 4 2 1 4 1 1 4 3 2 4 0 0 0 0 0 0 0 0 0 0 0 0 1 3 4 1 1 4 2 1 1 1 3 4 3 1 3 1 2 4 1 2 1 2 3 4 4 4 1 2 1 3 1 1 4 4 2 2 1 1 4 4 3 1 3 2 1 1 4 4 1 1 2 4 1 1 1 1 3 2 2 2 1 1 4 3 3 2 3 3 1 4 1 1 4 1 3 4 2 1 4 1 2 4 3 3 2 2 2 1 3 3 4 1 4 3 2 2 1 3 4 2 1 1 3 3 1 2 3 1 4 3 3 1 1 2 1 4 1 1 2 1 4 3 4 1 1 1 4 2 1 1 1 2 1 4 2 1 2 1 3 3 1 2 4 1 2 4 1 4 4 3 3 4 1 2 3 4 3 1 4 3 3 1 3 3 4 1 4 2 1 2 1 1 1 4 1 1 2 1 1 2 1 2 1 3 1 3 1 2 1 4 4 2 1 3 1 2 2 4 3 3 1 3 3 1 3 3 1 3 1 4 1 4 3 1 3 3 3 1 2 1 1 4 4 3 3 1 3 1 1 3 2 3 1 1 4 4 1 4 1 4 1 1 1 4 1 4 1 1 1 3 4 3 3 4 1 3 1 3 3 3 1 3 4 1 3 3 2 4 1 1 3 1 3 4 2 3 2 1 3 1 1 4 2 2 3 1 3 3 3 2 2 3 1 4 1 3 1 3 3 3 1 1 4 1 1 3 1 1 1 1 2 4 4 2 1 2 3 3 3 1 3 2 1 1 2 1 4 2 2 3 4 2 4 4 3 3
28 0.100000 1 4 3 3 1 1 1 1 2 1 3 1 4 3 3 2 1 3 3 4 3 2 4 3 1 4 4 3 4 3 4 3 3 2 1 3 3 4 1 3 1 2 2 4 1 4 2 3 3 1 3 1 3 3 4 2 3 2 3 4 4 2 4 1 3 4 3 2 3 1 3 3 1 3 2 3 1 1 2 2 4 3 3 1 2 2 2 1 4 3 3 2 3 2 1 2 3 4 3 1 2 3 4 2 3 3 1 4 3 3 4 1 1 3 1 2 1 1 4 3 3 2 1 4 4 3 2 4 2 1 4 1 1 4 3 2 4 0 0 0 0 0 0 0 0 0 0 0 0 1 3 4 1 1 4 2 1 1 1 3 4 3 1 3 1 2 4 1 2 1 2 3 4 4 4 1 2 1 3 1 1 4 4 2 2 1 1 4 4 3 1 3 2 1 1 4 4 1 1 2 4 1 1 1 1 3 2 2 2 1 1 4 3 3 2 3 3 1 4 1 1 4 1 3 4 2 1 4 1 2 4 3 3 2 2 2 1 3 3 4 1 4 3 2 2 1 3 4 2 1 1 3 3 1 2 3 1 4 3 3 1 1 2 1 4 1 1 2 1 4 3 4 1 1 1 4 2 1 1 1 2 1 4 2 1 2 1 3 3 1 2 4 1 2 4 1 4 4 3 3 4 1 2 3 4 3 1 4 3 3 1 3 3 4 1 4 2 1 2 1 1 1 4 1 1 2 1 1 2 1 2 1 3 1 3 1 2 1 4 4 2 1 3 1 2 2 4 3 3 1 3 3 1 3 3 1 3 1 4 1 4 3 1 3 3 3 1 2 1 1 4 4 3 3 1 3 1 1 3 2 3 1 1 4 4 1 4 1 4 1 1 1 4 1 4 1 1 1 3 4 3 3 4 1 3 1 3 3 3 1 3 4 1 3 3 2 4 1 1 3 1 1 4 2 3 2 1 3 1 1 4 2 2 3 1 3 3 3 2 2 3 1 4 1 3 1 3 3 3 1 1 4 1 1 3 1 1 1 1 2 4 4 2 1 2 3 3 3 1 3 2 1 1 2 1 4 2 2 3 4 2 4 4 3 3
28 0.100000 1 4 3 3 1 1 1 1 2 1 3 1 4 3 3 2 1 3 3 4 3 2 4 3 1 4 4 3 4 3 4 3 3 2 1 3 3 4 1 3 1 2 2 4 1 4 2 3 3 1 1 1 3 3 4 2 3 2 3 4 4 2 4 1 3 4 3 2 3 1 3 3 1 3 2 3 1 1 2 2 4 3 3 1 2 2 2 1 3 4 3 2 3 2 1 2 3 4 3 1 2 3 4 2 3 3 1 4 3 3 4 1 1 3 1 2 1 1 4 3 3 2 1 4 4 3 2 4 2 1 4 1 1 4 3 2 4 0 0 0 0 0 0 0 0 0 0 0 0 1 3 4 1 1 4 2 1 1 1 3 4 3 1 3 1 2 4 1 2 1 2 3 4 4 4 1 2 1 3 1 1 4 4 2 2 1 1 4 4 3 1 3 2 1 1 4 4 1 1 2 4 1 1 1 1 3 2 2 2 1 1 4 3 3 2 3 3 1 4 1 1 4 1 3 4 2 1 4 1 2 4 3 3 2 2 2 1 3 3 4 1 4 3 2 2 1 3 4 2 1 1 3 3 1 2 3 1 4 3 3 1 1 2 1 4 1 1 2 1 4 3 4 1 1 1 4 1 1 1 1 2 1 4 2 1 2 1 3 3 1 2 4 1 2 4 1 4 4 3 3 4 1 2 3 4 3 1 4 3 3 1 3 3 4 1 4 2 1 2 1 1 1 4 1 1 2 1 1 2 1 2 1 3 1 3 1 2 1 4 4 2 1 3 1 2 2 4 3 3 1 3 3 1 3 3 1 3 1 4 1 4 3 1 3 3 3 1 2 1 1 4 4 3 3 1 3 1 1 3 2 3 1 1 4 4 1 4 1 4 1 1 1 4 1 4 1 1 1 3 4 3 3 4 1 3 1 3 3 3 1 3 4 1 3 3 2 4 1 1 3 1 1 4 2 3 2 1 3 1 1 4 2 2 3 1 3 3 3 2 2 3 1 4 1 3 1 3 3 3 1 1 4 1 1 3 1 1 1 1 2 4 4 2 1 2 3 3 3 1 3 2 1 1 2 1 4 2 2 3 4 2 4 4 3 3
28 0.100000 1 4 3 3 1 1 1 1 2 1 3 1 4 3 3 2 1 3 3 4 3 2 4 3 1 4 4 3 4 3 4 3 3 2 1 3 3 4 1 3 1 2 2 4 1 4 2 3 3 1 1 1 3 3 4 2 3 2 1 4 4 2 4 1 3 4 3 2 3 1 3 3 1 3 2 3 1 1 2 2 4 3 3 1 2 2 2 1 3 4 3 2 3 2 1 2 3 4 3 1 4 3 4 2 3 3 1 4 3 3 4 1 1 3 1 2 1 1 4 3 3 2 1 4 4 3 2 4 2 1 4 1 1 4 3 2 4 0 0 0 0 0 0 0 0 0 0 0 0 1 3 4 1 1 4 2 1 1 1 3 4 3 1 3 1 2 4 1 2 1 2 3 4 4 4 1 2 1 3 1 1 4 4 2 2 1 1 4 4 3 1 3 2 1 1 4 4 1 1 2 4 1 1 1 1 3 2 2 2 1 1 4 3 3 2 3 3 1 4 1 1 4 1 3 4 2 1 4 1 2 4 3 3 2 2 2 1 3 3 4 1 4 3 2 2 1 3 4 2 1 1 3 3 1 2 3 1 4 3 3 1 1 2 1 4 1 1 2 1 4 3 4 1 1 1 4 2 1 1 1 2 1 4 2 1 2 1 3 3 1 2 4 1 2 4 1 4 4 3 3 4 1 2 3 4 3 1 4 3 3 1 3 3 4 1 4 2 1 2 1 1 1 4 1 1 2 1 1 2 1 2 1 3 1 3 1 2 1 4 4 2 1 3 1 2 2 4 3 3 1 3 3 1 3 3 1 3 1 4 1 4 3 1 3 3 3 1 2 1 1 4 4 3 3 1 3 1 1 3 2 3 1 1 4 4 1 4 1 4 1 1 1 4 1 4 1 1 1 3 4 3 3 4 1 3 1 3 3 3 1 3 4 1 3 3 2 4 1 1 3 1 1 4 2 3 2 1 3 1 1 4 2 2 3 1 3 3 3 2 2 3 1 4 1 3 1 3 3 3 1 1 4 1 1 3 1 1 1 1 2 4 4 2 1 2 3 3 3 1 3 2 1 1 2 1 4 2 2 3 4 2 4 4 3 3
28 0.100000 1 4 3 3 1 1 1 1 2 1 3 1 4 3 3 2 1 3 3 4 3 2 4 3 1 4 4 3 4 3 4 3 3 2 1 3 3 4 1 3 1 2 2 4 1 4 2 3 3 1 1 1 3 3 4 2 3 2 3 4 4 2 4 1 1 4 3 2 3 1 3 3 1 3 2 3 1 1 2 2 4 3 3 1 2 2 2 1 4 3 3 2 3 2 1 2 3 4 3 1 2 3 4 2 3 3 1 4 3 3 4 1 1 3 1 2 1 1 4 3 3 2 1 4 4 3 2 4 2 1 4 1 1 4 3 2 4 0 0 0 0 0 0 0 0 0 0 0 0 1 3 4 1 1 4 2 1 1 1 3 4 3 1 3 1 2 4 1 2 1 2 3 4 4 4 1 2 1 3 1 1 4 4 2 2 1 1 4 4 3 1 3 2 1 1 4 4 1 1 2 4 1 1 1 1 3 2 2 2 1 1 4 3 3 2 3 1 1 4 1 1 4 1 3 4 2 1 4 1 2 4 3 3 2 2 2 1 3 3 4 1 4 3 2 2 1 3 4 2 1 1 3 3 1 2 3 1 4 3 3 1 1 2 1 4 1 1 2 1 4 3 4 1 1 1 4 2 1 1 1 2 1 4 2 1 2 1 3 3 1 2 4 1 2 4 1 4 4 3 3 4 1 2 3 4 3 1 4 3 3 1 3 3 4 1 4 2 1 2 1 1 1 4 1 1 2 1 1 2 1 2 1 3 1 3 1 2 1 4 4 2 1 3 1 2 2 4 3 3 1 3 3 1 3 3 1 3 1 4 1 4 3 1 3 3 3 1 2 1 1 4 4 3 3 1 3 1 1 3 2 3 1 1 4 4 1 4 1 4 1 1 1 4 1 4 1 1 1 3 4 3 3 4 1 3 1 3 3 1 1 3 4 1 3 3 2 4 1 1 3 1 1 4 2 3 1 1 3 1 1 4 2 2 3 1 3 3 3 2 2 3 1 4 1 1 1 3 3 3 1 1 4 1 1 3 1 1 1 1 2 4 4 2 1 2 3 3 3 1 3 2 1 1 2 1 4 2 2 3 4 2 4 4 1 3
70 0.043478 1 4 3 3 1 1 1 1 2 1 3 1 4 3 3 2 1 3 3 4 3 2 4 3 1 4 4 3 4 3 4 3 3 2 1 3 3 4 1 3 1 2 2 4 1 4 2 3 3 1 1 1 3 3 4 2 3 2 3 4 4 2 4 1 3 4 3 2 3 1 3 3 1 3 2 3 1 1 2 2 4 3 3 1 2 2 2 1 3 4 3 2 3 2 1 2 3 4 1 1 2 3 4 2 3 3 2 4 3 3 4 1 1 3 1 2 3 1 4 3 3 2 1 4 4 3 2 4 2 1 4 1 1 4 3 2 4 0 0 0 0 0 0 0 0 0 0 0 0 1 3 4 1 1 4 2 1 1 1 3 4 3 1 3 1 2 4 1 2 1 2 3 4 4 4 1 2 1 3 1 1 4 4 2 2 1 1 4 4 3 1 1 2 1 1 4 4 1 1 2 4 1 1 1 1 3 2 2 2 1 1 2 3 3 2 3 3 1 4 1 1 4 1 3 4 2 1 4 1 2 4 3 3 2 2 2 1 3 3 4 1 4 3 2 2 1 3 4 2 1 1 3 3 1 2 3 1 4 3 3 1 1 2 1 4 1 1 2 1 4 3 4 1 1 1 4 2 1 1 1 2 1 4 2 1 2 1 3 3 1 2 4 1 2 4 1 4 4 3 3 4 1 2 3 4 3 1 4 3 3 1 3 3 4 1 4 2 1 2 1 1 1 4 1 1 2 1 1 2 1 2 1 3 1 3 1 2 1 4 4 2 1 3 1 2 2 4 3 3 1 3 3 1 3 3 1 3 1 4 1 4 3 1 3 3 3 1 2 1 1 4 4 3 3 1 3 1 1 3 2 3 1 1 4 4 1 4 1 4 1 1 1 4 1 4 1 1 1 3 4 3 3 4 1 3 1 3 3 3 1 3 4 1 3 3 2 4 1 1 3 1 1 4 2 3 2 1 3 1 1 4 2 2 3 1 3 3 3 2 2 3 1 4 1 3 1 3 3 3 1 1 4 1 1 1 1 1 1 1 2 4 4 2 1 2 3 3 1 1 3 2 1 1 2 1 4 2 2 3 4 2 4 4 3 3
70 0.043478 1 4 3 3 1 1 1 1 2 1 3 1 4 3 3 2 1 3 3 4 3 2 4 3 1 4 4 3 4 3 4 3 3 2 1 3 3 4 1 3 1 2 2 4 1 3 2 3 3 1 1 1 3 3 4 2 3 2 3 4 4 2 4 1 3 4 3 2 3 1 3 3 1 3 2 3 1 1 2 2 4 3 3 1 2 2 2 1 3 4 3 2 3 2 1 2 3 4 1 1 2 3 4 2 3 3 1 4 3 3 4 1 1 3 1 2 1 1 4 3 3 2 1 4 4 3 2 4 2 1 4 1 1 4 3 2 4 0 0 0 0 0 0 0 0 0 0 0 0 1 3 4 1 1 4 2 1 1 1 3 4 3 1 3 1 2 4 1 2 1 2 3 4 4 4 1 2 1 3 1 1 4 4 2 2 1 1 4 4 3 1 3 2 1 1 4 4 1 1 2 4 1 1 1 1 3 2 2 2 1 1 4 3 3 2 3 3 1 4 1 1 4 1 3 4 2 1 4 1 2 4 3 3 2 2 2 1 3 3 4 1 4 3 2 2 1 3 4 2 1 1 3 3 1 2 3 1 4 3 3 1 1 2 1 4 1 1 2 1 4 3 4 1 1 1 4 2 1 1 1 2 1 4 2 1 2 1 3 3 1 2 4 1 2 4 1 4 4 3 3 4 1 2 3 4 3 1 4 3 3 1 3 3 4 1 4 2 1 2 1 1 1 4 1 1 2 1 1 2 1 2 1 3 1 3 1 2 1 4 4 2 1 3 1 2 2 4 3 3 1 3 3 1 3 3 1 3 1 4 1 4 3 1 3 3 3 1 2 1 1 4 4 3 3 1 3 1 1 3 2 3 1 1 4 4 1 4 1 4 1 1 1 4 1 4 1 1 1 3 4 3 3 4 1 3 1 3 3 3 1 3 4 1 3 3 2 4 1 1 3 1 1 4 2 3 2 1 3 1 1 4 2 2 3 1 3 3 3 2 2 3 1 4 1 3 1 3 3 3 1 1 4 1 1 1 1 1 1 1 2 4 4 2 1 2 3 3 3 1 3 2 1 1 2 1 4 2 2 3 4 2 4 4 3 3
70 0.043478 1 4 3 3 1 1 1 1 2 1 3 1 4 3 3 2 1 3 3 4 3 2 4 3 1 4 4 3 4 3 4 3 3 2 1 3 3 4 1 3 1 2 2 4 1 4 2 3 3 1 1 1 3 3 4 2 3 2 3 4 4 2 4 1 3 4 3 2 3 1 3 3 1 3 2 3 1 1 2 2 4 3 3 1 2 2 2 1 3 4 3 2 3 2 1 2 3 4 1 1 2 3 4 2 3 3 1 4 3 3 4 1 1 3 1 2 1 1 4 3 3 2 1 4 4 3 2 4 2 1 4 1 1 4 3 2 4 0 0 0 0 0 0 0 0 0 0 0 0 1 3 4 1 1 4 2 1 1 1 3 4 3 1 3 1 2 4 1 2 1 2 3 4 4 4 1 2 1 3 1 1 4 4 2 2 1 1 4 4 3 1 3 2 1 1 4 4 1 1 2 4 1 1 1 1 3 2 2 2 1 1 4 3 3 2 3 3 3 4 1 1 4 1 3 4 2 1 4 1 2 4 3 3 2 2 2 1 3 3 4 1 4 3 2 2 1 3 4 2 1 1 3 3 1 2 3 1 4 3 3 1 1 2 1 4 1 1 2 1 4 3 4 1 1 1 4 2 1 1 1 2 1 4 2 1 2 1 3 3 1 2 4 1 2 4 1 4 4 3 3 4 1 2 3 4 3 1 4 3 3 1 3 3 4 1 4 2 1 2 1 1 1 4 1 1 2 1 1 2 1 2 1 3 1 3 1 2 1 4 4 2 1 3 1 2 2 4 3 3 1 3 3 1 3 3 1 3 1 4 1 4 3 1 3 3 3 1 2 1 1 4 4 3 3 1 3 1 1 3 2 3 1 1 4 4 1 4 1 4 1 1 1 4 1 4 1 1 1 3 4 3 3 4 1 3 1 3 3 3 1 3 4 1 3 3 2 4 1 1 3 1 1 4 2 3 2 1 3 1 1 4 2 2 3 1 3 3 3 2 2 3 1 4 1 3 1 3 3 3 2 2 4 1 2 1 1 1 1 1 2 4 4 2 1 2 3 3 3 1 3 2 1 1 2 1 4 2 2 3 4 2 4 4 3 3
70 0.043478 1 4 3 3 1 1 1 1 2 1 3 1 4 3 3 2 1 3 3 4 3 2 4 3 1 4 4 3 4 3 4 3 3 2 1 3 3 4 1 3 1 2 2 4 1 4 2 3 3 1 1 1 3 1 4 2 3 2 3 4 4 2 4 1 3 4 3 2 3 1 3 3 1 3 2 3 1 1 4 2 4 3 3 1 2 2 2 1 3 4 3 2 1 2 1 2 3 4 3 3 2 3 4 2 3 3 1 4 3 3 4 1 1 3 1 2 1 1 4 3 3 2 1 4 4 3 2 4 2 1 4 1 1 4 3 2 4 0 0 0 0 0 0 0 0 0 0 0 0 1 3 4 1 1 4 2 1 1 1 3 4 3 1 3 1 2 4 1 2 1 2 3 4 4 4 1 2 1 3 1 1 4 4 2 2 1 1 4 4 3 1 3 2 1 1 4 4 1 1 2 4 1 1 1 1 3 2 2 2 1 1 4 3 3 2 3 3 1 4 1 1 4 1 3 4 2 1 4 1 2 4 3 3 2 2 2 1 3 3 4 1 4 3 2 2 1 3 4 2 1 1 3 3 1 2 3 1 4 3 3 1 1 2 1 4 1 1 2 1 4 3 4 1 1 1 4 2 1 1 1 2 1 4 2 1 2 1 3 3 1 2 4 1 2 4 1 4 4 3 3 4 1 2 3 4 3 1 4 3 3 1 3 3 4 1 4 2 1 2 1 1 1 4 1 1 2 1 1 2 1 2 1 3 1 3 1 2 1 4 4 2 1 3 1 2 2 4 3 3 1 3 3 1 3 3 1 3 1 4 1 4 3 1 3 3 3 1 2 1 1 4 4 3 3 1 3 1 1 3 2 3 1 1 4 4 1 4 1 4 1 1 1 4 1 4 1 1 1 3 4 3 3 4 1 3 1 3 3 3 1 4 4 1 3 3 2 4 1 1 3 1 1 4 2 1 2 1 3 1 1 4 2 2 3 1 3 3 3 2 2 3 1 4 1 3 1 3 3 3 1 1 4 1 1 3 1 1 3 1 2 4 4 2 1 2 3 3 3 1 3 2 1 1 2 1 4 2 2 3 4 2 4 4 3 3
70 0.043478 1 4 3 3 1 1 1 1 2 1 3 1 4 3 3 2 1 3 3 4 3 2 4 3 1 4 4 3 4 3 4 3 3 2 1 3 3 4 1 3 1 2 2 4 1 4 2 3 3 1 1 1 3 3 4 2 3 2 3 4 4 2 4 1 3 4 3 2 3 1 3 3 1 3 2 3 1 1 2 4 4 3 3 1 2 2 2 1 3 4 3 2 3 2 1 2 3 4 3 1 2 3 4 4 3 3 1 4 3 3 4 1 1 3 1 2 1 1 4 3 3 2 1 4 4 3 2 4 2 1 4 1 1 4 3 2 4 0 0 0 0 0 0 0 0 0 0 0 0 1 3 4 1 1 4 2 1 1 1 3 4 3 1 3 1 2 4 1 2 1 2 3 4 4 4 1 2 1 3 1 1 4 4 2 2 1 1 4 4 3 1 3 2 1 1 4 4 1 1 2 4 1 1 1 1 3 2 2 2 1 1 4 3 3 2 3 3 3 4 1 1 4 1 3 4 2 1 4 1 2 4 3 3 2 2 2 1 3 3 4 1 4 3 2 2 1 3 4 2 1 1 3 3 1 2 3 1 4 3 3 1 1 2 1 4 1 1 2 1 4 3 4 1 1 1 4 2 1 1 1 2 1 4 2 1 2 1 3 3 1 2 4 1 2 4 1 4 4 3 3 4 1 2 3 4 3 1 4 3 3 1 3 3 4 1 4 2 1 2 1 1 1 4 1 1 2 1 1 2 1 2 1 3 1 3 1 2 1 4 4 2 1 3 1 2 2 4 3 3 1 3 3 1 3 3 1 3 1 4 1 4 3 1 3 3 3 1 2 1 1 4 4 3 3 1 3 1 1 3 2 3 1 1 4 4 1 4 1 4 1 1 1 4 1 4 1 1 1 3 4 3 3 4 1 3 1 3 3 3 1 3 4 1 3 3 2 4 1 1 3 1 1 4 2 3 2 1 3 1 1 4 2 2 3 1 3 3 3 2 2 3 1 4 1 3 1 3 3 3 1 1 4 1 1 3 1 1 1 2 2 4 4 2 1 2 3 3 3 1 3 2 1 1 2 1 4 2 2 3 4 2 4 4 3 3
70 0.043478 1 4 3 3 1 1 1 1 2 1 3 1 4 3 3 2 1 3 3 4 3 2 4 3 1 4 4 3 4 3 4 3 3 2 1 3 3 4 1 3 1 2 2 4 1 4 2 3 3 1 1 1 3 3 4 2 3 2 3 4 4 2 4 1 3 4 3 2 3 1 3 3 1 1 2 3 1 1 2 2 4 3 3 1 4 2 2 1 3 4 3 2 3 2 1 2 3 4 3 1 2 3 2 2 3 3 1 4 3 3 4 1 1 3 1 2 1 1 4 3 3 2 1 4 4 3 2 4 2 1 4 1 1 4 3 2 4 0 0 0 0 0 0 0 0 0 0 0 0 1 3 4 1 1 4 2 1 1 1 3 2 3 1 3 1 2 4 1 2 1 2 3 4 4 4 1 2 1 3 1 1 4 4 2 2 1 1 4 4 3 1 3 2 1 1 4 4 1 1 2 4 1 1 1 1 3 2 2 2 1 1 4 3 3 2 3 3 1 4 1 1 4 1 3 4 2 1 4 1 2 4 3 3 2 2 2 1 3 3 4 1 4 3 2 2 1 3 4 2 1 1 3 3 1 2 3 1 4 3 3 1 1 2 1 4 1 1 2 1 4 3 4 1 1 1 4 2 1 1 1 2 1 4 2 1 2 1 3 3 1 2 4 1 2 4 1 4 4 3 3 4 1 2 3 4 3 1 4 3 3 1 3 3 4 1 4 2 1 2 1 1 1 4 1 1 2 1 1 2 1 2 1 3 1 3 1 2 1 4 4 4 1 3 1 2 2 4 3 3 1 3 3 1 3 3 1 3 1 4 1 4 3 1 3 3 3 1 2 1 1 4 4 3 3 1 3 1 1 3 2 3 1 1 4 4 1 4 1 4 1 1 1 4 1 4 1 1 1 3 4 3 3 4 1 3 1 3 3 3 1 3 4 1 3 3 2 4 1 1 3 1 1 4 2 3 2 1 3 1 1 4 2 2 3 1 3 3 3 2 2 3 1 4 1 1 1 1 3 3 1 1 4 1 1 3 3 1 1 1 2 4 4 2 1 2 3 3 3 1 3 2 1 1 2 1 4 2 2 3 4 2 4 4 3 3
70 0.043478 1 4 3 3 1 1 1 1 2 1 3 1 4 3 3 2 1 3 3 4 3 2 4 3 1 4 4 3 4 3 4 3 3 2 1 3 3 4 1 3 1 2 2 4 1 4 2 3 3 1 1 1 3 3 4 2 3 2 3 4 4 2 4 1 3 4 3 2 3 1 3 3 1 3 2 3 1 1 2 2 4 3 3 1 2 2 2 1 3 4 3 4 3 2 1 2 3 4 3 3 2 3 4 2 3 3 1 4 3 3 4 1 1 3 1 2 1 1 4 3 3 2 1 4 4 3 2 4 2 1 4 1 1 4 3 2 4 0 0 0 0 0 0 0 0 0 0 0 0 1 3 4 1 1 4 2 1 1 1 3 4 3 1 3 1 2 4 1 2 1 2 3 4 4 4 1 2 1 3 1 1 4 4 2 2 1 1 4 4 3 1 3 2 1 1 4 4 1 1 2 4 1 1 1 1 3 2 2 2 1 1 4 3 3 2 3 3 1 4 1 1 4 1 3 4 2 1 4 1 2 4 3 3 2 2 2 1 3 3 4 1 4 3 2 2 1 3 4 2 1 1 3 3 1 2 3 1 4 3 3 1 1 2 1 4 1 1 2 1 4 3 4 1 1 1 4 2 1 1 1 2 1 4 2 1 2 1 3 3 1 2 4 1 2 4 1 4 4 3 3 4 1 2 3 4 3 1 4 3 3 1 3 3 4 1 4 2 1 2 1 1 1 4 1 1 2 1 1 2 1 2 1 3 1 3 1 2 1 4 4 2 1 3 1 2 2 4 3 3 1 3 3 1 3 3 1 3 0 0 1 4 3 1 3 3 3 1 2 1 1 4 4 3 3 1 3 1 1 3 2 3 1 1 4 4 1 4 1 4 1 1 1 4 1 4 1 1 3 3 4 3 3 4 1 3 1 3 3 3 1 3 4 1 3 3 2 4 1 1 3 1 1 4 2 3 2 1 3 1 1 4 2 2 3 1 3 3 3 2 2 3 1 4 1 3 1 3 3 3 1 1 4 1 1 3 1 1 3 1 2 4 4 2 1 2 3 3 3 1 3 2 1 1 2 1 4 2 2 3 4 2 4 4 3 3
70 0.043478 1 4 3 3 1 1 1 1 2 1 3 1 4 3 3 2 1 3 3 4 3 2 4 3 1 4 4 3 4 3 4 3 3 2 1 3 3 4 1 3 1 2 2 3 1 4 2 3 3 1 1 1 3 3 4 2 3 2 3 4 4 2 4 1 3 4 3 2 3 1 3 3 1 3 2 3 1 1 2 2 4 3 1 1 2 2 2 1 3 4 3 2 3 2 1 2 3 4 1 1 2 3 4 2 3 3 1 4 3 3 4 1 1 3 1 2 1 1 4 3 3 2 1 4 4 3 2 4 2 1 4 1 1 4 3 2 4 0 0 0 0 0 0 0 0 0 0 0 0 1 3 4 1 1 4 2 1 1 1 3 4 3 1 3 1 2 4 1 2 1 2 3 4 4 4 1 2 1 3 1 1 4 4 2 2 1 1 4 4 3 1 3 2 1 1 4 4 1 1 2 4 1 1 1 1 3 2 2 2 1 1 4 3 3 2 3 3 1 4 1 1 4 1 3 4 2 1 4 1 2 4 3 3 2 2 2 1 3 3 4 1 4 3 2 2 1 3 4 2 1 1 3 3 1 2 3 1 4 3 3 1 1 2 1 4 1 1 2 1 4 3 4 1 1 1 4 2 1 1 1 2 1 4 2 1 2 1 3 3 1 2 4 1 2 4 1 4 4 3 3 4 1 2 3 4 3 1 4 3 3 1 3 3 4 1 4 2 1 2 1 1 1 4 1 1 2 1 1 2 1 2 1 3 1 3 1 2 1 4 4 2 1 3 1 2 2 4 3 3 1 3 3 1 3 3 1 3 1 4 1 4 3 1 3 3 3 1 2 1 1 4 4 3 3 1 3 1 1 3 2 3 1 1 4 4 1 4 1 4 1 1 1 4 1 4 1 1 1 3 4 3 3 4 1 3 1 3 3 3 1 3 4 1 3 3 2 4 1 1 3 1 1 4 2 3 2 1 3 1 1 4 0 0 0 2 2 3 3 2 2 3 1 4 1 3 1 3 3 3 1 1 4 1 1 1 1 1 1 1 2 4 4 2 1 2 3 3 3 1 3 2 1 1 2 1 4 2 2 3 4 2 4 4 3 3
70 0.043478 1 4 3 3 1 1 1 1 2 1 3 1 4 3 3 2 1 3 3 4 3 2 4 3 1 4 4 3 4 3 4 3 3 2 1 3 3 4 1 3 1 2 2 4 1 4 2 3 3 1 1 1 3 3 4 2 3 2 3 4 4 2 4 1 3 4 3 2 3 1 3 3 1 3 2 3 1 1 2 2 4 3 3 1 2 2 2 1 3 4 3 2 3 2 1 2 3 4 1 1 2 3 4 2 3 3 1 4 3 3 4 1 1 3 1 2 1 1 4 3 3 2 1 4 4 3 2 4 2 1 4 1 1 4 3 2 4 0 0 0 0 0 0 0 0 0 0 0 0 1 3 4 1 1 4 2 1 1 1 3 4 3 1 3 1 2 4 1 2 1 2 3 4 4 4 1 2 1 3 1 1 4 4 2 2 1 1 4 4 3 1 3 2 1 1 4 4 1 1 2 4 1 1 1 1 3 2 2 2 1 1 4 3 3 2 3 3 1 4 1 1 4 1 3 4 2 1 4 1 2 4 3 3 2 2 2 1 3 3 4 1 4 3 2 2 1 3 4 2 1 1 3 3 1 2 3 1 4 3 3 1 1 2 1 4 1 1 2 1 4 3 4 1 1 1 4 2 1 1 1 2 1 4 2 1 2 1 3 3 1 2 4 1 2 4 1 4 4 3 3 4 1 2 3 4 3 1 4 3 3 1 3 3 4 1 4 2 1 2 1 1 1 4 1 1 2 1 1 2 1 2 1 3 1 3 1 2 1 4 4 2 1 3 1 2 2 4 3 3 1 3 3 1 3 3 1 3 1 4 1 4 3 1 3 3 3 1 2 1 1 4 4 3 3 1 3 1 1 3 2 3 1 1 4 4 1 4 1 4 1 1 1 4 1 4 1 1 1 3 4 3 3 4 1 3 1 3 3 3 1 3 4 1 3 3 2 4 1 1 3 1 1 4 2 3 2 1 3 1 1 4 2 2 3 1 3 3 3 2 2 3 1 4 1 3 1 3 3 3 1 1 4 1 1 1 1 1 1 1 2 4 4 2 1 2 3 3 3 1 3 2 1 1 2 1 4 2 2 3 4 2 4 4 3 3
70 0.086957 1 4 3 3 1 1 1 1 2 1 3 1 4 3 3 2 1 3 3 4 3 2 4 3 1 4 4 3 4 3 4 3 3 2 1 3 3 4 1 3 1 2 2 4 1 4 2 3 3 1 1 1 3 3 4 2 3 2 3 4 4 2 4 1 3 4 3 2 3 1 3 3 1 3 2 3 1 1 2 2 4 3 3 1 2 4 2 1 3 4 3 2 3 2 1 2 3 4 3 3 2 3 4 2 3 3 1 4 3 3 4 1 1 3 1 2 1 1 4 3 3 2 1 4 4 3 2 4 2 1 4 1 1 4 3 2 4 0 0 0 0 0 0 0 0 0 0 0 0 1 3 4 1 1 4 2 1 1 1 3 4 3 1 3 1 2 4 1 2 1 2 3 4 4 4 1 2 1 3 1 1 4 4 2 2 1 1 4 4 3 1 3 2 1 1 4 4 1 1 2 4 1 1 1 1 3 2 2 2 1 1 4 3 3 2 3 3 1 4 1 1 4 1 3 4 2 1 4 1 2 4 3 3 2 2 2 1 3 3 4 1 4 3 2 2 1 3 4 2 1 1 3 3 1 2 3 1 4 3 3 1 1 2 1 4 1 1 2 1 4 3 4 1 1 1 4 2 1 1 1 2 1 4 2 1 2 1 3 3 1 2 4 1 2 4 1 4 4 3 3 4 1 2 3 4 3 1 4 3 3 1 3 3 4 1 4 2 1 2 1 1 1 4 1 1 2 1 1 2 1 2 1 3 1 3 1 2 1 4 4 2 1 3 1 2 2 4 3 3 1 3 3 1 3 3 1 3 1 4 1 4 3 1 3 3 3 1 2 1 1 4 4 3 3 1 3 1 1 3 2 3 1 1 4 4 1 4 1 4 1 1 1 4 1 4 1 1 1 3 4 3 3 4 1 3 1 3 3 3 1 3 4 1 3 3 2 4 1 1 3 1 1 4 2 3 2 1 3 1 1 4 2 2 3 1 3 3 3 2 2 3 1 4 1 3 1 3 3 3 1 1 4 1 1 3 1 1 3 1 2 4 4 2 1 2 3 3 3 1 3 2 1 1 2 1 4 2 2 3 4 2 4 4 3 3
70 0.043478 1 4 3 3 1 1 1 1 2 1 3 1 4 3 3 2 1 3 3 4 3 2 4 3 1 4 4 3 4 3 4 3 3 2 1 3 3 4 1 3 1 2 2 4 1 4 2 3 3 1 1 3 3 3 4 2 3 2 3 4 4 2 4 1 3 4 3 2 3 1 3 3 1 3 2 3 1 1 2 2 4 3 3 1 4 2 2 1 3 4 3 2 3 2 1 2 3 4 3 1 2 3 2 2 3 3 1 4 3 3 4 1 1 3 1 2 1 1 4 3 3 2 1 4 4 3 2 4 2 1 4 1 1 4 3 2 4 0 0 0 0 0 0 0 0 0 0 0 0 1 3 4 1 1 4 2 1 1 1 3 4 3 1 3 1 2 4 1 2 1 2 3 4 4 4 1 2 1 3 1 1 4 4 2 2 1 1 4 4 3 1 3 2 1 2 4 4 1 1 2 4 1 1 1 1 3 2 2 2 1 1 4 3 3 2 3 3 1 4 1 1 4 1 3 4 2 1 4 1 2 4 3 3 2 2 2 1 3 3 4 1 4 3 2 2 1 3 4 2 1 1 3 3 1 2 3 1 4 3 3 1 1 2 1 4 1 1 2 1 4 3 4 1 1 1 4 2 1 1 1 2 1 4 2 1 2 1 3 3 1 2 4 1 2 4 1 4 4 3 3 4 1 2 3 4 3 1 4 3 3 1 3 3 4 1 4 2 1 2 1 1 1 4 1 1 2 1 1 2 1 2 1 3 1 3 1 2 1 4 4 4 1 3 1 2 2 4 3 3 1 3 3 1 3 3 1 3 1 4 1 4 3 1 3 3 3 1 2 1 1 4 4 3 3 1 3 1 1 3 2 3 1 1 4 4 1 4 1 4 1 1 1 4 1 4 1 1 1 3 4 3 3 4 1 3 1 3 3 3 1 3 4 1 3 3 2 4 1 1 3 1 1 4 2 3 2 1 3 1 1 4 2 2 3 1 3 3 3 2 2 3 1 4 1 3 1 3 3 3 1 1 4 1 1 3 3 1 1 1 2 4 4 2 1 2 3 3 3 1 3 2 1 1 2 1 4 2 2 3 4 2 4 4 3 3
70 0.043478 1 4 3 3 1 1 1 1 2 1 3 1 4 3 3 2 1 3 3 4 3 2 4 3 1 4 4 3 4 3 4 3 3 2 1 3 3 4 1 3 1 2 2 4 1 4 2 3 3 1 1 1 3 3 4 2 3 2 3 4 4 2 4 1 3 4 3 2 3 1 3 3 1 3 2 3 1 1 2 2 4 3 3 1 2 2 2 1 3 4 3 4 3 2 1 2 3 4 3 3 2 3 4 2 3 3 1 3 3 3 4 1 1 3 1 2 1 1 4 3 3 2 1 4 4 3 2 4 2 1 4 1 1 4 3 2 4 0 0 0 0 0 0 0 0 0 0 0 0 1 3 4 1 1 4 2 1 1 1 3 4 3 1 3 1 2 4 1 2 1 2 3 4 4 4 1 2 1 3 1 1 4 4 2 2 1 1 4 4 3 1 3 2 1 1 4 4 1 1 2 4 1 1 1 1 3 2 2 2 1 1 4 3 3 2 3 3 1 4 1 1 4 1 3 4 2 1 4 1 2 4 3 3 2 2 2 1 3 3 4 1 4 3 2 2 1 3 4 2 1 1 3 3 1 2 3 1 4 3 3 1 1 2 1 4 1 1 2 1 4 3 4 1 1 1 4 2 1 1 1 2 1 4 2 1 2 1 3 3 1 2 4 1 2 4 1 4 4 3 3 4 1 2 3 4 3 1 4 3 3 1 3 3 4 1 4 2 1 2 1 1 1 4 1 1 2 1 1 2 1 2 1 3 1 3 1 2 1 4 4 2 1 3 1 2 2 4 3 3 1 3 3 1 3 3 1 3 1 4 1 4 3 1 3 3 3 1 2 1 1 4 4 3 3 1 3 1 1 3 2 3 1 1 4 4 1 4 1 4 1 1 1 4 1 4 1 1 1 3 4 3 3 4 1 3 1 3 3 3 1 3 4 1 3 3 2 4 1 1 3 1 1 4 2 3 2 1 3 1 1 4 2 2 3 1 3 3 3 2 2 3 1 4 1 3 1 3 3 3 1 1 4 1 1 3 1 1 3 1 2 4 4 2 1 2 3 3 3 1 3 2 1 1 2 1 4 2 2 3 4 2 4 4 3 3
70 0.043478 1 4 3 3 1 1 1 1 2 1 3 1 4 3 3 2 1 3 3 4 3 2 4 3 1 4 4 3 4 3 4 3 3 2 1 3 3 4 1 3 1 2 2 4 1 4 2 3 3 1 1 1 3 3 4 2 3 2 3 4 4 4 4 1 3 4 3 2 3 1 3 3 1 3 2 3 1 1 4 2 4 3 3 1 2 2 2 1 3 4 3 2 3 2 1 2 3 4 1 1 2 3 4 2 3 3 1 4 3 3 4 1 1 3 1 2 1 1 4 3 3 2 1 4 4 3 2 4 2 1 4 1 1 4 3 2 4 0 0 0 0 0 0 0 0 0 0 0 0 1 3 4 1 1 4 2 1 1 1 3 4 3 1 3 1 2 4 1 2 1 2 3 4 4 4 1 2 1 3 1 1 4 4 2 2 1 1 4 4 3 1 3 2 1 1 4 4 1 1 2 4 1 1 1 1 3 2 2 2 1 1 4 3 3 2 3 3 1 4 1 1 4 1 3 4 2 1 4 1 2 4 3 3 2 2 2 1 3 3 4 1 4 3 2 2 1 3 4 2 1 1 3 3 1 2 3 1 4 3 3 1 1 2 1 4 1 1 2 1 4 3 4 1 1 1 4 2 1 1 1 2 1 4 2 1 2 1 3 3 1 2 4 1 2 4 1 4 4 3 3 4 1 2 3 4 3 1 4 3 3 1 3 3 4 1 4 2 1 2 1 1 1 4 1 1 2 1 1 2 1 2 1 3 1 3 1 2 1 4 4 2 1 3 1 2 2 4 3 3 1 3 3 1 3 3 1 3 1 4 1 4 3 1 3 3 3 1 2 1 1 4 4 3 3 1 3 1 1 3 2 3 1 1 4 4 1 4 1 4 1 1 1 4 1 4 1 1 1 3 4 3 3 4 1 3 1 3 3 3 1 3 4 1 3 3 2 4 1 1 3 1 1 4 2 3 2 1 3 1 1 4 2 2 3 1 3 3 3 2 2 3 1 4 1 3 1 3 3 3 1 1 4 1 1 1 1 1 1 1 2 4 4 2 1 2 3 3 3 1 3 2 1 1 2 1 4 2 2 3 4 2 4 4 3 3
70 0.043478 1 4 3 3 1 1 1 1 2 1 3 1 4 3 3 2 1 3 3 4 3 2 4 3 1 4 4 3 4 3 4 3 3 2 1 3 3 4 1 3 1 2 2 4 1 4 2 3 3 1 1 1 3 3 4 2 3 2 3 4 4 2 4 1 3 4 3 2 3 1 3 3 1 3 2 3 1 1 2 2 4 3 3 1 2 2 2 2 3 4 3 2 3 2 1 2 3 4 1 1 2 3 4 2 3 3 1 4 3 3 4 1 1 3 1 2 1 1 4 3 3 2 1 4 4 3 2 4 2 1 4 1 1 4 3 2 4 0 0 0 0 0 0 0 0 0 0 0 0 1 3 4 1 1 4 2 1 1 1 3 4 3 1 3 1 2 4 1 2 1 2 3 4 4 4 1 2 1 3 1 1 4 4 2 2 1 1 4 4 3 1 3 2 1 1 4 4 1 1 4 4 1 1 1 1 3 2 2 2 1 1 4 3 3 2 3 3 1 4 1 1 4 1 3 4 2 1 4 1 2 4 3 3 2 2 2 1 3 3 4 1 4 3 2 2 1 3 4 2 1 1 3 3 1 2 3 1 4 3 3 1 1 2 1 4 1 1 2 1 4 3 4 1 1 1 4 2 1 1 1 2 1 4 2 1 2 1 3 3 1 2 4 1 2 4 1 4 4 3 3 4 1 2 3 4 3 1 4 3 3 1 3 3 4 1 4 2 1 2 1 1 1 4 1 1 2 1 1 2 1 2 1 3 1 3 1 2 1 4 4 2 1 3 1 2 2 4 3 3 1 3 3 1 3 3 1 3 1 4 1 4 3 1 3 3 3 1 2 1 1 4 4 3 3 1 3 1 1 3 2 3 1 1 4 4 1 4 1 4 1 1 1 4 1 4 1 1 1 3 4 3 3 4 1 3 1 3 3 3 1 3 4 1 3 3 2 4 1 1 3 1 1 4 2 3 2 1 3 1 1 4 2 2 3 1 3 3 3 2 2 3 1 4 1 3 1 3 3 3 1 1 4 1 1 3 1 1 3 1 2 4 4 2 1 2 3 3 3 1 3 2 1 1 2 1 4 2 2 3 4 2 4 4 3 3
70 0.043478 1 4 3 3 1 1 1 1 2 1 3 1 4 3 3 2 1 3 3 4 3 2 4 3 1 4 4 3 4 3 4 3 3 2 1 3 3 4 1 3 1 2 2 4 1 4 2 3 3 1 1 1 3 3 4 2 3 2 3 4 4 2 4 1 3 4 3 2 3 1 3 3 1 3 2 3 1 1 2 2 4 3 3 1 2 2 2 1 3 4 3 2 3 2 1 2 3 4 3 1 2 3 4 2 3 3 1 4 3 3 4 1 1 3 1 2 1 1 4 3 3 2 1 4 4 3 2 4 2 1 4 1 1 4 3 2 4 0 0 0 0 0 0 0 0 0 0 0 0 1 3 4 1 1 4 2 1 1 1 3 4 3 1 3 1 2 4 1 2 1 2 3 4 4 4 1 2 1 3 1 1 4 4 2 2 1 1 4 4 3 1 3 2 1 1 4 4 1 1 2 4 1 1 1 1 3 2 2 2 1 1 4 3 3 2 1 3 1 4 1 1 4 1 3 4 2 1 4 1 2 4 3 3 2 2 2 1 3 3 4 1 4 3 2 2 1 3 4 2 1 1 3 3 1 2 3 1 4 3 3 1 1 2 1 4 1 1 2 1 4 3 4 1 1 1 4 2 1 1 1 2 1 4 2 1 2 1 3 3 1 2 4 1 2 4 1 4 4 3 3 4 1 2 3 4 3 1 4 3 3 1 3 3 4 1 4 2 1 2 1 1 1 4 1 1 2 1 1 2 1 2 1 3 1 3 1 2 1 4 4 2 1 3 1 2 2 4 3 3 1 3 3 1 3 3 1 3 1 4 1 4 3 1 3 3 3 1 2 1 1 4 4 3 3 1 3 1 1 3 2 3 1 1 4 4 1 4 1 4 1 1 1 4 1 4 1 1 1 3 4 3 3 4 1 3 1 3 3 3 1 3 4 1 3 3 2 4 1 1 3 1 1 4 2 3 2 1 3 1 1 4 2 2 3 1 3 3 3 2 2 3 1 4 1 3 1 3 3 3 1 1 4 1 1 3 1 1 1 1 2 4 4 2 1 2 3 3 3 1 3 2 1 1 2 1 4 2 2 3 4 2 4 4 3 3
70 0.043478 1 4 3 3 1 1 1 1 2 1 3 1 4 3 3 2 1 3 3 4 3 2 4 3 1 4 4 3 4 3 4 3 3 2 1 3 3 4 1 3 1 2 2 4 1 4 2 3 3 1 1 1 3 3 4 2 3 2 3 4 4 2 4 1 3 4 3 2 3 1 3 3 1 3 2 3 1 1 2 2 4 3 3 1 2 2 2 1 3 4 3 2 3 2 1 2 3 2 1 1 2 3 4 2 3 3 1 4 3 3 4 1 1 3 1 2 1 1 4 3 3 2 1 4 4 3 2 4 2 1 4 1 1 4 3 2 4 0 0 0 0 0 0 0 0 0 0 0 0 1 3 4 1 1 4 2 1 1 1 3 4 3 1 3 1 2 4 1 2 1 2 3 4 4 4 1 2 1 3 1 1 4 4 2 2 1 1 4 4 3 1 3 2 1 1 4 4 1 1 2 4 1 1 1 1 3 2 2 2 1 1 4 3 3 2 3 3 1 4 1 1 4 1 3 4 2 1 4 1 2 4 3 3 2 2 2 1 3 3 4 1 4 3 2 2 1 3 4 2 1 1 3 3 1 2 3 1 4 3 3 1 1 2 1 4 1 1 2 1 4 3 4 1 1 1 4 2 1 1 1 2 1 4 2 1 2 1 3 3 1 2 4 1 2 4 1 4 4 3 3 4 1 2 3 4 3 1 4 3 3 1 3 3 4 1 4 2 1 2 1 1 1 4 1 1 2 1 1 2 1 2 1 3 1 3 1 2 1 4 4 2 1 3 1 2 2 4 3 3 1 3 3 1 3 3 1 3 1 4 1 4 3 1 3 3 3 1 2 1 1 4 4 3 3 1 3 1 1 3 2 3 1 1 4 4 1 4 1 4 1 1 1 4 1 4 1 1 1 3 4 3 3 4 1 3 1 3 3 3 1 3 4 1 3 3 2 4 1 1 3 1 1 4 2 3 2 1 3 1 1 4 2 2 3 1 3 3 3 2 2 3 1 4 1 3 1 3 3 3 1 1 4 1 1 1 1 1 1 1 2 4 4 2 1 2 3 3 3 1 3 2 1 1 2 1 4 2 2 3 4 2 4 4 3 3
70 0.043478 1 4 3 3 1 1 1 1 2 1 3 1 4 3 3 2 1 3 3 4 3 2 4 3 1 4 4 3 4 3 4 3 3 2 1 3 3 4 1 3 1 2 2 4 1 4 2 3 3 1 1 1 3 3 4 2 3 2 3 4 4 2 4 1 3 4 3 2 3 1 3 3 1 3 2 3 1 1 4 2 4 3 3 1 2 2 2 1 3 4 3 2 3 2 1 2 3 4 3 1 2 1 4 2 3 3 1 4 3 3 4 1 1 3 1 2 1 1 4 3 3 2 1 4 4 3 2 4 2 1 4 1 1 4 3 2 4 0 0 0 0 0 0 0 0 0 0 0 0 1 3 4 1 1 4 2 1 1 1 3 4 3 1 3 1 2 4 1 2 1 2 3 4 4 4 1 2 1 3 1 1 4 4 2 2 1 1 4 4 3 1 3 2 1 1 4 4 1 1 2 4 1 1 1 1 3 2 2 2 1 1 4 3 3 2 3 3 1 4 1 1 4 1 3 4 2 1 4 1 2 4 3 3 2 2 2 1 3 3 4 1 4 3 2 2 1 3 4 2 1 1 3 3 1 2 3 1 4 3 3 1 1 2 1 4 1 1 2 1 4 3 4 1 1 1 4 2 1 1 1 2 1 4 2 1 2 1 3 3 1 2 4 1 2 4 1 4 4 3 3 4 1 2 3 4 3 1 4 3 3 1 3 3 4 1 4 2 1 2 1 1 1 4 1 1 2 1 1 2 1 2 1 3 1 3 1 2 1 4 4 2 1 3 1 2 2 4 3 3 1 3 3 1 3 3 1 3 1 4 1 4 3 1 3 3 3 1 2 1 1 4 4 3 3 1 3 1 1 3 2 3 1 1 4 4 1 4 1 4 1 1 1 4 1 4 1 1 1 3 4 3 3 4 1 3 1 3 3 3 1 3 4 1 3 3 2 4 1 1 3 1 1 4 2 3 2 1 3 1 1 4 2 2 3 1 3 3 3 2 2 3 1 4 1 3 1 3 3 3 1 1 4 1 1 3 3 1 1 1 2 4 4 2 1 2 3 3 3 1 3 2 1 1 2 1 4 2 2 3 4 2 4 4 3 3
70 0.086957 1 4 3 3 1 1 1 1 2 1 3 1 4 3 3 2 1 3 3 4 3 2 4 3 1 4 4 3 4 3 4 3 3 2 1 3 3 4 1 3 1 2 2 4 1 4 2 3 3 1 1 1 3 3 4 2 3 2 3 4 4 2 4 1 3 4 3 2 3 1 3 3 1 3 2 3 1 1 2 2 4 3 3 1 2 2 2 1 3 4 3 4 3 2 1 2 3 4 3 3 2 3 4 2 3 3 1 4 3 3 4 1 1 3 1 2 1 1 4 3 3 2 1 4 4 3 2 4 2 1 4 1 1 4 3 2 4 0 0 0 0 0 0 0 0 0 0 0 0 1 3 4 1 1 4 2 1 1 1 3 4 3 1 3 1 2 4 1 2 1 2 3 4 4 4 1 2 1 3 1 1 4 4 2 2 1 1 4 4 3 1 3 2 1 1 4 4 1 1 2 4 1 1 1 1 3 2 2 2 1 1 4 3 3 2 3 3 1 4 1 1 4 1 3 4 2 1 4 1 2 4 3 3 2 2 2 1 3 3 4 1 4 3 2 2 1 3 4 2 1 1 3 3 1 2 3 1 4 3 3 1 1 2 1 4 1 1 2 1 4 3 4 1 1 1 4 2 1 1 1 2 1 4 2 1 2 1 3 3 1 2 4 1 2 4 1 4 4 3 3 4 1 2 3 4 3 1 4 3 3 1 3 3 4 1 4 2 1 2 1 1 1 4 1 1 2 1 1 2 1 2 1 3 1 3 1 2 1 4 4 2 1 3 1 2 2 4 3 3 1 3 3 1 3 3 1 3 1 4 1 4 3 1 3 3 3 1 2 1 1 4 4 3 3 1 3 1 1 3 2 3 1 1 4 4 1 4 1 4 1 1 1 4 1 4 1 1 1 3 4 3 3 4 1 3 1 3 3 3 1 3 4 1 3 3 2 4 1 1 3 1 1 4 2 3 2 1 3 1 1 4 2 2 3 1 3 3 3 2 2 3 1 4 1 3 1 3 3 3 1 1 4 1 1 3 1 1 3 1 2 4 4 2 1 2 3 3 3 1 3 2 1 1 2 1 4 2 2 3 4 2 4 4 3 3
70 0.043478 1 4 3 3 1 1 1 1 2 1 3 1 4 3 3 2 1 3 3 4 3 2 4 3 1 4 4 3 4 3 4 3 3 2 1 3 3 4 1 3 1 2 2 4 1 4 2 3 3 1 1 1 3 3 4 2 3 2 3 4 4 2 4 1 3 4 3 2 3 1 3 3 1 3 2 3 1 1 2 2 4 3 3 1 2 2 2 1 3 4 3 2 3 2 1 2 3 4 1 1 2 3 4 2 3 3 1 4 3 3 4 1 1 3 1 2 1 1 4 3 3 2 1 4 4 3 2 4 2 1 4 1 1 4 3 2 4 0 0 0 0 0 0 0 0 0 0 0 0 1 3 4 1 1 4 2 1 1 1 3 4 3 1 3 1 2 4 1 2 1 2 3 4 4 4 1 2 1 3 1 1 4 4 2 2 1 1 4 4 3 1 3 2 1 1 4 4 1 1 2 4 1 1 1 1 3 2 2 2 1 1 4 3 3 1 3 3 1 4 1 1 4 1 3 4 2 1 4 1 2 4 3 3 2 2 2 1 3 3 4 1 4 3 2 2 1 3 4 2 1 1 3 3 1 2 3 1 4 3 3 1 1 2 1 4 1 1 2 1 4 3 4 1 1 1 4 2 1 1 1 2 1 4 2 1 2 1 3 3 1 2 4 1 2 4 1 4 4 3 3 4 1 2 3 4 3 1 4 3 3 1 3 3 4 1 4 2 1 2 1 1 1 4 1 1 2 1 1 2 1 2 1 3 1 3 1 2 1 4 4 2 1 3 1 2 2 4 3 3 1 3 3 1 3 3 1 3 1 4 1 4 3 1 3 3 3 1 2 1 1 4 4 3 3 1 3 1 1 3 2 3 1 1 4 4 1 4 1 4 1 1 1 4 1 4 1 1 1 3 4 3 3 4 1 3 1 3 3 3 1 3 4 1 3 3 2 4 1 1 3 1 1 4 2 3 2 1 3 1 1 4 2 2 3 1 3 3 3 2 2 3 1 4 1 3 1 3 3 3 1 1 4 1 1 1 1 1 1 1 2 4 4 2 1 2 3 3 3 1 3 2 1 1 2 1 4 2 2 3 4 2 4 4 3 3
70 0.043478 1 4 3 3 1 1 1 1 2 1 3 1 4 3 3 2 1 3 3 4 3 2 4 3 1 4 4 3 4 3 4 3 3 2 1 3 3 4 1 3 1 2 2 4 1 4 2 3 3 1 1 1 3 3 4 2 3 2 3 4 4 2 4 1 3 4 3 2 3 1 3 3 1 3 2 3 1 1 2 2 4 3 3 3 2 2 2 1 3 4 3 2 3 2 1 2 3 4 1 1 2 3 4 2 3 3 1 4 3 3 4 1 1 3 1 2 1 1 4 3 3 2 1 4 4 3 2 4 2 1 4 1 1 4 3 2 4 0 0 0 0 0 0 0 0 0 0 0 0 1 3 4 1 1 4 2 1 1 1 3 4 3 1 3 1 2 4 1 2 1 2 3 4 4 4 1 2 1 3 1 1 4 4 2 2 1 1 4 4 3 1 3 2 1 1 4 4 1 1 2 4 1 1 1 1 3 2 2 2 1 1 4 3 3 2 3 3 1 4 1 1 4 1 3 4 2 1 4 1 2 4 3 3 2 2 2 1 3 3 4 1 4 3 2 2 1 3 4 2 1 1 3 3 1 2 3 1 4 3 3 1 1 2 1 4 1 1 2 1 4 3 4 1 1 1 4 2 1 1 1 2 1 4 2 1 2 1 3 3 1 2 4 1 2 4 1 4 4 3 3 4 1 2 3 4 3 1 4 3 3 1 3 3 4 1 4 2 1 2 1 1 1 4 1 1 2 1 1 2 1 2 1 3 1 3 1 2 1 4 4 2 1 3 1 2 2 4 3 3 1 3 3 1 3 3 1 3 1 4 1 4 3 1 3 3 3 1 2 1 1 4 4 3 3 1 3 1 1 3 2 3 1 1 4 4 1 4 1 4 1 1 1 4 1 4 1 1 1 3 4 3 3 4 1 3 1 3 3 3 1 3 4 1 3 3 2 4 1 1 3 1 1 4 2 3 2 1 3 1 1 4 2 2 3 1 3 3 3 2 2 3 1 4 1 3 1 3 3 3 1 1 4 1 1 1 1 1 1 1 2 4 4 2 1 2 3 3 3 1 3 2 1 1 2 1 4 2 2 3 4 2 4 4 3 3
70 0.043478 1 4 3 3 1 1 1 1 2 1 3 1 4 3 3 2 1 3 3 4 3 2 4 3 1 4 4 3 4 3 4 3 3 2 1 3 3 4 1 3 1 2 2 4 4 4 2 3 3 1 1 1 3 3 4 2 3 2 3 4 4 2 4 1 3 4 3 2 3 1 3 3 1 3 2 3 1 1 2 2 4 3 3 1 2 2 2 1 3 4 3 2 3 2 1 2 3 4 3 3 2 3 4 2 3 3 1 4 3 3 4 1 1 3 1 2 1 1 4 3 3 2 1 4 4 3 2 4 2 1 4 1 1 2 3 2 4 0 0 0 0 0 0 0 0 0 0 0 0 1 3 4 1 1 4 2 1 1 1 3 4 3 1 3 1 2 4 1 2 1 2 3 4 4 4 1 2 1 3 1 1 4 4 2 2 1 1 4 4 3 1 3 2 1 1 4 4 1 1 2 4 1 1 1 1 3 2 2 2 1 1 4 3 3 2 3 3 1 4 1 1 4 1 3 4 2 1 4 1 2 4 3 3 2 2 2 1 3 3 4 1 4 1 2 2 1 3 4 2 1 1 3 3 1 2 3 1 4 3 3 1 1 2 1 4 1 1 2 1 4 3 4 1 1 1 4 2 1 1 1 2 1 4 2 1 2 1 3 3 1 2 4 1 2 4 1 4 4 3 3 4 1 2 3 4 3 1 4 3 3 1 3 3 4 1 4 2 1 2 1 1 1 4 1 1 2 1 1 2 1 2 1 3 1 3 1 2 1 4 4 2 1 3 1 2 2 4 3 3 1 3 3 1 3 3 1 3 1 4 1 4 3 1 3 3 3 1 2 1 1 4 4 3 3 1 3 1 1 3 2 3 1 1 4 4 1 4 1 4 1 1 1 4 1 4 1 1 1 3 4 3 3 4 1 3 1 3 3 3 1 3 4 1 3 3 2 4 1 1 3 1 1 4 2 3 2 1 3 1 1 4 2 2 3 1 3 3 3 2 2 3 1 4 1 3 1 3 3 3 1 1 4 1 1 3 1 1 3 1 2 4 4 2 1 2 3 3 3 1 3 2 1 1 2 1 4 2 2 3 4 2 4 4 3 3
183 0.090909 1 4 3 3 1 1 1 1 2 1 3 1 4 3 3 2 1 3 3 4 3 2 4 3 1 4 4 3 4 3 4 3 3 2 1 3 3 4 1 3 1 2 2 4 1 4 2 3 3 1 1 1 3 1 4 2 3 2 3 4 4 2 4 1 3 4 3 2 3 1 3 3 1 3 2 3 1 1 4 2 4 3 3 1 2 2 2 2 3 4 3 2 3 2 1 2 3 4 3 3 2 3 4 2 3 3 1 4 3 3 4 1 1 3 1 2 1 1 4 3 3 2 1 4 4 3 2 4 2 1 4 1 1 4 3 2 4 0 0 0 0 0 0 0 0 0 0 0 0 1 3 4 1 1 4 2 1 1 1 3 4 3 1 3 1 2 4 1 2 1 2 3 4 4 4 1 2 1 3 1 1 4 4 2 2 1 1 4 4 3 1 3 2 3 1 4 4 1 1 2 4 1 1 1 1 3 2 2 2 1 1 4 3 3 2 3 3 1 4 1 1 4 1 3 4 2 1 4 1 2 4 3 3 2 2 2 1 3 3 3 1 4 3 2 2 1 3 4 2 1 1 3 3 1 2 3 1 4 3 3 1 1 2 1 4 1 1 2 1 4 3 4 1 1 1 4 2 1 1 1 2 1 4 2 1 2 1 3 3 1 2 4 1 2 4 1 4 4 3 3 4 1 2 3 4 3 1 4 3 3 1 3 3 4 1 4 2 1 2 1 1 1 4 1 1 2 1 1 2 1 2 1 3 1 3 1 2 1 4 4 2 1 3 1 2 2 4 3 3 1 3 3 1 3 3 1 3 1 4 1 4 3 1 3 3 3 1 2 1 1 4 4 3 3 1 3 1 1 3 2 3 1 1 4 4 1 4 1 4 1 1 1 4 1 4 1 1 1 3 4 3 3 4 1 3 1 3 3 3 1 3 4 1 3 3 2 2 1 1 3 1 1 4 2 3 2 1 3 1 1 4 2 2 3 1 3 3 3 2 2 3 1 4 1 3 1 3 3 3 1 1 4 1 1 3 1 1 3 1 2 4 4 2 1 2 3 3 3 1 3 2 1 1 2 1 4 2 2 3 4 2 4 4 3 3
183 0.090909 1 4 3 3 1 1 1 1 2 1 3 1 4 3 3 2 1 3 3 4 3 2 4 3 1 4 4 3 4 3 4 3 3 2 1 3 3 4 1 3 1 2 2 4 1 4 2 3 3 1 1 1 3 3 4 2 1 2 3 4 4 2 4 1 3 4 3 2 3 1 3 3 1 3 2 3 1 1 2 2 4 1 3 1 2 2 2 2 3 4 3 2 3 2 1 4 3 4 3 3 2 3 4 2 3 3 1 4 3 3 4 1 1 3 1 2 1 1 4 3 3 2 1 4 4 3 2 4 2 1 4 1 1 4 3 2 4 0 0 0 0 0 0 0 0 0 0 0 0 1 3 4 1 1 4 2 1 1 1 3 4 3 1 3 1 2 4 1 2 1 2 3 4 4 4 1 2 1 3 1 1 4 4 2 2 1 1 4 4 3 1 3 2 1 1 4 4 1 1 2 4 1 1 3 1 3 2 2 2 1 1 4 3 3 2 3 3 1 2 1 1 4 1 3 4 2 1 4 1 2 4 3 3 2 2 2 1 3 3 4 1 4 3 2 2 1 3 4 2 1 1 3 3 1 2 3 1 4 3 3 1 1 2 1 4 1 1 2 1 4 3 4 1 1 1 4 2 1 1 1 2 1 4 2 1 2 1 3 3 1 2 4 1 2 4 1 4 4 3 3 4 1 2 3 4 3 1 4 3 3 1 3 3 4 1 4 2 1 2 1 1 1 4 1 1 2 1 1 2 1 2 1 3 1 3 1 2 1 4 4 2 1 3 1 2 2 4 3 3 1 3 3 1 3 3 1 3 1 4 1 4 3 1 3 3 3 1 2 1 1 4 4 3 3 1 3 1 1 3 2 3 1 1 4 4 1 4 1 4 1 1 1 4 1 4 1 1 1 3 4 3 3 4 1 3 1 3 3 3 1 3 4 1 3 3 2 4 1 1 3 1 1 4 2 3 2 1 3 1 0 4 0 0 0 2 3 3 3 2 2 3 1 4 1 3 1 3 3 3 1 1 4 1 1 3 3 1 1 1 2 4 4 2 1 2 3 3 3 1 3 2 1 1 2 1 4 2 2 3 4 2 4 4 3 3
183 0.090909 1 4 3 3 1 1 1 1 2 1 3 1 4 3 3 2 1 3 3 4 3 2 4 3 1 4 4 3 4 3 4 3 3 2 1 3 3 4 1 3 1 2 2 4 1 4 2 3 3 1 1 1 3 3 4 2 3 2 3 4 4 2 4 1 3 4 3 2 3 1 3 3 1 3 2 3 1 3 2 2 4 3 3 1 2 2 2 2 3 4 3 2 3 4 1 2 3 4 3 3 2 3 4 2 3 3 1 4 3 3 4 1 1 3 1 2 1 1 4 3 3 2 1 4 4 3 2 4 2 1 4 1 1 4 3 2 4 0 0 0 0 0 0 0 0 0 0 0 0 1 3 4 1 1 4 2 1 1 1 3 4 3 1 3 1 2 4 1 2 1 2 3 4 4 4 1 2 1 3 1 1 4 4 2 2 1 1 4 4 3 1 3 2 1 1 4 4 1 1 2 4 1 1 3 1 3 2 2 2 1 1 4 3 3 2 3 3 1 4 1 1 4 1 3 4 2 1 4 1 2 4 3 3 2 2 2 1 3 3 4 1 4 3 2 2 1 3 4 2 1 1 3 3 1 2 3 1 4 3 3 1 1 2 1 4 1 1 2 1 4 3 4 1 1 1 4 2 1 1 1 2 1 4 2 1 2 1 3 3 1 2 4 1 2 4 1 4 4 3 3 4 1 2 3 4 3 1 4 3 3 1 3 3 4 1 4 2 1 2 1 1 1 4 1 1 2 1 1 2 1 2 1 3 1 3 1 2 1 4 4 2 1 3 1 2 2 4 3 3 1 3 3 1 3 3 1 3 1 4 1 4 3 1 3 3 3 1 2 1 1 4 4 3 3 1 3 1 1 3 2 3 1 1 4 4 1 4 1 4 1 1 1 4 1 4 1 1 1 3 4 3 3 4 1 3 1 3 3 3 1 3 4 1 3 3 2 4 1 1 3 1 1 4 2 3 2 1 3 1 1 4 0 0 0 2 3 3 3 2 2 3 1 4 1 3 1 3 3 3 1 1 4 1 1 3 1 1 3 1 2 4 4 2 3 2 3 1 3 1 3 2 1 1 2 1 4 2 2 3 4 2 4 4 3 3
183 0.090909 1 4 3 3 1 1 1 1 2 1 3 1 4 3 3 2 1 3 3 4 3 2 4 3 1 4 4 3 4 3 4 3 3 2 1 3 3 4 1 3 1 2 2 4 1 4 2 3 3 1 1 1 3 3 4 2 3 2 3 4 4 2 4 1 3 4 3 2 3 1 3 3 1 3 2 3 1 3 2 2 4 3 3 1 2 2 2 2 3 4 3 2 3 2 1 2 3 4 3 3 2 3 4 2 3 3 1 4 3 3 4 1 1 3 3 2 1 1 4 3 3 2 1 4 4 3 2 4 2 1 4 1 1 4 3 2 4 0 0 0 0 0 0 0 0 0 0 0 0 1 3 4 1 1 4 2 1 1 1 3 4 3 1 3 1 2 4 1 2 1 2 3 4 4 4 1 2 1 3 1 1 4 4 2 2 1 1 4 4 3 1 3 2 1 1 4 4 1 1 2 4 1 1 3 1 3 2 2 2 1 1 4 3 3 2 3 3 1 4 1 1 4 1 3 4 2 1 4 1 2 4 3 3 2 2 2 1 3 3 4 1 4 3 2 2 1 3 4 2 1 1 3 3 1 2 3 1 4 3 3 1 1 2 1 4 1 1 2 1 4 3 4 1 1 1 4 2 1 1 1 2 1 4 2 1 2 1 3 3 1 2 4 1 2 4 1 4 4 3 3 4 1 2 3 4 3 1 4 3 3 1 3 3 4 1 4 2 1 2 1 1 1 4 1 1 2 1 1 2 1 2 1 3 1 3 1 2 1 4 4 2 1 3 1 2 2 4 3 3 1 3 3 1 3 3 1 3 1 4 1 4 3 1 3 3 3 1 2 1 1 4 4 3 3 1 3 1 1 3 2 3 1 1 4 4 1 4 1 4 1 1 1 4 1 4 1 1 1 3 4 3 3 4 1 3 1 3 3 3 1 3 4 1 3 3 2 4 1 1 3 1 1 4 2 3 2 1 3 1 1 4 0 0 0 2 3 3 3 2 2 3 1 4 1 3 1 3 3 3 1 1 4 1 1 3 3 1 1 1 2 4 4 2 1 2 3 3 3 1 3 2 1 1 2 1 4 2 2 3 4 2 4 4 3 3
183 0.090909 1 4 3 3 1 1 1 1 2 1 3 1 4 3 3 2 1 3 3 4 3 2 4 3 1 4 4 3 4 3 4 3 3 2 1 3 3 4 1 3 1 2 2 4 1 4 2 3 3 1 1 1 3 3 4 2 3 2 3 4 4 2 4 1 3 4 3 2 3 1 3 3 1 3 2 3 1 3 2 2 4 3 3 1 2 2 2 2 3 4 3 2 3 2 1 2 1 4 3 3 2 3 4 2 3 3 1 4 3 3 4 1 1 3 3 2 1 1 4 3 3 2 1 4 4 3 2 4 2 1 4 1 1 4 3 2 4 0 0 0 0 0 0 0 0 0 0 0 0 1 3 4 1 1 4 2 1 1 1 3 4 3 1 3 1 2 4 1 2 1 2 3 4 4 4 1 2 1 3 1 1 4 4 2 2 1 1 4 4 3 1 3 2 1 1 4 4 1 1 2 4 1 1 3 1 3 2 2 2 1 1 4 3 3 2 3 3 1 4 1 1 4 1 3 4 2 1 4 1 2 4 3 3 2 2 2 1 3 3 4 1 4 3 2 2 1 3 4 2 1 1 3 3 1 2 3 1 4 3 3 1 1 2 1 4 1 1 2 1 4 3 4 1 1 1 4 2 1 1 1 2 1 4 2 1 2 1 3 3 1 2 4 1 2 4 1 4 4 3 3 4 1 2 3 4 3 1 4 3 3 1 3 3 4 1 4 2 1 2 1 1 1 4 1 1 2 1 1 2 1 2 1 3 1 3 1 2 1 4 4 2 1 3 1 2 2 4 3 3 1 3 3 1 3 3 1 3 1 4 1 4 3 1 3 3 3 1 2 1 1 4 4 3 3 1 3 1 1 3 2 3 1 1 4 4 1 4 1 4 1 1 1 4 1 4 1 1 1 3 4 3 3 4 1 3 1 3 3 3 1 3 4 1 3 3 2 4 1 1 3 1 1 2 2 3 2 1 3 1 1 4 0 0 0 2 3 3 3 2 2 3 1 4 1 3 1 3 3 3 1 1 4 1 1 3 3 1 1 1 2 4 4 2 1 2 3 3 3 1 3 2 1 1 2 1 4 2 2 3 4 2 4 4 3 0
183 0.090909 1 4 3 3 1 1 1 1 2 1 3 1 4 3 3 2 1 3 3 4 3 2 4 3 1 4 4 3 4 3 4 3 3 2 1 3 3 4 1 3 1 2 2 4 1 4 2 3 3 1 1 1 3 1 4 2 3 2 3 4 4 2 4 1 3 4 3 2 3 1 3 3 1 3 2 3 1 1 4 2 4 3 3 1 2 2 2 2 3 4 3 2 3 2 1 2 3 4 3 3 2 3 4 2 3 1 1 4 3 3 4 1 1 3 1 2 1 1 4 3 3 2 1 4 4 3 2 4 2 1 4 1 1 4 3 2 4 0 0 0 0 0 0 0 0 0 0 0 0 1 3 4 1 1 4 2 1 1 1 3 4 3 1 3 1 2 4 1 2 1 2 3 4 4 4 1 2 1 3 1 1 4 4 2 2 1 1 4 4 3 1 3 2 3 1 4 4 1 1 2 4 1 1 1 1 3 2 2 2 1 1 4 3 3 2 3 3 1 4 1 1 4 1 3 4 2 1 4 1 2 4 3 3 2 2 2 1 3 3 3 1 4 3 2 2 1 3 4 2 1 1 3 3 1 2 3 1 4 3 3 1 1 2 1 4 1 1 2 1 4 3 4 1 1 1 4 2 1 1 1 2 1 4 2 1 2 1 3 3 1 2 4 1 2 4 1 4 4 3 3 4 1 2 3 4 3 1 4 3 3 1 3 3 4 1 4 2 1 2 1 1 1 4 1 1 2 1 1 2 1 2 1 3 1 3 1 2 1 4 4 2 1 3 1 2 2 4 3 3 1 3 3 1 3 3 1 3 1 4 1 4 3 1 3 3 3 1 2 1 1 4 4 3 3 1 3 1 1 3 2 3 1 1 4 4 1 4 1 4 1 1 1 4 1 4 1 1 1 3 4 3 3 4 1 3 1 3 3 3 1 3 2 1 3 3 2 4 1 1 3 1 1 4 2 3 2 1 3 1 1 4 2 2 3 1 3 3 3 2 2 3 1 4 1 3 1 3 3 3 1 1 4 1 1 3 1 1 3 1 2 4 4 2 1 2 3 3 3 1 3 2 1 1 2 1 4 2 2 3 4 2 4 4 3 3
183 0.090909 1 4 3 3 1 1 1 1 2 1 3 1 4 3 3 2 1 3 3 4 3 2 4 3 1 4 4 3 4 3 4 3 3 2 1 3 3 4 1 3 1 2 2 4 1 4 2 3 3 1 1 1 3 1 4 2 3 2 3 4 4 2 4 1 3 4 3 2 3 1 3 3 1 3 2 3 1 1 4 2 4 3 3 1 2 2 2 2 3 4 3 2 3 2 1 2 3 4 3 3 2 3 4 2 3 3 1 4 3 3 4 1 1 3 1 2 1 1 4 3 3 2 1 4 4 3 2 4 2 1 4 1 1 4 3 2 4 0 0 0 0 0 0 0 0 0 0 0 0 1 3 4 1 1 4 2 1 1 1 3 4 3 1 3 1 2 4 1 2 1 2 3 4 4 4 1 2 1 3 1 1 4 4 2 2 1 1 4 4 3 1 3 2 3 1 4 4 1 3 2 4 1 1 1 1 3 2 2 2 1 1 4 3 3 2 3 3 1 4 1 1 4 1 3 4 2 1 4 1 2 4 3 3 2 2 2 1 3 3 3 1 4 3 2 2 1 3 4 2 1 1 3 3 1 2 3 1 2 3 3 1 1 2 1 4 1 1 2 1 4 3 4 1 1 1 4 2 1 1 1 2 1 4 2 1 2 1 3 3 1 2 4 1 2 4 1 4 4 3 3 4 1 2 3 4 3 1 4 3 3 1 3 3 4 1 4 2 1 2 1 1 1 4 1 1 2 1 1 2 1 2 1 3 1 3 1 2 1 4 4 2 1 3 1 2 2 4 3 3 1 3 3 1 3 3 1 3 1 4 1 4 3 1 3 3 3 1 2 1 1 4 4 3 3 1 3 1 1 3 2 3 1 1 4 4 1 4 1 4 1 1 1 4 1 4 1 1 1 3 4 3 3 4 1 3 1 3 3 3 1 3 4 1 3 3 2 4 1 1 3 1 1 4 2 3 2 1 3 1 1 4 2 2 3 1 3 3 3 2 2 3 1 4 1 3 1 3 3 3 1 1 4 1 1 3 1 1 3 1 2 4 4 2 1 2 3 3 3 1 3 2 1 1 2 1 4 2 2 3 4 2 4 4 3 3
183 0.090909 1 4 3 3 1 1 1 1 2 1 3 1 4 3 3 2 1 3 3 4 3 2 4 3 1 4 4 3 4 3 4 3 3 2 1 3 3 4 1 3 1 2 2 4 1 4 2 3 3 1 1 1 3 3 4 2 3 2 3 4 4 2 4 1 3 4 3 2 3 1 3 3 1 3 2 3 1 1 2 2 4 1 3 1 2 2 2 2 3 4 3 2 3 2 1 2 3 4 3 3 2 3 4 2 3 3 1 4 3 3 4 1 1 3 1 2 1 1 4 3 3 2 1 4 4 3 2 4 2 1 4 1 1 4 3 2 4 0 0 0 0 0 0 0 0 0 0 0 0 1 3 4 1 1 4 2 1 1 1 3 4 3 1 3 1 2 4 1 2 1 2 3 4 4 4 1 2 1 3 1 1 3 4 2 2 1 1 4 4 3 1 3 2 1 1 4 4 1 1 2 4 1 1 1 3 3 2 2 2 1 1 4 3 3 2 3 3 1 4 1 1 4 1 3 4 2 1 4 1 2 4 3 3 2 2 2 1 3 3 4 1 4 3 2 2 1 3 4 2 1 1 3 3 1 2 3 1 4 3 3 1 1 2 1 4 1 1 2 1 4 3 4 1 1 1 4 2 1 1 1 2 1 4 2 1 2 1 3 3 1 2 4 1 2 4 1 4 4 3 3 4 1 2 3 4 3 1 4 3 3 1 3 3 4 1 4 2 1 2 1 1 1 4 1 1 2 1 1 2 1 2 1 3 1 3 1 2 1 4 4 2 1 3 1 2 2 4 3 3 1 3 3 1 3 3 1 3 1 4 1 4 3 1 3 3 3 1 2 1 1 4 4 3 3 1 3 1 1 3 2 3 1 1 4 4 1 4 1 4 1 1 1 4 1 4 1 1 1 3 4 3 3 4 1 3 1 3 3 3 1 3 4 1 3 3 2 4 1 3 3 1 1 4 2 3 2 1 3 1 1 4 2 2 3 1 3 3 3 2 2 3 1 4 1 3 1 3 3 3 1 1 4 1 1 3 1 1 3 1 2 4 4 2 1 2 3 3 3 1 3 2 1 1 2 1 4 2 2 3 4 2 4 4 3 3
183 0.090909 1 4 3 3 1 1 1 1 2 1 3 1 4 3 3 2 1 3 3 4 3 2 4 3 1 4 4 3 4 3 4 3 3 2 1 3 3 4 1 3 1 2 2 4 1 4 2 3 3 1 1 1 3 3 4 2 3 2 3 4 4 2 4 1 3 4 3 2 3 1 3 3 1 3 2 3 1 3 2 2 4 3 3 1 2 2 2 2 3 4 3 2 3 2 1 2 3 4 3 3 2 3 4 2 3 3 1 4 3 3 4 1 1 3 1 2 1 1 4 3 3 2 1 4 4 3 2 4 2 1 4 1 1 4 3 2 4 0 0 0 0 0 0 0 0 0 0 0 0 1 3 4 1 1 4 2 1 1 1 3 4 3 1 3 1 2 4 1 2 1 2 3 4 4 4 1 2 1 3 1 1 4 4 2 2 1 1 4 4 3 1 3 2 1 1 4 4 1 1 2 4 1 1 3 1 3 2 2 2 1 1 4 3 3 2 3 3 1 4 1 1 4 1 3 4 2 1 4 1 2 4 3 3 2 2 2 1 3 3 4 1 4 3 2 2 1 3 4 2 1 1 3 3 1 2 3 1 4 3 3 1 1 2 1 4 1 1 2 1 4 3 4 1 1 1 4 2 1 1 1 2 1 4 2 1 2 1 3 3 1 2 4 1 2 4 1 4 4 3 3 4 1 2 3 4 3 1 4 3 3 1 3 3 4 1 4 2 1 2 1 1 1 4 1 1 2 1 1 2 1 2 1 3 1 3 1 2 1 4 4 2 1 3 1 2 2 4 3 3 1 3 3 1 3 3 1 3 1 4 1 4 3 1 3 3 3 1 2 1 1 4 4 3 3 1 3 1 1 3 2 3 1 1 4 4 1 4 1 4 1 1 1 4 1 4 1 1 1 3 4 3 3 4 1 3 1 3 3 3 1 3 4 1 3 3 2 4 1 1 3 1 1 4 2 3 2 1 3 1 1 4 2 2 3 1 3 3 3 2 2 3 1 4 1 3 1 3 3 3 1 1 4 1 1 3 1 1 3 1 2 4 4 2 1 2 3 3 3 1 3 2 1 1 2 1 4 2 2 3 4 2 4 4 3 3
183 0.090909 1 4 3 3 1 1 1 1 2 1 3 1 4 3 3 2 1 3 3 4 3 2 4 3 1 4 4 3 4 3 4 3 3 2 1 3 3 4 1 3 1 2 2 4 1 4 2 3 3 1 1 1 3 3 4 2 3 2 3 4 4 2 4 1 3 4 3 2 3 1 3 3 1 3 2 3 1 3 2 2 4 3 3 1 2 2 2 2 3 4 3 2 3 2 1 2 3 4 3 3 2 3 4 2 3 3 1 4 3 3 4 1 1 3 1 2 1 1 4 3 3 2 1 4 4 3 2 4 2 1 4 1 1 4 3 2 4 0 0 0 0 0 0 0 0 0 0 0 0 1 3 4 1 1 4 2 1 1 1 3 4 3 1 3 1 2 4 1 2 1 2 3 4 4 4 1 2 1 3 1 1 4 4 2 2 1 1 4 4 3 1 3 2 1 1 4 4 1 1 2 4 1 1 3 1 3 2 2 2 1 1 4 3 3 2 3 3 1 4 1 1 4 1 3 4 2 1 4 1 2 4 3 3 2 2 2 1 3 3 4 1 4 3 2 2 1 3 4 2 1 1 3 3 1 2 3 1 4 3 3 1 1 2 1 4 1 1 2 1 4 3 4 1 1 1 4 2 1 1 1 2 1 4 2 1 2 1 3 3 1 2 4 1 2 4 1 4 4 3 3 4 1 2 3 4 3 1 4 3 3 1 3 3 4 1 4 2 1 2 1 1 1 4 1 1 2 1 1 2 1 2 1 3 1 3 1 2 1 4 4 2 1 3 1 2 2 4 3 3 1 3 3 1 3 3 1 3 1 4 1 4 3 1 3 3 3 1 2 1 1 4 4 3 3 1 3 1 1 3 2 3 1 1 4 4 1 4 1 4 1 1 1 4 1 4 1 1 1 3 4 3 3 4 1 3 1 3 3 3 1 3 4 1 3 3 2 4 1 1 3 1 1 4 2 3 2 1 3 1 1 4 2 2 3 1 3 3 3 2 2 3 1 4 1 3 1 3 3 3 1 1 4 1 1 3 1 1 3 1 2 4 4 2 3 2 3 3 3 1 3 2 1 1 2 1 4 2 2 3 4 2 4 4 3 3
183 0.090909 1 4 3 3 1 1 1 1 2 1 3 1 4 3 3 2 1 3 3 4 3 2 4 3 1 4 4 3 4 3 4 3 3 2 1 3 3 4 1 3 1 2 2 4 1 4 2 3 3 1 1 1 3 3 4 2 3 2 3 4 4 2 4 1 3 4 3 2 3 1 3 3 1 3 4 3 1 3 2 2 4 3 3 1 2 2 2 2 3 4 3 2 3 2 1 2 3 4 3 3 2 3 4 2 3 3 1 4 3 3 4 1 1 3 1 2 1 1 4 3 3 2 1 4 4 3 2 4 2 1 4 1 1 4 3 2 4 0 0 0 0 0 0 0 0 0 0 0 0 1 3 4 1 1 4 2 1 1 1 3 4 3 1 3 1 2 4 1 2 1 2 3 4 4 4 1 2 1 3 1 1 4 4 2 2 1 1 4 4 3 1 3 2 1 1 4 4 1 1 2 4 1 1 3 1 3 2 2 2 1 1 4 3 3 2 3 3 1 4 1 1 4 1 3 4 2 1 4 1 2 4 3 3 2 2 2 1 3 3 4 1 4 3 2 2 1 3 4 2 1 1 3 3 1 2 3 1 4 3 3 1 1 2 1 4 1 1 2 1 4 3 4 1 1 1 4 2 1 1 1 2 1 4 2 1 2 1 3 3 1 2 4 1 2 4 1 4 4 3 3 4 1 2 3 4 3 1 4 3 3 1 3 3 4 1 4 2 1 2 1 1 1 4 1 1 2 1 1 2 1 2 1 3 1 3 1 2 1 4 4 2 1 3 1 2 2 4 3 3 1 3 3 1 3 3 1 3 1 4 1 4 3 1 3 3 3 1 2 1 1 4 4 3 3 1 3 1 1 3 2 3 1 1 4 4 1 4 1 4 1 1 1 4 1 4 1 1 1 3 4 3 3 4 1 3 1 3 3 3 1 3 4 1 3 3 2 4 1 1 3 1 1 4 2 3 2 1 3 1 1 4 2 2 3 1 3 3 3 2 2 3 1 4 1 3 1 3 3 3 1 1 4 1 1 3 1 1 3 1 2 4 4 2 1 2 3 3 3 1 3 2 1 1 2 1 4 2 2 3 4 2 4 4 3 3
434 0.050000 1 4 3 3 1 1 1 1 2 1 3 1 4 3 3 2 1 3 3 4 3 2 4 3 1 4 4 3 4 3 4 3 3 2 1 3 3 4 1 3 1 2 2 4 1 4 2 3 3 1 1 1 3 3 4 2 3 2 3 4 4 2 4 1 3 4 3 2 3 1 3 3 1 3 2 3 1 1 2 2 4 3 3 1 2 2 2 2 3 4 4 4 3 2 1 2 3 4 3 3 2 3 4 2 2 3 1 4 3 3 3 1 1 3 1 2 1 1 4 3 3 2 2 1 1 0 0 0 0 0 0 0 0 0 0 0 0 0 0 0 0 0 0 0 0 0 0 0 0 0 0 0 0 0 0 0 0 0 1 3 4 3 1 3 1 2 4 1 2 1 2 3 4 4 4 1 2 1 3 1 1 4 1 2 2 1 1 4 4 3 1 3 2 1 1 2 4 1 1 2 4 3 1 1 1 3 2 2 2 3 1 4 3 3 2 3 3 1 4 1 1 4 1 3 4 2 1 4 1 2 0 0 0 0 0 0 4 3 3 2 2 2 1 1 4 1 2 2 1 3 2 1 1 3 3 4 2 4 3 3 1 1 2 1 4 1 1 2 1 4 3 4 1 1 1 4 2 1 1 1 2 1 4 2 1 2 1 3 3 1 2 4 1 2 4 1 4 4 3 3 4 1 2 3 4 3 1 4 3 3 1 3 3 4 1 1 2 1 2 1 1 1 4 3 1 2 1 1 2 1 2 1 3 1 3 1 4 1 4 4 2 1 3 1 2 2 4 3 3 1 3 3 1 3 3 1 3 1 4 1 4 3 1 3 3 3 1 2 1 1 4 4 3 3 1 3 1 1 3 2 3 1 1 4 4 1 4 1 4 1 1 1 4 1 4 1 1 1 3 4 3 3 4 1 3 1 3 3 3 1 3 4 1 3 3 2 4 1 1 3 1 1 4 2 3 2 1 3 3 1 4 0 0 0 2 3 3 1 2 2 3 1 4 1 3 1 3 3 3 1 1 2 1 1 3 1 2 1 1 2 4 4 2 3 2 3 3 3 1 3 2 1 3 2 1 2 2 2 3 4 2 4 4 3 3
434 0.050000 1 4 3 3 1 1 1 1 2 1 3 1 4 3 3 2 1 3 3 4 3 2 4 3 1 4 4 3 4 3 4 3 3 2 1 3 3 4 1 3 1 2 2 4 1 4 2 3 3 1 1 1 3 3 2 4 3 2 3 4 4 2 4 1 3 4 3 2 3 1 3 3 1 3 2 3 1 1 2 2 4 3 3 1 2 2 2 2 3 4 4 4 3 2 1 2 3 4 3 3 2 1 4 2 3 3 1 4 3 3 4 1 1 1 1 2 1 1 4 3 3 2 2 1 1 0 0 0 0 0 0 0 0 0 0 0 0 0 0 0 0 0 0 0 0 0 0 0 0 0 0 0 0 0 0 0 0 0 1 3 4 3 1 3 1 2 4 1 2 1 2 3 4 4 4 1 2 1 3 1 1 4 4 2 2 1 1 4 4 3 1 3 2 1 1 4 4 1 1 2 4 1 1 3 1 3 2 2 2 3 1 4 3 3 2 3 3 1 4 1 1 4 1 3 4 2 1 4 1 2 0 0 0 0 0 0 4 3 3 2 2 2 3 1 4 3 2 2 1 3 2 1 1 3 3 4 2 4 3 3 1 1 2 1 4 1 1 2 1 4 3 4 1 1 1 4 2 1 1 1 2 1 4 2 1 2 1 3 3 1 2 4 1 2 4 1 4 4 3 3 4 1 2 3 4 3 1 4 3 3 1 3 3 4 1 4 2 1 2 1 1 1 4 1 1 2 1 3 2 1 4 1 3 1 3 1 4 1 4 4 2 1 3 1 2 2 4 3 3 1 3 3 1 3 3 1 3 1 4 1 4 3 1 3 3 3 1 2 1 1 4 4 3 3 1 3 1 1 3 2 3 1 1 4 4 1 4 1 4 1 1 1 4 1 4 1 1 1 3 4 3 3 4 1 3 1 3 1 3 3 3 4 1 3 3 2 4 1 1 3 1 1 4 2 3 2 3 3 3 1 4 0 0 0 2 3 1 1 2 2 1 1 4 1 3 1 3 3 3 1 1 2 1 1 3 1 2 1 1 2 4 4 2 3 2 3 3 3 1 3 2 1 3 2 1 2 2 2 3 4 2 4 3 3 3
434 0.050000 0 0 0 0 0 0 0 0 0 0 0 0 0 0 0 0 0 0 0 0 0 0 0 0 0 0 0 0 0 0 0 0 0 0 0 0 0 0 0 0 0 0 4 4 1 4 2 3 3 1 1 1 3 1 4 2 3 2 3 4 4 2 4 1 3 4 3 2 3 1 3 3 1 3 2 3 1 1 2 2 4 3 3 1 2 2 1 2 3 4 4 2 3 2 1 2 3 4 3 3 2 3 4 2 3 3 1 4 3 3 4 1 1 3 1 2 1 1 4 3 3 2 1 4 4 3 2 4 2 3 4 3 1 4 3 2 4 0 0 0 0 0 0 0 0 0 0 0 0 1 3 4 1 1 4 2 1 1 1 3 4 0 0 0 0 0 0 3 3 2 4 1 1 1 2 1 3 2 4 4 4 4 1 2 2 1 1 4 4 3 1 3 2 1 1 4 4 1 1 2 2 1 1 3 1 3 2 1 4 1 1 4 3 3 2 3 3 1 4 1 1 4 1 3 4 2 1 4 1 2 4 3 3 2 2 2 3 3 3 4 1 4 3 1 2 1 3 4 2 1 1 3 3 1 2 3 1 4 3 3 1 1 2 1 4 1 1 2 1 4 3 4 1 1 1 4 2 1 1 1 2 1 4 2 1 2 1 3 3 1 2 4 1 2 4 1 4 4 3 3 4 1 2 3 4 3 1 4 3 3 1 3 1 4 1 1 2 1 2 1 1 3 4 1 1 2 1 1 2 1 2 1 3 1 3 1 2 1 4 4 2 1 3 1 2 2 4 3 3 1 3 3 1 3 3 1 3 1 4 1 4 3 1 3 3 3 1 2 1 1 4 4 3 3 1 3 1 1 3 2 3 1 1 4 4 1 4 1 4 1 1 1 4 1 4 1 1 1 3 4 3 3 4 1 3 1 3 3 3 1 3 4 3 3 3 2 4 1 1 3 1 1 4 2 3 2 1 3 3 1 4 0 0 0 2 3 3 3 1 2 3 1 4 1 3 1 3 3 3 1 1 4 1 1 3 1 1 1 2 2 4 4 2 3 2 3 3 3 3 3 2 1 1 2 1 2 2 2 3 4 2 4 4 3 3
434 0.050000 1 4 3 3 1 1 1 1 2 1 3 1 4 3 3 2 1 3 3 4 3 2 4 3 1 4 4 3 4 3 4 3 3 2 1 3 3 4 1 3 1 2 2 4 1 4 2 3 3 1 1 1 3 3 4 2 3 2 3 4 4 2 2 1 3 4 3 2 3 1 3 1 1 3 2 3 1 1 2 2 4 3 3 1 2 2 2 2 3 4 4 4 3 2 1 2 3 4 3 3 2 3 4 2 3 3 1 4 3 3 4 1 1 3 1 2 1 1 4 3 3 2 2 1 1 0 0 0 0 0 0 0 0 0 0 0 0 0 0 0 0 0 0 0 0 0 0 0 0 0 0 0 0 0 0 0 0 0 1 3 4 3 1 3 1 2 4 1 2 1 2 3 4 4 4 3 2 1 3 1 1 4 4 2 2 1 1 4 4 3 1 3 2 1 1 2 4 1 1 2 4 1 1 3 1 3 2 2 2 3 1 4 3 1 2 3 3 1 4 1 1 4 1 3 4 2 1 4 1 2 0 0 0 0 0 0 4 3 3 2 2 2 3 1 4 3 2 2 1 3 2 1 1 3 3 4 2 4 1 3 1 1 2 1 4 1 1 2 1 4 3 4 1 1 1 4 2 1 1 1 2 1 4 2 1 2 1 3 3 1 2 4 1 2 4 1 4 4 3 3 4 1 2 3 4 3 1 4 3 3 1 3 3 4 1 4 2 1 2 1 1 1 4 3 1 2 1 3 2 1 2 1 3 1 3 1 4 1 4 4 2 1 3 1 2 2 4 3 3 1 3 3 1 3 3 1 3 1 4 1 4 3 1 3 3 3 1 2 1 1 4 4 3 3 1 3 1 1 3 2 3 1 1 4 4 1 4 1 4 1 1 1 4 1 4 1 1 1 3 4 3 3 4 1 3 1 1 3 3 1 3 4 1 1 3 2 4 1 1 3 1 1 4 2 3 2 1 3 3 1 3 0 0 0 2 3 3 1 2 2 3 1 4 1 3 1 3 3 3 1 1 4 1 1 3 1 2 1 1 2 4 4 2 3 2 1 3 3 3 3 2 1 1 2 1 2 2 2 3 4 2 4 3 3 3
434 0.050000 1 4 3 3 1 1 1 1 2 1 3 1 4 3 3 2 1 3 3 4 3 2 4 3 1 4 4 3 4 3 4 3 3 2 1 3 3 4 1 3 1 2 2 4 1 4 2 3 3 1 1 1 1 3 4 2 3 4 3 4 4 2 4 1 3 4 3 2 3 1 3 3 1 3 2 3 1 1 2 2 4 3 3 1 2 2 2 2 3 4 4 4 3 2 1 2 3 4 3 3 2 3 4 2 3 3 1 4 3 3 4 1 1 3 1 2 1 1 4 3 3 2 2 1 1 0 0 0 0 0 0 0 0 0 0 0 0 0 0 0 0 0 0 0 0 0 0 0 0 0 0 0 0 0 0 0 0 0 1 3 4 3 1 3 1 2 4 1 2 1 2 3 4 4 4 1 2 1 3 1 1 4 1 2 2 1 1 4 4 3 1 3 2 1 1 2 4 1 1 2 4 1 1 3 1 3 4 2 2 3 1 4 3 3 2 3 3 1 4 1 1 4 3 3 4 2 1 4 1 2 4 3 3 0 0 0 2 2 2 1 3 3 3 1 4 3 2 2 1 3 2 1 1 3 3 4 2 4 3 3 1 1 2 1 4 1 2 0 1 4 3 4 1 1 1 4 2 1 1 1 2 1 4 2 1 2 1 3 3 1 2 4 1 2 4 1 4 4 3 3 4 1 2 3 4 3 1 4 3 3 1 3 3 4 1 4 2 1 2 1 1 1 4 1 1 2 1 3 2 1 4 1 3 1 3 1 2 1 4 4 2 1 3 1 2 2 4 3 3 1 3 3 1 3 3 1 3 1 4 1 4 3 1 3 3 3 1 2 1 1 4 4 3 3 1 3 1 1 3 2 3 1 1 4 4 1 4 1 4 1 1 1 4 1 4 1 1 1 3 4 3 3 4 1 3 1 3 3 3 1 3 4 1 3 1 2 4 1 1 3 1 1 4 2 3 2 1 3 3 1 4 0 0 0 2 3 3 1 2 2 3 1 4 1 3 1 3 3 3 1 1 4 1 1 3 1 2 1 1 2 4 4 2 3 2 3 3 3 1 3 2 1 3 2 1 2 2 2 3 4 2 4 4 3 3
434 0.050000 1 4 3 3 1 1 1 1 2 1 3 1 4 3 3 2 1 3 3 4 3 2 4 3 1 4 4 3 4 3 4 3 3 2 1 3 3 4 1 3 1 2 2 4 1 4 4 1 3 1 1 1 3 3 4 2 3 2 3 4 4 2 4 1 3 4 3 2 3 1 3 3 1 3 2 3 1 1 2 2 4 3 3 1 2 2 2 2 3 4 4 4 3 2 1 2 3 4 3 3 2 3 4 2 3 3 1 4 1 3 4 1 1 3 1 2 1 1 2 3 3 2 2 1 1 0 0 0 0 0 0 0 0 0 0 0 0 0 0 0 0 0 0 0 0 0 0 0 0 0 0 0 0 0 0 0 0 0 1 3 4 3 1 3 1 2 4 1 2 1 2 3 4 4 4 1 2 1 3 1 1 4 1 2 2 1 1 4 4 3 1 3 2 1 1 4 4 1 1 2 4 1 1 3 1 3 2 2 2 3 1 4 3 3 2 3 3 1 4 1 1 4 3 3 4 2 1 4 1 2 4 3 3 0 0 0 2 2 2 1 3 3 3 1 4 3 2 2 1 3 2 1 1 3 3 4 2 4 3 3 1 1 2 1 4 1 1 2 1 4 3 4 1 1 1 4 2 1 3 1 2 1 4 2 1 2 1 3 3 1 2 4 1 2 4 1 4 4 3 3 4 1 2 3 4 3 1 4 3 3 1 3 3 4 1 4 2 1 2 1 1 1 4 1 1 2 1 3 2 1 4 1 3 1 3 1 2 1 4 4 2 1 3 1 2 2 4 3 3 1 3 3 1 3 3 1 3 1 4 1 4 3 1 3 3 3 1 2 1 1 4 4 3 3 1 3 1 1 3 2 3 1 1 4 4 1 4 1 4 1 1 1 4 1 4 1 1 1 3 4 3 3 4 1 3 1 3 3 3 1 3 4 1 3 3 2 4 1 1 3 1 1 4 2 3 2 1 3 3 1 4 0 0 0 2 3 3 1 2 2 3 1 4 3 3 1 3 3 3 1 1 2 1 1 3 1 2 1 1 2 4 4 2 3 2 3 3 3 1 3 2 1 3 2 1 2 2 2 3 4 2 4 3 3 3
434 0.050000 1 4 3 3 1 1 1 1 2 1 3 1 4 3 3 2 1 3 3 4 3 2 4 3 1 4 4 3 4 3 4 3 3 2 1 3 3 4 1 3 1 2 2 4 1 4 2 3 3 1 1 1 3 3 4 2 1 2 3 4 4 2 4 1 3 4 3 2 3 1 3 3 1 3 2 3 1 1 2 2 3 3 3 1 2 2 2 2 3 4 4 4 3 2 1 2 3 4 3 3 2 3 4 2 3 3 1 4 3 3 4 1 2 3 1 4 1 1 4 3 3 2 2 1 1 0 0 0 0 0 0 0 0 0 0 0 0 0 0 0 0 0 0 0 0 0 0 0 0 0 0 0 0 0 0 0 0 0 1 3 4 3 1 3 1 2 4 1 2 1 2 3 4 4 4 1 2 1 3 1 1 4 4 2 2 1 1 4 4 3 1 3 4 1 1 4 4 1 1 2 4 1 1 3 1 1 2 2 2 3 1 4 1 3 2 3 3 1 4 1 1 4 1 3 4 2 1 4 1 2 4 3 3 0 0 0 2 2 2 1 3 3 3 1 4 3 2 2 1 3 2 1 1 3 3 4 2 4 3 3 1 1 2 1 4 1 1 2 1 4 3 4 1 1 1 4 2 1 1 1 2 1 4 2 1 2 1 3 3 1 2 4 1 2 4 1 4 4 3 3 4 1 2 3 4 3 1 4 3 3 1 3 3 4 1 4 2 1 2 1 1 1 4 1 1 2 1 3 2 1 4 1 3 1 3 1 2 1 4 4 2 1 3 1 2 2 4 3 3 1 3 3 1 3 3 1 3 1 4 1 4 3 1 3 3 3 1 2 1 1 4 4 3 3 1 3 1 1 3 2 3 1 1 4 4 1 4 1 4 1 1 1 4 1 4 1 1 1 3 4 3 3 4 1 3 1 3 3 3 1 3 2 1 3 3 2 4 1 1 3 1 1 4 4 3 2 1 1 1 1 4 0 0 0 2 3 1 1 2 2 3 1 4 1 3 1 3 3 3 1 1 2 1 1 3 1 2 1 1 2 4 4 2 3 2 3 3 3 1 1 2 1 1 4 4 4 1 2 3 4 4 4 4 3 3
434 0.050000 1 4 3 3 1 1 1 1 2 1 3 1 4 3 3 2 1 3 3 4 3 2 4 3 1 4 4 3 4 3 4 3 3 2 1 3 3 4 1 3 1 2 2 4 1 4 2 3 3 1 1 1 3 3 4 2 3 2 3 4 4 2 4 1 3 4 3 2 3 1 3 3 1 3 2 3 3 1 2 2 4 3 3 1 2 2 2 2 3 4 4 4 3 2 1 2 3 4 3 3 2 3 4 2 3 3 1 4 3 3 4 1 2 3 1 2 1 1 4 3 3 2 2 1 1 0 0 0 0 0 0 0 0 0 0 0 0 0 0 0 0 0 0 0 0 0 0 0 0 0 0 0 0 0 0 0 0 0 1 3 4 3 1 3 1 2 4 1 2 1 2 3 4 4 4 1 2 1 3 1 1 4 4 2 2 1 1 4 4 3 1 3 2 1 1 4 4 3 1 2 4 1 1 3 1 3 2 2 2 3 1 4 3 3 2 3 3 1 4 1 1 4 1 3 4 2 1 4 1 2 4 3 3 0 0 0 2 2 2 1 3 3 3 1 4 3 2 2 1 3 2 1 1 3 3 4 2 4 3 3 1 1 2 1 4 1 1 2 1 4 3 4 1 1 1 4 2 1 1 1 2 1 4 2 1 2 1 3 3 1 2 4 1 2 4 1 4 4 3 3 4 1 2 3 4 3 1 4 3 3 1 3 3 4 1 4 2 1 2 1 1 1 4 1 1 2 1 3 2 1 4 1 3 1 3 1 2 1 4 4 2 1 3 1 2 2 4 3 3 1 3 3 1 3 3 1 3 1 4 1 4 3 1 3 3 3 1 2 1 1 4 4 3 3 1 3 1 1 3 2 3 1 1 4 4 1 4 1 4 1 1 1 4 1 4 1 1 1 3 4 3 3 4 1 3 1 3 3 3 1 3 4 1 3 3 2 4 1 1 3 1 1 4 2 3 2 1 3 3 1 4 0 0 0 2 3 3 1 2 2 3 1 4 1 3 1 3 3 3 1 1 4 1 1 3 1 2 1 1 4 4 4 2 3 2 3 3 3 1 3 2 1 3 2 1 2 2 2 3 4 2 4 3 3 3
434 0.050000 1 4 3 3 1 1 1 1 2 1 3 1 4 3 3 2 1 3 3 4 3 2 4 3 1 4 4 3 4 3 4 3 3 2 1 3 3 4 1 3 1 2 2 4 1 4 2 3 1 1 1 1 3 3 4 2 3 2 3 4 4 2 4 1 3 4 3 2 3 1 3 3 1 3 2 3 1 1 2 2 4 3 3 1 2 2 2 2 3 4 4 4 3 2 1 2 3 4 3 3 2 3 4 2 3 3 1 4 3 3 4 1 1 3 1 2 1 1 4 3 3 2 2 1 1 0 0 0 0 0 0 0 0 0 0 0 0 0 0 0 0 0 0 0 0 0 0 0 0 0 0 0 0 0 0 0 0 0 1 3 4 3 1 3 1 2 4 1 2 1 2 3 4 4 4 1 2 1 3 1 1 4 4 2 2 1 1 4 4 3 1 3 2 1 1 4 4 1 1 2 4 1 1 3 1 3 2 2 2 3 1 4 3 3 2 3 3 1 4 1 1 4 3 3 4 2 1 4 1 2 4 3 3 0 0 0 2 2 2 1 3 3 3 1 4 3 2 2 1 3 2 1 1 3 3 4 2 4 3 3 1 1 2 1 4 1 1 2 1 4 3 4 1 1 1 4 2 1 1 1 2 1 4 2 1 2 1 3 3 1 2 4 1 2 4 1 4 4 3 3 4 1 2 3 4 3 1 4 3 3 1 3 3 4 1 4 2 1 2 1 1 1 4 1 1 2 1 3 2 1 4 1 3 1 3 1 2 1 4 4 2 1 3 1 2 2 4 3 3 1 3 3 1 3 3 1 3 1 4 1 4 3 1 3 3 3 1 2 1 1 4 4 3 3 1 3 1 1 3 2 3 1 1 4 4 1 4 1 4 1 1 1 4 1 4 1 1 1 3 4 3 3 4 1 3 1 3 3 3 1 3 4 1 3 3 2 4 1 1 3 1 1 4 2 3 2 1 3 3 1 4 0 0 0 2 3 1 1 2 2 3 1 4 1 3 1 3 3 3 1 1 2 1 1 3 1 2 1 1 2 4 2 2 3 2 3 3 3 1 3 2 1 3 2 1 2 2 4 3 4 2 4 4 3 3
434 0.050000 1 4 3 3 1 1 1 1 2 1 3 1 4 3 3 2 1 3 3 4 3 2 4 3 1 4 4 3 4 3 4 3 3 2 1 3 3 4 1 3 1 2 2 4 1 4 2 3 3 1 1 1 3 3 4 2 3 2 3 4 4 2 4 1 3 2 3 2 3 1 3 1 1 3 2 3 1 1 2 2 4 3 3 1 2 2 2 2 3 4 4 4 3 2 1 2 3 4 3 3 2 3 4 2 3 3 1 4 3 3 4 3 1 3 1 2 1 1 4 3 3 1 1 3 4 1 1 4 0 0 0 0 0 0 0 0 0 0 0 0 0 0 0 0 0 0 0 0 0 0 0 0 0 0 0 2 1 1 1 3 4 3 1 3 1 2 4 1 2 1 2 3 4 4 4 3 2 1 3 1 1 4 1 2 2 1 1 4 4 3 1 3 2 1 1 4 4 1 1 2 4 1 1 1 1 3 2 2 2 3 1 4 3 3 2 3 3 1 4 1 3 4 1 3 4 2 1 4 1 2 0 0 0 0 0 0 4 3 3 2 2 2 3 1 4 3 2 2 1 3 2 1 1 3 3 4 2 4 3 3 1 1 2 1 4 1 1 2 1 4 3 4 1 1 1 4 2 1 1 1 2 1 4 2 1 2 1 3 3 1 2 4 1 2 4 1 4 4 3 3 4 1 2 3 4 3 1 4 3 3 1 3 3 4 1 4 2 1 2 1 1 1 4 1 1 2 1 3 2 1 4 1 3 1 3 1 2 1 4 4 2 1 3 1 2 2 4 3 3 1 3 3 1 3 3 1 3 1 4 1 4 3 1 3 3 3 1 2 1 1 4 4 3 3 1 3 1 1 3 2 3 1 1 4 4 1 4 1 4 1 1 1 4 1 4 1 1 1 3 4 3 3 4 1 3 1 3 3 3 1 3 4 1 3 3 2 4 1 1 3 3 1 4 2 3 2 1 3 1 3 4 0 0 0 2 3 3 1 2 2 3 1 4 1 3 1 3 3 3 1 1 4 1 1 3 1 2 1 1 2 4 4 2 3 2 3 3 3 1 3 2 1 1 2 1 2 2 2 3 4 2 4 4 3 3
434 0.050000 1 4 3 3 1 1 1 1 2 1 3 1 4 3 3 2 1 3 3 4 3 2 4 3 1 4 4 3 4 3 4 3 3 2 1 3 3 4 1 3 1 2 2 4 1 4 2 3 3 3 1 1 3 3 4 2 3 2 3 4 4 2 4 1 3 4 3 2 3 1 3 3 3 3 2 3 1 1 2 2 4 1 3 1 2 2 2 2 3 4 1 2 3 2 1 2 1 4 3 3 2 3 4 2 3 3 1 4 3 3 4 1 1 3 1 2 1 1 4 3 3 2 1 1 4 2 1 1 0 0 0 0 0 0 0 0 0 0 0 0 0 0 0 0 0 0 0 0 0 0 0 0 0 0 0 0 0 0 1 3 4 3 1 3 1 2 4 1 2 1 2 3 4 4 4 1 2 1 3 1 1 4 1 2 2 1 1 4 4 3 1 3 2 1 1 4 4 1 1 2 2 1 1 3 1 3 2 1 4 1 1 4 3 3 2 3 3 1 4 1 1 4 1 3 4 2 1 4 1 2 4 3 3 2 2 2 3 3 3 4 1 4 3 1 2 1 3 4 2 1 1 3 3 1 2 3 1 4 3 3 1 1 2 1 4 1 1 2 1 4 3 4 1 1 1 4 2 1 1 1 2 1 4 2 1 2 1 3 3 1 2 4 1 2 4 1 4 4 3 3 4 1 2 3 4 3 1 4 3 3 1 3 1 4 1 1 2 1 2 1 1 1 1 1 1 2 1 1 2 1 2 1 3 1 3 1 2 1 4 4 2 1 3 1 2 2 4 3 3 1 3 3 1 3 3 1 3 1 4 1 4 3 1 3 3 3 1 2 1 1 4 4 3 3 1 3 1 1 3 2 3 1 1 4 4 1 4 1 4 1 1 1 4 1 4 1 1 1 3 4 3 3 4 1 3 1 3 3 3 1 3 4 1 3 3 2 4 1 1 3 1 1 4 2 3 2 1 3 3 1 4 0 0 0 2 3 3 3 1 2 3 1 4 1 3 2 3 3 3 1 1 4 2 1 3 1 1 1 2 2 4 4 2 3 2 3 3 3 3 3 2 3 1 2 1 2 2 2 3 4 2 4 4 3 3
434 0.050000 1 4 3 3 1 1 1 1 2 1 3 1 4 3 3 2 1 3 3 4 3 2 4 3 1 4 4 3 4 3 4 3 3 2 1 3 3 4 1 3 1 2 2 4 1 4 2 3 3 1 1 1 3 3 4 2 1 2 3 0 4 2 4 1 3 4 3 2 3 1 3 3 1 3 2 3 1 1 2 2 4 3 3 1 2 2 2 2 3 4 4 4 3 2 1 2 3 4 3 3 2 3 4 2 3 3 1 4 3 3 4 1 1 3 1 2 1 1 4 3 3 2 1 4 4 3 2 4 2 1 4 1 1 4 3 2 4 0 0 0 0 0 0 0 0 0 0 0 0 1 3 4 1 1 4 2 1 1 3 1 4 3 1 3 1 2 4 1 2 1 2 3 4 4 4 3 2 1 3 1 1 4 1 2 2 1 1 4 4 3 1 3 2 1 1 4 4 1 1 2 4 1 1 3 1 3 2 2 2 3 1 4 3 3 2 3 3 1 4 1 1 4 3 3 4 2 1 4 1 2 4 3 3 0 0 0 2 2 2 1 1 4 3 2 2 1 3 4 2 1 1 3 3 1 2 3 1 4 3 3 1 1 2 1 4 1 1 2 1 4 3 4 1 1 1 4 2 1 1 1 2 1 4 2 1 2 1 3 3 1 2 4 1 2 4 1 4 4 3 3 4 1 2 3 4 3 1 4 3 3 1 3 3 4 1 4 2 1 2 1 1 1 4 1 1 2 1 3 2 1 4 1 3 1 3 1 4 1 4 4 2 1 3 1 2 2 4 3 3 1 3 3 1 3 3 1 3 1 4 1 4 3 1 3 3 3 1 2 1 1 4 4 3 3 1 3 1 1 3 2 3 1 1 4 4 1 4 1 4 1 1 1 4 1 4 1 1 1 3 4 3 3 4 1 3 1 3 3 3 1 3 4 1 3 3 2 4 1 1 1 1 1 4 2 3 2 1 3 1 1 4 0 0 0 2 3 1 1 2 2 3 1 4 1 3 1 3 3 3 1 1 4 1 1 3 1 2 1 1 2 1 4 2 3 2 3 3 3 1 3 2 1 3 2 1 2 2 2 3 3 2 4 4 3 3
434 0.050000 1 4 3 3 1 1 1 1 2 1 3 1 4 3 3 2 1 3 3 4 3 2 4 3 1 4 4 3 4 3 4 3 3 2 1 3 3 4 1 3 1 2 2 4 1 4 2 3 3 1 1 1 3 3 4 2 3 4 3 4 4 2 4 3 3 4 3 2 4 1 3 3 1 3 2 3 1 1 2 2 4 3 3 1 2 2 2 2 3 4 4 4 3 2 1 2 3 4 3 3 2 3 4 2 3 3 1 4 3 3 4 1 2 3 1 2 1 1 4 3 3 2 2 1 1 0 0 0 0 0 0 0 0 0 0 0 0 0 0 0 0 0 0 0 0 0 0 0 0 0 0 0 0 0 0 0 0 0 1 3 4 3 1 3 1 2 4 1 2 1 2 3 4 4 4 1 2 1 3 1 1 4 1 2 2 1 1 4 4 1 1 3 2 1 1 2 4 1 1 2 4 1 1 3 1 3 4 2 2 3 1 4 3 3 2 3 3 1 4 1 1 4 1 3 4 2 1 4 1 2 0 0 0 0 0 0 4 3 3 2 2 2 3 1 4 3 2 2 1 3 2 1 1 3 3 4 2 4 3 1 1 1 2 1 4 1 1 2 1 4 3 4 1 1 1 4 2 1 1 1 2 1 4 2 1 2 1 3 3 1 2 4 1 2 4 1 4 4 3 3 4 1 2 3 4 3 1 4 3 3 1 3 3 4 1 4 2 1 2 1 1 1 4 1 1 2 1 3 2 1 4 1 3 1 3 1 4 1 4 4 2 1 3 1 2 2 4 3 3 1 3 3 1 3 3 1 3 1 4 1 4 3 1 3 3 3 1 2 1 1 4 4 3 3 1 3 1 1 3 2 3 1 1 4 4 1 4 1 4 1 1 1 4 1 4 1 1 1 3 4 3 3 4 1 3 1 3 3 3 1 3 4 1 3 3 2 4 1 1 3 1 1 4 2 3 2 1 3 3 1 4 0 0 0 2 3 1 1 2 2 3 1 1 1 3 1 3 3 3 1 1 4 1 1 3 1 2 1 1 2 4 4 2 3 2 3 3 3 1 3 2 1 3 2 1 2 2 2 3 4 2 2 4 3 3
434 0.050000 1 4 3 3 1 1 1 1 2 1 3 1 4 3 3 2 1 3 3 4 3 2 4 3 1 4 4 3 4 3 4 3 3 2 1 3 3 4 1 3 1 2 2 4 1 4 2 3 3 1 1 1 3 3 4 2 3 2 3 4 4 2 4 1 3 4 3 2 3 1 3 3 1 3 2 1 1 1 2 2 4 3 3 1 2 2 2 2 3 4 4 4 3 2 1 2 3 4 3 3 2 3 4 2 3 3 1 4 3 3 4 1 1 3 1 2 1 1 4 1 3 2 1 4 4 3 2 4 2 4 4 1 3 4 3 2 4 0 0 0 0 0 0 0 0 0 0 0 0 1 3 4 1 1 4 2 1 1 1 1 4 3 1 3 1 2 4 1 2 1 2 3 4 4 4 3 2 1 3 1 1 4 1 2 2 1 1 4 4 3 1 3 2 1 1 4 4 1 1 2 4 1 1 3 1 3 2 1 2 3 1 4 3 1 2 3 3 1 4 1 1 4 1 3 4 2 1 4 1 2 4 3 3 0 0 0 2 2 2 1 1 4 3 2 2 1 3 4 2 1 1 3 3 1 2 3 1 4 3 3 1 1 2 1 4 1 1 2 1 4 3 4 1 1 1 4 2 1 1 1 2 1 4 2 1 2 1 3 3 1 2 4 1 2 4 1 4 4 3 3 4 1 2 3 4 3 1 4 3 3 1 3 3 4 1 4 2 1 2 1 1 1 4 1 1 1 1 3 2 1 2 1 3 1 3 1 4 1 4 4 2 1 3 1 2 2 4 3 3 1 3 3 1 3 3 1 3 1 4 1 4 3 1 3 3 3 1 2 1 1 4 4 3 3 1 3 1 1 3 2 3 1 1 4 4 1 4 1 4 1 1 1 4 1 4 1 1 1 3 4 1 3 4 1 3 1 3 3 3 1 3 4 1 3 3 2 4 1 1 1 1 1 4 2 3 2 1 3 1 1 4 0 0 0 2 3 1 1 2 2 3 1 4 1 3 1 3 3 3 1 1 4 1 1 3 1 2 1 1 4 4 4 2 3 2 3 3 3 1 3 2 1 3 2 1 2 2 2 3 4 2 4 3 3 3
434 0.050000 1 4 3 3 1 1 1 1 2 1 3 1 4 3 3 2 1 3 3 4 3 2 4 3 1 4 4 3 4 3 4 3 3 2 1 3 3 4 1 3 1 2 2 4 1 4 2 3 3 1 1 1 3 3 4 2 3 2 3 4 4 2 4 1 3 4 3 2 3 1 3 3 1 3 2 3 1 1 2 2 4 3 3 1 2 2 2 2 3 4 4 4 3 2 1 2 3 4 3 3 2 3 4 2 3 3 1 4 3 3 4 1 1 3 1 2 1 1 4 3 3 2 1 4 4 3 2 4 2 1 4 1 1 4 3 2 4 1 3 4 1 1 4 2 1 1 1 1 4 1 4 4 1 2 4 3 1 2 1 1 4 3 1 3 1 2 4 1 2 1 2 3 4 4 4 1 2 1 3 1 1 4 1 2 2 1 1 4 4 1 1 3 2 1 1 2 4 1 1 2 4 1 3 3 1 3 2 2 2 3 1 4 3 1 2 3 3 1 4 1 1 4 1 3 4 2 1 4 1 2 0 0 0 0 0 0 4 3 3 2 2 2 3 1 4 3 2 2 1 3 2 1 1 3 3 4 2 4 3 3 1 1 2 1 4 1 1 2 1 4 3 4 1 1 1 4 2 1 1 1 2 1 4 2 1 2 1 3 3 1 2 4 1 2 4 1 4 4 3 3 4 1 2 3 4 3 1 4 3 3 1 3 3 4 1 4 2 1 2 1 1 1 4 3 1 2 1 3 2 1 2 1 3 1 3 1 4 1 4 4 2 1 3 1 2 2 4 3 3 1 3 3 1 3 3 1 3 1 4 1 4 3 1 3 3 3 1 2 1 1 4 4 3 3 1 3 1 1 3 2 3 1 1 4 4 1 4 1 4 1 1 1 4 1 4 1 1 1 3 4 3 3 4 1 3 1 3 3 3 1 3 4 1 3 3 2 4 3 1 3 1 1 4 2 3 2 1 3 3 1 4 0 0 0 2 3 3 1 2 2 3 1 4 1 3 1 3 3 3 1 1 4 1 1 3 1 2 1 1 4 4 4 2 3 4 3 3 3 1 3 2 1 1 4 1 2 2 2 3 4 2 4 4 3 3
434 0.050000 1 4 3 3 1 1 1 1 2 1 3 1 4 3 3 2 1 3 3 4 3 2 4 3 1 4 4 3 4 3 4 3 3 2 1 3 3 4 1 3 1 2 2 4 1 4 2 3 3 1 1 1 3 3 4 4 3 2 3 4 4 2 4 1 3 4 3 2 3 4 3 3 1 3 2 3 1 1 2 2 4 3 3 1 2 2 2 2 3 4 4 4 3 2 1 2 3 4 3 3 2 3 4 2 3 3 1 4 3 3 4 1 1 3 1 2 1 1 4 3 3 2 1 4 4 3 2 4 2 1 4 1 1 4 3 2 4 1 3 4 1 1 4 2 1 1 1 1 4 1 4 4 1 2 4 3 1 2 1 1 4 3 1 3 1 2 4 1 2 1 2 3 4 4 4 1 2 1 3 1 1 4 1 2 2 1 1 4 4 1 1 3 2 1 1 2 4 1 1 2 4 1 1 1 1 3 2 2 2 3 1 4 3 3 2 3 3 1 4 1 3 4 1 3 4 2 1 4 1 2 0 0 0 0 0 0 4 3 3 2 2 2 3 1 4 3 2 2 1 3 2 1 1 3 3 4 2 4 3 3 1 1 2 1 4 1 1 2 1 4 3 4 1 1 1 4 2 1 1 1 2 1 4 2 1 2 1 3 3 1 2 4 1 2 4 1 4 4 3 3 4 1 2 3 4 3 1 4 3 3 1 3 3 4 1 4 2 1 2 1 1 1 4 1 1 2 1 3 2 1 4 1 3 1 3 1 4 1 4 4 2 1 3 1 2 2 4 3 3 1 3 3 1 3 3 1 3 1 4 1 4 3 1 3 3 3 1 2 1 1 4 4 3 3 1 3 1 1 3 2 3 1 1 4 4 1 4 1 4 1 1 1 4 1 4 1 1 1 3 4 3 3 4 1 3 1 3 3 3 1 3 4 1 3 3 2 4 1 1 3 1 1 4 2 3 2 1 3 3 1 4 0 0 0 2 3 3 1 2 2 3 1 4 1 3 1 3 3 3 1 1 2 1 1 3 1 2 1 1 2 4 4 4 3 2 3 3 3 1 3 2 1 1 4 1 2 2 2 3 4 2 4 4 3 3
434 0.050000 1 4 3 3 1 1 1 1 2 1 3 1 4 3 3 2 1 3 3 4 3 2 4 3 1 4 4 3 4 3 4 3 3 2 1 3 3 4 1 3 1 2 2 4 1 4 2 3 3 1 1 1 3 1 4 2 3 2 3 4 4 2 4 1 3 4 3 2 3 1 3 3 1 3 2 3 1 1 2 2 4 3 3 1 2 2 2 2 3 4 4 4 3 2 1 2 3 4 3 3 2 3 4 2 3 3 1 4 3 3 4 1 1 3 1 2 1 1 4 3 3 2 1 4 4 3 2 4 2 1 4 1 1 4 3 2 4 1 3 4 1 1 4 2 1 1 1 1 4 1 4 4 1 2 4 3 1 2 1 1 4 3 1 3 1 2 4 1 2 1 2 3 4 4 4 1 2 1 3 1 1 4 1 2 2 1 1 4 4 3 1 3 2 1 1 4 4 1 1 2 2 1 1 3 1 3 2 1 4 3 3 4 3 3 2 3 3 1 4 1 1 4 1 3 4 2 1 4 1 2 4 3 3 2 2 2 3 3 3 4 1 4 3 1 2 1 3 4 2 1 1 3 3 1 2 3 1 4 3 3 1 1 2 1 4 1 1 2 1 4 3 4 1 1 1 4 2 1 1 1 2 1 4 2 1 2 1 3 3 1 2 4 1 2 4 1 4 4 3 3 4 1 2 3 4 3 1 4 3 3 1 3 1 4 1 1 2 1 2 1 1 1 3 1 1 2 1 1 2 1 2 1 3 1 3 1 2 1 4 4 2 1 3 1 2 2 4 3 3 1 3 3 1 3 3 1 3 1 4 1 4 3 1 3 3 3 1 2 1 1 4 4 3 3 1 3 1 1 3 2 3 1 1 4 4 1 4 1 4 1 1 1 4 1 4 1 1 1 3 4 3 3 4 1 3 1 3 3 3 1 3 4 1 3 3 2 4 1 1 3 1 1 4 2 3 2 1 3 3 1 4 0 0 0 2 3 3 3 1 2 3 1 4 1 3 1 3 3 3 1 1 4 1 1 3 1 1 1 2 2 4 4 2 3 2 3 3 3 3 3 2 1 1 2 1 2 2 2 3 4 2 4 4 3 3
434 0.050000 1 4 3 3 1 1 1 1 2 1 3 1 4 3 3 2 1 3 3 4 3 2 4 3 1 4 4 3 4 3 4 3 3 2 1 3 3 4 1 3 1 2 2 4 1 4 2 3 3 1 1 1 3 3 4 2 3 2 3 4 4 2 4 1 3 4 3 4 3 1 3 3 1 3 2 3 1 1 2 2 4 3 3 1 2 2 2 2 3 4 4 4 3 2 1 2 3 4 3 3 2 3 4 2 3 3 1 4 3 3 4 1 1 3 1 4 1 1 4 3 3 2 2 1 1 0 0 0 0 0 0 0 0 0 0 0 0 0 0 0 0 0 0 0 0 0 0 0 0 0 0 0 0 0 0 0 0 0 1 3 4 3 1 3 1 2 4 1 2 1 2 3 4 4 4 1 2 1 3 1 1 4 1 2 2 1 1 4 4 1 1 3 2 1 1 4 4 1 1 2 4 1 1 1 1 3 2 2 4 1 1 4 3 3 2 3 3 1 4 1 1 4 1 3 4 2 1 4 1 2 0 0 0 0 0 0 4 3 3 2 2 2 1 1 4 1 2 2 1 3 2 1 1 3 3 4 2 4 3 3 1 1 2 1 4 1 1 2 1 4 3 4 1 1 1 4 2 1 1 1 2 1 4 2 1 2 1 3 3 1 2 4 1 2 4 1 4 4 3 3 4 1 2 3 4 3 1 4 3 3 1 3 3 4 1 1 2 1 2 1 1 1 4 3 1 2 1 1 2 1 2 1 3 1 3 1 4 1 4 4 2 1 3 1 2 2 4 3 3 1 3 3 1 3 3 1 3 1 4 1 4 3 1 3 3 3 1 2 1 1 4 4 3 3 1 3 1 1 3 2 3 1 1 4 4 1 4 1 4 1 1 1 4 1 4 1 1 1 3 4 3 3 4 1 3 1 3 3 3 1 3 4 1 3 3 2 4 1 1 3 1 1 4 2 3 2 1 3 3 1 4 0 0 0 2 3 3 1 2 2 3 1 4 1 3 1 3 3 3 1 1 4 1 1 3 1 2 1 1 2 4 4 2 3 4 3 3 3 1 3 2 1 1 4 1 2 2 2 3 4 2 2 4 3 3
434 0.050000 1 4 3 3 1 1 1 1 2 1 3 1 4 3 3 2 1 3 3 4 3 2 4 3 1 4 4 3 4 3 4 3 3 2 1 3 3 4 1 3 1 2 2 4 1 4 2 3 3 1 1 1 3 3 4 2 3 2 3 4 4 2 4 1 3 4 3 2 3 1 3 3 1 3 2 3 1 1 2 2 4 3 3 1 2 2 2 2 3 4 4 4 3 2 1 2 3 4 3 3 2 3 4 2 3 3 1 4 3 3 4 1 1 3 1 2 1 1 4 3 3 2 2 1 1 0 0 0 0 0 0 0 0 0 0 0 0 0 0 0 0 0 0 0 0 0 0 0 0 0 0 0 0 0 0 0 0 0 1 3 4 3 1 3 1 2 4 1 2 1 2 3 4 4 4 3 2 1 3 1 1 4 1 2 2 1 1 4 4 1 1 3 2 1 1 4 4 1 1 2 4 1 1 3 1 1 2 2 2 3 1 4 3 3 2 3 3 1 4 1 1 4 1 3 4 2 1 4 1 2 4 3 3 0 0 0 2 2 2 1 3 3 3 1 4 3 2 2 1 3 2 1 1 3 3 4 2 4 3 3 1 1 2 1 4 1 1 2 1 4 3 4 1 1 1 4 2 1 1 1 2 1 4 2 1 2 1 3 3 1 2 4 1 2 4 1 4 4 3 3 4 1 2 3 4 3 1 4 3 3 1 3 3 4 1 4 2 1 2 1 1 1 4 1 1 2 1 3 2 1 2 1 3 1 3 1 4 1 4 4 2 1 3 1 2 2 4 3 3 1 3 3 1 3 3 1 3 1 4 1 4 3 1 3 3 3 1 2 1 1 4 4 3 3 1 3 1 1 3 2 3 1 1 4 4 1 4 1 4 1 1 1 4 1 4 1 1 1 3 4 3 3 4 1 3 1 3 3 3 1 3 4 1 3 3 2 4 1 1 3 1 1 4 2 3 2 1 3 1 1 4 0 0 0 2 3 1 1 2 2 3 1 4 1 3 1 3 3 3 1 1 2 1 1 3 1 2 1 1 2 4 4 2 3 2 3 3 3 1 3 2 1 3 2 1 2 2 2 3 4 2 4 4 3 3
434 0.050000 1 4 3 3 1 1 1 1 2 1 3 1 4 3 3 2 1 3 3 4 3 2 4 3 1 4 4 3 4 3 4 3 3 2 1 3 3 4 1 3 1 2 2 4 1 4 2 3 3 1 1 1 3 3 4 2 3 2 3 4 4 2 4 1 3 4 3 2 3 1 3 3 1 3 2 3 1 1 2 2 4 3 3 1 2 2 2 2 3 4 4 4 3 2 3 2 3 4 3 3 2 3 4 2 3 3 1 4 3 3 4 1 1 3 1 2 1 1 4 3 3 2 2 1 1 0 0 0 0 0 0 0 0 0 0 0 0 0 0 0 0 0 0 0 0 0 0 0 0 0 0 0 0 0 0 0 0 0 1 3 4 3 1 3 1 2 4 1 2 1 2 3 4 4 4 3 2 1 3 1 1 4 1 2 2 1 1 4 4 1 3 3 2 1 1 4 2 1 1 2 4 1 1 3 1 1 2 2 2 3 1 4 3 3 2 3 3 1 4 1 1 4 1 3 4 2 1 4 1 2 4 3 3 0 0 0 2 2 2 1 3 3 3 1 4 3 2 2 1 3 2 1 1 3 3 4 2 4 3 3 1 1 2 1 4 1 1 2 1 4 3 4 1 1 1 4 2 1 1 1 2 1 4 2 1 2 1 3 3 1 2 4 1 2 4 1 4 4 3 3 4 1 2 3 4 3 1 4 3 3 1 3 3 4 1 4 2 1 2 1 1 1 4 1 1 2 1 3 2 1 4 1 3 1 3 1 4 1 4 4 2 1 3 1 2 2 4 3 3 1 3 3 1 3 3 1 3 1 4 1 4 3 1 3 3 3 1 2 1 1 4 4 3 3 1 3 1 1 3 2 3 1 1 4 4 1 4 1 4 1 3 1 4 1 4 1 1 1 3 4 3 3 4 1 3 1 3 3 3 1 3 4 1 3 3 2 4 1 1 3 1 1 4 2 3 2 1 3 1 1 4 0 0 0 2 3 1 1 2 2 3 1 4 1 3 1 3 3 3 1 1 4 1 1 3 1 2 1 1 4 4 4 2 3 2 3 3 3 1 3 4 1 3 2 1 2 2 2 3 4 2 4 4 3 3
