0 1.000000 4 3 4 3 3 1 2 1 1 4 4 2 3 3 2 3 3 1 1 2 2 3 1 2 1 3 2 4 1 3 3 2 2 3 1 2 3 1 2 3 2 2 3 2 2 2 3 2 3 2 3 2 2 3 2 4 2 2 2 3 3 2 3 1 1 2 3 3 1 3 3 1 2 1 3 1 4 3 2 2 3 4 3 2 3 1 3 1 4 2 3 3 1 1 4 2 1 1 4 2 3 3 4 1 1 2 4 3 1 4 3 1 3 1 4 3 2 1 2 1 4 1 2 4 3 2 4 1 3 4 3 3 1 3 3 3 2 4 1 1 4 3 1 3 2 1 1 3 4 1 3 1 4 1 1 1 2 4 1 3 4 1 4 3 1 3 1 3 2 4 3 1 2 3 1 2 2 4 4 2 1 4 4 2 1 1 1 3 1 2 1 1 4 2 1 4 2 1 3 3 3 1 2 4
14 0.037037 4 3 4 3 3 1 2 1 1 4 4 2 3 3 2 3 3 1 1 2 2 3 1 2 1 3 2 4 1 3 3 2 2 3 1 2 3 1 2 1 2 2 3 2 2 2 3 2 3 2 3 2 2 3 2 4 2 2 2 3 3 2 3 1 1 2 3 3 1 3 3 1 2 1 3 1 4 3 2 2 3 4 3 2 3 1 3 1 4 2 3 3 1 1 4 2 1 1 4 2 3 3 4 1 1 2 4 3 1 4 3 1 3 1 4 3 2 1 2 1 4 1 2 4 3 2 4 1 3 4 3 3 1 3 3 3 2 4 1 1 4 3 1 3 2 1 1 3 4 1 3 1 4 1 1 1 2 4 1 3 4 1 4 3 1 3 1 3 2 4 3 1 2 3 1 2 2 4 4 2 0 0 0 0 0 0 0 3 1 2 1 1 4 2 1 4 2 1 3 3 3 1 2 4
14 0.037037 4 3 4 3 3 1 2 1 1 4 4 2 3 3 2 3 3 1 1 2 2 3 1 2 1 3 2 4 1 3 3 2 2 3 1 2 3 1 2 3 2 2 3 2 2 2 3 2 3 2 3 2 2 3 2 4 2 2 2 3 3 2 3 1 1 2 3 3 1 3 3 1 2 1 3 1 4 3 2 2 3 4 3 2 3 1 3 1 4 2 3 3 1 1 4 2 1 1 4 2 3 3 4 1 1 2 4 3 1 4 3 1 3 1 4 3 2 1 2 1 4 1 2 4 3 2 4 1 3 4 3 3 1 3 3 3 2 4 0 0 0 0 0 0 0 0 0 0 0 0 0 0 0 0 0 0 0 0 0 0 0 0 4 3 1 3 1 3 2 4 3 1 2 3 1 2 2 4 4 2 1 4 4 2 1 1 1 3 1 2 1 1 4 2 1 4 2 1 3 3 3 1 2 4
14 0.185185 4 3 4 3 3 1 2 1 1 4 4 2 3 3 2 3 3 1 1 2 2 3 1 2 1 3 2 4 1 3 3 2 2 3 1 2 3 1 2 1 2 2 3 2 2 2 3 2 3 2 3 2 2 3 2 4 2 2 2 3 3 2 3 1 1 2 3 3 1 3 3 1 2 1 3 1 4 3 2 2 3 4 3 2 3 1 3 1 4 2 3 3 1 1 4 2 1 1 4 2 3 3 4 1 1 2 4 3 1 4 3 1 3 1 4 3 2 1 2 1 4 1 2 4 3 2 4 1 3 4 3 3 1 3 3 3 2 4 1 1 4 3 1 3 2 1 1 3 4 1 3 1 4 1 1 1 2 4 1 3 4 1 4 3 1 3 1 3 2 4 3 1 2 3 1 2 2 4 4 2 1 4 4 2 1 1 1 3 1 2 1 1 4 2 1 4 2 1 3 3 3 1 2 4
14 0.037037 4 3 4 3 3 1 2 1 1 4 4 2 3 3 2 3 3 1 1 2 2 3 1 2 1 3 2 4 1 3 3 2 2 3 1 2 3 1 2 1 2 2 3 2 2 2 3 2 3 2 3 2 2 3 2 4 2 2 1 3 3 2 3 1 1 2 3 3 1 3 3 1 2 1 3 1 4 3 2 2 3 4 3 2 3 1 3 1 4 2 3 3 2 3 4 2 1 1 4 2 3 3 4 1 1 2 4 3 1 4 3 1 3 1 4 3 2 1 2 1 4 1 2 4 3 2 4 1 3 4 3 3 1 3 3 3 2 4 1 1 4 3 1 3 2 1 1 3 4 1 3 1 4 1 1 1 2 4 1 3 4 1 4 3 1 3 1 3 2 4 3 1 2 3 1 2 2 4 4 2 1 4 4 2 1 1 1 3 1 2 1 1 4 2 1 4 2 1 3 3 3 1 2 4
14 0.407407 4 3 4 3 3 1 2 1 1 4 4 2 3 3 2 3 3 1 1 2 2 3 1 2 1 3 2 4 1 3 3 2 2 3 1 2 3 1 2 3 2 2 3 2 2 2 3 2 3 2 3 2 2 3 2 4 2 2 2 3 3 2 3 1 1 2 3 3 1 3 3 1 2 1 3 1 4 3 2 2 3 4 3 2 3 1 3 1 4 2 3 3 1 1 4 2 1 1 4 2 3 3 4 1 1 2 4 3 1 4 3 1 3 1 4 3 2 1 2 1 4 1 2 4 3 2 4 1 3 4 3 3 1 3 3 3 2 4 1 1 4 3 1 3 2 1 1 3 4 1 3 1 4 1 1 1 2 4 1 3 4 1 4 3 1 3 1 3 2 4 3 1 2 3 1 2 2 4 4 2 1 4 4 2 1 1 1 3 1 2 1 1 4 2 1 4 2 1 3 3 3 1 2 4
14 0.037037 4 3 4 3 3 1 2 1 1 4 4 2 3 3 2 3 3 1 1 2 2 3 1 2 1 3 2 4 1 3 3 2 2 3 1 2 3 1 2 1 2 2 3 2 2 2 3 2 3 2 3 2 2 3 2 4 2 2 2 3 3 2 3 1 1 2 3 3 1 3 3 1 2 1 3 1 4 3 2 2 3 4 3 2 3 1 3 1 4 2 3 3 1 1 4 2 1 1 4 2 3 3 4 1 1 2 4 3 1 4 3 1 3 1 4 3 2 1 2 1 4 1 2 4 3 2 4 1 3 4 3 3 1 3 3 3 2 4 1 1 4 3 1 3 2 1 1 3 4 1 3 1 4 1 1 1 2 4 1 3 4 1 4 3 1 4 1 3 2 4 3 1 2 3 1 2 2 4 4 2 1 4 4 2 1 1 1 3 1 2 1 1 4 2 1 4 2 1 3 3 3 1 2 4
14 0.037037 4 3 4 3 3 1 2 1 1 4 4 2 3 3 2 3 3 1 1 2 2 3 1 2 1 3 2 4 1 3 3 2 2 3 1 2 3 1 2 1 2 2 3 2 2 2 3 2 3 2 3 2 2 3 2 4 4 2 2 3 3 2 3 1 1 2 3 1 1 3 3 1 2 1 3 1 4 3 2 2 3 4 3 2 3 1 3 1 4 2 3 3 1 1 4 2 1 1 4 2 3 3 4 1 1 2 4 3 1 4 3 1 3 1 4 3 2 1 2 1 4 1 2 4 3 2 4 1 3 4 3 3 1 3 3 3 2 4 1 1 4 3 1 3 2 1 1 3 4 1 3 1 4 1 1 1 2 4 1 3 4 1 4 3 1 3 1 3 2 4 1 1 2 3 1 2 2 4 4 2 1 4 4 2 1 1 1 3 1 2 1 1 4 2 1 4 2 1 3 3 3 1 2 4
14 0.037037 4 3 3 3 3 1 2 1 1 4 4 2 3 1 2 3 3 1 1 2 2 3 1 2 1 3 2 4 1 3 3 2 2 3 3 2 3 1 2 3 2 2 3 2 2 2 3 2 3 2 3 2 2 3 2 4 2 2 2 3 3 2 1 1 1 2 3 3 1 3 3 1 2 1 3 1 4 4 2 2 3 4 3 2 3 1 3 1 4 2 3 3 1 1 4 2 1 1 4 4 3 3 4 1 1 2 4 3 1 4 3 1 3 1 4 3 2 1 2 1 4 1 2 4 3 2 4 1 3 4 3 3 1 3 3 3 2 4 1 1 4 3 1 3 2 1 1 3 4 1 3 1 4 1 1 1 2 4 1 3 4 1 4 3 1 3 1 3 2 4 3 1 2 3 1 2 2 4 4 2 1 4 4 2 1 1 1 3 1 2 1 1 4 2 1 4 2 1 3 3 3 1 2 4
14 0.037037 4 3 4 3 3 1 2 1 1 4 4 2 3 3 2 3 3 1 1 2 2 3 1 2 1 3 2 4 1 3 3 2 2 3 1 2 3 1 2 1 2 2 3 2 2 2 3 2 3 2 3 2 2 3 2 4 2 2 2 3 3 2 3 1 1 2 3 3 1 3 3 1 2 1 3 1 4 3 2 2 3 4 3 2 3 1 3 1 4 2 3 3 1 1 4 2 1 1 4 2 3 3 4 1 1 2 4 2 1 4 3 1 3 1 4 3 2 1 2 1 4 1 2 4 3 2 4 1 3 4 3 3 1 3 3 3 2 4 1 1 4 3 1 3 2 1 1 3 4 1 3 1 4 1 1 1 2 4 1 3 4 1 4 3 1 3 1 3 2 4 3 1 2 3 1 2 2 4 4 2 1 4 4 2 1 1 1 3 1 2 1 1 4 2 1 4 2 1 3 3 3 1 2 4
14 0.037037 4 3 4 3 3 1 2 1 1 4 4 2 3 3 2 3 3 1 1 2 2 3 1 2 1 3 2 4 1 3 3 2 2 3 1 2 3 1 2 3 2 2 3 2 2 2 3 2 3 2 3 2 2 3 2 4 2 2 2 3 3 2 3 1 1 2 3 3 1 3 3 1 2 1 3 1 4 3 2 2 3 4 3 2 3 1 3 3 4 2 3 3 1 1 4 2 1 1 4 2 3 3 4 1 1 2 4 3 1 4 3 1 3 1 4 3 2 1 2 1 4 1 2 4 3 2 4 1 3 4 3 3 1 3 3 3 2 4 1 1 4 3 1 3 2 1 1 3 4 1 3 1 4 1 1 1 2 4 1 3 4 1 4 3 1 3 1 3 2 4 3 1 2 3 1 2 2 4 4 2 1 4 4 2 1 1 1 3 1 2 1 1 4 2 1 4 2 1 3 3 3 1 2 4
14 0.037037 4 3 4 3 3 1 2 1 1 4 4 2 3 3 2 3 3 1 1 2 2 3 1 2 1 3 2 4 1 3 3 2 2 3 1 2 3 1 2 3 2 2 3 2 2 2 3 2 3 2 3 2 2 3 2 4 2 2 2 3 1 2 3 1 1 2 3 3 1 3 3 1 2 1 3 1 4 3 2 2 3 4 3 2 3 1 3 1 4 2 3 3 1 1 4 2 1 1 4 2 3 3 4 1 1 2 4 3 1 4 3 1 3 1 4 3 2 1 2 1 4 1 2 4 3 2 4 1 3 4 3 3 1 3 3 3 2 4 1 1 4 3 1 3 2 1 1 3 4 1 3 1 4 1 1 1 2 4 1 3 4 1 4 3 1 3 1 3 2 4 3 1 2 3 1 2 2 4 4 2 1 4 4 2 1 1 1 3 1 2 1 1 4 2 1 4 2 1 3 3 3 1 2 4
14 0.037037 4 3 4 3 3 1 2 1 1 4 4 2 3 3 2 3 3 1 1 2 2 3 1 2 1 3 2 4 1 3 3 2 2 3 1 2 3 1 2 3 2 2 3 2 2 2 3 2 3 2 3 2 2 3 2 4 2 2 2 3 3 2 3 1 1 2 3 3 1 3 3 1 2 1 3 1 4 3 2 2 3 4 3 2 3 1 3 1 4 2 3 3 1 1 4 2 1 1 4 2 3 3 4 1 1 2 4 3 1 4 3 1 3 1 4 3 2 1 2 1 4 1 2 4 3 2 4 1 3 4 3 3 1 3 3 4 2 4 1 1 4 3 1 3 2 1 1 3 4 1 3 1 4 1 1 1 2 4 1 3 4 1 4 3 1 3 1 3 2 4 3 1 2 3 1 2 2 4 4 2 1 4 4 2 1 1 1 3 1 2 1 1 4 2 1 4 2 1 3 3 3 1 2 4
14 0.037037 4 3 4 3 3 1 2 1 1 4 4 2 3 3 2 3 3 1 1 2 2 3 1 2 1 3 2 4 1 3 3 2 2 3 1 2 3 1 2 3 2 2 3 2 2 2 3 2 3 2 3 2 2 3 2 4 2 2 2 3 3 2 3 1 1 2 3 3 1 3 3 1 2 1 3 1 4 3 2 2 3 4 3 2 3 1 3 1 4 2 3 3 1 1 4 2 1 1 4 2 3 3 4 1 1 4 4 3 1 4 3 1 3 1 4 3 2 1 2 1 4 1 2 4 3 2 4 1 3 4 3 3 1 3 3 3 2 4 1 1 4 3 1 3 2 1 1 3 4 1 3 1 4 1 1 1 2 4 1 3 4 1 4 3 1 3 1 3 2 4 3 1 2 3 1 2 2 4 4 2 1 4 4 2 1 1 1 3 1 2 1 1 4 2 1 4 2 1 3 3 3 1 2 4
28 0.117647 4 3 4 3 3 1 2 1 1 4 4 2 3 3 2 3 3 1 1 4 2 3 1 2 1 3 2 4 1 3 3 2 2 3 1 2 3 1 2 3 2 2 3 2 2 2 3 2 3 2 3 2 2 3 2 4 2 2 2 3 3 2 3 1 1 2 3 3 1 3 3 1 2 1 3 1 4 3 2 2 3 4 3 2 3 1 3 1 4 2 3 3 1 1 4 2 1 1 4 2 3 3 4 1 1 2 4 3 1 4 3 1 3 1 4 3 2 1 2 1 4 1 2 4 3 2 4 1 3 4 3 3 1 3 3 3 2 4 1 1 4 3 1 3 2 1 1 3 4 1 3 1 4 1 1 1 2 4 1 3 4 1 4 3 1 3 1 3 2 4 3 1 2 3 1 2 2 4 4 2 1 4 4 2 1 1 1 3 1 2 1 1 4 2 1 4 2 1 3 3 3 1 2 4
28 0.117647 4 3 4 3 3 1 2 1 1 4 4 2 3 3 2 3 3 1 1 2 4 3 1 2 1 3 2 4 1 3 3 2 2 3 1 2 3 1 2 3 2 2 3 2 2 2 3 2 3 2 3 2 2 3 2 4 2 2 2 3 3 2 3 1 1 2 3 3 1 3 3 1 2 1 3 1 4 3 2 2 3 4 3 2 3 1 3 1 4 2 3 3 1 1 4 2 1 1 4 2 3 3 4 1 1 2 4 3 1 4 3 1 3 1 4 3 2 1 2 1 4 1 2 4 3 2 4 1 3 4 3 3 1 3 3 3 2 4 1 1 4 3 1 3 2 1 1 3 4 1 3 1 4 1 1 1 2 4 1 3 4 1 4 3 1 3 1 3 2 4 3 1 2 3 1 2 2 4 4 2 1 4 4 2 1 1 1 3 1 2 1 1 4 2 1 4 2 1 3 3 3 1 2 4
28 0.058824 4 3 4 3 3 1 2 1 1 4 4 2 3 3 2 3 3 1 1 4 2 3 1 2 1 3 2 4 1 3 3 2 2 3 1 2 3 1 2 3 2 2 3 2 2 2 3 2 3 2 3 2 2 3 2 4 2 2 2 3 3 2 3 1 1 2 3 3 1 3 3 1 2 1 3 1 4 3 2 2 3 4 3 2 3 1 3 1 4 2 3 3 1 1 4 2 1 1 4 2 3 3 4 1 1 2 4 3 1 4 3 1 3 1 4 3 2 1 2 1 4 1 2 4 3 2 4 1 3 4 3 3 1 3 3 3 2 4 1 1 4 3 1 3 2 1 1 3 4 1 3 1 4 1 1 1 2 4 1 3 4 1 4 3 1 3 1 3 2 4 3 1 2 3 2 2 2 4 4 2 1 4 4 2 1 1 1 3 1 2 1 1 4 2 1 4 2 1 3 3 3 1 2 4
28 0.058824 4 3 4 3 3 1 2 1 1 4 4 2 3 3 2 3 3 1 1 4 2 3 1 2 1 3 2 4 1 3 3 2 2 3 1 2 3 1 2 3 2 2 3 2 2 2 3 2 3 2 3 2 2 3 2 4 2 2 2 3 3 2 3 1 1 2 3 3 1 3 3 1 2 1 3 1 1 3 2 2 3 4 3 2 3 1 3 1 4 2 3 3 1 1 4 2 1 1 4 2 3 3 4 1 1 2 4 3 1 4 3 1 3 1 4 3 2 1 2 1 4 1 2 4 3 2 4 1 3 4 3 3 1 3 3 3 4 4 1 1 4 3 1 3 2 1 1 3 4 1 3 1 4 1 1 1 2 4 1 3 4 1 4 3 1 3 1 3 2 4 3 1 2 3 1 2 2 4 4 2 1 4 4 2 1 1 1 1 1 2 1 1 4 2 1 4 2 1 3 3 3 1 2 4
28 0.058824 4 3 4 3 3 1 2 1 1 4 4 2 3 3 2 3 3 3 1 2 2 3 1 2 1 3 2 4 1 3 3 2 2 3 1 2 3 1 2 3 2 2 3 2 2 2 3 2 3 2 3 2 2 3 2 4 2 2 2 3 3 2 3 1 1 2 3 3 1 3 3 1 2 1 3 1 4 3 2 2 3 4 3 2 3 1 3 1 4 2 3 3 1 1 4 2 1 1 4 2 3 3 4 1 1 2 4 3 1 4 3 1 1 1 4 3 2 1 2 1 4 1 2 4 3 2 4 1 3 4 3 3 1 3 3 3 2 4 1 1 4 3 1 3 2 1 1 3 4 1 3 1 4 1 1 1 2 4 1 3 4 1 4 3 1 3 1 3 2 4 3 1 2 3 1 2 2 4 4 2 1 4 4 2 1 1 1 3 1 2 1 1 4 2 1 4 2 1 3 3 3 1 2 4
28 0.058824 4 3 4 3 3 1 2 1 1 4 4 2 3 3 2 3 3 1 3 2 2 3 1 2 1 3 2 4 1 3 3 4 2 3 1 2 3 1 2 1 2 2 3 2 2 2 3 2 3 2 3 2 2 3 2 4 2 2 2 3 3 1 3 1 1 2 3 3 1 3 3 1 2 1 3 1 4 3 2 2 3 4 3 2 3 1 3 1 4 2 3 3 2 3 4 2 1 1 4 2 3 3 4 1 1 2 4 3 1 4 3 1 3 1 4 3 2 1 2 1 4 1 2 4 3 2 4 1 3 4 3 3 1 3 3 3 2 4 1 1 4 3 1 3 2 1 1 3 4 1 3 1 4 1 1 1 2 4 1 3 4 1 4 3 1 3 1 3 2 4 3 1 2 3 1 2 2 4 4 2 1 4 4 2 1 1 1 3 1 2 1 1 4 2 1 4 2 1 3 3 3 1 2 4
28 0.058824 4 3 4 3 3 1 2 1 1 4 4 2 3 3 2 3 3 1 1 2 4 3 1 2 1 3 2 4 1 3 3 2 2 3 1 2 3 1 2 1 2 2 3 2 2 2 3 2 3 2 3 2 2 3 2 4 2 2 2 3 3 2 3 1 1 2 3 3 1 3 3 1 2 4 3 1 4 3 2 2 3 4 3 2 3 1 3 1 4 2 3 3 2 3 4 2 1 1 4 2 3 3 4 1 1 2 4 3 1 4 3 1 3 1 4 3 2 1 2 1 4 1 2 4 3 2 4 1 3 4 3 3 1 3 3 3 2 4 1 1 4 3 1 3 2 1 1 3 4 1 3 1 4 1 1 1 2 4 1 3 4 1 4 3 1 3 1 3 2 4 3 1 2 3 1 2 2 4 4 2 1 4 4 2 1 1 1 3 1 2 1 1 4 2 1 4 2 1 3 3 3 1 2 4
28 0.058824 4 3 4 3 3 1 2 1 1 4 4 2 3 3 2 3 3 1 1 2 2 3 1 2 1 3 2 4 1 3 3 2 2 3 1 2 3 1 2 1 2 2 3 2 2 2 3 2 3 2 3 2 2 3 2 4 2 2 2 3 3 2 3 1 1 2 3 3 1 3 3 1 2 1 3 1 4 3 2 2 3 4 3 2 3 1 3 1 4 2 3 3 1 1 4 2 1 1 4 2 3 3 4 1 1 2 4 3 1 4 3 1 3 1 4 3 2 1 2 1 4 1 2 4 3 2 4 1 3 4 3 3 1 3 3 3 2 4 1 1 4 3 1 3 2 1 1 3 4 1 3 1 4 1 1 1 2 4 1 3 4 1 4 3 1 3 1 3 2 4 3 1 2 3 1 2 2 4 4 2 1 4 4 2 1 1 1 3 1 2 1 1 4 2 1 4 2 1 3 3 3 1 2 4
28 0.058824 4 3 4 3 3 1 2 1 1 4 4 2 3 3 2 3 3 1 1 4 2 3 1 2 1 3 2 4 1 3 3 2 2 3 3 2 3 1 2 1 2 2 3 2 2 2 3 2 3 2 3 2 2 3 2 4 2 2 2 3 3 2 3 1 1 2 3 3 1 3 3 1 2 1 3 1 4 3 2 2 3 4 3 2 3 1 3 1 4 2 3 3 2 3 4 2 1 1 4 2 3 3 4 1 1 2 4 3 1 4 3 1 3 1 4 3 2 1 2 1 4 1 2 4 3 2 4 1 3 4 3 3 1 3 3 3 2 4 1 1 4 3 1 3 2 1 1 3 4 1 3 1 4 1 1 1 2 4 1 3 4 1 4 3 1 3 1 3 2 4 3 1 2 3 1 2 2 4 4 4 1 4 4 2 1 1 1 3 1 2 1 1 4 2 1 4 2 1 3 3 3 1 2 4
28 0.058824 4 3 4 3 3 1 2 1 1 4 4 2 3 3 2 3 3 1 1 2 4 3 1 2 1 3 2 4 1 3 3 2 2 3 1 2 3 1 2 1 2 2 3 2 2 2 3 2 3 2 3 2 2 3 2 4 2 2 2 3 3 2 3 1 1 2 3 3 1 3 3 1 2 1 3 1 4 3 2 2 3 4 3 2 3 1 3 1 4 2 3 3 2 3 4 2 1 1 4 2 3 3 4 1 1 2 4 3 1 4 3 1 3 1 4 3 2 1 2 1 4 1 2 4 3 4 4 1 3 4 3 3 1 3 3 3 2 4 1 1 4 3 1 3 2 1 1 3 4 1 3 1 4 1 1 1 2 4 1 3 4 1 4 3 1 3 1 3 2 4 3 1 2 3 1 2 2 4 4 2 1 4 4 2 1 1 1 3 1 2 1 1 4 2 1 4 2 1 3 3 3 1 2 4
28 0.058824 4 3 4 3 3 1 2 1 1 4 4 2 3 3 2 3 1 1 1 2 2 3 1 4 1 3 2 4 1 3 3 2 2 3 1 2 3 1 2 1 2 2 3 2 2 2 3 2 3 2 3 2 2 3 2 4 2 2 2 3 3 2 3 1 1 2 3 3 1 3 3 1 2 1 3 1 4 3 2 2 3 4 3 2 3 1 3 1 4 2 3 3 1 1 4 2 1 1 4 2 3 3 4 1 1 2 4 3 1 4 3 1 3 1 4 3 2 1 2 1 4 1 2 4 3 2 4 1 3 4 3 3 1 3 3 3 2 4 1 1 4 3 1 3 2 1 1 3 4 1 3 1 4 1 1 1 2 4 1 3 4 1 4 3 1 3 1 3 2 4 3 1 2 3 1 2 2 4 4 2 1 4 4 2 1 1 1 3 1 2 1 1 4 2 1 4 2 1 3 3 3 1 2 4
28 0.058824 4 3 4 3 3 1 2 1 1 4 4 4 3 3 2 3 3 1 1 2 2 1 1 2 1 3 2 4 1 3 3 2 2 3 1 2 3 1 2 3 2 2 3 2 2 2 3 2 3 2 3 2 2 3 2 4 2 2 2 3 3 2 3 0 0 0 3 3 1 3 3 1 2 1 3 1 4 3 2 2 3 4 3 2 3 1 3 1 4 2 3 3 1 1 4 2 1 1 4 2 3 3 4 1 1 2 4 3 1 4 3 1 3 1 4 3 2 1 2 1 4 1 2 4 3 2 4 1 3 4 3 3 1 3 3 3 2 4 1 1 4 3 1 3 2 1 1 3 4 1 3 1 4 1 1 1 2 4 1 3 4 1 4 3 1 3 1 3 2 4 3 1 2 3 1 2 2 4 4 2 1 4 4 2 1 1 1 3 1 2 1 1 4 2 1 4 2 1 3 3 3 1 2 4
28 0.058824 4 3 4 3 3 1 2 1 1 4 4 2 3 3 2 3 3 1 1 2 2 3 2 2 4 0 0 0 1 3 3 2 2 3 1 2 3 1 2 3 2 2 3 2 2 2 3 2 3 2 3 2 2 3 2 4 2 2 2 3 3 2 3 1 1 2 3 3 1 3 3 1 2 1 3 1 4 3 2 2 3 4 3 2 3 1 3 1 4 2 3 3 1 1 4 2 1 1 4 2 3 3 4 1 1 2 4 3 1 4 3 1 3 1 2 3 2 1 2 1 4 1 2 4 3 2 4 1 3 4 3 3 1 3 3 3 2 4 1 1 4 3 1 3 2 1 1 3 4 1 3 1 4 1 1 1 2 4 1 3 4 1 4 3 1 3 1 3 2 4 3 1 2 3 1 2 2 4 4 2 1 4 4 2 1 1 1 3 1 2 1 1 4 2 1 4 2 1 3 3 3 1 2 4
28 0.058824 4 3 4 3 3 1 2 1 1 4 4 2 3 3 2 3 3 3 1 2 2 3 1 2 1 3 2 4 1 3 3 2 2 3 1 2 3 1 2 3 2 2 3 2 2 2 3 2 3 2 3 2 2 3 2 4 2 2 2 3 3 2 3 1 1 2 3 3 1 3 3 1 2 1 3 1 4 3 2 2 3 4 3 2 3 1 3 1 4 2 3 3 1 1 4 2 1 1 4 2 3 3 4 1 1 2 4 3 1 4 3 1 3 1 4 3 2 1 2 1 4 1 2 4 3 2 4 1 3 4 3 3 1 3 3 3 2 4 1 1 4 3 1 3 2 1 1 3 4 1 3 1 4 1 1 1 2 4 1 3 4 1 4 3 1 3 1 3 2 4 3 1 2 3 1 2 2 4 4 2 1 4 4 2 1 1 1 3 1 1 1 1 4 2 1 4 2 1 3 3 3 1 2 4
28 0.058824 4 3 4 3 3 1 2 1 1 4 4 2 3 3 2 3 3 1 1 4 4 3 1 2 1 3 2 4 1 3 3 2 2 3 1 2 3 1 2 1 2 2 3 2 2 2 3 2 3 2 3 2 2 3 2 4 2 2 2 3 3 2 3 1 1 2 3 3 1 3 3 1 2 1 3 1 4 3 2 2 3 4 3 2 3 1 3 1 4 2 3 3 1 1 4 2 1 1 4 2 3 3 4 1 1 2 4 3 1 4 3 1 3 1 4 3 2 1 2 1 4 1 2 4 3 2 4 1 3 4 3 3 1 3 3 3 2 4 1 1 4 3 1 3 2 1 1 3 4 1 3 1 4 1 1 1 2 4 1 3 4 1 4 3 1 3 1 3 2 4 3 1 2 3 1 2 2 4 4 2 1 4 4 2 1 1 1 3 1 2 1 1 4 2 1 4 2 1 3 3 3 1 2 4
70 0.066667 4 3 4 3 3 1 2 1 1 4 4 2 3 3 2 3 1 1 1 2 1 3 1 2 1 3 2 4 1 3 3 2 2 3 1 2 3 1 2 3 2 2 3 2 2 2 3 2 3 2 3 2 2 3 2 4 2 2 2 3 3 2 3 1 1 2 3 3 1 3 3 1 2 1 3 1 4 3 2 2 3 4 3 2 3 1 3 1 4 2 3 3 1 1 4 2 1 1 4 2 3 3 4 1 1 2 4 3 1 4 3 1 3 1 4 3 2 1 2 1 4 1 2 4 3 2 4 1 3 4 3 1 1 3 3 3 2 4 1 1 4 3 1 3 2 1 1 3 4 1 3 1 4 1 1 1 2 4 1 3 4 1 4 3 1 3 1 3 2 4 3 1 2 3 1 2 2 4 4 2 1 4 4 2 1 1 1 3 1 2 1 1 4 2 1 4 2 1 3 3 3 1 2 4
70 0.266667 4 3 4 3 3 1 2 1 1 4 4 2 3 3 2 3 3 1 1 2 1 3 1 2 1 3 2 4 1 3 3 2 2 3 1 2 3 1 2 3 2 2 3 2 2 2 3 2 3 2 3 2 2 3 2 4 2 2 2 3 3 2 3 1 1 2 3 3 1 3 3 1 2 1 3 1 4 3 2 2 3 4 3 2 3 1 3 1 4 2 3 3 1 1 4 2 1 1 4 2 3 3 4 1 1 2 4 3 1 4 3 1 3 1 4 3 2 1 2 1 4 1 2 4 3 2 4 1 3 4 3 1 1 3 3 3 2 4 1 1 4 3 1 3 2 1 1 3 4 1 3 1 4 1 1 1 2 4 1 3 4 1 4 3 1 3 1 3 2 4 3 1 2 3 1 2 2 4 4 2 1 4 4 2 1 1 1 3 1 2 1 1 4 2 1 4 2 1 3 3 3 1 2 4
70 0.066667 4 3 4 3 3 1 2 1 1 4 4 2 3 3 2 3 3 1 1 2 1 3 1 2 1 3 2 4 1 3 3 2 2 3 1 2 3 1 2 3 2 2 3 2 2 2 3 2 3 2 3 2 2 3 2 4 2 2 2 3 3 2 3 1 1 2 3 3 1 3 3 1 2 1 3 1 4 3 2 2 3 4 3 2 3 1 3 1 4 2 3 3 1 1 4 2 1 1 4 2 3 3 4 1 1 2 4 3 1 4 3 1 3 1 4 3 2 1 2 1 4 1 2 4 3 2 4 1 3 4 3 1 1 3 3 3 2 4 1 1 4 3 1 3 2 1 1 3 4 1 3 1 4 1 1 1 2 4 1 3 4 1 4 3 1 3 1 3 2 4 3 1 2 3 1 2 2 4 4 2 1 4 4 2 1 1 1 3 3 2 1 1 4 2 1 4 2 1 3 3 3 1 2 4
70 0.066667 4 3 4 3 3 1 2 1 1 4 4 2 3 3 2 3 3 1 1 2 2 3 1 4 1 3 2 4 1 3 3 2 2 3 1 2 1 1 2 3 2 2 3 2 4 2 3 2 3 2 3 2 2 3 2 4 2 2 2 3 3 2 3 1 1 2 3 3 1 3 3 1 2 1 3 1 4 3 2 2 3 4 3 2 3 1 3 1 4 2 3 3 1 1 4 2 1 1 4 2 3 3 4 1 1 2 4 3 1 4 3 1 3 1 4 3 2 1 2 1 4 1 2 4 3 2 4 1 3 4 3 3 1 3 3 3 2 4 1 1 4 3 1 3 2 1 1 3 4 1 3 1 4 1 1 1 2 4 1 3 4 1 4 3 1 3 1 3 2 4 3 1 2 3 1 2 2 4 4 2 1 4 4 2 1 1 1 3 1 2 1 1 4 2 1 4 2 1 3 3 3 1 2 4
70 0.333333 4 3 4 3 3 1 2 1 1 4 4 2 3 3 2 3 3 1 1 2 2 3 1 4 1 3 2 4 1 3 3 2 2 3 1 2 3 1 2 3 2 2 3 2 4 2 3 2 3 2 3 2 2 3 2 4 2 2 2 3 3 2 3 1 1 2 3 3 1 3 3 1 2 1 3 1 4 3 2 2 3 4 3 2 3 1 3 1 4 2 3 3 1 1 4 2 1 1 4 2 3 3 4 1 1 2 4 3 1 4 3 1 3 1 4 3 2 1 2 1 4 1 2 4 3 2 4 1 3 4 3 3 1 3 3 3 2 4 1 1 4 3 1 3 2 1 1 3 4 1 3 1 4 1 1 1 2 4 1 3 4 1 4 3 1 3 1 3 2 4 3 1 2 3 1 2 2 4 4 2 1 4 4 2 1 1 1 3 1 2 1 1 4 2 1 4 2 1 3 3 3 1 2 4
70 0.066667 4 3 4 3 3 1 2 1 1 4 4 2 3 3 2 3 3 1 3 2 2 3 1 2 1 3 2 4 1 3 3 4 2 3 1 2 3 1 2 1 2 2 1 2 2 2 3 2 3 2 3 2 2 3 2 4 2 2 2 3 3 2 3 1 1 2 3 3 1 3 3 1 2 1 3 1 4 3 2 2 3 4 3 2 3 1 3 1 4 2 3 3 2 3 4 2 1 1 4 2 3 3 4 1 1 2 4 3 1 4 3 1 3 1 4 3 2 1 2 1 4 1 2 4 3 2 4 1 3 4 3 3 1 3 3 3 2 4 1 1 4 3 1 3 2 1 1 3 4 1 3 1 4 1 1 1 2 4 1 3 4 1 4 3 1 3 1 3 2 4 3 1 2 3 1 2 2 4 4 2 1 4 4 2 1 1 1 3 1 2 1 1 4 2 1 4 2 1 3 3 3 1 2 4
70 0.066667 4 3 4 3 3 1 2 1 1 4 4 2 3 3 2 3 3 1 1 2 1 3 1 2 1 3 2 4 1 3 3 2 2 3 1 2 3 1 2 3 2 2 3 2 2 2 3 2 3 2 3 2 2 3 2 4 2 2 2 3 3 2 3 1 1 2 3 3 1 3 3 1 2 1 3 1 4 3 2 2 3 4 3 2 3 1 3 1 4 2 1 1 1 1 4 2 1 1 4 2 3 3 4 1 1 2 4 3 1 4 3 1 3 1 4 3 2 1 2 1 4 1 2 4 3 2 4 1 3 4 3 1 1 3 3 3 2 4 1 1 4 3 1 3 2 1 1 3 4 1 3 1 4 1 1 1 2 4 1 3 4 1 4 3 1 3 1 3 2 4 3 1 2 3 1 2 2 4 4 2 1 4 4 2 1 1 1 3 1 2 1 1 4 2 1 4 2 1 3 3 3 1 2 4
70 0.066667 4 3 4 3 3 1 2 1 1 4 4 2 3 3 2 3 3 1 3 2 2 3 1 2 1 3 2 4 1 3 3 4 2 3 1 2 3 1 2 1 2 2 3 2 2 2 3 2 3 2 3 2 2 3 2 4 2 2 2 3 3 2 3 1 1 2 3 3 1 3 3 1 2 1 3 1 4 3 2 2 3 4 3 2 3 1 3 1 4 2 3 3 2 3 4 2 1 1 4 2 3 3 4 1 3 2 4 3 1 4 3 1 3 1 4 3 2 1 2 1 4 1 2 4 3 2 4 1 3 4 3 3 1 3 3 3 2 4 1 1 4 3 1 3 2 1 1 3 4 1 3 1 4 1 1 1 2 4 1 3 4 1 4 3 1 3 0 3 2 4 3 1 2 3 1 2 2 4 4 2 1 4 4 2 1 1 1 3 1 2 1 1 4 2 1 4 2 1 3 3 3 1 2 4
183 0.071429 4 3 4 3 3 1 2 1 1 4 4 2 3 3 2 3 3 3 1 2 2 3 1 2 1 3 2 4 1 1 3 2 2 3 3 2 3 1 2 3 2 2 3 2 4 2 3 2 3 2 3 2 2 1 2 4 2 2 2 3 3 2 3 1 1 2 3 3 1 3 3 1 2 1 3 3 4 3 2 2 3 4 3 2 3 1 3 1 4 2 3 3 1 1 4 2 1 1 4 2 3 3 4 1 1 2 4 3 1 4 3 1 3 1 4 3 2 1 2 1 4 1 2 4 3 2 4 1 3 4 3 3 1 3 3 3 2 4 1 1 4 3 1 3 2 1 1 3 4 1 3 1 4 1 1 1 2 4 1 3 4 1 4 3 1 3 1 3 2 4 3 1 2 3 1 2 2 4 4 2 1 4 4 2 1 1 1 3 1 2 1 1 4 2 1 4 2 1 3 3 3 1 2 4
183 0.071429 4 3 4 3 3 1 2 1 1 2 4 2 3 3 2 3 3 3 1 2 2 3 1 2 1 3 2 4 1 1 3 2 2 3 3 2 3 1 2 3 2 2 3 2 4 2 3 2 3 2 3 2 2 3 2 4 2 2 2 3 3 2 3 1 1 2 3 3 1 3 3 1 2 1 3 1 4 3 2 2 3 4 3 2 3 1 3 1 4 2 3 3 1 1 4 2 1 1 4 2 3 3 4 1 1 2 4 3 1 4 3 1 3 1 4 3 2 1 2 1 4 1 2 4 3 2 4 1 3 4 3 3 1 3 3 3 2 4 1 1 4 3 1 3 2 1 1 3 4 1 3 1 4 1 1 1 2 4 1 3 4 1 4 3 1 3 1 3 2 4 3 1 2 3 1 2 2 2 4 2 1 4 4 2 1 1 1 3 1 2 1 1 4 2 1 4 2 1 3 3 3 1 2 4
183 0.071429 4 3 4 3 3 1 2 1 1 4 4 2 3 3 2 3 3 1 1 2 2 3 1 4 1 3 2 4 1 3 3 2 4 3 1 2 3 1 2 3 2 2 3 2 4 2 3 2 3 2 3 2 2 3 2 4 2 2 2 3 3 2 3 1 1 2 3 3 1 3 3 1 2 1 3 1 4 3 2 2 3 4 3 2 3 1 3 1 4 2 3 3 1 1 4 2 1 1 4 2 3 3 4 1 1 2 2 3 1 4 3 1 3 1 4 3 2 1 2 1 4 1 2 4 3 2 4 1 3 4 3 3 1 3 3 3 2 4 1 1 4 3 1 3 2 1 1 3 4 1 3 1 4 1 1 1 2 4 1 3 4 1 4 3 1 3 1 3 2 4 3 1 2 3 1 2 2 4 4 2 1 4 4 2 1 1 1 3 1 2 1 1 4 2 1 4 2 1 3 3 3 1 2 4
183 0.071429 2 3 4 3 3 1 2 1 1 4 4 2 3 3 2 3 3 3 1 2 2 3 1 2 1 3 2 4 1 1 3 2 2 3 3 2 3 1 2 3 2 2 3 2 4 2 3 2 3 2 3 2 2 1 2 4 2 2 2 3 3 2 3 1 1 2 3 3 1 3 3 1 2 1 3 1 4 3 2 2 3 4 3 2 3 1 3 1 4 2 3 3 1 1 4 2 1 1 4 2 3 3 4 1 1 2 4 3 1 4 3 1 3 1 4 3 2 1 2 1 4 1 2 4 3 2 4 1 3 4 3 3 1 3 3 3 2 4 1 1 4 3 1 3 2 1 1 3 4 1 3 1 4 1 1 1 2 4 1 3 4 1 4 3 1 3 1 3 2 4 3 1 2 3 1 2 2 4 4 2 1 4 4 2 1 1 1 3 1 2 1 1 4 2 1 4 2 1 3 3 3 1 2 4
183 0.071429 4 3 4 3 3 1 2 1 1 4 4 2 3 3 2 3 3 3 1 2 2 3 1 2 1 3 2 4 1 1 3 2 2 3 3 2 3 1 2 3 2 2 3 2 4 2 3 2 3 2 3 2 2 1 2 4 2 2 2 3 3 2 3 1 1 2 3 3 1 3 3 1 4 1 3 1 4 3 2 2 3 4 3 2 3 1 3 1 4 2 3 3 1 1 4 2 1 1 4 2 3 3 4 1 1 2 2 3 1 4 3 1 3 1 4 3 2 1 2 1 4 1 2 4 3 2 4 1 3 4 3 3 1 3 3 3 2 4 1 1 4 3 1 3 2 1 1 3 4 1 3 1 4 1 1 1 2 4 1 3 4 1 4 3 1 3 1 3 2 4 3 1 2 3 1 2 2 4 4 2 1 4 4 2 1 1 1 3 1 2 1 1 4 2 1 4 2 1 3 3 3 1 2 4
183 0.071429 4 3 4 3 3 1 2 1 1 4 4 2 3 3 2 3 3 3 1 2 2 3 1 2 1 3 2 4 1 1 3 2 2 3 3 2 3 1 2 3 2 2 3 2 4 2 3 2 3 2 3 2 2 1 2 4 2 2 2 3 3 2 3 1 1 2 3 3 1 3 3 1 2 1 3 1 4 3 2 2 3 4 3 2 3 1 3 1 4 2 3 3 1 1 4 2 1 1 4 2 3 3 4 1 1 2 4 3 1 4 3 1 3 1 4 3 4 1 2 1 4 1 2 4 3 2 4 1 3 4 3 3 1 3 3 3 2 4 1 1 4 3 1 3 2 1 1 3 4 1 3 1 4 1 1 1 2 4 1 3 4 1 4 3 1 3 1 3 2 4 3 1 2 3 1 2 2 4 4 2 1 4 4 2 1 1 1 3 1 2 1 1 4 2 1 4 2 1 3 3 3 1 2 4
183 0.071429 4 3 4 3 3 1 2 1 1 2 4 2 3 3 2 3 3 3 1 2 2 3 1 2 1 3 2 4 1 1 3 2 2 3 3 2 3 1 2 3 2 2 3 2 4 2 3 2 3 2 3 2 2 1 2 4 2 2 2 3 3 2 3 1 1 2 3 3 1 3 3 1 2 1 3 1 4 3 2 2 3 4 3 2 3 1 3 1 4 2 3 3 1 1 4 2 1 1 4 2 3 3 4 1 1 2 4 3 1 4 3 1 3 1 4 3 2 1 2 1 4 1 2 4 3 2 4 1 3 4 1 3 1 3 3 3 2 4 1 1 4 3 1 3 2 1 1 3 4 1 3 1 4 1 1 1 2 4 1 3 4 1 4 3 1 3 1 3 2 4 3 1 2 3 1 2 2 4 4 2 1 4 4 2 1 1 1 3 1 2 1 1 4 2 1 4 2 1 3 3 3 1 2 4
183 0.071429 4 3 4 3 3 1 2 1 1 4 4 2 3 3 2 3 3 3 1 2 2 3 1 2 1 3 2 4 1 1 3 2 2 3 3 2 3 1 2 3 2 2 3 2 4 2 3 2 3 2 3 2 2 1 2 4 2 2 2 3 3 2 3 1 1 2 3 3 1 3 3 1 2 1 3 1 4 3 2 2 3 4 3 2 3 1 3 1 4 2 3 3 1 1 4 2 1 1 4 2 3 3 4 1 1 2 4 3 3 4 3 1 3 1 4 3 2 1 2 1 4 1 2 2 3 2 4 1 3 4 3 3 1 3 3 3 2 4 1 1 4 3 1 3 2 1 1 3 4 1 3 1 4 1 1 1 2 4 1 3 4 1 4 3 1 3 1 3 2 4 3 1 2 3 1 2 2 4 4 2 1 4 4 2 1 1 1 3 1 2 1 1 4 2 1 4 2 1 3 3 3 1 2 4
183 0.071429 4 3 4 3 3 1 2 1 1 4 4 2 3 3 2 3 3 3 1 2 2 3 1 2 1 3 2 4 1 1 3 2 2 3 3 2 3 1 2 3 2 2 3 2 4 2 3 2 3 2 3 2 2 1 2 4 2 2 2 3 3 2 3 1 1 2 3 3 1 3 3 1 2 1 3 1 4 3 2 2 3 4 3 2 3 1 3 1 4 2 3 3 1 1 4 2 1 1 4 2 3 3 4 1 1 2 4 3 1 4 3 1 3 1 4 3 2 1 2 1 4 1 2 4 3 2 4 1 3 4 3 3 1 3 3 3 2 4 1 1 4 3 1 3 2 1 1 3 4 1 3 1 4 1 1 1 2 4 1 3 4 1 4 3 1 3 1 3 2 4 3 1 2 3 1 2 2 4 4 2 1 4 4 2 1 1 1 3 1 2 1 1 4 2 1 4 2 1 3 3 3 1 2 4
183 0.071429 4 3 4 3 3 1 2 1 1 4 4 2 3 3 2 3 3 3 1 2 2 3 1 2 1 3 2 4 1 3 3 2 2 3 3 2 3 1 2 3 2 2 3 2 4 2 3 1 3 2 3 2 2 3 2 4 2 4 2 3 3 2 3 1 1 2 3 3 1 3 3 1 2 1 3 1 4 3 2 2 3 4 3 2 3 1 3 1 4 2 3 3 1 1 4 2 1 1 4 2 3 3 4 1 1 2 4 3 1 4 3 1 3 1 4 3 2 1 2 1 4 1 2 4 3 2 4 1 3 4 3 3 1 3 3 3 2 4 1 1 4 3 1 3 2 1 1 3 4 1 3 1 4 1 1 1 2 4 1 3 4 1 4 3 1 3 1 3 2 4 3 1 2 3 1 2 2 4 4 2 1 4 4 2 1 1 1 3 1 2 1 1 4 2 1 4 2 1 3 3 3 1 2 4
183 0.071429 4 3 4 3 3 1 2 1 1 4 4 2 3 3 2 3 3 3 1 2 2 3 1 2 1 3 2 4 1 3 3 2 2 3 3 2 3 1 2 3 2 2 3 2 4 2 3 1 3 2 3 2 2 3 2 4 2 2 2 3 3 2 3 1 1 2 3 3 1 3 3 1 2 1 3 1 4 3 2 2 3 4 3 2 3 1 3 1 4 2 3 3 1 1 4 2 1 1 4 2 3 3 4 1 1 2 4 3 1 4 3 1 3 1 4 3 2 1 2 1 4 1 2 4 3 2 4 1 3 4 3 3 1 3 3 3 2 4 1 1 4 3 1 3 2 1 1 3 4 1 3 1 4 1 1 1 2 4 1 3 4 1 4 3 1 3 1 3 2 4 3 1 4 3 1 2 2 4 4 2 1 4 4 2 1 1 1 3 1 2 1 1 4 2 1 4 2 1 3 3 3 1 2 4
183 0.071429 4 3 4 0 3 1 2 1 1 4 4 2 3 3 2 3 3 3 1 2 2 3 1 2 1 3 2 4 1 3 4 2 2 3 3 2 3 1 2 3 2 2 3 2 4 2 3 2 3 2 3 2 2 3 2 4 2 2 2 3 3 2 3 1 1 2 3 3 1 3 3 1 2 1 3 1 4 3 2 2 3 4 3 2 3 1 3 1 4 2 3 3 1 1 4 2 1 1 4 2 3 3 4 1 1 2 4 3 1 4 3 1 3 1 4 3 2 1 2 1 4 1 2 4 3 2 4 1 3 4 3 3 1 3 3 3 2 4 1 1 4 3 1 3 2 1 1 3 4 1 3 1 4 1 1 1 2 4 1 3 4 1 4 3 1 3 1 3 2 4 3 1 2 3 1 4 2 4 4 2 1 4 4 2 1 1 1 3 1 2 1 1 4 2 1 4 2 1 3 3 3 1 2 4
183 0.071429 4 3 4 3 3 1 2 1 1 4 4 2 3 3 2 3 3 3 1 2 2 3 1 2 1 3 2 4 1 1 3 2 2 3 3 2 3 1 2 3 2 2 3 2 4 2 3 2 3 2 3 2 2 1 2 4 2 2 2 3 3 2 3 1 1 2 3 3 1 3 3 1 2 1 3 1 4 3 2 2 3 4 3 2 3 1 3 1 4 2 3 3 1 1 4 2 1 1 4 2 3 3 4 1 1 2 4 3 1 4 3 1 3 2 4 3 2 1 2 1 4 1 2 4 3 2 4 1 3 4 3 3 1 3 3 3 2 4 1 1 4 3 1 3 2 1 1 3 4 1 3 1 4 1 1 1 2 4 1 3 4 1 4 3 1 3 1 3 2 4 3 1 2 3 1 2 2 4 4 2 1 4 4 2 1 1 1 3 1 2 1 1 4 2 1 4 2 1 3 3 3 1 2 4
183 0.071429 4 3 4 3 1 1 2 1 1 4 4 2 3 3 2 3 3 3 1 2 2 3 1 2 1 3 2 4 1 1 3 2 2 3 3 2 3 1 2 3 2 2 3 2 4 2 3 2 3 4 3 2 2 3 2 4 2 2 2 3 3 2 3 1 1 2 3 3 1 3 3 1 2 1 3 1 4 3 2 2 3 4 3 2 3 1 3 1 4 2 3 3 1 1 4 2 1 1 4 2 3 3 4 1 1 2 4 3 1 4 3 1 3 1 4 3 2 1 2 1 4 1 2 2 3 2 4 1 3 4 3 3 1 3 3 3 2 4 1 1 4 3 1 3 2 1 1 3 4 1 3 1 4 1 1 1 2 4 1 3 4 1 4 3 1 3 1 3 2 4 3 1 2 3 1 2 2 4 4 2 1 4 4 2 1 1 1 3 1 2 1 1 4 2 1 4 2 1 3 3 3 1 2 4
434 0.041667 4 3 4 3 3 1 2 1 1 4 3 2 3 3 2 3 3 3 1 2 2 3 1 2 1 3 2 4 1 3 3 2 2 3 3 2 3 1 2 1 2 2 3 2 4 4 3 2 3 2 3 4 2 3 2 4 2 2 2 3 3 2 3 1 1 2 3 3 1 3 3 1 2 1 3 1 4 3 2 2 3 4 3 4 3 1 1 1 4 2 3 3 1 3 4 2 1 1 4 2 3 3 4 1 1 2 4 3 1 4 3 1 3 1 4 3 2 1 2 1 4 1 2 4 3 2 4 3 3 4 3 3 1 1 3 3 2 4 1 1 4 3 1 3 2 1 1 3 4 1 3 1 4 1 1 1 2 4 1 3 4 1 4 3 1 3 1 1 2 4 3 1 2 3 1 2 2 4 4 2 1 4 4 2 1 1 1 3 1 2 1 1 4 2 1 4 2 1 3 3 3 1 2 4
434 0.041667 4 3 4 3 3 1 2 1 1 4 3 2 3 3 2 3 3 3 1 2 2 3 1 2 1 3 2 4 1 3 3 2 2 3 3 2 3 1 2 1 2 2 3 2 4 2 3 2 3 2 3 4 2 3 2 4 2 2 2 3 3 2 3 1 1 2 3 3 1 3 3 1 2 1 1 1 4 3 2 2 3 4 3 4 3 1 1 1 3 2 3 3 1 3 4 2 1 3 4 2 3 3 4 3 1 2 4 3 1 4 3 1 1 1 4 3 2 1 2 1 4 1 2 4 3 2 4 1 1 4 3 3 1 3 3 3 2 4 1 1 4 3 1 3 2 1 1 3 4 1 3 1 4 1 1 1 2 4 1 3 4 1 4 3 1 3 1 1 2 4 3 1 2 0 1 2 2 4 4 2 1 4 4 2 1 1 1 3 1 2 1 1 4 2 1 4 2 1 3 3 3 1 2 4
434 0.041667 4 3 4 3 3 1 2 1 1 2 4 2 3 3 2 3 3 3 1 2 2 3 1 2 1 3 2 4 1 1 3 2 2 3 3 2 3 1 2 1 2 2 3 2 4 2 3 2 3 2 4 4 2 3 2 4 2 2 2 3 3 2 3 1 1 2 3 3 3 3 3 1 2 1 3 1 4 3 2 2 3 4 3 4 3 1 3 1 4 2 3 3 1 3 4 2 1 1 4 2 3 3 4 3 1 2 4 3 1 4 3 1 3 1 4 1 2 1 2 1 4 1 2 4 1 2 4 1 3 4 3 3 1 3 3 3 2 4 1 1 4 3 1 3 2 1 1 3 4 1 3 1 4 1 1 1 2 4 1 3 4 1 4 3 1 3 1 1 2 4 3 1 2 3 1 2 2 4 4 2 1 4 4 2 1 1 1 3 1 2 1 1 4 2 1 4 2 1 3 3 3 1 2 4
434 0.041667 4 3 4 3 3 4 2 1 1 2 4 2 3 3 2 3 3 3 1 2 2 3 1 2 1 3 2 4 1 3 3 2 2 3 3 2 3 1 2 1 2 2 3 2 4 2 3 1 3 2 3 4 2 3 2 4 2 2 2 1 3 2 3 1 1 2 3 3 1 3 3 1 2 1 3 1 4 3 2 2 3 4 3 4 3 1 1 1 4 2 3 3 1 3 4 2 1 1 4 2 3 3 4 1 1 2 4 3 1 4 3 1 3 1 4 3 2 1 2 1 4 1 2 4 3 2 4 1 3 4 3 3 1 3 3 3 2 4 1 1 4 3 1 3 2 1 1 3 4 1 3 1 4 1 1 1 2 4 1 3 4 1 4 3 1 3 1 1 2 4 3 1 2 3 1 2 2 4 2 2 1 4 4 2 1 1 1 3 1 2 1 1 4 2 1 4 2 1 3 3 3 1 2 4
434 0.041667 4 3 4 3 3 4 2 1 1 2 4 2 3 3 2 3 3 3 1 2 2 3 1 2 1 3 2 4 1 3 3 2 2 3 3 2 3 1 2 1 2 2 3 2 4 2 3 2 3 2 3 4 2 3 4 4 2 2 2 3 3 2 3 1 1 2 3 3 3 3 3 1 2 1 3 1 4 3 2 4 3 4 3 4 3 1 1 1 4 4 3 3 2 3 1 2 1 1 4 2 3 3 4 1 1 2 4 3 1 4 3 1 3 1 4 3 2 1 2 1 4 1 2 4 3 2 4 1 3 2 3 3 1 3 3 3 2 4 1 1 4 3 1 3 2 1 1 3 4 1 3 1 4 1 1 1 2 4 1 3 4 1 4 3 1 3 1 3 2 4 3 1 2 3 1 2 2 4 4 2 1 4 4 2 1 1 1 3 1 2 1 1 4 2 1 4 2 1 3 3 3 1 2 4
434 0.041667 4 3 4 3 3 1 4 1 2 4 4 2 3 3 2 3 3 3 1 2 2 3 1 2 1 3 2 4 1 3 3 2 2 3 3 2 3 1 2 1 2 2 3 2 4 2 3 2 1 2 3 4 2 3 2 4 2 2 2 3 3 2 3 1 1 2 3 3 1 3 3 1 2 1 3 1 4 3 2 2 3 4 3 4 3 1 3 1 4 2 3 3 2 3 4 2 1 1 4 2 3 3 4 1 1 2 4 3 1 4 1 1 3 1 4 3 2 1 2 1 4 1 2 4 3 2 4 1 3 4 3 3 1 3 3 3 2 1 1 1 4 3 1 3 2 1 1 3 4 1 3 1 4 1 1 1 2 4 1 3 4 1 4 3 1 3 1 1 2 4 3 1 2 3 1 2 2 4 4 2 1 4 4 2 1 1 1 3 1 2 1 1 4 2 1 4 2 1 3 3 3 1 2 4
434 0.041667 4 3 4 3 3 1 2 1 1 4 3 2 3 3 2 3 3 3 1 2 2 3 1 2 1 3 2 4 1 3 3 2 2 3 3 2 3 1 2 1 2 2 3 2 4 2 3 2 3 2 3 2 4 3 2 4 2 2 2 3 3 2 3 1 1 2 3 3 1 3 3 1 2 1 3 1 4 3 4 2 3 4 3 4 3 1 1 1 4 2 3 3 2 3 4 2 1 1 4 2 3 3 4 1 1 2 4 3 1 4 3 1 3 1 4 3 2 1 2 1 4 1 2 4 3 2 4 1 3 4 3 3 1 3 3 3 2 4 1 1 4 3 1 3 2 1 1 3 4 1 3 1 4 1 1 1 2 4 1 3 4 1 4 3 1 3 1 1 2 4 3 1 2 3 1 2 2 4 4 2 1 4 4 2 1 1 1 3 1 2 1 1 4 2 1 4 2 1 3 3 3 1 2 4
434 0.041667 4 1 4 3 3 4 2 1 1 4 3 2 3 3 2 3 3 3 1 2 2 3 1 2 1 3 2 4 1 3 3 2 2 1 3 2 3 1 2 1 2 2 3 2 4 2 3 2 3 2 3 4 2 3 2 4 2 2 2 3 3 2 3 1 1 2 3 3 3 3 3 1 2 1 3 1 4 3 2 2 3 4 3 4 3 1 1 1 4 2 3 3 2 3 4 2 1 1 4 2 3 3 4 1 1 2 4 3 1 4 3 1 3 1 4 3 2 1 2 1 4 1 2 2 3 2 4 1 3 4 3 3 1 3 3 3 2 4 1 1 4 3 1 3 2 1 1 3 4 1 3 1 4 1 1 1 2 4 1 3 4 1 4 3 1 3 1 1 2 4 3 1 2 3 1 2 2 4 4 2 1 4 4 2 1 1 1 3 1 2 1 1 4 2 1 4 2 1 3 3 3 1 2 4
434 0.041667 4 3 4 3 3 1 2 1 1 2 4 2 3 3 2 3 3 3 1 2 2 3 1 2 1 3 2 4 1 3 3 2 2 3 3 2 3 1 2 3 2 2 3 2 2 2 3 2 3 2 3 4 2 3 2 4 2 2 2 3 3 2 3 1 1 2 3 3 3 3 3 1 2 1 3 1 4 3 2 4 3 4 3 4 3 1 1 1 4 2 3 3 1 3 4 2 1 1 4 2 3 3 4 3 1 2 4 3 1 4 3 1 3 1 4 3 2 1 4 1 4 1 2 4 3 2 4 1 3 4 3 3 1 3 3 3 2 4 1 1 4 3 1 3 2 1 1 3 4 1 3 1 4 1 1 1 2 4 1 3 4 1 4 3 1 3 1 1 2 4 3 1 2 3 1 2 2 4 4 2 1 4 4 2 1 1 1 3 1 2 1 1 4 2 1 4 2 1 3 3 3 1 2 4
434 0.041667 4 3 4 3 3 4 2 1 1 2 4 2 3 3 2 3 3 1 1 2 4 3 1 4 1 3 2 4 1 3 3 2 2 3 3 4 3 1 2 1 2 2 3 2 4 2 3 2 3 2 3 4 2 3 2 4 2 2 2 3 3 2 3 1 1 2 3 3 1 3 3 1 2 1 3 1 4 3 2 2 3 4 3 2 3 2 3 1 4 2 3 3 1 3 4 2 1 1 4 2 3 3 4 3 1 2 4 3 1 4 3 1 3 1 4 3 2 1 2 1 2 1 2 4 3 2 4 1 3 4 3 3 1 3 3 3 2 4 1 1 4 3 1 3 2 1 1 3 4 1 3 1 4 1 1 1 2 4 1 3 4 1 2 3 1 3 1 1 2 4 3 1 2 3 1 2 2 4 4 2 1 4 4 2 1 1 1 3 1 2 1 1 4 2 1 4 2 1 3 3 3 1 2 4
434 0.041667 4 3 4 3 3 4 2 1 1 2 4 2 3 3 4 3 3 3 1 2 2 3 1 2 1 3 2 4 2 3 3 2 2 3 3 2 3 1 2 1 2 2 3 2 4 2 3 2 3 2 3 4 2 3 2 4 2 2 2 3 3 2 3 1 1 2 3 3 1 3 3 1 2 1 3 1 4 3 2 2 3 4 3 4 3 1 3 1 4 2 3 3 1 3 4 2 1 3 2 2 3 3 4 1 1 2 4 3 1 4 3 1 3 1 4 3 2 1 2 1 4 1 2 4 3 2 2 1 3 4 3 3 1 3 3 3 2 4 1 1 4 3 1 3 2 1 1 3 4 1 3 1 4 1 1 1 2 4 1 3 4 1 4 3 1 3 1 3 2 4 3 1 2 3 1 2 4 4 4 2 1 4 4 2 1 1 1 3 1 2 1 0 0 0 0 0 0 0 0 0 0 0 0 0
434 0.041667 4 3 4 3 3 1 2 1 2 4 4 2 3 3 2 3 3 3 1 2 2 3 1 2 1 3 2 4 1 1 3 2 2 3 3 2 3 1 2 1 2 2 3 2 2 2 3 2 3 2 3 2 4 3 2 4 2 2 2 1 3 2 3 1 1 2 3 3 1 3 3 1 2 1 3 1 4 3 2 2 3 4 3 2 3 1 3 1 4 4 3 3 2 3 4 2 1 1 4 2 3 3 4 1 1 2 4 3 1 3 3 3 3 1 4 3 2 1 2 1 4 1 2 4 3 2 4 1 3 4 3 3 1 3 3 3 2 4 1 1 4 3 1 3 2 1 1 3 4 1 3 1 4 1 1 1 2 4 1 3 4 1 4 3 1 3 1 1 2 4 3 3 2 3 1 2 2 4 4 2 1 4 4 2 1 1 1 3 1 2 1 1 4 2 1 4 2 1 3 3 3 1 2 4
434 0.041667 4 3 4 3 3 1 2 4 1 2 4 2 3 3 2 3 3 3 1 2 2 3 1 2 1 3 2 4 1 3 3 2 2 3 3 2 3 1 2 1 2 2 3 2 4 4 3 2 3 2 3 4 2 3 2 4 2 2 2 3 3 2 3 1 1 2 3 3 3 3 3 1 2 1 3 1 4 3 2 2 3 4 3 4 3 1 3 1 4 2 3 3 2 3 4 2 1 1 4 2 3 3 4 1 1 2 4 3 1 4 3 1 3 1 4 3 2 1 2 1 4 1 2 4 3 2 4 1 3 4 3 3 1 3 3 3 2 4 1 1 4 3 1 3 2 1 1 3 4 1 3 1 4 1 1 1 2 4 1 3 4 1 4 3 1 3 1 3 2 4 3 1 2 3 1 2 4 4 4 2 1 4 4 2 1 1 1 3 1 2 1 1 4 2 1 4 2 1 3 3 3 1 2 4
434 0.041667 4 3 4 3 3 1 2 1 1 2 4 2 3 3 2 1 3 3 1 2 2 3 1 2 1 3 2 4 1 3 3 2 2 3 3 2 3 1 2 1 2 2 3 2 2 2 3 2 3 2 3 4 2 3 2 4 2 2 2 3 3 2 3 1 1 2 3 3 1 3 3 1 2 1 3 1 4 3 2 2 3 4 1 4 3 1 1 1 4 2 3 3 2 3 4 2 1 1 4 2 3 3 4 1 1 2 4 3 1 4 3 1 3 1 4 3 2 1 2 1 4 1 2 4 3 2 4 1 3 4 3 3 1 3 3 3 2 4 1 1 4 3 1 3 2 1 1 3 4 1 3 1 4 1 1 1 2 4 1 3 4 1 4 3 1 3 1 1 2 3 3 1 2 3 1 2 2 4 4 2 1 4 4 2 1 1 1 3 1 2 1 1 4 2 1 4 2 1 3 3 3 1 2 4
434 0.041667 4 3 4 3 3 1 4 1 1 4 4 2 1 3 2 3 3 3 1 2 2 3 1 2 1 3 2 4 1 1 3 2 2 3 3 2 3 3 2 1 2 2 3 4 2 2 3 2 3 2 3 2 4 3 2 4 2 2 2 3 3 2 3 1 1 2 3 3 1 3 3 1 2 1 3 1 4 3 2 2 3 4 3 4 3 1 3 1 4 2 3 3 2 3 4 2 1 1 4 2 3 3 4 1 1 2 4 3 1 4 3 1 3 1 4 3 2 1 2 1 4 1 2 4 3 2 4 1 3 4 3 3 1 3 3 3 2 4 1 1 4 3 1 3 2 1 1 3 4 1 3 1 4 1 1 1 2 4 1 3 4 1 4 3 1 3 1 1 2 4 3 1 2 3 1 2 2 4 4 2 1 4 4 2 1 1 1 3 1 2 1 1 4 2 1 4 2 1 3 3 3 1 2 4
434 0.041667 4 3 4 3 3 1 2 1 1 4 3 2 3 3 2 3 3 3 1 2 2 3 1 2 1 3 2 4 1 3 3 2 2 3 3 2 3 1 2 1 2 2 3 2 4 2 3 2 3 2 3 4 2 3 4 4 2 2 2 3 3 2 3 1 1 2 3 3 1 3 3 1 2 1 3 1 4 3 2 2 3 4 3 4 3 1 3 1 4 2 3 3 1 3 4 2 1 1 4 2 3 1 4 3 1 4 4 3 1 4 3 1 3 1 4 3 2 1 2 1 4 3 2 4 3 2 4 1 3 4 3 3 1 3 3 3 2 4 1 1 4 3 1 3 2 1 1 3 4 1 3 1 4 1 1 1 2 4 1 3 4 1 4 3 1 3 1 1 4 4 3 1 2 3 1 2 2 4 4 2 1 4 4 2 1 1 1 3 1 2 1 1 4 2 1 4 2 1 3 3 3 1 2 4
434 0.041667 4 3 4 3 3 4 2 1 1 4 3 2 3 3 2 3 3 3 1 2 2 3 1 2 1 3 2 4 1 3 3 2 2 3 3 2 3 1 2 1 2 2 3 2 4 4 1 2 3 2 3 4 2 3 2 2 2 2 2 3 3 2 3 1 1 2 3 3 1 1 3 1 2 1 3 1 4 3 2 4 1 4 3 4 3 1 1 1 4 2 3 3 2 3 4 2 1 1 4 2 3 3 4 1 1 2 4 3 1 4 3 1 3 1 4 3 2 1 2 1 4 1 2 4 3 2 4 1 3 4 3 3 1 3 3 3 2 4 1 1 4 3 1 3 2 1 1 3 4 1 3 1 4 1 1 1 2 4 1 3 4 1 4 3 1 3 1 1 2 4 3 1 2 3 1 2 2 4 4 2 1 4 4 2 1 1 1 3 1 2 1 1 4 2 1 4 2 1 3 3 3 1 2 4
434 0.041667 4 3 4 3 3 4 2 1 1 4 3 2 3 3 2 3 3 3 1 2 2 3 1 2 1 3 2 4 1 3 3 2 2 3 3 2 3 1 2 1 2 2 3 2 2 4 3 2 3 2 3 4 2 3 2 4 2 2 2 3 3 2 3 1 1 2 3 3 1 3 3 1 2 1 3 1 4 3 2 4 3 4 3 4 3 1 1 1 4 2 3 3 2 3 4 2 1 1 4 2 3 3 4 1 1 2 4 3 1 4 3 1 3 1 4 3 2 1 2 1 4 1 2 4 3 2 4 1 3 4 3 3 1 3 1 3 2 4 1 1 4 3 1 3 2 1 1 3 4 1 3 1 4 1 1 1 2 4 1 3 4 1 4 1 1 3 1 1 2 4 3 1 2 3 1 2 2 4 4 2 1 4 4 2 1 1 1 3 1 2 3 1 4 2 1 4 2 1 3 3 3 1 2 4
434 0.041667 4 3 4 3 3 1 2 1 1 4 3 2 3 3 2 3 3 3 1 2 2 3 1 2 1 3 2 4 1 3 3 2 2 3 3 2 3 1 2 1 2 2 3 2 4 2 3 2 3 2 3 4 2 3 2 4 2 2 2 3 3 2 3 1 1 2 1 3 3 3 3 1 2 1 3 1 4 3 2 2 3 2 3 4 1 1 1 1 4 2 3 3 1 3 4 2 1 1 4 2 3 3 3 1 1 2 4 3 1 4 3 1 3 1 4 3 2 1 2 1 4 1 2 4 3 2 4 1 3 4 3 3 1 3 3 3 2 4 1 1 4 3 1 3 2 1 1 3 4 1 3 1 4 1 1 1 2 4 1 3 4 1 4 3 1 3 1 1 2 4 3 1 2 3 1 2 2 4 4 2 1 4 4 2 1 1 1 3 1 2 1 1 4 2 1 4 2 1 3 3 3 1 2 4
434 0.041667 4 3 4 3 3 4 2 1 1 4 3 2 3 3 2 3 3 3 1 2 2 3 1 2 1 3 2 4 1 3 3 2 2 3 3 2 3 1 2 1 2 2 3 2 4 4 3 2 3 2 3 4 2 3 2 2 2 2 2 3 3 2 3 1 1 2 3 3 1 3 3 1 2 1 3 1 4 3 2 4 3 4 3 4 3 1 1 1 4 2 3 3 2 3 4 4 1 1 4 2 3 3 4 1 1 2 4 3 1 4 3 1 3 1 4 3 2 1 2 1 4 1 2 4 3 2 4 1 3 4 3 3 1 3 3 3 2 4 1 1 4 3 1 3 2 1 1 3 4 1 3 1 4 1 1 1 2 4 1 3 4 1 4 3 1 3 1 1 2 4 3 1 2 3 1 2 2 4 4 2 1 4 4 2 1 1 1 3 1 2 1 1 4 2 1 4 2 1 3 3 3 1 2 4
434 0.041667 4 3 4 3 3 4 2 1 1 4 3 2 3 3 2 3 3 3 1 2 2 3 1 2 1 3 2 4 1 3 3 2 2 3 3 2 3 1 2 1 2 2 3 2 4 2 3 2 3 2 3 4 2 3 2 4 2 2 2 3 3 2 3 1 1 2 3 3 1 3 1 1 2 1 3 1 4 3 2 4 3 4 3 4 3 1 1 1 4 2 3 3 1 3 4 2 1 1 4 2 3 3 4 1 1 2 4 3 1 4 3 1 3 1 4 3 2 4 2 2 4 1 4 4 3 2 4 1 3 4 3 3 1 3 3 3 2 4 1 1 4 3 1 3 2 1 1 3 4 1 3 1 4 1 1 1 2 4 1 3 4 1 4 3 3 3 1 1 2 4 3 1 2 3 1 2 2 4 4 2 1 4 4 2 1 1 1 3 1 2 1 1 4 2 1 4 2 1 3 3 3 1 2 4
434 0.041667 4 3 4 3 3 1 2 1 1 4 3 2 3 3 2 3 3 3 1 2 2 3 1 2 1 3 2 4 1 3 3 2 2 3 3 2 3 1 2 1 2 2 3 2 4 2 3 2 3 2 3 4 2 3 2 4 2 2 2 3 3 2 3 1 1 2 3 3 1 3 3 3 2 1 3 1 4 3 2 2 3 4 3 4 3 1 1 1 4 2 3 3 2 3 4 2 1 1 4 2 3 3 4 1 1 2 4 3 1 4 3 1 3 1 4 3 2 1 2 1 4 1 2 4 3 2 4 1 3 4 3 3 1 3 3 3 2 4 1 1 4 3 1 3 2 1 1 3 4 1 3 1 4 1 1 1 2 4 1 3 4 1 4 3 1 3 1 1 2 4 3 1 2 3 1 2 2 4 4 2 1 4 4 2 1 1 1 3 1 2 1 1 4 2 1 4 2 1 3 3 3 1 2 4
434 0.041667 4 3 4 3 3 1 2 1 1 4 3 2 3 3 2 3 3 3 1 2 2 3 1 2 1 3 2 4 1 3 3 2 2 3 3 2 3 1 4 1 2 2 3 2 2 2 3 2 3 2 3 4 2 3 2 4 2 2 2 3 3 2 3 1 1 2 3 3 1 3 3 1 2 1 3 1 4 3 2 2 3 4 3 4 3 1 1 1 4 2 3 3 1 3 4 2 3 1 4 2 1 3 4 1 1 2 4 3 1 4 3 1 3 1 4 3 2 1 2 1 4 1 2 4 3 2 4 1 3 4 3 3 1 3 3 3 2 4 1 1 4 3 1 3 2 1 1 3 4 1 3 1 4 1 1 1 2 4 1 3 4 1 4 3 1 3 1 1 2 4 3 1 2 3 1 2 2 4 4 2 1 4 4 2 1 1 1 3 1 2 1 1 4 2 1 4 2 1 3 3 3 1 2 4
434 0.041667 4 3 4 3 3 1 2 1 2 4 4 2 3 3 2 3 3 3 1 2 2 3 1 2 1 3 2 4 1 1 3 2 2 3 3 2 3 1 2 1 4 4 3 2 2 2 3 2 3 2 3 4 2 3 2 4 2 2 2 3 3 2 3 1 1 2 3 3 1 3 3 1 2 1 3 1 4 3 2 2 3 4 3 4 3 1 3 1 4 2 3 3 2 3 4 2 1 1 4 2 3 3 4 1 1 2 4 3 1 4 3 1 3 1 4 3 2 1 2 1 4 1 2 4 3 2 4 1 3 4 3 3 3 3 3 3 2 4 1 1 4 3 1 3 2 1 1 3 4 1 3 1 4 1 1 1 2 4 1 3 4 1 4 3 1 3 1 1 2 4 3 1 2 3 1 2 2 4 4 2 1 4 4 2 1 1 1 3 1 2 1 1 4 2 1 4 2 1 3 3 3 1 2 4
